{
    "num_robots": 6,
    "num_tasks": 50,
    "num_nodes": 51,
    "robot_capacity": [
        119,
        128,
        115,
        112,
        115,
        125
    ],
    "robot_speed": [
        1.19,
        1.16,
        0.96,
        0.83,
        1.02,
        0.85
    ],
    "task_demand": {
        "0": 0,
        "1": 5,
        "2": 6,
        "3": 14,
        "4": 15,
        "5": 9,
        "6": 10,
        "7": 9,
        "8": 11,
        "9": 5,
        "10": 14,
        "11": 14,
        "12": 13,
        "13": 9,
        "14": 8,
        "15": 15,
        "16": 6,
        "17": 13,
        "18": 7,
        "19": 13,
        "20": 6,
        "21": 8,
        "22": 14,
        "23": 13,
        "24": 15,
        "25": 10,
        "26": 9,
        "27": 11,
        "28": 6,
        "29": 11,
        "30": 9,
        "31": 8,
        "32": 8,
        "33": 15,
        "34": 12,
        "35": 10,
        "36": 5,
        "37": 5,
        "38": 12,
        "39": 5,
        "40": 5,
        "41": 11,
        "42": 11,
        "43": 13,
        "44": 15,
        "45": 12,
        "46": 14,
        "47": 14,
        "48": 14,
        "49": 15,
        "50": 9
    },
    "task_service_time": {
        "0": 0,
        "1": 58,
        "2": 20,
        "3": 74,
        "4": 26,
        "5": 16,
        "6": 37,
        "7": 58,
        "8": 21,
        "9": 43,
        "10": 72,
        "11": 37,
        "12": 27,
        "13": 13,
        "14": 44,
        "15": 64,
        "16": 83,
        "17": 34,
        "18": 65,
        "19": 40,
        "20": 43,
        "21": 40,
        "22": 55,
        "23": 56,
        "24": 50,
        "25": 80,
        "26": 46,
        "27": 23,
        "28": 89,
        "29": 20,
        "30": 22,
        "31": 93,
        "32": 34,
        "33": 92,
        "34": 27,
        "35": 41,
        "36": 72,
        "37": 17,
        "38": 20,
        "39": 33,
        "40": 30,
        "41": 75,
        "42": 94,
        "43": 80,
        "44": 55,
        "45": 53,
        "46": 35,
        "47": 44,
        "48": 16,
        "49": 46,
        "50": 67
    },
    "task_precedence": [],
    "coordinates": {
        "0": [
            50.0,
            50.0
        ],
        "1": [
            31.049911422676967,
            54.89922186784756
        ],
        "2": [
            4.501013462947023,
            56.99583509370989
        ],
        "3": [
            81.97482476087401,
            79.19818453329674
        ],
        "4": [
            80.64264623755848,
            48.615501401164494
        ],
        "5": [
            2.535589441441255,
            13.996558820486193
        ],
        "6": [
            12.78294051189236,
            37.05724058404064
        ],
        "7": [
            47.77611992599069,
            12.537267945190811
        ],
        "8": [
            95.83421458138167,
            91.41442451457952
        ],
        "9": [
            84.22716357778633,
            30.114184098092768
        ],
        "10": [
            34.83123212438499,
            92.5825539166648
        ],
        "11": [
            79.166771622849,
            45.464818365977635
        ],
        "12": [
            37.74147341827576,
            36.92271823399311
        ],
        "13": [
            63.652238430901534,
            72.5128073739221
        ],
        "14": [
            34.828822248940405,
            80.77484530968044
        ],
        "15": [
            10.217677726316321,
            48.11332158099522
        ],
        "16": [
            57.584641051652405,
            89.57347391405723
        ],
        "17": [
            70.1868083753488,
            81.81238353910491
        ],
        "18": [
            30.670570096439288,
            8.160396493091648
        ],
        "19": [
            1.5872726441109042,
            87.80374922581767
        ],
        "20": [
            98.95033552864254,
            91.54587072731788
        ],
        "21": [
            60.58572667710151,
            65.83999223108225
        ],
        "22": [
            49.62626255146475,
            71.16905325023099
        ],
        "23": [
            31.8612061709164,
            52.07634392218573
        ],
        "24": [
            69.37502760433283,
            27.447042612348017
        ],
        "25": [
            13.44942589614796,
            15.784206854051398
        ],
        "26": [
            35.380911947645075,
            78.18732935151942
        ],
        "27": [
            70.71074440296267,
            60.07644698540155
        ],
        "28": [
            18.152595954053762,
            11.774591166687898
        ],
        "29": [
            17.82962171909228,
            0.8376581818992146
        ],
        "30": [
            49.271497696818024,
            12.161968380223499
        ],
        "31": [
            83.02468487458151,
            17.388932335608963
        ],
        "32": [
            11.786083100898825,
            79.45857179290748
        ],
        "33": [
            53.529829748921266,
            27.126386886615638
        ],
        "34": [
            47.69224305312124,
            28.10853334569573
        ],
        "35": [
            90.48342728212313,
            15.871888969329062
        ],
        "36": [
            58.37700168200028,
            38.899397278973865
        ],
        "37": [
            45.69915117445908,
            21.946967467447685
        ],
        "38": [
            77.2596962946041,
            20.250689911800112
        ],
        "39": [
            30.479164199307572,
            30.765800389286746
        ],
        "40": [
            21.399555347308418,
            9.01518754476285
        ],
        "41": [
            85.80525866180344,
            80.12197518677938
        ],
        "42": [
            3.6986399630964395,
            98.3482081022216
        ],
        "43": [
            24.353114408395903,
            79.05391374354424
        ],
        "44": [
            80.20754358430663,
            51.352715135091096
        ],
        "45": [
            10.910155979122205,
            68.84789991077844
        ],
        "46": [
            42.11750615364753,
            76.5353017983592
        ],
        "47": [
            65.92682544920746,
            71.33616777669116
        ],
        "48": [
            60.95103115094557,
            55.07031550168702
        ],
        "49": [
            78.96100395875123,
            82.81551953669123
        ],
        "50": [
            96.45490591507175,
            50.21980562250526
        ]
    },
    "distance_matrix_str_keys": {
        "0,0": 0.0,
        "0,1": 19.57315079384984,
        "0,2": 46.03367772139558,
        "0,3": 43.300385662590244,
        "0,4": 30.673907556917726,
        "0,5": 59.574474789444295,
        "0,6": 39.40335694126514,
        "0,7": 37.52868150620274,
        "0,8": 61.773212512916515,
        "0,9": 39.58464854795467,
        "0,10": 45.2035996014693,
        "0,11": 29.517256636635512,
        "0,12": 17.92447411620146,
        "0,13": 26.328883569751035,
        "0,14": 34.31116054855921,
        "0,15": 39.82703505087928,
        "0,16": 40.29375407565023,
        "0,17": 37.67671666722256,
        "0,18": 46.088819490327204,
        "0,19": 61.42406389652318,
        "0,20": 64.20432012612306,
        "0,21": 19.051586893564657,
        "0,22": 21.172352141213615,
        "0,23": 18.257246387590843,
        "0,24": 29.7326013257822,
        "0,25": 50.06660531659325,
        "0,26": 31.752846666929486,
        "0,27": 23.031928220938383,
        "0,28": 49.75378402633922,
        "0,29": 58.75260923377345,
        "0,30": 37.84504396172566,
        "0,31": 46.41240723423968,
        "0,32": 48.25050151914791,
        "0,33": 23.144370264000674,
        "0,34": 22.012770257338875,
        "0,35": 52.949370600874516,
        "0,36": 13.90674433324667,
        "0,37": 28.380802224260595,
        "0,38": 40.349875994827094,
        "0,39": 27.40469786409544,
        "0,40": 49.977397754611395,
        "0,41": 46.79048981354654,
        "0,42": 66.94299939472907,
        "0,43": 38.75425969317617,
        "0,44": 30.237816184944464,
        "0,45": 43.39653484580626,
        "0,46": 27.681328558575174,
        "0,47": 26.62509763896907,
        "0,48": 12.067857413626825,
        "0,49": 43.76754588461373,
        "0,50": 46.45542592733224,
        "1,0": 19.57315079384984,
        "1,1": 0.0,
        "1,2": 26.63155590450948,
        "1,3": 56.425051042243396,
        "1,4": 49.98924373625363,
        "1,5": 49.86075011886166,
        "1,6": 25.534653363364214,
        "1,7": 45.54449682499102,
        "1,8": 74.36643033043107,
        "1,9": 58.66956829580608,
        "1,10": 37.87257451706423,
        "1,11": 49.03305216850155,
        "1,12": 19.181545423633736,
        "1,13": 37.05604027322682,
        "1,14": 26.150106224189276,
        "1,15": 21.909596150611417,
        "1,16": 43.662290726059055,
        "1,17": 47.49752598006858,
        "1,18": 46.740364753109475,
        "1,19": 44.16735224628785,
        "1,20": 77.1585670317905,
        "1,21": 31.497060797549544,
        "1,22": 24.69389063050219,
        "1,23": 2.937148117583592,
        "1,24": 47.14272665230024,
        "1,25": 42.89244094591792,
        "1,26": 23.68741260075333,
        "1,27": 39.99731656758926,
        "1,28": 45.01193752115754,
        "1,29": 55.65454813415123,
        "1,30": 46.459649611371375,
        "1,31": 64.09679318163406,
        "1,32": 31.213086203585867,
        "1,33": 35.73061839444363,
        "1,34": 31.538994809420345,
        "1,35": 71.10186720886324,
        "1,36": 31.666453052338056,
        "1,37": 36.06177055239892,
        "1,38": 57.75694750087669,
        "1,39": 24.14016952415298,
        "1,40": 46.88788732864191,
        "1,41": 60.285448793759514,
        "1,42": 51.34107960737181,
        "1,43": 25.06583790461295,
        "1,44": 49.28539854504145,
        "1,45": 24.498476860236345,
        "1,46": 24.302502091111855,
        "1,47": 38.556093199703845,
        "1,48": 29.901609221508366,
        "1,49": 55.45081120719297,
        "1,50": 65.57217581373493,
        "2,0": 46.03367772139558,
        "2,1": 26.63155590450948,
        "2,2": 0.0,
        "2,3": 80.59240508673457,
        "2,4": 76.6014244931659,
        "2,5": 43.04417093643843,
        "2,6": 21.5902261837403,
        "2,7": 62.042719414022656,
        "2,8": 97.60324238601312,
        "2,9": 84.13609316092621,
        "2,10": 46.758279701403616,
        "2,11": 75.5509085873109,
        "2,12": 38.831149847843285,
        "2,13": 61.15262744931275,
        "2,14": 38.538517260151686,
        "2,15": 10.56311017663086,
        "2,16": 62.283015895871365,
        "2,17": 70.21741044795617,
        "2,18": 55.405286369698636,
        "2,19": 30.94539479035092,
        "2,20": 100.57027095992662,
        "2,21": 56.77776124315302,
        "2,22": 47.29871264858177,
        "2,23": 27.798948512559335,
        "2,24": 71.28652641224225,
        "2,25": 42.17193838606998,
        "2,26": 37.451936656253594,
        "2,27": 66.28135967809122,
        "2,28": 47.23691995482682,
        "2,29": 57.71821750629527,
        "2,30": 63.359860029974456,
        "2,31": 87.94699379769615,
        "2,32": 23.61454593354031,
        "2,33": 57.41087669248833,
        "2,34": 51.96112504355504,
        "2,35": 95.31083060708801,
        "2,36": 56.833996587976934,
        "2,37": 54.08982966122156,
        "2,38": 81.51092946247942,
        "2,39": 36.917191608738506,
        "2,40": 50.86947274184975,
        "2,41": 84.5292768392114,
        "2,42": 41.360156632541305,
        "2,43": 29.675996119263974,
        "2,44": 75.91655620405665,
        "2,45": 13.473995258298052,
        "2,46": 42.38857489290745,
        "2,47": 63.077535776455285,
        "2,48": 56.48284803968912,
        "2,49": 78.80955709411381,
        "2,50": 92.20321530451936,
        "3,0": 43.300385662590244,
        "3,1": 56.425051042243396,
        "3,2": 80.59240508673457,
        "3,3": 0.0,
        "3,4": 30.611684161090995,
        "3,5": 102.7708329426674,
        "3,6": 81.01466535670453,
        "3,7": 74.92148698971403,
        "3,8": 18.47482626378617,
        "3,9": 49.135650284383885,
        "3,10": 49.006730868990466,
        "3,11": 33.850039223085126,
        "3,12": 61.186635974053154,
        "3,13": 19.504138985927643,
        "3,14": 47.172358559425845,
        "3,15": 78.2007471530963,
        "3,16": 26.50523893693661,
        "3,17": 12.07440958173025,
        "3,18": 87.62701567620728,
        "3,19": 80.84685695190919,
        "3,20": 20.991267712376146,
        "3,21": 25.21774808384331,
        "3,22": 33.33011290375006,
        "3,23": 56.982181480830086,
        "3,24": 53.26289119554213,
        "3,25": 93.36521222957523,
        "3,26": 46.604876777493,
        "3,27": 22.192799579144328,
        "3,28": 92.83974274165098,
        "3,29": 101.26687100596854,
        "3,30": 74.58794726482405,
        "3,31": 61.818167746187086,
        "3,32": 70.1892246526182,
        "3,33": 59.33455866008376,
        "3,34": 61.52599342570168,
        "3,35": 63.89535215271608,
        "3,36": 46.69956646727036,
        "3,37": 67.7762963702583,
        "3,38": 59.13577224155277,
        "3,39": 70.69299039186997,
        "3,40": 92.70931091761287,
        "3,41": 3.9402554537556655,
        "3,42": 80.58464189401231,
        "3,43": 57.62189096173137,
        "3,44": 27.901495457474255,
        "3,45": 71.81445217243692,
        "3,46": 39.9461736718048,
        "3,47": 17.87035504371408,
        "3,48": 32.00240556207267,
        "3,49": 4.708314810427505,
        "3,50": 32.39474022938842,
        "4,0": 30.673907556917726,
        "4,1": 49.98924373625363,
        "4,2": 76.6014244931659,
        "4,3": 30.611684161090995,
        "4,4": 0.0,
        "4,5": 85.4352591542636,
        "4,6": 68.83700352492592,
        "4,7": 48.80417483261772,
        "4,8": 45.41510286692151,
        "4,9": 18.845357691254772,
        "4,10": 63.49635713920472,
        "4,11": 3.479225411863701,
        "4,12": 44.46607479263769,
        "4,13": 29.321582327563867,
        "4,14": 55.974367965045204,
        "4,15": 70.42675893707757,
        "4,16": 47.002416060455324,
        "4,17": 34.80456190043376,
        "4,18": 64.2948202188714,
        "4,19": 88.23531527436167,
        "4,20": 46.671062744047354,
        "4,21": 26.437910405411433,
        "4,22": 38.349429695518445,
        "4,23": 48.90405224447869,
        "4,24": 23.980468660091603,
        "4,25": 74.78517741831361,
        "4,26": 54.06586353010665,
        "4,27": 15.165617288356266,
        "4,28": 72.54142989588577,
        "4,29": 78.91893531873151,
        "4,30": 48.09375250980149,
        "4,31": 31.31729112924967,
        "4,32": 75.44879905063307,
        "4,33": 34.596052673186755,
        "4,34": 38.810627524493704,
        "4,35": 34.19042448776135,
        "4,36": 24.29324199829468,
        "4,37": 43.95746295452749,
        "4,38": 28.565834158023684,
        "4,39": 53.24459368250781,
        "4,40": 71.25958655336099,
        "4,41": 31.926641812859152,
        "4,42": 91.61725938587021,
        "4,43": 63.99225218314357,
        "4,44": 2.771579575632496,
        "4,45": 72.60833386805359,
        "4,46": 47.578374002314916,
        "4,47": 27.069984522028307,
        "4,48": 20.7225560631797,
        "4,49": 34.24133702448299,
        "4,50": 15.893437266485932,
        "5,0": 59.574474789444295,
        "5,1": 49.86075011886166,
        "5,2": 43.04417093643843,
        "5,3": 102.7708329426674,
        "5,4": 85.4352591542636,
        "5,5": 0.0,
        "5,6": 25.234960815523532,
        "5,7": 45.26406000771657,
        "5,8": 121.23596570998144,
        "5,9": 83.26638655221748,
        "5,10": 84.96332833382286,
        "5,11": 82.8407474697236,
        "5,12": 42.01265347539791,
        "5,13": 84.61321485718638,
        "5,14": 74.17676476897763,
        "5,15": 34.97095911858109,
        "5,16": 93.5000972098133,
        "5,17": 95.7897359089684,
        "5,18": 28.733915973441782,
        "5,19": 73.81328241093844,
        "5,20": 123.73236860370272,
        "5,21": 77.83032841301582,
        "5,22": 74.0690597569207,
        "5,23": 48.06310258353793,
        "5,24": 68.17936644004654,
        "5,25": 11.059272654745183,
        "5,26": 72.10596530041258,
        "5,27": 82.28734925441799,
        "5,28": 15.774283903540832,
        "5,29": 20.17582933428106,
        "5,30": 46.77190227624378,
        "5,31": 80.56055288856491,
        "5,32": 66.11237989473014,
        "5,33": 52.65742995611483,
        "5,34": 47.31037085465949,
        "5,35": 87.96782959706368,
        "5,36": 61.14257669013948,
        "5,37": 43.88965776961266,
        "5,38": 74.98537391191857,
        "5,39": 32.58912139106012,
        "5,40": 19.510593775800885,
        "5,41": 106.33159691119177,
        "5,42": 84.35966703979346,
        "5,43": 68.6182470285305,
        "5,44": 86.18825253462666,
        "5,45": 55.48696228933089,
        "5,46": 74.0123131908772,
        "5,47": 85.47677788641084,
        "5,48": 71.41020457905849,
        "5,49": 102.84402431936056,
        "5,50": 100.66261280015507,
        "6,0": 39.40335694126514,
        "6,1": 25.534653363364214,
        "6,2": 21.5902261837403,
        "6,3": 81.01466535670453,
        "6,4": 68.83700352492592,
        "6,5": 25.234960815523532,
        "6,6": 0.0,
        "6,7": 42.72881537928731,
        "6,8": 99.25833753102991,
        "6,9": 71.78079856658239,
        "6,10": 59.74267807619277,
        "6,11": 66.9141270370266,
        "6,12": 24.958895430320737,
        "6,13": 62.00631167199558,
        "6,14": 48.96171835741871,
        "6,15": 11.349779741047024,
        "6,16": 69.03004515735942,
        "6,17": 72.78891994399564,
        "6,18": 33.98521576466114,
        "6,19": 51.96682709513469,
        "6,20": 101.95013868977091,
        "6,21": 55.79922183625851,
        "6,22": 50.210020337427714,
        "6,23": 24.280726629122466,
        "6,24": 57.40226673689369,
        "6,25": 21.283471682145432,
        "6,26": 46.929228792212,
        "6,27": 62.33389388599717,
        "6,28": 25.846577358101026,
        "6,29": 36.569483734291595,
        "6,30": 44.172269395399425,
        "6,31": 72.94343699380155,
        "6,32": 42.41304767382176,
        "6,33": 41.9396094122771,
        "6,34": 36.038018329989455,
        "6,35": 80.53685347323776,
        "6,36": 45.63126072411577,
        "6,37": 36.218742082525495,
        "6,38": 66.631165243916,
        "6,39": 18.781335216623983,
        "6,40": 29.33603227908609,
        "6,41": 84.77517510681506,
        "6,42": 61.96052949883149,
        "6,43": 43.561330104365524,
        "6,44": 68.9234190396294,
        "6,45": 31.845774324624045,
        "6,46": 49.183676749831605,
        "6,47": 63.24015619611973,
        "6,48": 51.42602282697726,
        "6,49": 80.45716981279583,
        "6,50": 84.7009498932725,
        "7,0": 37.52868150620274,
        "7,1": 45.54449682499102,
        "7,2": 62.042719414022656,
        "7,3": 74.92148698971403,
        "7,4": 48.80417483261772,
        "7,5": 45.26406000771657,
        "7,6": 42.72881537928731,
        "7,7": 0.0,
        "7,8": 92.36442112836728,
        "7,9": 40.46759894966907,
        "7,10": 81.08525097976334,
        "7,11": 45.49281911100841,
        "7,12": 26.36938217559227,
        "7,13": 62.04124812211045,
        "7,14": 69.45501768564212,
        "7,15": 51.7328925613474,
        "7,16": 77.65812331462925,
        "7,17": 72.80989354012513,
        "7,18": 17.656637241543663,
        "7,19": 88.30884903335433,
        "7,20": 94.13373282798591,
        "7,21": 54.820310482665676,
        "7,22": 58.66096892986785,
        "7,23": 42.621860693147,
        "7,24": 26.245269926654398,
        "7,25": 34.479914954888066,
        "7,26": 66.80996739619891,
        "7,27": 52.78229384667679,
        "7,28": 29.633340148967168,
        "7,29": 32.150795067448605,
        "7,30": 1.541753690103959,
        "7,31": 35.58089344426692,
        "7,32": 75.985154203633,
        "7,33": 15.682715587981836,
        "7,34": 15.571491306318864,
        "7,35": 42.83729448723143,
        "7,36": 28.413738877803492,
        "7,37": 9.636194492329428,
        "7,38": 30.47586182405396,
        "7,39": 25.128948893184806,
        "7,40": 26.610678482903722,
        "7,41": 77.54939100933629,
        "7,42": 96.4693821402048,
        "7,43": 70.52021948165566,
        "7,44": 50.580986359076796,
        "7,45": 67.30517491319421,
        "7,46": 64.24771005176635,
        "7,47": 61.53664544306378,
        "7,48": 44.526828095302385,
        "7,49": 76.88647240506587,
        "7,50": 61.559709641720836,
        "8,0": 61.773212512916515,
        "8,1": 74.36643033043107,
        "8,2": 97.60324238601312,
        "8,3": 18.47482626378617,
        "8,4": 45.41510286692151,
        "8,5": 121.23596570998144,
        "8,6": 99.25833753102991,
        "8,7": 92.36442112836728,
        "8,8": 0.0,
        "8,9": 62.38944708938476,
        "8,10": 61.01416552693859,
        "8,11": 48.87913624428702,
        "8,12": 79.64993803646881,
        "8,13": 37.32225501603657,
        "8,14": 61.92623466102557,
        "8,15": 95.94361311895453,
        "8,16": 38.29385034597239,
        "8,17": 27.38592039702056,
        "8,18": 105.72385607970723,
        "8,19": 94.31608049833369,
        "8,20": 3.118892089316529,
        "8,21": 43.54890912711101,
        "8,22": 50.44848747415936,
        "8,23": 75.10013575073702,
        "8,24": 69.22365580430122,
        "8,25": 111.83551864273477,
        "8,26": 61.88342141299875,
        "8,27": 40.16537799430216,
        "8,28": 111.25168281083019,
        "8,29": 119.53604940308384,
        "8,30": 91.9186510290488,
        "8,31": 75.12561176887831,
        "8,32": 84.89423313548951,
        "8,33": 76.95851322698098,
        "8,34": 79.53166211839407,
        "8,35": 75.73180046273386,
        "8,36": 64.50481287273057,
        "8,37": 85.66943545635897,
        "8,38": 73.54787455936888,
        "8,39": 89.16018292228033,
        "8,40": 111.04122094294807,
        "8,41": 15.102958937167816,
        "8,42": 92.39611174222571,
        "8,43": 72.5419182849565,
        "8,44": 43.00155119129329,
        "8,45": 87.8711770842633,
        "8,46": 55.73933132999128,
        "8,47": 36.02205322210065,
        "8,48": 50.375894495110124,
        "8,49": 18.937961968870905,
        "8,50": 41.19929469535807,
        "9,0": 39.58464854795467,
        "9,1": 58.66956829580608,
        "9,2": 84.13609316092621,
        "9,3": 49.135650284383885,
        "9,4": 18.845357691254772,
        "9,5": 83.26638655221748,
        "9,6": 71.78079856658239,
        "9,7": 40.46759894966907,
        "9,8": 62.38944708938476,
        "9,9": 0.0,
        "9,10": 79.63827768064178,
        "9,11": 16.163215619546616,
        "9,12": 46.981650957429515,
        "9,13": 47.127176877950255,
        "9,14": 70.75802937078188,
        "9,15": 76.16674435819981,
        "9,16": 65.15543839139147,
        "9,17": 53.57084467929625,
        "9,18": 57.88158166059186,
        "9,19": 100.78411332226811,
        "9,20": 63.17138525001486,
        "9,21": 42.839828495037644,
        "9,22": 53.691010727425244,
        "9,23": 56.78494482939222,
        "9,24": 15.089717912503609,
        "9,25": 72.21382415538977,
        "9,26": 68.53454306313084,
        "9,27": 32.8699069764084,
        "9,28": 68.5725102030897,
        "9,29": 72.56547756749472,
        "9,30": 39.296063751510836,
        "9,31": 12.781939893860333,
        "9,32": 87.65032080737112,
        "9,33": 30.84239349301046,
        "9,34": 36.58993102868855,
        "9,35": 15.55582868486949,
        "9,36": 27.302213109414335,
        "9,37": 39.38414867992989,
        "9,38": 12.076179772810761,
        "9,39": 53.751949183075226,
        "9,40": 66.275757343993,
        "9,41": 50.03268485364266,
        "9,42": 105.54963357282534,
        "9,43": 77.33045261543776,
        "9,44": 21.615562576567907,
        "9,45": 82.91974640506608,
        "9,46": 62.6749026079843,
        "9,47": 45.10159990531322,
        "9,48": 34.12604335965849,
        "9,49": 52.96379134979699,
        "9,50": 23.531971858515412,
        "10,0": 45.2035996014693,
        "10,1": 37.87257451706423,
        "10,2": 46.758279701403616,
        "10,3": 49.006730868990466,
        "10,4": 63.49635713920472,
        "10,5": 84.96332833382286,
        "10,6": 59.74267807619277,
        "10,7": 81.08525097976334,
        "10,8": 61.01416552693859,
        "10,9": 79.63827768064178,
        "10,10": 0.0,
        "10,11": 64.69714882469205,
        "10,12": 55.73586648299891,
        "10,13": 35.12043750880959,
        "10,14": 11.807708852904202,
        "10,15": 50.82656475338902,
        "10,16": 22.951518038542577,
        "10,17": 36.95961771987618,
        "10,18": 84.52462228582483,
        "10,19": 33.58567873661879,
        "10,20": 64.12748344821388,
        "10,21": 37.12759883392802,
        "10,22": 26.027503455567487,
        "10,23": 40.61494924631956,
        "10,24": 73.7286147912413,
        "10,25": 79.71930600006185,
        "10,26": 14.405715469530291,
        "10,27": 48.41473318294058,
        "10,28": 82.51123407333051,
        "10,29": 93.30691640900136,
        "10,30": 81.70674297649165,
        "10,31": 89.31231502128054,
        "10,32": 26.52013952262294,
        "10,33": 68.07457201767787,
        "10,34": 65.7442387642812,
        "10,35": 94.77179402405221,
        "10,36": 58.619830865050986,
        "10,37": 71.46675966842061,
        "10,38": 83.85745716548891,
        "10,39": 61.969762883918605,
        "10,40": 84.63991176377459,
        "10,41": 52.4749216647449,
        "10,42": 31.661981347801877,
        "10,43": 17.111839638212366,
        "10,44": 61.30994411726679,
        "10,45": 33.69794778212166,
        "10,46": 17.623963509323595,
        "10,47": 37.66091937581461,
        "10,48": 45.71008567143634,
        "10,49": 45.197695989207354,
        "10,50": 74.78020870855666,
        "11,0": 29.517256636635512,
        "11,1": 49.03305216850155,
        "11,2": 75.5509085873109,
        "11,3": 33.850039223085126,
        "11,4": 3.479225411863701,
        "11,5": 82.8407474697236,
        "11,6": 66.9141270370266,
        "11,7": 45.49281911100841,
        "11,8": 48.87913624428702,
        "11,9": 16.163215619546616,
        "11,10": 64.69714882469205,
        "11,11": 0.0,
        "11,12": 42.296841560602,
        "11,13": 31.18163641533145,
        "11,14": 56.68025897478151,
        "11,15": 68.99994288717085,
        "11,16": 49.10561937549827,
        "11,17": 37.440422459438,
        "11,18": 61.18416015408234,
        "11,19": 88.38078822994474,
        "11,20": 50.148307923031645,
        "11,21": 27.575404644522088,
        "11,22": 39.158005148135445,
        "11,23": 47.765351384737784,
        "11,24": 20.50654758930012,
        "11,25": 72.10900241360048,
        "11,26": 54.66227430957801,
        "11,27": 16.88206406975837,
        "11,28": 69.69764014141631,
        "11,29": 75.85400045094073,
        "11,30": 44.75273422134196,
        "11,31": 28.339704851112053,
        "11,32": 75.47007657173121,
        "11,33": 31.520641772819353,
        "11,34": 35.94282373982143,
        "11,35": 31.6829317706807,
        "11,36": 21.801818461841453,
        "11,37": 40.904412101422174,
        "11,38": 25.28614660266299,
        "11,39": 50.858079457525406,
        "11,40": 68.30539410052424,
        "11,41": 35.28722189501479,
        "11,42": 92.15254639026108,
        "11,43": 64.28657982430572,
        "11,44": 5.97917508018398,
        "11,45": 72.15077325757676,
        "11,46": 48.35310757882332,
        "11,47": 29.06239658067022,
        "11,48": 20.593173047489834,
        "11,49": 37.351267960747116,
        "11,50": 17.930128028423788,
        "12,0": 17.92447411620146,
        "12,1": 19.181545423633736,
        "12,2": 38.831149847843285,
        "12,3": 61.186635974053154,
        "12,4": 44.46607479263769,
        "12,5": 42.01265347539791,
        "12,6": 24.958895430320737,
        "12,7": 26.36938217559227,
        "12,8": 79.64993803646881,
        "12,9": 46.981650957429515,
        "12,10": 55.73586648299891,
        "12,11": 42.296841560602,
        "12,12": 0.0,
        "12,13": 44.02297341761008,
        "12,14": 43.948749537347034,
        "12,15": 29.711764211548594,
        "12,16": 56.26591664061016,
        "12,17": 55.38756008059594,
        "12,18": 29.618724241835448,
        "12,19": 62.417990582921156,
        "12,20": 82.03787898985996,
        "12,21": 36.85198288255462,
        "12,22": 36.24996103149309,
        "12,23": 16.25453519477621,
        "12,24": 33.02226792527806,
        "12,25": 32.2015564247637,
        "12,26": 41.33207448383522,
        "12,27": 40.28731790967868,
        "12,28": 31.877145658004473,
        "12,29": 41.21423779537235,
        "12,30": 27.31366312278025,
        "12,31": 49.31671148120495,
        "12,32": 49.82952061291371,
        "12,33": 18.580643247504767,
        "12,34": 13.293143780567963,
        "12,35": 56.78777254045311,
        "12,36": 20.729985209108072,
        "12,37": 16.958707093789336,
        "12,38": 42.89110009872871,
        "12,39": 9.520964895344063,
        "12,40": 32.340200299449876,
        "12,41": 64.6243240058169,
        "12,42": 70.22823730671958,
        "12,43": 44.2073047362249,
        "12,44": 44.85077397227338,
        "12,45": 41.70295937480187,
        "12,46": 39.85356243982377,
        "12,47": 44.48257612296493,
        "12,48": 29.462159743245987,
        "12,49": 61.68629433987845,
        "12,50": 60.20032963841268,
        "13,0": 26.328883569751035,
        "13,1": 37.05604027322682,
        "13,2": 61.15262744931275,
        "13,3": 19.504138985927643,
        "13,4": 29.321582327563867,
        "13,5": 84.61321485718638,
        "13,6": 62.00631167199558,
        "13,7": 62.04124812211045,
        "13,8": 37.32225501603657,
        "13,9": 47.127176877950255,
        "13,10": 35.12043750880959,
        "13,11": 31.18163641533145,
        "13,12": 44.02297341761008,
        "13,13": 0.0,
        "13,14": 29.984172345596747,
        "13,15": 58.74169885738105,
        "13,16": 18.10751448295313,
        "13,17": 11.36585769798786,
        "13,18": 72.31198539868542,
        "13,19": 63.92083291723868,
        "13,20": 40.10253307879602,
        "13,21": 7.343701809489987,
        "13,22": 14.090197816761814,
        "13,23": 37.79310480192878,
        "13,24": 45.42767294798486,
        "13,25": 75.75260063748759,
        "13,26": 28.835188586120136,
        "13,27": 14.299844973662678,
        "13,28": 75.89037075649122,
        "13,29": 85.07078942866417,
        "13,30": 62.04054699391568,
        "13,31": 58.428873688038955,
        "13,32": 52.32916693470298,
        "13,33": 46.50150881611931,
        "13,34": 47.18538973488072,
        "13,35": 62.67460676291224,
        "13,36": 34.02483594329481,
        "13,37": 53.65834052115885,
        "13,38": 54.00455379999984,
        "13,39": 53.322279078730645,
        "13,40": 76.27081323632909,
        "13,41": 23.42340154962494,
        "13,42": 65.28324363901214,
        "13,43": 39.83976934515297,
        "13,44": 26.86685006245052,
        "13,45": 52.869261466978095,
        "13,46": 21.907194152780793,
        "13,47": 2.5609035213411744,
        "13,48": 17.650411991856565,
        "13,49": 18.452755346981387,
        "13,50": 39.66097478839511,
        "14,0": 34.31116054855921,
        "14,1": 26.150106224189276,
        "14,2": 38.538517260151686,
        "14,3": 47.172358559425845,
        "14,4": 55.974367965045204,
        "14,5": 74.17676476897763,
        "14,6": 48.96171835741871,
        "14,7": 69.45501768564212,
        "14,8": 61.92623466102557,
        "14,9": 70.75802937078188,
        "14,10": 11.807708852904202,
        "14,11": 56.68025897478151,
        "14,12": 43.948749537347034,
        "14,13": 29.984172345596747,
        "14,14": 0.0,
        "14,15": 40.89600918173994,
        "14,16": 24.397605511599256,
        "14,17": 35.37320551622098,
        "14,18": 72.73341211507112,
        "14,19": 33.97655236177781,
        "14,20": 65.01986968478488,
        "14,21": 29.773611843388085,
        "14,22": 17.641867265007804,
        "14,23": 28.851529024898884,
        "14,24": 63.539710771946076,
        "14,25": 68.41682304287508,
        "14,26": 2.6457592235790766,
        "14,27": 41.42385822998415,
        "14,28": 70.98684100053916,
        "14,29": 81.72470070031399,
        "14,30": 70.11645851459936,
        "14,31": 79.6279796163775,
        "14,32": 23.080303364896352,
        "14,33": 56.81447678792487,
        "14,34": 54.21446311339061,
        "14,35": 85.49753682485317,
        "14,36": 48.04237611092931,
        "14,37": 59.82376837319451,
        "14,38": 73.91584714325977,
        "14,39": 50.197849545560125,
        "14,40": 73.00543604453964,
        "14,41": 50.98061699069603,
        "14,42": 35.7478856575902,
        "14,43": 10.616122654517964,
        "14,44": 54.08225304148583,
        "14,45": 26.727413318077165,
        "14,46": 8.432001082016226,
        "14,47": 32.49883746560139,
        "14,48": 36.64822847792264,
        "14,49": 44.179336954831584,
        "14,50": 68.7850611565467,
        "15,0": 39.82703505087928,
        "15,1": 21.909596150611417,
        "15,2": 10.56311017663086,
        "15,3": 78.2007471530963,
        "15,4": 70.42675893707757,
        "15,5": 34.97095911858109,
        "15,6": 11.349779741047024,
        "15,7": 51.7328925613474,
        "15,8": 95.94361311895453,
        "15,9": 76.16674435819981,
        "15,10": 50.82656475338902,
        "15,11": 68.99994288717085,
        "15,12": 29.711764211548594,
        "15,13": 58.74169885738105,
        "15,14": 40.89600918173994,
        "15,15": 0.0,
        "15,16": 62.94897494117312,
        "15,17": 68.78897737034069,
        "15,18": 44.883817009958825,
        "15,19": 40.61790170001207,
        "15,20": 98.7920588205978,
        "15,21": 53.39639695190444,
        "15,22": 45.65745635408,
        "15,23": 22.003360416286142,
        "15,24": 62.663283755322055,
        "15,25": 32.490242462331764,
        "15,26": 39.212680345253126,
        "15,27": 61.66463723550746,
        "15,28": 37.19497621191044,
        "15,29": 47.884549086044274,
        "15,30": 53.082018153561165,
        "15,31": 79.0243531095924,
        "15,32": 31.384464409424048,
        "15,33": 48.128930392180905,
        "15,34": 42.47981401527255,
        "15,35": 86.49913599920008,
        "15,36": 49.03281436866432,
        "15,37": 44.08642700023246,
        "15,38": 72.60136704803757,
        "15,39": 26.673288615991506,
        "15,40": 40.665691586963526,
        "15,41": 82.08554255978268,
        "15,42": 50.65611194277329,
        "15,43": 34.01662554637469,
        "15,44": 70.06479139637679,
        "15,45": 20.746138547800285,
        "15,46": 42.72479389264971,
        "15,47": 60.35569339705953,
        "15,48": 51.20813328096312,
        "15,49": 77.00576241071369,
        "15,50": 86.2629514953935,
        "16,0": 40.29375407565023,
        "16,1": 43.662290726059055,
        "16,2": 62.283015895871365,
        "16,3": 26.50523893693661,
        "16,4": 47.002416060455324,
        "16,5": 93.5000972098133,
        "16,6": 69.03004515735942,
        "16,7": 77.65812331462925,
        "16,8": 38.29385034597239,
        "16,9": 65.15543839139147,
        "16,10": 22.951518038542577,
        "16,11": 49.10561937549827,
        "16,12": 56.26591664061016,
        "16,13": 18.10751448295313,
        "16,14": 24.397605511599256,
        "16,15": 62.94897494117312,
        "16,16": 0.0,
        "16,17": 14.800308951593502,
        "16,18": 85.74646576118681,
        "16,19": 56.02532636265577,
        "16,20": 41.41269163858651,
        "16,21": 23.922472023755954,
        "16,22": 20.051396168928576,
        "16,23": 45.47229771730009,
        "16,24": 63.235327795051575,
        "16,25": 85.98123719786506,
        "16,26": 24.95295321446244,
        "16,27": 32.28574277942381,
        "16,28": 87.2212837403691,
        "16,29": 97.23428693513277,
        "16,30": 77.85659600478817,
        "16,31": 76.53629121275266,
        "16,32": 46.90222974751812,
        "16,33": 62.57859196972732,
        "16,34": 62.2559110224367,
        "16,35": 80.71092713383482,
        "16,36": 50.68027109425153,
        "16,37": 68.66301219575345,
        "16,38": 72.06078115477793,
        "16,39": 64.75375927920318,
        "16,40": 88.31193537788627,
        "16,41": 29.761285027533695,
        "16,42": 54.595760580733696,
        "16,43": 34.85678569837601,
        "16,44": 44.414210796116706,
        "16,45": 51.06913916007622,
        "16,46": 20.22933993168452,
        "16,47": 20.05470956336245,
        "16,48": 34.666994717306146,
        "16,49": 22.41916230599509,
        "16,50": 55.31372974726867,
        "17,0": 37.67671666722256,
        "17,1": 47.49752598006858,
        "17,2": 70.21741044795617,
        "17,3": 12.07440958173025,
        "17,4": 34.80456190043376,
        "17,5": 95.7897359089684,
        "17,6": 72.78891994399564,
        "17,7": 72.80989354012513,
        "17,8": 27.38592039702056,
        "17,9": 53.57084467929625,
        "17,10": 36.95961771987618,
        "17,11": 37.440422459438,
        "17,12": 55.38756008059594,
        "17,13": 11.36585769798786,
        "17,14": 35.37320551622098,
        "17,15": 68.78897737034069,
        "17,16": 14.800308951593502,
        "17,17": 0.0,
        "17,18": 83.58318182231196,
        "17,19": 68.86067648036361,
        "17,20": 30.365791067274568,
        "17,21": 18.635934478126313,
        "17,22": 23.15203067150044,
        "17,23": 48.50859549019515,
        "17,24": 54.37140132553786,
        "17,25": 87.05659473551543,
        "17,26": 34.99416299897699,
        "17,27": 21.742250270559616,
        "17,28": 87.25165684791465,
        "17,29": 96.42707680539205,
        "17,30": 72.72297128544736,
        "17,31": 65.69012207309996,
        "17,32": 58.448140623276615,
        "17,33": 57.1665388740418,
        "17,34": 58.224642503257144,
        "17,35": 68.99348928089859,
        "17,36": 44.50838037826647,
        "17,37": 64.68008500783624,
        "17,38": 61.96666737674771,
        "17,39": 64.67186913397819,
        "17,40": 87.63348562427885,
        "17,41": 15.709661668796903,
        "17,42": 68.51357553651835,
        "17,43": 45.9166272527645,
