{
    "num_robots": 3,
    "num_tasks": 50,
    "num_nodes": 51,
    "robot_capacity": [
        214,
        219,
        189
    ],
    "robot_speed": [
        1.0,
        0.93,
        1.06
    ],
    "task_demand": {
        "0": 0,
        "1": 7,
        "2": 13,
        "3": 8,
        "4": 6,
        "5": 15,
        "6": 12,
        "7": 15,
        "8": 10,
        "9": 10,
        "10": 14,
        "11": 12,
        "12": 5,
        "13": 7,
        "14": 12,
        "15": 11,
        "16": 14,
        "17": 11,
        "18": 6,
        "19": 5,
        "20": 8,
        "21": 10,
        "22": 7,
        "23": 9,
        "24": 8,
        "25": 9,
        "26": 5,
        "27": 7,
        "28": 12,
        "29": 5,
        "30": 11,
        "31": 15,
        "32": 14,
        "33": 13,
        "34": 8,
        "35": 12,
        "36": 13,
        "37": 8,
        "38": 9,
        "39": 7,
        "40": 6,
        "41": 6,
        "42": 14,
        "43": 11,
        "44": 7,
        "45": 7,
        "46": 14,
        "47": 11,
        "48": 15,
        "49": 10,
        "50": 8
    },
    "task_service_time": {
        "0": 0,
        "1": 76,
        "2": 81,
        "3": 77,
        "4": 90,
        "5": 59,
        "6": 77,
        "7": 10,
        "8": 100,
        "9": 97,
        "10": 68,
        "11": 64,
        "12": 90,
        "13": 67,
        "14": 47,
        "15": 92,
        "16": 72,
        "17": 64,
        "18": 21,
        "19": 88,
        "20": 94,
        "21": 98,
        "22": 83,
        "23": 21,
        "24": 31,
        "25": 32,
        "26": 52,
        "27": 82,
        "28": 26,
        "29": 93,
        "30": 55,
        "31": 36,
        "32": 90,
        "33": 26,
        "34": 45,
        "35": 33,
        "36": 56,
        "37": 15,
        "38": 27,
        "39": 91,
        "40": 65,
        "41": 39,
        "42": 67,
        "43": 85,
        "44": 84,
        "45": 38,
        "46": 74,
        "47": 71,
        "48": 72,
        "49": 35,
        "50": 36
    },
    "task_precedence": [],
    "coordinates": {
        "0": [
            0,
            100
        ],
        "1": [
            6.904249483830583,
            51.977894274825886
        ],
        "2": [
            8.584944229662883,
            27.276446525407483
        ],
        "3": [
            24.123873524415696,
            76.64945649288802
        ],
        "4": [
            31.406238858587365,
            21.485568792555686
        ],
        "5": [
            12.458758273362204,
            5.702143226411405
        ],
        "6": [
            87.57028333171891,
            55.15664458231242
        ],
        "7": [
            18.44710452912294,
            96.35235462632465
        ],
        "8": [
            68.66118833203865,
            46.63413833452279
        ],
        "9": [
            3.953982771968745,
            51.43420916851379
        ],
        "10": [
            31.904762444615564,
            38.09222528156605
        ],
        "11": [
            74.4057758726046,
            0.41109989095320376
        ],
        "12": [
            74.39872281275535,
            96.71736924470554
        ],
        "13": [
            98.93378797254336,
            28.841793861849386
        ],
        "14": [
            72.85500331234793,
            62.750184206777504
        ],
        "15": [
            9.712949784357738,
            43.99645026343689
        ],
        "16": [
            31.403381701025225,
            68.09705866619821
        ],
        "17": [
            50.89148172959784,
            45.654527670104784
        ],
        "18": [
            63.39642211781557,
            78.32481437920764
        ],
        "19": [
            27.176214568598866,
            93.57827618870282
        ],
        "20": [
            17.239514157379066,
            38.839026091115926
        ],
        "21": [
            20.05444174434138,
            72.3008735974333
        ],
        "22": [
            54.72415217358591,
            60.49845714116314
        ],
        "23": [
            51.711187931479415,
            22.751646515298308
        ],
        "24": [
            31.199355191463052,
            27.90790219121524
        ],
        "25": [
            96.6607807931814,
            72.0514544049039
        ],
        "26": [
            26.270846844049313,
            9.400361589616002
        ],
        "27": [
            23.709606020272645,
            61.04855752806896
        ],
        "28": [
            91.53770059209792,
            62.2448124983479
        ],
        "29": [
            97.18773956969,
            8.523491957826879
        ],
        "30": [
            53.39931794128,
            62.88584601476329
        ],
        "31": [
            47.645956312167534,
            0.6662503786861618
        ],
        "32": [
            17.226563771267735,
            21.204159777328137
        ],
        "33": [
            56.95062132717514,
            13.41060325651533
        ],
        "34": [
            41.106617675269554,
            88.79882093575398
        ],
        "35": [
            53.66026896277639,
            94.39281859373448
        ],
        "36": [
            75.65552129970303,
            61.092539098681385
        ],
        "37": [
            34.669459798929466,
            60.89798220432435
        ],
        "38": [
            94.22872609158267,
            69.09648271363984
        ],
        "39": [
            93.2247294835644,
            68.79402701079196
        ],
        "40": [
            4.999056500338284,
            68.20184936878356
        ],
        "41": [
            25.42249246251981,
            90.93482434685248
        ],
        "42": [
            0.267297116677534,
            23.545248475351233
        ],
        "43": [
            93.27331108088865,
            47.38846581091944
        ],
        "44": [
            48.998627016509765,
            58.25125032648738
        ],
        "45": [
            98.35452979951904,
            94.17640209209954
        ],
        "46": [
            82.67950151630453,
            8.841274192116721
        ],
        "47": [
            97.14951975162863,
            52.72514058445373
        ],
        "48": [
            1.0248700823912271,
            34.02223412722009
        ],
        "49": [
            43.924116022789185,
            85.60468761505555
        ],
        "50": [
            40.314373638862264,
            74.61101937211417
        ]
    },
    "distance_matrix_str_keys": {
        "0,0": 0.0,
        "0,1": 48.51588708057161,
        "0,2": 73.2285224308011,
        "0,3": 33.573935662944464,
        "0,4": 84.5628035667642,
        "0,5": 95.11732991314621,
        "0,6": 98.38435367432454,
        "0,7": 18.804280956220666,
        "0,8": 86.96133608947444,
        "0,9": 48.72648169987954,
        "0,10": 69.64543371417628,
        "0,11": 124.31479601452905,
        "0,12": 74.47110594616417,
        "0,13": 121.86625744395246,
        "0,14": 81.82542565896762,
        "0,15": 56.83958987017018,
        "0,16": 44.765724030873045,
        "0,17": 74.45383318133055,
        "0,18": 66.99940304984858,
        "0,19": 27.924633838013104,
        "0,20": 63.54420176432836,
        "0,21": 34.19681618429631,
        "0,22": 67.49151590641829,
        "0,23": 92.95888915742381,
        "0,24": 78.55361437155175,
        "0,25": 100.62021538651481,
        "0,26": 94.33160591231247,
        "0,27": 45.6000031609725,
        "0,28": 99.01820445238073,
        "0,29": 133.46688070924432,
        "0,30": 65.03035893053159,
        "0,31": 110.16955553477942,
        "0,32": 80.65692118945769,
        "0,33": 103.63926330282308,
        "0,34": 42.605403755041294,
        "0,35": 53.95243227585085,
        "0,36": 85.07378219473644,
        "0,37": 52.25838916808402,
        "0,38": 99.16693098765775,
        "0,39": 98.30901757970601,
        "0,40": 32.18870841551592,
        "0,41": 26.990378519563137,
        "0,42": 76.4552187783435,
        "0,43": 107.0882070525089,
        "0,44": 64.37253722516039,
        "0,45": 98.5267873457639,
        "0,46": 123.06832761479066,
        "0,47": 108.04138799891338,
        "0,48": 65.98572533699347,
        "0,49": 46.22286216845059,
        "0,50": 47.6429329409615,
        "1,0": 48.51588708057161,
        "1,1": 0.0,
        "1,2": 24.75855924212707,
        "1,3": 30.08656567936606,
        "1,4": 39.11686844108816,
        "1,5": 46.60791459599772,
        "1,6": 80.72864095391432,
        "1,7": 45.85117483863819,
        "1,8": 61.987702195280924,
        "1,9": 2.9999445271447365,
        "1,10": 28.597857466823548,
        "1,11": 84.94463107132174,
        "1,12": 80.97607393872232,
        "1,13": 94.89317729302142,
        "1,14": 66.82472716687829,
        "1,15": 8.461220117992356,
        "1,16": 29.326352314457214,
        "1,17": 44.43941455353309,
        "1,18": 62.33398565706061,
        "1,19": 46.276822965481145,
        "1,20": 16.71668486935149,
        "1,21": 24.206425697230195,
        "1,22": 48.573069542874,
        "1,23": 53.496124075980326,
        "1,24": 34.19965906628478,
        "1,25": 91.97381545299908,
        "1,26": 46.77511499582814,
        "1,27": 19.097040089256506,
        "1,28": 85.25391871523541,
        "1,29": 100.1967747126178,
        "1,30": 47.7574580774952,
        "1,31": 65.51924507051658,
        "1,32": 32.45878782658268,
        "1,33": 63.18287165975736,
        "1,34": 50.25517515711394,
        "1,35": 63.12805368846962,
        "1,36": 69.35282349382044,
        "1,37": 29.16290233347253,
        "1,38": 88.98657362184105,
        "1,39": 87.94320660277334,
        "1,40": 16.335436302563313,
        "1,41": 43.13429869204486,
        "1,42": 29.196994432342553,
        "1,43": 86.4909108217836,
        "1,44": 42.55927179845355,
        "1,45": 100.71677036036502,
        "1,46": 87.19321540547139,
        "1,47": 90.24836387855,
        "1,48": 18.893724711723426,
        "1,49": 50.01231597225648,
        "1,50": 40.35461247148995,
        "2,0": 73.2285224308011,
        "2,1": 24.75855924212707,
        "2,2": 0.0,
        "2,3": 51.76052971981894,
        "2,4": 23.544548274643457,
        "2,5": 21.919329325557275,
        "2,6": 83.7615021161812,
        "2,7": 69.77638057207182,
        "2,8": 63.11794782488519,
        "2,9": 24.597627933264445,
        "2,10": 25.705933005448564,
        "2,11": 71.09239571120008,
        "2,12": 95.67390030458593,
        "2,13": 90.36240301120338,
        "2,14": 73.40998950809406,
        "2,15": 16.75801066747303,
        "2,16": 46.76540884225588,
        "2,17": 46.12588190804032,
        "2,18": 74.9014951040388,
        "2,19": 68.85904406478521,
        "2,20": 14.442812290100145,
        "2,21": 46.46233320016751,
        "2,22": 56.85532955709563,
        "2,23": 43.362964739048394,
        "2,24": 22.623225221154218,
        "2,25": 98.80361489830517,
        "2,26": 25.146482138008725,
        "2,27": 37.004200786619066,
        "2,28": 90.02192181320616,
        "2,29": 90.56560410597653,
        "2,30": 57.23947434382162,
        "2,31": 47.2637832158679,
        "2,32": 10.561735399674946,
        "2,33": 50.314017238323395,
        "2,34": 69.58923621358073,
        "2,35": 80.84795791737561,
        "2,36": 75.11318409861498,
        "2,37": 42.553608705866424,
        "2,38": 95.30882854382992,
        "2,39": 94.27408306203219,
        "2,40": 41.082200387758384,
        "2,41": 65.84749120013323,
        "2,42": 9.116199448503584,
        "2,43": 87.04374072653702,
        "2,44": 50.91860393717878,
        "2,45": 111.95616351147935,
        "2,46": 76.35351333410631,
        "2,47": 92.14835900164968,
        "2,48": 10.132145453013093,
        "2,49": 68.19853936585595,
        "2,50": 56.985247891130115,
        "3,0": 33.573935662944464,
        "3,1": 30.08656567936606,
        "3,2": 51.76052971981894,
        "3,3": 0.0,
        "3,4": 55.64249590982798,
        "3,5": 71.8999038493928,
        "3,6": 66.98796818279862,
        "3,7": 20.50438736179401,
        "3,8": 53.70746441995935,
        "3,9": 32.289831071019975,
        "3,10": 39.33449263778332,
        "3,11": 91.32664847193607,
        "3,12": 54.1320754560531,
        "3,13": 88.78116864504199,
        "3,14": 50.67457726011867,
        "3,15": 35.69164522493101,
        "3,16": 11.230972704057901,
        "3,17": 40.95351586561932,
        "3,18": 39.308267540915715,
        "3,19": 17.201794154779673,
        "3,20": 38.432057595993435,
        "3,21": 5.95570719657374,
        "3,22": 34.60103804029988,
        "3,23": 60.5477814339597,
        "3,24": 49.25242691039335,
        "3,25": 72.68249128448076,
        "3,26": 67.28335797018833,
        "3,27": 15.606398241602106,
        "3,28": 68.93560653625094,
        "3,29": 99.89732511591185,
        "3,30": 32.34947633576866,
        "3,31": 79.54078193019689,
        "3,32": 55.872657084725674,
        "3,33": 71.25130125097687,
        "3,34": 20.881107615711784,
        "3,35": 34.456139570952644,
        "3,36": 53.82869496139066,
        "3,37": 18.95569392389779,
        "3,38": 70.51055074507806,
        "3,39": 69.54592775019398,
        "3,40": 20.907431509577204,
        "3,41": 14.344272232130978,
        "3,42": 58.21677719582276,
        "3,43": 75.08561972885889,
        "3,44": 30.93941420637806,
        "3,45": 76.27177822150378,
        "3,46": 89.59191457078651,
        "3,47": 76.84476493938035,
        "3,48": 48.48344095283212,
        "3,49": 21.731216428120945,
        "3,50": 16.318318536272148,
        "4,0": 84.5628035667642,
        "4,1": 39.11686844108816,
        "4,2": 23.544548274643457,
        "4,3": 55.64249590982798,
        "4,4": 0.0,
        "4,5": 24.660161052383685,
        "4,6": 65.48390058952994,
        "4,7": 75.98009465411671,
        "4,8": 44.94865749137079,
        "4,9": 40.62692979556488,
        "4,10": 16.6141375192881,
        "4,11": 47.886255051992194,
        "4,12": 86.64974019477201,
        "4,13": 67.92704863754824,
        "4,14": 58.48733674930804,
        "4,15": 31.262414741253647,
        "4,16": 46.61148996121052,
        "4,17": 31.045342049443164,
        "4,18": 65.22324481209701,
        "4,19": 72.21669865896932,
        "4,20": 22.401753703064834,
        "4,21": 52.06782595937362,
        "4,22": 45.4503084551326,
        "4,23": 20.344382754282936,
        "4,24": 6.425664723222087,
        "4,25": 82.55340108593211,
        "4,26": 13.131050387572442,
        "4,27": 40.30469246544594,
        "4,28": 72.64371024167754,
        "4,29": 67.04641132584361,
        "4,30": 46.87940359702984,
        "4,31": 26.40402321977094,
        "4,32": 14.182467225973213,
        "4,33": 26.790306905851864,
        "4,34": 68.0086116847045,
        "4,35": 76.22800620145877,
        "4,36": 59.38611869270419,
        "4,37": 39.547274771413136,
        "4,38": 78.8255290279789,
        "4,39": 77.84353539078876,
        "4,40": 53.663303578690225,
        "4,41": 69.70655864392157,
        "4,42": 31.20698596791711,
        "4,43": 67.07081853759802,
        "4,44": 40.75791284834755,
        "4,45": 98.82323059733328,
        "4,46": 52.809332977324594,
        "4,47": 72.7879785975849,
        "4,48": 32.866328459817375,
        "4,49": 65.32961539204025,
        "4,50": 53.86713622000574,
        "5,0": 95.11732991314621,
        "5,1": 46.60791459599772,
        "5,2": 21.919329325557275,
        "5,3": 71.8999038493928,
        "5,4": 24.660161052383685,
        "5,5": 0.0,
        "5,6": 89.93046703399779,
        "5,7": 90.84779093477091,
        "5,8": 69.52798981727338,
        "5,9": 46.516159145633495,
        "5,10": 37.77915422250813,
        "5,11": 62.172567334947196,
        "5,12": 110.09237291612187,
        "5,13": 89.51745189070334,
        "5,14": 83.07939211685854,
        "5,15": 38.3926218915076,
        "5,16": 65.20754733582689,
        "5,17": 55.43705669495953,
        "5,18": 88.7056816855477,
        "5,19": 89.10004637601779,
        "5,20": 33.479973608288724,
        "5,21": 67.03048033859955,
        "5,22": 69.20259778494649,
        "5,23": 42.795312786135874,
        "5,24": 29.056938999999588,
        "5,25": 107.20173361605943,
        "5,26": 14.29862265207559,
        "5,27": 56.478377730551756,
        "5,28": 97.21395253072227,
        "5,29": 84.77594163545294,
        "5,30": 70.3285524556627,
        "5,31": 35.54573283244947,
        "5,32": 16.218646257032507,
        "5,33": 45.15469227040479,
        "5,34": 87.89628942476355,
        "5,35": 97.79366227011748,
        "5,36": 84.0352712371077,
        "5,37": 59.49702431830965,
        "5,38": 103.46579104232849,
        "5,39": 102.48769635907031,
        "5,40": 62.94331114920256,
        "5,41": 86.21292440873309,
        "5,42": 21.610370891303443,
        "5,43": 90.93262030811685,
        "5,44": 64.00445816333193,
        "5,45": 123.31171091143992,
        "5,46": 70.29087369503299,
        "5,47": 96.8694346029906,
        "5,48": 30.54114188752104,
        "5,49": 85.87482365675444,
        "5,50": 74.32609581469005,
        "6,0": 98.38435367432454,
        "6,1": 80.72864095391432,
        "6,2": 83.7615021161812,
        "6,3": 66.98796818279862,
        "6,4": 65.48390058952994,
        "6,5": 89.93046703399779,
        "6,6": 0.0,
        "6,7": 80.46800838722172,
        "6,8": 20.7409495069668,
        "6,9": 83.69911734724793,
        "6,10": 58.22237217517184,
        "6,11": 56.30611796416696,
        "6,12": 43.59797978081061,
        "6,13": 28.66357629749457,
        "6,14": 16.55902503400548,
        "6,15": 78.65312660244419,
        "6,16": 57.63831325997015,
        "6,17": 37.889638593961564,
        "6,18": 33.483423626129216,
        "6,19": 71.57978287939724,
        "6,20": 72.19890418751874,
        "6,21": 69.65854903581305,
        "6,22": 33.277669591952666,
        "6,23": 48.33175584071683,
        "6,24": 62.61130490007588,
        "6,25": 19.18519593432367,
        "6,26": 76.4935183333435,
        "6,27": 64.13190114784561,
        "6,28": 8.122962767603212,
        "6,29": 47.61456067410317,
        "6,30": 35.03420372290448,
        "6,31": 67.55112840234918,
        "6,32": 78.10896303262571,
        "6,33": 51.77157200286331,
        "6,34": 57.36434655803528,
        "6,35": 51.859101665536784,
        "6,36": 13.311513737701905,
        "6,37": 53.21146575821098,
        "6,38": 15.44842862928111,
        "6,39": 14.76316228945286,
        "6,40": 83.59536391666873,
        "6,41": 71.71071089583097,
        "6,42": 92.84983449578628,
        "6,43": 9.63686291964976,
        "6,44": 38.695597367278026,
        "6,45": 40.482606734261175,
        "6,46": 46.572881391932405,
        "6,47": 9.883014827476863,
        "6,48": 89.0885618908579,
        "6,49": 53.21720816881381,
        "6,50": 51.10375425897296,
        "7,0": 18.804280956220666,
        "7,1": 45.85117483863819,
        "7,2": 69.77638057207182,
        "7,3": 20.50438736179401,
        "7,4": 75.98009465411671,
        "7,5": 90.84779093477091,
        "7,6": 80.46800838722172,
        "7,7": 0.0,
        "7,8": 70.66367697342557,
        "7,9": 47.198414905976996,
        "7,10": 59.79424075810666,
        "7,11": 111.06798485038445,
        "7,12": 55.95280890383378,
        "7,13": 105.05133043638845,
        "7,14": 63.947832699083285,
        "7,15": 53.07943274717011,
        "7,16": 31.084189999893745,
        "7,17": 60.190591208340116,
        "7,18": 48.42967436449038,
        "7,19": 9.159305282572355,
        "7,20": 57.52600484741473,
        "7,21": 24.10512959115854,
        "7,22": 51.00515807911105,
        "7,23": 80.76857977607027,
        "7,24": 69.62228785451616,
        "7,25": 81.90184922399732,
        "7,26": 87.30326475491167,
        "7,27": 35.6938651801561,
        "7,28": 80.65704967857852,
        "7,29": 117.95760562267114,
        "7,30": 48.39074726697949,
        "7,31": 100.04200863406406,
        "7,32": 75.15810607515554,
        "7,33": 91.44317867456903,
        "7,34": 23.885338750685065,
        "7,35": 35.26764424929082,
        "7,36": 67.20161858497028,
        "7,37": 38.98945157780134,
        "7,38": 80.53407179794489,
        "7,39": 79.69413162079212,
        "7,40": 31.197771427448913,
        "7,41": 8.83208192615855,
        "7,42": 75.0425219700985,
        "7,43": 89.42272415250426,
        "7,44": 48.83737989659541,
        "7,45": 79.9370463725996,
        "7,46": 108.5540879998598,
        "7,47": 89.98557643817655,
        "7,48": 64.71922569491836,
        "7,49": 27.65122892085493,
        "7,50": 30.83606844190315,
        "8,0": 86.96133608947444,
        "8,1": 61.987702195280924,
        "8,2": 63.11794782488519,
        "8,3": 53.70746441995935,
        "8,4": 44.94865749137079,
        "8,5": 69.52798981727338,
        "8,6": 20.7409495069668,
        "8,7": 70.66367697342557,
        "8,8": 0.0,
        "8,9": 64.88499927875837,
        "8,10": 37.735912902988034,
        "8,11": 46.57863854780362,
        "8,12": 50.41080559086611,
        "8,13": 35.11406855988861,
        "8,14": 16.652778105940307,
        "8,15": 59.00722181423764,
        "8,16": 42.99768719498566,
        "8,17": 17.796688169169844,
        "8,18": 32.12501690987239,
        "8,19": 62.647866101133445,
        "8,20": 52.00915640358113,
        "8,21": 54.96723672240542,
        "8,22": 19.65859386767478,
        "8,23": 29.286104709815582,
        "8,24": 41.88150979068503,
        "8,25": 37.815567352768035,
        "8,26": 56.42069817148589,
        "8,27": 47.20614613605676,
        "8,28": 27.69526965085841,
        "8,29": 47.60446925199264,
        "8,30": 22.29445425096348,
        "8,31": 50.543908633675784,
        "8,32": 57.37773447189109,
        "8,33": 35.22698770339283,
        "8,34": 50.369780850639486,
        "8,35": 50.05915622565689,
        "8,36": 16.061321437527447,
        "8,37": 36.86319099875463,
        "8,38": 34.03315886149508,
        "8,39": 33.08214352256126,
        "8,40": 67.21631638682805,
        "8,41": 61.90424542517071,
        "8,42": 72.18601797098663,
        "8,43": 24.623679581778728,
        "8,44": 22.837986087235898,
        "8,45": 56.053201252911386,
        "8,46": 40.30897771735876,
        "8,47": 29.13220443909217,
        "8,48": 68.8021196919235,
        "8,49": 46.158709445341614,
        "8,50": 39.82772621981854,
        "9,0": 48.72648169987954,
        "9,1": 2.9999445271447365,
        "9,2": 24.597627933264445,
        "9,3": 32.289831071019975,
        "9,4": 40.62692979556488,
        "9,5": 46.516159145633495,
        "9,6": 83.69911734724793,
        "9,7": 47.198414905976996,
        "9,8": 64.88499927875837,
        "9,9": 0.0,
        "9,10": 30.971835889214248,
        "9,11": 86.98742915757822,
        "9,12": 83.7438116274869,
        "9,13": 97.62981422356546,
        "9,14": 69.82407838684563,
        "9,15": 9.406697538447554,
        "9,16": 32.11105814122246,
        "9,17": 47.29200277658458,
        "9,18": 65.24192090965803,
        "9,19": 48.11854564114135,
        "9,20": 18.306938054898534,
        "9,21": 26.356070714546757,
        "9,22": 51.57296474295987,
        "9,23": 55.7085275788476,
        "9,24": 35.99718653265874,
        "9,25": 94.97168630957003,
        "9,26": 47.59082647210207,
        "9,27": 21.970897667319075,
        "9,28": 88.24838112708376,
        "9,29": 102.63460945583695,
        "9,30": 50.75412452662254,
        "9,31": 66.98040154793838,
        "9,32": 33.01540992591909,
        "9,33": 65.22605541271182,
        "9,34": 52.69186362973461,
        "9,35": 65.69746578545579,
        "9,36": 72.34911170349042,
        "9,37": 32.140372260866656,
        "9,38": 91.98633152922798,
        "9,39": 90.94300134679385,
        "9,40": 16.800176695006247,
        "9,41": 44.957707990960635,
        "9,42": 28.131579757733054,
        "9,43": 89.41090788529182,
        "9,44": 45.557568254536676,
        "9,45": 103.62605046520764,
        "9,46": 89.50902419012485,
        "9,47": 93.20447745064511,
        "9,48": 17.656629802623115,
        "9,49": 52.585484207658645,
        "9,50": 43.11893499620542,
        "10,0": 69.64543371417628,
        "10,1": 28.597857466823548,
        "10,2": 25.705933005448564,
        "10,3": 39.33449263778332,
        "10,4": 16.6141375192881,
        "10,5": 37.77915422250813,
        "10,6": 58.22237217517184,
        "10,7": 59.79424075810666,
        "10,8": 37.735912902988034,
        "10,9": 30.971835889214248,
        "10,10": 0.0,
        "10,11": 56.79967740321411,
        "10,12": 72.40610590597913,
        "10,13": 67.66432401697719,
        "10,14": 47.801016364536785,
        "10,15": 22.963806779027887,
        "10,16": 30.009022128179712,
        "10,17": 20.43731701135001,
        "10,18": 51.09193531735043,
        "10,19": 55.68717096679588,
        "10,20": 14.684250705277316,
        "10,21": 36.203062305529265,
        "10,22": 31.98067813146965,
        "10,23": 25.05250182019262,
        "10,24": 10.20872353438239,
        "10,25": 73.12025133306882,
        "10,26": 29.239768246546436,
        "10,27": 24.375269824789186,
        "10,28": 64.33843937620581,
        "10,29": 71.66712700173906,
        "10,30": 32.81370971196057,
        "10,31": 40.60158595186709,
        "10,32": 22.37534966809906,
        "10,33": 35.16358219738935,
        "10,34": 51.534774497646,
        "10,35": 60.35775734041087,
        "10,36": 49.42816338972955,
        "10,37": 22.97272513832193,
        "10,38": 69.6099161296922,
        "10,39": 68.57651921086745,
        "10,40": 40.37953039639597,
        "10,41": 53.23870866292109,
        "10,42": 34.82159885153226,
        "10,43": 62.06866238048156,
        "10,44": 26.430786911554964,
        "10,45": 86.9540480370867,
        "10,46": 58.597715547924345,
        "10,47": 66.86554094832792,
        "10,48": 31.14695138049654,
        "10,49": 49.009171972483,
        "10,50": 37.47457647881096,
        "11,0": 124.31479601452905,
        "11,1": 84.94463107132174,
        "11,2": 71.09239571120008,
        "11,3": 91.32664847193607,
        "11,4": 47.886255051992194,
        "11,5": 62.172567334947196,
        "11,6": 56.30611796416696,
        "11,7": 111.06798485038445,
        "11,8": 46.57863854780362,
        "11,9": 86.98742915757822,
        "11,10": 56.79967740321411,
        "11,11": 0.0,
        "11,12": 96.30626961202032,
        "11,13": 37.54900447736924,
        "11,14": 62.358370158857554,
        "11,15": 78.00541336584479,
        "11,16": 80.19099026581507,
        "11,17": 50.989114389751336,
        "11,18": 78.68769138470968,
        "11,19": 104.45455567022815,
        "11,20": 68.88168835429931,
        "11,21": 90.12328825054612,
        "11,22": 63.22860755025474,
        "11,23": 31.84563306470766,
        "11,24": 51.21395244282041,
        "11,25": 75.01750221714552,
        "11,26": 48.96711364243454,
        "11,27": 79.03798394689416,
        "11,28": 64.1631581159178,
        "11,29": 24.183233343413615,
        "11,30": 65.91179847383192,
        "11,31": 26.761035941804273,
        "11,32": 60.84253147238404,
        "11,33": 21.763949732437986,
        "11,34": 94.45222690939936,
        "11,35": 96.24416609475317,
        "11,36": 60.69430721207521,
        "11,37": 72.37152580330626,
        "11,38": 71.48867860635765,
        "11,39": 70.92515587919871,
        "11,40": 97.0199897381281,
        "11,41": 102.92670568419192,
        "11,42": 77.6640384152669,
        "11,43": 50.624665861754025,
        "11,44": 63.174411080761054,
        "11,45": 96.7753827764282,
        "11,46": 11.811958972804455,
        "11,47": 57.04416481390426,
        "11,48": 80.712239959256,
        "11,49": 90.48247883708851,
        "11,50": 81.65691493850096,
        "12,0": 74.47110594616417,
        "12,1": 80.97607393872232,
        "12,2": 95.67390030458593,
        "12,3": 54.1320754560531,
        "12,4": 86.64974019477201,
        "12,5": 110.09237291612187,
        "12,6": 43.59797978081061,
        "12,7": 55.95280890383378,
        "12,8": 50.41080559086611,
        "12,9": 83.7438116274869,
        "12,10": 72.40610590597913,
        "12,11": 96.30626961202032,
        "12,12": 0.0,
        "12,13": 72.17383983098607,
        "12,14": 34.00224594488988,
        "12,15": 83.44905350278616,
        "12,16": 51.64999065754271,
        "12,17": 56.21391440750647,
        "12,18": 21.43214163498886,
        "12,19": 47.32672807287307,
        "12,20": 81.34542236852371,
        "12,21": 59.57739625509026,
        "12,22": 41.21769430474973,
        "12,23": 77.36699798927617,
        "12,24": 81.24609602353163,
        "12,25": 33.22659447503157,
        "12,26": 99.7023182834688,
        "12,27": 61.98105105981039,
        "12,28": 38.49807434082445,
        "12,29": 91.09061024957984,
        "12,30": 39.81892727101352,
        "12,31": 99.70721112762686,
        "12,32": 94.71483819090423,
        "12,33": 85.11435545700967,
        "12,34": 34.220866029465235,
        "12,35": 20.868325371640083,
        "12,36": 35.64699237481144,
        "12,37": 53.49245580051809,
        "12,38": 34.00209409433937,
        "12,39": 33.676869935930924,
        "12,40": 75.0296511925048,
        "12,41": 49.31641678807392,
        "12,42": 104.16154536880718,
        "12,43": 52.81657690793061,
        "12,44": 46.0956307158168,
        "12,45": 24.090188925321833,
        "12,46": 88.2653917321437,
        "12,47": 49.52691130940558,
        "12,48": 96.51115081635345,
        "12,49": 32.43752999235627,
        "12,50": 40.62552846791395,
        "13,0": 121.86625744395246,
        "13,1": 94.89317729302142,
        "13,2": 90.36240301120338,
        "13,3": 88.78116864504199,
        "13,4": 67.92704863754824,
        "13,5": 89.51745189070334,
        "13,6": 28.66357629749457,
        "13,7": 105.05133043638845,
        "13,8": 35.11406855988861,
        "13,9": 97.62981422356546,
        "13,10": 67.66432401697719,
        "13,11": 37.54900447736924,
        "13,12": 72.17383983098607,
        "13,13": 0.0,
        "13,14": 42.77711941139631,
        "13,15": 90.49873798928127,
        "13,16": 78.1110209000999,
        "13,17": 50.89922599851805,
        "13,18": 60.92186546236146,
        "13,19": 96.64347616304728,
        "13,20": 82.30369995591282,
        "13,21": 90.05910766187061,
        "13,22": 54.37495956280163,
        "13,23": 47.61369392665303,
        "13,24": 67.74087051276479,
        "13,25": 43.26940403892146,
        "13,26": 75.2188294394351,
        "13,27": 81.82880407436035,
        "13,28": 34.21204119267735,
        "13,29": 20.39318703116586,
        "13,30": 56.854071516632324,
        "13,31": 58.517543753943315,
        "13,32": 82.06341414471227,
        "13,33": 44.72927369263789,
        "13,34": 83.29962016798656,
        "13,35": 79.66572893614884,
        "13,36": 39.77421611575659,
        "13,37": 71.81575792717203,
        "13,38": 40.528725391481686,
        "13,39": 40.358075801728326,
        "13,40": 101.84766932170915,
        "13,41": 96.22606197061964,
        "13,42": 98.80855130423625,
        "13,43": 19.391236139745683,
        "13,44": 57.95201833629627,
        "13,45": 65.33717603808176,
        "13,46": 25.77251666525472,
        "13,47": 23.949903209748094,
        "13,48": 98.04587275231744,
        "13,49": 79.04486140956503,
        "13,50": 74.37108134640272,
        "14,0": 81.82542565896762,
        "14,1": 66.82472716687829,
        "14,2": 73.40998950809406,
        "14,3": 50.67457726011867,
        "14,4": 58.48733674930804,
        "14,5": 83.07939211685854,
        "14,6": 16.55902503400548,
        "14,7": 63.947832699083285,
        "14,8": 16.652778105940307,
        "14,9": 69.82407838684563,
        "14,10": 47.801016364536785,
        "14,11": 62.358370158857554,
        "14,12": 34.00224594488988,
        "14,13": 42.77711941139631,
        "14,14": 0.0,
        "14,15": 65.86821282340355,
        "14,16": 41.795047561799485,
        "14,17": 27.832674193038113,
        "14,18": 18.22179637745775,
        "14,19": 55.10828428051543,
        "14,20": 60.53780733044953,
        "14,21": 53.657385043753635,
        "14,22": 18.270140606847242,
        "14,23": 45.24316463640595,
        "14,24": 54.30633145797047,
        "14,25": 25.558338536875045,
        "14,26": 70.82575242908136,
        "14,27": 49.17484731394307,
        "14,28": 18.689531246407938,
        "14,29": 59.43581585232738,
        "14,30": 19.456158340847573,
        "14,31": 67.00679734346456,
        "14,32": 69.43050793180198,
        "14,33": 51.83959504739367,
        "14,34": 41.06691449328555,
        "14,35": 37.00937905041442,
        "14,36": 3.2543337723556283,
        "14,37": 38.23043794770165,
        "14,38": 22.295998075479403,
        "14,39": 21.24744173141742,
        "14,40": 68.07459269648929,
        "14,41": 55.17442365212878,
        "14,42": 82.49849741937261,
        "14,43": 25.551706091854104,
        "14,44": 24.276883985138035,
        "14,45": 40.4701497606035,
        "14,46": 54.79681873912335,
        "14,47": 26.281648134163405,
        "14,48": 77.36189731131775,
        "14,49": 36.86901904580789,
        "14,50": 34.63483781348229,
        "15,0": 56.83958987017018,
        "15,1": 8.461220117992356,
        "15,2": 16.75801066747303,
        "15,3": 35.69164522493101,
        "15,4": 31.262414741253647,
        "15,5": 38.3926218915076,
        "15,6": 78.65312660244419,
        "15,7": 53.07943274717011,
        "15,8": 59.00722181423764,
        "15,9": 9.406697538447554,
        "15,10": 22.963806779027887,
        "15,11": 78.00541336584479,
        "15,12": 83.44905350278616,
        "15,13": 90.49873798928127,
        "15,14": 65.86821282340355,
        "15,15": 0.0,
        "15,16": 32.42397511279018,
        "15,17": 41.21190014852096,
        "15,18": 63.720889703786064,
        "15,19": 52.56731949612695,
        "15,20": 9.124044900945771,
        "15,21": 30.134479192919304,
        "15,22": 47.94084450149563,
        "15,23": 47.06584423718828,
        "15,24": 26.842261387421733,
        "15,25": 91.36196459422646,
        "15,26": 38.35431275053981,
        "15,27": 22.060841959247462,
        "15,28": 83.83491259019303,
        "15,29": 94.3936948050007,
        "15,30": 47.59525222742683,
        "15,31": 57.5883599895961,
        "15,32": 23.99881040275649,
        "15,33": 56.27514238025448,
        "15,34": 54.706624841097316,
        "15,35": 66.86673914475585,
        "15,36": 68.12267604490445,
        "15,37": 30.141154159326046,
        "15,38": 88.1642108443904,
        "15,39": 87.11565393814014,
        "15,40": 24.66013251672101,
        "15,41": 49.49748168090631,
        "15,42": 22.527139385537886,
        "15,43": 83.62918001200984,
        "15,44": 41.79191022705677,
        "15,45": 101.85949770694508,
        "15,46": 80.99385208925669,
        "15,47": 87.87117731293733,
        "15,48": 13.227536295156789,
        "15,49": 53.86695936195235,
        "15,50": 43.28624473932817,
        "16,0": 44.765724030873045,
        "16,1": 29.326352314457214,
        "16,2": 46.76540884225588,
        "16,3": 11.230972704057901,
        "16,4": 46.61148996121052,
        "16,5": 65.20754733582689,
        "16,6": 57.63831325997015,
        "16,7": 31.084189999893745,
        "16,8": 42.99768719498566,
        "16,9": 32.11105814122246,
        "16,10": 30.009022128179712,
        "16,11": 80.19099026581507,
        "16,12": 51.64999065754271,
        "16,13": 78.1110209000999,
        "16,14": 41.795047561799485,
        "16,15": 32.42397511279018,
        "16,16": 0.0,
        "16,17": 29.722941311960803,
        "16,18": 33.58811727434834,
        "16,19": 25.829467443109653,
        "16,20": 32.50611656224916,
        "16,21": 12.102499663973976,
        "16,22": 24.52747603342267,
        "16,23": 49.6851426185802,
        "16,24": 40.189674357815704,
        "16,25": 65.3771013576714,
        "16,26": 58.92066837501189,
        "16,27": 10.434344853413132,
        "16,28": 60.418416842071764,
        "16,29": 88.75016389026742,
        "16,30": 22.6048213526192,
        "16,31": 69.35946320658579,
        "16,32": 48.989040946065536,
        "16,33": 60.35950511552558,
        "16,34": 22.862977702763747,
        "16,35": 34.450486509611494,
        "16,36": 44.803070803602225,
        "16,37": 7.905312646917642,
        "16,38": 62.83329329438934,
        "16,39": 61.82527643709349,
        "16,40": 26.404533141015385,
        "16,41": 23.607934627318418,
        "16,42": 54.35365263277999,
        "16,43": 65.2436508751234,
        "16,44": 20.162653584645053,
        "16,45": 71.85115437647856,
        "16,46": 78.36126885745071,
        "16,47": 67.51926046752041,
        "16,48": 45.65027530613179,
        "16,49": 21.52407627209739,
        "16,50": 11.038000787933198,
        "17,0": 74.45383318133055,
        "17,1": 44.43941455353309,
        "17,2": 46.12588190804032,
        "17,3": 40.95351586561932,
        "17,4": 31.045342049443164,
        "17,5": 55.43705669495953,
        "17,6": 37.889638593961564,
        "17,7": 60.190591208340116,
        "17,8": 17.796688169169844,
        "17,9": 47.29200277658458,
        "17,10": 20.43731701135001,
        "17,11": 50.989114389751336,
        "17,12": 56.21391440750647,
        "17,13": 50.89922599851805,
        "17,14": 27.832674193038113,
        "17,15": 41.21190014852096,
        "17,16": 29.722941311960803,
        "17,17": 0.0,
        "17,18": 34.981726197657274,
        "17,19": 53.47054860941099,
        "17,20": 34.335200352624476,
        "17,21": 40.754763970990716,
        "17,22": 15.330740519426143,
        "17,23": 22.917545319003796,
        "17,24": 26.508914792610504,
        "17,25": 52.83584463045994,
        "17,26": 43.82396856012874,
        "17,27": 31.23828616209756,
        "17,28": 43.90162478201109,
        "17,29": 59.3469232821951,
        "17,30": 17.41285658241028,
        "17,31": 45.105194034443066,
        "17,32": 41.607056988367006,
        "17,33": 32.80828910888526,
        "17,34": 44.23995485931273,
        "17,35": 48.816873977129845,
        "17,36": 29.18201248540952,
        "17,37": 22.260208931092826,
        "17,38": 49.27110720446116,
        "17,39": 48.24458824714309,
        "17,40": 51.132146534317236,
        "17,41": 51.95165715760013,
        "17,42": 55.24154500224084,
        "17,43": 42.41728422044611,
        "17,44": 12.73814431723406,
        "17,45": 67.87571899811802,
        "17,46": 48.63839875648309,
