{
    "num_robots": 7,
    "num_tasks": 30,
    "num_nodes": 31,
    "robot_capacity": [
        47,
        50,
        49,
        55,
        66,
        61,
        48
    ],
    "robot_speed": [
        0.88,
        1.14,
        1.11,
        0.89,
        0.86,
        0.97,
        1.02
    ],
    "task_demand": {
        "0": 0,
        "1": 7,
        "2": 7,
        "3": 8,
        "4": 9,
        "5": 14,
        "6": 13,
        "7": 11,
        "8": 10,
        "9": 7,
        "10": 13,
        "11": 13,
        "12": 13,
        "13": 14,
        "14": 12,
        "15": 8,
        "16": 5,
        "17": 12,
        "18": 5,
        "19": 5,
        "20": 11,
        "21": 5,
        "22": 11,
        "23": 15,
        "24": 15,
        "25": 12,
        "26": 5,
        "27": 14,
        "28": 11,
        "29": 6,
        "30": 5
    },
    "task_service_time": {
        "0": 0,
        "1": 27,
        "2": 99,
        "3": 69,
        "4": 73,
        "5": 73,
        "6": 84,
        "7": 19,
        "8": 44,
        "9": 32,
        "10": 95,
        "11": 71,
        "12": 53,
        "13": 65,
        "14": 35,
        "15": 32,
        "16": 63,
        "17": 35,
        "18": 82,
        "19": 67,
        "20": 99,
        "21": 42,
        "22": 98,
        "23": 56,
        "24": 62,
        "25": 25,
        "26": 33,
        "27": 83,
        "28": 67,
        "29": 12,
        "30": 54
    },
    "task_precedence": [],
    "coordinates": {
        "0": [
            100,
            0
        ],
        "1": [
            48.35060581830051,
            65.02373445876452
        ],
        "2": [
            32.69830941574997,
            34.11517087137413
        ],
        "3": [
            20.675705312623847,
            13.35160564725113
        ],
        "4": [
            74.4195215420595,
            79.38730786866185
        ],
        "5": [
            73.07893235373581,
            57.05887916909521
        ],
        "6": [
            21.750333879443517,
            84.00597055397328
        ],
        "7": [
            72.63799332418289,
            71.13674156832602
        ],
        "8": [
            97.33522777734865,
            19.428366411252373
        ],
        "9": [
            92.51628286086951,
            92.55043714666546
        ],
        "10": [
            33.547790889792935,
            12.455959804745564
        ],
        "11": [
            56.00987243588952,
            10.658591447298683
        ],
        "12": [
            54.55565910719328,
            19.365300407251638
        ],
        "13": [
            27.50479616324535,
            30.96684188432619
        ],
        "14": [
            65.66624427444661,
            53.351117966174144
        ],
        "15": [
            92.46348260341402,
            75.16690262787704
        ],
        "16": [
            11.24188872487909,
            13.94954196335173
        ],
        "17": [
            78.4429380841134,
            26.243531298311183
        ],
        "18": [
            91.76569883191794,
            30.416754308697136
        ],
        "19": [
            35.59202592078219,
            98.61475489964863
        ],
        "20": [
            40.65521188553382,
            34.82934140653058
        ],
        "21": [
            26.02187340016806,
            64.27870434560387
        ],
        "22": [
            14.26144380296025,
            81.68903993679059
        ],
        "23": [
            32.23619540456914,
            36.77656974228126
        ],
        "24": [
            74.7144943672497,
            82.97289909020218
        ],
        "25": [
            67.02053629866634,
            38.33156641999938
        ],
        "26": [
            46.48858646104568,
            68.03663243977314
        ],
        "27": [
            7.729933610159856,
            19.764720315526716
        ],
        "28": [
            90.54999666335894,
            39.856937883444
        ],
        "29": [
            89.90298194121121,
            10.43248547124167
        ],
        "30": [
            4.676680546040002,
            85.40417976957019
        ]
    },
    "distance_matrix_str_keys": {
        "0,0": 0.0,
        "0,1": 83.04062838334313,
        "0,2": 75.45437322701171,
        "0,3": 80.44009635131847,
        "0,4": 83.4068673957418,
        "0,5": 63.09088345591731,
        "0,6": 114.8042391930437,
        "0,7": 76.21755316386287,
        "0,8": 19.610263445667773,
        "0,9": 92.85251444229924,
        "0,10": 67.60951878459218,
        "0,11": 45.262974877344746,
        "0,12": 49.39841069351043,
        "0,13": 78.83209927194294,
        "0,14": 63.44405859071911,
        "0,15": 75.54377767319947,
        "0,16": 89.84760452073309,
        "0,17": 33.96218269562202,
        "0,18": 31.51162735249202,
        "0,19": 117.78479107638205,
        "0,20": 68.81051445210646,
        "0,21": 98.00262775849592,
        "0,22": 118.42381206728447,
        "0,23": 77.10025483263082,
        "0,24": 86.74017972391296,
        "0,25": 50.56633277427194,
        "0,26": 86.5589667953689,
        "0,27": 94.36317777998207,
        "0,28": 40.96190987377469,
        "0,29": 14.518489135828682,
        "0,30": 127.98597248853005,
        "1,0": 83.04062838334313,
        "1,1": 0.0,
        "1,2": 34.645832154951215,
        "1,3": 58.616627452564465,
        "1,4": 29.764082517590865,
        "1,5": 25.979396702550403,
        "1,6": 32.6787355079016,
        "1,7": 25.04488067015774,
        "1,8": 66.92107871111278,
        "1,9": 52.04158327238516,
        "1,10": 54.61221714857734,
        "1,11": 54.90203220078877,
        "1,12": 46.078143260708224,
        "1,13": 39.93018547417009,
        "1,14": 20.8825599706324,
        "1,15": 45.26400069332697,
        "1,16": 63.13184634855904,
        "1,17": 49.086175430177065,
        "1,18": 55.52038703474798,
        "1,19": 35.93240898216055,
        "1,20": 31.159596588743824,
        "1,21": 22.34115845855078,
        "1,22": 37.9447410530635,
        "1,23": 32.52040186563369,
        "1,24": 31.893998344325954,
        "1,25": 32.57358037967838,
        "1,26": 3.5418456108020173,
        "1,27": 60.8146147883797,
        "1,28": 49.134063922675544,
        "1,29": 68.60615444315148,
        "1,30": 48.19516884246528,
        "2,0": 75.45437322701171,
        "2,1": 34.645832154951215,
        "2,2": 0.0,
        "2,3": 23.993095886877857,
        "2,4": 61.56481080609039,
        "2,5": 46.443605149801876,
        "2,6": 51.07788231037775,
        "2,7": 54.4589299158085,
        "2,8": 66.28448868727754,
        "2,9": 83.62338364204851,
        "2,10": 21.67586313860437,
        "2,11": 33.070229644196566,
        "2,12": 26.36858764216298,
        "2,13": 6.073265621939109,
        "2,14": 38.169443138212145,
        "2,15": 72.50600393318713,
        "2,16": 29.445382967788017,
        "2,17": 46.41695553970195,
        "2,18": 59.18306157603133,
        "2,19": 64.56446340698525,
        "2,20": 7.988888312333447,
        "2,21": 30.893584277664143,
        "2,22": 51.02147617893329,
        "2,23": 2.7012207072720607,
        "2,24": 64.43940878517972,
        "2,25": 34.58024363165844,
        "2,26": 36.617445240245544,
        "2,27": 28.798528113863725,
        "2,28": 58.13592353971902,
        "2,29": 61.91319848390089,
        "2,30": 58.44462437445378,
        "3,0": 80.44009635131847,
        "3,1": 58.616627452564465,
        "3,2": 23.993095886877857,
        "3,3": 0.0,
        "3,4": 85.14171569083031,
        "3,5": 68.2379950103725,
        "3,6": 70.66253679941639,
        "3,7": 77.71229831122814,
        "3,8": 76.89999613720765,
        "3,9": 106.92765541869008,
        "3,10": 12.903207685733108,
        "3,11": 35.436643348037556,
        "3,12": 34.409530566234366,
        "3,13": 18.892671318106515,
        "3,14": 60.20057791937687,
        "3,15": 94.73444943184643,
        "3,16": 9.45274686264898,
        "3,17": 59.18830060973128,
        "3,18": 73.10955120509583,
        "3,19": 86.55808015963605,
        "3,20": 29.333833984707557,
        "3,21": 51.20694186389221,
        "3,22": 68.637800634865,
        "3,23": 26.122286921696116,
        "3,24": 88.13237329812382,
        "3,25": 52.648283916314746,
        "3,26": 60.47112524570219,
        "3,27": 14.447181203292528,
        "3,28": 74.73251788022652,
        "3,29": 69.2887948517864,
        "3,30": 73.80746731282713,
        "4,0": 83.4068673957418,
        "4,1": 29.764082517590865,
        "4,2": 61.56481080609039,
        "4,3": 85.14171569083031,
        "4,4": 0.0,
        "4,5": 22.368636694342403,
        "4,6": 52.87130955481004,
        "4,7": 8.440716028117992,
        "4,8": 64.18881719548294,
        "4,9": 22.37768403162879,
        "4,10": 78.4238721319251,
        "4,11": 71.15161024980715,
        "4,12": 63.223527349625726,
        "4,13": 67.42056795600105,
        "4,14": 27.46821886402741,
        "4,15": 18.530956564088164,
        "4,16": 90.95886155323535,
        "4,17": 53.29586164825769,
        "4,18": 51.951948784820125,
        "4,19": 43.32746398705688,
        "4,20": 55.9056435596816,
        "4,21": 50.7011069512618,
        "4,22": 60.202095376963086,
        "4,23": 59.959219538757026,
        "4,24": 3.597703903267713,
        "4,25": 41.71712943781452,
        "4,26": 30.14921171758536,
        "4,27": 89.45587786757133,
        "4,28": 42.69475821230368,
        "4,29": 70.67181246997885,
        "4,30": 70.00190438600937,
        "5,0": 63.09088345591731,
        "5,1": 25.979396702550403,
        "5,2": 46.443605149801876,
        "5,3": 68.2379950103725,
        "5,4": 22.368636694342403,
        "5,5": 0.0,
        "5,6": 57.97215500082855,
        "5,7": 14.08476613080457,
        "5,8": 44.77078688269566,
        "5,9": 40.46555674165871,
        "5,10": 59.59976141953037,
        "5,11": 49.44026200521725,
        "5,12": 41.99901822235114,
        "5,13": 52.51472459395698,
        "5,14": 8.288271092255782,
        "5,15": 26.526614973759703,
        "5,16": 75.38060041599317,
        "5,17": 31.278718354065553,
        "5,18": 32.542250359911385,
        "5,19": 55.96569450695862,
        "5,20": 39.312211819451065,
        "5,21": 47.60769552224618,
        "5,22": 63.7663059841413,
        "5,23": 45.60154862703514,
        "5,24": 25.96558282749644,
        "5,25": 19.682896269668458,
        "5,26": 28.767300213346104,
        "5,27": 75.24191598692242,
        "5,28": 24.51825589445503,
        "5,29": 49.56883329057754,
        "5,30": 74.04271820033831,
        "6,0": 114.8042391930437,
        "6,1": 32.6787355079016,
        "6,2": 51.07788231037775,
        "6,3": 70.66253679941639,
        "6,4": 52.87130955481004,
        "6,5": 57.97215500082855,
        "6,6": 0.0,
        "6,7": 52.48972221729503,
        "6,8": 99.41500461384861,
        "6,9": 71.27992315228335,
        "6,10": 72.51609497294822,
        "6,11": 80.95402401313262,
        "6,12": 72.4886584254096,
        "6,13": 53.350379625744736,
        "6,14": 53.55676589378448,
        "6,15": 71.26344451582813,
        "6,16": 70.84017649921084,
        "6,17": 80.93547281798882,
        "6,18": 88.17003701491315,
        "6,19": 20.124835865807885,
        "6,20": 52.6852471450051,
        "6,21": 20.18442671796713,
        "6,22": 7.839109774871642,
        "6,23": 48.379433574149715,
        "6,24": 52.97423461294507,
        "6,25": 64.30818315013246,
        "6,26": 29.444879021602233,
        "6,27": 65.75340185807606,
        "6,28": 81.74674724369122,
        "6,29": 100.28878873059591,
        "6,30": 17.130809296697603,
        "7,0": 76.21755316386287,
        "7,1": 25.04488067015774,
        "7,2": 54.4589299158085,
        "7,3": 77.71229831122814,
        "7,4": 8.440716028117992,
        "7,5": 14.08476613080457,
        "7,6": 52.48972221729503,
        "7,7": 0.0,
        "7,8": 57.30366001416759,
        "7,9": 29.218021035418175,
        "7,10": 70.50870921202957,
        "7,11": 62.72241263166793,
        "7,12": 54.83842567606678,
        "7,13": 60.42041316137014,
        "7,14": 19.10323772897988,
        "7,15": 20.230971882903454,
        "7,16": 83.90385842515124,
        "7,17": 45.26696049011475,
        "7,18": 44.98873726184117,
        "7,19": 46.124233516560146,
        "7,20": 48.38517970475194,
        "7,21": 47.11788738174044,
        "7,22": 59.32261402585745,
        "7,23": 53.037031242827176,
        "7,24": 12.016924792330324,
        "7,25": 33.2826582463888,
        "7,26": 26.332530374098578,
        "7,27": 82.77765872164568,
        "7,28": 36.045332321777984,
        "7,29": 63.111698917447306,
        "7,30": 69.4427809592537,
        "8,0": 19.610263445667773,
        "8,1": 66.92107871111278,
        "8,2": 66.28448868727754,
        "8,3": 76.89999613720765,
        "8,4": 64.18881719548294,
        "8,5": 44.77078688269566,
        "8,6": 99.41500461384861,
        "8,7": 57.30366001416759,
        "8,8": 0.0,
        "8,9": 73.28068953512116,
        "8,10": 64.16737144819291,
        "8,11": 42.245638201076495,
        "8,12": 42.77961515634987,
        "8,13": 70.77729576392902,
        "8,14": 46.40773199763191,
        "8,15": 55.951035027171166,
        "8,16": 86.2674941477634,
        "8,17": 20.083950863585642,
        "8,18": 12.319266263000447,
        "8,19": 100.41268394648122,
        "8,20": 58.73511924140077,
        "8,21": 84.24456852136446,
        "8,22": 103.81543744394187,
        "8,23": 67.37094458805603,
        "8,24": 67.4507613996824,
        "8,25": 35.72550195614313,
        "8,26": 70.34304840883863,
        "8,27": 89.60592545550409,
        "8,28": 21.52593537258475,
        "8,29": 11.668939628587944,
        "8,30": 113.74715083600223,
        "9,0": 92.85251444229924,
        "9,1": 52.04158327238516,
        "9,2": 83.62338364204851,
        "9,3": 106.92765541869008,
        "9,4": 22.37768403162879,
        "9,5": 40.46555674165871,
        "9,6": 71.27992315228335,
        "9,7": 29.218021035418175,
        "9,8": 73.28068953512116,
        "9,9": 0.0,
        "9,10": 99.46058689761608,
        "9,11": 89.66042825107397,
        "9,12": 82.44436424240814,
        "9,13": 89.5490514079908,
        "9,14": 47.513273895896006,
        "9,15": 17.38361470560988,
        "9,16": 113.06470654360088,
        "9,17": 67.78395677730806,
        "9,18": 62.138216255326775,
        "9,19": 57.24637087178738,
        "9,20": 77.59700752059078,
        "9,21": 72.25508539267007,
        "9,22": 79.004998483197,
        "9,23": 82.12437658199332,
        "9,24": 20.21467063284923,
        "9,25": 59.91426404153707,
        "9,26": 52.14859017348419,
        "9,27": 111.74294426891582,
        "9,28": 52.730173013310335,
        "9,29": 82.15952366624289,
        "9,30": 88.12981748152602,
        "10,0": 67.60951878459218,
        "10,1": 54.61221714857734,
        "10,2": 21.67586313860437,
        "10,3": 12.903207685733108,
        "10,4": 78.4238721319251,
        "10,5": 59.59976141953037,
        "10,6": 72.51609497294822,
        "10,7": 70.50870921202957,
        "10,8": 64.16737144819291,
        "10,9": 99.46058689761608,
        "10,10": 0.0,
        "10,11": 22.533877615622306,
        "10,12": 22.114916111102445,
        "10,13": 19.47230188316782,
        "10,14": 52.00008662368199,
        "10,15": 86.04487828953276,
        "10,16": 22.35585066722389,
        "10,17": 46.9645756851894,
        "10,18": 60.92548682095958,
        "10,19": 86.18304281624906,
        "10,20": 23.475170659865086,
        "10,21": 52.36636597862889,
        "10,22": 71.86920459086734,
        "10,23": 24.355951027431047,
        "10,24": 81.65375803592646,
        "10,25": 42.308057186718266,
        "10,26": 57.067288007921476,
        "10,27": 26.832438106058436,
        "10,28": 63.24606756725096,
        "10,29": 56.391506513128405,
        "10,30": 78.45370487438817,
        "11,0": 45.262974877344746,
        "11,1": 54.90203220078877,
        "11,2": 33.070229644196566,
        "11,3": 35.436643348037556,
        "11,4": 71.15161024980715,
        "11,5": 49.44026200521725,
        "11,6": 80.95402401313262,
        "11,7": 62.72241263166793,
        "11,8": 42.245638201076495,
        "11,9": 89.66042825107397,
        "11,10": 22.533877615622306,
        "11,11": 0.0,
        "11,12": 8.827316541207916,
        "11,13": 34.99949155519676,
        "11,14": 43.77096455013715,
        "11,15": 74.09580221319003,
        "11,16": 44.88878168148925,
        "11,17": 27.315431252996895,
        "11,18": 40.85173338942264,
        "11,19": 90.29493421876435,
        "11,20": 28.635480687572866,
        "11,21": 61.43611798765792,
        "11,22": 82.39087271013186,
        "11,23": 35.31765153300417,
        "11,24": 74.69418967675873,
        "11,25": 29.783019701480555,
        "11,26": 58.16265532752814,
        "11,27": 49.131192495002345,
        "11,28": 45.2279074936502,
        "11,29": 33.89386369023361,
        "11,30": 90.67524228389249,
        "12,0": 49.39841069351043,
        "12,1": 46.078143260708224,
        "12,2": 26.36858764216298,
        "12,3": 34.409530566234366,
        "12,4": 63.223527349625726,
        "12,5": 41.99901822235114,
        "12,6": 72.4886584254096,
        "12,7": 54.83842567606678,
        "12,8": 42.77961515634987,
        "12,9": 82.44436424240814,
        "12,10": 22.114916111102445,
        "12,11": 8.827316541207916,
        "12,12": 0.0,
        "12,13": 29.433738305837682,
        "12,14": 35.75585124014187,
        "12,15": 67.45977981441631,
        "12,16": 43.65103829526293,
        "12,17": 24.857838946938557,
        "12,18": 38.81651310526697,
        "12,19": 81.48678065165696,
        "12,20": 20.7932440227474,
        "12,21": 53.210814503294635,
        "12,22": 74.21504090095016,
        "12,23": 28.307432943128198,
        "12,24": 66.72559665715538,
        "12,25": 22.695647377081265,
        "12,26": 49.33534456044851,
        "12,27": 46.827428976900414,
        "12,28": 41.41858933574258,
        "12,29": 36.458584917866574,
        "12,30": 82.75896380293105,
        "13,0": 78.83209927194294,
        "13,1": 39.93018547417009,
        "13,2": 6.073265621939109,
        "13,3": 18.892671318106515,
        "13,4": 67.42056795600105,
        "13,5": 52.51472459395698,
        "13,6": 53.350379625744736,
        "13,7": 60.42041316137014,
        "13,8": 70.77729576392902,
        "13,9": 89.5490514079908,
        "13,10": 19.47230188316782,
        "13,11": 34.99949155519676,
        "13,12": 29.433738305837682,
        "13,13": 0.0,
        "13,14": 44.24197031837865,
        "13,15": 78.57019990916237,
        "13,16": 23.538705464601613,
        "13,17": 51.15666100560568,
        "13,18": 64.26325706135252,
        "13,19": 68.12960751743563,
        "13,20": 13.705923399320488,
        "13,21": 33.344853284432574,
        "13,22": 52.42258823267021,
        "13,23": 7.492601455055417,
        "13,24": 70.23806368781828,
        "13,25": 40.19617999184087,
        "13,26": 41.64797313070064,
        "13,27": 22.72735612946621,
        "13,28": 63.66891795038654,
        "13,29": 65.69013153953284,
        "13,30": 59.03004843861063,
        "14,0": 63.44405859071911,
        "14,1": 20.8825599706324,
        "14,2": 38.169443138212145,
        "14,3": 60.20057791937687,
        "14,4": 27.46821886402741,
        "14,5": 8.288271092255782,
        "14,6": 53.55676589378448,
        "14,7": 19.10323772897988,
        "14,8": 46.40773199763191,
        "14,9": 47.513273895896006,
        "14,10": 52.00008662368199,
        "14,11": 43.77096455013715,
        "14,12": 35.75585124014187,
        "14,13": 44.24197031837865,
        "14,14": 0.0,
        "14,15": 34.55460088707828,
        "14,16": 67.18998934731223,
        "14,17": 29.967735310858565,
        "14,18": 34.74430262029896,
        "14,19": 54.343862928846725,
        "14,20": 31.122466934428683,
        "14,21": 41.12284384739513,
        "14,22": 58.698307753512545,
        "14,23": 37.313319555737024,
        "14,24": 30.972903427055954,
        "14,25": 15.08048525529155,
        "14,26": 24.15464540336255,
        "14,27": 66.96762053810903,
        "14,28": 28.307137422527397,
        "14,29": 49.28923277920483,
        "14,30": 68.89938791276522,
        "15,0": 75.54377767319947,
        "15,1": 45.26400069332697,
        "15,2": 72.50600393318713,
        "15,3": 94.73444943184643,
        "15,4": 18.530956564088164,
        "15,5": 26.526614973759703,
        "15,6": 71.26344451582813,
        "15,7": 20.230971882903454,
        "15,8": 55.951035027171166,
        "15,9": 17.38361470560988,
        "15,10": 86.04487828953276,
        "15,11": 74.09580221319003,
        "15,12": 67.45977981441631,
        "15,13": 78.57019990916237,
        "15,14": 34.55460088707828,
        "15,15": 0.0,
        "15,16": 101.7079768695663,
        "15,17": 50.89274929563422,
        "15,18": 44.75558821846008,
        "15,19": 61.51556194462742,
        "15,20": 65.65984891897816,
        "15,21": 67.32785675595915,
        "15,22": 78.47354425297739,
        "15,23": 71.4222919150527,
        "15,24": 19.38969221461063,
        "15,25": 44.768130519529805,
        "15,26": 46.52452931795139,
        "15,27": 101.23821477072335,
        "15,28": 35.36177369273058,
        "15,29": 64.78503629890493,
        "15,30": 88.38169753255706,
        "16,0": 89.84760452073309,
        "16,1": 63.13184634855904,
        "16,2": 29.445382967788017,
        "16,3": 9.45274686264898,
        "16,4": 90.95886155323535,
        "16,5": 75.38060041599317,
        "16,6": 70.84017649921084,
        "16,7": 83.90385842515124,
        "16,8": 86.2674941477634,
        "16,9": 113.06470654360088,
        "16,10": 22.35585066722389,
        "16,11": 44.88878168148925,
        "16,12": 43.65103829526293,
        "16,13": 23.538705464601613,
        "16,14": 67.18998934731223,
        "16,15": 101.7079768695663,
        "16,16": 0.0,
        "16,17": 68.31634657057081,
        "16,18": 82.19034661431444,
        "16,19": 88.09726138199643,
        "16,20": 36.07089691344644,
        "16,21": 52.45448058174707,
        "16,22": 67.80676440122396,
        "16,23": 31.013450472027433,
        "16,24": 93.77097363306319,
        "16,25": 60.874794798548,
        "16,26": 64.55805958599814,
        "16,27": 6.793388550304418,
        "16,28": 83.43242264337039,
        "16,29": 78.73968041818041,
        "16,30": 71.75560760281638,
        "17,0": 33.96218269562202,
        "17,1": 49.086175430177065,
        "17,2": 46.41695553970195,
        "17,3": 59.18830060973128,
        "17,4": 53.29586164825769,
        "17,5": 31.278718354065553,
        "17,6": 80.93547281798882,
        "17,7": 45.26696049011475,
        "17,8": 20.083950863585642,
        "17,9": 67.78395677730806,
        "17,10": 46.9645756851894,
        "17,11": 27.315431252996895,
        "17,12": 24.857838946938557,
        "17,13": 51.15666100560568,
        "17,14": 29.967735310858565,
        "17,15": 50.89274929563422,
        "17,16": 68.31634657057081,
        "17,17": 0.0,
        "17,18": 13.961079622925173,
        "17,19": 84.10585401019544,
        "17,20": 38.75085013871592,
        "17,21": 64.76605909993197,
        "17,22": 84.81431858089405,
        "17,23": 47.39206650818013,
        "17,24": 56.85175865896727,
        "17,25": 16.631050948492444,
        "17,26": 52.60935174159742,
        "17,27": 71.0091824589188,
        "17,28": 18.21827945480639,
        "17,29": 19.5274620817017,
        "17,30": 94.55920409306145,
        "18,0": 31.51162735249202,
        "18,1": 55.52038703474798,
        "18,2": 59.18306157603133,
        "18,3": 73.10955120509583,
        "18,4": 51.951948784820125,
        "18,5": 32.542250359911385,
        "18,6": 88.17003701491315,
        "18,7": 44.98873726184117,
        "18,8": 12.319266263000447,
        "18,9": 62.138216255326775,
        "18,10": 60.92548682095958,
        "18,11": 40.85173338942264,
        "18,12": 38.81651310526697,
        "18,13": 64.26325706135252,
        "18,14": 34.74430262029896,
        "18,15": 44.75558821846008,
        "18,16": 82.19034661431444,
        "18,17": 13.961079622925173,
        "18,18": 0.0,
        "18,19": 88.35411033410209,
        "18,20": 51.30061208984225,
        "18,21": 73.95189140720046,
        "18,22": 92.92877283770895,
        "18,23": 59.868263968950934,
        "18,24": 55.252981168353635,
        "18,25": 25.980133170448827,
        "18,26": 58.86656211502083,
        "18,27": 84.70817944329876,
        "18,28": 9.518140453237676,
        "18,29": 20.070892236834364,
        "18,30": 102.99569925396426,
        "19,0": 117.78479107638205,
        "19,1": 35.93240898216055,
        "19,2": 64.56446340698525,
        "19,3": 86.55808015963605,
        "19,4": 43.32746398705688,
        "19,5": 55.96569450695862,
        "19,6": 20.124835865807885,
        "19,7": 46.124233516560146,
        "19,8": 100.41268394648122,
        "19,9": 57.24637087178738,
        "19,10": 86.18304281624906,
        "19,11": 90.29493421876435,
        "19,12": 81.48678065165696,
        "19,13": 68.12960751743563,
        "19,14": 54.343862928846725,
        "19,15": 61.51556194462742,
        "19,16": 88.09726138199643,
        "19,17": 84.10585401019544,
        "19,18": 88.35411033410209,
        "19,19": 0.0,
        "19,20": 63.98605181288891,
        "19,21": 35.644805889746884,
        "19,22": 27.23001212796391,
        "19,23": 61.92917520854284,
        "19,24": 42.13353997124333,
        "19,25": 67.98392514297544,
        "19,26": 32.461617408545266,
        "19,27": 83.62789093264796,
        "19,28": 80.45408385316253,
        "19,29": 103.56540245370137,
        "19,30": 33.619605513852186,
        "20,0": 68.81051445210646,
        "20,1": 31.159596588743824,
        "20,2": 7.988888312333447,
        "20,3": 29.333833984707557,
        "20,4": 55.9056435596816,
        "20,5": 39.312211819451065,
        "20,6": 52.6852471450051,
        "20,7": 48.38517970475194,
        "20,8": 58.73511924140077,
        "20,9": 77.59700752059078,
        "20,10": 23.475170659865086,
        "20,11": 28.635480687572866,
        "20,12": 20.7932440227474,
        "20,13": 13.705923399320488,
        "20,14": 31.122466934428683,
        "20,15": 65.65984891897816,
        "20,16": 36.07089691344644,
        "20,17": 38.75085013871592,
        "20,18": 51.30061208984225,
        "20,19": 63.98605181288891,
        "20,20": 0.0,
        "20,21": 32.88464037730305,
        "20,22": 53.78161711908197,
        "20,23": 8.641269391605913,
        "20,24": 58.973187717897126,
        "20,25": 26.59691545000451,
        "20,26": 33.71575947097588,
        "20,27": 36.207965396115966,
        "20,28": 50.147445342311926,
        "20,29": 54.95952542539025,
        "20,30": 62.066649601815314,
        "21,0": 98.00262775849592,
        "21,1": 22.34115845855078,
        "21,2": 30.893584277664143,
        "21,3": 51.20694186389221,
        "21,4": 50.7011069512618,
        "21,5": 47.60769552224618,
        "21,6": 20.18442671796713,
        "21,7": 47.11788738174044,
        "21,8": 84.24456852136446,
        "21,9": 72.25508539267007,
        "21,10": 52.36636597862889,
        "21,11": 61.43611798765792,
        "21,12": 53.210814503294635,
        "21,13": 33.344853284432574,
        "21,14": 41.12284384739513,
        "21,15": 67.32785675595915,
        "21,16": 52.45448058174707,
        "21,17": 64.76605909993197,
        "21,18": 73.95189140720046,
        "21,19": 35.644805889746884,
        "21,20": 32.88464037730305,
        "21,21": 0.0,
        "21,22": 21.01017586096377,
        "21,23": 28.19548200889033,
        "21,24": 52.157878156543575,
        "21,25": 48.51952520372641,
        "21,26": 20.808853093749427,
        "21,27": 48.12577101212249,
        "21,28": 68.99493727080149,
        "21,29": 83.54765894684456,
        "21,30": 30.03169941692485,
        "22,0": 118.42381206728447,
        "22,1": 37.9447410530635,
        "22,2": 51.02147617893329,
        "22,3": 68.637800634865,
        "22,4": 60.202095376963086,
        "22,5": 63.7663059841413,
        "22,6": 7.839109774871642,
        "22,7": 59.32261402585745,
        "22,8": 103.81543744394187,
        "22,9": 79.004998483197,
        "22,10": 71.86920459086734,
        "22,11": 82.39087271013186,
        "22,12": 74.21504090095016,
        "22,13": 52.42258823267021,
        "22,14": 58.698307753512545,
        "22,15": 78.47354425297739,
        "22,16": 67.80676440122396,
        "22,17": 84.81431858089405,
        "22,18": 92.92877283770895,
        "22,19": 27.23001212796391,
        "22,20": 53.78161711908197,
        "22,21": 21.01017586096377,
        "22,22": 0.0,
        "22,23": 48.37583770966897,
        "22,24": 60.46668187402328,
        "22,25": 68.28903536241907,
        "22,26": 34.999670775154556,
        "22,27": 62.26782464447511,
        "22,28": 87.00498870602449,
        "22,29": 103.91890514349262,
        "22,30": 10.279589032072929,
        "23,0": 77.10025483263082,
        "23,1": 32.52040186563369,
        "23,2": 2.7012207072720607,
        "23,3": 26.122286921696116,
        "23,4": 59.959219538757026,
        "23,5": 45.60154862703514,
        "23,6": 48.379433574149715,
        "23,7": 53.037031242827176,
        "23,8": 67.37094458805603,
        "23,9": 82.12437658199332,
        "23,10": 24.355951027431047,
        "23,11": 35.31765153300417,
        "23,12": 28.307432943128198,
        "23,13": 7.492601455055417,
        "23,14": 37.313319555737024,
        "23,15": 71.4222919150527,
        "23,16": 31.013450472027433,
        "23,17": 47.39206650818013,
        "23,18": 59.868263968950934,
        "23,19": 61.92917520854284,
        "23,20": 8.641269391605913,
        "23,21": 28.19548200889033,
        "23,22": 48.37583770966897,
        "23,23": 0.0,
        "23,24": 62.75752327796603,
        "23,25": 34.8190807762709,
        "23,26": 34.35581713011431,
        "23,27": 29.83219549504684,
        "23,28": 58.39510326332787,
        "23,29": 63.399282689493255,
        "23,30": 55.89428697285242,
        "24,0": 86.74017972391296,
        "24,1": 31.893998344325954,
        "24,2": 64.43940878517972,
        "24,3": 88.13237329812382,
        "24,4": 3.597703903267713,
        "24,5": 25.96558282749644,
        "24,6": 52.97423461294507,
        "24,7": 12.016924792330324,
        "24,8": 67.4507613996824,
        "24,9": 20.21467063284923,
        "24,10": 81.65375803592646,
        "24,11": 74.69418967675873,
        "24,12": 66.72559665715538,
        "24,13": 70.23806368781828,
        "24,14": 30.972903427055954,
        "24,15": 19.38969221461063,
        "24,16": 93.77097363306319,
        "24,17": 56.85175865896727,
        "24,18": 55.252981168353635,
        "24,19": 42.13353997124333,
        "24,20": 58.973187717897126,
        "24,21": 52.157878156543575,
        "24,22": 60.46668187402328,
        "24,23": 62.75752327796603,
        "24,24": 0.0,
        "24,25": 45.29950963678122,
        "24,26": 31.934212665763802,
        "24,27": 92.09888839628627,
        "24,28": 45.93200674641548,
        "24,29": 74.11343847639411,
        "24,30": 70.08000064637771,
        "25,0": 50.56633277427194,
        "25,1": 32.57358037967838,
        "25,2": 34.58024363165844,
        "25,3": 52.648283916314746,
        "25,4": 41.71712943781452,
        "25,5": 19.682896269668458,
        "25,6": 64.30818315013246,
        "25,7": 33.2826582463888,
        "25,8": 35.72550195614313,
        "25,9": 59.91426404153707,
        "25,10": 42.308057186718266,
        "25,11": 29.783019701480555,
        "25,12": 22.695647377081265,
        "25,13": 40.19617999184087,
        "25,14": 15.08048525529155,
        "25,15": 44.768130519529805,
        "25,16": 60.874794798548,
        "25,17": 16.631050948492444,
        "25,18": 25.980133170448827,
        "25,19": 67.98392514297544,
        "25,20": 26.59691545000451,
        "25,21": 48.51952520372641,
        "25,22": 68.28903536241907,
        "25,23": 34.8190807762709,
        "25,24": 45.29950963678122,
        "25,25": 0.0,
        "25,26": 36.110274318726646,
        "25,27": 62.12972993208247,
        "25,28": 23.57885203217347,
        "25,29": 36.08275261630349,
        "25,30": 78.1190583510994,
        "26,0": 86.5589667953689,
        "26,1": 3.5418456108020173,
        "26,2": 36.617445240245544,
        "26,3": 60.47112524570219,
        "26,4": 30.14921171758536,
        "26,5": 28.767300213346104,
        "26,6": 29.444879021602233,
        "26,7": 26.332530374098578,
        "26,8": 70.34304840883863,
        "26,9": 52.14859017348419,
        "26,10": 57.067288007921476,
        "26,11": 58.16265532752814,
        "26,12": 49.33534456044851,
        "26,13": 41.64797313070064,
        "26,14": 24.15464540336255,
        "26,15": 46.52452931795139,
        "26,16": 64.55805958599814,
        "26,17": 52.60935174159742,
        "26,18": 58.86656211502083,
        "26,19": 32.461617408545266,
        "26,20": 33.71575947097588,
        "26,21": 20.808853093749427,
        "26,22": 34.999670775154556,
        "26,23": 34.35581713011431,
        "26,24": 31.934212665763802,
        "26,25": 36.110274318726646,
        "26,26": 0.0,
        "26,27": 61.90646711730891,
        "26,28": 52.302036808374126,
        "26,29": 72.13215290617902,
        "26,30": 45.27545887672512,
        "27,0": 94.36317777998207,
        "27,1": 60.8146147883797,
        "27,2": 28.798528113863725,
        "27,3": 14.447181203292528,
        "27,4": 89.45587786757133,
        "27,5": 75.24191598692242,
        "27,6": 65.75340185807606,
        "27,7": 82.77765872164568,
        "27,8": 89.60592545550409,
        "27,9": 111.74294426891582,
        "27,10": 26.832438106058436,
        "27,11": 49.131192495002345,
        "27,12": 46.827428976900414,
        "27,13": 22.72735612946621,
        "27,14": 66.96762053810903,
        "27,15": 101.23821477072335,
        "27,16": 6.793388550304418,
        "27,17": 71.0091824589188,
        "27,18": 84.70817944329876,
        "27,19": 83.62789093264796,
        "27,20": 36.207965396115966,
        "27,21": 48.12577101212249,
        "27,22": 62.26782464447511,
        "27,23": 29.83219549504684,
        "27,24": 92.09888839628627,
        "27,25": 62.12972993208247,
        "27,26": 61.90646711730891,
        "27,27": 0.0,
        "27,28": 85.22241519067853,
        "27,29": 82.70127253680072,
        "27,30": 65.71043289838057,
        "28,0": 40.96190987377469,
        "28,1": 49.134063922675544,
        "28,2": 58.13592353971902,
        "28,3": 74.73251788022652,
        "28,4": 42.69475821230368,
        "28,5": 24.51825589445503,
        "28,6": 81.74674724369122,
        "28,7": 36.045332321777984,
        "28,8": 21.52593537258475,
        "28,9": 52.730173013310335,
        "28,10": 63.24606756725096,
        "28,11": 45.2279074936502,
        "28,12": 41.41858933574258,
        "28,13": 63.66891795038654,
        "28,14": 28.307137422527397,
        "28,15": 35.36177369273058,
        "28,16": 83.43242264337039,
        "28,17": 18.21827945480639,
        "28,18": 9.518140453237676,
        "28,19": 80.45408385316253,
        "28,20": 50.147445342311926,
        "28,21": 68.99493727080149,
        "28,22": 87.00498870602449,
        "28,23": 58.39510326332787,
        "28,24": 45.93200674641548,
        "28,25": 23.57885203217347,
        "28,26": 52.302036808374126,
        "28,27": 85.22241519067853,
        "28,28": 0.0,
        "28,29": 29.431565160701787,
        "28,30": 97.20482325696744,
        "29,0": 14.518489135828682,
        "29,1": 68.60615444315148,
        "29,2": 61.91319848390089,
        "29,3": 69.2887948517864,
        "29,4": 70.67181246997885,
        "29,5": 49.56883329057754,
        "29,6": 100.28878873059591,
        "29,7": 63.111698917447306,
        "29,8": 11.668939628587944,
        "29,9": 82.15952366624289,
        "29,10": 56.391506513128405,
        "29,11": 33.89386369023361,
        "29,12": 36.458584917866574,
        "29,13": 65.69013153953284,
        "29,14": 49.28923277920483,
        "29,15": 64.78503629890493,
        "29,16": 78.73968041818041,
        "29,17": 19.5274620817017,
        "29,18": 20.070892236834364,
        "29,19": 103.56540245370137,
        "29,20": 54.95952542539025,
        "29,21": 83.54765894684456,
        "29,22": 103.91890514349262,
        "29,23": 63.399282689493255,
        "29,24": 74.11343847639411,
        "29,25": 36.08275261630349,
        "29,26": 72.13215290617902,
        "29,27": 82.70127253680072,
        "29,28": 29.431565160701787,
        "29,29": 0.0,
        "29,30": 113.508930906174,
        "30,0": 127.98597248853005,
        "30,1": 48.19516884246528,
        "30,2": 58.44462437445378,
        "30,3": 73.80746731282713,
        "30,4": 70.00190438600937,
        "30,5": 74.04271820033831,
        "30,6": 17.130809296697603,
        "30,7": 69.4427809592537,
        "30,8": 113.74715083600223,
        "30,9": 88.12981748152602,
        "30,10": 78.45370487438817,
        "30,11": 90.67524228389249,
        "30,12": 82.75896380293105,
        "30,13": 59.03004843861063,
        "30,14": 68.89938791276522,
        "30,15": 88.38169753255706,
        "30,16": 71.75560760281638,
        "30,17": 94.55920409306145,
        "30,18": 102.99569925396426,
        "30,19": 33.619605513852186,
        "30,20": 62.066649601815314,
        "30,21": 30.03169941692485,
        "30,22": 10.279589032072929,
        "30,23": 55.89428697285242,
        "30,24": 70.08000064637771,
        "30,25": 78.1190583510994,
        "30,26": 45.27545887672512,
        "30,27": 65.71043289838057,
        "30,28": 97.20482325696744,
        "30,29": 113.508930906174,
        "30,30": 0.0
    }
}