{
    "num_robots": 2,
    "num_tasks": 60,
    "num_nodes": 61,
    "robot_capacity": [
        375,
        381
    ],
    "robot_speed": [
        1.14,
        1.16
    ],
    "task_demand": {
        "0": 0,
        "1": 6,
        "2": 8,
        "3": 15,
        "4": 13,
        "5": 10,
        "6": 11,
        "7": 8,
        "8": 10,
        "9": 5,
        "10": 12,
        "11": 6,
        "12": 5,
        "13": 5,
        "14": 13,
        "15": 13,
        "16": 11,
        "17": 10,
        "18": 13,
        "19": 7,
        "20": 11,
        "21": 14,
        "22": 15,
        "23": 11,
        "24": 7,
        "25": 11,
        "26": 8,
        "27": 13,
        "28": 8,
        "29": 8,
        "30": 9,
        "31": 7,
        "32": 6,
        "33": 11,
        "34": 10,
        "35": 7,
        "36": 10,
        "37": 5,
        "38": 13,
        "39": 5,
        "40": 14,
        "41": 15,
        "42": 8,
        "43": 7,
        "44": 10,
        "45": 7,
        "46": 11,
        "47": 7,
        "48": 13,
        "49": 14,
        "50": 5,
        "51": 5,
        "52": 15,
        "53": 6,
        "54": 8,
        "55": 7,
        "56": 7,
        "57": 15,
        "58": 9,
        "59": 6,
        "60": 8
    },
    "task_service_time": {
        "0": 0,
        "1": 14,
        "2": 21,
        "3": 82,
        "4": 66,
        "5": 87,
        "6": 97,
        "7": 24,
        "8": 53,
        "9": 15,
        "10": 98,
        "11": 29,
        "12": 50,
        "13": 35,
        "14": 52,
        "15": 19,
        "16": 14,
        "17": 51,
        "18": 61,
        "19": 32,
        "20": 59,
        "21": 45,
        "22": 46,
        "23": 57,
        "24": 43,
        "25": 28,
        "26": 90,
        "27": 20,
        "28": 57,
        "29": 100,
        "30": 36,
        "31": 12,
        "32": 35,
        "33": 12,
        "34": 41,
        "35": 40,
        "36": 67,
        "37": 43,
        "38": 36,
        "39": 19,
        "40": 46,
        "41": 59,
        "42": 11,
        "43": 49,
        "44": 34,
        "45": 41,
        "46": 64,
        "47": 91,
        "48": 74,
        "49": 59,
        "50": 15,
        "51": 62,
        "52": 86,
        "53": 83,
        "54": 88,
        "55": 26,
        "56": 95,
        "57": 80,
        "58": 25,
        "59": 22,
        "60": 38
    },
    "task_precedence": [],
    "coordinates": {
        "0": [
            50.0,
            50.0
        ],
        "1": [
            28.2356411476413,
            75.97246073577824
        ],
        "2": [
            12.347006450865639,
            65.85105994974766
        ],
        "3": [
            72.50572655396063,
            37.25184030466902
        ],
        "4": [
            97.17550329320571,
            29.12559372370904
        ],
        "5": [
            94.97587176553638,
            14.413934974782705
        ],
        "6": [
            3.4976338169872445,
            36.22726791736706
        ],
        "7": [
            70.61623228918543,
            56.82751453802663
        ],
        "8": [
            80.60519824331979,
            86.28885158099774
        ],
        "9": [
            94.74486822045607,
            54.89131023847974
        ],
        "10": [
            3.002592409867555,
            7.021327862294635
        ],
        "11": [
            30.710021828214163,
            61.73492577949165
        ],
        "12": [
            81.49751088312897,
            19.34518707417735
        ],
        "13": [
            57.091467178551106,
            31.83846885508058
        ],
        "14": [
            87.28325955632462,
            92.04236300934645
        ],
        "15": [
            10.488674560692113,
            16.385054285133094
        ],
        "16": [
            55.51132580702847,
            98.54330461031573
        ],
        "17": [
            16.646649009430682,
            31.05061039719533
        ],
        "18": [
            53.485224226023384,
            24.883139147939758
        ],
        "19": [
            2.7291787312181515,
            4.265653733472641
        ],
        "20": [
            33.639987975279965,
            80.87262726915642
        ],
        "21": [
            53.07191469987015,
            85.0702918863995
        ],
        "22": [
            47.201216443628894,
            1.5172133003352961
        ],
        "23": [
            52.069983084188564,
            57.70869604552787
        ],
        "24": [
            18.170269455843002,
            1.5420955054738616
        ],
        "25": [
            74.62334393841277,
            83.0543466959507
        ],
        "26": [
            39.16217292843134,
            93.13057111726853
        ],
        "27": [
            33.47435865911124,
            43.39325804783334
        ],
        "28": [
            68.37396822804746,
            69.97340039453849
        ],
        "29": [
            24.01641213794091,
            17.20747525123424
        ],
        "30": [
            79.38108471082374,
            91.74230202411178
        ],
        "31": [
            64.03583979245978,
            63.553805611224725
        ],
        "32": [
            41.347396392250715,
            48.40923280162279
        ],
        "33": [
            35.71209858352672,
            59.2294222029347
        ],
        "34": [
            77.06145359650634,
            13.049483221968028
        ],
        "35": [
            49.20572835405965,
            47.54001648043204
        ],
        "36": [
            22.735799864849625,
            86.02567248019689
        ],
        "37": [
            24.69233706746099,
            76.65957205190125
        ],
        "38": [
            32.109882918252964,
            73.46710956480833
        ],
        "39": [
            15.49124062914573,
            98.53599395934019
        ],
        "40": [
            27.60368423326177,
            7.030916008437293
        ],
        "41": [
            5.073704454331141,
            4.131086259756456
        ],
        "42": [
            66.29268466041722,
            69.82068618072437
        ],
        "43": [
            44.69006621095409,
            81.88276121194411
        ],
        "44": [
            93.0198678931057,
            2.0951160135518676
        ],
        "45": [
            77.86367801571106,
            91.17364366385789
        ],
        "46": [
            12.59695733158004,
            58.20449539667241
        ],
        "47": [
            8.960126559758896,
            12.296488122071658
        ],
        "48": [
            82.65699176461217,
            74.81205769517165
        ],
        "49": [
            32.442501603749264,
            9.177668716948851
        ],
        "50": [
            86.0386999040723,
            43.445427422405444
        ],
        "51": [
            54.99819277767737,
            36.95733541860663
        ],
        "52": [
            52.63889163418006,
            1.5340568921529685
        ],
        "53": [
            60.53467689372447,
            14.271979692321379
        ],
        "54": [
            46.60071461544846,
            16.94982653060688
        ],
        "55": [
            91.49734861509906,
            0.9690856020680316
        ],
        "56": [
            81.67602073620431,
            23.01127844235211
        ],
        "57": [
            92.16723299568311,
            59.511926704937125
        ],
        "58": [
            19.039033231181968,
            75.0981234890075
        ],
        "59": [
            20.07547976052624,
            58.54599560609769
        ],
        "60": [
            90.22017814700848,
            56.75111164451897
        ]
    },
    "distance_matrix_str_keys": {
        "0,0": 0.0,
        "0,1": 33.885926767993034,
        "0,2": 40.853445689949446,
        "0,3": 25.865484788406924,
        "0,4": 51.5874882927529,
        "0,5": 57.351521906998826,
        "0,6": 48.49905369838668,
        "0,7": 21.717366059644917,
        "0,8": 47.47166427017898,
        "0,9": 45.011422416038315,
        "0,10": 63.686125482034235,
        "0,11": 22.579011070420062,
        "0,12": 43.95236907551186,
        "0,13": 19.496925918522273,
        "0,14": 56.19254159186905,
        "0,15": 51.87590397655108,
        "0,16": 48.85516487170132,
        "0,17": 38.360466480727176,
        "0,18": 25.357513422404345,
        "0,19": 65.77355830310341,
        "0,20": 34.93950640677749,
        "0,21": 35.20457403407315,
        "0,22": 48.56350271099272,
        "0,23": 7.981780796987842,
        "0,24": 57.97672166063081,
        "0,25": 41.21770132122212,
        "0,26": 44.47139148413264,
        "0,27": 17.79735544821788,
        "0,28": 27.139259970858596,
        "0,29": 41.838935426033004,
        "0,30": 51.04574337843232,
        "0,31": 19.511802715957955,
        "0,32": 8.79761839774088,
        "0,33": 17.00959614708366,
        "0,34": 45.80025066437396,
        "0,35": 2.5850312114345493,
        "0,36": 45.179483027807535,
        "0,37": 36.75881642677744,
        "0,38": 29.50866856578479,
        "0,39": 59.55331378635978,
        "0,40": 48.455517116190364,
        "0,41": 64.20536799339045,
        "0,42": 25.657575374897615,
        "0,43": 32.32190989625922,
        "0,44": 64.38623256019349,
        "0,45": 49.71572673834272,
        "0,46": 38.29231444519465,
        "0,47": 55.72993827306909,
        "0,48": 41.01362356805936,
        "0,49": 44.437917157732805,
        "0,50": 36.62991007975225,
        "0,51": 13.967570670147305,
        "0,52": 48.53773161562055,
        "0,53": 37.24876981003625,
        "0,54": 33.22452569236471,
        "0,55": 64.23441841240874,
        "0,56": 41.6144371702501,
        "0,57": 43.22675430971336,
        "0,58": 39.85595646737542,
        "0,59": 31.120908605985715,
        "0,60": 40.78284245382926,
        "1,0": 33.885926767993034,
        "1,1": 0.0,
        "1,2": 18.83856327852641,
        "1,3": 58.81434271036989,
        "1,4": 83.35066611309067,
        "1,5": 90.79488133588244,
        "1,6": 46.815054831369984,
        "1,7": 46.50423067228973,
        "1,8": 53.37600987774243,
        "1,9": 69.77028158258346,
        "1,10": 73.42319438120121,
        "1,11": 14.450950189654483,
        "1,12": 77.73978961938279,
        "1,13": 52.730142568094955,
        "1,14": 61.195285756498514,
        "1,15": 62.174060753281005,
        "1,16": 35.40347393755414,
        "1,17": 46.39264356146941,
        "1,18": 56.988246384124665,
        "1,19": 76.10811911659826,
        "1,20": 7.295107722867954,
        "1,21": 26.45016097505565,
        "1,22": 76.83278543031489,
        "1,23": 30.027336815127175,
        "1,24": 75.1078622756004,
        "1,25": 46.92517532154606,
        "1,26": 20.341825105432886,
        "1,27": 32.99770611644358,
        "1,28": 40.584159789152984,
        "1,29": 58.91625762414789,
        "1,30": 53.52143768186641,
        "1,31": 37.89297056329923,
        "1,32": 30.52293661731698,
        "1,33": 18.336486989139715,
        "1,34": 79.64459216102001,
        "1,35": 35.32914439635016,
        "1,36": 11.459289703730184,
        "1,37": 3.6093109820804745,
        "1,38": 4.613733172500609,
        "1,39": 25.9139494501825,
        "1,40": 68.94444110248182,
        "1,41": 75.48283512156192,
        "1,42": 38.55104267214478,
        "1,43": 17.483699719531412,
        "1,44": 98.25913747949558,
        "1,45": 51.90393054279638,
        "1,46": 23.670002614921753,
        "1,47": 66.52950436407278,
        "1,48": 54.43372059846658,
        "1,49": 66.92713885813316,
        "1,50": 66.32647659697203,
        "1,51": 47.31188194592296,
        "1,52": 78.3364193788266,
        "1,53": 69.6432126708751,
        "1,54": 61.81381133691255,
        "1,55": 98.12007905187531,
        "1,56": 75.23802895137017,
        "1,57": 66.01664651286889,
        "1,58": 9.23807679066228,
        "1,59": 19.242399039094263,
        "1,60": 64.89640273477391,
        "2,0": 40.853445689949446,
        "2,1": 18.83856327852641,
        "2,2": 0.0,
        "2,3": 66.61071211712107,
        "2,4": 92.43718811198664,
        "2,5": 97.33091599733439,
        "2,6": 30.917316351698002,
        "2,7": 58.9637774535732,
        "2,8": 71.25225662067028,
        "2,9": 83.12354502747203,
        "2,10": 59.56723471213938,
        "2,11": 18.81868471111325,
        "2,12": 83.33419751311689,
        "2,13": 56.20429804547347,
        "2,14": 79.38152420711737,
        "2,15": 49.50090013146949,
        "2,16": 54.14740369054877,
        "2,17": 35.06505689701878,
        "2,18": 58.057932244780375,
        "2,19": 62.33189287089255,
        "2,20": 26.058368078806836,
        "2,21": 45.03217769689418,
        "2,22": 73.16870764835022,
        "2,23": 40.548895947488646,
        "2,24": 64.57207833049831,
        "2,25": 64.60878644375666,
        "2,26": 38.25212259154332,
        "2,27": 30.833713328058412,
        "2,28": 56.17841344079193,
        "2,29": 50.02372798393772,
        "2,30": 71.86044853962095,
        "2,31": 51.739857650663836,
        "2,32": 33.841394046602964,
        "2,33": 24.285255131823487,
        "2,34": 83.5222495764184,
        "2,35": 41.156526739657714,
        "2,36": 22.69233393355994,
        "2,37": 16.40826382940764,
        "2,38": 21.179600987843877,
        "2,39": 32.83582068076391,
        "2,40": 60.766566055951614,
        "2,41": 62.14705201557029,
        "2,42": 54.09153473420908,
        "2,43": 36.09832350684674,
        "2,44": 102.8247584994694,
        "2,45": 70.2400704647564,
        "2,46": 7.650648659239093,
        "2,47": 53.661560907622615,
        "2,48": 70.87872399678727,
        "2,49": 60.13070928623282,
        "2,50": 77.02258144824593,
        "2,51": 51.516706148257114,
        "2,52": 75.89540759450493,
        "2,53": 70.58649377119954,
        "2,54": 59.70466609016165,
        "2,55": 102.34474710491098,
        "2,56": 81.49698829636641,
        "2,57": 80.07155035317754,
        "2,58": 11.414526119273619,
        "2,59": 10.634531713385527,
        "2,60": 78.40306071305366,
        "3,0": 25.865484788406924,
        "3,1": 58.81434271036989,
        "3,2": 66.61071211712107,
        "3,3": 0.0,
        "3,4": 25.973713016408748,
        "3,5": 32.0386851429042,
        "3,6": 69.0156982995285,
        "3,7": 19.666652238425314,
        "3,8": 49.70140759135018,
        "3,9": 28.38538922770421,
        "3,10": 75.79293857860604,
        "3,11": 48.43864580982065,
        "3,12": 20.037475273580625,
        "3,13": 16.3371962877239,
        "3,14": 56.74836438072669,
        "3,15": 65.43345854164266,
        "3,16": 63.603877660703155,
        "3,17": 56.2022401376596,
        "3,18": 22.688417245624294,
        "3,19": 77.18066552297437,
        "3,20": 58.423614152734004,
        "3,21": 51.6166383529041,
        "3,22": 43.7867765319935,
        "3,23": 28.91543805590089,
        "3,24": 65.01944149010376,
        "3,25": 45.85143285776719,
        "3,26": 65.07092381091194,
        "3,27": 39.511576678729654,
        "3,28": 32.9813875023276,
        "3,29": 52.46894493822965,
        "3,30": 54.922499653449876,
        "3,31": 27.632089329978424,
        "3,32": 33.09575419592674,
        "3,33": 42.85773168661253,
        "3,34": 24.627398101398146,
        "3,35": 25.47030594906403,
        "3,36": 69.68451985718235,
        "3,37": 61.960386826177334,
        "3,38": 54.2528332036672,
        "3,39": 83.70423582137443,
        "3,40": 54.12483413266409,
        "3,41": 75.1269722067149,
        "3,42": 33.156170033180445,
        "3,43": 52.58925804143801,
        "3,44": 40.70411843737741,
        "3,45": 54.18734650611253,
        "3,46": 63.46711262650059,
        "3,47": 68.27014633923497,
        "3,48": 38.9078156133032,
        "3,49": 48.920559111154816,
        "3,50": 14.88293953087976,
        "3,51": 17.510010624086263,
        "3,52": 40.87115341696658,
        "3,53": 25.911001982377417,
        "3,54": 32.91263293655897,
        "3,55": 40.9526555588552,
        "3,56": 16.937765423554755,
        "3,57": 29.69993740911411,
        "3,58": 65.50594206437464,
        "3,59": 56.58950281476062,
        "3,60": 26.344323449797105,
        "4,0": 51.5874882927529,
        "4,1": 83.35066611309067,
        "4,2": 92.43718811198664,
        "4,3": 25.973713016408748,
        "4,4": 0.0,
        "4,5": 14.875190150125063,
        "4,6": 93.94667107437225,
        "4,7": 38.37696305165006,
        "4,8": 59.51649400212644,
        "4,9": 25.880110787560554,
        "4,10": 96.73228888800905,
        "4,11": 74.03397033455266,
        "4,12": 18.47852267473316,
        "4,13": 40.175734501304994,
        "4,14": 63.689687889736035,
        "4,15": 87.6180781624777,
        "4,16": 80.96123930830228,
        "4,17": 80.55185945371262,
        "4,18": 43.89577321104773,
        "4,19": 97.66332392247587,
        "4,20": 81.94215757147253,
        "4,21": 71.23858350167232,
        "4,22": 57.09336227378374,
        "4,23": 53.39945403902196,
        "4,24": 83.68199536131858,
        "4,25": 58.45434362564545,
        "4,26": 86.38393155652567,
        "4,27": 65.27941538463493,
        "4,28": 49.98071359961759,
        "4,29": 74.12350616766783,
        "4,30": 65.09603283659263,
        "4,31": 47.7863900155091,
        "4,32": 59.064678584004,
        "4,33": 68.43968591111759,
        "4,34": 25.74910336430144,
        "4,35": 51.38278187462842,
        "4,36": 93.69572246904406,
        "4,37": 86.6792275104825,
        "4,38": 78.73820535079476,
        "4,39": 107.19198863647247,
        "4,40": 72.99597790735668,
        "4,41": 95.43304853520137,
        "4,42": 51.086583725971856,
        "4,43": 74.41800741149066,
        "4,44": 27.348053510585874,
        "4,45": 64.98389875133445,
        "4,46": 89.43776025532335,
        "4,47": 89.80629982119858,
        "4,48": 47.93787820942489,
        "4,49": 67.73685274503458,
        "4,50": 18.140728400109364,
        "4,51": 42.89827153043459,
        "4,52": 52.39086449748634,
        "4,53": 39.537071325913324,
        "4,54": 52.019790047062145,
        "4,55": 28.723342252470214,
        "4,56": 16.661896977674107,
        "4,57": 30.796298534387482,
        "4,58": 90.6574952597676,
        "4,59": 82.52256464544098,
        "4,60": 28.48764272947683,
        "5,0": 57.351521906998826,
        "5,1": 90.79488133588244,
        "5,2": 97.33091599733439,
        "5,3": 32.0386851429042,
        "5,4": 14.875190150125063,
        "5,5": 0.0,
        "5,6": 94.04301947638331,
        "5,7": 48.91118243086562,
        "5,8": 73.29747536329272,
        "5,9": 40.47803442456158,
        "5,10": 92.26990167630778,
        "5,11": 79.80836822605613,
        "5,12": 14.352123861791135,
        "5,13": 41.69943035409524,
        "5,14": 78.00864773676541,
        "5,15": 84.51018756851674,
        "5,16": 92.9257834133419,
        "5,17": 80.07650158870788,
        "5,18": 42.79109801427565,
        "5,19": 92.80323263723338,
        "5,20": 90.43698591732306,
        "5,21": 82.14780818611644,
        "5,22": 49.48477665984989,
        "5,23": 60.95368421768386,
        "5,24": 77.87672821503504,
        "5,25": 71.59421422297542,
        "5,26": 96.49599879511878,
        "5,27": 67.98703758917598,
        "5,28": 61.59963855045664,
        "5,29": 71.01442654782554,
        "5,30": 78.88519337491412,
        "5,31": 58.06903189016723,
        "5,32": 63.49561910241262,
        "5,33": 74.30089304487089,
        "5,34": 17.96630476532759,
        "5,35": 56.49994074179255,
        "5,36": 101.71956024659532,
        "5,37": 93.88447467388802,
        "5,38": 86.25201437013985,
        "5,39": 115.73386451116825,
        "5,40": 67.77551639007551,
        "5,41": 90.48832336245411,
        "5,42": 62.39097131560296,
        "5,43": 84.14692361633632,
        "5,44": 12.473141214166713,
        "5,45": 78.6440083729412,
        "5,46": 93.29468755175867,
        "5,47": 86.04180381930222,
        "5,48": 61.64160958820214,
        "5,49": 62.75221803342107,
        "5,50": 30.375987138160983,
        "5,51": 45.89574839597787,
        "5,52": 44.25280947088293,
        "5,53": 34.44148741707218,
        "5,54": 48.44157899241728,
        "5,55": 13.887551906765808,
        "5,56": 15.836677432523016,
        "5,57": 45.1853661026731,
        "5,58": 97.20583409560656,
        "5,59": 86.93507633901434,
        "5,60": 42.603440590611555,
        "6,0": 48.49905369838668,
        "6,1": 46.815054831369984,
        "6,2": 30.917316351698002,
        "6,3": 69.0156982995285,
        "6,4": 93.94667107437225,
        "6,5": 94.04301947638331,
        "6,6": 0.0,
        "6,7": 70.20880587009127,
        "6,8": 91.93333808076218,
        "6,9": 93.13648190717679,
        "6,10": 29.21013523582606,
        "6,11": 37.29818589267812,
        "6,12": 79.80592381477213,
        "6,13": 53.77323248230668,
        "6,14": 100.67450481953719,
        "6,15": 21.037777746410214,
        "6,16": 81.1708850731086,
        "6,17": 14.131326321766787,
        "6,18": 51.258642709682725,
        "6,19": 31.970850856037053,
        "6,20": 53.86807612913564,
        "6,21": 69.59346460332642,
        "6,22": 55.81031289932911,
        "6,23": 53.11049677568768,
        "6,24": 37.66095354386791,
        "6,25": 85.15657312981031,
        "6,26": 67.15612604291319,
        "6,27": 30.821347258196777,
        "6,28": 73.12824504787818,
        "6,29": 27.9780767181577,
        "6,30": 94.02242887434001,
        "6,31": 66.41998227237465,
        "6,32": 39.76185100627302,
        "6,33": 39.583719405478696,
        "6,34": 77.1287578270248,
        "6,35": 47.08724016398792,
        "6,36": 53.38528008625969,
        "6,37": 45.65070277118539,
        "6,38": 46.96239564331639,
        "6,39": 63.452533009631026,
        "6,40": 37.861968140365285,
        "6,41": 32.1348545298129,
        "6,42": 71.21612290096832,
        "6,43": 61.49179257838155,
        "6,44": 95.80832003309764,
        "6,45": 92.46303443777465,
        "6,46": 23.786471283070878,
        "6,47": 24.546304173454534,
        "6,48": 88.06242077570649,
        "6,49": 39.61674126043684,
        "6,50": 82.8560765269073,
        "6,51": 51.505733387846114,
        "6,52": 60.153820419785895,
        "6,53": 61.11676499932247,
        "6,54": 47.217531921296455,
        "6,55": 94.80025962373671,
        "6,56": 79.28759397972999,
        "6,57": 91.67591370345946,
        "6,58": 41.86261468927692,
        "6,59": 27.80198880964137,
        "6,60": 89.1180557261493,
        "7,0": 21.717366059644917,
        "7,1": 46.50423067228973,
        "7,2": 58.9637774535732,
        "7,3": 19.666652238425314,
        "7,4": 38.37696305165006,
        "7,5": 48.91118243086562,
        "7,6": 70.20880587009127,
        "7,7": 0.0,
        "7,8": 31.108677586686284,
        "7,9": 24.206196706492083,
        "7,10": 83.97773829359747,
        "7,11": 40.206819302802224,
        "7,12": 39.02982316058123,
        "7,13": 28.414286467236792,
        "7,14": 38.95991979947568,
        "7,15": 72.46320300469867,
        "7,16": 44.36626354776793,
        "7,17": 59.809403161007964,
        "7,18": 36.24795934011887,
        "7,19": 85.85686490910105,
        "7,20": 44.106803214633075,
        "7,21": 33.24842179750073,
        "7,22": 60.06240413146833,
        "7,23": 18.567171039849047,
        "7,24": 76.20404566111489,
        "7,25": 26.531182951562744,
        "7,26": 48.03404799999144,
        "7,27": 39.4968103040828,
        "7,28": 13.335743813987637,
        "7,29": 61.166091514950566,
        "7,30": 35.99812527301369,
        "7,31": 9.409811741599704,
        "7,32": 30.45541367565321,
        "7,33": 34.98667903893202,
        "7,34": 44.24993676391132,
        "7,35": 23.338108297928944,
        "7,36": 56.08090794876014,
        "7,37": 50.02314122053468,
        "7,38": 41.94776590632223,
        "7,39": 69.12569682222077,
        "7,40": 65.80106773738737,
        "7,41": 84.09956306824382,
        "7,42": 13.693632587258644,
        "7,43": 36.054562449250255,
        "7,44": 59.14015840793099,
        "7,45": 35.10245084730138,
        "7,46": 58.03561271229324,
        "7,47": 76.05581954970114,
        "7,48": 21.643097775417697,
        "7,49": 61.05523336468951,
        "7,50": 20.41893148287414,
        "7,51": 25.2734480516779,
        "7,52": 58.14250799081626,
        "7,53": 43.73341177173102,
        "7,54": 46.55077969223159,
        "7,55": 59.6337580755219,
        "7,56": 35.57888059187939,
        "7,57": 21.717543602657287,
        "7,58": 54.717662725198494,
        "7,59": 50.569959890675115,
        "7,60": 19.60409474060442,
        "8,0": 47.47166427017898,
        "8,1": 53.37600987774243,
        "8,2": 71.25225662067028,
        "8,3": 49.70140759135018,
        "8,4": 59.51649400212644,
        "8,5": 73.29747536329272,
        "8,6": 91.93333808076218,
        "8,7": 31.108677586686284,
        "8,8": 0.0,
        "8,9": 34.43451566985452,
        "8,10": 110.93017961148946,
        "8,11": 55.60956663884713,
        "8,12": 66.94961119714503,
        "8,13": 59.31053639603276,
        "8,14": 8.81472612486576,
        "8,15": 99.0094327310172,
        "8,16": 27.926225181657152,
        "8,17": 84.51011365028296,
        "8,18": 67.12789666085362,
        "8,19": 113.10384343683234,
        "8,20": 47.27648951981708,
        "8,21": 27.560235674124673,
        "8,22": 91.1156224632283,
        "8,23": 40.386678430016524,
        "8,24": 105.26221068370948,
        "8,25": 6.800338431028842,
        "8,26": 42.00396973457955,
        "8,27": 63.72870612584925,
        "8,28": 20.391099408914506,
        "8,29": 89.30020866993947,
        "8,30": 5.58914802773559,
        "8,31": 28.13229380482115,
        "8,32": 54.55309821677022,
        "8,33": 52.417584027981434,
        "8,34": 73.32505167915984,
        "8,35": 49.87383012139119,
        "8,36": 57.869996819813146,
        "8,37": 56.73597684997003,
        "8,38": 50.161665411022575,
        "8,39": 66.25571652782759,
        "8,40": 95.34663517179051,
        "8,41": 111.60154549367222,
        "8,42": 21.81853608085409,
        "8,43": 36.18439361440962,
        "8,44": 85.10410760541653,
        "8,45": 5.601528974410557,
        "8,46": 73.57888212114455,
        "8,47": 102.99459280360499,
        "8,48": 11.658758705443418,
        "8,49": 90.91633445255086,
        "8,50": 43.18659437754325,
        "8,51": 55.581626602661565,
        "8,52": 89.24959119292727,
        "8,53": 74.7613246530222,
        "8,54": 77.22826750443713,
        "8,55": 86.01221661148364,
        "8,56": 63.286633052548424,
        "8,57": 29.166493677386917,
        "8,58": 62.57495560949798,
        "8,59": 66.58462943690749,
        "8,60": 31.063256736913313,
        "9,0": 45.011422416038315,
        "9,1": 69.77028158258346,
        "9,2": 83.12354502747203,
        "9,3": 28.38538922770421,
        "9,4": 25.880110787560554,
        "9,5": 40.47803442456158,
        "9,6": 93.13648190717679,
        "9,7": 24.206196706492083,
        "9,8": 34.43451566985452,
        "9,9": 0.0,
        "9,10": 103.48033814982615,
        "9,11": 64.39950796513274,
        "9,12": 37.93440850250059,
        "9,13": 44.14988228603436,
        "9,14": 37.89295878973248,
        "9,15": 92.63820981418138,
        "9,16": 58.692141407048894,
        "9,17": 81.65605190587894,
        "9,18": 51.018119866832066,
        "9,19": 105.02306512734627,
        "9,20": 66.39906041824571,
        "9,21": 51.45294926857344,
        "9,22": 71.47861951827723,
        "9,23": 42.76778558891472,
        "9,24": 93.32635152297476,
        "9,25": 34.61260409067334,
        "9,26": 67.46611807775912,
        "9,27": 62.340039670228606,
        "9,28": 30.379167366554018,
        "9,29": 80.14103767210793,
        "9,30": 39.925448517400156,
        "9,31": 31.907416897553965,
        "9,32": 53.789472255650495,
        "9,33": 59.19195136522292,
        "9,34": 45.425121252916966,
        "9,35": 46.128676327078004,
        "9,36": 78.45160570466906,
        "9,37": 73.356760719916,
        "9,38": 65.33147560264676,
        "9,39": 90.47649365153386,
        "9,40": 82.45335604484123,
        "9,41": 103.04134097313249,
        "9,42": 32.13118446865938,
        "9,43": 56.86845900728605,
        "9,44": 52.824367017179355,
        "9,45": 40.01727503865163,
        "9,46": 82.21469734359657,
        "9,47": 95.77755881688049,
        "9,48": 23.301350528350117,
        "9,49": 77.27432890165773,
        "9,50": 14.380737122710691,
        "9,51": 43.605339828895154,
        "9,52": 67.96991797073264,
        "9,53": 53.10618800695127,
        "9,54": 61.297762702217355,
        "9,55": 54.01992866828707,
        "9,56": 34.454770379277555,
        "9,57": 5.290963984198672,
        "9,58": 78.35616601879462,
        "9,59": 74.75877405439567,
        "9,60": 4.89200179176793,
        "10,0": 63.686125482034235,
        "10,1": 73.42319438120121,
        "10,2": 59.56723471213938,
        "10,3": 75.79293857860604,
        "10,4": 96.73228888800905,
        "10,5": 92.26990167630778,
        "10,6": 29.21013523582606,
        "10,7": 83.97773829359747,
        "10,8": 110.93017961148946,
        "10,9": 103.48033814982615,
        "10,10": 0.0,
        "10,11": 61.32927067899441,
        "10,12": 79.45646438143508,
        "10,13": 59.510476899434686,
        "10,14": 119.71552644552045,
        "10,15": 11.988360959307872,
        "10,16": 105.5151141346084,
        "10,17": 27.63271068198279,
        "10,18": 53.549420328230894,
        "10,19": 2.769204749369655,
        "10,20": 79.95413954957864,
        "10,21": 92.72851675626094,
        "10,22": 44.540022941046615,
        "10,23": 70.54656703858161,
        "10,24": 16.12700884203398,
        "10,25": 104.4535877912899,
        "10,26": 93.39334578663924,
        "10,27": 47.44940298644703,
        "10,28": 90.75450519101852,
        "10,29": 23.352477774171334,
        "10,30": 114.0671624486842,
        "10,31": 83.19241748199157,
        "10,32": 56.420587268427575,
        "10,33": 61.6084158926832,
        "10,34": 74.30379248263301,
        "10,35": 61.45318460756182,
        "10,36": 81.43148006124916,
        "10,37": 72.93785078491744,
        "10,38": 72.54154855527725,
        "10,39": 92.36287373830795,
        "10,40": 24.601093691858907,
        "10,41": 3.5556998779093543,
        "10,42": 89.15938078682252,
        "10,43": 85.6859362735816,
        "10,44": 90.15196863410071,
        "10,45": 112.63123187132183,
        "10,46": 52.07464332190063,
        "10,47": 7.957356904993789,
        "10,48": 104.59639758538178,
        "10,49": 29.51877469044831,
        "10,50": 90.67364653830785,
        "10,51": 59.9975583338235,
        "10,52": 49.938685839589795,
        "10,53": 57.98717700507518,
        "10,54": 44.71433042839225,
        "10,55": 88.7014741264193,
        "10,56": 80.2819210294069,
        "10,57": 103.46785055106193,
        "10,58": 69.94009963545055,
        "10,59": 54.2795990091819,
        "10,60": 100.39899729002433,
        "11,0": 22.579011070420062,
        "11,1": 14.450950189654483,
        "11,2": 18.81868471111325,
        "11,3": 48.43864580982065,
        "11,4": 74.03397033455266,
        "11,5": 79.80836822605613,
        "11,6": 37.29818589267812,
        "11,7": 40.206819302802224,
        "11,8": 55.60956663884713,
        "11,9": 64.39950796513274,
        "11,10": 61.32927067899441,
        "11,11": 0.0,
        "11,12": 66.15329917704719,
        "11,13": 39.872030239329185,
        "11,14": 64.17999671613336,
        "11,15": 49.65393972152216,
        "11,16": 44.38424755702195,
        "11,17": 33.75360225991182,
        "11,18": 43.32163457440868,
        "11,19": 63.919048881519274,
        "11,20": 19.360690068550475,
        "11,21": 32.32017271220627,
        "11,22": 62.435025394932175,
        "11,23": 21.736109834268447,
        "11,24": 61.48513809008727,
        "11,25": 48.81493180336535,
        "11,26": 32.51346497062984,
        "11,27": 18.548809484525133,
        "11,28": 38.55444620782779,
        "11,29": 45.027749901945256,
        "11,30": 57.17792398477867,
        "11,31": 33.37541710343589,
        "11,32": 17.0507428271039,
        "11,33": 5.594490149975941,
        "11,34": 67.2214812689558,
        "11,35": 23.314943917983854,
        "11,36": 25.56616105712447,
        "11,37": 16.09215946466946,
        "11,38": 11.815402974247311,
        "11,39": 39.82373564048179,
        "11,40": 54.79213463888248,
        "11,41": 63.050956344133766,
        "11,42": 36.48979878673474,
        "11,43": 24.522987451706722,
        "11,44": 86.25209461542349,
        "11,45": 55.58871650365718,
        "11,46": 18.45391676981233,
        "11,47": 54.01126791879057,
        "11,48": 53.56770542699336,
        "11,49": 52.585803750735266,
        "11,50": 58.273221704105254,
        "11,51": 34.69645849596426,
        "11,52": 64.07042957369293,
        "11,53": 56.055698203218384,
        "11,54": 47.52072423680765,
        "11,55": 85.9510699780039,
        "11,56": 64.00823312496921,
        "11,57": 61.49740262294286,
        "11,58": 17.742238524370745,
        "11,59": 11.102376351043347,
        "11,60": 59.71848213425462,
        "12,0": 43.95236907551186,
        "12,1": 77.73978961938279,
        "12,2": 83.33419751311689,
        "12,3": 20.037475273580625,
        "12,4": 18.47852267473316,
        "12,5": 14.352123861791135,
        "12,6": 79.80592381477213,
        "12,7": 39.02982316058123,
        "12,8": 66.94961119714503,
        "12,9": 37.93440850250059,
        "12,10": 79.45646438143508,
        "12,11": 66.15329917704719,
        "12,12": 0.0,
        "12,13": 27.417823746001673,
        "12,14": 72.92704763431956,
        "12,15": 71.07050880636358,
        "12,16": 83.35240630046225,
        "12,17": 65.8987952919668,
        "12,18": 28.554458792474858,
        "12,19": 80.19876854271,
        "12,20": 77.94849835514485,
        "12,21": 71.6086860719514,
        "12,22": 38.65323351495556,
        "12,23": 48.350162491477754,
        "12,24": 65.7821372121141,
        "12,25": 64.07894498894645,
        "12,26": 85.06799479313543,
        "12,27": 53.70784735106384,
        "12,28": 52.30146609638909,
        "12,29": 57.52083557105209,
        "12,30": 72.42804369038859,
        "12,31": 47.532219706561996,
        "12,32": 49.565617596048085,
        "12,33": 60.72113463408413,
        "12,34": 7.701590176380525,
        "12,35": 42.86849220759357,
        "12,36": 88.87758893994682,
        "12,37": 80.69551720884498,
        "12,38": 73.2688220874259,
        "12,39": 103.09224804981713,
        "12,40": 55.28278052745229,
        "12,41": 77.92346920317217,
        "12,42": 52.71586810930739,
        "12,43": 72.56539231845915,
        "12,44": 20.744388703020118,
        "12,45": 71.92031644371393,
        "12,46": 79.10330032945905,
        "12,47": 72.87905241833013,
        "12,48": 55.478988206352916,
        "12,49": 50.09762833652515,
        "12,50": 24.52435488583334,
        "12,51": 31.81825937036937,
        "12,52": 33.912479462829374,
        "12,53": 21.567981871437354,
        "12,54": 34.978909958454885,
        "12,55": 20.920751898031558,
        "12,56": 3.670434809045173,
        "12,57": 41.55971538069498,
        "12,58": 83.7224662171084,
        "12,59": 72.86541907367484,
        "12,60": 38.409479522097705,
        "13,0": 19.496925918522273,
        "13,1": 52.730142568094955,
        "13,2": 56.20429804547347,
        "13,3": 16.3371962877239,
        "13,4": 40.175734501304994,
        "13,5": 41.69943035409524,
        "13,6": 53.77323248230668,
        "13,7": 28.414286467236792,
        "13,8": 59.31053639603276,
        "13,9": 44.14988228603436,
        "13,10": 59.510476899434686,
        "13,11": 39.872030239329185,
        "13,12": 27.417823746001673,
        "13,13": 0.0,
        "13,14": 67.35022790102964,
        "13,15": 49.098149676478016,
        "13,16": 66.72354876568613,
        "13,17": 40.452491118383236,
        "13,18": 7.8346409980095135,
        "13,19": 60.95505343252027,
        "13,20": 54.35366195757324,
        "13,21": 53.3833661861682,
        "13,22": 31.893504009685127,
        "13,23": 26.35306352960305,
        "13,24": 49.32271150604859,
        "13,25": 54.13347250762608,
        "13,26": 63.86064039786857,
        "13,27": 26.29222257832067,
        "13,28": 39.768930504239464,
        "13,29": 36.166631579056215,
        "13,30": 63.91632246991467,
        "13,31": 32.46670443017635,
        "13,32": 22.857514797021583,
        "13,33": 34.74682326236797,
        "13,34": 27.41945182994413,
        "13,35": 17.5705285816697,
        "13,36": 64.16046222775796,
        "13,37": 55.30492675824998,
        "13,38": 48.54918412799517,
        "13,39": 78.6074977594071,
        "13,40": 38.534971406081205,
        "13,41": 58.9368025016366,
        "13,42": 39.08082952191565,
        "13,43": 51.557986223846505,
        "13,44": 46.642437931151086,
        "13,45": 62.866109412397925,
        "13,46": 51.71971347672114,
        "13,47": 51.947232464602855,
        "13,48": 50.003253745708314,
        "13,49": 33.482583036679195,
        "13,50": 31.187557930191993,
        "13,51": 5.530333860856713,
        "13,52": 30.629770051326883,
        "13,53": 17.900760728192555,
        "13,54": 18.213389569389722,
        "13,55": 46.22427392449953,
        "13,56": 26.121247370898736,
        "13,57": 44.67806639757446,
        "13,58": 57.61410806708307,
        "13,59": 45.64510170530536,
        "13,60": 41.45058818865837,
        "14,0": 56.19254159186905,
        "14,1": 61.195285756498514,
        "14,2": 79.38152420711737,
        "14,3": 56.74836438072669,
        "14,4": 63.689687889736035,
        "14,5": 78.00864773676541,
        "14,6": 100.67450481953719,
        "14,7": 38.95991979947568,
        "14,8": 8.81472612486576,
        "14,9": 37.89295878973248,
        "14,10": 119.71552644552045,
        "14,11": 64.17999671613336,
        "14,12": 72.92704763431956,
        "14,13": 67.35022790102964,
        "14,14": 0.0,
        "14,15": 107.80276734872048,
        "14,16": 32.43020221751442,
        "14,17": 93.32483397389684,
        "14,18": 75.1842306727603,
        "14,19": 121.87757494912633,
        "14,20": 54.793827959208976,
        "14,21": 34.91455130215316,
        "14,22": 99.00188336555462,
        "14,23": 49.18104845451648,
        "14,24": 113.87231366272385,
        "14,25": 15.526039440324645,
