{
    "num_robots": 5,
    "num_tasks": 50,
    "num_nodes": 51,
    "robot_capacity": [
        159,
        173,
        164,
        150,
        127
    ],
    "robot_speed": [
        1.04,
        1.11,
        1.18,
        1.0,
        1.01
    ],
    "task_demand": {
        "0": 0,
        "1": 10,
        "2": 5,
        "3": 15,
        "4": 6,
        "5": 13,
        "6": 13,
        "7": 5,
        "8": 10,
        "9": 7,
        "10": 9,
        "11": 10,
        "12": 15,
        "13": 15,
        "14": 7,
        "15": 12,
        "16": 14,
        "17": 15,
        "18": 15,
        "19": 13,
        "20": 10,
        "21": 7,
        "22": 14,
        "23": 15,
        "24": 12,
        "25": 9,
        "26": 12,
        "27": 13,
        "28": 5,
        "29": 14,
        "30": 5,
        "31": 5,
        "32": 12,
        "33": 13,
        "34": 14,
        "35": 5,
        "36": 13,
        "37": 10,
        "38": 9,
        "39": 15,
        "40": 9,
        "41": 14,
        "42": 12,
        "43": 9,
        "44": 14,
        "45": 8,
        "46": 7,
        "47": 13,
        "48": 6,
        "49": 12,
        "50": 10
    },
    "task_service_time": {
        "0": 0,
        "1": 52,
        "2": 94,
        "3": 36,
        "4": 64,
        "5": 14,
        "6": 60,
        "7": 94,
        "8": 83,
        "9": 24,
        "10": 87,
        "11": 50,
        "12": 14,
        "13": 23,
        "14": 35,
        "15": 80,
        "16": 94,
        "17": 13,
        "18": 40,
        "19": 26,
        "20": 72,
        "21": 10,
        "22": 43,
        "23": 20,
        "24": 37,
        "25": 33,
        "26": 74,
        "27": 19,
        "28": 19,
        "29": 15,
        "30": 32,
        "31": 48,
        "32": 57,
        "33": 21,
        "34": 52,
        "35": 100,
        "36": 33,
        "37": 78,
        "38": 17,
        "39": 12,
        "40": 95,
        "41": 10,
        "42": 38,
        "43": 76,
        "44": 93,
        "45": 39,
        "46": 20,
        "47": 25,
        "48": 48,
        "49": 79,
        "50": 65
    },
    "task_precedence": [],
    "coordinates": {
        "0": [
            50.0,
            50.0
        ],
        "1": [
            72.27722712169114,
            14.696507844350371
        ],
        "2": [
            5.900609875932716,
            37.63561800574534
        ],
        "3": [
            64.99515008098223,
            99.46116601717044
        ],
        "4": [
            75.70319581209779,
            34.8178908693505
        ],
        "5": [
            39.189259921890105,
            49.83803389580188
        ],
        "6": [
            5.056877991490105,
            53.783115854373406
        ],
        "7": [
            36.427309925523566,
            11.48759653381084
        ],
        "8": [
            41.86612436594731,
            28.026601856612764
        ],
        "9": [
            58.82745964121575,
            7.213049422424378
        ],
        "10": [
            28.18220155558858,
            98.44020494395774
        ],
        "11": [
            47.017390654228365,
            55.01030483174697
        ],
        "12": [
            35.596791461694266,
            32.74015255126829
        ],
        "13": [
            73.41277626700732,
            98.84880431602552
        ],
        "14": [
            44.73554637230198,
            46.93806014966266
        ],
        "15": [
            46.64551613769292,
            89.93645847786242
        ],
        "16": [
            53.57931605131697,
            88.00018598908086
        ],
        "17": [
            90.32282111494709,
            25.891979662068245
        ],
        "18": [
            96.87078991176179,
            66.93492614887276
        ],
        "19": [
            78.90583398324986,
            97.45138739832069
        ],
        "20": [
            23.595146836656046,
            55.16344427291033
        ],
        "21": [
            74.82935134856969,
            95.4951487378138
        ],
        "22": [
            75.37461124757722,
            26.379391620065164
        ],
        "23": [
            53.5652794250194,
            57.07926186045543
        ],
        "24": [
            21.222771721134293,
            30.512640666371293
        ],
        "25": [
            0.6551700082824574,
            91.66797017596264
        ],
        "26": [
            24.562704705656902,
            51.75487580493311
        ],
        "27": [
            43.62558471160721,
            95.34880230259414
        ],
        "28": [
            55.40209899233981,
            96.30477610660712
        ],
        "29": [
            20.633313666060193,
            19.777095555581358
        ],
        "30": [
            29.95944338470463,
            7.628267651823362
        ],
        "31": [
            71.13255199593337,
            95.18403924484004
        ],
        "32": [
            99.09891616243193,
            0.06438369454500048
        ],
        "33": [
            45.88638791957871,
            45.44573376061282
        ],
        "34": [
            6.228540847337893,
            55.91621376684706
        ],
        "35": [
            91.07049106039594,
            24.762893391519057
        ],
        "36": [
            23.760237544648312,
            0.964970331507875
        ],
        "37": [
            20.15767599745861,
            50.298745816638245
        ],
        "38": [
            31.867622870346413,
            28.860342747118995
        ],
        "39": [
            8.093840630849346,
            26.38698729136012
        ],
        "40": [
            69.88019709950576,
            36.011983050881646
        ],
        "41": [
            17.884324047103707,
            86.303163467957
        ],
        "42": [
            91.0690264551511,
            73.54617009146101
        ],
        "43": [
            6.457245478276086,
            58.648913076833345
        ],
        "44": [
            76.9383413756487,
            83.77934576406776
        ],
        "45": [
            38.01305550870261,
            39.44780914046008
        ],
        "46": [
            63.36655565254061,
            72.40018302842853
        ],
        "47": [
            80.59828135244209,
            86.73888652388794
        ],
        "48": [
            74.07620629918237,
            0.33635196897202624
        ],
        "49": [
            84.8985756548797,
            18.399083028597087
        ],
        "50": [
            65.1387924065734,
            96.18809013001186
        ]
    },
    "distance_matrix_str_keys": {
        "0,0": 0.0,
        "0,1": 41.744597334450674,
        "0,2": 45.79993615076916,
        "0,3": 51.68424779107535,
        "0,4": 29.852147537656183,
        "0,5": 10.811953295097082,
        "0,6": 45.10206404854902,
        "0,7": 40.83409282205654,
        "0,8": 23.430539020646744,
        "0,9": 43.68806683117476,
        "0,10": 53.12692146147364,
        "0,11": 5.830875836142573,
        "0,12": 22.480096755828562,
        "0,13": 54.169768096552666,
        "0,14": 6.090151693124454,
        "0,15": 40.07709168261224,
        "0,16": 38.16838532869779,
        "0,17": 46.980065424413304,
        "0,18": 49.83635892217935,
        "0,19": 55.562409993562284,
        "0,20": 26.90497030916789,
        "0,21": 51.82957888181729,
        "0,22": 34.66704539189806,
        "0,23": 7.926358928749414,
        "0,24": 34.75465495745734,
        "0,25": 64.58430138583539,
        "0,26": 25.497756391148403,
        "0,27": 45.794618030382814,
        "0,28": 46.61882628087126,
        "0,29": 42.14055314412077,
        "0,30": 46.872034430312254,
        "0,31": 49.88168157089406,
        "0,32": 70.03048867551291,
        "0,33": 6.1370306604586755,
        "0,34": 44.16947160299971,
        "0,35": 48.20473821015829,
        "0,36": 55.61438004961654,
        "0,37": 29.84381930878849,
        "0,38": 27.850820618812453,
        "0,39": 48.100941386328834,
        "0,40": 24.30816436681346,
        "0,41": 48.46995275108745,
        "0,42": 47.340121038606505,
        "0,43": 44.39341357397206,
        "0,44": 43.20553710254542,
        "0,45": 15.9698331291721,
        "0,46": 26.08511088187211,
        "0,47": 47.81213867563675,
        "0,48": 55.19186213121114,
        "0,49": 47.08002268662222,
        "0,50": 48.605788805320536,
        "1,0": 41.744597334450674,
        "1,1": 0.0,
        "1,2": 70.22861305754606,
        "1,3": 85.07688241339038,
        "1,4": 20.410960690433214,
        "1,5": 48.26738470893108,
        "1,6": 77.75820383030536,
        "1,7": 35.99324484915162,
        "1,8": 33.20431564113563,
        "1,9": 15.39150399511199,
        "1,10": 94.64342599243767,
        "1,11": 47.573748705604324,
        "1,12": 40.87820292670236,
        "1,13": 84.15995765991175,
        "1,14": 42.40355968026106,
        "1,15": 79.48606657333438,
        "1,16": 75.65078392152893,
        "1,17": 21.23633800330816,
        "1,18": 57.738164827671895,
        "1,19": 83.01992844442373,
        "1,20": 63.304959401232665,
        "1,21": 80.83893683306506,
        "1,22": 12.086503288385396,
        "1,23": 46.32963225186067,
        "1,24": 53.448175588052166,
        "1,25": 105.13955049658135,
        "1,26": 60.41521567694829,
        "1,27": 85.5903570162818,
        "1,28": 83.3347430436219,
        "1,29": 51.89321890675323,
        "1,30": 42.90401892398443,
        "1,31": 80.49567064189439,
        "1,32": 30.553265948724896,
        "1,33": 40.52149168331665,
        "1,34": 77.85559141709122,
        "1,35": 21.31944857293614,
        "1,36": 50.42274685184736,
        "1,37": 63.118673607949844,
        "1,38": 42.8199758862985,
        "1,39": 65.23936243659752,
        "1,40": 21.4498306801594,
        "1,41": 89.92275037207914,
        "1,42": 61.77713548545307,
        "1,43": 79.14596584324366,
        "1,44": 69.23990526517484,
        "1,45": 42.26890550008518,
        "1,46": 58.387620227071515,
        "1,47": 72.52133664872005,
        "1,48": 14.472401419467683,
        "1,49": 13.153231610186934,
        "1,50": 81.80363826629433,
        "2,0": 45.79993615076916,
        "2,1": 70.22861305754606,
        "2,2": 0.0,
        "2,3": 85.52521890623399,
        "2,4": 69.85943450666407,
        "2,5": 35.4546636627133,
        "2,6": 16.169525975249645,
        "2,7": 40.19450762000248,
        "2,8": 37.22702545041358,
        "2,9": 61.04739228897258,
        "2,10": 64.75852932630218,
        "2,11": 44.63708552170557,
        "2,12": 30.096989596810204,
        "2,13": 91.13148077954848,
        "2,14": 39.93354132202606,
        "2,15": 66.29875790970344,
        "2,16": 69.35307297233952,
        "2,17": 85.23510305051462,
        "2,18": 95.57208333722295,
        "2,19": 94.38055422058802,
        "2,20": 24.906250860101824,
        "2,21": 89.99387033313323,
        "2,22": 70.37996518209529,
        "2,23": 51.47791768877639,
        "2,24": 16.89690651532958,
        "2,25": 54.28636772203055,
        "2,26": 23.401436371161978,
        "2,27": 68.94915059690227,
        "2,28": 76.76240966127682,
        "2,29": 23.151228586635476,
        "2,30": 38.46126031561925,
        "2,31": 86.98866052457298,
        "2,32": 100.48642665723186,
        "2,33": 40.74138379903352,
        "2,34": 18.283536859776795,
        "2,35": 86.13719115439793,
        "2,36": 40.788511879121174,
        "2,37": 19.06878969280879,
        "2,38": 27.409692076284063,
        "2,39": 11.46045174035137,
        "2,40": 64.0001857166481,
        "2,41": 50.12124685852063,
        "2,42": 92.4295782404755,
        "2,43": 21.0206663295531,
        "2,44": 84.70893050948003,
        "2,45": 32.16353838162618,
        "2,46": 67.16330772986397,
        "2,47": 89.39168363543297,
        "2,48": 77.71195013990965,
        "2,49": 81.30635199748373,
        "2,50": 83.29198197543693,
        "3,0": 51.68424779107535,
        "3,1": 85.07688241339038,
        "3,2": 85.52521890623399,
        "3,3": 0.0,
        "3,4": 65.52415787491219,
        "3,5": 55.9320946187243,
        "3,6": 75.35967574073679,
        "3,7": 92.49578595153044,
        "3,8": 75.08560972207376,
        "3,9": 92.4540719527196,
        "3,10": 36.8271033431398,
        "3,11": 47.94871107894376,
        "3,12": 72.91061052703756,
        "3,13": 8.439870701656773,
        "3,14": 56.2950103686126,
        "3,15": 20.67435898793639,
        "3,16": 16.17638185124014,
        "3,17": 77.80691550856196,
        "3,18": 45.541329521563355,
        "3,19": 14.0551178125832,
        "3,20": 60.632074188189485,
        "3,21": 10.603810995655016,
        "3,22": 73.81516756831381,
        "3,23": 43.89610168524099,
        "3,24": 81.6695797425668,
        "3,25": 64.81023790401346,
        "3,26": 62.535372109254126,
        "3,27": 21.76166030883112,
        "3,28": 10.09898145640487,
        "3,29": 91.20045841678537,
        "3,30": 98.28927696289028,
        "3,31": 7.480742990654835,
        "3,32": 105.08466680267689,
        "3,33": 57.29582631574357,
        "3,34": 73.14148772962439,
        "3,35": 79.1186156378436,
        "3,36": 106.77929844509863,
        "3,37": 66.53827952513011,
        "3,38": 77.98659696063456,
        "3,39": 92.61530442422274,
        "3,40": 63.63695862832209,
        "3,41": 48.91383199749815,
        "3,42": 36.761855815573,
        "3,43": 71.3605371710554,
        "3,44": 19.711907689303406,
        "3,45": 65.79997288083666,
        "3,46": 27.109945041060673,
        "3,47": 20.13241418657,
        "3,48": 99.53991331183701,
        "3,49": 83.46980081455825,
        "3,50": 3.276226317091081,
        "4,0": 29.852147537656183,
        "4,1": 20.410960690433214,
        "4,2": 69.85943450666407,
        "4,3": 65.52415787491219,
        "4,4": 0.0,
        "4,5": 39.482555777574134,
        "4,6": 73.1476724191744,
        "4,7": 45.68257705031661,
        "4,8": 34.511867676299765,
        "4,9": 32.354562933520626,
        "4,10": 79.4106022098759,
        "4,11": 35.08003704650313,
        "4,12": 40.160187579697556,
        "4,13": 64.07186510870524,
        "4,14": 33.25498181039208,
        "4,15": 62.30894994520788,
        "4,16": 57.600543138685616,
        "4,17": 17.129078634766042,
        "4,18": 38.465191993726066,
        "4,19": 62.715323316553516,
        "4,20": 55.939166165792464,
        "4,21": 60.68354988448213,
        "4,22": 8.444894161339757,
        "4,23": 31.395158549764997,
        "4,24": 54.65026796312611,
        "4,25": 94.1495496230238,
        "4,26": 53.87217546485488,
        "4,27": 68.50521420193868,
        "4,28": 64.75161456106522,
        "4,29": 57.086928830067315,
        "4,30": 53.21434484093297,
        "4,31": 60.538935030159394,
        "4,32": 41.894701236078724,
        "4,33": 31.65427423620297,
        "4,34": 72.6076229576445,
        "4,35": 18.36455111151818,
        "4,36": 62.00073501592932,
        "4,37": 57.66248036095427,
        "4,38": 44.23855597508027,
        "4,39": 68.13299526048725,
        "4,40": 5.944171106625564,
        "4,41": 77.4193465919834,
        "4,42": 41.66519366157744,
        "4,43": 73.23195516362813,
        "4,44": 48.977031861583775,
        "4,45": 37.97344887268956,
        "4,46": 39.555295149406945,
        "4,47": 52.151238261481225,
        "4,48": 34.519901793218516,
        "4,49": 18.818402200097267,
        "4,50": 62.27285103966202,
        "5,0": 10.811953295097082,
        "5,1": 48.26738470893108,
        "5,2": 35.4546636627133,
        "5,3": 55.9320946187243,
        "5,4": 39.482555777574134,
        "5,5": 0.0,
        "5,6": 34.359615363134424,
        "5,7": 38.44976480602225,
        "5,8": 21.975080679078815,
        "5,9": 46.931313529154444,
        "5,10": 49.8329847036415,
        "5,11": 9.382537897466818,
        "5,12": 17.471215644861456,
        "5,13": 59.77712512498718,
        "5,14": 6.258685254773489,
        "5,15": 40.78577461222105,
        "5,16": 40.78509001827277,
        "5,17": 56.462860303468645,
        "5,18": 60.16196993687608,
        "5,19": 62.00352963281441,
        "5,20": 16.478360312837033,
        "5,21": 57.920533946077754,
        "5,22": 43.12409474973809,
        "5,23": 16.096748714893778,
        "5,24": 26.38684372447791,
        "5,25": 56.87371672989473,
        "5,26": 14.751623652944804,
        "5,27": 45.726480496715894,
        "5,28": 49.21396430292656,
        "5,29": 35.3268050542897,
        "5,30": 43.207104504715545,
        "5,31": 55.467414845498546,
        "5,32": 77.8882736053186,
        "5,33": 8.008983948979196,
        "5,34": 33.516462707993654,
        "5,35": 57.62312743817878,
        "5,36": 51.250669007115896,
        "5,37": 19.037159508358386,
        "5,38": 22.21868346783998,
        "5,39": 38.94710114667495,
        "5,40": 33.66145134730038,
        "5,41": 42.23275940952501,
        "5,42": 57.04021298538068,
        "5,43": 33.89714385430859,
        "5,44": 50.76421773199492,
        "5,45": 10.45658774591976,
        "5,46": 33.069505625730436,
        "5,47": 55.465124001625014,
        "5,48": 60.56001602639402,
        "5,49": 55.47746548292061,
        "5,50": 53.11973220083156,
        "6,0": 45.10206404854902,
        "6,1": 77.75820383030536,
        "6,2": 16.169525975249645,
        "6,3": 75.35967574073679,
        "6,4": 73.1476724191744,
        "6,5": 34.359615363134424,
        "6,6": 0.0,
        "6,7": 52.65942417387326,
        "6,8": 44.92570124074115,
        "6,9": 71.13400409386469,
        "6,10": 50.28952371915368,
        "6,11": 41.97845418433133,
        "6,12": 37.08763431850819,
        "6,13": 81.8745693458936,
        "6,14": 40.26476762723254,
        "6,15": 55.10607049778802,
        "6,16": 59.373688481289626,
        "6,17": 89.7117413432061,
        "6,18": 92.75108913714115,
        "6,19": 85.79385899182286,
        "6,20": 18.58958628691534,
        "6,21": 81.2901699200684,
        "6,22": 75.4688525961819,
        "6,23": 48.620259029851304,
        "6,24": 28.334627852745328,
        "6,25": 38.13970660791024,
        "6,26": 19.61099266996081,
        "6,27": 56.703187105966165,
        "6,28": 65.89941477912221,
        "6,29": 37.40367314697685,
        "6,30": 52.44433025374395,
        "6,31": 77.9745545208483,
        "6,32": 108.30331079059523,
        "6,33": 41.67206283765235,
        "6,34": 2.433700998884794,
        "6,35": 90.77728209723512,
        "6,36": 56.03188516415733,
        "6,37": 15.497578358470363,
        "6,38": 36.60547309235059,
        "6,39": 27.56394388170924,
        "6,40": 67.21514607065113,
        "6,41": 34.95850210033922,
        "6,42": 88.25343050620144,
        "6,43": 5.063300475791077,
        "6,44": 77.88914293432285,
        "6,45": 35.938985171092284,
        "6,46": 61.209588293819564,
        "6,47": 82.4171489567777,
        "6,48": 87.29389583394051,
        "6,49": 87.33113113196077,
        "6,50": 73.53922955198098,
        "7,0": 40.83409282205654,
        "7,1": 35.99324484915162,
        "7,2": 40.19450762000248,
        "7,3": 92.49578595153044,
        "7,4": 45.68257705031661,
        "7,5": 38.44976480602225,
        "7,6": 52.65942417387326,
        "7,7": 0.0,
        "7,8": 17.410324511192552,
        "7,9": 22.804351784097857,
        "7,10": 87.3426466358807,
        "7,11": 44.79258808583987,
        "7,12": 21.26877754347739,
        "7,13": 94.86783093158773,
        "7,14": 36.41101706124687,
        "7,15": 79.11153947757103,
        "7,16": 78.41152759186592,
        "7,17": 55.78720623651002,
        "7,18": 82.02329324215228,
        "7,19": 95.88638248427155,
        "7,20": 45.52190775075553,
        "7,21": 92.3687480307362,
        "7,22": 41.697216227966955,
        "7,23": 48.706364530956485,
        "7,24": 24.354266284464533,
        "7,25": 87.79828194021648,
        "7,26": 41.97883558320598,
        "7,27": 84.16957284488367,
        "7,28": 86.91373062303872,
        "7,29": 17.83721143777461,
        "7,30": 7.531780467405288,
        "7,31": 90.60655798365997,
        "7,32": 63.70416014582768,
        "7,33": 35.250946659798124,
        "7,34": 53.720272552149495,
        "7,35": 56.232648445531616,
        "7,36": 16.467555522776465,
        "7,37": 42.083325638632175,
        "7,38": 17.961154111948456,
        "7,39": 32.01214343367828,
        "7,40": 41.47940687032382,
        "7,41": 77.07925389470881,
        "7,42": 82.68605527726213,
        "7,43": 55.87839064471467,
        "7,44": 82.86881606444838,
        "7,45": 28.005143778663214,
        "7,46": 66.60379984509058,
        "7,47": 87.25727111231666,
        "7,48": 39.2656294168239,
        "7,49": 48.96153844573787,
        "7,50": 89.43446115284489,
        "8,0": 23.430539020646744,
        "8,1": 33.20431564113563,
        "8,2": 37.22702545041358,
        "8,3": 75.08560972207376,
        "8,4": 34.511867676299765,
        "8,5": 21.975080679078815,
        "8,6": 44.92570124074115,
        "8,7": 17.410324511192552,
        "8,8": 0.0,
        "8,9": 26.84941078032766,
        "8,10": 71.73092250363167,
        "8,11": 27.470998719068216,
        "8,12": 7.843602183654997,
        "8,13": 77.530481795025,
        "8,14": 19.127907293280106,
        "8,15": 62.0940651960517,
        "8,16": 61.106707104477834,
        "8,17": 48.50369132074349,
        "8,18": 67.37485384799422,
        "8,19": 78.6876161542986,
        "8,20": 32.714474414283856,
        "8,21": 75.09047310657128,
        "8,22": 33.54894923331804,
        "8,23": 31.319758657995617,
        "8,24": 20.79250820323835,
        "8,25": 75.81930176827458,
        "8,26": 29.36731714860352,
        "8,27": 67.34518819928297,
        "8,28": 69.60698016721406,
        "8,29": 22.779082607251713,
        "8,30": 23.619083181177192,
        "8,31": 73.25738995333424,
        "8,32": 63.69833672367616,
        "8,33": 17.877043249083712,
        "8,34": 45.253373482529945,
        "8,35": 49.31248822303424,
        "8,36": 32.56002208823329,
        "8,37": 31.101529337693975,
        "8,38": 10.033202680601814,
        "8,39": 33.812061229782344,
        "8,40": 29.129960246091766,
        "8,41": 63.01812739024929,
        "8,42": 67.02952085675967,
        "8,43": 46.8136160593242,
        "8,44": 65.86675078661348,
        "8,45": 12.053634947154986,
        "8,46": 49.308044490947346,
        "8,47": 70.33713354749133,
        "8,48": 42.47633831894769,
        "8,49": 44.09626948754436,
        "8,50": 72.0250342684674,
        "9,0": 43.68806683117476,
        "9,1": 15.39150399511199,
        "9,2": 61.04739228897258,
        "9,3": 92.4540719527196,
        "9,4": 32.354562933520626,
        "9,5": 46.931313529154444,
        "9,6": 71.13400409386469,
        "9,7": 22.804351784097857,
        "9,8": 26.84941078032766,
        "9,9": 0.0,
        "9,10": 96.23682116365198,
        "9,11": 49.23469664922715,
        "9,12": 34.51516968258544,
        "9,13": 92.78923987184473,
        "9,14": 42.15042700682621,
        "9,15": 83.61556166932296,
        "9,16": 80.9574236607107,
        "9,17": 36.61775838658727,
        "9,18": 70.80958648236086,
        "9,19": 92.44511213077165,
        "9,20": 59.502573321461085,
        "9,21": 89.72061969105076,
        "9,22": 25.321076191998177,
        "9,23": 50.14309208198644,
        "9,24": 44.23780629395775,
        "9,25": 102.55071389621969,
        "9,26": 56.19650992974079,
        "9,27": 89.437173128011,
        "9,28": 89.15755076909632,
        "9,29": 40.207562000295276,
        "9,30": 28.871002212673805,
        "9,31": 88.82741889863563,
        "9,32": 40.90102238366619,
        "9,33": 40.3634672570149,
        "9,34": 71.68433912260615,
        "9,35": 36.709809294489794,
        "9,36": 35.61949687876481,
        "9,37": 57.89412233404494,
        "9,38": 34.57510819935762,
        "9,39": 54.23596584639035,
        "9,40": 30.84706766385055,
        "9,41": 89.05945481538276,
        "9,42": 73.75365433868639,
        "9,43": 73.40495488280825,
        "9,44": 78.67910632864972,
        "9,45": 38.37081121726615,
        "9,46": 65.34497517305414,
        "9,47": 82.45197053236825,
        "9,48": 16.72761915232309,
        "9,49": 28.3695336238781,
        "9,50": 89.19860307309709,
        "10,0": 53.12692146147364,
        "10,1": 94.64342599243767,
        "10,2": 64.75852932630218,
        "10,3": 36.8271033431398,
        "10,4": 79.4106022098759,
        "10,5": 49.8329847036415,
        "10,6": 50.28952371915368,
        "10,7": 87.3426466358807,
        "10,8": 71.73092250363167,
        "10,9": 96.23682116365198,
        "10,10": 0.0,
        "10,11": 47.3383625840409,
        "10,12": 66.11711599788563,
        "10,13": 45.23242025552122,
        "10,14": 54.09698829910541,
        "10,15": 20.327510652250943,
        "10,16": 27.45919555426425,
        "10,17": 95.52330391466116,
        "10,18": 75.56920511901555,
        "10,19": 50.733269624527956,
        "10,20": 43.51918065834416,
        "10,21": 46.740025030654024,
        "10,22": 86.13875056812351,
        "10,23": 48.52863335065501,
        "10,24": 68.2831432515107,
        "10,25": 28.347850528024665,
        "10,26": 46.825428073491516,
        "10,27": 15.749757255101736,
        "10,28": 27.30353224010851,
        "10,29": 79.02449295640142,
        "10,30": 90.82932644949926,
        "10,31": 43.07360233377906,
        "10,32": 121.27234893876211,
        "10,33": 55.87353748254417,
        "10,34": 47.856588304265664,
        "10,35": 96.8673484432994,
        "10,36": 97.5754842594501,
        "10,37": 48.8056666519417,
        "10,38": 69.67739628888512,
        "10,39": 74.80112578521259,
        "10,40": 75.07333561999016,
        "10,41": 15.917099514984526,
        "10,42": 67.6347966448156,
        "10,43": 45.3356440895664,
        "10,44": 50.91268959744532,
        "10,45": 59.805923219059046,
        "10,46": 43.77238301236233,
        "10,47": 53.706296409620165,
        "10,48": 108.30801281503886,
        "10,49": 98.09856415075792,
        "10,50": 37.025148594736116,
        "11,0": 5.830875836142573,
        "11,1": 47.573748705604324,
        "11,2": 44.63708552170557,
        "11,3": 47.94871107894376,
        "11,4": 35.08003704650313,
        "11,5": 9.382537897466818,
        "11,6": 41.97845418433133,
        "11,7": 44.79258808583987,
        "11,8": 27.470998719068216,
        "11,9": 49.23469664922715,
        "11,10": 47.3383625840409,
        "11,11": 0.0,
        "11,12": 25.027779935747805,
        "11,13": 51.17157823128371,
        "11,14": 8.38856051622676,
        "11,15": 34.92813334789181,
        "11,16": 33.63615798054187,
        "11,17": 52.1846449453792,
        "11,18": 51.25971138318948,
        "11,19": 53.0859520718141,
        "11,20": 23.42274444078329,
        "11,21": 49.11748918422219,
        "11,22": 40.29716058377692,
        "11,23": 6.866981181079023,
        "11,24": 35.57383751386778,
        "11,25": 59.10363721220449,
        "11,26": 22.689441138943792,
        "11,27": 40.48084393584135,
        "11,28": 42.13711774416287,
        "11,29": 44.01702573340988,
        "11,30": 50.35902116174932,
        "11,31": 46.855842146206285,
        "11,32": 75.70693197374516,
        "11,33": 9.631209008248202,
        "11,34": 40.798908558535764,
        "11,35": 53.43764173530033,
        "11,36": 58.83700665401991,
        "11,37": 27.26981957761995,
        "11,38": 30.221449021068267,
        "11,39": 48.31497752705994,
        "11,40": 29.726152610849585,
        "11,41": 42.75486605710497,
        "11,42": 47.79251947390315,
        "11,43": 40.723026000722676,
        "11,44": 41.50808364932322,
        "11,45": 17.979691976067706,
        "11,46": 23.868453235127305,
        "11,47": 46.19934108058512,
        "11,48": 61.00344765460838,
        "11,49": 52.68174009059505,
        "11,50": 44.98883420961132,
        "12,0": 22.480096755828562,
        "12,1": 40.87820292670236,
        "12,2": 30.096989596810204,
        "12,3": 72.91061052703756,
        "12,4": 40.160187579697556,
        "12,5": 17.471215644861456,
        "12,6": 37.08763431850819,
        "12,7": 21.26877754347739,
        "12,8": 7.843602183654997,
        "12,9": 34.51516968258544,
        "12,10": 66.11711599788563,
        "12,11": 25.027779935747805,
        "12,12": 0.0,
        "12,13": 76.16037384985455,
        "12,14": 16.88482814507454,
        "12,15": 58.2536842492779,
        "12,16": 58.112326456308296,
        "12,17": 55.152840303370425,
        "12,18": 70.16969023339283,
        "12,19": 77.86666218327507,
        "12,20": 25.433117884749592,
        "12,21": 74.00934604258174,
        "12,22": 40.28317547738884,
        "12,23": 30.25324448142249,
        "12,24": 14.545592208616505,
        "12,25": 68.5084272174071,
        "12,26": 21.98433012291302,
        "12,27": 63.121347773427985,
        "12,28": 66.5786119869991,
        "12,29": 19.797639112122987,
        "12,30": 25.736869594884862,
        "12,31": 71.8472634283757,
        "12,32": 71.41586456723776,
        "12,33": 16.349544003835607,
        "12,34": 37.41154845252864,
        "12,35": 56.0443396862591,
        "12,36": 33.90820274992637,
        "12,37": 23.380985517652924,
        "12,38": 5.381414544436092,
        "12,39": 28.22720342548261,
        "12,40": 34.439175032873905,
        "12,41": 56.415668394287835,
        "12,42": 68.86435887060746,
        "12,43": 38.99201215750247,
        "12,44": 65.68198377866995,
        "12,45": 7.129585462240648,
        "12,46": 48.415677426475106,
        "12,47": 70.29222832598798,
        "12,48": 50.30578156049982,
        "12,49": 51.345225675670356,
        "12,50": 69.98836048103556,
        "13,0": 54.169768096552666,
        "13,1": 84.15995765991175,
        "13,2": 91.13148077954848,
        "13,3": 8.439870701656773,
        "13,4": 64.07186510870524,
        "13,5": 59.77712512498718,
        "13,6": 81.8745693458936,
        "13,7": 94.86783093158773,
        "13,8": 77.530481795025,
        "13,9": 92.78923987184473,
        "13,10": 45.23242025552122,
        "13,11": 51.17157823128371,
        "13,12": 76.16037384985455,
        "13,13": 0.0,
        "13,14": 59.30521793518136,
        "13,15": 28.21198545245278,
        "13,16": 22.606606639013542,
        "13,17": 74.89090652641083,
        "13,18": 39.6077520673082,
        "13,19": 5.66802056417048,
        "13,20": 66.25863629864719,
        "13,21": 3.640561865835271,
        "13,22": 72.49596245990813,
        "13,23": 46.24519226730918,
        "13,24": 85.98620724773579,
        "13,25": 73.11110481620922,
        "13,26": 67.854016787195,
        "13,27": 29.992112210581688,
        "13,28": 18.18946330771035,
        "13,29": 95.06843218829938,
        "13,30": 101.04146895154118,
        "13,31": 4.316239770144364,
        "13,32": 102.06928793838483,
        "13,33": 60.079863516821014,
        "13,34": 79.73035068397084,
        "13,35": 76.16112584014604,
        "13,36": 109.75709342490796,
        "13,37": 72.06395690644257,
        "13,38": 81.39032205080892,
        "13,39": 97.5565388846726,
        "13,40": 62.93604072613961,
        "13,41": 56.928043267152994,
        "13,42": 30.853953869940735,
        "13,43": 78.09657072396723,
        "13,44": 15.476375234028238,
        "13,45": 69.14924770099454,
        "13,46": 28.292333177899355,
        "13,47": 14.081249669867345,
        "13,48": 98.51468624950331,
        "13,49": 81.2654984775419,
        "13,50": 8.691271995650308,
        "14,0": 6.090151693124454,
        "14,1": 42.40355968026106,
        "14,2": 39.93354132202606,
        "14,3": 56.2950103686126,
        "14,4": 33.25498181039208,
        "14,5": 6.258685254773489,
        "14,6": 40.26476762723254,
        "14,7": 36.41101706124687,
        "14,8": 19.127907293280106,
        "14,9": 42.15042700682621,
        "14,10": 54.09698829910541,
        "14,11": 8.38856051622676,
        "14,12": 16.88482814507454,
        "14,13": 59.30521793518136,
        "14,14": 0.0,
        "14,15": 43.04079742866341,
        "14,16": 42.00369555869675,
        "14,17": 50.21092632437397,
        "14,18": 55.83868075724167,
        "14,19": 60.985283348894235,
        "14,20": 22.684211172128375,
        "14,21": 57.12642077101622,
        "14,22": 36.89730543198497,
        "14,23": 13.446492402155911,
        "14,24": 28.68178824617952,
        "14,25": 62.80003528147498,
        "14,26": 20.739943441687355,
        "14,27": 48.423465083426535,
        "14,28": 50.505920337814565,
        "14,29": 36.31302272059941,
        "14,30": 41.99515455053435,
        "14,31": 54.995239837156085,
        "14,32": 71.78103871745982,
        "14,33": 1.8845355710075717,
        "14,34": 39.53981179612993,
        "14,35": 51.367938638806635,
        "14,36": 50.53205485475109,
        "14,37": 24.806570103801505,
        "14,38": 22.18980220142601,
        "14,39": 42.01144124248135,
        "14,40": 27.415919115754203,
        "14,41": 47.65080796394973,
        "14,42": 53.43016836266384,
        "14,43": 40.02964396063755,
        "14,44": 48.93158828149505,
        "14,45": 10.06457865943912,
        "14,46": 31.550502504614887,
        "14,47": 53.574635232794556,
        "14,48": 55.06898882586363,
        "14,49": 49.270093731084984,
        "14,50": 53.30907898097947,
        "15,0": 40.07709168261224,
        "15,1": 79.48606657333438,
        "15,2": 66.29875790970344,
        "15,3": 20.67435898793639,
        "15,4": 62.30894994520788,
        "15,5": 40.78577461222105,
        "15,6": 55.10607049778802,
        "15,7": 79.11153947757103,
        "15,8": 62.0940651960517,
        "15,9": 83.61556166932296,
        "15,10": 20.327510652250943,
        "15,11": 34.92813334789181,
        "15,12": 58.2536842492779,
        "15,13": 28.21198545245278,
        "15,14": 43.04079742866341,
        "15,15": 0.0,
        "15,16": 7.199078579442316,
        "15,17": 77.52033434436916,
        "15,18": 55.24172892987444,
        "15,19": 33.124043596395346,
        "15,20": 41.719084863069355,
        "15,21": 28.726775046982485,
        "15,22": 69.74856022456154,
        "15,23": 33.577946535003775,
        "15,24": 64.63362945837834,
        "15,25": 46.02292982702903,
        "15,26": 44.10763897730864,
        "15,27": 6.1978586217637845,
        "15,28": 10.827428721117327,
        "15,29": 74.8262713429285,
        "15,30": 83.98251782944875,
        "15,31": 25.043003594391525,
        "15,32": 104.05935325579094,
        "15,33": 44.49720060315729,
        "15,34": 52.829053955361886,
        "15,35": 78.87440638728526,
        "15,36": 91.86763129230107,
        "15,37": 47.673409153409395,
        "15,38": 62.8385076380419,
        "15,39": 74.32877620726073,
        "15,40": 58.71711376994173,
        "15,41": 28.989774112620733,
        "15,42": 47.35071089555803,
        "15,43": 50.93140088212771,
        "15,44": 30.91221923233113,
        "15,45": 51.22131478619272,
        "15,46": 24.23043786429613,
        "15,47": 34.10300180524766,
        "15,48": 93.70497238215343,
        "15,49": 81.12270119143336,
        "15,50": 19.521377140747386,
        "16,0": 38.16838532869779,
        "16,1": 75.65078392152893,
        "16,2": 69.35307297233952,
        "16,3": 16.17638185124014,
        "16,4": 57.600543138685616,
        "16,5": 40.78509001827277,
        "16,6": 59.373688481289626,
        "16,7": 78.41152759186592,
        "16,8": 61.106707104477834,
        "16,9": 80.9574236607107,
        "16,10": 27.45919555426425,
        "16,11": 33.63615798054187,
        "16,12": 58.112326456308296,
        "16,13": 22.606606639013542,
        "16,14": 42.00369555869675,
        "16,15": 7.199078579442316,
        "16,16": 0.0,
        "16,17": 72.1631100876326,
        "16,18": 48.14454155088676,
        "16,19": 27.032530747869966,
        "16,20": 44.46686418028501,
        "16,21": 22.53305276120794,
        "16,22": 65.36174103679186,
        "16,23": 30.92092731460504,
        "16,24": 65.96789998341362,
        "16,25": 53.05108740851582,
        "16,26": 46.429368338694566,
        "16,27": 12.372506993586779,
        "16,28": 8.502279380860093,
        "16,29": 75.76166010236838,
        "16,30": 83.77078035925038,
        "16,31": 18.96638710265228,
        "16,32": 99.01888365084469,
        "16,33": 43.24421981843422,
        "16,34": 57.19682846080568,
        "16,35": 73.51559955976032,
        "16,36": 92.0016641564005,
        "16,37": 50.3825824563007,
        "16,38": 62.99935459564984,
        "16,39": 76.58403703116454,
        "16,40": 54.483868875939656,
        "16,41": 35.73530942384647,
        "16,42": 40.17955900370232,
        "16,43": 55.515644251506984,
        "16,44": 23.737303054640808,
        "16,45": 50.98668223105952,
        "16,46": 18.416029739987984,
        "16,47": 27.048389273380014,
        "16,48": 90.02816395405513,
        "16,49": 76.32306044329734,
        "16,50": 14.165566272790064,
        "17,0": 46.980065424413304,
        "17,1": 21.23633800330816,
        "17,2": 85.23510305051462,
        "17,3": 77.80691550856196,
        "17,4": 17.129078634766042,
        "17,5": 56.462860303468645,
        "17,6": 89.7117413432061,
        "17,7": 55.78720623651002,
        "17,8": 48.50369132074349,
        "17,9": 36.61775838658727,
        "17,10": 95.52330391466116,
        "17,11": 52.1846449453792,
        "17,12": 55.152840303370425,
        "17,13": 74.89090652641083,
        "17,14": 50.21092632437397,
        "17,15": 77.52033434436916,
        "17,16": 72.1631100876326,
        "17,17": 0.0,
        "17,18": 41.56199407731489,
        "17,19": 72.46444942679524,
        "17,20": 72.86563768370853,
        "17,21": 71.30672304059748,
        "17,22": 14.956154206738184,
        "17,23": 48.20542959054105,
        "17,24": 69.2543668972871,
        "17,25": 111.20597368428759,
        "17,26": 70.66316089066503,
        "17,27": 83.69517369016498,
        "17,28": 78.59655677384615,
        "17,29": 69.95726735732485,
        "17,30": 63.065842953195315,
        "17,31": 71.90031954089334,
        "17,32": 27.277913368586514,
        "17,33": 48.54838714594735,
        "17,34": 89.29335141714509,
        "17,35": 1.3541957589913494,
        "17,36": 71.07695354838201,
        "17,37": 74.28888088726389,
        "17,38": 58.53051666626785,
        "17,39": 82.23047041095646,
        "17,40": 22.81042185550923,
        "17,41": 94.3230989009417,
        "17,42": 47.66003239498037,
        "17,43": 90.03583433061272,
        "17,44": 59.41457272520447,
        "17,45": 54.03769138876563,
