{
    "num_robots": 2,
    "num_tasks": 60,
    "num_nodes": 61,
    "robot_capacity": [
        434,
        461
    ],
    "robot_speed": [
        1.07,
        0.83
    ],
    "task_demand": {
        "0": 0,
        "1": 11,
        "2": 13,
        "3": 11,
        "4": 10,
        "5": 5,
        "6": 9,
        "7": 9,
        "8": 6,
        "9": 6,
        "10": 9,
        "11": 14,
        "12": 13,
        "13": 5,
        "14": 12,
        "15": 7,
        "16": 5,
        "17": 14,
        "18": 10,
        "19": 14,
        "20": 7,
        "21": 9,
        "22": 11,
        "23": 14,
        "24": 13,
        "25": 11,
        "26": 10,
        "27": 10,
        "28": 10,
        "29": 7,
        "30": 11,
        "31": 9,
        "32": 12,
        "33": 5,
        "34": 6,
        "35": 5,
        "36": 14,
        "37": 7,
        "38": 11,
        "39": 15,
        "40": 13,
        "41": 8,
        "42": 10,
        "43": 7,
        "44": 15,
        "45": 9,
        "46": 12,
        "47": 8,
        "48": 13,
        "49": 14,
        "50": 9,
        "51": 6,
        "52": 14,
        "53": 12,
        "54": 7,
        "55": 15,
        "56": 5,
        "57": 15,
        "58": 12,
        "59": 9,
        "60": 15
    },
    "task_service_time": {
        "0": 0,
        "1": 100,
        "2": 49,
        "3": 60,
        "4": 32,
        "5": 53,
        "6": 43,
        "7": 16,
        "8": 76,
        "9": 30,
        "10": 53,
        "11": 34,
        "12": 32,
        "13": 35,
        "14": 58,
        "15": 100,
        "16": 69,
        "17": 93,
        "18": 43,
        "19": 77,
        "20": 91,
        "21": 93,
        "22": 20,
        "23": 45,
        "24": 21,
        "25": 63,
        "26": 54,
        "27": 60,
        "28": 52,
        "29": 41,
        "30": 67,
        "31": 93,
        "32": 49,
        "33": 96,
        "34": 36,
        "35": 61,
        "36": 39,
        "37": 80,
        "38": 62,
        "39": 88,
        "40": 61,
        "41": 11,
        "42": 57,
        "43": 22,
        "44": 44,
        "45": 46,
        "46": 19,
        "47": 93,
        "48": 65,
        "49": 95,
        "50": 51,
        "51": 24,
        "52": 42,
        "53": 15,
        "54": 55,
        "55": 59,
        "56": 51,
        "57": 69,
        "58": 91,
        "59": 50,
        "60": 96
    },
    "task_precedence": [],
    "coordinates": {
        "0": [
            100,
            100
        ],
        "1": [
            61.63627831881088,
            43.41007837721832
        ],
        "2": [
            77.7695392760594,
            21.114008864506985
        ],
        "3": [
            75.72251414248274,
            84.8591080095199
        ],
        "4": [
            15.034319162099264,
            30.87264325940371
        ],
        "5": [
            83.63630330210874,
            94.21585210512059
        ],
        "6": [
            53.75560265464782,
            98.49853673174866
        ],
        "7": [
            12.063636053715609,
            7.663254695017196
        ],
        "8": [
            7.117219464916191,
            12.238066586260166
        ],
        "9": [
            55.90596227786918,
            17.87284456249536
        ],
        "10": [
            56.723418982575744,
            65.0053644914371
        ],
        "11": [
            45.94829417996713,
            63.4193610704132
        ],
        "12": [
            99.78023717535096,
            16.73796573569517
        ],
        "13": [
            49.00589991713553,
            26.365250453091004
        ],
        "14": [
            78.52911903818188,
            70.58492756359593
        ],
        "15": [
            17.543107223224485,
            11.054184965560033
        ],
        "16": [
            68.44289799042787,
            74.98247755693113
        ],
        "17": [
            67.63347815684459,
            28.89462315162915
        ],
        "18": [
            38.613628863160876,
            50.25846650130852
        ],
        "19": [
            4.940057147575705,
            71.83081948597739
        ],
        "20": [
            0.0026764054544825555,
            69.80155415646985
        ],
        "21": [
            39.8347027975166,
            8.445507016849508
        ],
        "22": [
            75.2064203652566,
            58.21539408782
        ],
        "23": [
            15.613525032791609,
            76.99995405753637
        ],
        "24": [
            18.389565797783224,
            63.72776859833109
        ],
        "25": [
            9.253974393569464,
            27.097375593556638
        ],
        "26": [
            82.65371017016469,
            96.29098245186327
        ],
        "27": [
            70.76084050382727,
            5.946855386854876
        ],
        "28": [
            25.056910916089148,
            27.514079848757834
        ],
        "29": [
            17.543086311410626,
            31.537368902758832
        ],
        "30": [
            46.84646978820456,
            93.84340130375541
        ],
        "31": [
            66.03352637622683,
            8.030696104178137
        ],
        "32": [
            49.16746765604787,
            80.52075344302229
        ],
        "33": [
            23.03182962156578,
            58.99573717579306
        ],
        "34": [
            84.96656318684369,
            48.10151304428692
        ],
        "35": [
            46.55669425892841,
            81.36022145970247
        ],
        "36": [
            14.816009843138245,
            33.65206429331037
        ],
        "37": [
            64.16698298120245,
            41.4330205660721
        ],
        "38": [
            46.028934460874304,
            53.03579177384622
        ],
        "39": [
            50.41309803590652,
            0.8185226239963317
        ],
        "40": [
            42.4490272157784,
            94.76128630291701
        ],
        "41": [
            22.94876967772127,
            48.54650492591098
        ],
        "42": [
            81.84049798111295,
            67.41253564831602
        ],
        "43": [
            58.5736533600651,
            76.4239793661578
        ],
        "44": [
            10.763251783930517,
            51.009578104165655
        ],
        "45": [
            40.499644094016894,
            23.992092051941917
        ],
        "46": [
            92.02946871849659,
            95.89806215522452
        ],
        "47": [
            73.26227461043266,
            93.3701087714741
        ],
        "48": [
            69.42732610593613,
            76.65565889662835
        ],
        "49": [
            50.399594806497504,
            10.92143682575798
        ],
        "50": [
            10.053276171897707,
            68.54635797837678
        ],
        "51": [
            62.071314902434224,
            28.776249081892136
        ],
        "52": [
            90.95327760213188,
            5.818289685507095
        ],
        "53": [
            82.56967442760569,
            82.47693982982534
        ],
        "54": [
            89.69234476661346,
            7.746247442847187
        ],
        "55": [
            42.935222339390776,
            21.246510654167427
        ],
        "56": [
            92.54254495266886,
            5.482793276215981
        ],
        "57": [
            11.587823681289889,
            81.82773039210862
        ],
        "58": [
            23.438460155053797,
            65.32036341552846
        ],
        "59": [
            57.461201259912734,
            60.283726572955665
        ],
        "60": [
            18.823118869205892,
            47.4576351770829
        ]
    },
    "distance_matrix_str_keys": {
        "0,0": 0.0,
        "0,1": 68.36808005571251,
        "0,2": 81.95848327920513,
        "0,3": 28.611936841628445,
        "0,4": 109.53427942972773,
        "0,5": 17.35589054155433,
        "0,6": 46.268765682485245,
        "0,7": 127.51030796610385,
        "0,8": 127.78641507001537,
        "0,9": 93.21563078634797,
        "0,10": 55.6550714574589,
        "0,11": 65.26660743866022,
        "0,12": 83.26232428613419,
        "0,13": 89.5682677296888,
        "0,14": 36.4176497829756,
        "0,15": 121.28683843905513,
        "0,16": 40.27067315593317,
        "0,17": 78.12532465834808,
        "0,18": 79.00953560268027,
        "0,19": 99.14582929169418,
        "0,20": 104.45769889020566,
        "0,21": 109.5540422479468,
        "0,22": 48.58677682601049,
        "0,23": 87.46473158220246,
        "0,24": 89.30810568772898,
        "0,25": 116.40289433132622,
        "0,26": 17.738392881911096,
        "0,27": 98.49326098603811,
        "0,28": 104.26253028586662,
        "0,29": 107.1740382359665,
        "0,30": 53.508891611421475,
        "0,31": 98.04118618986877,
        "0,32": 54.43700387536467,
        "0,33": 87.20922440407504,
        "0,34": 54.03200135759811,
        "0,35": 56.60060311131845,
        "0,36": 107.97388921208379,
        "0,37": 68.6592760570891,
        "0,38": 71.54378218781932,
        "0,39": 110.88654697880779,
        "0,40": 57.78891407190673,
        "0,41": 92.65179032008042,
        "0,42": 37.30563424532864,
        "0,43": 47.66519636862308,
        "0,44": 101.80009169794508,
        "0,45": 96.52716935443166,
        "0,46": 8.964109715516969,
        "0,47": 27.54743938572148,
        "0,48": 38.46617540883602,
        "0,49": 101.95680758314795,
        "0,50": 95.28769450371506,
        "0,51": 80.69329493876786,
        "0,52": 94.6152088403717,
        "0,53": 24.715863069842907,
        "0,54": 92.82781165839654,
        "0,55": 97.25482473172697,
        "0,56": 94.81094874881006,
        "0,57": 90.2604249054511,
        "0,58": 84.04966732272234,
        "0,59": 58.1973519430343,
        "0,60": 96.69739464591376,
        "1,0": 68.36808005571251,
        "1,1": 0.0,
        "1,2": 27.52084346146272,
        "1,3": 43.77720979162001,
        "1,4": 48.25898752126104,
        "1,5": 55.36449894432835,
        "1,6": 55.64928834048604,
        "1,7": 61.116955622065184,
        "1,8": 62.80144980340874,
        "1,9": 26.172253109675207,
        "1,10": 22.1470668309057,
        "1,11": 25.426054358409633,
        "1,12": 46.54420683620596,
        "1,13": 21.21444360648229,
        "1,14": 31.997507650946915,
        "1,15": 54.691055719662685,
        "1,16": 32.29777796253441,
        "1,17": 15.705567366491266,
        "1,18": 24.019633799371736,
        "1,19": 63.42081693157794,
        "1,20": 67.04633381938874,
        "1,21": 41.204732078063806,
        "1,22": 20.083478992726914,
        "1,23": 56.97695646702287,
        "1,24": 47.78165631073825,
        "1,25": 54.86355836640971,
        "1,26": 56.904502962227006,
        "1,27": 38.55840650096846,
        "1,28": 39.88399288938005,
        "1,29": 45.66367058906222,
        "1,30": 52.557192636064265,
        "1,31": 35.65159856865268,
        "1,32": 39.14937347114915,
        "1,33": 41.63191347276533,
        "1,34": 23.797305546194377,
        "1,35": 40.83634674404753,
        "1,36": 47.826314712674765,
        "1,37": 3.2114208190246116,
        "1,38": 18.336944693538573,
        "1,39": 44.045435599417,
        "1,40": 54.81876649760702,
        "1,41": 39.026993255239354,
        "1,42": 31.374009103291602,
        "1,43": 33.15565306468011,
        "1,44": 51.437507957895036,
        "1,45": 28.702186315355036,
        "1,46": 60.65257178184442,
        "1,47": 51.29491618832966,
        "1,48": 34.146288959326824,
        "1,49": 34.37695283493246,
        "1,50": 57.38151847656233,
        "1,51": 14.640294282350936,
        "1,52": 47.672099010013305,
        "1,53": 44.32185393691128,
        "1,54": 45.37677491227116,
        "1,55": 28.999193591540916,
        "1,56": 48.92521101002874,
        "1,57": 63.0932943975919,
        "1,58": 44.03559813300426,
        "1,59": 17.382499011397865,
        "1,60": 43.00406187914615,
        "2,0": 81.95848327920513,
        "2,1": 27.52084346146272,
        "2,2": 0.0,
        "2,3": 63.77795839398609,
        "2,4": 63.48967465659507,
        "2,5": 73.33688298061618,
        "2,6": 81.02489929208845,
        "2,7": 67.06853588674838,
        "2,8": 71.20767266259185,
        "2,9": 22.10251445398073,
        "2,10": 48.676383166556604,
        "2,11": 52.93708024373229,
        "2,12": 22.441492273890763,
        "2,13": 29.239057566753225,
        "2,14": 49.47674967443692,
        "2,15": 61.06081537854343,
        "2,16": 54.66990174618505,
        "2,17": 12.778016031349619,
        "2,18": 48.81172739420573,
        "2,19": 88.7486808167717,
        "2,20": 91.75054238146173,
        "2,21": 39.99428406307435,
        "2,22": 37.1898153267744,
        "2,23": 83.58593767331676,
        "2,24": 73.088396951451,
        "2,25": 68.77632811208365,
        "2,26": 75.33546630291,
        "2,27": 16.70821364163574,
        "2,28": 53.09973726130657,
        "2,29": 61.12178066115284,
        "2,30": 79.03037865993623,
        "2,31": 17.57575237563446,
        "2,32": 65.93360146672731,
        "2,33": 66.56757617691768,
        "2,34": 27.93067373025649,
        "2,35": 67.85166045226107,
        "2,36": 64.18995016353742,
        "2,37": 24.45182558180662,
        "2,38": 45.01628836482117,
        "2,39": 34.06290708475562,
        "2,40": 81.67900615391078,
        "2,41": 61.30137534764632,
        "2,42": 46.477158767822004,
        "2,43": 58.5463480756345,
        "2,44": 73.37293522574284,
        "2,45": 37.380856727932695,
        "2,46": 76.1314666500795,
        "2,47": 72.39654279405626,
        "2,48": 56.16464554207055,
        "2,49": 29.206204563961922,
        "2,50": 82.67599428644372,
        "2,51": 17.468376388021703,
        "2,52": 20.193315266522664,
        "2,53": 61.550390690291614,
        "2,54": 17.912295670628094,
        "2,55": 34.8345689390373,
        "2,56": 21.507593949318622,
        "2,57": 89.81188930647276,
        "2,58": 70.04332902670738,
        "2,59": 44.12137099340439,
        "2,60": 64.56521606932141,
        "3,0": 28.611936841628445,
        "3,1": 43.77720979162001,
        "3,2": 63.77795839398609,
        "3,3": 0.0,
        "3,4": 81.2255833231906,
        "3,5": 12.254661110515151,
        "3,6": 25.85689881217646,
        "3,7": 100.05824567957772,
        "3,8": 99.90246300864933,
        "3,9": 69.85596050729741,
        "3,10": 27.47975161054073,
        "3,11": 36.690147494786636,
        "3,12": 72.24447426770347,
        "3,13": 64.30636708365525,
        "3,14": 14.547482890292764,
        "3,15": 93.97877449191105,
        "3,16": 12.269500414371484,
        "3,17": 56.54605263487481,
        "3,18": 50.73730146010557,
        "3,19": 71.97147018151382,
        "3,20": 77.20248541957307,
        "3,21": 84.42140380139931,
        "3,22": 26.64871186996243,
        "3,23": 60.620597758764674,
        "3,24": 61.103195261842444,
        "3,25": 88.05955091894465,
        "3,26": 13.368965241919721,
        "3,27": 79.06808344256127,
        "3,28": 76.52094879869786,
        "3,29": 78.91801875440375,
        "3,30": 30.241419668181685,
        "3,31": 77.43695086863582,
        "3,32": 26.907095983055616,
        "3,33": 58.69601507909775,
        "3,34": 37.90215337368936,
        "3,35": 29.374942664938533,
        "3,36": 79.57237958060487,
        "3,37": 44.93723813348228,
        "3,38": 43.525074733350216,
        "3,39": 87.76893833012507,
        "3,40": 34.71567466168258,
        "3,41": 64.05991919710534,
        "3,42": 18.488174961430442,
        "3,43": 19.11111774242442,
        "3,44": 73.24954908380454,
        "3,45": 70.3238523264416,
        "3,46": 19.69201046554537,
        "3,47": 8.859453285900145,
        "3,48": 10.340501427072123,
        "3,49": 78.15388322901755,
        "3,50": 67.66501776557726,
        "3,51": 57.72038033647819,
        "3,52": 80.4948887625381,
        "3,53": 7.249712353363708,
        "3,54": 78.36803833478294,
        "3,55": 71.56513848289053,
        "3,56": 81.13884875382526,
        "3,57": 64.20629074173623,
        "3,58": 55.8156325922193,
        "3,59": 30.61739572445284,
        "3,60": 68.09119878883116,
        "4,0": 109.53427942972773,
        "4,1": 48.25898752126104,
        "4,2": 63.48967465659507,
        "4,3": 81.2255833231906,
        "4,4": 0.0,
        "4,5": 93.3734134259759,
        "4,6": 77.92688408529665,
        "4,7": 23.39873235162776,
        "4,8": 20.246676650808688,
        "4,9": 42.889229150720375,
        "4,10": 53.87971513051415,
        "4,11": 44.88833580870247,
        "4,12": 85.91658587611596,
        "4,13": 34.26929951000385,
        "4,14": 74.89095496761122,
        "4,15": 19.976619000232887,
        "4,16": 69.26870703439697,
        "4,17": 52.63633811827394,
        "4,18": 30.525300796961115,
        "4,19": 42.18372109504943,
        "4,20": 41.7302095321256,
        "4,21": 33.43703737632813,
        "4,22": 66.09317503394635,
        "4,23": 46.13094710612574,
        "4,24": 33.026004012336955,
        "4,25": 6.903986644820528,
        "4,26": 94.0847551041152,
        "4,27": 61.04703172077549,
        "4,28": 10.570349741161609,
        "4,29": 2.595336739307202,
        "4,30": 70.55018990859129,
        "4,31": 55.88088838155348,
        "4,32": 60.249536686307195,
        "4,33": 29.23813579863347,
        "4,34": 72.02327893397289,
        "4,35": 59.52021240113712,
        "4,36": 2.787981392059133,
        "4,37": 50.2547532360891,
        "4,38": 38.10342936787048,
        "4,39": 46.420988375619174,
        "4,40": 69.52211826181593,
        "4,41": 19.365017768415928,
        "4,42": 76.14610472106452,
        "4,43": 63.01268002166418,
        "4,44": 20.58490129903578,
        "4,45": 26.37849045731483,
        "4,46": 100.77975073291738,
        "4,47": 85.41913129460826,
        "4,48": 71.09629895592767,
        "4,49": 40.604844040609414,
        "4,50": 38.001573256864035,
        "4,51": 47.08368971123433,
        "4,52": 79.94628749119764,
        "4,53": 84.99428001557632,
        "4,54": 78.15785930172564,
        "4,55": 29.5147899711685,
        "4,56": 81.56083341513067,
        "4,57": 51.07151099978137,
        "4,58": 35.45807397172247,
        "4,59": 51.62414305553613,
        "4,60": 17.012259113064772,
        "5,0": 17.35589054155433,
        "5,1": 55.36449894432835,
        "5,2": 73.33688298061618,
        "5,3": 12.254661110515151,
        "5,4": 93.3734134259759,
        "5,5": 0.0,
        "5,6": 30.1860507319909,
        "5,7": 112.31205997347143,
        "5,8": 112.14065948557456,
        "5,9": 81.22331324179011,
        "5,10": 39.718458291148735,
        "5,11": 48.670421116335554,
        "5,12": 79.14195775426089,
        "5,13": 76.17722089409907,
        "5,14": 24.17651599782183,
        "5,15": 106.22699021130603,
        "5,16": 24.510452086323394,
        "5,17": 67.25290599389997,
        "5,18": 62.92291285976607,
        "5,19": 81.81802273444991,
        "5,20": 87.12428761381216,
        "5,21": 96.3074883034803,
        "5,22": 36.97426001672587,
        "5,23": 70.16755310726958,
        "5,24": 72.01846978987632,
        "5,25": 100.1879271324219,
        "5,26": 2.2960085406888266,
        "5,27": 89.2031015375538,
        "5,28": 88.77314703475896,
        "5,29": 91.08735142009702,
        "5,30": 36.79171876360528,
        "5,31": 87.96441820650637,
        "5,32": 37.08984171117159,
        "5,33": 70.09535452318268,
        "5,34": 46.13352206778131,
        "5,35": 39.24493147001934,
        "5,36": 91.67445219848761,
        "5,37": 56.259059173057864,
        "5,38": 55.76837419226105,
        "5,39": 99.1304318681498,
        "5,40": 41.19088746161856,
        "5,41": 75.9517347345427,
        "5,42": 26.863408008563013,
        "5,43": 30.73576349591576,
        "5,44": 84.71873317405456,
        "5,45": 82.41448806879448,
        "5,46": 8.560085067306261,
        "5,47": 10.408446237653639,
        "5,48": 22.588833933625928,
        "5,49": 89.68075829492719,
        "5,50": 77.93192420547761,
        "5,51": 68.90130890277649,
        "5,52": 88.69987122108274,
        "5,53": 11.787271039685189,
        "5,54": 86.68141766647366,
        "5,55": 83.55299386209637,
        "5,56": 89.17890372432271,
        "5,57": 73.10573831955976,
        "5,58": 66.7737192776303,
        "5,59": 42.854697642731914,
        "5,60": 79.91920749496276,
        "6,0": 46.268765682485245,
        "6,1": 55.64928834048604,
        "6,2": 81.02489929208845,
        "6,3": 25.85689881217646,
        "6,4": 77.92688408529665,
        "6,5": 30.1860507319909,
        "6,6": 0.0,
        "6,7": 99.946328305475,
        "6,8": 98.06124359946163,
        "6,9": 80.6543630827271,
        "6,10": 33.62440364490487,
        "6,11": 35.93748225318033,
        "6,12": 93.82461272163611,
        "6,13": 72.28949208186147,
        "6,14": 37.321531195780416,
        "6,15": 94.64596917555332,
        "6,16": 27.725830616844394,
        "6,17": 70.97394038746347,
        "6,18": 50.56069368728909,
        "6,19": 55.624856190856214,
        "6,20": 60.93352024359887,
        "6,21": 91.12266245926304,
        "6,22": 45.6384614302988,
        "6,23": 43.78364012175832,
        "6,24": 49.59599660808311,
        "6,25": 84.13394516940988,
        "6,26": 28.98230346050867,
        "6,27": 94.1009661697154,
        "6,28": 76.56636354482299,
        "6,29": 76.12584539386977,
        "6,30": 8.331050523140782,
        "6,31": 91.29719381628557,
        "6,32": 18.554020446840813,
        "6,33": 50.04419448993404,
        "6,34": 59.27886684052646,
        "6,35": 18.588871199026876,
        "6,36": 75.63965148012849,
        "6,37": 58.00749930448012,
        "6,38": 46.11466773689207,
        "6,39": 97.73718582615831,
        "6,40": 11.908219385057006,
        "6,41": 58.68787301989797,
        "6,42": 41.89392329273635,
        "6,43": 22.59424031665446,
        "6,44": 64.05890589858022,
        "6,45": 75.67648734043003,
        "6,46": 38.36210749550373,
        "6,47": 20.16955686509569,
        "6,48": 26.883344807773643,
        "6,49": 87.64137845002621,
        "6,50": 52.981377408282086,
        "6,51": 70.21644013560729,
        "6,52": 99.86638680782964,
        "6,53": 32.968807977008915,
        "6,54": 97.60854186390853,
        "6,55": 78.00612901085461,
        "6,56": 100.7787448989889,
        "6,57": 45.34354824624722,
        "6,58": 44.94352360398366,
        "6,59": 38.39405131652467,
        "6,60": 61.850238923816974,
        "7,0": 127.51030796610385,
        "7,1": 61.116955622065184,
        "7,2": 67.06853588674838,
        "7,3": 100.05824567957772,
        "7,4": 23.39873235162776,
        "7,5": 112.31205997347143,
        "7,6": 99.946328305475,
        "7,7": 0.0,
        "7,8": 6.737650993499748,
        "7,9": 45.01538952410849,
        "7,10": 72.68159166637439,
        "7,11": 65.24502628152906,
        "7,12": 88.18476338236601,
        "7,13": 41.40646694285268,
        "7,14": 91.52484550622749,
        "7,15": 6.443835224240505,
        "7,16": 87.80944677687273,
        "7,17": 59.48763197427767,
        "7,18": 50.19217256708874,
        "7,19": 64.56176691846402,
        "7,20": 63.297985809962,
        "7,21": 27.782081757558437,
        "7,22": 80.88590734981683,
        "7,23": 69.42751320803684,
        "7,24": 56.42027212218811,
        "7,25": 19.636172074606154,
        "7,26": 113.30416007855756,
        "7,27": 58.722294206232,
        "7,28": 23.725101705442068,
        "7,29": 24.494850567636558,
        "7,30": 92.93472543729128,
        "7,31": 53.97114112757907,
        "7,32": 81.76129550948782,
        "7,33": 52.49119000157065,
        "7,34": 83.36719692361297,
        "7,35": 81.36961333730991,
        "7,36": 26.13414980084556,
        "7,37": 62.08990133694784,
        "7,38": 56.67723190891605,
        "7,39": 38.9555078448166,
        "7,40": 92.24607908221508,
        "7,41": 42.30752041250273,
        "7,42": 91.86287081771019,
        "7,43": 83.01336619567557,
        "7,44": 43.36582470494014,
        "7,45": 32.79081399869451,
        "7,46": 119.07945096158116,
        "7,47": 105.31352333332491,
        "7,48": 89.72482807966652,
        "7,49": 38.47416645350583,
        "7,50": 60.91628527960855,
        "7,51": 54.28191665570397,
        "7,52": 78.91121238153626,
        "7,53": 102.80169711940884,
        "7,54": 77.62875307660258,
        "7,55": 33.72772868495116,
        "7,56": 80.50844172858457,
        "7,57": 74.16600200117448,
        "7,58": 58.76843378332658,
        "7,59": 69.49714373488908,
        "7,60": 40.36438189647304,
        "8,0": 127.78641507001537,
        "8,1": 62.80144980340874,
        "8,2": 71.20767266259185,
        "8,3": 99.90246300864933,
        "8,4": 20.246676650808688,
        "8,5": 112.14065948557456,
        "8,6": 98.06124359946163,
        "8,7": 6.737650993499748,
        "8,8": 0.0,
        "8,9": 49.11305476255715,
        "8,10": 72.42349590291494,
        "8,11": 64.24466723860793,
        "8,12": 92.77221536408105,
        "8,13": 44.20677407406458,
        "8,14": 92.217219577315,
        "8,15": 10.492888603271947,
        "8,16": 87.73653717050189,
        "8,17": 62.7666985166795,
        "8,18": 49.37179979180468,
        "8,19": 59.63250987442003,
        "8,20": 58.00148122410857,
        "8,21": 32.93656362929372,
        "8,22": 82.15871179267971,
        "8,23": 65.31683762357875,
        "8,24": 52.70915674851914,
        "8,25": 15.01215460216974,
        "8,26": 113.00731876110612,
        "8,27": 63.95381018594629,
        "8,28": 23.56245128502747,
        "8,29": 21.935399914395056,
        "8,30": 90.76256929816908,
        "8,31": 59.06634563303578,
        "8,32": 80.19194908040588,
        "8,33": 49.391847256378284,
        "8,34": 85.71293432022125,
        "8,35": 79.58231252216582,
        "8,36": 22.75589310673953,
        "8,37": 64.0860425923424,
        "8,38": 56.37886079381584,
        "8,39": 44.77654615465575,
        "8,40": 89.76869404947088,
        "8,41": 39.60985580388792,
        "8,42": 92.88589983678293,
        "8,43": 82.265399704824,
        "8,44": 38.942568701285936,
        "8,45": 35.39128973017915,
        "8,46": 119.20186631047898,
        "8,47": 104.67844376635882,
        "8,48": 89.62240561756911,
        "8,49": 43.302396344033504,
        "8,50": 56.38478614383604,
        "8,51": 57.38871043693758,
        "8,52": 84.08149724786097,
        "8,53": 103.08526700951161,
        "8,54": 82.6972052599611,
        "8,55": 36.93347254781878,
        "8,56": 85.69200634937825,
        "8,57": 69.7331170296472,
        "8,58": 55.53479210671406,
        "8,59": 69.59096167270644,
        "8,60": 37.11396088518466,
        "9,0": 93.21563078634797,
        "9,1": 26.172253109675207,
        "9,2": 22.10251445398073,
        "9,3": 69.85596050729741,
        "9,4": 42.889229150720375,
        "9,5": 81.22331324179011,
        "9,6": 80.6543630827271,
        "9,7": 45.01538952410849,
        "9,8": 49.11305476255715,
        "9,9": 0.0,
        "9,10": 47.1396082961681,
        "9,11": 46.62231568631066,
        "9,12": 43.88895017804959,
        "9,13": 10.942203543740028,
        "9,14": 57.36175482075664,
        "9,15": 38.96412153048695,
        "9,16": 58.46952144339798,
        "9,17": 16.093919098824514,
        "9,18": 36.71312167725831,
        "9,19": 74.22254740705947,
        "9,20": 76.30051278614226,
        "9,21": 18.63223213907466,
        "9,22": 44.72168360634772,
        "9,23": 71.55065042602396,
        "9,24": 59.24655317554998,
        "9,25": 47.5552304830905,
        "9,26": 82.85436842644881,
        "9,27": 19.049845797946443,
        "9,28": 32.32054126661271,
        "9,29": 40.723819539227115,
        "9,30": 76.50882233930479,
        "9,31": 14.122161337482975,
        "9,32": 63.00926754748955,
        "9,33": 52.64789544501326,
        "9,34": 41.93197972160089,
        "9,35": 64.17207989287877,
        "9,36": 44.01554232770275,
        "9,37": 24.96650468889096,
        "9,38": 36.523807784593565,
        "9,39": 17.91707159003952,
        "9,40": 78.05716863002105,
        "9,41": 45.022771840185705,
        "9,42": 55.917628124066255,
        "9,43": 58.61187560986833,
        "9,44": 55.999173391678,
        "9,45": 16.57708749506968,
        "9,46": 85.98163930723108,
        "9,47": 77.46662817514284,
        "9,48": 60.31787911400822,
        "9,49": 8.868041060581103,
        "9,50": 68.33940140974505,
        "9,51": 12.525805487026897,
        "9,52": 37.062468950686764,
        "9,53": 69.89021870701404,
        "9,54": 35.2713426296674,
        "9,55": 13.402302692065144,
        "9,56": 38.67496038736259,
        "9,57": 77.80954202502723,
        "9,58": 57.49265813479103,
        "9,59": 42.43938832260019,
        "9,60": 47.438350635118304,
        "10,0": 55.6550714574589,
        "10,1": 22.1470668309057,
        "10,2": 48.676383166556604,
        "10,3": 27.47975161054073,
        "10,4": 53.87971513051415,
        "10,5": 39.718458291148735,
        "10,6": 33.62440364490487,
        "10,7": 72.68159166637439,
        "10,8": 72.42349590291494,
        "10,9": 47.1396082961681,
        "10,10": 0.0,
        "10,11": 10.891222216229494,
        "10,12": 64.68099702023382,
        "10,13": 39.40328049061175,
        "10,14": 22.50822247515915,
        "10,15": 66.67703204097627,
        "10,16": 15.391197917548137,
        "10,17": 37.72287146144317,
        "10,18": 23.354560550361786,
        "10,19": 52.23124925575716,
        "10,20": 56.92315938001882,
        "10,21": 59.027503859854534,
        "10,22": 19.690734831239258,
        "10,23": 42.82398346045911,
        "10,24": 38.35513722122903,
        "10,25": 60.74836452012981,
        "10,26": 40.63458984952221,
        "10,27": 60.7038441996989,
        "10,28": 49.075086930980156,
        "10,29": 51.52868324483906,
        "10,30": 30.482560466220935,
        "10,31": 57.730329442325576,
        "10,32": 17.25745331060843,
        "10,33": 34.223366493433325,
        "10,34": 32.91527591089577,
        "10,35": 19.257300902744397,
        "10,36": 52.3379439230666,
        "10,37": 24.719669155094774,
        "10,38": 16.05125136014659,
        "10,39": 64.49628531447233,
        "10,40": 33.00262327698993,
        "10,41": 37.57154500235009,
        "10,42": 25.232164599916285,
        "10,43": 11.567546538001737,
        "10,44": 48.043927873619545,
        "10,45": 44.105548265846195,
        "10,46": 46.91349397456443,
        "10,47": 32.834318381093055,
        "10,48": 17.237128993153043,
        "10,49": 54.45238272065203,
        "10,50": 46.8042825481134,
        "10,51": 36.62169840583268,
        "10,52": 68.37245823573667,
        "10,53": 31.19751376848348,
        "10,54": 66.07235846053558,
        "10,55": 45.87975213340487,
        "10,56": 69.46903100902206,
        "10,57": 48.168599291421515,
        "10,58": 33.28644932208916,
        "10,59": 4.778931608842536,
        "10,60": 41.765482791096154,
        "11,0": 65.26660743866022,
        "11,1": 25.426054358409633,
        "11,2": 52.93708024373229,
        "11,3": 36.690147494786636,
        "11,4": 44.88833580870247,
        "11,5": 48.670421116335554,
        "11,6": 35.93748225318033,
        "11,7": 65.24502628152906,
        "11,8": 64.24466723860793,
        "11,9": 46.62231568631066,
        "11,10": 10.891222216229494,
        "11,11": 0.0,
        "11,12": 71.25328593864629,
        "11,13": 37.180049307185094,
        "11,14": 33.35948877920474,
        "11,15": 59.5732013118297,
        "11,16": 25.292545610720513,
        "11,17": 40.77014511222334,
        "11,18": 15.066733593206251,
        "11,19": 41.86201305696567,
        "11,20": 46.38676730781444,
        "11,21": 55.31275286128955,
        "11,22": 29.71732188859289,
        "11,23": 33.235985393761545,
        "11,24": 27.56045401016219,
        "11,25": 51.63099586069781,
        "11,26": 49.273025635319534,
        "11,27": 62.59993102728109,
        "11,28": 41.54081263389534,
        "11,29": 42.70031918656205,
        "11,30": 30.437295273122714,
        "11,31": 58.91791543426756,
        "11,32": 17.401744135316836,
        "11,33": 23.33951148198092,
        "11,34": 41.917320816632405,
        "11,35": 17.95117328098776,
        "11,36": 43.07332220116388,
        "11,37": 28.553805182656262,
        "11,38": 10.38388242381015,
        "11,39": 62.759855382771526,
        "11,40": 31.53666352939895,
        "11,41": 27.389413597674288,
        "11,42": 36.11365028507359,
        "11,43": 18.125114936035555,
        "11,44": 37.30938114844927,
        "11,45": 39.80197645863873,
        "11,46": 56.376774216045206,
        "11,47": 40.535179965166776,
        "11,48": 26.95300577532939,
        "11,49": 52.68629923675897,
        "11,50": 36.259321768255624,
        "11,51": 38.21121570254361,
        "11,52": 73.0980981799005,
        "11,53": 41.28337194819881,
        "11,54": 70.80280744938685,
        "11,55": 42.28034903057821,
        "11,56": 74.34830255520987,
        "11,57": 38.98089267800836,
        "11,58": 22.58996320814356,
        "11,59": 11.932276946715051,
        "11,60": 31.473033364029945,
        "12,0": 83.26232428613419,
        "12,1": 46.54420683620596,
        "12,2": 22.441492273890763,
        "12,3": 72.24447426770347,
        "12,4": 85.91658587611596,
        "12,5": 79.14195775426089,
        "12,6": 93.82461272163611,
        "12,7": 88.18476338236601,
        "12,8": 92.77221536408105,
        "12,9": 43.88895017804959,
        "12,10": 64.68099702023382,
        "12,11": 71.25328593864629,
        "12,12": 0.0,
        "12,13": 51.678989299722254,
        "12,14": 57.888732238453095,
        "12,15": 82.43331187454436,
        "12,16": 66.1396400389737,
        "12,17": 34.36856754248427,
        "12,18": 69.74939386112518,
        "12,19": 109.6808200281654,
        "12,20": 113.01020329722338,
        "12,21": 60.516377646451055,
        "12,22": 48.210471220697734,
        "12,23": 103.51590539327843,
        "12,24": 93.98129048039621,
        "12,25": 91.11707647767962,
        "12,26": 81.37567447279498,
        "12,27": 30.960837290682054,
        "12,28": 75.49635834015992,
        "12,29": 83.55819119822891,
        "12,30": 93.5266375100528,
        "12,31": 34.851930135871385,
        "12,32": 81.42417605436395,
        "12,33": 87.61299737553477,
        "12,34": 34.685977524297186,
        "12,35": 83.7184654388461,
        "12,36": 86.63144149889601,
        "12,37": 43.33762346244149,
        "12,38": 64.85934565349224,
        "12,39": 51.870445301731145,
        "12,40": 96.82203358618355,
        "12,41": 83.15562255948075,
        "12,42": 53.75636035099827,
        "12,43": 72.52863415797894,
        "12,44": 95.38640942246992,
        "12,45": 59.722785138394,
        "12,46": 79.53864014943274,
        "12,47": 81.09061403670889,
        "12,48": 67.16717326280408,
        "12,49": 49.72202579663001,
        "12,50": 103.61002382823185,
        "12,51": 39.583874051287594,
        "12,52": 14.04117304032306,
        "12,53": 67.95451556035695,
        "12,54": 13.513569887642598,
        "12,55": 57.02352750385069,
        "12,56": 13.381445953367363,
        "12,57": 109.61103621868892,
        "12,58": 90.48931584965291,
        "12,59": 60.72177605857754,
        "12,60": 86.58956689476683,
        "13,0": 89.5682677296888,
        "13,1": 21.21444360648229,
        "13,2": 29.239057566753225,
        "13,3": 64.30636708365525,
        "13,4": 34.26929951000385,
        "13,5": 76.17722089409907,
        "13,6": 72.28949208186147,
        "13,7": 41.40646694285268,
        "13,8": 44.20677407406458,
        "13,9": 10.942203543740028,
        "13,10": 39.40328049061175,
        "13,11": 37.180049307185094,
        "13,12": 51.678989299722254,
        "13,13": 0.0,
        "13,14": 53.169543077090935,
        "13,15": 34.990513721057084,
        "13,16": 52.35868280779737,
        "13,17": 18.798521147276258,
        "13,18": 26.055423059050078,
        "13,19": 63.31600482086441,
        "13,20": 65.48303897917332,
        "13,21": 20.130277231762776,
        "13,22": 41.24195583753611,
        "13,23": 60.65413349085613,
        "13,24": 48.30442709588026,
        "13,25": 39.758666854567004,
        "13,26": 77.60014903586189,
        "13,27": 29.83602347852983,
        "13,28": 23.9765277542973,
        "13,29": 31.88509760446065,
        "13,30": 67.51269495959079,
        "13,31": 25.021909319705916,
        "13,32": 54.155744000306306,
        "13,33": 41.706126546103924,
        "13,34": 42.01945280736959,
        "13,35": 55.04948178115966,
        "13,36": 34.95777795017913,
        "13,37": 21.375128908457683,
        "13,38": 26.83617144210187,
        "13,39": 25.58545503443925,
        "13,40": 68.70960849540977,
        "13,41": 34.21961551949106,
        "13,42": 52.56415558078612,
        "13,43": 50.96487267066013,
        "13,44": 45.49552749022316,
        "13,45": 8.831096700030194,
        "13,46": 81.76698218480247,
        "13,47": 71.26024664234762,
        "13,48": 54.27853930424476,
        "13,49": 15.506571664956473,
        "13,50": 57.41561397997747,
        "13,51": 13.286007042228626,
        "13,52": 46.709314825122,
        "13,53": 65.38385614278809,
        "13,54": 44.74431883027249,
        "13,55": 7.940694137291594,
        "13,56": 48.28577925946777,
        "13,57": 66.90440277124883,
        "13,58": 46.596081400735194,
        "13,59": 34.95647498091018,
        "13,60": 36.82239760162484,
        "14,0": 36.4176497829756,
        "14,1": 31.997507650946915,
        "14,2": 49.47674967443692,
        "14,3": 14.547482890292764,
        "14,4": 74.89095496761122,
        "14,5": 24.17651599782183,
        "14,6": 37.321531195780416,
        "14,7": 91.52484550622749,
        "14,8": 92.217219577315,
        "14,9": 57.36175482075664,
        "14,10": 22.50822247515915,
        "14,11": 33.35948877920474,
        "14,12": 57.888732238453095,
        "14,13": 53.169543077090935,
        "14,14": 0.0,
        "14,15": 85.22442696414994,
        "14,16": 11.003195034536034,
        "14,17": 43.09056128872685,
        "14,18": 44.79298354908818,
        "14,19": 73.59960785643985,
        "14,20": 78.53034997022502,
        "14,21": 73.20222287670828,
        "14,22": 12.808032045533013,
        "14,23": 63.2417942026399,
        "14,24": 60.529220158776674,
        "14,25": 81.79372128640951,
        "14,26": 26.03485183220071,
