{
    "num_robots": 2,
    "num_tasks": 30,
    "num_nodes": 31,
    "robot_capacity": [
        202,
        223
    ],
    "robot_speed": [
        0.8,
        1.01
    ],
    "task_demand": {
        "0": 0,
        "1": 15,
        "2": 12,
        "3": 9,
        "4": 8,
        "5": 11,
        "6": 12,
        "7": 14,
        "8": 15,
        "9": 11,
        "10": 7,
        "11": 14,
        "12": 6,
        "13": 15,
        "14": 10,
        "15": 8,
        "16": 12,
        "17": 11,
        "18": 5,
        "19": 9,
        "20": 10,
        "21": 13,
        "22": 7,
        "23": 10,
        "24": 11,
        "25": 13,
        "26": 10,
        "27": 13,
        "28": 6,
        "29": 10,
        "30": 5
    },
    "task_service_time": {
        "0": 0,
        "1": 100,
        "2": 80,
        "3": 87,
        "4": 55,
        "5": 31,
        "6": 87,
        "7": 27,
        "8": 94,
        "9": 59,
        "10": 88,
        "11": 29,
        "12": 64,
        "13": 33,
        "14": 43,
        "15": 53,
        "16": 66,
        "17": 32,
        "18": 11,
        "19": 55,
        "20": 37,
        "21": 86,
        "22": 68,
        "23": 53,
        "24": 12,
        "25": 77,
        "26": 22,
        "27": 55,
        "28": 66,
        "29": 90,
        "30": 55
    },
    "task_precedence": [],
    "coordinates": {
        "0": [
            100,
            0
        ],
        "1": [
            27.189824804213792,
            2.6661342320200565
        ],
        "2": [
            7.059300994842088,
            3.179611678184213
        ],
        "3": [
            63.20510854295392,
            11.592104307744888
        ],
        "4": [
            64.85224258605498,
            13.905781662076555
        ],
        "5": [
            83.45597885216314,
            49.951885201730406
        ],
        "6": [
            0.950571535879019,
            17.179043988859345
        ],
        "7": [
            83.20578805832784,
            93.81884306326846
        ],
        "8": [
            65.1056855627601,
            18.042234626039154
        ],
        "9": [
            46.522689417961914,
            82.24829120488913
        ],
        "10": [
            82.76174772814844,
            37.45212448060362
        ],
        "11": [
            19.581222870768112,
            10.09329922124178
        ],
        "12": [
            24.7734537305748,
            15.694079633256319
        ],
        "13": [
            70.90821659077125,
            48.72458096882709
        ],
        "14": [
            65.49108602632468,
            43.04278782361577
        ],
        "15": [
            7.576213944807797,
            89.98270192182467
        ],
        "16": [
            37.054612844965504,
            83.1054502165992
        ],
        "17": [
            59.94274084941209,
            60.60021816246297
        ],
        "18": [
            75.19914411711171,
            12.403227697501018
        ],
        "19": [
            40.68149103806443,
            14.770223515853964
        ],
        "20": [
            83.45811990889393,
            96.21548775371329
        ],
        "21": [
            10.935239533083829,
            0.8913434445050883
        ],
        "22": [
            91.2840093976185,
            53.866862974495724
        ],
        "23": [
            75.59800997098979,
            57.84437587935608
        ],
        "24": [
            30.30115330004548,
            22.16913814893664
        ],
        "25": [
            90.34822942101054,
            67.07368573833735
        ],
        "26": [
            22.5896454183799,
            99.14144588902265
        ],
        "27": [
            59.140461969747726,
            59.57338302932905
        ],
        "28": [
            82.13865498571766,
            24.061629750867407
        ],
        "29": [
            87.35349849706813,
            24.38931205498054
        ],
        "30": [
            89.73981865220996,
            68.23737377576393
        ]
    },
    "distance_matrix_str_keys": {
        "0,0": 0.0,
        "0,1": 72.85897256882112,
        "0,2": 92.99507224574539,
        "0,3": 38.57772569265119,
        "0,4": 37.79861921899887,
        "0,5": 52.620295238120114,
        "0,6": 100.52814944800379,
        "0,7": 95.31012993628747,
        "0,8": 39.28276225453112,
        "0,9": 98.10506690896248,
        "0,10": 41.228860880439385,
        "0,11": 81.04970329452533,
        "0,12": 76.84619313382387,
        "0,13": 56.74871498560355,
        "0,14": 55.16834896270986,
        "0,15": 128.99241401697967,
        "0,16": 104.2527583318582,
        "0,17": 72.64275911607065,
        "0,18": 27.729452029202648,
        "0,19": 61.129739146961164,
        "0,20": 97.62711652319496,
        "0,21": 89.0692205543824,
        "0,22": 54.567457508059704,
        "0,23": 62.780800713658834,
        "0,24": 73.13959199756584,
        "0,25": 67.7645629649796,
        "0,26": 125.78310414923841,
        "0,27": 72.23911553725435,
        "0,28": 29.966475801919984,
        "0,29": 27.47312400836274,
        "0,30": 69.00442377922487,
        "1,0": 72.85897256882112,
        "1,1": 0.0,
        "1,2": 20.137071483395996,
        "1,3": 37.10490000760943,
        "1,4": 39.30378337419851,
        "1,5": 73.49709066430474,
        "1,6": 29.98537913200329,
        "1,7": 106.98880533289736,
        "1,8": 40.9149967663255,
        "1,9": 81.89676039153129,
        "1,10": 65.56145006814816,
        "1,11": 10.632666794306791,
        "1,12": 13.250140019754975,
        "1,13": 63.503372321556476,
        "1,14": 55.65303914846066,
        "1,15": 89.4923277385969,
        "1,16": 81.04194962583222,
        "1,17": 66.55157090800647,
        "1,18": 48.98679138342606,
        "1,19": 18.125507859275235,
        "1,20": 109.1677726177195,
        "1,21": 16.351190313731998,
        "1,22": 82.03401198560273,
        "1,23": 73.40293415411048,
        "1,24": 19.749620927811193,
        "1,25": 90.20707713243972,
        "1,26": 96.5849233043006,
        "1,27": 65.26314565635359,
        "1,28": 58.96728895593529,
        "1,29": 63.96533504131918,
        "1,30": 90.62057815798461,
        "2,0": 92.99507224574539,
        "2,1": 20.137071483395996,
        "2,2": 0.0,
        "2,3": 56.77254387000836,
        "2,4": 58.779884486860794,
        "2,5": 89.57732948797207,
        "2,6": 15.274183468322557,
        "2,7": 118.37971852554999,
        "2,8": 59.918947940503216,
        "2,9": 88.36976353895484,
        "2,10": 83.09913101351353,
        "2,11": 14.303761844697503,
        "2,12": 21.688778558125243,
        "2,13": 78.42849131828106,
        "2,14": 70.7343361767614,
        "2,15": 86.80462933993458,
        "2,16": 85.36895453884237,
        "2,17": 78.06269441848852,
        "2,18": 68.76127771645399,
        "2,19": 35.56394165547584,
        "2,20": 120.3846076897013,
        "2,21": 4.50100778287402,
        "2,22": 98.30055416684154,
        "2,23": 87.66864361495956,
        "2,24": 30.013094045104637,
        "2,25": 104.97379815165185,
        "2,26": 97.21041725567355,
        "2,27": 76.76395492481636,
        "2,28": 77.9292504421483,
        "2,29": 83.04823624015117,
        "2,30": 105.20732108192661,
        "3,0": 38.57772569265119,
        "3,1": 37.10490000760943,
        "3,2": 56.77254387000836,
        "3,3": 0.0,
        "3,4": 2.8400974377456896,
        "3,5": 43.37707388142943,
        "3,6": 62.5047300047418,
        "3,7": 84.62425035086467,
        "3,8": 6.724312167887078,
        "3,9": 72.59889706260059,
        "3,10": 32.42225747168982,
        "3,11": 43.6496256321548,
        "3,12": 38.64994557808546,
        "3,13": 37.923062858663755,
        "3,14": 31.533651654541224,
        "3,15": 96.12314866099747,
        "3,16": 76.14464569705449,
        "3,17": 49.116578327127755,
        "3,18": 12.021431300289168,
        "3,19": 22.746731352163902,
        "3,20": 87.01322597876884,
        "3,21": 53.35396413914549,
        "3,22": 50.75017136461815,
        "3,23": 47.8837825504532,
        "3,24": 34.56217463506944,
        "3,25": 61.7653210874861,
        "3,26": 96.5116731599804,
        "3,27": 48.15313551082029,
        "3,28": 22.670867775119934,
        "3,29": 27.329713930114092,
        "3,30": 62.552197352984685,
        "4,0": 37.79861921899887,
        "4,1": 39.30378337419851,
        "4,2": 58.779884486860794,
        "4,3": 2.8400974377456896,
        "4,4": 0.0,
        "4,5": 40.56378413622617,
        "4,6": 63.985449980951394,
        "4,7": 81.99359739585437,
        "4,8": 4.14420999293184,
        "4,9": 70.7578344068795,
        "4,10": 29.583452039311993,
        "4,11": 45.431269500461525,
        "4,12": 40.118665553030155,
        "4,13": 35.341528069815695,
        "4,14": 29.144008801102665,
        "4,15": 95.22731358765216,
        "4,16": 74.57413993656576,
        "4,17": 46.95182219457216,
        "4,18": 10.455431110664245,
        "4,19": 24.18620454129275,
        "4,20": 84.38641115632396,
        "4,21": 55.46547412880454,
        "4,22": 47.911651155419875,
        "4,23": 45.233522729076476,
        "4,24": 35.52549551067139,
        "4,25": 58.96500121725341,
        "4,26": 95.13803432679212,
        "4,27": 46.0234098307275,
        "4,28": 20.048972643350293,
        "4,29": 24.82359617524918,
        "4,30": 59.760466397583826,
        "5,0": 52.620295238120114,
        "5,1": 73.49709066430474,
        "5,2": 89.57732948797207,
        "5,3": 43.37707388142943,
        "5,4": 40.56378413622617,
        "5,5": 0.0,
        "5,6": 88.77613056216187,
        "5,7": 43.867671324783984,
        "5,8": 36.80976859027809,
        "5,9": 49.06246741809208,
        "5,10": 12.519024520264136,
        "5,11": 75.2907120968235,
        "5,12": 67.95024648235811,
        "5,13": 12.607641073908832,
        "5,14": 19.24767520570037,
        "5,15": 85.79163717795163,
        "5,16": 57.028463424232704,
        "5,17": 25.81200023664652,
        "5,18": 38.44576699991657,
        "5,19": 55.384168556889485,
        "5,20": 46.26360260152641,
        "5,21": 87.55680663945154,
        "5,22": 8.752434700232198,
        "5,23": 11.13728351232458,
        "5,24": 59.97763344177212,
        "5,25": 18.456954556999133,
        "5,26": 78.2580566221861,
        "5,27": 26.149905959783386,
        "5,28": 25.923747211389944,
        "5,29": 25.85799306337129,
        "5,30": 19.335090768438686,
        "6,0": 100.52814944800379,
        "6,1": 29.98537913200329,
        "6,2": 15.274183468322557,
        "6,3": 62.5047300047418,
        "6,4": 63.985449980951394,
        "6,5": 88.77613056216187,
        "6,6": 0.0,
        "6,7": 112.42588424077765,
        "6,8": 64.16092076862854,
        "6,9": 79.44070028341429,
        "6,10": 84.28562358188549,
        "6,11": 19.932610167111193,
        "6,12": 23.86911886098364,
        "6,13": 76.74107768972755,
        "6,14": 69.52993064746525,
        "6,15": 73.10452616460366,
        "6,16": 75.16510385114357,
        "6,17": 73.24939867965453,
        "6,18": 74.40200905620347,
        "6,19": 39.803873939106815,
        "6,20": 114.25521861832095,
        "6,21": 19.104522606884576,
        "6,22": 97.49936439712604,
        "6,23": 85.00534855341694,
        "6,24": 29.771759934902377,
        "6,25": 102.37878935920159,
        "6,26": 84.77077824189315,
        "6,27": 71.99543965685562,
        "6,28": 81.47929111761687,
        "6,29": 86.70325111001263,
        "6,30": 102.42306109521034,
        "7,0": 95.31012993628747,
        "7,1": 106.98880533289736,
        "7,2": 118.37971852554999,
        "7,3": 84.62425035086467,
        "7,4": 81.99359739585437,
        "7,5": 43.867671324783984,
        "7,6": 112.42588424077765,
        "7,7": 0.0,
        "7,8": 77.90833136834101,
        "7,9": 38.46462525706265,
        "7,10": 56.36846756469577,
        "7,11": 105.15727262985271,
        "7,12": 97.5592966148571,
        "7,13": 46.741017723642194,
        "7,14": 53.777490214614126,
        "7,15": 75.72680146057603,
        "7,16": 47.37834695155092,
        "7,17": 40.554240293028016,
        "7,18": 81.80836615278415,
        "7,19": 89.76079372097522,
        "7,20": 2.409891519352584,
        "7,21": 117.72235288820436,
        "7,22": 40.76050015665,
        "7,23": 36.770104386479105,
        "7,24": 89.06503575038907,
        "7,25": 27.682447669140046,
        "7,26": 60.84937838127224,
        "7,27": 41.85560240500471,
        "7,28": 69.76537523805402,
        "7,29": 69.55331248700129,
        "7,30": 26.40274846884932,
        "8,0": 39.28276225453112,
        "8,1": 40.9149967663255,
        "8,2": 59.918947940503216,
        "8,3": 6.724312167887078,
        "8,4": 4.14420999293184,
        "8,5": 36.80976859027809,
        "8,6": 64.16092076862854,
        "8,7": 77.90833136834101,
        "8,8": 0.0,
        "8,9": 66.84119573379928,
        "8,10": 26.238909187585946,
        "8,11": 46.21322621787199,
        "8,12": 40.40052916033739,
        "8,13": 31.226202833995433,
        "8,14": 25.003523625724714,
        "8,15": 92.11444479220816,
        "8,16": 70.8525560837624,
        "8,17": 42.87001237228197,
        "8,18": 11.561846942790536,
        "8,19": 24.642388984945217,
        "8,20": 80.29862608409043,
        "8,21": 56.82068541803146,
        "8,22": 44.370132241269616,
        "8,23": 41.16186730259604,
        "8,24": 35.04834944349942,
        "8,25": 55.14770365675605,
        "8,26": 91.56798423595758,
        "8,27": 41.957361454346966,
        "8,28": 18.06530279381482,
        "8,29": 23.135482969865592,
        "8,30": 55.91415301450037,
        "9,0": 98.10506690896248,
        "9,1": 81.89676039153129,
        "9,2": 88.36976353895484,
        "9,3": 72.59889706260059,
        "9,4": 70.7578344068795,
        "9,5": 49.06246741809208,
        "9,6": 79.44070028341429,
        "9,7": 38.46462525706265,
        "9,8": 66.84119573379928,
        "9,9": 0.0,
        "9,10": 57.61914525918519,
        "9,11": 77.02068220857159,
        "9,12": 70.01780010045428,
        "9,13": 41.454711233914935,
        "9,14": 43.553089043960874,
        "9,15": 39.7070404452314,
        "9,16": 9.5067973347221,
        "9,17": 25.470313050156765,
        "9,18": 75.50279432222008,
        "9,19": 67.73041574919888,
        "9,20": 39.48808180937581,
        "9,21": 88.79988478705684,
        "9,22": 53.000766359725176,
        "9,23": 37.95952250064682,
        "9,24": 62.230562153538614,
        "9,25": 46.378298886702595,
        "9,26": 29.294526285092765,
        "9,27": 25.94917426313756,
        "9,28": 68.2215843739245,
        "9,29": 70.81536865909814,
        "9,30": 45.431553643425644,
        "10,0": 41.228860880439385,
        "10,1": 65.56145006814816,
        "10,2": 83.09913101351353,
        "10,3": 32.42225747168982,
        "10,4": 29.583452039311993,
        "10,5": 12.519024520264136,
        "10,6": 84.28562358188549,
        "10,7": 56.36846756469577,
        "10,8": 26.238909187585946,
        "10,9": 57.61914525918519,
        "10,10": 0.0,
        "10,11": 68.84972070260233,
        "10,12": 61.935892310745075,
        "10,13": 16.357703864041003,
        "10,14": 18.15299623295674,
        "10,15": 91.71873340051083,
        "10,16": 64.60161244107142,
        "10,17": 32.50448147618961,
        "10,18": 26.16563019359927,
        "10,19": 47.803939528851295,
        "10,20": 58.76748928941554,
        "10,21": 80.59614128148583,
        "10,22": 18.49520434560759,
        "10,23": 21.61395511615729,
        "10,24": 54.64140956238067,
        "10,25": 30.577632279524252,
        "10,26": 86.17571741626801,
        "10,27": 32.362249931974475,
        "10,28": 13.404983911693563,
        "10,29": 13.846344051441427,
        "10,30": 31.5662010382371,
        "11,0": 81.04970329452533,
        "11,1": 10.632666794306791,
        "11,2": 14.303761844697503,
        "11,3": 43.6496256321548,
        "11,4": 45.431269500461525,
        "11,5": 75.2907120968235,
        "11,6": 19.932610167111193,
        "11,7": 105.15727262985271,
        "11,8": 46.21322621787199,
        "11,9": 77.02068220857159,
        "11,10": 68.84972070260233,
        "11,11": 0.0,
        "11,12": 7.637277166970873,
        "11,13": 64.24045620786451,
        "11,14": 56.510037463444526,
        "11,15": 80.78636582473733,
        "11,16": 75.0739205727212,
        "11,17": 64.65292719185643,
        "11,18": 55.66586865692398,
        "11,19": 21.612379267201284,
        "11,20": 107.22541365199714,
        "11,21": 12.6265204230038,
        "11,22": 84.00841909817888,
        "11,23": 73.60737571086656,
        "11,24": 16.14753214011904,
        "11,25": 90.85556484728748,
        "11,26": 89.09895078614333,
        "11,27": 63.349917851135196,
        "11,28": 64.09794513556103,
        "11,29": 69.26367970668035,
        "11,30": 91.12059025174047,
        "12,0": 76.84619313382387,
        "12,1": 13.250140019754975,
        "12,2": 21.688778558125243,
        "12,3": 38.64994557808546,
        "12,4": 40.118665553030155,
        "12,5": 67.95024648235811,
        "12,6": 23.86911886098364,
        "12,7": 97.5592966148571,
        "12,8": 40.40052916033739,
        "12,9": 70.01780010045428,
        "12,10": 61.935892310745075,
        "12,11": 7.637277166970873,
        "12,12": 0.0,
        "12,13": 56.74002434477539,
        "12,14": 49.049744336268745,
        "12,15": 76.25316031341089,
        "12,16": 68.52094390124648,
        "12,17": 57.03893436988031,
        "12,18": 50.532959119983715,
        "12,19": 15.9348411068998,
        "12,20": 99.63727821534441,
        "12,21": 20.26369094832938,
        "12,22": 76.68647470810042,
        "12,23": 66.02865280065221,
        "12,24": 8.513627036217324,
        "12,25": 83.30615301623429,
        "12,26": 83.47593637551135,
        "12,27": 55.73584593272071,
        "12,28": 57.972253794498776,
        "12,29": 63.18123985681282,
        "12,30": 83.55493001898297,
        "13,0": 56.74871498560355,
        "13,1": 63.503372321556476,
        "13,2": 78.42849131828106,
        "13,3": 37.923062858663755,
        "13,4": 35.341528069815695,
        "13,5": 12.607641073908832,
        "13,6": 76.74107768972755,
        "13,7": 46.741017723642194,
        "13,8": 31.226202833995433,
        "13,9": 41.454711233914935,
        "13,10": 16.357703864041003,
        "13,11": 64.24045620786451,
        "13,12": 56.74002434477539,
        "13,13": 0.0,
        "13,14": 7.85035520834768,
        "13,15": 75.58554824647698,
        "13,16": 48.25049903172437,
        "13,17": 16.16392331673236,
        "13,18": 36.57393556204713,
        "13,19": 45.459359076904406,
        "13,20": 49.12113903957212,
        "13,21": 76.71229750972205,
        "13,22": 21.01466147082536,
        "13,23": 10.254990061392167,
        "13,24": 48.519327411429344,
        "13,25": 26.732073333026985,
        "13,26": 69.83226037099682,
        "13,27": 16.005516391812293,
        "13,28": 27.099518617904373,
        "13,29": 29.370948402916817,
        "13,30": 27.11785978514582,
        "14,0": 55.16834896270986,
        "14,1": 55.65303914846066,
        "14,2": 70.7343361767614,
        "14,3": 31.533651654541224,
        "14,4": 29.144008801102665,
        "14,5": 19.24767520570037,
        "14,6": 69.52993064746525,
        "14,7": 53.777490214614126,
        "14,8": 25.003523625724714,
        "14,9": 43.553089043960874,
        "14,10": 18.15299623295674,
        "14,11": 56.510037463444526,
        "14,12": 49.049744336268745,
        "14,13": 7.85035520834768,
        "14,14": 0.0,
        "14,15": 74.54856097716235,
        "14,16": 49.128911294759305,
        "14,17": 18.41324236264872,
        "14,18": 32.14076907318642,
        "14,19": 37.614543676855035,
        "14,20": 56.12619998176952,
        "14,21": 68.94261853048027,
        "14,22": 27.972048529010742,
        "14,23": 17.923083456678967,
        "14,24": 40.915041439809,
        "14,25": 34.574002260828074,
        "14,26": 70.6228931931881,
        "14,27": 17.708500889773955,
        "14,28": 25.247295182660757,
        "14,29": 28.73877584887673,
        "14,30": 34.96810254019876,
        "15,0": 128.99241401697967,
        "15,1": 89.4923277385969,
        "15,2": 86.80462933993458,
        "15,3": 96.12314866099747,
        "15,4": 95.22731358765216,
        "15,5": 85.79163717795163,
        "15,6": 73.10452616460366,
        "15,7": 75.72680146057603,
        "15,8": 92.11444479220816,
        "15,9": 39.7070404452314,
        "15,10": 91.71873340051083,
        "15,11": 80.78636582473733,
        "15,12": 76.25316031341089,
        "15,13": 75.58554824647698,
        "15,14": 74.54856097716235,
        "15,15": 0.0,
        "15,16": 30.26999492457582,
        "15,17": 60.04651107199984,
        "15,18": 102.91470014536694,
        "15,19": 82.17588624036806,
        "15,20": 76.13744986515246,
        "15,21": 89.15465892614338,
        "15,22": 91.16659937959186,
        "15,23": 75.23188642749511,
        "15,24": 71.51994337440979,
        "15,25": 85.88381435688584,
        "15,26": 17.586520851729905,
        "15,27": 59.86316354723506,
        "15,28": 99.52459680977219,
        "15,29": 103.28072387796344,
        "15,30": 84.9924539867752,
        "16,0": 104.2527583318582,
        "16,1": 81.04194962583222,
        "16,2": 85.36895453884237,
        "16,3": 76.14464569705449,
        "16,4": 74.57413993656576,
        "16,5": 57.028463424232704,
        "16,6": 75.16510385114357,
        "16,7": 47.37834695155092,
        "16,8": 70.8525560837624,
        "16,9": 9.5067973347221,
        "16,10": 64.60161244107142,
        "16,11": 75.0739205727212,
        "16,12": 68.52094390124648,
        "16,13": 48.25049903172437,
        "16,14": 49.128911294759305,
        "16,15": 30.26999492457582,
        "16,16": 0.0,
        "16,17": 32.099094587829924,
        "16,18": 80.33560564974793,
        "16,19": 68.43140692452423,
        "16,20": 48.21989788517387,
        "16,21": 86.26343961690101,
        "16,22": 61.60943462148463,
        "16,23": 46.08378607152564,
        "16,24": 61.309406653729965,
        "16,25": 55.65273614154978,
        "16,26": 21.596028335278834,
        "16,27": 32.272944050223245,
        "16,28": 74.28824665408845,
        "16,29": 77.31469962728683,
        "16,30": 54.74295030414625,
        "17,0": 72.64275911607065,
        "17,1": 66.55157090800647,
        "17,2": 78.06269441848852,
        "17,3": 49.116578327127755,
        "17,4": 46.95182219457216,
        "17,5": 25.81200023664652,
        "17,6": 73.24939867965453,
        "17,7": 40.554240293028016,
        "17,8": 42.87001237228197,
        "17,9": 25.470313050156765,
        "17,10": 32.50448147618961,
        "17,11": 64.65292719185643,
        "17,12": 57.03893436988031,
        "17,13": 16.16392331673236,
        "17,14": 18.41324236264872,
        "17,15": 60.04651107199984,
        "17,16": 32.099094587829924,
        "17,17": 0.0,
        "17,18": 50.554008056199756,
        "17,19": 49.71301794905788,
        "17,20": 42.678103054945595,
        "17,21": 77.24561414963769,
        "17,22": 32.05640632226448,
        "17,23": 15.895978043466975,
        "17,24": 48.534231460411824,
        "17,25": 31.086967007630403,
        "17,26": 53.671966360012654,
        "17,27": 1.303089325945718,
        "17,28": 42.75192448835766,
        "17,29": 45.41562898324147,
        "17,30": 30.760233930316005,
        "18,0": 27.729452029202648,
        "18,1": 48.98679138342606,
        "18,2": 68.76127771645399,
        "18,3": 12.021431300289168,
        "18,4": 10.455431110664245,
        "18,5": 38.44576699991657,
        "18,6": 74.40200905620347,
        "18,7": 81.80836615278415,
        "18,8": 11.561846942790536,
        "18,9": 75.50279432222008,
        "18,10": 26.16563019359927,
        "18,11": 55.66586865692398,
        "18,12": 50.532959119983715,
        "18,13": 36.57393556204713,
        "18,14": 32.14076907318642,
        "18,15": 102.91470014536694,
        "18,16": 80.33560564974793,
        "18,17": 50.554008056199756,
        "18,18": 0.0,
        "18,19": 34.598714474522936,
        "18,20": 84.2182024081457,
        "18,21": 65.28685098424809,
        "18,22": 44.47421659204007,
        "18,23": 45.44289869775804,
        "18,24": 45.947824609602826,
        "18,25": 56.73053646793453,
        "18,26": 101.44593559316152,
        "18,27": 49.82875501493943,
        "18,28": 13.567429732025065,
        "18,29": 17.070282616822166,
        "18,30": 57.69647375901283,
        "19,0": 61.129739146961164,
        "19,1": 18.125507859275235,
        "19,2": 35.56394165547584,
        "19,3": 22.746731352163902,
        "19,4": 24.18620454129275,
        "19,5": 55.384168556889485,
        "19,6": 39.803873939106815,
        "19,7": 89.76079372097522,
        "19,8": 24.642388984945217,
        "19,9": 67.73041574919888,
        "19,10": 47.803939528851295,
        "19,11": 21.612379267201284,
        "19,12": 15.9348411068998,
        "19,13": 45.459359076904406,
        "19,14": 37.614543676855035,
        "19,15": 82.17588624036806,
        "19,16": 68.43140692452423,
        "19,17": 49.71301794905788,
        "19,18": 34.598714474522936,
        "19,19": 0.0,
        "19,20": 91.9954946958133,
        "19,21": 32.824728340573444,
        "19,22": 63.94655644589496,
        "19,23": 55.44858786504423,
        "19,24": 12.74736636733193,
        "19,25": 72.12792151489435,
        "19,26": 86.28915367918019,
        "19,27": 48.4567509254038,
        "19,28": 42.48560547299104,
        "19,29": 47.652944762908966,
        "19,30": 72.56345957307042,
        "20,0": 97.62711652319496,
        "20,1": 109.1677726177195,
        "20,2": 120.3846076897013,
        "20,3": 87.01322597876884,
        "20,4": 84.38641115632396,
        "20,5": 46.26360260152641,
        "20,6": 114.25521861832095,
        "20,7": 2.409891519352584,
        "20,8": 80.29862608409043,
        "20,9": 39.48808180937581,
        "20,10": 58.76748928941554,
        "20,11": 107.22541365199714,
        "20,12": 99.63727821534441,
        "20,13": 49.12113903957212,
        "20,14": 56.12619998176952,
        "20,15": 76.13744986515246,
        "20,16": 48.21989788517387,
        "20,17": 42.678103054945595,
        "20,18": 84.2182024081457,
        "20,19": 91.9954946958133,
        "20,20": 0.0,
        "20,21": 119.77587681284915,
        "20,22": 43.06565414551008,
        "20,23": 39.16788933182865,
        "20,24": 91.15111073841632,
        "20,25": 29.945253944362022,
        "20,26": 60.93875956902914,
        "20,27": 43.97717960804288,
        "20,28": 72.16592140600949,
        "20,29": 71.93172797764859,
        "20,30": 28.67463340419374,
        "21,0": 89.0692205543824,
        "21,1": 16.351190313731998,
        "21,2": 4.50100778287402,
        "21,3": 53.35396413914549,
        "21,4": 55.46547412880454,
        "21,5": 87.55680663945154,
        "21,6": 19.104522606884576,
        "21,7": 117.72235288820436,
        "21,8": 56.82068541803146,
        "21,9": 88.79988478705684,
        "21,10": 80.59614128148583,
        "21,11": 12.6265204230038,
        "21,12": 20.26369094832938,
        "21,13": 76.71229750972205,
        "21,14": 68.94261853048027,
        "21,15": 89.15465892614338,
        "21,16": 86.26343961690101,
        "21,17": 77.24561414963769,
        "21,18": 65.28685098424809,
        "21,19": 32.824728340573444,
        "21,20": 119.77587681284915,
        "21,21": 0.0,
        "21,22": 96.24100211560753,
        "21,23": 86.16798584294816,
        "21,24": 28.771221098753006,
        "21,25": 103.37565184528671,
        "21,26": 98.93890946891126,
        "21,27": 75.94290776631541,
        "21,28": 74.87849183603511,
        "21,29": 79.94938919032126,
        "21,30": 103.66122462869829,
        "22,0": 54.567457508059704,
        "22,1": 82.03401198560273,
        "22,2": 98.30055416684154,
        "22,3": 50.75017136461815,
        "22,4": 47.911651155419875,
        "22,5": 8.752434700232198,
        "22,6": 97.49936439712604,
        "22,7": 40.76050015665,
        "22,8": 44.370132241269616,
        "22,9": 53.000766359725176,
        "22,10": 18.49520434560759,
        "22,11": 84.00841909817888,
        "22,12": 76.68647470810042,
        "22,13": 21.01466147082536,
        "22,14": 27.972048529010742,
        "22,15": 91.16659937959186,
        "22,16": 61.60943462148463,
        "22,17": 32.05640632226448,
        "22,18": 44.47421659204007,
        "22,19": 63.94655644589496,
        "22,20": 43.06565414551008,
        "22,21": 96.24100211560753,
        "22,22": 0.0,
        "22,23": 16.182434517727145,
        "22,24": 68.7288476328111,
        "22,25": 13.239933975671693,
        "22,26": 82.27213076489807,
        "22,27": 32.646163823395746,
        "22,28": 31.17674509685306,
        "22,29": 29.738441858173335,
        "22,30": 14.453238590280431,
        "23,0": 62.780800713658834,
        "23,1": 73.40293415411048,
        "23,2": 87.66864361495956,
        "23,3": 47.8837825504532,
        "23,4": 45.233522729076476,
        "23,5": 11.13728351232458,
        "23,6": 85.00534855341694,
        "23,7": 36.770104386479105,
        "23,8": 41.16186730259604,
        "23,9": 37.95952250064682,
        "23,10": 21.61395511615729,
        "23,11": 73.60737571086656,
        "23,12": 66.02865280065221,
        "23,13": 10.254990061392167,
        "23,14": 17.923083456678967,
        "23,15": 75.23188642749511,
        "23,16": 46.08378607152564,
        "23,17": 15.895978043466975,
        "23,18": 45.44289869775804,
        "23,19": 55.44858786504423,
        "23,20": 39.16788933182865,
        "23,21": 86.16798584294816,
        "23,22": 16.182434517727145,
        "23,23": 0.0,
        "23,24": 57.65871843346863,
        "23,25": 17.39968776434966,
        "23,26": 67.19624025141356,
        "23,27": 16.548122308523237,
        "23,28": 34.4100853412281,
        "23,29": 35.460299011426855,
        "23,30": 17.55007572778454,
        "24,0": 73.13959199756584,
        "24,1": 19.749620927811193,
        "24,2": 30.013094045104637,
        "24,3": 34.56217463506944,
        "24,4": 35.52549551067139,
        "24,5": 59.97763344177212,
        "24,6": 29.771759934902377,
        "24,7": 89.06503575038907,
        "24,8": 35.04834944349942,
        "24,9": 62.230562153538614,
        "24,10": 54.64140956238067,
        "24,11": 16.14753214011904,
        "24,12": 8.513627036217324,
        "24,13": 48.519327411429344,
        "24,14": 40.915041439809,
        "24,15": 71.51994337440979,
        "24,16": 61.309406653729965,
        "24,17": 48.534231460411824,
        "24,18": 45.947824609602826,
        "24,19": 12.74736636733193,
        "24,20": 91.15111073841632,
        "24,21": 28.771221098753006,
        "24,22": 68.7288476328111,
        "24,23": 57.65871843346863,
        "24,24": 0.0,
        "24,25": 74.98046242112491,
        "24,26": 77.35763383560472,
        "24,27": 47.23116830673072,
        "24,28": 51.872035871704945,
        "24,29": 57.095527536343084,
        "24,30": 75.20131164158958,
        "25,0": 67.7645629649796,
        "25,1": 90.20707713243972,
        "25,2": 104.97379815165185,
        "25,3": 61.7653210874861,
        "25,4": 58.96500121725341,
        "25,5": 18.456954556999133,
        "25,6": 102.37878935920159,
        "25,7": 27.682447669140046,
        "25,8": 55.14770365675605,
        "25,9": 46.378298886702595,
        "25,10": 30.577632279524252,
        "25,11": 90.85556484728748,
        "25,12": 83.30615301623429,
        "25,13": 26.732073333026985,
        "25,14": 34.574002260828074,
        "25,15": 85.88381435688584,
        "25,16": 55.65273614154978,
        "25,17": 31.086967007630403,
        "25,18": 56.73053646793453,
        "25,19": 72.12792151489435,
        "25,20": 29.945253944362022,
        "25,21": 103.37565184528671,
        "25,22": 13.239933975671693,
        "25,23": 17.39968776434966,
        "25,24": 74.98046242112491,
        "25,25": 0.0,
        "25,26": 74.96377089717028,
        "25,27": 32.09640618541048,
        "25,28": 43.788515305703875,
        "25,29": 42.78929971438257,
        "25,30": 1.3131388015142358,
        "26,0": 125.78310414923841,
        "26,1": 96.5849233043006,
        "26,2": 97.21041725567355,
        "26,3": 96.5116731599804,
        "26,4": 95.13803432679212,
        "26,5": 78.2580566221861,
        "26,6": 84.77077824189315,
        "26,7": 60.84937838127224,
        "26,8": 91.56798423595758,
        "26,9": 29.294526285092765,
        "26,10": 86.17571741626801,
        "26,11": 89.09895078614333,
        "26,12": 83.47593637551135,
        "26,13": 69.83226037099682,
        "26,14": 70.6228931931881,
        "26,15": 17.586520851729905,
        "26,16": 21.596028335278834,
        "26,17": 53.671966360012654,
        "26,18": 101.44593559316152,
        "26,19": 86.28915367918019,
        "26,20": 60.93875956902914,
        "26,21": 98.93890946891126,
        "26,22": 82.27213076489807,
        "26,23": 67.19624025141356,
        "26,24": 77.35763383560472,
        "26,25": 74.96377089717028,
        "26,26": 0.0,
        "26,27": 53.86644399847096,
        "26,28": 95.82830130911265,
        "26,29": 98.90519793388242,
        "26,30": 73.92027758683597,
        "27,0": 72.23911553725435,
        "27,1": 65.26314565635359,
        "27,2": 76.76395492481636,
        "27,3": 48.15313551082029,
        "27,4": 46.0234098307275,
        "27,5": 26.149905959783386,
        "27,6": 71.99543965685562,
        "27,7": 41.85560240500471,
        "27,8": 41.957361454346966,
        "27,9": 25.94917426313756,
        "27,10": 32.362249931974475,
        "27,11": 63.349917851135196,
        "27,12": 55.73584593272071,
        "27,13": 16.005516391812293,
        "27,14": 17.708500889773955,
        "27,15": 59.86316354723506,
        "27,16": 32.272944050223245,
        "27,17": 1.303089325945718,
        "27,18": 49.82875501493943,
        "27,19": 48.4567509254038,
        "27,20": 43.97717960804288,
        "27,21": 75.94290776631541,
        "27,22": 32.646163823395746,
        "27,23": 16.548122308523237,
        "27,24": 47.23116830673072,
        "27,25": 32.09640618541048,
        "27,26": 53.86644399847096,
        "27,27": 0.0,
        "27,28": 42.308409363980346,
        "27,29": 45.09871705957841,
        "27,30": 31.80228553162265,
        "28,0": 29.966475801919984,
        "28,1": 58.96728895593529,
        "28,2": 77.9292504421483,
        "28,3": 22.670867775119934,
        "28,4": 20.048972643350293,
        "28,5": 25.923747211389944,
        "28,6": 81.47929111761687,
        "28,7": 69.76537523805402,
        "28,8": 18.06530279381482,
        "28,9": 68.2215843739245,
        "28,10": 13.404983911693563,
        "28,11": 64.09794513556103,
        "28,12": 57.972253794498776,
        "28,13": 27.099518617904373,
        "28,14": 25.247295182660757,
        "28,15": 99.52459680977219,
        "28,16": 74.28824665408845,
        "28,17": 42.75192448835766,
        "28,18": 13.567429732025065,
        "28,19": 42.48560547299104,
        "28,20": 72.16592140600949,
        "28,21": 74.87849183603511,
        "28,22": 31.17674509685306,
        "28,23": 34.4100853412281,
        "28,24": 51.872035871704945,
        "28,25": 43.788515305703875,
        "28,26": 95.82830130911265,
        "28,27": 42.308409363980346,
        "28,28": 0.0,
        "28,29": 5.225128566868278,
        "28,30": 44.82492665067042,
        "29,0": 27.47312400836274,
        "29,1": 63.96533504131918,
        "29,2": 83.04823624015117,
        "29,3": 27.329713930114092,
        "29,4": 24.82359617524918,
        "29,5": 25.85799306337129,
        "29,6": 86.70325111001263,
        "29,7": 69.55331248700129,
        "29,8": 23.135482969865592,
        "29,9": 70.81536865909814,
        "29,10": 13.846344051441427,
        "29,11": 69.26367970668035,
        "29,12": 63.18123985681282,
        "29,13": 29.370948402916817,
        "29,14": 28.73877584887673,
        "29,15": 103.28072387796344,
        "29,16": 77.31469962728683,
        "29,17": 45.41562898324147,
        "29,18": 17.070282616822166,
        "29,19": 47.652944762908966,
        "29,20": 71.93172797764859,
        "29,21": 79.94938919032126,
        "29,22": 29.738441858173335,
        "29,23": 35.460299011426855,
        "29,24": 57.095527536343084,
        "29,25": 42.78929971438257,
        "29,26": 98.90519793388242,
        "29,27": 45.09871705957841,
        "29,28": 5.225128566868278,
        "29,29": 0.0,
        "29,30": 43.912948438387346,
        "30,0": 69.00442377922487,
        "30,1": 90.62057815798461,
        "30,2": 105.20732108192661,
        "30,3": 62.552197352984685,
        "30,4": 59.760466397583826,
        "30,5": 19.335090768438686,
        "30,6": 102.42306109521034,
        "30,7": 26.40274846884932,
        "30,8": 55.91415301450037,
        "30,9": 45.431553643425644,
        "30,10": 31.5662010382371,
        "30,11": 91.12059025174047,
        "30,12": 83.55493001898297,
        "30,13": 27.11785978514582,
        "30,14": 34.96810254019876,
        "30,15": 84.9924539867752,
        "30,16": 54.74295030414625,
        "30,17": 30.760233930316005,
        "30,18": 57.69647375901283,
        "30,19": 72.56345957307042,
        "30,20": 28.67463340419374,
        "30,21": 103.66122462869829,
        "30,22": 14.453238590280431,
        "30,23": 17.55007572778454,
        "30,24": 75.20131164158958,
        "30,25": 1.3131388015142358,
        "30,26": 73.92027758683597,
        "30,27": 31.80228553162265,
        "30,28": 44.82492665067042,
        "30,29": 43.912948438387346,
        "30,30": 0.0
    }
}