{
    "num_robots": 4,
    "num_tasks": 40,
    "num_nodes": 41,
    "robot_capacity": [
        119,
        130,
        112,
        133
    ],
    "robot_speed": [
        0.87,
        0.93,
        0.91,
        1.1
    ],
    "task_demand": {
        "0": 0,
        "1": 5,
        "2": 10,
        "3": 10,
        "4": 10,
        "5": 11,
        "6": 5,
        "7": 11,
        "8": 9,
        "9": 6,
        "10": 7,
        "11": 9,
        "12": 8,
        "13": 6,
        "14": 8,
        "15": 13,
        "16": 10,
        "17": 14,
        "18": 13,
        "19": 6,
        "20": 8,
        "21": 13,
        "22": 6,
        "23": 15,
        "24": 12,
        "25": 13,
        "26": 7,
        "27": 15,
        "28": 11,
        "29": 12,
        "30": 8,
        "31": 12,
        "32": 5,
        "33": 11,
        "34": 11,
        "35": 5,
        "36": 12,
        "37": 11,
        "38": 14,
        "39": 8,
        "40": 10
    },
    "task_service_time": {
        "0": 0,
        "1": 21,
        "2": 36,
        "3": 63,
        "4": 54,
        "5": 29,
        "6": 98,
        "7": 38,
        "8": 37,
        "9": 53,
        "10": 61,
        "11": 66,
        "12": 64,
        "13": 23,
        "14": 15,
        "15": 89,
        "16": 59,
        "17": 41,
        "18": 15,
        "19": 92,
        "20": 43,
        "21": 47,
        "22": 95,
        "23": 74,
        "24": 50,
        "25": 59,
        "26": 21,
        "27": 95,
        "28": 78,
        "29": 29,
        "30": 87,
        "31": 97,
        "32": 25,
        "33": 43,
        "34": 30,
        "35": 56,
        "36": 72,
        "37": 85,
        "38": 54,
        "39": 69,
        "40": 34
    },
    "task_precedence": [],
    "coordinates": {
        "0": [
            50.0,
            50.0
        ],
        "1": [
            70.76184141678142,
            45.53455649500091
        ],
        "2": [
            46.03374087028922,
            76.0387309942536
        ],
        "3": [
            39.3524204297677,
            89.18724141464938
        ],
        "4": [
            94.77888920238634,
            40.79586419680608
        ],
        "5": [
            8.645699085993552,
            61.887280746135076
        ],
        "6": [
            17.330251977064503,
            87.53836958152453
        ],
        "7": [
            25.84032372364432,
            39.5028658316648
        ],
        "8": [
            56.45858182830511,
            88.07028143212507
        ],
        "9": [
            54.23411396601189,
            17.785985368786427
        ],
        "10": [
            15.982499874476607,
            9.957957158849439
        ],
        "11": [
            41.81489896503402,
            70.80153563267395
        ],
        "12": [
            45.59847362879038,
            15.485274474548572
        ],
        "13": [
            59.31854652110026,
            23.520449583451274
        ],
        "14": [
            85.7673772553009,
            32.268381560610216
        ],
        "15": [
            97.221183019605,
            81.76675660071136
        ],
        "16": [
            62.82440825121647,
            81.71412094936075
        ],
        "17": [
            36.456788616168126,
            14.723419043812857
        ],
        "18": [
            56.678554033686304,
            99.85723439103454
        ],
        "19": [
            17.555106492575867,
            17.78098684207302
        ],
        "20": [
            18.645350573067464,
            61.6843870474613
        ],
        "21": [
            12.937245135690112,
            38.09531673250748
        ],
        "22": [
            70.6594895530894,
            1.1988669232908533
        ],
        "23": [
            93.79583831545334,
            73.79487636182046
        ],
        "24": [
            10.527651941792815,
            6.656459701520534
        ],
        "25": [
            11.522841034312892,
            33.7073632525566
        ],
        "26": [
            48.05144128502845,
            40.70853614889553
        ],
        "27": [
            95.05065559100733,
            92.29005618999045
        ],
        "28": [
            92.28890386962847,
            91.829174473913
        ],
        "29": [
            63.34453824241437,
            97.02798488164028
        ],
        "30": [
            30.090508592751718,
            12.53632528210945
        ],
        "31": [
            84.81998306803153,
            89.56783760676036
        ],
        "32": [
            12.986162668722068,
            50.69388784462547
        ],
        "33": [
            96.27880028633523,
            41.46990884660582
        ],
        "34": [
            44.71629735046106,
            15.466155513622127
        ],
        "35": [
            54.25712744441387,
            83.96733958636295
        ],
        "36": [
            63.57618336434929,
            4.077704141638739
        ],
        "37": [
            91.88889776326845,
            68.90443774141814
        ],
        "38": [
            62.86561291605911,
            84.73719486391371
        ],
        "39": [
            22.75199222140789,
            27.017097003880476
        ],
        "40": [
            37.75164860043756,
            45.283111217463
        ]
    },
    "distance_matrix_str_keys": {
        "0,0": 0.0,
        "0,1": 21.23662507819731,
        "0,2": 26.339072179465948,
        "0,3": 40.60801448475953,
        "0,4": 45.71504166117787,
        "0,5": 43.02889317218871,
        "0,6": 49.76385863979223,
        "0,7": 26.341597968352904,
        "0,8": 38.61424099414774,
        "0,9": 32.49108277261961,
        "0,10": 52.5409888532993,
        "0,11": 22.353965277552103,
        "0,12": 34.79424826740337,
        "0,13": 28.071371529165717,
        "0,14": 39.921367313797305,
        "0,15": 56.91192274646737,
        "0,16": 34.20893033382586,
        "0,17": 37.78697842571669,
        "0,18": 50.30255366383923,
        "0,19": 45.72456586539411,
        "0,20": 33.46100628135266,
        "0,21": 38.92774437122247,
        "0,22": 52.99401002155702,
        "0,23": 49.842467784286654,
        "0,24": 58.62361935972707,
        "0,25": 41.78446809826468,
        "0,26": 9.493586338263988,
        "0,27": 61.790051154956245,
        "0,28": 59.48135193204449,
        "0,29": 48.884640358000446,
        "0,30": 42.42540243136421,
        "0,31": 52.70716264164636,
        "0,32": 37.020340818625954,
        "0,33": 47.05836600465124,
        "0,34": 34.93571136671008,
        "0,35": 34.23307308222973,
        "0,36": 47.887054739723744,
        "0,37": 45.957127000506794,
        "0,38": 37.04317349687228,
        "0,39": 35.646427002313374,
        "0,40": 13.12521054284412,
        "1,0": 21.23662507819731,
        "1,1": 0.0,
        "1,2": 39.26809924758627,
        "1,3": 53.77832860394197,
        "1,4": 24.480069220347417,
        "1,5": 64.23259864346396,
        "1,6": 67.96510180866414,
        "1,7": 45.32465161601362,
        "1,8": 44.87617553649181,
        "1,9": 32.29781686482083,
        "1,10": 65.31822624760669,
        "1,11": 38.4232444237649,
        "1,12": 39.1938059950598,
        "1,13": 24.81068119142762,
        "1,14": 20.028916675420778,
        "1,15": 44.86500955706077,
        "1,16": 37.04002874411666,
        "1,17": 46.11033331791117,
        "1,18": 56.11855590899561,
        "1,19": 60.01014305744151,
        "1,20": 54.56139335405671,
        "1,21": 58.30116828430681,
        "1,22": 44.335807714566805,
        "1,23": 36.45834187264943,
        "1,24": 71.69144992251209,
        "1,25": 60.4081258301251,
        "1,26": 23.21750948153889,
        "1,27": 52.68798008766557,
        "1,28": 51.054931903413475,
        "1,29": 52.02489359326391,
        "1,30": 52.374044877806035,
        "1,31": 46.222950924338924,
        "1,32": 58.00558382409556,
        "1,33": 25.83866386747009,
        "1,34": 39.78038591174822,
        "1,35": 41.82683826752088,
        "1,36": 42.074984119960796,
        "1,37": 31.50402925562508,
        "1,38": 39.98996473641073,
        "1,39": 51.45718536577564,
        "1,40": 33.01115045707731,
        "2,0": 26.339072179465948,
        "2,1": 39.26809924758627,
        "2,2": 0.0,
        "2,3": 14.748673469305203,
        "2,4": 60.1510527424149,
        "2,5": 39.97660831773016,
        "2,6": 30.921383576439872,
        "2,7": 41.744982204299504,
        "2,8": 15.919658128834639,
        "2,9": 58.82710677752593,
        "2,10": 72.59301451292846,
        "2,11": 6.725090503248917,
        "2,12": 60.5550208822962,
        "2,13": 54.172464809384905,
        "2,14": 59.115187134268375,
        "2,15": 51.506936534196875,
        "2,16": 17.72389805430694,
        "2,17": 62.05872617172847,
        "2,18": 26.088946919070864,
        "2,19": 64.84595106651153,
        "2,20": 30.922016642123516,
        "2,21": 50.349585060344005,
        "2,22": 78.78726262758858,
        "2,23": 47.814776335070775,
        "2,24": 77.93960431473018,
        "2,25": 54.616361123490975,
        "2,26": 35.38776317845767,
        "2,27": 51.64071551940138,
        "2,28": 48.87615174479023,
        "2,29": 27.206846278243127,
        "2,30": 65.4732173234619,
        "2,31": 41.078087949106155,
        "2,32": 41.647370856609285,
        "2,33": 60.988273138347644,
        "2,34": 60.586900876218564,
        "2,35": 11.423087190176032,
        "2,36": 74.06839187089295,
        "2,37": 46.40682658722953,
        "2,38": 18.9466406061062,
        "2,39": 54.269332216600866,
        "2,40": 31.851235458312278,
        "3,0": 40.60801448475953,
        "3,1": 53.77832860394197,
        "3,2": 14.748673469305203,
        "3,3": 0.0,
        "3,4": 73.57865743299257,
        "3,5": 41.0875965248227,
        "3,6": 22.08381039769424,
        "3,7": 51.488969056164876,
        "3,8": 17.142588993363052,
        "3,9": 72.93561659048048,
        "3,10": 82.60407175464758,
        "3,11": 18.549878103049956,
        "3,12": 73.96616193506821,
        "3,13": 68.63507660443673,
        "3,14": 73.444569739361,
        "3,15": 58.34258546338889,
        "3,16": 24.632940177310445,
        "3,17": 74.52010148728613,
        "3,18": 20.34806270328815,
        "3,19": 74.65906567162544,
        "3,20": 34.42658479130655,
        "3,21": 57.51648679763488,
        "3,22": 93.39211220828018,
        "3,23": 56.57747478453721,
        "3,24": 87.4196614530477,
        "3,25": 62.068529628214826,
        "3,26": 49.252998163402104,
        "3,27": 55.78459338927573,
        "3,28": 53.0023687137498,
        "3,29": 25.240819623203173,
        "3,30": 77.20845779339416,
        "3,31": 45.469155542256274,
        "3,32": 46.65745189558439,
        "3,33": 74.28025680477612,
        "3,34": 73.91596364823356,
        "3,35": 15.792329349699832,
        "3,36": 88.48968315875472,
        "3,37": 56.31583769651554,
        "3,38": 23.93058994678371,
        "3,39": 64.34827948559905,
        "3,40": 43.93330307205537,
        "4,0": 45.71504166117787,
        "4,1": 24.480069220347417,
        "4,2": 60.1510527424149,
        "4,3": 73.57865743299257,
        "4,4": 0.0,
        "4,5": 88.67792448904052,
        "4,6": 90.46078276081819,
        "4,7": 68.950690025837,
        "4,8": 60.854880512437866,
        "4,9": 46.619023184192415,
        "4,10": 84.61588197021398,
        "4,11": 60.873020133550206,
        "4,12": 55.311293856499574,
        "4,13": 39.44459219129477,
        "4,14": 12.406663841786216,
        "4,15": 41.04362098380219,
        "4,16": 51.91717045955667,
        "4,17": 63.88458196658091,
        "4,18": 70.2842869294907,
        "4,19": 80.58037723705088,
        "4,20": 78.94710945376237,
        "4,21": 81.88618723659519,
        "4,22": 46.36450832825985,
        "4,23": 33.013651614340795,
        "4,24": 90.90527993045039,
        "4,25": 83.55726420964962,
        "4,26": 46.72752952015916,
        "4,27": 51.49490912702845,
        "4,28": 51.094019070697655,
        "4,29": 64.42181165559106,
        "4,30": 70.59170011813148,
        "4,31": 49.77836077749224,
        "4,32": 82.38944705448374,
        "4,33": 1.6444055003789002,
        "4,34": 56.10576837462811,
        "4,35": 59.20970750882827,
        "4,36": 48.18539332050697,
        "4,37": 28.256750648845657,
        "4,38": 54.30743728186361,
        "4,39": 73.33299607997293,
        "4,40": 57.20351000154579,
        "5,0": 43.02889317218871,
        "5,1": 64.23259864346396,
        "5,2": 39.97660831773016,
        "5,3": 41.0875965248227,
        "5,4": 88.67792448904052,
        "5,5": 0.0,
        "5,6": 27.08135553030628,
        "5,7": 28.226178407515004,
        "5,8": 54.51257910842769,
        "5,9": 63.428919470796835,
        "5,10": 52.44505023396303,
        "5,11": 34.34617534454048,
        "5,12": 59.31824114418032,
        "5,13": 63.55903712807082,
        "5,14": 82.61375450015876,
        "5,15": 90.7789067698336,
        "5,16": 57.69260021228074,
        "5,17": 54.75295929473733,
        "5,18": 61.2280371580039,
        "5,19": 44.997141045714955,
        "5,20": 10.001709639651665,
        "5,21": 24.17591609686005,
        "5,22": 86.76862209594928,
        "5,23": 85.97870110755963,
        "5,24": 55.26287487829138,
        "5,25": 28.326413393433157,
        "5,26": 44.73646992076938,
        "5,27": 91.59773612553325,
        "5,28": 88.84088420588031,
        "5,29": 65.0140914894541,
        "5,30": 53.808890157606726,
        "5,31": 81.04773141976571,
        "5,32": 12.00548494483076,
        "5,33": 89.98016170952913,
        "5,34": 58.78782975250283,
        "5,35": 50.67476092970971,
        "5,36": 79.74525221131235,
        "5,37": 83.53843796912119,
        "5,38": 58.8380627734258,
        "5,39": 37.61538541927803,
        "5,40": 33.50902479742204,
        "6,0": 49.76385863979223,
        "6,1": 67.96510180866414,
        "6,2": 30.921383576439872,
        "6,3": 22.08381039769424,
        "6,4": 90.46078276081819,
        "6,5": 27.08135553030628,
        "6,6": 0.0,
        "6,7": 48.783510960515386,
        "6,8": 39.131945098145785,
        "6,9": 78.91318098429889,
        "6,10": 77.59211833300074,
        "6,11": 29.65838075075715,
        "6,12": 77.39987642009531,
        "6,13": 76.55919905273574,
        "6,14": 87.96824252070195,
        "6,15": 80.0991409394898,
        "6,16": 45.8654567973134,
        "6,17": 75.28506774664132,
        "6,18": 41.23158140229564,
        "6,19": 69.75774513422488,
        "6,20": 25.88740808170752,
        "6,21": 49.63782815695159,
        "6,22": 101.48161064799497,
        "6,23": 77.69085853531062,
        "6,24": 81.16747324561094,
        "6,25": 54.14335845002024,
        "6,26": 56.00736355001488,
        "6,27": 77.86552294526282,
        "6,28": 75.0813592056985,
        "6,29": 46.98262805605659,
        "6,30": 76.07976602217973,
        "6,31": 67.52023802680569,
        "6,32": 37.09968930300554,
        "6,33": 91.40665377654956,
        "6,34": 77.09993204824039,
        "6,35": 37.09914267213559,
        "6,36": 95.41681636664472,
        "6,37": 76.85190353722123,
        "6,38": 45.62143877217266,
        "6,39": 60.76363798929935,
        "6,40": 46.93122946890167,
        "7,0": 26.341597968352904,
        "7,1": 45.32465161601362,
        "7,2": 41.744982204299504,
        "7,3": 51.488969056164876,
        "7,4": 68.950690025837,
        "7,5": 28.226178407515004,
        "7,6": 48.783510960515386,
        "7,7": 0.0,
        "7,8": 57.413165628377065,
        "7,9": 35.74675120016526,
        "7,10": 31.146080323633342,
        "7,11": 35.1396326881119,
        "7,12": 31.100308395121218,
        "7,13": 37.0975609819198,
        "7,14": 60.36215294084672,
        "7,15": 82.95458719545071,
        "7,16": 56.121409167570036,
        "7,17": 26.957935935938725,
        "7,18": 67.77644320009298,
        "7,19": 23.248330077759615,
        "7,20": 23.319252176782,
        "7,21": 12.97962370461721,
        "7,22": 58.95722142384265,
        "7,23": 76.1176323176035,
        "7,24": 36.2403685517282,
        "7,25": 15.445975550406486,
        "7,26": 22.243816764203885,
        "7,27": 87.04342308937898,
        "7,28": 84.5781081577325,
        "7,29": 68.6709940832647,
        "7,30": 27.299420884560945,
        "7,31": 77.36343849145459,
        "7,32": 17.043134398356727,
        "7,33": 70.46593672616142,
        "7,34": 30.562490462555242,
        "7,35": 52.76934867882096,
        "7,36": 51.758450359216475,
        "7,37": 72.2970716103502,
        "7,38": 58.45525265345882,
        "7,39": 12.862045509504958,
        "7,40": 13.239746864670598,
        "8,0": 38.61424099414774,
        "8,1": 44.87617553649181,
        "8,2": 15.919658128834639,
        "8,3": 17.142588993363052,
        "8,4": 60.854880512437866,
        "8,5": 54.51257910842769,
        "8,6": 39.131945098145785,
        "8,7": 57.413165628377065,
        "8,8": 0.0,
        "8,9": 70.31948897986543,
        "8,10": 87.97640827918815,
        "8,11": 22.641709946161757,
        "8,12": 73.39295051390559,
        "8,13": 64.61315802323932,
        "8,14": 63.03060779218347,
        "8,15": 41.24710997368437,
        "8,16": 8.995805807668997,
        "8,17": 76.02521919673167,
        "8,18": 11.789005379025191,
        "8,19": 80.33719765566144,
        "8,20": 46.10917349552811,
        "8,21": 66.26917718094876,
        "8,22": 88.02447636296128,
        "8,23": 39.97321493085553,
        "8,24": 93.47652480180446,
        "8,25": 70.53047336934095,
        "8,26": 48.102130185553335,
        "8,27": 38.82208979837338,
        "8,28": 36.02695177897437,
        "8,29": 11.298532950187347,
        "8,30": 80.00408625706558,
        "8,31": 28.40091116103397,
        "8,32": 57.33102149093598,
        "8,33": 61.29636631281219,
        "8,34": 73.54753799515282,
        "8,35": 4.656235946991927,
        "8,36": 84.29361358682056,
        "8,37": 40.281966829189564,
        "8,38": 7.222154348297829,
        "8,39": 69.73969824825053,
        "8,40": 46.69787239018883,
        "9,0": 32.49108277261961,
        "9,1": 32.29781686482083,
        "9,2": 58.82710677752593,
        "9,3": 72.93561659048048,
        "9,4": 46.619023184192415,
        "9,5": 63.428919470796835,
        "9,6": 78.91318098429889,
        "9,7": 35.74675120016526,
        "9,8": 70.31948897986543,
        "9,9": 0.0,
        "9,10": 39.044385079846116,
        "9,11": 54.45076189570994,
        "9,12": 8.936864923042755,
        "9,13": 7.663911157921532,
        "9,14": 34.69994946867465,
        "9,15": 77.0806538195564,
        "9,16": 64.50271059974698,
        "9,17": 18.03919646461726,
        "9,18": 82.10764400052113,
        "9,19": 36.6790078140296,
        "9,20": 56.51220885597436,
        "9,21": 46.020650969214095,
        "9,22": 23.34363856603039,
        "9,23": 68.57204899790261,
        "9,24": 45.101232402816166,
        "9,25": 45.58226748598505,
        "9,26": 23.741709621399625,
        "9,27": 84.95202551532229,
        "9,28": 83.24999031511014,
        "9,29": 79.76399135757434,
        "9,30": 24.707743957014102,
        "9,31": 78.02646794159149,
        "9,32": 52.766689602275854,
        "9,33": 48.2564387318168,
        "9,34": 9.796450565596043,
        "9,35": 66.18135821885588,
        "9,36": 16.588888897268614,
        "9,37": 63.48999067405153,
        "9,38": 67.50531258341886,
        "9,39": 32.80758161708413,
        "9,40": 32.05875222876453,
        "10,0": 52.5409888532993,
        "10,1": 65.31822624760669,
        "10,2": 72.59301451292846,
        "10,3": 82.60407175464758,
        "10,4": 84.61588197021398,
        "10,5": 52.44505023396303,
        "10,6": 77.59211833300074,
        "10,7": 31.146080323633342,
        "10,8": 87.97640827918815,
        "10,9": 39.044385079846116,
        "10,10": 0.0,
        "10,11": 66.10033195282965,
        "10,12": 30.127348673997677,
        "10,13": 45.40874518994907,
        "10,14": 73.2644808078469,
        "10,15": 108.42613760729522,
        "10,16": 85.69195657881536,
        "10,17": 21.02156336848416,
        "10,18": 98.68155284043011,
        "10,19": 7.97952912143861,
        "10,20": 51.79492564783219,
        "10,21": 28.301670978962132,
        "10,22": 55.3741353166782,
        "10,23": 100.64823839817882,
        "10,24": 6.376147067740351,
        "10,25": 24.164495582868373,
        "10,26": 44.429889842497595,
        "10,27": 114.15054874720121,
        "10,28": 111.91766400046819,
        "10,29": 99.11787127462723,
        "10,30": 14.341683728696916,
        "10,31": 105.24415497952191,
        "10,32": 40.845980040720505,
        "10,33": 86.25832689661294,
        "10,34": 29.256988336231927,
        "10,35": 83.32068052362119,
        "10,36": 47.955563636356054,
        "10,37": 96.10654927486853,
        "10,38": 88.26075390693369,
        "10,39": 18.35320895340885,
        "10,40": 41.49412422883256,
        "11,0": 22.353965277552103,
        "11,1": 38.4232444237649,
        "11,2": 6.725090503248917,
        "11,3": 18.549878103049956,
        "11,4": 60.873020133550206,
        "11,5": 34.34617534454048,
        "11,6": 29.65838075075715,
        "11,7": 35.1396326881119,
        "11,8": 22.641709946161757,
        "11,9": 54.45076189570994,
        "11,10": 66.10033195282965,
        "11,11": 0.0,
        "11,12": 55.44550645228294,
        "11,13": 50.41704846340157,
        "11,14": 58.451897408020756,
        "11,15": 56.48090282222561,
        "11,16": 23.674543263601834,
        "11,17": 56.333511400094004,
        "11,18": 32.636817742182984,
        "11,19": 58.30708468842556,
        "11,20": 24.898802601983192,
        "11,21": 43.63044402058071,
        "11,22": 75.34282910576606,
        "11,23": 52.067054309541454,
        "11,24": 71.36863871832468,
        "11,25": 47.89140213278397,
        "11,26": 30.73244341147917,
        "11,27": 57.40907854409505,
        "11,28": 54.678942622792285,
        "11,29": 33.9315783249575,
        "11,30": 59.43312264047039,
        "11,31": 46.921331486739476,
        "11,32": 35.14844998019834,
        "11,33": 61.860010322126726,
        "11,34": 55.41139238018581,
        "11,35": 18.11484041552848,
        "11,36": 70.18278412511108,
        "11,37": 50.10992253091787,
        "11,38": 25.2454977383517,
        "11,39": 47.7542823164035,
        "11,40": 25.83989141154094,
        "12,0": 34.79424826740337,
        "12,1": 39.1938059950598,
        "12,2": 60.5550208822962,
        "12,3": 73.96616193506821,
        "12,4": 55.311293856499574,
        "12,5": 59.31824114418032,
        "12,6": 77.39987642009531,
        "12,7": 31.100308395121218,
        "12,8": 73.39295051390559,
        "12,9": 8.936864923042755,
        "12,10": 30.127348673997677,
        "12,11": 55.44550645228294,
        "12,12": 0.0,
        "12,13": 15.899825131146127,
        "12,14": 43.534049915188255,
        "12,15": 84.01273116432614,
        "12,16": 68.43239677959802,
        "12,17": 9.173376072490642,
        "12,18": 85.09639123915933,
        "12,19": 28.1371771080704,
        "12,20": 53.48671652832696,
        "12,21": 39.7236687326988,
        "12,22": 28.847113545008323,
        "12,23": 75.65048337579428,
        "12,24": 36.16504533520754,
        "12,25": 38.64185885988694,
        "12,26": 25.342256801933218,
        "12,27": 91.34819535809609,
        "12,28": 89.48959349101729,
        "12,29": 83.45140160480074,
        "12,30": 15.785856989678608,
        "12,31": 83.82453675941566,
        "12,32": 47.99176264318441,
        "12,33": 56.95346112015449,
        "12,34": 0.8823834317992794,
        "12,35": 69.02728104074211,
        "12,36": 21.291564250573376,
        "12,37": 70.68529104900351,
        "12,38": 71.37214146136367,
        "12,39": 25.591886283466497,
        "12,40": 30.81369399443964,
        "13,0": 28.071371529165717,
        "13,1": 24.81068119142762,
        "13,2": 54.172464809384905,
        "13,3": 68.63507660443673,
        "13,4": 39.44459219129477,
        "13,5": 63.55903712807082,
        "13,6": 76.55919905273574,
        "13,7": 37.0975609819198,
        "13,8": 64.61315802323932,
        "13,9": 7.663911157921532,
        "13,10": 45.40874518994907,
        "13,11": 50.41704846340157,
        "13,12": 15.899825131146127,
        "13,13": 0.0,
        "13,14": 27.85797840984511,
        "13,15": 69.49274879213446,
        "13,16": 58.299180556112155,
        "13,17": 24.495871505603915,
        "13,18": 76.38242124398046,
        "13,19": 42.15597651076088,
        "13,20": 55.774501265219214,
        "13,21": 48.61740296043061,
        "13,22": 25.037372891523532,
        "13,23": 60.96065647092861,
        "13,24": 51.62311060549292,
        "13,25": 48.86924056174315,
        "13,26": 20.551836418722345,
        "13,27": 77.4986607071496,
        "13,28": 75.84936624554244,
        "13,29": 73.61770408641246,
        "13,30": 31.223856068850765,
        "13,31": 70.79958142996831,
        "13,32": 53.71299228657775,
        "13,33": 41.0882397558013,
        "13,34": 16.676250591926177,
        "13,35": 60.65842459291165,
        "13,36": 19.90346255816092,
        "13,37": 55.86174147984185,
        "13,38": 61.31942255715775,
        "13,39": 36.73335591169346,
        "13,40": 30.638938090553513,
        "14,0": 39.921367313797305,
        "14,1": 20.028916675420778,
        "14,2": 59.115187134268375,
        "14,3": 73.444569739361,
        "14,4": 12.406663841786216,
        "14,5": 82.61375450015876,
        "14,6": 87.96824252070195,
        "14,7": 60.36215294084672,
        "14,8": 63.03060779218347,
        "14,9": 34.69994946867465,
        "14,10": 73.2644808078469,
        "14,11": 58.451897408020756,
        "14,12": 43.534049915188255,
        "14,13": 27.85797840984511,
        "14,14": 0.0,
        "14,15": 50.806286993805344,
        "14,16": 54.50927416892116,
        "14,17": 52.338894348788024,
        "14,18": 73.58269268891361,
        "14,19": 69.73376863713887,
        "14,20": 73.28484048377884,
        "14,21": 73.06285867701494,
        "14,22": 34.547981281418394,
        "14,23": 42.29546024657168,
        "14,24": 79.47947412111046,
        "14,25": 74.25847983213336,
        "14,26": 38.648777931363426,
        "14,27": 60.73533306052897,
        "14,28": 59.91676194390616,
        "14,29": 68.53167101198535,
        "14,30": 59.07002411582945,
        "14,31": 57.30728765986717,
        "14,32": 75.07732333081621,
        "14,33": 13.9699004481879,
        "14,34": 44.3565774320746,
        "14,35": 60.54484374488921,
        "14,36": 35.87705923910593,
        "14,37": 37.143958133359746,
        "14,38": 57.24916749881246,
        "14,39": 63.23381010555615,
        "14,40": 49.748300335774566,
        "15,0": 56.91192274646737,
        "15,1": 44.86500955706077,
        "15,2": 51.506936534196875,
        "15,3": 58.34258546338889,
        "15,4": 41.04362098380219,
        "15,5": 90.7789067698336,
        "15,6": 80.0991409394898,
        "15,7": 82.95458719545071,
        "15,8": 41.24710997368437,
        "15,9": 77.0806538195564,
        "15,10": 108.42613760729522,
        "15,11": 56.48090282222561,
        "15,12": 84.01273116432614,
        "15,13": 69.49274879213446,
        "15,14": 50.806286993805344,
        "15,15": 0.0,
        "15,16": 34.39681504120756,
        "15,17": 90.48270960788402,
        "15,18": 44.39560960018491,
        "15,19": 102.18053865984432,
        "15,20": 81.10155985885626,
        "15,21": 94.92616523057154,
        "15,22": 84.83341562663935,
        "15,23": 8.67662727593384,
        "15,24": 114.70538361831227,
        "15,25": 98.25431852097262,
        "15,26": 64.05810619207271,
        "15,27": 10.744813798480468,
        "15,28": 11.20623179611331,
        "15,29": 37.15551304991739,
        "15,30": 96.43329336678194,
        "15,31": 14.650823359178286,
        "15,32": 89.78341620949048,
        "15,33": 40.307865536809636,
        "15,34": 84.57264760925493,
        "15,35": 43.020374672297436,
        "15,36": 84.66153125115737,
        "15,37": 13.923810990281154,
        "15,38": 34.48374545514382,
        "15,39": 92.42935466672446,
        "15,40": 69.76877456629978,
        "16,0": 34.20893033382586,
        "16,1": 37.04002874411666,
        "16,2": 17.72389805430694,
        "16,3": 24.632940177310445,
        "16,4": 51.91717045955667,
        "16,5": 57.69260021228074,
        "16,6": 45.8654567973134,
        "16,7": 56.121409167570036,
        "16,8": 8.995805807668997,
        "16,9": 64.50271059974698,
        "16,10": 85.69195657881536,
        "16,11": 23.674543263601834,
        "16,12": 68.43239677959802,
        "16,13": 58.299180556112155,
        "16,14": 54.50927416892116,
        "16,15": 34.39681504120756,
        "16,16": 0.0,
        "16,17": 71.99309346747482,
        "16,18": 19.15578475084165,
        "16,19": 78.33744518744085,
        "16,20": 48.507518772970826,
        "16,21": 66.26710439594679,
        "16,22": 80.89557855587364,
        "16,23": 31.967857530044167,
        "16,24": 91.48007013816057,
        "16,25": 70.26022760758849,
        "16,26": 43.5855312897781,
        "16,27": 33.917273236794415,
        "16,28": 31.152380484514776,
        "16,29": 15.322694402229507,
        "16,30": 76.5315333717443,
        "16,31": 23.355645502893413,
        "16,32": 58.70353979627751,
        "16,33": 52.33347833090156,
        "16,34": 68.6782105530486,
        "16,35": 8.858628259992756,
        "16,36": 77.64005654662462,
        "16,37": 31.762124212401574,
        "16,38": 3.0233547124436777,
        "16,39": 67.80533131663395,
        "16,40": 44.225125738559015,
        "17,0": 37.78697842571669,
        "17,1": 46.11033331791117,
        "17,2": 62.05872617172847,
        "17,3": 74.52010148728613,
        "17,4": 63.88458196658091,
        "17,5": 54.75295929473733,
        "17,6": 75.28506774664132,
        "17,7": 26.957935935938725,
        "17,8": 76.02521919673167,
        "17,9": 18.03919646461726,
        "17,10": 21.02156336848416,
        "17,11": 56.333511400094004,
        "17,12": 9.173376072490642,
        "17,13": 24.495871505603915,
        "17,14": 52.338894348788024,
        "17,15": 90.48270960788402,
        "17,16": 71.99309346747482,
        "17,17": 0.0,
        "17,18": 87.50249317691453,
        "17,19": 19.147383840678724,
        "17,20": 50.22529085035653,
        "17,21": 33.157420392740214,
        "17,22": 36.77959028375916,
        "17,23": 82.32377354136709,
        "17,24": 27.155035660234958,
        "17,25": 31.33834519778285,
        "17,26": 28.45456521327237,
        "17,27": 97.21020751563043,
        "17,28": 95.19728259841295,
        "17,29": 86.58517562329578,
        "17,30": 6.731485754202618,
        "17,31": 89.11052444921663,
        "17,32": 42.95049368884089,
        "17,33": 65.52898440412851,
        "17,34": 8.292836788183283,
        "17,35": 71.49526274169041,
        "17,36": 29.134049105574878,
        "17,37": 77.51323442874963,
        "17,38": 74.82883672415235,
        "17,39": 18.41075669296853,
        "17,40": 30.58711245160478,
        "18,0": 50.30255366383923,
        "18,1": 56.11855590899561,
        "18,2": 26.088946919070864,
        "18,3": 20.34806270328815,
        "18,4": 70.2842869294907,
        "18,5": 61.2280371580039,
        "18,6": 41.23158140229564,
        "18,7": 67.77644320009298,
        "18,8": 11.789005379025191,
        "18,9": 82.10764400052113,
        "18,10": 98.68155284043011,
        "18,11": 32.636817742182984,
        "18,12": 85.09639123915933,
        "18,13": 76.38242124398046,
        "18,14": 73.58269268891361,
        "18,15": 44.39560960018491,
        "18,16": 19.15578475084165,
        "18,17": 87.50249317691453,
        "18,18": 0.0,
        "18,19": 90.92389432498166,
        "18,20": 53.88590576201327,
        "18,21": 75.68247205904811,
        "18,22": 99.6440667044358,
        "18,23": 45.35349268244343,
        "18,24": 104.00139502247599,
        "18,25": 80.09272044398928,
        "18,26": 59.77453954751699,
        "18,27": 39.11112838888333,
        "18,28": 36.50406499927206,
        "18,29": 7.241546675774426,
        "18,30": 91.27905196691276,
        "18,31": 29.963506374910803,
        "18,32": 65.77278849821948,
        "18,33": 70.54969374491667,
        "18,34": 85.23467474595658,
        "18,35": 16.073333930170325,
        "18,36": 96.02757783667225,
        "18,37": 46.88116813804695,
        "18,38": 16.336930339437835,
        "18,39": 80.35357621775042,
        "18,40": 57.7629870197456,
        "19,0": 45.72456586539411,
        "19,1": 60.01014305744151,
        "19,2": 64.84595106651153,
        "19,3": 74.65906567162544,
        "19,4": 80.58037723705088,
        "19,5": 44.997141045714955,
        "19,6": 69.75774513422488,
        "19,7": 23.248330077759615,
        "19,8": 80.33719765566144,
        "19,9": 36.6790078140296,
        "19,10": 7.97952912143861,
        "19,11": 58.30708468842556,
        "19,12": 28.1371771080704,
        "19,13": 42.15597651076088,
        "19,14": 69.73376863713887,
        "19,15": 102.18053865984432,
        "19,16": 78.33744518744085,
        "19,17": 19.147383840678724,
        "19,18": 90.92389432498166,
        "19,19": 0.0,
        "19,20": 43.916935022261455,
        "19,21": 20.83258607107667,
        "19,22": 55.63310346581996,
        "19,23": 94.60552313696274,
        "19,24": 13.158275782343607,
        "19,25": 17.030493008934307,
        "19,26": 38.153623065052834,
        "19,27": 107.50423966132765,
        "19,28": 105.20586752626744,
        "19,29": 91.52463470703555,
        "19,30": 13.588332520646256,
        "19,31": 98.37639738993687,
        "19,32": 33.228516368766,
        "19,33": 82.21061361083753,
        "19,34": 27.25965393943298,
        "19,35": 75.6813823310643,
        "19,36": 48.01790783869806,
        "19,37": 90.21707020587979,
        "19,38": 80.84661888425836,
        "19,39": 10.597799403630024,
        "19,40": 34.121359267679395,
        "20,0": 33.46100628135266,
        "20,1": 54.56139335405671,
        "20,2": 30.922016642123516,
        "20,3": 34.42658479130655,
        "20,4": 78.94710945376237,
        "20,5": 10.001709639651665,
        "20,6": 25.88740808170752,
        "20,7": 23.319252176782,
        "20,8": 46.10917349552811,
        "20,9": 56.51220885597436,
        "20,10": 51.79492564783219,
        "20,11": 24.898802601983192,
        "20,12": 53.48671652832696,
        "20,13": 55.774501265219214,
        "20,14": 73.28484048377884,
        "20,15": 81.10155985885626,
        "20,16": 48.507518772970826,
        "20,17": 50.22529085035653,
        "20,18": 53.88590576201327,
        "20,19": 43.916935022261455,
        "20,20": 0.0,
        "20,21": 24.26987239373237,
        "20,22": 79.77448714046658,
        "20,23": 76.12003520330043,
        "20,24": 55.62346464450353,
        "20,25": 28.869430242911164,
        "20,26": 36.120693402521226,
        "20,27": 82.3072148632572,
        "20,28": 79.5743749653705,
        "20,29": 56.98409678290668,
        "20,30": 50.46309163523756,
        "20,31": 71.80925289220346,
        "20,32": 12.36193676024207,
        "20,33": 80.22205210112327,
        "20,34": 53.06429300372573,
        "20,35": 42.00867322096124,
        "20,36": 73.05689324581299,
        "20,37": 73.59854847092097,
        "20,38": 49.86846247785562,
        "20,39": 34.909676374805336,
        "20,40": 25.18039859022039,
        "21,0": 38.92774437122247,
        "21,1": 58.30116828430681,
        "21,2": 50.349585060344005,
        "21,3": 57.51648679763488,
        "21,4": 81.88618723659519,
        "21,5": 24.17591609686005,
        "21,6": 49.63782815695159,
        "21,7": 12.97962370461721,
        "21,8": 66.26917718094876,
        "21,9": 46.020650969214095,
        "21,10": 28.301670978962132,
        "21,11": 43.63044402058071,
        "21,12": 39.7236687326988,
        "21,13": 48.61740296043061,
        "21,14": 73.06285867701494,
        "21,15": 94.92616523057154,
        "21,16": 66.26710439594679,
        "21,17": 33.157420392740214,
        "21,18": 75.68247205904811,
        "21,19": 20.83258607107667,
        "21,20": 24.26987239373237,
        "21,21": 0.0,
        "21,22": 68.50697416399315,
        "21,23": 88.38874729702489,
        "21,24": 31.531061998843512,
        "21,25": 4.610279243625677,
        "21,26": 35.21130055724149,
        "21,27": 98.38537473358457,
        "21,28": 95.83325733585926,
        "21,29": 77.54969099566433,
        "21,30": 30.781430947713986,
        "21,31": 88.41124599167279,
        "21,32": 12.598666079872583,
        "21,33": 83.40984766119979,
        "21,34": 39.01265303897497,
        "21,35": 61.73795554366391,
        "21,36": 61.00409847959718,
        "21,37": 84.75001704995402,
        "21,38": 68.32500790220767,
        "21,39": 14.800547716633535,
        "21,40": 25.834453910799574,
        "22,0": 52.99401002155702,
        "22,1": 44.335807714566805,
        "22,2": 78.78726262758858,
        "22,3": 93.39211220828018,
        "22,4": 46.36450832825985,
        "22,5": 86.76862209594928,
        "22,6": 101.48161064799497,
        "22,7": 58.95722142384265,
        "22,8": 88.02447636296128,
        "22,9": 23.34363856603039,
        "22,10": 55.3741353166782,
        "22,11": 75.34282910576606,
        "22,12": 28.847113545008323,
        "22,13": 25.037372891523532,
        "22,14": 34.547981281418394,
        "22,15": 84.83341562663935,
        "22,16": 80.89557855587364,
        "22,17": 36.77959028375916,
        "22,18": 99.6440667044358,
        "22,19": 55.63310346581996,
        "22,20": 79.77448714046658,
        "22,21": 68.50697416399315,
        "22,22": 0.0,
        "22,23": 76.19364291365008,
        "22,24": 60.378996459400746,
        "22,25": 67.48292770488843,
        "22,26": 45.52074042464234,
        "22,27": 94.3002319334951,
        "22,28": 93.17555586309568,
        "22,29": 96.10789957830103,
        "22,30": 42.12339229214792,
        "22,31": 89.49633822812312,
        "22,32": 75.99980085443934,
        "22,33": 47.72950764501972,
        "22,34": 29.607511637797472,
        "22,35": 84.37806320200664,
        "22,36": 7.645974777174519,
        "22,37": 70.95584607883177,
        "22,38": 83.90111291364553,
        "22,39": 54.42158859385982,
        "22,40": 55.01224037569529,
        "23,0": 49.842467784286654,
        "23,1": 36.45834187264943,
        "23,2": 47.814776335070775,
        "23,3": 56.57747478453721,
        "23,4": 33.013651614340795,
        "23,5": 85.97870110755963,
