{
    "num_robots": 5,
    "num_tasks": 40,
    "num_nodes": 41,
    "robot_capacity": [
        121,
        123,
        121,
        122,
        116
    ],
    "robot_speed": [
        0.87,
        1.17,
        1.04,
        1.03,
        0.83
    ],
    "task_demand": {
        "0": 0,
        "1": 15,
        "2": 9,
        "3": 7,
        "4": 13,
        "5": 8,
        "6": 11,
        "7": 14,
        "8": 12,
        "9": 10,
        "10": 7,
        "11": 6,
        "12": 8,
        "13": 11,
        "14": 8,
        "15": 10,
        "16": 11,
        "17": 8,
        "18": 12,
        "19": 13,
        "20": 8,
        "21": 14,
        "22": 14,
        "23": 15,
        "24": 14,
        "25": 15,
        "26": 9,
        "27": 11,
        "28": 5,
        "29": 10,
        "30": 15,
        "31": 7,
        "32": 14,
        "33": 12,
        "34": 14,
        "35": 6,
        "36": 10,
        "37": 12,
        "38": 11,
        "39": 6,
        "40": 7
    },
    "task_service_time": {
        "0": 0,
        "1": 39,
        "2": 16,
        "3": 48,
        "4": 15,
        "5": 55,
        "6": 61,
        "7": 97,
        "8": 19,
        "9": 69,
        "10": 56,
        "11": 78,
        "12": 43,
        "13": 49,
        "14": 38,
        "15": 52,
        "16": 18,
        "17": 26,
        "18": 30,
        "19": 66,
        "20": 30,
        "21": 51,
        "22": 92,
        "23": 44,
        "24": 90,
        "25": 13,
        "26": 79,
        "27": 78,
        "28": 34,
        "29": 39,
        "30": 94,
        "31": 67,
        "32": 49,
        "33": 90,
        "34": 54,
        "35": 44,
        "36": 52,
        "37": 24,
        "38": 69,
        "39": 80,
        "40": 21
    },
    "task_precedence": [],
    "coordinates": {
        "0": [
            100,
            100
        ],
        "1": [
            51.09810067531865,
            30.986782811959756
        ],
        "2": [
            73.9143616197689,
            86.0506059225423
        ],
        "3": [
            49.53120985840518,
            39.40275522185917
        ],
        "4": [
            90.08260997125646,
            73.51235514835432
        ],
        "5": [
            84.74866989799332,
            74.12595535254181
        ],
        "6": [
            94.90748639626183,
            91.31107359117607
        ],
        "7": [
            39.019188659732876,
            8.595078294208747
        ],
        "8": [
            41.13341824160373,
            62.72530363014791
        ],
        "9": [
            50.772542603884716,
            52.84397381959902
        ],
        "10": [
            59.31593918250439,
            32.07965352741701
        ],
        "11": [
            94.48835255714597,
            47.37539515179292
        ],
        "12": [
            10.867268362039106,
            9.38660680773572
        ],
        "13": [
            42.47610827776083,
            54.277224155279114
        ],
        "14": [
            51.632226758441455,
            74.03879111445367
        ],
        "15": [
            85.01488680587256,
            68.52050940597184
        ],
        "16": [
            19.865527841905905,
            18.32760717092985
        ],
        "17": [
            58.6567503213451,
            59.600819920586844
        ],
        "18": [
            12.670331612684205,
            58.27137767039831
        ],
        "19": [
            10.052047852592526,
            19.604747900534548
        ],
        "20": [
            49.4677002589299,
            13.364053650176789
        ],
        "21": [
            84.8160374961637,
            41.759692144190744
        ],
        "22": [
            41.72856552474511,
            94.59451766186322
        ],
        "23": [
            54.65460222769084,
            80.09743922418929
        ],
        "24": [
            56.338477239741245,
            52.545143538328375
        ],
        "25": [
            38.63185393495776,
            56.217046350837144
        ],
        "26": [
            46.62410697500743,
            95.42723092185221
        ],
        "27": [
            15.923438815083557,
            45.3097791145928
        ],
        "28": [
            14.602141072027742,
            95.62124618321853
        ],
        "29": [
            15.762166740212734,
            59.84063986874039
        ],
        "30": [
            97.17229561467704,
            51.58143324032446
        ],
        "31": [
            44.422901067744235,
            53.42969100964846
        ],
        "32": [
            97.2954226803062,
            85.43914230596906
        ],
        "33": [
            29.6753032077268,
            89.25205662314795
        ],
        "34": [
            19.797439203468812,
            13.006549061800776
        ],
        "35": [
            6.143966140892498,
            60.5685468955514
        ],
        "36": [
            19.205461895060527,
            19.194860199166975
        ],
        "37": [
            2.6801654722528934,
            88.59076397364672
        ],
        "38": [
            54.013977496132895,
            73.08014440626054
        ],
        "39": [
            43.97034587299884,
            17.006847788091427
        ],
        "40": [
            0.2846021351074035,
            87.89757456981522
        ]
    },
    "distance_matrix_str_keys": {
        "0,0": 0.0,
        "0,1": 84.58262176242164,
        "0,2": 29.581178557190686,
        "0,3": 78.86142817029283,
        "0,4": 28.283386550573006,
        "0,5": 30.034467804491474,
        "0,6": 10.07130264376045,
        "0,7": 109.87956617933601,
        "0,8": 69.67551533632613,
        "0,9": 68.16915260448091,
        "0,10": 79.1730147812839,
        "0,11": 52.912449319269456,
        "0,12": 127.10401596747697,
        "0,13": 73.48176882614142,
        "0,14": 54.894679661564616,
        "0,15": 34.864192884682126,
        "0,16": 114.41989939902196,
        "0,17": 57.80448118511619,
        "0,18": 96.78713190380773,
        "0,19": 120.64008726641782,
        "0,20": 100.29606431486133,
        "0,21": 60.18709310522767,
        "0,22": 58.5216140849843,
        "0,23": 49.52087463447894,
        "0,24": 64.48481969845655,
        "0,25": 75.38565103323776,
        "0,26": 53.57141190278183,
        "0,27": 100.29899501578083,
        "0,28": 85.51004499162558,
        "0,29": 93.32088061337572,
        "0,30": 48.50106719601057,
        "0,31": 72.5093621898756,
        "0,32": 14.809905984307335,
        "0,33": 71.14127680718964,
        "0,34": 118.3229109870872,
        "0,35": 101.80272386184106,
        "0,36": 114.26822833063741,
        "0,37": 97.98632996093443,
        "0,38": 53.28595397395036,
        "0,39": 100.13583502253529,
        "0,40": 100.44714666254592,
        "1,0": 84.58262176242164,
        "1,1": 0.0,
        "1,2": 59.603744672954655,
        "1,3": 8.560592177899602,
        "1,4": 57.69069480932768,
        "1,5": 54.711507167104514,
        "1,6": 74.55388880039608,
        "1,7": 25.441866022179532,
        "1,8": 33.26602771193684,
        "1,9": 21.859615431253648,
        "1,10": 8.290189149282952,
        "1,11": 46.382114794322945,
        "1,12": 45.66275804233328,
        "1,13": 24.835124539050422,
        "1,14": 43.05532150095592,
        "1,15": 50.58783463897011,
        "1,16": 33.70056874453125,
        "1,17": 29.59554534258938,
        "1,18": 47.12899905281562,
        "1,19": 42.59494302204107,
        "1,20": 17.69798826497849,
        "1,21": 35.397102126232994,
        "1,22": 64.29410643032111,
        "1,23": 49.239265597001825,
        "1,24": 22.1861322394234,
        "1,25": 28.142023843937807,
        "1,26": 64.59557238878038,
        "1,27": 37.9790081501231,
        "1,28": 74.226470498439,
        "1,29": 45.61987827821661,
        "1,30": 50.46752486081065,
        "1,31": 23.414577044457676,
        "1,32": 71.40904715018492,
        "1,33": 62.078807846399506,
        "1,34": 36.097371293290884,
        "1,35": 53.81407787964556,
        "1,36": 34.00279175706192,
        "1,37": 75.24968501598036,
        "1,38": 42.194234534385366,
        "1,39": 15.692146819144073,
        "1,40": 76.29449424697722,
        "2,0": 29.581178557190686,
        "2,1": 59.603744672954655,
        "2,2": 0.0,
        "2,3": 52.63610989435787,
        "2,4": 20.460204965537514,
        "2,5": 16.111471909301628,
        "2,6": 21.64217659973559,
        "2,7": 84.95311563500407,
        "2,8": 40.232573566626954,
        "2,9": 40.47498243340153,
        "2,10": 55.910443032529344,
        "2,11": 43.807088824220706,
        "2,12": 99.25877658184159,
        "2,13": 44.69800400604633,
        "2,14": 25.31357795654737,
        "2,15": 20.749119096665233,
        "2,16": 86.6468752619387,
        "2,17": 30.5349943848534,
        "2,18": 67.24965972994514,
        "2,19": 92.15989999982692,
        "2,20": 76.68750962793656,
        "2,21": 45.612844465515856,
        "2,22": 33.30050897628675,
        "2,23": 20.158832445831735,
        "2,24": 37.8355351662967,
        "2,25": 46.20494156740421,
        "2,26": 28.85617949337037,
        "2,27": 70.8714476833535,
        "2,28": 60.07941961523235,
        "2,29": 63.785892561375405,
        "2,30": 41.581911441251194,
        "2,31": 43.975792605089985,
        "2,32": 23.38905521971691,
        "2,33": 44.35474693617901,
        "2,34": 90.90696086927053,
        "2,35": 72.40277505467839,
        "2,36": 86.38723543045474,
        "2,37": 71.27947182539566,
        "2,38": 23.754118805243227,
        "2,39": 75.25745555339594,
        "2,40": 73.65292102118632,
        "3,0": 78.86142817029283,
        "3,1": 8.560592177899602,
        "3,2": 52.63610989435787,
        "3,3": 0.0,
        "3,4": 52.989441007224386,
        "3,5": 49.456749983752744,
        "3,6": 68.94548562719973,
        "3,7": 32.551736472265496,
        "3,8": 24.78838777121644,
        "3,9": 13.498417106358342,
        "3,10": 12.221650722100865,
        "3,11": 45.658599048671185,
        "3,12": 48.94762034719465,
        "3,13": 16.462815201674516,
        "3,14": 34.69970107028781,
        "3,15": 45.901360964993614,
        "3,16": 36.38975892847654,
        "3,17": 22.16387390134547,
        "3,18": 41.40953100617514,
        "3,19": 44.165204930764496,
        "3,20": 26.038779022994913,
        "3,21": 35.36345872623573,
        "3,22": 55.740576780577356,
        "3,23": 41.015929288742896,
        "3,24": 14.800718221149552,
        "3,25": 20.037872784205806,
        "3,26": 56.09984959546479,
        "3,27": 34.12294251335387,
        "3,28": 66.18578829519167,
        "3,29": 39.4722105025493,
        "3,30": 49.17309478072231,
        "3,31": 14.928152809222842,
        "3,32": 66.33829182496225,
        "3,33": 53.658269438335275,
        "3,34": 39.7599901534779,
        "3,35": 48.27466887071295,
        "3,36": 36.44187166961173,
        "3,37": 67.92996809243428,
        "3,38": 33.974427853482595,
        "3,39": 23.075958875983513,
        "3,40": 69.11567026256249,
        "4,0": 28.283386550573006,
        "4,1": 57.69069480932768,
        "4,2": 20.460204965537514,
        "4,3": 52.989441007224386,
        "4,4": 0.0,
        "4,5": 5.369117424283183,
        "4,6": 18.441090280225186,
        "4,7": 82.59373965498806,
        "4,8": 50.12368553331591,
        "4,9": 44.41242374807015,
        "4,10": 51.60675144816879,
        "4,11": 26.505683269724834,
        "4,12": 101.91752521774335,
        "4,13": 51.34558664397131,
        "4,14": 38.453986841922244,
        "4,15": 7.113391736486236,
        "4,16": 89.3073067116673,
        "4,17": 34.36736049115996,
        "4,18": 78.89834114319918,
        "4,19": 96.49311370359294,
        "4,20": 72.57678047458501,
        "4,21": 32.18646289189576,
        "4,22": 52.75008237511289,
        "4,23": 36.03480352331563,
        "4,24": 39.72770389163868,
        "4,25": 54.279904228988855,
        "4,26": 48.671380326048194,
        "4,27": 79.34083413672084,
        "4,28": 78.65179113051994,
        "4,29": 75.56748031227204,
        "4,30": 23.048405113122858,
        "4,31": 49.881082747485905,
        "4,32": 13.938182057889522,
        "4,33": 62.424201340015536,
        "4,34": 92.74134892290866,
        "4,35": 84.93078417256035,
        "4,36": 89.29703453625991,
        "4,37": 88.69354946727555,
        "4,38": 36.07122197474213,
        "4,39": 72.9329367453977,
        "4,40": 90.94293127640357,
        "5,0": 30.034467804491474,
        "5,1": 54.711507167104514,
        "5,2": 16.111471909301628,
        "5,3": 49.456749983752744,
        "5,4": 5.369117424283183,
        "5,5": 0.0,
        "5,6": 19.96321220448584,
        "5,7": 79.90920661822877,
        "5,8": 45.08065035850213,
        "5,9": 40.09114570418249,
        "5,10": 49.139752632833506,
        "5,11": 28.468471847903764,
        "5,12": 98.23260529438677,
        "5,13": 46.70055241726315,
        "5,14": 33.1165578498064,
        "5,15": 5.611764045463647,
        "5,16": 85.57615195173722,
        "5,17": 29.862481921483223,
        "5,18": 73.80145312560302,
        "5,19": 92.47782116279701,
        "5,20": 70.26204891091908,
        "5,21": 32.36633331821111,
        "5,22": 47.64127856487212,
        "5,23": 30.680800650799373,
        "5,24": 35.677310512978615,
        "5,25": 49.47211069077031,
        "5,26": 43.671805995955914,
        "5,27": 74.61423755954667,
        "5,28": 73.36608912997472,
        "5,29": 70.4500380156761,
        "5,30": 25.741055790633418,
        "5,31": 45.3266256134472,
        "5,32": 16.894058257969647,
        "5,33": 57.11282393866715,
        "5,34": 89.18656958346372,
        "5,35": 79.765298073857,
        "5,36": 85.51805265594415,
        "5,37": 83.33348730926222,
        "5,38": 30.752480185707608,
        "5,39": 70.1816511578824,
        "5,40": 85.5794148082292,
        "6,0": 10.07130264376045,
        "6,1": 74.55388880039608,
        "6,2": 21.64217659973559,
        "6,3": 68.94548562719973,
        "6,4": 18.441090280225186,
        "6,5": 19.96321220448584,
        "6,6": 0.0,
        "6,7": 99.82703893161826,
        "6,8": 60.899890395358135,
        "6,9": 58.54580282473501,
        "6,10": 69.10223842856759,
        "6,11": 43.93767760253117,
        "6,12": 117.36428973495609,
        "6,13": 64.19155252403475,
        "6,14": 46.594847769645696,
        "6,15": 24.84498626555635,
        "6,16": 104.67990215121945,
        "6,17": 48.162807785950214,
        "6,18": 88.62601837742437,
        "6,19": 111.09564615452217,
        "6,20": 90.22478640533876,
        "6,21": 50.568535120249756,
        "6,22": 53.28018984598655,
        "6,23": 41.785646813288174,
        "6,24": 54.68423721858108,
        "6,25": 66.32147131107264,
        "6,26": 48.45851297251797,
        "6,27": 91.4034948228303,
        "6,28": 80.42093058040102,
        "6,29": 85.17258844332729,
        "6,30": 39.79414131758386,
        "6,31": 63.11649944412663,
        "6,32": 6.338912896928662,
        "6,33": 65.26467095157395,
        "6,34": 108.50399877919308,
        "6,35": 93.93649703792748,
        "6,36": 104.55402788789284,
        "6,37": 92.26743092356783,
        "6,38": 44.77327159266262,
        "6,39": 90.0872369255625,
        "6,40": 94.68443484263217,
        "7,0": 109.87956617933601,
        "7,1": 25.441866022179532,
        "7,2": 84.95311563500407,
        "7,3": 32.551736472265496,
        "7,4": 82.59373965498806,
        "7,5": 79.90920661822877,
        "7,6": 99.82703893161826,
        "7,7": 0.0,
        "7,8": 54.17149860991856,
        "7,9": 45.7832511313189,
        "7,10": 31.04002828071915,
        "7,11": 67.68117255967647,
        "7,12": 28.163045535513888,
        "7,13": 45.81275743412107,
        "7,14": 66.64809282926379,
        "7,15": 75.54244860925188,
        "7,16": 21.484525618699852,
        "7,17": 54.655461821033605,
        "7,18": 56.23163689062073,
        "7,19": 30.988837851412722,
        "7,20": 11.485404676561698,
        "7,21": 56.54416835682804,
        "7,22": 86.0421076830847,
        "7,23": 73.19189692856916,
        "7,24": 47.23945376356484,
        "7,25": 47.623543229956674,
        "7,26": 87.1645427483697,
        "7,27": 43.37491114938368,
        "7,28": 90.38664785435056,
        "7,29": 56.27607528652077,
        "7,30": 72.31604635256701,
        "7,31": 45.15908109264364,
        "7,32": 96.44236426728735,
        "7,33": 81.19640600725613,
        "7,34": 19.721478810999617,
        "7,35": 61.49814382660683,
        "7,36": 22.47085100163706,
        "7,37": 87.86258779220906,
        "7,38": 66.20549405996393,
        "7,39": 9.760728649475451,
        "7,40": 88.25675106628543,
        "8,0": 69.67551533632613,
        "8,1": 33.26602771193684,
        "8,2": 40.232573566626954,
        "8,3": 24.78838777121644,
        "8,4": 50.12368553331591,
        "8,5": 45.08065035850213,
        "8,6": 60.899890395358135,
        "8,7": 54.17149860991856,
        "8,8": 0.0,
        "8,9": 13.80410798626123,
        "8,10": 35.633691051942705,
        "8,11": 55.519084161301706,
        "8,12": 61.327452313343926,
        "8,13": 8.554113825925805,
        "8,14": 15.434376544932661,
        "8,15": 44.26248629868251,
        "8,16": 49.22883924020983,
        "8,17": 17.79970689725552,
        "8,18": 28.809456032704066,
        "8,19": 53.15481080475778,
        "8,20": 50.05989668716392,
        "8,21": 48.453359944579205,
        "8,22": 31.87477063898516,
        "8,23": 22.013939026975105,
        "8,24": 18.298346335992164,
        "8,25": 6.972462749558919,
        "8,26": 33.15966995250467,
        "8,27": 30.64055412092724,
        "8,28": 42.26170494317268,
        "8,29": 25.534715345255222,
        "8,30": 57.136167394213025,
        "8,31": 9.8604823033086,
        "8,32": 60.58126121140154,
        "8,33": 28.895622929454092,
        "8,34": 54.10340615287795,
        "8,35": 35.05586053601014,
        "8,36": 48.741509771792416,
        "8,37": 46.34301120260418,
        "8,38": 16.526691568734556,
        "8,39": 45.80638997965068,
        "8,40": 47.981965378279085,
        "9,0": 68.16915260448091,
        "9,1": 21.859615431253648,
        "9,2": 40.47498243340153,
        "9,3": 13.498417106358342,
        "9,4": 44.41242374807015,
        "9,5": 40.09114570418249,
        "9,6": 58.54580282473501,
        "9,7": 45.7832511313189,
        "9,8": 13.80410798626123,
        "9,9": 0.0,
        "9,10": 22.453209621252192,
        "9,11": 44.05652497094658,
        "9,12": 58.99977677856664,
        "9,13": 8.419324738505683,
        "9,14": 21.212244978027805,
        "9,15": 37.66021646828685,
        "9,16": 46.33166442210487,
        "9,17": 10.383433948578679,
        "9,18": 38.48681845746192,
        "9,19": 52.56429237123451,
        "9,20": 39.501477315780726,
        "9,21": 35.80252567543828,
        "9,22": 42.71886506606686,
        "9,23": 27.528562684636917,
        "9,24": 5.5739508346981,
        "9,25": 12.600553148842495,
        "9,26": 42.78484899591835,
        "9,27": 35.65423010998245,
        "9,28": 56.01957673748568,
        "9,29": 35.702657518997,
        "9,30": 46.41692674205011,
        "9,31": 6.3765988006303065,
        "9,32": 56.80513514868128,
        "9,33": 42.07899717874552,
        "9,34": 50.46263411673724,
        "9,35": 45.292150162239714,
        "9,36": 46.13830764037803,
        "9,37": 59.92253119227045,
        "9,38": 20.49413331110025,
        "9,39": 36.47697194894107,
        "9,40": 61.4637052115666,
        "10,0": 79.1730147812839,
        "10,1": 8.290189149282952,
        "10,2": 55.910443032529344,
        "10,3": 12.221650722100865,
        "10,4": 51.60675144816879,
        "10,5": 49.139752632833506,
        "10,6": 69.10223842856759,
        "10,7": 31.04002828071915,
        "10,8": 35.633691051942705,
        "10,9": 22.453209621252192,
        "10,10": 0.0,
        "10,11": 38.354378816979064,
        "10,12": 53.499981997113245,
        "10,13": 27.86237690290049,
        "10,14": 42.65687123622139,
        "10,15": 44.59116376716608,
        "10,16": 41.778627717211975,
        "10,17": 27.529059729587882,
        "10,18": 53.495972924508024,
        "10,19": 50.81883764279726,
        "10,20": 21.148557602369994,
        "10,21": 27.275596448630072,
        "10,22": 64.94169654332966,
        "10,23": 48.24350531861733,
        "10,24": 20.68094681119111,
        "10,25": 31.787499348641283,
        "10,26": 64.60648703131301,
        "10,27": 45.36458212294103,
        "10,28": 77.69721834596317,
        "10,29": 51.648847582478226,
        "10,30": 42.58430619712464,
        "10,31": 26.031263603221156,
        "10,32": 65.49561977314379,
        "10,33": 64.39915354047773,
        "10,34": 43.88046438392995,
        "10,35": 60.3230947687437,
        "10,36": 42.12918569517178,
        "10,37": 80.00697761836018,
        "10,38": 41.341880097908984,
        "10,39": 21.509921126684485,
        "10,40": 81.24247080867731,
        "11,0": 52.912449319269456,
        "11,1": 46.382114794322945,
        "11,2": 43.807088824220706,
        "11,3": 45.658599048671185,
        "11,4": 26.505683269724834,
        "11,5": 28.468471847903764,
        "11,6": 43.93767760253117,
        "11,7": 67.68117255967647,
        "11,8": 55.519084161301706,
        "11,9": 44.05652497094658,
        "11,10": 38.354378816979064,
        "11,11": 0.0,
        "11,12": 91.84570627859927,
        "11,13": 52.46816938460685,
        "11,14": 50.473599066601345,
        "11,15": 23.17029154246512,
        "11,16": 80.07708757854907,
        "11,17": 37.85980361230219,
        "11,18": 82.54035974185076,
        "11,19": 88.88587289841968,
        "11,20": 56.423669537672076,
        "11,21": 11.184355095779846,
        "11,22": 70.80424181025684,
        "11,23": 51.5505560938504,
        "11,24": 38.498562117481896,
        "11,25": 56.551951639674414,
        "11,26": 67.82304126194887,
        "11,27": 78.5920634727887,
        "11,28": 93.3245355048261,
        "11,29": 79.70692980623258,
        "11,30": 4.989419479082434,
        "11,31": 50.43018868864249,
        "11,32": 38.16711267692895,
        "11,33": 77.16466900049994,
        "11,34": 82.21891582333154,
        "11,35": 89.3240721429456,
        "11,36": 80.38442745119035,
        "11,37": 100.63523161863426,
        "11,38": 47.94694120394554,
        "11,39": 58.94334286686593,
        "11,40": 102.54946912765625,
        "12,0": 127.10401596747697,
        "12,1": 45.66275804233328,
        "12,2": 99.25877658184159,
        "12,3": 48.94762034719465,
        "12,4": 101.91752521774335,
        "12,5": 98.23260529438677,
        "12,6": 117.36428973495609,
        "12,7": 28.163045535513888,
        "12,8": 61.327452313343926,
        "12,9": 58.99977677856664,
        "12,10": 53.499981997113245,
        "12,11": 91.84570627859927,
        "12,12": 0.0,
        "12,13": 54.902516214298295,
        "12,14": 76.43092808994433,
        "12,15": 94.84032769550087,
        "12,16": 12.685036900287292,
        "12,17": 69.32028407675247,
        "12,18": 48.91801160493803,
        "12,19": 10.250609341466797,
        "12,20": 38.80481189248247,
        "12,21": 80.72445175195344,
        "12,22": 90.62454267299661,
        "12,23": 83.17062238609154,
        "12,24": 62.69202604419109,
        "12,25": 54.442283932950495,
        "12,26": 93.17478470885,
        "12,27": 36.27725414413808,
        "12,28": 86.31548124397725,
        "12,29": 50.69092110283259,
        "12,30": 96.06748204650138,
        "12,31": 55.369429763155075,
        "12,32": 115.12521016081679,
        "12,33": 82.0501812854471,
        "12,34": 9.635970795923312,
        "12,35": 51.39942193279066,
        "12,36": 12.873511796889105,
        "12,37": 79.62617136400742,
        "12,38": 76.93182203039773,
        "12,39": 33.96883591316165,
        "12,40": 79.22098764474555,
        "13,0": 73.48176882614142,
        "13,1": 24.835124539050422,
        "13,2": 44.69800400604633,
        "13,3": 16.462815201674516,
        "13,4": 51.34558664397131,
        "13,5": 46.70055241726315,
        "13,6": 64.19155252403475,
        "13,7": 45.81275743412107,
        "13,8": 8.554113825925805,
        "13,9": 8.419324738505683,
        "13,10": 27.86237690290049,
        "13,11": 52.46816938460685,
        "13,12": 54.902516214298295,
        "13,13": 0.0,
        "13,14": 21.779670206736395,
        "13,15": 44.85999167851395,
        "13,16": 42.468968776833734,
        "13,17": 17.033902923728586,
        "13,18": 30.072206186290444,
        "13,19": 47.47104700857978,
        "13,20": 41.5062631323361,
        "13,21": 44.15153693664568,
        "13,22": 40.32422318983511,
        "13,23": 28.548191205280553,
        "13,24": 13.970160217466887,
        "13,25": 4.305949558754704,
        "13,26": 41.358541440449414,
        "13,27": 28.026047280198537,
        "13,28": 49.86267346656237,
        "13,29": 27.287108070888078,
        "13,30": 54.762580270219054,
        "13,31": 2.123279209165381,
        "13,32": 63.05729437896474,
        "13,33": 37.24378493918819,
        "13,34": 47.09130125248932,
        "13,35": 36.872825957280114,
        "13,36": 42.09863707791262,
        "13,37": 52.54651347754633,
        "13,38": 22.060649039976706,
        "13,39": 37.300317700293725,
        "13,40": 53.94859731801893,
        "14,0": 54.894679661564616,
        "14,1": 43.05532150095592,
        "14,2": 25.31357795654737,
        "14,3": 34.69970107028781,
        "14,4": 38.453986841922244,
        "14,5": 33.1165578498064,
        "14,6": 46.594847769645696,
        "14,7": 66.64809282926379,
        "14,8": 15.434376544932661,
        "14,9": 21.212244978027805,
        "14,10": 42.65687123622139,
        "14,11": 50.473599066601345,
        "14,12": 76.43092808994433,
        "14,13": 21.779670206736395,
        "14,14": 0.0,
        "14,15": 33.835682715980745,
        "14,16": 64.1315770618731,
        "14,17": 16.056118568343873,
        "14,18": 42.03142395951819,
        "14,19": 68.4980024413648,
        "14,20": 60.71333413119405,
        "14,21": 46.29368774907655,
        "14,22": 22.817107610819072,
        "14,23": 6.770669863072881,
        "14,24": 22.002856171856678,
        "14,25": 22.059562098307087,
        "14,26": 21.96694382839665,
        "14,27": 45.83092478743858,
        "14,28": 42.86058343908066,
        "14,29": 38.57782659128791,
        "14,30": 50.77628180673918,
        "14,31": 21.833675458896728,
        "14,32": 47.06480074417071,
        "14,33": 26.71235555412429,
        "14,34": 68.83595186124656,
        "14,35": 47.44079819445417,
        "14,36": 63.713042917017674,
        "14,37": 51.0692100806489,
        "14,38": 2.5674384291786323,
        "14,39": 57.5443044817131,
        "14,40": 53.18500195846028,
        "15,0": 34.864192884682126,
        "15,1": 50.58783463897011,
        "15,2": 20.749119096665233,
        "15,3": 45.901360964993614,
        "15,4": 7.113391736486236,
        "15,5": 5.611764045463647,
        "15,6": 24.84498626555635,
        "15,7": 75.54244860925188,
        "15,8": 44.26248629868251,
        "15,9": 37.66021646828685,
        "15,10": 44.59116376716608,
        "15,11": 23.17029154246512,
        "15,12": 94.84032769550087,
        "15,13": 44.85999167851395,
        "15,14": 33.835682715980745,
        "15,15": 0.0,
        "15,16": 82.24212064503362,
        "15,17": 27.82646616896701,
        "15,18": 73.0669512668581,
        "15,19": 89.5107755948535,
        "15,20": 65.61887748921127,
        "15,21": 26.76155603783929,
        "15,22": 50.53275686701924,
        "15,23": 32.492648148221335,
        "15,24": 32.82603814366844,
        "15,25": 47.987091404391535,
        "15,26": 46.880951768869856,
        "15,27": 72.88598072416288,
        "15,28": 75.44802645297419,
        "15,29": 69.79455116035923,
        "15,30": 20.850297127139452,
        "15,31": 43.30637488909948,
        "15,32": 20.905781510580272,
        "15,33": 59.095402213997716,
        "15,34": 85.64528746443949,
        "15,35": 79.27077541129965,
        "15,36": 82.24293329377655,
        "15,37": 84.74562794325192,
        "15,38": 31.334432328774707,
        "15,39": 65.86586121559355,
        "15,40": 86.91773003681547,
        "16,0": 114.41989939902196,
        "16,1": 33.70056874453125,
        "16,2": 86.6468752619387,
        "16,3": 36.38975892847654,
        "16,4": 89.3073067116673,
        "16,5": 85.57615195173722,
        "16,6": 104.67990215121945,
        "16,7": 21.484525618699852,
        "16,8": 49.22883924020983,
        "16,9": 46.33166442210487,
        "16,10": 41.778627717211975,
        "16,11": 80.07708757854907,
        "16,12": 12.685036900287292,
        "16,13": 42.468968776833734,
        "16,14": 64.1315770618731,
        "16,15": 82.24212064503362,
        "16,16": 0.0,
        "16,17": 56.64130146922648,
        "16,18": 40.58664374509443,
        "16,19": 9.896235544077825,
        "16,20": 30.01542062608146,
        "16,21": 69.0480362540598,
        "16,22": 79.33872983955118,
        "16,23": 70.89281944250456,
        "16,24": 50.011157083507854,
        "16,25": 42.28220188683004,
        "16,26": 81.61111161941275,
        "16,27": 27.268620586542056,
        "16,28": 77.47263950615935,
        "16,29": 41.7153383793105,
        "16,30": 84.15553036923191,
        "16,31": 42.83947793301818,
        "16,32": 102.46632013919174,
        "16,33": 71.59964540993276,
        "16,34": 5.321493724830696,
        "16,35": 44.413716848895106,
        "16,36": 1.0898691981936877,
        "16,37": 72.33427875951666,
        "16,38": 64.52872962869756,
        "16,39": 24.14097466258268,
        "16,40": 72.2730448744007,
        "17,0": 57.80448118511619,
        "17,1": 29.59554534258938,
        "17,2": 30.5349943848534,
        "17,3": 22.16387390134547,
        "17,4": 34.36736049115996,
        "17,5": 29.862481921483223,
        "17,6": 48.162807785950214,
        "17,7": 54.655461821033605,
        "17,8": 17.79970689725552,
        "17,9": 10.383433948578679,
        "17,10": 27.529059729587882,
        "17,11": 37.85980361230219,
        "17,12": 69.32028407675247,
        "17,13": 17.033902923728586,
        "17,14": 16.056118568343873,
        "17,15": 27.82646616896701,
        "17,16": 56.64130146922648,
        "17,17": 0.0,
        "17,18": 46.005631419912746,
        "17,19": 62.9452371439585,
        "17,20": 47.141035162521646,
        "17,21": 31.664082898898577,
        "17,22": 38.87315683239079,
        "17,23": 20.88369201650773,
        "17,24": 7.42677314128074,
        "17,25": 20.30877639979537,
        "17,26": 37.79307120533806,
        "17,27": 45.05962449477106,
        "17,28": 56.90588461883116,
        "17,29": 42.89525398230302,
        "17,30": 39.34155299388007,
        "17,31": 15.514035471457886,
        "17,32": 46.48188792803158,
        "17,33": 41.46227339149122,
        "17,34": 60.67183973984821,
        "17,35": 52.52170025694967,
        "17,36": 56.47163659309778,
        "17,37": 63.03804333549036,
        "17,38": 14.25649073568287,
        "17,39": 45.05482146945209,
        "17,40": 64.86920692867086,
        "18,0": 96.78713190380773,
        "18,1": 47.12899905281562,
        "18,2": 67.24965972994514,
        "18,3": 41.40953100617514,
        "18,4": 78.89834114319918,
        "18,5": 73.80145312560302,
        "18,6": 88.62601837742437,
        "18,7": 56.23163689062073,
        "18,8": 28.809456032704066,
        "18,9": 38.48681845746192,
        "18,10": 53.495972924508024,
        "18,11": 82.54035974185076,
        "18,12": 48.91801160493803,
        "18,13": 30.072206186290444,
        "18,14": 42.03142395951819,
        "18,15": 73.0669512668581,
        "18,16": 40.58664374509443,
        "18,17": 46.005631419912746,
        "18,18": 0.0,
        "18,19": 38.755176010541796,
        "18,20": 58.057851234306554,
        "18,21": 74.01107103901349,
        "18,22": 46.51614189641703,
        "18,23": 47.31866378104925,
        "18,24": 44.041987918816105,
        "18,25": 26.042674948254415,
        "18,26": 50.33305367448597,
        "18,27": 13.363597703917984,
        "18,28": 37.39979365868438,
        "18,29": 3.4672796689861602,
        "18,30": 84.76636878309445,
        "18,31": 32.11958276066634,
        "18,32": 88.8790946932803,
        "18,33": 35.34079126620611,
        "18,34": 45.82248761881364,
        "18,35": 6.918846198636405,
        "18,36": 39.619214347170995,
        "18,37": 31.922853965756683,
        "18,38": 43.915790180448575,
        "18,39": 51.792396344479926,
        "18,40": 32.111023612067164,
        "19,0": 120.64008726641782,
        "19,1": 42.59494302204107,
        "19,2": 92.15989999982692,
        "19,3": 44.165204930764496,
        "19,4": 96.49311370359294,
        "19,5": 92.47782116279701,
        "19,6": 111.09564615452217,
        "19,7": 30.988837851412722,
        "19,8": 53.15481080475778,
        "19,9": 52.56429237123451,
        "19,10": 50.81883764279726,
        "19,11": 88.88587289841968,
        "19,12": 10.250609341466797,
        "19,13": 47.47104700857978,
        "19,14": 68.4980024413648,
        "19,15": 89.5107755948535,
        "19,16": 9.896235544077825,
        "19,17": 62.9452371439585,
        "19,18": 38.755176010541796,
        "19,19": 0.0,
        "19,20": 39.906640040770874,
        "19,21": 77.97753331481789,
        "19,22": 81.40557315498295,
        "19,23": 75.15819024140067,
        "19,24": 56.81111871971798,
        "19,25": 46.44637460038868,
        "19,26": 84.18173459825722,
        "19,27": 26.3670601613098,
        "19,28": 76.15255320386078,
        "19,29": 40.639050926269036,
        "19,30": 92.80326489648371,
        "19,31": 48.22325504434865,
        "19,32": 109.29580933438963,
        "19,33": 72.35896463490772,
        "19,34": 11.768979586064463,
        "19,35": 41.14979867228354,
        "19,36": 9.162586783249738,
        "19,37": 69.37877963375583,
        "19,38": 69.2262182227818,
        "19,39": 34.017642857719146,
        "19,40": 68.98777551366932,
        "20,0": 100.29606431486133,
        "20,1": 17.69798826497849,
        "20,2": 76.68750962793656,
        "20,3": 26.038779022994913,
        "20,4": 72.57678047458501,
        "20,5": 70.26204891091908,
        "20,6": 90.22478640533876,
        "20,7": 11.485404676561698,
        "20,8": 50.05989668716392,
        "20,9": 39.501477315780726,
        "20,10": 21.148557602369994,
        "20,11": 56.423669537672076,
        "20,12": 38.80481189248247,
        "20,13": 41.5062631323361,
        "20,14": 60.71333413119405,
        "20,15": 65.61887748921127,
        "20,16": 30.01542062608146,
        "20,17": 47.141035162521646,
        "20,18": 58.057851234306554,
        "20,19": 39.906640040770874,
        "20,20": 0.0,
        "20,21": 45.3411207505939,
        "20,22": 81.59829955328573,
        "20,23": 66.93465994687175,
        "20,24": 39.77895651149565,
        "20,25": 44.20174825682339,
        "20,26": 82.11242955050591,
        "20,27": 46.32220689109009,
        "20,28": 89.34121636083357,
        "20,29": 57.4119853019641,
        "20,30": 61.125252725800706,
        "20,31": 40.38199222302039,
        "20,32": 86.5003435643844,
        "20,33": 78.42657697654637,
        "20,34": 29.67241480954863,
        "20,35": 64.07191366334406,
        "20,36": 30.818847736464683,
        "20,37": 88.5896797460391,
        "20,38": 59.88889823586958,
        "20,39": 6.594759614704748,
        "20,40": 89.298504364495,
        "21,0": 60.18709310522767,
        "21,1": 35.397102126232994,
        "21,2": 45.612844465515856,
        "21,3": 35.36345872623573,
        "21,4": 32.18646289189576,
        "21,5": 32.36633331821111,
        "21,6": 50.568535120249756,
        "21,7": 56.54416835682804,
        "21,8": 48.453359944579205,
        "21,9": 35.80252567543828,
        "21,10": 27.275596448630072,
        "21,11": 11.184355095779846,
        "21,12": 80.72445175195344,
        "21,13": 44.15153693664568,
        "21,14": 46.29368774907655,
        "21,15": 26.76155603783929,
        "21,16": 69.0480362540598,
        "21,17": 31.664082898898577,
        "21,18": 74.01107103901349,
        "21,19": 77.97753331481789,
        "21,20": 45.3411207505939,
        "21,21": 0.0,
        "21,22": 68.17660176608011,
        "21,23": 48.780067944030336,
        "21,24": 30.45155825131905,
        "21,25": 48.39415152548499,
        "21,26": 65.86978271851689,
        "21,27": 68.98400735336985,
        "21,28": 88.49326671876456,
        "21,29": 71.38177454362896,
        "21,30": 15.784286897126796,
        "21,31": 42.045146498076235,
        "21,32": 45.42718812571906,
        "21,33": 72.77379515780468,
        "21,34": 71.09262522275583,
        "21,35": 80.88923184445916,
        "21,36": 69.382413271774,
        "21,37": 94.54866874696819,
        "21,38": 43.92877906505132,
        "21,39": 47.76058864683263,
        "21,40": 96.3029997399935,
        "22,0": 58.5216140849843,
        "22,1": 64.29410643032111,
        "22,2": 33.30050897628675,
        "22,3": 55.740576780577356,
        "22,4": 52.75008237511289,
        "22,5": 47.64127856487212,
        "22,6": 53.28018984598655,
        "22,7": 86.0421076830847,
        "22,8": 31.87477063898516,
        "22,9": 42.71886506606686,
        "22,10": 64.94169654332966,
        "22,11": 70.80424181025684,
        "22,12": 90.62454267299661,
        "22,13": 40.32422318983511,
        "22,14": 22.817107610819072,
        "22,15": 50.53275686701924,
        "22,16": 79.33872983955118,
        "22,17": 38.87315683239079,
        "22,18": 46.51614189641703,
        "22,19": 81.40557315498295,
        "22,20": 81.59829955328573,
        "22,21": 68.17660176608011,
        "22,22": 0.0,
        "22,23": 19.422865598926712,
        "22,24": 44.51515904162292,
        "22,25": 38.5022067795984,
        "22,26": 4.965857173197595,
        "22,27": 55.63173571060399,
        "22,28": 27.145848210095537,
        "22,29": 43.38301381297386,
        "22,30": 70.17216426575173,
        "22,31": 41.252907743881025,
        "22,32": 56.316041338626114,
        "22,33": 13.184195934263274,
        "22,34": 84.4841459802048,
        "22,35": 49.23444322726916,
        "22,36": 78.69179463327441,
        "22,37": 39.50724749977208,
        "22,38": 24.77497939228427,
        "22,39": 77.62004957207392,
        "22,40": 41.98155723909917,
        "23,0": 49.52087463447894,
        "23,1": 49.239265597001825,
        "23,2": 20.158832445831735,
        "23,3": 41.015929288742896,
