{
    "num_robots": 2,
    "num_tasks": 50,
    "num_nodes": 51,
    "robot_capacity": [
        259,
        343
    ],
    "robot_speed": [
        1.08,
        0.83
    ],
    "task_demand": {
        "0": 0,
        "1": 5,
        "2": 10,
        "3": 5,
        "4": 6,
        "5": 8,
        "6": 7,
        "7": 7,
        "8": 10,
        "9": 13,
        "10": 9,
        "11": 5,
        "12": 10,
        "13": 8,
        "14": 8,
        "15": 7,
        "16": 14,
        "17": 11,
        "18": 8,
        "19": 6,
        "20": 12,
        "21": 12,
        "22": 9,
        "23": 6,
        "24": 13,
        "25": 6,
        "26": 5,
        "27": 13,
        "28": 11,
        "29": 14,
        "30": 12,
        "31": 7,
        "32": 8,
        "33": 8,
        "34": 14,
        "35": 9,
        "36": 6,
        "37": 5,
        "38": 11,
        "39": 11,
        "40": 13,
        "41": 7,
        "42": 12,
        "43": 10,
        "44": 9,
        "45": 14,
        "46": 11,
        "47": 8,
        "48": 10,
        "49": 15,
        "50": 9
    },
    "task_service_time": {
        "0": 0,
        "1": 30,
        "2": 57,
        "3": 24,
        "4": 91,
        "5": 75,
        "6": 51,
        "7": 50,
        "8": 97,
        "9": 91,
        "10": 65,
        "11": 70,
        "12": 47,
        "13": 92,
        "14": 75,
        "15": 21,
        "16": 66,
        "17": 93,
        "18": 30,
        "19": 77,
        "20": 73,
        "21": 70,
        "22": 40,
        "23": 77,
        "24": 75,
        "25": 12,
        "26": 92,
        "27": 22,
        "28": 68,
        "29": 77,
        "30": 22,
        "31": 91,
        "32": 65,
        "33": 46,
        "34": 30,
        "35": 53,
        "36": 49,
        "37": 52,
        "38": 76,
        "39": 25,
        "40": 55,
        "41": 12,
        "42": 86,
        "43": 82,
        "44": 43,
        "45": 89,
        "46": 13,
        "47": 62,
        "48": 40,
        "49": 81,
        "50": 24
    },
    "task_precedence": [],
    "coordinates": {
        "0": [
            50.0,
            50.0
        ],
        "1": [
            88.9729688954032,
            79.26826941626332
        ],
        "2": [
            83.91634302995695,
            90.15190565396342
        ],
        "3": [
            96.84394527298056,
            75.20655626442615
        ],
        "4": [
            77.90337484013928,
            0.5129472903636412
        ],
        "5": [
            56.27757923126627,
            56.98975970788446
        ],
        "6": [
            63.73499950327388,
            62.13033387676201
        ],
        "7": [
            12.321271471656303,
            11.91113051056586
        ],
        "8": [
            43.45152599757842,
            28.21552078278746
        ],
        "9": [
            13.530188899111462,
            53.16141593459249
        ],
        "10": [
            54.542128402560884,
            19.61349296203054
        ],
        "11": [
            61.090578082188905,
            98.01048497741951
        ],
        "12": [
            49.7446587177082,
            54.652901140810805
        ],
        "13": [
            62.4802163604412,
            93.11245789071549
        ],
        "14": [
            61.52067459869309,
            49.32176734185667
        ],
        "15": [
            11.426878554336872,
            80.43339070972641
        ],
        "16": [
            64.44258108679128,
            54.57700481071246
        ],
        "17": [
            80.23470464963643,
            28.284636864964497
        ],
        "18": [
            58.56131252871057,
            38.568601275538306
        ],
        "19": [
            34.23761722982358,
            17.010572128411262
        ],
        "20": [
            25.388311548819885,
            63.95122798438603
        ],
        "21": [
            78.30052670798413,
            29.304629893126155
        ],
        "22": [
            83.59329558315433,
            20.542434754450767
        ],
        "23": [
            17.432196176757742,
            44.04261319996458
        ],
        "24": [
            95.93125801607793,
            65.26173534513543
        ],
        "25": [
            88.04634058822799,
            6.23412480579163
        ],
        "26": [
            57.374555121924175,
            67.81308290060427
        ],
        "27": [
            4.875315389124069,
            72.88448279977949
        ],
        "28": [
            35.907812984463604,
            10.150542041884158
        ],
        "29": [
            94.45358948031048,
            94.62584433154217
        ],
        "30": [
            99.93853654802538,
            20.703952573451733
        ],
        "31": [
            23.388309545261354,
            90.34555104720683
        ],
        "32": [
            34.98152945829492,
            6.340598182136159
        ],
        "33": [
            77.21885955878203,
            57.49149541182504
        ],
        "34": [
            64.2203542765629,
            40.9966307533005
        ],
        "35": [
            98.609007471352,
            24.646752764614543
        ],
        "36": [
            47.65560931840993,
            18.281390557197152
        ],
        "37": [
            33.12570141872225,
            0.012172021849254921
        ],
        "38": [
            37.53834211860476,
            76.22381704989604
        ],
        "39": [
            85.75353780624914,
            70.86355733639334
        ],
        "40": [
            44.82556402206491,
            87.5174958873014
        ],
        "41": [
            82.72402667868947,
            35.79815486866366
        ],
        "42": [
            48.30355570923869,
            55.86219390344051
        ],
        "43": [
            1.0011511061741252,
            3.7335433240001104
        ],
        "44": [
            0.35568868711288726,
            65.12661189753479
        ],
        "45": [
            28.131136891564957,
            50.313332058536034
        ],
        "46": [
            96.17875416827886,
            59.20641164443503
        ],
        "47": [
            96.78557404043065,
            45.75258578493756
        ],
        "48": [
            0.2337845551202422,
            78.00734016788579
        ],
        "49": [
            37.80002343147869,
            15.366535587464657
        ],
        "50": [
            49.904629547341,
            18.401955558601358
        ]
    },
    "distance_matrix_str_keys": {
        "0,0": 0.0,
        "0,1": 48.73934651947069,
        "0,2": 52.55943161955321,
        "0,3": 53.19516601581087,
        "0,4": 56.81167761433951,
        "0,5": 9.39493170697854,
        "0,6": 18.32471585909735,
        "0,7": 53.576567289214864,
        "0,8": 22.74744043899349,
        "0,9": 36.60657963325702,
        "0,10": 30.724106828253245,
        "0,11": 49.27481699574493,
        "0,12": 4.659902165990281,
        "0,13": 44.88251135778991,
        "0,14": 11.540621419470634,
        "0,15": 49.13325725160849,
        "0,16": 15.150482549603037,
        "0,17": 37.22491586742951,
        "0,18": 14.281909851692841,
        "0,19": 36.56166109312199,
        "0,20": 28.290846058226474,
        "0,21": 35.06020758366686,
        "0,22": 44.67949930709795,
        "0,23": 33.108190880119515,
        "0,24": 48.400423848190414,
        "0,25": 57.99117056647907,
        "0,26": 19.279263099768578,
        "0,27": 50.59581716154435,
        "0,28": 42.26782504975262,
        "0,29": 62.98878947866044,
        "0,30": 57.89745959346603,
        "0,31": 48.331620686271215,
        "0,32": 46.170313238116066,
        "0,33": 28.23099040391774,
        "0,34": 16.830898179936064,
        "0,35": 54.82356019749661,
        "0,36": 31.805130917086135,
        "0,37": 52.75912147281551,
        "0,38": 29.034143655691974,
        "0,39": 41.39569410448216,
        "0,40": 37.87264560792428,
        "0,41": 35.672879435252234,
        "0,42": 6.102724030561416,
        "0,43": 67.39044595691703,
        "0,44": 51.89770739858835,
        "0,45": 21.871107668208705,
        "0,46": 47.0875286238418,
        "0,47": 46.97797851980151,
        "0,48": 57.10593054128316,
        "0,49": 36.71942654082198,
        "0,50": 31.59818836648462,
        "1,0": 48.73934651947069,
        "1,1": 0.0,
        "1,2": 12.000958415796585,
        "1,3": 8.857188203046602,
        "1,4": 79.52947048549083,
        "1,5": 39.56413148441506,
        "1,6": 30.506785041924008,
        "1,7": 102.04149587056763,
        "1,8": 68.40018206505589,
        "1,9": 79.83220435565026,
        "1,10": 68.87797275506907,
        "1,11": 33.59610634584999,
        "1,12": 46.31173366149883,
        "1,13": 29.891930205239166,
        "1,14": 40.62537936617484,
        "1,15": 77.55484275539021,
        "1,16": 34.80515010544022,
        "1,17": 51.72705336818156,
        "1,18": 50.806808891436425,
        "1,19": 82.89740402172127,
        "1,20": 65.40351984494609,
        "1,21": 51.09076527751172,
        "1,22": 58.971726629572814,
        "1,23": 79.7428932071677,
        "1,24": 15.639718161545199,
        "1,25": 73.04002272044382,
        "1,26": 33.61072821449315,
        "1,27": 84.33959957710839,
        "1,28": 87.13880312037418,
        "1,29": 16.306204625053358,
        "1,30": 59.58206845359986,
        "1,31": 66.51356034979173,
        "1,32": 90.73875006921722,
        "1,33": 24.746453732557796,
        "1,34": 45.57861621876225,
        "1,35": 55.46497381919077,
        "1,36": 73.6649414266038,
        "1,37": 96.9558985250758,
        "1,38": 51.52464965314786,
        "1,39": 9.000217868658739,
        "1,40": 44.91150291875043,
        "1,41": 43.91696867509486,
        "1,42": 46.9238269945977,
        "1,43": 115.95057382770709,
        "1,44": 89.73855820600002,
        "1,45": 67.38038972114354,
        "1,46": 21.316694834234013,
        "1,47": 34.41420997825211,
        "1,48": 88.74814240280263,
        "1,49": 81.866366315969,
        "1,50": 72.32595178796306,
        "2,0": 52.55943161955321,
        "2,1": 12.000958415796585,
        "2,2": 0.0,
        "2,3": 19.76072792508341,
        "2,4": 89.84040651601558,
        "2,5": 43.16977169349933,
        "2,6": 34.53252251728569,
        "2,7": 106.05410490159204,
        "2,8": 73.98322234381459,
        "2,9": 79.51419384619342,
        "2,10": 76.4101573750098,
        "2,11": 24.14068794450166,
        "2,12": 49.27355609412434,
        "2,13": 21.63960249491802,
        "2,14": 46.56893985339237,
        "2,15": 73.13803383113019,
        "2,16": 40.556145948872235,
        "2,17": 61.97671666500001,
        "2,18": 57.477951097063176,
        "2,19": 88.41736518931617,
        "2,20": 64.12492479061525,
        "2,21": 61.10587828087828,
        "2,22": 69.61022050362277,
        "2,23": 80.90864374963996,
        "2,24": 27.638356682809075,
        "2,25": 84.01934790459346,
        "2,26": 34.69134628925478,
        "2,27": 80.90517871276289,
        "2,28": 93.30078851178675,
        "2,29": 11.447693656200938,
        "2,30": 71.27221669208407,
        "2,31": 60.528343245646134,
        "2,32": 97.05128149298434,
        "2,33": 33.3400462211953,
        "2,34": 52.954442906460336,
        "2,35": 67.1327002543798,
        "2,36": 80.49976241936513,
        "2,37": 103.46429748734285,
        "2,38": 48.42427718300126,
        "2,39": 19.375646194796808,
        "2,40": 39.17944765132017,
        "2,41": 54.366826675022836,
        "2,42": 49.43738416102394,
        "2,43": 119.762525021605,
        "2,44": 87.22756606600811,
        "2,45": 68.54999029920553,
        "2,46": 33.286488646581496,
        "2,47": 46.226796467341465,
        "2,48": 84.5592163146046,
        "2,49": 87.86106367038906,
        "2,50": 79.4030981304288,
        "3,0": 53.19516601581087,
        "3,1": 8.857188203046602,
        "3,2": 19.76072792508341,
        "3,3": 0.0,
        "3,4": 77.05764355267797,
        "3,5": 44.468884971548135,
        "3,6": 35.59761062084121,
        "3,7": 105.59542276011544,
        "3,8": 71.12599982929562,
        "3,9": 86.18103163275822,
        "3,10": 69.85722867307784,
        "3,11": 42.406631913261634,
        "3,12": 51.38867125112479,
        "3,13": 38.74902808877721,
        "3,14": 43.79218821542209,
        "3,15": 85.57683731674013,
        "3,16": 38.41128472607354,
        "3,17": 49.774826912945876,
        "3,18": 52.98961894183072,
        "3,19": 85.47704300340929,
        "3,20": 72.33664358824565,
        "3,21": 49.50601192454206,
        "3,22": 56.24718568657321,
        "3,23": 85.30777949194581,
        "3,24": 9.986614098165342,
        "3,25": 69.53124585037448,
        "3,26": 40.155898785581314,
        "3,27": 91.99793969371814,
        "3,28": 89.13751850263291,
        "3,29": 19.565851625962665,
        "3,30": 54.59038655528098,
        "3,31": 74.99946388606014,
        "3,32": 92.57147872331299,
        "3,33": 26.437991041321574,
        "3,34": 47.27174307108116,
        "3,35": 50.59060361869269,
        "3,36": 75.23275141037436,
        "3,37": 98.560692070881,
        "3,38": 59.314326979322324,
        "3,39": 11.910448247947103,
        "3,40": 53.45531986962282,
        "3,41": 41.861607729266,
        "3,42": 52.252978615127184,
        "3,43": 119.55849100956041,
        "3,44": 97.01334412038305,
        "3,45": 73.08298466145081,
        "3,46": 16.01396600053857,
        "3,47": 29.45402831884588,
        "3,48": 96.65075035613889,
        "3,49": 84.06552671008825,
        "3,50": 73.68895454638682,
        "4,0": 56.81167761433951,
        "4,1": 79.52947048549083,
        "4,2": 89.84040651601558,
        "4,3": 77.05764355267797,
        "4,4": 0.0,
        "4,5": 60.47565937268138,
        "4,6": 63.225352426253515,
        "4,7": 66.56523764665522,
        "4,8": 44.208171945623405,
        "4,9": 83.1610985905098,
        "4,10": 30.175796262446866,
        "4,11": 98.93654526949597,
        "4,12": 61.02497764515944,
        "4,13": 93.87514676907065,
        "4,14": 51.484888870620175,
        "4,15": 103.95384473305386,
        "4,16": 55.71458771303758,
        "4,17": 27.869371010280155,
        "4,18": 42.68897017613017,
        "4,19": 46.67836771974583,
        "4,20": 82.35440079257972,
        "4,21": 28.794421624758332,
        "4,22": 20.821997169719726,
        "4,23": 74.50902806465861,
        "4,24": 67.2116814725465,
        "4,25": 11.645240501163538,
        "4,26": 70.36150007056243,
        "4,27": 102.81408764936666,
        "4,28": 43.08724229013059,
        "4,29": 95.55703529368839,
        "4,30": 29.88687079361741,
        "4,31": 105.07991740498657,
        "4,32": 43.31565913038067,
        "4,33": 56.98265970626594,
        "4,34": 42.73351937847527,
        "4,35": 31.79880169641183,
        "4,36": 35.080548672793014,
        "4,37": 44.7804735672216,
        "4,38": 85.79901902909747,
        "4,39": 70.78724032227149,
        "4,40": 93.08025056408701,
        "4,41": 35.612982997668674,
        "4,42": 62.766937102404725,
        "4,43": 76.96963202484932,
        "4,44": 100.93844303166303,
        "4,45": 70.40847955656704,
        "4,46": 61.472857811151414,
        "4,47": 49.02205970539404,
        "4,48": 109.71757462912895,
        "4,49": 42.7657325379362,
        "4,50": 33.2256881763504,
        "5,0": 9.39493170697854,
        "5,1": 39.56413148441506,
        "5,2": 43.16977169349933,
        "5,3": 44.468884971548135,
        "5,4": 60.47565937268138,
        "5,5": 0.0,
        "5,6": 9.057517314313076,
        "5,7": 62.96220931770813,
        "5,8": 31.50340405848171,
        "5,9": 42.91847616418954,
        "5,10": 37.41653518748201,
        "5,11": 41.30211688978731,
        "5,12": 6.938296505553322,
        "5,13": 36.65135783793178,
        "5,14": 9.28914183105162,
        "5,15": 50.60819287192579,
        "5,16": 8.514026162430689,
        "5,17": 37.38887449146661,
        "5,18": 18.562179714770934,
        "5,19": 45.651893329189996,
        "5,20": 31.664000039833322,
        "5,21": 35.376215575189676,
        "5,22": 45.54729252192708,
        "5,23": 40.94621334566898,
        "5,24": 40.50728109997382,
        "5,25": 59.87811513792103,
        "5,26": 10.878772037263731,
        "5,27": 53.80367041629429,
        "5,28": 51.07680186261015,
        "5,29": 53.608605879413176,
        "5,30": 56.770934404967385,
        "5,31": 46.84349342599434,
        "5,32": 54.94414708769456,
        "5,33": 20.947290050796717,
        "5,34": 17.85687120349303,
        "5,35": 53.27306932191849,
        "5,36": 39.65698182519795,
        "5,37": 61.50166619504547,
        "5,38": 26.85345358422898,
        "5,39": 32.57782059240496,
        "5,40": 32.60508133085794,
        "5,41": 33.88950719988421,
        "5,42": 8.053350592964431,
        "5,43": 76.75746276288443,
        "5,44": 56.510761856379965,
        "5,45": 28.927442032421656,
        "5,46": 39.96269894741713,
        "5,47": 42.037741628610895,
        "5,48": 59.855205371752284,
        "5,49": 45.54023336032613,
        "5,50": 39.110524373079855,
        "6,0": 18.32471585909735,
        "6,1": 30.506785041924008,
        "6,2": 34.53252251728569,
        "6,3": 35.59761062084121,
        "6,4": 63.225352426253515,
        "6,5": 9.057517314313076,
        "6,6": 0.0,
        "6,7": 71.87029857211186,
        "6,8": 39.517513138550065,
        "6,9": 50.99965192874545,
        "6,10": 43.49931770088938,
        "6,11": 35.97746805513565,
        "6,12": 15.863216433527514,
        "6,13": 31.007523105716295,
        "6,14": 12.998561899769669,
        "6,15": 55.4178798461232,
        "6,16": 7.5863991245756335,
        "6,17": 37.6533063107518,
        "6,18": 24.123065312732002,
        "6,19": 53.90629333588051,
        "6,20": 38.38989622840165,
        "6,21": 35.91213478439344,
        "6,22": 46.08584681443676,
        "6,23": 49.71031316714752,
        "6,24": 32.34817981555436,
        "6,25": 60.9543066062982,
        "6,26": 8.529295937896824,
        "6,27": 59.834054960999744,
        "6,28": 58.95974108448824,
        "6,29": 44.71677503906135,
        "6,30": 55.016735294253415,
        "6,31": 49.233666027865056,
        "6,32": 62.76349773955967,
        "6,33": 14.259498739447572,
        "6,34": 21.139275696356325,
        "6,35": 51.197805468091246,
        "6,36": 46.70413920585102,
        "6,37": 69.25023582242933,
        "6,38": 29.747119626631946,
        "6,39": 23.687237512961357,
        "6,40": 31.655564205481774,
        "6,41": 32.464854910860254,
        "6,42": 16.655900945119065,
        "6,43": 85.70718103854215,
        "6,44": 63.45009630811689,
        "6,45": 37.51368503420319,
        "6,46": 32.57524425056131,
        "6,47": 36.88592021077168,
        "6,48": 65.4559670974312,
        "6,49": 53.47406674535498,
        "6,50": 45.86338630600834,
        "7,0": 53.576567289214864,
        "7,1": 102.04149587056763,
        "7,2": 106.05410490159204,
        "7,3": 105.59542276011544,
        "7,4": 66.56523764665522,
        "7,5": 62.96220931770813,
        "7,6": 71.87029857211186,
        "7,7": 0.0,
        "7,8": 35.14151233224901,
        "7,9": 41.267996424712315,
        "7,10": 42.917678726996016,
        "7,11": 98.9522314396247,
        "7,12": 56.80993636307322,
        "7,13": 95.44409526342842,
        "7,14": 61.80725698637183,
        "7,15": 68.52809702225807,
        "7,16": 67.35731397400487,
        "7,17": 69.85933091833547,
        "7,18": 53.37379642243397,
        "7,19": 22.501789177870954,
        "7,20": 53.655561514747966,
        "7,21": 68.23339316135186,
        "7,22": 71.79276310256112,
        "7,23": 32.53542271371843,
        "7,24": 99.18123253001428,
        "7,25": 75.93756966404442,
        "7,26": 71.79712145127836,
        "7,27": 61.426313183908015,
        "7,28": 23.652158723707167,
        "7,29": 116.56518152501934,
        "7,30": 88.05736118742315,
        "7,31": 79.21134802944128,
        "7,32": 23.334912094179824,
        "7,33": 79.30489646962653,
        "7,34": 59.493538475709016,
        "7,35": 87.22252838659861,
        "7,36": 35.90397811009572,
        "7,37": 23.966842064372507,
        "7,38": 69.07982557823472,
        "7,39": 94.16839367690797,
        "7,40": 82.29733604244419,
        "7,41": 74.34472323861185,
        "7,42": 56.801591107280224,
        "7,43": 13.96488658324473,
        "7,44": 54.54413470411459,
        "7,45": 41.52927796538902,
        "7,46": 96.27523576572571,
        "7,47": 90.99155182497307,
        "7,48": 67.19238253717323,
        "7,49": 25.711993809808124,
        "7,50": 38.139737991356725,
        "8,0": 22.74744043899349,
        "8,1": 68.40018206505589,
        "8,2": 73.98322234381459,
        "8,3": 71.12599982929562,
        "8,4": 44.208171945623405,
        "8,5": 31.50340405848171,
        "8,6": 39.517513138550065,
        "8,7": 35.14151233224901,
        "8,8": 0.0,
        "8,9": 38.95618177754263,
        "8,10": 14.035538619321981,
        "8,11": 71.98939633983306,
        "8,12": 27.176066669552576,
        "8,13": 67.62916163103068,
        "8,14": 27.784308070948697,
        "8,15": 61.25588937866001,
        "8,16": 33.69795593078182,
        "8,17": 36.783243587019776,
        "8,18": 18.31643864690297,
        "8,19": 14.506791138212357,
        "8,20": 40.041484555648324,
        "8,21": 34.86601510307825,
        "8,22": 40.86854431784576,
        "8,23": 30.45492371861262,
        "8,24": 64.23818401957706,
        "8,25": 49.71799731960148,
        "8,26": 41.974011789102796,
        "8,27": 59.0206759753165,
        "8,28": 19.576799098257258,
        "8,29": 83.73494821964671,
        "8,30": 56.98426114191365,
        "8,31": 65.28915158791844,
        "8,32": 23.45747386569917,
        "8,33": 44.69133591999281,
        "8,34": 24.38649216595723,
        "8,35": 55.272813097373735,
        "8,36": 10.787087647158552,
        "8,37": 30.03417277975914,
        "8,38": 48.37108903112504,
        "8,39": 60.069253574009224,
        "8,40": 59.317891329590644,
        "8,41": 39.99782055847742,
        "8,42": 28.0692131518337,
        "8,43": 49.004097264548605,
        "8,44": 56.74222273379227,
        "8,45": 26.88917227320798,
        "8,46": 61.16041127202838,
        "8,47": 56.14329282761127,
        "8,48": 65.93177119617992,
        "8,49": 14.036947738175005,
        "8,50": 11.745152524906318,
        "9,0": 36.60657963325702,
        "9,1": 79.83220435565026,
        "9,2": 79.51419384619342,
        "9,3": 86.18103163275822,
        "9,4": 83.1610985905098,
        "9,5": 42.91847616418954,
        "9,6": 50.99965192874545,
        "9,7": 41.267996424712315,
        "9,8": 38.95618177754263,
        "9,9": 0.0,
        "9,10": 52.985302845294235,
        "9,11": 65.3714740024581,
        "9,12": 36.245170055642205,
        "9,13": 63.183787017278696,
        "9,14": 48.14384300196077,
        "9,15": 27.352961860500162,
        "9,16": 50.932068190270016,
        "9,17": 71.19232092291355,
        "9,18": 47.336585586813776,
        "9,19": 41.66150616540994,
        "9,20": 16.03231476878488,
        "9,21": 69.02421966312828,
        "9,22": 77.2841306572702,
        "9,23": 9.918579742476341,
        "9,24": 83.28477604854471,
        "9,25": 88.0614984839723,
        "9,26": 46.227695101130024,
        "9,27": 21.538481888065345,
        "9,28": 48.483949227757755,
        "9,29": 90.92796920591029,
        "9,30": 92.30324734945873,
        "9,31": 38.468720367945764,
        "9,32": 51.500961027875974,
        "9,33": 63.835698152954606,
        "9,34": 52.12940498893458,
        "9,35": 89.73010300532101,
        "9,36": 48.79713607499538,
        "9,37": 56.64650244633376,
        "9,38": 33.29062580087405,
        "9,39": 74.36113190082234,
        "9,40": 46.47301081061243,
        "9,41": 71.33911985376717,
        "9,42": 34.87809113109077,
        "9,43": 50.991091171162445,
        "9,44": 17.797004530750705,
        "9,45": 14.876130681174608,
        "9,46": 82.86933880624267,
        "9,47": 83.5843880112538,
        "9,48": 28.18003405756387,
        "9,49": 44.91634277946274,
        "9,50": 50.31222533442216,
        "10,0": 30.724106828253245,
        "10,1": 68.87797275506907,
        "10,2": 76.4101573750098,
        "10,3": 69.85722867307784,
        "10,4": 30.175796262446866,
        "10,5": 37.41653518748201,
        "10,6": 43.49931770088938,
        "10,7": 42.917678726996016,
        "10,8": 14.035538619321981,
        "10,9": 52.985302845294235,
        "10,10": 0.0,
        "10,11": 78.67001048854375,
        "10,12": 35.3663094045202,
        "10,13": 73.92638964547847,
        "10,14": 30.516907996036966,
        "10,15": 74.55189287680737,
        "10,16": 36.33821850539189,
        "10,17": 27.116364262142135,
        "10,18": 19.37653148054896,
        "10,19": 20.470670991198688,
        "10,20": 53.063921679933166,
        "10,21": 25.658909272538917,
        "10,22": 29.06601533420938,
        "10,23": 44.42892059687182,
        "10,24": 61.61835832632356,
        "10,25": 36.07685859997215,
        "10,26": 48.28274134064077,
        "10,27": 72.83262094147956,
        "10,28": 20.899405523082166,
        "10,29": 84.96927434869498,
        "10,30": 45.40950313176457,
        "10,31": 77.28896732625027,
        "10,32": 23.638671005294825,
        "10,33": 44.147221945646464,
        "10,34": 23.471400424104218,
        "10,35": 44.35339372701675,
        "10,36": 7.014174357209706,
        "10,37": 29.032311781084207,
        "10,38": 59.10886178335377,
        "10,39": 60.00600949355798,
        "10,40": 68.59566485307592,
        "10,41": 32.49865645650725,
        "10,42": 36.78162733199337,
        "10,43": 55.846298448138754,
        "10,44": 70.76449847397517,
        "10,45": 40.497167717572864,
        "10,46": 57.45613818336509,
        "10,47": 49.676562612203824,
        "10,48": 79.74482806397297,
        "10,49": 17.27236885329035,
        "10,50": 4.793142863724556,
        "11,0": 49.27481699574493,
        "11,1": 33.59610634584999,
        "11,2": 24.14068794450166,
        "11,3": 42.406631913261634,
        "11,4": 98.93654526949597,
        "11,5": 41.30211688978731,
        "11,6": 35.97746805513565,
        "11,7": 98.9522314396247,
        "11,8": 71.98939633983306,
        "11,9": 65.3714740024581,
        "11,10": 78.67001048854375,
        "11,11": 0.0,
        "11,12": 44.817518476304,
        "11,13": 5.091342051607833,
        "11,14": 48.69061724818321,
        "11,15": 52.682419208765836,
        "11,16": 43.56263448799439,
        "11,17": 72.30623401223158,
        "11,18": 59.495669777455085,
        "11,19": 85.33503025185844,
        "11,20": 49.3425254981666,
        "11,21": 70.8285031224466,
        "11,22": 80.67013759921737,
        "11,23": 69.41603197236425,
        "11,24": 47.815829813292204,
        "11,25": 95.65308891318851,
        "11,26": 30.425185600585248,
        "11,27": 61.57492789342963,
        "11,28": 91.39770911025472,
        "11,29": 33.53425594601609,
        "11,30": 86.51857505350557,
        "11,31": 38.473526807210206,
        "11,32": 95.3155316047963,
        "11,33": 43.61089289162709,
        "11,34": 57.09969415431192,
        "11,35": 82.40066594404303,
        "11,36": 80.85311919000063,
        "11,37": 101.91027263696624,
        "11,38": 32.08374539028332,
        "11,39": 36.677203583393975,
        "11,40": 19.355968134437738,
        "11,41": 65.8663807699971,
        "11,42": 44.04527649616003,
        "11,43": 111.79839427213639,
        "11,44": 69.06573606764852,
        "11,45": 57.97709168426399,
        "11,46": 52.31573576162427,
        "11,47": 63.285233384024906,
        "11,48": 64.05993381722652,
        "11,49": 85.86310212604212,
        "11,50": 80.39056785998653,
        "12,0": 4.659902165990281,
        "12,1": 46.31173366149883,
        "12,2": 49.27355609412434,
        "12,3": 51.38867125112479,
        "12,4": 61.02497764515944,
        "12,5": 6.938296505553322,
        "12,6": 15.863216433527514,
        "12,7": 56.80993636307322,
        "12,8": 27.176066669552576,
        "12,9": 36.245170055642205,
        "12,10": 35.3663094045202,
        "12,11": 44.817518476304,
        "12,12": 0.0,
        "12,13": 40.51335500634962,
        "12,14": 12.926543915972264,
        "12,15": 46.18317787962863,
        "12,16": 14.698118322442339,
        "12,17": 40.31039892945697,
        "12,18": 18.34224867836732,
        "12,19": 40.711340793256994,
        "12,20": 26.07087511959208,
        "12,21": 38.18340545216289,
        "12,22": 48.05469940332409,
        "12,23": 34.009902170514884,
        "12,24": 47.38933759742814,
        "12,25": 61.73651055810587,
        "12,26": 15.21202495034335,
        "12,27": 48.43189590059428,
        "12,28": 46.60384388884063,
        "12,29": 59.97269943286363,
        "12,30": 60.596670539510654,
        "12,31": 44.36916045002983,
        "12,32": 50.51760685841034,
        "12,33": 27.620451286883362,
        "12,34": 19.900740760319366,
        "12,35": 57.34190020824246,
        "12,36": 36.43145494660663,
        "12,37": 57.11216175524484,
        "12,38": 24.78504746968169,
        "12,39": 39.489552384200806,
        "12,40": 33.23069485394133,
        "12,41": 37.988684737601076,
        "12,42": 1.881267356536138,
        "12,43": 70.48908096118207,
        "12,44": 50.48731501772061,
        "12,45": 22.044867555714763,
        "12,46": 46.656828848726136,
        "12,47": 47.87549819932464,
        "12,48": 54.7426386157352,
        "12,49": 41.06206071925983,
        "12,50": 36.25129854599203,
        "13,0": 44.88251135778991,
        "13,1": 29.891930205239166,
        "13,2": 21.63960249491802,
        "13,3": 38.74902808877721,
        "13,4": 93.87514676907065,
        "13,5": 36.65135783793178,
        "13,6": 31.007523105716295,
        "13,7": 95.44409526342842,
        "13,8": 67.62916163103068,
        "13,9": 63.183787017278696,
        "13,10": 73.92638964547847,
        "13,11": 5.091342051607833,
        "13,12": 40.51335500634962,
        "13,13": 0.0,
        "13,14": 43.80120202846552,
        "13,15": 52.60420178773018,
        "13,16": 38.58538608593074,
        "13,17": 67.21508932790294,
        "13,18": 54.684459416724245,
        "13,19": 81.1735266095515,
        "13,20": 47.18248331959838,
        "13,21": 65.73979870111042,
        "13,22": 75.57890163440163,
        "13,23": 66.61211436701261,
        "13,24": 43.527404404099556,
        "13,25": 90.56197583779633,
        "13,26": 25.809419822474897,
        "13,27": 61.053219343412025,
        "13,28": 87.11355866043033,
        "13,29": 32.00916942348954,
        "13,30": 81.5237228882231,
        "13,31": 39.18970466751898,
        "13,32": 91.02490548540901,
        "13,33": 38.54971557937256,
        "13,34": 52.144870487748314,
        "13,35": 77.41345054672368,
        "13,36": 76.28536958175006,
        "13,37": 97.61839363730697,
        "13,38": 30.121807385111847,
        "13,39": 32.19722141732141,
        "13,40": 18.519998623341817,
        "13,41": 60.78438275663244,
        "13,42": 39.856741893198304,
        "13,43": 108.4816382327564,
        "13,44": 68.13710086720863,
        "13,45": 54.87826921795098,
        "13,46": 47.80388501409873,
        "13,47": 58.479184770545956,
        "13,48": 64.05296912645827,
        "13,49": 81.56923658950062,
        "13,50": 75.76149775717644,
        "14,0": 11.540621419470634,
        "14,1": 40.62537936617484,
        "14,2": 46.56893985339237,
        "14,3": 43.79218821542209,
        "14,4": 51.484888870620175,
        "14,5": 9.28914183105162,
        "14,6": 12.998561899769669,
        "14,7": 61.80725698637183,
        "14,8": 27.784308070948697,
        "14,9": 48.14384300196077,
        "14,10": 30.516907996036966,
        "14,11": 48.69061724818321,
        "14,12": 12.926543915972264,
        "14,13": 43.80120202846552,
        "14,14": 0.0,
        "14,15": 58.96881812210362,
        "14,16": 6.012907647657336,
        "14,17": 28.1562742465937,
        "14,18": 11.1529549587126,
        "14,19": 42.28922505218561,
        "14,20": 38.98164668480743,
        "14,21": 26.119901003852384,
        "14,22": 36.26914089553545,
        "14,23": 44.403416512868866,
        "14,24": 37.92322284656661,
        "14,25": 50.59798311695922,
        "14,26": 18.950436876463396,
        "14,27": 61.35061759862032,
        "14,28": 46.80174752689131,
        "14,29": 56.009251686549135,
        "14,30": 47.90523394031898,
        "14,31": 56.00917865914064,
        "14,32": 50.514424940997095,
        "14,33": 17.69682083817293,
        "14,34": 8.75192376459141,
        "14,35": 44.546613559958324,
        "14,36": 33.99625017792614,
        "14,37": 56.90088481310428,
        "14,38": 36.03987444039339,
        "14,39": 32.423454094294826,
        "14,40": 41.6850140492137,
        "14,41": 25.148960888143836,
        "14,42": 14.746844114773976,
        "14,43": 75.7687197520443,
        "14,44": 63.17395517927426,
        "14,45": 33.404257646041096,
        "14,46": 36.04009811918154,
        "14,47": 35.44505874761831,
        "14,48": 67.66790213661429,
        "14,49": 41.420128624753715,
        "14,50": 33.0297935710621,
        "15,0": 49.13325725160849,
        "15,1": 77.55484275539021,
        "15,2": 73.13803383113019,
        "15,3": 85.57683731674013,
        "15,4": 103.95384473305386,
        "15,5": 50.60819287192579,
        "15,6": 55.4178798461232,
        "15,7": 68.52809702225807,
        "15,8": 61.25588937866001,
        "15,9": 27.352961860500162,
        "15,10": 74.55189287680737,
        "15,11": 52.682419208765836,
        "15,12": 46.18317787962863,
        "15,13": 52.60420178773018,
        "15,14": 58.96881812210362,
        "15,15": 0.0,
        "15,16": 58.98489134319415,
        "15,17": 86.33660555941817,
        "15,18": 63.04217207912099,
        "15,19": 67.40017593240955,
        "15,20": 21.600539330397257,
        "15,21": 84.17977785679247,
        "15,22": 93.78122601040126,
        "15,23": 36.882957141627706,
        "15,24": 85.85551394474234,
        "15,25": 106.65867532950942,
        "15,26": 47.649356251229676,
        "15,27": 9.99544849122001,
        "15,28": 74.4244245354909,
        "15,29": 84.230994693121,
        "15,30": 106.77977046644531,
        "15,31": 15.534695166193911,
        "15,32": 77.7467908260133,
        "15,33": 69.67722242131313,
        "15,34": 65.89695831139726,
        "15,35": 103.50300756848586,
        "15,36": 71.94019777381551,
        "15,37": 83.29712677483741,
        "15,38": 26.4486113031597,
        "15,39": 74.94020273753759,
        "15,40": 34.141715497894545,
        "15,41": 84.11651210822504,
        "15,42": 44.312899143252764,
        "15,43": 77.40518317152333,
        "15,44": 18.89096934202905,
        "15,45": 34.441982808020825,
        "15,46": 87.36970333198697,
        "15,47": 92.1350374467767,
        "15,48": 11.4529941284742,
        "15,49": 70.20853513791691,
        "15,50": 72.99613872245479,
        "16,0": 15.150482549603037,
        "16,1": 34.80515010544022,
        "16,2": 40.556145948872235,
        "16,3": 38.41128472607354,
        "16,4": 55.71458771303758,
        "16,5": 8.514026162430689,
        "16,6": 7.5863991245756335,
        "16,7": 67.35731397400487,
        "16,8": 33.69795593078182,
        "16,9": 50.932068190270016,
        "16,10": 36.33821850539189,
        "16,11": 43.56263448799439,
        "16,12": 14.698118322442339,
        "16,13": 38.58538608593074,
        "16,14": 6.012907647657336,
        "16,15": 58.98489134319415,
        "16,16": 0.0,
        "16,17": 30.670503400152462,
        "16,18": 17.054568408413186,
        "16,19": 48.20349267506031,
        "16,20": 40.163565942958286,
        "16,21": 28.82248411943328,
        "16,22": 39.05255208863814,
        "16,23": 48.17623580146237,
        "16,24": 33.25207123398812,
        "16,25": 53.79750467978824,
        "16,26": 15.00502429993866,
        "16,27": 62.31711557041656,
        "16,28": 52.800980907590194,
        "16,29": 50.045680850209756,
        "16,30": 49.06471768974228,
        "16,31": 54.45036374238384,
        "16,32": 56.521716954585585,
        "16,33": 13.104485760907517,
        "16,34": 13.582192175580937,
        "16,35": 45.422072601704954,
        "16,36": 39.989674107104406,
        "16,37": 62.91317770881484,
        "16,38": 34.531471943370065,
        "16,39": 26.821794672809805,
        "16,40": 38.33931808058929,
        "16,41": 26.20794646811383,
        "16,42": 16.19011584706403,
        "16,43": 81.30112307918232,
        "16,44": 64.94939558713605,
        "16,45": 36.5609065106527,
        "16,46": 32.0720452963364,
        "16,47": 33.52520789408507,
        "16,48": 68.35020239176426,
        "16,49": 47.40555637395176,
        "16,50": 38.98700069710503,
        "17,0": 37.22491586742951,
        "17,1": 51.72705336818156,
        "17,2": 61.97671666500001,
        "17,3": 49.774826912945876,
        "17,4": 27.869371010280155,
        "17,5": 37.38887449146661,
        "17,6": 37.6533063107518,
        "17,7": 69.85933091833547,
        "17,8": 36.783243587019776,
        "17,9": 71.19232092291355,
        "17,10": 27.116364262142135,
        "17,11": 72.30623401223158,
        "17,12": 40.31039892945697,
        "17,13": 67.21508932790294,
        "17,14": 28.1562742465937,
        "17,15": 86.33660555941817,
        "17,16": 30.670503400152462,
        "17,17": 0.0,
        "17,18": 23.989494576279835,
        "17,19": 47.3585957012019,
        "17,20": 65.42348628932346,
        "17,21": 2.1866481398415916,
        "17,22": 8.439302493615921,
        "17,23": 64.74927712847783,
        "17,24": 40.17073063310905,
        "17,25": 23.393305412207642,
        "17,26": 45.66272530655445,
        "17,27": 87.56816663106896,
        "17,28": 47.892783587388585,
        "17,29": 67.84786285470953,
        "17,30": 21.111792103172068,
        "17,31": 84.16097495572616,
        "17,32": 50.29304821356241,
        "17,33": 29.362150939404142,
        "17,34": 20.446373920298242,
        "17,35": 18.73096913968105,
        "17,36": 34.080234583919825,
        "17,37": 54.94170049894224,
        "17,38": 64.19613983865867,
        "17,39": 42.935090403104894,
        "17,40": 69.00970096981419,
        "17,41": 7.915154891487607,
        "17,42": 42.19146744146572,
        "17,43": 82.9500584760607,
        "17,44": 87.96583606970165,
        "17,45": 56.568941876715584,
        "17,46": 34.79035599940337,
