{
    "num_robots": 6,
    "num_tasks": 60,
    "num_nodes": 61,
    "robot_capacity": [
        117,
        141,
        139,
        113,
        150,
        108
    ],
    "robot_speed": [
        0.85,
        1.06,
        1.13,
        1.15,
        1.12,
        1.01
    ],
    "task_demand": {
        "0": 0,
        "1": 12,
        "2": 7,
        "3": 15,
        "4": 7,
        "5": 13,
        "6": 10,
        "7": 15,
        "8": 7,
        "9": 15,
        "10": 14,
        "11": 13,
        "12": 11,
        "13": 7,
        "14": 15,
        "15": 12,
        "16": 6,
        "17": 14,
        "18": 12,
        "19": 9,
        "20": 5,
        "21": 8,
        "22": 14,
        "23": 10,
        "24": 9,
        "25": 15,
        "26": 15,
        "27": 9,
        "28": 11,
        "29": 7,
        "30": 12,
        "31": 11,
        "32": 13,
        "33": 15,
        "34": 13,
        "35": 12,
        "36": 10,
        "37": 14,
        "38": 11,
        "39": 6,
        "40": 10,
        "41": 11,
        "42": 15,
        "43": 11,
        "44": 6,
        "45": 8,
        "46": 6,
        "47": 11,
        "48": 8,
        "49": 10,
        "50": 12,
        "51": 6,
        "52": 14,
        "53": 15,
        "54": 14,
        "55": 11,
        "56": 5,
        "57": 7,
        "58": 7,
        "59": 12,
        "60": 11
    },
    "task_service_time": {
        "0": 0,
        "1": 37,
        "2": 99,
        "3": 56,
        "4": 57,
        "5": 99,
        "6": 90,
        "7": 91,
        "8": 13,
        "9": 64,
        "10": 44,
        "11": 85,
        "12": 93,
        "13": 43,
        "14": 53,
        "15": 14,
        "16": 23,
        "17": 55,
        "18": 87,
        "19": 64,
        "20": 24,
        "21": 18,
        "22": 65,
        "23": 21,
        "24": 32,
        "25": 64,
        "26": 78,
        "27": 98,
        "28": 41,
        "29": 76,
        "30": 88,
        "31": 50,
        "32": 95,
        "33": 76,
        "34": 78,
        "35": 48,
        "36": 45,
        "37": 80,
        "38": 24,
        "39": 71,
        "40": 18,
        "41": 92,
        "42": 95,
        "43": 82,
        "44": 100,
        "45": 72,
        "46": 60,
        "47": 26,
        "48": 13,
        "49": 44,
        "50": 52,
        "51": 56,
        "52": 100,
        "53": 12,
        "54": 60,
        "55": 55,
        "56": 87,
        "57": 62,
        "58": 35,
        "59": 58,
        "60": 42
    },
    "task_precedence": [],
    "coordinates": {
        "0": [
            0,
            0
        ],
        "1": [
            62.87090176865547,
            99.32043738793523
        ],
        "2": [
            25.882242679220933,
            82.58773707629501
        ],
        "3": [
            65.73248058493986,
            56.095486026143135
        ],
        "4": [
            20.271610368186398,
            11.372342356771338
        ],
        "5": [
            81.93416761619426,
            22.758724760242977
        ],
        "6": [
            74.71755955719114,
            43.576111317933034
        ],
        "7": [
            79.69138724269666,
            89.52602258712537
        ],
        "8": [
            90.21562889421023,
            38.276384788080605
        ],
        "9": [
            49.98948185406381,
            99.0498960441125
        ],
        "10": [
            64.8716471665987,
            18.689171185410324
        ],
        "11": [
            75.44893907055597,
            2.989236901936365
        ],
        "12": [
            74.51091847752176,
            10.046860180560257
        ],
        "13": [
            48.657543688517194,
            7.613727406691462
        ],
        "14": [
            33.280001292864526,
            87.77366666776003
        ],
        "15": [
            49.27891033208691,
            13.345896390458412
        ],
        "16": [
            38.636893783206105,
            2.942421158519104
        ],
        "17": [
            91.87223511116272,
            83.97208630198018
        ],
        "18": [
            39.60179856746565,
            8.496792590990033
        ],
        "19": [
            33.57653271818333,
            71.5402570148936
        ],
        "20": [
            12.847237277481206,
            16.537659429321305
        ],
        "21": [
            61.69750065571806,
            80.88540296835845
        ],
        "22": [
            0.8329706665545333,
            37.2087938878209
        ],
        "23": [
            52.96713830589642,
            56.865186555509986
        ],
        "24": [
            82.94338265250656,
            11.746883604685031
        ],
        "25": [
            33.3221679529476,
            83.33886042719934
        ],
        "26": [
            54.7784903695865,
            23.272161500716138
        ],
        "27": [
            23.516824869702535,
            55.756517658943125
        ],
        "28": [
            87.44796048669109,
            97.78047495419054
        ],
        "29": [
            30.1761980867037,
            67.72138992342501
        ],
        "30": [
            58.380315899931325,
            99.27632578218906
        ],
        "31": [
            57.215911023494414,
            52.30520371575922
        ],
        "32": [
            61.03659680944919,
            78.11627728928342
        ],
        "33": [
            93.15370844534934,
            63.85697997864222
        ],
        "34": [
            28.039856638660655,
            7.736551359663945
        ],
        "35": [
            24.984268907134698,
            55.273308477274504
        ],
        "36": [
            13.736576303965542,
            59.45965833208358
        ],
        "37": [
            81.92573235057932,
            55.472544487304475
        ],
        "38": [
            18.219366122347246,
            48.4646781504329
        ],
        "39": [
            12.686069922923904,
            89.92135196338566
        ],
        "40": [
            45.44092244432467,
            14.721249451594964
        ],
        "41": [
            5.380808436475782,
            48.06458915761438
        ],
        "42": [
            76.98703477674336,
            73.98676581450388
        ],
        "43": [
            77.33642697654513,
            39.6975235869955
        ],
        "44": [
            60.7059035219558,
            23.02653269896919
        ],
        "45": [
            29.201250186448203,
            39.02570423528371
        ],
        "46": [
            10.386343490686812,
            29.81968591072458
        ],
        "47": [
            93.55132879895697,
            76.41111453684239
        ],
        "48": [
            51.70367353491766,
            22.727710294027624
        ],
        "49": [
            86.2176476197483,
            37.235380876287024
        ],
        "50": [
            3.6632396103149167,
            55.06666109364442
        ],
        "51": [
            55.84388816485104,
            1.4949852694362664
        ],
        "52": [
            48.382213751456604,
            23.610757135391925
        ],
        "53": [
            37.10288911637942,
            51.4209938139649
        ],
        "54": [
            35.37680348133739,
            89.95172771395208
        ],
        "55": [
            68.78943369345853,
            98.33119387239542
        ],
        "56": [
            22.230786734855577,
            70.07014248945552
        ],
        "57": [
            95.24397839939763,
            98.56189785288689
        ],
        "58": [
            95.47565412941556,
            51.95339510333618
        ],
        "59": [
            70.41210369444603,
            70.89418134103956
        ],
        "60": [
            99.3198866097353,
            94.70431545536205
        ]
    },
    "distance_matrix_str_keys": {
        "0,0": 0.0,
        "0,1": 117.54701005187111,
        "0,2": 86.54839571874986,
        "0,3": 86.41448117276823,
        "0,4": 23.243673496226403,
        "0,5": 85.0362709417053,
        "0,6": 86.49619172989813,
        "0,7": 119.85668909550238,
        "0,8": 97.99970065884419,
        "0,9": 110.94967418783739,
        "0,10": 67.51011572872058,
        "0,11": 75.5081316424156,
        "0,12": 75.18521378470385,
        "0,13": 49.249623377477356,
        "0,14": 93.8710554236827,
        "0,15": 51.054127688001024,
        "0,16": 38.74877292881481,
        "0,17": 124.46613540328136,
        "0,18": 40.50306079930784,
        "0,19": 79.02779209323938,
        "0,20": 20.941482398916335,
        "0,21": 101.73018234779715,
        "0,22": 37.21811632414621,
        "0,23": 77.71207874139589,
        "0,24": 83.77108093048665,
        "0,25": 89.75373270448789,
        "0,26": 59.517027043412504,
        "0,27": 60.513059031950256,
        "0,28": 131.17990347438501,
        "0,29": 74.14033709208874,
        "0,30": 115.16965809355827,
        "0,31": 77.52093143142375,
        "0,32": 99.13434787002676,
        "0,33": 112.93948507547687,
        "0,34": 29.087588199391163,
        "0,35": 60.65766499666768,
        "0,36": 61.02576912684332,
        "0,37": 98.93952098668527,
        "0,38": 51.776155999892296,
        "0,39": 90.8118159107745,
        "0,40": 47.76601949092278,
        "0,41": 48.36484084870238,
        "0,42": 106.77567625356316,
        "0,43": 86.92995062944969,
        "0,44": 64.92632694488194,
        "0,45": 48.74134388290276,
        "0,46": 31.57672875585434,
        "0,47": 120.79118156890843,
        "0,48": 56.47847972648161,
        "0,49": 93.91462266380701,
        "0,50": 55.18837276496628,
        "0,51": 55.863895552711156,
        "0,52": 53.83592165086521,
        "0,53": 63.40932885308094,
        "0,54": 96.65832371442275,
        "0,55": 120.00420774388431,
        "0,56": 73.51212653258801,
        "0,57": 137.06153045150134,
        "0,58": 108.69570274027922,
        "0,59": 99.91921384145104,
        "0,60": 137.2346430098443,
        "1,0": 117.54701005187111,
        "1,1": 0.0,
        "1,2": 40.59734179664443,
        "1,3": 43.31956894465941,
        "1,4": 97.72188622531144,
        "1,5": 78.89932791386293,
        "1,6": 56.9892374905771,
        "1,7": 19.464308178631832,
        "1,8": 66.88879173213454,
        "1,9": 12.884260616533492,
        "1,10": 80.65608514904393,
        "1,11": 97.14889196198641,
        "1,12": 90.0292262345058,
        "1,13": 92.80161746164873,
        "1,14": 31.763962363541175,
        "1,15": 87.04231115347625,
        "1,16": 99.3781120536933,
        "1,17": 32.81233330168643,
        "1,18": 93.75705636371745,
        "1,19": 40.37200118428596,
        "1,20": 96.7230858465069,
        "1,21": 18.472340518267398,
        "1,22": 87.78702155623186,
        "1,23": 43.59510126115577,
        "1,24": 89.84448681505383,
        "1,25": 33.59372668019257,
        "1,26": 76.47762671311375,
        "1,27": 58.70739706989886,
        "1,28": 24.625257349459627,
        "1,29": 45.46914832625525,
        "1,30": 4.490802520501932,
        "1,31": 47.35410349248701,
        "1,32": 21.283352183634662,
        "1,33": 46.633734480939374,
        "1,34": 97.98372255067225,
        "1,35": 58.099453653679305,
        "1,36": 63.26976881425677,
        "1,37": 47.8092488994651,
        "1,38": 67.67619879393595,
        "1,39": 51.05742016790834,
        "1,40": 86.37607758363897,
        "1,41": 77.02124907551433,
        "1,42": 29.001036645135837,
        "1,43": 61.35261420391457,
        "1,44": 76.32461667180024,
        "1,45": 69.05867276176603,
        "1,46": 87.09180968110886,
        "1,47": 38.29002058313967,
        "1,48": 77.40253762058579,
        "1,49": 66.32966744896338,
        "1,50": 73.91849548361579,
        "1,51": 98.07751017627224,
        "1,52": 77.08357648943169,
        "1,53": 54.39069011093559,
        "1,54": 29.046482774823055,
        "1,55": 6.000635206205307,
        "1,56": 50.07193526925553,
        "1,57": 32.38196215126773,
        "1,58": 57.5039700481409,
        "1,59": 29.409552178318187,
        "1,60": 36.74012898237635,
        "2,0": 86.54839571874986,
        "2,1": 40.59734179664443,
        "2,2": 0.0,
        "2,3": 47.85269926395658,
        "2,4": 71.43606680093177,
        "2,5": 81.98371182042442,
        "2,6": 62.50436079892549,
        "2,7": 54.25462048971338,
        "2,8": 78.11709495044742,
        "2,9": 29.191808072039198,
        "2,10": 74.85452815422782,
        "2,11": 93.76981721832543,
        "2,12": 87.33227885895565,
        "2,13": 78.3569809398107,
        "2,14": 9.034417426340806,
        "2,15": 73.08786875276527,
        "2,16": 80.66013558398421,
        "2,17": 66.00451139086168,
        "2,18": 75.3504762327035,
        "2,19": 13.462871718572444,
        "2,20": 67.3240233720077,
        "2,21": 35.85569195174018,
        "2,22": 51.833526922903026,
        "2,23": 37.35292728023124,
        "2,24": 90.96373022055006,
        "2,25": 7.477745272935591,
        "2,26": 65.97977444979004,
        "2,27": 26.935284235286396,
        "2,28": 63.41259254576719,
        "2,29": 15.474053467372297,
        "2,30": 36.53263959876357,
        "2,31": 43.575573417235596,
        "2,32": 35.43758692321415,
        "2,33": 69.83044728322064,
        "2,34": 74.88227628206532,
        "2,35": 27.329185252882024,
        "2,36": 26.12327004985123,
        "2,37": 62.25838420391025,
        "2,38": 34.97288703529839,
        "2,39": 15.09704880849875,
        "2,40": 70.6286209455306,
        "2,41": 40.1516693080712,
        "2,42": 51.82351282938225,
        "2,43": 66.98584548142013,
        "2,44": 68.99437963607907,
        "2,45": 43.68828808816361,
        "2,46": 54.99627365079812,
        "2,47": 67.95039280442113,
        "2,48": 65.19178704261218,
        "2,49": 75.47978075107146,
        "2,50": 35.37080322269883,
        "2,51": 86.45076399786974,
        "2,52": 63.123156299420955,
        "2,53": 33.12504780445935,
        "2,54": 12.015616627397332,
        "2,55": 45.70430474936635,
        "2,56": 13.039298476302875,
        "2,57": 71.17741351462585,
        "2,58": 76.03752905896053,
        "2,59": 46.03963257638781,
        "2,60": 74.43049790026322,
        "3,0": 86.41448117276823,
        "3,1": 43.31956894465941,
        "3,2": 47.85269926395658,
        "3,3": 0.0,
        "3,4": 63.77186135385867,
        "3,5": 37.065271000740545,
        "3,6": 15.409944426316493,
        "3,7": 36.227777323969754,
        "3,8": 30.281098395963937,
        "3,9": 45.748479199118655,
        "3,10": 37.41621873116203,
        "3,11": 53.98780660061134,
        "3,12": 46.877893661089345,
        "3,13": 51.40072362186736,
        "3,14": 45.35052966576564,
        "3,15": 45.8066303943546,
        "3,16": 59.660867651687205,
        "3,17": 38.215070451720834,
        "3,18": 54.29961472636834,
        "3,19": 35.67276179530416,
        "3,20": 66.0429451550529,
        "3,21": 25.116151079159334,
        "3,22": 67.59181553690031,
        "3,23": 12.788526201483958,
        "3,24": 47.57114342451662,
        "3,25": 42.33945929814883,
        "3,26": 34.602897776624935,
        "3,27": 42.217016557561394,
        "3,28": 47.00213153990781,
        "3,29": 37.408700412112815,
        "3,30": 43.80227445684531,
        "3,31": 9.321920246781152,
        "3,32": 22.515918197748718,
        "3,33": 28.498500412252863,
        "3,34": 61.31329759548432,
        "3,35": 40.756505380872404,
        "3,36": 52.104622801631535,
        "3,37": 16.20522936913255,
        "3,38": 48.12198327969691,
        "3,39": 62.9135191395899,
        "3,40": 46.08226105456031,
        "3,41": 60.88365655599736,
        "3,42": 21.136766132065883,
        "3,43": 20.0884231341075,
        "3,44": 33.448798948914835,
        "3,45": 40.3225525582798,
        "3,46": 61.26673292220896,
        "3,47": 34.44725065573825,
        "3,48": 36.19690435044839,
        "3,49": 27.84502890477278,
        "3,50": 62.07776700162298,
        "3,51": 55.48872807096758,
        "3,52": 36.827834178765876,
        "3,53": 29.008694991301898,
        "3,54": 45.47210390603791,
        "3,55": 42.34619203165331,
        "3,56": 45.69122882013636,
        "3,57": 51.71387276825578,
        "3,58": 30.03020628816257,
        "3,59": 15.52096180879785,
        "3,60": 51.17377798608371,
        "4,0": 23.243673496226403,
        "4,1": 97.72188622531144,
        "4,2": 71.43606680093177,
        "4,3": 63.77186135385867,
        "4,4": 0.0,
        "4,5": 62.705029069460885,
        "4,6": 63.256968931458985,
        "4,7": 98.1769199830847,
        "4,8": 74.93993078936258,
        "4,9": 92.57702364111583,
        "4,10": 45.19623066725072,
        "4,11": 55.81051925753979,
        "4,12": 54.25550153835891,
        "4,13": 28.63369338400532,
        "4,14": 77.5008425174986,
        "4,15": 29.07435926584772,
        "4,16": 20.20760268618572,
        "4,17": 101.96750602272472,
        "4,18": 19.542900559411333,
        "4,19": 61.62141602597696,
        "4,20": 9.044435651269985,
        "4,21": 80.92076360060372,
        "4,22": 32.332382237721546,
        "4,23": 56.023177528736134,
        "4,24": 62.67289144761129,
        "4,25": 73.14025414540482,
        "4,26": 36.50110221746217,
        "4,27": 44.50265648716677,
        "4,28": 109.44874322812986,
        "4,29": 57.21290081391435,
        "4,30": 95.80910050387364,
        "4,31": 55.139645355623344,
        "4,32": 78.2082922063367,
        "4,33": 89.81334759615801,
        "4,34": 8.576982353566105,
        "4,35": 44.15318761786389,
        "4,36": 48.52933780642434,
        "4,37": 75.80276106695366,
        "4,38": 37.14906568238731,
        "4,39": 78.91443045493456,
        "4,40": 25.391129339117626,
        "4,41": 39.59869893649806,
        "4,42": 84.4819826400102,
        "4,43": 63.707999389956186,
        "4,44": 42.08030674053055,
        "4,45": 29.059368376959746,
        "4,46": 20.928998672582754,
        "4,47": 97.97938058583654,
        "4,48": 33.420337758733865,
        "4,49": 70.8362660693401,
        "4,50": 46.74432018021418,
        "4,51": 36.918140942818454,
        "4,52": 30.659171855499963,
        "4,53": 43.44175903251554,
        "4,54": 80.0180396041911,
        "4,55": 99.57821567561189,
        "4,56": 58.730487078282046,
        "4,57": 114.99075856701528,
        "4,58": 85.45449104675744,
        "4,59": 77.82620630012643,
        "4,60": 114.86012239791698,
        "5,0": 85.0362709417053,
        "5,1": 78.89932791386293,
        "5,2": 81.98371182042442,
        "5,3": 37.065271000740545,
        "5,4": 62.705029069460885,
        "5,5": 0.0,
        "5,6": 22.03277138649524,
        "5,7": 66.80495582595171,
        "5,8": 17.58921185382755,
        "5,9": 82.70916372631255,
        "5,10": 17.541119416710544,
        "5,11": 20.806028921177973,
        "5,12": 14.720602191044842,
        "5,13": 36.560971607208856,
        "5,14": 81.20449847056534,
        "5,15": 33.98480787367007,
        "5,16": 47.616591749141975,
        "5,17": 62.0148435197089,
        "5,18": 44.670260559774306,
        "5,19": 68.68841781582135,
        "5,20": 69.3664587353123,
        "5,21": 61.548626379303016,
        "5,22": 82.37844769389645,
        "5,23": 44.74750857037364,
        "5,24": 11.057990804154189,
        "5,25": 77.67289970566524,
        "5,26": 27.16053062825537,
        "5,27": 67.09277360302372,
        "5,28": 75.22409796057252,
        "5,29": 68.56040160611732,
        "5,30": 80.06077189751188,
        "5,31": 38.52254700368751,
        "5,32": 59.1706606996102,
        "5,33": 42.602167531872816,
        "5,34": 55.94874841692317,
        "5,35": 65.57811462114472,
        "5,36": 77.44591652136626,
        "5,37": 32.71382081457902,
        "5,38": 68.70496320571715,
        "5,39": 96.46822029541664,
        "5,40": 37.36787326717042,
        "5,41": 80.62756088706354,
        "5,42": 51.466360990342174,
        "5,43": 17.55169862670488,
        "5,44": 21.229953310047073,
        "5,45": 55.18491824668957,
        "5,46": 71.89539838865319,
        "5,47": 54.895695301967336,
        "5,48": 30.23050999065702,
        "5,49": 15.097078301547054,
        "5,50": 84.6766846364728,
        "5,51": 33.6578267121048,
        "5,52": 33.56277055473499,
        "5,53": 53.21061171642275,
        "5,54": 81.74648494658848,
        "5,55": 76.70711908034843,
        "5,56": 76.17653140049266,
        "5,57": 76.96279694760325,
        "5,58": 32.182303109467476,
        "5,59": 49.49525368415243,
        "5,60": 74.01642551077416,
        "6,0": 86.49619172989813,
        "6,1": 56.9892374905771,
        "6,2": 62.50436079892549,
        "6,3": 15.409944426316493,
        "6,4": 63.256968931458985,
        "6,5": 22.03277138649524,
        "6,6": 0.0,
        "6,7": 46.218322205503625,
        "6,8": 16.37917136079457,
        "6,9": 60.73564537187701,
        "6,10": 26.763814749825762,
        "6,11": 40.59346364690324,
        "6,12": 33.52988789675296,
        "6,13": 44.41190700313447,
        "6,14": 60.58461136138849,
        "6,15": 39.50937570956045,
        "6,16": 54.34069578745995,
        "6,17": 43.887557328630095,
        "6,18": 49.63542356255238,
        "6,19": 49.745125730354715,
        "6,20": 67.52047585383224,
        "6,21": 39.515885125533146,
        "6,22": 74.15844663148084,
        "6,23": 25.488827852193477,
        "6,24": 32.874973801011905,
        "6,25": 57.399082421194976,
        "6,26": 28.45728128701241,
        "6,27": 52.62962598357239,
        "6,28": 55.67922543496316,
        "6,29": 50.66485330662126,
        "6,30": 58.04670035136186,
        "6,31": 19.557728791626996,
        "6,32": 37.15093278820242,
        "6,33": 27.408123238545045,
        "6,34": 58.84965596970772,
        "6,35": 51.09035740986255,
        "6,36": 63.01561222650234,
        "6,37": 13.909812262308312,
        "6,38": 56.70929330433289,
        "6,39": 77.43246758777042,
        "6,40": 41.10625906068225,
        "6,41": 69.48187885552126,
        "6,42": 30.495219702142933,
        "6,43": 4.679947579485584,
        "6,44": 24.87190556163164,
        "6,45": 45.7432030289857,
        "6,46": 65.7855956922133,
        "6,47": 37.85298271256669,
        "6,48": 31.053096063030086,
        "6,49": 13.132284187459023,
        "6,50": 71.97742088503277,
        "6,51": 46.11980747287992,
        "6,52": 33.04793195257354,
        "6,53": 38.42402391404916,
        "6,54": 60.81441346202834,
        "6,55": 55.075055531540286,
        "6,56": 58.79451512701731,
        "6,57": 58.69216805803993,
        "6,58": 22.384757624119842,
        "6,59": 27.655268936920454,
        "6,60": 56.73947263342302,
        "7,0": 119.85668909550238,
        "7,1": 19.464308178631832,
        "7,2": 54.25462048971338,
        "7,3": 36.227777323969754,
        "7,4": 98.1769199830847,
        "7,5": 66.80495582595171,
        "7,6": 46.218322205503625,
        "7,7": 0.0,
        "7,8": 52.31906953370569,
        "7,9": 31.191462763711506,
        "7,10": 72.3704650560694,
        "7,11": 86.6407158512534,
        "7,12": 79.64781549720058,
        "7,13": 87.59408397529951,
        "7,14": 46.44445604216299,
        "7,15": 82.02640050117081,
        "7,16": 95.82375211586687,
        "7,17": 13.387279897505932,
        "7,18": 90.40415495935909,
        "7,19": 49.498157248894685,
        "7,20": 98.97192299348185,
        "7,21": 19.960968461005802,
        "7,22": 94.6347836879849,
        "7,23": 42.20089680942971,
        "7,24": 77.84709329830623,
        "7,25": 46.78018248290677,
        "7,26": 70.78295373511502,
        "7,27": 65.5435803179223,
        "7,28": 11.32697719471519,
        "7,29": 54.10356700581461,
        "7,30": 23.435660310136416,
        "7,31": 43.48029885747075,
        "7,32": 21.86740711355619,
        "7,33": 28.985062370116008,
        "7,34": 96.73364573615225,
        "7,35": 64.54546630455431,
        "7,36": 72.48464213528699,
        "7,37": 34.12670023245875,
        "7,38": 73.92457904898329,
        "7,39": 67.00648352539606,
        "7,40": 82.27301150901607,
        "7,41": 85.09472712539443,
        "7,42": 15.772825469952123,
        "7,43": 49.884117216415646,
        "7,44": 69.15656691519253,
        "7,45": 71.41103621707298,
        "7,46": 91.4769682968545,
        "7,47": 19.081372935675482,
        "7,48": 72.42462732934712,
        "7,49": 52.6963308498831,
        "7,50": 83.47291073725434,
        "7,51": 91.20398425231333,
        "7,52": 72.97319072287475,
        "7,53": 57.14694559168245,
        "7,54": 44.316628468302206,
        "7,55": 14.013694464797286,
        "7,56": 60.665079585348046,
        "7,57": 17.986943417543017,
        "7,58": 40.75347122867893,
        "7,59": 20.81467298297476,
        "7,60": 20.300066611493357,
        "8,0": 97.99970065884419,
        "8,1": 66.88879173213454,
        "8,2": 78.11709495044742,
        "8,3": 30.281098395963937,
        "8,4": 74.93993078936258,
        "8,5": 17.58921185382755,
        "8,6": 16.37917136079457,
        "8,7": 52.31906953370569,
        "8,8": 0.0,
        "8,9": 72.88046772683691,
        "8,10": 32.03086552883232,
        "8,11": 38.2522931899073,
        "8,12": 32.3039314765036,
        "8,13": 51.645648448364945,
        "8,14": 75.44300235167977,
        "8,15": 47.93061838093127,
        "8,16": 62.52083573838648,
        "8,17": 45.72572012560819,
        "8,18": 58.72464501186454,
        "8,19": 65.684643647956,
        "8,20": 80.36442124213369,
        "8,21": 51.27194231267558,
        "8,22": 89.38903367959755,
        "8,23": 41.6292397511231,
        "8,24": 27.508180573054272,
        "8,25": 72.57749381592853,
        "8,26": 38.482690956720546,
        "8,27": 68.95132706107034,
        "8,28": 59.56842061789553,
        "8,29": 66.87108178510216,
        "8,30": 68.80755739545197,
        "8,31": 35.85790205871552,
        "8,32": 49.38251662188664,
        "8,33": 25.748770101738955,
        "8,34": 69.27126447098684,
        "8,35": 67.40938911353314,
        "8,36": 79.35853176024283,
        "8,37": 19.090057441121406,
        "8,38": 72.71356939906399,
        "8,39": 93.15597215863565,
        "8,40": 50.59267475033889,
        "8,41": 85.39763291143262,
        "8,42": 38.081846270592116,
        "8,43": 12.95737155142854,
        "8,44": 33.21719254069574,
        "8,45": 61.0189797417833,
        "8,46": 80.27596504520808,
        "8,47": 38.2803409972485,
        "8,48": 41.532300491522946,
        "8,49": 4.131288348120681,
        "8,50": 88.16592011184443,
        "8,51": 50.34171144604065,
        "8,52": 44.32962053698717,
        "8,53": 54.7151155819937,
        "8,54": 75.3501017860624,
        "8,55": 63.762543353713674,
        "8,56": 75.05186068450337,
        "8,57": 60.49485419631365,
        "8,58": 14.65361650373737,
        "8,59": 38.15888182727471,
        "8,60": 57.15766674683476,
        "9,0": 110.94967418783739,
        "9,1": 12.884260616533492,
        "9,2": 29.191808072039198,
        "9,3": 45.748479199118655,
        "9,4": 92.57702364111583,
        "9,5": 82.70916372631255,
        "9,6": 60.73564537187701,
        "9,7": 31.191462763711506,
        "9,8": 72.88046772683691,
        "9,9": 0.0,
        "9,10": 81.7271371345262,
        "9,11": 99.37723178166989,
        "9,12": 92.31923552005308,
        "9,13": 91.44586920341311,
        "9,14": 20.158375171953004,
        "9,15": 85.7069452758724,
        "9,16": 96.77565801786906,
        "9,17": 44.514103012584336,
        "9,18": 91.14696105221816,
        "9,19": 32.03381243085069,
        "9,20": 90.48654885319678,
        "9,21": 21.610796212981285,
        "9,22": 78.99800319016056,
        "9,23": 42.289669572874786,
        "9,24": 93.31546259239373,
        "9,25": 22.9049338098641,
        "9,26": 75.92891185241098,
        "9,27": 50.74562227240004,
        "9,28": 37.47998200872745,
        "9,29": 37.068065897749364,
        "9,30": 8.393888634689814,
        "9,31": 47.299973989561636,
        "9,32": 23.66970939851251,
        "9,33": 55.69283435429621,
        "9,34": 93.91439167964391,
        "9,35": 50.414782490042604,
        "9,36": 53.68109614118645,
        "9,37": 54.026934620444884,
        "9,38": 59.734450051521414,
        "9,39": 38.40409950432485,
        "9,40": 84.4512286993484,
        "9,41": 67.74537078197608,
        "9,42": 36.837865854568776,
        "9,43": 65.34951816058283,
        "9,44": 76.77495338762338,
        "9,45": 63.522076305561086,
        "9,46": 79.75732294492983,
        "9,47": 49.09326773992757,
        "9,48": 76.34143364378986,
        "9,49": 71.64854695092734,
        "9,50": 63.879931724561054,
        "9,51": 97.73041844536851,
        "9,52": 75.45625878641809,
        "9,53": 49.34142884063958,
        "9,54": 17.213571279333074,
        "9,55": 18.813684433815506,
        "9,56": 40.12943147877638,
        "9,57": 45.25712761329722,
        "9,58": 65.4757380189603,
        "9,59": 34.78257830115667,
        "9,60": 49.52143883220379,
        "10,0": 67.51011572872058,
        "10,1": 80.65608514904393,
        "10,2": 74.85452815422782,
        "10,3": 37.41621873116203,
        "10,4": 45.19623066725072,
        "10,5": 17.541119416710544,
        "10,6": 26.763814749825762,
        "10,7": 72.3704650560694,
        "10,8": 32.03086552883232,
        "10,9": 81.7271371345262,
        "10,10": 0.0,
        "10,11": 18.93058479093873,
        "10,12": 12.946238484986159,
        "10,13": 19.6357481775841,
        "10,14": 75.96512097707883,
        "10,15": 16.48284039614257,
        "10,16": 30.597751902661543,
        "10,17": 70.6462366688375,
        "10,18": 27.247932575428614,
        "10,19": 61.42166931706451,
        "10,20": 52.06887964175431,
        "10,21": 62.27717442266261,
        "10,22": 66.66279706790701,
        "10,23": 39.989067015280874,
        "10,24": 19.359312496215193,
        "10,25": 71.93713893193483,
        "10,26": 11.084927350202191,
        "10,27": 55.535659731354464,
        "10,28": 82.25037540931014,
        "10,29": 60.06606913414682,
        "10,30": 80.84817170238749,
        "10,31": 34.47677390612858,
        "10,32": 59.550722507143966,
        "10,33": 53.29170612165614,
        "10,34": 38.42578137840843,
        "10,35": 54.123950759377585,
        "10,36": 65.39899153888815,
        "10,37": 40.54452334075425,
        "10,38": 55.34452223712779,
        "10,39": 88.30265030361042,
        "10,40": 19.83172877281443,
        "10,41": 66.34813542108913,
        "10,42": 56.609244728291536,
        "10,43": 24.42788583442369,
        "10,44": 6.013827816971855,
        "10,45": 41.06034336449371,
        "10,46": 55.61058060033878,
        "10,47": 64.4542231572095,
        "10,48": 13.773355716617452,
        "10,49": 28.277440288042904,
        "10,50": 71.202464336565,
        "10,51": 19.420104580220897,
        "10,52": 17.20823705716135,
        "10,53": 42.92407408714573,
        "10,54": 77.12520837574189,
        "10,55": 79.7383272269007,
        "10,56": 66.77010701284306,
        "10,57": 85.45250710080002,
        "10,58": 45.2008167519355,
        "10,59": 52.498188005742804,
        "10,60": 83.45647583688906,
        "11,0": 75.5081316424156,
        "11,1": 97.14889196198641,
        "11,2": 93.76981721832543,
        "11,3": 53.98780660061134,
        "11,4": 55.81051925753979,
        "11,5": 20.806028921177973,
        "11,6": 40.59346364690324,
        "11,7": 86.6407158512534,
        "11,8": 38.2522931899073,
        "11,9": 99.37723178166989,
        "11,10": 18.93058479093873,
        "11,11": 0.0,
        "11,12": 7.119686016667456,
        "11,13": 27.187585014953026,
        "11,14": 94.6922322263801,
        "11,15": 28.144818349626814,
        "11,16": 36.812075056314455,
        "11,17": 82.6313896154941,
        "11,18": 36.26776326045385,
        "11,19": 80.32770862078218,
        "11,20": 64.05101732501687,
        "11,21": 79.10066211053284,
        "11,22": 82.08849384156795,
        "11,23": 58.37850046632104,
        "11,24": 11.526623979865265,
        "11,25": 90.72335336310522,
        "11,26": 28.959704414568805,
        "11,27": 74.03600748189531,
        "11,28": 95.54765997356496,
        "11,29": 78.99286493721061,
        "11,30": 97.78824766798138,
        "11,31": 52.57858779528992,
        "11,32": 76.49697906985189,
        "11,33": 63.390385752624155,
        "11,34": 47.64617604377915,
        "11,35": 72.66572145928218,
        "11,36": 83.65001024945356,
        "11,37": 52.88143744540719,
        "11,38": 73.09746764820108,
        "11,39": 107.22112838755169,
        "11,40": 32.219887962336564,
        "11,41": 83.3146464406348,
        "11,42": 71.01418766762212,
        "11,43": 36.75678062545393,
        "11,44": 24.876702354714897,
        "11,45": 58.62998980887371,
        "11,46": 70.37765510162151,
        "11,47": 75.62055692279733,
        "11,48": 30.87790419067115,
        "11,49": 35.89935181767774,
        "11,50": 88.68621514891224,
        "11,51": 19.661912647464153,
        "11,52": 34.02726430729322,
        "11,53": 61.77422297911991,
        "11,54": 95.75098359239259,
        "11,55": 95.57425265637421,
        "11,56": 85.62721315369005,
        "11,57": 97.60111220306729,
        "11,58": 52.90139983422425,
        "11,59": 68.09149131781241,
        "11,60": 94.77065880576802,
        "12,0": 75.18521378470385,
        "12,1": 90.0292262345058,
        "12,2": 87.33227885895565,
        "12,3": 46.877893661089345,
        "12,4": 54.25550153835891,
        "12,5": 14.720602191044842,
        "12,6": 33.52988789675296,
        "12,7": 79.64781549720058,
        "12,8": 32.3039314765036,
        "12,9": 92.31923552005308,
        "12,10": 12.946238484986159,
        "12,11": 7.119686016667456,
        "12,12": 0.0,
        "12,13": 25.967616815487922,
        "12,14": 87.98548163524856,
        "12,15": 25.446765510876027,
        "12,16": 36.57073558989852,
        "12,17": 75.93651540831068,
        "12,18": 34.94351674383836,
        "12,19": 73.87192830648951,
        "12,20": 62.004355121458616,
        "12,21": 71.98807415520179,
        "12,22": 78.52522293093622,
        "12,23": 51.53726951085622,
        "12,24": 8.602123674126933,
        "12,25": 84.07276889652768,
        "12,26": 23.75452197043229,
        "12,27": 68.48189811675864,
        "12,28": 88.68232189785498,
        "12,29": 72.7455759011681,
        "12,30": 90.67576231313649,
        "12,31": 45.66053965048763,
        "12,32": 69.39022186112408,
        "12,33": 56.948069418273214,
        "12,34": 46.52845489890207,
        "12,35": 67.06952097043252,
        "12,36": 78.32716826102984,
        "12,37": 46.026864541353184,
        "12,38": 68.15179824569285,
        "12,39": 101.00616979355074,
        "12,40": 29.44341326047744,
        "12,41": 78.89435867576253,
        "12,42": 63.98783231525261,
        "12,43": 29.784985122033742,
        "12,44": 18.948623607231738,
        "12,45": 53.78419324852885,
        "12,46": 67.10384306876668,
        "12,47": 69.04166482258324,
        "12,48": 26.095485844723513,
        "12,49": 29.60174259788466,
        "12,50": 83.94150388886656,
        "12,51": 20.532719868290204,
        "12,52": 29.439573897446124,
        "12,53": 55.77794899957251,
        "12,54": 88.97340508299925,
        "12,55": 88.46953692399191,
        "12,56": 79.59903638966914,
        "12,57": 90.91078961189095,
        "12,58": 46.85806024781249,
        "12,59": 60.98521767635557,
        "12,60": 88.21773990184884,
        "13,0": 49.249623377477356,
        "13,1": 92.80161746164873,
        "13,2": 78.3569809398107,
        "13,3": 51.40072362186736,
        "13,4": 28.63369338400532,
        "13,5": 36.560971607208856,
        "13,6": 44.41190700313447,
        "13,7": 87.59408397529951,
        "13,8": 51.645648448364945,
        "13,9": 91.44586920341311,
        "13,10": 19.6357481775841,
        "13,11": 27.187585014953026,
        "13,12": 25.967616815487922,
        "13,13": 0.0,
        "13,14": 81.62159440042994,
        "13,15": 5.765748673346847,
        "13,16": 11.055972439773232,
        "13,17": 87.7388655496308,
        "13,18": 9.098699017835962,
        "13,19": 65.68133737703333,
        "13,20": 36.90548208595579,
        "13,21": 74.42297304811625,
        "13,22": 56.24106813313124,
        "13,23": 49.43964840139829,
        "13,24": 34.534066276962285,
        "13,25": 77.26234218508205,
        "13,26": 16.812273687678527,
        "13,27": 54.31191394159296,
        "13,28": 98.15670531690884,
        "13,29": 62.88474559445404,
        "13,30": 92.17680966719787,
        "13,31": 45.503557071116646,
        "13,32": 71.58107638278585,
        "13,33": 71.7161916023111,
        "13,34": 20.618052890834427,
        "13,35": 53.21521969040735,
        "13,36": 62.50979536515418,
        "13,37": 58.2858366089922,
        "13,38": 50.94391848118165,
        "13,39": 89.82478491504723,
        "13,40": 7.801507665020905,
        "13,41": 59.238062345653766,
        "13,42": 72.16606053265501,
        "13,43": 43.03310730109575,
        "13,44": 19.563167986133564,
        "13,45": 36.94942009177774,
        "13,46": 44.24691353829387,
        "13,47": 82.14945171745336,
        "13,48": 15.41789174173376,
        "13,49": 47.83517285008685,
        "13,50": 65.39318248089846,
        "13,51": 9.438355379765916,
        "13,52": 15.999398948559543,
        "13,53": 45.305481261755205,
        "13,54": 83.40218435418254,
        "13,55": 92.92444090295716,
        "13,56": 67.81723429983282,
        "13,57": 102.18544713696437,
        "13,58": 64.48210291782547,
        "13,59": 66.91544463865357,
        "13,60": 100.75437219758923,
        "14,0": 93.8710554236827,
        "14,1": 31.763962363541175,
        "14,2": 9.034417426340806,
        "14,3": 45.35052966576564,
        "14,4": 77.5008425174986,
        "14,5": 81.20449847056534,
        "14,6": 60.58461136138849,
        "14,7": 46.44445604216299,
        "14,8": 75.44300235167977,
        "14,9": 20.158375171953004,
        "14,10": 75.96512097707883,
        "14,11": 94.6922322263801,
        "14,12": 87.98548163524856,
        "14,13": 81.62159440042994,
        "14,14": 0.0,
        "14,15": 76.12790604565512,
        "14,16": 85.00021477503563,
        "14,17": 58.7154313370481,
        "14,18": 79.52853503092584,
        "14,19": 16.23611775776397,
        "14,20": 74.10847841227908,
        "14,21": 29.240424874311838,
        "14,22": 60.08008118932703,
        "14,23": 36.64583887181799,
