{
    "num_robots": 3,
    "num_tasks": 40,
    "num_nodes": 41,
    "robot_capacity": [
        155,
        182,
        155
    ],
    "robot_speed": [
        1.19,
        0.85,
        1.02
    ],
    "task_demand": {
        "0": 0,
        "1": 13,
        "2": 6,
        "3": 10,
        "4": 12,
        "5": 6,
        "6": 6,
        "7": 7,
        "8": 10,
        "9": 7,
        "10": 13,
        "11": 12,
        "12": 12,
        "13": 9,
        "14": 5,
        "15": 6,
        "16": 6,
        "17": 13,
        "18": 6,
        "19": 5,
        "20": 13,
        "21": 7,
        "22": 12,
        "23": 12,
        "24": 7,
        "25": 9,
        "26": 5,
        "27": 10,
        "28": 12,
        "29": 6,
        "30": 15,
        "31": 9,
        "32": 8,
        "33": 5,
        "34": 6,
        "35": 15,
        "36": 12,
        "37": 6,
        "38": 7,
        "39": 13,
        "40": 6
    },
    "task_service_time": {
        "0": 0,
        "1": 21,
        "2": 20,
        "3": 93,
        "4": 100,
        "5": 71,
        "6": 38,
        "7": 51,
        "8": 45,
        "9": 98,
        "10": 58,
        "11": 66,
        "12": 95,
        "13": 25,
        "14": 76,
        "15": 47,
        "16": 22,
        "17": 92,
        "18": 40,
        "19": 30,
        "20": 25,
        "21": 80,
        "22": 96,
        "23": 95,
        "24": 52,
        "25": 43,
        "26": 81,
        "27": 92,
        "28": 77,
        "29": 79,
        "30": 10,
        "31": 37,
        "32": 92,
        "33": 99,
        "34": 98,
        "35": 80,
        "36": 40,
        "37": 41,
        "38": 58,
        "39": 21,
        "40": 89
    },
    "task_precedence": [],
    "coordinates": {
        "0": [
            50.0,
            50.0
        ],
        "1": [
            9.350668687269415,
            35.60831379456376
        ],
        "2": [
            98.96189657043668,
            74.68462215279527
        ],
        "3": [
            46.114293883678904,
            59.419017716494416
        ],
        "4": [
            66.66895103529795,
            87.81496337305136
        ],
        "5": [
            31.150544921839806,
            55.73962088927558
        ],
        "6": [
            45.703583465478204,
            6.5524804946906485
        ],
        "7": [
            54.84749894181581,
            94.490158953567
        ],
        "8": [
            44.013923193900276,
            71.67774878982816
        ],
        "9": [
            36.08123086490159,
            85.91855251856418
        ],
        "10": [
            45.8673138649918,
            4.484595237766831
        ],
        "11": [
            75.72531968963767,
            17.00097654601479
        ],
        "12": [
            11.79128590617491,
            1.903213109107682
        ],
        "13": [
            3.4633410383709706,
            96.97059293076576
        ],
        "14": [
            49.52562971228418,
            43.34877475085376
        ],
        "15": [
            96.48566126404651,
            72.26040044786649
        ],
        "16": [
            51.72054834077519,
            75.93659583697634
        ],
        "17": [
            50.03986152968495,
            89.92438183002048
        ],
        "18": [
            71.811625363606,
            92.20754336840479
        ],
        "19": [
            11.181638158268758,
            87.40063049962508
        ],
        "20": [
            38.072489061219386,
            95.50663109080618
        ],
        "21": [
            69.66654564659687,
            4.718136378246873
        ],
        "22": [
            21.333045206192867,
            69.79623610342418
        ],
        "23": [
            76.11109629467272,
            26.476946968024162
        ],
        "24": [
            11.158035040910864,
            7.091143954852496
        ],
        "25": [
            10.775562130989002,
            38.59156046673685
        ],
        "26": [
            37.99550443861537,
            26.64953021265154
        ],
        "27": [
            97.74927613133062,
            10.386062550383935
        ],
        "28": [
            52.339785934183524,
            72.28486255298986
        ],
        "29": [
            43.368437309093764,
            93.97041920801081
        ],
        "30": [
            81.09125604613237,
            28.627223150405534
        ],
        "31": [
            26.329915402218752,
            33.012361570074866
        ],
        "32": [
            53.102816042992515,
            49.60134600943078
        ],
        "33": [
            48.86623332085627,
            19.360272851369242
        ],
        "34": [
            79.19734124028656,
            19.001162714703202
        ],
        "35": [
            24.71010204843037,
            38.37834460706841
        ],
        "36": [
            17.386058102182233,
            66.43320697860922
        ],
        "37": [
            5.205867922753105,
            14.032326501543135
        ],
        "38": [
            53.91377246962714,
            45.30727202441468
        ],
        "39": [
            23.156765314608872,
            68.29209372088856
        ],
        "40": [
            89.4578786030001,
            94.40608757331023
        ]
    },
    "distance_matrix_str_keys": {
        "0,0": 0.0,
        "0,1": 43.121789944387544,
        "0,2": 54.8324528596014,
        "0,3": 10.189043466687679,
        "0,4": 41.32584401464023,
        "0,5": 19.70393881172462,
        "0,6": 43.65943364500218,
        "0,7": 44.753463438091174,
        "0,8": 22.489061966285327,
        "0,9": 38.5210922646934,
        "0,10": 45.7026384945159,
        "0,11": 41.84169716981764,
        "0,12": 61.426433576527785,
        "0,13": 66.12032386171947,
        "0,14": 6.66812001127365,
        "0,15": 51.54068423347763,
        "0,16": 25.993600947225502,
        "0,17": 39.92440172940376,
        "0,18": 47.5102485596326,
        "0,19": 53.90428904869317,
        "0,20": 47.04379863945363,
        "0,21": 49.368210325357424,
        "0,22": 34.83798589202161,
        "0,23": 35.14432206850517,
        "0,24": 57.878045656244296,
        "0,25": 40.84983499016888,
        "0,26": 26.255520428534197,
        "0,27": 62.042383991334134,
        "0,28": 22.407358104503373,
        "0,29": 44.467689270431244,
        "0,30": 37.72879262299185,
        "0,31": 29.135077900908215,
        "0,32": 3.1283210194685096,
        "0,33": 30.66069644716632,
        "0,34": 42.58418307942569,
        "0,35": 27.832387832754513,
        "0,36": 36.52012455778381,
        "0,37": 57.44726107870971,
        "0,38": 6.1105900530842705,
        "0,39": 32.48322553363129,
        "0,40": 59.40391230733537,
        "1,0": 43.121789944387544,
        "1,1": 0.0,
        "1,2": 97.76057506805351,
        "1,3": 43.800841987796524,
        "1,4": 77.5301215756774,
        "1,5": 29.673289827455623,
        "1,6": 46.53789704769357,
        "1,7": 74.41124412707963,
        "1,8": 50.02544706316045,
        "1,9": 56.97054567755316,
        "1,10": 47.98073813353001,
        "1,11": 68.93349907822338,
        "1,12": 33.793348822304516,
        "1,13": 61.64405833196461,
        "1,14": 40.91383909115967,
        "1,15": 94.52979629405857,
        "1,16": 58.49424787399988,
        "1,17": 67.86638093341682,
        "1,18": 84.29023607319863,
        "1,19": 51.824670948121856,
        "1,20": 66.42854341707924,
        "1,21": 67.76583264584198,
        "1,22": 36.22694271999672,
        "1,23": 67.38201951889069,
        "1,24": 28.574386236684298,
        "1,25": 3.306067457416268,
        "1,26": 30.013104112855892,
        "1,27": 91.9264692886318,
        "1,28": 56.50870225459204,
        "1,29": 67.55252719401608,
        "1,30": 72.07945269753787,
        "1,31": 17.176547585558243,
        "1,32": 45.93533877967173,
        "1,33": 42.72562091769885,
        "1,34": 71.79383771409432,
        "1,35": 15.60721832608775,
        "1,36": 31.855007814425427,
        "1,37": 21.970493873514144,
        "1,38": 45.606359309438176,
        "1,39": 35.48010392256293,
        "1,40": 99.36973020905101,
        "2,0": 54.8324528596014,
        "2,1": 97.76057506805351,
        "2,2": 0.0,
        "2,3": 55.00825200406768,
        "2,4": 34.8602953500941,
        "2,5": 70.40804275993209,
        "2,6": 86.47795465727567,
        "2,7": 48.35637875299177,
        "2,8": 55.03018322347722,
        "2,9": 63.87628128682979,
        "2,10": 88.01748969117469,
        "2,11": 62.187952817454345,
        "2,12": 113.55989109701046,
        "2,13": 98.06446146401657,
        "2,14": 58.53101582296545,
        "2,15": 3.4653415657422593,
        "2,16": 47.257935002092744,
        "2,17": 51.240762948536585,
        "2,18": 32.31392880064133,
        "2,19": 88.69650858508255,
        "2,20": 64.35119270874576,
        "2,21": 75.85200536169764,
        "2,22": 77.78261298194825,
        "2,23": 53.34921761341257,
        "2,24": 110.8079256840047,
        "2,25": 95.28661335014344,
        "2,26": 77.61617761310501,
        "2,27": 64.3099931213974,
        "2,28": 46.683830673113015,
        "2,29": 58.84364605203823,
        "2,30": 49.402872341739794,
        "2,31": 83.73757812651687,
        "2,32": 52.270699334396575,
        "2,33": 74.63483839361857,
        "2,34": 59.08709928903441,
        "2,35": 82.65273606460705,
        "2,36": 81.99209275396944,
        "2,37": 111.66420140560788,
        "2,38": 53.78068599011545,
        "2,39": 76.07418973913569,
        "2,40": 21.892066048181125,
        "3,0": 10.189043466687679,
        "3,1": 43.800841987796524,
        "3,2": 55.00825200406768,
        "3,3": 0.0,
        "3,4": 35.05458116068054,
        "3,5": 15.409469296672379,
        "3,6": 52.86813256463654,
        "3,7": 36.142133559851736,
        "3,8": 12.437364856061729,
        "3,9": 28.335273040238448,
        "3,10": 54.934977675438816,
        "3,11": 51.73106480657111,
        "3,12": 66.97862835456465,
        "3,13": 56.82626663512006,
        "3,14": 16.4283267897327,
        "3,15": 51.98245629269112,
        "3,16": 17.443063836492,
        "3,17": 30.75690688353062,
        "3,18": 41.658615670893774,
        "3,19": 44.75780479396964,
        "3,20": 36.97278003959587,
        "3,21": 59.55581400908656,
        "3,22": 26.866279002970185,
        "3,23": 44.55320617061609,
        "3,24": 62.92969414113604,
        "3,25": 41.019616494782746,
        "3,26": 33.76024367977502,
        "3,27": 71.20675588760598,
        "3,28": 14.292890352468,
        "3,29": 34.66033862148715,
        "3,30": 46.59959758102984,
        "3,31": 32.995956126969574,
        "3,32": 12.050980031470273,
        "3,33": 40.15315941286669,
        "3,34": 52.231130806688114,
        "3,35": 30.014152545388356,
        "3,36": 29.572121704775128,
        "3,37": 61.10197258715862,
        "3,38": 16.12368545620374,
        "3,39": 24.612590188345106,
        "3,40": 55.70243615396622,
        "4,0": 41.32584401464023,
        "4,1": 77.5301215756774,
        "4,2": 34.8602953500941,
        "4,3": 35.05458116068054,
        "4,4": 0.0,
        "4,5": 47.85796452307653,
        "4,6": 83.92340413075198,
        "4,7": 13.575896494767077,
        "4,8": 27.814743949917915,
        "4,9": 30.64645166004523,
        "4,10": 85.88747500379264,
        "4,11": 71.39074550348255,
        "4,12": 101.9430574558091,
        "4,13": 63.865285466219675,
        "4,14": 47.65643079972475,
        "4,15": 33.630055555391145,
        "4,16": 19.09320189071745,
        "4,17": 16.76234661413164,
        "4,18": 6.76327274790968,
        "4,19": 55.48885980125499,
        "4,20": 29.61282475069329,
        "4,21": 83.15087630360944,
        "4,22": 48.78543727141011,
        "4,23": 62.06050566666789,
        "4,24": 97.96834598990573,
        "4,25": 74.47828084002542,
        "4,26": 67.55277013884883,
        "4,27": 83.43393368816758,
        "4,28": 21.130759663965474,
        "4,29": 24.099866730776046,
        "4,30": 60.91954919801152,
        "4,31": 68.04823994918924,
        "4,32": 40.5502228186561,
        "4,33": 70.7317567464528,
        "4,34": 69.9449763898404,
        "4,35": 64.84230319256014,
        "4,36": 53.721346244935205,
        "4,37": 96.02910022182046,
        "4,38": 44.38015777386454,
        "4,39": 47.691222941407965,
        "4,40": 23.722945388572917,
        "5,0": 19.70393881172462,
        "5,1": 29.673289827455623,
        "5,2": 70.40804275993209,
        "5,3": 15.409469296672379,
        "5,4": 47.85796452307653,
        "5,5": 0.0,
        "5,6": 51.29488971670797,
        "5,7": 45.42190914192132,
        "5,8": 20.481465317317753,
        "5,9": 30.57907091712211,
        "5,10": 53.32598749824463,
        "5,11": 59.05584739171525,
        "5,12": 57.211359993519864,
        "5,13": 49.66461833509764,
        "5,14": 22.16250908814395,
        "5,15": 67.39149489863867,
        "5,16": 28.827813612777945,
        "5,17": 39.05642280710424,
        "5,18": 54.61897868539431,
        "5,19": 37.43229577355411,
        "5,20": 40.36494036955004,
        "5,21": 63.92710061889737,
        "5,22": 17.14560386645398,
        "5,23": 53.64471329749685,
        "5,24": 52.59633788942093,
        "5,25": 26.63073224645739,
        "5,26": 29.884558660962437,
        "5,27": 80.57503492219692,
        "5,28": 26.883618736879455,
        "5,29": 40.13565540108106,
        "5,30": 56.8256697166934,
        "5,31": 23.232881550243345,
        "5,32": 22.794311261302212,
        "5,33": 40.463595726457214,
        "5,34": 60.48312942888382,
        "5,35": 18.517376124947603,
        "5,36": 17.43025762455957,
        "5,37": 49.11847584903177,
        "5,38": 25.03993672576887,
        "5,39": 14.881703081212283,
        "5,40": 69.96313891495814,
        "6,0": 43.65943364500218,
        "6,1": 46.53789704769357,
        "6,2": 86.47795465727567,
        "6,3": 52.86813256463654,
        "6,4": 83.92340413075198,
        "6,5": 51.29488971670797,
        "6,6": 0.0,
        "6,7": 88.41180058665886,
        "6,8": 65.14718353349585,
        "6,9": 79.94725172304864,
        "6,10": 2.074357027979457,
        "6,11": 31.787980678985335,
        "6,12": 34.22951377062452,
        "6,13": 99.7981619911084,
        "6,14": 36.994260480497054,
        "6,15": 83.04426632894535,
        "6,16": 69.64452116385152,
        "6,17": 83.48459282836619,
        "6,18": 89.54562885844467,
        "6,19": 87.91011356501788,
        "6,20": 89.28087426813826,
        "6,21": 24.03306836072447,
        "6,22": 67.77680841220324,
        "6,23": 36.35383337014984,
        "6,24": 34.54974781785594,
        "6,25": 47.39693365395809,
        "6,26": 21.524541566559662,
        "6,27": 52.186688690183225,
        "6,28": 66.066521281689,
        "6,29": 87.44912187356415,
        "6,30": 41.70829214906337,
        "6,31": 32.79427268211379,
        "6,32": 43.680126657810085,
        "6,33": 13.192494046218762,
        "6,34": 35.73235926848928,
        "6,35": 38.12626245132701,
        "6,36": 66.23883790453134,
        "6,37": 41.18267913171392,
        "6,38": 39.61490969314732,
        "6,39": 65.72776316024213,
        "6,40": 98.14629193049448,
        "7,0": 44.753463438091174,
        "7,1": 74.41124412707963,
        "7,2": 48.35637875299177,
        "7,3": 36.142133559851736,
        "7,4": 13.575896494767077,
        "7,5": 45.42190914192132,
        "7,6": 88.41180058665886,
        "7,7": 0.0,
        "7,8": 25.254156508671574,
        "7,9": 20.63117191075658,
        "7,10": 90.45244730693017,
        "7,11": 80.25245659398273,
        "7,12": 102.10866771129342,
        "7,13": 51.44399125419211,
        "7,14": 51.41754049218772,
        "7,15": 47.200622080584886,
        "7,16": 18.815220550997054,
        "7,17": 6.630211024426076,
        "7,18": 17.11700672325934,
        "7,19": 44.237640213593714,
        "7,20": 16.805777937956076,
        "7,21": 90.98692314009894,
        "7,22": 41.62941790280062,
        "7,23": 71.25964900962403,
        "7,24": 97.7105781309987,
        "7,25": 71.18278532798053,
        "7,26": 69.90236495783688,
        "7,27": 94.41430780244424,
        "7,28": 22.346449668037476,
        "7,29": 11.490821788320542,
        "7,30": 70.89894991861117,
        "7,31": 67.76999440802405,
        "7,32": 44.92270523856615,
        "7,33": 75.36760128966345,
        "7,34": 79.31899755488334,
        "7,35": 63.693001191381796,
        "7,36": 46.80333432466595,
        "7,37": 94.53969712830009,
        "7,38": 49.191749428238964,
        "7,39": 41.11740774618774,
        "7,40": 34.61048176908691,
        "8,0": 22.489061966285327,
        "8,1": 50.02544706316045,
        "8,2": 55.03018322347722,
        "8,3": 12.437364856061729,
        "8,4": 27.814743949917915,
        "8,5": 20.481465317317753,
        "8,6": 65.14718353349585,
        "8,7": 25.254156508671574,
        "8,8": 0.0,
        "8,9": 16.30116862151105,
        "8,10": 67.21870975591975,
        "8,11": 63.20729460047872,
        "8,12": 76.85560606251468,
        "8,13": 47.79202525411633,
        "8,14": 28.86017461564779,
        "8,15": 52.47497288285768,
        "8,16": 8.805103595384187,
        "8,17": 19.21591918514744,
        "8,18": 34.55697775202885,
        "8,19": 36.40285634289182,
        "8,20": 24.55842566751479,
        "8,21": 71.70527688399079,
        "8,22": 22.758785474677016,
        "8,23": 55.43772187234022,
        "8,24": 72.46336253881027,
        "8,25": 46.89866206939725,
        "8,26": 45.42864550641983,
        "8,27": 81.51171055366633,
        "8,28": 8.347968464929492,
        "8,29": 22.30201350553802,
        "8,30": 56.816162922761634,
        "8,31": 42.517482291755165,
        "8,32": 23.87416036103924,
        "8,33": 52.542013685615316,
        "8,34": 63.34584142591231,
        "8,35": 38.49010041222403,
        "8,36": 27.139425530993833,
        "8,37": 69.49143734823105,
        "8,38": 28.16751782669751,
        "8,39": 21.130160790858262,
        "8,40": 50.81073181013031,
        "9,0": 38.5210922646934,
        "9,1": 56.97054567755316,
        "9,2": 63.87628128682979,
        "9,3": 28.335273040238448,
        "9,4": 30.64645166004523,
        "9,5": 30.57907091712211,
        "9,6": 79.94725172304864,
        "9,7": 20.63117191075658,
        "9,8": 16.30116862151105,
        "9,9": 0.0,
        "9,10": 82.01985624771226,
        "9,11": 79.50651581270357,
        "9,12": 87.45615291209731,
        "9,13": 34.439429931528,
        "9,14": 44.64233237141352,
        "9,15": 61.92931720785759,
        "9,16": 18.553374633857356,
        "9,17": 14.52205352243107,
        "9,18": 36.27964301012932,
        "9,19": 24.943661962473524,
        "9,20": 9.792668681819524,
        "9,21": 87.87195770179622,
        "9,22": 21.850356217087963,
        "9,23": 71.66376069361401,
        "9,24": 82.67361145463113,
        "9,25": 53.66769090192207,
        "9,26": 59.29992789551931,
        "9,27": 97.5095115759257,
        "9,28": 21.218343833067536,
        "9,29": 10.85983125766216,
        "9,30": 72.8573866370862,
        "9,31": 53.797334450052176,
        "9,32": 40.10827658479041,
        "9,33": 67.77507565510571,
        "9,34": 79.60487442402166,
        "9,35": 48.881222763235236,
        "9,36": 27.003484505510887,
        "9,37": 78.23629290667874,
        "9,38": 44.35398114553817,
        "9,39": 21.857123770223286,
        "9,40": 54.047245767593,
        "10,0": 45.7026384945159,
        "10,1": 47.98073813353001,
        "10,2": 88.01748969117469,
        "10,3": 54.934977675438816,
        "10,4": 85.88747500379264,
        "10,5": 53.32598749824463,
        "10,6": 2.074357027979457,
        "10,7": 90.45244730693017,
        "10,8": 67.21870975591975,
        "10,9": 82.01985624771226,
        "10,10": 0.0,
        "10,11": 32.37530405846478,
        "10,12": 34.173662594814616,
        "10,13": 101.74358299544106,
        "10,14": 39.03597986555475,
        "10,15": 84.59182504999382,
        "10,16": 71.69134357408805,
        "10,17": 85.54161143527742,
        "10,18": 91.47908464708053,
        "10,19": 89.87861259931464,
        "10,20": 91.35518761708876,
        "10,21": 23.80037762008951,
        "10,22": 69.76776312299776,
        "10,23": 37.394517115229995,
        "10,24": 34.80701269431685,
        "10,25": 48.935836734351014,
        "10,26": 23.521261149990583,
        "10,27": 52.216523486801506,
        "10,28": 68.10851006080054,
        "10,29": 89.52070752443319,
        "10,30": 42.70354300650539,
        "10,31": 34.57663070057484,
        "10,32": 45.69325652610342,
        "10,33": 15.174956420583037,
        "10,34": 36.354111956563386,
        "10,35": 39.95514808081529,
        "10,36": 68.18220021709631,
        "10,37": 41.76735996443743,
        "10,38": 41.60812944729945,
        "10,39": 67.72861934317635,
        "10,40": 99.9300361154227,
        "11,0": 41.84169716981764,
        "11,1": 68.93349907822338,
        "11,2": 62.187952817454345,
        "11,3": 51.73106480657111,
        "11,4": 71.39074550348255,
        "11,5": 59.05584739171525,
        "11,6": 31.787980678985335,
        "11,7": 80.25245659398273,
        "11,8": 63.20729460047872,
        "11,9": 79.50651581270357,
        "11,10": 32.37530405846478,
        "11,11": 0.0,
        "11,12": 65.69248919489782,
        "11,13": 107.78187743456854,
        "11,14": 37.15683281917812,
        "11,15": 59.030464272701316,
        "11,16": 63.63675249979628,
        "11,17": 77.31471916202005,
        "11,18": 75.3083308571384,
        "11,19": 95.50915193012055,
        "11,20": 87.06821147720032,
        "11,21": 13.695871841235881,
        "11,22": 75.80144428186463,
        "11,23": 9.483819854245906,
        "11,24": 65.32334214424867,
        "11,25": 68.44431547590335,
        "11,26": 38.94397959549389,
        "11,27": 22.995907125294732,
        "11,28": 60.026587784578425,
        "11,29": 83.49408925838192,
        "11,30": 12.804799220919433,
        "11,31": 51.92562387787227,
        "11,32": 39.680747981782034,
        "11,33": 26.962507294799536,
        "11,34": 4.006953750367322,
        "11,35": 55.31314758895487,
        "11,36": 76.46577566539601,
        "11,37": 70.58190958445726,
        "11,38": 35.73499623396134,
        "11,39": 73.4454328745293,
        "11,40": 78.61383076442023,
        "12,0": 61.426433576527785,
        "12,1": 33.793348822304516,
        "12,2": 113.55989109701046,
        "12,3": 66.97862835456465,
        "12,4": 101.9430574558091,
        "12,5": 57.211359993519864,
        "12,6": 34.22951377062452,
        "12,7": 102.10866771129342,
        "12,8": 76.85560606251468,
        "12,9": 87.45615291209731,
        "12,10": 34.173662594814616,
        "12,11": 65.69248919489782,
        "12,12": 0.0,
        "12,13": 95.4314485475128,
        "12,14": 56.05011402555244,
        "12,15": 110.10572658804469,
        "12,16": 84.1147297249552,
        "12,17": 95.97228600081777,
        "12,18": 108.43114502837948,
        "12,19": 85.4995909395178,
        "12,20": 97.22294737937787,
        "12,21": 57.94367509083669,
        "12,22": 68.56024899200897,
        "12,23": 68.85424027742351,
        "12,24": 5.226435986270966,
        "12,25": 36.70240491604785,
        "12,26": 36.042215235540716,
        "12,27": 86.37554525553703,
        "12,28": 81.22658082772496,
        "12,29": 97.3318392386621,
        "12,30": 74.27421203948504,
        "12,31": 34.33876622113458,
        "12,32": 63.10114424019642,
        "12,33": 40.97927110926056,
        "12,34": 69.54075191152887,
        "12,35": 38.695361844941154,
        "12,36": 64.7720741116349,
        "12,37": 13.801562292107818,
        "12,38": 60.483189438154255,
        "12,39": 67.354714690724,
        "12,40": 120.78444190074546,
        "13,0": 66.12032386171947,
        "13,1": 61.64405833196461,
        "13,2": 98.06446146401657,
        "13,3": 56.82626663512006,
        "13,4": 63.865285466219675,
        "13,5": 49.66461833509764,
        "13,6": 99.7981619911084,
        "13,7": 51.44399125419211,
        "13,8": 47.79202525411633,
        "13,9": 34.439429931528,
        "13,10": 101.74358299544106,
        "13,11": 107.78187743456854,
        "13,12": 95.4314485475128,
        "13,13": 0.0,
        "13,14": 70.68970096696161,
        "13,15": 96.2483541298762,
        "13,16": 52.64206578743616,
        "13,17": 47.10648948875364,
        "13,18": 68.51404681769043,
        "13,19": 12.29456348816283,
        "13,20": 34.6400968696147,
        "13,21": 113.54902042894518,
        "13,22": 32.52340689449919,
        "13,23": 101.22771589293059,
        "13,24": 90.20822392668265,
        "13,25": 58.83519362374419,
        "13,26": 78.34233958024315,
        "13,27": 128.01061853434294,
        "13,28": 54.7566630643034,
        "13,29": 40.01771796020312,
        "13,30": 103.42586418003614,
        "13,31": 67.9230121676376,
        "13,32": 68.61430632622363,
        "13,33": 89.9154292123512,
        "13,34": 108.69623192549592,
        "13,35": 62.325567923961955,
        "13,36": 33.5614956643757,
        "13,37": 82.95656959052435,
        "13,38": 72.21042001451379,
        "13,39": 34.78918332836866,
        "13,40": 86.03276805196278,
        "14,0": 6.66812001127365,
        "14,1": 40.91383909115967,
        "14,2": 58.53101582296545,
        "14,3": 16.4283267897327,
        "14,4": 47.65643079972475,
        "14,5": 22.16250908814395,
        "14,6": 36.994260480497054,
        "14,7": 51.41754049218772,
        "14,8": 28.86017461564779,
        "14,9": 44.64233237141352,
        "14,10": 39.03597986555475,
        "14,11": 37.15683281917812,
        "14,12": 56.05011402555244,
        "14,13": 70.68970096696161,
        "14,14": 0.0,
        "14,15": 55.146411159627434,
        "14,16": 32.66165566726268,
        "14,17": 46.57844575718422,
        "14,18": 53.7014420010685,
        "14,19": 58.40229176329438,
        "14,20": 53.400528169224955,
        "14,21": 43.5658434527346,
        "14,22": 38.65604782086247,
        "14,23": 31.487229254679722,
        "14,24": 52.789090840872916,
        "14,25": 39.040989041005986,
        "14,26": 20.293066721744466,
        "14,27": 58.41284507332452,
        "14,28": 29.072610005539314,
        "14,29": 50.994724294153464,
        "14,30": 34.82976955669948,
        "14,31": 25.39453877899643,
        "14,32": 7.203534506628674,
        "14,33": 23.99756293840273,
        "14,34": 38.38250482790164,
        "14,35": 25.308409453178673,
        "14,36": 39.57073507731069,
        "14,37": 53.13845521875176,
        "14,38": 4.805362465971434,
        "14,39": 36.29719232756008,
        "14,40": 64.81846723056833,
        "15,0": 51.54068423347763,
        "15,1": 94.52979629405857,
        "15,2": 3.4653415657422593,
        "15,3": 51.98245629269112,
        "15,4": 33.630055555391145,
        "15,5": 67.39149489863867,
        "15,6": 83.04426632894535,
        "15,7": 47.200622080584886,
        "15,8": 52.47497288285768,
        "15,9": 61.92931720785759,
        "15,10": 84.59182504999382,
        "15,11": 59.030464272701316,
        "15,12": 110.10572658804469,
        "15,13": 96.2483541298762,
        "15,14": 55.146411159627434,
        "15,15": 0.0,
        "15,16": 44.91580732406071,
        "15,17": 49.69133275767016,
        "15,18": 31.728481815375417,
        "15,19": 86.63719134442921,
        "15,20": 62.868799303803186,
        "15,21": 72.67201936201003,
        "15,22": 75.19300370550164,
        "15,23": 50.1123488796137,
        "15,24": 107.36775954041042,
        "15,25": 92.08589402874611,
        "15,26": 74.17175964662795,
        "15,27": 61.887239498822915,
        "15,28": 44.14588210733129,
        "15,29": 57.38261405030643,
        "15,30": 46.26923246699694,
        "15,31": 80.3880416055896,
        "15,32": 48.94388631400168,
        "15,33": 71.17607334886056,
        "15,34": 55.99493203104673,
        "15,35": 79.370804510937,
        "15,36": 79.31395466179053,
        "15,37": 108.2705373955802,
        "15,38": 50.38687177564704,
        "15,39": 73.4361929803202,
        "15,40": 23.23405232388335,
        "16,0": 25.993600947225502,
        "16,1": 58.49424787399988,
        "16,2": 47.257935002092744,
        "16,3": 17.443063836492,
        "16,4": 19.09320189071745,
        "16,5": 28.827813612777945,
        "16,6": 69.64452116385152,
        "16,7": 18.815220550997054,
        "16,8": 8.805103595384187,
        "16,9": 18.553374633857356,
        "16,10": 71.69134357408805,
        "16,11": 63.63675249979628,
        "16,12": 84.1147297249552,
        "16,13": 52.64206578743616,
        "16,14": 32.66165566726268,
        "16,15": 44.91580732406071,
        "16,16": 0.0,
        "16,17": 14.088394697202892,
        "16,18": 25.85333845962292,
        "16,19": 42.12869959459626,
        "16,20": 23.85908216873424,
        "16,21": 73.44472606644572,
        "16,22": 31.001683251263618,
        "16,23": 55.14667438505623,
        "16,24": 79.90628091743163,
        "16,25": 55.41789929728498,
        "16,26": 51.162404829842714,
        "16,27": 80.0969175198004,
        "16,28": 3.703864356920321,
        "16,29": 19.874016807460027,
        "16,30": 55.68496399487369,
        "16,31": 49.87157635788492,
        "16,32": 26.371500667952738,
        "16,33": 56.64827832162835,
        "16,34": 63.218808062660244,
        "16,35": 46.26214915414678,
        "16,36": 35.625435011201915,
        "16,37": 77.43225462521792,
        "16,38": 30.707746730981988,
        "16,39": 29.569039777591314,
        "16,40": 42.01461912618918,
        "17,0": 39.92440172940376,
        "17,1": 67.86638093341682,
        "17,2": 51.240762948536585,
        "17,3": 30.75690688353062,
        "17,4": 16.76234661413164,
        "17,5": 39.05642280710424,
        "17,6": 83.48459282836619,
        "17,7": 6.630211024426076,
        "17,8": 19.21591918514744,
        "17,9": 14.52205352243107,
        "17,10": 85.54161143527742,
        "17,11": 77.31471916202005,
        "17,12": 95.97228600081777,
        "17,13": 47.10648948875364,
        "17,14": 46.57844575718422,
        "17,15": 49.69133275767016,
        "17,16": 14.088394697202892,
        "17,17": 0.0,
        "17,18": 21.891151798166995,
        "17,19": 38.94009301941314,
        "17,20": 13.205283435372754,
        "17,21": 87.43746904738799,
        "17,22": 35.06028456561367,
        "17,23": 68.595089275679,
        "17,24": 91.50487270078735,
        "17,25": 64.62773209996791,
        "17,26": 64.41097255077938,
        "17,27": 92.74983814250633,
        "17,28": 17.788824935648304,
        "17,29": 7.802455997644944,
        "17,30": 68.71339580904116,
        "17,31": 61.65338267634477,
        "17,32": 40.43920014217828,
        "17,33": 70.57386824543151,
        "17,34": 76.68286400985198,
        "17,35": 57.433358501555226,
        "17,36": 40.225690474888864,
        "17,37": 88.14585097851783,
        "17,38": 44.78497151250728,
        "17,39": 34.50589443769756,
        "17,40": 39.67197696563156,
        "18,0": 47.5102485596326,
        "18,1": 84.29023607319863,
        "18,2": 32.31392880064133,
        "18,3": 41.658615670893774,
        "18,4": 6.76327274790968,
        "18,5": 54.61897868539431,
        "18,6": 89.54562885844467,
        "18,7": 17.11700672325934,
        "18,8": 34.55697775202885,
        "18,9": 36.27964301012932,
        "18,10": 91.47908464708053,
        "18,11": 75.3083308571384,
        "18,12": 108.43114502837948,
        "18,13": 68.51404681769043,
        "18,14": 53.7014420010685,
        "18,15": 31.728481815375417,
        "18,16": 25.85333845962292,
        "18,17": 21.891151798166995,
        "18,18": 0.0,
        "18,19": 60.82024136623759,
        "18,20": 33.90004864644182,
        "18,21": 87.51569974856979,
        "18,22": 55.2300076772922,
        "18,23": 65.8710615781833,
        "18,24": 104.51631197167599,
        "18,25": 81.24084340679858,
        "18,26": 73.76573136181533,
        "18,27": 85.83423821880287,
        "18,28": 27.857956523013556,
        "18,29": 28.497766191935362,
        "18,30": 64.25393890359881,
        "18,31": 74.6502209584746,
        "18,32": 46.53286580028053,
        "18,33": 76.37549238975575,
        "18,34": 73.57800600332754,
        "18,35": 71.5271706269547,
        "18,36": 60.22008625086901,
        "18,37": 102.70195449187217,
        "18,38": 50.19928874351117,
        "18,39": 54.21479630350353,
        "18,40": 17.78268399341759,
        "19,0": 53.90428904869317,
        "19,1": 51.824670948121856,
        "19,2": 88.69650858508255,
        "19,3": 44.75780479396964,
        "19,4": 55.48885980125499,
        "19,5": 37.43229577355411,
        "19,6": 87.91011356501788,
        "19,7": 44.237640213593714,
        "19,8": 36.40285634289182,
        "19,9": 24.943661962473524,
        "19,10": 89.87861259931464,
        "19,11": 95.50915193012055,
        "19,12": 85.4995909395178,
        "19,13": 12.29456348816283,
        "19,14": 58.40229176329438,
        "19,15": 86.63719134442921,
        "19,16": 42.12869959459626,
        "19,17": 38.94009301941314,
        "19,18": 60.82024136623759,
        "19,19": 0.0,
        "19,20": 28.086030475468565,
        "19,21": 101.27625209322292,
        "19,22": 20.321559170241663,
        "19,23": 89.03667642576117,
        "19,24": 80.309490013274,
        "19,25": 48.81075921572332,
        "19,26": 66.4054185362778,
        "19,27": 115.86716368602187,
        "19,28": 43.84608955152743,
        "19,29": 32.8504514923065,
        "19,30": 91.33273282161437,
        "19,31": 56.45842807422689,
        "19,32": 56.446178464208685,
        "19,33": 77.77929661208489,
        "19,34": 96.46047407618197,
        "19,35": 50.85473281179409,
        "19,36": 21.866130795137956,
        "19,37": 73.6112617842042,
        "19,38": 59.982381834389834,
        "19,39": 22.55082810530116,
        "19,40": 78.58909750705017,
        "20,0": 47.04379863945363,
        "20,1": 66.42854341707924,
        "20,2": 64.35119270874576,
        "20,3": 36.97278003959587,
        "20,4": 29.61282475069329,
        "20,5": 40.36494036955004,
        "20,6": 89.28087426813826,
        "20,7": 16.805777937956076,
        "20,8": 24.55842566751479,
        "20,9": 9.792668681819524,
        "20,10": 91.35518761708876,
        "20,11": 87.06821147720032,
        "20,12": 97.22294737937787,
        "20,13": 34.6400968696147,
        "20,14": 53.400528169224955,
        "20,15": 62.868799303803186,
        "20,16": 23.85908216873424,
        "20,17": 13.205283435372754,
        "20,18": 33.90004864644182,
        "20,19": 28.086030475468565,
        "20,20": 0.0,
        "20,21": 96.12874275518455,
        "20,22": 30.679527228801664,
        "20,23": 78.81645088655027,
        "20,24": 92.42124323281575,
        "20,25": 63.12248002080666,
        "20,26": 68.85714391387783,
        "20,27": 103.95590461179256,
        "20,28": 27.254472918866146,
        "20,29": 5.51425559735903,
        "20,30": 79.52024597145538,
        "20,31": 63.58790576097677,
        "20,32": 48.303270361139774,
        "20,33": 76.9075600202679,
        "20,34": 86.85816114906542,
        "20,35": 58.670218196693014,
        "20,36": 35.68182191860004,
        "20,37": 87.85372555198492,
        "20,38": 52.639547022196126,
        "20,39": 31.034011328602745,
        "20,40": 51.39717360317053,
        "21,0": 49.368210325357424,
        "21,1": 67.76583264584198,
        "21,2": 75.85200536169764,
        "21,3": 59.55581400908656,
        "21,4": 83.15087630360944,
        "21,5": 63.92710061889737,
        "21,6": 24.03306836072447,
        "21,7": 90.98692314009894,
        "21,8": 71.70527688399079,
        "21,9": 87.87195770179622,
        "21,10": 23.80037762008951,
        "21,11": 13.695871841235881,
        "21,12": 57.94367509083669,
        "21,13": 113.54902042894518,
        "21,14": 43.5658434527346,
        "21,15": 72.67201936201003,
        "21,16": 73.44472606644572,
        "21,17": 87.43746904738799,
        "21,18": 87.51569974856979,
        "21,19": 101.27625209322292,
        "21,20": 96.12874275518455,
        "21,21": 0.0,
        "21,22": 81.06347098824882,
        "21,23": 22.693128284514216,
        "21,24": 58.55661344591489,
        "21,25": 67.93788927332297,
        "21,26": 38.523251248011576,
        "21,27": 28.648998910450434,
        "21,28": 69.75298623073002,
        "21,29": 93.04601277032361,
        "21,30": 26.498461049499966,
        "21,31": 51.75545092204126,
        "21,32": 47.8420280211669,
        "21,33": 25.437082249068915,
        "21,34": 17.170932006638424,
        "21,35": 56.161298409160295,
        "21,36": 80.88262679395002,
        "21,37": 65.13012444537596,
        "21,38": 43.53880792199147,
        "21,39": 78.7706018685512,
        "21,40": 91.84566102848451,
        "22,0": 34.83798589202161,
        "22,1": 36.22694271999672,
        "22,2": 77.78261298194825,
        "22,3": 26.866279002970185,
        "22,4": 48.78543727141011,
        "22,5": 17.14560386645398,
        "22,6": 67.77680841220324,
        "22,7": 41.62941790280062,
        "22,8": 22.758785474677016,
        "22,9": 21.850356217087963,
        "22,10": 69.76776312299776,
        "22,11": 75.80144428186463,
        "22,12": 68.56024899200897,
        "22,13": 32.52340689449919,
        "22,14": 38.65604782086247,
        "22,15": 75.19300370550164,
        "22,16": 31.001683251263618,
        "22,17": 35.06028456561367,
        "22,18": 55.2300076772922,
        "22,19": 20.321559170241663,
        "22,20": 30.679527228801664,
        "22,21": 81.06347098824882,
        "22,22": 0.0,
        "22,23": 69.83692212754293,
        "22,24": 63.525265943752316,
        "22,25": 32.942256001586834,
        "22,26": 46.25230563871358,
        "22,27": 96.79364168377147,
        "22,28": 31.106450009255514,
        "22,29": 32.71008459027076,
        "22,30": 72.56673749257631,
        "22,31": 37.12172056143297,
        "22,32": 37.64507836266566,
        "22,33": 57.46183809207706,
        "22,34": 76.99620923192765,
        "22,35": 31.598867368823317,
        "22,36": 5.18542882446379,
        "22,37": 58.04911249294218,
        "22,38": 40.75798266201735,
        "22,39": 2.363979555914309,
        "22,40": 72.43367804214138,
        "23,0": 35.14432206850517,
        "23,1": 67.38201951889069,
        "23,2": 53.34921761341257,
        "23,3": 44.55320617061609,
        "23,4": 62.06050566666789,
        "23,5": 53.64471329749685,
        "23,6": 36.35383337014984,
