{
    "num_robots": 6,
    "num_tasks": 30,
    "num_nodes": 31,
    "robot_capacity": [
        75,
        57,
        66,
        67,
        66,
        58
    ],
    "robot_speed": [
        0.99,
        1.08,
        0.92,
        1.07,
        1.12,
        0.95
    ],
    "task_demand": {
        "0": 0,
        "1": 14,
        "2": 13,
        "3": 7,
        "4": 5,
        "5": 6,
        "6": 7,
        "7": 12,
        "8": 13,
        "9": 10,
        "10": 8,
        "11": 14,
        "12": 5,
        "13": 9,
        "14": 14,
        "15": 7,
        "16": 6,
        "17": 12,
        "18": 11,
        "19": 9,
        "20": 8,
        "21": 14,
        "22": 5,
        "23": 15,
        "24": 14,
        "25": 7,
        "26": 11,
        "27": 9,
        "28": 13,
        "29": 15,
        "30": 13
    },
    "task_service_time": {
        "0": 0,
        "1": 28,
        "2": 23,
        "3": 89,
        "4": 44,
        "5": 83,
        "6": 36,
        "7": 43,
        "8": 21,
        "9": 61,
        "10": 99,
        "11": 39,
        "12": 52,
        "13": 95,
        "14": 79,
        "15": 98,
        "16": 65,
        "17": 31,
        "18": 54,
        "19": 81,
        "20": 78,
        "21": 42,
        "22": 13,
        "23": 88,
        "24": 75,
        "25": 33,
        "26": 68,
        "27": 74,
        "28": 78,
        "29": 98,
        "30": 16
    },
    "task_precedence": [],
    "coordinates": {
        "0": [
            50.0,
            50.0
        ],
        "1": [
            72.21713121532379,
            68.00695093330606
        ],
        "2": [
            94.72039778692428,
            64.83551581528036
        ],
        "3": [
            25.77228876317279,
            78.53979070645846
        ],
        "4": [
            42.44797397894492,
            90.43669715934669
        ],
        "5": [
            72.9370891087459,
            30.35409471089362
        ],
        "6": [
            62.92665344899508,
            74.0936683904017
        ],
        "7": [
            33.03596363088378,
            30.034791120395653
        ],
        "8": [
            49.66579997533132,
            76.02444233996604
        ],
        "9": [
            7.826079361945226,
            16.669786501581164
        ],
        "10": [
            93.92612771978703,
            61.52930253571356
        ],
        "11": [
            55.88702031605561,
            34.47128429466291
        ],
        "12": [
            48.030379940193946,
            98.69072048115632
        ],
        "13": [
            40.336713129877076,
            76.0557388764752
        ],
        "14": [
            70.75521213699349,
            1.1374529753425011
        ],
        "15": [
            96.92865088219192,
            65.54479466105994
        ],
        "16": [
            43.44392989402582,
            77.95083312287213
        ],
        "17": [
            43.00068040305371,
            54.7257661388017
        ],
        "18": [
            1.4316531449872438,
            20.451340660262574
        ],
        "19": [
            46.38594347802175,
            88.66714006889316
        ],
        "20": [
            24.213309080863475,
            57.650306464343295
        ],
        "21": [
            22.41002625175256,
            25.89625522760699
        ],
        "22": [
            20.392632024418422,
            90.50764022664478
        ],
        "23": [
            59.07974358386219,
            77.54567444717479
        ],
        "24": [
            26.25465191436216,
            79.96290797191993
        ],
        "25": [
            90.39735122322031,
            82.45050696589631
        ],
        "26": [
            53.20346155156997,
            64.54856418445829
        ],
        "27": [
            7.122758490493153,
            58.056363715012274
        ],
        "28": [
            32.576629578910975,
            60.64036675928238
        ],
        "29": [
            82.94442328144376,
            7.942551421943689
        ],
        "30": [
            32.844692165789915,
            4.341905038138094
        ]
    },
    "distance_matrix_str_keys": {
        "0,0": 0.0,
        "0,1": 28.598097862504886,
        "0,2": 47.11694501690634,
        "0,3": 37.436635069721966,
        "0,4": 41.1358672472018,
        "0,5": 30.200524025438494,
        "0,6": 27.34233395116552,
        "0,7": 26.199009438124378,
        "0,8": 26.026588112211442,
        "0,9": 53.754466919830236,
        "0,10": 45.41397927307245,
        "0,11": 16.607167719356433,
        "0,12": 48.73054138991363,
        "0,13": 27.78993777490967,
        "0,14": 53.08792077853933,
        "0,15": 49.43621056146163,
        "0,16": 28.70942576049012,
        "0,17": 8.445314702179024,
        "0,18": 56.85074832405181,
        "0,19": 38.83566821430341,
        "0,20": 26.89759501437723,
        "0,21": 36.63600910964029,
        "0,22": 50.17434758093805,
        "0,23": 29.00355020162919,
        "0,24": 38.23110526576295,
        "0,25": 51.816806040086114,
        "0,26": 14.897076415917638,
        "0,27": 43.627546754007874,
        "0,28": 20.415465745422544,
        "0,29": 53.42437651711795,
        "0,30": 48.774647332737416,
        "1,0": 28.598097862504886,
        "1,1": 0.0,
        "1,2": 22.72564646165998,
        "1,3": 47.624196624111455,
        "1,4": 37.27326439056328,
        "1,5": 37.65973872816916,
        "1,6": 11.106804514763052,
        "1,7": 54.56233878910599,
        "1,8": 23.934132721946018,
        "1,9": 82.35115063357917,
        "1,10": 22.654810923811084,
        "1,11": 37.30031446088089,
        "1,12": 39.07035514185375,
        "1,13": 32.8807549283313,
        "1,14": 66.88547648437348,
        "1,15": 24.833876414184136,
        "1,16": 30.44302723573844,
        "1,17": 32.093470794097215,
        "1,18": 85.27672586402281,
        "1,19": 33.07708685839753,
        "1,20": 49.108319296972475,
        "1,21": 65.22314311400659,
        "1,22": 56.49831621441049,
        "1,23": 16.23509162442,
        "1,24": 47.49204577821961,
        "1,25": 23.21931761275717,
        "1,26": 19.32563253782287,
        "1,27": 65.85052426843727,
        "1,28": 40.319175740327616,
        "1,29": 61.01480872486931,
        "1,30": 74.85604201093659,
        "2,0": 47.11694501690634,
        "2,1": 22.72564646165998,
        "2,2": 0.0,
        "2,3": 70.29686257752971,
        "2,4": 58.20504082098712,
        "2,5": 40.785793339677106,
        "2,6": 33.11428042597077,
        "2,7": 70.82414741061169,
        "2,8": 46.423150051878345,
        "2,9": 99.3506922716807,
        "2,10": 3.4002810456687325,
        "2,11": 49.29521033155887,
        "2,12": 57.67263345379979,
        "2,13": 55.52907853026304,
        "2,14": 68.05713285759488,
        "2,15": 2.3193659077061364,
        "2,16": 52.92719251623179,
        "2,17": 52.698540822194545,
        "2,18": 103.30897773698004,
        "2,19": 53.890312560837614,
        "2,20": 70.87225685147271,
        "2,21": 82.1282889549594,
        "2,22": 78.63634487333775,
        "2,23": 37.839190853798236,
        "2,24": 70.11701898502972,
        "2,25": 18.13771332964084,
        "2,26": 41.517927881927186,
        "2,27": 87.85956586226808,
        "2,28": 62.28520853857139,
        "2,29": 58.09890681428697,
        "2,30": 86.53369223007685,
        "3,0": 37.436635069721966,
        "3,1": 47.624196624111455,
        "3,2": 70.29686257752971,
        "3,3": 0.0,
        "3,4": 20.484502936715234,
        "3,5": 67.42684695441991,
        "3,6": 37.41944439534634,
        "3,7": 49.04585566006336,
        "3,8": 24.025545892869143,
        "3,9": 64.42021307155265,
        "3,10": 70.24459034211218,
        "3,11": 53.37537179138579,
        "3,12": 30.02469972588222,
        "3,13": 14.774740966510809,
        "3,14": 89.52421617359609,
        "3,15": 72.33324126729634,
        "3,16": 17.681452748372248,
        "3,17": 29.392605270817324,
        "3,18": 62.98201783895684,
        "3,19": 22.967062629161383,
        "3,20": 20.947576698783827,
        "3,21": 52.75079750021602,
        "3,22": 13.121361543858518,
        "3,23": 33.322287042897244,
        "3,24": 1.5026433245716946,
        "3,25": 64.74328072956202,
        "3,26": 30.79324049425171,
        "3,27": 27.701547983921408,
        "3,28": 19.14911046439132,
        "3,29": 90.84394949566155,
        "3,30": 74.53418764257441,
        "4,0": 41.1358672472018,
        "4,1": 37.27326439056328,
        "4,2": 58.20504082098712,
        "4,3": 20.484502936715234,
        "4,4": 0.0,
        "4,5": 67.3758507061478,
        "4,6": 26.2005897296152,
        "4,7": 61.13081213210143,
        "4,8": 16.118625905854135,
        "4,9": 81.4876229550316,
        "4,10": 59.03929010830186,
        "4,11": 57.5563671852691,
        "4,12": 9.964545012852613,
        "4,13": 14.535108651348182,
        "4,14": 93.67846467556397,
        "4,15": 59.89783773910545,
        "4,16": 12.52552309973973,
        "4,17": 35.71520794767089,
        "4,18": 81.11897866133452,
        "4,19": 4.317283413448065,
        "4,20": 37.51600216908418,
        "4,21": 67.57949388580799,
        "4,22": 22.05545605173229,
        "4,23": 21.04267632115225,
        "4,24": 19.28532964276112,
        "4,25": 48.60989623440681,
        "4,26": 28.033478946616604,
        "4,27": 47.92031764577354,
        "4,28": 31.388927117279405,
        "4,29": 91.89802221513662,
        "4,30": 86.62872648248383,
        "5,0": 30.200524025438494,
        "5,1": 37.65973872816916,
        "5,2": 40.785793339677106,
        "5,3": 67.42684695441991,
        "5,4": 67.3758507061478,
        "5,5": 0.0,
        "5,6": 44.87047055428689,
        "5,7": 39.90240305022997,
        "5,8": 51.257521891828716,
        "5,9": 66.53347940259422,
        "5,10": 37.58235390095317,
        "5,11": 17.54012816099613,
        "5,12": 72.73402631005493,
        "5,13": 56.13755243507722,
        "5,14": 29.297998932067202,
        "5,15": 42.59084877425798,
        "5,16": 55.993713467880816,
        "5,17": 38.60268040413974,
        "5,18": 72.18789309956676,
        "5,19": 64.0731971516018,
        "5,20": 55.848813024939375,
        "5,21": 50.7233320456504,
        "5,22": 79.87095221920343,
        "5,23": 49.18405456041417,
        "5,24": 68.1196322331159,
        "5,25": 54.94448946845666,
        "5,26": 39.480093707384725,
        "5,27": 71.40687517813137,
        "5,28": 50.460132461661814,
        "5,29": 24.54432744722338,
        "5,30": 47.791571476599884,
        "6,0": 27.34233395116552,
        "6,1": 11.106804514763052,
        "6,2": 33.11428042597077,
        "6,3": 37.41944439534634,
        "6,4": 26.2005897296152,
        "6,5": 44.87047055428689,
        "6,6": 0.0,
        "6,7": 53.24131857961444,
        "6,8": 13.400676210337172,
        "6,9": 79.58376389631042,
        "6,10": 33.448926655364374,
        "6,11": 40.24288453971253,
        "6,12": 28.7561112809835,
        "6,13": 22.674988957299053,
        "6,14": 73.37503457457419,
        "6,15": 35.06022064230849,
        "6,16": 19.860872007360797,
        "6,17": 27.7877678026702,
        "6,18": 81.60351945043533,
        "6,19": 22.044980451514334,
        "6,20": 42.060755860979185,
        "6,21": 62.96497212756844,
        "6,22": 45.59124312833911,
        "6,23": 5.168661463711359,
        "6,24": 37.13870851041242,
        "6,25": 28.71368989140368,
        "6,26": 13.625324765908225,
        "6,27": 58.062637158423875,
        "6,28": 33.19812153861349,
        "6,29": 69.11353981123747,
        "6,30": 75.96204898101709,
        "7,0": 26.199009438124378,
        "7,1": 54.56233878910599,
        "7,2": 70.82414741061169,
        "7,3": 49.04585566006336,
        "7,4": 61.13081213210143,
        "7,5": 39.90240305022997,
        "7,6": 53.24131857961444,
        "7,7": 0.0,
        "7,8": 48.90398221148091,
        "7,9": 28.533517366672623,
        "7,10": 68.55301840227864,
        "7,11": 23.277741800145826,
        "7,12": 70.2742424850433,
        "7,13": 46.596443808673364,
        "7,14": 47.516290466904124,
        "7,15": 73.09744069152806,
        "7,16": 49.03338498327229,
        "7,17": 26.62592397850479,
        "7,18": 33.0253684916728,
        "7,19": 60.13297186350735,
        "7,20": 28.990617810264094,
        "7,21": 11.403421614634711,
        "7,22": 61.78041205057006,
        "7,23": 54.18083156181696,
        "7,24": 50.386536306200846,
        "7,25": 77.70287030808146,
        "7,26": 39.97409790725111,
        "7,27": 38.166775228244475,
        "7,28": 30.609022329354435,
        "7,29": 54.57949614631332,
        "7,30": 25.693598035487817,
        "8,0": 26.026588112211442,
        "8,1": 23.934132721946018,
        "8,2": 46.423150051878345,
        "8,3": 24.025545892869143,
        "8,4": 16.118625905854135,
        "8,5": 51.257521891828716,
        "8,6": 13.400676210337172,
        "8,7": 48.90398221148091,
        "8,8": 0.0,
        "8,9": 72.61912551593637,
        "8,10": 46.573444042624345,
        "8,11": 42.01628881833547,
        "8,12": 22.725201065449976,
        "8,13": 9.329139340969501,
        "8,14": 77.7999002661424,
        "8,15": 48.410743552626165,
        "8,16": 6.513267133866841,
        "8,17": 22.317200246330238,
        "8,18": 73.58602143582605,
        "8,19": 13.061212214337637,
        "8,20": 31.391689376470573,
        "8,21": 57.05884983455771,
        "8,22": 32.66008853183116,
        "8,23": 9.536062153142774,
        "8,24": 23.740121420639404,
        "8,25": 41.23534374339615,
        "8,26": 12.00878132318411,
        "8,27": 46.18183872750393,
        "8,28": 22.99368448748649,
        "8,29": 75.78001478043947,
        "8,30": 73.6297210504574,
        "9,0": 53.754466919830236,
        "9,1": 82.35115063357917,
        "9,2": 99.3506922716807,
        "9,3": 64.42021307155265,
        "9,4": 81.4876229550316,
        "9,5": 66.53347940259422,
        "9,6": 79.58376389631042,
        "9,7": 28.533517366672623,
        "9,8": 72.61912551593637,
        "9,9": 0.0,
        "9,10": 97.0855010083343,
        "9,11": 51.2518035689631,
        "9,12": 91.34450939092068,
        "9,13": 67.70253058391373,
        "9,14": 64.81766068433797,
        "9,15": 101.62693872251488,
        "9,16": 70.88016613641979,
        "9,17": 51.82190795937268,
        "9,18": 7.4289190666718286,
        "9,19": 81.67301905370475,
        "9,20": 44.135522136697816,
        "9,21": 17.257439903909663,
        "9,22": 74.89957869402606,
        "9,23": 79.57896599816739,
        "9,24": 65.92140404890321,
        "9,25": 105.57044151462553,
        "9,26": 65.96578027121066,
        "9,27": 41.392552877196586,
        "9,28": 50.45791973755445,
        "9,29": 75.62360891509553,
        "9,30": 27.890995823121926,
        "10,0": 45.41397927307245,
        "10,1": 22.654810923811084,
        "10,2": 3.4002810456687325,
        "10,3": 70.24459034211218,
        "10,4": 59.03929010830186,
        "10,5": 37.58235390095317,
        "10,6": 33.448926655364374,
        "10,7": 68.55301840227864,
        "10,8": 46.573444042624345,
        "10,9": 97.0855010083343,
        "10,10": 0.0,
        "10,11": 46.68093875668788,
        "10,12": 59.05413319966604,
        "10,13": 55.52335282429777,
        "10,14": 64.6843630429135,
        "10,15": 5.013912878131868,
        "10,16": 53.08595825775658,
        "10,17": 51.37790665172615,
        "10,18": 101.20586336131564,
        "10,19": 54.740582237662025,
        "10,20": 69.82065377168243,
        "10,21": 79.90160717812856,
        "10,22": 79.0374534288045,
        "10,23": 38.350940751886114,
        "10,24": 70.13719731399269,
        "10,25": 21.216716484230542,
        "10,26": 40.83443988536675,
        "10,27": 86.872816309876,
        "10,28": 61.355938008899955,
        "10,29": 54.70043626243071,
        "10,30": 83.6740115082503,
        "11,0": 16.607167719356433,
        "11,1": 37.30031446088089,
        "11,2": 49.29521033155887,
        "11,3": 53.37537179138579,
        "11,4": 57.5563671852691,
        "11,5": 17.54012816099613,
        "11,6": 40.24288453971253,
        "11,7": 23.277741800145826,
        "11,8": 42.01628881833547,
        "11,9": 51.2518035689631,
        "11,10": 46.68093875668788,
        "11,11": 0.0,
        "11,12": 64.69824404191137,
        "11,13": 44.39683453188217,
        "11,14": 36.499416960399664,
        "11,15": 51.477941742243324,
        "11,16": 45.22501150420461,
        "11,17": 24.006286491833215,
        "11,18": 56.23118203672792,
        "11,19": 55.02237039771542,
        "11,20": 39.24908982578923,
        "11,21": 34.557781396991274,
        "11,22": 66.33192886034048,
        "11,23": 43.19255223850063,
        "11,24": 54.291482590613164,
        "11,25": 59.10134302583829,
        "11,26": 30.196758985221198,
        "11,27": 54.168341331964335,
        "11,28": 35.0456158935524,
        "11,29": 37.8929640311165,
        "11,30": 37.930573169516364,
        "12,0": 48.73054138991363,
        "12,1": 39.07035514185375,
        "12,2": 57.67263345379979,
        "12,3": 30.02469972588222,
        "12,4": 9.964545012852613,
        "12,5": 72.73402631005493,
        "12,6": 28.7561112809835,
        "12,7": 70.2742424850433,
        "12,8": 22.725201065449976,
        "12,9": 91.34450939092068,
        "12,10": 59.05413319966604,
        "12,11": 64.69824404191137,
        "12,12": 0.0,
        "12,13": 23.906796130649205,
        "12,14": 100.16515361857918,
        "12,15": 59.073626091415576,
        "12,16": 21.240961646317054,
        "12,17": 44.25172412188292,
        "12,18": 91.06504210558731,
        "12,19": 10.157575279525476,
        "12,20": 47.45069490523602,
        "12,21": 77.17147591352023,
        "12,22": 28.82373869413423,
        "12,23": 23.857942256389496,
        "12,24": 28.721303808081323,
        "12,25": 45.37295219310745,
        "12,26": 34.53183473182556,
        "12,27": 57.659209519991656,
        "12,28": 41.06881808122288,
        "12,29": 97.23281652834143,
        "12,30": 95.56308957271315,
        "13,0": 27.78993777490967,
        "13,1": 32.8807549283313,
        "13,2": 55.52907853026304,
        "13,3": 14.774740966510809,
        "13,4": 14.535108651348182,
        "13,5": 56.13755243507722,
        "13,6": 22.674988957299053,
        "13,7": 46.596443808673364,
        "13,8": 9.329139340969501,
        "13,9": 67.70253058391373,
        "13,10": 55.52335282429777,
        "13,11": 44.39683453188217,
        "13,12": 23.906796130649205,
        "13,13": 0.0,
        "13,14": 80.85811427562358,
        "13,15": 57.5597721230848,
        "13,16": 3.639529945217338,
        "13,17": 21.4956846511678,
        "13,18": 67.86348645195756,
        "13,19": 13.987159391421677,
        "13,20": 24.468839375934934,
        "13,21": 53.266686609431595,
        "13,22": 24.6297345453853,
        "13,23": 18.802156754049502,
        "13,24": 14.614048666194725,
        "13,25": 50.46742063183105,
        "13,26": 17.26175785775398,
        "13,27": 37.77756330138487,
        "13,28": 17.25840648001723,
        "13,29": 80.34191477414555,
        "13,30": 72.1041215321215,
        "14,0": 53.08792077853933,
        "14,1": 66.88547648437348,
        "14,2": 68.05713285759488,
        "14,3": 89.52421617359609,
        "14,4": 93.67846467556397,
        "14,5": 29.297998932067202,
        "14,6": 73.37503457457419,
        "14,7": 47.516290466904124,
        "14,8": 77.7999002661424,
        "14,9": 64.81766068433797,
        "14,10": 64.6843630429135,
        "14,11": 36.499416960399664,
        "14,12": 100.16515361857918,
        "14,13": 80.85811427562358,
        "14,14": 0.0,
        "14,15": 69.52233136747796,
        "14,16": 81.5242387725512,
        "14,17": 60.349161878813575,
        "14,18": 71.96375538299733,
        "14,19": 90.8587220781144,
        "14,20": 73.21100565868136,
        "14,21": 54.31625251474218,
        "14,22": 102.58372114974371,
        "14,23": 77.29510252547526,
        "14,24": 90.51934718912578,
        "14,25": 83.65181634102991,
        "14,26": 65.79538717408512,
        "14,27": 85.37477119655729,
        "14,28": 70.69795552152343,
        "14,29": 13.960165944283203,
        "14,30": 38.045709843683824,
        "15,0": 49.43621056146163,
        "15,1": 24.833876414184136,
        "15,2": 2.3193659077061364,
        "15,3": 72.33324126729634,
        "15,4": 59.89783773910545,
        "15,5": 42.59084877425798,
        "15,6": 35.06022064230849,
        "15,7": 73.09744069152806,
        "15,8": 48.410743552626165,
        "15,9": 101.62693872251488,
        "15,10": 5.013912878131868,
        "15,11": 51.477941742243324,
        "15,12": 59.073626091415576,
        "15,13": 57.5597721230848,
        "15,14": 69.52233136747796,
        "15,15": 0.0,
        "15,16": 54.90469168930773,
        "15,17": 55.00252156187241,
        "15,18": 105.60822018451833,
        "15,19": 55.58064527245706,
        "15,20": 73.14262695017264,
        "15,21": 84.40990520086135,
        "15,22": 80.5040734455636,
        "15,23": 39.70593027896887,
        "15,24": 72.12971732614513,
        "15,25": 18.123492593018003,
        "15,26": 43.736536867489235,
        "15,27": 90.11756158653596,
        "15,28": 64.53864004502773,
        "15,29": 59.27543376279789,
        "15,30": 88.614600732391,
        "16,0": 28.70942576049012,
        "16,1": 30.44302723573844,
        "16,2": 52.92719251623179,
        "16,3": 17.681452748372248,
        "16,4": 12.52552309973973,
        "16,5": 55.993713467880816,
        "16,6": 19.860872007360797,
        "16,7": 49.03338498327229,
        "16,8": 6.513267133866841,
        "16,9": 70.88016613641979,
        "16,10": 53.08595825775658,
        "16,11": 45.22501150420461,
        "16,12": 21.240961646317054,
        "16,13": 3.639529945217338,
        "16,14": 81.5242387725512,
        "16,15": 54.90469168930773,
        "16,16": 0.0,
        "16,17": 23.229296298549492,
        "16,18": 71.2125201849752,
        "16,19": 11.112815956802095,
        "16,20": 27.962978372721185,
        "16,21": 56.14360321787926,
        "16,22": 26.2494902448547,
        "16,23": 15.64106208976127,
        "16,24": 17.30663810970579,
        "16,25": 47.16853653878241,
        "16,26": 16.57918185171328,
        "16,27": 41.41276862448429,
        "16,28": 20.438944734595943,
        "16,29": 80.38313557311632,
        "16,30": 74.36812579461181,
        "17,0": 8.445314702179024,
        "17,1": 32.093470794097215,
        "17,2": 52.698540822194545,
        "17,3": 29.392605270817324,
        "17,4": 35.71520794767089,
        "17,5": 38.60268040413974,
        "17,6": 27.7877678026702,
        "17,7": 26.62592397850479,
        "17,8": 22.317200246330238,
        "17,9": 51.82190795937268,
        "17,10": 51.37790665172615,
        "17,11": 24.006286491833215,
        "17,12": 44.25172412188292,
        "17,13": 21.4956846511678,
        "17,14": 60.349161878813575,
        "17,15": 55.00252156187241,
        "17,16": 23.229296298549492,
        "17,17": 0.0,
        "17,18": 53.876899215394765,
        "17,19": 34.10977675607148,
        "17,20": 19.013633459009743,
        "17,21": 35.427612645466105,
        "17,22": 42.32571753353946,
        "17,23": 27.915667428434986,
        "17,24": 30.287667425026232,
        "17,25": 54.9099777705728,
        "17,26": 14.16277178416265,
        "17,27": 36.03218229553204,
        "17,28": 11.985129790039872,
        "17,29": 61.5156221977684,
        "17,30": 51.39725242156826,
        "18,0": 56.85074832405181,
        "18,1": 85.27672586402281,
        "18,2": 103.30897773698004,
        "18,3": 62.98201783895684,
        "18,4": 81.11897866133452,
        "18,5": 72.18789309956676,
        "18,6": 81.60351945043533,
        "18,7": 33.0253684916728,
        "18,8": 73.58602143582605,
        "18,9": 7.4289190666718286,
        "18,10": 101.20586336131564,
        "18,11": 56.23118203672792,
        "18,12": 91.06504210558731,
        "18,13": 67.86348645195756,
        "18,14": 71.96375538299733,
        "18,15": 105.60822018451833,
        "18,16": 71.2125201849752,
        "18,17": 53.876899215394765,
        "18,18": 0.0,
        "18,19": 81.6962882162053,
        "18,20": 43.620716455301505,
        "18,21": 21.673468408455847,
        "18,22": 72.57688219399424,
        "18,23": 81.13609111745556,
        "18,24": 64.48106630472478,
        "18,25": 108.43796409533404,
        "18,26": 68.00650901370243,
        "18,27": 38.03322809073538,
        "18,28": 50.84454125918887,
        "18,29": 82.46697219813203,
        "18,30": 35.30287433886715,
        "19,0": 38.83566821430341,
        "19,1": 33.07708685839753,
        "19,2": 53.890312560837614,
        "19,3": 22.967062629161383,
        "19,4": 4.317283413448065,
        "19,5": 64.0731971516018,
        "19,6": 22.044980451514334,
        "19,7": 60.13297186350735,
        "19,8": 13.061212214337637,
        "19,9": 81.67301905370475,
        "19,10": 54.740582237662025,
        "19,11": 55.02237039771542,
        "19,12": 10.157575279525476,
        "19,13": 13.987159391421677,
        "19,14": 90.8587220781144,
        "19,15": 55.58064527245706,
        "19,16": 11.112815956802095,
        "19,17": 34.10977675607148,
        "19,18": 81.6962882162053,
        "19,19": 0.0,
        "19,20": 38.12702037876,
        "19,21": 67.19396245645082,
        "19,22": 26.058389841943608,
        "19,23": 16.87659795995918,
        "19,24": 21.932454409369026,
        "19,25": 44.44829061787866,
        "19,26": 25.063604197648832,
        "19,27": 49.78571405887641,
        "19,28": 31.244154213428235,
        "19,29": 88.61705060402551,
        "19,30": 85.40556627113423,
        "20,0": 26.89759501437723,
        "20,1": 49.108319296972475,
        "20,2": 70.87225685147271,
        "20,3": 20.947576698783827,
        "20,4": 37.51600216908418,
        "20,5": 55.848813024939375,
        "20,6": 42.060755860979185,
        "20,7": 28.990617810264094,
        "20,8": 31.391689376470573,
        "20,9": 44.135522136697816,
        "20,10": 69.82065377168243,
        "20,11": 39.24908982578923,
        "20,12": 47.45069490523602,
        "20,13": 24.468839375934934,
        "20,14": 73.21100565868136,
        "20,15": 73.14262695017264,
        "20,16": 27.962978372721185,
        "20,17": 19.013633459009743,
        "20,18": 43.620716455301505,
        "20,19": 38.12702037876,
        "20,20": 0.0,
        "20,21": 31.805213391943163,
        "20,22": 33.07872360199109,
        "20,23": 40.14341692138545,
        "20,24": 22.40578645349874,
        "20,25": 70.67798369519674,
        "20,26": 29.799578853533085,
        "20,27": 17.095373700882593,
        "20,28": 8.881756038106017,
        "20,29": 76.94286637887106,
        "20,30": 54.00265212539279,
        "21,0": 36.63600910964029,
        "21,1": 65.22314311400659,
        "21,2": 82.1282889549594,
        "21,3": 52.75079750021602,
        "21,4": 67.57949388580799,
        "21,5": 50.7233320456504,
        "21,6": 62.96497212756844,
        "21,7": 11.403421614634711,
        "21,8": 57.05884983455771,
        "21,9": 17.257439903909663,
        "21,10": 79.90160717812856,
        "21,11": 34.557781396991274,
        "21,12": 77.17147591352023,
        "21,13": 53.266686609431595,
        "21,14": 54.31625251474218,
        "21,15": 84.40990520086135,
        "21,16": 56.14360321787926,
        "21,17": 35.427612645466105,
        "21,18": 21.673468408455847,
        "21,19": 67.19396245645082,
        "21,20": 31.805213391943163,
        "21,21": 0.0,
        "21,22": 64.6428723910252,
        "21,23": 63.342960737050184,
        "21,24": 54.20317412716454,
        "21,25": 88.43449409847814,
        "21,26": 49.41899073493841,
        "21,27": 35.60861038465442,
        "21,28": 36.20100978339261,
        "21,29": 63.14070560335683,
        "21,30": 23.94728094853006,
        "22,0": 50.17434758093805,
        "22,1": 56.49831621441049,
        "22,2": 78.63634487333775,
        "22,3": 13.121361543858518,
        "22,4": 22.05545605173229,
        "22,5": 79.87095221920343,
        "22,6": 45.59124312833911,
        "22,7": 61.78041205057006,
        "22,8": 32.66008853183116,
        "22,9": 74.89957869402606,
        "22,10": 79.0374534288045,
        "22,11": 66.33192886034048,
        "22,12": 28.82373869413423,
        "22,13": 24.6297345453853,
        "22,14": 102.58372114974371,
        "22,15": 80.5040734455636,
        "22,16": 26.2494902448547,
        "22,17": 42.32571753353946,
        "22,18": 72.57688219399424,
        "22,19": 26.058389841943608,
        "22,20": 33.07872360199109,
        "22,21": 64.6428723910252,
        "22,22": 0.0,
        "22,23": 40.80079849317901,
        "22,24": 12.064603413039759,
        "22,25": 70.46685821352163,
        "22,26": 41.838070739743976,
        "22,27": 35.05959056864187,
        "22,28": 32.25684145700088,
        "22,29": 103.58436406519398,
        "22,30": 87.06082771453642,
        "23,0": 29.00355020162919,
        "23,1": 16.23509162442,
        "23,2": 37.839190853798236,
        "23,3": 33.322287042897244,
        "23,4": 21.04267632115225,
        "23,5": 49.18405456041417,
        "23,6": 5.168661463711359,
        "23,7": 54.18083156181696,
        "23,8": 9.536062153142774,
        "23,9": 79.57896599816739,
        "23,10": 38.350940751886114,
        "23,11": 43.19255223850063,
        "23,12": 23.857942256389496,
        "23,13": 18.802156754049502,
        "23,14": 77.29510252547526,
        "23,15": 39.70593027896887,
        "23,16": 15.64106208976127,
        "23,17": 27.915667428434986,
        "23,18": 81.13609111745556,
        "23,19": 16.87659795995918,
        "23,20": 40.14341692138545,
        "23,21": 63.342960737050184,
        "23,22": 40.80079849317901,
        "23,23": 0.0,
        "23,24": 32.91397364379196,
        "23,25": 31.699367979338174,
        "23,26": 14.263785111401917,
        "23,27": 55.49199521379058,
        "23,28": 31.435719810142018,
        "23,29": 73.58068817246559,
        "23,30": 77.76290747265249,
        "24,0": 38.23110526576295,
        "24,1": 47.49204577821961,
        "24,2": 70.11701898502972,
        "24,3": 1.5026433245716946,
        "24,4": 19.28532964276112,
        "24,5": 68.1196322331159,
        "24,6": 37.13870851041242,
        "24,7": 50.386536306200846,
        "24,8": 23.740121420639404,
        "24,9": 65.92140404890321,
        "24,10": 70.13719731399269,
        "24,11": 54.291482590613164,
        "24,12": 28.721303808081323,
        "24,13": 14.614048666194725,
        "24,14": 90.51934718912578,
        "24,15": 72.12971732614513,
        "24,16": 17.30663810970579,
        "24,17": 30.287667425026232,
        "24,18": 64.48106630472478,
        "24,19": 21.932454409369026,
        "24,20": 22.40578645349874,
        "24,21": 54.20317412716454,
        "24,22": 12.064603413039759,
        "24,23": 32.91397364379196,
        "24,24": 0.0,
        "24,25": 64.19091854290157,
        "24,26": 31.045778058546418,
        "24,27": 29.084807499141817,
        "24,28": 20.33046975613527,
        "24,29": 91.6551249807543,
        "24,30": 75.90760643852815,
        "25,0": 51.816806040086114,
        "25,1": 23.21931761275717,
        "25,2": 18.13771332964084,
        "25,3": 64.74328072956202,
        "25,4": 48.60989623440681,
        "25,5": 54.94448946845666,
        "25,6": 28.71368989140368,
        "25,7": 77.70287030808146,
        "25,8": 41.23534374339615,
        "25,9": 105.57044151462553,
        "25,10": 21.216716484230542,
        "25,11": 59.10134302583829,
        "25,12": 45.37295219310745,
        "25,13": 50.46742063183105,
        "25,14": 83.65181634102991,
        "25,15": 18.123492593018003,
        "25,16": 47.16853653878241,
        "25,17": 54.9099777705728,
        "25,18": 108.43796409533404,
        "25,19": 44.44829061787866,
        "25,20": 70.67798369519674,
        "25,21": 88.43449409847814,
        "25,22": 70.46685821352163,
        "25,23": 31.699367979338174,
        "25,24": 64.19091854290157,
        "25,25": 0.0,
        "25,26": 41.277899465171174,
        "25,27": 86.77402848632893,
        "25,28": 61.79739531162183,
        "25,29": 74.87978081060957,
        "25,30": 97.02196792319674,
        "26,0": 14.897076415917638,
        "26,1": 19.32563253782287,
        "26,2": 41.517927881927186,
        "26,3": 30.79324049425171,
        "26,4": 28.033478946616604,
        "26,5": 39.480093707384725,
        "26,6": 13.625324765908225,
        "26,7": 39.97409790725111,
        "26,8": 12.00878132318411,
        "26,9": 65.96578027121066,
        "26,10": 40.83443988536675,
        "26,11": 30.196758985221198,
        "26,12": 34.53183473182556,
        "26,13": 17.26175785775398,
        "26,14": 65.79538717408512,
        "26,15": 43.736536867489235,
        "26,16": 16.57918185171328,
        "26,17": 14.16277178416265,
        "26,18": 68.00650901370243,
        "26,19": 25.063604197648832,
        "26,20": 29.799578853533085,
        "26,21": 49.41899073493841,
        "26,22": 41.838070739743976,
        "26,23": 14.263785111401917,
        "26,24": 31.045778058546418,
        "26,25": 41.277899465171174,
        "26,26": 0.0,
        "26,27": 46.53579118848856,
        "26,28": 20.99381347784292,
        "26,29": 63.94345537651044,
        "26,30": 63.55565511002586,
        "27,0": 43.627546754007874,
        "27,1": 65.85052426843727,
        "27,2": 87.85956586226808,
        "27,3": 27.701547983921408,
        "27,4": 47.92031764577354,
        "27,5": 71.40687517813137,
        "27,6": 58.062637158423875,
        "27,7": 38.166775228244475,
        "27,8": 46.18183872750393,
        "27,9": 41.392552877196586,
        "27,10": 86.872816309876,
        "27,11": 54.168341331964335,
        "27,12": 57.659209519991656,
        "27,13": 37.77756330138487,
        "27,14": 85.37477119655729,
        "27,15": 90.11756158653596,
        "27,16": 41.41276862448429,
        "27,17": 36.03218229553204,
        "27,18": 38.03322809073538,
        "27,19": 49.78571405887641,
        "27,20": 17.095373700882593,
        "27,21": 35.60861038465442,
        "27,22": 35.05959056864187,
        "27,23": 55.49199521379058,
        "27,24": 29.084807499141817,
        "27,25": 86.77402848632893,
        "27,26": 46.53579118848856,
        "27,27": 0.0,
        "27,28": 25.584695134368705,
        "27,29": 90.88629728521342,
        "27,30": 59.55552823160911,
        "28,0": 20.415465745422544,
        "28,1": 40.319175740327616,
        "28,2": 62.28520853857139,
        "28,3": 19.14911046439132,
        "28,4": 31.388927117279405,
        "28,5": 50.460132461661814,
        "28,6": 33.19812153861349,
        "28,7": 30.609022329354435,
        "28,8": 22.99368448748649,
        "28,9": 50.45791973755445,
        "28,10": 61.355938008899955,
        "28,11": 35.0456158935524,
        "28,12": 41.06881808122288,
        "28,13": 17.25840648001723,
        "28,14": 70.69795552152343,
        "28,15": 64.53864004502773,
        "28,16": 20.438944734595943,
        "28,17": 11.985129790039872,
        "28,18": 50.84454125918887,
        "28,19": 31.244154213428235,
        "28,20": 8.881756038106017,
        "28,21": 36.20100978339261,
        "28,22": 32.25684145700088,
        "28,23": 31.435719810142018,
        "28,24": 20.33046975613527,
        "28,25": 61.79739531162183,
        "28,26": 20.99381347784292,
        "28,27": 25.584695134368705,
        "28,28": 0.0,
        "28,29": 72.89701217326504,
        "28,30": 56.29909990148717,
        "29,0": 53.42437651711795,
        "29,1": 61.01480872486931,
        "29,2": 58.09890681428697,
        "29,3": 90.84394949566155,
        "29,4": 91.89802221513662,
        "29,5": 24.54432744722338,
        "29,6": 69.11353981123747,
        "29,7": 54.57949614631332,
        "29,8": 75.78001478043947,
        "29,9": 75.62360891509553,
        "29,10": 54.70043626243071,
        "29,11": 37.8929640311165,
        "29,12": 97.23281652834143,
        "29,13": 80.34191477414555,
        "29,14": 13.960165944283203,
        "29,15": 59.27543376279789,
        "29,16": 80.38313557311632,
        "29,17": 61.5156221977684,
        "29,18": 82.46697219813203,
        "29,19": 88.61705060402551,
        "29,20": 76.94286637887106,
        "29,21": 63.14070560335683,
        "29,22": 103.58436406519398,
        "29,23": 73.58068817246559,
        "29,24": 91.6551249807543,
        "29,25": 74.87978081060957,
        "29,26": 63.94345537651044,
        "29,27": 90.88629728521342,
        "29,28": 72.89701217326504,
        "29,29": 0.0,
        "29,30": 50.228952927987926,
        "30,0": 48.774647332737416,
        "30,1": 74.85604201093659,
        "30,2": 86.53369223007685,
        "30,3": 74.53418764257441,
        "30,4": 86.62872648248383,
        "30,5": 47.791571476599884,
        "30,6": 75.96204898101709,
        "30,7": 25.693598035487817,
        "30,8": 73.6297210504574,
        "30,9": 27.890995823121926,
        "30,10": 83.6740115082503,
        "30,11": 37.930573169516364,
        "30,12": 95.56308957271315,
        "30,13": 72.1041215321215,
        "30,14": 38.045709843683824,
        "30,15": 88.614600732391,
        "30,16": 74.36812579461181,
        "30,17": 51.39725242156826,
        "30,18": 35.30287433886715,
        "30,19": 85.40556627113423,
        "30,20": 54.00265212539279,
        "30,21": 23.94728094853006,
        "30,22": 87.06082771453642,
        "30,23": 77.76290747265249,
        "30,24": 75.90760643852815,
        "30,25": 97.02196792319674,
        "30,26": 63.55565511002586,
        "30,27": 59.55552823160911,
        "30,28": 56.29909990148717,
        "30,29": 50.228952927987926,
        "30,30": 0.0
    }
}