{
    "num_robots": 7,
    "num_tasks": 50,
    "num_nodes": 51,
    "robot_capacity": [
        105,
        107,
        98,
        88,
        111,
        97,
        84
    ],
    "robot_speed": [
        1.03,
        0.84,
        1.13,
        1.19,
        1.15,
        1.08,
        1.13
    ],
    "task_demand": {
        "0": 0,
        "1": 15,
        "2": 12,
        "3": 5,
        "4": 6,
        "5": 15,
        "6": 7,
        "7": 10,
        "8": 11,
        "9": 8,
        "10": 14,
        "11": 5,
        "12": 10,
        "13": 5,
        "14": 14,
        "15": 7,
        "16": 6,
        "17": 5,
        "18": 12,
        "19": 9,
        "20": 15,
        "21": 5,
        "22": 8,
        "23": 14,
        "24": 13,
        "25": 6,
        "26": 7,
        "27": 10,
        "28": 14,
        "29": 6,
        "30": 5,
        "31": 13,
        "32": 8,
        "33": 11,
        "34": 11,
        "35": 11,
        "36": 9,
        "37": 8,
        "38": 14,
        "39": 13,
        "40": 12,
        "41": 10,
        "42": 14,
        "43": 12,
        "44": 8,
        "45": 11,
        "46": 15,
        "47": 15,
        "48": 10,
        "49": 6,
        "50": 13
    },
    "task_service_time": {
        "0": 0,
        "1": 37,
        "2": 83,
        "3": 84,
        "4": 77,
        "5": 38,
        "6": 78,
        "7": 91,
        "8": 66,
        "9": 44,
        "10": 23,
        "11": 48,
        "12": 43,
        "13": 80,
        "14": 34,
        "15": 48,
        "16": 96,
        "17": 62,
        "18": 100,
        "19": 24,
        "20": 96,
        "21": 70,
        "22": 66,
        "23": 22,
        "24": 89,
        "25": 51,
        "26": 65,
        "27": 21,
        "28": 11,
        "29": 85,
        "30": 97,
        "31": 38,
        "32": 68,
        "33": 53,
        "34": 89,
        "35": 31,
        "36": 94,
        "37": 78,
        "38": 98,
        "39": 51,
        "40": 95,
        "41": 11,
        "42": 25,
        "43": 69,
        "44": 97,
        "45": 93,
        "46": 83,
        "47": 33,
        "48": 24,
        "49": 16,
        "50": 79
    },
    "task_precedence": [],
    "coordinates": {
        "0": [
            0,
            100
        ],
        "1": [
            17.72466020074227,
            66.64967848549324
        ],
        "2": [
            10.356949981881346,
            45.37658593779387
        ],
        "3": [
            32.93739300575208,
            21.226211581302778
        ],
        "4": [
            53.463534105327405,
            43.887526317684845
        ],
        "5": [
            65.85286814135483,
            24.033346547604275
        ],
        "6": [
            16.578590421201756,
            71.66369387192067
        ],
        "7": [
            47.87208585476031,
            7.774705449382202
        ],
        "8": [
            56.59402907503731,
            36.582928080293
        ],
        "9": [
            49.97562656653661,
            42.76047490521968
        ],
        "10": [
            41.20861513216472,
            72.16825788128834
        ],
        "11": [
            32.53925508651759,
            74.03009798455443
        ],
        "12": [
            59.32225740125603,
            98.56284676115396
        ],
        "13": [
            90.18360416173093,
            46.87932124943382
        ],
        "14": [
            35.582467801507875,
            94.78132893199039
        ],
        "15": [
            29.059121873076965,
            76.94788804405438
        ],
        "16": [
            32.02973000794439,
            45.47034658837408
        ],
        "17": [
            63.017406271239594,
            8.123734651583447
        ],
        "18": [
            49.251352430212094,
            58.54287049861322
        ],
        "19": [
            32.36859535858604,
            1.8647108547873992
        ],
        "20": [
            50.13904857694177,
            57.075744620256316
        ],
        "21": [
            6.887629990063826,
            64.20182868146334
        ],
        "22": [
            77.2811544753544,
            38.79617991043188
        ],
        "23": [
            87.35742979648845,
            74.31947289935206
        ],
        "24": [
            11.07378902591588,
            43.93714182217142
        ],
        "25": [
            34.591496356873755,
            34.45528578357637
        ],
        "26": [
            87.85028147777444,
            59.217251319259624
        ],
        "27": [
            55.594597354005074,
            48.38926817981547
        ],
        "28": [
            39.67759839270324,
            84.50963809521451
        ],
        "29": [
            2.345748800258729,
            89.65435916918332
        ],
        "30": [
            94.17034323983117,
            32.87735735140498
        ],
        "31": [
            85.98904094210722,
            4.411304790093751
        ],
        "32": [
            38.31446455846444,
            13.237896623209512
        ],
        "33": [
            98.30938580605306,
            84.27151932177404
        ],
        "34": [
            56.41069125186221,
            17.258054241618947
        ],
        "35": [
            0.4849307625636401,
            11.988947288553542
        ],
        "36": [
            79.57808216518976,
            57.77694363182692
        ],
        "37": [
            56.614935643584474,
            15.829105536924182
        ],
        "38": [
            96.49636776760595,
            68.91716142104806
        ],
        "39": [
            84.14505998465229,
            8.407893717506997
        ],
        "40": [
            51.078927634880365,
            42.79913343404341
        ],
        "41": [
            74.18999019015168,
            53.90914515640309
        ],
        "42": [
            40.61869137250399,
            46.65964864676925
        ],
        "43": [
            86.32251162668454,
            2.635490813112551
        ],
        "44": [
            95.48799181897499,
            12.868604797184535
        ],
        "45": [
            46.16770331854232,
            58.174001113498555
        ],
        "46": [
            26.14617456909265,
            32.05016535490523
        ],
        "47": [
            20.42524240090412,
            10.981802985053701
        ],
        "48": [
            21.369541040956854,
            60.41550331305818
        ],
        "49": [
            37.28306796847153,
            76.4911443101416
        ],
        "50": [
            95.57372691380647,
            0.2636239549625441
        ]
    },
    "distance_matrix_str_keys": {
        "0,0": 0.0,
        "0,1": 37.767810690490776,
        "0,2": 55.59661659434332,
        "0,3": 85.38256027930436,
        "0,4": 77.50457523127275,
        "0,5": 100.53622570595661,
        "0,6": 32.82980209106032,
        "0,7": 103.90977605131172,
        "0,8": 84.9977007795826,
        "0,9": 75.9863572215033,
        "0,10": 49.72681198783352,
        "0,11": 41.63218625387459,
        "0,12": 59.33966323305856,
        "0,13": 104.6656054801224,
        "0,14": 35.96312754143367,
        "0,15": 37.09221521645467,
        "0,16": 63.24070449934804,
        "0,17": 111.41113780734455,
        "0,18": 64.37693144830463,
        "0,19": 103.33567119394134,
        "0,20": 66.00315062257545,
        "0,21": 36.454746146850724,
        "0,22": 98.58135944791901,
        "0,23": 91.05388521537958,
        "0,24": 57.14606609783228,
        "0,25": 74.11262498333369,
        "0,26": 96.85506979854297,
        "0,27": 75.85793889876626,
        "0,28": 42.59416774810697,
        "0,29": 10.60824309837291,
        "0,30": 115.64386149743792,
        "0,31": 128.57415686706153,
        "0,32": 94.84545733332044,
        "0,33": 99.55963259277685,
        "0,34": 100.14187773052689,
        "0,35": 88.01238865762869,
        "0,36": 90.08583490293917,
        "0,37": 101.43958996684411,
        "0,38": 101.37895169346665,
        "0,39": 124.37646502889615,
        "0,40": 76.68765209749034,
        "0,41": 87.34140796110583,
        "0,42": 67.04529193985836,
        "0,43": 130.12080411195814,
        "0,44": 129.26653322345211,
        "0,45": 62.296637249233314,
        "0,46": 72.80661009065858,
        "0,47": 91.33142902050469,
        "0,48": 44.98432685124506,
        "0,49": 44.07599633574101,
        "0,50": 138.13646145312967,
        "1,0": 37.767810690490776,
        "1,1": 0.0,
        "1,2": 22.51283234984195,
        "1,3": 47.90322102941208,
        "1,4": 42.37195628335209,
        "1,5": 64.28433827469314,
        "1,6": 5.143328322682411,
        "1,7": 66.14476338734116,
        "1,8": 49.14099425748959,
        "1,9": 40.135008150333704,
        "1,10": 24.12365763661835,
        "1,11": 16.551217889078824,
        "1,12": 52.42909881207981,
        "1,13": 75.10769324898149,
        "1,14": 33.32103013338371,
        "1,15": 15.314148409678687,
        "1,16": 25.557760500428333,
        "1,17": 74.00485759905571,
        "1,18": 32.552306503039915,
        "1,19": 66.4194012907278,
        "1,20": 33.79870978985777,
        "1,21": 11.110049165068826,
        "1,22": 65.74795352824947,
        "1,23": 70.0538960224564,
        "1,24": 23.666292676861634,
        "1,25": 36.34513837314452,
        "1,26": 70.51839287073348,
        "1,27": 42.04253470622076,
        "1,28": 28.30034721555433,
        "1,29": 27.671759055442543,
        "1,30": 83.57339367344626,
        "1,31": 92.37770747453216,
        "1,32": 57.24297760593395,
        "1,33": 82.4889524442058,
        "1,34": 62.73867661926163,
        "1,35": 57.31495272689056,
        "1,36": 62.48656841670424,
        "1,37": 63.993625923532136,
        "1,38": 78.80433612348068,
        "1,39": 88.33897780942945,
        "1,40": 41.00433703060254,
        "1,41": 57.884839814260125,
        "1,42": 30.393057698209187,
        "1,43": 93.82686951833375,
        "1,44": 94.54913871334061,
        "1,45": 29.679012933640088,
        "1,46": 35.60966460288644,
        "1,47": 55.7333428654003,
        "1,48": 7.22150236584944,
        "1,49": 21.894879857777113,
        "1,50": 102.3112184671149,
        "2,0": 55.59661659434332,
        "2,1": 22.51283234984195,
        "2,2": 0.0,
        "2,3": 33.06231977210515,
        "2,4": 43.13229524780673,
        "2,5": 59.4586478153508,
        "2,6": 27.01334583676408,
        "2,7": 53.11578706773876,
        "2,8": 47.06586769179495,
        "2,9": 39.70495650739675,
        "2,10": 40.860970718682616,
        "2,11": 36.23642383526586,
        "2,12": 72.29370422826844,
        "2,13": 79.84079740938304,
        "2,14": 55.472113530952704,
        "2,15": 36.69493630097478,
        "2,16": 21.672982838495358,
        "2,17": 64.50502759906331,
        "2,18": 41.06245963102049,
        "2,19": 48.76264764580534,
        "2,20": 41.46668159504139,
        "2,21": 19.142255498339395,
        "2,22": 67.2469396371994,
        "2,23": 82.26034644559462,
        "2,24": 1.6080601907430092,
        "2,25": 26.581723703706064,
        "2,26": 78.7196318876942,
        "2,27": 45.33785387571852,
        "2,28": 48.8988363295737,
        "2,29": 44.996672618125665,
        "2,30": 84.74028324632005,
        "2,31": 86.01376309943657,
        "2,32": 42.597159202923784,
        "2,33": 96.16884532086938,
        "2,34": 53.95923377616784,
        "2,35": 34.81653598563224,
        "2,36": 70.32306884429191,
        "2,37": 54.8894783680635,
        "2,38": 89.2981410251434,
        "2,39": 82.53102072711403,
        "2,40": 40.803464624715886,
        "2,41": 64.40078873002822,
        "2,42": 30.2889293621958,
        "2,43": 87.16402794999468,
        "2,44": 91.12663234262091,
        "2,45": 38.0287245344691,
        "2,46": 20.66139149760819,
        "2,47": 35.83813062369545,
        "2,48": 18.6399087351429,
        "2,49": 41.14768003829633,
        "2,50": 96.42135867913224,
        "3,0": 85.38256027930436,
        "3,1": 47.90322102941208,
        "3,2": 33.06231977210515,
        "3,3": 0.0,
        "3,4": 30.575442008596415,
        "3,5": 33.03495890903326,
        "3,6": 53.02405154094398,
        "3,7": 20.099454413274866,
        "3,8": 28.203992124253716,
        "3,9": 27.45953203854059,
        "3,10": 51.60915807000082,
        "3,11": 52.805387349116536,
        "3,12": 81.71362316107718,
        "3,13": 62.73125797686569,
        "3,14": 73.60266101948059,
        "3,15": 55.85647871821233,
        "3,16": 24.26111980842371,
        "3,17": 32.80978664584292,
        "3,18": 40.726874479314176,
        "3,19": 19.36985392681827,
        "3,20": 39.76287179644929,
        "3,21": 50.2542915412518,
        "3,22": 47.69772498096306,
        "3,23": 76.02917072868655,
        "3,24": 31.52464958397969,
        "3,25": 13.332083938584121,
        "3,26": 66.77383035824576,
        "3,27": 35.372030654918554,
        "3,28": 63.64135793648617,
        "3,29": 74.95505371557182,
        "3,30": 62.33156016116857,
        "3,31": 55.6526588687371,
        "3,32": 9.629437904295614,
        "3,33": 90.81964694257145,
        "3,34": 23.806343760084697,
        "3,35": 33.74150792806497,
        "3,36": 59.25630682633284,
        "3,37": 24.284867284394185,
        "3,38": 79.4617516129306,
        "3,39": 52.78763520256665,
        "3,40": 28.186986996916062,
        "3,41": 52.630323213265115,
        "3,42": 26.56806476885566,
        "3,43": 56.529512547445954,
        "3,44": 63.10647354313742,
        "3,45": 39.245130427712425,
        "3,46": 12.77805240040538,
        "3,47": 16.17101790999253,
        "3,48": 40.86093226440201,
        "3,49": 55.435527240251695,
        "3,50": 66.05104393901186,
        "4,0": 77.50457523127275,
        "4,1": 42.37195628335209,
        "4,2": 43.13229524780673,
        "4,3": 30.575442008596415,
        "4,4": 0.0,
        "4,5": 23.402650537897287,
        "4,6": 46.17374312942479,
        "4,7": 36.54312691334562,
        "4,8": 7.947147548969194,
        "4,9": 3.6654800347967207,
        "4,10": 30.82179126545668,
        "4,11": 36.6933247219351,
        "4,12": 54.98831970750051,
        "4,13": 36.84174781224177,
        "4,14": 53.94359717988303,
        "4,15": 41.09212642198034,
        "4,16": 21.49216783142868,
        "4,17": 37.017904690823535,
        "4,18": 15.248658548398557,
        "4,19": 47.02035155289146,
        "4,20": 13.600783287176023,
        "4,21": 50.813243595358514,
        "4,22": 24.355714900806596,
        "4,23": 45.55106516726862,
        "4,24": 42.389774115885295,
        "4,25": 21.097890185332236,
        "4,26": 37.649022078672914,
        "4,27": 4.9806736856698315,
        "4,28": 42.89764549178336,
        "4,29": 68.6121779551713,
        "4,30": 42.1695166035722,
        "4,31": 51.149591015812206,
        "4,32": 34.18909341506667,
        "4,33": 60.349128458643065,
        "4,34": 26.792060732544346,
        "4,35": 61.84053489603429,
        "4,36": 29.578464018560023,
        "4,37": 28.234842099178646,
        "4,38": 49.782601442801734,
        "4,39": 46.90586700752141,
        "4,40": 2.621249146506146,
        "4,41": 23.022137737071713,
        "4,42": 13.140572553674168,
        "4,43": 52.73938601291777,
        "4,44": 52.2324471800921,
        "4,45": 16.04158685918639,
        "4,46": 29.771819672217795,
        "4,47": 46.629554434824165,
        "4,48": 36.09983953392945,
        "4,49": 36.39784870846064,
        "4,50": 60.63260835325831,
        "5,0": 100.53622570595661,
        "5,1": 64.28433827469314,
        "5,2": 59.4586478153508,
        "5,3": 33.03495890903326,
        "5,4": 23.402650537897287,
        "5,5": 0.0,
        "5,6": 68.53177679790441,
        "5,7": 24.241533408567772,
        "5,8": 15.595451179801419,
        "5,9": 24.55182552373121,
        "5,10": 54.076879490985824,
        "5,11": 60.07888122306873,
        "5,12": 74.81507387365326,
        "5,13": 33.375489140533396,
        "5,14": 76.95176507524708,
        "5,15": 64.44942564704476,
        "5,16": 40.04434596718654,
        "5,17": 16.16030923896213,
        "5,18": 38.295137644779125,
        "5,19": 40.15775058779693,
        "5,20": 36.58858012678997,
        "5,21": 71.34708310209058,
        "5,22": 18.669412883925865,
        "5,23": 54.69132175622917,
        "5,24": 58.283004169889885,
        "5,25": 32.95284787823117,
        "5,26": 41.49449780963982,
        "5,27": 26.42807291690044,
        "5,28": 65.897849629303,
        "5,29": 91.31961182837813,
        "5,30": 29.666410687013876,
        "5,31": 28.115653607825784,
        "5,32": 29.57880002576618,
        "5,33": 68.42560191981943,
        "5,34": 11.621501204406105,
        "5,35": 66.46829914078582,
        "5,36": 36.428173769521216,
        "5,37": 12.355119076507794,
        "5,38": 54.34685737867118,
        "5,39": 24.057411718171036,
        "5,40": 23.883552406543256,
        "5,41": 31.017268522067504,
        "5,42": 33.892672126645444,
        "5,43": 29.61206737886805,
        "5,44": 31.66847034104124,
        "5,45": 39.40926297571439,
        "5,46": 40.50791155108618,
        "5,47": 47.26533581579226,
        "5,48": 57.46675317805126,
        "5,49": 59.733190338485606,
        "5,50": 38.05691997919902,
        "6,0": 32.82980209106032,
        "6,1": 5.143328322682411,
        "6,2": 27.01334583676408,
        "6,3": 53.02405154094398,
        "6,4": 46.17374312942479,
        "6,5": 68.53177679790441,
        "6,6": 0.0,
        "6,7": 71.14130795891656,
        "6,8": 53.21555655243973,
        "6,9": 44.16738717571899,
        "6,10": 24.635192349608214,
        "6,11": 16.135138207742486,
        "6,12": 50.50332160422846,
        "6,13": 77.66571427620919,
        "6,14": 29.926115789662298,
        "6,15": 13.553094604925407,
        "6,16": 30.411003871057645,
        "6,17": 78.70127086188535,
        "6,18": 35.20888216474588,
        "6,19": 71.56271575442535,
        "6,20": 36.59388767256508,
        "6,21": 12.230868579068286,
        "6,22": 69.02952090777659,
        "6,23": 70.82864720969319,
        "6,24": 28.267729427193046,
        "6,25": 41.339211563794166,
        "6,26": 72.35031360180989,
        "6,27": 45.43069103896487,
        "6,28": 26.430710400128586,
        "6,29": 22.93987398494113,
        "6,30": 86.7459509495975,
        "6,31": 96.64726834592119,
        "6,32": 62.33796602920591,
        "6,33": 82.69752219271386,
        "6,34": 67.42825728258263,
        "6,35": 61.80680594398292,
        "6,36": 64.5118422635066,
        "6,37": 68.705241381603,
        "6,38": 79.9649584286338,
        "6,39": 92.55551881138051,
        "6,40": 44.982620167453625,
        "6,41": 60.28513401684904,
        "6,42": 34.68614610143681,
        "6,43": 98.12801517734188,
        "6,44": 98.40506149716616,
        "6,45": 32.5190315472062,
        "6,46": 40.75254971158699,
        "6,47": 60.80368914020412,
        "6,48": 12.225996838271103,
        "6,49": 21.259813457292555,
        "6,50": 106.48099160710215,
        "7,0": 103.90977605131172,
        "7,1": 66.14476338734116,
        "7,2": 53.11578706773876,
        "7,3": 20.099454413274866,
        "7,4": 36.54312691334562,
        "7,5": 24.241533408567772,
        "7,6": 71.14130795891656,
        "7,7": 0.0,
        "7,8": 30.099601071938764,
        "7,9": 35.04895073954584,
        "7,10": 64.73740369269944,
        "7,11": 68.00641689838781,
        "7,12": 91.50733867450424,
        "7,13": 57.614542941090455,
        "7,14": 87.87028645531534,
        "7,15": 71.68582010448073,
        "7,16": 40.889382480746754,
        "7,17": 15.149341632619338,
        "7,18": 50.786897510599324,
        "7,19": 16.591752579914683,
        "7,20": 49.35313144382861,
        "7,21": 69.74056107297764,
        "7,22": 42.74605472869244,
        "7,23": 77.37763540692579,
        "7,24": 51.59298841819274,
        "7,25": 29.80314453846713,
        "7,26": 65.15053070272282,
        "7,27": 41.34222889056983,
        "7,28": 77.17123500972518,
        "7,29": 93.68524461661306,
        "7,30": 52.66566024848066,
        "7,31": 38.26505885433503,
        "7,32": 11.008841112723582,
        "7,33": 91.62796384840186,
        "7,34": 12.760943791218418,
        "7,35": 47.57417684007704,
        "7,36": 59.207212612070315,
        "7,37": 11.887421217410404,
        "7,38": 78.11991240258136,
        "7,39": 36.27850023926987,
        "7,40": 35.17093103481116,
        "7,41": 53.113262145038284,
        "7,42": 39.555663804052685,
        "7,43": 38.792354518898485,
        "7,44": 47.88760081021471,
        "7,45": 50.42810648109626,
        "7,46": 32.57780187209317,
        "7,47": 27.633579033194348,
        "7,48": 58.9358844960526,
        "7,49": 69.52752166948446,
        "7,50": 48.28936637544432,
        "8,0": 84.9977007795826,
        "8,1": 49.14099425748959,
        "8,2": 47.06586769179495,
        "8,3": 28.203992124253716,
        "8,4": 7.947147548969194,
        "8,5": 15.595451179801419,
        "8,6": 53.21555655243973,
        "8,7": 30.099601071938764,
        "8,8": 0.0,
        "8,9": 9.053470966358155,
        "8,10": 38.768887774079175,
        "8,11": 44.50755762201952,
        "8,12": 62.03993511832616,
        "8,13": 35.132253938484475,
        "8,14": 61.875193485322804,
        "8,15": 48.862062047120226,
        "8,16": 26.12261465465056,
        "8,17": 29.17508295133703,
        "8,18": 23.154998840993304,
        "8,19": 42.33469317318325,
        "8,20": 21.485397435732665,
        "8,21": 56.86413439429092,
        "8,22": 20.805183031928784,
        "8,23": 48.687099305970506,
        "8,24": 46.11048377420121,
        "8,25": 22.10516473036642,
        "8,26": 38.59100805562917,
        "8,27": 11.84856659307773,
        "8,28": 50.824552726852325,
        "8,29": 75.8910581728425,
        "8,30": 37.75858366832738,
        "8,31": 43.578435811668044,
        "8,32": 29.65017660398953,
        "8,33": 63.35907765895083,
        "8,34": 19.325743495091604,
        "8,35": 61.26250733216267,
        "8,36": 31.264244619846608,
        "8,37": 20.753833073585522,
        "8,38": 51.358536572519824,
        "8,39": 39.40674898449163,
        "8,40": 8.310087418024946,
        "8,41": 24.694445645389685,
        "8,42": 18.887872089910715,
        "8,43": 45.12439663677229,
        "8,44": 45.55336943303528,
        "8,45": 23.976711690842155,
        "8,46": 30.78340107817587,
        "8,47": 44.31251217907924,
        "8,48": 42.529474479335974,
        "8,49": 44.33485019155527,
        "8,50": 53.27765662780215,
        "9,0": 75.9863572215033,
        "9,1": 40.135008150333704,
        "9,2": 39.70495650739675,
        "9,3": 27.45953203854059,
        "9,4": 3.6654800347967207,
        "9,5": 24.55182552373121,
        "9,6": 44.16738717571899,
        "9,7": 35.04895073954584,
        "9,8": 9.053470966358155,
        "9,9": 0.0,
        "9,10": 30.686775475079834,
        "9,11": 35.80246329392553,
        "9,12": 56.57971555874503,
        "9,13": 40.41839132749959,
        "9,14": 53.97529317113442,
        "9,15": 40.07841545915815,
        "9,16": 18.14934180158758,
        "9,17": 37.01069836228259,
        "9,18": 15.799005781722988,
        "9,19": 44.52494879532569,
        "9,20": 14.316202491154208,
        "9,21": 48.12802822402107,
        "9,22": 27.591801122524178,
        "9,23": 48.922076480015534,
        "9,24": 38.919628840346064,
        "9,25": 17.482780918781877,
        "9,26": 41.295459491172316,
        "9,27": 7.9533732741874195,
        "9,28": 43.00048850110758,
        "9,29": 66.84041918923451,
        "9,30": 45.286300295070475,
        "9,31": 52.6082204936208,
        "9,32": 31.742169550865995,
        "9,33": 63.71278592854569,
        "9,34": 26.301777833590915,
        "9,35": 58.277061379453876,
        "9,36": 33.19336847153967,
        "9,37": 27.73768341214052,
        "9,38": 53.36995045326713,
        "9,39": 48.45255426056951,
        "9,40": 1.1039781380350264,
        "9,41": 26.65761155967043,
        "9,42": 10.136853165165014,
        "9,43": 54.13973034627578,
        "9,44": 54.45088878454607,
        "9,45": 15.876935146177146,
        "9,46": 26.1257251222247,
        "9,47": 43.39480606415945,
        "9,48": 33.61559395843495,
        "9,49": 36.03968787697046,
        "9,50": 62.3311246165835,
        "10,0": 49.72681198783352,
        "10,1": 24.12365763661835,
        "10,2": 40.860970718682616,
        "10,3": 51.60915807000082,
        "10,4": 30.82179126545668,
        "10,5": 54.076879490985824,
        "10,6": 24.635192349608214,
        "10,7": 64.73740369269944,
        "10,8": 38.768887774079175,
        "10,9": 30.686775475079834,
        "10,10": 0.0,
        "10,11": 8.867031756523295,
        "10,12": 32.01215953961459,
        "10,13": 55.11877961653436,
        "10,14": 23.30245729811249,
        "10,15": 13.055843555490455,
        "10,16": 28.231726825115608,
        "10,17": 67.65592602771764,
        "10,18": 15.82203541183513,
        "10,19": 70.85714271761663,
        "10,20": 17.536721416673643,
        "10,21": 35.23342185085256,
        "10,22": 49.14187300824919,
        "10,23": 46.198926621470804,
        "10,24": 41.29290082323093,
        "10,25": 38.28909146648833,
        "10,26": 48.40633853603156,
        "10,27": 27.792028276285627,
        "10,28": 12.435983187556973,
        "10,29": 42.61556192029051,
        "10,30": 65.94482169662433,
        "10,31": 81.21755492454885,
        "10,32": 59.00138630194149,
        "10,33": 58.36940079398396,
        "10,34": 56.9757280085041,
        "10,35": 72.66338756245634,
        "10,36": 40.97957938077386,
        "10,37": 58.4076604443464,
        "10,38": 55.38325757547605,
        "10,39": 76.86951499046107,
        "10,40": 30.98335907707595,
        "10,41": 37.69835935708171,
        "10,42": 25.515429745971453,
        "10,43": 82.88588150629418,
        "10,44": 80.39091733152263,
        "10,45": 14.846945077122774,
        "10,46": 42.85251992207127,
        "10,47": 64.61989511640716,
        "10,48": 23.05897007104806,
        "10,49": 5.8392865669654705,
        "10,50": 90.14345100510256,
        "11,0": 41.63218625387459,
        "11,1": 16.551217889078824,
        "11,2": 36.23642383526586,
        "11,3": 52.805387349116536,
        "11,4": 36.6933247219351,
        "11,5": 60.07888122306873,
        "11,6": 16.135138207742486,
        "11,7": 68.00641689838781,
        "11,8": 44.50755762201952,
        "11,9": 35.80246329392553,
        "11,10": 8.867031756523295,
        "11,11": 0.0,
        "11,12": 36.3205861121077,
        "11,13": 63.71840909521686,
        "11,14": 20.973190731562575,
        "11,15": 4.54145637594476,
        "11,16": 28.564296168771964,
        "11,17": 72.61243989438968,
        "11,18": 22.784828566974422,
        "11,19": 72.16558892111864,
        "11,20": 24.437733710535927,
        "11,21": 27.469997225757037,
        "11,22": 56.94968431672624,
        "11,23": 54.8189384827379,
        "11,24": 36.96420219333767,
        "11,25": 39.62798827816566,
        "11,26": 57.26019618184911,
        "11,27": 34.48189322161103,
        "11,28": 12.679775474664327,
        "11,29": 33.99654922817689,
        "11,30": 74.10761828976005,
        "11,31": 87.77047324619751,
        "11,32": 61.06590530568733,
        "11,33": 66.56272835357066,
        "11,34": 61.586609058673645,
        "11,35": 69.83254318402787,
        "11,36": 49.76762280188604,
        "11,37": 62.9840766874854,
        "11,38": 64.16115945651133,
        "11,39": 83.48312878690186,
        "11,40": 36.31931448906755,
        "11,41": 46.256204744723576,
        "11,42": 28.538023541436417,
        "11,43": 89.38584125704648,
        "11,44": 87.76828416416106,
        "11,45": 20.908142174695627,
        "11,46": 42.463940256318224,
        "11,47": 64.20153273630835,
        "11,48": 17.610215783139367,
        "11,49": 5.344203371474391,
        "11,50": 97.0300846609119,
        "12,0": 59.33966323305856,
        "12,1": 52.42909881207981,
        "12,2": 72.29370422826844,
        "12,3": 81.71362316107718,
        "12,4": 54.98831970750051,
        "12,5": 74.81507387365326,
        "12,6": 50.50332160422846,
        "12,7": 91.50733867450424,
        "12,8": 62.03993511832616,
        "12,9": 56.57971555874503,
        "12,10": 32.01215953961459,
        "12,11": 36.3205861121077,
        "12,12": 0.0,
        "12,13": 60.196424588100754,
        "12,14": 24.03908249772842,
        "12,15": 37.18956590683539,
        "12,16": 59.69669694473304,
        "12,17": 90.51456857511285,
        "12,18": 41.26768259776798,
        "12,19": 100.38440807852884,
        "12,20": 42.491304620595464,
        "12,21": 62.6902681061692,
        "12,22": 62.40654172891862,
        "12,23": 37.063621887687944,
        "12,24": 72.88266145419622,
        "12,25": 68.71237091185375,
        "12,26": 48.59963002315585,
        "12,27": 50.31186179307639,
        "12,28": 24.153784410952046,
        "12,29": 57.66874095674202,
        "12,30": 74.35706157192433,
        "12,31": 97.85514907220224,
        "12,32": 87.8730588756779,
        "12,33": 41.52394756320387,
        "12,34": 81.35690815220876,
        "12,35": 104.67507380403467,
        "12,36": 45.53886615784412,
        "12,37": 82.77802563517314,
        "12,38": 47.54767229648718,
        "12,39": 93.50982347537852,
        "12,40": 56.36971003708802,
        "12,41": 47.06381354382721,
        "12,42": 55.1703304022457,
        "12,43": 99.65476078652743,
        "12,44": 93.01324342131244,
        "12,45": 42.477066116496005,
        "12,46": 74.32758074857348,
        "12,47": 95.830146638982,
        "12,48": 53.81104432430481,
        "12,49": 31.19111924795558,
        "12,50": 104.77073182010632,
        "13,0": 104.6656054801224,
        "13,1": 75.10769324898149,
        "13,2": 79.84079740938304,
        "13,3": 62.73125797686569,
        "13,4": 36.84174781224177,
        "13,5": 33.375489140533396,
        "13,6": 77.66571427620919,
        "13,7": 57.614542941090455,
        "13,8": 35.132253938484475,
        "13,9": 40.41839132749959,
        "13,10": 55.11877961653436,
        "13,11": 63.71840909521686,
        "13,12": 60.196424588100754,
        "13,13": 0.0,
        "13,14": 72.63529742382406,
        "13,15": 68.11990196806312,
        "13,16": 58.17094024244365,
        "13,17": 47.32861502694554,
        "13,18": 42.56157437055706,
        "13,19": 73.27271246439243,
        "13,20": 41.32231215143126,
        "13,21": 85.07813219000374,
        "13,22": 15.225320417507142,
        "13,23": 27.58530739566381,
        "13,24": 79.16450764455645,
        "13,25": 56.96348924920019,
        "13,26": 12.556628255840721,
        "13,27": 34.62194869844091,
        "13,28": 62.983310207188254,
        "13,29": 97.69950206392515,
        "13,30": 14.55847112435075,
        "13,31": 42.67466206772116,
        "13,32": 61.82356422971001,
        "13,33": 38.26492916512881,
        "13,34": 44.92247884484826,
        "13,35": 96.24546848917385,
        "13,36": 15.206422012043253,
        "13,37": 45.72714075770075,
        "13,38": 22.92416593408089,
        "13,39": 38.94245436696084,
        "13,40": 39.31696400891703,
        "13,41": 17.47037813085028,
        "13,42": 49.56539958333872,
        "13,43": 44.4119867518009,
        "13,44": 34.42187330773302,
        "13,45": 45.44193350055784,
        "13,46": 65.73200326611335,
        "13,47": 78.4529212527863,
        "13,48": 70.13275631293457,
        "13,49": 60.624473560708246,
        "13,50": 46.92628962034202,
        "14,0": 35.96312754143367,
        "14,1": 33.32103013338371,
        "14,2": 55.472113530952704,
        "14,3": 73.60266101948059,
        "14,4": 53.94359717988303,
        "14,5": 76.95176507524708,
        "14,6": 29.926115789662298,
        "14,7": 87.87028645531534,
        "14,8": 61.875193485322804,
        "14,9": 53.97529317113442,
        "14,10": 23.30245729811249,
        "14,11": 20.973190731562575,
        "14,12": 24.03908249772842,
        "14,13": 72.63529742382406,
        "14,14": 0.0,
        "14,15": 18.989093080120597,
        "14,16": 49.43879979856159,
        "14,17": 90.89672433759966,
        "14,18": 38.73066326078643,
        "14,19": 92.9721834259268,
        "14,20": 40.41788134181477,
        "14,21": 41.93446735797491,
        "14,22": 69.80771720440183,
        "14,23": 55.671664622877046,
        "14,24": 56.44295082810106,
        "14,25": 60.33418190668031,
        "14,26": 63.21968018695805,
        "14,27": 50.52433700761862,
        "14,28": 11.057925990223012,
        "14,29": 33.62982766706862,
        "14,30": 85.23286247584562,
        "14,31": 103.47735925885223,
        "14,32": 81.58918530648992,
        "14,33": 63.601276248137744,
        "14,34": 80.27249224246545,
        "14,35": 89.92449924460274,
        "14,36": 57.48859551842231,
        "14,37": 81.70568084626935,
        "14,38": 66.17747630511371,
        "14,39": 99.08933176834405,
        "14,40": 54.2428697263899,
        "14,41": 56.223448769841696,
        "14,42": 48.38449815106175,
        "14,43": 105.19224082607657,
        "14,44": 101.4808660930332,
        "14,45": 38.107002781137396,
        "14,46": 63.4369175930163,
        "14,47": 85.15927448479127,
        "14,48": 37.188939989890066,
        "14,49": 18.36907440316987,
        "14,50": 111.94886209338361,
        "15,0": 37.09221521645467,
        "15,1": 15.314148409678687,
        "15,2": 36.69493630097478,
        "15,3": 55.85647871821233,
        "15,4": 41.09212642198034,
        "15,5": 64.44942564704476,
        "15,6": 13.553094604925407,
        "15,7": 71.68582010448073,
        "15,8": 48.862062047120226,
        "15,9": 40.07841545915815,
        "15,10": 13.055843555490455,
        "15,11": 4.54145637594476,
        "15,12": 37.18956590683539,
        "15,13": 68.11990196806312,
        "15,14": 18.989093080120597,
        "15,15": 0.0,
        "15,16": 31.617402309250718,
        "15,17": 76.74587395721586,
        "15,18": 27.32161865117985,
        "15,19": 75.15607834091763,
        "15,20": 28.970077564554657,
        "15,21": 25.5741486973313,
        "15,22": 61.48916377548344,
        "15,23": 58.35752970187997,
        "15,24": 37.592307241625,
        "15,25": 42.851235854945266,
        "15,26": 61.40664399176732,
        "15,27": 38.98366616352339,
        "15,28": 13.035800989355229,
        "15,29": 29.581391268520587,
        "15,30": 78.62367851609477,
        "15,31": 92.20938995224455,
        "15,32": 64.37875717244069,
        "15,33": 69.63644613188444,
        "15,34": 65.65808866274487,
        "15,35": 70.96582544927386,
        "15,36": 54.034160108701464,
        "15,37": 67.04348176898911,
        "15,38": 67.91372986320681,
        "15,39": 87.93288008427481,
        "15,40": 40.632613590591184,
        "15,41": 50.67128327659012,
        "15,42": 32.41914700912624,
        "15,43": 93.81592715676193,
        "15,44": 92.29815438957384,
        "15,45": 25.400047038488264,
        "15,46": 44.99211891728959,
        "15,47": 66.52870247307789,
        "15,48": 18.233194955009537,
        "15,49": 8.236619708255569,
        "15,50": 101.5119157666223,
        "16,0": 63.24070449934804,
        "16,1": 25.557760500428333,
        "16,2": 21.672982838495358,
        "16,3": 24.26111980842371,
        "16,4": 21.49216783142868,
        "16,5": 40.04434596718654,
        "16,6": 30.411003871057645,
        "16,7": 40.889382480746754,
        "16,8": 26.12261465465056,
        "16,9": 18.14934180158758,
        "16,10": 28.231726825115608,
        "16,11": 28.564296168771964,
        "16,12": 59.69669694473304,
        "16,13": 58.17094024244365,
        "16,14": 49.43879979856159,
        "16,15": 31.617402309250718,
        "16,16": 0.0,
        "16,17": 48.528398936664104,
        "16,18": 21.62117388670023,
        "16,19": 43.60695239816831,
        "16,20": 21.508897752136196,
        "16,21": 31.35272898350052,
        "16,22": 45.74096541585745,
        "16,23": 62.39732728889933,
        "16,24": 21.011953248029286,
        "16,25": 11.309032291044959,
        "16,26": 57.488358439565744,
        "16,27": 23.74495896594517,
        "16,28": 39.781354579584864,
        "16,29": 53.22936884915455,
        "16,30": 63.40377899429467,
        "16,31": 67.80451422938296,
        "16,32": 32.839438471559426,
        "16,33": 76.80184749212027,
        "16,34": 37.2875945943983,
        "16,35": 46.000852801936155,
        "16,36": 49.115151670939,
        "16,37": 38.510200041247096,
        "16,38": 68.59810864618004,
        "16,39": 63.950238712505154,
        "16,40": 19.23557407372945,
        "16,41": 42.99652148608283,
        "16,42": 8.67091095029816,
        "16,43": 69.15584577740094,
        "16,44": 71.34300638392456,
        "16,45": 19.00697576220097,
        "16,46": 14.653241584754932,
        "16,47": 36.388511545542535,
        "16,48": 18.357487255538356,
        "16,49": 31.462476873608235,
        "16,50": 77.98389137524757,
        "17,0": 111.41113780734455,
        "17,1": 74.00485759905571,
        "17,2": 64.50502759906331,
        "17,3": 32.80978664584292,
        "17,4": 37.017904690823535,
        "17,5": 16.16030923896213,
        "17,6": 78.70127086188535,
        "17,7": 15.149341632619338,
        "17,8": 29.17508295133703,
        "17,9": 37.01069836228259,
        "17,10": 67.65592602771764,
        "17,11": 72.61243989438968,
        "17,12": 90.51456857511285,
        "17,13": 47.32861502694554,
        "17,14": 90.89672433759966,
        "17,15": 76.74587395721586,
        "17,16": 48.528398936664104,
        "17,17": 0.0,
        "17,18": 52.26464864433043,
        "17,19": 31.281384068619,
        "17,20": 50.617698257381555,
        "17,21": 79.34295441561835,
        "17,22": 33.82681496959834,
        "17,23": 70.52880622395905,
        "17,24": 63.09310188677534,
        "17,25": 38.747683020748475,
        "17,26": 56.808618505411985,
        "17,27": 40.94400178945572,
        "17,28": 79.87210324454162,
        "17,29": 101.62820845860604,
        "17,30": 39.790040443987486,
        "17,31": 23.269682742321354,
        "17,32": 25.226771135775444,
        "17,33": 83.9285942314263,
        "17,34": 11.273175139248613,
        "17,35": 62.65181850490974,
        "17,36": 52.3421163891965,
        "17,37": 10.01820196535502,
        "17,38": 69.40231697320658,
        "17,39": 21.129564543753094,
        "17,40": 36.67302213989777,
        "17,41": 47.12887062640035,
        "17,42": 44.572627211767504,
