{
    "num_robots": 6,
    "num_tasks": 40,
    "num_nodes": 41,
    "robot_capacity": [
        104,
        95,
        86,
        85,
        92,
        105
    ],
    "robot_speed": [
        1.11,
        1.12,
        1.03,
        1.07,
        1.13,
        1.04
    ],
    "task_demand": {
        "0": 0,
        "1": 13,
        "2": 14,
        "3": 14,
        "4": 5,
        "5": 7,
        "6": 5,
        "7": 11,
        "8": 10,
        "9": 7,
        "10": 8,
        "11": 13,
        "12": 7,
        "13": 6,
        "14": 7,
        "15": 15,
        "16": 7,
        "17": 10,
        "18": 7,
        "19": 10,
        "20": 8,
        "21": 15,
        "22": 6,
        "23": 13,
        "24": 8,
        "25": 12,
        "26": 11,
        "27": 6,
        "28": 11,
        "29": 14,
        "30": 10,
        "31": 8,
        "32": 11,
        "33": 9,
        "34": 13,
        "35": 10,
        "36": 9,
        "37": 9,
        "38": 10,
        "39": 10,
        "40": 6
    },
    "task_service_time": {
        "0": 0,
        "1": 31,
        "2": 82,
        "3": 85,
        "4": 42,
        "5": 84,
        "6": 22,
        "7": 58,
        "8": 12,
        "9": 92,
        "10": 30,
        "11": 68,
        "12": 97,
        "13": 96,
        "14": 70,
        "15": 87,
        "16": 32,
        "17": 46,
        "18": 65,
        "19": 41,
        "20": 67,
        "21": 87,
        "22": 62,
        "23": 59,
        "24": 50,
        "25": 72,
        "26": 16,
        "27": 29,
        "28": 74,
        "29": 49,
        "30": 54,
        "31": 89,
        "32": 55,
        "33": 99,
        "34": 72,
        "35": 25,
        "36": 100,
        "37": 24,
        "38": 22,
        "39": 62,
        "40": 40
    },
    "task_precedence": [],
    "coordinates": {
        "0": [
            0,
            0
        ],
        "1": [
            8.143872274704478,
            74.91270209078327
        ],
        "2": [
            1.6947436353528134,
            45.54448475723305
        ],
        "3": [
            63.28464518720593,
            7.808684417554557
        ],
        "4": [
            12.846595616838064,
            54.744063099194285
        ],
        "5": [
            64.88762555425586,
            64.98855405923133
        ],
        "6": [
            70.78585636453009,
            71.10771794988479
        ],
        "7": [
            23.037008698533647,
            46.201076296243606
        ],
        "8": [
            2.3161259677049517,
            55.31676012160065
        ],
        "9": [
            75.06940831221296,
            92.85923832305836
        ],
        "10": [
            15.949674052215324,
            88.05331926888354
        ],
        "11": [
            74.71028700995433,
            86.95154161951065
        ],
        "12": [
            14.410718603306949,
            75.33158014573162
        ],
        "13": [
            19.56606024370663,
            14.151892855519034
        ],
        "14": [
            11.555147044386283,
            85.67701487935105
        ],
        "15": [
            67.96202450695449,
            86.69410246028322
        ],
        "16": [
            36.604811387549454,
            22.689132795254572
        ],
        "17": [
            37.30187723620267,
            2.9453211890914544
        ],
        "18": [
            31.09909552706498,
            56.29785504203873
        ],
        "19": [
            11.80986281092924,
            76.10209635155427
        ],
        "20": [
            53.11491626619949,
            87.67120254319667
        ],
        "21": [
            89.14608550471563,
            1.4725862536813739
        ],
        "22": [
            13.721647189632701,
            37.74215684891329
        ],
        "23": [
            4.392499627814795,
            82.38214070007929
        ],
        "24": [
            82.20099992222318,
            86.19506472717607
        ],
        "25": [
            20.30541030727132,
            11.69647725908467
        ],
        "26": [
            67.03074373490473,
            13.415511373429712
        ],
        "27": [
            38.069862125412556,
            62.36231641177643
        ],
        "28": [
            14.508400159464252,
            53.369848632410665
        ],
        "29": [
            46.02285062519621,
            9.22337952240765
        ],
        "30": [
            98.22961017443757,
            13.768088258562106
        ],
        "31": [
            80.72367024948838,
            5.744291752318631
        ],
        "32": [
            12.500279485678579,
            7.3902812581919335
        ],
        "33": [
            11.794722377352196,
            56.56768758361649
        ],
        "34": [
            3.49959636674384,
            24.94466460768211
        ],
        "35": [
            30.30229818045379,
            4.71296786518921
        ],
        "36": [
            4.599543814899487,
            72.09820117163252
        ],
        "37": [
            82.5128305728548,
            98.43109451361582
        ],
        "38": [
            76.57051226228663,
            3.9960042049887456
        ],
        "39": [
            87.40584242630534,
            44.736831749272056
        ],
        "40": [
            77.00071205428166,
            64.73246210349195
        ]
    },
    "distance_matrix_str_keys": {
        "0,0": 0.0,
        "0,1": 75.35406817265505,
        "0,2": 45.576005175875196,
        "0,3": 63.76458161709764,
        "0,4": 56.23119653316234,
        "0,5": 91.83635504950614,
        "0,6": 100.33416672948579,
        "0,7": 51.62599365346528,
        "0,8": 55.36522726268705,
        "0,9": 119.4079319236553,
        "0,10": 89.48619522943105,
        "0,11": 114.63942417475431,
        "0,12": 76.69756044305765,
        "0,13": 24.14760412244759,
        "0,14": 86.45271714558154,
        "0,15": 110.15763331007965,
        "0,16": 43.06633213681851,
        "0,17": 37.417976458537225,
        "0,18": 64.31642266898803,
        "0,19": 77.01299843996608,
        "0,20": 102.50577586329268,
        "0,21": 89.15824735316751,
        "0,22": 40.159108620644545,
        "0,23": 82.49915853696942,
        "0,24": 119.10748747050039,
        "0,25": 23.43325133264535,
        "0,26": 68.36005084159235,
        "0,27": 73.06416981318847,
        "0,28": 55.306730315880806,
        "0,29": 46.937975131906704,
        "0,30": 99.18980073232088,
        "0,31": 80.92779390471416,
        "0,32": 14.521475279573341,
        "0,33": 57.78424313354335,
        "0,34": 25.18895526058743,
        "0,35": 30.666616068869406,
        "0,36": 72.24476739176598,
        "0,37": 128.44083297881951,
        "0,38": 76.67471159199279,
        "0,39": 98.18943632191191,
        "0,40": 100.59523501064263,
        "1,0": 75.35406817265505,
        "1,1": 0.0,
        "1,2": 30.067980470220235,
        "1,3": 86.85305996496062,
        "1,4": 20.709650059952526,
        "1,5": 57.60505403523857,
        "1,6": 62.75743840392511,
        "1,7": 32.344442618546736,
        "1,8": 20.444157323751924,
        "1,9": 69.29001036689351,
        "1,10": 15.284186638849167,
        "1,11": 67.64629500500185,
        "1,12": 6.280829700862426,
        "1,13": 61.82509455652607,
        "1,14": 11.291909730616494,
        "1,15": 60.96730870841431,
        "1,16": 59.4754255566949,
        "1,17": 77.64981112136687,
        "1,18": 29.554268815415917,
        "1,19": 3.8541075905122963,
        "1,20": 46.74584614144033,
        "1,21": 109.33804992923159,
        "1,22": 37.58671316541931,
        "1,23": 8.358547115011925,
        "1,24": 74.9116136661062,
        "1,25": 64.37541525527766,
        "1,26": 85.14439556715817,
        "1,27": 32.45114865819857,
        "1,28": 22.463342367617543,
        "1,29": 75.82812209443884,
        "1,30": 108.8765538287783,
        "1,31": 100.26014194489586,
        "1,32": 67.66280809190077,
        "1,33": 18.704765802868597,
        "1,34": 50.183404314791815,
        "1,35": 73.61384736559164,
        "1,36": 4.525889929603238,
        "1,37": 77.99908166450659,
        "1,38": 98.54635000351475,
        "1,39": 84.81180969169897,
        "1,40": 69.60532788967528,
        "2,0": 45.576005175875196,
        "2,1": 30.067980470220235,
        "2,2": 0.0,
        "2,3": 72.23092551285106,
        "2,4": 14.456695482953176,
        "2,5": 66.11665566434327,
        "2,6": 73.66858726362122,
        "2,7": 21.352362643889535,
        "2,8": 9.792011121316465,
        "2,9": 87.30708631855978,
        "2,10": 44.835299181877666,
        "2,11": 83.9393467468279,
        "2,12": 32.387761130852326,
        "2,13": 36.12310595205766,
        "2,14": 41.326111955900075,
        "2,15": 78.00412521926597,
        "2,16": 41.726250056395834,
        "2,17": 55.52077719173295,
        "2,18": 31.30895850477589,
        "2,19": 32.18824726954713,
        "2,20": 66.47326157790286,
        "2,21": 97.92889988384191,
        "2,22": 14.336063960965562,
        "2,23": 36.93630710775482,
        "2,24": 90.18717732150168,
        "2,25": 38.62699218898576,
        "2,26": 72.80840500729153,
        "2,27": 40.074788916804636,
        "2,28": 15.01419705801274,
        "2,29": 57.30797287273617,
        "2,30": 101.630309613617,
        "2,31": 88.48517731807324,
        "2,32": 39.654796048635994,
        "2,33": 14.950604373751158,
        "2,34": 20.678735057441365,
        "2,35": 49.85584167132462,
        "2,36": 26.712126824710953,
        "2,37": 96.58445355108424,
        "2,38": 85.63093461871328,
        "2,39": 85.71490395102647,
        "2,40": 77.71207984704344,
        "3,0": 63.76458161709764,
        "3,1": 86.85305996496062,
        "3,2": 72.23092551285106,
        "3,3": 0.0,
        "3,4": 68.89794348492418,
        "3,5": 57.20233420321497,
        "3,6": 63.7419470619927,
        "3,7": 55.622369574579736,
        "3,8": 77.2928042764657,
        "3,9": 85.8631315614888,
        "3,10": 93.1654491470605,
        "3,11": 79.96334871146249,
        "3,12": 83.35467681688064,
        "3,13": 44.1763620361549,
        "3,14": 93.48485367702901,
        "3,15": 79.02396508070746,
        "3,16": 30.548997945901387,
        "3,17": 26.434003334486608,
        "3,18": 58.19887692022706,
        "3,19": 85.5198417577583,
        "3,20": 80.50742318379882,
        "3,21": 26.626307202433335,
        "3,22": 57.900807786302614,
        "3,23": 95.02360333364622,
        "3,24": 80.63654937127227,
        "3,25": 43.15471659092712,
        "3,26": 6.743127081866344,
        "3,27": 60.098952142398375,
        "3,28": 66.74535012732632,
        "3,29": 17.31966840735479,
        "3,30": 35.44947209901807,
        "3,31": 17.560789054003102,
        "3,32": 50.78608924607438,
        "3,33": 70.91299274965579,
        "3,34": 62.19239406504207,
        "3,35": 33.12731010882714,
        "3,36": 87.04644213034072,
        "3,37": 92.63986358389992,
        "3,38": 13.822112513650152,
        "3,39": 44.10805166407343,
        "3,40": 58.55294148324332,
        "4,0": 56.23119653316234,
        "4,1": 20.709650059952526,
        "4,2": 14.456695482953176,
        "4,3": 68.89794348492418,
        "4,4": 0.0,
        "4,5": 53.03978122105611,
        "4,6": 60.20570683964746,
        "4,7": 13.297636718266219,
        "4,8": 10.546031144975192,
        "4,9": 72.96879471438163,
        "4,10": 33.45348475651057,
        "4,11": 69.74552304929232,
        "4,12": 20.646848157969917,
        "4,13": 41.14456817081998,
        "4,14": 30.959898986411297,
        "4,15": 63.70647939508675,
        "4,16": 39.89951595443373,
        "4,17": 57.281501922975764,
        "4,18": 18.318515834381397,
        "4,19": 21.383180290119668,
        "4,20": 52.01667194164353,
        "4,21": 93.05623247505967,
        "4,22": 17.024409869313956,
        "4,23": 28.902163802458816,
        "4,24": 76.15247139757274,
        "4,25": 43.68899819460077,
        "4,26": 68.14668807087975,
        "4,27": 26.348642410895565,
        "4,28": 2.1563997167989104,
        "4,29": 56.327582316992284,
        "4,30": 94.7063339438465,
        "4,31": 83.7154397511742,
        "4,32": 47.35504819454781,
        "4,33": 2.1052419272213454,
        "4,34": 31.23092290402575,
        "4,35": 52.988791666762005,
        "4,36": 19.21405661647505,
        "4,37": 82.23102216774143,
        "4,38": 81.46227982425873,
        "4,39": 75.22782705944606,
        "4,40": 64.92702650312985,
        "5,0": 91.83635504950614,
        "5,1": 57.60505403523857,
        "5,2": 66.11665566434327,
        "5,3": 57.20233420321497,
        "5,4": 53.03978122105611,
        "5,5": 0.0,
        "5,6": 8.499017202709105,
        "5,7": 45.874213365454224,
        "5,8": 63.31458093110726,
        "5,9": 29.672272266615646,
        "5,10": 54.10089178001093,
        "5,11": 24.059457613301433,
        "5,12": 51.525686060068914,
        "5,13": 68.10587643176913,
        "5,14": 57.20459487760864,
        "5,15": 21.92219788959949,
        "5,16": 50.88377557194256,
        "5,17": 67.89945695839828,
        "5,18": 34.88829332033616,
        "5,19": 54.228772069079,
        "5,20": 25.555806115797324,
        "5,21": 67.99081589041067,
        "5,22": 57.96829739565853,
        "5,23": 62.945985710676155,
        "5,24": 27.376431957343193,
        "5,25": 69.48107199807147,
        "5,26": 51.61755212529692,
        "5,27": 26.94604905187985,
        "5,28": 51.701650526597774,
        "5,29": 58.86963923998929,
        "5,30": 61.116479408175664,
        "5,31": 61.32424420960832,
        "5,32": 77.85881490089504,
        "5,33": 53.756556436886854,
        "5,34": 73.29395070491645,
        "5,35": 69.49310153237128,
        "5,36": 60.70584718026913,
        "5,37": 37.80279571659731,
        "5,38": 62.1013766317217,
        "5,39": 30.28534872865683,
        "5,40": 12.11579331479791,
        "6,0": 100.33416672948579,
        "6,1": 62.75743840392511,
        "6,2": 73.66858726362122,
        "6,3": 63.7419470619927,
        "6,4": 60.20570683964746,
        "6,5": 8.499017202709105,
        "6,6": 0.0,
        "6,7": 53.8543707779919,
        "6,8": 70.26705009994777,
        "6,9": 22.169290828375246,
        "6,10": 57.3947758480846,
        "6,11": 16.32261940881247,
        "6,12": 56.533151065957675,
        "6,13": 76.59917445272309,
        "6,14": 60.9962403725535,
        "6,15": 15.840120216268785,
        "6,16": 59.2680624290566,
        "6,17": 75.94267041948206,
        "6,18": 42.36001682151873,
        "6,19": 59.18709007252706,
        "6,20": 24.220056685145654,
        "6,21": 72.01492609471812,
        "6,22": 66.10283379961183,
        "6,23": 67.3438224866902,
        "6,24": 18.919131460534434,
        "6,25": 77.96134269341438,
        "6,26": 57.8142851769486,
        "6,27": 33.86470621630608,
        "6,28": 59.006644412615884,
        "6,29": 66.65491576660199,
        "6,30": 63.56880332613495,
        "6,31": 66.11457955017748,
        "6,32": 86.35461893066518,
        "6,33": 60.75661587140267,
        "6,34": 81.59943797824063,
        "6,35": 77.76362467151769,
        "6,36": 66.19372346325558,
        "6,37": 29.73363131079282,
        "6,38": 67.36055496826253,
        "6,39": 31.171262016467516,
        "6,40": 8.903275709052455,
        "7,0": 51.62599365346528,
        "7,1": 32.344442618546736,
        "7,2": 21.352362643889535,
        "7,3": 55.622369574579736,
        "7,4": 13.297636718266219,
        "7,5": 45.874213365454224,
        "7,6": 53.8543707779919,
        "7,7": 0.0,
        "7,8": 22.637373362398538,
        "7,9": 69.88815846249001,
        "7,10": 42.448092468682184,
        "7,11": 65.80826783552602,
        "7,12": 30.38090083147704,
        "7,13": 32.23658856630584,
        "7,14": 41.111833747258835,
        "7,15": 60.480924375446335,
        "7,16": 27.1458423520392,
        "7,17": 45.54719337442099,
        "7,18": 12.920610862970777,
        "7,19": 31.939314412329562,
        "7,20": 51.229404589427695,
        "7,21": 79.81884400098298,
        "7,22": 12.582896258729003,
        "7,23": 40.70242179382725,
        "7,24": 71.41356291440984,
        "7,25": 34.612555301310195,
        "7,26": 54.86658354370599,
        "7,27": 22.07198142953941,
        "7,28": 11.14129527570657,
        "7,29": 43.539625489607474,
        "7,30": 81.88910812657872,
        "7,31": 70.45922463757294,
        "7,32": 40.21567448135975,
        "7,33": 15.292338974496689,
        "7,34": 28.87118838039034,
        "7,35": 42.119444113651674,
        "7,36": 31.7899542017086,
        "7,37": 79.15395246361997,
        "7,38": 68.1696715118855,
        "7,39": 64.38548569023033,
        "7,40": 57.056932442992895,
        "8,0": 55.36522726268705,
        "8,1": 20.444157323751924,
        "8,2": 9.792011121316465,
        "8,3": 77.2928042764657,
        "8,4": 10.546031144975192,
        "8,5": 63.31458093110726,
        "8,6": 70.26705009994777,
        "8,7": 22.637373362398538,
        "8,8": 0.0,
        "8,9": 81.8686616563788,
        "8,10": 35.46203516686835,
        "8,11": 79.00426541289809,
        "8,12": 23.385298621559485,
        "8,13": 44.63302061882542,
        "8,14": 31.73491105093675,
        "8,15": 72.75934034379591,
        "8,16": 47.33155409204289,
        "8,17": 62.982302337106816,
        "8,18": 28.79968548262212,
        "8,19": 22.85084771820548,
        "8,20": 60.22729481059891,
        "8,21": 102.16964780558672,
        "8,22": 20.951195539543743,
        "8,23": 27.14491026756741,
        "8,24": 85.64498106745056,
        "8,25": 47.18414382030973,
        "8,26": 77.09537210112464,
        "8,27": 36.44131601181554,
        "8,28": 12.346741040200845,
        "8,29": 63.52068572794076,
        "8,30": 104.52601870471102,
        "8,31": 92.76406966343863,
        "8,32": 48.99657497338378,
        "8,33": 9.560784978870878,
        "8,34": 30.395144153170122,
        "8,35": 57.82706655063597,
        "8,36": 16.936078671893956,
        "8,37": 91.05139899854458,
        "8,38": 90.26369077230011,
        "8,39": 85.74493997530475,
        "8,40": 75.27577859268598,
        "9,0": 119.4079319236553,
        "9,1": 69.29001036689351,
        "9,2": 87.30708631855978,
        "9,3": 85.8631315614888,
        "9,4": 72.96879471438163,
        "9,5": 29.672272266615646,
        "9,6": 22.169290828375246,
        "9,7": 69.88815846249001,
        "9,8": 81.8686616563788,
        "9,9": 0.0,
        "9,10": 59.31475227064527,
        "9,11": 5.918601900013589,
        "9,12": 63.14028380030097,
        "9,13": 96.3092304888807,
        "9,14": 63.91905598483982,
        "9,15": 9.408708984856878,
        "9,16": 80.0210530195645,
        "9,17": 97.52383758831105,
        "9,18": 57.184990634303425,
        "9,19": 65.44136233363521,
        "9,20": 22.559154156386136,
        "9,21": 92.46444190731533,
        "9,22": 82.47084615172028,
        "9,23": 71.44924769221988,
        "9,24": 9.76067664703748,
        "9,25": 97.91061873470586,
        "9,26": 79.84939498727354,
        "9,27": 47.948187286820385,
        "9,28": 72.29832367778057,
        "9,29": 88.53620384219991,
        "9,30": 82.41240785721322,
        "9,31": 87.29825080766601,
        "9,32": 105.92373909500853,
        "9,33": 72.94355718792956,
        "9,34": 98.66421491529282,
        "9,35": 98.86282994726011,
        "9,36": 73.46442993634814,
        "9,37": 9.297855470939085,
        "9,38": 88.87591175899,
        "9,39": 49.67850260529331,
        "9,40": 28.193004001874208,
        "10,0": 89.48619522943105,
        "10,1": 15.284186638849167,
        "10,2": 44.835299181877666,
        "10,3": 93.1654491470605,
        "10,4": 33.45348475651057,
        "10,5": 54.10089178001093,
        "10,6": 57.3947758480846,
        "10,7": 42.448092468682184,
        "10,8": 35.46203516686835,
        "10,9": 59.31475227064527,
        "10,10": 0.0,
        "10,11": 58.7709413669533,
        "10,12": 12.814485170745604,
        "10,13": 73.98985791996047,
        "10,14": 4.995867309511958,
        "10,15": 52.03010734333908,
        "10,16": 68.55006616846444,
        "10,17": 87.74558631612288,
        "10,18": 35.184008857505944,
        "10,19": 12.64791549359716,
        "10,20": 37.16720654039203,
        "10,21": 113.37520883761773,
        "10,22": 50.36047227488059,
        "10,23": 12.873637676868272,
        "10,24": 66.27738143194665,
        "10,25": 76.48097645841739,
        "10,26": 90.4437839067254,
        "10,27": 33.90177500069137,
        "10,28": 34.71340383519026,
        "10,29": 84.37153163018144,
        "10,30": 110.85253012238283,
        "10,31": 104.73989972349116,
        "10,32": 80.73675757664493,
        "10,33": 31.75859924557033,
        "10,34": 64.32500856992601,
        "10,35": 84.56720399456132,
        "10,36": 19.58037920728958,
        "10,37": 67.36729195255904,
        "10,38": 103.63647157754124,
        "10,39": 83.5601704745925,
        "10,40": 65.35358919032944,
        "11,0": 114.63942417475431,
        "11,1": 67.64629500500185,
        "11,2": 83.9393467468279,
        "11,3": 79.96334871146249,
        "11,4": 69.74552304929232,
        "11,5": 24.059457613301433,
        "11,6": 16.32261940881247,
        "11,7": 65.80826783552602,
        "11,8": 79.00426541289809,
        "11,9": 5.918601900013589,
        "11,10": 58.7709413669533,
        "11,11": 0.0,
        "11,12": 61.4089688456015,
        "11,13": 91.32729387104325,
        "11,14": 63.16799919644339,
        "11,15": 6.753171235064111,
        "11,16": 74.71067166279205,
        "11,17": 91.95887228976385,
        "11,18": 53.306514830244936,
        "11,19": 63.829255259948646,
        "11,20": 21.607358686459186,
        "11,21": 86.68935395199797,
        "11,22": 78.36566682312873,
        "11,23": 70.4660957275361,
        "11,24": 7.528813799176295,
        "11,25": 92.86126921879755,
        "11,26": 73.93593936148976,
        "11,27": 44.126530931361685,
        "11,28": 68.93473206039936,
        "11,29": 82.85310005861616,
        "11,30": 76.86986670958608,
        "11,31": 81.42959049987951,
        "11,32": 100.99544141421428,
        "11,33": 69.86806752096167,
        "11,34": 94.4235948195315,
        "11,35": 93.4625726428821,
        "11,36": 71.66685449929766,
        "11,37": 13.880195268781987,
        "11,38": 82.97639197821003,
        "11,39": 44.08240983383349,
        "11,40": 22.33682030690231,
        "12,0": 76.69756044305765,
        "12,1": 6.280829700862426,
        "12,2": 32.387761130852326,
        "12,3": 83.35467681688064,
        "12,4": 20.646848157969917,
        "12,5": 51.525686060068914,
        "12,6": 56.533151065957675,
        "12,7": 30.38090083147704,
        "12,8": 23.385298621559485,
        "12,9": 63.14028380030097,
        "12,10": 12.814485170745604,
        "12,11": 61.4089688456015,
        "12,12": 0.0,
        "12,13": 61.396511988527806,
        "12,14": 10.732302118170914,
        "12,15": 54.74348616351282,
        "12,16": 57.12972096521489,
        "12,17": 75.9195339112021,
        "12,18": 25.313723860237722,
        "12,19": 2.7125902890374003,
        "12,20": 40.62365317940125,
        "12,21": 105.07390753481137,
        "12,22": 37.595738630867885,
        "12,23": 12.25051491046129,
        "12,24": 68.65520765789792,
        "12,25": 63.90754031942498,
        "12,26": 81.25556360684728,
        "12,27": 26.98067593668619,
        "12,28": 21.961948746630114,
        "12,29": 73.2776983851363,
        "12,30": 103.99841401461148,
        "12,31": 96.12386936644211,
        "12,32": 67.96815336720695,
        "12,33": 18.945371475292035,
        "12,34": 51.55476550135552,
        "12,35": 72.38460265751526,
        "12,36": 10.33024154213387,
        "12,37": 71.91303928179451,
        "12,38": 94.61820301889286,
        "12,39": 79.14749984287269,
        "12,40": 63.48108839226363,
        "13,0": 24.14760412244759,
        "13,1": 61.82509455652607,
        "13,2": 36.12310595205766,
        "13,3": 44.1763620361549,
        "13,4": 41.14456817081998,
        "13,5": 68.10587643176913,
        "13,6": 76.59917445272309,
        "13,7": 32.23658856630584,
        "13,8": 44.63302061882542,
        "13,9": 96.3092304888807,
        "13,10": 73.98985791996047,
        "13,11": 91.32729387104325,
        "13,12": 61.396511988527806,
        "13,13": 0.0,
        "13,14": 71.97234059561426,
        "13,15": 87.20402244914568,
        "13,16": 19.057898791063533,
        "13,17": 20.97966760714022,
        "13,18": 43.69545778996642,
        "13,19": 62.43385549376554,
        "13,20": 80.81221836684479,
        "13,21": 70.72584203264076,
        "13,22": 24.303450767836722,
        "13,23": 69.8970933780101,
        "13,24": 95.46388993677411,
        "13,25": 2.5643136055689895,
        "13,26": 47.47039537023868,
        "13,27": 51.63947737488405,
        "13,28": 39.54273613251827,
        "13,29": 26.911930457786497,
        "13,30": 78.66448622900454,
        "13,31": 61.73281961752462,
        "13,32": 9.779808235012984,
        "13,33": 43.12184289486169,
        "13,34": 19.354978264106613,
        "13,35": 14.295457670446293,
        "13,36": 59.84790106160647,
        "13,37": 105.19163335074073,
        "13,38": 57.90206925681119,
        "13,39": 74.41555303642542,
        "13,40": 76.53190977658255,
        "14,0": 86.45271714558154,
        "14,1": 11.291909730616494,
        "14,2": 41.326111955900075,
        "14,3": 93.48485367702901,
        "14,4": 30.959898986411297,
        "14,5": 57.20459487760864,
        "14,6": 60.9962403725535,
        "14,7": 41.111833747258835,
        "14,8": 31.73491105093675,
        "14,9": 63.91905598483982,
        "14,10": 4.995867309511958,
        "14,11": 63.16799919644339,
        "14,12": 10.732302118170914,
        "14,13": 71.97234059561426,
        "14,14": 0.0,
        "14,15": 56.416046407245446,
        "14,16": 67.78612670115606,
        "14,17": 86.64541105234095,
        "14,18": 35.28598808365644,
        "14,19": 9.578305953333903,
        "14,20": 41.60758587335975,
        "14,21": 114.50213767144312,
        "14,22": 47.98379244367389,
        "14,23": 7.884143191961315,
        "14,24": 70.6477522960342,
        "14,25": 74.49622174146447,
        "14,26": 91.10031128983778,
        "14,27": 35.30729783574393,
        "14,28": 32.4418663900393,
        "14,29": 83.86406232366187,
        "14,30": 112.62040794916624,
        "14,31": 105.70489500906554,
        "14,32": 78.29243856466542,
        "14,33": 29.110313154453745,
        "14,34": 61.26426581818109,
        "14,35": 83.10615250768119,
        "14,36": 15.256624724852205,
        "14,37": 72.09479453499716,
        "14,38": 104.39724718210846,
        "14,39": 86.19412152023524,
        "14,40": 68.7153277693208,
        "15,0": 110.15763331007965,
        "15,1": 60.96730870841431,
        "15,2": 78.00412521926597,
        "15,3": 79.02396508070746,
        "15,4": 63.70647939508675,
        "15,5": 21.92219788959949,
        "15,6": 15.840120216268785,
        "15,7": 60.480924375446335,
        "15,8": 72.75934034379591,
        "15,9": 9.408708984856878,
        "15,10": 52.03010734333908,
        "15,11": 6.753171235064111,
        "15,12": 54.74348616351282,
        "15,13": 87.20402244914568,
        "15,14": 56.416046407245446,
        "15,15": 0.0,
        "15,16": 71.27349406642715,
        "15,17": 89.1846567245404,
        "15,18": 47.778733659312415,
        "15,19": 57.14241731449517,
        "15,20": 14.87922537246898,
        "15,21": 87.81498314586734,
        "15,22": 73.06374963457566,
        "15,23": 63.715598620597,
        "15,24": 14.247717695676409,
        "15,25": 88.85829540789591,
        "15,26": 73.28450856457097,
        "15,27": 38.54318596269359,
        "15,28": 62.990442521600684,
        "15,29": 80.51732896172788,
        "15,30": 78.9577753580232,
        "15,31": 81.9495665376775,
        "15,32": 96.77345306466174,
        "15,33": 63.736698234526344,
        "15,34": 89.26588215462874,
        "15,35": 90.21730109289376,
        "15,36": 65.02187550262663,
        "15,37": 18.694462806602218,
        "15,38": 83.14494281960894,
        "15,39": 46.24364411243933,
        "15,40": 23.748926707100892,
        "16,0": 43.06633213681851,
        "16,1": 59.4754255566949,
        "16,2": 41.726250056395834,
        "16,3": 30.548997945901387,
        "16,4": 39.89951595443373,
        "16,5": 50.88377557194256,
        "16,6": 59.2680624290566,
        "16,7": 27.1458423520392,
        "16,8": 47.33155409204289,
        "16,9": 80.0210530195645,
        "16,10": 68.55006616846444,
        "16,11": 74.71067166279205,
        "16,12": 57.12972096521489,
        "16,13": 19.057898791063533,
        "16,14": 67.78612670115606,
        "16,15": 71.27349406642715,
        "16,16": 0.0,
        "16,17": 19.756112915678024,
        "16,18": 34.056704452983624,
        "16,19": 58.88747023589857,
        "16,20": 67.04664758084803,
        "16,21": 56.663280288083726,
        "16,22": 27.39037672009728,
        "16,23": 67.82984757193404,
        "16,24": 78.17938218885692,
        "16,25": 19.65983090752967,
        "16,26": 31.807820005168054,
        "16,27": 39.70022508670161,
        "16,28": 37.80949237216721,
        "16,29": 16.43246707853211,
        "16,30": 62.26717322273509,
        "16,31": 47.26099179291579,
        "16,32": 28.549664035876052,
        "16,33": 41.99163001411056,
        "16,34": 33.181963253108556,
        "16,35": 19.0489941550342,
        "16,36": 58.86928902423156,
        "16,37": 88.56856660499854,
        "16,38": 44.1213134766088,
        "16,39": 55.37910963321479,
        "16,40": 58.30497688874757,
        "17,0": 37.417976458537225,
        "17,1": 77.64981112136687,
        "17,2": 55.52077719173295,
        "17,3": 26.434003334486608,
        "17,4": 57.281501922975764,
        "17,5": 67.89945695839828,
        "17,6": 75.94267041948206,
        "17,7": 45.54719337442099,
        "17,8": 62.982302337106816,
        "17,9": 97.52383758831105,
        "17,10": 87.74558631612288,
        "17,11": 91.95887228976385,
        "17,12": 75.9195339112021,
        "17,13": 20.97966760714022,
        "17,14": 86.64541105234095,
        "17,15": 89.1846567245404,
        "17,16": 19.756112915678024,
        "17,17": 0.0,
        "17,18": 53.71189225358848,
        "17,19": 77.47100458642242,
        "17,20": 86.18890401086509,
        "17,21": 51.86512199136261,
        "17,22": 42.03387944249032,
        "17,23": 85.98392540814078,
        "17,24": 94.58568082501273,
        "17,25": 19.117076675779597,
        "17,26": 31.518730713559247,
        "17,27": 59.42195824846758,
        "17,28": 55.336927680617144,
        "17,29": 10.745668582645495,
        "17,30": 61.88150715708928,
        "17,31": 43.51191037753272,
        "17,32": 25.196764097691183,
        "17,33": 59.379905075219405,
        "17,34": 40.33069926032613,
        "17,35": 7.219326958186466,
        "17,36": 76.49551242444103,
        "17,37": 105.64829960293437,
        "17,38": 39.28268870140743,
        "17,39": 65.24521195208662,
        "17,40": 73.44146150703365,
        "18,0": 64.31642266898803,
        "18,1": 29.554268815415917,
        "18,2": 31.30895850477589,
        "18,3": 58.19887692022706,
        "18,4": 18.318515834381397,
        "18,5": 34.88829332033616,
        "18,6": 42.36001682151873,
        "18,7": 12.920610862970777,
        "18,8": 28.79968548262212,
        "18,9": 57.184990634303425,
        "18,10": 35.184008857505944,
        "18,11": 53.306514830244936,
        "18,12": 25.313723860237722,
        "18,13": 43.69545778996642,
        "18,14": 35.28598808365644,
        "18,15": 47.778733659312415,
        "18,16": 34.056704452983624,
        "18,17": 53.71189225358848,
        "18,18": 0.0,
        "18,19": 27.645659200365674,
        "18,20": 38.327317884847076,
        "18,21": 79.84524496287244,
        "18,22": 25.422227403484662,
        "18,23": 37.33138388562775,
        "18,24": 59.205133052539956,
        "18,25": 45.888849852243844,
        "18,26": 55.9462129321069,
        "18,27": 9.239549700806808,
        "18,28": 16.847088600566902,
        "18,29": 49.383445725033646,
        "18,30": 79.46878040764194,
        "18,31": 70.83968645942132,
        "18,32": 52.324628346159805,
        "18,33": 19.306258889382118,
        "18,34": 41.77026339770433,
        "18,35": 51.59104060842213,
        "18,36": 30.852506847267737,
        "18,37": 66.47241547986607,
        "18,38": 69.30464155371718,
        "18,39": 57.481362248567216,
        "18,40": 46.670129591557476,
        "19,0": 77.01299843996608,
        "19,1": 3.8541075905122963,
        "19,2": 32.18824726954713,
        "19,3": 85.5198417577583,
        "19,4": 21.383180290119668,
        "19,5": 54.228772069079,
        "19,6": 59.18709007252706,
        "19,7": 31.939314412329562,
        "19,8": 22.85084771820548,
        "19,9": 65.44136233363521,
        "19,10": 12.64791549359716,
        "19,11": 63.829255259948646,
        "19,12": 2.7125902890374003,
        "19,13": 62.43385549376554,
        "19,14": 9.578305953333903,
        "19,15": 57.14241731449517,
        "19,16": 58.88747023589857,
        "19,17": 77.47100458642242,
        "19,18": 27.645659200365674,
        "19,19": 0.0,
        "19,20": 42.89465769785593,
        "19,21": 107.47304368068968,
        "19,22": 38.40754975466321,
        "19,23": 9.718859686694872,
        "19,24": 71.11104129776392,
        "19,25": 64.9635135899136,
        "19,26": 83.54013183039342,
        "19,27": 29.63729266971235,
        "19,28": 22.89185860051446,
        "19,29": 75.1218430277929,
        "19,30": 106.55468689508601,
        "19,31": 98.48519443907816,
        "19,32": 68.71528366098177,
        "19,33": 19.534414635345826,
        "19,34": 51.8280170467894,
        "19,35": 73.74535803654885,
        "19,36": 8.24741636127994,
        "19,37": 74.14508621119292,
        "19,38": 96.9186784990932,
        "19,39": 81.84455973111186,
        "19,40": 66.17488502448806,
        "20,0": 102.50577586329268,
        "20,1": 46.74584614144033,
        "20,2": 66.47326157790286,
        "20,3": 80.50742318379882,
        "20,4": 52.01667194164353,
        "20,5": 25.555806115797324,
        "20,6": 24.220056685145654,
        "20,7": 51.229404589427695,
        "20,8": 60.22729481059891,
        "20,9": 22.559154156386136,
        "20,10": 37.16720654039203,
        "20,11": 21.607358686459186,
        "20,12": 40.62365317940125,
        "20,13": 80.81221836684479,
        "20,14": 41.60758587335975,
        "20,15": 14.87922537246898,
        "20,16": 67.04664758084803,
        "20,17": 86.18890401086509,
        "20,18": 38.327317884847076,
        "20,19": 42.89465769785593,
        "20,20": 0.0,
        "20,21": 93.42615590358882,
        "20,22": 63.598264539849126,
        "20,23": 49.008652891756434,
        "20,24": 29.123517048891852,
        "20,25": 82.75640496822726,
        "20,26": 75.54838135419301,
        "20,27": 29.443053022952725,
        "20,28": 51.643450368973234,
        "20,29": 78.76774931250311,
        "20,30": 86.58525225118751,
        "20,31": 86.45381430709844,
        "20,32": 89.96985630300166,
        "20,33": 51.71834361087719,
        "20,34": 79.97686246722152,
        "20,35": 86.03769083847759,
        "20,36": 50.953505628240116,
        "20,37": 31.3051535820628,
        "20,38": 86.90053970183438,
        "20,39": 54.947500510833414,
        "20,40": 33.116718638628875,
        "21,0": 89.15824735316751,
        "21,1": 109.33804992923159,
        "21,2": 97.92889988384191,
        "21,3": 26.626307202433335,
        "21,4": 93.05623247505967,
        "21,5": 67.99081589041067,
        "21,6": 72.01492609471812,
        "21,7": 79.81884400098298,
        "21,8": 102.16964780558672,
        "21,9": 92.46444190731533,
        "21,10": 113.37520883761773,
        "21,11": 86.68935395199797,
        "21,12": 105.07390753481137,
        "21,13": 70.72584203264076,
        "21,14": 114.50213767144312,
        "21,15": 87.81498314586734,
        "21,16": 56.663280288083726,
        "21,17": 51.86512199136261,
        "21,18": 79.84524496287244,
        "21,19": 107.47304368068968,
        "21,20": 93.42615590358882,
        "21,21": 0.0,
        "21,22": 83.69186129073879,
        "21,23": 117.17306140793553,
        "21,24": 85.00666192975653,
        "21,25": 69.59573628413159,
        "21,26": 25.134076510018392,
        "21,27": 79.47540395253174,
        "21,28": 90.9071499723945,
        "21,29": 43.81424634486747,
        "21,30": 15.286915646312474,
        "21,31": 9.443757017128961,
        "21,32": 76.87391426533623,
        "21,33": 94.96685510333096,
        "21,34": 88.80461454179658,
        "21,35": 58.932939682754295,
        "21,36": 110.16394688938185,
        "21,37": 97.18514492957672,
        "21,38": 12.826249667485682,
        "21,39": 43.29923075846376,
        "21,40": 64.41523103105317,
        "22,0": 40.159108620644545,
        "22,1": 37.58671316541931,
        "22,2": 14.336063960965562,
        "22,3": 57.900807786302614,
        "22,4": 17.024409869313956,
        "22,5": 57.96829739565853,
        "22,6": 66.10283379961183,
        "22,7": 12.582896258729003,
        "22,8": 20.951195539543743,
        "22,9": 82.47084615172028,
        "22,10": 50.36047227488059,
        "22,11": 78.36566682312873,
        "22,12": 37.595738630867885,
        "22,13": 24.303450767836722,
        "22,14": 47.98379244367389,
        "22,15": 73.06374963457566,
        "22,16": 27.39037672009728,
        "22,17": 42.03387944249032,
        "22,18": 25.422227403484662,
        "22,19": 38.40754975466321,
        "22,20": 63.598264539849126,
        "22,21": 83.69186129073879,
        "22,22": 0.0,
        "22,23": 45.60439838943755,
        "22,24": 83.88746052023488,
        "22,25": 26.864909493337098,
        "22,26": 58.59731610375171,
        "22,27": 34.62640361717882,
        "22,28": 15.647483207069762,
        "22,29": 43.089307299891374,
        "22,30": 87.84276733241053,
        "22,31": 74.25048461022529,
        "22,32": 30.37643973448648,
        "22,33": 18.923890896838238,
        "22,34": 16.378831786488774,
        "22,35": 36.957344496080566,
        "22,36": 35.54645624368156,
        "22,37": 91.73534796431657,
        "22,38": 71.33570395803012,
        "22,39": 74.01544504113853,
        "22,40": 68.79474273430918,
        "23,0": 82.49915853696942,
        "23,1": 8.358547115011925,
        "23,2": 36.93630710775482,
        "23,3": 95.02360333364622,
