{
    "num_robots": 7,
    "num_tasks": 50,
    "num_nodes": 51,
    "robot_capacity": [
        90,
        102,
        74,
        107,
        98,
        75,
        93
    ],
    "robot_speed": [
        1.0,
        1.09,
        1.09,
        1.05,
        1.12,
        1.03,
        1.16
    ],
    "task_demand": {
        "0": 0,
        "1": 14,
        "2": 7,
        "3": 7,
        "4": 13,
        "5": 13,
        "6": 6,
        "7": 6,
        "8": 7,
        "9": 13,
        "10": 5,
        "11": 9,
        "12": 5,
        "13": 10,
        "14": 10,
        "15": 6,
        "16": 11,
        "17": 14,
        "18": 14,
        "19": 7,
        "20": 13,
        "21": 7,
        "22": 6,
        "23": 11,
        "24": 9,
        "25": 13,
        "26": 9,
        "27": 10,
        "28": 8,
        "29": 6,
        "30": 11,
        "31": 5,
        "32": 9,
        "33": 8,
        "34": 5,
        "35": 14,
        "36": 10,
        "37": 8,
        "38": 11,
        "39": 13,
        "40": 11,
        "41": 11,
        "42": 15,
        "43": 10,
        "44": 8,
        "45": 15,
        "46": 11,
        "47": 14,
        "48": 14,
        "49": 14,
        "50": 15
    },
    "task_service_time": {
        "0": 0,
        "1": 14,
        "2": 79,
        "3": 13,
        "4": 33,
        "5": 64,
        "6": 61,
        "7": 69,
        "8": 22,
        "9": 94,
        "10": 44,
        "11": 64,
        "12": 96,
        "13": 23,
        "14": 39,
        "15": 78,
        "16": 67,
        "17": 91,
        "18": 36,
        "19": 12,
        "20": 10,
        "21": 47,
        "22": 35,
        "23": 71,
        "24": 95,
        "25": 31,
        "26": 87,
        "27": 40,
        "28": 14,
        "29": 42,
        "30": 62,
        "31": 68,
        "32": 37,
        "33": 96,
        "34": 14,
        "35": 16,
        "36": 84,
        "37": 99,
        "38": 32,
        "39": 73,
        "40": 62,
        "41": 32,
        "42": 30,
        "43": 70,
        "44": 57,
        "45": 45,
        "46": 87,
        "47": 95,
        "48": 81,
        "49": 95,
        "50": 86
    },
    "task_precedence": [],
    "coordinates": {
        "0": [
            50.0,
            50.0
        ],
        "1": [
            84.5505006611974,
            26.75217023802656
        ],
        "2": [
            68.4414909598109,
            97.0281274378321
        ],
        "3": [
            38.60041363124673,
            90.48355592084438
        ],
        "4": [
            71.75727654147596,
            64.25515124390269
        ],
        "5": [
            5.610614181245843,
            18.03105528147476
        ],
        "6": [
            16.30917946148588,
            49.73526409186368
        ],
        "7": [
            55.137622435882584,
            84.24611733152854
        ],
        "8": [
            38.67012876716965,
            62.57245908034644
        ],
        "9": [
            4.074014824591399,
            29.249692401848115
        ],
        "10": [
            52.90053690425932,
            35.019469226649846
        ],
        "11": [
            13.969866805114538,
            21.577467870031654
        ],
        "12": [
            87.008380280114,
            30.930436869939836
        ],
        "13": [
            61.950991592875894,
            68.92541934497929
        ],
        "14": [
            90.32491230660017,
            78.21753410646951
        ],
        "15": [
            25.285304111724606,
            15.524014526878094
        ],
        "16": [
            20.413763413615783,
            55.37213232007062
        ],
        "17": [
            52.04805205757148,
            96.87331644308811
        ],
        "18": [
            6.457740390609024,
            51.823793934021744
        ],
        "19": [
            13.838818829384369,
            65.7671694232422
        ],
        "20": [
            77.18134480518994,
            51.48787916021092
        ],
        "21": [
            58.08617031865148,
            67.15684148338983
        ],
        "22": [
            27.49610783134483,
            69.01790375170975
        ],
        "23": [
            13.730890220241976,
            64.2485322387533
        ],
        "24": [
            80.17701986576036,
            24.74467814801693
        ],
        "25": [
            13.6295179863951,
            45.1495075528403
        ],
        "26": [
            96.39695280558475,
            32.62530646705745
        ],
        "27": [
            1.9193474855036308,
            38.13905328061911
        ],
        "28": [
            46.590028997161205,
            17.794083351869162
        ],
        "29": [
            41.250443385649326,
            50.73740922434013
        ],
        "30": [
            84.89380229300765,
            85.80066918118818
        ],
        "31": [
            26.539553535241744,
            43.240361057593404
        ],
        "32": [
            27.182547973387106,
            29.53376540100141
        ],
        "33": [
            80.5840851775748,
            69.32386469304022
        ],
        "34": [
            72.61354011601404,
            54.290154382534695
        ],
        "35": [
            43.106679701280456,
            60.416750648161035
        ],
        "36": [
            93.22128690667397,
            36.43620433059763
        ],
        "37": [
            15.953362758681822,
            90.85066503015655
        ],
        "38": [
            68.35353996367847,
            33.09824270838663
        ],
        "39": [
            5.054540641763561,
            97.30024384813495
        ],
        "40": [
            30.234172126786852,
            69.35446604522278
        ],
        "41": [
            58.09589867414899,
            21.50064448590254
        ],
        "42": [
            73.59868625272031,
            61.48328616982784
        ],
        "43": [
            12.94428050666433,
            89.6418592847787
        ],
        "44": [
            27.098807280477576,
            90.7756610812609
        ],
        "45": [
            7.0301401372373284,
            94.03784298824147
        ],
        "46": [
            70.01557910347806,
            39.37120284024155
        ],
        "47": [
            16.509449166136548,
            39.640456849644856
        ],
        "48": [
            40.50073286807099,
            34.630726299294665
        ],
        "49": [
            12.0455566361374,
            14.190634048867645
        ],
        "50": [
            45.136654915096095,
            59.43068657999193
        ]
    },
    "distance_matrix_str_keys": {
        "0,0": 0.0,
        "0,1": 41.64371122487884,
        "0,2": 50.514684589035724,
        "0,3": 42.057922789586264,
        "0,4": 26.011313298040154,
        "0,5": 54.70311691103474,
        "0,6": 33.691860644069834,
        "0,7": 34.629347619880214,
        "0,8": 16.924323013920006,
        "0,9": 50.396144492905115,
        "0,10": 15.258748853830093,
        "0,11": 45.89129362657224,
        "0,12": 41.63254074553799,
        "0,13": 22.382977850060673,
        "0,14": 49.217149283402875,
        "0,15": 42.419450340531874,
        "0,16": 30.070005005151685,
        "0,17": 46.918038232692524,
        "0,18": 43.58043822869815,
        "0,19": 39.44914010818626,
        "0,20": 27.222036841757745,
        "0,21": 18.966901700288485,
        "0,22": 29.46363565223673,
        "0,23": 38.96753770993148,
        "0,24": 39.35077902438208,
        "0,25": 36.69249567530002,
        "0,26": 49.54348801817787,
        "0,27": 49.522027455464084,
        "0,28": 32.38593783398209,
        "0,29": 8.780575910034006,
        "0,30": 49.992652983057255,
        "0,31": 24.414857504345342,
        "0,32": 30.651311157078222,
        "0,33": 36.17731351032132,
        "0,34": 23.016898600909673,
        "0,35": 12.491059154719517,
        "0,36": 45.29962687297021,
        "0,37": 53.178476293026385,
        "0,38": 24.950387346551327,
        "0,39": 65.24881136860589,
        "0,40": 27.663754398294735,
        "0,41": 29.626961370700922,
        "0,42": 26.244310890409945,
        "0,43": 54.26419956769816,
        "0,44": 46.76664585567969,
        "0,45": 61.528371274416735,
        "0,46": 22.662628618738754,
        "0,47": 35.05619958637362,
        "0,48": 18.067945376576148,
        "0,49": 52.180939632041614,
        "0,50": 10.610842322120277,
        "1,0": 41.64371122487884,
        "1,1": 0.0,
        "1,2": 72.09861547844218,
        "1,3": 78.56907800854046,
        "1,4": 39.62499422970971,
        "1,5": 79.42017076003444,
        "1,6": 72.00764210954614,
        "1,7": 64.58073519160031,
        "1,8": 58.20740174480835,
        "1,9": 80.51523079249183,
        "1,10": 32.71190056207046,
        "1,11": 70.77007432611445,
        "1,12": 4.84758540599807,
        "1,13": 47.84684681738427,
        "1,14": 51.78829508645555,
        "1,15": 60.31944133296858,
        "1,16": 70.23263695991318,
        "1,17": 77.28767243450254,
        "1,18": 82.01869007386777,
        "1,19": 80.76083276505966,
        "1,20": 25.810070784737498,
        "1,21": 48.30008528900628,
        "1,22": 71.00419685224821,
        "1,23": 80.13360335276474,
        "1,24": 4.8122093428598784,
        "1,25": 73.26832742621225,
        "1,26": 13.222411186089117,
        "1,27": 83.41204098072801,
        "1,28": 39.00313743298147,
        "1,29": 49.49936008976601,
        "1,30": 59.04949689413926,
        "1,31": 60.30862643895044,
        "1,32": 57.43534858640214,
        "1,33": 42.75607115439586,
        "1,34": 30.013856763176,
        "1,35": 53.39376620868827,
        "1,36": 12.998578784652741,
        "1,37": 93.88388766467575,
        "1,38": 17.395809025050685,
        "1,39": 106.28564507735132,
        "1,40": 69.03056680559612,
        "1,41": 26.97080808982867,
        "1,42": 36.41692810638958,
        "1,43": 95.30248555634127,
        "1,44": 86.0215348158004,
        "1,45": 102.64876060242403,
        "1,46": 19.24847860234204,
        "1,47": 69.25093949064332,
        "1,48": 44.74878420961738,
        "1,49": 73.58504671133011,
        "1,50": 51.19899087686754,
        "2,0": 50.514684589035724,
        "2,1": 72.09861547844218,
        "2,2": 0.0,
        "2,3": 30.55030789485294,
        "2,4": 32.94028540604106,
        "2,5": 100.93689358227721,
        "2,6": 70.38744792659296,
        "2,7": 18.449192395864298,
        "2,8": 45.53599772450877,
        "2,9": 93.472392929384,
        "2,10": 63.92648078932537,
        "2,11": 93.05890536249939,
        "2,12": 68.6559107247236,
        "2,13": 28.84248228194443,
        "2,14": 28.856932465510162,
        "2,15": 92.22460021419705,
        "2,16": 63.57581727750354,
        "2,17": 16.394169862653936,
        "2,18": 76.71647216959826,
        "2,19": 62.918195299712885,
        "2,20": 46.37131935179293,
        "2,21": 31.615287285635766,
        "2,22": 49.609444972540096,
        "2,23": 63.77892829689121,
        "2,24": 73.22990973595185,
        "2,25": 75.47015027419735,
        "2,26": 70.2084837893838,
        "2,27": 88.84322499498795,
        "2,28": 82.19197121447718,
        "2,29": 53.68597266420005,
        "2,30": 19.91819186344774,
        "2,31": 68.18281434575465,
        "2,32": 79.10618991656558,
        "2,33": 30.248450680485046,
        "2,34": 42.94112638295719,
        "2,35": 44.52241651056944,
        "2,36": 65.46311505726858,
        "2,37": 52.85039871047717,
        "2,38": 63.929945228334944,
        "2,39": 63.38753440514435,
        "2,40": 47.176591094325055,
        "2,41": 76.23274861104744,
        "2,42": 35.91702109107638,
        "2,43": 55.98658165408612,
        "2,44": 41.81280700155718,
        "2,45": 61.48411023136525,
        "2,46": 57.67840763696823,
        "2,47": 77.39691014761655,
        "2,48": 68.367548088144,
        "2,49": 100.21253274519523,
        "2,50": 44.2344090288299,
        "3,0": 42.057922789586264,
        "3,1": 78.56907800854046,
        "3,2": 30.55030789485294,
        "3,3": 0.0,
        "3,4": 42.2765510649243,
        "3,5": 79.60962075433555,
        "3,6": 46.446984916040456,
        "3,7": 17.674414140321936,
        "3,8": 27.91118390609454,
        "3,9": 70.29692920760674,
        "3,10": 57.277905325216665,
        "3,11": 73.17590318828083,
        "3,12": 76.74571795070429,
        "3,13": 31.78054033155783,
        "3,14": 53.15899786835112,
        "3,15": 76.13294285334447,
        "3,16": 39.541956368033034,
        "3,17": 14.888519697296656,
        "3,18": 50.27652175650364,
        "3,19": 34.98623070052658,
        "3,20": 54.85572947530961,
        "3,21": 30.394577149999797,
        "3,22": 24.167743592317617,
        "3,23": 36.149269180585016,
        "3,24": 77.78312308470613,
        "3,25": 51.75636744149075,
        "3,26": 81.78029695707534,
        "3,27": 63.9175059763828,
        "3,28": 73.12724099848877,
        "3,29": 39.834392613911604,
        "3,30": 46.52963853293191,
        "3,31": 48.75842293535045,
        "3,32": 62.01003645051074,
        "3,33": 47.014478720559794,
        "3,34": 49.66744495322965,
        "3,35": 30.402618525373704,
        "3,36": 76.84110886296494,
        "3,37": 22.65002609982344,
        "3,38": 64.63994662007018,
        "3,39": 34.231459637657956,
        "3,40": 22.72514985391829,
        "3,41": 71.68483805588917,
        "3,42": 45.45211471558515,
        "3,43": 25.66993611471323,
        "3,44": 11.505315035790865,
        "3,45": 31.769720254418655,
        "3,46": 59.99487694031787,
        "3,47": 55.43492972993265,
        "3,48": 55.88514820536585,
        "3,49": 80.78224036132109,
        "3,50": 31.733312849760125,
        "4,0": 26.011313298040154,
        "4,1": 39.62499422970971,
        "4,2": 32.94028540604106,
        "4,3": 42.2765510649243,
        "4,4": 0.0,
        "4,5": 80.69726134722312,
        "4,6": 57.31769877358957,
        "4,7": 25.997146530074673,
        "4,8": 33.12990794970727,
        "4,9": 76.19977733155831,
        "4,10": 34.78939109498323,
        "4,11": 71.83849512760207,
        "4,12": 36.648775605099075,
        "4,13": 10.861612616415384,
        "4,14": 23.231556837784666,
        "4,15": 67.33771534025276,
        "4,16": 52.10627952091676,
        "4,17": 38.110342831287824,
        "4,18": 66.47231052163231,
        "4,19": 57.938190709772734,
        "4,20": 13.871688901804431,
        "4,21": 13.975655676986502,
        "4,22": 44.516680772911556,
        "4,23": 58.026386698745256,
        "4,24": 40.397643024161,
        "4,25": 61.18710595777192,
        "4,26": 40.09439770101816,
        "4,27": 74.56129631152378,
        "4,28": 52.83957965980583,
        "4,29": 33.36759233904794,
        "4,30": 25.234453669666525,
        "4,31": 49.862449603314964,
        "4,32": 56.50204475742822,
        "4,33": 10.178624992000485,
        "4,34": 10.00171734034484,
        "4,35": 28.906573965671033,
        "4,36": 35.13684032924151,
        "4,37": 61.81745827055931,
        "4,38": 31.342277712086435,
        "4,39": 74.4394594400649,
        "4,40": 41.83504764759012,
        "4,41": 44.884085078719956,
        "4,42": 3.3277658742076435,
        "4,43": 64.05820359441442,
        "4,44": 51.93954484560827,
        "4,45": 71.25033975098799,
        "4,46": 24.944827081413052,
        "4,47": 60.48310185347649,
        "4,48": 43.06481250053442,
        "4,49": 77.9226884548112,
        "4,50": 27.054259462572745,
        "5,0": 54.70311691103474,
        "5,1": 79.42017076003444,
        "5,2": 100.93689358227721,
        "5,3": 79.60962075433555,
        "5,4": 80.69726134722312,
        "5,5": 0.0,
        "5,6": 33.460665793559755,
        "5,7": 82.68832438105956,
        "5,8": 55.46952457909703,
        "5,9": 11.32338096248156,
        "5,10": 50.24881092644089,
        "5,11": 9.0804265691613,
        "5,12": 82.413532694885,
        "5,13": 75.92413595368376,
        "5,14": 103.9178740170475,
        "5,15": 19.833776171110006,
        "5,16": 40.168261869268946,
        "5,17": 91.50157256350106,
        "5,18": 33.803354988135915,
        "5,19": 48.440065494252764,
        "5,20": 79.00461091669231,
        "5,21": 71.88203434715993,
        "5,22": 55.485435469456554,
        "5,23": 46.925409526674,
        "5,24": 74.86802781362519,
        "5,25": 28.27920210738924,
        "5,26": 91.95189747080269,
        "5,27": 20.443997489549073,
        "5,28": 40.98009997974974,
        "5,29": 48.37254400954157,
        "5,30": 104.30026119469328,
        "5,31": 32.764761561731035,
        "5,32": 24.447099370403578,
        "5,33": 90.84037456202257,
        "5,34": 76.18473831050756,
        "5,35": 56.590653832592,
        "5,36": 89.5230667868483,
        "5,37": 73.55044535613884,
        "5,38": 64.52669891368642,
        "5,39": 79.27113897124251,
        "5,40": 56.924617682702284,
        "5,41": 52.59983971029248,
        "5,42": 80.68751026751757,
        "5,43": 71.98534511810156,
        "5,44": 75.85196184434619,
        "5,45": 76.02004230096979,
        "5,46": 67.84837068392949,
        "5,47": 24.202289977651077,
        "5,48": 38.637668923999485,
        "5,49": 7.49381876226169,
        "5,50": 57.238425622540944,
        "6,0": 33.691860644069834,
        "6,1": 72.00764210954614,
        "6,2": 70.38744792659296,
        "6,3": 46.446984916040456,
        "6,4": 57.31769877358957,
        "6,5": 33.460665793559755,
        "6,6": 0.0,
        "6,7": 51.94850310784387,
        "6,8": 25.783824949446245,
        "6,9": 23.861221702978252,
        "6,10": 39.43960012499956,
        "6,11": 28.254802632021285,
        "6,12": 73.1573545396436,
        "6,13": 49.511989187223946,
        "6,14": 79.3067992910081,
        "6,15": 35.36920144043896,
        "6,16": 6.972940042926743,
        "6,17": 59.15456866469414,
        "6,18": 10.070392676990497,
        "6,19": 16.22111803196438,
        "6,20": 60.89739052873319,
        "6,21": 45.263984843235285,
        "6,22": 22.29276919998554,
        "6,23": 14.740506358841102,
        "6,24": 68.58301847923191,
        "6,25": 5.311285028717755,
        "6,26": 81.89506755072871,
        "6,27": 18.480783789542762,
        "6,28": 44.013280673760335,
        "6,29": 24.961389003845984,
        "6,30": 77.48912138616086,
        "6,31": 12.117933780704918,
        "6,32": 22.941898181112105,
        "6,33": 67.19357691271195,
        "6,34": 56.488300153883436,
        "6,35": 28.847879890108935,
        "6,36": 78.05342569159845,
        "6,37": 41.116940545747916,
        "6,38": 54.63886840516059,
        "6,39": 48.87836120592524,
        "6,40": 24.058647219147122,
        "6,41": 50.43137561926378,
        "6,42": 58.48165191859092,
        "6,43": 40.048207011891904,
        "6,44": 42.43501211876444,
        "6,45": 45.2638825958482,
        "6,46": 54.69726801342781,
        "6,47": 10.09679361045646,
        "6,48": 28.519788185588006,
        "6,49": 35.79943022577718,
        "6,50": 30.41421638398403,
        "7,0": 34.629347619880214,
        "7,1": 64.58073519160031,
        "7,2": 18.449192395864298,
        "7,3": 17.674414140321936,
        "7,4": 25.997146530074673,
        "7,5": 82.68832438105956,
        "7,6": 51.94850310784387,
        "7,7": 0.0,
        "7,8": 27.219952419468598,
        "7,9": 75.04731026043432,
        "7,10": 49.2774536204678,
        "7,11": 74.98095577546746,
        "7,12": 62.11527178277391,
        "7,13": 16.767402484121444,
        "7,14": 35.69998857349071,
        "7,15": 74.92588553510598,
        "7,16": 45.160307747403095,
        "7,17": 12.999677016199609,
        "7,18": 58.48878499707669,
        "7,19": 45.244476957141075,
        "7,20": 39.48452689325113,
        "7,21": 17.34177856019267,
        "7,22": 31.55870432171529,
        "7,23": 45.98283247387612,
        "7,24": 64.55534593324165,
        "7,25": 57.021641779034944,
        "7,26": 66.08358689464218,
        "7,27": 70.41339463545837,
        "7,28": 66.99950875661311,
        "7,29": 36.27240357332268,
        "7,30": 29.796759406735088,
        "7,31": 49.99321546413245,
        "7,32": 61.44043979313236,
        "7,33": 29.499086254852067,
        "7,34": 34.680937342641464,
        "7,35": 26.69423719857267,
        "7,36": 61.12408102115237,
        "7,37": 39.73696335597065,
        "7,38": 52.82769685085795,
        "7,39": 51.75640347926026,
        "7,40": 29.01625605295301,
        "7,41": 62.81517142317675,
        "7,42": 29.307974337122783,
        "7,43": 42.53695022426962,
        "7,44": 28.789062105227373,
        "7,45": 49.09386666836089,
        "7,46": 47.276966328257224,
        "7,47": 59.00678534865801,
        "7,48": 51.729349150185385,
        "7,49": 82.24777731256175,
        "7,50": 26.754905246255966,
        "8,0": 16.924323013920006,
        "8,1": 58.20740174480835,
        "8,2": 45.53599772450877,
        "8,3": 27.91118390609454,
        "8,4": 33.12990794970727,
        "8,5": 55.46952457909703,
        "8,6": 25.783824949446245,
        "8,7": 27.219952419468598,
        "8,8": 0.0,
        "8,9": 48.034340622491065,
        "8,10": 31.01083303663504,
        "8,11": 47.86117680675992,
        "8,12": 57.773732170360354,
        "8,13": 24.13210886005106,
        "8,14": 53.97207643845511,
        "8,15": 48.91533160429145,
        "8,16": 19.62497341086571,
        "8,17": 36.8173552469895,
        "8,18": 33.95838287301375,
        "8,19": 25.035976661623554,
        "8,20": 40.07470115587817,
        "8,21": 19.949918083696556,
        "8,22": 12.899709333386435,
        "8,23": 24.99549640501055,
        "8,24": 56.15837443280014,
        "8,25": 30.505596670186133,
        "8,26": 65.03243931458947,
        "8,27": 44.13174870529156,
        "8,28": 45.47337410544442,
        "8,29": 12.113068505729462,
        "8,30": 51.73178654088899,
        "8,31": 22.822814669071708,
        "8,32": 34.97884778735965,
        "8,33": 42.45422499257826,
        "8,34": 34.939257935798416,
        "8,35": 4.932551371811015,
        "8,36": 60.489111968229246,
        "8,37": 36.27269482164599,
        "8,38": 41.83102115657863,
        "8,39": 48.33246114046736,
        "8,40": 10.82409270609088,
        "8,41": 45.434067510616735,
        "8,42": 34.945535131836586,
        "8,43": 37.343964654951435,
        "8,44": 30.48468605796634,
        "8,45": 44.622407655498215,
        "8,46": 38.99789158281487,
        "8,47": 31.890005435693283,
        "8,48": 28.001634634105564,
        "8,49": 55.22380677332166,
        "8,50": 7.1893459275375164,
        "9,0": 50.396144492905115,
        "9,1": 80.51523079249183,
        "9,2": 93.472392929384,
        "9,3": 70.29692920760674,
        "9,4": 76.19977733155831,
        "9,5": 11.32338096248156,
        "9,6": 23.861221702978252,
        "9,7": 75.04731026043432,
        "9,8": 48.034340622491065,
        "9,9": 0.0,
        "9,10": 49.16624434512278,
        "9,11": 12.52161793407825,
        "9,12": 82.95139465661322,
        "9,13": 70.17056183544811,
        "9,14": 99.18198847402105,
        "9,15": 25.264857536702905,
        "9,16": 30.811836219765755,
        "9,17": 82.9123801184258,
        "9,18": 22.69960809262948,
        "9,19": 37.80049636261494,
        "9,20": 76.4147802927676,
        "9,21": 65.98685393777122,
        "9,22": 46.1530613804141,
        "9,23": 36.30666649992068,
        "9,24": 76.23622845946282,
        "9,25": 18.550249661688145,
        "9,26": 92.38462885003968,
        "9,27": 9.146765995430068,
        "9,28": 44.03228860538725,
        "9,29": 42.93959495383078,
        "9,30": 98.64000720365664,
        "9,31": 26.46581264564878,
        "9,32": 23.110279136302918,
        "9,33": 86.36972936302753,
        "9,34": 72.97048213750388,
        "9,35": 49.949318785194436,
        "9,36": 89.43646948185577,
        "9,37": 62.73594453017172,
        "9,38": 64.39463247483042,
        "9,39": 68.05761517289504,
        "9,40": 47.882634629497254,
        "9,41": 54.574826415287035,
        "9,42": 76.63344246729639,
        "9,43": 61.04011331973671,
        "9,44": 65.69311904283977,
        "9,45": 64.85555591673892,
        "9,46": 66.71382820001449,
        "9,47": 16.205184758973814,
        "9,48": 36.82202212297187,
        "9,49": 17.03880034895934,
        "9,50": 50.961091244041015,
        "10,0": 15.258748853830093,
        "10,1": 32.71190056207046,
        "10,2": 63.92648078932537,
        "10,3": 57.277905325216665,
        "10,4": 34.78939109498323,
        "10,5": 50.24881092644089,
        "10,6": 39.43960012499956,
        "10,7": 49.2774536204678,
        "10,8": 31.01083303663504,
        "10,9": 49.16624434512278,
        "10,10": 0.0,
        "10,11": 41.185974249005824,
        "10,12": 34.35207658011456,
        "10,13": 35.09307885463095,
        "10,14": 57.15467333137724,
        "10,15": 33.80345893746285,
        "10,16": 38.33564068626833,
        "10,17": 61.859721514797656,
        "10,18": 49.38945916771227,
        "10,19": 49.711556869007204,
        "10,20": 29.338816575685325,
        "10,21": 32.55305653048176,
        "10,22": 42.44147224915187,
        "10,23": 48.87329890560146,
        "10,24": 29.147518838807034,
        "10,25": 40.556511232320474,
        "10,26": 43.56225673195197,
        "10,27": 51.07654529449722,
        "10,28": 18.34492923345963,
        "10,29": 19.564721228868827,
        "10,30": 60.01915776698043,
        "10,31": 27.613122001644356,
        "10,32": 26.296537816054787,
        "10,33": 44.081406435315714,
        "10,34": 27.56740470200074,
        "10,35": 27.22024141178359,
        "10,36": 40.345631970660456,
        "10,37": 66.94935475561459,
        "10,38": 15.571975304658542,
        "10,39": 78.53747032979214,
        "10,40": 41.141901982733586,
        "10,41": 14.482762384678988,
        "10,42": 33.59683011317037,
        "10,43": 67.67649459725826,
        "10,44": 61.436814547199084,
        "10,45": 74.74798820722165,
        "10,46": 17.659622162569114,
        "10,47": 36.68330401389197,
        "10,48": 12.405896227175246,
        "10,49": 45.858148540601256,
        "10,50": 25.61611594707056,
        "11,0": 45.89129362657224,
        "11,1": 70.77007432611445,
        "11,2": 93.05890536249939,
        "11,3": 73.17590318828083,
        "11,4": 71.83849512760207,
        "11,5": 9.0804265691613,
        "11,6": 28.254802632021285,
        "11,7": 74.98095577546746,
        "11,8": 47.86117680675992,
        "11,9": 12.52161793407825,
        "11,10": 41.185974249005824,
        "11,11": 0.0,
        "11,12": 73.63492703704487,
        "11,13": 67.40932312946572,
        "11,14": 95.06939611043087,
        "11,15": 12.832903756264983,
        "11,16": 34.40353395789132,
        "11,17": 84.37661408504775,
        "11,18": 31.165241594390338,
        "11,19": 44.18989586923419,
        "11,20": 69.93084909038141,
        "11,21": 63.43285847795765,
        "11,22": 49.33106681335086,
        "11,23": 42.67173355006454,
        "11,24": 66.2828660917794,
        "11,25": 23.574496646297863,
        "11,26": 83.16417043531935,
        "11,27": 20.481726665115392,
        "11,28": 32.838833411796195,
        "11,29": 39.93159198370549,
        "11,30": 95.68084558439146,
        "11,31": 25.04551787744157,
        "11,32": 15.423281559244776,
        "11,33": 81.95835832271183,
        "11,34": 67.15057913570668,
        "11,35": 48.55351431632604,
        "11,36": 80.63231137278909,
        "11,37": 69.30158801198824,
        "11,38": 55.59057617162805,
        "11,39": 76.24579885101177,
        "11,40": 50.46948763588545,
        "11,41": 44.12609874370714,
        "11,42": 71.75005535113905,
        "11,43": 68.07211768349404,
        "11,44": 70.43265593248802,
        "11,45": 72.79193477643334,
        "11,46": 58.80254136702773,
        "11,47": 18.240642791470975,
        "11,48": 29.56813165676283,
        "11,49": 7.633366461000107,
        "11,50": 49.03299754039696,
        "12,0": 41.63254074553799,
        "12,1": 4.84758540599807,
        "12,2": 68.6559107247236,
        "12,3": 76.74571795070429,
        "12,4": 36.648775605099075,
        "12,5": 82.413532694885,
        "12,6": 73.1573545396436,
        "12,7": 62.11527178277391,
        "12,8": 57.773732170360354,
        "12,9": 82.95139465661322,
        "12,10": 34.35207658011456,
        "12,11": 73.63492703704487,
        "12,12": 0.0,
        "12,13": 45.51363994564578,
        "12,14": 47.40325885147266,
        "12,15": 63.61679008800735,
        "12,16": 70.93827931429287,
        "12,17": 74.63704117813512,
        "12,18": 83.21621209846032,
        "12,19": 81.0393895453465,
        "12,20": 22.78550108606879,
        "12,21": 46.35565359556817,
        "12,22": 70.65667488274869,
        "12,23": 80.49649699508663,
        "12,24": 9.215806859773226,
        "12,25": 74.7438251804514,
        "12,26": 9.540328978460744,
        "12,27": 85.39383849247317,
        "12,28": 42.49949298737456,
        "12,29": 49.86085581581796,
        "12,30": 54.91096278480206,
        "12,31": 61.70910177119058,
        "12,32": 59.84213317040724,
        "12,33": 38.92719958553566,
        "12,34": 27.438801461037183,
        "12,35": 52.88479946015935,
        "12,36": 8.301426629272283,
        "12,37": 92.94756187089288,
        "12,38": 18.78037404805645,
        "12,39": 105.45796845090149,
        "12,40": 68.55448001042903,
        "12,41": 30.411388936076442,
        "12,42": 33.36609797758774,
        "12,43": 94.51202038484391,
        "12,44": 84.67944141231716,
        "12,45": 101.87768942870613,
        "12,46": 18.97371397470941,
        "12,47": 71.03494728836081,
        "12,48": 46.65461831012988,
        "12,49": 76.80915262627438,
        "12,50": 50.650820512394546,
        "13,0": 22.382977850060673,
        "13,1": 47.84684681738427,
        "13,2": 28.84248228194443,
        "13,3": 31.78054033155783,
        "13,4": 10.861612616415384,
        "13,5": 75.92413595368376,
        "13,6": 49.511989187223946,
        "13,7": 16.767402484121444,
        "13,8": 24.13210886005106,
        "13,9": 70.17056183544811,
        "13,10": 35.09307885463095,
        "13,11": 67.40932312946572,
        "13,12": 45.51363994564578,
        "13,13": 0.0,
        "13,14": 29.856703994403265,
        "13,15": 64.77717711518599,
        "13,16": 43.69248120667305,
        "13,17": 29.650517089021818,
        "13,18": 58.06863629098416,
        "13,19": 48.21572057526682,
        "13,20": 23.152353372114383,
        "13,21": 4.250260125474906,
        "13,22": 34.45500788544541,
        "13,23": 48.44637705124579,
        "13,24": 47.7925307900403,
        "13,25": 53.85405085088209,
        "13,26": 50.042206574224025,
        "13,27": 67.4655366070929,
        "13,28": 53.38888172931949,
        "13,29": 27.555696475106263,
        "13,30": 28.480635875214386,
        "13,31": 43.74576738995523,
        "13,32": 52.540908558604876,
        "13,33": 18.637353224949596,
        "13,34": 18.10748247353104,
        "13,35": 20.676206945664383,
        "13,36": 45.09302009472047,
        "13,37": 50.955846148638,
        "13,38": 36.39476901135763,
        "13,39": 63.57937398572917,
        "13,40": 31.71972128054524,
        "13,41": 47.58120439675877,
        "13,42": 13.822233433336956,
        "13,43": 53.205531810768775,
        "13,44": 41.13523812109669,
        "13,45": 60.38984803632967,
        "13,46": 30.63477248038694,
        "13,47": 54.06054759687786,
        "13,48": 40.4504582231005,
        "13,49": 74.07056878161998,
        "13,50": 19.309890424139013,
        "14,0": 49.217149283402875,
        "14,1": 51.78829508645555,
        "14,2": 28.856932465510162,
        "14,3": 53.15899786835112,
        "14,4": 23.231556837784666,
        "14,5": 103.9178740170475,
        "14,6": 79.3067992910081,
        "14,7": 35.69998857349071,
        "14,8": 53.97207643845511,
        "14,9": 99.18198847402105,
        "14,10": 57.15467333137724,
        "14,11": 95.06939611043087,
        "14,12": 47.40325885147266,
        "14,13": 29.856703994403265,
        "14,14": 0.0,
        "14,15": 90.33619447054176,
        "14,16": 73.54917485817927,
        "14,17": 42.58117242532153,
        "14,18": 87.92230687076572,
        "14,19": 77.49280015685811,
        "14,20": 29.78636970512139,
        "14,21": 34.08335966813974,
        "14,22": 63.49875487325781,
        "14,23": 77.85741604077151,
        "14,24": 54.42725461884213,
        "14,25": 83.52052376561865,
        "14,26": 45.994792063289935,
        "14,27": 97.06610385013482,
        "14,28": 74.59043785354699,
        "14,29": 56.24465097598879,
        "14,30": 9.32742695180045,
        "14,31": 72.74595953097283,
        "14,32": 79.73122041556704,
        "14,33": 13.190188353201187,
        "14,34": 29.769316507552453,
        "14,35": 50.46215792155213,
        "14,36": 41.88160101600834,
        "14,37": 75.43688341317853,
        "14,38": 50.1845759063123,
        "14,39": 87.37955192688975,
        "14,40": 60.740851416621766,
        "14,41": 65.23430759924031,
        "14,42": 23.660128740361607,
        "14,43": 78.21941819993927,
        "14,44": 64.46120468847342,
        "14,45": 84.78385013586453,
        "14,46": 43.8349913653574,
        "14,47": 83.28813533943573,
        "14,48": 66.19863043554868,
        "14,49": 101.12913257399644,
        "14,50": 48.93796323984009,
        "15,0": 42.419450340531874,
        "15,1": 60.31944133296858,
        "15,2": 92.22460021419705,
        "15,3": 76.13294285334447,
        "15,4": 67.33771534025276,
        "15,5": 19.833776171110006,
        "15,6": 35.36920144043896,
        "15,7": 74.92588553510598,
        "15,8": 48.91533160429145,
        "15,9": 25.264857536702905,
        "15,10": 33.80345893746285,
        "15,11": 12.832903756264983,
        "15,12": 63.61679008800735,
        "15,13": 64.77717711518599,
        "15,14": 90.33619447054176,
        "15,15": 0.0,
        "15,16": 40.144792942964315,
        "15,17": 85.63850535750623,
        "15,18": 40.891944691833345,
        "15,19": 51.5305408399608,
        "15,20": 63.13951693687953,
        "15,21": 61.170627293218125,
        "15,22": 53.53955395299112,
        "15,23": 50.07577364984517,
        "15,24": 55.66076801514735,
        "15,25": 31.835941751906116,
        "15,26": 73.13905089609943,
        "15,27": 32.51780907274732,
        "15,28": 21.425324149574443,
        "15,29": 38.66353369979341,
        "15,30": 92.15194650591592,
        "15,31": 27.74471132715364,
        "15,32": 14.137632539630356,
        "15,33": 77.15166275117036,
        "15,34": 61.178227520794074,
        "15,35": 48.300716188884394,
        "15,36": 71.08176588058603,
        "15,37": 75.90249933605408,
        "15,38": 46.51587294220386,
        "15,39": 84.24153056883702,
        "15,40": 54.05745836884457,
        "15,41": 33.350490569209036,
        "15,42": 66.68161323672612,
        "15,43": 75.1382444243736,
        "15,44": 75.27349535453254,
        "15,45": 80.60814023035026,
        "15,46": 50.69009658001159,
        "15,47": 25.663562113107727,
        "15,48": 24.424899324125256,
        "15,49": 13.306720734893972,
        "15,50": 48.18580682626582,
        "16,0": 30.070005005151685,
        "16,1": 70.23263695991318,
        "16,2": 63.57581727750354,
        "16,3": 39.541956368033034,
        "16,4": 52.10627952091676,
        "16,5": 40.168261869268946,
        "16,6": 6.972940042926743,
        "16,7": 45.160307747403095,
        "16,8": 19.62497341086571,
        "16,9": 30.811836219765755,
        "16,10": 38.33564068626833,
        "16,11": 34.40353395789132,
        "16,12": 70.93827931429287,
        "16,13": 43.69248120667305,
        "16,14": 73.54917485817927,
        "16,15": 40.144792942964315,
        "16,16": 0.0,
        "16,17": 52.18310551914004,
        "16,18": 14.400044580507474,
        "16,19": 12.2998655546322,
        "16,20": 56.90031388014372,
        "16,21": 39.47264384459953,
        "16,22": 15.374221294617705,
        "16,23": 11.110862686358072,
        "16,24": 67.15420888392661,
        "16,25": 12.26898704654771,
        "16,26": 79.31496174469942,
        "16,27": 25.278893047402043,
        "16,28": 45.79636059947178,
        "16,29": 21.345910391244537,
        "16,30": 71.29916738220915,
        "16,31": 13.59062833644119,
        "16,32": 26.71025363902501,
        "16,33": 61.76664518480285,
        "16,34": 52.21098892031786,
        "16,35": 23.24686266391795,
        "16,36": 75.22968061885366,
        "16,37": 35.757816729537225,
        "16,38": 52.861596023043276,
        "16,39": 44.65279678211864,
        "16,40": 17.086429811264075,
        "16,41": 50.667751143042814,
        "16,42": 53.534869186137975,
        "16,43": 35.07431198374218,
        "16,44": 36.02915014604555,
        "16,45": 40.916482662598455,
        "16,46": 52.118805281294875,
        "16,47": 16.208926023949427,
        "16,48": 28.873729679120043,
        "16,49": 42.02312083284306,
        "16,50": 25.053806634415714,
        "17,0": 46.918038232692524,
        "17,1": 77.28767243450254,
        "17,2": 16.394169862653936,
        "17,3": 14.888519697296656,
        "17,4": 38.110342831287824,
        "17,5": 91.50157256350106,
        "17,6": 59.15456866469414,
        "17,7": 12.999677016199609,
        "17,8": 36.8173552469895,
        "17,9": 82.9123801184258,
        "17,10": 61.859721514797656,
        "17,11": 84.37661408504775,
        "17,12": 74.63704117813512,
        "17,13": 29.650517089021818,
        "17,14": 42.58117242532153,
        "17,15": 85.63850535750623,
        "17,16": 52.18310551914004,
        "17,17": 0.0,
        "17,18": 64.09318213496387,
        "17,19": 49.2700506018237,
        "17,20": 51.8798643183988,
        "17,21": 30.323716067876035,
        "17,22": 37.131145706734486,
        "17,23": 50.3247596680552,
        "17,24": 77.41950201503066,
        "17,25": 64.43086346071283,
        "17,26": 78.06812270983123,
        "17,27": 77.21787805496743,
        "17,28": 79.26736479802585,
        "17,29": 47.382594778345464,
        "17,30": 34.66189299382126,
        "17,31": 59.390044622362126,
        "17,32": 71.78376158930645,
        "17,33": 39.66456199120499,
        "17,34": 47.28916355950166,
        "17,35": 37.53703943005751,
        "17,36": 73.12919928754239,
        "17,37": 36.59370062763626,
        "17,38": 65.82650655870181,
        "17,39": 46.99545065425854,
        "17,40": 35.11598617232302,
        "17,41": 75.61492000037529,
        "17,42": 41.43529988977269,
