{
    "num_robots": 4,
    "num_tasks": 30,
    "num_nodes": 31,
    "robot_capacity": [
        118,
        90,
        82,
        116
    ],
    "robot_speed": [
        1.02,
        1.19,
        0.89,
        1.0
    ],
    "task_demand": {
        "0": 0,
        "1": 9,
        "2": 15,
        "3": 12,
        "4": 10,
        "5": 6,
        "6": 10,
        "7": 11,
        "8": 12,
        "9": 9,
        "10": 15,
        "11": 8,
        "12": 12,
        "13": 8,
        "14": 12,
        "15": 15,
        "16": 5,
        "17": 10,
        "18": 15,
        "19": 5,
        "20": 12,
        "21": 5,
        "22": 13,
        "23": 10,
        "24": 12,
        "25": 14,
        "26": 14,
        "27": 14,
        "28": 15,
        "29": 13,
        "30": 6
    },
    "task_service_time": {
        "0": 0,
        "1": 83,
        "2": 84,
        "3": 80,
        "4": 79,
        "5": 20,
        "6": 31,
        "7": 27,
        "8": 86,
        "9": 52,
        "10": 93,
        "11": 90,
        "12": 61,
        "13": 56,
        "14": 43,
        "15": 93,
        "16": 96,
        "17": 19,
        "18": 42,
        "19": 90,
        "20": 66,
        "21": 97,
        "22": 46,
        "23": 85,
        "24": 88,
        "25": 77,
        "26": 14,
        "27": 60,
        "28": 15,
        "29": 42,
        "30": 63
    },
    "task_precedence": [],
    "coordinates": {
        "0": [
            50.0,
            50.0
        ],
        "1": [
            38.509601487144565,
            12.856622519092898
        ],
        "2": [
            74.28751612844147,
            81.2793059866959
        ],
        "3": [
            10.903523717933073,
            72.73559064768092
        ],
        "4": [
            14.807011837842444,
            11.1451762154126
        ],
        "5": [
            85.85025824411554,
            22.407458101757282
        ],
        "6": [
            68.36572944451837,
            63.937954924154475
        ],
        "7": [
            68.79007229881628,
            67.46019818289768
        ],
        "8": [
            53.135766283510335,
            83.92198064624645
        ],
        "9": [
            34.71648090393781,
            79.78006466183018
        ],
        "10": [
            97.9768507523041,
            98.83098304061983
        ],
        "11": [
            99.75639396272258,
            3.2640425938031847
        ],
        "12": [
            79.52687336463265,
            18.130389479797905
        ],
        "13": [
            32.13424787207734,
            56.79577486518591
        ],
        "14": [
            85.29707034820991,
            50.670644581776834
        ],
        "15": [
            24.151571517153858,
            6.339038734056334
        ],
        "16": [
            10.773619561037584,
            42.67031168656884
        ],
        "17": [
            26.576743628695887,
            14.892499172984463
        ],
        "18": [
            90.32538086344199,
            57.55781069366619
        ],
        "19": [
            13.56983303499426,
            45.16558918940223
        ],
        "20": [
            12.327263747553896,
            95.58380430720834
        ],
        "21": [
            29.151657776736283,
            18.66096015514327
        ],
        "22": [
            89.51137339919842,
            55.829203052470966
        ],
        "23": [
            53.394423165607705,
            93.53291552167158
        ],
        "24": [
            18.469015587399106,
            82.1946875414019
        ],
        "25": [
            4.421869253729504,
            88.20338552748751
        ],
        "26": [
            88.1120555804168,
            41.43634432644666
        ],
        "27": [
            59.81805522699971,
            28.978832969585998
        ],
        "28": [
            1.7333576603419942,
            31.86879716857859
        ],
        "29": [
            33.28217847229422,
            69.18625171330784
        ],
        "30": [
            33.00835027404673,
            85.21457811442632
        ]
    },
    "distance_matrix_str_keys": {
        "0,0": 0.0,
        "0,1": 38.88006878431914,
        "0,2": 39.601495207866265,
        "0,3": 45.22655790321809,
        "0,4": 52.42369451987432,
        "0,5": 45.23924606551323,
        "0,6": 23.055728257789013,
        "0,7": 25.650055313406376,
        "0,8": 34.0666083012254,
        "0,9": 33.47294739371608,
        "0,10": 68.45614006663071,
        "0,11": 68.26381512080539,
        "0,12": 43.4454638069434,
        "0,13": 19.114592726884496,
        "0,14": 35.30344089917506,
        "0,15": 50.73875041523042,
        "0,16": 39.90530357125808,
        "0,17": 42.204094035469296,
        "0,18": 41.027513259554844,
        "0,19": 36.74953867715648,
        "0,20": 59.136437767794504,
        "0,21": 37.640254938773175,
        "0,22": 39.93905652513366,
        "0,23": 43.66505287348463,
        "0,24": 45.06329863554353,
        "0,25": 59.47154502857623,
        "0,26": 39.06232173156072,
        "0,27": 23.200941182654226,
        "0,28": 51.559764146654224,
        "0,29": 25.44794316715264,
        "0,30": 39.09965053790789,
        "1,0": 38.88006878431914,
        "1,1": 0.0,
        "1,2": 77.2121932662693,
        "1,3": 65.93622944894722,
        "1,4": 23.764296844922317,
        "1,5": 48.29447424404193,
        "1,6": 59.16663668727057,
        "1,7": 62.43762798064447,
        "1,8": 72.55487455981878,
        "1,9": 67.03085015118823,
        "1,10": 104.53680883904055,
        "1,11": 61.99344463868411,
        "1,12": 41.35491760634518,
        "1,13": 44.39925948267968,
        "1,14": 60.157854906756,
        "1,15": 15.76806655916073,
        "1,16": 40.72027449784942,
        "1,17": 12.105283574530631,
        "1,18": 68.4329687839987,
        "1,19": 40.814965120039375,
        "1,20": 86.77154727278922,
        "1,21": 11.011877491165652,
        "1,22": 66.69200413742887,
        "1,23": 82.03793128204522,
        "1,24": 72.17612031858619,
        "1,25": 82.69890074638349,
        "1,26": 57.24686847907849,
        "1,27": 26.720326917789304,
        "1,28": 41.3999383442896,
        "1,29": 56.57166319398733,
        "1,30": 72.56677960917001,
        "2,0": 39.601495207866265,
        "2,1": 77.2121932662693,
        "2,2": 0.0,
        "2,3": 63.95721668185308,
        "2,4": 91.96046188139323,
        "2,5": 59.99659555858927,
        "2,6": 18.324574052462875,
        "2,7": 14.872445298365726,
        "2,8": 21.316196913586033,
        "2,9": 39.599426173735075,
        "2,10": 29.48297716185692,
        "2,11": 82.06732029498686,
        "2,12": 63.36589398283277,
        "2,13": 48.74773144332917,
        "2,14": 32.528455805940176,
        "2,15": 90.16460834475545,
        "2,16": 74.32812050658971,
        "2,17": 81.75283439394332,
        "2,18": 28.634287911442886,
        "2,19": 70.64586032565119,
        "2,20": 63.59002710570917,
        "2,21": 77.19004433102185,
        "2,22": 29.655919637789417,
        "2,23": 24.221318712845935,
        "2,24": 55.82600582202745,
        "2,25": 70.20791615415712,
        "2,26": 42.17320814118027,
        "2,27": 54.26513407881522,
        "2,28": 87.78100188924331,
        "2,29": 42.75137048041567,
        "2,30": 41.46632248408244,
        "3,0": 45.22655790321809,
        "3,1": 65.93622944894722,
        "3,2": 63.95721668185308,
        "3,3": 0.0,
        "3,4": 61.71398844217443,
        "3,5": 90.27698456250147,
        "3,6": 58.131776863332504,
        "3,7": 58.126433507178504,
        "3,8": 43.688644214689965,
        "3,9": 24.833073593063723,
        "3,10": 90.89958077447872,
        "3,11": 112.78798047549058,
        "3,12": 87.69773150611228,
        "3,13": 26.54847218371034,
        "3,14": 77.59678875522125,
        "3,15": 67.70533861158279,
        "3,16": 30.0655596006372,
        "3,17": 59.928899987578895,
        "3,18": 80.85911449412563,
        "3,19": 27.698631478535837,
        "3,20": 22.89252941689406,
        "3,21": 57.07065848167986,
        "3,22": 80.40534791313249,
        "3,23": 47.30756026035064,
        "3,24": 12.112439113232256,
        "3,25": 16.770942818968198,
        "3,26": 83.31146507316662,
        "3,27": 65.62991113243254,
        "3,28": 41.88301272338699,
        "3,29": 22.65837583512877,
        "3,30": 25.384020274004197,
        "4,0": 52.42369451987432,
        "4,1": 23.764296844922317,
        "4,2": 91.96046188139323,
        "4,3": 61.71398844217443,
        "4,4": 0.0,
        "4,5": 71.93039589234806,
        "4,6": 75.2038145007409,
        "4,7": 78.00995139039303,
        "4,8": 82.25300408204033,
        "4,9": 71.46422091190803,
        "4,10": 120.8553797877656,
        "4,11": 85.31418282185307,
        "4,12": 65.0957270517493,
        "4,13": 48.828375619805065,
        "4,14": 80.81528938496409,
        "4,15": 10.508080371309985,
        "4,16": 31.782108484701613,
        "4,17": 12.35188308627358,
        "4,18": 88.64060412417443,
        "4,19": 34.04290102666074,
        "4,20": 84.47503219659573,
        "4,21": 16.194316143046514,
        "4,22": 87.04828482322183,
        "4,23": 90.97652390025813,
        "4,24": 71.1438214543164,
        "4,25": 77.75486357055682,
        "4,26": 79.3169862238327,
        "4,27": 48.415218064223076,
        "4,28": 24.502834508753786,
        "4,29": 60.91057565910155,
        "4,30": 76.2729638767687,
        "5,0": 45.23924606551323,
        "5,1": 48.29447424404193,
        "5,2": 59.99659555858927,
        "5,3": 90.27698456250147,
        "5,4": 71.93039589234806,
        "5,5": 0.0,
        "5,6": 45.06096884953858,
        "5,7": 48.17467522783087,
        "5,8": 69.67262351969364,
        "5,9": 76.85232051520497,
        "5,10": 77.37964467442713,
        "5,11": 23.66117004576266,
        "5,12": 7.634036437627364,
        "5,13": 63.780609123077696,
        "5,14": 28.26859966203732,
        "5,15": 63.75674117148762,
        "5,16": 77.76300477314999,
        "5,17": 59.74800534382306,
        "5,18": 35.43407977912683,
        "5,19": 75.77857480194389,
        "5,20": 103.73238820986175,
        "5,21": 56.82224513184499,
        "5,22": 33.62167157845269,
        "5,23": 78.18063650185601,
        "5,24": 90.0818775672,
        "5,25": 104.68852181295512,
        "5,26": 19.162834814887713,
        "5,27": 26.84880931396894,
        "5,28": 84.6473266013629,
        "5,29": 70.36802215956203,
        "5,30": 82.07923953231433,
        "6,0": 23.055728257789013,
        "6,1": 59.16663668727057,
        "6,2": 18.324574052462875,
        "6,3": 58.131776863332504,
        "6,4": 75.2038145007409,
        "6,5": 45.06096884953858,
        "6,6": 0.0,
        "6,7": 3.547712563294226,
        "6,8": 25.1259440011096,
        "6,9": 37.19199333574798,
        "6,10": 45.76398055502651,
        "6,11": 68.31323046354638,
        "6,12": 47.14768483758788,
        "6,13": 36.92872855824936,
        "6,14": 21.510272627699987,
        "6,15": 72.61216776477535,
        "6,16": 61.393515697605615,
        "6,17": 64.43427709965394,
        "6,18": 22.86771809434574,
        "6,19": 57.92229258759184,
        "6,20": 64.3565802451062,
        "6,21": 59.89782693953945,
        "6,22": 22.647077409118996,
        "6,23": 33.16627359932888,
        "6,24": 53.13182040544916,
        "6,25": 68.3931895620048,
        "6,26": 29.93726566265099,
        "6,27": 35.98892805243336,
        "6,28": 73.94798069411169,
        "6,29": 35.47393646055774,
        "6,30": 41.265469295590414,
        "7,0": 25.650055313406376,
        "7,1": 62.43762798064447,
        "7,2": 14.872445298365726,
        "7,3": 58.126433507178504,
        "7,4": 78.00995139039303,
        "7,5": 48.17467522783087,
        "7,6": 3.547712563294226,
        "7,7": 0.0,
        "7,8": 22.716680626611385,
        "7,9": 36.23242664525606,
        "7,10": 42.84850264691252,
        "7,11": 71.27453591439051,
        "7,12": 50.484739514147584,
        "7,13": 38.17563868625207,
        "7,14": 23.545065188433757,
        "7,15": 75.68614063621665,
        "7,16": 63.09078586272148,
        "7,17": 67.41904847006104,
        "7,18": 23.70288575175035,
        "7,19": 59.55102362282784,
        "7,20": 63.0792039497319,
        "7,21": 62.86946427252005,
        "7,22": 23.762415008090148,
        "7,23": 30.278913482165557,
        "7,24": 52.43390053400126,
        "7,25": 67.62799261005955,
        "7,26": 32.412651966113025,
        "7,27": 39.5134478249778,
        "7,28": 75.91673599587806,
        "7,29": 35.54982116390187,
        "7,30": 39.94433173569118,
        "8,0": 34.0666083012254,
        "8,1": 72.55487455981878,
        "8,2": 21.316196913586033,
        "8,3": 43.688644214689965,
        "8,4": 82.25300408204033,
        "8,5": 69.67262351969364,
        "8,6": 25.1259440011096,
        "8,7": 22.716680626611385,
        "8,8": 0.0,
        "8,9": 18.879235734427848,
        "8,10": 47.25464219241247,
        "8,11": 93.16214840843628,
        "8,12": 70.8874036848605,
        "8,13": 34.30590059541072,
        "8,14": 46.26014298739639,
        "8,15": 82.82026576873774,
        "8,16": 59.12911014800695,
        "8,17": 73.96249723235667,
        "8,18": 45.58658673220009,
        "8,19": 55.385205177756426,
        "8,20": 42.44210186037602,
        "8,21": 69.52868657183811,
        "8,22": 45.96073265264852,
        "8,23": 9.614414832027968,
        "8,24": 34.709755765438224,
        "8,25": 48.90167882174603,
        "8,26": 55.0306288032327,
        "8,27": 55.3480122691285,
        "8,28": 73.15559802518824,
        "8,29": 24.724616400719206,
        "8,30": 20.168879082208733,
        "9,0": 33.47294739371608,
        "9,1": 67.03085015118823,
        "9,2": 39.599426173735075,
        "9,3": 24.833073593063723,
        "9,4": 71.46422091190803,
        "9,5": 76.85232051520497,
        "9,6": 37.19199333574798,
        "9,7": 36.23242664525606,
        "9,8": 18.879235734427848,
        "9,9": 0.0,
        "9,10": 66.0667229732745,
        "9,11": 100.42356259269573,
        "9,12": 76.21452435416482,
        "9,13": 23.12888896784619,
        "9,14": 58.35884136895646,
        "9,15": 74.19704576110094,
        "9,16": 44.16326952536762,
        "9,17": 65.39611210140252,
        "9,18": 59.88470861690591,
        "9,19": 40.56282322921336,
        "9,20": 27.40502201521854,
        "9,21": 61.371916966446086,
        "9,22": 59.80070246575574,
        "9,23": 23.194965701705936,
        "9,24": 16.425910411988713,
        "9,25": 31.443852013434277,
        "9,26": 65.73681072420192,
        "9,27": 56.66439953749864,
        "9,28": 58.1667944080825,
        "9,29": 10.690467541398661,
        "9,30": 5.696634683321414,
        "10,0": 68.45614006663071,
        "10,1": 104.53680883904055,
        "10,2": 29.48297716185692,
        "10,3": 90.89958077447872,
        "10,4": 120.8553797877656,
        "10,5": 77.37964467442713,
        "10,6": 45.76398055502651,
        "10,7": 42.84850264691252,
        "10,8": 47.25464219241247,
        "10,9": 66.0667229732745,
        "10,10": 0.0,
        "10,11": 95.58350736608877,
        "10,12": 82.78277276507812,
        "10,13": 78.11662486561559,
        "10,14": 49.801556517506185,
        "10,15": 118.3424337072563,
        "10,16": 103.72282553582505,
        "10,17": 110.19820493665046,
        "10,18": 41.97641894018,
        "10,19": 100.02259313343441,
        "10,20": 85.7111190208773,
        "10,21": 105.6604928891683,
        "10,22": 43.82713074073074,
        "10,23": 44.89612866337544,
        "10,24": 81.22968780284091,
        "10,25": 94.15668001846588,
        "10,26": 58.23623216618463,
        "10,27": 79.59532992260426,
        "10,28": 117.24651081931759,
        "10,29": 71.16326803124201,
        "10,30": 66.38006129484512,
        "11,0": 68.26381512080539,
        "11,1": 61.99344463868411,
        "11,2": 82.06732029498686,
        "11,3": 112.78798047549058,
        "11,4": 85.31418282185307,
        "11,5": 23.66117004576266,
        "11,6": 68.31323046354638,
        "11,7": 71.27453591439051,
        "11,8": 93.16214840843628,
        "11,9": 100.42356259269573,
        "11,10": 95.58350736608877,
        "11,11": 0.0,
        "11,12": 25.10461657471131,
        "11,13": 86.24616514303443,
        "11,14": 49.5626669120554,
        "11,15": 75.66732966273189,
        "11,16": 97.31797461945364,
        "11,17": 74.09778826270266,
        "11,18": 55.10678054976996,
        "11,19": 95.83247305403417,
        "11,20": 127.14869725247219,
        "11,21": 72.26405636471998,
        "11,22": 53.55423923829489,
        "11,23": 101.47857781748907,
        "11,24": 113.3035065431644,
        "11,25": 127.68462546248723,
        "11,26": 39.908836564470484,
        "11,27": 47.500750994482125,
        "11,28": 102.11144710668319,
        "11,29": 93.619223347898,
        "11,30": 105.69385795013018,
        "12,0": 43.4454638069434,
        "12,1": 41.35491760634518,
        "12,2": 63.36589398283277,
        "12,3": 87.69773150611228,
        "12,4": 65.0957270517493,
        "12,5": 7.634036437627364,
        "12,6": 47.14768483758788,
        "12,7": 50.484739514147584,
        "12,8": 70.8874036848605,
        "12,9": 76.21452435416482,
        "12,10": 82.78277276507812,
        "12,11": 25.10461657471131,
        "12,12": 0.0,
        "12,13": 61.1643113104217,
        "12,14": 33.04789517247883,
        "12,15": 56.616782027138285,
        "12,16": 73.00149101556713,
        "12,17": 53.04903554911711,
        "12,18": 40.879448476925816,
        "12,19": 71.28276925305116,
        "12,20": 102.54179148578741,
        "12,21": 50.378009595145514,
        "12,22": 38.998599791882306,
        "12,23": 79.8025431104796,
        "12,24": 88.50026148250025,
        "12,25": 102.7179946143727,
        "12,26": 24.836925836186868,
        "12,27": 22.497249577079746,
        "12,28": 78.99730964695485,
        "12,29": 68.88594104817483,
        "12,30": 81.63492730011943,
        "13,0": 19.114592726884496,
        "13,1": 44.39925948267968,
        "13,2": 48.74773144332917,
        "13,3": 26.54847218371034,
        "13,4": 48.828375619805065,
        "13,5": 63.780609123077696,
        "13,6": 36.92872855824936,
        "13,7": 38.17563868625207,
        "13,8": 34.30590059541072,
        "13,9": 23.12888896784619,
        "13,10": 78.11662486561559,
        "13,11": 86.24616514303443,
        "13,12": 61.1643113104217,
        "13,13": 0.0,
        "13,14": 53.51451125272025,
        "13,15": 51.08429644023583,
        "13,16": 25.608692896219047,
        "13,17": 42.27020661354571,
        "13,18": 58.19612235727201,
        "13,19": 21.90659072280564,
        "13,20": 43.55258715741606,
        "13,21": 38.25127366044315,
        "13,22": 57.38526635665417,
        "13,23": 42.44540678478711,
        "13,24": 28.841694446205093,
        "13,25": 41.88572473052584,
        "13,26": 58.04676616579242,
        "13,27": 39.24506906717882,
        "13,28": 39.313716979613424,
        "13,29": 12.443538933388677,
        "13,30": 28.432242843788558,
        "14,0": 35.30344089917506,
        "14,1": 60.157854906756,
        "14,2": 32.528455805940176,
        "14,3": 77.59678875522125,
        "14,4": 80.81528938496409,
        "14,5": 28.26859966203732,
        "14,6": 21.510272627699987,
        "14,7": 23.545065188433757,
        "14,8": 46.26014298739639,
        "14,9": 58.35884136895646,
        "14,10": 49.801556517506185,
        "14,11": 49.5626669120554,
        "14,12": 33.04789517247883,
        "14,13": 53.51451125272025,
        "14,14": 0.0,
        "14,15": 75.52524944901754,
        "14,16": 74.95165137381726,
        "14,17": 68.76156236546086,
        "14,18": 8.527424211938248,
        "14,19": 71.93818323713401,
        "14,20": 85.68421436798766,
        "14,21": 64.62915170349721,
        "14,22": 6.661161738101035,
        "14,23": 53.43176178437824,
        "14,24": 73.89014946279521,
        "14,25": 89.15999548547809,
        "14,26": 9.653830486554742,
        "14,27": 33.46214133264091,
        "14,28": 85.65280815203741,
        "14,29": 55.21210632019396,
        "14,30": 62.66892045425947,
        "15,0": 50.73875041523042,
        "15,1": 15.76806655916073,
        "15,2": 90.16460834475545,
        "15,3": 67.70533861158279,
        "15,4": 10.508080371309985,
        "15,5": 63.75674117148762,
        "15,6": 72.61216776477535,
        "15,7": 75.68614063621665,
        "15,8": 82.82026576873774,
        "15,9": 74.19704576110094,
        "15,10": 118.3424337072563,
        "15,11": 75.66732966273189,
        "15,12": 56.616782027138285,
        "15,13": 51.08429644023583,
        "15,14": 75.52524944901754,
        "15,15": 0.0,
        "15,16": 38.7160301798896,
        "15,17": 8.890621196008173,
        "15,18": 83.6799596346067,
        "15,19": 40.24269138075059,
        "15,20": 90.02467681939814,
        "15,21": 13.29776710995895,
        "15,22": 81.98280347928947,
        "15,23": 91.96693167539793,
        "15,24": 76.06819899194498,
        "15,25": 84.20826816482179,
        "15,26": 72.95727778263486,
        "15,27": 42.245216809146825,
        "15,28": 33.975651255786275,
        "15,29": 63.50700876776245,
        "15,30": 79.37123687138084,
        "16,0": 39.90530357125808,
        "16,1": 40.72027449784942,
        "16,2": 74.32812050658971,
        "16,3": 30.0655596006372,
        "16,4": 31.782108484701613,
        "16,5": 77.76300477314999,
        "16,6": 61.393515697605615,
        "16,7": 63.09078586272148,
        "16,8": 59.12911014800695,
        "16,9": 44.16326952536762,
        "16,10": 103.72282553582505,
        "16,11": 97.31797461945364,
        "16,12": 73.00149101556713,
        "16,13": 25.608692896219047,
        "16,14": 74.95165137381726,
        "16,15": 38.7160301798896,
        "16,16": 0.0,
        "16,17": 31.958498061355225,
        "16,18": 80.93281382110133,
        "16,19": 3.747695239488309,
        "16,20": 52.936296730813794,
        "16,21": 30.235761105307887,
        "16,22": 79.82975824502054,
        "16,23": 66.35915437063636,
        "16,24": 40.26655444306915,
        "16,25": 45.97396595214449,
        "16,26": 77.34827962772965,
        "16,27": 50.919674579186896,
        "16,28": 14.085419806151407,
        "16,29": 34.78117737747142,
        "16,30": 48.004144151984974,
        "17,0": 42.204094035469296,
        "17,1": 12.105283574530631,
        "17,2": 81.75283439394332,
        "17,3": 59.928899987578895,
        "17,4": 12.35188308627358,
        "17,5": 59.74800534382306,
        "17,6": 64.43427709965394,
        "17,7": 67.41904847006104,
        "17,8": 73.96249723235667,
        "17,9": 65.39611210140252,
        "17,10": 110.19820493665046,
        "17,11": 74.09778826270266,
        "17,12": 53.04903554911711,
        "17,13": 42.27020661354571,
        "17,14": 68.76156236546086,
        "17,15": 8.890621196008173,
        "17,16": 31.958498061355225,
        "17,17": 0.0,
        "17,18": 76.70865372592635,
        "17,19": 32.94904706261899,
        "17,20": 81.93982182765286,
        "17,21": 4.5641517332174555,
        "17,22": 75.07716929178264,
        "17,23": 83.08732165161756,
        "17,24": 67.78878825565164,
        "17,25": 76.58540668203965,
        "17,26": 67.01619455420148,
        "17,27": 36.10276439006862,
        "17,28": 30.0896746411093,
        "17,29": 54.70625577894738,
        "17,30": 70.61558150073468,
        "18,0": 41.027513259554844,
        "18,1": 68.4329687839987,
        "18,2": 28.634287911442886,
        "18,3": 80.85911449412563,
        "18,4": 88.64060412417443,
        "18,5": 35.43407977912683,
        "18,6": 22.86771809434574,
        "18,7": 23.70288575175035,
        "18,8": 45.58658673220009,
        "18,9": 59.88470861690591,
        "18,10": 41.97641894018,
        "18,11": 55.10678054976996,
        "18,12": 40.879448476925816,
        "18,13": 58.19612235727201,
        "18,14": 8.527424211938248,
        "18,15": 83.6799596346067,
        "18,16": 80.93281382110133,
        "18,17": 76.70865372592635,
        "18,18": 0.0,
        "18,19": 77.74947765905485,
        "18,20": 86.77374294059777,
        "18,21": 72.49268499721295,
        "18,22": 1.9106785519921379,
        "18,23": 51.556801722616605,
        "18,24": 75.96257586137135,
        "18,25": 91.20616516319141,
        "18,26": 16.272691438046415,
        "18,27": 41.80257031859884,
        "18,28": 92.24137895278204,
        "18,29": 58.21638583409942,
        "18,30": 63.64070065415442,
        "19,0": 36.74953867715648,
        "19,1": 40.814965120039375,
        "19,2": 70.64586032565119,
        "19,3": 27.698631478535837,
        "19,4": 34.04290102666074,
        "19,5": 75.77857480194389,
        "19,6": 57.92229258759184,
        "19,7": 59.55102362282784,
        "19,8": 55.385205177756426,
        "19,9": 40.56282322921336,
        "19,10": 100.02259313343441,
        "19,11": 95.83247305403417,
        "19,12": 71.28276925305116,
        "19,13": 21.90659072280564,
        "19,14": 71.93818323713401,
        "19,15": 40.24269138075059,
        "19,16": 3.747695239488309,
        "19,17": 32.94904706261899,
        "19,18": 77.74947765905485,
        "19,19": 0.0,
        "19,20": 50.43352450602141,
        "19,21": 30.745546385225406,
        "19,22": 76.68657127234651,
        "19,23": 62.65298265528617,
        "19,24": 37.35178863781295,
        "19,25": 43.999285846270716,
        "19,26": 74.63544874427419,
        "19,27": 48.99907277531754,
        "19,28": 17.80187707349393,
        "19,29": 31.07360279605189,
        "19,30": 44.517159235171796,
        "20,0": 59.136437767794504,
        "20,1": 86.77154727278922,
        "20,2": 63.59002710570917,
        "20,3": 22.89252941689406,
        "20,4": 84.47503219659573,
        "20,5": 103.73238820986175,
        "20,6": 64.3565802451062,
        "20,7": 63.0792039497319,
        "20,8": 42.44210186037602,
        "20,9": 27.40502201521854,
        "20,10": 85.7111190208773,
        "20,11": 127.14869725247219,
        "20,12": 102.54179148578741,
        "20,13": 43.55258715741606,
        "20,14": 85.68421436798766,
        "20,15": 90.02467681939814,
        "20,16": 52.936296730813794,
        "20,17": 81.93982182765286,
        "20,18": 86.77374294059777,
        "20,19": 50.43352450602141,
        "20,20": 0.0,
        "20,21": 78.74124831936612,
        "20,22": 86.82059147253173,
        "20,23": 41.118338092370486,
        "20,24": 14.730565618150615,
        "20,25": 10.815074824847255,
        "20,26": 93.1411944067637,
        "20,27": 81.80218507001936,
        "20,28": 64.58972813737728,
        "20,29": 33.70369763199406,
        "20,30": 23.134999281464438,
        "21,0": 37.640254938773175,
        "21,1": 11.011877491165652,
        "21,2": 77.19004433102185,
        "21,3": 57.07065848167986,
        "21,4": 16.194316143046514,
        "21,5": 56.82224513184499,
        "21,6": 59.89782693953945,
        "21,7": 62.86946427252005,
        "21,8": 69.52868657183811,
        "21,9": 61.371916966446086,
        "21,10": 105.6604928891683,
        "21,11": 72.26405636471998,
        "21,12": 50.378009595145514,
        "21,13": 38.25127366044315,
        "21,14": 64.62915170349721,
        "21,15": 13.29776710995895,
        "21,16": 30.235761105307887,
        "21,17": 4.5641517332174555,
        "21,18": 72.49268499721295,
        "21,19": 30.745546385225406,
        "21,20": 78.74124831936612,
        "21,21": 0.0,
        "21,22": 70.88563712134673,
        "21,23": 78.69892867191567,
        "21,24": 64.4255644890818,
        "21,25": 73.80861309536107,
        "21,26": 63.20638127055456,
        "21,27": 32.35562442594084,
        "21,28": 30.43370072544808,
        "21,29": 50.6938486234175,
        "21,30": 66.6652693723577,
        "22,0": 39.93905652513366,
        "22,1": 66.69200413742887,
        "22,2": 29.655919637789417,
        "22,3": 80.40534791313249,
        "22,4": 87.04828482322183,
        "22,5": 33.62167157845269,
        "22,6": 22.647077409118996,
        "22,7": 23.762415008090148,
        "22,8": 45.96073265264852,
        "22,9": 59.80070246575574,
        "22,10": 43.82713074073074,
        "22,11": 53.55423923829489,
        "22,12": 38.998599791882306,
        "22,13": 57.38526635665417,
        "22,14": 6.661161738101035,
        "22,15": 81.98280347928947,
        "22,16": 79.82975824502054,
        "22,17": 75.07716929178264,
        "22,18": 1.9106785519921379,
        "22,19": 76.68657127234651,
        "22,20": 86.82059147253173,
        "22,21": 70.88563712134673,
        "22,22": 0.0,
        "22,23": 52.21114850427849,
        "22,24": 75.77701086606532,
        "22,25": 91.04016370068454,
        "22,26": 14.460721720068257,
        "22,27": 40.03293041563795,
        "22,28": 90.98945596700636,
        "22,29": 57.79388472023449,
        "22,30": 63.687454728645065,
        "23,0": 43.66505287348463,
        "23,1": 82.03793128204522,
        "23,2": 24.221318712845935,
        "23,3": 47.30756026035064,
        "23,4": 90.97652390025813,
        "23,5": 78.18063650185601,
        "23,6": 33.16627359932888,
        "23,7": 30.278913482165557,
        "23,8": 9.614414832027968,
        "23,9": 23.194965701705936,
        "23,10": 44.89612866337544,
        "23,11": 101.47857781748907,
        "23,12": 79.8025431104796,
        "23,13": 42.44540678478711,
        "23,14": 53.43176178437824,
        "23,15": 91.96693167539793,
        "23,16": 66.35915437063636,
        "23,17": 83.08732165161756,
        "23,18": 51.556801722616605,
        "23,19": 62.65298265528617,
        "23,20": 41.118338092370486,
        "23,21": 78.69892867191567,
        "23,22": 52.21114850427849,
        "23,23": 0.0,
        "23,24": 36.71974275831138,
        "23,25": 49.26169837318568,
        "23,26": 62.60484590500118,
        "23,27": 64.87289590423434,
        "23,28": 80.44457210653566,
        "23,29": 31.579462079034933,
        "23,30": 22.017872403136803,
        "24,0": 45.06329863554353,
        "24,1": 72.17612031858619,
        "24,2": 55.82600582202745,
        "24,3": 12.112439113232256,
        "24,4": 71.1438214543164,
        "24,5": 90.0818775672,
        "24,6": 53.13182040544916,
        "24,7": 52.43390053400126,
        "24,8": 34.709755765438224,
        "24,9": 16.425910411988713,
        "24,10": 81.22968780284091,
        "24,11": 113.3035065431644,
        "24,12": 88.50026148250025,
        "24,13": 28.841694446205093,
        "24,14": 73.89014946279521,
        "24,15": 76.06819899194498,
        "24,16": 40.26655444306915,
        "24,17": 67.78878825565164,
        "24,18": 75.96257586137135,
        "24,19": 37.35178863781295,
        "24,20": 14.730565618150615,
        "24,21": 64.4255644890818,
        "24,22": 75.77701086606532,
        "24,23": 36.71974275831138,
        "24,24": 0.0,
        "24,25": 15.278310495847261,
        "24,26": 80.69321880491042,
        "24,27": 67.39191536769023,
        "24,28": 53.03562470706742,
        "24,29": 19.714187717176568,
        "24,30": 14.849646197919881,
        "25,0": 59.47154502857623,
        "25,1": 82.69890074638349,
        "25,2": 70.20791615415712,
        "25,3": 16.770942818968198,
        "25,4": 77.75486357055682,
        "25,5": 104.68852181295512,
        "25,6": 68.3931895620048,
        "25,7": 67.62799261005955,
        "25,8": 48.90167882174603,
        "25,9": 31.443852013434277,
        "25,10": 94.15668001846588,
        "25,11": 127.68462546248723,
        "25,12": 102.7179946143727,
        "25,13": 41.88572473052584,
        "25,14": 89.15999548547809,
        "25,15": 84.20826816482179,
        "25,16": 45.97396595214449,
        "25,17": 76.58540668203965,
        "25,18": 91.20616516319141,
        "25,19": 43.999285846270716,
        "25,20": 10.815074824847255,
        "25,21": 73.80861309536107,
        "25,22": 91.04016370068454,
        "25,23": 49.26169837318568,
        "25,24": 15.278310495847261,
        "25,25": 0.0,
        "25,26": 95.87076420940582,
        "25,27": 81.09429724751783,
        "25,28": 56.39870512835819,
        "25,29": 34.562535015498895,
        "25,30": 28.742301001787006,
        "26,0": 39.06232173156072,
        "26,1": 57.24686847907849,
        "26,2": 42.17320814118027,
        "26,3": 83.31146507316662,
        "26,4": 79.3169862238327,
        "26,5": 19.162834814887713,
        "26,6": 29.93726566265099,
        "26,7": 32.412651966113025,
        "26,8": 55.0306288032327,
        "26,9": 65.73681072420192,
        "26,10": 58.23623216618463,
        "26,11": 39.908836564470484,
        "26,12": 24.836925836186868,
        "26,13": 58.04676616579242,
        "26,14": 9.653830486554742,
        "26,15": 72.95727778263486,
        "26,16": 77.34827962772965,
        "26,17": 67.01619455420148,
        "26,18": 16.272691438046415,
        "26,19": 74.63544874427419,
        "26,20": 93.1411944067637,
        "26,21": 63.20638127055456,
        "26,22": 14.460721720068257,
        "26,23": 62.60484590500118,
        "26,24": 80.69321880491042,
        "26,25": 95.87076420940582,
        "26,26": 0.0,
        "26,27": 30.915045612217337,
        "26,28": 86.90694686263903,
        "26,29": 61.45219917684962,
        "26,30": 70.37721287523598,
        "27,0": 23.200941182654226,
        "27,1": 26.720326917789304,
        "27,2": 54.26513407881522,
        "27,3": 65.62991113243254,
        "27,4": 48.415218064223076,
        "27,5": 26.84880931396894,
        "27,6": 35.98892805243336,
        "27,7": 39.5134478249778,
        "27,8": 55.3480122691285,
        "27,9": 56.66439953749864,
        "27,10": 79.59532992260426,
        "27,11": 47.500750994482125,
        "27,12": 22.497249577079746,
        "27,13": 39.24506906717882,
        "27,14": 33.46214133264091,
        "27,15": 42.245216809146825,
        "27,16": 50.919674579186896,
        "27,17": 36.10276439006862,
        "27,18": 41.80257031859884,
        "27,19": 48.99907277531754,
        "27,20": 81.80218507001936,
        "27,21": 32.35562442594084,
        "27,22": 40.03293041563795,
        "27,23": 64.87289590423434,
        "27,24": 67.39191536769023,
        "27,25": 81.09429724751783,
        "27,26": 30.915045612217337,
        "27,27": 0.0,
        "27,28": 58.15654721939355,
        "27,29": 48.17457085614686,
        "27,30": 62.299432675264576,
        "28,0": 51.559764146654224,
        "28,1": 41.3999383442896,
        "28,2": 87.78100188924331,
        "28,3": 41.88301272338699,
        "28,4": 24.502834508753786,
        "28,5": 84.6473266013629,
        "28,6": 73.94798069411169,
        "28,7": 75.91673599587806,
        "28,8": 73.15559802518824,
        "28,9": 58.1667944080825,
        "28,10": 117.24651081931759,
        "28,11": 102.11144710668319,
        "28,12": 78.99730964695485,
        "28,13": 39.313716979613424,
        "28,14": 85.65280815203741,
        "28,15": 33.975651255786275,
        "28,16": 14.085419806151407,
        "28,17": 30.0896746411093,
        "28,18": 92.24137895278204,
        "28,19": 17.80187707349393,
        "28,20": 64.58972813737728,
        "28,21": 30.43370072544808,
        "28,22": 90.98945596700636,
        "28,23": 80.44457210653566,
        "28,24": 53.03562470706742,
        "28,25": 56.39870512835819,
        "28,26": 86.90694686263903,
        "28,27": 58.15654721939355,
        "28,28": 0.0,
        "28,29": 48.866353540269444,
        "28,30": 61.83767062001653,
        "29,0": 25.44794316715264,
        "29,1": 56.57166319398733,
        "29,2": 42.75137048041567,
        "29,3": 22.65837583512877,
        "29,4": 60.91057565910155,
        "29,5": 70.36802215956203,
        "29,6": 35.47393646055774,
        "29,7": 35.54982116390187,
        "29,8": 24.724616400719206,
        "29,9": 10.690467541398661,
        "29,10": 71.16326803124201,
        "29,11": 93.619223347898,
        "29,12": 68.88594104817483,
        "29,13": 12.443538933388677,
        "29,14": 55.21210632019396,
        "29,15": 63.50700876776245,
        "29,16": 34.78117737747142,
        "29,17": 54.70625577894738,
        "29,18": 58.21638583409942,
        "29,19": 31.07360279605189,
        "29,20": 33.70369763199406,
        "29,21": 50.6938486234175,
        "29,22": 57.79388472023449,
        "29,23": 31.579462079034933,
        "29,24": 19.714187717176568,
        "29,25": 34.562535015498895,
        "29,26": 61.45219917684962,
        "29,27": 48.17457085614686,
        "29,28": 48.866353540269444,
        "29,29": 0.0,
        "29,30": 16.030665273248864,
        "30,0": 39.09965053790789,
        "30,1": 72.56677960917001,
        "30,2": 41.46632248408244,
        "30,3": 25.384020274004197,
        "30,4": 76.2729638767687,
        "30,5": 82.07923953231433,
        "30,6": 41.265469295590414,
        "30,7": 39.94433173569118,
        "30,8": 20.168879082208733,
        "30,9": 5.696634683321414,
        "30,10": 66.38006129484512,
        "30,11": 105.69385795013018,
        "30,12": 81.63492730011943,
        "30,13": 28.432242843788558,
        "30,14": 62.66892045425947,
        "30,15": 79.37123687138084,
        "30,16": 48.004144151984974,
        "30,17": 70.61558150073468,
        "30,18": 63.64070065415442,
        "30,19": 44.517159235171796,
        "30,20": 23.134999281464438,
        "30,21": 66.6652693723577,
        "30,22": 63.687454728645065,
        "30,23": 22.017872403136803,
        "30,24": 14.849646197919881,
        "30,25": 28.742301001787006,
        "30,26": 70.37721287523598,
        "30,27": 62.299432675264576,
        "30,28": 61.83767062001653,
        "30,29": 16.030665273248864,
        "30,30": 0.0
    }
}