{
    "num_robots": 5,
    "num_tasks": 60,
    "num_nodes": 61,
    "robot_capacity": [
        179,
        124,
        181,
        175,
        131
    ],
    "robot_speed": [
        1.01,
        0.9,
        1.19,
        0.97,
        1.03
    ],
    "task_demand": {
        "0": 0,
        "1": 6,
        "2": 9,
        "3": 11,
        "4": 13,
        "5": 5,
        "6": 14,
        "7": 13,
        "8": 13,
        "9": 10,
        "10": 5,
        "11": 13,
        "12": 15,
        "13": 6,
        "14": 12,
        "15": 6,
        "16": 6,
        "17": 6,
        "18": 11,
        "19": 15,
        "20": 7,
        "21": 14,
        "22": 6,
        "23": 8,
        "24": 12,
        "25": 15,
        "26": 8,
        "27": 7,
        "28": 7,
        "29": 12,
        "30": 15,
        "31": 9,
        "32": 14,
        "33": 11,
        "34": 12,
        "35": 5,
        "36": 14,
        "37": 8,
        "38": 10,
        "39": 13,
        "40": 9,
        "41": 13,
        "42": 5,
        "43": 5,
        "44": 15,
        "45": 9,
        "46": 13,
        "47": 5,
        "48": 5,
        "49": 7,
        "50": 5,
        "51": 5,
        "52": 10,
        "53": 11,
        "54": 5,
        "55": 7,
        "56": 12,
        "57": 8,
        "58": 8,
        "59": 13,
        "60": 15
    },
    "task_service_time": {
        "0": 0,
        "1": 52,
        "2": 14,
        "3": 13,
        "4": 41,
        "5": 22,
        "6": 91,
        "7": 21,
        "8": 19,
        "9": 72,
        "10": 83,
        "11": 99,
        "12": 66,
        "13": 35,
        "14": 93,
        "15": 31,
        "16": 79,
        "17": 57,
        "18": 75,
        "19": 90,
        "20": 50,
        "21": 90,
        "22": 94,
        "23": 56,
        "24": 58,
        "25": 55,
        "26": 79,
        "27": 51,
        "28": 86,
        "29": 63,
        "30": 28,
        "31": 17,
        "32": 94,
        "33": 81,
        "34": 99,
        "35": 28,
        "36": 59,
        "37": 32,
        "38": 90,
        "39": 27,
        "40": 64,
        "41": 46,
        "42": 17,
        "43": 30,
        "44": 88,
        "45": 45,
        "46": 94,
        "47": 56,
        "48": 66,
        "49": 29,
        "50": 88,
        "51": 87,
        "52": 36,
        "53": 18,
        "54": 94,
        "55": 85,
        "56": 46,
        "57": 63,
        "58": 23,
        "59": 29,
        "60": 85
    },
    "task_precedence": [],
    "coordinates": {
        "0": [
            50.0,
            50.0
        ],
        "1": [
            3.8988340873774674,
            83.38531299313678
        ],
        "2": [
            92.50414813875396,
            84.18106263921713
        ],
        "3": [
            84.39734005177961,
            25.16937299357449
        ],
        "4": [
            13.675086682625071,
            13.924565708095638
        ],
        "5": [
            41.568413597199495,
            26.55407636760919
        ],
        "6": [
            59.36325974090353,
            58.28422139423294
        ],
        "7": [
            35.62473089691351,
            12.90091074112537
        ],
        "8": [
            89.59581216870156,
            63.173683964275185
        ],
        "9": [
            0.3073957865068033,
            52.177930594168174
        ],
        "10": [
            10.750070908328524,
            3.412358289885198
        ],
        "11": [
            14.108276538951348,
            94.52890243466486
        ],
        "12": [
            49.269608546031684,
            8.2180806635348
        ],
        "13": [
            93.11596188960847,
            6.001069444061169
        ],
        "14": [
            81.93970800031694,
            84.63746357165098
        ],
        "15": [
            66.87748835412677,
            67.92330941180427
        ],
        "16": [
            43.38823150548124,
            38.90875089013679
        ],
        "17": [
            69.79336541059511,
            56.54458410608576
        ],
        "18": [
            63.633627352284364,
            60.26182358680424
        ],
        "19": [
            34.38790717130063,
            59.80012353005264
        ],
        "20": [
            80.41600104666524,
            57.79115069963879
        ],
        "21": [
            25.645087133287316,
            28.550367329617153
        ],
        "22": [
            76.28367708316264,
            0.8000184315252401
        ],
        "23": [
            60.0954201529455,
            93.32318063123822
        ],
        "24": [
            56.46105266333461,
            62.98723911809684
        ],
        "25": [
            14.90945456660645,
            34.69543243820314
        ],
        "26": [
            45.503609429630046,
            79.37011684148257
        ],
        "27": [
            87.66583367944739,
            93.80280515368938
        ],
        "28": [
            55.47508845101632,
            20.04241077830541
        ],
        "29": [
            37.00495096278416,
            23.35221047386581
        ],
        "30": [
            97.6258877664151,
            15.403716830197567
        ],
        "31": [
            11.559561510906825,
            94.41288234479663
        ],
        "32": [
            13.617273760767157,
            63.763777633909655
        ],
        "33": [
            91.58448331147613,
            71.46703406509688
        ],
        "34": [
            2.4111091734416945,
            0.38481992547259036
        ],
        "35": [
            91.34735453075827,
            9.044573637868748
        ],
        "36": [
            97.4465688171022,
            0.06769402017664516
        ],
        "37": [
            74.97106163627562,
            94.38985357134021
        ],
        "38": [
            47.66192799741296,
            25.075815774484777
        ],
        "39": [
            89.44749384083144,
            57.656782734744404
        ],
        "40": [
            86.99111889013832,
            81.57804008887855
        ],
        "41": [
            23.380382408765954,
            26.60322658008435
        ],
        "42": [
            42.35438749474951,
            46.743742365282635
        ],
        "43": [
            87.35979403199391,
            80.84990366060924
        ],
        "44": [
            92.50580596657417,
            68.3748579438213
        ],
        "45": [
            76.36416075201444,
            44.339744478244135
        ],
        "46": [
            65.96159098568522,
            45.5476250225282
        ],
        "47": [
            15.371365940737148,
            97.03174223006138
        ],
        "48": [
            63.63609208577664,
            46.80019906225312
        ],
        "49": [
            38.122552678063805,
            26.025197191216375
        ],
        "50": [
            33.624182025186414,
            4.743021063831154
        ],
        "51": [
            66.38921482862412,
            99.81274579733433
        ],
        "52": [
            22.46014560911017,
            6.64925507782238
        ],
        "53": [
            98.91028831638835,
            10.488438200936423
        ],
        "54": [
            45.294154330393965,
            66.4790063365867
        ],
        "55": [
            48.12555957898906,
            71.98035838339865
        ],
        "56": [
            5.76341009214768,
            32.694422023118804
        ],
        "57": [
            15.17487654790245,
            97.1557854823517
        ],
        "58": [
            98.42802326295946,
            59.39856396328307
        ],
        "59": [
            17.728555736536155,
            84.20979464416556
        ],
        "60": [
            75.74810362807811,
            41.03322220957647
        ]
    },
    "distance_matrix_str_keys": {
        "0,0": 0.0,
        "0,1": 56.92008979396341,
        "0,2": 54.54308069908801,
        "0,3": 42.42330774668554,
        "0,4": 51.19508069008497,
        "0,5": 24.915918290197375,
        "0,6": 12.501958130000737,
        "0,7": 39.78681673147652,
        "0,8": 41.72977702420294,
        "0,9": 49.74030855545526,
        "0,10": 60.91769278141833,
        "0,11": 57.19299751753087,
        "0,12": 41.78830285037805,
        "0,13": 61.60269523107327,
        "0,14": 47.11580233661482,
        "0,15": 24.618989285000232,
        "0,16": 12.912447074127833,
        "0,17": 20.84727549103176,
        "0,18": 17.064021158790453,
        "0,19": 18.43311866440993,
        "0,20": 31.398011862142212,
        "0,21": 32.45379057120327,
        "0,22": 55.78055097747086,
        "0,23": 44.48387896835653,
        "0,24": 14.505639642187724,
        "0,25": 38.28284429175373,
        "0,26": 29.712308753169115,
        "0,27": 57.77024118090446,
        "0,28": 30.453796898289124,
        "0,29": 29.64752917375732,
        "0,30": 58.86533780336543,
        "0,31": 58.73815990824452,
        "0,32": 38.899156075095945,
        "0,33": 46.7985342060461,
        "0,34": 68.74858997775785,
        "0,35": 58.197514338639685,
        "0,36": 68.87969274741808,
        "0,37": 50.931454125399775,
        "0,38": 25.03360820969888,
        "0,39": 40.18371675404746,
        "0,40": 48.63656538653988,
        "0,41": 35.440274366409874,
        "0,42": 8.31015068239426,
        "0,43": 48.450704494175106,
        "0,44": 46.30743941661712,
        "0,45": 26.96493027488902,
        "0,46": 16.5709393135792,
        "0,47": 58.404854883864566,
        "0,48": 14.006488975220952,
        "0,49": 26.75565219921631,
        "0,50": 48.1285939621454,
        "0,51": 52.439641556446986,
        "0,52": 51.358842132383806,
        "0,53": 62.8759080967699,
        "0,54": 17.137754616851495,
        "0,55": 22.06013784078792,
        "0,56": 47.50114646815819,
        "0,57": 58.621304385960286,
        "0,58": 49.33159678876881,
        "0,59": 47.02931175815602,
        "0,60": 27.264774790654002,
        "1,0": 56.92008979396341,
        "1,1": 0.0,
        "1,2": 88.60888722719801,
        "1,3": 99.34336984687766,
        "1,4": 70.1453528624843,
        "1,5": 68.18201138741443,
        "1,6": 60.8799417914643,
        "1,7": 77.29542993730405,
        "1,8": 88.04817999408768,
        "1,9": 31.41335934382721,
        "1,10": 80.26588895630002,
        "1,11": 15.113315348173442,
        "1,12": 87.79874709282832,
        "1,13": 118.10172328523522,
        "1,14": 78.05091852224797,
        "1,15": 64.84893559650675,
        "1,16": 59.4775342877204,
        "1,17": 71.15134563375936,
        "1,18": 64.0542058628935,
        "1,19": 38.546656658215944,
        "1,20": 80.68418669715545,
        "1,21": 58.98958202477699,
        "1,22": 109.81755949461186,
        "1,23": 57.068533349098956,
        "1,24": 56.381452973812955,
        "1,25": 49.91931722080463,
        "1,26": 41.7980756903421,
        "1,27": 84.41228798920817,
        "1,28": 81.6849635807011,
        "1,29": 68.55646120284642,
        "1,30": 115.78539635124179,
        "1,31": 13.42736126211261,
        "1,32": 21.896408827447367,
        "1,33": 88.49191179118142,
        "1,34": 83.01382520336547,
        "1,35": 114.77712862597795,
        "1,36": 125.27172188641104,
        "1,37": 71.91913126630274,
        "1,38": 72.90545833111929,
        "1,39": 89.33381473366761,
        "1,40": 83.11193674252567,
        "1,41": 60.031125780031374,
        "1,42": 53.11717505612725,
        "1,43": 83.49946188665133,
        "1,44": 89.86940094597425,
        "1,45": 82.31512612675584,
        "1,46": 72.68752592281281,
        "1,47": 17.828180446830324,
        "1,48": 70.05005749107593,
        "1,49": 66.79405511708515,
        "1,50": 84.07262568706851,
        "1,51": 64.61352980392262,
        "1,52": 78.949001702297,
        "1,53": 119.75446041455476,
        "1,54": 44.714603238619944,
        "1,55": 45.67358358351744,
        "1,56": 50.72517196631092,
        "1,57": 17.798175360069564,
        "1,58": 97.52503132639411,
        "1,59": 13.854276267134694,
        "1,60": 83.4027405261433,
        "2,0": 54.54308069908801,
        "2,1": 88.60888722719801,
        "2,2": 0.0,
        "2,3": 59.565928618570865,
        "2,4": 105.59354284750006,
        "2,5": 76.91110843067986,
        "2,6": 42.05906406788782,
        "2,7": 91.19280761324553,
        "2,8": 21.20774332424613,
        "2,9": 97.59324569351318,
        "2,10": 114.9230731666542,
        "2,11": 79.07585265000303,
        "2,12": 87.40480561406513,
        "2,13": 78.18238709620196,
        "2,14": 10.574294172650282,
        "2,15": 30.348644643879602,
        "2,16": 66.79787030910877,
        "2,17": 35.7708624139518,
        "2,18": 37.49182534004509,
        "2,19": 63.023231082132625,
        "2,20": 29.026724794552216,
        "2,21": 86.97648129904003,
        "2,22": 84.94411229997253,
        "2,23": 33.67349062746778,
        "2,24": 41.81247286270673,
        "2,25": 92.03132111920908,
        "2,26": 47.24611982392412,
        "2,27": 10.769736107349045,
        "2,28": 74.06023172994581,
        "2,29": 82.34263866874404,
        "2,30": 68.96778605513603,
        "2,31": 81.58870166169172,
        "2,32": 81.48622261533679,
        "2,33": 12.747246996041072,
        "2,34": 123.0388798833363,
        "2,35": 75.14539341104846,
        "2,36": 84.25844944339025,
        "2,37": 20.28863067333985,
        "2,38": 74.190665950276,
        "2,39": 26.699823219411474,
        "2,40": 6.096656287971519,
        "2,41": 89.96278227104048,
        "2,42": 62.58235727378831,
        "2,43": 6.128702906529155,
        "2,44": 15.806204782336158,
        "2,45": 42.98639116799627,
        "2,46": 46.87269826142416,
        "2,47": 78.19594654170534,
        "2,48": 47.230219373166534,
        "2,49": 79.62074234052409,
        "2,50": 98.8799922070568,
        "2,51": 30.43582198903611,
        "2,52": 104.48609225207866,
        "2,53": 73.97054500662401,
        "2,54": 50.419701632664264,
        "2,55": 46.02517036247496,
        "2,56": 100.8703613496117,
        "2,57": 78.41020136199009,
        "2,58": 25.480669871686153,
        "2,59": 74.77559792225485,
        "2,60": 46.28715978957321,
        "3,0": 42.42330774668554,
        "3,1": 99.34336984687766,
        "3,2": 59.565928618570865,
        "3,3": 0.0,
        "3,4": 71.61063337590619,
        "3,5": 42.85130505230728,
        "3,6": 41.512628941202756,
        "3,7": 50.29197321455082,
        "3,8": 38.3582033561028,
        "3,9": 88.32089735844669,
        "3,10": 76.79380144975553,
        "3,11": 98.74865454171963,
        "3,12": 39.00389509264912,
        "3,13": 21.057973020149667,
        "3,14": 59.518852074806404,
        "3,15": 46.20437514740118,
        "3,16": 43.249479635558934,
        "3,17": 34.60751287907021,
        "3,18": 40.77513769082149,
        "3,19": 60.829534436381415,
        "3,20": 32.863831806067886,
        "3,21": 58.84945493119574,
        "3,22": 25.684566738397145,
        "3,23": 72.35692645684323,
        "3,24": 47.01730693332069,
        "3,25": 70.13780747744498,
        "3,26": 66.71164002911995,
        "3,27": 68.71121495557475,
        "3,28": 29.37315746076086,
        "3,29": 47.42721395133567,
        "3,30": 16.442704003286373,
        "3,31": 100.49878392319987,
        "3,32": 80.61852053778983,
        "3,33": 46.85219790926527,
        "3,34": 85.65054655063031,
        "3,35": 17.558811335616696,
        "3,36": 28.290928911105873,
        "3,37": 69.85935625371478,
        "3,38": 36.73553118926348,
        "3,39": 32.87758879516161,
        "3,40": 56.46826907326943,
        "3,41": 61.03380256969796,
        "3,42": 47.25529889334721,
        "3,43": 55.75928289484617,
        "3,44": 43.95976739334944,
        "3,45": 20.785454349674694,
        "3,46": 27.479992710762428,
        "3,47": 99.64328986067994,
        "3,48": 29.982028842613193,
        "3,49": 46.28270067249616,
        "3,50": 54.72795838646947,
        "3,51": 76.7849313184164,
        "3,52": 64.64681603174594,
        "3,53": 20.643534428893243,
        "3,54": 56.88185071264194,
        "3,55": 59.21917267095717,
        "3,56": 78.99317251378973,
        "3,57": 99.86887921945446,
        "3,58": 36.99320999606905,
        "3,59": 89.05334463540397,
        "3,60": 18.06850858984026,
        "4,0": 51.19508069008497,
        "4,1": 70.1453528624843,
        "4,2": 105.59354284750006,
        "4,3": 71.61063337590619,
        "4,4": 0.0,
        "4,5": 30.619311322465897,
        "4,6": 63.68035968802198,
        "4,7": 21.973501100763368,
        "4,8": 90.49548169573629,
        "4,9": 40.52178531359607,
        "4,10": 10.911563686445781,
        "4,11": 80.60550075883022,
        "4,12": 36.049049339037055,
        "4,13": 79.83504522888228,
        "4,14": 98.28719371265761,
        "4,15": 75.80474830242905,
        "4,16": 38.82113450782381,
        "4,17": 70.46791593083445,
        "4,18": 68.13954251064462,
        "4,19": 50.33475675983563,
        "4,20": 79.86630659401011,
        "4,21": 18.89960274346939,
        "4,22": 63.96944061938651,
        "4,23": 91.97275363502622,
        "4,24": 65.09827038438789,
        "4,25": 20.807512316297963,
        "4,26": 72.77482410428331,
        "4,27": 108.88142072032022,
        "4,28": 42.24533318770964,
        "4,29": 25.16273143281938,
        "4,30": 83.96383084788411,
        "4,31": 80.51611367771056,
        "4,32": 49.83924545697031,
        "4,33": 96.85561288685399,
        "4,34": 17.612549650333072,
        "4,35": 77.82541689755105,
        "4,36": 84.90979985833481,
        "4,37": 101.15265244388488,
        "4,38": 35.76948085448986,
        "4,39": 87.48693898299855,
        "4,40": 99.76087998030275,
        "4,41": 15.966878425000486,
        "4,42": 43.58440835353819,
        "4,43": 99.5411319868339,
        "4,44": 95.80770651351962,
        "4,45": 69.67785234418092,
        "4,46": 61.10561686652093,
        "4,47": 83.12448587976154,
        "4,48": 59.80726819819421,
        "4,49": 27.27826746493307,
        "4,50": 21.960582119816962,
        "4,51": 100.77479240978028,
        "4,52": 11.406463304143955,
        "4,53": 85.30443464318685,
        "4,54": 61.33298189952758,
        "4,55": 67.50785247614441,
        "4,56": 20.369146583961808,
        "4,57": 83.24473145341092,
        "4,58": 96.18183184106535,
        "4,59": 70.40201714416125,
        "4,60": 67.73432431216672,
        "5,0": 24.915918290197375,
        "5,1": 68.18201138741443,
        "5,2": 76.91110843067986,
        "5,3": 42.85130505230728,
        "5,4": 30.619311322465897,
        "5,5": 0.0,
        "5,6": 36.37937125197018,
        "5,7": 14.890812458219942,
        "5,8": 60.39558488896118,
        "5,9": 48.57008849279816,
        "5,10": 38.53971148928783,
        "5,11": 73.31190971529962,
        "5,12": 19.887612780315113,
        "5,13": 55.493926051034165,
        "5,14": 70.73557295221286,
        "5,15": 48.49703813344332,
        "5,16": 12.487983014758443,
        "5,17": 41.18347313280083,
        "5,18": 40.2875400173644,
        "5,19": 34.012634776797114,
        "5,20": 49.84866962586495,
        "5,21": 16.047975052364723,
        "5,22": 43.22523590537147,
        "5,23": 69.29187005763389,
        "5,24": 39.3594467232162,
        "5,25": 27.874392823217434,
        "5,26": 52.96243855391677,
        "5,27": 81.53136612116224,
        "5,28": 15.355695823918373,
        "5,29": 5.5746871138407466,
        "5,30": 57.15567275473032,
        "5,31": 74.19803738770024,
        "5,32": 46.53845814466909,
        "5,33": 67.22187886990143,
        "5,34": 47.096968824640406,
        "5,35": 52.76860474097757,
        "5,36": 61.83766393254136,
        "5,37": 75.61368635939283,
        "5,38": 6.270260929721617,
        "5,39": 57.09452397854264,
        "5,40": 71.35025395700242,
        "5,41": 18.18809759856202,
        "5,42": 20.20495899687107,
        "5,43": 71.02737066480331,
        "5,44": 65.90596113430766,
        "5,45": 39.077794336470284,
        "5,46": 30.915724051247885,
        "5,47": 75.18900645263521,
        "5,48": 29.948087051459336,
        "5,49": 3.4862115049504103,
        "5,50": 23.21277554999043,
        "5,51": 77.3492393006139,
        "5,52": 27.592169470394847,
        "5,53": 59.54993976498719,
        "5,54": 40.098393696490426,
        "5,55": 45.89709425665786,
        "5,56": 36.32770458982935,
        "5,57": 75.37386899911222,
        "5,58": 65.66411178691872,
        "5,59": 62.390068703298176,
        "5,60": 37.12003333672939,
        "6,0": 12.501958130000737,
        "6,1": 60.8799417914643,
        "6,2": 42.05906406788782,
        "6,3": 41.512628941202756,
        "6,4": 63.68035968802198,
        "6,5": 36.37937125197018,
        "6,6": 0.0,
        "6,7": 51.216819869193486,
        "6,8": 30.625382781663326,
        "6,9": 59.37071546423515,
        "6,10": 73.30868631351863,
        "6,11": 57.980086308418166,
        "6,12": 51.0734788526277,
        "6,13": 62.231606762030026,
        "6,14": 34.701432092517685,
        "6,15": 12.221933131148692,
        "6,16": 25.111957000155115,
        "6,17": 10.57418754208779,
        "6,18": 4.706054607459764,
        "6,19": 25.021314818797048,
        "6,20": 21.058514553434033,
        "6,21": 44.95572534764475,
        "6,22": 59.92273452784006,
        "6,23": 35.046607871254515,
        "6,24": 5.5264076606842085,
        "6,25": 50.324663524821254,
        "6,26": 25.23301197960969,
        "6,27": 45.4159166352972,
        "6,28": 38.438964023032284,
        "6,29": 41.47456278682607,
        "6,30": 57.469699625845635,
        "6,31": 59.92056163409498,
        "6,32": 46.07299393222252,
        "6,33": 34.81370130135425,
        "6,34": 81.21507338357536,
        "6,35": 58.715630207783974,
        "6,36": 69.56653282784418,
        "6,37": 39.33471945894295,
        "6,38": 35.209648796557765,
        "6,39": 30.090776338451057,
        "6,40": 36.137246582286515,
        "6,41": 47.94218281966071,
        "6,42": 20.554425102727397,
        "6,43": 35.95853095524412,
        "6,44": 34.644614535257915,
        "6,45": 21.988157531956528,
        "6,46": 14.344297206610873,
        "6,47": 58.62300820538022,
        "6,48": 12.25315735509852,
        "6,49": 38.6239857997615,
        "6,50": 59.406735766880345,
        "6,51": 42.11867025433798,
        "6,52": 63.46660207637572,
        "6,53": 62.03550886557486,
        "6,54": 16.28171450749145,
        "6,55": 17.716378674974347,
        "6,56": 59.395132075138164,
        "6,57": 58.85245707587938,
        "6,58": 39.080653889045266,
        "6,59": 49.046752449768846,
        "6,60": 23.792017192245392,
        "7,0": 39.78681673147652,
        "7,1": 77.29542993730405,
        "7,2": 91.19280761324553,
        "7,3": 50.29197321455082,
        "7,4": 21.973501100763368,
        "7,5": 14.890812458219942,
        "7,6": 51.216819869193486,
        "7,7": 0.0,
        "7,8": 73.75791036351421,
        "7,9": 52.820435892153384,
        "7,10": 26.622947567233172,
        "7,11": 84.41615269638163,
        "7,12": 14.426073048303602,
        "7,13": 57.90379478911621,
        "7,14": 85.38858305473616,
        "7,15": 63.27874211893379,
        "7,16": 27.141843911491378,
        "7,17": 55.428023682221486,
        "7,18": 55.023216429282606,
        "7,19": 46.915518681448226,
        "7,20": 63.41444255972731,
        "7,21": 18.560678359477382,
        "7,22": 42.42147451073386,
        "7,23": 84.06281060578114,
        "7,24": 54.24751233964237,
        "7,25": 30.06865227184906,
        "7,26": 67.19931250151248,
        "7,27": 96.19455752985151,
        "7,28": 21.095917088545093,
        "7,29": 10.54204313849134,
        "7,30": 62.051651802962034,
        "7,31": 84.99019880136122,
        "7,32": 55.419846608885614,
        "7,33": 81.00299186757108,
        "7,34": 35.49362192416473,
        "7,35": 55.855904974255566,
        "7,36": 63.1397742729329,
        "7,37": 90.49078155390909,
        "7,38": 17.120818514533482,
        "7,39": 69.99984206286753,
        "7,40": 85.76161093938552,
        "7,41": 18.376004169834843,
        "7,42": 34.505442038406876,
        "7,43": 85.40247301081406,
        "7,44": 79.45322850160255,
        "7,45": 51.45970668075058,
        "7,46": 44.56605247738755,
        "7,47": 86.53436080001875,
        "7,48": 43.9749713397507,
        "7,49": 13.359865585941767,
        "7,50": 8.399604739216727,
        "7,51": 92.19609831452821,
        "7,52": 14.573589274175271,
        "7,53": 63.331522969614525,
        "7,54": 54.44364129237072,
        "7,55": 60.387514036054775,
        "7,56": 35.825711005862004,
        "7,57": 86.70109838148248,
        "7,58": 78.14272382751369,
        "7,59": 73.52026937429004,
        "7,60": 49.00318344640385,
        "8,0": 41.72977702420294,
        "8,1": 88.04817999408768,
        "8,2": 21.20774332424613,
        "8,3": 38.3582033561028,
        "8,4": 90.49548169573629,
        "8,5": 60.39558488896118,
        "8,6": 30.625382781663326,
        "8,7": 73.75791036351421,
        "8,8": 0.0,
        "8,9": 89.96292509815588,
        "8,10": 98.93466006035597,
        "8,11": 81.7405515076738,
        "8,12": 68.16392765066712,
        "8,13": 57.280880799221194,
        "8,14": 22.78836909634293,
        "8,15": 23.209506216972642,
        "8,16": 52.19125873017845,
        "8,17": 20.882573178070928,
        "8,18": 26.124968350214104,
        "8,19": 55.31088214994765,
        "8,20": 10.641456506568023,
        "8,21": 72.72186251285747,
        "8,22": 63.77842184098784,
        "8,23": 42.181338034188755,
        "8,24": 33.135284051282426,
        "8,25": 79.93161340702596,
        "8,26": 46.9728302354592,
        "8,27": 30.68986610926814,
        "8,28": 54.99573177676031,
        "8,29": 65.96626738968519,
        "8,30": 48.44018862572534,
        "8,31": 84.05678992314508,
        "8,32": 75.98082987928538,
        "8,33": 8.528450551472032,
        "8,34": 107.4412112908958,
        "8,35": 54.157441643548474,
        "8,36": 63.59245510889694,
        "8,37": 34.472200003375804,
        "8,38": 56.6559635192774,
        "8,39": 5.518894590656758,
        "8,40": 18.58775810679217,
        "8,41": 75.64311926131737,
        "8,42": 50.016948989027625,
        "8,43": 17.81708505510241,
        "8,44": 5.959888813490117,
        "8,45": 23.017251699023443,
        "8,46": 29.48311999679947,
        "8,47": 81.5820845981356,
        "8,48": 30.69198714030357,
        "8,49": 63.4783940574953,
        "8,50": 80.91332243770354,
        "8,51": 43.37011657940546,
        "8,52": 87.76222869401333,
        "8,53": 53.502285811442036,
        "8,54": 44.4247908628435,
        "8,55": 42.39503938173662,
        "8,56": 89.20121661952048,
        "8,57": 81.8123394254191,
        "8,58": 9.605180052212612,
        "8,59": 74.88271162039484,
        "8,60": 26.114346220752527,
        "9,0": 49.74030855545526,
        "9,1": 31.41335934382721,
        "9,2": 97.59324569351318,
        "9,3": 88.32089735844669,
        "9,4": 40.52178531359607,
        "9,5": 48.57008849279816,
        "9,6": 59.37071546423515,
        "9,7": 52.820435892153384,
        "9,8": 89.96292509815588,
        "9,9": 0.0,
        "9,10": 49.871139007086704,
        "9,11": 44.54289085115308,
        "9,12": 65.80096263910421,
        "9,13": 103.66162475955146,
        "9,14": 87.84905052696512,
        "9,15": 68.40682844988761,
        "9,16": 45.078038292090106,
        "9,17": 69.62303955942218,
        "9,18": 63.84012006754744,
        "9,19": 34.92247244112176,
        "9,20": 80.30502398156882,
        "9,21": 34.64477375600939,
        "9,22": 91.717420252975,
        "9,23": 72.57781657128353,
        "9,24": 57.184563751120706,
        "9,25": 22.778451711887836,
        "9,26": 52.74573651569835,
        "9,27": 96.76841867670791,
        "9,28": 63.844858428549166,
        "9,29": 46.66511219712137,
        "9,30": 104.03476187891084,
        "9,31": 43.70815007372511,
        "9,32": 17.6460959795074,
        "9,33": 93.2929591113558,
        "9,34": 51.83581698742788,
        "9,35": 100.74105702480271,
        "9,36": 110.23382281707062,
        "9,37": 85.77009641802113,
        "9,38": 54.56167472331702,
        "9,39": 89.30831373345322,
        "9,40": 91.53378769289525,
        "9,41": 34.444567018311396,
        "9,42": 42.39669696356061,
        "9,43": 91.65261632825114,
        "9,44": 93.61029481473655,
        "9,45": 76.45958840202016,
        "9,46": 65.98813756445277,
        "9,47": 47.31582837778212,
        "9,48": 63.556618627759825,
        "9,49": 45.97772890410032,
        "9,50": 57.96618744945306,
        "9,51": 81.4609257703037,
        "9,52": 50.632051301281074,
        "9,53": 107.0539312275112,
        "9,54": 47.20518204261473,
        "9,55": 51.75628401298096,
        "9,56": 20.23302247172953,
        "9,57": 47.37139869724098,
        "9,58": 98.38594961997353,
        "9,59": 36.462818439089716,
        "9,60": 76.25945793549091,
        "10,0": 60.91769278141833,
        "10,1": 80.26588895630002,
        "10,2": 114.9230731666542,
        "10,3": 76.79380144975553,
        "10,4": 10.911563686445781,
        "10,5": 38.53971148928783,
        "10,6": 73.30868631351863,
        "10,7": 26.622947567233172,
        "10,8": 98.93466006035597,
        "10,9": 49.871139007086704,
        "10,10": 0.0,
        "10,11": 91.17840841967535,
        "10,12": 38.81816259632888,
        "10,13": 82.40656176895047,
        "10,14": 108.00686162148658,
        "10,15": 85.50993979526316,
        "10,16": 48.22077783276342,
        "10,17": 79.43012052027312,
        "10,18": 77.64362334864767,
        "10,19": 61.14186267996187,
        "10,20": 88.37643852284775,
        "10,21": 29.219531256052537,
        "10,22": 65.58565283515773,
        "10,23": 102.5617836534231,
        "10,24": 75.09101330187333,
        "10,25": 31.558377660866977,
        "10,26": 83.53076992303109,
        "10,27": 118.68642486359273,
        "10,28": 47.716724950077435,
        "10,29": 32.96841567004469,
        "10,30": 87.69948822200801,
        "10,31": 91.00412437524015,
        "10,32": 60.41948914907608,
        "10,33": 105.66759732023496,
        "10,34": 8.87154278374945,
        "10,35": 80.79383625648953,
        "10,36": 86.76099082377439,
        "10,37": 111.36085621871914,
        "10,38": 42.79942270582684,
        "10,39": 95.58107532127515,
        "10,40": 109.19052710041336,
        "10,41": 26.407217586323753,
        "10,42": 53.6324684569369,
        "10,43": 108.92944097041726,
        "10,44": 104.4228259347625,
        "10,45": 77.33213902528729,
        "10,46": 69.45280881205117,
        "10,47": 93.73337408369916,
        "10,48": 68.4064029376625,
        "10,49": 35.5048340569569,
        "10,50": 22.912782956339615,
        "10,51": 111.30475752531748,
        "10,52": 12.149211921505215,
        "10,53": 88.44373827662395,
        "10,54": 71.90755033594968,
        "10,55": 78.09287925409548,
        "10,56": 29.703636857677683,
        "10,57": 93.84779723966498,
        "10,58": 104.0282584435832,
        "10,59": 81.0982427178389,
        "10,60": 75.1004238303724,
        "11,0": 57.19299751753087,
        "11,1": 15.113315348173442,
        "11,2": 79.07585265000303,
        "11,3": 98.74865454171963,
        "11,4": 80.60550075883022,
        "11,5": 73.31190971529962,
        "11,6": 57.980086308418166,
        "11,7": 84.41615269638163,
        "11,8": 81.7405515076738,
        "11,9": 44.54289085115308,
        "11,10": 91.17840841967535,
        "11,11": 0.0,
        "11,12": 93.19805375285425,
        "11,13": 118.65661194590321,
        "11,14": 68.54884139705557,
        "11,15": 59.09693135597598,
        "11,16": 62.8563204513141,
        "11,17": 67.40650978599689,
        "11,18": 60.22452213134781,
        "11,19": 40.21630891553772,
        "11,20": 75.80485955356221,
        "11,21": 66.97958713890073,
        "11,22": 112.47614915753078,
        "11,23": 46.00294711039045,
        "11,24": 52.807520015788114,
        "11,25": 59.838833695598396,
        "11,26": 34.86338635268528,
        "11,27": 73.561140758819,
        "11,28": 85.20240939692414,
        "11,29": 74.76883828275972,
        "11,30": 115.04775696241617,
        "11,31": 2.5513543374907814,
        "11,32": 30.769042684721725,
        "11,33": 80.83571233405627,
        "11,34": 94.86797139116207,
        "11,35": 115.21044066777618,
        "11,36": 125.96900751757902,
        "11,37": 60.86294393462635,
        "11,38": 77.13351264413159,
        "11,39": 83.87819069832855,
        "11,40": 74.0245469063302,
        "11,41": 68.55559340828866,
        "11,42": 55.50913714861493,
        "11,43": 74.51778192145909,
        "11,44": 82.64506436311856,
        "11,45": 79.96716010666421,
        "11,46": 71.32973963247412,
        "11,47": 2.803498150226629,
        "11,48": 68.78250968416329,
        "11,49": 72.59092980921801,
        "11,50": 91.88239799050243,
        "11,51": 52.547269283282446,
        "11,52": 88.27562594809548,
        "11,53": 119.39087414924623,
        "11,54": 41.944673615797434,
        "11,55": 40.81191473403239,
        "11,56": 62.39502996057348,
        "11,57": 2.83516315673702,
        "11,58": 91.34528104239827,
        "11,59": 10.935739895425856,
        "11,60": 81.61651846484484,
        "12,0": 41.78830285037805,
        "12,1": 87.79874709282832,
        "12,2": 87.40480561406513,
        "12,3": 39.00389509264912,
        "12,4": 36.049049339037055,
        "12,5": 19.887612780315113,
        "12,6": 51.0734788526277,
        "12,7": 14.426073048303602,
        "12,8": 68.16392765066712,
        "12,9": 65.80096263910421,
        "12,10": 38.81816259632888,
        "12,11": 93.19805375285425,
        "12,12": 0.0,
        "12,13": 43.902367137513885,
        "12,14": 83.10991205873201,
        "12,15": 62.247504136467235,
        "12,16": 31.24912534537803,
        "12,17": 52.5040525180543,
        "12,18": 53.9895935688512,
        "12,19": 53.685865757105525,
        "12,20": 58.54559794389322,
        "12,21": 31.169213866457515,
        "12,22": 28.014059795159564,
        "12,23": 85.79088668070276,
        "12,24": 55.239275758405945,
        "12,25": 43.3782242431539,
        "12,26": 71.25163157158386,
        "12,27": 93.80306589100171,
        "12,28": 13.353754659804084,
        "12,29": 19.47982830392149,
        "12,30": 48.88724892197696,
        "12,31": 94.08289687431709,
        "12,32": 66.00313195269823,
        "12,33": 76.09848048948297,
        "12,34": 47.50872485387798,
        "12,35": 42.085862208012294,
        "12,36": 48.861521705699445,
        "12,37": 89.92296223448378,
        "12,38": 16.934221854498148,
        "12,39": 63.70594736167033,
        "12,40": 82.48997508502852,
        "12,41": 31.753198584698545,
        "12,42": 39.1413705910462,
        "12,43": 82.01368143324234,
        "12,44": 74.08243125153304,
        "12,45": 45.15406245273626,
        "12,46": 40.89152919390222,
        "12,47": 95.06291249788703,
        "12,48": 41.170082698854046,
        "12,49": 21.008337715155555,
        "12,50": 16.02670927672493,
        "12,51": 93.18081133068037,
        "12,52": 26.85532566707308,
        "12,53": 49.692570988133966,
        "12,54": 58.39640140027047,
        "12,55": 63.772540392115765,
        "12,56": 49.91873987050977,
        "12,57": 95.24896896273086,
        "12,58": 70.96472087084732,
        "12,59": 82.27744895197819,
        "12,60": 42.16567580979471,
        "13,0": 61.60269523107327,
        "13,1": 118.10172328523522,
        "13,2": 78.18238709620196,
        "13,3": 21.057973020149667,
        "13,4": 79.83504522888228,
        "13,5": 55.493926051034165,
        "13,6": 62.231606762030026,
        "13,7": 57.90379478911621,
        "13,8": 57.280880799221194,
        "13,9": 103.66162475955146,
        "13,10": 82.40656176895047,
        "13,11": 118.65661194590321,
        "13,12": 43.902367137513885,
        "13,13": 0.0,
        "13,14": 79.42663994144247,
        "13,15": 67.25192410700926,
        "13,16": 59.63021605958543,
        "13,17": 55.66498343584754,
        "13,18": 61.75303628089799,
        "13,19": 79.64497869636224,
        "13,20": 53.324492701493405,
        "13,21": 71.13922810598042,
        "13,22": 17.61751240783749,
        "13,23": 93.35688126093551,
        "13,24": 67.75696203715422,
        "13,25": 83.30440717814605,
        "13,26": 87.46401101469267,
        "13,27": 87.97072633058451,
        "13,28": 40.17455189152541,
        "13,29": 58.732509245445726,
        "13,30": 10.428288895226661,
        "13,31": 120.28339496009305,
        "13,32": 98.2678577747188,
        "13,33": 65.48387549922482,
        "13,34": 90.87855943464639,
        "13,35": 3.5200695685601744,
        "13,36": 7.3456858278321135,
        "13,37": 90.23200410443144,
        "13,38": 49.294169479187566,
        "13,39": 51.78581247208705,
        "13,40": 75.82474657798565,
        "13,41": 72.71519733993917,
        "13,42": 65.0899595314856,
        "13,43": 75.06984382547584,
        "13,44": 62.37677277691771,
        "13,45": 41.83870032314796,
        "13,46": 47.971761665678024,
        "13,47": 119.71134276719603,
        "13,48": 50.335193465932996,
        "13,49": 58.525556372774425,
        "13,50": 59.50508009543264,
        "13,51": 97.54460327805484,
        "13,52": 70.65878939579522,
        "13,53": 7.328758223618774,
        "13,54": 77.10062340219336,
        "13,55": 79.85864304514553,
        "13,56": 91.34004257409755,
        "13,57": 119.9332941274627,
        "13,58": 53.661069845508855,
        "13,59": 108.62718676240183,
        "13,60": 39.1010770692958,
        "14,0": 47.11580233661482,
        "14,1": 78.05091852224797,
        "14,2": 10.574294172650282,
        "14,3": 59.518852074806404,
        "14,4": 98.28719371265761,
        "14,5": 70.73557295221286,
        "14,6": 34.701432092517685,
        "14,7": 85.38858305473616,
        "14,8": 22.78836909634293,
        "14,9": 87.84905052696512,
        "14,10": 108.00686162148658,
        "14,11": 68.54884139705557,
        "14,12": 83.10991205873201,
        "14,13": 79.42663994144247,
        "14,14": 0.0,
        "14,15": 22.499631329184005,
        "14,16": 59.8107975489405,
        "14,17": 30.60626594300041,
        "14,18": 30.48416660109199,
        "14,19": 53.64762084589046,
        "14,20": 26.889518361297846,
        "14,21": 79.46600973640096,
        "14,22": 84.02801850192232,
