{
    "num_robots": 2,
    "num_tasks": 60,
    "num_nodes": 61,
    "robot_capacity": [
        402,
        430
    ],
    "robot_speed": [
        1.02,
        0.97
    ],
    "task_demand": {
        "0": 0,
        "1": 11,
        "2": 5,
        "3": 7,
        "4": 10,
        "5": 6,
        "6": 7,
        "7": 9,
        "8": 6,
        "9": 7,
        "10": 6,
        "11": 9,
        "12": 11,
        "13": 13,
        "14": 12,
        "15": 10,
        "16": 6,
        "17": 8,
        "18": 10,
        "19": 15,
        "20": 7,
        "21": 14,
        "22": 9,
        "23": 12,
        "24": 7,
        "25": 5,
        "26": 10,
        "27": 13,
        "28": 13,
        "29": 15,
        "30": 5,
        "31": 15,
        "32": 15,
        "33": 7,
        "34": 8,
        "35": 6,
        "36": 11,
        "37": 6,
        "38": 13,
        "39": 15,
        "40": 8,
        "41": 13,
        "42": 7,
        "43": 11,
        "44": 5,
        "45": 14,
        "46": 6,
        "47": 9,
        "48": 12,
        "49": 10,
        "50": 11,
        "51": 9,
        "52": 7,
        "53": 5,
        "54": 15,
        "55": 6,
        "56": 8,
        "57": 11,
        "58": 7,
        "59": 10,
        "60": 9
    },
    "task_service_time": {
        "0": 0,
        "1": 54,
        "2": 62,
        "3": 79,
        "4": 16,
        "5": 32,
        "6": 59,
        "7": 43,
        "8": 45,
        "9": 29,
        "10": 23,
        "11": 46,
        "12": 96,
        "13": 93,
        "14": 57,
        "15": 64,
        "16": 53,
        "17": 99,
        "18": 71,
        "19": 78,
        "20": 64,
        "21": 75,
        "22": 86,
        "23": 83,
        "24": 74,
        "25": 18,
        "26": 28,
        "27": 28,
        "28": 27,
        "29": 87,
        "30": 74,
        "31": 74,
        "32": 15,
        "33": 42,
        "34": 100,
        "35": 71,
        "36": 26,
        "37": 35,
        "38": 78,
        "39": 97,
        "40": 44,
        "41": 58,
        "42": 15,
        "43": 24,
        "44": 16,
        "45": 92,
        "46": 70,
        "47": 53,
        "48": 10,
        "49": 49,
        "50": 79,
        "51": 61,
        "52": 75,
        "53": 51,
        "54": 40,
        "55": 23,
        "56": 65,
        "57": 88,
        "58": 12,
        "59": 12,
        "60": 80
    },
    "task_precedence": [],
    "coordinates": {
        "0": [
            50.0,
            50.0
        ],
        "1": [
            19.625361345479398,
            64.62162032825466
        ],
        "2": [
            9.785517926910147,
            42.11164090682834
        ],
        "3": [
            44.59934154640193,
            34.509893035975836
        ],
        "4": [
            56.52490321985609,
            42.38165796541692
        ],
        "5": [
            84.24985926080187,
            53.96880694306019
        ],
        "6": [
            50.67965670900899,
            32.37619539447814
        ],
        "7": [
            3.57639633428648,
            9.476394962393275
        ],
        "8": [
            50.68740465447898,
            25.241671515509168
        ],
        "9": [
            81.24001497464063,
            18.365301349961594
        ],
        "10": [
            43.86704207858776,
            61.89498990480978
        ],
        "11": [
            66.54621785151397,
            41.801181736481475
        ],
        "12": [
            30.23034672905397,
            45.724850655975416
        ],
        "13": [
            64.14381680309191,
            34.02286797483669
        ],
        "14": [
            43.51855642372979,
            86.01293807769798
        ],
        "15": [
            77.89041278262971,
            46.69875747254284
        ],
        "16": [
            74.57986123770371,
            15.78048617402481
        ],
        "17": [
            2.3743287342429586,
            97.56936010968114
        ],
        "18": [
            7.362419974478929,
            56.53952645642486
        ],
        "19": [
            89.40387739578594,
            9.326055331718575
        ],
        "20": [
            73.96364929034628,
            60.05077002815599
        ],
        "21": [
            15.184513625274343,
            23.657478479491246
        ],
        "22": [
            12.192147956574761,
            12.650030311388305
        ],
        "23": [
            94.28074651673991,
            36.34455417649885
        ],
        "24": [
            84.81416858806324,
            49.902402015692616
        ],
        "25": [
            11.519469571433195,
            26.2365869296456
        ],
        "26": [
            14.47179444377371,
            50.31782715671568
        ],
        "27": [
            8.997195107333255,
            8.133233402507866
        ],
        "28": [
            46.64861132784653,
            91.68735871453345
        ],
        "29": [
            20.713677695244648,
            67.54799911045457
        ],
        "30": [
            3.948534683945626,
            3.4571100370212937
        ],
        "31": [
            9.31373636694085,
            64.90953389702932
        ],
        "32": [
            37.62363312145352,
            74.70901788277428
        ],
        "33": [
            3.6477678290586457,
            21.285167320089847
        ],
        "34": [
            87.19761615002912,
            97.72174532498312
        ],
        "35": [
            61.03911656654852,
            63.009070620170014
        ],
        "36": [
            60.616263457759004,
            38.79969135342637
        ],
        "37": [
            50.15159863151527,
            69.91602814399327
        ],
        "38": [
            7.39132815597443,
            3.336304731696571
        ],
        "39": [
            46.04509288905351,
            29.23495361018713
        ],
        "40": [
            95.5142127127679,
            4.418207970274269
        ],
        "41": [
            94.30042431078743,
            85.46841985161994
        ],
        "42": [
            79.76658830953916,
            86.78582327419495
        ],
        "43": [
            22.819187734697955,
            0.8340664986738133
        ],
        "44": [
            38.189397327006844,
            14.808042254558396
        ],
        "45": [
            21.241729654701714,
            37.087411614357855
        ],
        "46": [
            18.108775313465408,
            98.66578302735904
        ],
        "47": [
            2.6701633382007928,
            36.64811526663859
        ],
        "48": [
            62.872054972089764,
            69.09420226478183
        ],
        "49": [
            80.3750723317457,
            97.4007056673957
        ],
        "50": [
            11.57621042382847,
            46.924510617639456
        ],
        "51": [
            74.0767665607469,
            17.76294771175888
        ],
        "52": [
            91.1957404345099,
            42.33225805064077
        ],
        "53": [
            1.2629791375271093,
            93.58514170931304
        ],
        "54": [
            67.3867116123646,
            5.31931840961083
        ],
        "55": [
            71.31925020684959,
            19.000988671188523
        ],
        "56": [
            12.140976876105592,
            74.13330625189157
        ],
        "57": [
            1.9926329870545767,
            9.786802138201589
        ],
        "58": [
            72.27808508942168,
            70.31667319405003
        ],
        "59": [
            44.74153149053323,
            92.37480327788333
        ],
        "60": [
            49.57661750798936,
            26.620287264281327
        ]
    },
    "distance_matrix_str_keys": {
        "0,0": 0.0,
        "0,1": 33.71068753995277,
        "0,2": 40.980858673162146,
        "0,3": 16.404588549833555,
        "0,4": 10.030627965605337,
        "0,5": 34.47904128504762,
        "0,6": 17.636905114438715,
        "0,7": 61.62234612991618,
        "0,8": 24.767869397769147,
        "0,9": 44.46001230650428,
        "0,10": 13.382972678046526,
        "0,11": 18.46612970029087,
        "0,12": 20.226618411566996,
        "0,13": 21.338141941343533,
        "0,14": 36.59154027668804,
        "0,15": 28.08510864160163,
        "0,16": 42.13246616269782,
        "0,17": 67.31306399770017,
        "0,18": 43.13616390810609,
        "0,19": 56.630692461778615,
        "0,20": 25.986043667122406,
        "0,21": 43.65829281553706,
        "0,22": 53.14559165046285,
        "0,23": 46.3384906176102,
        "0,24": 34.81430539081069,
        "0,25": 45.226662742414966,
        "0,26": 35.52962713211348,
        "0,27": 58.60082042424815,
        "0,28": 41.821856518165546,
        "0,29": 34.141191351775134,
        "0,30": 65.4750186243708,
        "0,31": 43.33204644885189,
        "0,32": 27.63530390358755,
        "0,33": 54.52587498668945,
        "0,34": 60.50642630421545,
        "0,35": 17.061594678412,
        "0,36": 15.432173002628671,
        "0,37": 19.91660511175058,
        "0,38": 63.190184145996454,
        "0,39": 21.13831691093914,
        "0,40": 64.41462041729542,
        "0,41": 56.74977005139839,
        "0,42": 47.32067807576193,
        "0,43": 56.17904923063777,
        "0,44": 37.12094052494172,
        "0,45": 31.524166159793715,
        "0,46": 58.18426462260239,
        "0,47": 49.17709084894675,
        "0,48": 23.02777365124341,
        "0,49": 56.298063172065355,
        "0,50": 38.546676125639166,
        "0,51": 40.23578293329822,
        "0,52": 41.903261168427896,
        "0,53": 65.38319187964149,
        "0,54": 47.944353662066156,
        "0,55": 37.62245516637688,
        "0,56": 44.89679390049094,
        "0,57": 62.62434486513842,
        "0,58": 30.15095827540716,
        "0,59": 42.6998295535751,
        "0,60": 23.383545931685962,
        "1,0": 33.71068753995277,
        "1,1": 0.0,
        "1,2": 24.566678490487824,
        "1,3": 39.12052923466962,
        "1,4": 43.08354809482755,
        "1,5": 65.49662711794629,
        "1,6": 44.76758525635655,
        "1,7": 57.43313641602849,
        "1,8": 50.15606546594959,
        "1,9": 77.045522824257,
        "1,10": 24.39454033655917,
        "1,11": 52.17604040918377,
        "1,12": 21.669185933786324,
        "1,13": 54.020149221537984,
        "1,14": 32.06981830483262,
        "1,15": 60.95937361816004,
        "1,16": 73.52178890557519,
        "1,17": 37.19074727480662,
        "1,18": 14.686727764266069,
        "1,19": 89.0316843065941,
        "1,20": 54.53019538975794,
        "1,21": 41.204150833134044,
        "1,22": 52.50046504714253,
        "1,23": 79.8311906789573,
        "1,24": 66.82990331762879,
        "1,25": 39.2315723679906,
        "1,26": 15.203872891619477,
        "1,27": 57.479524833270425,
        "1,28": 38.246702263123154,
        "1,29": 3.122198785163455,
        "1,30": 63.1415886190882,
        "1,31": 10.315643650354769,
        "1,32": 20.63233812113293,
        "1,33": 46.18800335481983,
        "1,34": 75.24378973822385,
        "1,35": 41.445137689138804,
        "1,36": 48.44611513795059,
        "1,37": 30.981961154238135,
        "1,38": 62.49449156407015,
        "1,39": 44.161277112987946,
        "1,40": 96.86882171984665,
        "1,41": 77.53034295835471,
        "1,42": 64.09539041905725,
        "1,43": 63.86746081195137,
        "1,44": 53.16028585727958,
        "1,45": 27.58161155573563,
        "1,46": 34.07792609704396,
        "1,47": 32.71078912069051,
        "1,48": 43.47735616171769,
        "1,49": 69.02894914878522,
        "1,50": 19.441618314046416,
        "1,51": 71.83794769686278,
        "1,52": 74.96088869330626,
        "1,53": 34.29376985899842,
        "1,54": 76.14400562201915,
        "1,55": 68.94563204729795,
        "1,56": 12.103230147167997,
        "1,57": 57.60009023689264,
        "1,58": 52.9598238743305,
        "1,59": 37.43075161669684,
        "1,60": 48.38573199147993,
        "2,0": 40.980858673162146,
        "2,1": 24.566678490487824,
        "2,2": 0.0,
        "2,3": 35.634097234265596,
        "2,4": 46.740165241196785,
        "2,5": 75.40245696727067,
        "2,6": 42.037001392267506,
        "2,7": 33.22066328064133,
        "2,8": 44.24432398781698,
        "2,9": 75.29697066080507,
        "2,10": 39.40724788763252,
        "2,11": 56.761548964306584,
        "2,12": 20.761654785693292,
        "2,13": 54.95682764004509,
        "2,14": 55.36462570552539,
        "2,15": 68.25919968543485,
        "2,16": 69.94023616374069,
        "2,17": 55.950731402118194,
        "2,18": 14.629944809169048,
        "2,19": 86.10445857223637,
        "2,20": 66.6381639823167,
        "2,21": 19.227721275426664,
        "2,22": 29.559742336106854,
        "2,23": 84.69181155107457,
        "2,24": 75.43205140183277,
        "2,25": 15.969468591158872,
        "2,26": 9.45000954287068,
        "2,27": 33.98755109444526,
        "2,28": 61.778956378651856,
        "2,29": 27.684526266227277,
        "2,30": 39.0927503527638,
        "2,31": 22.802774011794746,
        "2,32": 42.86664954596518,
        "2,33": 21.712069876517813,
        "2,34": 95.31587834513144,
        "2,35": 55.350103361576444,
        "2,36": 50.938528650385955,
        "2,37": 49.01534883161512,
        "2,38": 38.849180688320004,
        "2,39": 38.478121733925306,
        "2,40": 93.64936730287747,
        "2,41": 94.98726062763924,
        "2,42": 83.02489254489407,
        "2,43": 43.286426252107866,
        "2,44": 39.39881805764578,
        "2,45": 12.509503073076386,
        "2,46": 57.16334143935282,
        "2,47": 8.970974492443846,
        "2,48": 59.55030674047744,
        "2,49": 89.66474152737769,
        "2,50": 5.1352015025471625,
        "2,51": 68.74753458274296,
        "2,52": 81.41052143710324,
        "2,53": 52.174274813167564,
        "2,54": 68.34890276170128,
        "2,55": 65.73052909459915,
        "2,56": 32.10818024012834,
        "2,57": 33.25092866528006,
        "2,58": 68.56270704168726,
        "2,59": 61.22342995781304,
        "2,60": 42.700276855657705,
        "3,0": 16.404588549833555,
        "3,1": 39.12052923466962,
        "3,2": 35.634097234265596,
        "3,3": 0.0,
        "3,4": 14.289286347880969,
        "3,5": 44.16800748803668,
        "3,6": 6.4438263556649416,
        "3,7": 48.05786158035216,
        "3,8": 11.08893333735803,
        "3,9": 40.03981505930013,
        "3,10": 27.394886256854214,
        "3,11": 23.126354456896348,
        "3,12": 18.22754197579474,
        "3,13": 19.550542357426927,
        "3,14": 51.51438386558699,
        "3,15": 35.452275530755436,
        "3,16": 35.34999635588428,
        "3,17": 75.89102776090671,
        "3,18": 43.265379656174396,
        "3,19": 51.39719947811463,
        "3,20": 38.91784894891735,
        "3,21": 31.352942498836466,
        "3,22": 39.09066122114522,
        "3,23": 49.715269096398025,
        "3,24": 43.059977318635404,
        "3,25": 34.098761323681,
        "3,26": 34.02293161364454,
        "3,27": 44.30847553785516,
        "3,28": 57.214177334466456,
        "3,29": 40.76814185855164,
        "3,30": 51.15430998995964,
        "3,31": 46.57480109846786,
        "3,32": 40.79987924587993,
        "3,33": 43.033995401164155,
        "3,34": 76.22566017433569,
        "3,35": 32.90090159385411,
        "3,36": 16.581440140075642,
        "3,37": 35.83883315659672,
        "3,38": 48.54100192854417,
        "3,39": 5.46947738733043,
        "3,40": 59.14248571019831,
        "3,41": 71.18264594107904,
        "3,42": 63.00403262625764,
        "3,43": 40.10531626894293,
        "3,44": 20.718356814887503,
        "3,45": 23.499396488105813,
        "3,46": 69.40985751266214,
        "3,47": 41.983663245633885,
        "3,48": 39.114786216608515,
        "3,49": 72.35438636783367,
        "3,50": 35.2795963530995,
        "3,51": 33.9024890409044,
        "3,52": 47.248426256991074,
        "3,53": 73.26612663878149,
        "3,54": 37.03179554842725,
        "3,55": 30.89465379995032,
        "3,56": 51.22070198610272,
        "3,57": 49.260154666837686,
        "3,58": 45.2574673331254,
        "3,59": 57.86508494147592,
        "3,60": 9.328405824713641,
        "4,0": 10.030627965605337,
        "4,1": 43.08354809482755,
        "4,2": 46.740165241196785,
        "4,3": 14.289286347880969,
        "4,4": 0.0,
        "4,5": 30.04888032693523,
        "4,6": 11.587760268103027,
        "4,7": 62.34020143301888,
        "4,8": 18.106781188378047,
        "4,9": 34.46189394290763,
        "4,10": 23.25922552555352,
        "4,11": 10.038112352381768,
        "4,12": 26.5062377265086,
        "4,13": 11.3100492614064,
        "4,14": 45.52860267147936,
        "4,15": 21.797301370385227,
        "4,16": 32.149709947391365,
        "4,17": 77.31731491125362,
        "4,18": 51.160482787603414,
        "4,19": 46.62295366381699,
        "4,20": 24.82553897897623,
        "4,21": 45.38306632713311,
        "4,22": 53.379423677966,
        "4,23": 38.23545900361359,
        "4,24": 29.271899940772574,
        "4,25": 47.813725818353646,
        "4,26": 42.79540558478137,
        "4,27": 58.58188818628537,
        "4,28": 50.28511974627886,
        "4,29": 43.76972241405007,
        "4,30": 65.41708461750527,
        "4,31": 52.31060570863163,
        "4,32": 37.44751274195831,
        "4,33": 56.93024999668539,
        "4,34": 63.27195735443327,
        "4,35": 21.115593171135973,
        "4,36": 5.437804097768514,
        "4,37": 28.262352211141962,
        "4,38": 62.75864727433257,
        "4,39": 16.812562564148706,
        "4,40": 54.41865296263552,
        "4,41": 57.30147505544474,
        "4,42": 50.11891681368705,
        "4,43": 53.50025806530109,
        "4,44": 33.11336678317102,
        "4,45": 35.67816392773752,
        "4,46": 68.14471085351019,
        "4,47": 54.15908529138457,
        "4,48": 27.456262642818224,
        "4,49": 59.96604186286059,
        "4,50": 45.1776769466013,
        "4,51": 30.23489377012716,
        "4,52": 34.67087240778062,
        "4,53": 75.3370891446738,
        "4,54": 38.621184535244865,
        "4,55": 27.668183883616905,
        "4,56": 54.5719716209288,
        "4,57": 63.53104062692695,
        "4,58": 32.07066907377477,
        "4,59": 51.3630453492079,
        "4,60": 17.224966784070933,
        "5,0": 34.47904128504762,
        "5,1": 65.49662711794629,
        "5,2": 75.40245696727067,
        "5,3": 44.16800748803668,
        "5,4": 30.04888032693523,
        "5,5": 0.0,
        "5,6": 39.914901639066585,
        "5,7": 92.12916120541446,
        "5,8": 44.17789797030118,
        "5,9": 35.730501999618475,
        "5,10": 41.15332671747518,
        "5,11": 21.481853325921925,
        "5,12": 54.64494989869634,
        "5,13": 28.321253938258668,
        "5,14": 51.82533522302715,
        "5,15": 9.658994710243189,
        "5,16": 39.39361248889801,
        "5,17": 92.76104104332174,
        "5,18": 76.93040308502479,
        "5,19": 44.9392831981963,
        "5,20": 11.949744370687096,
        "5,21": 75.42412479426756,
        "5,22": 83.06356036639251,
        "5,23": 20.27888026299739,
        "5,24": 4.105373801513505,
        "5,25": 77.83820149026992,
        "5,26": 69.87351417389625,
        "5,27": 88.11278717635777,
        "5,28": 53.25920571932036,
        "5,29": 64.971076856171,
        "5,30": 94.86692918570283,
        "5,31": 75.73058840815347,
        "5,32": 51.030983860998475,
        "5,33": 86.97653385928466,
        "5,34": 43.85212523618817,
        "5,35": 24.909133741872807,
        "5,36": 28.082893696221497,
        "5,37": 37.64313007673839,
        "5,38": 92.0374058944268,
        "5,39": 45.51228047694325,
        "5,40": 50.81483560194475,
        "5,41": 33.06417201765524,
        "5,42": 33.12183991417751,
        "5,43": 81.22209087582259,
        "5,44": 60.45768474348641,
        "5,45": 65.23040628957517,
        "5,46": 79.82770607257227,
        "5,47": 83.39816033326943,
        "5,48": 26.18755620222774,
        "5,49": 43.604401160278776,
        "5,50": 73.01425440282235,
        "5,51": 37.6079254647304,
        "5,52": 13.551919989615467,
        "5,53": 91.95801353284328,
        "5,54": 51.48920744368878,
        "5,55": 37.28201932836786,
        "5,56": 74.87521586710666,
        "5,57": 93.37184170201962,
        "5,58": 20.26267770485378,
        "5,59": 55.09926059098642,
        "5,60": 44.1607882885885,
        "6,0": 17.636905114438715,
        "6,1": 44.76758525635655,
        "6,2": 42.037001392267506,
        "6,3": 6.4438263556649416,
        "6,4": 11.587760268103027,
        "6,5": 39.914901639066585,
        "6,6": 0.0,
        "6,7": 52.37478398769982,
        "6,8": 7.1345280860220495,
        "6,9": 33.61905187911208,
        "6,10": 30.294734648876116,
        "6,11": 18.45475900779521,
        "6,12": 24.42050114036538,
        "6,13": 13.564480735582904,
        "6,14": 54.11267432831021,
        "6,15": 30.74997610695176,
        "6,16": 29.097033200023663,
        "6,17": 81.13909930688968,
        "6,18": 49.60090287811865,
        "6,19": 45.06522189794518,
        "6,20": 36.16664750405788,
        "6,21": 36.550255911258326,
        "6,22": 43.248236020143224,
        "6,23": 43.78130769911582,
        "6,24": 38.370989298567714,
        "6,25": 39.638555079006096,
        "6,26": 40.40929893118637,
        "6,27": 48.219796881771366,
        "6,28": 59.44798921110171,
        "6,29": 46.20622982768166,
        "6,30": 54.95553897136518,
        "6,31": 52.626585295532,
        "6,32": 44.30042450975381,
        "6,33": 48.32193575761288,
        "6,34": 74.85721246116576,
        "6,35": 32.33715282972173,
        "6,36": 11.832051978162054,
        "6,37": 37.54354655856017,
        "6,38": 52.126717128760134,
        "6,39": 5.598801813657642,
        "6,40": 52.83735868555634,
        "6,41": 68.71357699884274,
        "6,42": 61.696492574077325,
        "6,43": 42.08457706509692,
        "6,44": 21.55566246203917,
        "6,45": 29.812532725771117,
        "6,46": 73.85913446162203,
        "6,47": 48.199177929875894,
        "6,48": 38.68936034536167,
        "6,49": 71.48429649398416,
        "6,50": 41.7220923158279,
        "6,51": 27.585716544088378,
        "6,52": 41.721412057422455,
        "6,53": 78.66729391034205,
        "6,54": 31.7993753982367,
        "6,55": 24.5944907377005,
        "6,56": 56.823288803283376,
        "6,57": 53.67221782811722,
        "6,58": 43.65743881818565,
        "6,59": 60.29174304211904,
        "6,60": 5.860646200057786,
        "7,0": 61.62234612991618,
        "7,1": 57.43313641602849,
        "7,2": 33.22066328064133,
        "7,3": 48.05786158035216,
        "7,4": 62.34020143301888,
        "7,5": 92.12916120541446,
        "7,6": 52.37478398769982,
        "7,7": 0.0,
        "7,8": 49.67887931245504,
        "7,9": 78.17064869298014,
        "7,10": 66.11388076818601,
        "7,11": 70.7819910846096,
        "7,12": 44.99315072115215,
        "7,13": 65.35244264444661,
        "7,14": 86.33202525512543,
        "7,15": 83.11484411055353,
        "7,16": 71.28277207218706,
        "7,17": 88.10116613845896,
        "7,18": 47.215170454299994,
        "7,19": 85.82761273253847,
        "7,20": 86.67256077901928,
        "7,21": 18.32625211984816,
        "7,22": 9.181673994721983,
        "7,23": 94.60009049454267,
        "7,24": 90.74049640061436,
        "7,25": 18.547141214479005,
        "7,26": 42.26975613423447,
        "7,27": 5.584724014113788,
        "7,28": 92.8108736383144,
        "7,29": 60.54748236527902,
        "7,30": 6.0307775588308195,
        "7,31": 55.729255896673884,
        "7,32": 73.58335019495945,
        "7,33": 11.808988038192124,
        "7,34": 121.57199621659991,
        "7,35": 78.53477942651867,
        "7,36": 64.13581022096608,
        "7,37": 76.3033336634393,
        "7,38": 7.228721383842681,
        "7,39": 46.84005579521859,
        "7,40": 92.07685559406667,
        "7,41": 118.34541435579906,
        "7,42": 108.54350767836581,
        "7,43": 21.094427277235223,
        "7,44": 35.02122642869768,
        "7,45": 32.77853324778945,
        "7,46": 90.36557409875478,
        "7,47": 27.186828475115142,
        "7,48": 84.08482669801747,
        "7,49": 116.74211342918424,
        "7,50": 38.2930593136136,
        "7,51": 70.98569685884618,
        "7,52": 93.57701213346694,
        "7,53": 84.14055608601447,
        "7,54": 63.945583282611665,
        "7,55": 68.40915242945975,
        "7,56": 65.22168517721202,
        "7,57": 1.61389558362011,
        "7,58": 91.76852125382034,
        "7,59": 92.55654733012555,
        "7,60": 49.091072419415724,
        "8,0": 24.767869397769147,
        "8,1": 50.15606546594959,
        "8,2": 44.24432398781698,
        "8,3": 11.08893333735803,
        "8,4": 18.106781188378047,
        "8,5": 44.17789797030118,
        "8,6": 7.1345280860220495,
        "8,7": 49.67887931245504,
        "8,8": 0.0,
        "8,9": 31.316871874906038,
        "8,10": 37.28247704504169,
        "8,11": 22.928570273284322,
        "8,12": 28.949125145064848,
        "8,13": 16.06811871908606,
        "8,14": 61.192640280740655,
        "8,15": 34.646936213578336,
        "8,16": 25.697538980361468,
        "8,17": 86.97958290455298,
        "8,18": 53.447263928332575,
        "8,19": 41.86014930740336,
        "8,20": 41.87429884322712,
        "8,21": 35.538218005507076,
        "8,22": 40.50227421331862,
        "8,23": 44.98503593533806,
        "8,24": 42.104484860656655,
        "8,25": 39.18056910448055,
        "8,26": 44.04979006392372,
        "8,27": 45.06409021328752,
        "8,28": 66.56831978415731,
        "8,29": 51.848333265376716,
        "8,30": 51.56635613394108,
        "8,31": 57.31770872502197,
        "8,32": 51.16327279686145,
        "8,33": 47.205734377465326,
        "8,34": 81.15637154824378,
        "8,35": 39.160367396657804,
        "8,36": 16.804824874446847,
        "8,37": 44.67756963245904,
        "8,38": 48.522111805832594,
        "8,39": 6.123508831959288,
        "8,40": 49.42731385291338,
        "8,41": 74.35964428830177,
        "8,42": 68.06821238831577,
        "8,43": 37.045494961544456,
        "8,44": 16.280688152302268,
        "8,45": 31.73908213357752,
        "8,46": 80.32725092422692,
        "8,47": 49.35344387855191,
        "8,48": 45.51384576673736,
        "8,49": 78.02745556436498,
        "8,50": 44.71947031972248,
        "8,51": 24.55592718907511,
        "8,52": 43.966048444027294,
        "8,53": 84.34218254119395,
        "8,54": 25.99551896288636,
        "8,55": 21.555026635573263,
        "8,56": 62.2592887982925,
        "8,57": 51.08848965483554,
        "8,58": 49.97912822333217,
        "8,59": 67.39592560315513,
        "8,60": 1.7704320002669334,
        "9,0": 44.46001230650428,
        "9,1": 77.045522824257,
        "9,2": 75.29697066080507,
        "9,3": 40.03981505930013,
        "9,4": 34.46189394290763,
        "9,5": 35.730501999618475,
        "9,6": 33.61905187911208,
        "9,7": 78.17064869298014,
        "9,8": 31.316871874906038,
        "9,9": 0.0,
        "9,10": 57.37223099001105,
        "9,11": 27.66131167148211,
        "9,12": 57.88377313853178,
        "9,13": 23.182738935105757,
        "9,14": 77.45392946814172,
        "9,15": 28.530765336649505,
        "9,16": 7.144152664479387,
        "9,17": 111.77244468196066,
        "9,18": 83.15750420429204,
        "9,19": 12.180173160087293,
        "9,20": 42.315762978969225,
        "9,21": 66.26715926676235,
        "9,22": 69.28399716232359,
        "9,23": 22.21067786794566,
        "9,24": 31.73898694748769,
        "9,25": 70.16346334095583,
        "9,26": 74.01999174743108,
        "9,27": 72.96382827717808,
        "9,28": 81.07212407744727,
        "9,29": 77.98958432674968,
        "9,30": 78.71611711555724,
        "9,31": 85.6723709123774,
        "9,32": 71.25309227460221,
        "9,33": 77.64716629977289,
        "9,34": 79.57976006577124,
        "9,35": 49.00145335748384,
        "9,36": 29.03279906319365,
        "9,37": 60.19939421386563,
        "9,38": 75.36245274799158,
        "9,39": 36.835198938905904,
        "9,40": 19.95680672875487,
        "9,41": 68.36229080915379,
        "9,42": 68.43638510706077,
        "9,43": 60.994567387679986,
        "9,44": 43.19733524321363,
        "9,45": 62.85150478775356,
        "9,46": 102.14558619332891,
        "9,47": 80.66897092986873,
        "9,48": 53.95186134584197,
        "9,49": 79.04013702794155,
        "9,50": 75.29059767652781,
        "9,51": 7.188529595446278,
        "9,52": 25.95248510113279,
        "9,53": 109.79230685697999,
        "9,54": 19.02923237882105,
        "9,55": 9.941110196965564,
        "9,56": 88.79610034728148,
        "9,57": 79.71033935828241,
        "9,58": 52.71869899523626,
        "9,59": 82.51997135396202,
        "9,60": 32.72178985900305,
        "10,0": 13.382972678046526,
        "10,1": 24.39454033655917,
        "10,2": 39.40724788763252,
        "10,3": 27.394886256854214,
        "10,4": 23.25922552555352,
        "10,5": 41.15332671747518,
        "10,6": 30.294734648876116,
        "10,7": 66.11388076818601,
        "10,8": 37.28247704504169,
        "10,9": 57.37223099001105,
        "10,10": 0.0,
        "10,11": 30.300266342803997,
        "10,12": 21.152608902513425,
        "10,13": 34.46741612171672,
        "10,14": 24.12046571527513,
        "10,15": 37.262786184075686,
        "10,16": 55.40599890839566,
        "10,17": 54.720251737269834,
        "10,18": 36.89537130468778,
        "10,19": 69.54923617736985,
        "10,20": 30.15305809718676,
        "10,21": 47.79952634154966,
        "10,22": 58.55224131490141,
        "10,23": 56.518725756017446,
        "10,24": 42.66719270893258,
        "10,25": 48.1444404874002,
        "10,26": 31.592899214980235,
        "10,27": 64.07989302434508,
        "10,28": 29.92193788481985,
        "10,29": 23.83348055460985,
        "10,30": 70.77056617025313,
        "10,31": 34.68455580058014,
        "10,32": 14.254103564450512,
        "10,33": 57.15546965532927,
        "10,34": 56.22361650852412,
        "10,35": 17.20817590741129,
        "10,36": 28.529444999614345,
        "10,37": 10.189833438353538,
        "10,38": 68.98983486984237,
        "10,39": 32.73258126239114,
        "10,40": 77.27231519804663,
        "10,41": 55.67075213104562,
        "10,42": 43.684448095526115,
        "10,43": 64.58675204476228,
        "10,44": 47.42801164863091,
        "10,45": 33.57559683632376,
        "10,46": 44.89520613166313,
        "10,47": 48.31756923672464,
        "10,48": 20.32287316513469,
        "10,49": 50.926340186381324,
        "10,50": 35.59231741603236,
        "10,51": 53.481441654252286,
        "10,52": 51.21236340634931,
        "10,53": 53.097757960937656,
        "10,54": 61.269743431083,
        "10,55": 50.92660476555753,
        "10,56": 34.00469967877086,
        "10,57": 66.84855547493284,
        "10,58": 29.632956558327475,
        "10,59": 30.49235568120308,
        "10,60": 35.73379210161905,
        "11,0": 18.46612970029087,
        "11,1": 52.17604040918377,
        "11,2": 56.761548964306584,
        "11,3": 23.126354456896348,
        "11,4": 10.038112352381768,
        "11,5": 21.481853325921925,
        "11,6": 18.45475900779521,
        "11,7": 70.7819910846096,
        "11,8": 22.928570273284322,
        "11,9": 27.66131167148211,
        "11,10": 30.300266342803997,
        "11,11": 0.0,
        "11,12": 36.52721825122914,
        "11,13": 8.140865787620628,
        "11,14": 49.84929878752315,
        "11,15": 12.356253749644711,
        "11,16": 27.232627923329805,
        "11,17": 85.01835726444226,
        "11,18": 60.99131689210868,
        "11,19": 39.71279938316079,
        "11,20": 19.699384811851395,
        "11,21": 54.47218215659659,
        "11,22": 61.67782862222574,
        "11,23": 28.266214189569165,
        "11,24": 19.98368820126287,
        "11,25": 57.1856593717372,
        "11,26": 52.76626595148271,
        "11,27": 66.67398865996654,
        "11,28": 53.70796401704514,
        "11,29": 52.569195752500946,
        "11,30": 73.40802253460186,
        "11,31": 61.72157545346604,
        "11,32": 43.811432153021215,
        "11,33": 66.15982060707918,
        "11,34": 59.61199278450243,
        "11,35": 21.91124632388007,
        "11,36": 6.646299995605536,
        "11,37": 32.545785101710635,
        "11,38": 70.56095051715701,
        "11,39": 24.045918864715706,
        "11,40": 47.293038112248304,
        "11,41": 51.740928294611976,
        "11,42": 46.88705758867795,
        "11,43": 59.91959357125804,
        "11,44": 39.150208803398016,
        "11,45": 45.5490535526187,
        "11,46": 74.69784949780838,
        "11,47": 64.08357382536009,
        "11,48": 27.539216445330528,
        "11,49": 57.29349245402769,
        "11,50": 55.20824408930523,
        "11,51": 25.190193704881686,
        "11,52": 24.655242964146336,
        "11,53": 83.32754507037401,
        "11,54": 36.4915439733988,
        "11,55": 23.294433705924543,
        "11,56": 63.28741202855618,
        "11,57": 72.0561296484603,
        "11,58": 29.085865211467663,
        "11,59": 55.073909822289586,
        "11,60": 22.768989718365365,
        "12,0": 20.226618411566996,
        "12,1": 21.669185933786324,
        "12,2": 20.761654785693292,
        "12,3": 18.22754197579474,
        "12,4": 26.5062377265086,
        "12,5": 54.64494989869634,
        "12,6": 24.42050114036538,
        "12,7": 44.99315072115215,
        "12,8": 28.949125145064848,
        "12,9": 57.88377313853178,
        "12,10": 21.152608902513425,
        "12,11": 36.52721825122914,
        "12,12": 0.0,
        "12,13": 35.8756163867931,
        "12,14": 42.422947858323525,
        "12,15": 47.670015635811986,
        "12,16": 53.51209584178926,
        "12,17": 58.85414937812471,
        "12,18": 25.296230682088503,
        "12,19": 69.47214573211203,
        "12,20": 46.01992740950115,
        "12,21": 26.708538121025242,
        "12,22": 37.673868341095314,
        "12,23": 64.73363634931441,
        "12,24": 54.7434520659698,
        "12,25": 27.016464370353077,
        "12,26": 16.41424391387748,
        "12,27": 43.17379315652239,
        "12,28": 48.806880247245644,
        "12,29": 23.807914607653085,
        "12,30": 49.772437567448776,
        "12,31": 28.38233006819617,
        "12,32": 29.912248887555773,
        "12,33": 36.109993388712205,
        "12,34": 77.12941618151827,
        "12,35": 35.32597569311253,
        "12,36": 31.165072867065113,
        "12,37": 31.33798566625015,
        "12,38": 48.14986599105099,
        "12,39": 22.847820479991462,
        "12,40": 77.25426776394757,
        "12,41": 75.39579652565739,
        "12,42": 64.3416094162585,
        "12,43": 45.49843711488412,
        "12,44": 31.924841865711787,
        "12,45": 12.465977302522102,
        "12,46": 54.31090879312027,
        "12,47": 29.0163890562816,
        "12,48": 40.14483418373395,
        "12,49": 72.00616290936892,
        "12,50": 18.69267196838247,
        "12,51": 52.003620530871316,
        "12,52": 61.05971596926256,
        "12,53": 55.94386333542607,
        "12,54": 54.89264511256247,
        "12,55": 49.01492413938374,
        "12,56": 33.67886059565996,
        "12,57": 45.70461474119399,
        "12,58": 48.71108741309408,
        "12,59": 48.8548110507864,
        "12,60": 27.189382770470303,
        "13,0": 21.338141941343533,
        "13,1": 54.020149221537984,
        "13,2": 54.95682764004509,
        "13,3": 19.550542357426927,
        "13,4": 11.3100492614064,
        "13,5": 28.321253938258668,
        "13,6": 13.564480735582904,
        "13,7": 65.35244264444661,
        "13,8": 16.06811871908606,
        "13,9": 23.182738935105757,
        "13,10": 34.46741612171672,
        "13,11": 8.140865787620628,
        "13,12": 35.8756163867931,
        "13,13": 0.0,
        "13,14": 55.93182238240513,
        "13,15": 18.698852253084993,
        "13,16": 21.016553409343423,
        "13,17": 88.62068787214146,
        "13,18": 61.08295126289247,
        "13,19": 35.32708898106173,
        "13,20": 27.818713043110375,
        "13,21": 50.04452684407832,
        "13,22": 56.176276894489,
        "13,23": 30.22622635037904,
        "13,24": 26.06574465211323,
        "13,25": 53.19725645249846,
        "13,26": 52.276529150314765,
        "13,27": 60.921449939605374,
        "13,28": 60.26006726589034,
        "13,29": 54.86448214088363,
        "13,30": 67.51101797274825,
        "13,31": 62.93110401402418,
        "13,32": 48.5662736560981,
        "13,33": 61.82249557756925,
        "13,34": 67.74234008356841,
        "13,35": 29.152000057545298,
        "13,36": 5.93815410665724,
        "13,37": 38.52403297020871,
        "13,38": 64.51751801887947,
        "13,39": 18.721322904105982,
        "13,40": 43.13394989466597,
        "13,41": 59.63275764443562,
        "13,42": 55.02726998011748,
        "13,43": 53.0020896858275,
        "13,44": 32.293055256529264,
        "13,45": 43.01139976107029,
        "13,46": 79.35950800905492,
        "13,47": 61.52968384174124,
        "13,48": 35.094385121154,
        "13,49": 65.42326777699817,
        "13,50": 54.127678902090054,
        "13,51": 19.053831579232217,
        "13,52": 28.299338076922268,
        "13,53": 86.61214809681032,
        "13,54": 28.8861580066887,
        "13,55": 16.647633535885355,
        "13,56": 65.67452031990177,
        "13,57": 66.70949360452808,
        "13,58": 37.194174514891266,
        "13,59": 61.49306488508172,
        "13,60": 16.34018042983377,
        "14,0": 36.59154027668804,
        "14,1": 32.06981830483262,
        "14,2": 55.36462570552539,
        "14,3": 51.51438386558699,
        "14,4": 45.52860267147936,
        "14,5": 51.82533522302715,
        "14,6": 54.11267432831021,
        "14,7": 86.33202525512543,
        "14,8": 61.192640280740655,
        "14,9": 77.45392946814172,
        "14,10": 24.12046571527513,
        "14,11": 49.84929878752315,
        "14,12": 42.422947858323525,
        "14,13": 55.93182238240513,
        "14,14": 0.0,
        "14,15": 52.22096615547826,
        "14,16": 76.7945437980353,
        "14,17": 42.73638218597406,
        "14,18": 46.64705988091688,
        "14,19": 89.36632848005007,
        "14,20": 40.01172140122893,
        "14,21": 68.49103096762595,
        "14,22": 79.77129874446763,
        "14,23": 71.01935160500827,
        "14,24": 54.8570724584573,
        "14,25": 67.80231350002803,
