{
    "num_robots": 6,
    "num_tasks": 60,
    "num_nodes": 61,
    "robot_capacity": [
        147,
        122,
        124,
        127,
        110,
        152
    ],
    "robot_speed": [
        1.05,
        0.84,
        1.07,
        1.17,
        0.81,
        0.9
    ],
    "task_demand": {
        "0": 0,
        "1": 7,
        "2": 15,
        "3": 10,
        "4": 11,
        "5": 15,
        "6": 6,
        "7": 5,
        "8": 11,
        "9": 7,
        "10": 9,
        "11": 15,
        "12": 13,
        "13": 9,
        "14": 7,
        "15": 13,
        "16": 14,
        "17": 6,
        "18": 9,
        "19": 14,
        "20": 14,
        "21": 6,
        "22": 7,
        "23": 11,
        "24": 13,
        "25": 13,
        "26": 13,
        "27": 5,
        "28": 6,
        "29": 6,
        "30": 9,
        "31": 15,
        "32": 13,
        "33": 13,
        "34": 6,
        "35": 11,
        "36": 9,
        "37": 5,
        "38": 8,
        "39": 7,
        "40": 8,
        "41": 13,
        "42": 12,
        "43": 6,
        "44": 11,
        "45": 7,
        "46": 6,
        "47": 8,
        "48": 13,
        "49": 13,
        "50": 12,
        "51": 10,
        "52": 12,
        "53": 7,
        "54": 10,
        "55": 14,
        "56": 12,
        "57": 7,
        "58": 15,
        "59": 13,
        "60": 9
    },
    "task_service_time": {
        "0": 0,
        "1": 99,
        "2": 10,
        "3": 62,
        "4": 79,
        "5": 95,
        "6": 11,
        "7": 35,
        "8": 36,
        "9": 71,
        "10": 66,
        "11": 17,
        "12": 72,
        "13": 53,
        "14": 76,
        "15": 44,
        "16": 76,
        "17": 35,
        "18": 95,
        "19": 84,
        "20": 96,
        "21": 91,
        "22": 72,
        "23": 93,
        "24": 41,
        "25": 60,
        "26": 38,
        "27": 54,
        "28": 23,
        "29": 22,
        "30": 51,
        "31": 86,
        "32": 97,
        "33": 63,
        "34": 40,
        "35": 24,
        "36": 83,
        "37": 15,
        "38": 48,
        "39": 34,
        "40": 83,
        "41": 28,
        "42": 70,
        "43": 19,
        "44": 36,
        "45": 89,
        "46": 82,
        "47": 13,
        "48": 95,
        "49": 84,
        "50": 97,
        "51": 21,
        "52": 60,
        "53": 28,
        "54": 100,
        "55": 21,
        "56": 41,
        "57": 99,
        "58": 65,
        "59": 74,
        "60": 67
    },
    "task_precedence": [],
    "coordinates": {
        "0": [
            100,
            100
        ],
        "1": [
            82.17160720692097,
            42.67021094561534
        ],
        "2": [
            25.25201437271751,
            55.64073986678487
        ],
        "3": [
            33.43173741022668,
            80.49699340213587
        ],
        "4": [
            26.054495509239818,
            19.410829984497248
        ],
        "5": [
            18.08082666830607,
            47.03058850542375
        ],
        "6": [
            62.94531587819353,
            34.114543051649605
        ],
        "7": [
            31.595510548138385,
            44.3588969645782
        ],
        "8": [
            10.920474577893124,
            45.51295999995817
        ],
        "9": [
            46.216251947912525,
            12.244549744350952
        ],
        "10": [
            73.72195717135338,
            48.70547958348354
        ],
        "11": [
            96.74464473123085,
            42.188585072954446
        ],
        "12": [
            84.80479903354207,
            15.49298426975062
        ],
        "13": [
            18.386870034077397,
            5.927362362274802
        ],
        "14": [
            32.18775037818491,
            58.425700167144555
        ],
        "15": [
            71.07169219634596,
            73.44538512491118
        ],
        "16": [
            81.66872918679522,
            2.1828375111347276
        ],
        "17": [
            66.60538742499405,
            92.64911758876023
        ],
        "18": [
            92.01715272382695,
            29.676288960203557
        ],
        "19": [
            56.40787609235885,
            39.84873392516059
        ],
        "20": [
            66.45919327265933,
            52.10989108854909
        ],
        "21": [
            54.575269541573135,
            28.933196330205824
        ],
        "22": [
            19.14157467791138,
            88.80327715179196
        ],
        "23": [
            48.247664552530026,
            7.161065956055723
        ],
        "24": [
            98.40295034665886,
            82.84705213057441
        ],
        "25": [
            30.786281143116902,
            80.67324945701495
        ],
        "26": [
            71.69645403706534,
            52.23957198548334
        ],
        "27": [
            41.587911899004396,
            5.050780926673837
        ],
        "28": [
            8.618752196210878,
            33.90876449617374
        ],
        "29": [
            5.5067543012885745,
            89.19195472291395
        ],
        "30": [
            48.64872651662272,
            10.523291251224176
        ],
        "31": [
            4.003100622761013,
            25.574903784351466
        ],
        "32": [
            57.99676913563646,
            84.42628706660189
        ],
        "33": [
            26.514306872845616,
            78.52794470503883
        ],
        "34": [
            28.173435984824458,
            97.82792247602214
        ],
        "35": [
            75.07388600825406,
            60.071138401332604
        ],
        "36": [
            95.3633548011528,
            63.779036953475
        ],
        "37": [
            88.77524098316451,
            51.214836326794625
        ],
        "38": [
            35.75234932794278,
            4.650821982181352
        ],
        "39": [
            13.720921969446598,
            44.32293728198441
        ],
        "40": [
            2.395978146702249,
            69.9289630291036
        ],
        "41": [
            8.858363857370854,
            49.84345016187206
        ],
        "42": [
            15.226394508892337,
            0.992943752540143
        ],
        "43": [
            32.171220428352385,
            98.93378753220453
        ],
        "44": [
            68.3458636006335,
            34.86298117744202
        ],
        "45": [
            55.667734670843195,
            29.35471833437179
        ],
        "46": [
            45.77638916432559,
            16.714147423412783
        ],
        "47": [
            27.798625604315173,
            2.550760672518315
        ],
        "48": [
            96.62205910317006,
            41.69139861733521
        ],
        "49": [
            68.47177574730647,
            43.716902706885044
        ],
        "50": [
            92.1298528104517,
            71.84601177573069
        ],
        "51": [
            77.86083168979131,
            21.22193328354286
        ],
        "52": [
            68.78671879481746,
            64.43013558433356
        ],
        "53": [
            57.63235314470957,
            78.04035072038047
        ],
        "54": [
            61.815366556694265,
            20.550537387781475
        ],
        "55": [
            24.195424404764054,
            93.77257250058405
        ],
        "56": [
            64.38794994201791,
            5.955244307342122
        ],
        "57": [
            34.21449599982383,
            67.30450564134748
        ],
        "58": [
            62.768143043013325,
            8.45436800009568
        ],
        "59": [
            6.388550220840184,
            81.67790107861211
        ],
        "60": [
            31.11819082525027,
            21.51290668175515
        ]
    },
    "distance_matrix_str_keys": {
        "0,0": 0.0,
        "0,1": 60.037957182140666,
        "0,2": 86.9195335635361,
        "0,3": 69.36642451919623,
        "0,4": 109.37345179786841,
        "0,5": 97.55259870157155,
        "0,6": 75.59062807425131,
        "0,7": 88.17656448381437,
        "0,8": 104.42221687645758,
        "0,9": 102.92575287119409,
        "0,10": 57.63387337030724,
        "0,11": 57.90299676003763,
        "0,12": 85.862272506868,
        "0,13": 124.54061239191546,
        "0,14": 79.54196128688005,
        "0,15": 39.26823861019538,
        "0,16": 99.52001189208191,
        "0,17": 34.19408751902323,
        "0,18": 70.77535012307246,
        "0,19": 74.28625766038606,
        "0,20": 58.46749735940004,
        "0,21": 84.34391928919243,
        "0,22": 81.62996721858565,
        "0,23": 106.2890958597508,
        "0,24": 17.227135229238463,
        "0,25": 71.86140942502053,
        "0,26": 55.517107257184996,
        "0,27": 111.47791816746918,
        "0,28": 112.77669910313804,
        "0,29": 95.10934404877676,
        "0,30": 103.16508467925503,
        "0,31": 121.46810131368767,
        "0,32": 44.797454588145,
        "0,33": 76.55844991226098,
        "0,34": 71.85939896072246,
        "0,35": 47.070427524030926,
        "0,36": 36.516525611258835,
        "0,37": 50.059838289865326,
        "0,38": 114.97489450115779,
        "0,39": 102.68405240692523,
        "0,40": 102.13134850007633,
        "0,41": 104.03113635071001,
        "0,42": 130.34171003462262,
        "0,43": 67.83715904432941,
        "0,44": 72.42109894416109,
        "0,45": 83.40327074420225,
        "0,46": 99.38175492245891,
        "0,47": 121.2822852280194,
        "0,48": 58.40636506327863,
        "0,49": 64.51213812480854,
        "0,50": 29.23330753981578,
        "0,51": 81.82986355268058,
        "0,52": 47.32318858807694,
        "0,53": 47.720474605126206,
        "0,54": 88.14921066334021,
        "0,55": 76.05994040514575,
        "0,56": 100.56159397416057,
        "0,57": 73.4624250070325,
        "0,58": 98.82719216251883,
        "0,59": 95.38764510481052,
        "0,60": 104.42666064149284,
        "1,0": 60.037957182140666,
        "1,1": 0.0,
        "1,2": 58.37871760244825,
        "1,3": 61.69635628472432,
        "1,4": 60.74643222432446,
        "1,5": 64.23893712160077,
        "1,6": 21.04399513801825,
        "1,7": 50.60428058681557,
        "1,8": 71.30781950883986,
        "1,9": 47.10104490704671,
        "1,10": 10.38369169682935,
        "1,11": 14.580994004736448,
        "1,12": 27.304493201433292,
        "1,13": 73.61066239497524,
        "1,14": 52.4082186692632,
        "1,15": 32.715737176594175,
        "1,16": 40.490496340823135,
        "1,17": 52.34690351437653,
        "1,18": 16.302661595225338,
        "1,19": 25.917765596602084,
        "1,20": 18.329962161512416,
        "1,21": 30.82634300535615,
        "1,22": 78.10918510771626,
        "1,23": 49.10940096466227,
        "1,24": 43.33168664754858,
        "1,25": 63.91152220673814,
        "1,26": 14.188076143130894,
        "1,27": 55.33767107311118,
        "1,28": 74.07283863949709,
        "1,29": 89.67592940763353,
        "1,30": 46.445753041732516,
        "1,31": 80.016029322479,
        "1,32": 48.24927656239469,
        "1,33": 66.20809732078973,
        "1,34": 77.18921969162807,
        "1,35": 18.79281571593625,
        "1,36": 24.89186091918428,
        "1,37": 10.799009304349998,
        "1,38": 60.001845298190325,
        "1,39": 68.47063468248794,
        "1,40": 84.30415504055948,
        "1,41": 73.6633355970526,
        "1,42": 78.8584561341856,
        "1,43": 75.2703708528226,
        "1,44": 15.877783942346934,
        "1,45": 29.660708064520964,
        "1,46": 44.70267475148074,
        "1,47": 67.57212012785163,
        "1,48": 14.48356425676367,
        "1,49": 13.739757845935753,
        "1,50": 30.82846103163112,
        "1,51": 21.87718903854976,
        "1,52": 25.547006832252556,
        "1,53": 43.04906244758626,
        "1,54": 30.06087975617275,
        "1,55": 77.28317493998198,
        "1,56": 40.79518649258824,
        "1,57": 53.91412607551066,
        "1,58": 39.334696262110825,
        "1,59": 85.23304298021665,
        "1,60": 55.2637570922734,
        "2,0": 86.9195335635361,
        "2,1": 58.37871760244825,
        "2,2": 0.0,
        "2,3": 26.1675602375156,
        "2,4": 36.238796145197156,
        "2,5": 11.205384400253772,
        "2,6": 43.40693640084106,
        "2,7": 12.942948775207691,
        "2,8": 17.54893039252066,
        "2,9": 48.194694461648474,
        "2,10": 48.96359045352138,
        "2,11": 72.74721069687962,
        "2,12": 71.82183818545538,
        "2,13": 50.1851582611462,
        "2,14": 7.4739840655514085,
        "2,15": 49.15738264623971,
        "2,16": 77.72125214302199,
        "2,17": 55.49523839405642,
        "2,18": 71.63613899368849,
        "2,19": 34.9295744485058,
        "2,20": 41.35817314614585,
        "2,21": 39.66290679534322,
        "2,22": 33.72078516943738,
        "2,23": 53.6570471576935,
        "2,24": 78.04641478542426,
        "2,25": 25.63697807993188,
        "2,26": 46.56880843109519,
        "2,27": 53.16206818354104,
        "2,28": 27.36684424885805,
        "2,29": 38.93018512170861,
        "2,30": 50.82312769519917,
        "2,31": 36.816719501998605,
        "2,32": 43.59847121260786,
        "2,33": 22.921987864582672,
        "2,34": 42.288214442570364,
        "2,35": 50.01846983308071,
        "2,36": 70.58209359421959,
        "2,37": 63.677224665868565,
        "2,38": 52.05985747243778,
        "2,39": 16.15731250429007,
        "2,40": 26.954623223134533,
        "2,41": 17.388511872555792,
        "2,42": 55.55982967754659,
        "2,43": 43.84248383247274,
        "2,44": 47.84135342390429,
        "2,45": 40.20038518790957,
        "2,46": 44.00601731398548,
        "2,47": 53.151021811556504,
        "2,48": 72.72047446297636,
        "2,49": 44.83442500905102,
        "2,50": 68.8131972207842,
        "2,51": 62.867653893841684,
        "2,52": 44.4131057932146,
        "2,53": 39.372946363988184,
        "2,54": 50.677421332847764,
        "2,55": 38.146468281774816,
        "2,56": 63.247687087132576,
        "2,57": 14.709504035149397,
        "2,58": 60.2827802970937,
        "2,59": 32.15220122759625,
        "2,60": 34.628326902659694,
        "3,0": 69.36642451919623,
        "3,1": 61.69635628472432,
        "3,2": 26.1675602375156,
        "3,3": 0.0,
        "3,4": 61.53001754552105,
        "3,5": 36.81916236577213,
        "3,6": 54.976204075037415,
        "3,7": 36.18471698409804,
        "3,8": 41.60095608746375,
        "3,9": 69.43946916000587,
        "3,10": 51.32253071781873,
        "3,11": 74.00039447295778,
        "3,12": 82.85356156397977,
        "3,13": 76.07218879319124,
        "3,14": 22.106322371685017,
        "3,15": 38.294795672473924,
        "3,16": 91.97779290988,
        "3,17": 35.32938122228319,
        "3,18": 77.55639810770784,
        "3,19": 46.69243993676151,
        "3,20": 43.550435342335916,
        "3,21": 55.73036981273731,
        "3,22": 16.528856604310352,
        "3,23": 74.81757782408337,
        "3,24": 65.01370075959622,
        "3,25": 2.6513213796278907,
        "3,26": 47.567535185781445,
        "3,27": 75.88579682117037,
        "3,28": 52.783968284179736,
        "3,29": 29.247342340874415,
        "3,30": 71.60918761003143,
        "3,31": 62.30955457353647,
        "3,32": 24.877301549243676,
        "3,33": 7.192217878445538,
        "3,34": 18.1110694450787,
        "3,35": 46.38193713477299,
        "3,36": 64.14838501845064,
        "3,37": 62.61268330548324,
        "3,38": 75.88166418007562,
        "3,39": 41.19561361995184,
        "3,40": 32.78569229143675,
        "3,41": 39.287280396470784,
        "3,42": 81.5618073661965,
        "3,43": 18.479834438006414,
        "3,44": 57.45832645807881,
        "3,45": 55.767121794844215,
        "3,46": 64.96646725869807,
        "3,47": 78.14951788307847,
        "3,48": 74.1545072282179,
        "3,49": 50.79940312852994,
        "3,50": 59.332185486787296,
        "3,51": 74.07750785876411,
        "3,52": 38.834503071910625,
        "3,53": 24.324984998842712,
        "3,54": 66.32652555505324,
        "3,55": 16.17252232442522,
        "3,56": 80.71405981874912,
        "3,57": 13.215689324743517,
        "3,58": 77.78666061909382,
        "3,59": 27.068958537419913,
        "3,60": 59.029441671408755,
        "4,0": 109.37345179786841,
        "4,1": 60.74643222432446,
        "4,2": 36.238796145197156,
        "4,3": 61.53001754552105,
        "4,4": 0.0,
        "4,5": 28.747703482872677,
        "4,6": 39.713118807965174,
        "4,7": 25.555995259506243,
        "4,8": 30.172168978952538,
        "4,9": 21.39747637392484,
        "4,10": 55.949650547938674,
        "4,11": 74.26926230882529,
        "4,12": 58.880792107802016,
        "4,13": 15.511169509320718,
        "4,14": 39.4940110732787,
        "4,15": 70.3298026926568,
        "4,16": 58.22153134540497,
        "4,17": 83.71512173059251,
        "4,18": 66.75666105184587,
        "4,19": 36.59283577848879,
        "4,20": 51.97853593974916,
        "4,21": 30.068422177182857,
        "4,22": 69.7359319023271,
        "4,23": 25.34942742817981,
        "4,24": 96.22085635416323,
        "4,25": 61.4448845300541,
        "4,26": 56.222012411715156,
        "4,27": 21.154149325390087,
        "4,28": 22.675873742431484,
        "4,29": 72.74348794570831,
        "4,30": 24.279366127442707,
        "4,31": 22.896720775025248,
        "4,32": 72.43837728730941,
        "4,33": 59.118902893844165,
        "4,34": 78.44571564823308,
        "4,35": 63.687999854344774,
        "4,36": 82.29371644292314,
        "4,37": 70.32344368861452,
        "4,38": 17.660866482632184,
        "4,39": 27.798023783409505,
        "4,40": 55.783574734020405,
        "4,41": 34.95498983905975,
        "4,42": 21.365072069315403,
        "4,43": 79.75785291035953,
        "4,44": 45.02586802640653,
        "4,45": 31.238195356919878,
        "4,46": 19.9054059536039,
        "4,47": 16.950042094144823,
        "4,48": 74.00138356940357,
        "4,49": 48.8877370511326,
        "4,50": 84.35283713048727,
        "4,51": 51.83798379192745,
        "4,52": 62.070772378148455,
        "4,53": 66.59265571041117,
        "4,54": 35.77902781012595,
        "4,55": 74.3849776191422,
        "4,56": 40.62642630930189,
        "4,57": 48.5838427456073,
        "4,58": 38.31365258559657,
        "4,59": 65.29883265974884,
        "4,60": 5.48267605230702,
        "5,0": 97.55259870157155,
        "5,1": 64.23893712160077,
        "5,2": 11.205384400253772,
        "5,3": 36.81916236577213,
        "5,4": 28.747703482872677,
        "5,5": 0.0,
        "5,6": 46.686685706184676,
        "5,7": 13.776233740076608,
        "5,8": 7.319415163746537,
        "5,9": 44.740034067389544,
        "5,10": 55.66633330641157,
        "5,11": 78.81269738739421,
        "5,12": 73.80182226153175,
        "5,13": 41.10436548490411,
        "5,14": 18.134328395047532,
        "5,15": 59.209571100115994,
        "5,16": 77.81222343531014,
        "5,17": 66.60092486112126,
        "5,18": 75.94571760997144,
        "5,19": 38.99412459289003,
        "5,20": 48.644276847704774,
        "5,21": 40.735242286916524,
        "5,22": 41.78615444242627,
        "5,23": 49.99616921572707,
        "5,24": 87.9457936391067,
        "5,25": 35.96188550834355,
        "5,26": 53.86807038535148,
        "5,27": 48.11327571878872,
        "5,28": 16.177549834421946,
        "5,29": 43.99645550741919,
        "5,30": 47.61490579580311,
        "5,31": 25.661815552752156,
        "5,32": 54.696624520474124,
        "5,33": 32.606855658370236,
        "5,34": 51.790249095137426,
        "5,35": 58.465928150629075,
        "5,36": 79.07654317192473,
        "5,37": 70.81813429589563,
        "5,38": 45.91652560543525,
        "5,39": 5.132265009810919,
        "5,40": 27.755180218697337,
        "5,41": 9.641888352257572,
        "5,42": 46.12605031156913,
        "5,43": 53.78179306723391,
        "5,44": 51.71677296483411,
        "5,45": 41.535671891701405,
        "5,46": 41.062522838349395,
        "5,47": 45.529009435804866,
        "5,48": 78.72250085616182,
        "5,49": 50.49978477829235,
        "5,50": 78.09650123203123,
        "5,51": 65.11325275802707,
        "5,52": 53.60813123861536,
        "5,53": 50.25861716404267,
        "5,54": 51.12634434850556,
        "5,55": 47.140230942184814,
        "5,56": 61.89938260497937,
        "5,57": 25.909978813828822,
        "5,58": 59.034574896825276,
        "5,59": 36.56700147767358,
        "5,60": 28.655277870136945,
        "6,0": 75.59062807425131,
        "6,1": 21.04399513801825,
        "6,2": 43.40693640084106,
        "6,3": 54.976204075037415,
        "6,4": 39.713118807965174,
        "6,5": 46.686685706184676,
        "6,6": 0.0,
        "6,7": 32.98116252235038,
        "6,8": 53.25887739381042,
        "6,9": 27.53467245573691,
        "6,10": 18.13922342432123,
        "6,11": 34.750320652873945,
        "6,12": 28.715839797691544,
        "6,13": 52.72544216275947,
        "6,14": 39.20535927372177,
        "6,15": 40.16158774570636,
        "6,16": 37.01621299715668,
        "6,17": 58.64889206087579,
        "6,18": 29.40866873830515,
        "6,19": 8.69592225858022,
        "6,20": 18.33520889743228,
        "6,21": 9.843984433398337,
        "6,22": 70.06871898798614,
        "6,23": 30.700340096381378,
        "6,24": 60.26691698790298,
        "6,25": 56.585480975537116,
        "6,26": 20.12707363051003,
        "6,27": 36.0671730745211,
        "6,28": 54.32695340534393,
        "6,29": 79.57832388552694,
        "6,30": 27.585134200950623,
        "6,31": 59.557620654567145,
        "6,32": 50.55452205974614,
        "6,33": 57.443612904943734,
        "6,34": 72.584284449135,
        "6,35": 28.650428540372335,
        "6,36": 43.942137477163506,
        "6,37": 30.977492813724933,
        "6,38": 40.09449200404569,
        "6,39": 50.27178401892472,
        "6,40": 70.3483829099408,
        "6,41": 56.32758558454979,
        "6,42": 58.08731183985294,
        "6,43": 71.75360204049609,
        "6,44": 5.452162445350584,
        "6,45": 8.695925457867475,
        "6,46": 24.444750203782636,
        "6,47": 47.239413578971266,
        "6,48": 34.518571443561555,
        "6,49": 11.079127656697931,
        "6,50": 47.70116275340308,
        "6,51": 19.715273230637834,
        "6,52": 30.873243085916087,
        "6,53": 44.245950688822646,
        "6,54": 13.61098949814463,
        "6,55": 71.1381372186009,
        "6,56": 28.196228450153818,
        "6,57": 43.89799115664483,
        "6,58": 25.660786696629476,
        "6,59": 73.89817838365032,
        "6,60": 34.231084241296465,
        "7,0": 88.17656448381437,
        "7,1": 50.60428058681557,
        "7,2": 12.942948775207691,
        "7,3": 36.18471698409804,
        "7,4": 25.555995259506243,
        "7,5": 13.776233740076608,
        "7,6": 32.98116252235038,
        "7,7": 0.0,
        "7,8": 20.707220331579173,
        "7,9": 35.28593737539626,
        "7,10": 42.35009191916296,
        "7,11": 65.18527393908465,
        "7,12": 60.53486017848163,
        "7,13": 40.638049118009306,
        "7,14": 14.079264908226728,
        "7,15": 49.034607279180605,
        "7,16": 65.46867354586566,
        "7,17": 59.64592934027241,
        "7,18": 62.18001142663994,
        "7,19": 25.218942375566577,
        "7,20": 35.71490281417397,
        "7,21": 27.677094563151343,
        "7,22": 46.15629370828344,
        "7,23": 40.75503483895668,
        "7,24": 77.1010512283376,
        "7,25": 36.323367811574116,
        "7,26": 40.86796676478084,
        "7,27": 40.55830458988816,
        "7,28": 25.24156676932063,
        "7,29": 51.87124704949568,
        "7,30": 37.89010938038217,
        "7,31": 33.379327214383274,
        "7,32": 47.9835618164355,
        "7,33": 34.54478910457678,
        "7,34": 53.57842180822727,
        "7,35": 46.23033272233341,
        "7,36": 66.65943142470577,
        "7,37": 57.58928265884757,
        "7,38": 39.92506139568149,
        "7,39": 17.874624750082756,
        "7,40": 38.812896967460595,
        "7,41": 23.389274537946388,
        "7,42": 46.352495702982125,
        "7,43": 54.577927061538034,
        "7,44": 37.9573558894639,
        "7,45": 28.365425267054857,
        "7,46": 31.069752099442333,
        "7,47": 41.980192894888965,
        "7,48": 65.08123819052949,
        "7,49": 36.88185314848328,
        "7,50": 66.48269003110786,
        "7,51": 51.72812608937062,
        "7,52": 42.261573451292705,
        "7,53": 42.57179229845592,
        "7,54": 38.471777745717695,
        "7,55": 49.96471359776841,
        "7,56": 50.49935265742421,
        "7,57": 23.094589027379758,
        "7,58": 47.54858795823381,
        "7,59": 45.03441924800702,
        "7,60": 22.850976043064403,
        "8,0": 104.42221687645758,
        "8,1": 71.30781950883986,
        "8,2": 17.54893039252066,
        "8,3": 41.60095608746375,
        "8,4": 30.172168978952538,
        "8,5": 7.319415163746537,
        "8,6": 53.25887739381042,
        "8,7": 20.707220331579173,
        "8,8": 0.0,
        "8,9": 48.50339185138876,
        "8,10": 62.88257626105887,
        "8,11": 85.88853038191046,
        "8,12": 79.75018710391753,
        "8,13": 40.28357731682593,
        "8,14": 24.880431639964474,
        "8,15": 66.32035399742358,
        "8,16": 82.96273286905682,
        "8,17": 72.9563353727804,
        "8,18": 82.62851418200972,
        "8,19": 45.83870802678273,
        "8,20": 55.92914065175677,
        "8,21": 46.69721283616166,
        "8,22": 44.064022126456805,
        "8,23": 53.518098697145,
        "8,24": 95.11581362659958,
        "8,25": 40.384356193839544,
        "8,26": 61.147093046403555,
        "8,27": 50.770854308380684,
        "8,28": 11.830269617062319,
        "8,29": 44.01321332556074,
        "8,30": 51.45578600603032,
        "8,31": 21.103936791315338,
        "8,32": 61.07720141495517,
        "8,33": 36.51242008850979,
        "8,34": 55.08647725332455,
        "8,35": 65.7845024038292,
        "8,36": 86.39588871972772,
        "8,37": 78.0632823141963,
        "8,38": 47.81564939416796,
        "8,39": 3.04280457179759,
        "8,40": 25.86132717639651,
        "8,41": 4.796399239651125,
        "8,42": 44.72776311333422,
        "8,43": 57.492425704877185,
        "8,44": 58.40460044665244,
        "8,45": 47.57526730928176,
        "8,46": 45.21400654084599,
        "8,47": 46.15866715061631,
        "8,48": 85.78674677095722,
        "8,49": 57.579319969000316,
        "8,50": 85.37208401312618,
        "8,51": 71.21141333526572,
        "8,52": 60.8798961223064,
        "8,53": 56.92126796128158,
        "8,54": 56.686970039002325,
        "8,55": 50.0521177535627,
        "8,56": 66.51002775996363,
        "8,57": 31.898007703399283,
        "8,58": 63.73005543918263,
        "8,59": 36.447788706594544,
        "8,60": 31.367982097759214,
        "9,0": 102.92575287119409,
        "9,1": 47.10104490704671,
        "9,2": 48.194694461648474,
        "9,3": 69.43946916000587,
        "9,4": 21.39747637392484,
        "9,5": 44.740034067389544,
        "9,6": 27.53467245573691,
        "9,7": 35.28593737539626,
        "9,8": 48.50339185138876,
        "9,9": 0.0,
        "9,10": 45.672346387863314,
        "9,11": 58.734689315820425,
        "9,12": 38.725034448605165,
        "9,13": 28.537367680400305,
        "9,14": 48.26486828599598,
        "9,15": 66.05554602924632,
        "9,16": 36.85262806690384,
        "9,17": 82.94945072602349,
        "9,18": 49.00600008136404,
        "9,19": 29.425502323490118,
        "9,20": 44.71042511502855,
        "9,21": 18.665050227596314,
        "9,22": 81.20515310940296,
        "9,23": 5.474344216073672,
        "9,24": 87.79615500099308,
        "9,25": 70.14678141869936,
        "9,26": 47.421962238742736,
        "9,27": 8.554054092096361,
        "9,28": 43.39251304536649,
        "9,29": 87.05266412681155,
        "9,30": 2.979876394681988,
        "9,31": 44.267917091635326,
        "9,32": 73.1367471799826,
        "9,33": 69.14951255978235,
        "9,34": 87.46460367489254,
        "9,35": 55.85826372278958,
        "9,36": 71.21264698615232,
        "9,37": 57.70572574728168,
        "9,38": 12.928958170175777,
        "9,39": 45.661465344686256,
        "9,40": 72.44106523249906,
        "9,41": 53.002727431634156,
        "9,42": 32.969226583069066,
        "9,43": 87.81962684175139,
        "9,44": 31.643532552382432,
        "9,45": 19.547081491639425,
        "9,46": 4.491189450586532,
        "9,47": 20.812940847019984,
        "9,48": 58.376898714486245,
        "9,49": 38.54630125684848,
        "9,50": 75.23558347246706,
        "9,51": 32.89335559425154,
        "9,52": 56.85737720955328,
        "9,53": 66.77884988986257,
        "9,54": 17.672628760621,
        "9,55": 84.44960236866689,
        "9,56": 19.229299801837886,
        "9,57": 56.352825033148825,
        "9,58": 16.98029965809093,
        "9,59": 80.04521286352849,
        "9,60": 17.715921934315865,
        "10,0": 57.63387337030724,
        "10,1": 10.38369169682935,
        "10,2": 48.96359045352138,
        "10,3": 51.32253071781873,
        "10,4": 55.949650547938674,
        "10,5": 55.66633330641157,
        "10,6": 18.13922342432123,
        "10,7": 42.35009191916296,
        "10,8": 62.88257626105887,
        "10,9": 45.672346387863314,
        "10,10": 0.0,
        "10,11": 23.92726596460826,
        "10,12": 35.0128437677806,
        "10,13": 69.94239902577979,
        "10,14": 42.656453464073984,
        "10,15": 24.881455557031092,
        "10,16": 47.19647667842684,
        "10,17": 44.51616432368804,
        "10,18": 26.39742934606276,
        "10,19": 19.447862280112407,
        "10,20": 8.021082043215632,
        "10,21": 27.523423337953915,
        "10,22": 67.72629860666734,
        "10,23": 48.73271886603751,
        "10,24": 42.12835624739879,
        "10,25": 53.52953004360064,
        "10,26": 4.073385821756074,
        "10,27": 54.20636106936377,
        "10,28": 66.76353851774516,
        "10,29": 79.32508160613398,
        "10,30": 45.6787302943662,
        "10,31": 73.45571792068058,
        "10,32": 39.028933190706844,
        "10,33": 55.83853214969554,
        "10,34": 66.9901647856638,
        "10,35": 11.44578140380961,
        "10,36": 26.373513667266856,
        "10,37": 15.26100340030549,
        "10,38": 58.15929827766459,
        "10,39": 60.16087517918008,
        "10,40": 74.41660791376803,
        "10,41": 64.87357485632342,
        "10,42": 75.48653473711033,
        "10,43": 65.18701284211237,
        "10,44": 14.849819669019466,
        "10,45": 26.465201888858754,
        "10,46": 42.478230949645166,
        "10,47": 65.10921946979812,
        "10,48": 23.95019833503009,
        "10,49": 7.242258227869293,
        "10,50": 29.569153724791676,
        "10,51": 27.793445261434535,
        "10,52": 16.480940027143518,
        "10,53": 33.45758542322715,
        "10,54": 30.569063939028506,
        "10,55": 66.96208114954774,
        "10,56": 43.757357177082035,
        "10,57": 43.666500415318566,
        "10,58": 41.71496167631659,
        "10,59": 74.97311698746314,
        "10,60": 50.54222915433352,
        "11,0": 57.90299676003763,
        "11,1": 14.580994004736448,
        "11,2": 72.74721069687962,
        "11,3": 74.00039447295778,
        "11,4": 74.26926230882529,
        "11,5": 78.81269738739421,
        "11,6": 34.750320652873945,
        "11,7": 65.18527393908465,
        "11,8": 85.88853038191046,
        "11,9": 58.734689315820425,
        "11,10": 23.92726596460826,
        "11,11": 0.0,
        "11,12": 29.244059525459765,
        "11,13": 86.34128287188794,
        "11,14": 66.56753349112698,
        "11,15": 40.4485851587723,
        "11,16": 42.75211184822336,
        "11,17": 58.77618712327503,
        "11,18": 13.375602217964943,
        "11,19": 40.40457656775678,
        "11,20": 31.86912115362716,
        "11,21": 44.20363711967044,
        "11,22": 90.527156142813,
        "11,23": 59.823776058838064,
        "11,24": 40.69227102275969,
        "11,25": 76.36475050686415,
        "11,26": 26.989520095161136,
        "11,27": 66.49422285832885,
        "11,28": 88.51400094831082,
        "11,29": 102.63366605825247,
        "11,30": 57.58392294488787,
        "11,31": 94.21787733536844,
        "11,32": 57.318595000888045,
        "11,33": 79.0749607282413,
        "11,34": 88.30485001173858,
        "11,35": 28.096396515776952,
        "11,36": 21.63459207556289,
        "11,37": 12.04095543539404,
        "11,38": 71.61804071894848,
        "11,39": 83.05115291540392,
        "11,40": 98.34225671311671,
        "11,41": 88.21901906827426,
        "11,42": 91.33622492260132,
        "11,43": 85.96362677517077,
        "11,44": 29.328403334268277,
        "11,45": 43.03510980086928,
        "11,46": 56.97990917063447,
        "11,47": 79.52804962180848,
        "11,48": 0.5120757833155916,
        "11,49": 28.314146205957485,
        "11,50": 30.014317635132635,
        "11,51": 28.21699633629487,
        "11,52": 35.72579168914532,
        "11,53": 53.05770870653029,
        "11,54": 41.08843610336097,
        "11,55": 89.0185212689588,
        "11,56": 48.57788262902433,
        "11,57": 67.3856733020433,
        "11,58": 47.879014907245164,
        "11,59": 98.60846765752595,
        "11,60": 68.80635965672141,
        "12,0": 85.862272506868,
        "12,1": 27.304493201433292,
        "12,2": 71.82183818545538,
        "12,3": 82.85356156397977,
        "12,4": 58.880792107802016,
        "12,5": 73.80182226153175,
        "12,6": 28.715839797691544,
        "12,7": 60.53486017848163,
        "12,8": 79.75018710391753,
        "12,9": 38.725034448605165,
        "12,10": 35.0128437677806,
        "12,11": 29.244059525459765,
        "12,12": 0.0,
        "12,13": 67.10322209145184,
        "12,14": 67.91002800416567,
        "12,15": 59.55735880879085,
        "12,16": 13.674609347969248,
        "12,17": 79.27349804088462,
        "12,18": 15.911762243572843,
        "12,19": 37.41106485793342,
        "12,20": 40.95557490391636,
        "12,21": 33.08268056756926,
        "12,22": 98.41777316739376,
        "12,23": 37.494598867688715,
        "12,24": 68.71302770606805,
        "12,25": 84.65498948650509,
        "12,26": 39.014617995011754,
        "12,27": 44.46053243335635,
        "12,28": 78.38019325089687,
        "12,29": 108.25764704728584,
        "12,30": 36.4960193520762,
        "12,31": 81.42824796816954,
        "12,32": 73.96263043922508,
        "12,33": 85.85562132682149,
        "12,34": 99.93074266804089,
        "12,35": 45.627869707940555,
        "12,36": 49.4269762748355,
        "12,37": 35.94182972054512,
        "12,38": 50.23639422958556,
        "12,39": 76.70778167272893,
        "12,40": 98.76481936118739,
        "12,41": 83.3535573504465,
        "12,42": 71.07324075344069,
        "12,43": 98.65425102788132,
        "12,44": 25.4183661117041,
        "12,45": 32.266332158371135,
        "12,46": 39.04750973323928,
        "12,47": 58.456864102377665,
        "12,48": 28.740294881593513,
        "12,49": 32.60915855422723,
        "12,50": 56.827107280983114,
        "12,51": 9.002196358317676,
        "12,52": 51.49197678590914,
        "12,53": 68.1946835573779,
        "12,54": 23.53917690041961,
        "12,55": 99.00096073513829,
        "12,56": 22.53477779825208,
        "12,57": 72.41417339086927,
        "12,58": 23.133446051904105,
        "12,59": 102.61360188031354,
        "12,60": 54.02306328557442,
        "13,0": 124.54061239191546,
        "13,1": 73.61066239497524,
        "13,2": 50.1851582611462,
        "13,3": 76.07218879319124,
        "13,4": 15.511169509320718,
        "13,5": 41.10436548490411,
        "13,6": 52.72544216275947,
        "13,7": 40.638049118009306,
        "13,8": 40.28357731682593,
        "13,9": 28.537367680400305,
        "13,10": 69.94239902577979,
        "13,11": 86.34128287188794,
        "13,12": 67.10322209145184,
        "13,13": 0.0,
        "13,14": 54.28203911559136,
        "13,15": 85.64095914949662,
        "13,16": 63.39254817551683,
        "13,17": 99.2254415406683,
        "13,18": 77.36556109488407,
        "13,19": 50.953472407591924,
        "13,20": 66.661639802122,
        "13,21": 42.88203184871406,
        "13,22": 82.87935105500485,
        "13,23": 29.886268984778923,
        "13,24": 110.9919446745616,
        "13,25": 75.76736126743899,
        "13,26": 70.61680045680092,
        "13,27": 23.21759545326207,
        "13,28": 29.63739177919356,
        "13,29": 84.25490918797219,
        "13,30": 30.608863424218317,
        "13,31": 24.349922102753,
        "13,32": 87.92624913284601,
        "13,33": 73.05408808599712,
        "13,34": 92.42018081744273,
        "13,35": 78.38983520727805,
        "13,36": 96.29223987477864,
        "13,37": 83.69873393877205,
        "13,38": 17.41233546792838,
        "13,39": 38.67804603075064,
        "13,40": 65.96903448793184,
        "13,41": 44.93790379603248,
        "13,42": 5.859786050820413,
        "13,43": 94.02235605791788,
        "13,44": 57.73362169827781,
        "13,45": 44.03071514191205,
        "13,46": 29.437059808028064,
        "13,47": 9.999129056331265,
        "13,48": 86.02215469243926,
        "13,49": 62.74190895852605,
        "13,50": 98.91054468180197,
        "13,51": 61.409087395034845,
        "13,52": 77.2186456095748,
        "13,53": 82.10049350962026,
        "13,54": 45.82435551146953,
        "13,55": 88.03703906947877,
        "13,56": 46.00108835777247,
        "13,57": 63.38507285482432,
        "13,58": 44.45315682139215,
        "13,59": 76.69487462768315,
        "13,60": 20.124505480190983,
        "14,0": 79.54196128688005,
        "14,1": 52.4082186692632,
        "14,2": 7.4739840655514085,
        "14,3": 22.106322371685017,
        "14,4": 39.4940110732787,
        "14,5": 18.134328395047532,
        "14,6": 39.20535927372177,
        "14,7": 14.079264908226728,
        "14,8": 24.880431639964474,
        "14,9": 48.26486828599598,
        "14,10": 42.656453464073984,
        "14,11": 66.56753349112698,
        "14,12": 67.91002800416567,
        "14,13": 54.28203911559136,
        "14,14": 0.0,
        "14,15": 41.68395215845896,
        "14,16": 74.91079270439559,
        "14,17": 48.53674937508729,
        "14,18": 66.37835513013637,
        "14,19": 30.52405877936618,
        "14,20": 34.84854720625367,
        "14,21": 37.0271359527431,
        "14,22": 33.060548753167836,
