{
    "num_robots": 6,
    "num_tasks": 50,
    "num_nodes": 51,
    "robot_capacity": [
        113,
        125,
        100,
        89,
        104,
        114
    ],
    "robot_speed": [
        0.98,
        1.0,
        0.94,
        1.03,
        1.18,
        1.05
    ],
    "task_demand": {
        "0": 0,
        "1": 12,
        "2": 10,
        "3": 5,
        "4": 7,
        "5": 13,
        "6": 14,
        "7": 6,
        "8": 5,
        "9": 14,
        "10": 12,
        "11": 12,
        "12": 15,
        "13": 5,
        "14": 10,
        "15": 6,
        "16": 11,
        "17": 5,
        "18": 7,
        "19": 15,
        "20": 15,
        "21": 11,
        "22": 9,
        "23": 8,
        "24": 12,
        "25": 13,
        "26": 9,
        "27": 15,
        "28": 8,
        "29": 15,
        "30": 7,
        "31": 14,
        "32": 15,
        "33": 14,
        "34": 8,
        "35": 15,
        "36": 8,
        "37": 9,
        "38": 11,
        "39": 10,
        "40": 13,
        "41": 8,
        "42": 12,
        "43": 12,
        "44": 14,
        "45": 6,
        "46": 7,
        "47": 9,
        "48": 10,
        "49": 6,
        "50": 13
    },
    "task_service_time": {
        "0": 0,
        "1": 50,
        "2": 47,
        "3": 38,
        "4": 43,
        "5": 78,
        "6": 48,
        "7": 19,
        "8": 69,
        "9": 47,
        "10": 44,
        "11": 27,
        "12": 57,
        "13": 24,
        "14": 97,
        "15": 35,
        "16": 54,
        "17": 88,
        "18": 55,
        "19": 23,
        "20": 58,
        "21": 23,
        "22": 79,
        "23": 27,
        "24": 63,
        "25": 29,
        "26": 93,
        "27": 54,
        "28": 82,
        "29": 20,
        "30": 64,
        "31": 65,
        "32": 75,
        "33": 67,
        "34": 34,
        "35": 57,
        "36": 78,
        "37": 93,
        "38": 38,
        "39": 93,
        "40": 34,
        "41": 75,
        "42": 27,
        "43": 31,
        "44": 25,
        "45": 84,
        "46": 57,
        "47": 88,
        "48": 20,
        "49": 41,
        "50": 96
    },
    "task_precedence": [],
    "coordinates": {
        "0": [
            50.0,
            50.0
        ],
        "1": [
            53.53058821209794,
            80.29439536434782
        ],
        "2": [
            77.75683506912964,
            54.57167824632306
        ],
        "3": [
            66.30973112672245,
            4.036315470482366
        ],
        "4": [
            60.870288580888754,
            8.359990074203704
        ],
        "5": [
            20.765221316287274,
            22.058739339444767
        ],
        "6": [
            71.60047470962108,
            16.689110653525617
        ],
        "7": [
            68.81694856514511,
            71.73906636703344
        ],
        "8": [
            19.95792892075675,
            55.942862510369665
        ],
        "9": [
            5.13583177199094,
            91.94461597723182
        ],
        "10": [
            48.18234337796247,
            36.36842668309356
        ],
        "11": [
            31.74901213156375,
            70.09884737453072
        ],
        "12": [
            48.787514865831184,
            31.162217619429
        ],
        "13": [
            0.7407722463314115,
            96.37629329218443
        ],
        "14": [
            46.67355413491786,
            60.26075488395828
        ],
        "15": [
            20.986297477830906,
            39.91651212421438
        ],
        "16": [
            51.694714788433075,
            21.884932004123435
        ],
        "17": [
            15.943552184514997,
            14.345187124926017
        ],
        "18": [
            59.55662903139359,
            38.42003465172851
        ],
        "19": [
            59.76212683113615,
            90.54986686212423
        ],
        "20": [
            73.14058788282448,
            46.45166651678168
        ],
        "21": [
            71.26354597013984,
            53.229254206343036
        ],
        "22": [
            9.399010050144362,
            43.6855328352038
        ],
        "23": [
            77.78994941402885,
            64.91724824376702
        ],
        "24": [
            19.99773524063371,
            49.4396349251231
        ],
        "25": [
            81.74137311434289,
            92.60537640137562
        ],
        "26": [
            81.68109960605825,
            31.7689419044776
        ],
        "27": [
            3.0827141792729162,
            66.5142250979052
        ],
        "28": [
            83.96473324572528,
            54.16940810957088
        ],
        "29": [
            81.05176758351053,
            78.997190175707
        ],
        "30": [
            98.50666625068703,
            47.397026129573305
        ],
        "31": [
            96.56325558388184,
            56.99271173811303
        ],
        "32": [
            11.79722478602142,
            72.26381267088566
        ],
        "33": [
            85.2623295944426,
            25.79201087835531
        ],
        "34": [
            4.887590762155014,
            34.377259631322765
        ],
        "35": [
            47.44316963151645,
            78.46437945654394
        ],
        "36": [
            88.77926125312854,
            22.436734130481728
        ],
        "37": [
            90.68574797334276,
            83.49252745235125
        ],
        "38": [
            61.00729827715662,
            30.567830794253158
        ],
        "39": [
            84.09938366991035,
            5.383058421340903
        ],
        "40": [
            23.312324375582083,
            45.23935401032969
        ],
        "41": [
            95.00761563418398,
            59.041385766533885
        ],
        "42": [
            76.86577260150077,
            69.13781878287936
        ],
        "43": [
            89.72991595364573,
            30.291749399430845
        ],
        "44": [
            75.950846840632,
            20.627884831924924
        ],
        "45": [
            98.8139500501292,
            52.44838718905611
        ],
        "46": [
            48.845184023612845,
            13.9700480812198
        ],
        "47": [
            32.149102977584164,
            59.701322118842484
        ],
        "48": [
            88.43218576362892,
            52.54953837987928
        ],
        "49": [
            81.71989002347414,
            40.480406108352696
        ],
        "50": [
            70.86297272969958,
            58.26525982788756
        ]
    },
    "distance_matrix_str_keys": {
        "0,0": 0.0,
        "0,1": 30.499433496621272,
        "0,2": 28.130804024107956,
        "0,3": 48.77158624604082,
        "0,4": 43.03549233426073,
        "0,5": 40.43991013821316,
        "0,6": 39.70133318585209,
        "0,7": 28.751774898492812,
        "0,8": 30.624233044232486,
        "0,9": 61.41778569981621,
        "0,10": 13.752224063395438,
        "0,11": 27.148889921293055,
        "0,12": 18.876762572494563,
        "0,13": 67.65524442650772,
        "0,14": 10.786488440729714,
        "0,15": 30.715983816020557,
        "0,16": 28.166098533998216,
        "0,17": 49.30626044393749,
        "0,18": 15.014151854528558,
        "0,19": 41.70840230460991,
        "0,20": 23.411054612529767,
        "0,21": 21.507358507111807,
        "0,22": 41.08908468782881,
        "0,23": 31.54053873351647,
        "0,24": 30.007497391622884,
        "0,25": 53.12939737552859,
        "0,26": 36.552203100925354,
        "0,27": 49.73883130279681,
        "0,28": 34.2196883159013,
        "0,29": 42.48587186520331,
        "0,30": 48.57645668145902,
        "0,31": 47.085398883541885,
        "0,32": 44.216845078477334,
        "0,33": 42.77217116000508,
        "0,34": 47.74096232660061,
        "0,35": 28.578983176091487,
        "0,36": 47.57693483960634,
        "0,37": 52.6980026499759,
        "0,38": 22.33315507050159,
        "0,39": 56.155493431197165,
        "0,40": 27.10896125773015,
        "0,41": 45.90677642411547,
        "0,42": 32.98523677710802,
        "0,43": 44.34953622551861,
        "0,44": 39.19397404184227,
        "0,45": 48.875314007421395,
        "0,46": 36.04845399193885,
        "0,47": 20.316746180391114,
        "0,48": 38.51665936345673,
        "0,49": 33.11757978722453,
        "0,50": 22.440547033053367,
        "1,0": 30.499433496621272,
        "1,1": 0.0,
        "1,2": 35.335098877911214,
        "1,3": 77.32141516249922,
        "1,4": 72.30788246069955,
        "1,5": 66.82036291781056,
        "1,6": 66.12225828855304,
        "1,7": 17.517604490782997,
        "1,8": 41.474336694284275,
        "1,9": 49.77730498154903,
        "1,10": 44.25036098601216,
        "1,11": 24.04966227132437,
        "1,12": 49.360587868524846,
        "1,13": 55.18507144745628,
        "1,14": 21.174646803031013,
        "1,15": 51.86043110455551,
        "1,16": 58.43830799447494,
        "1,17": 75.90838784182839,
        "1,18": 42.305735462775885,
        "1,19": 12.000282046779944,
        "1,20": 39.1137109328146,
        "1,21": 32.357065020660066,
        "1,22": 57.33938442939881,
        "1,23": 28.722347736453184,
        "1,24": 45.56828359909757,
        "1,25": 30.780003880681853,
        "1,26": 56.099651738914744,
        "1,27": 52.296090551817834,
        "1,28": 40.10925258578277,
        "1,29": 27.55173416129922,
        "1,30": 55.72328506380744,
        "1,31": 48.936478428139196,
        "1,32": 42.49898682615287,
        "1,33": 63.066737079184314,
        "1,34": 66.89188706293312,
        "1,35": 6.356541764043091,
        "1,36": 67.74937575067602,
        "1,37": 37.29254544457837,
        "1,38": 50.28550901940582,
        "1,39": 80.90834109243796,
        "1,40": 46.281739310717384,
        "1,41": 46.6050879275777,
        "1,42": 25.865034921793548,
        "1,43": 61.73051054732028,
        "1,44": 63.7397872296895,
        "1,45": 53.15997583382143,
        "1,46": 66.48963870365401,
        "1,47": 29.685730183515417,
        "1,48": 44.58585651008227,
        "1,49": 48.78309622286548,
        "1,50": 28.030240197860117,
        "2,0": 28.130804024107956,
        "2,1": 35.335098877911214,
        "2,2": 0.0,
        "2,3": 51.81562582420577,
        "2,4": 49.20036154355694,
        "2,5": 65.61352935573251,
        "2,6": 38.3795479428692,
        "2,7": 19.35563963270738,
        "2,8": 57.81516840963439,
        "2,9": 81.67341424552676,
        "2,10": 34.72763922677632,
        "2,11": 48.55731409983854,
        "2,12": 37.24546092993533,
        "2,13": 87.63047284967632,
        "2,14": 31.599619406315963,
        "2,15": 58.63162826045056,
        "2,16": 41.804993642236646,
        "2,17": 73.74993239938074,
        "2,18": 24.333579486439124,
        "2,19": 40.22734866536292,
        "2,20": 9.340467256671902,
        "2,21": 6.630603715060639,
        "2,22": 69.21921989764289,
        "2,23": 10.345622993897019,
        "2,24": 57.986649167276695,
        "2,25": 38.241845389355895,
        "2,26": 23.13794798229772,
        "2,27": 75.62307026281842,
        "2,28": 6.220918021795673,
        "2,29": 24.646748533768136,
        "2,30": 21.95520728801059,
        "2,31": 18.961615325337167,
        "2,32": 68.29115469221696,
        "2,33": 29.742254485502116,
        "2,34": 75.61574775843603,
        "2,35": 38.59766163104229,
        "2,36": 33.972761328893334,
        "2,37": 31.67920939169016,
        "2,38": 29.26997907836458,
        "2,39": 49.595849050499105,
        "2,40": 55.238546507900836,
        "2,41": 17.820429720404775,
        "2,42": 14.593369811387829,
        "2,43": 27.071564614504894,
        "2,44": 33.99180349497229,
        "2,45": 21.16389511023209,
        "2,46": 49.843514505315085,
        "2,47": 45.89529902716686,
        "2,48": 10.86518118072624,
        "2,49": 14.63795597197554,
        "2,50": 7.820989889693285,
        "3,0": 48.77158624604082,
        "3,1": 77.32141516249922,
        "3,2": 51.81562582420577,
        "3,3": 0.0,
        "3,4": 6.948503240863508,
        "3,5": 48.98071187707843,
        "3,6": 13.714415540008458,
        "3,7": 67.74915953902291,
        "3,8": 69.59007970497663,
        "3,9": 107.09862398858255,
        "3,10": 37.067068970429155,
        "3,11": 74.556699357172,
        "3,12": 32.293074026603136,
        "3,13": 113.25175439158035,
        "3,14": 59.55473981315929,
        "3,15": 57.80659261395673,
        "3,16": 23.068849445376138,
        "3,17": 51.41035708907548,
        "3,18": 35.04061261799983,
        "3,19": 86.76096873828598,
        "3,20": 42.96187389305999,
        "3,21": 49.44173847037545,
        "3,22": 69.36058398752851,
        "3,23": 61.95388113160797,
        "3,24": 64.85570430157442,
        "3,25": 89.90335994062943,
        "3,26": 31.707688939042047,
        "3,27": 88.88838430011812,
        "3,28": 53.15097437847613,
        "3,29": 76.39673013595318,
        "3,30": 54.007350057544826,
        "3,31": 60.98897972367031,
        "3,32": 87.33043410962762,
        "3,33": 28.85327141519263,
        "3,34": 68.5073150804778,
        "3,35": 76.7820542273106,
        "3,36": 29.042300028832482,
        "3,37": 83.1112496586016,
        "3,38": 27.05618412673227,
        "3,39": 17.840556442640427,
        "3,40": 59.55222390674555,
        "3,41": 62.04132762503692,
        "3,42": 65.95176832467251,
        "3,43": 35.18313329032288,
        "3,44": 19.189353456658015,
        "3,45": 58.311687815609325,
        "3,46": 20.092024514676528,
        "3,47": 65.31111299545948,
        "3,48": 53.31918788033833,
        "3,49": 39.568228917206326,
        "3,50": 54.41976125649239,
        "4,0": 43.03549233426073,
        "4,1": 72.30788246069955,
        "4,2": 49.20036154355694,
        "4,3": 6.948503240863508,
        "4,4": 0.0,
        "4,5": 42.38009145495266,
        "4,6": 13.583487916662769,
        "4,7": 63.87532165584541,
        "4,8": 62.75309492157688,
        "4,9": 100.46252715879714,
        "4,10": 30.748275963810745,
        "4,11": 68.26225342594657,
        "4,12": 25.80571645340461,
        "4,13": 106.59469201975924,
        "4,14": 53.807403363913366,
        "4,15": 50.8581048624662,
        "4,16": 16.343659584943033,
        "4,17": 45.32366078512668,
        "4,18": 30.088735124872866,
        "4,19": 82.19734709147961,
        "4,20": 40.019196133419946,
        "4,21": 46.05725418344984,
        "4,22": 62.427449771304246,
        "4,23": 59.03387480393889,
        "4,24": 57.949140093962235,
        "4,25": 86.79220752473711,
        "4,26": 31.32201911303612,
        "4,27": 81.98364962853383,
        "4,28": 51.30161942001656,
        "4,29": 73.46363816823315,
        "4,30": 54.2253364036768,
        "4,31": 60.32519796831195,
        "4,32": 80.57210517718472,
        "4,33": 29.980777410255183,
        "4,34": 61.73297959981722,
        "4,35": 71.378658813061,
        "4,36": 31.258046625561644,
        "4,37": 80.83229423727754,
        "4,38": 22.208263351823753,
        "4,39": 23.41907301155671,
        "4,40": 52.63732667585168,
        "4,41": 61.1061450892313,
        "4,42": 62.84743408918755,
        "4,43": 36.24748486714728,
        "4,44": 19.440279813110557,
        "4,45": 58.167931077607086,
        "4,46": 13.269359082318303,
        "4,47": 58.828894929085,
        "4,48": 52.080460402837986,
        "4,49": 38.29395522169881,
        "4,50": 50.8958710082247,
        "5,0": 40.43991013821316,
        "5,1": 66.82036291781056,
        "5,2": 65.61352935573251,
        "5,3": 48.98071187707843,
        "5,4": 42.38009145495266,
        "5,5": 0.0,
        "5,6": 51.11805845089485,
        "5,7": 69.11659269066136,
        "5,8": 33.893738714905595,
        "5,9": 71.61224456026602,
        "5,10": 30.926780207738716,
        "5,11": 49.279769081200875,
        "5,12": 29.463914413583183,
        "5,13": 76.96802833692459,
        "5,14": 46.15880957200026,
        "5,15": 17.85914117480628,
        "5,16": 30.929981820772564,
        "5,17": 9.096558743964264,
        "5,18": 42.100656726651756,
        "5,19": 78.81492998830863,
        "5,20": 57.77710549394115,
        "5,21": 59.343759485841645,
        "5,22": 24.43172027211345,
        "5,23": 71.33492412642792,
        "5,24": 27.391649785110452,
        "5,25": 93.24655001042835,
        "5,26": 61.68494355730709,
        "5,27": 47.843090124606725,
        "5,28": 70.8891624790696,
        "5,29": 82.92439233701687,
        "5,30": 81.76650315347425,
        "5,31": 83.46091556161097,
        "5,32": 50.999748528617445,
        "5,33": 64.60506398593947,
        "5,34": 20.095897446865226,
        "5,35": 62.39638742210759,
        "5,36": 68.01509030055236,
        "5,37": 93.07518664983432,
        "5,38": 41.131853781598814,
        "5,39": 65.49270535805877,
        "5,40": 23.320133586982607,
        "5,41": 82.94365105784256,
        "5,42": 73.23736461497025,
        "5,43": 69.4543847505104,
        "5,44": 55.20417202653163,
        "5,45": 83.7564012681552,
        "5,46": 29.22175956227961,
        "5,47": 39.326286374157185,
        "5,48": 74.21931624342791,
        "5,49": 63.6775426955814,
        "5,50": 61.811785466528,
        "6,0": 39.70133318585209,
        "6,1": 66.12225828855304,
        "6,2": 38.3795479428692,
        "6,3": 13.714415540008458,
        "6,4": 13.583487916662769,
        "6,5": 51.11805845089485,
        "6,6": 0.0,
        "6,7": 55.12028339782148,
        "6,8": 64.86763114523018,
        "6,9": 100.4038836019456,
        "6,10": 30.588958047936526,
        "6,11": 66.63887038521425,
        "6,12": 27.016697838204642,
        "6,13": 106.63556869109344,
        "6,14": 50.19800344915083,
        "6,15": 55.68938063878626,
        "6,16": 20.572696409253282,
        "6,17": 55.70625640333035,
        "6,18": 24.8452666827432,
        "6,19": 74.80346107098299,
        "6,20": 29.802377088073232,
        "6,21": 36.54169689322039,
        "6,22": 67.80729323896904,
        "6,23": 48.623686126616924,
        "6,24": 61.118242454840626,
        "6,25": 76.59058183323242,
        "6,26": 18.13891697042183,
        "6,27": 84.71850764437283,
        "6,28": 39.467044309667514,
        "6,29": 63.020819660890744,
        "6,30": 40.82792201580455,
        "6,31": 47.40802347031475,
        "6,32": 81.63930551972429,
        "6,33": 16.416731446823576,
        "6,34": 69.01796504424642,
        "6,35": 66.33068086731652,
        "6,36": 18.11479734195914,
        "6,37": 69.47621284690572,
        "6,38": 17.459503420027637,
        "6,39": 16.853769378821116,
        "6,40": 56.09689704801404,
        "6,41": 48.39017930851555,
        "6,42": 52.71233580793371,
        "6,43": 22.665136678876305,
        "6,44": 5.868533011469014,
        "6,45": 44.9366120046114,
        "6,46": 22.917167265542385,
        "6,47": 58.36489584224834,
        "6,48": 39.61409816874094,
        "6,49": 25.85398046168364,
        "6,50": 41.582689779993615,
        "7,0": 28.751774898492812,
        "7,1": 17.517604490782997,
        "7,2": 19.35563963270738,
        "7,3": 67.74915953902291,
        "7,4": 63.87532165584541,
        "7,5": 69.11659269066136,
        "7,6": 55.12028339782148,
        "7,7": 0.0,
        "7,8": 51.34903949337327,
        "7,9": 66.80979622086517,
        "7,10": 40.94959197454851,
        "7,11": 37.10420771000771,
        "7,12": 45.25106483389292,
        "7,13": 72.39722876430834,
        "7,14": 24.941562729610883,
        "7,15": 57.44950950159238,
        "7,16": 52.71248052007668,
        "7,17": 78.03623145232501,
        "7,18": 34.58195182913591,
        "7,19": 20.87668584571768,
        "7,20": 25.65436508931562,
        "7,21": 18.670805689261766,
        "7,22": 65.7076263533686,
        "7,23": 11.271732197891973,
        "7,24": 53.671037182605396,
        "7,25": 24.54472742519654,
        "7,26": 41.98925138122412,
        "7,27": 65.94155394426468,
        "7,28": 23.198023019499782,
        "7,29": 14.225721691154723,
        "7,30": 38.392893341988554,
        "7,31": 31.421529689368747,
        "7,32": 57.02213831952438,
        "7,33": 48.801459663399875,
        "7,34": 74.04638675627142,
        "7,35": 22.406879792946846,
        "7,36": 53.19035525183255,
        "7,37": 24.827167277804083,
        "7,38": 41.90538481162114,
        "7,39": 68.09311722355037,
        "7,40": 52.65838563440207,
        "7,41": 29.10639335530151,
        "7,42": 8.45872669863993,
        "7,43": 46.424479413402246,
        "7,44": 51.606640876149,
        "7,45": 35.66441365335739,
        "7,46": 61.123897557412654,
        "7,47": 38.593240167392885,
        "7,48": 27.440763741604496,
        "7,49": 33.817003702940525,
        "7,50": 13.628267591160336,
        "8,0": 30.624233044232486,
        "8,1": 41.474336694284275,
        "8,2": 57.81516840963439,
        "8,3": 69.59007970497663,
        "8,4": 62.75309492157688,
        "8,5": 33.893738714905595,
        "8,6": 64.86763114523018,
        "8,7": 51.34903949337327,
        "8,8": 0.0,
        "8,9": 38.93354359130662,
        "8,10": 34.3478690664832,
        "8,11": 18.423396830078094,
        "8,12": 38.01612009365681,
        "8,13": 44.76786163574508,
        "8,14": 27.06231374316349,
        "8,15": 16.059310339768594,
        "8,16": 46.552832433473235,
        "8,17": 41.79092985389561,
        "8,18": 43.30250046608995,
        "8,19": 52.74484734541386,
        "8,20": 54.02293971697859,
        "8,21": 51.37732973642783,
        "8,22": 16.17816115885474,
        "8,23": 58.524201776923455,
        "8,24": 6.503349411542793,
        "8,25": 71.84242410463457,
        "8,26": 66.2882209514393,
        "8,27": 19.912975155117813,
        "8,28": 64.0313684096047,
        "8,29": 65.29899805243053,
        "8,30": 79.01224876924921,
        "8,31": 76.61252023373919,
        "8,32": 18.247479445576403,
        "8,33": 71.92870498962874,
        "8,34": 26.30951006292902,
        "8,35": 35.53388780425268,
        "8,36": 76.54434285440233,
        "8,37": 75.90394210020186,
        "8,38": 48.25912306654628,
        "8,39": 81.67263927937366,
        "8,40": 11.216820542282951,
        "8,41": 75.11362274682647,
        "8,42": 58.41754482538135,
        "8,43": 74.33780853877659,
        "8,44": 66.19935426883661,
        "8,45": 78.93341134226559,
        "8,46": 50.95282777708551,
        "8,47": 12.757379962687615,
        "8,48": 68.55828541349466,
        "8,49": 63.66810345249692,
        "8,50": 50.9579926458137,
        "9,0": 61.41778569981621,
        "9,1": 49.77730498154903,
        "9,2": 81.67341424552676,
        "9,3": 107.09862398858255,
        "9,4": 100.46252715879714,
        "9,5": 71.61224456026602,
        "9,6": 100.4038836019456,
        "9,7": 66.80979622086517,
        "9,8": 38.93354359130662,
        "9,9": 0.0,
        "9,10": 70.29733265139531,
        "9,11": 34.43107571212252,
        "9,12": 74.8329431938347,
        "9,13": 6.241499183526032,
        "9,14": 52.24221887398593,
        "9,15": 54.388977317397476,
        "9,16": 84.1194918324556,
        "9,17": 78.3484408186874,
        "9,18": 76.33153987978642,
        "9,19": 54.64409791535482,
        "9,20": 81.81842887947082,
        "9,21": 76.62736992826298,
        "9,22": 48.44702049394258,
        "9,23": 77.51838115532999,
        "9,24": 45.028319854857756,
        "9,25": 76.60839098096834,
        "9,26": 97.36677964223448,
        "9,27": 25.513135286061317,
        "9,28": 87.41259655793729,
        "9,29": 77.01211037898359,
        "9,30": 103.45337351910412,
        "9,31": 97.88058763013045,
        "9,32": 20.777588302554754,
        "9,33": 103.90583628776227,
        "9,34": 57.56789157382646,
        "9,35": 44.40301356229921,
        "9,36": 108.75462718518146,
        "9,37": 85.96642345992264,
        "9,38": 82.99837666385626,
        "9,39": 117.16717020922383,
        "9,40": 50.11752566483464,
        "9,41": 95.70559070854182,
        "9,42": 75.26841575102603,
        "9,43": 104.67681231195868,
        "9,44": 100.5029477200736,
        "9,45": 101.66386738965217,
        "9,46": 89.38982443671178,
        "9,47": 42.06360445878811,
        "9,48": 92.14257825349632,
        "9,49": 92.26962054595546,
        "9,50": 73.85361256640648,
        "10,0": 13.752224063395438,
        "10,1": 44.25036098601216,
        "10,2": 34.72763922677632,
        "10,3": 37.067068970429155,
        "10,4": 30.748275963810745,
        "10,5": 30.926780207738716,
        "10,6": 30.588958047936526,
        "10,7": 40.94959197454851,
        "10,8": 34.3478690664832,
        "10,9": 70.29733265139531,
        "10,10": 0.0,
        "10,11": 37.52060308517437,
        "10,12": 5.241263716348591,
        "10,13": 76.49605693375347,
        "10,14": 23.93992046431572,
        "10,15": 27.426516783936606,
        "10,16": 14.903300676053181,
        "10,17": 39.043088226357575,
        "10,18": 11.557831517322594,
        "10,19": 55.40505251956968,
        "10,20": 26.918129472683454,
        "10,21": 28.583726451775018,
        "10,22": 39.467543456084215,
        "10,23": 41.129618861473645,
        "10,24": 31.06812869744941,
        "10,25": 65.48895319413688,
        "10,26": 33.813043770978474,
        "10,27": 54.24708025254217,
        "10,28": 39.965664818621065,
        "10,29": 53.82945777651342,
        "10,30": 51.518612931144816,
        "10,31": 52.59347678094287,
        "10,32": 51.111208067919854,
        "10,33": 38.55886343098139,
        "10,34": 43.34051626702229,
        "10,35": 42.10244194499886,
        "10,36": 42.920878350092956,
        "10,37": 63.460383512154635,
        "10,38": 14.075737310421657,
        "10,39": 47.435501785580776,
        "10,40": 26.404757087007376,
        "10,41": 52.025659010421265,
        "10,42": 43.549651785189226,
        "10,43": 41.98960340062109,
        "10,44": 31.91949940592241,
        "10,45": 53.1236738571262,
        "10,46": 22.408184257418146,
        "10,47": 28.310577654861017,
        "10,48": 43.38061995655257,
        "10,49": 33.788687600935695,
        "10,50": 31.52589807700691,
        "11,0": 27.148889921293055,
        "11,1": 24.04966227132437,
        "11,2": 48.55731409983854,
        "11,3": 74.556699357172,
        "11,4": 68.26225342594657,
        "11,5": 49.279769081200875,
        "11,6": 66.63887038521425,
        "11,7": 37.10420771000771,
        "11,8": 18.423396830078094,
        "11,9": 34.43107571212252,
        "11,10": 37.52060308517437,
        "11,11": 0.0,
        "11,12": 42.5014318830732,
        "11,13": 40.644988679237315,
        "11,14": 17.875402593030987,
        "11,15": 32.04386661874881,
        "11,16": 52.17674472234771,
        "11,17": 57.95069624574078,
        "11,18": 42.15223283734893,
        "11,19": 34.68398467957984,
        "11,20": 47.67023920321198,
        "11,21": 42.96488750293826,
        "11,22": 34.600372512342545,
        "11,23": 46.33159694420015,
        "11,24": 23.767531794384226,
        "11,25": 54.82499434991955,
        "11,26": 62.94755764049769,
        "11,27": 28.88955096839675,
        "11,28": 54.59146972529628,
        "11,29": 50.09932334634584,
        "11,30": 70.51210584946743,
        "11,31": 66.12606857825843,
        "11,32": 20.068903632639334,
        "11,33": 69.47496603944242,
        "11,34": 44.69415833059879,
        "11,35": 17.784507489624612,
        "11,36": 74.32446672365899,
        "11,37": 60.439469700772904,
        "11,38": 49.1807744962152,
        "11,39": 83.23878146655402,
        "11,40": 26.252087738248285,
        "11,41": 64.21774189672229,
        "11,42": 45.126994706668015,
        "11,43": 70.33057839392993,
        "11,44": 66.34137718301977,
        "11,45": 69.34871767221124,
        "11,46": 58.67470667563043,
        "11,47": 10.405220042254948,
        "11,48": 59.337681275835195,
        "11,49": 58.089075567840254,
        "11,50": 40.86484684782987,
        "12,0": 18.876762572494563,
        "12,1": 49.360587868524846,
        "12,2": 37.24546092993533,
        "12,3": 32.293074026603136,
        "12,4": 25.80571645340461,
        "12,5": 29.463914413583183,
        "12,6": 27.016697838204642,
        "12,7": 45.25106483389292,
        "12,8": 38.01612009365681,
        "12,9": 74.8329431938347,
        "12,10": 5.241263716348591,
        "12,11": 42.5014318830732,
        "12,12": 0.0,
        "12,13": 81.00225393281552,
        "12,14": 29.175224093518846,
        "12,15": 29.146961428789872,
        "12,16": 9.72213144212379,
        "12,17": 36.89902978758023,
        "12,18": 12.98652101162023,
        "12,19": 60.39317006386082,
        "12,20": 28.754815474208243,
        "12,21": 31.49803292159771,
        "12,22": 41.33143761846472,
        "12,23": 44.50329540800869,
        "12,24": 34.10154533498331,
        "12,25": 69.72243924710686,
        "12,26": 32.899179798599334,
        "12,27": 57.78142641503629,
        "12,28": 42.03293360207486,
        "12,29": 57.69893069104616,
        "12,30": 52.302610085838616,
        "12,31": 54.31147049725107,
        "12,32": 55.29577448560061,
        "12,33": 36.86802449180593,
        "12,34": 44.0174946066535,
        "12,35": 47.321261379781895,
        "12,36": 40.93255234189291,
        "12,37": 67.03673071340083,
        "12,38": 12.234230761173624,
        "12,39": 43.72062588066266,
        "12,40": 29.105860225777537,
        "12,41": 53.97727050908775,
        "12,42": 47.228538419012516,
        "12,43": 40.95165346793099,
        "12,44": 29.134494525409558,
        "12,45": 54.36676587949378,
        "12,46": 17.192266260219668,
        "12,47": 33.03509097598193,
        "12,48": 45.045725878323665,
        "12,49": 34.22528261736999,
        "12,50": 34.95569677252787,
        "13,0": 67.65524442650772,
        "13,1": 55.18507144745628,
        "13,2": 87.63047284967632,
        "13,3": 113.25175439158035,
        "13,4": 106.59469201975924,
        "13,5": 76.96802833692459,
        "13,6": 106.63556869109344,
        "13,7": 72.39722876430834,
        "13,8": 44.76786163574508,
        "13,9": 6.241499183526032,
        "13,10": 76.49605693375347,
        "13,11": 40.644988679237315,
        "13,12": 81.00225393281552,
        "13,13": 0.0,
        "13,14": 58.43075017951176,
        "13,15": 59.979898144581306,
        "13,16": 90.25113388280633,
        "13,17": 83.42797430642109,
        "13,18": 82.57259185080947,
        "13,19": 59.308241771023326,
        "13,20": 87.9443100084448,
        "13,21": 82.67483653188926,
        "13,22": 53.39739056735159,
        "13,23": 83.22407835222678,
        "13,24": 50.73342608606436,
        "13,25": 81.08832934014788,
        "13,26": 103.56373132730573,
        "13,27": 29.953761180477038,
        "13,28": 93.31478361571094,
        "13,29": 82.16988010932936,
        "13,30": 109.34870206023176,
        "13,31": 103.60026452186945,
        "13,32": 26.526531331384554,
        "13,33": 110.11827541523357,
        "13,34": 62.137559323518936,
        "13,35": 50.01950198451747,
        "13,36": 114.96883906357789,
        "13,37": 90.86302922943034,
        "13,38": 89.23456671136897,
        "13,39": 123.4035124732182,
        "13,40": 55.896882959961,
        "13,41": 101.39099112967976,
        "13,42": 80.8514079819801,
        "13,43": 110.84328865237765,
        "13,44": 106.74444577935927,
        "13,45": 107.46166357888096,
        "13,46": 95.41919975669406,
        "13,47": 48.285989167554796,
        "13,48": 98.03350677602495,
        "13,49": 98.39699040129224,
        "13,50": 79.80961015032233,
        "14,0": 10.786488440729714,
        "14,1": 21.174646803031013,
        "14,2": 31.599619406315963,
        "14,3": 59.55473981315929,
        "14,4": 53.807403363913366,
        "14,5": 46.15880957200026,
        "14,6": 50.19800344915083,
        "14,7": 24.941562729610883,
        "14,8": 27.06231374316349,
        "14,9": 52.24221887398593,
        "14,10": 23.93992046431572,
        "14,11": 17.875402593030987,
        "14,12": 29.175224093518846,
        "14,13": 58.43075017951176,
        "14,14": 0.0,
        "14,15": 32.76771838310458,
        "14,16": 38.70291766795967,
        "14,17": 55.25008943437147,
        "14,18": 25.357260874367604,
        "14,19": 32.99607612504958,
        "14,20": 29.852885906480132,
        "14,21": 25.575568424486438,
        "14,22": 40.79374489665345,
        "14,23": 31.462882664749966,
        "14,24": 28.7870795817177,
        "14,25": 47.70667111713727,
        "14,26": 45.13658878085124,
        "14,27": 44.037111823499195,
        "14,28": 37.785401215286306,
        "14,29": 39.15246566129501,
        "14,30": 53.405496244041096,
        "14,31": 49.99662405272845,
        "14,32": 36.88403103090838,
        "14,33": 51.74154911470481,
        "14,34": 49.153047326519676,
        "14,35": 18.21988626726987,
        "14,36": 56.59988620027396,
        "14,37": 49.7673433401927,
        "14,38": 32.971593260443974,
        "14,39": 66.42480173418272,
        "14,40": 27.77390033961246,
        "14,41": 48.34944014215023,
        "14,42": 31.470181432578332,
        "14,43": 52.459427968639176,
        "14,44": 49.273971391977575,
        "14,45": 52.72242383649805,
        "14,46": 46.34161750166444,
        "14,47": 14.535220894106054,
        "14,48": 42.46464618332724,
        "14,49": 40.243109433766534,
        "14,50": 24.271587761668464,
        "15,0": 30.715983816020557,
        "15,1": 51.86043110455551,
        "15,2": 58.63162826045056,
        "15,3": 57.80659261395673,
        "15,4": 50.8581048624662,
        "15,5": 17.85914117480628,
        "15,6": 55.68938063878626,
        "15,7": 57.44950950159238,
        "15,8": 16.059310339768594,
        "15,9": 54.388977317397476,
        "15,10": 27.426516783936606,
        "15,11": 32.04386661874881,
        "15,12": 29.146961428789872,
        "15,13": 59.979898144581306,
        "15,14": 32.76771838310458,
        "15,15": 0.0,
        "15,16": 35.61102041993953,
        "15,17": 26.063805215518506,
        "15,18": 38.599351302546665,
        "15,19": 63.775399285709426,
        "15,20": 52.562137043532545,
        "15,21": 52.00991076422513,
        "15,22": 12.18485728483062,
        "15,23": 62.06199867719561,
        "15,24": 9.574294918060543,
        "15,25": 80.41949784980885,
        "15,26": 61.239218690886425,
        "15,27": 32.06207464215698,
        "15,28": 64.57111130947175,
        "15,29": 71.66003137021858,
        "15,30": 77.88045752603138,
        "15,31": 77.48208302451278,
        "15,32": 33.627175165214794,
        "15,33": 65.80964853347854,
        "15,34": 17.02503086920414,
        "15,35": 46.75365397514233,
        "15,36": 70.01020337171575,
        "15,37": 82.20025858386533,
        "15,38": 41.098398357950586,
        "15,39": 71.94317947753876,
        "15,40": 5.808876558651043,
        "15,41": 76.45205251292298,
        "15,42": 63.05870679721063,
        "15,43": 69.41412780304002,
        "15,44": 58.2507753551543,
        "15,45": 78.8301426965293,
        "15,46": 38.07015308486637,
        "15,47": 22.716666418047737,
        "15,48": 68.61881082499656,
        "15,49": 60.7362102861675,
        "15,50": 53.14470130194939,
        "16,0": 28.166098533998216,
        "16,1": 58.43830799447494,
        "16,2": 41.804993642236646,
        "16,3": 23.068849445376138,
        "16,4": 16.343659584943033,
        "16,5": 30.929981820772564,
        "16,6": 20.572696409253282,
        "16,7": 52.71248052007668,
        "16,8": 46.552832433473235,
        "16,9": 84.1194918324556,
        "16,10": 14.903300676053181,
        "16,11": 52.17674472234771,
        "16,12": 9.72213144212379,
        "16,13": 90.25113388280633,
        "16,14": 38.70291766795967,
        "16,15": 35.61102041993953,
        "16,16": 0.0,
        "16,17": 36.537561226430725,
        "16,18": 18.30899547027367,
        "16,19": 69.1372288721514,
        "16,20": 32.61057983839255,
        "16,21": 36.951396294791024,
        "16,22": 47.58353534474504,
        "16,23": 50.32635006747048,
        "16,24": 41.99952577730085,
        "16,25": 76.83868122435993,
        "16,26": 31.57335785343398,
        "16,27": 65.9916692111638,
        "16,28": 45.646922006168026,
        "16,29": 64.21562568620335,
        "16,30": 53.3125289811901,
        "16,31": 56.971415209411646,
        "16,32": 64.26384151082478,
        "16,33": 33.79423070723906,
        "16,34": 48.44548595232238,
        "16,35": 56.73895936869581,
        "16,36": 37.08865152683244,
        "16,37": 72.90950888422736,
        "16,38": 12.732515173133809,
        "16,39": 36.36446613193046,
        "16,40": 36.755803797379635,
        "16,41": 57.06671039995204,
        "16,42": 53.538934060688234,
        "16,43": 38.95319122223797,
        "16,44": 24.288682749931997,
        "16,45": 56.163574712516784,
        "16,46": 8.412206196515598,
        "16,47": 42.56888890221375,
        "16,48": 47.85352503038207,
        "16,49": 35.317174363983085,
        "16,50": 41.12116687385552,
        "17,0": 49.30626044393749,
        "17,1": 75.90838784182839,
        "17,2": 73.74993239938074,
        "17,3": 51.41035708907548,
        "17,4": 45.32366078512668,
        "17,5": 9.096558743964264,
        "17,6": 55.70625640333035,
        "17,7": 78.03623145232501,
        "17,8": 41.79092985389561,
        "17,9": 78.3484408186874,
        "17,10": 39.043088226357575,
        "17,11": 57.95069624574078,
        "17,12": 36.89902978758023,
        "17,13": 83.42797430642109,
        "17,14": 55.25008943437147,
        "17,15": 26.063805215518506,
        "17,16": 36.537561226430725,
        "17,17": 0.0,
        "17,18": 49.816651387769184,
        "17,19": 87.90461135748488,
        "17,20": 65.59212537807676,
        "17,21": 67.61858017759401,
        "17,22": 30.06138583211307,
        "17,23": 79.89061406747734,
        "17,24": 35.32784548558372,
        "17,25": 102.24485544368193,
        "17,26": 68.00744350155794,
        "17,27": 53.7309005807945,
        "17,28": 78.82163186585127,
        "17,29": 91.75489747648456,
        "17,30": 88.93307520766871,
        "17,31": 91.2049775606259,
        "17,32": 58.066851266695934,
        "17,33": 70.25754532894786,
        "17,34": 22.880520358467564,
        "17,35": 71.43876205930817,
        "17,36": 73.28378844240267,
        "17,37": 101.8221513507362,
        "17,38": 47.89483666872697,
        "17,39": 68.74254225998071,
        "17,40": 31.76079896896513,
        "17,41": 90.82332465938114,
        "17,42": 81.93747265165035,
