{
    "num_robots": 6,
    "num_tasks": 60,
    "num_nodes": 61,
    "robot_capacity": [
        110,
        101,
        116,
        119,
        127,
        116
    ],
    "robot_speed": [
        0.82,
        0.97,
        1.09,
        1.11,
        1.15,
        1.0
    ],
    "task_demand": {
        "0": 0,
        "1": 14,
        "2": 7,
        "3": 5,
        "4": 5,
        "5": 5,
        "6": 8,
        "7": 15,
        "8": 6,
        "9": 13,
        "10": 9,
        "11": 10,
        "12": 7,
        "13": 9,
        "14": 8,
        "15": 8,
        "16": 13,
        "17": 12,
        "18": 13,
        "19": 10,
        "20": 15,
        "21": 8,
        "22": 8,
        "23": 7,
        "24": 6,
        "25": 11,
        "26": 9,
        "27": 9,
        "28": 11,
        "29": 14,
        "30": 9,
        "31": 13,
        "32": 7,
        "33": 6,
        "34": 12,
        "35": 8,
        "36": 8,
        "37": 12,
        "38": 8,
        "39": 11,
        "40": 5,
        "41": 6,
        "42": 11,
        "43": 12,
        "44": 7,
        "45": 8,
        "46": 9,
        "47": 12,
        "48": 12,
        "49": 5,
        "50": 10,
        "51": 10,
        "52": 7,
        "53": 14,
        "54": 5,
        "55": 8,
        "56": 11,
        "57": 12,
        "58": 8,
        "59": 9,
        "60": 6
    },
    "task_service_time": {
        "0": 0,
        "1": 47,
        "2": 75,
        "3": 37,
        "4": 52,
        "5": 44,
        "6": 96,
        "7": 67,
        "8": 17,
        "9": 99,
        "10": 18,
        "11": 73,
        "12": 33,
        "13": 75,
        "14": 96,
        "15": 51,
        "16": 44,
        "17": 32,
        "18": 22,
        "19": 77,
        "20": 13,
        "21": 71,
        "22": 23,
        "23": 30,
        "24": 40,
        "25": 90,
        "26": 17,
        "27": 15,
        "28": 84,
        "29": 95,
        "30": 72,
        "31": 20,
        "32": 24,
        "33": 96,
        "34": 13,
        "35": 57,
        "36": 97,
        "37": 79,
        "38": 15,
        "39": 33,
        "40": 14,
        "41": 96,
        "42": 31,
        "43": 62,
        "44": 53,
        "45": 22,
        "46": 39,
        "47": 80,
        "48": 82,
        "49": 94,
        "50": 29,
        "51": 25,
        "52": 66,
        "53": 37,
        "54": 42,
        "55": 33,
        "56": 69,
        "57": 82,
        "58": 64,
        "59": 39,
        "60": 59
    },
    "task_precedence": [],
    "coordinates": {
        "0": [
            0,
            0
        ],
        "1": [
            76.94324253514735,
            12.845805275473033
        ],
        "2": [
            57.72443080366136,
            17.094058515711453
        ],
        "3": [
            50.84524493779635,
            58.74827112496902
        ],
        "4": [
            98.47733080258494,
            23.101380475601662
        ],
        "5": [
            5.894384967121735,
            53.265539924195885
        ],
        "6": [
            64.79364607187753,
            51.32729370013372
        ],
        "7": [
            72.40455164372031,
            75.40892053414913
        ],
        "8": [
            69.76610556100606,
            31.38286501755
        ],
        "9": [
            86.61001578175573,
            50.57766313930433
        ],
        "10": [
            22.497045962468675,
            74.35725850669226
        ],
        "11": [
            59.10874702415827,
            75.60542892102241
        ],
        "12": [
            25.99538596302655,
            30.89853265767418
        ],
        "13": [
            3.3766145841785056,
            39.134841302272385
        ],
        "14": [
            0.9952728329586713,
            58.50662833058191
        ],
        "15": [
            25.867864038146738,
            24.416621978737407
        ],
        "16": [
            65.45293669819102,
            42.114173370018726
        ],
        "17": [
            13.824428047132686,
            62.81384463735606
        ],
        "18": [
            27.00260183922709,
            4.317380920685854
        ],
        "19": [
            42.327479270413434,
            24.979453946518483
        ],
        "20": [
            16.080261281380224,
            56.73979060002302
        ],
        "21": [
            16.83027741333517,
            88.02844853593871
        ],
        "22": [
            62.86976729257614,
            3.13308214464314
        ],
        "23": [
            67.48157395269835,
            79.4404554880835
        ],
        "24": [
            54.69980595854459,
            90.06623471775596
        ],
        "25": [
            97.60501018117033,
            82.53495083606327
        ],
        "26": [
            77.24935470146588,
            77.42586242116292
        ],
        "27": [
            10.151314817476841,
            65.46861700291623
        ],
        "28": [
            83.37999697605453,
            75.96996432945889
        ],
        "29": [
            22.022880378654307,
            64.60061035382618
        ],
        "30": [
            92.35414879011647,
            76.24766689238739
        ],
        "31": [
            38.377752884816964,
            61.61974772580717
        ],
        "32": [
            43.83474259715449,
            47.641818899880526
        ],
        "33": [
            45.75860077874293,
            18.498566559435826
        ],
        "34": [
            80.3613269693392,
            34.697950757622145
        ],
        "35": [
            32.511187372945884,
            93.29920724323752
        ],
        "36": [
            92.5416745044908,
            34.60697229528733
        ],
        "37": [
            27.46275088661465,
            95.72566532356448
        ],
        "38": [
            73.39980286741172,
            22.29193973889283
        ],
        "39": [
            9.069150516576075,
            68.76966662063923
        ],
        "40": [
            32.23909116652418,
            70.40973433956201
        ],
        "41": [
            29.89810699621387,
            14.147413239004047
        ],
        "42": [
            88.50033517591793,
            6.148659697892334
        ],
        "43": [
            16.499768961377402,
            97.16300812634955
        ],
        "44": [
            60.10410581467639,
            80.53641679404484
        ],
        "45": [
            5.437381157918297,
            60.67690984873617
        ],
        "46": [
            67.29556467532237,
            2.1441201156255474
        ],
        "47": [
            41.761465734096646,
            97.96803954085648
        ],
        "48": [
            49.3041923924502,
            55.09394657265136
        ],
        "49": [
            67.10391916228062,
            57.26115940921189
        ],
        "50": [
            93.19104637470623,
            57.16212626407895
        ],
        "51": [
            95.171977602154,
            52.0952195860409
        ],
        "52": [
            80.28592329804442,
            23.71816707723885
        ],
        "53": [
            60.709432117992414,
            3.2337932562373273
        ],
        "54": [
            53.17876381152006,
            82.89762267646366
        ],
        "55": [
            88.03473898211368,
            16.0336168800995
        ],
        "56": [
            33.63124899523554,
            31.39602882599496
        ],
        "57": [
            47.0515873917034,
            3.5450331174807004
        ],
        "58": [
            17.40239920247272,
            29.20815343243013
        ],
        "59": [
            23.153893939559676,
            62.309947228665585
        ],
        "60": [
            98.3995048185079,
            41.17886225795381
        ]
    },
    "distance_matrix_str_keys": {
        "0,0": 0.0,
        "0,1": 78.00818729465439,
        "0,2": 60.20229852875433,
        "0,3": 77.6955487332278,
        "0,4": 101.15067207824303,
        "0,5": 53.59068498868751,
        "0,6": 82.66019386541214,
        "0,7": 104.54149604273789,
        "0,8": 76.4996320374105,
        "0,9": 100.29653454805366,
        "0,10": 77.68602814965176,
        "0,11": 95.96887441820765,
        "0,12": 40.379195283760616,
        "0,13": 39.28024095908949,
        "0,14": 58.51509315232161,
        "0,15": 35.571306115303216,
        "0,16": 77.83116677178491,
        "0,17": 64.31713526702083,
        "0,18": 27.34557156290818,
        "0,19": 49.14863803660806,
        "0,20": 58.974389697663824,
        "0,21": 89.62290995863853,
        "0,22": 62.94778664216685,
        "0,23": 104.23314631770296,
        "0,24": 105.37549719045856,
        "0,25": 127.82314392150487,
        "0,26": 109.37196612228261,
        "0,27": 66.25095474631333,
        "0,28": 112.79919935862186,
        "0,29": 68.2513451754571,
        "0,30": 119.76224574246861,
        "0,31": 72.59369963213196,
        "0,32": 64.73969081365622,
        "0,33": 49.35632188466084,
        "0,34": 87.53222640291641,
        "0,35": 98.80141383915202,
        "0,36": 98.80083021686563,
        "0,37": 99.58717632255335,
        "0,38": 76.71024467629687,
        "0,39": 69.36509596480187,
        "0,40": 77.43958735047053,
        "0,41": 33.07636774665863,
        "0,42": 88.71367054930317,
        "0,43": 98.55400815765893,
        "0,44": 100.49188009887129,
        "0,45": 60.92005008737387,
        "0,46": 67.329713173611,
        "0,47": 106.49768444308518,
        "0,48": 73.93406749545102,
        "0,49": 88.21437719456544,
        "0,50": 109.3255679310341,
        "0,51": 108.49708394432876,
        "0,52": 83.71607330329874,
        "0,53": 60.79549791648404,
        "0,54": 98.48856159946077,
        "0,55": 89.48291534090012,
        "0,56": 46.0083854859333,
        "0,57": 47.18494607269503,
        "0,58": 33.99940771446766,
        "0,59": 66.47279389497231,
        "0,60": 106.66846415594017,
        "1,0": 78.00818729465439,
        "1,1": 0.0,
        "1,2": 19.68274320219363,
        "1,3": 52.802858347398995,
        "1,4": 23.8514942969049,
        "1,5": 81.74163633543652,
        "1,6": 40.353904960952576,
        "1,7": 62.72753068532439,
        "1,8": 19.877974721457832,
        "1,9": 38.950476285376936,
        "1,10": 82.1464984028366,
        "1,11": 65.2444602266161,
        "1,12": 54.05168873614836,
        "1,13": 78.12273781233364,
        "1,14": 88.61718153921694,
        "1,15": 52.36962944104545,
        "1,16": 31.443035781307962,
        "1,17": 80.50335210438818,
        "1,18": 50.66361233759723,
        "1,19": 36.68073740360825,
        "1,20": 75.0398856260337,
        "1,21": 96.26005621942392,
        "1,22": 17.099698711363974,
        "1,23": 67.26344184848143,
        "1,24": 80.36022146552325,
        "1,25": 72.68758938927179,
        "1,26": 64.58078263383729,
        "1,27": 85.03129966279744,
        "1,28": 63.451487484577086,
        "1,29": 75.46393859386536,
        "1,30": 65.2479278451799,
        "1,31": 62.17872991721724,
        "1,32": 48.030566645564626,
        "1,33": 31.692831864772682,
        "1,34": 22.117856211040763,
        "1,35": 91.9073305788151,
        "1,36": 26.774231454263802,
        "1,37": 96.52662977319646,
        "1,38": 10.088876100928664,
        "1,39": 87.94527068068444,
        "1,40": 72.88392881070723,
        "1,41": 47.06313802932555,
        "1,42": 13.35732567524885,
        "1,43": 103.74393569871391,
        "1,44": 69.75367670057916,
        "1,45": 86.02849978930199,
        "1,46": 14.408461172084166,
        "1,47": 92.10620057960142,
        "1,48": 50.485864713371726,
        "1,49": 45.49215280970197,
        "1,50": 47.20092621521253,
        "1,51": 43.275897516582226,
        "1,52": 11.374610579318247,
        "1,53": 18.866037626328954,
        "1,54": 73.97301920421705,
        "1,55": 11.540512824812332,
        "1,56": 47.11729595568596,
        "1,57": 31.30519781041903,
        "1,58": 61.74818590028036,
        "1,59": 73.07527188798707,
        "1,60": 35.540586786726855,
        "2,0": 60.20229852875433,
        "2,1": 19.68274320219363,
        "2,2": 0.0,
        "2,3": 42.21843941069292,
        "2,4": 41.19328556272302,
        "2,5": 63.203874238072885,
        "2,6": 34.95551738567672,
        "2,7": 60.134258789047685,
        "2,8": 18.686142518151144,
        "2,9": 44.22136133268402,
        "2,10": 67.23126293590325,
        "2,11": 58.52774383235552,
        "2,12": 34.60196226856408,
        "2,13": 58.64709058146913,
        "2,14": 70.2367304388271,
        "2,15": 32.687318362871764,
        "2,16": 26.18656049740987,
        "2,17": 63.38382352802766,
        "2,18": 33.27272554641687,
        "2,19": 17.298716068465257,
        "2,20": 57.4980080324658,
        "2,21": 81.87807685243494,
        "2,22": 14.878956576913772,
        "2,23": 63.105269652124946,
        "2,24": 73.03483316278562,
        "2,25": 76.63531169878333,
        "2,26": 63.41253200827819,
        "2,27": 67.84761803826986,
        "2,28": 64.22289592517068,
        "2,29": 59.426199359346576,
        "2,30": 68.54463328228226,
        "2,31": 48.547203278145034,
        "2,32": 33.55725112345446,
        "2,33": 12.047976221346302,
        "2,34": 28.67622865860299,
        "2,35": 80.26787861206303,
        "2,36": 38.9736142534126,
        "2,37": 84.25377653604964,
        "2,38": 16.51469825783404,
        "2,39": 70.97679038128526,
        "2,40": 59.093686845331945,
        "2,41": 27.981905135706203,
        "2,42": 32.6643237372427,
        "2,43": 90.05836682819407,
        "2,44": 63.486972498887255,
        "2,45": 68.06908616231699,
        "2,46": 17.75126084974303,
        "2,47": 82.43431967735077,
        "2,48": 38.921612341237875,
        "2,49": 41.24767625040371,
        "2,50": 53.51010066475347,
        "2,51": 51.25817044624634,
        "2,52": 23.513820570230685,
        "2,53": 14.178052966100227,
        "2,54": 65.96038314520068,
        "2,55": 30.328852901738514,
        "2,56": 28.018346925007762,
        "2,57": 17.247773066053384,
        "2,58": 42.102464632115364,
        "2,59": 56.91747193239055,
        "2,60": 47.27091513198762,
        "3,0": 77.6955487332278,
        "3,1": 52.802858347398995,
        "3,2": 42.21843941069292,
        "3,3": 0.0,
        "3,4": 59.493835115905476,
        "3,5": 45.283994451937744,
        "3,6": 15.799645569985179,
        "3,7": 27.246668500492152,
        "3,8": 33.269571956171816,
        "3,9": 36.68620542351491,
        "3,10": 32.36141023236726,
        "3,11": 18.773631393322688,
        "3,12": 37.32456863464961,
        "3,13": 51.36105038896942,
        "3,14": 49.85055777113406,
        "3,15": 42.45623263675343,
        "3,16": 22.137702380507893,
        "3,17": 37.243385603844764,
        "3,18": 59.4238457048724,
        "3,19": 34.826503493690886,
        "3,20": 34.82295338781545,
        "3,21": 44.88147507500181,
        "3,22": 56.90024941226497,
        "3,23": 26.550592023704287,
        "3,24": 31.55427838284057,
        "3,25": 52.462193790325124,
        "3,26": 32.34237822176295,
        "3,27": 41.24510876887936,
        "3,28": 36.81163955898347,
        "3,29": 29.41051807142655,
        "3,30": 45.04684174551969,
        "3,31": 12.793894479800324,
        "3,32": 13.133941681624686,
        "3,33": 40.569849228380626,
        "3,34": 38.07383626934364,
        "3,35": 39.113998177633555,
        "3,36": 48.18085250173871,
        "3,37": 43.7500709687638,
        "3,38": 42.86924517100552,
        "3,39": 42.9612666569708,
        "3,40": 21.958567404672166,
        "3,41": 49.27493391276876,
        "3,42": 64.68867708587443,
        "3,43": 51.5296394217154,
        "3,44": 23.673820909060858,
        "3,45": 45.448803508769906,
        "3,46": 58.94610191484589,
        "3,47": 40.25798404313622,
        "3,48": 3.965971618807872,
        "3,49": 16.32654246290534,
        "3,50": 42.37549710450518,
        "3,51": 44.82323419251522,
        "3,52": 45.75873394125302,
        "3,53": 56.38403534480168,
        "3,54": 24.261831973115736,
        "3,55": 56.63567916544361,
        "3,56": 32.318211817677756,
        "3,57": 55.333437667367384,
        "3,58": 44.621099091861275,
        "3,59": 27.91946376231439,
        "3,60": 50.69607243898294,
        "4,0": 101.15067207824303,
        "4,1": 23.8514942969049,
        "4,2": 41.19328556272302,
        "4,3": 59.493835115905476,
        "4,4": 0.0,
        "4,5": 97.37288315959701,
        "4,6": 43.946476473051916,
        "4,7": 58.445432328313515,
        "4,8": 29.88172419876748,
        "4,9": 29.92957191172781,
        "4,10": 91.65243432186206,
        "4,11": 65.62438945908822,
        "4,12": 72.90012283854661,
        "4,13": 96.44282291251257,
        "4,14": 103.71250262946198,
        "4,15": 72.62137787199873,
        "4,16": 38.10638922291542,
        "4,17": 93.50504668050107,
        "4,18": 73.90179645762707,
        "4,19": 56.18125120578096,
        "4,20": 88.99898708064613,
        "4,21": 104.3157010907689,
        "4,22": 40.82439855470588,
        "4,23": 64.30263070792164,
        "4,24": 80.004771014881,
        "4,25": 59.43997164415951,
        "4,26": 58.324748675011826,
        "4,27": 97.96156302735778,
        "4,28": 54.98196656524785,
        "4,29": 86.99120110741656,
        "4,30": 53.49786087174739,
        "4,31": 71.38363875227691,
        "4,32": 59.90029685939854,
        "4,33": 52.919281847674306,
        "4,34": 21.50976608873316,
        "4,35": 96.32895183629232,
        "4,36": 12.946453522502694,
        "4,37": 101.57439298523902,
        "4,38": 25.0905879095257,
        "4,39": 100.39629007827179,
        "4,40": 81.39769490226307,
        "4,41": 69.16128589867598,
        "4,42": 19.6706681000293,
        "4,43": 110.47825729847042,
        "4,44": 69.07450899480601,
        "4,45": 100.34118116483083,
        "4,46": 37.57005856544711,
        "4,47": 93.92393725808172,
        "4,48": 58.66448522382484,
        "4,49": 46.38083068192186,
        "4,50": 34.46852487008555,
        "4,51": 29.18163919559069,
        "4,52": 18.201860693572304,
        "4,53": 42.674760608217774,
        "4,54": 75.01700309122022,
        "4,55": 12.609560110125926,
        "4,56": 65.37442555787496,
        "4,57": 55.01870415916129,
        "4,58": 81.30459525702793,
        "4,59": 84.91720584008651,
        "4,60": 18.07764930722663,
        "5,0": 53.59068498868751,
        "5,1": 81.74163633543652,
        "5,2": 63.203874238072885,
        "5,3": 45.283994451937744,
        "5,4": 97.37288315959701,
        "5,5": 0.0,
        "5,6": 58.93114420330976,
        "5,7": 70.09944062677089,
        "5,8": 67.51628064913807,
        "5,9": 80.76037233331117,
        "5,10": 26.84229768275506,
        "5,11": 57.71342105202134,
        "5,12": 30.072134195929642,
        "5,13": 14.353250894652987,
        "5,14": 7.174280966526037,
        "5,15": 35.088458684081154,
        "5,16": 60.5935150022515,
        "5,17": 12.41191790764773,
        "5,18": 53.30552588008802,
        "5,19": 46.12453815973775,
        "5,20": 10.762085952447016,
        "5,21": 36.44246916364932,
        "5,22": 75.89108982054705,
        "5,23": 66.9186674398241,
        "5,24": 61.12495607719303,
        "5,25": 96.26804865727479,
        "5,26": 75.3342743307893,
        "5,27": 12.924261756094012,
        "5,28": 80.74348862894873,
        "5,29": 19.71324899362118,
        "5,30": 89.46210885235215,
        "5,31": 33.54045287811204,
        "5,32": 38.35488202633546,
        "5,33": 52.89516177517037,
        "5,34": 76.74686194640329,
        "5,35": 48.074407841619724,
        "5,36": 88.6334865055822,
        "5,37": 47.62411844189087,
        "5,38": 74.272103473187,
        "5,39": 15.825835867762857,
        "5,40": 31.43194150676513,
        "5,41": 45.89560443668479,
        "5,42": 95.09859837115346,
        "5,43": 45.16040172789328,
        "5,44": 60.68273691603127,
        "5,45": 7.425446561655856,
        "5,46": 79.89683618769166,
        "5,47": 57.3128341187403,
        "5,48": 43.448296302343294,
        "5,49": 61.33980804874893,
        "5,50": 87.3835824283636,
        "5,51": 89.2852630415606,
        "5,52": 80.0446638908443,
        "5,53": 74.21499221046214,
        "5,54": 55.802086080520574,
        "5,55": 90.18455439414068,
        "5,56": 35.321511034897796,
        "5,57": 64.54489994209149,
        "5,58": 26.668187723488717,
        "5,59": 19.485685860621142,
        "5,60": 93.29139818722278,
        "6,0": 82.66019386541214,
        "6,1": 40.353904960952576,
        "6,2": 34.95551738567672,
        "6,3": 15.799645569985179,
        "6,4": 43.946476473051916,
        "6,5": 58.93114420330976,
        "6,6": 0.0,
        "6,7": 25.255704991076342,
        "6,8": 20.554940740505497,
        "6,9": 21.829244908970637,
        "6,10": 48.15995909265881,
        "6,11": 24.934833606553607,
        "6,12": 43.84791061389323,
        "6,13": 62.615554395334776,
        "6,14": 64.20105352459842,
        "6,15": 47.32230720742891,
        "6,16": 9.236679617001073,
        "6,17": 52.24750748588279,
        "6,18": 60.31662228379038,
        "6,19": 34.62567415132008,
        "6,20": 49.01315109680631,
        "6,21": 60.39420087522457,
        "6,22": 48.23259620850642,
        "6,23": 28.24136721208684,
        "6,24": 40.03237638962174,
        "6,25": 45.28248534065155,
        "6,26": 28.918505610620425,
        "6,27": 56.44254946110668,
        "6,28": 30.866059931235252,
        "6,29": 44.78302505385037,
        "6,30": 37.15651100578808,
        "6,31": 28.350203222213324,
        "6,32": 21.280468964899693,
        "6,33": 37.94809975466598,
        "6,34": 22.779107428186308,
        "6,35": 52.95090807642497,
        "6,36": 32.396330498661094,
        "6,37": 58.006992148751735,
        "6,38": 30.283951433785298,
        "6,39": 58.390545279101445,
        "6,40": 37.73511078349936,
        "6,41": 50.99060853220975,
        "6,42": 51.02074165066703,
        "6,43": 66.5823646570599,
        "6,44": 29.58318204215297,
        "6,45": 60.08811452077953,
        "6,46": 49.24676802128366,
        "6,47": 52.01769414046492,
        "6,48": 15.940854718275629,
        "6,49": 6.367740887128997,
        "6,50": 28.99064702638372,
        "6,51": 30.38803607885241,
        "6,52": 31.658719597157617,
        "6,53": 48.26660945796973,
        "6,54": 33.63913140370399,
        "6,55": 42.25863252803207,
        "6,56": 36.99121937764938,
        "6,57": 50.969844737837875,
        "6,58": 52.29901190289562,
        "6,59": 43.06376244789397,
        "6,60": 35.10476324995084,
        "7,0": 104.54149604273789,
        "7,1": 62.72753068532439,
        "7,2": 60.134258789047685,
        "7,3": 27.246668500492152,
        "7,4": 58.445432328313515,
        "7,5": 70.09944062677089,
        "7,6": 25.255704991076342,
        "7,7": 0.0,
        "7,8": 44.10504463303556,
        "7,9": 28.6074562865356,
        "7,10": 49.91858487922268,
        "7,11": 13.297256710603088,
        "7,12": 64.3038512695183,
        "7,13": 77.97861834385459,
        "7,14": 73.3823724201382,
        "7,15": 69.03533736618508,
        "7,16": 34.01272025396199,
        "7,17": 59.91883524767032,
        "7,18": 84.35249878137779,
        "7,19": 58.71764115546618,
        "7,20": 59.3376954163075,
        "7,21": 56.989055468765244,
        "7,22": 72.9020502285691,
        "7,23": 6.363095428413317,
        "7,24": 22.984666167984916,
        "7,25": 26.188612379458675,
        "7,26": 5.247873020942057,
        "7,27": 63.04185220658889,
        "7,28": 10.989775720337178,
        "7,29": 51.527976560459365,
        "7,30": 19.967221182652224,
        "7,31": 36.71463360183816,
        "7,32": 39.84025504593359,
        "7,33": 62.8394389458241,
        "7,34": 41.48124074479537,
        "7,35": 43.72119476151225,
        "7,36": 45.500579086386615,
        "7,37": 49.320741824607815,
        "7,38": 53.12630397272039,
        "7,39": 63.68243657763355,
        "7,40": 40.47537619285773,
        "7,41": 74.56386599851595,
        "7,42": 71.10596303139205,
        "7,43": 59.98820762224119,
        "7,44": 13.326371805127176,
        "7,45": 68.56846258820154,
        "7,46": 73.44271732588163,
        "7,47": 38.05144628556661,
        "7,48": 30.7623920492876,
        "7,49": 18.906029158738672,
        "7,50": 27.659064776951002,
        "7,51": 32.58656681319134,
        "7,52": 52.28814408732315,
        "7,53": 73.11651535941678,
        "7,54": 20.632779200705983,
        "7,55": 61.39812244884913,
        "7,56": 58.655806488230155,
        "7,57": 76.20492839048957,
        "7,58": 71.83138348909561,
        "7,59": 50.96283337835689,
        "7,60": 42.981792425992744,
        "8,0": 76.4996320374105,
        "8,1": 19.877974721457832,
        "8,2": 18.686142518151144,
        "8,3": 33.269571956171816,
        "8,4": 29.88172419876748,
        "8,5": 67.51628064913807,
        "8,6": 20.554940740505497,
        "8,7": 44.10504463303556,
        "8,8": 0.0,
        "8,9": 25.53737626420496,
        "8,10": 63.88397679457433,
        "8,11": 45.4886188972541,
        "8,12": 43.77339913645923,
        "8,13": 66.8405389601338,
        "8,14": 73.92649031551849,
        "8,15": 44.44754381149869,
        "8,16": 11.56565625439915,
        "8,17": 64.16679642094398,
        "8,18": 50.60886957797229,
        "8,19": 28.175909675810107,
        "8,20": 59.37291934048139,
        "8,21": 77.53014919254635,
        "8,22": 29.079369213911647,
        "8,23": 48.11186014386545,
        "8,24": 60.586560086228545,
        "8,25": 58.2369341057301,
        "8,26": 46.647150262446885,
        "8,27": 68.67140426555055,
        "8,28": 46.61917485875052,
        "8,29": 58.16213679051385,
        "8,30": 50.23017165199192,
        "8,31": 43.58322796257442,
        "8,32": 30.60701172134849,
        "8,33": 27.24638384498299,
        "8,34": 11.10173455616872,
        "8,35": 72.26037893484583,
        "8,36": 23.00263916244798,
        "8,37": 77.003699702852,
        "8,38": 9.790233834628657,
        "8,39": 71.28739920753394,
        "8,40": 54.142158605296224,
        "8,41": 43.434066210439646,
        "8,42": 31.428275125734793,
        "8,43": 84.6423643464612,
        "8,44": 50.09417023309832,
        "8,45": 70.68469315134617,
        "8,46": 29.342933999647137,
        "8,47": 72.2346545512201,
        "8,48": 31.319407386318595,
        "8,49": 26.014867999724274,
        "8,50": 34.83242975363828,
        "8,51": 32.77895614479004,
        "8,52": 13.015919473349435,
        "8,53": 29.57014668338524,
        "8,54": 54.1194065282579,
        "8,55": 23.86089657703243,
        "8,56": 36.134858963536324,
        "8,57": 35.9290164151497,
        "8,58": 52.408845761771545,
        "8,59": 55.93909801145888,
        "8,60": 30.262734757016037,
        "9,0": 100.29653454805366,
        "9,1": 38.950476285376936,
        "9,2": 44.22136133268402,
        "9,3": 36.68620542351491,
        "9,4": 29.92957191172781,
        "9,5": 80.76037233331117,
        "9,6": 21.829244908970637,
        "9,7": 28.6074562865356,
        "9,8": 25.53737626420496,
        "9,9": 0.0,
        "9,10": 68.3808602964712,
        "9,11": 37.18479317277622,
        "9,12": 63.72912618712576,
        "9,13": 84.01629155414386,
        "9,14": 85.98111827135703,
        "9,15": 66.13629164874985,
        "9,16": 22.78711597423012,
        "9,17": 73.80695034702202,
        "9,18": 75.4523525667834,
        "9,19": 51.14891351491241,
        "9,20": 70.79843278438713,
        "9,21": 79.19452767451794,
        "9,22": 53.052687623596974,
        "9,23": 34.62597390653984,
        "9,24": 50.77015635457369,
        "9,25": 33.79583019806702,
        "9,26": 28.43321614834392,
        "9,27": 77.89527238615473,
        "9,28": 25.59691350957588,
        "9,29": 66.09191409060433,
        "9,30": 26.304831432667225,
        "9,31": 49.4800850461567,
        "9,32": 42.87590439180758,
        "9,33": 51.94137604192741,
        "9,34": 17.064916559988507,
        "9,35": 68.93339949422312,
        "9,36": 17.036652876611868,
        "9,37": 74.40928064298129,
        "9,38": 31.218454054082947,
        "9,39": 79.64631050298343,
        "9,40": 57.874938372384314,
        "9,41": 67.40477509715427,
        "9,42": 44.469198938242016,
        "9,43": 84.17625007551946,
        "9,44": 40.00112728071978,
        "9,45": 81.79848040075673,
        "9,46": 52.14265155675676,
        "9,47": 65.24753035064373,
        "9,48": 37.578202123097654,
        "9,49": 20.619333833035608,
        "9,50": 9.309410201879986,
        "9,51": 8.695410731126467,
        "9,52": 27.59396083295482,
        "9,53": 53.96556540636244,
        "9,54": 46.49976766373143,
        "9,55": 34.573414181357926,
        "9,56": 56.34434155396638,
        "9,57": 61.45679411961417,
        "9,58": 72.43169290923166,
        "9,59": 64.53158830530293,
        "9,60": 15.077450373155765,
        "10,0": 77.68602814965176,
        "10,1": 82.1464984028366,
        "10,2": 67.23126293590325,
        "10,3": 32.36141023236726,
        "10,4": 91.65243432186206,
        "10,5": 26.84229768275506,
        "10,6": 48.15995909265881,
        "10,7": 49.91858487922268,
        "10,8": 63.88397679457433,
        "10,9": 68.3808602964712,
        "10,10": 0.0,
        "10,11": 36.63297126925049,
        "10,12": 43.59930315016073,
        "10,13": 40.07754445838862,
        "10,14": 26.7127071764121,
        "10,15": 50.05426646467428,
        "10,16": 53.710567750025646,
        "10,17": 14.438306869719526,
        "10,18": 70.18464565716177,
        "10,19": 53.2110295743614,
        "10,20": 18.74967469280393,
        "10,21": 14.799111547833407,
        "10,22": 81.87087349021502,
        "10,23": 45.27081455038535,
        "10,24": 35.830010954012174,
        "10,25": 75.55184273670379,
        "10,26": 54.83823157464484,
        "10,27": 15.21266003324439,
        "10,28": 60.9043064503117,
        "10,29": 9.768163398495085,
        "10,30": 69.88267638934033,
        "10,31": 20.357824865311244,
        "10,32": 34.19081764244733,
        "10,33": 60.50862251389485,
        "10,34": 70.1508068918493,
        "10,35": 21.42616274854046,
        "10,36": 80.53778766193214,
        "10,37": 21.937799235225008,
        "10,38": 72.81406511736792,
        "10,39": 14.544055802660719,
        "10,40": 10.511440995788272,
        "10,41": 60.66301320890827,
        "10,42": 94.91494686535967,
        "10,43": 23.581126926894672,
        "10,44": 38.11132309258878,
        "10,45": 21.867421033282728,
        "10,46": 84.98026026762483,
        "10,47": 30.472723051620108,
        "10,48": 33.010578401273634,
        "10,49": 47.77080427431561,
        "10,50": 72.75516660091161,
        "10,51": 76.0081842023445,
        "10,52": 76.8366574266916,
        "10,53": 80.7386757689989,
        "10,54": 31.848165258317678,
        "10,55": 87.73161561788571,
        "10,56": 44.380600861778575,
        "10,57": 74.94862753494891,
        "10,58": 45.43563705524442,
        "10,59": 12.065204444794016,
        "10,60": 82.83712475714636,
        "11,0": 95.96887441820765,
        "11,1": 65.2444602266161,
        "11,2": 58.52774383235552,
        "11,3": 18.773631393322688,
        "11,4": 65.62438945908822,
        "11,5": 57.71342105202134,
        "11,6": 24.934833606553607,
        "11,7": 13.297256710603088,
        "11,8": 45.4886188972541,
        "11,9": 37.18479317277622,
        "11,10": 36.63297126925049,
        "11,11": 0.0,
        "11,12": 55.63453292934753,
        "11,13": 66.60461205925883,
        "11,14": 60.57676835390669,
        "11,15": 61.03482823654242,
        "11,16": 34.086844104474366,
        "11,17": 47.05628729191392,
        "11,18": 78.18433568390901,
        "11,19": 53.334794361110774,
        "11,20": 46.98258075686365,
        "11,21": 44.06586444160477,
        "11,22": 72.5698719906217,
        "11,23": 9.209324597675465,
        "11,24": 15.117991454254016,
        "11,25": 39.11496581904368,
        "11,26": 18.23172029816236,
        "11,27": 49.995851069212414,
        "11,28": 24.27398731752631,
        "11,29": 38.68420267428308,
        "11,30": 33.251604595746045,
        "11,31": 25.00746681492551,
        "11,32": 31.863124401895018,
        "11,33": 58.646569665745766,
        "11,34": 46.09874102419041,
        "11,35": 31.94526523157212,
        "11,36": 52.902117968919306,
        "11,37": 37.500573121375155,
        "11,38": 55.195673796847856,
        "11,39": 50.504345009800616,
        "11,40": 27.3673829236832,
        "11,41": 68.04666915002792,
        "11,42": 75.41954816224909,
        "11,43": 47.752007630554075,
        "11,44": 5.030445360577527,
        "11,45": 55.7088520402225,
        "11,46": 73.91608671091355,
        "11,47": 28.30219994789871,
        "11,48": 22.734339657304435,
        "11,49": 20.010872080950115,
        "11,50": 38.752529490550415,
        "11,51": 43.04981466506375,
        "11,52": 56.042490456622325,
        "11,53": 72.38933513692479,
        "11,54": 9.398978171539039,
        "11,55": 66.22321194710166,
        "11,56": 51.02522868715019,
        "11,57": 73.0621361702872,
        "11,58": 62.38691065750684,
        "11,59": 38.334335702694325,
        "11,60": 52.23937346734696,
        "12,0": 40.379195283760616,
        "12,1": 54.05168873614836,
        "12,2": 34.60196226856408,
        "12,3": 37.32456863464961,
        "12,4": 72.90012283854661,
        "12,5": 30.072134195929642,
        "12,6": 43.84791061389323,
        "12,7": 64.3038512695183,
        "12,8": 43.77339913645923,
        "12,9": 63.72912618712576,
        "12,10": 43.59930315016073,
        "12,11": 55.63453292934753,
        "12,12": 0.0,
        "12,13": 24.071676276854475,
        "12,14": 37.24530310254729,
        "12,15": 6.483164959419099,
        "12,16": 41.02059125130303,
        "12,17": 34.15727382785232,
        "12,18": 26.60022765853834,
        "12,19": 17.371608002428793,
        "12,20": 27.678155818182667,
        "12,21": 57.86040531300491,
        "12,22": 46.15885874486729,
        "12,23": 63.85469494084051,
        "12,24": 65.7629127574935,
        "12,25": 88.28509479497225,
        "12,26": 69.22255215145813,
        "12,27": 38.02795448222781,
        "12,28": 72.96867501922239,
        "12,29": 33.935392168874884,
        "12,30": 80.37430795832712,
        "12,31": 33.122742426440645,
        "12,32": 24.465900337164392,
        "12,33": 23.33117697608957,
        "12,34": 54.49854236032446,
        "12,35": 62.73993829090747,
        "12,36": 66.64953895706734,
        "12,37": 64.84373747325117,
        "12,38": 48.179375086382926,
        "12,39": 41.48156499011966,
        "12,40": 40.00148638507073,
        "12,41": 17.19974515047913,
        "12,42": 67.2266679795412,
        "12,43": 66.94137324092395,
        "12,44": 60.22727215684013,
        "12,45": 36.185401886672686,
        "12,46": 50.32415923098861,
        "12,47": 68.89766342120016,
        "12,48": 33.5964062316405,
        "12,49": 48.83543376519825,
        "12,50": 72.14591552738216,
        "12,51": 72.35122920549304,
        "12,52": 54.76330974287137,
        "12,53": 44.38921948625041,
        "12,54": 58.6757308777329,
        "12,55": 63.795352840949974,
        "12,56": 7.652052449124333,
        "12,57": 34.51923457581842,
        "12,58": 8.757671116923158,
        "12,59": 31.53967409898392,
        "12,60": 73.13030564635332,
        "13,0": 39.28024095908949,
        "13,1": 78.12273781233364,
        "13,2": 58.64709058146913,
        "13,3": 51.36105038896942,
        "13,4": 96.44282291251257,
        "13,5": 14.353250894652987,
        "13,6": 62.615554395334776,
        "13,7": 77.97861834385459,
        "13,8": 66.8405389601338,
        "13,9": 84.01629155414386,
        "13,10": 40.07754445838862,
        "13,11": 66.60461205925883,
        "13,12": 24.071676276854475,
        "13,13": 0.0,
        "13,14": 19.51760541680982,
        "13,15": 26.87903052671924,
        "13,16": 62.14777700587963,
        "13,17": 25.881499282297973,
        "13,18": 42.0766303451104,
        "13,19": 41.44327268685257,
        "13,20": 21.709833697743857,
        "13,21": 50.7108062629718,
        "13,22": 69.5382044751564,
        "13,23": 75.7231031491383,
        "13,24": 72.3054410683772,
        "13,25": 103.7427589970897,
        "13,26": 83.20687490083736,
        "13,27": 27.191254217171977,
        "13,28": 88.0759188573625,
        "13,29": 31.562455884568198,
        "13,30": 96.40727885720639,
        "13,31": 41.60109012051891,
        "13,32": 41.342820297611034,
        "13,33": 47.13903466404551,
        "13,34": 77.11246292740961,
        "13,35": 61.5028606600601,
        "13,36": 89.279950203488,
        "13,37": 61.50336027721073,
        "13,38": 72.02034594767525,
        "13,39": 30.176610760517057,
        "13,40": 42.557742996549514,
        "13,41": 36.43845662179807,
        "13,42": 91.29148911162343,
        "13,43": 59.49357381911701,
        "13,44": 70.22890227326032,
        "13,45": 21.640413030531274,
        "13,46": 73.85083367615007,
        "13,47": 70.24771891514989,
        "13,48": 48.6213476198047,
        "13,49": 66.25505834956421,
        "13,50": 91.60575943110528,
        "13,51": 92.70577154018126,
        "13,52": 78.43924789928536,
        "13,53": 67.64567404623386,
        "13,54": 66.29807765891601,
        "13,55": 87.7534306815401,
        "13,56": 31.228706695758365,
        "13,57": 56.339486120910834,
        "13,58": 17.183182657006586,
        "13,59": 30.466806747677573,
        "13,60": 95.04487198240986,
        "14,0": 58.51509315232161,
        "14,1": 88.61718153921694,
        "14,2": 70.2367304388271,
        "14,3": 49.85055777113406,
        "14,4": 103.71250262946198,
        "14,5": 7.174280966526037,
        "14,6": 64.20105352459842,
        "14,7": 73.3823724201382,
        "14,8": 73.92649031551849,
        "14,9": 85.98111827135703,
        "14,10": 26.7127071764121,
        "14,11": 60.57676835390669,
        "14,12": 37.24530310254729,
        "14,13": 19.51760541680982,
        "14,14": 0.0,
        "14,15": 42.199221868764326,
        "14,16": 66.50942046505422,
        "14,17": 13.532898278739461,
        "14,18": 60.107035336067085,
        "14,19": 53.22051024903628,
        "14,20": 15.188106927959725,
        "14,21": 33.500525940617074,
        "14,22": 83.03422596640212,
        "14,23": 69.7040411744172,
