{
    "num_robots": 3,
    "num_tasks": 50,
    "num_nodes": 51,
    "robot_capacity": [
        227,
        231,
        233
    ],
    "robot_speed": [
        0.97,
        1.09,
        0.92
    ],
    "task_demand": {
        "0": 0,
        "1": 7,
        "2": 11,
        "3": 7,
        "4": 5,
        "5": 9,
        "6": 7,
        "7": 8,
        "8": 15,
        "9": 15,
        "10": 14,
        "11": 7,
        "12": 15,
        "13": 7,
        "14": 13,
        "15": 11,
        "16": 15,
        "17": 11,
        "18": 8,
        "19": 12,
        "20": 14,
        "21": 12,
        "22": 10,
        "23": 12,
        "24": 14,
        "25": 5,
        "26": 9,
        "27": 10,
        "28": 13,
        "29": 11,
        "30": 11,
        "31": 6,
        "32": 13,
        "33": 5,
        "34": 10,
        "35": 8,
        "36": 6,
        "37": 6,
        "38": 7,
        "39": 15,
        "40": 8,
        "41": 9,
        "42": 9,
        "43": 13,
        "44": 7,
        "45": 9,
        "46": 15,
        "47": 8,
        "48": 15,
        "49": 11,
        "50": 14
    },
    "task_service_time": {
        "0": 0,
        "1": 37,
        "2": 62,
        "3": 71,
        "4": 13,
        "5": 84,
        "6": 51,
        "7": 93,
        "8": 15,
        "9": 18,
        "10": 99,
        "11": 37,
        "12": 85,
        "13": 83,
        "14": 12,
        "15": 69,
        "16": 45,
        "17": 11,
        "18": 51,
        "19": 15,
        "20": 81,
        "21": 94,
        "22": 92,
        "23": 94,
        "24": 19,
        "25": 31,
        "26": 48,
        "27": 94,
        "28": 44,
        "29": 47,
        "30": 58,
        "31": 53,
        "32": 83,
        "33": 25,
        "34": 41,
        "35": 52,
        "36": 69,
        "37": 65,
        "38": 88,
        "39": 41,
        "40": 49,
        "41": 28,
        "42": 30,
        "43": 12,
        "44": 55,
        "45": 87,
        "46": 32,
        "47": 86,
        "48": 42,
        "49": 21,
        "50": 35
    },
    "task_precedence": [],
    "coordinates": {
        "0": [
            100,
            0
        ],
        "1": [
            68.49667960695513,
            97.41587110248183
        ],
        "2": [
            48.99323867498634,
            67.37052436844371
        ],
        "3": [
            71.68894827248614,
            18.031732524133137
        ],
        "4": [
            98.11427716891367,
            62.23760639531998
        ],
        "5": [
            76.70176963745843,
            60.58005524575406
        ],
        "6": [
            47.83745334297955,
            27.74703236804469
        ],
        "7": [
            98.6434921885881,
            68.87796372201169
        ],
        "8": [
            50.18504874763061,
            94.49017968036412
        ],
        "9": [
            30.71291649190081,
            28.419474317549508
        ],
        "10": [
            3.546260941578727,
            27.11697216910307
        ],
        "11": [
            83.55788399592043,
            80.81996324084547
        ],
        "12": [
            50.33358922176947,
            89.30267951128795
        ],
        "13": [
            66.21845699493525,
            54.591085623347155
        ],
        "14": [
            72.07822642958153,
            13.033002216910072
        ],
        "15": [
            86.74349479849631,
            58.18747298227424
        ],
        "16": [
            73.84415237497525,
            74.50573150198447
        ],
        "17": [
            18.527214651457147,
            87.55598544485498
        ],
        "18": [
            6.2343078334670565,
            44.96433621326115
        ],
        "19": [
            78.97133577540316,
            40.431815439795415
        ],
        "20": [
            25.25984556511802,
            24.02460008143571
        ],
        "21": [
            41.483845146819284,
            53.889263697131476
        ],
        "22": [
            13.136444835373752,
            84.8327264754814
        ],
        "23": [
            14.280900863223057,
            22.79450039090154
        ],
        "24": [
            65.92640782147092,
            85.13225612285325
        ],
        "25": [
            17.881955225529687,
            26.173100575690434
        ],
        "26": [
            74.8675512511718,
            9.825542539663223
        ],
        "27": [
            19.80465086963288,
            1.892804807862325
        ],
        "28": [
            79.94654283545816,
            92.63981749095787
        ],
        "29": [
            66.92955862084999,
            62.07148698557652
        ],
        "30": [
            71.9173829128463,
            15.251479509974498
        ],
        "31": [
            28.968127372254713,
            49.24210158755663
        ],
        "32": [
            51.47222695923038,
            94.01633779992234
        ],
        "33": [
            3.7493901800638607,
            64.92677824795963
        ],
        "34": [
            6.479967374367124,
            97.19976600255588
        ],
        "35": [
            82.70083193861763,
            79.3073521868141
        ],
        "36": [
            4.027619567488861,
            17.389195814467296
        ],
        "37": [
            68.95632836782887,
            96.59856809051797
        ],
        "38": [
            87.81671544522811,
            8.684729655953305
        ],
        "39": [
            57.45162072307913,
            70.89319550713478
        ],
        "40": [
            43.11234151424349,
            95.43426338791254
        ],
        "41": [
            5.364859650597942,
            84.61937862126453
        ],
        "42": [
            66.80697058963851,
            51.564412132748686
        ],
        "43": [
            2.3602464618070806,
            22.89344045462026
        ],
        "44": [
            7.078065173673265,
            67.99343996315095
        ],
        "45": [
            68.91779032529031,
            24.071384491421842
        ],
        "46": [
            1.359950282664757,
            67.50681120751447
        ],
        "47": [
            65.74147687187984,
            23.74662817783856
        ],
        "48": [
            5.454496526033569,
            51.30745458369129
        ],
        "49": [
            47.3633992343123,
            62.16296991796013
        ],
        "50": [
            27.612113728016872,
            42.19717972423484
        ]
    },
    "distance_matrix_str_keys": {
        "0,0": 0.0,
        "0,1": 102.38315847072793,
        "0,2": 84.50134469075613,
        "0,3": 33.56574187679823,
        "0,4": 62.266167381768845,
        "0,5": 64.90570569375753,
        "0,6": 59.0832385620419,
        "0,7": 68.8913202075064,
        "0,8": 106.81724310383336,
        "0,9": 74.8890276445366,
        "0,10": 100.193083383884,
        "0,11": 82.47550931605832,
        "0,12": 102.18473921035246,
        "0,13": 64.19796941756537,
        "0,14": 30.8137077630022,
        "0,15": 59.67844621151248,
        "0,16": 78.96348771191222,
        "0,17": 119.59876813608658,
        "0,18": 103.98940599199615,
        "0,19": 45.573417897152694,
        "0,20": 78.50650988308504,
        "0,21": 79.54994104724652,
        "0,22": 121.4160973557539,
        "0,23": 88.69810147286923,
        "0,24": 91.69793190969905,
        "0,25": 86.18819218040903,
        "0,26": 26.98483400562634,
        "0,27": 80.21768341321096,
        "0,28": 94.78542572045609,
        "0,29": 70.33152628524702,
        "0,30": 31.956861699905208,
        "0,31": 86.4309637674108,
        "0,32": 105.80177942551606,
        "0,33": 116.10196563525233,
        "0,34": 134.88436163340455,
        "0,35": 81.17214624795453,
        "0,36": 97.53502928156907,
        "0,37": 101.46424446840622,
        "0,38": 14.96184987692157,
        "0,39": 82.68137485737368,
        "0,40": 111.10312469226744,
        "0,41": 126.9497893940748,
        "0,42": 61.32426762736823,
        "0,43": 100.28774145850679,
        "0,44": 115.14162518347014,
        "0,45": 39.31329685483629,
        "0,46": 119.52836051601048,
        "0,47": 41.68391484417533,
        "0,48": 107.57001033282158,
        "0,49": 81.45456751580977,
        "0,50": 83.78906883123203,
        "1,0": 102.38315847072793,
        "1,1": 0.0,
        "1,2": 35.82048392408135,
        "1,3": 79.44829788648339,
        "1,4": 45.98600214357932,
        "1,5": 37.73858545625977,
        "1,6": 72.66739791977656,
        "1,7": 41.511955705415716,
        "1,8": 18.543880258069482,
        "1,9": 78.6645760456278,
        "1,10": 95.71045959587215,
        "1,11": 22.41124796610201,
        "1,12": 19.89275572000628,
        "1,13": 42.88534189678127,
        "1,14": 84.4588422783681,
        "1,15": 43.26445982225786,
        "1,16": 23.525942308842684,
        "1,17": 50.932943888216556,
        "1,18": 81.41109538075985,
        "1,19": 57.93876959010564,
        "1,20": 85.18041136344675,
        "1,21": 51.22751973100203,
        "1,22": 56.77227424252632,
        "1,23": 92.23719223645308,
        "1,24": 12.549641190847325,
        "1,25": 87.39212021996445,
        "1,26": 87.82171521468709,
        "1,27": 107.21739530916841,
        "1,28": 12.406049171737834,
        "1,29": 35.37910904458222,
        "1,30": 82.23556686053684,
        "1,31": 62.315475694634436,
        "1,32": 17.360553407937,
        "1,33": 72.44137383180548,
        "1,34": 62.01708875426066,
        "1,35": 23.01469966739017,
        "1,36": 102.76443188197764,
        "1,37": 0.9376892858180508,
        "1,38": 90.81012744840746,
        "1,39": 28.73056989487515,
        "1,40": 25.461566910532657,
        "1,41": 64.41565734216915,
        "1,42": 45.882582819805634,
        "1,43": 99.63744506373081,
        "1,44": 68.1023175307038,
        "1,45": 73.34569551430442,
        "1,46": 73.49756654586446,
        "1,47": 73.72074670811107,
        "1,48": 78.10443599104157,
        "1,49": 41.102099474776004,
        "1,50": 68.70699822169013,
        "2,0": 84.50134469075613,
        "2,1": 35.82048392408135,
        "2,2": 0.0,
        "2,3": 54.30848566099273,
        "2,4": 49.38849329186615,
        "2,5": 28.528462261476275,
        "2,6": 39.64034507972109,
        "2,7": 49.67313204710983,
        "2,8": 27.145830535952097,
        "2,9": 43.02736895494162,
        "2,10": 60.710594213579306,
        "2,11": 37.089110425358584,
        "2,12": 21.973073722127516,
        "2,13": 21.448128142324652,
        "2,14": 59.0379790744756,
        "2,15": 38.8511295865594,
        "2,16": 25.854962629306346,
        "2,17": 36.54629199617346,
        "2,18": 48.27383799073026,
        "2,19": 40.30360212815295,
        "2,20": 49.41804428346568,
        "2,21": 15.431635702308009,
        "2,22": 39.88280540387687,
        "2,23": 56.49750711318496,
        "2,24": 24.539994544804962,
        "2,25": 51.62499089619435,
        "2,26": 63.09441326270358,
        "2,27": 71.68894905719411,
        "2,28": 39.95803064919771,
        "2,29": 18.702710241711234,
        "2,30": 56.93778381705187,
        "2,31": 27.011938012837497,
        "2,32": 26.76088108300222,
        "2,33": 45.309797193685164,
        "2,34": 51.934207350707716,
        "2,35": 35.758770979884396,
        "2,36": 67.23124352368532,
        "2,37": 35.394964188482525,
        "2,38": 70.36536683316638,
        "2,39": 9.16261091735677,
        "2,40": 28.67330464331048,
        "2,41": 46.91437337672483,
        "2,42": 23.8151680391822,
        "2,43": 64.44258651103111,
        "2,44": 41.91980192562111,
        "2,45": 47.66343748152809,
        "2,46": 47.63348336169193,
        "2,47": 46.72844745493453,
        "2,48": 46.40737310840619,
        "2,49": 5.456647318374899,
        "2,50": 33.02801514735694,
        "3,0": 33.56574187679823,
        "3,1": 79.44829788648339,
        "3,2": 54.30848566099273,
        "3,3": 0.0,
        "3,4": 51.50201250436382,
        "3,5": 42.84259731225834,
        "3,6": 25.754239678728364,
        "3,7": 57.548993603304545,
        "3,8": 79.42488172051155,
        "3,9": 42.272217354312374,
        "3,10": 68.74567198074614,
        "3,11": 63.90018428566629,
        "3,12": 74.40160780944763,
        "3,13": 36.96637085041985,
        "3,14": 5.013864992991134,
        "3,15": 42.88499577760729,
        "3,16": 56.51510829215264,
        "3,17": 87.5202357502409,
        "3,18": 70.77905831866447,
        "3,19": 23.55412665269479,
        "3,20": 46.814271753074486,
        "3,21": 46.88401429756967,
        "3,22": 88.82999747630934,
        "3,23": 57.60527636507719,
        "3,24": 67.3475102707738,
        "3,25": 54.41943011927025,
        "3,26": 8.800288117858624,
        "3,27": 54.33640864851799,
        "3,28": 75.06366771203872,
        "3,29": 44.29618226078093,
        "3,30": 2.789621696154278,
        "3,31": 52.90704750281151,
        "3,32": 78.62808696372653,
        "3,33": 82.55258243830656,
        "3,34": 102.56602124783781,
        "3,35": 62.25723369153136,
        "3,36": 67.66437951794843,
        "3,37": 78.61434260018132,
        "3,38": 18.64058305407681,
        "3,39": 54.7451894183622,
        "3,40": 82.5092372885216,
        "3,41": 93.98297369354142,
        "3,42": 33.886196420222255,
        "3,43": 69.4989575371848,
        "3,44": 81.67458861255729,
        "3,45": 6.645051711934298,
        "3,46": 85.98808852962762,
        "3,47": 8.248178489446687,
        "3,48": 74.12338549161203,
        "3,49": 50.3914521513214,
        "3,50": 50.26665079196567,
        "4,0": 62.266167381768845,
        "4,1": 45.98600214357932,
        "4,2": 49.38849329186615,
        "4,3": 51.50201250436382,
        "4,4": 0.0,
        "4,5": 21.476567570216034,
        "4,6": 60.9701460614535,
        "4,7": 6.66141230995329,
        "4,8": 57.77057573338413,
        "4,9": 75.40961131276505,
        "4,10": 100.87898017736502,
        "4,11": 23.60492677686614,
        "4,12": 54.91368065860331,
        "4,13": 32.7995826876956,
        "4,14": 55.668384298945405,
        "4,15": 12.070553938360234,
        "4,16": 27.19459231439435,
        "4,17": 83.51718887662268,
        "4,18": 93.48954287975214,
        "4,19": 29.016283779826374,
        "4,20": 82.26786769971068,
        "4,21": 57.24247249041092,
        "4,22": 87.93049209201627,
        "4,23": 92.6487646657381,
        "4,24": 39.49966986285435,
        "4,25": 87.96518666177495,
        "4,26": 57.33615529056733,
        "4,27": 98.86299939695661,
        "4,28": 35.41695936009676,
        "4,29": 31.185160999748597,
        "4,30": 53.79566328570883,
        "4,31": 70.35675644108817,
        "4,32": 56.439069955558956,
        "4,33": 94.4031966708301,
        "4,34": 98.07751697471123,
        "4,35": 22.99892421948399,
        "4,36": 104.22897423574929,
        "4,37": 45.06508256849804,
        "4,38": 54.533937914980186,
        "4,39": 41.573679799899075,
        "4,40": 64.24352855536753,
        "4,41": 95.41172977134896,
        "4,42": 33.076646157301234,
        "4,43": 103.52196766979861,
        "4,44": 91.21798898519373,
        "4,45": 48.053047129474166,
        "4,46": 96.8977001304157,
        "4,47": 50.29466774132486,
        "4,48": 93.30221416135798,
        "4,49": 50.75093281641788,
        "4,50": 73.29511410050512,
        "5,0": 64.90570569375753,
        "5,1": 37.73858545625977,
        "5,2": 28.528462261476275,
        "5,3": 42.84259731225834,
        "5,4": 21.476567570216034,
        "5,5": 0.0,
        "5,6": 43.71677191234396,
        "5,7": 23.458356157052023,
        "5,8": 43.04687010596437,
        "5,9": 56.11842459730368,
        "5,10": 80.44567347935983,
        "5,11": 21.36960878785744,
        "5,12": 38.99064096848574,
        "5,13": 12.07342540868162,
        "5,14": 47.7713240712753,
        "5,15": 10.322823940053402,
        "5,16": 14.215851561274171,
        "5,17": 64.12471955436571,
        "5,18": 72.17696207238667,
        "5,19": 20.275662695283767,
        "5,20": 63.10762913099274,
        "5,21": 35.84785763438981,
        "5,22": 68.0348629672447,
        "5,23": 72.96651981710092,
        "5,24": 26.812664734689683,
        "5,25": 68.14403199929949,
        "5,26": 50.78764531971657,
        "5,27": 81.74029292851763,
        "5,28": 32.22354586828477,
        "5,29": 9.885366800866478,
        "5,30": 45.58037005734979,
        "5,31": 49.06169378504858,
        "5,32": 41.8869289253188,
        "5,33": 73.0817601686877,
        "5,34": 79.1966206917222,
        "5,35": 19.664699316588244,
        "5,36": 84.53982745904814,
        "5,37": 36.84189365396007,
        "5,38": 53.072279378043355,
        "5,39": 21.83870635538402,
        "5,40": 48.40522189662525,
        "5,41": 75.2784417667223,
        "5,42": 13.386144662964732,
        "5,43": 83.34832333341332,
        "5,44": 70.01727284198257,
        "5,45": 37.32925627681984,
        "5,46": 75.65956444392306,
        "5,47": 38.42953769009776,
        "5,48": 71.84813879880294,
        "5,49": 29.381041451447665,
        "5,50": 52.418741207196504,
        "6,0": 59.0832385620419,
        "6,1": 72.66739791977656,
        "6,2": 39.64034507972109,
        "6,3": 25.754239678728364,
        "6,4": 60.9701460614535,
        "6,5": 43.71677191234396,
        "6,6": 0.0,
        "6,7": 65.36824226813988,
        "6,8": 66.7844212173611,
        "6,9": 17.13773440509006,
        "6,10": 44.2956736058071,
        "6,11": 63.97409755096705,
        "6,12": 61.606236612447404,
        "6,13": 32.53405124522189,
        "6,14": 28.3569702740724,
        "6,15": 49.39939763323866,
        "6,16": 53.504432893351066,
        "6,17": 66.6048118404227,
        "6,18": 45.02507376989154,
        "6,19": 33.618779824576464,
        "6,20": 22.882414101211925,
        "6,21": 26.903245082588114,
        "6,22": 66.80521284430402,
        "6,23": 33.92004993084882,
        "6,24": 60.16871429168466,
        "6,25": 29.996818643841646,
        "6,26": 32.43155855945316,
        "6,27": 38.13501143625585,
        "6,28": 72.4021214402215,
        "6,29": 39.276922852131506,
        "6,30": 27.12898540894166,
        "6,31": 28.602263255572634,
        "6,32": 66.36891156004356,
        "6,33": 57.6722707819997,
        "6,34": 80.83392762293774,
        "6,35": 62.24083665019761,
        "6,36": 45.017622255143024,
        "6,37": 72.01764265552032,
        "6,38": 44.291226929581605,
        "6,39": 44.2043392444401,
        "6,40": 67.8519559403487,
        "6,41": 70.98158200057436,
        "6,42": 30.448483762371865,
        "6,43": 45.73547529188934,
        "6,44": 57.28089601470644,
        "6,45": 21.39838766357645,
        "6,46": 61.16370086975706,
        "6,47": 18.34549787300508,
        "6,48": 48.49132420883803,
        "6,49": 34.419202267595104,
        "6,50": 24.85701352045712,
        "7,0": 68.8913202075064,
        "7,1": 41.511955705415716,
        "7,2": 49.67313204710983,
        "7,3": 57.548993603304545,
        "7,4": 6.66141230995329,
        "7,5": 23.458356157052023,
        "7,6": 65.36824226813988,
        "7,7": 0.0,
        "7,8": 54.81064081925844,
        "7,9": 79.0661272567105,
        "7,10": 103.86271615131814,
        "7,11": 19.24024238544068,
        "7,12": 52.45012621277609,
        "7,13": 35.433004291419124,
        "7,14": 61.84151575077156,
        "7,15": 15.996766240106261,
        "7,16": 25.42988449396385,
        "7,17": 82.26473376779141,
        "7,18": 95.45322903813164,
        "7,19": 34.58579318215283,
        "7,20": 86.00571970300622,
        "7,21": 59.09218542561643,
        "7,22": 86.98281210437119,
        "7,23": 96.12872831635885,
        "7,24": 36.53230941149381,
        "7,25": 91.35716276779547,
        "7,26": 63.65912200900186,
        "7,27": 103.45324748537016,
        "7,28": 30.235767059069097,
        "7,29": 32.43611733704481,
        "7,30": 59.917315743971415,
        "7,31": 72.38938833870938,
        "7,32": 53.4515305170898,
        "7,33": 94.9763258009835,
        "7,34": 96.41700986132977,
        "7,35": 19.050998913331085,
        "7,36": 107.71841334000909,
        "7,37": 40.61723282396088,
        "7,38": 61.159173653523574,
        "7,39": 41.2411376416653,
        "7,40": 61.55441289754854,
        "7,41": 94.59754453043597,
        "7,42": 36.23980099496209,
        "7,43": 106.70070190871735,
        "7,44": 91.56969917338203,
        "7,45": 53.770316101105365,
        "7,46": 97.2932042075887,
        "7,47": 55.85141054531792,
        "7,48": 94.83096384607408,
        "7,49": 51.717879647058396,
        "7,50": 75.87701207048764,
        "8,0": 106.81724310383336,
        "8,1": 18.543880258069482,
        "8,2": 27.145830535952097,
        "8,3": 79.42488172051155,
        "8,4": 57.77057573338413,
        "8,5": 43.04687010596437,
        "8,6": 66.7844212173611,
        "8,7": 54.81064081925844,
        "8,8": 0.0,
        "8,9": 68.88034583046526,
        "8,10": 81.94098863434208,
        "8,11": 36.0641227539612,
        "8,12": 5.189626410120745,
        "8,13": 43.00009170450016,
        "8,14": 84.34798746458696,
        "8,15": 51.52093255426961,
        "8,16": 30.9698458737491,
        "8,17": 32.40835554847872,
        "8,18": 66.21538188390909,
        "8,19": 61.24505747577762,
        "8,20": 74.7439874632231,
        "8,21": 41.522828935180804,
        "8,22": 38.28662239283839,
        "8,23": 80.18340391928297,
        "8,24": 18.312867574462267,
        "8,25": 75.56926060569761,
        "8,26": 88.18915302917853,
        "8,27": 97.45379627548675,
        "8,28": 29.818959917672824,
        "8,29": 36.487672533794424,
        "8,30": 82.16487055281902,
        "8,31": 49.975457213933396,
        "8,32": 1.371624539033111,
        "8,33": 55.047843653108984,
        "8,34": 43.788994003984506,
        "8,35": 35.88585246614844,
        "8,36": 89.86139316530254,
        "8,37": 18.889315505537564,
        "8,38": 93.69481091464314,
        "8,39": 24.690498786902015,
        "8,40": 7.13543843474701,
        "8,41": 45.89424870549781,
        "8,42": 46.03161745228744,
        "8,43": 86.10055041309133,
        "8,44": 50.59930086954928,
        "8,45": 72.86784148633457,
        "8,46": 55.78523473335204,
        "8,47": 72.43378034574351,
        "8,48": 62.1737086622942,
        "8,49": 32.450118597602646,
        "8,50": 56.956959537983074,
        "9,0": 74.8890276445366,
        "9,1": 78.6645760456278,
        "9,2": 43.02736895494162,
        "9,3": 42.272217354312374,
        "9,4": 75.40961131276505,
        "9,5": 56.11842459730368,
        "9,6": 17.13773440509006,
        "9,7": 79.0661272567105,
        "9,8": 68.88034583046526,
        "9,9": 0.0,
        "9,10": 27.197861784275492,
        "9,11": 74.42043959760889,
        "9,12": 63.966674706721086,
        "9,13": 44.10891797306271,
        "9,14": 44.13425415642756,
        "9,15": 63.44729663172879,
        "9,16": 63.12088885679044,
        "9,17": 60.37895558598307,
        "9,18": 29.54546897581622,
        "9,19": 49.73099004624291,
        "9,20": 7.003634919367267,
        "9,21": 27.6536267988416,
        "9,22": 59.08796302908999,
        "9,23": 17.368116457940378,
        "9,24": 66.75574575805217,
        "9,25": 13.02611845513582,
        "9,26": 47.9099788111549,
        "9,27": 28.68195345791705,
        "9,28": 80.92096415791994,
        "9,29": 49.43787135087257,
        "9,30": 43.257417170782944,
        "9,31": 20.895599907580536,
        "9,32": 68.80332455487917,
        "9,33": 45.38518471303672,
        "9,34": 72.92437416397576,
        "9,35": 72.74832964771196,
        "9,36": 28.875112394579308,
        "9,37": 78.17254875987543,
        "9,38": 60.417745752058835,
        "9,39": 50.189394254693475,
        "9,40": 68.15223910503562,
        "9,41": 61.65187125608312,
        "9,42": 42.8773703447384,
        "9,43": 28.886172264417727,
        "9,44": 46.09452194951115,
        "9,45": 38.4515054290633,
        "9,46": 48.881658425529814,
        "9,47": 35.338867176796256,
        "9,48": 34.08588299920389,
        "9,49": 37.62794268745335,
        "9,50": 14.12232785534724,
        "10,0": 100.193083383884,
        "10,1": 95.71045959587215,
        "10,2": 60.710594213579306,
        "10,3": 68.74567198074614,
        "10,4": 100.87898017736502,
        "10,5": 80.44567347935983,
        "10,6": 44.2956736058071,
        "10,7": 103.86271615131814,
        "10,8": 81.94098863434208,
        "10,9": 27.197861784275492,
        "10,10": 0.0,
        "10,11": 96.36322469615527,
        "10,12": 77.82105296927176,
        "10,13": 68.4297527998387,
        "10,14": 69.96419443731975,
        "10,15": 88.80966018527435,
        "10,16": 84.779054318218,
        "10,17": 62.267995790807625,
        "10,18": 18.04865644356103,
        "10,19": 76.59129823296585,
        "10,20": 21.932681603766245,
        "10,21": 46.43291816148818,
        "10,22": 58.507092922747695,
        "10,23": 11.57221917009477,
        "10,24": 85.18835540724557,
        "10,25": 14.366733246906048,
        "10,26": 73.38746480193416,
        "10,27": 30.009896069805635,
        "10,28": 100.64912484734256,
        "10,29": 72.38273641383127,
        "10,30": 69.39308492676906,
        "10,31": 33.70152288254123,
        "10,32": 82.29473458570203,
        "10,33": 37.810351720240135,
        "10,34": 70.1441702847502,
        "10,35": 94.81182350381393,
        "10,36": 9.739678584663304,
        "10,37": 95.42624949401171,
        "10,38": 86.26272118542985,
        "10,39": 69.44167007578542,
        "10,40": 78.94762194872129,
        "10,41": 57.53115720245879,
        "10,42": 67.82031189807505,
        "10,43": 4.386895313256303,
        "10,44": 41.02876138091027,
        "10,45": 65.44243621892382,
        "10,46": 40.4489684892713,
        "10,47": 62.28646805877047,
        "10,48": 24.26563006592414,
        "10,49": 56.108498165406566,
        "10,50": 28.400315671561927,
        "11,0": 82.47550931605832,
        "11,1": 22.41124796610201,
        "11,2": 37.089110425358584,
        "11,3": 63.90018428566629,
        "11,4": 23.60492677686614,
        "11,5": 21.36960878785744,
        "11,6": 63.97409755096705,
        "11,7": 19.24024238544068,
        "11,8": 36.0641227539612,
        "11,9": 74.42043959760889,
        "11,10": 96.36322469615527,
        "11,11": 0.0,
        "11,12": 34.290089509426835,
        "11,13": 31.442165157574596,
        "11,14": 68.75212449590877,
        "11,15": 22.85558425177116,
        "11,16": 11.585599011522445,
        "11,17": 65.37860468472715,
        "11,18": 85.23239654082222,
        "11,19": 40.64774172544637,
        "11,20": 81.3902608503533,
        "11,21": 49.95485284724068,
        "11,22": 70.53567439402435,
        "11,23": 90.36733221091713,
        "11,24": 18.151165857608046,
        "11,25": 85.43773884530042,
        "11,26": 71.52432910493397,
        "11,27": 101.45920890860519,
        "11,28": 12.359237010072635,
        "11,29": 25.06005919134261,
        "11,30": 66.59374838699607,
        "11,31": 63.065068578614145,
        "11,32": 34.693424290195814,
        "11,33": 81.37560454075724,
        "11,34": 78.79913177968182,
        "11,35": 1.7385426165915123,
        "11,36": 101.72770132247915,
        "11,37": 21.49813475077224,
        "11,38": 72.26084395895585,
        "11,39": 27.92987110084725,
        "11,40": 43.00487966993629,
        "11,41": 78.28527711837752,
        "11,42": 33.71172452698346,
        "11,43": 99.7423600243363,
        "11,44": 77.54793605555851,
        "11,45": 58.60659973726815,
        "11,46": 83.26908384143157,
        "11,47": 59.78954706321012,
        "11,48": 83.49327698389781,
        "11,49": 40.72007032175254,
        "11,50": 67.98270822378299,
        "12,0": 102.18473921035246,
        "12,1": 19.89275572000628,
        "12,2": 21.973073722127516,
        "12,3": 74.40160780944763,
        "12,4": 54.91368065860331,
        "12,5": 38.99064096848574,
        "12,6": 61.606236612447404,
        "12,7": 52.45012621277609,
        "12,8": 5.189626410120745,
        "12,9": 63.966674706721086,
        "12,10": 77.82105296927176,
        "12,11": 34.290089509426835,
        "12,12": 0.0,
        "12,13": 38.17360049055223,
        "12,14": 79.3088451680385,
        "12,15": 47.894021562710115,
        "12,16": 27.77942134334168,
        "12,17": 31.85429960725432,
        "12,18": 62.53507260232736,
        "12,19": 56.64346284227737,
        "12,20": 69.92796489967063,
        "12,21": 36.50243813525973,
        "12,22": 37.46475718117878,
        "12,23": 75.65139937759163,
        "12,24": 16.14089288490567,
        "12,25": 70.98205608188412,
        "12,26": 83.17770490982878,
        "12,27": 92.58780844461718,
        "12,28": 29.800394487688134,
        "12,29": 31.889873732386885,
        "12,30": 77.13261548614499,
        "12,31": 45.40190374451736,
        "12,32": 4.84923399715685,
        "12,33": 52.576346038468444,
        "12,34": 44.55899599615695,
        "12,35": 33.87543312512378,
        "12,36": 85.53240300047723,
        "12,37": 20.000910065862314,
        "12,38": 88.90578490942524,
        "12,39": 19.737666370490917,
        "12,40": 9.473264447355614,
        "12,41": 45.211944732245826,
        "12,42": 41.17704601383367,
        "12,43": 81.92453019487188,
        "12,44": 48.219540134631266,
        "12,45": 67.8269443556535,
        "12,46": 53.60482427966004,
        "12,47": 67.34240022654579,
        "12,48": 58.80280672290328,
        "12,49": 27.30175571958259,
        "12,50": 52.29907799188491,
        "13,0": 64.19796941756537,
        "13,1": 42.88534189678127,
        "13,2": 21.448128142324652,
        "13,3": 36.96637085041985,
        "13,4": 32.7995826876956,
        "13,5": 12.07342540868162,
        "13,6": 32.53405124522189,
        "13,7": 35.433004291419124,
        "13,8": 43.00009170450016,
        "13,9": 44.10891797306271,
        "13,10": 68.4297527998387,
        "13,11": 31.442165157574596,
        "13,12": 38.17360049055223,
        "13,13": 0.0,
        "13,14": 41.96916956819132,
        "13,15": 20.837734494734818,
        "13,16": 21.324735649022465,
        "13,17": 57.975332827905405,
        "13,18": 60.75172799871504,
        "13,19": 19.05573009150072,
        "13,20": 51.10692603397935,
        "13,21": 24.744566621645973,
        "13,22": 61.092199635774364,
        "13,23": 60.89772220189302,
        "13,24": 30.542566824018287,
        "13,25": 56.07137663257955,
        "13,26": 45.59342802455664,
        "13,27": 70.22357296481611,
        "13,28": 40.449552996023336,
        "13,29": 7.514124703677836,
        "13,30": 39.75024988315351,
        "13,31": 37.63241537841403,
        "13,32": 42.092776214600896,
        "13,33": 63.318329500637766,
        "13,34": 73.3770181037925,
        "13,35": 29.707953760238734,
        "13,36": 72.46848187508212,
        "13,37": 42.09660939890734,
        "13,38": 50.733404047932005,
        "13,39": 18.509894783078003,
        "13,40": 46.92608808024542,
        "13,41": 67.85910911672441,
        "13,42": 3.0833586670775217,
        "13,43": 71.29243832087549,
        "13,44": 60.639995437186904,
        "13,45": 30.638840670143004,
        "13,46": 66.13200329878985,
        "13,47": 30.848145246441977,
        "13,48": 60.8526180592983,
        "13,49": 20.318627781605592,
        "13,50": 40.54699303128636,
        "14,0": 30.8137077630022,
        "14,1": 84.4588422783681,
        "14,2": 59.0379790744756,
        "14,3": 5.013864992991134,
        "14,4": 55.668384298945405,
        "14,5": 47.7713240712753,
        "14,6": 28.3569702740724,
        "14,7": 61.84151575077156,
        "14,8": 84.34798746458696,
        "14,9": 44.13425415642756,
        "14,10": 69.96419443731975,
        "14,11": 68.75212449590877,
        "14,12": 79.3088451680385,
        "14,13": 41.96916956819132,
        "14,14": 0.0,
        "14,15": 47.47627119343325,
        "14,16": 61.49808891502774,
        "14,17": 91.768109338993,
        "14,18": 73.17808214812872,
        "14,19": 28.252609126875527,
        "14,20": 48.09132988788528,
        "14,21": 51.041652287276676,
        "14,22": 92.89420875978311,
        "14,23": 58.615848447535704,
        "14,24": 72.36122778104831,
        "14,25": 55.76645942949545,
        "14,26": 4.250662365032543,
        "14,27": 53.44745737763599,
        "14,28": 79.99472133296894,
        "14,29": 49.308029453745156,
        "14,30": 2.2243003701654636,
        "14,31": 56.299018801093574,
        "14,32": 83.56379512876909,
        "14,33": 85.80089658024639,
        "14,34": 106.71071041476443,
        "14,35": 67.12025932409618,
        "14,36": 68.18989307044332,
        "14,37": 83.62386051411568,
        "14,38": 16.328120245759997,
        "14,39": 59.68031134365548,
        "14,40": 87.34409156606053,
        "14,41": 97.85337292956798,
        "14,42": 38.89030326742799,
        "14,43": 70.41182409955516,
        "14,44": 85.12150539406888,
        "14,45": 11.481909231811716,
        "14,46": 89.26628953382364,
        "14,47": 12.447336108088086,
        "14,48": 76.83524640578642,
        "14,49": 54.996149043348865,
        "14,50": 53.176916312127375,
        "15,0": 59.67844621151248,
        "15,1": 43.26445982225786,
        "15,2": 38.8511295865594,
        "15,3": 42.88499577760729,
        "15,4": 12.070553938360234,
        "15,5": 10.322823940053402,
        "15,6": 49.39939763323866,
        "15,7": 15.996766240106261,
        "15,8": 51.52093255426961,
        "15,9": 63.44729663172879,
        "15,10": 88.80966018527435,
        "15,11": 22.85558425177116,
        "15,12": 47.894021562710115,
        "15,13": 20.837734494734818,
        "15,14": 47.47627119343325,
        "15,15": 0.0,
        "15,16": 20.800927769581477,
        "15,17": 74.26957924590721,
        "15,18": 81.58787000395378,
        "15,19": 19.3822039677131,
        "15,20": 70.33733722491878,
        "15,21": 45.46328727282527,
        "15,22": 78.28133454400793,
        "15,23": 80.64421881748225,
        "15,24": 34.04955871522965,
        "15,25": 75.93965810396227,
        "15,26": 49.798738450639334,
        "15,27": 87.4636981347112,
        "15,28": 35.11641493849951,
        "15,29": 20.191028493608,
        "15,30": 45.42370668603761,
        "15,31": 58.46377297631971,
        "15,32": 50.276931977901526,
        "15,33": 83.26727830834515,
        "15,34": 89.24232651194306,
        "15,35": 21.503311852200767,
        "15,36": 92.23023059221305,
        "15,37": 42.32960568026601,
        "15,38": 49.51437568412009,
        "15,39": 31.92881569568226,
        "15,40": 57.36724616395244,
        "15,41": 85.56358976949979,
        "15,42": 21.007854068107275,
        "15,43": 91.46694119688524,
        "15,44": 80.26666596874246,
        "15,45": 38.49237890650236,
        "15,46": 85.89062660758398,
        "15,47": 40.33926806268482,
        "15,48": 81.57962915645848,
        "15,49": 39.580253947264076,
        "15,50": 61.25528308464793,
        "16,0": 78.96348771191222,
        "16,1": 23.525942308842684,
        "16,2": 25.854962629306346,
        "16,3": 56.51510829215264,
        "16,4": 27.19459231439435,
        "16,5": 14.215851561274171,
        "16,6": 53.504432893351066,
        "16,7": 25.42988449396385,
        "16,8": 30.9698458737491,
        "16,9": 63.12088885679044,
        "16,10": 84.779054318218,
        "16,11": 11.585599011522445,
        "16,12": 27.77942134334168,
        "16,13": 21.324735649022465,
        "16,14": 61.49808891502774,
        "16,15": 20.800927769581477,
        "16,16": 0.0,
        "16,17": 56.83548827168627,
        "16,18": 73.78201077858688,
        "16,19": 34.457506663058616,
        "16,20": 70.06268263271865,
        "16,21": 38.369626381412466,
        "16,22": 61.57980659190495,
        "16,23": 78.87859249299572,
        "16,24": 13.25193209809339,
        "16,25": 73.94464633799237,
        "16,26": 64.68828479300858,
        "16,27": 90.5146664692074,
        "16,28": 19.13332809491527,
        "16,29": 14.227510094124316,
        "16,30": 59.28557007985004,
        "16,31": 51.498627326346984,
        "16,32": 29.684453926605826,
        "16,33": 70.74625101448113,
        "16,34": 71.08412356292565,
        "16,35": 10.074538902303381,
        "16,36": 90.20336414015969,
        "16,37": 22.627069011528672,
        "16,38": 67.28771658161266,
        "16,39": 16.785872341719415,
        "16,40": 37.18128085045079,
        "16,41": 69.22210189010644,
        "16,42": 23.996376015580942,
        "16,43": 88.169027394888,
        "16,44": 67.08293628977957,
        "16,45": 50.67437618191687,
        "16,46": 72.82131856982029,
        "16,47": 51.401750170395786,
        "16,48": 72.21706916729934,
        "16,49": 29.215989636101632,
        "16,50": 56.40251692459639,
        "17,0": 119.59876813608658,
        "17,1": 50.932943888216556,
        "17,2": 36.54629199617346,
        "17,3": 87.5202357502409,
        "17,4": 83.51718887662268,
        "17,5": 64.12471955436571,
        "17,6": 66.6048118404227,
        "17,7": 82.26473376779141,
        "17,8": 32.40835554847872,
        "17,9": 60.37895558598307,
        "17,10": 62.267995790807625,
        "17,11": 65.37860468472715,
        "17,12": 31.85429960725432,
        "17,13": 57.975332827905405,
        "17,14": 91.768109338993,
        "17,15": 74.26957924590721,
        "17,16": 56.83548827168627,
        "17,17": 0.0,
        "17,18": 44.33017191826482,
        "17,19": 76.6431939386141,
        "17,20": 63.887128947972506,
        "17,21": 40.748681413503796,
        "17,22": 6.039580997409465,
        "17,23": 64.90054797289142,
        "17,24": 47.46112068835513,
        "17,25": 61.386276272371,
        "17,26": 96.0013295866595,
        "17,27": 85.67270487230773,
        "17,28": 61.62936980731674,
        "17,29": 54.70143109144757,
        "17,30": 89.88020719528085,
        "17,31": 39.71103567868584,
        "17,32": 33.57245877964488,
        "17,33": 27.027118131005583,
        "17,34": 15.431742299573393,
        "17,35": 64.7015695817698,
        "17,36": 71.64926115902465,
        "17,37": 51.23342474520317,
        "17,38": 104.98433173558969,
        "17,39": 42.34097255067616,
        "17,40": 25.81657851473285,
        "17,41": 13.485964882239658,
        "17,42": 60.21900184269979,
        "17,43": 66.65294880993103,
        "17,44": 22.66663207202115,
        "17,45": 81.05248099199032,
        "17,46": 26.394778906201264,
        "17,47": 79.3777086583417,
