{
    "num_robots": 4,
    "num_tasks": 50,
    "num_nodes": 51,
    "robot_capacity": [
        157,
        184,
        200,
        147
    ],
    "robot_speed": [
        1.1,
        1.19,
        1.07,
        0.9
    ],
    "task_demand": {
        "0": 0,
        "1": 12,
        "2": 5,
        "3": 9,
        "4": 10,
        "5": 10,
        "6": 6,
        "7": 7,
        "8": 15,
        "9": 12,
        "10": 8,
        "11": 9,
        "12": 8,
        "13": 5,
        "14": 13,
        "15": 15,
        "16": 13,
        "17": 7,
        "18": 15,
        "19": 15,
        "20": 13,
        "21": 13,
        "22": 10,
        "23": 6,
        "24": 8,
        "25": 15,
        "26": 10,
        "27": 12,
        "28": 10,
        "29": 10,
        "30": 14,
        "31": 9,
        "32": 14,
        "33": 11,
        "34": 9,
        "35": 6,
        "36": 5,
        "37": 10,
        "38": 10,
        "39": 9,
        "40": 5,
        "41": 7,
        "42": 15,
        "43": 9,
        "44": 8,
        "45": 7,
        "46": 7,
        "47": 13,
        "48": 11,
        "49": 9,
        "50": 11
    },
    "task_service_time": {
        "0": 0,
        "1": 12,
        "2": 96,
        "3": 84,
        "4": 11,
        "5": 62,
        "6": 74,
        "7": 42,
        "8": 44,
        "9": 98,
        "10": 14,
        "11": 30,
        "12": 56,
        "13": 50,
        "14": 28,
        "15": 79,
        "16": 50,
        "17": 58,
        "18": 40,
        "19": 64,
        "20": 71,
        "21": 59,
        "22": 80,
        "23": 89,
        "24": 40,
        "25": 81,
        "26": 81,
        "27": 39,
        "28": 27,
        "29": 76,
        "30": 38,
        "31": 62,
        "32": 66,
        "33": 39,
        "34": 34,
        "35": 80,
        "36": 89,
        "37": 77,
        "38": 65,
        "39": 67,
        "40": 35,
        "41": 63,
        "42": 31,
        "43": 43,
        "44": 95,
        "45": 31,
        "46": 29,
        "47": 88,
        "48": 62,
        "49": 59,
        "50": 100
    },
    "task_precedence": [],
    "coordinates": {
        "0": [
            50.0,
            50.0
        ],
        "1": [
            25.729540743367927,
            70.11707967808223
        ],
        "2": [
            68.46966175658584,
            84.9949181789459
        ],
        "3": [
            79.19021318826908,
            48.17355417851201
        ],
        "4": [
            5.748261150177192,
            93.39349050647391
        ],
        "5": [
            56.091143980849814,
            16.655712586479453
        ],
        "6": [
            96.69664875446846,
            80.72495460307219
        ],
        "7": [
            32.74618013092847,
            52.23279716216307
        ],
        "8": [
            51.968099064717435,
            48.55113411119025
        ],
        "9": [
            65.34086663876523,
            3.9523887468754793
        ],
        "10": [
            52.150133038537284,
            31.820006464205917
        ],
        "11": [
            50.53946807232359,
            68.95877619571351
        ],
        "12": [
            14.355408053294171,
            76.88142834911011
        ],
        "13": [
            29.92873110685046,
            12.153490863894334
        ],
        "14": [
            99.96695055321366,
            81.33602246433202
        ],
        "15": [
            9.884304151565015,
            94.69269779345771
        ],
        "16": [
            9.111840851632614,
            57.42351853159228
        ],
        "17": [
            94.57660618944801,
            83.81519181282445
        ],
        "18": [
            11.006932147011227,
            29.38941531271536
        ],
        "19": [
            68.90094003961487,
            57.325085949021584
        ],
        "20": [
            17.65460186506006,
            64.92552306231063
        ],
        "21": [
            62.868979158735684,
            83.36013220661184
        ],
        "22": [
            90.10635067174361,
            20.97519271661783
        ],
        "23": [
            18.712483479806664,
            64.96569597024636
        ],
        "24": [
            10.824509150359473,
            87.42843724437817
        ],
        "25": [
            87.44622997244058,
            62.067205037233684
        ],
        "26": [
            20.810500593639137,
            1.1789730824517286
        ],
        "27": [
            50.23065715833596,
            75.61698636981868
        ],
        "28": [
            51.980815114647584,
            60.33422469774138
        ],
        "29": [
            9.896639761311354,
            88.28453849196084
        ],
        "30": [
            16.93557560356468,
            18.59452042207802
        ],
        "31": [
            37.33056644886845,
            32.81544503597807
        ],
        "32": [
            79.58332604114085,
            31.116778130289546
        ],
        "33": [
            18.31822876891669,
            92.45818545697495
        ],
        "34": [
            55.09944779594439,
            71.05342974451312
        ],
        "35": [
            96.49907704014191,
            85.30840314158802
        ],
        "36": [
            19.693934362725795,
            86.11413964445049
        ],
        "37": [
            64.65082753081933,
            37.07169833764586
        ],
        "38": [
            41.58892643887204,
            92.96071056972735
        ],
        "39": [
            91.32640868383069,
            52.281444559116196
        ],
        "40": [
            60.228596993113726,
            63.10041942535327
        ],
        "41": [
            86.42639278626648,
            15.334531741053315
        ],
        "42": [
            68.34837726477868,
            34.4842333547132
        ],
        "43": [
            78.03888204534744,
            46.70744684367721
        ],
        "44": [
            53.75069112785913,
            0.7815579072290468
        ],
        "45": [
            27.317671265478015,
            89.68299723339886
        ],
        "46": [
            23.020278407069704,
            95.88842869548678
        ],
        "47": [
            70.49515318686632,
            54.89949252012535
        ],
        "48": [
            8.79672049274628,
            93.13176194495996
        ],
        "49": [
            6.577588649793098,
            74.24226972365676
        ],
        "50": [
            86.49072349467123,
            1.8110803851673518
        ]
    },
    "distance_matrix_str_keys": {
        "0,0": 0.0,
        "0,1": 31.52383363904439,
        "0,2": 39.5698458899426,
        "0,3": 29.24729817120599,
        "0,4": 61.977507287469685,
        "0,5": 33.896069655800915,
        "0,6": 55.89812018537875,
        "0,7": 17.397691894091324,
        "0,8": 2.4438957204222334,
        "0,9": 48.535808341339695,
        "0,10": 18.306699239484004,
        "0,11": 18.96644986918242,
        "0,12": 44.64468753542247,
        "0,13": 42.8393987909546,
        "0,14": 58.98001739125227,
        "0,15": 60.0558597429217,
        "0,16": 41.55659016246537,
        "0,17": 55.951237847855026,
        "0,18": 44.10505120436341,
        "0,19": 20.27072812065886,
        "0,20": 35.62297038697563,
        "0,21": 35.75624484520982,
        "0,22": 49.507159098885325,
        "0,23": 34.68257121199665,
        "0,24": 54.18124212185084,
        "0,25": 39.342566979793595,
        "0,26": 56.8816274809179,
        "0,27": 25.61802477546166,
        "0,28": 10.52234900684368,
        "0,29": 55.44353334678865,
        "0,30": 45.6021963088058,
        "0,31": 21.350022852868996,
        "0,32": 35.09628538516795,
        "0,33": 52.975769372776234,
        "0,34": 21.662208378434368,
        "0,35": 58.385336326803454,
        "0,36": 47.14539952815802,
        "0,37": 19.539389223070465,
        "0,38": 43.7763499061604,
        "0,39": 41.389334906220924,
        "0,40": 16.620625306158264,
        "0,41": 50.284955812165194,
        "0,42": 24.02918980826531,
        "0,43": 28.231539324665206,
        "0,44": 49.36114591433275,
        "0,45": 45.70807703510249,
        "0,46": 53.232069895625926,
        "0,47": 21.072644141347826,
        "0,48": 59.64946882101776,
        "0,49": 49.73121201842061,
        "0,50": 60.446214726890496,
        "1,0": 31.52383363904439,
        "1,1": 0.0,
        "1,2": 45.2555855412599,
        "1,3": 57.78894193192416,
        "1,4": 30.676421486759658,
        "1,5": 61.48125504943258,
        "1,6": 71.75553936723936,
        "1,7": 19.211475461407904,
        "1,8": 33.96398019927887,
        "1,9": 77.115649937049,
        "1,10": 46.526481856858304,
        "1,11": 24.83695152439865,
        "1,12": 13.23356744776861,
        "1,13": 58.115495592217165,
        "1,14": 75.08034158497233,
        "1,15": 29.240939253091398,
        "1,16": 20.91110815503232,
        "1,17": 70.19655758363658,
        "1,18": 43.30701846744349,
        "1,19": 45.02671230236911,
        "1,20": 9.599838435263889,
        "1,21": 39.429891276572,
        "1,22": 80.98949753324536,
        "1,23": 8.704932322853221,
        "1,24": 22.84388468664495,
        "1,25": 62.239458634625905,
        "1,26": 69.1133814610829,
        "1,27": 25.110827927362795,
        "1,28": 28.014882789020984,
        "1,29": 24.09849192919722,
        "1,30": 52.26765668334998,
        "1,31": 39.06399549959924,
        "1,32": 66.49250868870405,
        "1,33": 23.538320938552893,
        "1,34": 29.384829278453974,
        "1,35": 72.38165220712548,
        "1,36": 17.09779143485,
        "1,37": 51.05745580349553,
        "1,38": 27.809199681984445,
        "1,39": 67.97837129334158,
        "1,40": 35.205374635492106,
        "1,41": 81.76328886725625,
        "1,42": 55.5523623579013,
        "1,43": 57.308621488294705,
        "1,44": 74.78368437103596,
        "1,45": 19.630264601800587,
        "1,46": 25.913365906106492,
        "1,47": 47.281444736297054,
        "1,48": 28.572644285840937,
        "1,49": 19.591183269692834,
        "1,50": 91.42007913331166,
        "2,0": 39.5698458899426,
        "2,1": 45.2555855412599,
        "2,2": 0.0,
        "2,3": 38.350268184874714,
        "2,4": 63.28119871786815,
        "2,5": 69.45123989774127,
        "2,6": 28.548123999974546,
        "2,7": 48.47188579967776,
        "2,8": 40.00563670847976,
        "2,9": 81.10290337366041,
        "2,10": 55.622821336656436,
        "2,11": 24.055138645652118,
        "2,12": 54.71911157066665,
        "2,13": 82.40920378599499,
        "2,14": 31.709095215546544,
        "2,15": 59.38258208565717,
        "2,16": 65.44870496120296,
        "2,17": 26.133585707274758,
        "2,18": 79.9620987917992,
        "2,19": 27.6731931043306,
        "2,20": 54.634704466364376,
        "2,21": 5.834395490297323,
        "2,22": 67.5771526144981,
        "2,23": 53.63717491024903,
        "2,24": 57.69649585578788,
        "2,25": 29.76222725468696,
        "2,26": 96.41840226416456,
        "2,27": 20.508702878329977,
        "2,28": 29.665331054199974,
        "2,29": 58.66532627935098,
        "2,30": 84.05221506835659,
        "2,31": 60.76463341501211,
        "2,32": 55.01243049468384,
        "2,33": 50.703713761222346,
        "2,34": 19.31651420729822,
        "2,35": 28.031168258919386,
        "2,36": 48.788566688200575,
        "2,37": 48.07513385110289,
        "2,38": 28.036186966740278,
        "2,39": 39.90742081833166,
        "2,40": 23.39410661057204,
        "2,41": 71.93756757042057,
        "2,42": 50.510830436065135,
        "2,43": 39.465180072867625,
        "2,44": 85.48998856371018,
        "2,45": 41.41816517665926,
        "2,46": 46.73665604453598,
        "2,47": 30.16350876671568,
        "2,48": 60.22514545893739,
        "2,49": 62.819170340427206,
        "2,50": 85.11350971655172,
        "3,0": 29.24729817120599,
        "3,1": 57.78894193192416,
        "3,2": 38.350268184874714,
        "3,3": 0.0,
        "3,4": 86.2471040712111,
        "3,5": 39.07609674557584,
        "3,6": 36.96037007165305,
        "3,7": 46.621086004421514,
        "3,8": 27.224732578323547,
        "3,9": 46.339139741480096,
        "3,10": 31.600703431221365,
        "3,11": 35.39619541706753,
        "3,12": 70.90623383233002,
        "3,13": 61.025720627019176,
        "3,14": 39.13338879192424,
        "3,15": 83.47059212723869,
        "3,16": 70.6862087672377,
        "3,17": 38.820966279091564,
        "3,18": 70.72343095806852,
        "3,19": 13.770246028094878,
        "3,20": 63.775072892195176,
        "3,21": 38.787600513235624,
        "3,22": 29.307216240543358,
        "3,23": 62.76568980457037,
        "3,24": 78.83410006535163,
        "3,25": 16.1615391384787,
        "3,26": 74.94452278202712,
        "3,27": 39.897341463933195,
        "3,28": 29.803242290161176,
        "3,29": 80.06553803523038,
        "3,30": 68.92430006004524,
        "3,31": 44.58813229528008,
        "3,32": 17.06130554425155,
        "3,33": 75.27633794639121,
        "3,34": 33.22429356816671,
        "3,35": 40.97064528846399,
        "3,36": 70.56412133361381,
        "3,37": 18.29330310270481,
        "3,38": 58.47859559549598,
        "3,39": 12.812572126062364,
        "3,40": 24.13201597110642,
        "3,41": 33.626829910391336,
        "3,42": 17.46261466129225,
        "3,43": 1.8641443393465211,
        "3,44": 53.78820124562061,
        "3,45": 66.43639415454913,
        "3,46": 73.70054832560501,
        "3,47": 10.99283016348286,
        "3,48": 83.52535099863827,
        "3,49": 77.15031544031014,
        "3,50": 46.93374507720916,
        "4,0": 61.977507287469685,
        "4,1": 30.676421486759658,
        "4,2": 63.28119871786815,
        "4,3": 86.2471040712111,
        "4,4": 0.0,
        "4,5": 91.77740687010731,
        "4,6": 91.8264722711059,
        "4,7": 49.22489518399816,
        "4,8": 64.3980616472888,
        "4,9": 107.47552890258012,
        "4,10": 77.10011447363236,
        "4,11": 51.02261734751574,
        "4,12": 18.620718957668682,
        "4,13": 84.76221250800329,
        "4,14": 94.98707263840238,
        "4,15": 4.335295985729348,
        "4,16": 36.12689513758154,
        "4,17": 89.34326325068118,
        "4,18": 64.2197419962214,
        "4,19": 72.72682213758878,
        "4,20": 30.857513179464377,
        "4,21": 57.99521277300972,
        "4,22": 111.17867206667333,
        "4,23": 31.24436849747539,
        "4,24": 7.832633923463652,
        "4,25": 87.49796723915279,
        "4,26": 93.43654681545905,
        "4,27": 47.90289817899518,
        "4,28": 56.83629211947326,
        "4,29": 6.581066462809239,
        "4,30": 75.63095880897798,
        "4,31": 68.31648118137528,
        "4,32": 96.59195469519607,
        "4,33": 12.604716635917594,
        "4,34": 54.172114027361445,
        "4,35": 91.11025860127997,
        "4,36": 15.731203079346372,
        "4,37": 81.4963594238087,
        "4,38": 35.84327812589002,
        "4,39": 94.94113785535446,
        "4,40": 62.33600203000656,
        "4,41": 112.25935136028438,
        "4,42": 85.95972961645388,
        "4,43": 86.05533418849633,
        "4,44": 104.31300658848508,
        "4,45": 21.88623341398827,
        "4,46": 17.451283525557297,
        "4,47": 75.32561257224322,
        "4,48": 3.0596741988664276,
        "4,49": 19.169169037123822,
        "4,50": 122.09292800600382,
        "5,0": 33.896069655800915,
        "5,1": 61.48125504943258,
        "5,2": 69.45123989774127,
        "5,3": 39.07609674557584,
        "5,4": 91.77740687010731,
        "5,5": 0.0,
        "5,6": 75.8529814213067,
        "5,7": 42.55251207695592,
        "5,8": 32.16080554991479,
        "5,9": 15.714063949920929,
        "5,10": 15.668036764619856,
        "5,11": 52.59687793305696,
        "5,12": 73.273518357834,
        "5,13": 26.5469743629839,
        "5,14": 78.15771803392495,
        "5,15": 90.69092075397252,
        "5,16": 62.201840198544396,
        "5,17": 77.40495107784324,
        "5,18": 46.847981192347866,
        "5,19": 42.63905257822932,
        "5,20": 61.70366580027106,
        "5,21": 67.047883236962,
        "5,22": 34.28836821458388,
        "5,23": 61.08206574267178,
        "5,24": 84.01099204496818,
        "5,25": 55.18464518455256,
        "5,26": 38.52600762460425,
        "5,27": 59.25181104363599,
        "5,28": 43.87148531383443,
        "5,29": 85.23274558927876,
        "5,30": 39.20353951841122,
        "5,31": 24.760779918509485,
        "5,32": 27.586319700464422,
        "5,33": 84.69243187493257,
        "5,34": 54.406755952993436,
        "5,35": 79.6617409713077,
        "5,36": 78.4170259405006,
        "5,37": 22.13776539462483,
        "5,38": 77.67088921119878,
        "5,39": 50.107051971506785,
        "5,40": 46.628631877609536,
        "5,41": 30.364005646700402,
        "5,42": 21.6355245039263,
        "5,43": 37.2130345176664,
        "5,44": 16.045762878026082,
        "5,45": 78.49138191549717,
        "5,46": 85.85747172966127,
        "5,47": 40.86639432125306,
        "5,48": 89.9185665952968,
        "5,49": 75.94605799141257,
        "5,50": 33.830423287469856,
        "6,0": 55.89812018537875,
        "6,1": 71.75553936723936,
        "6,2": 28.548123999974546,
        "6,3": 36.96037007165305,
        "6,4": 91.8264722711059,
        "6,5": 75.8529814213067,
        "6,6": 0.0,
        "6,7": 70.01046688037385,
        "6,8": 55.09807512420346,
        "6,9": 82.92895718765257,
        "6,10": 66.15199176816147,
        "6,11": 47.63326865582459,
        "6,12": 82.43089599339325,
        "6,13": 95.70789134827118,
        "6,14": 3.3269021305023094,
        "6,15": 87.9288406911283,
        "6,16": 90.63142665968533,
        "6,17": 3.7475520663542334,
        "6,18": 99.89026542410477,
        "6,19": 36.333941101782614,
        "6,20": 80.60562767870893,
        "6,21": 33.93015460147891,
        "6,22": 60.11211254237503,
        "6,23": 79.56056979586094,
        "6,24": 86.13339096836877,
        "6,25": 20.825029808008466,
        "6,26": 109.93757619106503,
        "6,27": 46.745905857987,
        "6,28": 49.14557603870656,
        "6,29": 87.12857665419136,
        "6,30": 101.10400408343217,
        "6,31": 76.28664912863034,
        "6,32": 52.47701389413503,
        "6,33": 79.25178500010279,
        "6,34": 42.706738586241414,
        "6,35": 4.5877047733615965,
        "6,36": 77.19107033269138,
        "6,37": 54.15294489197299,
        "6,38": 56.44975449803498,
        "6,39": 28.946031542111417,
        "6,40": 40.50361761002959,
        "6,41": 66.19203547048565,
        "6,42": 54.23862828300138,
        "6,43": 38.79823569097546,
        "6,44": 90.74856446101762,
        "6,45": 69.95490722733174,
        "6,46": 75.22059886838436,
        "6,47": 36.789575449803706,
        "6,48": 88.77120173138711,
        "6,49": 90.35192414882978,
        "6,50": 79.57110313730652,
        "7,0": 17.397691894091324,
        "7,1": 19.211475461407904,
        "7,2": 48.47188579967776,
        "7,3": 46.621086004421514,
        "7,4": 49.22489518399816,
        "7,5": 42.55251207695592,
        "7,6": 70.01046688037385,
        "7,7": 0.0,
        "7,8": 19.57132622787871,
        "7,9": 58.25299498988124,
        "7,10": 28.16372511794749,
        "7,11": 24.42047236226535,
        "7,12": 30.75346349602971,
        "7,13": 40.17821315531245,
        "7,14": 73.25045869586333,
        "7,15": 48.223526778069754,
        "7,16": 24.197635866007985,
        "7,17": 69.4294551213545,
        "7,18": 31.534346310426777,
        "7,19": 36.51161553729884,
        "7,20": 19.719559460878145,
        "7,21": 43.31620953221821,
        "7,22": 65.32401549312141,
        "7,23": 18.949178181456745,
        "7,24": 41.464355045956616,
        "7,25": 55.57707288907144,
        "7,26": 52.430462511587486,
        "7,27": 29.198069145431127,
        "7,28": 20.87113583567357,
        "7,29": 42.68289526277958,
        "7,30": 37.16865450299813,
        "7,31": 19.951194488159757,
        "7,32": 51.37708143490606,
        "7,33": 42.734618799902336,
        "7,34": 29.22130705672939,
        "7,35": 71.82219416881503,
        "7,36": 36.308490577213746,
        "7,37": 35.32372351944426,
        "7,38": 41.6768172105393,
        "7,39": 58.58024875228416,
        "7,40": 29.553146198709737,
        "7,41": 65.13867685030894,
        "7,42": 39.78099996210064,
        "7,43": 45.628481706609556,
        "7,44": 55.573550391248574,
        "7,45": 37.841593437352294,
        "7,46": 44.725913393864715,
        "7,47": 37.84304732589725,
        "7,48": 47.39516786831099,
        "7,49": 34.193743032047465,
        "7,50": 73.69413452993933,
        "8,0": 2.4438957204222334,
        "8,1": 33.96398019927887,
        "8,2": 40.00563670847976,
        "8,3": 27.224732578323547,
        "8,4": 64.3980616472888,
        "8,5": 32.16080554991479,
        "8,6": 55.09807512420346,
        "8,7": 19.57132622787871,
        "8,8": 0.0,
        "8,9": 46.5604875474956,
        "8,10": 16.73211787871781,
        "8,11": 20.457586415861307,
        "8,12": 47.08842848012573,
        "8,13": 42.55023118550215,
        "8,14": 58.12691845042784,
        "8,15": 62.45069810127839,
        "8,16": 43.765032541173696,
        "8,17": 55.30857659515749,
        "8,18": 45.221550864294954,
        "8,19": 19.07100769056919,
        "8,20": 38.020214407515745,
        "8,21": 36.47595831820224,
        "8,22": 47.063348578673484,
        "8,23": 37.086032531886445,
        "8,24": 56.60600400973948,
        "8,25": 37.96553629258221,
        "8,26": 56.700243235965694,
        "8,27": 27.121560848593354,
        "8,28": 11.783097447988606,
        "8,29": 57.86839475572131,
        "8,30": 46.09421225896939,
        "8,31": 21.491144030781484,
        "8,32": 32.65819237845462,
        "8,33": 55.318558629139886,
        "8,34": 22.719125283470277,
        "8,35": 57.74170785507455,
        "8,36": 49.52374270895751,
        "8,37": 17.106403684696613,
        "8,38": 45.60633405157392,
        "8,39": 39.53469048964325,
        "8,40": 16.730736062049367,
        "8,41": 47.86143206399421,
        "8,42": 21.591461525426578,
        "8,43": 26.13589309672613,
        "8,44": 47.802824656809065,
        "8,45": 47.95282843159119,
        "8,46": 55.48689736674602,
        "8,47": 19.58451911417104,
        "8,48": 62.05803981642937,
        "8,49": 52.15681053118087,
        "8,50": 58.10717872899311,
        "9,0": 48.535808341339695,
        "9,1": 77.115649937049,
        "9,2": 81.10290337366041,
        "9,3": 46.339139741480096,
        "9,4": 107.47552890258012,
        "9,5": 15.714063949920929,
        "9,6": 82.92895718765257,
        "9,7": 58.25299498988124,
        "9,8": 46.5604875474956,
        "9,9": 0.0,
        "9,10": 30.831794792899295,
        "9,11": 66.6701718062216,
        "9,12": 88.98405365274776,
        "9,13": 36.34937989656043,
        "9,14": 84.77731096565813,
        "9,15": 106.3448823816454,
        "9,16": 77.594233428935,
        "9,17": 85.04584516968424,
        "9,18": 59.9934892956349,
        "9,19": 53.49129769646098,
        "9,20": 77.40609120938745,
        "9,21": 79.44620789616852,
        "9,22": 30.051706347227324,
        "9,23": 76.79081829458579,
        "9,24": 99.70097244541337,
        "9,25": 62.17699703729573,
        "9,26": 44.61664862537963,
        "9,27": 73.2402415547683,
        "9,28": 57.94309624034111,
        "9,29": 100.92558533229361,
        "9,30": 50.57137747972104,
        "9,31": 40.220056378329915,
        "9,32": 30.671675865561316,
        "9,33": 100.22177669313375,
        "9,34": 67.8780992874781,
        "9,35": 87.11851211774183,
        "9,36": 93.99040236518033,
        "9,37": 33.12649727544085,
        "9,38": 92.12293968919832,
        "9,39": 54.87208790522321,
        "9,40": 59.36855088404972,
        "9,41": 23.961481424504417,
        "9,42": 30.67961302433153,
        "9,43": 44.60083618192254,
        "9,44": 12.016086575389698,
        "9,45": 93.78433034289218,
        "9,46": 101.20902938823876,
        "9,47": 51.20716798166276,
        "9,48": 105.59451248708702,
        "9,49": 91.61763044163114,
        "9,50": 21.25797842047157,
        "10,0": 18.306699239484004,
        "10,1": 46.526481856858304,
        "10,2": 55.622821336656436,
        "10,3": 31.600703431221365,
        "10,4": 77.10011447363236,
        "10,5": 15.668036764619856,
        "10,6": 66.15199176816147,
        "10,7": 28.16372511794749,
        "10,8": 16.73211787871781,
        "10,9": 30.831794792899295,
        "10,10": 0.0,
        "10,11": 37.17367965110977,
        "10,12": 58.81303409108803,
        "10,13": 29.674274037739725,
        "10,14": 68.835193598599,
        "10,15": 75.75866687373923,
        "10,16": 50.07828296327839,
        "10,17": 67.10815839718852,
        "10,18": 41.21493361569535,
        "10,19": 30.513908545352148,
        "10,20": 47.81126331909381,
        "10,21": 52.642931374416314,
        "10,22": 39.47511168114916,
        "10,23": 47.08198318723753,
        "10,24": 69.28278836464611,
        "10,25": 46.48341080733717,
        "10,26": 43.82973292735294,
        "10,27": 43.839021847063634,
        "10,28": 28.51472093549289,
        "10,29": 70.52376245806755,
        "10,30": 37.61620045128833,
        "10,31": 14.852961046734098,
        "10,32": 27.44220487511381,
        "10,33": 69.43764467540548,
        "10,34": 39.344122303464985,
        "10,35": 69.48264109239403,
        "10,36": 63.2554956527722,
        "10,37": 13.559042382223229,
        "10,38": 62.04615043143078,
        "10,39": 44.197862192054664,
        "10,40": 32.3067456560593,
        "10,41": 38.03462710664459,
        "10,42": 16.41588319089365,
        "10,43": 29.864078860563,
        "10,44": 31.079689107540847,
        "10,45": 62.96647408316713,
        "10,46": 70.3797638391613,
        "10,47": 29.48223941372123,
        "10,48": 75.09094312563482,
        "10,49": 62.26158705107196,
        "10,50": 45.60495364862373,
        "11,0": 18.96644986918242,
        "11,1": 24.83695152439865,
        "11,2": 24.055138645652118,
        "11,3": 35.39619541706753,
        "11,4": 51.02261734751574,
        "11,5": 52.59687793305696,
        "11,6": 47.63326865582459,
        "11,7": 24.42047236226535,
        "11,8": 20.457586415861307,
        "11,9": 66.6701718062216,
        "11,10": 37.17367965110977,
        "11,11": 0.0,
        "11,12": 37.04125560242853,
        "11,13": 60.428825240023585,
        "11,14": 50.9536284242126,
        "11,15": 48.11524783499088,
        "11,16": 43.00360992421687,
        "11,17": 46.47561315932293,
        "11,18": 55.933493698990915,
        "11,19": 21.73675232323353,
        "11,20": 33.13127761357426,
        "11,21": 18.958267288510207,
        "11,22": 62.192945597805796,
        "11,23": 32.07649665938172,
        "11,24": 43.799615768016245,
        "11,25": 37.54467774511213,
        "11,26": 74.01292601580624,
        "11,27": 6.665367724526187,
        "11,28": 8.74416204319142,
        "11,29": 45.003606316043964,
        "11,30": 60.545683980644625,
        "11,31": 38.481365222928595,
        "11,32": 47.70285634316232,
        "11,33": 39.880201828421995,
        "11,34": 5.0180662181094915,
        "11,35": 48.78110246544283,
        "11,36": 35.29523260850103,
        "11,37": 34.8699899640557,
        "11,38": 25.616499550614183,
        "11,39": 44.06481493168509,
        "11,40": 11.322524598892137,
        "11,41": 64.52465388328216,
        "11,42": 38.802723496181,
        "11,43": 35.37427634302264,
        "11,44": 68.25280248508528,
        "11,45": 31.124671637742033,
        "11,46": 38.50340223396837,
        "11,47": 24.41091612089645,
        "11,48": 48.23681390313397,
        "11,49": 44.278235581614226,
        "11,50": 76.16630369860755,
        "12,0": 44.64468753542247,
        "12,1": 13.23356744776861,
        "12,2": 54.71911157066665,
        "12,3": 70.90623383233002,
        "12,4": 18.620718957668682,
        "12,5": 73.273518357834,
        "12,6": 82.43089599339325,
        "12,7": 30.75346349602971,
        "12,8": 47.08842848012573,
        "12,9": 88.98405365274776,
        "12,10": 58.81303409108803,
        "12,11": 37.04125560242853,
        "12,12": 0.0,
        "12,13": 66.5750274654125,
        "12,14": 85.7273562985987,
        "12,15": 18.36388001810097,
        "12,16": 20.152053281613703,
        "12,17": 80.52029375362955,
        "12,18": 47.60991066095426,
        "12,19": 57.94536726728233,
        "12,20": 12.402755783877792,
        "12,21": 48.94425589459848,
        "12,22": 94.14729146491348,
        "12,23": 12.687347413743387,
        "12,24": 11.122348839144056,
        "12,25": 74.57700356779237,
        "12,26": 75.97716731429799,
        "12,27": 35.89752514962272,
        "12,28": 41.10329920106675,
        "12,29": 12.24383663773642,
        "12,30": 58.343987696092434,
        "12,31": 49.69576228065084,
        "12,32": 79.681142654208,
        "12,33": 16.07293719335656,
        "12,34": 41.15874563547637,
        "12,35": 82.57479190875307,
        "12,36": 10.665027942748178,
        "12,37": 64.14393053131289,
        "12,38": 31.626062676025068,
        "12,39": 80.80652288357678,
        "12,40": 47.89849340496055,
        "12,41": 94.77471879390178,
        "12,42": 68.64956567717839,
        "12,43": 70.47023499029028,
        "12,44": 85.69234860707336,
        "12,45": 18.218134742094886,
        "12,46": 20.888897539480176,
        "12,47": 60.289936858915695,
        "12,48": 17.174759077559028,
        "12,49": 8.213381333152784,
        "12,50": 104.11081056861681,
        "13,0": 42.8393987909546,
        "13,1": 58.115495592217165,
        "13,2": 82.40920378599499,
        "13,3": 61.025720627019176,
        "13,4": 84.76221250800329,
        "13,5": 26.5469743629839,
        "13,6": 95.70789134827118,
        "13,7": 40.17821315531245,
        "13,8": 42.55023118550215,
        "13,9": 36.34937989656043,
        "13,10": 29.674274037739725,
        "13,11": 60.428825240023585,
        "13,12": 66.5750274654125,
        "13,13": 0.0,
        "13,14": 98.44579656776862,
        "13,15": 84.93821126281773,
        "13,16": 49.82688355628838,
        "13,17": 96.51293765909848,
        "13,18": 25.595147342456137,
        "13,19": 59.65992014437946,
        "13,20": 54.180638894303016,
        "13,21": 78.4566486222177,
        "13,22": 60.8207885519035,
        "13,23": 53.99012149483052,
        "13,24": 77.66137295430457,
        "13,25": 76.15537760612168,
        "13,26": 14.268222321903243,
        "13,27": 66.63170013762567,
        "13,28": 52.987522322287866,
        "13,29": 78.7224307082991,
        "13,30": 14.502032674834295,
        "13,31": 21.9477451379324,
        "13,32": 53.152469952357656,
        "13,33": 81.13968041733413,
        "13,34": 64.0528514492779,
        "13,35": 98.91032376873079,
        "13,36": 74.66544470124268,
        "13,37": 42.738051473836734,
        "13,38": 81.64414805586293,
        "13,39": 73.34798892684577,
        "13,40": 59.2762296588771,
        "13,41": 56.58714338349223,
        "13,42": 44.43794854729087,
        "13,43": 59.233119934524254,
        "13,44": 26.3970952646958,
        "13,45": 77.57346190156962,
        "13,46": 84.01944139522567,
        "13,47": 58.93093634050373,
        "13,48": 83.69015629017048,
        "13,49": 66.33469917280298,
        "13,50": 57.499777716008396,
        "14,0": 58.98001739125227,
        "14,1": 75.08034158497233,
        "14,2": 31.709095215546544,
        "14,3": 39.13338879192424,
        "14,4": 94.98707263840238,
        "14,5": 78.15771803392495,
        "14,6": 3.3269021305023094,
        "14,7": 73.25045869586333,
        "14,8": 58.12691845042784,
        "14,9": 84.77731096565813,
        "14,10": 68.835193598599,
        "14,11": 50.9536284242126,
        "14,12": 85.7273562985987,
        "14,13": 98.44579656776862,
        "14,14": 0.0,
        "14,15": 91.06746926631999,
        "14,16": 93.94923524552833,
        "14,17": 5.9331351761513496,
        "14,18": 103.01618741438777,
        "14,19": 39.26349553431659,
        "14,20": 83.93227768376077,
        "14,21": 37.15314928554911,
        "14,22": 61.16094503729472,
        "14,23": 82.88712812558018,
        "14,24": 89.35039102943769,
        "14,25": 22.97946406904746,
        "14,26": 112.65387758888649,
        "14,27": 50.06402155751875,
        "14,28": 52.38076654419233,
        "14,29": 90.3379364449736,
        "14,30": 104.07067456564005,
        "14,31": 79.23107375044188,
        "14,32": 54.1983823534562,
        "14,33": 82.40276863458199,
        "14,34": 46.03069103017288,
        "14,35": 5.273135210451315,
        "14,36": 80.41509517562775,
        "14,37": 56.62648616791635,
        "14,38": 59.524172174355954,
        "14,39": 30.312166881416044,
        "14,40": 43.722693899881314,
        "14,41": 67.37613436770529,
        "14,42": 56.52277699802383,
        "14,43": 40.987540033540476,
        "14,44": 92.87068641586123,
        "14,45": 73.12721633443225,
        "14,46": 78.31068178404986,
        "14,47": 39.59137476135395,
        "14,48": 91.93013825276994,
        "14,49": 93.65839121335524,
        "14,50": 80.65869518178363,
        "15,0": 60.0558597429217,
        "15,1": 29.240939253091398,
        "15,2": 59.38258208565717,
        "15,3": 83.47059212723869,
        "15,4": 4.335295985729348,
        "15,5": 90.69092075397252,
        "15,6": 87.9288406911283,
        "15,7": 48.223526778069754,
        "15,8": 62.45069810127839,
        "15,9": 106.3448823816454,
        "15,10": 75.75866687373923,
        "15,11": 48.11524783499088,
        "15,12": 18.36388001810097,
        "15,13": 84.93821126281773,
        "15,14": 91.06746926631999,
        "15,15": 0.0,
        "15,16": 37.27718367048137,
        "15,17": 85.38797433382942,
        "15,18": 65.31293131054363,
        "15,19": 69.85199872945009,
        "15,20": 30.764626083067995,
        "15,21": 54.18304927184939,
        "15,22": 108.94882882637891,
        "15,23": 31.010181999607873,
        "15,24": 7.324852678700878,
        "15,25": 84.14437066512191,
        "15,26": 94.14987242697997,
        "15,27": 44.628589124740735,
        "15,28": 54.33802451998042,
        "15,29": 6.408171174416974,
        "15,30": 76.42416521189976,
        "15,31": 67.69114951679727,
        "15,32": 94.33902274976768,
        "15,33": 8.724914316660323,
        "15,34": 51.021801307595105,
        "15,35": 87.12166130562976,
        "15,36": 13.03151966562674,
        "15,37": 79.49560781160855,
        "15,38": 31.751895283966448,
        "15,39": 91.82336735032065,
        "15,40": 59.43584671057873,
        "15,41": 110.25611026951515,
        "15,42": 83.92322107175555,
        "15,43": 83.35244925371458,
        "15,44": 103.65115581162033,
        "15,45": 18.138891604227563,
        "15,46": 13.190284001163478,
        "15,47": 72.50637355919582,
        "15,48": 1.902461284245999,
        "15,49": 20.716041505262567,
        "15,50": 120.39741831514438,
        "16,0": 41.55659016246537,
        "16,1": 20.91110815503232,
        "16,2": 65.44870496120296,
        "16,3": 70.6862087672377,
        "16,4": 36.12689513758154,
        "16,5": 62.201840198544396,
        "16,6": 90.63142665968533,
        "16,7": 24.197635866007985,
        "16,8": 43.765032541173696,
        "16,9": 77.594233428935,
        "16,10": 50.07828296327839,
        "16,11": 43.00360992421687,
        "16,12": 20.152053281613703,
        "16,13": 49.82688355628838,
        "16,14": 93.94923524552833,
        "16,15": 37.27718367048137,
        "16,16": 0.0,
        "16,17": 89.44689224803263,
        "16,18": 28.098083819087467,
        "16,19": 59.789180214179986,
        "16,20": 11.369205676363437,
        "16,21": 59.68699898550956,
        "16,22": 88.81774077128168,
        "16,23": 12.208881168643396,
        "16,24": 30.053758162039454,
        "16,25": 78.47190798810001,
        "16,26": 57.44830313020291,
        "16,27": 44.96397809852895,
        "16,28": 42.96767581273973,
        "16,29": 30.870997106068668,
        "16,30": 39.60936656470602,
        "16,31": 37.44133752281886,
        "16,32": 75.2215050059264,
        "16,33": 36.224100610726225,
        "16,34": 47.96492960629274,
        "16,35": 91.72838076832647,
        "16,36": 30.579935299459116,
        "16,37": 59.150449081622405,
        "16,38": 48.14200978559335,
        "16,39": 82.37521525661413,
        "16,40": 51.43102139939699,
        "16,41": 88.02853372576054,
        "16,42": 63.52305133297805,
        "16,43": 69.7550801027466,
        "16,44": 72.11753363333554,
        "16,45": 37.04222222235069,
        "16,46": 40.90224870529697,
        "16,47": 61.43518324666588,
        "16,48": 35.70963383330752,
        "16,49": 17.00861034544265,
        "16,50": 95.29026579706388,
        "17,0": 55.951237847855026,
        "17,1": 70.19655758363658,
        "17,2": 26.133585707274758,
        "17,3": 38.820966279091564,
        "17,4": 89.34326325068118,
        "17,5": 77.40495107784324,
        "17,6": 3.7475520663542334,
        "17,7": 69.4294551213545,
        "17,8": 55.30857659515749,
        "17,9": 85.04584516968424,
        "17,10": 67.10815839718852,
        "17,11": 46.47561315932293,
        "17,12": 80.52029375362955,
        "17,13": 96.51293765909848,
        "17,14": 5.9331351761513496,
        "17,15": 85.38797433382942,
        "17,16": 89.44689224803263,
        "17,17": 0.0,
        "17,18": 99.72991310133064,
        "17,19": 36.89126645851523,
        "17,20": 79.20741338274655,
        "17,21": 31.710892311065066,
        "17,22": 62.99879896319307,
        "17,23": 78.17076568655887,
        "17,24": 83.83000239170667,
        "17,25": 22.88705297296566,
        "17,26": 110.7708579944474,
        "17,27": 45.09738094341752,
        "17,28": 48.63905050417474,
        "17,29": 84.7978288283884,
        "17,30": 101.39953455069603,
        "17,31": 76.66865876798985,
        "17,32": 54.789791515036846,
        "17,33": 76.74660556627262,
        "17,34": 41.48865635223637,
        "17,35": 2.4342502427062773,
        "17,36": 74.91795312901384,
        "17,37": 55.50230995723781,
        "17,38": 53.7711327636164,
        "17,39": 31.700804401249414,
        "17,40": 40.11094028835778,
        "17,41": 68.96395277522069,
        "17,42": 55.870058662227656,
        "17,43": 40.62611298858949,
        "17,44": 92.52750780273136,
        "17,45": 67.51440933282727,
