{
    "num_robots": 6,
    "num_tasks": 60,
    "num_nodes": 61,
    "robot_capacity": [
        133,
        168,
        153,
        146,
        167,
        117
    ],
    "robot_speed": [
        1.12,
        1.11,
        1.17,
        0.89,
        0.86,
        0.93
    ],
    "task_demand": {
        "0": 0,
        "1": 7,
        "2": 9,
        "3": 5,
        "4": 13,
        "5": 11,
        "6": 9,
        "7": 8,
        "8": 5,
        "9": 9,
        "10": 6,
        "11": 14,
        "12": 11,
        "13": 8,
        "14": 12,
        "15": 15,
        "16": 9,
        "17": 12,
        "18": 14,
        "19": 8,
        "20": 15,
        "21": 11,
        "22": 5,
        "23": 9,
        "24": 14,
        "25": 6,
        "26": 6,
        "27": 11,
        "28": 11,
        "29": 15,
        "30": 11,
        "31": 5,
        "32": 10,
        "33": 15,
        "34": 13,
        "35": 9,
        "36": 6,
        "37": 12,
        "38": 14,
        "39": 11,
        "40": 6,
        "41": 15,
        "42": 5,
        "43": 8,
        "44": 15,
        "45": 7,
        "46": 13,
        "47": 14,
        "48": 11,
        "49": 10,
        "50": 7,
        "51": 10,
        "52": 13,
        "53": 5,
        "54": 10,
        "55": 15,
        "56": 10,
        "57": 8,
        "58": 6,
        "59": 13,
        "60": 14
    },
    "task_service_time": {
        "0": 0,
        "1": 81,
        "2": 83,
        "3": 40,
        "4": 19,
        "5": 62,
        "6": 42,
        "7": 34,
        "8": 49,
        "9": 20,
        "10": 87,
        "11": 67,
        "12": 83,
        "13": 39,
        "14": 52,
        "15": 49,
        "16": 59,
        "17": 30,
        "18": 15,
        "19": 93,
        "20": 34,
        "21": 42,
        "22": 88,
        "23": 47,
        "24": 93,
        "25": 61,
        "26": 66,
        "27": 91,
        "28": 86,
        "29": 73,
        "30": 39,
        "31": 28,
        "32": 21,
        "33": 16,
        "34": 49,
        "35": 48,
        "36": 42,
        "37": 21,
        "38": 54,
        "39": 62,
        "40": 11,
        "41": 24,
        "42": 20,
        "43": 81,
        "44": 27,
        "45": 74,
        "46": 27,
        "47": 91,
        "48": 52,
        "49": 89,
        "50": 53,
        "51": 14,
        "52": 96,
        "53": 36,
        "54": 91,
        "55": 71,
        "56": 63,
        "57": 25,
        "58": 79,
        "59": 45,
        "60": 52
    },
    "task_precedence": [],
    "coordinates": {
        "0": [
            0,
            100
        ],
        "1": [
            46.593246321944605,
            44.84441068315805
        ],
        "2": [
            55.40488226236826,
            7.4015423672230245
        ],
        "3": [
            37.68410810339676,
            36.10715962545387
        ],
        "4": [
            84.08731513621962,
            22.560900040247578
        ],
        "5": [
            32.31619902577063,
            84.49239689743754
        ],
        "6": [
            63.907883051063465,
            30.930173223312863
        ],
        "7": [
            74.2051736110963,
            70.38161763926595
        ],
        "8": [
            92.86376431747114,
            17.293873486283385
        ],
        "9": [
            38.82591749945937,
            18.30557703779189
        ],
        "10": [
            34.598318560719335,
            94.66476299970277
        ],
        "11": [
            54.283460526705255,
            93.5381625239184
        ],
        "12": [
            28.200582757039825,
            0.9540163280587599
        ],
        "13": [
            51.503359646790756,
            53.8601048493312
        ],
        "14": [
            55.969020779906884,
            8.262437271666434
        ],
        "15": [
            96.7055754752307,
            61.02396364690139
        ],
        "16": [
            40.79158901499549,
            92.63724557720114
        ],
        "17": [
            60.509969961473445,
            43.343715080486525
        ],
        "18": [
            80.7378842961779,
            41.36698915082173
        ],
        "19": [
            19.558549045146645,
            3.2516213305162744
        ],
        "20": [
            69.66747829666932,
            7.062116790740425
        ],
        "21": [
            45.53910136285333,
            54.10970568231033
        ],
        "22": [
            18.484356851261317,
            11.01701569076945
        ],
        "23": [
            32.77730506864813,
            85.3204596356561
        ],
        "24": [
            71.22126572717295,
            11.82719928579905
        ],
        "25": [
            15.388169527782225,
            11.761512379522099
        ],
        "26": [
            80.90193269745114,
            2.6902811883197875
        ],
        "27": [
            62.16238080376676,
            82.79272789694637
        ],
        "28": [
            77.20740315710985,
            44.98496501485734
        ],
        "29": [
            92.14599039861127,
            55.312815047126854
        ],
        "30": [
            53.61384030842133,
            36.43368448727401
        ],
        "31": [
            77.61507703659974,
            79.74171906598045
        ],
        "32": [
            36.976230430105204,
            4.414577041002287
        ],
        "33": [
            31.747379122879003,
            37.90302469884291
        ],
        "34": [
            63.95575672869025,
            53.28229217754548
        ],
        "35": [
            77.49859798940028,
            20.310470311057937
        ],
        "36": [
            50.658828354340834,
            30.310812774485484
        ],
        "37": [
            52.67287119836248,
            26.117787110963675
        ],
        "38": [
            91.96024826565822,
            72.19208747720904
        ],
        "39": [
            32.70406936095432,
            79.4929832132421
        ],
        "40": [
            69.16853144630001,
            38.071407195051854
        ],
        "41": [
            32.52643759939604,
            16.694864487688733
        ],
        "42": [
            4.244864245224189,
            81.88144824939329
        ],
        "43": [
            37.491145790828526,
            33.980486529967116
        ],
        "44": [
            23.994248146440366,
            82.30690915651277
        ],
        "45": [
            22.16558563997112,
            84.98582087576256
        ],
        "46": [
            47.48357785888218,
            59.588960116756894
        ],
        "47": [
            58.80670088781038,
            54.970467465823646
        ],
        "48": [
            90.49688057359432,
            38.12517779468111
        ],
        "49": [
            49.65064507730832,
            15.116951293781678
        ],
        "50": [
            34.618485487023435,
            23.528729330704966
        ],
        "51": [
            98.77656588529382,
            35.524058365127985
        ],
        "52": [
            32.20485624378365,
            36.10178134023025
        ],
        "53": [
            99.83838326186843,
            28.068658741151086
        ],
        "54": [
            19.84053942085574,
            9.161761703661874
        ],
        "55": [
            52.191716861839446,
            11.285773779879815
        ],
        "56": [
            49.14361117981528,
            47.65647321973948
        ],
        "57": [
            51.51113691471144,
            51.39596299592936
        ],
        "58": [
            82.58481766148222,
            66.94995093571643
        ],
        "59": [
            41.1744576070747,
            28.502204676492227
        ],
        "60": [
            71.78322915929076,
            24.959294420869526
        ]
    },
    "distance_matrix_str_keys": {
        "0,0": 0.0,
        "0,1": 72.20159025745578,
        "0,2": 107.90818010918395,
        "0,3": 74.17807664448928,
        "0,4": 114.31312597158052,
        "0,5": 35.84442039508832,
        "0,6": 94.10025763530072,
        "0,7": 79.89778698011344,
        "0,8": 124.35426042606551,
        "0,9": 90.45126097961808,
        "0,10": 35.0072621191426,
        "0,11": 54.66671226918316,
        "0,12": 102.9824244683485,
        "0,13": 69.14828977943984,
        "0,14": 107.46307134265513,
        "0,15": 104.26456607013529,
        "0,16": 41.45074048866612,
        "0,17": 82.89385432961546,
        "0,18": 99.78194186255782,
        "0,19": 98.70555007660522,
        "0,20": 116.15079710288201,
        "0,21": 64.65082262044629,
        "0,22": 90.88257778464221,
        "0,23": 35.91435134972687,
        "0,24": 113.3442167804197,
        "0,25": 89.57023199124248,
        "0,26": 126.54763565310569,
        "0,27": 64.50001395675072,
        "0,28": 94.80314961371784,
        "0,29": 102.4100973808406,
        "0,30": 83.15720257728931,
        "0,31": 80.21532353483948,
        "0,32": 102.48811979478755,
        "0,33": 69.74188427856195,
        "0,34": 79.20153434702914,
        "0,35": 111.15958722650717,
        "0,36": 86.15625169648098,
        "0,37": 90.73595065716879,
        "0,38": 96.07271860396524,
        "0,39": 38.601734290812395,
        "0,40": 92.8409195841945,
        "0,41": 89.4299432272656,
        "0,42": 18.609158766580403,
        "0,43": 75.92207960487522,
        "0,44": 29.81223587235363,
        "0,45": 26.77197716900232,
        "0,46": 62.35176269140746,
        "0,47": 74.06677304672348,
        "0,48": 109.62745557793093,
        "0,49": 98.33777765566533,
        "0,50": 83.94221092627853,
        "0,51": 117.95743731446193,
        "0,52": 71.55511940856866,
        "0,53": 123.05210533607587,
        "0,54": 92.97974263942034,
        "0,55": 102.92807800994379,
        "0,56": 71.79790606688134,
        "0,57": 70.82195732496537,
        "0,58": 88.95255955469644,
        "0,59": 82.50618580057498,
        "0,60": 103.84574850396618,
        "1,0": 72.20159025745578,
        "1,1": 0.0,
        "1,2": 38.46574210477444,
        "1,3": 12.478473458021329,
        "1,4": 43.6160525818453,
        "1,5": 42.14020515309441,
        "1,6": 22.21266866340717,
        "1,7": 37.610736070176635,
        "1,8": 53.85158247824032,
        "1,9": 27.65214437060947,
        "1,10": 51.243983031587774,
        "1,11": 49.29727033867752,
        "1,12": 47.588410245120684,
        "1,13": 10.266058355610504,
        "1,14": 37.76434727842727,
        "1,15": 52.659505004071804,
        "1,16": 48.143683850704015,
        "1,17": 13.99740276447379,
        "1,18": 34.32125817776805,
        "1,19": 49.606803797275006,
        "1,20": 44.27100533076278,
        "1,21": 9.325069062269389,
        "1,22": 43.98184078965053,
        "1,23": 42.76903987137843,
        "1,24": 41.19072211411445,
        "1,25": 45.47785150925987,
        "1,26": 54.35123360403572,
        "1,27": 41.017956163994405,
        "1,28": 30.61447948680909,
        "1,29": 46.74013246495832,
        "1,30": 10.955777246050745,
        "1,31": 46.69235604737168,
        "1,32": 41.55789266789501,
        "1,33": 16.388490237832727,
        "1,34": 19.304264081743092,
        "1,35": 39.459536133498446,
        "1,36": 15.09153489321463,
        "1,37": 19.688785362551574,
        "1,38": 52.97225964023802,
        "1,39": 37.32871301057938,
        "1,40": 23.569409723110187,
        "1,41": 31.468588443837604,
        "1,42": 56.25946690290102,
        "1,43": 14.172970122201944,
        "1,44": 43.751040106522595,
        "1,45": 46.98982250067099,
        "1,46": 14.77140576402617,
        "1,47": 15.865229226148463,
        "1,48": 44.414830756316306,
        "1,49": 29.88426892022492,
        "1,50": 24.448991156546278,
        "1,51": 53.009129477693115,
        "1,52": 16.836250677307664,
        "1,53": 55.82535679215128,
        "1,54": 44.59774394214922,
        "1,55": 34.022418832177976,
        "1,56": 3.796321458715857,
        "1,57": 8.191976903617563,
        "1,58": 42.23799376564308,
        "1,59": 17.217170740301846,
        "1,60": 32.092882140912884,
        "2,0": 107.90818010918395,
        "2,1": 38.46574210477444,
        "2,2": 0.0,
        "2,3": 33.73482323904058,
        "2,4": 32.44207269305827,
        "2,5": 80.47413960893672,
        "2,6": 25.01794340817594,
        "2,7": 65.72625682380864,
        "2,8": 38.74307757248046,
        "2,9": 19.843387934189625,
        "2,10": 89.70943522408116,
        "2,11": 86.14391980127232,
        "2,12": 27.957905923035693,
        "2,13": 46.62209676348558,
        "2,14": 1.0292678482626871,
        "2,15": 67.68390742088023,
        "2,16": 86.47932377876913,
        "2,17": 36.302915857622494,
        "2,18": 42.372308967702935,
        "2,19": 36.085751339427404,
        "2,20": 14.266634338891242,
        "2,21": 47.73872802061342,
        "2,22": 37.09712716620344,
        "2,23": 81.13793759976082,
        "2,24": 16.42389798636995,
        "2,25": 40.25352949233803,
        "2,26": 25.92866295791206,
        "2,27": 75.69342535593279,
        "2,28": 43.44955207221768,
        "2,29": 60.377140350361095,
        "2,30": 29.087335858748503,
        "2,31": 75.67294045242821,
        "2,32": 18.66915022744253,
        "2,33": 38.600749723561904,
        "2,34": 46.67076876692949,
        "2,35": 25.588526633747865,
        "2,36": 23.395719657470977,
        "2,37": 18.914589653530673,
        "2,38": 74.39159575707205,
        "2,39": 75.58110047915463,
        "2,40": 33.61664241734497,
        "2,41": 24.693907471913377,
        "2,42": 90.35819732448985,
        "2,43": 32.05217975704681,
        "2,44": 81.22463856123167,
        "2,45": 84.40480502697895,
        "2,46": 52.785164912284316,
        "2,47": 47.69040789295769,
        "2,48": 46.6410775964112,
        "2,49": 9.62490418061123,
        "2,50": 26.3089424009626,
        "2,51": 51.691187317951695,
        "2,52": 36.90453799156312,
        "2,53": 49.0047519153609,
        "2,54": 35.607876289678046,
        "2,55": 5.041000452115163,
        "2,56": 40.73896137004594,
        "2,57": 44.166393324426444,
        "2,58": 65.45809232891092,
        "2,59": 25.450794403314816,
        "2,60": 24.010933015050846,
        "3,0": 74.17807664448928,
        "3,1": 12.478473458021329,
        "3,2": 33.73482323904058,
        "3,3": 0.0,
        "3,4": 48.34003280595508,
        "3,5": 48.68208740113574,
        "3,6": 26.72990012539936,
        "3,7": 50.08519439872674,
        "3,8": 58.29866375190551,
        "3,9": 17.838163339376816,
        "3,10": 58.638852393592636,
        "3,11": 59.781758043709615,
        "3,12": 36.40989888316347,
        "3,13": 22.49752824960081,
        "3,14": 33.31165853792198,
        "3,15": 64.06544102218982,
        "3,16": 56.61543124738948,
        "3,17": 23.945515329968636,
        "3,18": 43.37387982523605,
        "3,19": 37.52362306366782,
        "3,20": 43.20359339441864,
        "3,21": 19.64160338758896,
        "3,22": 31.593445060756792,
        "3,23": 49.457311025934175,
        "3,24": 41.403591819759065,
        "3,25": 33.01241307131185,
        "3,26": 54.630285804896246,
        "3,27": 52.71364262907532,
        "3,28": 40.5081014173089,
        "3,29": 57.7490590686449,
        "3,30": 15.933078378304163,
        "3,31": 59.14775614943706,
        "3,32": 31.700487088886,
        "3,33": 6.202409398769001,
        "3,34": 31.38765202548292,
        "3,35": 42.83373668241223,
        "3,36": 14.210594723901929,
        "3,37": 18.012511827900585,
        "3,38": 65.17684718502291,
        "3,39": 43.6707049893508,
        "3,40": 31.545636493021068,
        "3,41": 20.085785211027698,
        "3,42": 56.687463594996395,
        "3,43": 2.135409307167804,
        "3,44": 48.18536211728263,
        "3,45": 51.28301926632513,
        "3,46": 25.444538938680587,
        "3,47": 28.319398097712426,
        "3,48": 52.85131344933812,
        "3,49": 24.161681500984013,
        "3,50": 12.946619277088384,
        "3,51": 61.09524044402042,
        "3,52": 5.479254499202026,
        "3,53": 62.671934842814174,
        "3,54": 32.31791163569006,
        "3,55": 28.750163602715496,
        "3,56": 16.269814235497467,
        "3,57": 20.613933012649216,
        "3,58": 54.47340171705779,
        "3,59": 8.36766869764578,
        "3,60": 35.87513004023951,
        "4,0": 114.31312597158052,
        "4,1": 43.6160525818453,
        "4,2": 32.44207269305827,
        "4,3": 48.34003280595508,
        "4,4": 0.0,
        "4,5": 80.72025003859764,
        "4,6": 21.846148697017632,
        "4,7": 48.8311145972282,
        "4,8": 10.23560593962343,
        "4,9": 45.46099305875482,
        "4,10": 87.45357531699761,
        "4,11": 76.98078681892629,
        "4,12": 59.9181464981529,
        "4,13": 45.18134988043235,
        "4,14": 31.54496021637608,
        "4,15": 40.47996734179213,
        "4,16": 82.37241106206957,
        "4,17": 31.429549893148465,
        "4,18": 19.10203325793038,
        "4,19": 67.355845310756,
        "4,20": 21.169411345015135,
        "4,21": 49.8125679177233,
        "4,22": 66.61088050470512,
        "4,23": 81.06466217621536,
        "4,24": 16.755523247039434,
        "4,25": 69.5427881320264,
        "4,26": 20.124317499975067,
        "4,27": 64.0981733939538,
        "4,28": 23.45574298174795,
        "4,29": 33.728773822991656,
        "4,30": 33.48263454977989,
        "4,31": 57.545946255768406,
        "4,32": 50.485080376083644,
        "4,33": 54.54218267470113,
        "4,34": 36.729873111261846,
        "4,35": 6.962444082849906,
        "4,36": 34.31508233874061,
        "4,37": 31.615166195334105,
        "4,38": 50.25174467084117,
        "4,39": 76.69093845310596,
        "4,40": 21.520825704090583,
        "4,41": 51.89349155213207,
        "4,42": 99.46730319112203,
        "4,43": 47.97509721991764,
        "4,44": 84.73937871827324,
        "4,45": 87.92707958943527,
        "4,46": 52.06640774720228,
        "4,47": 41.103400315422,
        "4,48": 16.832387564250737,
        "4,49": 35.23203964697941,
        "4,50": 49.47829625600156,
        "4,51": 19.591262371911956,
        "4,52": 53.62037865499952,
        "4,53": 16.68626839668499,
        "4,54": 65.62914823447909,
        "4,55": 33.829833896545786,
        "4,56": 43.02150903211162,
        "4,57": 43.504807127231295,
        "4,58": 44.41447216912655,
        "4,59": 43.322193412815004,
        "4,60": 12.535662221544435,
        "5,0": 35.84442039508832,
        "5,1": 42.14020515309441,
        "5,2": 80.47413960893672,
        "5,3": 48.68208740113574,
        "5,4": 80.72025003859764,
        "5,5": 0.0,
        "5,6": 62.18477550390373,
        "5,7": 44.20181311985862,
        "5,8": 90.4524693493338,
        "5,9": 66.50617683899645,
        "5,10": 10.425214707156357,
        "5,11": 23.75681909725431,
        "5,12": 83.63969945800741,
        "5,13": 36.14532402424005,
        "5,14": 79.81517851561591,
        "5,15": 68.5329056642512,
        "5,16": 11.75460741520957,
        "5,17": 49.880885465752876,
        "5,18": 64.84181056801427,
        "5,19": 82.23637423757803,
        "5,20": 85.96840315240387,
        "5,21": 33.1353749290663,
        "5,22": 74.76597823479426,
        "5,23": 0.9477904205066509,
        "5,24": 82.42472419716692,
        "5,25": 74.67489367547246,
        "5,26": 95.14283814824614,
        "5,27": 29.894538655687914,
        "5,28": 59.80014533693278,
        "5,29": 66.56614704695336,
        "5,30": 52.56642809557517,
        "5,31": 45.54730825085359,
        "5,32": 80.21329768591416,
        "5,33": 46.5928444929166,
        "5,34": 44.44245997087705,
        "5,35": 78.49056552508729,
        "5,36": 57.20223866911027,
        "5,37": 61.822238471810984,
        "5,38": 60.89918079550412,
        "5,39": 5.01443721494608,
        "5,40": 59.2705887416533,
        "5,41": 67.79785838143253,
        "5,42": 28.192497037407673,
        "5,43": 50.77630513332522,
        "5,44": 8.604139881691731,
        "5,45": 10.162599044061428,
        "5,46": 29.158713005832034,
        "5,47": 39.664732524850365,
        "5,48": 74.39698053477906,
        "5,49": 71.50828953778355,
        "5,50": 61.007124880105195,
        "5,51": 82.5522776288897,
        "5,52": 48.390743652278516,
        "5,53": 87.99365654149571,
        "5,54": 76.35670685195517,
        "5,55": 75.85674576152095,
        "5,56": 40.49749465079644,
        "5,57": 38.25989515873241,
        "5,58": 53.241632486828536,
        "5,59": 56.68659779905346,
        "5,60": 71.42714300632312,
        "6,0": 94.10025763530072,
        "6,1": 22.21266866340717,
        "6,2": 25.01794340817594,
        "6,3": 26.72990012539936,
        "6,4": 21.846148697017632,
        "6,5": 62.18477550390373,
        "6,6": 0.0,
        "6,7": 40.773161017791814,
        "6,8": 32.006120202742615,
        "6,9": 28.079982634954124,
        "6,10": 70.15089810243592,
        "6,11": 63.34342770321252,
        "6,12": 46.62168247174775,
        "6,13": 26.070173863268067,
        "6,14": 24.017739013778073,
        "6,15": 44.51207533253359,
        "6,16": 65.89480881260644,
        "6,17": 12.870191715907334,
        "6,18": 19.803435778047607,
        "6,19": 52.27777406939399,
        "6,20": 24.553147563228386,
        "6,21": 29.575376003135464,
        "6,22": 49.59667907572041,
        "6,23": 62.669100372799136,
        "6,24": 20.45505266247316,
        "6,25": 52.16895780946326,
        "6,26": 32.95890206805977,
        "6,27": 51.89191994300214,
        "6,28": 19.349790886590945,
        "6,29": 37.30822870199062,
        "6,30": 11.67287249223131,
        "6,31": 50.69964669016897,
        "6,32": 37.79405712277171,
        "6,33": 32.907729648436245,
        "6,34": 22.35217022199801,
        "6,35": 17.24777152213257,
        "6,36": 13.263523578684499,
        "6,37": 12.222297305525789,
        "6,38": 49.89469673250742,
        "6,39": 57.72369100226538,
        "6,40": 8.869703725459146,
        "6,41": 34.459238723954925,
        "6,42": 78.458321673416,
        "6,43": 26.59226238485618,
        "6,44": 65.05895208539177,
        "6,45": 68.29665025666982,
        "6,46": 33.03155865607544,
        "6,47": 24.57555302997653,
        "6,48": 27.54528780091365,
        "6,49": 21.291472998195587,
        "6,50": 30.21010065126922,
        "6,51": 35.169998909444686,
        "6,52": 32.12207090550153,
        "6,53": 36.04426598684286,
        "6,54": 49.150732595879816,
        "6,55": 22.872931155990234,
        "6,56": 22.31037506315372,
        "6,57": 23.92755452999936,
        "6,58": 40.57403446655044,
        "6,59": 22.862713392809397,
        "6,60": 9.882938328140973,
        "7,0": 79.89778698011344,
        "7,1": 37.610736070176635,
        "7,2": 65.72625682380864,
        "7,3": 50.08519439872674,
        "7,4": 48.8311145972282,
        "7,5": 44.20181311985862,
        "7,6": 40.773161017791814,
        "7,7": 0.0,
        "7,8": 56.271232316349284,
        "7,9": 62.95717407682125,
        "7,10": 46.45830513027435,
        "7,11": 30.546689234869966,
        "7,12": 83.28633863651996,
        "7,13": 28.077263793644775,
        "7,14": 64.7406351499957,
        "7,15": 24.368704772481433,
        "7,16": 40.146987564107306,
        "7,17": 30.30852648649707,
        "7,18": 29.740964597965185,
        "7,19": 86.560325674437,
        "7,20": 63.481886128824165,
        "7,21": 32.9623848784702,
        "7,22": 81.41845850227418,
        "7,23": 44.0390428161589,
        "7,24": 58.63039838660967,
        "7,25": 83.0406930968187,
        "7,26": 68.02178777991556,
        "7,27": 17.293481905867548,
        "7,28": 25.573489139572605,
        "7,29": 23.429505299174313,
        "7,30": 39.704724812973645,
        "7,31": 9.961874326131746,
        "7,32": 75.74724190138167,
        "7,33": 53.45580709514535,
        "7,34": 19.935834010023065,
        "7,35": 50.179342750764675,
        "7,36": 46.476873576668694,
        "7,37": 49.223233744154676,
        "7,38": 17.847141984731586,
        "7,39": 42.48951207773267,
        "7,40": 32.700419924606564,
        "7,41": 67.96605402325036,
        "7,42": 70.89916071879945,
        "7,43": 51.70069810770217,
        "7,44": 51.60765072921409,
        "7,45": 54.049990456774125,
        "7,46": 28.818833007998766,
        "7,47": 21.785695120380517,
        "7,48": 36.13720558094147,
        "7,49": 60.47402928360496,
        "7,50": 61.33758243921179,
        "7,51": 42.64742380077061,
        "7,52": 54.21377902013169,
        "7,53": 49.471688142957035,
        "7,54": 81.87419747035564,
        "7,55": 63.06275477256245,
        "7,56": 33.83066804521204,
        "7,57": 29.588416378929626,
        "7,58": 9.055096397908672,
        "7,59": 53.33772989024626,
        "7,60": 45.48684712621998,
        "8,0": 124.35426042606551,
        "8,1": 53.85158247824032,
        "8,2": 38.74307757248046,
        "8,3": 58.29866375190551,
        "8,4": 10.23560593962343,
        "8,5": 90.4524693493338,
        "8,6": 32.006120202742615,
        "8,7": 56.271232316349284,
        "8,8": 0.0,
        "8,9": 54.04731661056855,
        "8,10": 96.85616507652333,
        "8,11": 85.44958426722869,
        "8,12": 66.69571186716945,
        "8,13": 55.20663321212752,
        "8,14": 37.984061668038265,
        "8,15": 43.8985227362797,
        "8,16": 91.58676301061327,
        "8,17": 41.53748013918592,
        "8,18": 26.954626023913594,
        "8,19": 74.63805618937288,
        "8,20": 25.35264345656354,
        "8,21": 59.95856255827177,
        "8,22": 74.64378874902836,
        "8,23": 90.76342329484106,
        "8,24": 22.322237164883365,
        "8,25": 77.67287047246081,
        "8,26": 18.877243541122517,
        "8,27": 72.33723023979273,
        "8,28": 31.810661653406857,
        "8,29": 38.02571651929029,
        "8,30": 43.667939038496264,
        "8,31": 64.2826250345729,
        "8,32": 57.35235584469836,
        "8,33": 64.49767168631675,
        "8,34": 46.161013665761246,
        "8,35": 15.658486283562736,
        "8,36": 44.166699311638276,
        "8,37": 41.14813897817778,
        "8,38": 54.905648531361045,
        "8,39": 86.5327576590935,
        "8,40": 31.514599280937063,
        "8,41": 60.34030002630196,
        "8,42": 109.65794209173907,
        "8,43": 57.832256893248775,
        "8,44": 94.70852688480794,
        "8,45": 97.87968231300985,
        "8,46": 62.03414927356995,
        "8,47": 50.787885399483464,
        "8,48": 20.96533753236751,
        "8,49": 43.267917267841035,
        "8,50": 58.57803285735462,
        "8,51": 19.16509491490456,
        "8,52": 63.50779894260724,
        "8,53": 12.835159005951583,
        "8,54": 73.47463927333514,
        "8,55": 41.113412730096286,
        "8,56": 53.22912034736388,
        "8,57": 53.60030132410991,
        "8,58": 50.70880369344911,
        "8,59": 52.89055791226674,
        "8,60": 22.430952736334465,
        "9,0": 90.45126097961808,
        "9,1": 27.65214437060947,
        "9,2": 19.843387934189625,
        "9,3": 17.838163339376816,
        "9,4": 45.46099305875482,
        "9,5": 66.50617683899645,
        "9,6": 28.079982634954124,
        "9,7": 62.95717407682125,
        "9,8": 54.04731661056855,
        "9,9": 0.0,
        "9,10": 76.47612616727213,
        "9,11": 76.80415063892374,
        "9,12": 20.346360791355842,
        "9,13": 37.74707918899762,
        "9,14": 19.86833275456249,
        "9,15": 71.9368845716689,
        "9,16": 74.35765469916055,
        "9,17": 33.122597842264895,
        "9,18": 47.83765974016952,
        "9,19": 24.451034121093144,
        "9,20": 32.827081361811985,
        "9,21": 36.42804504193107,
        "9,22": 21.607920217217323,
        "9,23": 67.28729599221303,
        "9,24": 33.03676686802661,
        "9,25": 24.334190190665314,
        "9,26": 44.88015730150882,
        "9,27": 68.57975754903653,
        "9,28": 46.74321538062197,
        "9,29": 64.90428213184735,
        "9,30": 23.394677614871856,
        "9,31": 72.65671644731465,
        "9,32": 14.013608499074914,
        "9,33": 20.83664225292442,
        "9,34": 43.06831110752382,
        "9,35": 38.7246150828416,
        "9,36": 16.856555531696163,
        "9,37": 15.898702870578253,
        "9,38": 75.67703161005484,
        "9,39": 61.49289145186165,
        "9,40": 36.21273619781658,
        "9,41": 6.5021413342345715,
        "9,42": 72.37223669672215,
        "9,43": 15.731637012785617,
        "9,44": 65.69740427724749,
        "9,45": 68.73006311621941,
        "9,46": 42.18142720847286,
        "9,47": 41.755788759305915,
        "9,48": 55.34171120566387,
        "9,49": 11.284593978961237,
        "9,50": 6.706996646356241,
        "9,51": 62.37432437391026,
        "9,52": 18.987978821494817,
        "9,53": 61.788661927214484,
        "9,54": 21.07258739813871,
        "9,55": 15.097093441295002,
        "9,56": 31.111571955867515,
        "9,57": 35.43851625663227,
        "9,58": 65.4302411374967,
        "9,59": 10.463596697091562,
        "9,60": 33.62225969290475,
        "10,0": 35.0072621191426,
        "10,1": 51.243983031587774,
        "10,2": 89.70943522408116,
        "10,3": 58.638852393592636,
        "10,4": 87.45357531699761,
        "10,5": 10.425214707156357,
        "10,6": 70.15089810243592,
        "10,7": 46.45830513027435,
        "10,8": 96.85616507652333,
        "10,9": 76.47612616727213,
        "10,10": 0.0,
        "10,11": 19.717353850176185,
        "10,12": 93.92888301886019,
        "10,13": 44.167867742177094,
        "10,14": 89.00600431743287,
        "10,15": 70.63295790592775,
        "10,16": 6.5167036006218355,
        "10,17": 57.49142229794539,
        "10,18": 70.49476734838672,
        "10,19": 92.64209160480084,
        "10,20": 94.36137762558472,
        "10,21": 42.00492116812573,
        "10,22": 85.18571119520598,
        "10,23": 9.52008904882928,
        "10,24": 90.57208301243773,
        "10,25": 85.09981662295249,
        "10,26": 102.97247198448608,
        "10,27": 30.0120433296314,
        "10,28": 65.44934237986976,
        "10,29": 69.71592602572201,
        "10,30": 61.25723281423975,
        "10,31": 45.53173343965762,
        "10,32": 90.28150713428849,
        "10,33": 56.83328945797115,
        "10,34": 50.73823082383672,
        "10,35": 85.8428495349937,
        "10,36": 66.32775350048242,
        "10,37": 70.88989601164832,
        "10,38": 61.60691620762753,
        "10,39": 15.289574288372686,
        "10,40": 66.31672142217364,
        "10,41": 77.99742152591753,
        "10,42": 32.935472137018635,
        "10,43": 60.7531880648133,
        "10,44": 16.283822062422335,
        "10,45": 15.756102580182727,
        "10,46": 37.36765787501495,
        "10,47": 46.493901458423025,
        "10,48": 79.50706842956251,
        "10,49": 80.95941502235972,
        "10,50": 71.13603652763982,
        "10,51": 87.27239182197465,
        "10,52": 58.611871516871965,
        "10,53": 93.22718028893723,
        "10,54": 86.76724771347635,
        "10,55": 85.2149253775488,
        "10,56": 49.20716254176955,
        "10,57": 46.45678075848212,
        "10,58": 55.41493394103795,
        "10,59": 66.48856840562321,
        "10,60": 79.00360704435246,
        "11,0": 54.66671226918316,
        "11,1": 49.29727033867752,
        "11,2": 86.14391980127232,
        "11,3": 59.781758043709615,
        "11,4": 76.98078681892629,
        "11,5": 23.75681909725431,
        "11,6": 63.34342770321252,
        "11,7": 30.546689234869966,
        "11,8": 85.44958426722869,
        "11,9": 76.80415063892374,
        "11,10": 19.717353850176185,
        "11,11": 0.0,
        "11,12": 96.18804831975551,
        "11,13": 39.77533433838576,
        "11,14": 85.29238202011209,
        "11,15": 53.44912501921917,
        "11,16": 13.521917328299562,
        "11,17": 50.57916541316891,
        "11,18": 58.49502430207676,
        "11,19": 96.73406327695524,
        "11,20": 87.83378899030407,
        "11,21": 40.38647082993254,
        "11,22": 89.95173983099667,
        "11,23": 23.022714074276184,
        "11,24": 83.44801230892371,
        "11,25": 90.55531000846884,
        "11,26": 94.66720976067573,
        "11,27": 13.324479353986796,
        "11,28": 53.69283130992418,
        "11,29": 53.80286570455546,
        "11,30": 57.10840396188933,
        "11,31": 27.105464044226583,
        "11,32": 90.78851085323139,
        "11,33": 60.02619033267919,
        "11,34": 41.40155083040876,
        "11,35": 76.81951258783963,
        "11,36": 63.331159113994225,
        "11,37": 67.43961016204291,
        "11,38": 43.30352473212619,
        "11,39": 25.74756658314605,
        "11,40": 57.42931553652465,
        "11,41": 79.86401254472678,
        "11,42": 51.37840115748025,
        "11,43": 61.8797107620036,
        "11,44": 32.304449210900536,
        "11,45": 33.2370340870946,
        "11,46": 34.623499944092615,
        "11,47": 38.83203323879033,
        "11,48": 66.19675723247411,
        "11,49": 78.5579362622892,
        "11,50": 72.7188557345777,
        "11,51": 73.11137193212453,
        "11,52": 61.53375212482797,
        "11,53": 79.75905535403783,
        "11,54": 91.13556841148444,
        "11,55": 82.27898179766174,
        "11,56": 46.16868489261885,
        "11,57": 42.23328970452643,
        "11,58": 38.831685659126215,
        "11,59": 66.34396559355702,
        "11,60": 70.77643006318839,
        "12,0": 102.9824244683485,
        "12,1": 47.588410245120684,
        "12,2": 27.957905923035693,
        "12,3": 36.40989888316347,
        "12,4": 59.9181464981529,
        "12,5": 83.63969945800741,
        "12,6": 46.62168247174775,
        "12,7": 83.28633863651996,
        "12,8": 66.69571186716945,
        "12,9": 20.346360791355842,
        "12,10": 93.92888301886019,
        "12,11": 96.18804831975551,
        "12,12": 0.0,
        "12,13": 57.810670411215824,
        "12,14": 28.71409352423949,
        "12,15": 91.11164908071808,
        "12,16": 92.54376242696574,
        "12,17": 53.298996818397946,
        "12,18": 66.28254993124283,
        "12,19": 8.942244428823003,
        "12,20": 41.91434500212017,
        "12,21": 55.91199815933816,
        "12,22": 13.988173648694712,
        "12,23": 84.49049143833649,
        "12,24": 44.37347485659869,
        "12,25": 16.761858598009077,
        "12,26": 52.72994311780233,
        "12,27": 88.60574720537176,
        "12,28": 65.88165820609109,
        "12,29": 83.92791047456681,
        "12,30": 43.642187296936456,
        "12,31": 93.00158250064229,
        "12,32": 9.43331715409516,
        "12,33": 37.118849443982064,
        "12,34": 63.37729024755604,
        "12,35": 52.96193554474769,
        "12,36": 36.962065593059364,
        "12,37": 35.10139970955394,
        "12,38": 95.60417212037507,
        "12,39": 78.66797767188098,
        "12,40": 55.281764846819044,
        "12,41": 16.32443937480436,
        "12,42": 84.39861187720791,
        "12,43": 34.308341485451336,
        "12,44": 81.46156408033332,
        "12,45": 84.24823657351244,
        "12,46": 61.72431071467276,
        "12,47": 62.08471197125122,
        "12,48": 72.5432558300671,
        "12,49": 25.70396662748182,
        "12,50": 23.469280828422818,
        "12,51": 78.58789474826467,
        "12,52": 35.375126734860835,
        "12,53": 76.59750840829933,
        "12,54": 11.715690706638265,
        "12,55": 26.121250499884944,
        "12,56": 51.18329726811743,
        "12,57": 55.56772371423939,
        "12,58": 85.51671410244782,
        "12,59": 30.450354840381298,
        "12,60": 49.75641108175726,
        "13,0": 69.14828977943984,
        "13,1": 10.266058355610504,
        "13,2": 46.62209676348558,
        "13,3": 22.49752824960081,
        "13,4": 45.18134988043235,
        "13,5": 36.14532402424005,
        "13,6": 26.070173863268067,
        "13,7": 28.077263793644775,
        "13,8": 55.20663321212752,
        "13,9": 37.74707918899762,
        "13,10": 44.167867742177094,
        "13,11": 39.77533433838576,
        "13,12": 57.810670411215824,
        "13,13": 0.0,
        "13,14": 45.81582060684982,
        "13,15": 45.766376180252585,
        "13,16": 40.229450320595,
        "13,17": 13.846063813619,
        "13,18": 31.7920645968765,
        "13,19": 59.847218218135055,
        "13,20": 50.19947103963219,
        "13,21": 5.969478825939504,
        "13,22": 54.09052444060468,
        "13,23": 36.61173368395729,
        "13,24": 46.42801923739139,
        "13,25": 55.4670933551705,
        "13,26": 59.01378610895948,
        "13,27": 30.833608423930126,
        "13,28": 27.19312339290656,
        "13,29": 40.66858494400323,
        "13,30": 17.553753309712377,
        "13,31": 36.76519739515502,
        "13,32": 51.53540242903422,
        "13,33": 25.39541638544814,
        "13,34": 12.465795625188756,
        "13,35": 42.442082820483435,
        "13,36": 23.56443061757102,
        "13,37": 27.76695789541593,
        "13,38": 44.41645442612752,
        "13,39": 31.78769838271081,
        "13,40": 23.692641649348076,
        "13,41": 41.72982939734542,
        "13,42": 54.94143312259056,
        "13,43": 24.3216233353947,
        "13,44": 39.572362714776006,
        "13,45": 42.772832286783014,
        "13,46": 6.998458994486757,
        "13,47": 7.387265964000619,
        "13,48": 42.048574335929956,
        "13,49": 38.78742706992644,
        "13,50": 34.71442518958217,
        "13,51": 50.70470026278536,
        "13,52": 26.225756184517625,
        "13,53": 54.785702516452915,
        "13,54": 54.77660143371332,
        "13,55": 42.57989551028471,
        "13,56": 6.637277922692698,
        "13,57": 2.464154126588467,
        "13,58": 33.725377727822156,
        "13,59": 27.380820267510565,
        "13,60": 35.306231048724335,
        "14,0": 107.46307134265513,
        "14,1": 37.76434727842727,
        "14,2": 1.0292678482626871,
        "14,3": 33.31165853792198,
        "14,4": 31.54496021637608,
        "14,5": 79.81517851561591,
        "14,6": 24.017739013778073,
        "14,7": 64.7406351499957,
        "14,8": 37.984061668038265,
        "14,9": 19.86833275456249,
        "14,10": 89.00600431743287,
        "14,11": 85.29238202011209,
        "14,12": 28.71409352423949,
        "14,13": 45.81582060684982,
        "14,14": 0.0,
        "14,15": 66.65767438104724,
        "14,16": 85.72900741041082,
        "14,17": 35.373949060985304,
        "14,18": 41.34498706019081,
        "14,19": 36.753649184045095,
        "14,20": 13.750945698222926,
        "14,21": 47.018669055640615,
