{
    "num_robots": 4,
    "num_tasks": 30,
    "num_nodes": 31,
    "robot_capacity": [
        123,
        89,
        89,
        98
    ],
    "robot_speed": [
        1.11,
        0.9,
        1.14,
        1.0
    ],
    "task_demand": {
        "0": 0,
        "1": 13,
        "2": 14,
        "3": 10,
        "4": 13,
        "5": 15,
        "6": 10,
        "7": 9,
        "8": 15,
        "9": 6,
        "10": 13,
        "11": 9,
        "12": 14,
        "13": 5,
        "14": 8,
        "15": 10,
        "16": 14,
        "17": 11,
        "18": 9,
        "19": 15,
        "20": 12,
        "21": 11,
        "22": 10,
        "23": 14,
        "24": 6,
        "25": 6,
        "26": 13,
        "27": 14,
        "28": 13,
        "29": 8,
        "30": 7
    },
    "task_service_time": {
        "0": 0,
        "1": 83,
        "2": 64,
        "3": 32,
        "4": 70,
        "5": 99,
        "6": 96,
        "7": 79,
        "8": 16,
        "9": 68,
        "10": 49,
        "11": 94,
        "12": 51,
        "13": 10,
        "14": 66,
        "15": 55,
        "16": 74,
        "17": 20,
        "18": 71,
        "19": 37,
        "20": 93,
        "21": 64,
        "22": 80,
        "23": 57,
        "24": 74,
        "25": 87,
        "26": 99,
        "27": 100,
        "28": 56,
        "29": 22,
        "30": 60
    },
    "task_precedence": [],
    "coordinates": {
        "0": [
            50.0,
            50.0
        ],
        "1": [
            40.87568788446448,
            79.37191421216106
        ],
        "2": [
            58.90228059386311,
            56.046871552004504
        ],
        "3": [
            56.436601305153985,
            68.53574533404118
        ],
        "4": [
            52.251148029634734,
            56.17412400549794
        ],
        "5": [
            31.665424884449923,
            49.25934272824443
        ],
        "6": [
            92.48063883178698,
            86.2961006239183
        ],
        "7": [
            34.49489288926295,
            96.95105372387187
        ],
        "8": [
            13.907721983848342,
            16.82140566686123
        ],
        "9": [
            24.908937029514533,
            76.72014738612056
        ],
        "10": [
            12.401184084938032,
            65.96900058867169
        ],
        "11": [
            26.624919379176614,
            79.64905328705706
        ],
        "12": [
            74.79710820034147,
            44.74887933525308
        ],
        "13": [
            83.13928942126326,
            66.80508870189912
        ],
        "14": [
            37.28864590009036,
            14.900483364778893
        ],
        "15": [
            61.06253640978594,
            54.32469080036737
        ],
        "16": [
            55.28734502440067,
            38.72442034674036
        ],
        "17": [
            62.99947457509435,
            88.69151383357142
        ],
        "18": [
            60.27861264789123,
            89.56807485882607
        ],
        "19": [
            74.78938489612248,
            44.69712253863971
        ],
        "20": [
            74.26676894292544,
            6.7591651972434335
        ],
        "21": [
            91.1685857637152,
            10.898857272098594
        ],
        "22": [
            67.36797556246032,
            31.85977701028889
        ],
        "23": [
            83.53438864157819,
            45.78068156592674
        ],
        "24": [
            10.334512909911286,
            45.726351836785554
        ],
        "25": [
            49.84275224413606,
            54.27040747311461
        ],
        "26": [
            68.62490239016206,
            62.99162791596136
        ],
        "27": [
            98.95736337485246,
            61.87543615609867
        ],
        "28": [
            60.27758463997985,
            26.3885926082569
        ],
        "29": [
            26.97628052053669,
            10.775884032925765
        ],
        "30": [
            24.49993258528933,
            60.13213167923668
        ]
    },
    "distance_matrix_str_keys": {
        "0,0": 0.0,
        "0,1": 30.75650201287944,
        "0,2": 10.761749641127743,
        "0,3": 19.6215109369778,
        "0,4": 6.571717788112499,
        "0,5": 18.34952909101355,
        "0,6": 55.874963946819065,
        "0,7": 49.44501787134201,
        "0,8": 49.02521447498391,
        "0,9": 36.65416371061919,
        "0,10": 40.8494790421581,
        "0,11": 37.75527453017316,
        "0,12": 25.347008567781213,
        "0,13": 37.15674245174014,
        "0,14": 37.330344106094884,
        "0,15": 11.877822289318097,
        "0,16": 12.453702819806539,
        "0,17": 40.81690314026743,
        "0,18": 40.88132123597589,
        "0,19": 25.350229050213898,
        "0,20": 49.58473423714817,
        "0,21": 56.77809275074402,
        "0,22": 25.114025269849957,
        "0,23": 33.79878503160312,
        "0,24": 39.8950490000569,
        "0,25": 4.2733016325971365,
        "0,26": 22.708354959130155,
        "0,27": 50.37707229003012,
        "0,28": 25.75125831975615,
        "0,29": 45.4821166181556,
        "0,30": 27.43926986128057,
        "1,0": 30.75650201287944,
        "1,1": 0.0,
        "1,2": 29.47907155608309,
        "1,3": 18.962188229245285,
        "1,4": 25.83676767683435,
        "1,5": 31.489615842423774,
        "1,6": 52.06741130246754,
        "1,7": 18.70135531834474,
        "1,8": 68.11635122415485,
        "1,9": 16.18545643977129,
        "1,10": 31.471184601599656,
        "1,11": 14.253463054925945,
        "1,12": 48.470788113398555,
        "1,13": 44.092370295399974,
        "1,14": 64.57114112129693,
        "1,15": 32.16943042741943,
        "1,16": 43.1267274327474,
        "1,17": 24.006600647236237,
        "1,18": 21.91883165927872,
        "1,19": 48.5023713090468,
        "1,20": 79.92230986249164,
        "1,21": 84.95843162282233,
        "1,22": 54.39893829757355,
        "1,23": 54.296737111712446,
        "1,24": 45.43992997773608,
        "1,25": 26.655091142235595,
        "1,26": 32.22316999968633,
        "1,27": 60.65977062384104,
        "1,28": 56.42398395978801,
        "1,29": 69.990062733355,
        "1,30": 25.265284354874876,
        "2,0": 10.761749641127743,
        "2,1": 29.47907155608309,
        "2,2": 0.0,
        "2,3": 12.72994668874981,
        "2,4": 6.652349778376002,
        "2,5": 28.069856723338784,
        "2,6": 45.194269563734125,
        "2,7": 47.63268514068863,
        "2,8": 59.69210566244579,
        "2,9": 39.78607470456574,
        "2,10": 47.547877146647025,
        "2,11": 39.986135467656744,
        "2,12": 19.501030043806463,
        "2,13": 26.51738737401857,
        "2,14": 46.4776770668427,
        "2,15": 2.762718178087996,
        "2,16": 17.695623044417566,
        "2,17": 32.90075482737902,
        "2,18": 33.549446508999374,
        "2,19": 19.52477620300021,
        "2,20": 51.62698422280375,
        "2,21": 55.49286118711677,
        "2,22": 25.62583722868818,
        "2,23": 26.68586524181956,
        "2,24": 49.65220221696656,
        "2,25": 9.232057113292482,
        "2,26": 11.948180428357563,
        "2,27": 40.47692950232279,
        "2,28": 29.690149395454505,
        "2,29": 55.39613516875181,
        "2,30": 34.64406007976221,
        "3,0": 19.6215109369778,
        "3,1": 18.962188229245285,
        "3,2": 12.72994668874981,
        "3,3": 0.0,
        "3,4": 13.050965519525752,
        "3,5": 31.387750455972675,
        "3,6": 40.18212116406989,
        "3,7": 35.90081223450475,
        "3,8": 66.95579514529449,
        "3,9": 32.57265803749386,
        "3,10": 44.11015924190678,
        "3,11": 31.815750704866478,
        "3,12": 30.048680628149526,
        "3,13": 26.758713067047537,
        "3,14": 56.950728904077245,
        "3,15": 14.945010757818718,
        "3,16": 29.833469250110976,
        "3,17": 21.197318447481823,
        "3,18": 21.38036333640894,
        "3,19": 30.084956412106653,
        "3,20": 64.29821717115667,
        "3,21": 67.29280503809183,
        "3,22": 38.27037490851351,
        "3,23": 35.384784945242025,
        "3,24": 51.43608641912231,
        "3,25": 15.71555629705395,
        "3,26": 13.38999332652056,
        "3,27": 43.039225426739435,
        "3,28": 42.321810403963056,
        "3,29": 64.8391245950826,
        "3,30": 33.02380249731394,
        "4,0": 6.571717788112499,
        "4,1": 25.83676767683435,
        "4,2": 6.652349778376002,
        "4,3": 13.050965519525752,
        "4,4": 0.0,
        "4,5": 21.71603549275174,
        "4,6": 50.256794621236196,
        "4,7": 44.4751907681933,
        "4,8": 54.94410579460516,
        "4,9": 34.20139732718805,
        "4,10": 41.0360723470611,
        "4,11": 34.75307036248398,
        "4,12": 25.275611482099755,
        "4,13": 32.666415306938156,
        "4,14": 43.9020487188905,
        "4,15": 9.00338649431997,
        "4,16": 17.71187878146989,
        "4,17": 34.24773225716892,
        "4,18": 34.34524918808793,
        "4,19": 25.292166449716667,
        "4,20": 54.09737256299249,
        "4,21": 59.70273643281761,
        "4,22": 28.630507233729283,
        "4,23": 32.96459902576441,
        "4,24": 43.199076877282394,
        "4,25": 3.0699359757619358,
        "4,26": 17.73635225823145,
        "4,27": 47.05290120824049,
        "4,28": 30.848039893580275,
        "4,29": 51.95978368132136,
        "4,30": 28.03204921841872,
        "5,0": 18.34952909101355,
        "5,1": 31.489615842423774,
        "5,2": 28.069856723338784,
        "5,3": 31.387750455972675,
        "5,4": 21.71603549275174,
        "5,5": 0.0,
        "5,6": 71.205418915158,
        "5,7": 47.77557102621288,
        "5,8": 36.98047827035626,
        "5,9": 28.27977935896815,
        "5,10": 25.50144386881098,
        "5,11": 30.804889280714814,
        "5,12": 43.36688120768973,
        "5,13": 54.382092016823236,
        "5,14": 34.81597092354518,
        "5,15": 29.83031875667445,
        "5,16": 25.86464190130082,
        "5,17": 50.36584942295284,
        "5,18": 49.43185612498212,
        "5,19": 43.364614377932284,
        "5,20": 60.175905525012325,
        "5,21": 70.79656064424952,
        "5,22": 39.71670948214812,
        "5,23": 51.98548340373977,
        "5,24": 21.62151313633362,
        "5,25": 18.855397100524694,
        "5,26": 39.42814520075769,
        "5,27": 68.4643761322373,
        "5,28": 36.62959045535284,
        "5,29": 38.768088268831576,
        "5,30": 13.021590511997717,
        "6,0": 55.874963946819065,
        "6,1": 52.06741130246754,
        "6,2": 45.194269563734125,
        "6,3": 40.18212116406989,
        "6,4": 50.256794621236196,
        "6,5": 71.205418915158,
        "6,6": 0.0,
        "6,7": 58.95654974702261,
        "6,8": 104.88296573500011,
        "6,9": 68.24685901100298,
        "6,10": 82.61906601018647,
        "6,11": 66.19032423941883,
        "6,12": 45.1539461443027,
        "6,13": 21.61389262844122,
        "6,14": 90.24128903991772,
        "6,15": 44.824861471116634,
        "6,16": 60.38547729907086,
        "6,17": 29.578320614515487,
        "6,18": 32.36782825186465,
        "6,19": 45.20459538095273,
        "6,20": 81.5957667614897,
        "6,21": 75.40865857649874,
        "6,22": 59.949638739915486,
        "6,23": 41.49137951322512,
        "6,24": 91.61817789403868,
        "6,25": 53.3257385738896,
        "6,26": 33.34958184697645,
        "6,27": 25.264932492618602,
        "6,28": 68.0143089057516,
        "6,29": 99.97061604151037,
        "6,30": 72.8418128049465,
        "7,0": 49.44501787134201,
        "7,1": 18.70135531834474,
        "7,2": 47.63268514068863,
        "7,3": 35.90081223450475,
        "7,4": 44.4751907681933,
        "7,5": 47.77557102621288,
        "7,6": 58.95654974702261,
        "7,7": 0.0,
        "7,8": 82.73205003884007,
        "7,9": 22.38705253024415,
        "7,10": 38.05285252386043,
        "7,11": 19.007780043050804,
        "7,12": 65.94949256726923,
        "7,13": 57.22810953603559,
        "7,14": 82.09811905359327,
        "7,15": 50.22794539218089,
        "7,16": 61.827719513393646,
        "7,17": 29.677115363250838,
        "7,18": 26.819928812604843,
        "7,19": 65.98575157109181,
        "7,20": 98.57169411564185,
        "7,21": 103.03828404142956,
        "7,22": 72.92128542917423,
        "7,23": 70.8750952762954,
        "7,24": 56.636508050616264,
        "7,25": 45.35630442572725,
        "7,26": 48.146652528856485,
        "7,27": 73.38739025790588,
        "7,28": 75.12528277886986,
        "7,29": 86.50253986568556,
        "7,30": 38.15143840023507,
        "8,0": 49.02521447498391,
        "8,1": 68.11635122415485,
        "8,2": 59.69210566244579,
        "8,3": 66.95579514529449,
        "8,4": 54.94410579460516,
        "8,5": 36.98047827035626,
        "8,6": 104.88296573500011,
        "8,7": 82.73205003884007,
        "8,8": 0.0,
        "8,9": 60.900623905108965,
        "8,10": 49.17067970894059,
        "8,11": 64.10179728431366,
        "8,12": 66.98851498070384,
        "8,13": 85.38956903268961,
        "8,14": 23.45970045988941,
        "8,15": 60.250086467570114,
        "8,16": 46.818962558403726,
        "8,17": 87.03627186624398,
        "8,18": 86.2689827197573,
        "8,19": 66.95993182552782,
        "8,20": 61.19201935772743,
        "8,21": 77.48753223260789,
        "8,22": 55.53513595330726,
        "8,23": 75.40896744064877,
        "8,24": 29.12496757375515,
        "8,25": 51.901388575765125,
        "8,26": 71.59370959901702,
        "8,27": 96.24607609696895,
        "8,28": 47.346543999748405,
        "8,29": 14.399151157385342,
        "8,30": 44.58714964139706,
        "9,0": 36.65416371061919,
        "9,1": 16.18545643977129,
        "9,2": 39.78607470456574,
        "9,3": 32.57265803749386,
        "9,4": 34.20139732718805,
        "9,5": 28.27977935896815,
        "9,6": 68.24685901100298,
        "9,7": 22.38705253024415,
        "9,8": 60.900623905108965,
        "9,9": 0.0,
        "9,10": 16.493363549708626,
        "9,11": 3.3945670122848424,
        "9,12": 59.253621016357705,
        "9,13": 59.06845459616149,
        "9,14": 63.047030472749306,
        "9,15": 42.52809922667032,
        "9,16": 48.64692123408068,
        "9,17": 39.927467552179884,
        "9,18": 37.630880851942486,
        "9,19": 59.27506389499525,
        "9,20": 85.61970917974965,
        "9,21": 93.39584189167046,
        "9,22": 61.76748969643311,
        "9,23": 66.28871790853522,
        "9,24": 34.24951387935384,
        "9,25": 33.551243841600034,
        "9,26": 45.82093270827074,
        "9,27": 75.52175114312217,
        "9,28": 61.515905586688426,
        "9,29": 65.97666086052993,
        "9,30": 16.593057274873196,
        "10,0": 40.8494790421581,
        "10,1": 31.471184601599656,
        "10,2": 47.547877146647025,
        "10,3": 44.11015924190678,
        "10,4": 41.0360723470611,
        "10,5": 25.50144386881098,
        "10,6": 82.61906601018647,
        "10,7": 38.05285252386043,
        "10,8": 49.17067970894059,
        "10,9": 16.493363549708626,
        "10,10": 0.0,
        "10,11": 19.734702621300606,
        "10,12": 65.90557557767758,
        "10,13": 70.74304623004386,
        "10,14": 56.810027345951,
        "10,15": 50.03515924356573,
        "10,16": 50.80836498731804,
        "10,17": 55.46620240011828,
        "10,18": 53.377565251788596,
        "10,19": 65.91494820017769,
        "10,20": 85.63384375876673,
        "10,21": 96.10943893361217,
        "10,22": 64.68993197131623,
        "10,23": 73.94255212975095,
        "10,24": 20.347873555679566,
        "10,25": 39.22662497721708,
        "10,26": 56.30249770744977,
        "10,27": 86.6529251845051,
        "10,28": 62.11890554414889,
        "10,29": 57.08514299923541,
        "10,30": 13.433121526312558,
        "11,0": 37.75527453017316,
        "11,1": 14.253463054925945,
        "11,2": 39.986135467656744,
        "11,3": 31.815750704866478,
        "11,4": 34.75307036248398,
        "11,5": 30.804889280714814,
        "11,6": 66.19032423941883,
        "11,7": 19.007780043050804,
        "11,8": 64.10179728431366,
        "11,9": 3.3945670122848424,
        "11,10": 19.734702621300606,
        "11,11": 0.0,
        "11,12": 59.4859808500132,
        "11,13": 57.95551265857883,
        "11,14": 65.620822688328,
        "11,15": 42.746611586231836,
        "11,16": 49.96358899406299,
        "11,17": 37.481653624621934,
        "11,18": 35.08501189348447,
        "11,19": 59.51011007866839,
        "11,20": 87.07859447418997,
        "11,21": 94.29991687405575,
        "11,22": 62.799773520383724,
        "11,23": 66.22502770681858,
        "11,24": 37.63146312087977,
        "11,25": 34.39685198233597,
        "11,26": 45.182611621249706,
        "11,27": 74.48411857775777,
        "11,28": 63.00141705448926,
        "11,29": 68.87406549463938,
        "11,30": 19.632264207676133,
        "12,0": 25.347008567781213,
        "12,1": 48.470788113398555,
        "12,2": 19.501030043806463,
        "12,3": 30.048680628149526,
        "12,4": 25.275611482099755,
        "12,5": 43.36688120768973,
        "12,6": 45.1539461443027,
        "12,7": 65.94949256726923,
        "12,8": 66.98851498070384,
        "12,9": 59.253621016357705,
        "12,10": 65.90557557767758,
        "12,11": 59.4859808500132,
        "12,12": 0.0,
        "12,13": 23.581101737366403,
        "12,14": 47.93549296856744,
        "12,15": 16.743196453644625,
        "12,16": 20.41874054111975,
        "12,17": 45.498783344264915,
        "12,18": 47.11206852269153,
        "12,19": 0.052329871237530835,
        "12,20": 37.99341574556895,
        "12,21": 37.60118709940013,
        "12,22": 14.87686023644197,
        "12,23": 8.797993257103627,
        "12,24": 64.47000577066086,
        "12,25": 26.70916283355009,
        "12,26": 19.258608473670844,
        "12,27": 29.614808434888413,
        "12,28": 23.407620406983025,
        "12,29": 58.660003152007555,
        "12,30": 52.59705626297038,
        "13,0": 37.15674245174014,
        "13,1": 44.092370295399974,
        "13,2": 26.51738737401857,
        "13,3": 26.758713067047537,
        "13,4": 32.666415306938156,
        "13,5": 54.382092016823236,
        "13,6": 21.61389262844122,
        "13,7": 57.22810953603559,
        "13,8": 85.38956903268961,
        "13,9": 59.06845459616149,
        "13,10": 70.74304623004386,
        "13,11": 57.95551265857883,
        "13,12": 23.581101737366403,
        "13,13": 0.0,
        "13,14": 69.25582694985228,
        "13,15": 25.360271199463362,
        "13,16": 39.550660449078975,
        "13,17": 29.742692330760214,
        "13,18": 32.26087539601241,
        "13,19": 23.63224647499237,
        "13,20": 60.69789575566427,
        "13,21": 56.479875287019965,
        "13,22": 38.33939423173846,
        "13,23": 21.028119240983486,
        "13,24": 75.79477970610249,
        "13,25": 35.57776864131668,
        "13,26": 15.00699550391362,
        "13,27": 16.56843196634896,
        "13,28": 46.43436983521962,
        "13,29": 79.33193143130197,
        "13,30": 59.01781532353584,
        "14,0": 37.330344106094884,
        "14,1": 64.57114112129693,
        "14,2": 46.4776770668427,
        "14,3": 56.950728904077245,
        "14,4": 43.9020487188905,
        "14,5": 34.81597092354518,
        "14,6": 90.24128903991772,
        "14,7": 82.09811905359327,
        "14,8": 23.45970045988941,
        "14,9": 63.047030472749306,
        "14,10": 56.810027345951,
        "14,11": 65.620822688328,
        "14,12": 47.93549296856744,
        "14,13": 69.25582694985228,
        "14,14": 0.0,
        "14,15": 46.03765851877465,
        "14,16": 29.858552267113023,
        "14,17": 78.14194065162238,
        "14,18": 78.12674184033848,
        "14,19": 47.897235111285724,
        "14,20": 37.86373786720077,
        "14,21": 54.028334520818326,
        "14,22": 34.530909543366576,
        "14,23": 55.60805123949273,
        "14,24": 40.94825334865596,
        "14,25": 41.32307479355478,
        "14,26": 57.39964420668728,
        "14,27": 77.52210591004834,
        "14,28": 25.699571171061915,
        "14,29": 11.106628623022395,
        "14,30": 47.004821002647816,
        "15,0": 11.877822289318097,
        "15,1": 32.16943042741943,
        "15,2": 2.762718178087996,
        "15,3": 14.945010757818718,
        "15,4": 9.00338649431997,
        "15,5": 29.83031875667445,
        "15,6": 44.824861471116634,
        "15,7": 50.22794539218089,
        "15,8": 60.250086467570114,
        "15,9": 42.52809922667032,
        "15,10": 50.03515924356573,
        "15,11": 42.746611586231836,
        "15,12": 16.743196453644625,
        "15,13": 25.360271199463362,
        "15,14": 46.03765851877465,
        "15,15": 0.0,
        "15,16": 16.634941351388534,
        "15,17": 34.421363349695966,
        "15,18": 35.25210144596324,
        "15,19": 16.76652736857175,
        "15,20": 49.36426827869181,
        "15,21": 52.84105624726039,
        "15,22": 23.3330434042312,
        "15,23": 24.041302721061374,
        "15,24": 51.45156752846782,
        "15,25": 11.219915481115956,
        "15,26": 11.502398801415762,
        "15,27": 38.639767935889964,
        "15,28": 27.947123849873346,
        "15,29": 55.30254434847774,
        "15,30": 37.02094499048689,
        "16,0": 12.453702819806539,
        "16,1": 43.1267274327474,
        "16,2": 17.695623044417566,
        "16,3": 29.833469250110976,
        "16,4": 17.71187878146989,
        "16,5": 25.86464190130082,
        "16,6": 60.38547729907086,
        "16,7": 61.827719513393646,
        "16,8": 46.818962558403726,
        "16,9": 48.64692123408068,
        "16,10": 50.80836498731804,
        "16,11": 49.96358899406299,
        "16,12": 20.41874054111975,
        "16,13": 39.550660449078975,
        "16,14": 29.858552267113023,
        "16,15": 16.634941351388534,
        "16,16": 0.0,
        "16,17": 50.55875170263204,
        "16,18": 51.08806080322132,
        "16,19": 20.396144994369568,
        "16,20": 37.175207720354564,
        "16,21": 45.406226416797864,
        "16,22": 13.894781838294072,
        "16,23": 29.115052730574313,
        "16,24": 45.49488058787224,
        "16,25": 16.471833725372033,
        "16,26": 27.69093352873162,
        "16,27": 49.42711842434226,
        "16,28": 13.306958232985995,
        "16,29": 39.78237116395351,
        "16,30": 37.49873156776692,
        "17,0": 40.81690314026743,
        "17,1": 24.006600647236237,
        "17,2": 32.90075482737902,
        "17,3": 21.197318447481823,
        "17,4": 34.24773225716892,
        "17,5": 50.36584942295284,
        "17,6": 29.578320614515487,
        "17,7": 29.677115363250838,
        "17,8": 87.03627186624398,
        "17,9": 39.927467552179884,
        "17,10": 55.46620240011828,
        "17,11": 37.481653624621934,
        "17,12": 45.498783344264915,
        "17,13": 29.742692330760214,
        "17,14": 78.14194065162238,
        "17,15": 34.421363349695966,
        "17,16": 50.55875170263204,
        "17,17": 0.0,
        "17,18": 2.858574619963407,
        "17,19": 45.54677212261533,
        "17,20": 82.70345624843108,
        "17,21": 82.73570112139103,
        "17,22": 56.9993869372949,
        "17,23": 47.57123313116669,
        "17,24": 67.96766387485488,
        "17,25": 36.849856248998,
        "17,26": 26.30835559818799,
        "17,27": 44.85612320453053,
        "17,28": 62.36234984368873,
        "17,29": 85.84005986206894,
        "17,30": 47.93592642749375,
        "18,0": 40.88132123597589,
        "18,1": 21.91883165927872,
        "18,2": 33.549446508999374,
        "18,3": 21.38036333640894,
        "18,4": 34.34524918808793,
        "18,5": 49.43185612498212,
        "18,6": 32.36782825186465,
        "18,7": 26.819928812604843,
        "18,8": 86.2689827197573,
        "18,9": 37.630880851942486,
        "18,10": 53.377565251788596,
        "18,11": 35.08501189348447,
        "18,12": 47.11206852269153,
        "18,13": 32.26087539601241,
        "18,14": 78.12674184033848,
        "18,15": 35.25210144596324,
        "18,16": 51.08806080322132,
        "18,17": 2.858574619963407,
        "18,18": 0.0,
        "18,19": 47.158932063401046,
        "18,20": 83.98204591384076,
        "18,21": 84.51648498845772,
        "18,22": 58.142125065308264,
        "18,23": 49.579904482114436,
        "18,24": 66.45682640766563,
        "18,25": 36.80804946256978,
        "18,26": 27.856203699873358,
        "18,27": 47.57024275866373,
        "18,28": 63.179482258932644,
        "18,29": 85.54095311758994,
        "18,30": 46.33129285800302,
        "19,0": 25.350229050213898,
        "19,1": 48.5023713090468,
        "19,2": 19.52477620300021,
        "19,3": 30.084956412106653,
        "19,4": 25.292166449716667,
        "19,5": 43.364614377932284,
        "19,6": 45.20459538095273,
        "19,7": 65.98575157109181,
        "19,8": 66.95993182552782,
        "19,9": 59.27506389499525,
        "19,10": 65.91494820017769,
        "19,11": 59.51011007866839,
        "19,12": 0.052329871237530835,
        "19,13": 23.63224647499237,
        "19,14": 47.897235111285724,
        "19,15": 16.76652736857175,
        "19,16": 20.396144994369568,
        "19,17": 45.54677212261533,
        "19,18": 47.158932063401046,
        "19,19": 0.0,
        "19,20": 37.94155682984213,
        "19,21": 37.55796794407852,
        "19,22": 14.828174422768189,
        "19,23": 8.811877817675953,
        "19,24": 64.46308894016045,
        "19,25": 26.720446573921617,
        "19,26": 19.305174735472942,
        "19,27": 29.65106477832004,
        "19,28": 23.36224764199508,
        "19,29": 58.623744095649435,
        "19,30": 52.60483362671033,
        "20,0": 49.58473423714817,
        "20,1": 79.92230986249164,
        "20,2": 51.62698422280375,
        "20,3": 64.29821717115667,
        "20,4": 54.09737256299249,
        "20,5": 60.175905525012325,
        "20,6": 81.5957667614897,
        "20,7": 98.57169411564185,
        "20,8": 61.19201935772743,
        "20,9": 85.61970917974965,
        "20,10": 85.63384375876673,
        "20,11": 87.07859447418997,
        "20,12": 37.99341574556895,
        "20,13": 60.69789575566427,
        "20,14": 37.86373786720077,
        "20,15": 49.36426827869181,
        "20,16": 37.175207720354564,
        "20,17": 82.70345624843108,
        "20,18": 83.98204591384076,
        "20,19": 37.94155682984213,
        "20,20": 0.0,
        "20,21": 17.401392539625967,
        "20,22": 26.031405330783556,
        "20,23": 40.10695095105431,
        "20,24": 74.87172360826071,
        "20,25": 53.42144451715314,
        "20,26": 56.51478144354087,
        "20,27": 60.393946532842634,
        "20,28": 24.104184241455386,
        "20,29": 47.46076616989036,
        "20,30": 72.97541745091772,
        "21,0": 56.77809275074402,
        "21,1": 84.95843162282233,
        "21,2": 55.49286118711677,
        "21,3": 67.29280503809183,
        "21,4": 59.70273643281761,
        "21,5": 70.79656064424952,
        "21,6": 75.40865857649874,
        "21,7": 103.03828404142956,
        "21,8": 77.48753223260789,
        "21,9": 93.39584189167046,
        "21,10": 96.10943893361217,
        "21,11": 94.29991687405575,
        "21,12": 37.60118709940013,
        "21,13": 56.479875287019965,
        "21,14": 54.028334520818326,
        "21,15": 52.84105624726039,
        "21,16": 45.406226416797864,
        "21,17": 82.73570112139103,
        "21,18": 84.51648498845772,
        "21,19": 37.55796794407852,
        "21,20": 17.401392539625967,
        "21,21": 0.0,
        "21,22": 31.714810455415524,
        "21,23": 35.70745904940793,
        "21,24": 88.01762159810602,
        "21,25": 59.907561149885105,
        "21,26": 56.76155753149403,
        "21,27": 51.568174792137405,
        "21,28": 34.556994244448546,
        "21,29": 64.1924230330259,
        "21,30": 82.87716588707526,
        "22,0": 25.114025269849957,
        "22,1": 54.39893829757355,
        "22,2": 25.62583722868818,
        "22,3": 38.27037490851351,
        "22,4": 28.630507233729283,
        "22,5": 39.71670948214812,
        "22,6": 59.949638739915486,
        "22,7": 72.92128542917423,
        "22,8": 55.53513595330726,
        "22,9": 61.76748969643311,
        "22,10": 64.68993197131623,
        "22,11": 62.799773520383724,
        "22,12": 14.87686023644197,
        "22,13": 38.33939423173846,
        "22,14": 34.530909543366576,
        "22,15": 23.3330434042312,
        "22,16": 13.894781838294072,
        "22,17": 56.9993869372949,
        "22,18": 58.142125065308264,
        "22,19": 14.828174422768189,
        "22,20": 26.031405330783556,
        "22,21": 31.714810455415524,
        "22,22": 0.0,
        "22,23": 21.334115765408516,
        "22,24": 58.69495514572387,
        "22,25": 28.449425479233643,
        "22,26": 31.157214346972935,
        "22,27": 43.57555755603299,
        "22,28": 8.955864123278756,
        "22,29": 45.56335777179575,
        "22,30": 51.35168105543725,
        "23,0": 33.79878503160312,
        "23,1": 54.296737111712446,
        "23,2": 26.68586524181956,
        "23,3": 35.384784945242025,
        "23,4": 32.96459902576441,
        "23,5": 51.98548340373977,
        "23,6": 41.49137951322512,
        "23,7": 70.8750952762954,
        "23,8": 75.40896744064877,
        "23,9": 66.28871790853522,
        "23,10": 73.94255212975095,
        "23,11": 66.22502770681858,
        "23,12": 8.797993257103627,
        "23,13": 21.028119240983486,
        "23,14": 55.60805123949273,
        "23,15": 24.041302721061374,
        "23,16": 29.115052730574313,
        "23,17": 47.57123313116669,
        "23,18": 49.579904482114436,
        "23,19": 8.811877817675953,
        "23,20": 40.10695095105431,
        "23,21": 35.70745904940793,
        "23,22": 21.334115765408516,
        "23,23": 0.0,
        "23,24": 73.19989589371659,
        "23,25": 34.74480981551956,
        "23,26": 22.770802676781873,
        "23,27": 22.291461929202335,
        "23,28": 30.28088582771219,
        "23,29": 66.51432510788793,
        "23,30": 60.75385685054673,
        "24,0": 39.8950490000569,
        "24,1": 45.43992997773608,
        "24,2": 49.65220221696656,
        "24,3": 51.43608641912231,
        "24,4": 43.199076877282394,
        "24,5": 21.62151313633362,
        "24,6": 91.61817789403868,
        "24,7": 56.636508050616264,
        "24,8": 29.12496757375515,
        "24,9": 34.24951387935384,
        "24,10": 20.347873555679566,
        "24,11": 37.63146312087977,
        "24,12": 64.47000577066086,
        "24,13": 75.79477970610249,
        "24,14": 40.94825334865596,
        "24,15": 51.45156752846782,
        "24,16": 45.49488058787224,
        "24,17": 67.96766387485488,
        "24,18": 66.45682640766563,
        "24,19": 64.46308894016045,
        "24,20": 74.87172360826071,
        "24,21": 88.01762159810602,
        "24,22": 58.69495514572387,
        "24,23": 73.19989589371659,
        "24,24": 0.0,
        "24,25": 40.42155194951168,
        "24,26": 60.7935791334043,
        "24,27": 90.08219884574093,
        "24,28": 53.556132662985654,
        "24,29": 38.71025224555764,
        "24,30": 20.20360382329743,
        "25,0": 4.2733016325971365,
        "25,1": 26.655091142235595,
        "25,2": 9.232057113292482,
        "25,3": 15.71555629705395,
        "25,4": 3.0699359757619358,
        "25,5": 18.855397100524694,
        "25,6": 53.3257385738896,
        "25,7": 45.35630442572725,
        "25,8": 51.901388575765125,
        "25,9": 33.551243841600034,
        "25,10": 39.22662497721708,
        "25,11": 34.39685198233597,
        "25,12": 26.70916283355009,
        "25,13": 35.57776864131668,
        "25,14": 41.32307479355478,
        "25,15": 11.219915481115956,
        "25,16": 16.471833725372033,
        "25,17": 36.849856248998,
        "25,18": 36.80804946256978,
        "25,19": 26.720446573921617,
        "25,20": 53.42144451715314,
        "25,21": 59.907561149885105,
        "25,22": 28.449425479233643,
        "25,23": 34.74480981551956,
        "25,24": 40.42155194951168,
        "25,25": 0.0,
        "25,26": 20.70818316802787,
        "25,27": 49.699914364015775,
        "25,28": 29.770477444736276,
        "25,29": 49.13907913641958,
        "25,30": 26.01188803084977,
        "26,0": 22.708354959130155,
        "26,1": 32.22316999968633,
        "26,2": 11.948180428357563,
        "26,3": 13.38999332652056,
        "26,4": 17.73635225823145,
        "26,5": 39.42814520075769,
        "26,6": 33.34958184697645,
        "26,7": 48.146652528856485,
        "26,8": 71.59370959901702,
        "26,9": 45.82093270827074,
        "26,10": 56.30249770744977,
        "26,11": 45.182611621249706,
        "26,12": 19.258608473670844,
        "26,13": 15.00699550391362,
        "26,14": 57.39964420668728,
        "26,15": 11.502398801415762,
        "26,16": 27.69093352873162,
        "26,17": 26.30835559818799,
        "26,18": 27.856203699873358,
        "26,19": 19.305174735472942,
        "26,20": 56.51478144354087,
        "26,21": 56.76155753149403,
        "26,22": 31.157214346972935,
        "26,23": 22.770802676781873,
        "26,24": 60.7935791334043,
        "26,25": 20.70818316802787,
        "26,26": 0.0,
        "26,27": 30.3529911776838,
        "26,28": 37.54277436950506,
        "26,29": 66.79140373504517,
        "26,30": 44.2175268305315,
        "27,0": 50.37707229003012,
        "27,1": 60.65977062384104,
        "27,2": 40.47692950232279,
        "27,3": 43.039225426739435,
        "27,4": 47.05290120824049,
        "27,5": 68.4643761322373,
        "27,6": 25.264932492618602,
        "27,7": 73.38739025790588,
        "27,8": 96.24607609696895,
        "27,9": 75.52175114312217,
        "27,10": 86.6529251845051,
        "27,11": 74.48411857775777,
        "27,12": 29.614808434888413,
        "27,13": 16.56843196634896,
        "27,14": 77.52210591004834,
        "27,15": 38.639767935889964,
        "27,16": 49.42711842434226,
        "27,17": 44.85612320453053,
        "27,18": 47.57024275866373,
        "27,19": 29.65106477832004,
        "27,20": 60.393946532842634,
        "27,21": 51.568174792137405,
        "27,22": 43.57555755603299,
        "27,23": 22.291461929202335,
        "27,24": 90.08219884574093,
        "27,25": 49.699914364015775,
        "27,26": 30.3529911776838,
        "27,27": 0.0,
        "27,28": 52.49229798711143,
        "27,29": 88.27480113865302,
        "27,30": 74.47783636949741,
        "28,0": 25.75125831975615,
        "28,1": 56.42398395978801,
        "28,2": 29.690149395454505,
        "28,3": 42.321810403963056,
        "28,4": 30.848039893580275,
        "28,5": 36.62959045535284,
        "28,6": 68.0143089057516,
        "28,7": 75.12528277886986,
        "28,8": 47.346543999748405,
        "28,9": 61.515905586688426,
        "28,10": 62.11890554414889,
        "28,11": 63.00141705448926,
        "28,12": 23.407620406983025,
        "28,13": 46.43436983521962,
        "28,14": 25.699571171061915,
        "28,15": 27.947123849873346,
        "28,16": 13.306958232985995,
        "28,17": 62.36234984368873,
        "28,18": 63.179482258932644,
        "28,19": 23.36224764199508,
        "28,20": 24.104184241455386,
        "28,21": 34.556994244448546,
        "28,22": 8.955864123278756,
        "28,23": 30.28088582771219,
        "28,24": 53.556132662985654,
        "28,25": 29.770477444736276,
        "28,26": 37.54277436950506,
        "28,27": 52.49229798711143,
        "28,28": 0.0,
        "28,29": 36.77952589571895,
        "28,30": 49.17994322466466,
        "29,0": 45.4821166181556,
        "29,1": 69.990062733355,
        "29,2": 55.39613516875181,
        "29,3": 64.8391245950826,
        "29,4": 51.95978368132136,
        "29,5": 38.768088268831576,
        "29,6": 99.97061604151037,
        "29,7": 86.50253986568556,
        "29,8": 14.399151157385342,
        "29,9": 65.97666086052993,
        "29,10": 57.08514299923541,
        "29,11": 68.87406549463938,
        "29,12": 58.660003152007555,
        "29,13": 79.33193143130197,
        "29,14": 11.106628623022395,
        "29,15": 55.30254434847774,
        "29,16": 39.78237116395351,
        "29,17": 85.84005986206894,
        "29,18": 85.54095311758994,
        "29,19": 58.623744095649435,
        "29,20": 47.46076616989036,
        "29,21": 64.1924230330259,
        "29,22": 45.56335777179575,
        "29,23": 66.51432510788793,
        "29,24": 38.71025224555764,
        "29,25": 49.13907913641958,
        "29,26": 66.79140373504517,
        "29,27": 88.27480113865302,
        "29,28": 36.77952589571895,
        "29,29": 0.0,
        "29,30": 49.418331424891065,
        "30,0": 27.43926986128057,
        "30,1": 25.265284354874876,
        "30,2": 34.64406007976221,
        "30,3": 33.02380249731394,
        "30,4": 28.03204921841872,
        "30,5": 13.021590511997717,
        "30,6": 72.8418128049465,
        "30,7": 38.15143840023507,
        "30,8": 44.58714964139706,
        "30,9": 16.593057274873196,
        "30,10": 13.433121526312558,
        "30,11": 19.632264207676133,
        "30,12": 52.59705626297038,
        "30,13": 59.01781532353584,
        "30,14": 47.004821002647816,
        "30,15": 37.02094499048689,
        "30,16": 37.49873156776692,
        "30,17": 47.93592642749375,
        "30,18": 46.33129285800302,
        "30,19": 52.60483362671033,
        "30,20": 72.97541745091772,
        "30,21": 82.87716588707526,
        "30,22": 51.35168105543725,
        "30,23": 60.75385685054673,
        "30,24": 20.20360382329743,
        "30,25": 26.01188803084977,
        "30,26": 44.2175268305315,
        "30,27": 74.47783636949741,
        "30,28": 49.17994322466466,
        "30,29": 49.418331424891065,
        "30,30": 0.0
    }
}