{
    "num_robots": 2,
    "num_tasks": 40,
    "num_nodes": 41,
    "robot_capacity": [
        269,
        200
    ],
    "robot_speed": [
        1.02,
        1.04
    ],
    "task_demand": {
        "0": 0,
        "1": 5,
        "2": 13,
        "3": 15,
        "4": 10,
        "5": 6,
        "6": 6,
        "7": 7,
        "8": 10,
        "9": 12,
        "10": 5,
        "11": 9,
        "12": 14,
        "13": 11,
        "14": 5,
        "15": 5,
        "16": 8,
        "17": 9,
        "18": 11,
        "19": 5,
        "20": 14,
        "21": 8,
        "22": 13,
        "23": 5,
        "24": 13,
        "25": 8,
        "26": 6,
        "27": 13,
        "28": 13,
        "29": 11,
        "30": 6,
        "31": 10,
        "32": 8,
        "33": 15,
        "34": 13,
        "35": 15,
        "36": 15,
        "37": 11,
        "38": 5,
        "39": 5,
        "40": 12
    },
    "task_service_time": {
        "0": 0,
        "1": 91,
        "2": 71,
        "3": 24,
        "4": 99,
        "5": 42,
        "6": 20,
        "7": 77,
        "8": 65,
        "9": 63,
        "10": 43,
        "11": 39,
        "12": 88,
        "13": 26,
        "14": 22,
        "15": 30,
        "16": 44,
        "17": 34,
        "18": 83,
        "19": 50,
        "20": 14,
        "21": 55,
        "22": 79,
        "23": 52,
        "24": 70,
        "25": 81,
        "26": 38,
        "27": 64,
        "28": 43,
        "29": 49,
        "30": 95,
        "31": 27,
        "32": 14,
        "33": 75,
        "34": 19,
        "35": 50,
        "36": 40,
        "37": 55,
        "38": 24,
        "39": 80,
        "40": 93
    },
    "task_precedence": [],
    "coordinates": {
        "0": [
            50.0,
            50.0
        ],
        "1": [
            13.069894637194269,
            12.08035351405975
        ],
        "2": [
            25.046013679712352,
            62.60415709813313
        ],
        "3": [
            86.22578349896949,
            5.445671985876865
        ],
        "4": [
            45.24541378299317,
            16.9395391571878
        ],
        "5": [
            1.4810295779219995,
            58.61265381151296
        ],
        "6": [
            57.3388515995462,
            7.9721364139430655
        ],
        "7": [
            75.10011738374183,
            28.275914437680516
        ],
        "8": [
            76.5762718830797,
            85.82742905008689
        ],
        "9": [
            8.154607949118809,
            69.70885520166532
        ],
        "10": [
            92.89492432765516,
            81.96947197666921
        ],
        "11": [
            5.278253633700358,
            49.453888644126685
        ],
        "12": [
            62.15464786835512,
            17.835603296773172
        ],
        "13": [
            36.39214375986395,
            70.96362300803817
        ],
        "14": [
            29.9528547303318,
            95.33862787884463
        ],
        "15": [
            26.414414985721802,
            49.77842131180195
        ],
        "16": [
            20.874766527251477,
            18.08195635907427
        ],
        "17": [
            87.06330404426656,
            83.86724075759807
        ],
        "18": [
            50.164381312012,
            81.86335499927175
        ],
        "19": [
            16.759823042495814,
            35.3806832862639
        ],
        "20": [
            71.67244769799427,
            82.86902017892116
        ],
        "21": [
            64.1946049984519,
            77.07896523875516
        ],
        "22": [
            30.202001830764967,
            80.06193107893637
        ],
        "23": [
            15.245785211837692,
            64.5352487035952
        ],
        "24": [
            98.29471168739072,
            54.324845120297546
        ],
        "25": [
            25.248550723213125,
            55.328289630512806
        ],
        "26": [
            2.477935782322449,
            21.99639414386253
        ],
        "27": [
            93.88129125805122,
            9.739104227392803
        ],
        "28": [
            2.131611400237532,
            97.18913426520712
        ],
        "29": [
            13.913456366381894,
            69.10490362660107
        ],
        "30": [
            98.68980592753374,
            9.946457652252949
        ],
        "31": [
            82.51112536704963,
            88.42819816254641
        ],
        "32": [
            5.5921635566328565,
            87.05913114904678
        ],
        "33": [
            72.90583668235706,
            80.35350502372894
        ],
        "34": [
            64.95828606042991,
            39.59442825137566
        ],
        "35": [
            18.90534131338917,
            56.97171064918856
        ],
        "36": [
            70.11078936527036,
            89.98754984447727
        ],
        "37": [
            15.128566301426293,
            80.97726379122655
        ],
        "38": [
            95.06365505068625,
            31.662292976360895
        ],
        "39": [
            15.053745041094324,
            78.2212347106459
        ],
        "40": [
            73.32744853250551,
            97.39074478364383
        ]
    },
    "distance_matrix_str_keys": {
        "0,0": 0.0,
        "0,1": 52.931392119673305,
        "0,2": 27.9565056726967,
        "0,3": 57.422953031904306,
        "0,4": 33.40060121066791,
        "0,5": 49.27746235852094,
        "0,6": 42.66380269512286,
        "0,7": 33.19565914689144,
        "0,8": 44.608327692734484,
        "0,9": 46.25446799231573,
        "0,10": 53.4978660466219,
        "0,11": 44.72508061104696,
        "0,12": 34.38435516461314,
        "0,13": 24.99294382571523,
        "0,14": 49.572968555448924,
        "0,15": 23.586625820172074,
        "0,16": 43.20926676890214,
        "0,17": 50.20635919095167,
        "0,18": 31.863779013565775,
        "0,19": 36.3129974711909,
        "0,20": 39.370896316246395,
        "0,21": 30.57379874114085,
        "0,22": 35.9955612777986,
        "0,23": 37.671327298319156,
        "0,24": 48.48797234658049,
        "0,25": 25.3184697738229,
        "0,26": 55.159301377509905,
        "0,27": 59.55256040580172,
        "0,28": 67.21753506219649,
        "0,29": 40.83180101345933,
        "0,30": 63.0474698609204,
        "0,31": 50.33586878809139,
        "0,32": 57.83973667906084,
        "0,33": 38.026472638733566,
        "0,34": 18.221587342529215,
        "0,35": 31.86663691406471,
        "0,36": 44.759892665854615,
        "0,37": 46.643410683453,
        "0,38": 48.65187052326008,
        "0,39": 44.91857994467551,
        "0,40": 52.820947986430134,
        "1,0": 52.931392119673305,
        "1,1": 0.0,
        "1,2": 51.92381106893628,
        "1,3": 73.45613026927582,
        "1,4": 32.54037057896012,
        "1,5": 47.95369395921847,
        "1,6": 44.45917226260808,
        "1,7": 64.1096305372057,
        "1,8": 97.3226135130639,
        "1,9": 57.837740706085064,
        "1,10": 106.09676830405166,
        "1,11": 38.1770978159115,
        "1,12": 49.42100666543913,
        "1,13": 63.3337724317789,
        "1,14": 84.95277859910334,
        "1,15": 39.990255550764275,
        "1,16": 9.845570675663831,
        "1,17": 103.09404355150252,
        "1,18": 79.02954028686571,
        "1,19": 23.59069602893722,
        "1,20": 91.8982837349683,
        "1,21": 82.69555934667952,
        "1,22": 70.10708940685907,
        "1,23": 52.500005039409004,
        "1,24": 95.12027392889989,
        "1,25": 44.929986004831214,
        "1,26": 14.509219625989438,
        "1,27": 80.84530457630652,
        "1,28": 85.80880258527537,
        "1,29": 57.03078915751286,
        "1,30": 85.64649859109616,
        "1,31": 103.20405955070983,
        "1,32": 75.35073694231546,
        "1,33": 90.78305556376876,
        "1,34": 58.731843774408446,
        "1,35": 45.26904442711812,
        "1,36": 96.5566927325376,
        "1,37": 68.92766044746539,
        "1,38": 84.29963878837412,
        "1,39": 66.17062662455281,
        "1,40": 104.44537165435271,
        "2,0": 27.9565056726967,
        "2,1": 51.92381106893628,
        "2,2": 0.0,
        "2,3": 83.72608109463447,
        "2,4": 49.932685650032155,
        "2,5": 23.900639619155207,
        "2,6": 63.462469735698356,
        "2,7": 60.694658263875716,
        "2,8": 56.5215699592652,
        "2,9": 18.32474618372277,
        "2,10": 70.55841619861785,
        "2,11": 23.742238682338805,
        "2,12": 58.14872432660727,
        "2,13": 14.093095405005437,
        "2,14": 33.10019133463279,
        "2,15": 12.898527846039821,
        "2,16": 44.717174121985465,
        "2,17": 65.56113963981127,
        "2,18": 31.65199987846867,
        "2,19": 28.45660699489355,
        "2,20": 50.83983698778236,
        "2,21": 41.738858069543625,
        "2,22": 18.20324383670684,
        "2,23": 9.988673225770627,
        "2,24": 73.71511898278668,
        "2,25": 7.2786859157656885,
        "2,26": 46.45759950893815,
        "2,27": 86.79291016156292,
        "2,28": 41.4872327044433,
        "2,29": 12.891607260616322,
        "2,30": 90.5330958687094,
        "2,31": 63.00095362877177,
        "2,32": 31.24896863005402,
        "2,33": 51.045097802123294,
        "2,34": 46.06991543506339,
        "2,35": 8.332605241504812,
        "2,36": 52.73219325886411,
        "2,37": 20.87886041087653,
        "2,38": 76.54978157045605,
        "2,39": 18.540187315708465,
        "2,40": 59.50801319357112,
        "3,0": 57.422953031904306,
        "3,1": 73.45613026927582,
        "3,2": 83.72608109463447,
        "3,3": 0.0,
        "3,4": 42.56171618496896,
        "3,5": 100.04199754896148,
        "3,6": 28.997204297452583,
        "3,7": 25.396858406418346,
        "3,8": 80.95887809965544,
        "3,9": 101.11807538101976,
        "3,10": 76.81386205902963,
        "3,11": 92.13699433304787,
        "3,12": 27.072679373053592,
        "3,13": 82.3164233661138,
        "3,14": 106.05369409584571,
        "3,15": 74.4499326139576,
        "3,16": 66.56148362227279,
        "3,17": 78.42604088746029,
        "3,18": 84.49903552600587,
        "3,19": 75.64142095237678,
        "3,20": 78.77927664276514,
        "3,21": 74.94465643643,
        "3,22": 93.30728928357759,
        "3,23": 92.35658197183541,
        "3,24": 50.34712100926865,
        "3,25": 78.78133319555921,
        "3,26": 85.3676074463935,
        "3,27": 8.77726377989457,
        "3,28": 124.45357629240728,
        "3,29": 96.3409073468677,
        "3,30": 13.25175183567852,
        "3,31": 83.06562667974451,
        "3,32": 114.72810196975975,
        "3,33": 76.0828787154121,
        "3,34": 40.22988940798534,
        "3,35": 84.77602607102526,
        "3,36": 86.06405839714779,
        "3,37": 103.72962765711925,
        "3,38": 27.666210252279445,
        "3,39": 101.79264014729186,
        "3,40": 92.84537391110972,
        "4,0": 33.40060121066791,
        "4,1": 32.54037057896012,
        "4,2": 49.932685650032155,
        "4,3": 42.56171618496896,
        "4,4": 0.0,
        "4,5": 60.43152993133314,
        "4,6": 15.055415975069842,
        "4,7": 31.934569538177925,
        "4,8": 75.678028800861,
        "4,9": 64.50060924679796,
        "4,10": 80.61865799957303,
        "4,11": 51.52239137460549,
        "4,12": 16.932959820888293,
        "4,13": 54.74469861115458,
        "4,14": 79.87665162464783,
        "4,15": 37.85496924932672,
        "4,16": 24.397408975687483,
        "4,17": 78.91801560744837,
        "4,18": 65.10989252831226,
        "4,19": 33.93382790998485,
        "4,20": 71.02875888919725,
        "4,21": 63.05412291944376,
        "4,22": 64.89021964123154,
        "4,23": 56.26125915435296,
        "4,24": 64.8990686381927,
        "4,25": 43.28476285177968,
        "4,26": 43.06540324778245,
        "4,27": 49.16599272817616,
        "4,28": 91.09773581654126,
        "4,29": 60.85159657546438,
        "4,30": 53.89996512646452,
        "4,31": 80.61861835984614,
        "4,32": 80.55518254351558,
        "4,33": 69.18403039643253,
        "4,34": 30.030673207513786,
        "4,35": 47.92049845388661,
        "4,36": 77.16410284723113,
        "4,37": 70.76619728749691,
        "4,38": 51.94821116290776,
        "4,39": 68.31532091212979,
        "4,40": 85.21148492089038,
        "5,0": 49.27746235852094,
        "5,1": 47.95369395921847,
        "5,2": 23.900639619155207,
        "5,3": 100.04199754896148,
        "5,4": 60.43152993133314,
        "5,5": 0.0,
        "5,6": 75.39600973057543,
        "5,7": 79.6246685719749,
        "5,8": 79.87452289783297,
        "5,9": 12.948449079612772,
        "5,10": 94.35062855177736,
        "5,11": 9.914730955558504,
        "5,12": 73.1030492191319,
        "5,13": 37.03150460780797,
        "5,14": 46.4697966286029,
        "5,15": 26.45217139958144,
        "5,16": 44.93166443434861,
        "5,17": 89.23071144314666,
        "5,18": 53.95056850291358,
        "5,19": 27.805862407397917,
        "5,20": 74.26443621988079,
        "5,21": 65.3758150982027,
        "5,22": 35.84641882313186,
        "5,23": 14.984846609729857,
        "5,24": 96.9085875811103,
        "5,25": 23.99337636651619,
        "5,26": 36.629827927922015,
        "5,27": 104.52957575494032,
        "5,28": 38.5819660061767,
        "5,29": 16.268145008962502,
        "5,30": 108.71037139114377,
        "5,31": 86.34143332458433,
        "5,32": 28.742016204604294,
        "5,33": 74.66034878928352,
        "5,34": 66.26503598431341,
        "5,35": 17.501409483716394,
        "5,36": 75.46143405441258,
        "5,37": 26.199828972039164,
        "5,38": 97.38598328055512,
        "5,39": 23.8477472714317,
        "5,40": 81.6434213886238,
        "6,0": 42.66380269512286,
        "6,1": 44.45917226260808,
        "6,2": 63.462469735698356,
        "6,3": 28.997204297452583,
        "6,4": 15.055415975069842,
        "6,5": 75.39600973057543,
        "6,6": 0.0,
        "6,7": 26.976025732009568,
        "6,8": 80.196788780006,
        "6,9": 78.9335940530957,
        "6,10": 82.09652841764547,
        "6,11": 66.56606964999342,
        "6,12": 10.97633238615523,
        "6,13": 66.38291913327606,
        "6,14": 91.55815996079946,
        "6,15": 52.000829193806005,
        "6,16": 37.83963476941234,
        "6,17": 81.50834274154225,
        "6,18": 74.2387042446966,
        "6,19": 48.968214183142514,
        "6,20": 76.25611565519245,
        "6,21": 69.44605924664471,
        "6,22": 77.02822281614901,
        "6,23": 70.50682172536096,
        "6,24": 61.85431334960598,
        "6,25": 57.204830720882406,
        "6,26": 56.62508180285232,
        "6,27": 36.58513456923792,
        "6,28": 104.91669112213089,
        "6,29": 74.98653331254594,
        "6,30": 41.398059956806584,
        "6,31": 84.30196461958177,
        "6,32": 94.51175831419556,
        "6,33": 74.03643391192037,
        "6,34": 32.527298113361006,
        "6,35": 62.27433651313735,
        "6,36": 83.00391818747464,
        "6,37": 84.32945397855998,
        "6,38": 44.546428738777884,
        "6,39": 81.99369517322322,
        "6,40": 90.83679185582544,
        "7,0": 33.19565914689144,
        "7,1": 64.1096305372057,
        "7,2": 60.694658263875716,
        "7,3": 25.396858406418346,
        "7,4": 31.934569538177925,
        "7,5": 79.6246685719749,
        "7,6": 26.976025732009568,
        "7,7": 0.0,
        "7,8": 57.57044264453714,
        "7,9": 78.72985338366301,
        "7,10": 56.56547777013676,
        "7,11": 72.96299917779048,
        "7,12": 16.63085318595413,
        "7,13": 57.62419357400685,
        "7,14": 80.84357030208209,
        "7,15": 53.222696473029366,
        "7,16": 55.1752250273423,
        "7,17": 56.86399033731378,
        "7,18": 59.10503125268645,
        "7,19": 58.77131684942089,
        "7,20": 54.7006043289183,
        "7,21": 50.006679232658364,
        "7,22": 68.53927560003017,
        "7,23": 69.98057159777971,
        "7,24": 34.87887605153939,
        "7,25": 56.718689178108704,
        "7,26": 72.8931659051108,
        "7,27": 26.388365331510556,
        "7,28": 100.36650204356884,
        "7,29": 73.55823437686841,
        "7,30": 29.873774311960712,
        "7,31": 60.60709757648372,
        "7,32": 91.03198455579755,
        "7,33": 52.123797914623886,
        "7,34": 15.19754906362597,
        "7,35": 63.09755603673948,
        "7,36": 61.91299813978738,
        "7,37": 79.83745463692645,
        "7,38": 20.248713435345557,
        "7,39": 78.10314877571167,
        "7,40": 69.13755946377796,
        "8,0": 44.608327692734484,
        "8,1": 97.3226135130639,
        "8,2": 56.5215699592652,
        "8,3": 80.95887809965544,
        "8,4": 75.678028800861,
        "8,5": 79.87452289783297,
        "8,6": 80.196788780006,
        "8,7": 57.57044264453714,
        "8,8": 0.0,
        "8,9": 70.2946122999402,
        "8,10": 16.768489806395277,
        "8,11": 80.04025142359842,
        "8,12": 69.50447185966566,
        "8,13": 42.8450333536883,
        "8,14": 47.58367293683107,
        "8,15": 61.77169939629263,
        "8,16": 87.70465648432868,
        "8,17": 10.668654164972159,
        "8,18": 26.707711369909646,
        "8,19": 78.24884478417545,
        "8,20": 5.7271000242025485,
        "8,21": 15.160517600005276,
        "8,22": 46.731294543810314,
        "8,23": 64.92137967756786,
        "8,24": 38.263604401400855,
        "8,25": 59.70538053475275,
        "8,26": 97.80063614363874,
        "8,27": 78.03138387784716,
        "8,28": 75.30667845417783,
        "8,29": 64.855773104781,
        "8,30": 79.03752405164347,
        "8,31": 6.479697975408537,
        "8,32": 70.99479364686768,
        "8,33": 6.590594723470913,
        "8,34": 47.67040966290226,
        "8,35": 64.48712055291357,
        "8,36": 7.688242270637508,
        "8,37": 61.63882400149937,
        "8,38": 57.2332534657183,
        "8,39": 61.990930799207675,
        "8,40": 12.011041749871715,
        "9,0": 46.25446799231573,
        "9,1": 57.837740706085064,
        "9,2": 18.32474618372277,
        "9,3": 101.11807538101976,
        "9,4": 64.50060924679796,
        "9,5": 12.948449079612772,
        "9,6": 78.9335940530957,
        "9,7": 78.72985338366301,
        "9,8": 70.2946122999402,
        "9,9": 0.0,
        "9,10": 85.62268358115122,
        "9,11": 20.458178911986145,
        "9,12": 74.87882594210137,
        "9,13": 28.265400597037782,
        "9,14": 33.645933041283755,
        "9,15": 27.030404141488347,
        "9,16": 53.17084838852932,
        "9,17": 80.16883559704999,
        "9,18": 43.732744292253884,
        "9,19": 35.39029688850657,
        "9,20": 64.86683211466716,
        "9,21": 56.52256002029697,
        "9,22": 24.357211603403623,
        "9,23": 8.777869853681734,
        "9,24": 91.4434583123913,
        "9,25": 22.338387267442297,
        "9,26": 48.048970301991154,
        "9,27": 104.62043425194837,
        "9,28": 28.13258297487043,
        "9,29": 5.790431123676036,
        "9,30": 108.48117916876087,
        "9,31": 76.6766293169577,
        "9,32": 17.538477605392846,
        "9,33": 65.6203489193596,
        "9,34": 64.29258555632815,
        "9,35": 16.66772687622173,
        "9,36": 65.19044310393582,
        "9,37": 13.251910324214267,
        "9,38": 94.87214219815229,
        "9,39": 10.95712998548365,
        "9,40": 70.80809389142168,
        "10,0": 53.4978660466219,
        "10,1": 106.09676830405166,
        "10,2": 70.55841619861785,
        "10,3": 76.81386205902963,
        "10,4": 80.61865799957303,
        "10,5": 94.35062855177736,
        "10,6": 82.09652841764547,
        "10,7": 56.56547777013676,
        "10,8": 16.768489806395277,
        "10,9": 85.62268358115122,
        "10,10": 0.0,
        "10,11": 93.45557309731954,
        "10,12": 71.12044508187745,
        "10,13": 57.56468468959316,
        "10,14": 64.34623885458241,
        "10,15": 73.86421234448343,
        "10,16": 96.27314153689743,
        "10,17": 6.132643922118548,
        "10,18": 42.73067478082487,
        "10,19": 89.258438701003,
        "10,20": 21.241532460363526,
        "10,21": 29.114006693545658,
        "10,22": 62.72193590345888,
        "10,23": 79.58229040787258,
        "10,24": 28.16705695592611,
        "10,25": 72.7034005988228,
        "10,26": 108.49885659465133,
        "10,27": 72.2371022738114,
        "10,28": 92.0305226201475,
        "10,29": 80.02230564130986,
        "10,30": 72.25576271226872,
        "10,31": 12.228590466542263,
        "10,32": 87.45099581327429,
        "10,33": 20.05430063812758,
        "10,34": 50.75529616103461,
        "10,35": 78.09831282435393,
        "10,36": 24.15380671195327,
        "10,37": 77.77268747926145,
        "10,38": 50.35390403849617,
        "10,39": 77.9313702903068,
        "10,40": 24.91388697054119,
        "11,0": 44.72508061104696,
        "11,1": 38.1770978159115,
        "11,2": 23.742238682338805,
        "11,3": 92.13699433304787,
        "11,4": 51.52239137460549,
        "11,5": 9.914730955558504,
        "11,6": 66.56606964999342,
        "11,7": 72.96299917779048,
        "11,8": 80.04025142359842,
        "11,9": 20.458178911986145,
        "11,10": 93.45557309731954,
        "11,11": 0.0,
        "11,12": 65.0741130515241,
        "11,13": 37.82516135046901,
        "11,14": 52.09841872759624,
        "11,15": 21.1386527042542,
        "11,16": 35.03497323727564,
        "11,17": 88.73034021316846,
        "11,18": 55.36368816633312,
        "11,19": 18.16264146905855,
        "11,20": 74.32872944517979,
        "11,21": 65.07135556444133,
        "11,22": 39.47208489403355,
        "11,23": 18.077585762609374,
        "11,24": 93.14390847418143,
        "11,25": 20.816372229383685,
        "11,26": 27.599923628531695,
        "11,27": 97.0966651205374,
        "11,28": 47.83884438247114,
        "11,29": 21.46460146557451,
        "11,30": 101.42265627324713,
        "11,31": 86.5096137930205,
        "11,32": 37.60655266431057,
        "11,33": 74.3523791240707,
        "11,34": 60.4889678345706,
        "11,35": 15.563263357333483,
        "11,36": 76.46067865046784,
        "11,37": 33.02653236894172,
        "11,38": 91.53119241009895,
        "11,39": 30.382897030515572,
        "11,40": 83.23842323660588,
        "12,0": 34.38435516461314,
        "12,1": 49.42100666543913,
        "12,2": 58.14872432660727,
        "12,3": 27.072679373053592,
        "12,4": 16.932959820888293,
        "12,5": 73.1030492191319,
        "12,6": 10.97633238615523,
        "12,7": 16.63085318595413,
        "12,8": 69.50447185966566,
        "12,9": 74.87882594210137,
        "12,10": 71.12044508187745,
        "12,11": 65.0741130515241,
        "12,12": 0.0,
        "12,13": 59.04483971000842,
        "12,14": 83.92660067388181,
        "12,15": 47.93441216126585,
        "12,16": 41.28061643637243,
        "12,17": 70.57349572075614,
        "12,18": 65.14076665321778,
        "12,19": 48.66744243134295,
        "12,20": 65.72620348813957,
        "12,21": 59.27847298371739,
        "12,22": 69.95060727439571,
        "12,23": 66.19137615166291,
        "12,24": 51.35726805136354,
        "12,25": 52.60951943333873,
        "12,26": 59.82158595250097,
        "12,27": 32.74344511436487,
        "12,28": 99.49747626955761,
        "12,29": 70.39711438574841,
        "12,30": 37.37721757179923,
        "12,31": 73.46904535951212,
        "12,32": 89.39357605459313,
        "12,33": 63.4356059106841,
        "12,34": 21.93870667375569,
        "12,35": 58.327844261426314,
        "12,36": 72.58928004975449,
        "12,37": 78.72942040645452,
        "12,38": 35.69565941711036,
        "12,39": 76.58276260618415,
        "12,40": 80.33587001879576,
        "13,0": 24.99294382571523,
        "13,1": 63.3337724317789,
        "13,2": 14.093095405005437,
        "13,3": 82.3164233661138,
        "13,4": 54.74469861115458,
        "13,5": 37.03150460780797,
        "13,6": 66.38291913327606,
        "13,7": 57.62419357400685,
        "13,8": 42.8450333536883,
        "13,9": 28.265400597037782,
        "13,10": 57.56468468959316,
        "13,11": 37.82516135046901,
        "13,12": 59.04483971000842,
        "13,13": 0.0,
        "13,14": 25.211213887032333,
        "13,15": 23.417255227727996,
        "13,16": 55.111338794764734,
        "13,17": 52.288333647137556,
        "13,18": 17.563561275365473,
        "13,19": 40.63955728096731,
        "13,20": 37.23490738223103,
        "13,21": 28.46707328690422,
        "13,22": 11.004411245285254,
        "13,23": 22.10186589498058,
        "13,24": 64.09974138496685,
        "13,25": 19.200086343369694,
        "13,26": 59.56477990709355,
        "13,27": 83.98478302639074,
        "13,28": 43.145816926614145,
        "13,29": 22.55540344735201,
        "13,30": 87.20145170587674,
        "13,31": 49.3150266127009,
        "13,32": 34.75203825442044,
        "13,33": 37.70171952453517,
        "13,34": 42.42700632401026,
        "13,35": 22.395577046813614,
        "13,36": 38.715072694509836,
        "13,37": 23.503462044254494,
        "13,38": 70.6182751092655,
        "13,39": 22.53885949880823,
        "13,40": 45.4159608947186,
        "14,0": 49.572968555448924,
        "14,1": 84.95277859910334,
        "14,2": 33.10019133463279,
        "14,3": 106.05369409584571,
        "14,4": 79.87665162464783,
        "14,5": 46.4697966286029,
        "14,6": 91.55815996079946,
        "14,7": 80.84357030208209,
        "14,8": 47.58367293683107,
        "14,9": 33.645933041283755,
        "14,10": 64.34623885458241,
        "14,11": 52.09841872759624,
        "14,12": 83.92660067388181,
        "14,13": 25.211213887032333,
        "14,14": 0.0,
        "14,15": 45.69740669072847,
        "14,16": 77.7882059166851,
        "14,17": 58.25114714170883,
        "14,18": 24.291743163900726,
        "14,19": 61.39227316921263,
        "14,20": 43.54326071365605,
        "14,21": 38.80609154700048,
        "14,22": 15.278728330393918,
        "14,23": 34.134235928697876,
        "14,24": 79.70407636065045,
        "14,25": 40.28594845522838,
        "14,26": 78.31956601281975,
        "14,27": 106.83690114484841,
        "14,28": 27.882717843106384,
        "14,29": 30.748505459944404,
        "14,30": 109.62021344575886,
        "14,31": 53.010620173568746,
        "14,32": 25.729231246950757,
        "14,33": 45.49189560299635,
        "14,34": 65.82397750602227,
        "14,35": 39.9257797720321,
        "14,36": 40.512883756576585,
        "14,37": 20.6399686501823,
        "14,38": 91.07190535489164,
        "14,39": 22.693360667971298,
        "14,40": 43.423111027361095,
        "15,0": 23.586625820172074,
        "15,1": 39.990255550764275,
        "15,2": 12.898527846039821,
        "15,3": 74.4499326139576,
        "15,4": 37.85496924932672,
        "15,5": 26.45217139958144,
        "15,6": 52.000829193806005,
        "15,7": 53.222696473029366,
        "15,8": 61.77169939629263,
        "15,9": 27.030404141488347,
        "15,10": 73.86421234448343,
        "15,11": 21.1386527042542,
        "15,12": 47.93441216126585,
        "15,13": 23.417255227727996,
        "15,14": 45.69740669072847,
        "15,15": 0.0,
        "15,16": 32.176910907402636,
        "15,17": 69.57251867830973,
        "15,18": 39.91871578882834,
        "15,19": 17.335109051927777,
        "15,20": 56.06493787002458,
        "15,21": 46.61182742722594,
        "15,22": 30.51944917466352,
        "15,23": 18.506816195587785,
        "15,24": 72.02393368434142,
        "15,25": 5.6710032475414245,
        "15,26": 36.67146125006329,
        "15,27": 78.45333840271977,
        "15,28": 53.26753469723738,
        "15,29": 23.017099840481468,
        "15,30": 82.52464761977105,
        "15,31": 68.12228832195022,
        "15,32": 42.70149272033754,
        "15,33": 55.644299217131945,
        "15,34": 39.86657386932731,
        "15,35": 10.398538306313968,
        "15,36": 59.38137040583412,
        "15,37": 33.17737410617006,
        "15,38": 70.99938216184202,
        "15,39": 30.627739969384276,
        "15,40": 66.84134994858316,
        "16,0": 43.20926676890214,
        "16,1": 9.845570675663831,
        "16,2": 44.717174121985465,
        "16,3": 66.56148362227279,
        "16,4": 24.397408975687483,
        "16,5": 44.93166443434861,
        "16,6": 37.83963476941234,
        "16,7": 55.1752250273423,
        "16,8": 87.70465648432868,
        "16,9": 53.17084838852932,
        "16,10": 96.27314153689743,
        "16,11": 35.03497323727564,
        "16,12": 41.28061643637243,
        "16,13": 55.111338794764734,
        "16,14": 77.7882059166851,
        "16,15": 32.176910907402636,
        "16,16": 0.0,
        "16,17": 93.32002004948333,
        "16,18": 70.1851006036142,
        "16,19": 17.781414825154066,
        "16,20": 82.32720115928484,
        "16,21": 73.19327470416965,
        "16,22": 62.67786359379085,
        "16,23": 46.793095647700035,
        "16,24": 85.48330184519881,
        "16,25": 37.50225767017118,
        "16,26": 18.80867365415605,
        "16,27": 73.48167006104295,
        "16,28": 81.29730290967753,
        "16,29": 51.49564046616614,
        "16,30": 78.23916344182223,
        "16,31": 93.52878950836974,
        "16,32": 70.64990159627952,
        "16,33": 81.14787757286061,
        "16,34": 49.05245295955322,
        "16,35": 38.939589422828526,
        "16,36": 87.14700407583699,
        "16,37": 63.15725226781342,
        "16,38": 75.42159321428743,
        "16,39": 60.42033674012514,
        "16,40": 95.08505545519463,
        "17,0": 50.20635919095167,
        "17,1": 103.09404355150252,
        "17,2": 65.56113963981127,
        "17,3": 78.42604088746029,
        "17,4": 78.91801560744837,
        "17,5": 89.23071144314666,
        "17,6": 81.50834274154225,
        "17,7": 56.86399033731378,
        "17,8": 10.668654164972159,
        "17,9": 80.16883559704999,
        "17,10": 6.132643922118548,
        "17,11": 88.73034021316846,
        "17,12": 70.57349572075614,
        "17,13": 52.288333647137556,
        "17,14": 58.25114714170883,
        "17,15": 69.57251867830973,
        "17,16": 93.32002004948333,
        "17,17": 0.0,
        "17,18": 36.95329561667424,
        "17,19": 85.40214105271208,
        "17,20": 15.423193683387497,
        "17,21": 23.854938284719303,
        "17,22": 56.98849069036376,
        "17,23": 74.37393312190977,
        "17,24": 31.605342232553355,
        "17,25": 68.08476672190959,
        "17,26": 104.79831193635275,
        "17,27": 74.44102078214729,
        "17,28": 85.9701416888904,
        "17,29": 74.6245724467949,
        "17,30": 74.82952439344442,
        "17,31": 6.443963311430441,
        "17,32": 81.5336427287949,
        "17,33": 14.586988068515085,
        "17,34": 49.4844798626485,
        "17,35": 73.2726239699114,
        "17,36": 18.02348293922453,
        "17,37": 71.9927667269245,
        "17,38": 52.814412702098856,
        "17,39": 72.23056120586052,
        "17,40": 19.275862828481948,
        "18,0": 31.863779013565775,
        "18,1": 79.02954028686571,
        "18,2": 31.65199987846867,
        "18,3": 84.49903552600587,
        "18,4": 65.10989252831226,
        "18,5": 53.95056850291358,
        "18,6": 74.2387042446966,
        "18,7": 59.10503125268645,
        "18,8": 26.707711369909646,
        "18,9": 43.732744292253884,
        "18,10": 42.73067478082487,
        "18,11": 55.36368816633312,
        "18,12": 65.14076665321778,
        "18,13": 17.563561275365473,
        "18,14": 24.291743163900726,
        "18,15": 39.91871578882834,
        "18,16": 70.1851006036142,
        "18,17": 36.95329561667424,
        "18,18": 0.0,
        "18,19": 57.24074844689543,
        "18,20": 21.531564785620667,
        "18,21": 14.82354755354045,
        "18,22": 20.043495770300872,
        "18,23": 38.98168315249322,
        "18,24": 55.45176488081748,
        "18,25": 36.399289938871554,
        "18,26": 76.53789969236905,
        "18,27": 84.33905242907929,
        "18,28": 50.418513420227306,
        "18,29": 38.430556082920646,
        "18,30": 86.75688421179223,
        "18,31": 33.00619664124461,
        "18,32": 44.87403130354467,
        "18,33": 22.791521215356447,
        "18,34": 44.78305244313152,
        "18,35": 39.958998236774285,
        "18,36": 21.53744961944088,
        "18,37": 35.047018290932506,
        "18,38": 67.35051158297571,
        "18,39": 35.29903425797227,
        "18,40": 27.88597347371835,
        "19,0": 36.3129974711909,
        "19,1": 23.59069602893722,
        "19,2": 28.45660699489355,
        "19,3": 75.64142095237678,
        "19,4": 33.93382790998485,
        "19,5": 27.805862407397917,
        "19,6": 48.968214183142514,
        "19,7": 58.77131684942089,
        "19,8": 78.24884478417545,
        "19,9": 35.39029688850657,
        "19,10": 89.258438701003,
        "19,11": 18.16264146905855,
        "19,12": 48.66744243134295,
        "19,13": 40.63955728096731,
        "19,14": 61.39227316921263,
        "19,15": 17.335109051927777,
        "19,16": 17.781414825154066,
        "19,17": 85.40214105271208,
        "19,18": 57.24074844689543,
        "19,19": 0.0,
        "19,20": 72.59847441500523,
        "19,21": 63.15698897983148,
        "19,22": 46.65946929494581,
        "19,23": 29.193852010759286,
        "19,24": 83.70674604791104,
        "19,25": 21.678687610242818,
        "19,26": 19.573234264160472,
        "19,27": 81.27245189087913,
        "19,28": 63.515897130302164,
        "19,29": 33.84412564712676,
        "19,30": 85.78707320537511,
        "19,31": 84.48238036374384,
        "19,32": 52.871339985842546,
        "19,33": 71.93698313577859,
        "19,34": 48.382305483742364,
        "19,35": 21.697366458565853,
        "19,36": 76.3428810229241,
        "19,37": 45.62575097793815,
        "19,38": 78.39206932887848,
        "19,39": 42.87450930905197,
        "19,40": 83.93535596211429,
        "20,0": 39.370896316246395,
        "20,1": 91.8982837349683,
        "20,2": 50.83983698778236,
        "20,3": 78.77927664276514,
        "20,4": 71.02875888919725,
        "20,5": 74.26443621988079,
        "20,6": 76.25611565519245,
        "20,7": 54.7006043289183,
        "20,8": 5.7271000242025485,
        "20,9": 64.86683211466716,
        "20,10": 21.241532460363526,
        "20,11": 74.32872944517979,
        "20,12": 65.72620348813957,
        "20,13": 37.23490738223103,
        "20,14": 43.54326071365605,
        "20,15": 56.06493787002458,
        "20,16": 82.32720115928484,
        "20,17": 15.423193683387497,
        "20,18": 21.531564785620667,
        "20,19": 72.59847441500523,
        "20,20": 0.0,
        "20,21": 9.457423943613819,
        "20,22": 41.56534168802236,
        "20,23": 59.33039200811087,
        "20,24": 39.03222860276448,
        "20,25": 53.97842207276096,
        "20,26": 92.15941123755158,
        "20,27": 76.42785708989024,
        "20,28": 70.99995479178594,
        "20,29": 59.37635879801931,
        "20,30": 77.7665594658726,
        "20,31": 12.181190149870535,
        "20,32": 66.21299707870826,
        "20,33": 2.8016182614248515,
        "20,34": 43.79235404714991,
        "20,35": 58.77957261738989,
        "20,36": 7.28781457966436,
        "20,37": 56.57551825321205,
        "20,38": 56.296336401350814,
        "20,39": 56.80914891379346,
        "20,40": 14.615728283518427,
        "21,0": 30.57379874114085,
        "21,1": 82.69555934667952,
        "21,2": 41.738858069543625,
        "21,3": 74.94465643643,
        "21,4": 63.05412291944376,
        "21,5": 65.3758150982027,
        "21,6": 69.44605924664471,
        "21,7": 50.006679232658364,
        "21,8": 15.160517600005276,
        "21,9": 56.52256002029697,
        "21,10": 29.114006693545658,
        "21,11": 65.07135556444133,
        "21,12": 59.27847298371739,
        "21,13": 28.46707328690422,
        "21,14": 38.80609154700048,
        "21,15": 46.61182742722594,
        "21,16": 73.19327470416965,
        "21,17": 23.854938284719303,
        "21,18": 14.82354755354045,
        "21,19": 63.15698897983148,
        "21,20": 9.457423943613819,
        "21,21": 0.0,
        "21,22": 34.12323483082351,
        "21,23": 50.53050349063305,
        "21,24": 40.994722325711734,
        "21,25": 44.608149849829374,
        "21,26": 82.72265045050867,
        "21,27": 73.593180540764,
        "21,28": 65.23981968586719,
        "21,29": 50.909523336550144,
        "21,30": 75.47643646853967,
        "21,31": 21.547621826357613,
        "21,32": 59.446192935618484,
        "21,33": 9.306350963403938,
        "21,34": 37.49231550494908,
        "21,35": 49.552185544784884,
        "21,36": 14.199746264820128,
        "21,37": 49.220655064944175,
        "21,38": 54.914227396159205,
        "21,39": 49.15413407735958,
        "21,40": 22.27054600358201,
        "22,0": 35.9955612777986,
        "22,1": 70.10708940685907,
        "22,2": 18.20324383670684,
        "22,3": 93.30728928357759,
        "22,4": 64.89021964123154,
        "22,5": 35.84641882313186,
        "22,6": 77.02822281614901,
        "22,7": 68.53927560003017,
        "22,8": 46.731294543810314,
        "22,9": 24.357211603403623,
        "22,10": 62.72193590345888,
        "22,11": 39.47208489403355,
        "22,12": 69.95060727439571,
        "22,13": 11.004411245285254,
        "22,14": 15.278728330393918,
        "22,15": 30.51944917466352,
        "22,16": 62.67786359379085,
        "22,17": 56.98849069036376,
        "22,18": 20.043495770300872,
        "22,19": 46.65946929494581,
        "22,20": 41.56534168802236,
        "22,21": 34.12323483082351,
        "22,22": 0.0,
        "22,23": 21.558438745349964,
        "22,24": 72.79433171106787,
        "22,25": 25.224783392015134,
        "22,26": 64.34462229135258,
        "22,27": 94.87018434869971,
        "22,28": 32.882942506808135,
        "22,29": 19.630923664884026,
        "22,30": 98.01407513130614,
        "22,31": 52.973944822418,
        "22,32": 25.585248654255654,
        "22,33": 42.704830246675066,
        "22,34": 53.34433501836807,
        "22,35": 25.70550171343054,
        "22,36": 41.12455750951189,
        "22,37": 15.101201694941961,
        "22,38": 80.92934589431451,
        "22,39": 15.259680431976303,
        "22,40": 46.47678923545732,
        "23,0": 37.671327298319156,
        "23,1": 52.500005039409004,
        "23,2": 9.988673225770627,
        "23,3": 92.35658197183541,
        "23,4": 56.26125915435296,
        "23,5": 14.984846609729857,
        "23,6": 70.50682172536096,
        "23,7": 69.98057159777971,
        "23,8": 64.92137967756786,
