{
    "num_robots": 6,
    "num_tasks": 40,
    "num_nodes": 41,
    "robot_capacity": [
        89,
        106,
        96,
        94,
        103,
        81
    ],
    "robot_speed": [
        1.11,
        0.87,
        0.93,
        1.07,
        1.03,
        1.02
    ],
    "task_demand": {
        "0": 0,
        "1": 9,
        "2": 10,
        "3": 12,
        "4": 15,
        "5": 12,
        "6": 9,
        "7": 5,
        "8": 13,
        "9": 13,
        "10": 11,
        "11": 7,
        "12": 10,
        "13": 6,
        "14": 11,
        "15": 13,
        "16": 9,
        "17": 9,
        "18": 13,
        "19": 15,
        "20": 15,
        "21": 13,
        "22": 13,
        "23": 6,
        "24": 13,
        "25": 11,
        "26": 8,
        "27": 5,
        "28": 7,
        "29": 9,
        "30": 15,
        "31": 13,
        "32": 6,
        "33": 15,
        "34": 11,
        "35": 11,
        "36": 10,
        "37": 7,
        "38": 7,
        "39": 11,
        "40": 11
    },
    "task_service_time": {
        "0": 0,
        "1": 95,
        "2": 25,
        "3": 85,
        "4": 35,
        "5": 60,
        "6": 51,
        "7": 23,
        "8": 23,
        "9": 96,
        "10": 90,
        "11": 99,
        "12": 14,
        "13": 83,
        "14": 76,
        "15": 28,
        "16": 48,
        "17": 62,
        "18": 61,
        "19": 14,
        "20": 58,
        "21": 90,
        "22": 73,
        "23": 10,
        "24": 35,
        "25": 48,
        "26": 18,
        "27": 66,
        "28": 14,
        "29": 76,
        "30": 13,
        "31": 84,
        "32": 64,
        "33": 22,
        "34": 36,
        "35": 93,
        "36": 85,
        "37": 77,
        "38": 65,
        "39": 12,
        "40": 59
    },
    "task_precedence": [],
    "coordinates": {
        "0": [
            50.0,
            50.0
        ],
        "1": [
            83.60188786830687,
            37.419891123548055
        ],
        "2": [
            47.35677316590257,
            78.36560871861299
        ],
        "3": [
            14.377635641626341,
            76.25561120456217
        ],
        "4": [
            2.7407757643564623,
            89.7231150571946
        ],
        "5": [
            14.173943748834484,
            92.66685267572421
        ],
        "6": [
            40.435979634823106,
            30.08230061577851
        ],
        "7": [
            23.380122837645878,
            20.366268745165826
        ],
        "8": [
            9.1667931387451,
            76.74077034998754
        ],
        "9": [
            88.57340812249089,
            89.7231818780262
        ],
        "10": [
            66.0950893608591,
            61.82147641607847
        ],
        "11": [
            31.750763624933953,
            74.43421331646447
        ],
        "12": [
            96.09537372573456,
            42.52440926356888
        ],
        "13": [
            27.882757832435768,
            52.69597102796612
        ],
        "14": [
            28.362464572700617,
            1.7822447636282157
        ],
        "15": [
            88.62791484986852,
            14.627627571723178
        ],
        "16": [
            87.85259171802197,
            93.86224790685137
        ],
        "17": [
            82.63531359756466,
            9.557624354911209
        ],
        "18": [
            56.229651336023736,
            0.12240029129509944
        ],
        "19": [
            2.922276229458509,
            62.04057490499888
        ],
        "20": [
            35.52748441869128,
            0.04335938376804904
        ],
        "21": [
            31.088036323464475,
            30.902368349468322
        ],
        "22": [
            14.514733164903515,
            6.988602059167281
        ],
        "23": [
            45.09534956744143,
            25.47163315578258
        ],
        "24": [
            60.18330727414896,
            82.4753079044818
        ],
        "25": [
            79.74948560601194,
            65.2990039003257
        ],
        "26": [
            18.48072506585343,
            18.44536755391869
        ],
        "27": [
            98.08813468941158,
            0.24603850043696252
        ],
        "28": [
            39.54938231865349,
            11.373870981588286
        ],
        "29": [
            84.61629069750349,
            21.412663916179
        ],
        "30": [
            64.05010901963003,
            41.67530921489958
        ],
        "31": [
            55.402105167369,
            24.27779206418531
        ],
        "32": [
            28.059580419514518,
            97.99615768282752
        ],
        "33": [
            18.858726668442706,
            76.73675679768044
        ],
        "34": [
            80.66617943436907,
            80.07111595111172
        ],
        "35": [
            74.96977999102887,
            41.098226446876595
        ],
        "36": [
            56.75930286574864,
            62.377548867007974
        ],
        "37": [
            26.105521089449024,
            65.64435479468028
        ],
        "38": [
            77.98191234642165,
            24.83979716974295
        ],
        "39": [
            65.15164293419485,
            81.56182669480332
        ],
        "40": [
            49.86043154878011,
            34.41478708946375
        ]
    },
    "distance_matrix_str_keys": {
        "0,0": 0.0,
        "0,1": 35.879604340873854,
        "0,2": 28.48849603039701,
        "0,3": 44.252796094776436,
        "0,4": 61.73621421177329,
        "0,5": 55.71325357366621,
        "0,6": 22.094914218112173,
        "0,7": 39.83435562705337,
        "0,8": 48.81003566362974,
        "0,9": 55.370018897405075,
        "0,10": 19.969957591090157,
        "0,11": 30.496973762449336,
        "0,12": 46.697622378165626,
        "0,13": 22.280948383816924,
        "0,14": 52.85011692893683,
        "0,15": 52.37671750743274,
        "0,16": 57.937168477699636,
        "0,17": 51.9677731043948,
        "0,18": 50.26513213421627,
        "0,19": 48.59308098338997,
        "0,20": 52.01076474068209,
        "0,21": 26.877163257345227,
        "0,22": 55.76006200841842,
        "0,23": 25.01392364084654,
        "0,24": 34.03447326653716,
        "0,25": 33.45282370988274,
        "0,26": 44.59999463208048,
        "0,27": 69.19483638832446,
        "0,28": 40.01491288093303,
        "0,29": 44.89458058634027,
        "0,30": 16.33113713527092,
        "0,31": 26.283354453581513,
        "0,32": 52.77322392731558,
        "0,33": 41.04428180354814,
        "0,34": 42.949814617133406,
        "0,35": 26.509083069609805,
        "0,36": 14.102903643792228,
        "0,37": 28.56032141535878,
        "0,38": 37.630084042192884,
        "0,39": 35.01030116862944,
        "0,40": 15.585837828596887,
        "1,0": 35.879604340873854,
        "1,1": 0.0,
        "1,2": 54.68327101742593,
        "1,3": 79.3738637748848,
        "1,4": 96.30237112626466,
        "1,5": 88.72691917002535,
        "1,6": 43.78511011840956,
        "1,7": 62.589831599330914,
        "1,8": 84.18262808049577,
        "1,9": 52.53903536785997,
        "1,10": 30.03207216908304,
        "1,11": 63.70713564980551,
        "1,12": 13.496047358821295,
        "1,13": 57.77525481726999,
        "1,14": 65.73762791663444,
        "1,15": 23.339842009645878,
        "1,16": 56.602191852186145,
        "1,17": 27.87902751724934,
        "1,18": 46.26383204146895,
        "1,19": 84.35269885464005,
        "1,20": 60.894608890534755,
        "1,21": 52.916752613746,
        "1,22": 75.49237245663888,
        "1,23": 40.31766809204481,
        "1,24": 50.77814981218511,
        "1,25": 28.144021255158645,
        "1,26": 67.82918538091157,
        "1,27": 39.89669993629485,
        "1,28": 51.17634620054089,
        "1,29": 16.039337142420138,
        "1,30": 20.00951371922289,
        "1,31": 31.111774492404287,
        "1,32": 82.18535141372247,
        "1,33": 75.74623983135643,
        "1,34": 42.752138698554916,
        "1,35": 9.383146442202179,
        "1,36": 36.65254492745694,
        "1,37": 64.05039064901955,
        "1,38": 13.778348549559661,
        "1,39": 47.84267983825296,
        "1,40": 33.875013281446876,
        "2,0": 28.48849603039701,
        "2,1": 54.68327101742593,
        "2,2": 0.0,
        "2,3": 33.04656716444879,
        "2,4": 46.03889849209786,
        "2,5": 36.13344360620849,
        "2,6": 48.77678981291279,
        "2,7": 62.75988526374947,
        "2,8": 38.22452974463968,
        "2,9": 42.752841603992614,
        "2,10": 24.99665592566207,
        "2,11": 16.09358268381649,
        "2,12": 60.49828727250971,
        "2,13": 32.22060788342111,
        "2,14": 78.90370963139469,
        "2,15": 75.93311120044584,
        "2,16": 43.35962576333684,
        "2,17": 77.3247316657733,
        "2,18": 78.74469907252502,
        "2,19": 47.33847533466303,
        "2,20": 79.21052211123545,
        "2,21": 50.1740070632963,
        "2,22": 78.57020218307815,
        "2,23": 52.942295827938715,
        "2,24": 13.468838280577089,
        "2,25": 34.928841674251174,
        "2,26": 66.5151220032819,
        "2,27": 93.14686410771704,
        "2,28": 67.44515013600318,
        "2,29": 68.05813374135944,
        "2,30": 40.309372850461656,
        "2,31": 54.68289748593068,
        "2,32": 27.527079404246205,
        "2,33": 28.54455837373754,
        "2,34": 33.35304035433443,
        "2,35": 46.38249591507775,
        "2,36": 18.5479277164591,
        "2,37": 24.767842381082456,
        "2,38": 61.6677521220882,
        "2,39": 18.079634936076697,
        "2,40": 44.022074317045146,
        "3,0": 44.252796094776436,
        "3,1": 79.3738637748848,
        "3,2": 33.04656716444879,
        "3,3": 0.0,
        "3,4": 17.79860016472877,
        "3,5": 16.412505506837707,
        "3,6": 53.01897681393008,
        "3,7": 56.60974630095227,
        "3,8": 5.233379308460598,
        "3,9": 75.40814355145581,
        "3,10": 53.69394068508195,
        "3,11": 17.46834468949914,
        "3,12": 88.40578432414353,
        "3,13": 27.15593803644743,
        "3,14": 75.77504700940172,
        "3,15": 96.49410515234281,
        "3,16": 75.55503177416223,
        "3,17": 95.43443848911566,
        "3,18": 86.87840365504016,
        "3,19": 18.256300727689723,
        "3,20": 79.09249920750294,
        "3,21": 48.333778337935655,
        "3,22": 69.26714482118567,
        "3,23": 59.35141426526533,
        "3,24": 46.22601194939358,
        "3,25": 66.28367831816057,
        "3,26": 57.95566938419372,
        "3,27": 113.07034444757365,
        "3,28": 69.59351295296061,
        "3,29": 89.11350925272144,
        "3,30": 60.52397786980585,
        "3,31": 66.21707319459473,
        "3,32": 25.68748672172498,
        "3,33": 4.506847886537916,
        "3,34": 66.39826138260935,
        "3,35": 70.05319164648229,
        "3,36": 44.59603492398492,
        "3,37": 15.815879984164981,
        "3,38": 81.7868568169928,
        "3,39": 51.05052144077155,
        "3,40": 54.86058118557741,
        "4,0": 61.73621421177329,
        "4,1": 96.30237112626466,
        "4,2": 46.03889849209786,
        "4,3": 17.79860016472877,
        "4,4": 0.0,
        "4,5": 11.806054435248027,
        "4,6": 70.55462523514295,
        "4,7": 72.36266149031613,
        "4,8": 14.485681668209192,
        "4,9": 85.83263235816044,
        "4,10": 69.22622689518347,
        "4,11": 32.79222334805242,
        "4,12": 104.60783330670691,
        "4,13": 44.75632533254771,
        "4,14": 91.59731221701593,
        "4,15": 114.08739150745225,
        "4,16": 85.21240306245177,
        "4,17": 113.17969374017507,
        "4,18": 104.35203829576778,
        "4,19": 27.683135149342476,
        "4,20": 95.48521792418822,
        "4,21": 65.29507963438327,
        "4,22": 83.56809028505228,
        "4,23": 76.95559010603745,
        "4,24": 57.89797176738075,
        "4,25": 80.78909949541074,
        "4,26": 72.99495388829594,
        "4,27": 130.75651449594073,
        "4,28": 86.56487488403117,
        "4,29": 106.62981609595442,
        "4,30": 77.8936838932726,
        "4,31": 84.00182090973924,
        "4,32": 26.636161575039154,
        "4,33": 20.6986434867357,
        "4,34": 78.52088654541694,
        "4,35": 87.07128598994329,
        "4,36": 60.54569563945664,
        "4,37": 33.55142351504737,
        "4,38": 99.35327661554545,
        "4,39": 62.94221928582845,
        "4,40": 72.65860653651877,
        "5,0": 55.71325357366621,
        "5,1": 88.72691917002535,
        "5,2": 36.13344360620849,
        "5,3": 16.412505506837707,
        "5,4": 11.806054435248027,
        "5,5": 0.0,
        "5,6": 67.87135393832223,
        "5,7": 72.88434790896456,
        "5,8": 16.694659489736846,
        "5,9": 74.45767587597794,
        "5,10": 60.39240513727022,
        "5,11": 25.325357548545554,
        "5,12": 96.04886944051628,
        "5,13": 42.25639553106524,
        "5,14": 91.98546667003819,
        "5,15": 107.85877093471146,
        "5,16": 73.68834464368199,
        "5,17": 107.67591649782067,
        "5,18": 101.6521431539593,
        "5,19": 32.627732254268075,
        "5,20": 95.05306522540069,
        "5,21": 64.03856690863299,
        "5,22": 85.67892836712912,
        "5,23": 73.96844505687628,
        "5,24": 47.12461264380618,
        "5,25": 71.05737707272563,
        "5,26": 74.34633292233735,
        "5,27": 124.83268135402125,
        "5,28": 85.16138652777899,
        "5,29": 100.19622577431525,
        "5,30": 71.32860132258924,
        "5,31": 79.8550242957917,
        "5,32": 14.873210736383399,
        "5,33": 16.604672405305685,
        "5,34": 67.67473671981614,
        "5,35": 79.7211196328696,
        "5,36": 52.25853744923652,
        "5,37": 29.539430081944545,
        "5,38": 93.12339295344717,
        "5,39": 52.17324425670709,
        "5,40": 68.31419000882363,
        "6,0": 22.094914218112173,
        "6,1": 43.78511011840956,
        "6,2": 48.77678981291279,
        "6,3": 53.01897681393008,
        "6,4": 70.55462523514295,
        "6,5": 67.87135393832223,
        "6,6": 0.0,
        "6,7": 19.62914991528105,
        "6,8": 56.167382189884975,
        "6,9": 76.64363469423184,
        "6,10": 40.81378679337537,
        "6,11": 45.19430425781221,
        "6,12": 57.033097567735254,
        "6,13": 25.864289418636307,
        "6,14": 30.767887922152287,
        "6,15": 50.60938192341203,
        "6,16": 79.47462977517159,
        "6,17": 46.925964268328066,
        "6,18": 33.86791539581801,
        "6,19": 49.280921650581035,
        "6,20": 30.43733423982736,
        "6,21": 9.383845439915008,
        "6,22": 34.7164216413205,
        "6,23": 6.554996765495238,
        "6,24": 55.99092928009856,
        "6,25": 52.780374591116136,
        "6,26": 24.84856966254738,
        "6,27": 64.91512550595336,
        "6,28": 18.729425890253182,
        "6,29": 45.022910679988705,
        "6,30": 26.306367194686853,
        "6,31": 16.052327961434155,
        "6,32": 69.03236370906224,
        "6,33": 51.40249144938579,
        "6,34": 64.16658503100686,
        "6,35": 36.24822739057086,
        "6,36": 36.18610148813786,
        "6,37": 38.34086252999312,
        "6,38": 37.91016889392054,
        "6,39": 57.105215327926985,
        "6,40": 10.372595283879221,
        "7,0": 39.83435562705337,
        "7,1": 62.589831599330914,
        "7,2": 62.75988526374947,
        "7,3": 56.60974630095227,
        "7,4": 72.36266149031613,
        "7,5": 72.88434790896456,
        "7,6": 19.62914991528105,
        "7,7": 0.0,
        "7,8": 58.138654717164734,
        "7,9": 95.18689954794372,
        "7,10": 59.523966669886185,
        "7,11": 54.71206683497556,
        "7,12": 76.01638575301367,
        "7,13": 32.64174277808721,
        "7,14": 19.24031383608992,
        "7,15": 65.49966690745684,
        "7,16": 97.76685632905446,
        "7,17": 60.232918122479724,
        "7,18": 38.58634126920252,
        "7,19": 46.42489937250939,
        "7,20": 23.676550388353604,
        "7,21": 13.054551894900392,
        "7,22": 16.04858560781112,
        "7,23": 22.30730413321205,
        "7,24": 72.19423197154124,
        "7,25": 72.08644635044368,
        "7,26": 5.262505098598904,
        "7,27": 77.36995993242122,
        "7,28": 18.501572087326768,
        "7,29": 61.24510753533361,
        "7,30": 45.9143004061211,
        "7,31": 32.25999638872164,
        "7,32": 77.77079773111625,
        "7,33": 56.5515247062144,
        "7,34": 82.74274022709375,
        "7,35": 55.59952153885072,
        "7,36": 53.65740691483687,
        "7,37": 45.36003606632349,
        "7,38": 54.78474125270791,
        "7,39": 74.0928890241421,
        "7,40": 29.976117445510635,
        "8,0": 48.81003566362974,
        "8,1": 84.18262808049577,
        "8,2": 38.22452974463968,
        "8,3": 5.233379308460598,
        "8,4": 14.485681668209192,
        "8,5": 16.694659489736846,
        "8,6": 56.167382189884975,
        "8,7": 58.138654717164734,
        "8,8": 0.0,
        "8,9": 80.46088187597866,
        "8,10": 58.85079644524053,
        "8,11": 22.701452118090245,
        "8,12": 93.42021991445377,
        "8,13": 30.470308643854555,
        "8,14": 77.37735043203058,
        "8,15": 100.85689053992803,
        "8,16": 80.52701342896508,
        "8,17": 99.55500290896349,
        "8,18": 89.91822536142435,
        "8,19": 15.971528967235155,
        "8,20": 81.10104126136603,
        "8,21": 50.8104320068705,
        "8,22": 69.95688274783475,
        "8,23": 62.60499657126599,
        "8,24": 51.337799285631306,
        "8,25": 71.5040592932833,
        "8,26": 59.03476361516764,
        "8,27": 117.29641505137714,
        "8,28": 72.08282221385011,
        "8,29": 93.561883496539,
        "8,30": 65.1288332975293,
        "8,31": 69.92902236554413,
        "8,32": 28.438159256630108,
        "8,33": 9.691934360728968,
        "8,34": 71.5769057900227,
        "8,35": 74.8359807483474,
        "8,36": 49.712665523828555,
        "8,37": 20.249714634138016,
        "8,38": 86.19299071631755,
        "8,39": 56.19204561945542,
        "8,40": 58.71508380320016,
        "9,0": 55.370018897405075,
        "9,1": 52.53903536785997,
        "9,2": 42.752841603992614,
        "9,3": 75.40814355145581,
        "9,4": 85.83263235816044,
        "9,5": 74.45767587597794,
        "9,6": 76.64363469423184,
        "9,7": 95.18689954794372,
        "9,8": 80.46088187597866,
        "9,9": 0.0,
        "9,10": 35.829875551483724,
        "9,11": 58.843567935435054,
        "9,12": 47.794394052520715,
        "9,13": 71.09408819279261,
        "9,14": 106.57845065356567,
        "9,15": 75.09557408765336,
        "9,16": 4.201362145772018,
        "9,17": 80.38518258720829,
        "9,18": 95.25974314481029,
        "9,19": 90.01357188435937,
        "9,20": 104.19376461281634,
        "9,21": 82.24631344342237,
        "9,22": 111.03917342216087,
        "9,23": 77.57965641147912,
        "9,24": 29.30067411025568,
        "9,25": 25.969252558809117,
        "9,26": 99.96754989945576,
        "9,27": 89.98160483486014,
        "9,28": 92.42277654324175,
        "9,29": 68.42503666444752,
        "9,30": 53.944325617625495,
        "9,31": 73.37189099121044,
        "9,32": 61.07671792043461,
        "9,33": 70.9139199777226,
        "9,34": 12.477445338840804,
        "9,35": 50.49202896517816,
        "9,36": 41.951411633702676,
        "9,37": 66.94794114894462,
        "9,38": 65.74217363289395,
        "9,39": 24.802959560552345,
        "9,40": 67.51083682849858,
        "10,0": 19.969957591090157,
        "10,1": 30.03207216908304,
        "10,2": 24.99665592566207,
        "10,3": 53.69394068508195,
        "10,4": 69.22622689518347,
        "10,5": 60.39240513727022,
        "10,6": 40.81378679337537,
        "10,7": 59.523966669886185,
        "10,8": 58.85079644524053,
        "10,9": 35.829875551483724,
        "10,10": 0.0,
        "10,11": 36.58707206615049,
        "10,12": 35.670630253218896,
        "10,13": 39.28685695530508,
        "10,14": 70.91163734409562,
        "10,15": 52.29710884228694,
        "10,16": 38.72983277198435,
        "10,17": 54.81869434848005,
        "10,18": 62.48282053551745,
        "10,19": 63.17319307334961,
        "10,20": 68.92687586100422,
        "10,21": 46.70637007944074,
        "10,22": 75.28065658283317,
        "10,23": 41.97975912793364,
        "10,24": 21.483247487102776,
        "10,25": 14.090270906669568,
        "10,26": 64.40973922660646,
        "10,27": 69.39084596614913,
        "10,28": 57.00557390680852,
        "10,29": 44.45117576177878,
        "10,30": 20.24969129379185,
        "10,31": 39.036753779954815,
        "10,32": 52.491023091362855,
        "10,33": 49.535235431673364,
        "10,34": 23.353072797578253,
        "10,35": 22.543584964846396,
        "10,36": 9.352332653032063,
        "10,37": 40.17188033477334,
        "10,38": 38.8450918465762,
        "10,39": 19.762882388121874,
        "10,40": 31.854210618391953,
        "11,0": 30.496973762449336,
        "11,1": 63.70713564980551,
        "11,2": 16.09358268381649,
        "11,3": 17.46834468949914,
        "11,4": 32.79222334805242,
        "11,5": 25.325357548545554,
        "11,6": 45.19430425781221,
        "11,7": 54.71206683497556,
        "11,8": 22.701452118090245,
        "11,9": 58.843567935435054,
        "11,10": 36.58707206615049,
        "11,11": 0.0,
        "11,12": 71.8224508334145,
        "11,13": 22.079688553153492,
        "11,14": 72.73093636871226,
        "11,15": 82.53385989948106,
        "11,16": 59.37056209462455,
        "11,17": 82.45125360601551,
        "11,18": 78.23976929068665,
        "11,19": 31.379674290617512,
        "11,20": 74.4866616837523,
        "11,21": 43.536889343483196,
        "11,22": 69.61315410099984,
        "11,23": 50.74851948548024,
        "11,24": 29.547736639850406,
        "11,25": 48.860304572255075,
        "11,26": 57.539940677599105,
        "11,27": 99.52151567515263,
        "11,28": 63.54073676722524,
        "11,29": 74.87355109427824,
        "11,30": 46.00427709312906,
        "11,31": 55.453156353745946,
        "11,32": 23.849319817964577,
        "11,33": 13.096042278888163,
        "11,34": 49.23913662040012,
        "11,35": 54.58178630479325,
        "11,36": 27.763108482411617,
        "11,37": 10.446548526543603,
        "11,38": 67.80062850035024,
        "11,39": 34.15291511866722,
        "11,40": 43.92623985558444,
        "12,0": 46.697622378165626,
        "12,1": 13.496047358821295,
        "12,2": 60.49828727250971,
        "12,3": 88.40578432414353,
        "12,4": 104.60783330670691,
        "12,5": 96.04886944051628,
        "12,6": 57.033097567735254,
        "12,7": 76.01638575301367,
        "12,8": 93.42021991445377,
        "12,9": 47.794394052520715,
        "12,10": 35.670630253218896,
        "12,11": 71.8224508334145,
        "12,12": 0.0,
        "12,13": 68.96681546753965,
        "12,14": 79.04220992908394,
        "12,15": 28.87894338138513,
        "12,16": 51.99535682914753,
        "12,17": 35.60873665082276,
        "12,18": 58.199709505617605,
        "12,19": 95.19509870993514,
        "12,20": 73.98046238028236,
        "12,21": 66.0380628966478,
        "12,22": 88.98423741306047,
        "12,23": 53.77545571288792,
        "12,24": 53.71918483223287,
        "12,25": 28.03337687991016,
        "12,26": 81.26397686707107,
        "12,27": 42.325308393952696,
        "12,28": 64.55854071667686,
        "12,29": 24.030712406877598,
        "12,30": 32.056511990186316,
        "12,31": 44.59687371536376,
        "12,32": 87.7837345041564,
        "12,33": 84.47475582946365,
        "12,34": 40.59329032686412,
        "12,35": 21.173679606305196,
        "12,36": 44.062156356849755,
        "12,37": 73.70964220107518,
        "12,38": 25.314876812833884,
        "12,39": 49.81399838398569,
        "12,40": 46.9407695922538,
        "13,0": 22.280948383816924,
        "13,1": 57.77525481726999,
        "13,2": 32.22060788342111,
        "13,3": 27.15593803644743,
        "13,4": 44.75632533254771,
        "13,5": 42.25639553106524,
        "13,6": 25.864289418636307,
        "13,7": 32.64174277808721,
        "13,8": 30.470308643854555,
        "13,9": 71.09408819279261,
        "13,10": 39.28685695530508,
        "13,11": 22.079688553153492,
        "13,12": 68.96681546753965,
        "13,13": 0.0,
        "13,14": 50.91598610138654,
        "13,15": 71.6880246245845,
        "13,16": 72.73955820826687,
        "13,17": 69.70480124423436,
        "13,18": 59.72877624150279,
        "13,19": 26.652340675280698,
        "13,20": 53.20469300290477,
        "13,21": 22.028048663312816,
        "13,22": 47.62213415589085,
        "13,23": 32.209282618754365,
        "13,24": 43.9332948803247,
        "13,25": 53.375967321633006,
        "13,26": 35.517630248657035,
        "13,27": 87.63441311364134,
        "13,28": 42.93746707882608,
        "13,29": 64.78687409654914,
        "13,30": 37.80915601670877,
        "13,31": 39.558910163933625,
        "13,32": 45.30053175397154,
        "13,33": 25.678639350129455,
        "13,34": 59.459971035736835,
        "13,35": 48.49428146835489,
        "13,36": 30.456326149330167,
        "13,37": 13.069782424001138,
        "13,38": 57.322697991596556,
        "13,39": 47.14029507869883,
        "13,40": 28.587057004446084,
        "14,0": 52.85011692893683,
        "14,1": 65.73762791663444,
        "14,2": 78.90370963139469,
        "14,3": 75.77504700940172,
        "14,4": 91.59731221701593,
        "14,5": 91.98546667003819,
        "14,6": 30.767887922152287,
        "14,7": 19.24031383608992,
        "14,8": 77.37735043203058,
        "14,9": 106.57845065356567,
        "14,10": 70.91163734409562,
        "14,11": 72.73093636871226,
        "14,12": 79.04220992908394,
        "14,13": 50.91598610138654,
        "14,14": 0.0,
        "14,15": 61.61922067501583,
        "14,16": 109.62573697185569,
        "14,17": 54.826988509895614,
        "14,18": 27.916575394812774,
        "14,19": 65.4084821285898,
        "14,20": 7.373006968512339,
        "14,21": 29.247398842002397,
        "14,22": 14.794114418622804,
        "14,23": 29.00304402371517,
        "14,24": 86.74062755874033,
        "14,25": 81.70070147744892,
        "14,26": 19.372878898229924,
        "14,27": 69.74259102519397,
        "14,28": 14.735888916511769,
        "14,29": 59.580586685466486,
        "14,30": 53.52629781223191,
        "14,31": 35.17373753015792,
        "14,32": 96.2143896620122,
        "14,33": 75.5546154011501,
        "14,34": 94.15320461960444,
        "14,35": 60.97530866031808,
        "14,36": 66.9191400454503,
        "14,37": 63.90197877612862,
        "14,38": 54.715083115442276,
        "14,39": 87.85343099519174,
        "14,40": 39.07742830269223,
        "15,0": 52.37671750743274,
        "15,1": 23.339842009645878,
        "15,2": 75.93311120044584,
        "15,3": 96.49410515234281,
        "15,4": 114.08739150745225,
        "15,5": 107.85877093471146,
        "15,6": 50.60938192341203,
        "15,7": 65.49966690745684,
        "15,8": 100.85689053992803,
        "15,9": 75.09557408765336,
        "15,10": 52.29710884228694,
        "15,11": 82.53385989948106,
        "15,12": 28.87894338138513,
        "15,13": 71.6880246245845,
        "15,14": 61.61922067501583,
        "15,15": 0.0,
        "15,16": 79.23841357328328,
        "15,17": 7.849598867942072,
        "15,18": 35.497170269887725,
        "15,19": 97.94612838780455,
        "15,20": 55.06683748459225,
        "15,21": 59.797197327434446,
        "15,22": 74.50582802875297,
        "15,23": 44.86286545881669,
        "15,24": 73.56903850583397,
        "15,25": 51.44331720323863,
        "15,26": 70.2510026488326,
        "15,27": 17.214118148421754,
        "15,28": 49.18627133017279,
        "15,29": 7.88224882475965,
        "15,30": 36.546485764017405,
        "15,31": 34.59884541121648,
        "15,32": 103.04773140905779,
        "15,33": 93.40922627182962,
        "15,34": 65.92601460796475,
        "15,35": 29.78652803922478,
        "15,36": 57.40786891620591,
        "15,37": 80.69545326766902,
        "15,38": 14.752144833959443,
        "15,39": 70.93181483161692,
        "15,40": 43.52527361523049,
        "16,0": 57.937168477699636,
        "16,1": 56.602191852186145,
        "16,2": 43.35962576333684,
        "16,3": 75.55503177416223,
        "16,4": 85.21240306245177,
        "16,5": 73.68834464368199,
        "16,6": 79.47462977517159,
        "16,7": 97.76685632905446,
        "16,8": 80.52701342896508,
        "16,9": 4.201362145772018,
        "16,10": 38.72983277198435,
        "16,11": 59.37056209462455,
        "16,12": 51.99535682914753,
        "16,13": 72.73955820826687,
        "16,14": 109.62573697185569,
        "16,15": 79.23841357328328,
        "16,16": 0.0,
        "16,17": 84.46590757945211,
        "16,18": 98.93012377123121,
        "16,19": 90.69607136818966,
        "16,20": 107.42392981823558,
        "16,21": 84.77122850957137,
        "16,22": 113.69024514014406,
        "16,23": 80.6564191019691,
        "16,24": 29.9207570802197,
        "16,25": 29.690389637706314,
        "16,26": 102.47029679363096,
        "16,27": 94.17409943049519,
        "16,28": 95.59044076707416,
        "16,29": 72.52183026314835,
        "16,30": 57.358824540298784,
        "16,31": 76.77910244522302,
        "16,32": 59.93574401122714,
        "16,33": 71.08752253532153,
        "16,34": 15.551200665262488,
        "16,35": 54.313983453819965,
        "16,36": 44.2501851440242,
        "16,37": 67.88924968579258,
        "16,38": 69.72466577197409,
        "16,39": 25.81924549013281,
        "16,40": 70.55072524049744,
        "17,0": 51.9677731043948,
        "17,1": 27.87902751724934,
        "17,2": 77.3247316657733,
        "17,3": 95.43443848911566,
        "17,4": 113.17969374017507,
        "17,5": 107.67591649782067,
        "17,6": 46.925964268328066,
        "17,7": 60.232918122479724,
        "17,8": 99.55500290896349,
        "17,9": 80.38518258720829,
        "17,10": 54.81869434848005,
        "17,11": 82.45125360601551,
        "17,12": 35.60873665082276,
        "17,13": 69.70480124423436,
        "17,14": 54.826988509895614,
        "17,15": 7.849598867942072,
        "17,16": 84.46590757945211,
        "17,17": 0.0,
        "17,18": 28.040728460601862,
        "17,19": 95.43913466127003,
        "17,20": 48.05901380476961,
        "17,21": 55.79175468262445,
        "17,22": 68.16900581671032,
        "17,23": 40.773822184057714,
        "17,24": 76.29601013278489,
        "17,25": 55.816031718698724,
        "17,26": 64.76730045975883,
        "17,27": 18.041488597725902,
        "17,28": 43.124195366174334,
        "17,29": 12.01941068728856,
        "17,30": 37.10735115808199,
        "17,31": 30.95692133904203,
        "17,32": 103.92249433647504,
        "17,33": 92.63092829120832,
        "17,34": 70.54098090075091,
        "17,35": 32.458742825263904,
        "17,36": 58.817619442278165,
        "17,37": 79.63252333333362,
        "17,38": 15.97494754753585,
        "17,39": 74.09644994511748,
        "17,40": 41.13479588528144,
        "18,0": 50.26513213421627,
        "18,1": 46.26383204146895,
        "18,2": 78.74469907252502,
        "18,3": 86.87840365504016,
        "18,4": 104.35203829576778,
        "18,5": 101.6521431539593,
        "18,6": 33.86791539581801,
        "18,7": 38.58634126920252,
        "18,8": 89.91822536142435,
        "18,9": 95.25974314481029,
        "18,10": 62.48282053551745,
        "18,11": 78.23976929068665,
        "18,12": 58.199709505617605,
        "18,13": 59.72877624150279,
        "18,14": 27.916575394812774,
        "18,15": 35.497170269887725,
        "18,16": 98.93012377123121,
        "18,17": 28.040728460601862,
        "18,18": 0.0,
        "18,19": 81.70395699257877,
        "18,20": 20.702317805940403,
        "18,21": 39.743014972469176,
        "18,22": 42.27622410694203,
        "18,23": 27.686752837627367,
        "18,24": 82.44775792963163,
        "18,25": 69.29049185924728,
        "18,26": 41.96084560465779,
        "18,27": 41.85866594927037,
        "18,28": 20.12031230340047,
        "18,29": 35.48346966484205,
        "18,30": 42.28242895570742,
        "18,31": 24.16956318105619,
        "18,32": 101.84706810398474,
        "18,33": 85.24286265369979,
        "18,34": 83.59988660970437,
        "18,35": 45.05786003727409,
        "18,36": 62.25740160757614,
        "18,37": 72.11511453957677,
        "18,38": 32.92583434798853,
        "18,39": 81.92668739190098,
        "18,40": 34.878858252721336,
        "19,0": 48.59308098338997,
        "19,1": 84.35269885464005,
        "19,2": 47.33847533466303,
        "19,3": 18.256300727689723,
        "19,4": 27.683135149342476,
        "19,5": 32.627732254268075,
        "19,6": 49.280921650581035,
        "19,7": 46.42489937250939,
        "19,8": 15.971528967235155,
        "19,9": 90.01357188435937,
        "19,10": 63.17319307334961,
        "19,11": 31.379674290617512,
        "19,12": 95.19509870993514,
        "19,13": 26.652340675280698,
        "19,14": 65.4084821285898,
        "19,15": 97.94612838780455,
        "19,16": 90.69607136818966,
        "19,17": 95.43913466127003,
        "19,18": 81.70395699257877,
        "19,19": 0.0,
        "19,20": 70.04822862463516,
        "19,21": 41.986878297487,
        "19,22": 56.25926387732359,
        "19,23": 55.819849654298245,
        "19,24": 60.79805908958903,
        "19,25": 76.89627728379553,
        "19,26": 46.288307748052254,
        "19,27": 113.46852138753967,
        "19,28": 62.5192753231489,
        "19,29": 91.23891248376765,
        "19,30": 64.43101728400308,
        "19,31": 64.65415851462913,
        "19,32": 43.87126616404745,
        "19,33": 21.678289019592416,
        "19,34": 79.80736116393064,
        "19,35": 75.0294925826832,
        "19,36": 53.83808121105064,
        "19,37": 23.461672398436324,
        "19,38": 83.77259001677596,
        "19,39": 65.21942465181283,
        "19,40": 54.46443405755473,
        "20,0": 52.01076474068209,
        "20,1": 60.894608890534755,
        "20,2": 79.21052211123545,
        "20,3": 79.09249920750294,
        "20,4": 95.48521792418822,
        "20,5": 95.05306522540069,
        "20,6": 30.43733423982736,
        "20,7": 23.676550388353604,
        "20,8": 81.10104126136603,
        "20,9": 104.19376461281634,
        "20,10": 68.92687586100422,
        "20,11": 74.4866616837523,
        "20,12": 73.98046238028236,
        "20,13": 53.20469300290477,
        "20,14": 7.373006968512339,
        "20,15": 55.06683748459225,
        "20,16": 107.42392981823558,
        "20,17": 48.05901380476961,
        "20,18": 20.702317805940403,
        "20,19": 70.04822862463516,
        "20,20": 0.0,
        "20,21": 31.176708192741945,
        "20,22": 22.130795536395567,
        "20,23": 27.16875320159521,
        "20,24": 86.04031460659189,
        "20,25": 78.82819628966992,
        "20,26": 25.08437579705454,
        "20,27": 62.56097858185811,
        "20,28": 12.02315082605468,
        "20,29": 53.538379486847305,
        "20,30": 50.46542738219829,
        "20,31": 31.341797607116394,
        "20,32": 98.23706166593719,
        "20,33": 78.48391358631892,
        "20,34": 91.88005011383262,
        "20,35": 56.93150963732788,
        "20,36": 65.8509019915541,
        "20,37": 66.27415779834637,
        "20,38": 49.165453089995786,
        "20,39": 86.73437196689676,
        "20,40": 37.24014521939714,
        "21,0": 26.877163257345227,
        "21,1": 52.916752613746,
        "21,2": 50.1740070632963,
        "21,3": 48.333778337935655,
        "21,4": 65.29507963438327,
        "21,5": 64.03856690863299,
        "21,6": 9.383845439915008,
        "21,7": 13.054551894900392,
        "21,8": 50.8104320068705,
        "21,9": 82.24631344342237,
        "21,10": 46.70637007944074,
        "21,11": 43.536889343483196,
        "21,12": 66.0380628966478,
        "21,13": 22.028048663312816,
        "21,14": 29.247398842002397,
        "21,15": 59.797197327434446,
        "21,16": 84.77122850957137,
        "21,17": 55.79175468262445,
        "21,18": 39.743014972469176,
        "21,19": 41.986878297487,
        "21,20": 31.176708192741945,
        "21,21": 0.0,
        "21,22": 29.095405062873848,
        "21,23": 15.02323896697477,
        "21,24": 59.21404298001293,
        "21,25": 59.59081458997222,
        "21,26": 17.72346371245221,
        "21,27": 73.68055198530476,
        "21,28": 21.282776733725292,
        "21,29": 54.3629332041881,
        "21,30": 34.67786745630966,
        "21,31": 25.200376082623507,
        "21,32": 67.162103244846,
        "21,33": 47.43782434998479,
        "21,34": 69.82519613319715,
        "21,35": 45.05067091229956,
        "21,36": 40.61651036828135,
        "21,37": 35.09745119259357,
        "21,38": 47.284145099237165,
        "21,39": 61.046785461425614,
        "21,40": 19.098165040142586,
        "22,0": 55.76006200841842,
        "22,1": 75.49237245663888,
        "22,2": 78.57020218307815,
        "22,3": 69.26714482118567,
        "22,4": 83.56809028505228,
        "22,5": 85.67892836712912,
        "22,6": 34.7164216413205,
        "22,7": 16.04858560781112,
        "22,8": 69.95688274783475,
        "22,9": 111.03917342216087,
        "22,10": 75.28065658283317,
        "22,11": 69.61315410099984,
        "22,12": 88.98423741306047,
        "22,13": 47.62213415589085,
        "22,14": 14.794114418622804,
        "22,15": 74.50582802875297,
        "22,16": 113.69024514014406,
        "22,17": 68.16900581671032,
        "22,18": 42.27622410694203,
        "22,19": 56.25926387732359,
        "22,20": 22.130795536395567,
        "22,21": 29.095405062873848,
        "22,22": 0.0,
        "22,23": 35.73228985214381,
        "22,24": 88.22619463939654,
        "22,25": 87.49671930381203,
        "22,26": 12.123801687594813,
        "22,27": 83.84494979257943,
        "22,28": 25.41582660023683,
        "22,29": 71.57011896700553,
        "22,30": 60.47248229051419,
        "22,31": 44.39249126032029,
        "22,32": 92.0099889563321,
        "22,33": 69.88329821199316,
        "22,34": 98.57518795471933,
        "22,35": 69.41382544291608,
        "22,36": 69.66016865965346,
        "22,37": 59.78999660211925,
        "22,38": 65.92987183466057,
        "22,39": 90.14023776061602,
        "22,40": 44.73828360096121,
        "23,0": 25.01392364084654,
        "23,1": 40.31766809204481,
        "23,2": 52.942295827938715,
