{
    "num_robots": 4,
    "num_tasks": 30,
    "num_nodes": 31,
    "robot_capacity": [
        91,
        92,
        105,
        107
    ],
    "robot_speed": [
        1.02,
        0.86,
        0.87,
        1.11
    ],
    "task_demand": {
        "0": 0,
        "1": 7,
        "2": 10,
        "3": 12,
        "4": 10,
        "5": 15,
        "6": 6,
        "7": 12,
        "8": 6,
        "9": 9,
        "10": 6,
        "11": 13,
        "12": 6,
        "13": 12,
        "14": 11,
        "15": 15,
        "16": 14,
        "17": 10,
        "18": 11,
        "19": 13,
        "20": 15,
        "21": 10,
        "22": 11,
        "23": 9,
        "24": 6,
        "25": 9,
        "26": 6,
        "27": 13,
        "28": 8,
        "29": 13,
        "30": 10
    },
    "task_service_time": {
        "0": 0,
        "1": 62,
        "2": 32,
        "3": 82,
        "4": 63,
        "5": 41,
        "6": 97,
        "7": 92,
        "8": 16,
        "9": 54,
        "10": 88,
        "11": 38,
        "12": 30,
        "13": 84,
        "14": 18,
        "15": 31,
        "16": 34,
        "17": 70,
        "18": 62,
        "19": 44,
        "20": 84,
        "21": 56,
        "22": 33,
        "23": 62,
        "24": 63,
        "25": 91,
        "26": 80,
        "27": 80,
        "28": 26,
        "29": 68,
        "30": 85
    },
    "task_precedence": [],
    "coordinates": {
        "0": [
            0,
            0
        ],
        "1": [
            21.27374416205501,
            35.44404532270892
        ],
        "2": [
            80.64431819509848,
            28.88721782809156
        ],
        "3": [
            92.23573682658456,
            87.73574682616567
        ],
        "4": [
            64.42859656454888,
            14.866424569587334
        ],
        "5": [
            44.98512946620933,
            65.5004416853508
        ],
        "6": [
            14.218056639662835,
            8.435261968921859
        ],
        "7": [
            85.49413987015402,
            43.88267443173955
        ],
        "8": [
            96.72831570324054,
            73.71994089796537
        ],
        "9": [
            45.69966927494431,
            33.69352061833808
        ],
        "10": [
            46.74496524050521,
            76.29600622601824
        ],
        "11": [
            62.97826316021777,
            81.95746751863862
        ],
        "12": [
            29.17078350642641,
            36.4622906725149
        ],
        "13": [
            14.51539565896841,
            77.40001242220733
        ],
        "14": [
            93.44972387203012,
            72.03979530411893
        ],
        "15": [
            53.135153741934985,
            38.843366554637335
        ],
        "16": [
            30.34102043278302,
            72.81999151145607
        ],
        "17": [
            95.01252336212167,
            32.855530685995795
        ],
        "18": [
            13.28520545023143,
            2.6169789870316262
        ],
        "19": [
            96.91653051879707,
            82.69542961253727
        ],
        "20": [
            5.13191874913641,
            90.7013329508452
        ],
        "21": [
            85.5297765335447,
            17.823786613288238
        ],
        "22": [
            54.361198551003454,
            78.04599987004144
        ],
        "23": [
            85.27851002681709,
            69.75510899894743
        ],
        "24": [
            85.13189596495813,
            29.348037518587798
        ],
        "25": [
            94.84829526971778,
            44.74327794017173
        ],
        "26": [
            26.017612981030226,
            49.01473480100199
        ],
        "27": [
            15.832917598032093,
            11.289273377247543
        ],
        "28": [
            42.45567367258079,
            24.522807863575878
        ],
        "29": [
            15.952125497922964,
            86.15540026824976
        ],
        "30": [
            72.32446696496159,
            17.247151053241627
        ]
    },
    "distance_matrix_str_keys": {
        "0,0": 0.0,
        "0,1": 41.338269672433235,
        "0,2": 85.66199513786673,
        "0,3": 127.29883117722646,
        "0,4": 66.1215141596185,
        "0,5": 79.46049165508387,
        "0,6": 16.5319925929393,
        "0,7": 96.09857994486447,
        "0,8": 121.61824182574453,
        "0,9": 56.77775183553557,
        "0,10": 89.47721688439272,
        "0,11": 103.35999280546777,
        "0,12": 46.69510950266383,
        "0,13": 78.74934053117047,
        "0,14": 117.9939956066326,
        "0,15": 65.81908301151715,
        "0,16": 78.88807694849133,
        "0,17": 100.5329075094127,
        "0,18": 13.540504528023467,
        "0,19": 127.40230754033865,
        "0,20": 90.84639997879836,
        "0,21": 87.36721377676027,
        "0,22": 95.11213384009491,
        "0,23": 110.17349728427877,
        "0,24": 90.04858142569982,
        "0,25": 104.87211276789948,
        "0,26": 55.49198512256728,
        "0,27": 19.44553864135176,
        "0,28": 49.029096794725156,
        "0,29": 87.61976548293094,
        "0,30": 74.35248981183585,
        "1,0": 41.338269672433235,
        "1,1": 0.0,
        "1,2": 59.731541481927835,
        "1,3": 88.1477535110644,
        "1,4": 47.80982913314302,
        "1,5": 38.28337439869032,
        "1,6": 27.915176959235733,
        "1,7": 64.7724454235333,
        "1,8": 84.60754427680679,
        "1,9": 24.4885719134679,
        "1,10": 48.14214175618695,
        "1,11": 62.47211657407587,
        "1,12": 7.962415085823608,
        "1,13": 42.49680517101687,
        "1,14": 80.9235501185941,
        "1,15": 32.04223471068625,
        "1,16": 38.46006828483056,
        "1,17": 73.78419861962765,
        "1,18": 33.78510078358892,
        "1,19": 89.1881407201471,
        "1,20": 57.56671228826367,
        "1,21": 66.62815630882223,
        "1,22": 53.9416923093235,
        "1,23": 72.62134083035032,
        "1,24": 64.14845955150074,
        "1,25": 74.15989683088674,
        "1,26": 14.375948813483571,
        "1,27": 24.759959641264064,
        "1,28": 23.831650497346033,
        "1,29": 50.98981413595336,
        "1,30": 54.19689345113221,
        "2,0": 85.66199513786673,
        "2,1": 59.731541481927835,
        "2,2": 0.0,
        "2,3": 59.97924933781292,
        "2,4": 21.43670384171017,
        "2,5": 51.10876541283609,
        "2,6": 69.50345835062147,
        "2,7": 15.760218559135804,
        "2,8": 47.63053677738595,
        "2,9": 35.273630868743346,
        "2,10": 58.28172396300128,
        "2,11": 55.93336126778404,
        "2,12": 52.027939628090664,
        "2,13": 82.01539876828227,
        "2,14": 45.01248001804985,
        "2,15": 29.25541020693938,
        "2,16": 66.78705240746814,
        "2,17": 14.90613386025632,
        "2,18": 72.3005914121181,
        "2,19": 56.21484278504468,
        "2,20": 97.58640939442117,
        "2,21": 12.094098288891914,
        "2,22": 55.74395240807515,
        "2,23": 41.129797746719916,
        "2,24": 4.511176013822515,
        "2,25": 21.287733721892767,
        "2,26": 58.21678333641862,
        "2,27": 67.15806203463892,
        "2,28": 38.43722993148159,
        "2,29": 86.39863723443636,
        "2,30": 14.307727947321883,
        "3,0": 127.29883117722646,
        "3,1": 88.1477535110644,
        "3,2": 59.97924933781292,
        "3,3": 0.0,
        "3,4": 77.99471248543446,
        "3,5": 52.22096026146488,
        "3,6": 111.24443950302754,
        "3,7": 44.36824413872755,
        "3,8": 14.718222745289257,
        "3,9": 71.31737373648045,
        "3,10": 46.90712061612294,
        "3,11": 29.822613518837365,
        "3,12": 81.27826058186822,
        "3,13": 78.40458428484789,
        "3,14": 15.7428288032663,
        "3,15": 62.60447624711285,
        "3,16": 63.66659778940141,
        "3,17": 54.95042008079376,
        "3,18": 116.09647300009125,
        "3,19": 6.878562873380982,
        "3,20": 87.1542874718856,
        "3,21": 70.23284192070533,
        "3,22": 39.09439660184278,
        "3,23": 19.279687274875435,
        "3,24": 58.818272272938515,
        "3,25": 43.071775474572014,
        "3,26": 76.70825703845735,
        "3,27": 108.08077575983164,
        "3,28": 80.46073787820185,
        "3,29": 76.29997937473787,
        "3,30": 73.24684840688411,
        "4,0": 66.1215141596185,
        "4,1": 47.80982913314302,
        "4,2": 21.43670384171017,
        "4,3": 77.99471248543446,
        "4,4": 0.0,
        "4,5": 54.23884311158968,
        "4,6": 50.620728678524316,
        "4,7": 35.8566572734154,
        "4,8": 67.13425534444411,
        "4,9": 26.556209500758587,
        "4,10": 63.92420761565066,
        "4,11": 67.10671733124161,
        "4,12": 41.34603746886861,
        "4,13": 80.01110694373739,
        "4,14": 64.1172375523558,
        "4,15": 26.503501612845476,
        "4,16": 67.23524944420593,
        "4,17": 35.4821718222926,
        "4,18": 52.589878985904114,
        "4,19": 75.20797682248951,
        "4,20": 96.2654108656822,
        "4,21": 21.307411535460457,
        "4,22": 63.97664603516574,
        "4,23": 58.715300985092036,
        "4,24": 25.265464960448362,
        "4,25": 42.6378287045747,
        "4,26": 51.395629692749935,
        "4,27": 48.72715900675536,
        "4,28": 24.001147446253412,
        "4,29": 86.20954879384244,
        "4,30": 8.246976898845201,
        "5,0": 79.46049165508387,
        "5,1": 38.28337439869032,
        "5,2": 51.10876541283609,
        "5,3": 52.22096026146488,
        "5,4": 54.23884311158968,
        "5,5": 0.0,
        "5,6": 64.83091474275484,
        "5,7": 45.91631284127903,
        "5,8": 52.391960158656666,
        "5,9": 31.814946093014903,
        "5,10": 10.938063617670535,
        "5,11": 24.384145656716473,
        "5,12": 33.065204556753685,
        "5,13": 32.71092267126644,
        "5,14": 48.90378366417073,
        "5,15": 27.875124218905636,
        "5,16": 16.37149165591565,
        "5,17": 59.73634031452359,
        "5,18": 70.42169455181883,
        "5,19": 54.70409514013371,
        "5,20": 47.152553748812885,
        "5,21": 62.585396417017414,
        "5,22": 15.66211038296853,
        "5,23": 40.51738776070529,
        "5,24": 54.02554199026643,
        "5,25": 54.01106507644846,
        "5,26": 25.130563326201155,
        "5,27": 61.55243477017454,
        "5,28": 41.055628362544795,
        "5,29": 35.630641777602094,
        "5,30": 55.4600706066759,
        "6,0": 16.5319925929393,
        "6,1": 27.915176959235733,
        "6,2": 69.50345835062147,
        "6,3": 111.24443950302754,
        "6,4": 50.620728678524316,
        "6,5": 64.83091474275484,
        "6,6": 0.0,
        "6,7": 79.60401428941275,
        "6,8": 105.21422030128343,
        "6,9": 40.36175868465996,
        "6,10": 75.25344107915991,
        "6,11": 88.22172322518966,
        "6,12": 31.766308861812405,
        "6,13": 68.96539143350336,
        "6,14": 101.60311881634726,
        "6,15": 49.38818959390484,
        "6,16": 66.3727606758943,
        "6,17": 84.40435638745555,
        "6,18": 5.892590958057168,
        "6,19": 111.14679518724645,
        "6,20": 82.76632368643969,
        "6,21": 71.92708661708288,
        "6,22": 80.35624850409829,
        "6,23": 93.86006432649435,
        "6,24": 73.93319138955455,
        "6,25": 88.4279786340734,
        "6,26": 42.26018392272605,
        "6,27": 3.2792006699374827,
        "6,28": 32.49880226424256,
        "6,29": 77.73948090945709,
        "6,30": 58.77077768862974,
        "7,0": 96.09857994486447,
        "7,1": 64.7724454235333,
        "7,2": 15.760218559135804,
        "7,3": 44.36824413872755,
        "7,4": 35.8566572734154,
        "7,5": 45.91631284127903,
        "7,6": 79.60401428941275,
        "7,7": 0.0,
        "7,8": 31.882113744625986,
        "7,9": 41.07820280131743,
        "7,10": 50.51853731537579,
        "7,11": 44.23408835533097,
        "7,12": 56.81005691961257,
        "7,13": 78.4945480639526,
        "7,14": 29.259439034825824,
        "7,15": 32.749024521754784,
        "7,16": 62.28350426433121,
        "7,17": 14.567001183821537,
        "7,18": 83.16843049256171,
        "7,19": 40.45863285943741,
        "7,20": 93.00577062221436,
        "7,21": 26.058912185784116,
        "7,22": 46.221129802126185,
        "7,23": 25.873333118556467,
        "7,24": 14.539150279297795,
        "7,25": 9.39366071549924,
        "7,26": 59.697531728090894,
        "7,27": 76.9091391236759,
        "7,28": 47.19230876082198,
        "7,29": 81.38227763215004,
        "7,30": 29.713488352535606,
        "8,0": 121.61824182574453,
        "8,1": 84.60754427680679,
        "8,2": 47.63053677738595,
        "8,3": 14.718222745289257,
        "8,4": 67.13425534444411,
        "8,5": 52.391960158656666,
        "8,6": 105.21422030128343,
        "8,7": 31.882113744625986,
        "8,8": 0.0,
        "8,9": 64.85396731662165,
        "8,10": 50.049689669917235,
        "8,11": 34.7407957807978,
        "8,12": 77.15019544269208,
        "8,13": 82.29524377890509,
        "8,14": 3.6840268202337136,
        "8,15": 55.827763771355784,
        "8,16": 66.39339486895658,
        "8,17": 40.90041522197502,
        "8,18": 109.62838975923859,
        "8,19": 8.9774619176136,
        "8,20": 93.15721985454175,
        "8,21": 57.00690610225784,
        "8,22": 42.58740896111504,
        "8,23": 12.116845382166469,
        "8,24": 45.86221495147443,
        "8,25": 29.037587244811395,
        "8,26": 74.90227424959964,
        "8,27": 102.18441016947045,
        "8,28": 73.25215062912183,
        "8,29": 81.72780159673718,
        "8,30": 61.52010911959709,
        "9,0": 56.77775183553557,
        "9,1": 24.4885719134679,
        "9,2": 35.273630868743346,
        "9,3": 71.31737373648045,
        "9,4": 26.556209500758587,
        "9,5": 31.814946093014903,
        "9,6": 40.36175868465996,
        "9,7": 41.07820280131743,
        "9,8": 64.85396731662165,
        "9,9": 0.0,
        "9,10": 42.615307386058035,
        "9,11": 51.263616503786004,
        "9,12": 16.759181136368806,
        "9,13": 53.69093356198736,
        "9,14": 61.241362626104525,
        "9,15": 9.044741147566222,
        "9,16": 42.03294920424728,
        "9,17": 49.31997369575486,
        "9,18": 44.904887315368505,
        "9,19": 70.88267743777634,
        "9,20": 69.96880054468947,
        "9,21": 42.875236461419625,
        "9,22": 45.19031428495278,
        "9,23": 53.54365314203547,
        "9,24": 39.6709430831037,
        "9,25": 50.37543621692559,
        "9,26": 24.94239250729298,
        "9,27": 37.33594983618673,
        "9,28": 9.72756289614783,
        "9,29": 60.30891457461011,
        "9,30": 31.294774706108367,
        "10,0": 89.47721688439272,
        "10,1": 48.14214175618695,
        "10,2": 58.28172396300128,
        "10,3": 46.90712061612294,
        "10,4": 63.92420761565066,
        "10,5": 10.938063617670535,
        "10,6": 75.25344107915991,
        "10,7": 50.51853731537579,
        "10,8": 50.049689669917235,
        "10,9": 42.615307386058035,
        "10,10": 0.0,
        "10,11": 17.19221060009396,
        "10,12": 43.538221810494775,
        "10,13": 32.2484726009209,
        "10,14": 46.89829218895604,
        "10,15": 37.99387749938271,
        "10,16": 16.76818665063842,
        "10,17": 64.93713946707932,
        "10,18": 80.92066843585854,
        "10,19": 50.578044467474506,
        "10,20": 44.03588396230777,
        "10,21": 70.16596078923178,
        "10,22": 7.814696897133291,
        "10,23": 39.08474651745622,
        "10,24": 60.643781348113635,
        "10,25": 57.52829757762524,
        "10,26": 34.26209132924858,
        "10,27": 71.98215060083973,
        "10,28": 51.95057353707918,
        "10,29": 32.33274857311613,
        "10,30": 64.35120982302519,
        "11,0": 103.35999280546777,
        "11,1": 62.47211657407587,
        "11,2": 55.93336126778404,
        "11,3": 29.822613518837365,
        "11,4": 67.10671733124161,
        "11,5": 24.384145656716473,
        "11,6": 88.22172322518966,
        "11,7": 44.23408835533097,
        "11,8": 34.7407957807978,
        "11,9": 51.263616503786004,
        "11,10": 17.19221060009396,
        "11,11": 0.0,
        "11,12": 56.68118556277373,
        "11,13": 48.676687679007486,
        "11,14": 32.04481455814933,
        "11,15": 44.223438411710866,
        "11,16": 33.89222743685239,
        "11,17": 58.62758759662665,
        "11,18": 93.6179101721572,
        "11,19": 33.946289625737315,
        "11,20": 58.50345925175691,
        "11,21": 67.98308452767239,
        "11,22": 9.463264851276026,
        "11,23": 25.420435947370233,
        "11,24": 57.08358407964163,
        "11,25": 48.99586566887695,
        "11,26": 49.510739244874166,
        "11,27": 84.95102866583336,
        "11,28": 60.991120738767876,
        "11,29": 47.21313654909362,
        "11,30": 65.38177561531683,
        "12,0": 46.69510950266383,
        "12,1": 7.962415085823608,
        "12,2": 52.027939628090664,
        "12,3": 81.27826058186822,
        "12,4": 41.34603746886861,
        "12,5": 33.065204556753685,
        "12,6": 31.766308861812405,
        "12,7": 56.81005691961257,
        "12,8": 77.15019544269208,
        "12,9": 16.759181136368806,
        "12,10": 43.538221810494775,
        "12,11": 56.68118556277373,
        "12,12": 0.0,
        "12,13": 43.481921013389695,
        "12,14": 73.46795907289548,
        "12,15": 24.08237038044541,
        "12,16": 36.376529036698265,
        "12,17": 65.94045362920554,
        "12,18": 37.387922023923366,
        "12,19": 82.01822586786147,
        "12,20": 59.32740282609531,
        "12,21": 59.361013540846635,
        "12,22": 48.61853433354925,
        "12,23": 65.2417713386431,
        "12,24": 56.41151217202563,
        "12,25": 66.19750978355884,
        "12,26": 12.942423960024545,
        "12,27": 28.488233829743404,
        "12,28": 17.861678433779275,
        "12,29": 51.42118299727739,
        "12,30": 47.238352920350835,
        "13,0": 78.74934053117047,
        "13,1": 42.49680517101687,
        "13,2": 82.01539876828227,
        "13,3": 78.40458428484789,
        "13,4": 80.01110694373739,
        "13,5": 32.71092267126644,
        "13,6": 68.96539143350336,
        "13,7": 78.4945480639526,
        "13,8": 82.29524377890509,
        "13,9": 53.69093356198736,
        "13,10": 32.2484726009209,
        "13,11": 48.676687679007486,
        "13,12": 43.481921013389695,
        "13,13": 0.0,
        "13,14": 79.11611781426333,
        "13,15": 54.57197682825925,
        "13,16": 16.475041457443847,
        "13,17": 91.99999142176833,
        "13,18": 74.79315114177419,
        "13,19": 82.57111159120551,
        "13,20": 16.278045543704366,
        "13,21": 92.69503208173944,
        "13,22": 39.851038981357405,
        "13,23": 71.17487550665756,
        "13,24": 85.41476691769361,
        "13,25": 86.71699410669693,
        "13,26": 30.627193618691855,
        "13,27": 66.12386619920741,
        "13,28": 59.80516614317951,
        "13,29": 8.872486064501315,
        "13,30": 83.42814546743449,
        "14,0": 117.9939956066326,
        "14,1": 80.9235501185941,
        "14,2": 45.01248001804985,
        "14,3": 15.7428288032663,
        "14,4": 64.1172375523558,
        "14,5": 48.90378366417073,
        "14,6": 101.60311881634726,
        "14,7": 29.259439034825824,
        "14,8": 3.6840268202337136,
        "14,9": 61.241362626104525,
        "14,10": 46.89829218895604,
        "14,11": 32.04481455814933,
        "14,12": 73.46795907289548,
        "14,13": 79.11611781426333,
        "14,14": 0.0,
        "14,15": 52.223246227075606,
        "14,16": 63.11352593465827,
        "14,17": 39.215417069174805,
        "14,18": 106.04658145925754,
        "14,19": 11.20541346139488,
        "14,20": 90.26786631501606,
        "14,21": 54.79143331040548,
        "14,22": 39.54727936357002,
        "14,23": 8.48460530709822,
        "14,24": 43.49451050316721,
        "14,25": 27.332322663006536,
        "14,26": 71.25477521112744,
        "14,27": 98.56467181786088,
        "14,28": 69.7011997828494,
        "14,29": 78.77263520574776,
        "14,30": 58.724018454060555,
        "15,0": 65.81908301151715,
        "15,1": 32.04223471068625,
        "15,2": 29.25541020693938,
        "15,3": 62.60447624711285,
        "15,4": 26.503501612845476,
        "15,5": 27.875124218905636,
        "15,6": 49.38818959390484,
        "15,7": 32.749024521754784,
        "15,8": 55.827763771355784,
        "15,9": 9.044741147566222,
        "15,10": 37.99387749938271,
        "15,11": 44.223438411710866,
        "15,12": 24.08237038044541,
        "15,13": 54.57197682825925,
        "15,14": 52.223246227075606,
        "15,15": 0.0,
        "15,16": 40.91434414446489,
        "15,17": 42.30328905292737,
        "15,18": 53.85507900885323,
        "15,19": 61.96621972423032,
        "15,20": 70.66512045220092,
        "15,21": 38.61650329485368,
        "15,22": 39.221800630974045,
        "15,23": 44.59519227674921,
        "15,24": 33.375931243778616,
        "15,25": 42.128317441763514,
        "15,26": 28.96235054208284,
        "15,27": 46.37547705591581,
        "15,28": 17.86420151520547,
        "15,29": 60.1747964143876,
        "15,30": 28.8898990298365,
        "16,0": 78.88807694849133,
        "16,1": 38.46006828483056,
        "16,2": 66.78705240746814,
        "16,3": 63.66659778940141,
        "16,4": 67.23524944420593,
        "16,5": 16.37149165591565,
        "16,6": 66.3727606758943,
        "16,7": 62.28350426433121,
        "16,8": 66.39339486895658,
        "16,9": 42.03294920424728,
        "16,10": 16.76818665063842,
        "16,11": 33.89222743685239,
        "16,12": 36.376529036698265,
        "16,13": 16.475041457443847,
        "16,14": 63.11352593465827,
        "16,15": 40.91434414446489,
        "16,16": 0.0,
        "16,17": 76.02342678549296,
        "16,18": 72.24516449025171,
        "16,19": 67.30395843411623,
        "16,20": 30.906976224930986,
        "16,21": 77.9126520736563,
        "16,22": 24.582109758827457,
        "16,23": 55.022915841584435,
        "16,24": 69.94176738931009,
        "16,25": 70.352614392443,
        "16,26": 24.19467088109467,
        "16,27": 63.21799049301651,
        "16,28": 49.79340088242224,
        "16,29": 19.61819115405932,
        "16,30": 69.64876437751393,
        "17,0": 100.5329075094127,
        "17,1": 73.78419861962765,
        "17,2": 14.90613386025632,
        "17,3": 54.95042008079376,
        "17,4": 35.4821718222926,
        "17,5": 59.73634031452359,
        "17,6": 84.40435638745555,
        "17,7": 14.567001183821537,
        "17,8": 40.90041522197502,
        "17,9": 49.31997369575486,
        "17,10": 64.93713946707932,
        "17,11": 58.62758759662665,
        "17,12": 65.94045362920554,
        "17,13": 91.99999142176833,
        "17,14": 39.215417069174805,
        "17,15": 42.30328905292737,
        "17,16": 76.02342678549296,
        "17,17": 0.0,
        "17,18": 87.14197898786843,
        "17,19": 49.876254553249495,
        "17,20": 106.88620081778491,
        "17,21": 17.772895579569056,
        "17,22": 60.78411563865362,
        "17,23": 38.16189061466345,
        "17,24": 10.484717739691062,
        "17,25": 11.888881597757717,
        "17,26": 70.86196113660186,
        "17,27": 82.06408120038745,
        "17,28": 53.21331336164167,
        "17,29": 95.34895179251147,
        "17,30": 27.53850790876099,
        "18,0": 13.540504528023467,
        "18,1": 33.78510078358892,
        "18,2": 72.3005914121181,
        "18,3": 116.09647300009125,
        "18,4": 52.589878985904114,
        "18,5": 70.42169455181883,
        "18,6": 5.892590958057168,
        "18,7": 83.16843049256171,
        "18,8": 109.62838975923859,
        "18,9": 44.904887315368505,
        "18,10": 80.92066843585854,
        "18,11": 93.6179101721572,
        "18,12": 37.387922023923366,
        "18,13": 74.79315114177419,
        "18,14": 106.04658145925754,
        "18,15": 53.85507900885323,
        "18,16": 72.24516449025171,
        "18,17": 87.14197898786843,
        "18,18": 0.0,
        "18,19": 115.78755022585821,
        "18,20": 88.46089247375166,
        "18,21": 73.82767129737928,
        "18,22": 85.88815052487858,
        "18,23": 98.44066438903153,
        "18,24": 76.65830958308696,
        "18,25": 91.79957889005227,
        "18,26": 48.113053801470166,
        "18,27": 9.038779075661797,
        "18,28": 36.479878770077256,
        "18,29": 83.58098044829971,
        "18,30": 60.824964733993966,
        "19,0": 127.40230754033865,
        "19,1": 89.1881407201471,
        "19,2": 56.21484278504468,
        "19,3": 6.878562873380982,
        "19,4": 75.20797682248951,
        "19,5": 54.70409514013371,
        "19,6": 111.14679518724645,
        "19,7": 40.45863285943741,
        "19,8": 8.9774619176136,
        "19,9": 70.88267743777634,
        "19,10": 50.578044467474506,
        "19,11": 33.946289625737315,
        "19,12": 82.01822586786147,
        "19,13": 82.57111159120551,
        "19,14": 11.20541346139488,
        "19,15": 61.96621972423032,
        "19,16": 67.30395843411623,
        "19,17": 49.876254553249495,
        "19,18": 115.78755022585821,
        "19,19": 0.0,
        "19,20": 92.13310721977015,
        "19,21": 65.86340586200107,
        "19,22": 42.80856778519368,
        "19,23": 17.403890902733334,
        "19,24": 54.633523177561194,
        "19,25": 38.008465025672535,
        "19,26": 78.4923289947167,
        "19,27": 108.04347010617093,
        "19,28": 79.68713101606683,
        "19,29": 81.03830129835235,
        "19,30": 69.91599785607755,
        "20,0": 90.84639997879836,
        "20,1": 57.56671228826367,
        "20,2": 97.58640939442117,
        "20,3": 87.1542874718856,
        "20,4": 96.2654108656822,
        "20,5": 47.152553748812885,
        "20,6": 82.76632368643969,
        "20,7": 93.00577062221436,
        "20,8": 93.15721985454175,
        "20,9": 69.96880054468947,
        "20,10": 44.03588396230777,
        "20,11": 58.50345925175691,
        "20,12": 59.32740282609531,
        "20,13": 16.278045543704366,
        "20,14": 90.26786631501606,
        "20,15": 70.66512045220092,
        "20,16": 30.906976224930986,
        "20,17": 106.88620081778491,
        "20,18": 88.46089247375166,
        "20,19": 92.13310721977015,
        "20,20": 0.0,
        "20,21": 108.51245226472723,
        "20,22": 50.82990699575006,
        "20,23": 82.83851997274368,
        "20,24": 100.81777231683833,
        "20,25": 100.80263407444676,
        "20,26": 46.62600871675243,
        "20,27": 80.12981082022277,
        "20,28": 75.97802224532877,
        "20,29": 11.73636988345099,
        "20,30": 99.5507678221631,
        "21,0": 87.36721377676027,
        "21,1": 66.62815630882223,
        "21,2": 12.094098288891914,
        "21,3": 70.23284192070533,
        "21,4": 21.307411535460457,
        "21,5": 62.585396417017414,
        "21,6": 71.92708661708288,
        "21,7": 26.058912185784116,
        "21,8": 57.00690610225784,
        "21,9": 42.875236461419625,
        "21,10": 70.16596078923178,
        "21,11": 67.98308452767239,
        "21,12": 59.361013540846635,
        "21,13": 92.69503208173944,
        "21,14": 54.79143331040548,
        "21,15": 38.61650329485368,
        "21,16": 77.9126520736563,
        "21,17": 17.772895579569056,
        "21,18": 73.82767129737928,
        "21,19": 65.86340586200107,
        "21,20": 108.51245226472723,
        "21,21": 0.0,
        "21,22": 67.80999353336952,
        "21,23": 51.93193025086465,
        "21,24": 11.531117373227822,
        "21,25": 28.486730327199087,
        "21,26": 67.19057121017708,
        "21,27": 70.0025143027644,
        "21,28": 43.591916945561195,
        "21,29": 97.52055654232947,
        "21,30": 13.217893530030537,
        "22,0": 95.11213384009491,
        "22,1": 53.9416923093235,
        "22,2": 55.74395240807515,
        "22,3": 39.09439660184278,
        "22,4": 63.97664603516574,
        "22,5": 15.66211038296853,
        "22,6": 80.35624850409829,
        "22,7": 46.221129802126185,
        "22,8": 42.58740896111504,
        "22,9": 45.19031428495278,
        "22,10": 7.814696897133291,
        "22,11": 9.463264851276026,
        "22,12": 48.61853433354925,
        "22,13": 39.851038981357405,
        "22,14": 39.54727936357002,
        "22,15": 39.221800630974045,
        "22,16": 24.582109758827457,
        "22,17": 60.78411563865362,
        "22,18": 85.88815052487858,
        "22,19": 42.80856778519368,
        "22,20": 50.82990699575006,
        "22,21": 67.80999353336952,
        "22,22": 0.0,
        "22,23": 32.00967073134098,
        "22,24": 57.604924759301205,
        "22,25": 52.42400488944691,
        "22,26": 40.57305995942658,
        "22,27": 77.07716241030664,
        "22,28": 54.83131956456748,
        "22,29": 39.255818264498515,
        "22,30": 63.3969954300674,
        "23,0": 110.17349728427877,
        "23,1": 72.62134083035032,
        "23,2": 41.129797746719916,
        "23,3": 19.279687274875435,
        "23,4": 58.715300985092036,
        "23,5": 40.51738776070529,
        "23,6": 93.86006432649435,
        "23,7": 25.873333118556467,
        "23,8": 12.116845382166469,
        "23,9": 53.54365314203547,
        "23,10": 39.08474651745622,
        "23,11": 25.420435947370233,
        "23,12": 65.2417713386431,
        "23,13": 71.17487550665756,
        "23,14": 8.48460530709822,
        "23,15": 44.59519227674921,
        "23,16": 55.022915841584435,
        "23,17": 38.16189061466345,
        "23,18": 98.44066438903153,
        "23,19": 17.403890902733334,
        "23,20": 82.83851997274368,
        "23,21": 51.93193025086465,
        "23,22": 32.00967073134098,
        "23,23": 0.0,
        "23,24": 40.40733746860869,
        "23,25": 26.780076222968017,
        "23,26": 62.78548431398894,
        "23,27": 90.77964663253846,
        "23,28": 62.28769043256169,
        "23,29": 71.23985643981918,
        "23,30": 54.08227879145272,
        "24,0": 90.04858142569982,
        "24,1": 64.14845955150074,
        "24,2": 4.511176013822515,
        "24,3": 58.818272272938515,
        "24,4": 25.265464960448362,
        "24,5": 54.02554199026643,
        "24,6": 73.93319138955455,
        "24,7": 14.539150279297795,
        "24,8": 45.86221495147443,
        "24,9": 39.6709430831037,
        "24,10": 60.643781348113635,
        "24,11": 57.08358407964163,
        "24,12": 56.41151217202563,
        "24,13": 85.41476691769361,
        "24,14": 43.49451050316721,
        "24,15": 33.375931243778616,
        "24,16": 69.94176738931009,
        "24,17": 10.484717739691062,
        "24,18": 76.65830958308696,
        "24,19": 54.633523177561194,
        "24,20": 100.81777231683833,
        "24,21": 11.531117373227822,
        "24,22": 57.604924759301205,
        "24,23": 40.40733746860869,
        "24,24": 0.0,
        "24,25": 18.204995003786888,
        "24,26": 62.299899154830314,
        "24,27": 71.6133183493981,
        "24,28": 42.9481407091391,
        "24,29": 89.51489878474618,
        "24,30": 17.6199231223394,
        "25,0": 104.87211276789948,
        "25,1": 74.15989683088674,
        "25,2": 21.287733721892767,
        "25,3": 43.071775474572014,
        "25,4": 42.6378287045747,
        "25,5": 54.01106507644846,
        "25,6": 88.4279786340734,
        "25,7": 9.39366071549924,
        "25,8": 29.037587244811395,
        "25,9": 50.37543621692559,
        "25,10": 57.52829757762524,
        "25,11": 48.99586566887695,
        "25,12": 66.19750978355884,
        "25,13": 86.71699410669693,
        "25,14": 27.332322663006536,
        "25,15": 42.128317441763514,
        "25,16": 70.352614392443,
        "25,17": 11.888881597757717,
        "25,18": 91.79957889005227,
        "25,19": 38.008465025672535,
        "25,20": 100.80263407444676,
        "25,21": 28.486730327199087,
        "25,22": 52.42400488944691,
        "25,23": 26.780076222968017,
        "25,24": 18.204995003786888,
        "25,25": 0.0,
        "25,26": 68.96309279636594,
        "25,27": 85.80559614556195,
        "25,28": 56.15918631835129,
        "25,29": 89.10426185304253,
        "25,30": 35.54377350935459,
        "26,0": 55.49198512256728,
        "26,1": 14.375948813483571,
        "26,2": 58.21678333641862,
        "26,3": 76.70825703845735,
        "26,4": 51.395629692749935,
        "26,5": 25.130563326201155,
        "26,6": 42.26018392272605,
        "26,7": 59.697531728090894,
        "26,8": 74.90227424959964,
        "26,9": 24.94239250729298,
        "26,10": 34.26209132924858,
        "26,11": 49.510739244874166,
        "26,12": 12.942423960024545,
        "26,13": 30.627193618691855,
        "26,14": 71.25477521112744,
        "26,15": 28.96235054208284,
        "26,16": 24.19467088109467,
        "26,17": 70.86196113660186,
        "26,18": 48.113053801470166,
        "26,19": 78.4923289947167,
        "26,20": 46.62600871675243,
        "26,21": 67.19057121017708,
        "26,22": 40.57305995942658,
        "26,23": 62.78548431398894,
        "26,24": 62.299899154830314,
        "26,25": 68.96309279636594,
        "26,26": 0.0,
        "26,27": 39.07605993034161,
        "26,28": 29.49685278817587,
        "26,29": 38.480424498991695,
        "26,30": 56.156069156059246,
        "27,0": 19.44553864135176,
        "27,1": 24.759959641264064,
        "27,2": 67.15806203463892,
        "27,3": 108.08077575983164,
        "27,4": 48.72715900675536,
        "27,5": 61.55243477017454,
        "27,6": 3.2792006699374827,
        "27,7": 76.9091391236759,
        "27,8": 102.18441016947045,
        "27,9": 37.33594983618673,
        "27,10": 71.98215060083973,
        "27,11": 84.95102866583336,
        "27,12": 28.488233829743404,
        "27,13": 66.12386619920741,
        "27,14": 98.56467181786088,
        "27,15": 46.37547705591581,
        "27,16": 63.21799049301651,
        "27,17": 82.06408120038745,
        "27,18": 9.038779075661797,
        "27,19": 108.04347010617093,
        "27,20": 80.12981082022277,
        "27,21": 70.0025143027644,
        "27,22": 77.07716241030664,
        "27,23": 90.77964663253846,
        "27,24": 71.6133183493981,
        "27,25": 85.80559614556195,
        "27,26": 39.07605993034161,
        "27,27": 0.0,
        "27,28": 29.730414998882218,
        "27,29": 74.86622179716994,
        "27,30": 56.80485416122763,
        "28,0": 49.029096794725156,
        "28,1": 23.831650497346033,
        "28,2": 38.43722993148159,
        "28,3": 80.46073787820185,
        "28,4": 24.001147446253412,
        "28,5": 41.055628362544795,
        "28,6": 32.49880226424256,
        "28,7": 47.19230876082198,
        "28,8": 73.25215062912183,
        "28,9": 9.72756289614783,
        "28,10": 51.95057353707918,
        "28,11": 60.991120738767876,
        "28,12": 17.861678433779275,
        "28,13": 59.80516614317951,
        "28,14": 69.7011997828494,
        "28,15": 17.86420151520547,
        "28,16": 49.79340088242224,
        "28,17": 53.21331336164167,
        "28,18": 36.479878770077256,
        "28,19": 79.68713101606683,
        "28,20": 75.97802224532877,
        "28,21": 43.591916945561195,
        "28,22": 54.83131956456748,
        "28,23": 62.28769043256169,
        "28,24": 42.9481407091391,
        "28,25": 56.15918631835129,
        "28,26": 29.49685278817587,
        "28,27": 29.730414998882218,
        "28,28": 0.0,
        "28,29": 67.08960062757174,
        "28,30": 30.74215338529062,
        "29,0": 87.61976548293094,
        "29,1": 50.98981413595336,
        "29,2": 86.39863723443636,
        "29,3": 76.29997937473787,
        "29,4": 86.20954879384244,
        "29,5": 35.630641777602094,
        "29,6": 77.73948090945709,
        "29,7": 81.38227763215004,
        "29,8": 81.72780159673718,
        "29,9": 60.30891457461011,
        "29,10": 32.33274857311613,
        "29,11": 47.21313654909362,
        "29,12": 51.42118299727739,
        "29,13": 8.872486064501315,
        "29,14": 78.77263520574776,
        "29,15": 60.1747964143876,
        "29,16": 19.61819115405932,
        "29,17": 95.34895179251147,
        "29,18": 83.58098044829971,
        "29,19": 81.03830129835235,
        "29,20": 11.73636988345099,
        "29,21": 97.52055654232947,
        "29,22": 39.255818264498515,
        "29,23": 71.23985643981918,
        "29,24": 89.51489878474618,
        "29,25": 89.10426185304253,
        "29,26": 38.480424498991695,
        "29,27": 74.86622179716994,
        "29,28": 67.08960062757174,
        "29,29": 0.0,
        "29,30": 89.02913956876183,
        "30,0": 74.35248981183585,
        "30,1": 54.19689345113221,
        "30,2": 14.307727947321883,
        "30,3": 73.24684840688411,
        "30,4": 8.246976898845201,
        "30,5": 55.4600706066759,
        "30,6": 58.77077768862974,
        "30,7": 29.713488352535606,
        "30,8": 61.52010911959709,
        "30,9": 31.294774706108367,
        "30,10": 64.35120982302519,
        "30,11": 65.38177561531683,
        "30,12": 47.238352920350835,
        "30,13": 83.42814546743449,
        "30,14": 58.724018454060555,
        "30,15": 28.8898990298365,
        "30,16": 69.64876437751393,
        "30,17": 27.53850790876099,
        "30,18": 60.824964733993966,
        "30,19": 69.91599785607755,
        "30,20": 99.5507678221631,
        "30,21": 13.217893530030537,
        "30,22": 63.3969954300674,
        "30,23": 54.08227879145272,
        "30,24": 17.6199231223394,
        "30,25": 35.54377350935459,
        "30,26": 56.156069156059246,
        "30,27": 56.80485416122763,
        "30,28": 30.74215338529062,
        "30,29": 89.02913956876183,
        "30,30": 0.0
    }
}