{
    "num_robots": 4,
    "num_tasks": 60,
    "num_nodes": 61,
    "robot_capacity": [
        247,
        190,
        210,
        235
    ],
    "robot_speed": [
        1.04,
        1.05,
        1.12,
        0.86
    ],
    "task_demand": {
        "0": 0,
        "1": 11,
        "2": 15,
        "3": 7,
        "4": 8,
        "5": 14,
        "6": 11,
        "7": 5,
        "8": 9,
        "9": 10,
        "10": 9,
        "11": 8,
        "12": 5,
        "13": 6,
        "14": 11,
        "15": 6,
        "16": 9,
        "17": 11,
        "18": 7,
        "19": 15,
        "20": 15,
        "21": 13,
        "22": 15,
        "23": 8,
        "24": 10,
        "25": 9,
        "26": 15,
        "27": 12,
        "28": 15,
        "29": 12,
        "30": 8,
        "31": 12,
        "32": 11,
        "33": 6,
        "34": 15,
        "35": 9,
        "36": 15,
        "37": 7,
        "38": 8,
        "39": 9,
        "40": 6,
        "41": 12,
        "42": 14,
        "43": 10,
        "44": 15,
        "45": 9,
        "46": 7,
        "47": 5,
        "48": 12,
        "49": 8,
        "50": 9,
        "51": 5,
        "52": 9,
        "53": 10,
        "54": 8,
        "55": 14,
        "56": 12,
        "57": 13,
        "58": 6,
        "59": 13,
        "60": 5
    },
    "task_service_time": {
        "0": 0,
        "1": 63,
        "2": 38,
        "3": 91,
        "4": 50,
        "5": 92,
        "6": 52,
        "7": 24,
        "8": 69,
        "9": 11,
        "10": 66,
        "11": 59,
        "12": 76,
        "13": 71,
        "14": 12,
        "15": 53,
        "16": 37,
        "17": 32,
        "18": 42,
        "19": 45,
        "20": 46,
        "21": 72,
        "22": 16,
        "23": 88,
        "24": 36,
        "25": 92,
        "26": 60,
        "27": 91,
        "28": 83,
        "29": 37,
        "30": 87,
        "31": 77,
        "32": 55,
        "33": 51,
        "34": 26,
        "35": 78,
        "36": 68,
        "37": 98,
        "38": 56,
        "39": 87,
        "40": 81,
        "41": 18,
        "42": 100,
        "43": 60,
        "44": 60,
        "45": 52,
        "46": 61,
        "47": 91,
        "48": 40,
        "49": 42,
        "50": 100,
        "51": 40,
        "52": 87,
        "53": 21,
        "54": 12,
        "55": 46,
        "56": 85,
        "57": 76,
        "58": 35,
        "59": 23,
        "60": 10
    },
    "task_precedence": [],
    "coordinates": {
        "0": [
            100,
            100
        ],
        "1": [
            42.19428989278665,
            31.96261035228184
        ],
        "2": [
            18.874318800544955,
            42.177542297072215
        ],
        "3": [
            47.07334313216926,
            13.193142261536117
        ],
        "4": [
            29.147326884598478,
            33.32049186817141
        ],
        "5": [
            64.78067390292293,
            65.8812497088156
        ],
        "6": [
            16.878959743744105,
            40.42154290041413
        ],
        "7": [
            11.231186191187803,
            99.49304977018411
        ],
        "8": [
            10.679710480149785,
            78.0852182847519
        ],
        "9": [
            63.066912620873005,
            93.97269161810486
        ],
        "10": [
            74.55393830214439,
            2.971452154108478
        ],
        "11": [
            3.8286779806325444,
            2.948776428780142
        ],
        "12": [
            81.76427431218715,
            96.49428817599512
        ],
        "13": [
            73.68510193114307,
            64.46142395089373
        ],
        "14": [
            64.6043494085928,
            96.6393578832384
        ],
        "15": [
            71.54250134918911,
            41.32633596503098
        ],
        "16": [
            22.144270204669915,
            90.25085301346016
        ],
        "17": [
            62.304320379047596,
            7.769299889304837
        ],
        "18": [
            13.098185566341147,
            0.7207927621314059
        ],
        "19": [
            88.82706019052723,
            79.68490428676667
        ],
        "20": [
            79.29304871588322,
            27.446887122901863
        ],
        "21": [
            74.00053114844405,
            84.47375947850696
        ],
        "22": [
            6.004523206920598,
            4.75006280636533
        ],
        "23": [
            57.69237382106627,
            22.448017422515008
        ],
        "24": [
            71.52050748805858,
            27.44363953721294
        ],
        "25": [
            29.53134270537232,
            86.63575835186973
        ],
        "26": [
            36.00899428963259,
            91.10949202511978
        ],
        "27": [
            27.792489735663317,
            73.15033504405922
        ],
        "28": [
            57.65895641036135,
            23.05268619702915
        ],
        "29": [
            76.00567600137454,
            57.41834398908796
        ],
        "30": [
            78.59955528079138,
            2.479490792390604
        ],
        "31": [
            86.02987236658196,
            3.2460759713710985
        ],
        "32": [
            86.49716777849501,
            98.66285228086012
        ],
        "33": [
            42.87395346455683,
            19.689999360892962
        ],
        "34": [
            41.50128360315374,
            9.384454377350316
        ],
        "35": [
            34.47615345850863,
            1.2488589787493343
        ],
        "36": [
            92.6672690275829,
            80.74894439106515
        ],
        "37": [
            20.92531174888834,
            2.6894302192679076
        ],
        "38": [
            28.215041319205113,
            11.088445217096998
        ],
        "39": [
            33.940889821805854,
            52.65511251199626
        ],
        "40": [
            32.51355826820813,
            7.364295705833602
        ],
        "41": [
            76.8868230007105,
            34.78271013932063
        ],
        "42": [
            79.81349556820545,
            19.618627497625507
        ],
        "43": [
            60.00590476379064,
            29.38189528121461
        ],
        "44": [
            62.643657118280984,
            24.86718915588145
        ],
        "45": [
            28.75202454668959,
            70.49319965618423
        ],
        "46": [
            53.86766026440153,
            40.42275123091672
        ],
        "47": [
            81.23190508272323,
            9.494012193706103
        ],
        "48": [
            47.503411505606884,
            17.904487130641368
        ],
        "49": [
            16.585061445567117,
            48.83802143968165
        ],
        "50": [
            40.516542461414,
            28.926028388872314
        ],
        "51": [
            46.58387685904442,
            77.11084376784645
        ],
        "52": [
            29.1737608846945,
            98.21793416518253
        ],
        "53": [
            41.6701970827949,
            25.582014506382443
        ],
        "54": [
            75.34360001333556,
            71.314295324787
        ],
        "55": [
            78.27216349113601,
            69.93794447174521
        ],
        "56": [
            17.33867945324509,
            26.390273378631957
        ],
        "57": [
            18.338791427625434,
            56.3397708991076
        ],
        "58": [
            6.552886894042498,
            37.93504075050279
        ],
        "59": [
            27.586273686930586,
            23.828776569971886
        ],
        "60": [
            54.188065834181096,
            68.99926110203084
        ]
    },
    "distance_matrix_str_keys": {
        "0,0": 0.0,
        "0,1": 89.27814128371297,
        "0,2": 99.62335451530673,
        "0,3": 101.66937374465824,
        "0,4": 97.29469714378342,
        "0,5": 49.035599845055934,
        "0,6": 102.2677851703522,
        "0,7": 88.77026136921687,
        "0,8": 91.9694067477704,
        "0,9": 37.421670054724885,
        "0,10": 100.30972611374001,
        "0,11": 136.63038891704792,
        "0,12": 18.56964476650334,
        "0,13": 44.220631474148355,
        "0,14": 35.55483084231926,
        "0,15": 65.21064392221044,
        "0,16": 78.46375296229851,
        "0,17": 99.63667148693031,
        "0,18": 131.94046514106935,
        "0,19": 23.184859236664185,
        "0,20": 75.45019562360145,
        "0,21": 30.28261093918885,
        "0,22": 133.81965548061194,
        "0,23": 88.34163930217129,
        "0,24": 77.94553827733579,
        "0,25": 71.72471412098693,
        "0,26": 64.6056494733679,
        "0,27": 77.0378416547385,
        "0,28": 87.82740502686248,
        "0,29": 48.87663053835294,
        "0,30": 99.84101737407994,
        "0,31": 97.75728249614801,
        "0,32": 13.568877699534118,
        "0,33": 98.55496636609945,
        "0,34": 107.85766977164468,
        "0,35": 118.51228762702982,
        "0,36": 20.60029333704127,
        "0,37": 125.38801104197015,
        "0,38": 114.27311524027246,
        "0,39": 81.27326995258974,
        "0,40": 114.61148950997357,
        "0,41": 69.1918625834885,
        "0,42": 82.87737934165357,
        "0,43": 81.15691201515939,
        "0,44": 83.90730372759369,
        "0,45": 77.11631003053328,
        "0,46": 75.35012501896671,
        "0,47": 92.43146226051458,
        "0,48": 97.44518991121457,
        "0,49": 97.85499488654776,
        "0,50": 92.68112624112932,
        "0,51": 58.113644563300824,
        "0,52": 70.84865493330169,
        "0,53": 94.5537015313957,
        "0,54": 37.826018995076964,
        "0,55": 37.09212937996142,
        "0,56": 110.68552646035481,
        "0,57": 92.6000463857512,
        "0,58": 112.18031072554294,
        "0,59": 105.09901539677422,
        "0,60": 55.31527026268048,
        "1,0": 89.27814128371297,
        "1,1": 0.0,
        "1,2": 25.459102230433956,
        "1,3": 19.39324864282031,
        "1,4": 13.117434427060235,
        "1,5": 40.750691263485834,
        "1,6": 26.691187317331433,
        "1,7": 74.29047071334878,
        "1,8": 55.861110605212154,
        "1,9": 65.42871356020231,
        "1,10": 43.44691126937291,
        "1,11": 48.10117188109412,
        "1,12": 75.69756343301366,
        "1,13": 45.25311180628813,
        "1,14": 68.4491960411886,
        "1,15": 30.805792848757633,
        "1,16": 61.6402670502187,
        "1,17": 31.459968170936495,
        "1,18": 42.69232311917019,
        "1,19": 66.72355359249988,
        "1,20": 37.37257901856182,
        "1,21": 61.392652372818496,
        "1,22": 45.27937672623363,
        "1,23": 18.185655997713365,
        "1,24": 29.672346312226164,
        "1,25": 56.12043606081554,
        "1,26": 59.469416453493885,
        "1,27": 43.633020902194765,
        "1,28": 17.847763415961992,
        "1,29": 42.32262049509733,
        "1,30": 46.8465333504401,
        "1,31": 52.40417576555268,
        "1,32": 80.07288718590618,
        "1,33": 12.291416644014248,
        "1,34": 22.588788921626737,
        "1,35": 31.66866200920556,
        "1,36": 70.19706554896241,
        "1,37": 36.18409189665405,
        "1,38": 25.12270209935523,
        "1,39": 22.277752542872264,
        "1,40": 26.43470537442747,
        "1,41": 34.806965053753956,
        "1,42": 39.59265775829544,
        "1,43": 17.997603023486324,
        "1,44": 21.64536028523087,
        "1,45": 40.808097355070096,
        "1,46": 14.416711120059423,
        "1,47": 45.04190607566603,
        "1,48": 15.027228647177164,
        "1,49": 30.66939975008664,
        "1,50": 3.4692458062209393,
        "1,51": 45.361122718476054,
        "1,52": 67.52260443142647,
        "1,53": 6.402083771881909,
        "1,54": 51.453200791045205,
        "1,55": 52.380711763619175,
        "1,56": 25.472579564507264,
        "1,57": 34.107634971469764,
        "1,58": 36.138338818773654,
        "1,59": 16.719850162869285,
        "1,60": 38.93024736745524,
        "2,0": 99.62335451530673,
        "2,1": 25.459102230433956,
        "2,2": 0.0,
        "2,3": 40.438600602339406,
        "2,4": 13.563997839690222,
        "2,5": 51.664873791069716,
        "2,6": 2.658005200638391,
        "2,7": 57.82287499756965,
        "2,8": 36.83086749400397,
        "2,9": 68.08614280275073,
        "2,10": 68.09799947238605,
        "2,11": 42.015085138924704,
        "2,12": 83.09906971279416,
        "2,13": 59.16750230448283,
        "2,14": 71.11487225858292,
        "2,15": 52.675060561873224,
        "2,16": 48.18439358775535,
        "2,17": 55.40841256253804,
        "2,18": 41.85720723056053,
        "2,19": 79.3737250694442,
        "2,20": 62.18854497769587,
        "2,21": 69.48287037597655,
        "2,22": 39.5783761623561,
        "2,23": 43.544179259138545,
        "2,24": 54.669087004067265,
        "2,25": 45.71766762733109,
        "2,26": 51.845277589231934,
        "2,27": 32.231159820518414,
        "2,28": 43.24359184170689,
        "2,29": 59.12929909802865,
        "2,30": 71.71498564379492,
        "2,31": 77.62427097905696,
        "2,32": 88.11038501708667,
        "2,33": 32.8887830622014,
        "2,34": 39.84176391036304,
        "2,35": 43.80153379581585,
        "2,36": 83.26555447906765,
        "2,37": 39.541339981636796,
        "2,38": 32.46199399942537,
        "2,39": 18.351595024611953,
        "2,40": 37.38971772397657,
        "2,41": 58.481913325536325,
        "2,42": 64.98067329636459,
        "2,43": 43.075932333569924,
        "2,44": 47.06807094671682,
        "2,45": 29.98909005765352,
        "2,46": 35.03731208999804,
        "2,47": 70.40370520758795,
        "2,48": 37.534066609250125,
        "2,49": 7.0429171261953245,
        "2,50": 25.37692782521744,
        "2,51": 44.58873354834548,
        "2,52": 56.978978825318684,
        "2,53": 28.196872332063908,
        "2,54": 63.54313572438232,
        "2,55": 65.56480673949375,
        "2,56": 15.861779474829595,
        "2,57": 14.172350141859154,
        "2,58": 13.031366144776253,
        "2,59": 20.311951202443108,
        "2,60": 44.344845576548316,
        "3,0": 101.66937374465824,
        "3,1": 19.39324864282031,
        "3,2": 40.438600602339406,
        "3,3": 0.0,
        "3,4": 26.9527783483613,
        "3,5": 55.584046536762216,
        "3,6": 40.658167562722966,
        "3,7": 93.44695955558504,
        "3,8": 74.40079319612767,
        "3,9": 82.34761599002317,
        "3,10": 29.320062406965377,
        "3,11": 44.44151319862852,
        "3,12": 90.23603280729228,
        "3,13": 57.763504167892044,
        "3,14": 85.26785491993823,
        "3,15": 37.28560435084716,
        "3,16": 80.9898108613162,
        "3,17": 16.16789206958461,
        "3,18": 36.192137732636745,
        "3,19": 78.51450379012341,
        "3,20": 35.23178494589961,
        "3,21": 76.19711179103926,
        "3,22": 41.927718286818674,
        "3,23": 14.08604014679216,
        "3,24": 28.297358845799334,
        "3,25": 75.50854016047373,
        "3,26": 78.69801379825572,
        "3,27": 62.98107869875043,
        "3,28": 14.466022780686957,
        "3,29": 52.84835241610802,
        "3,30": 33.29691247311457,
        "3,31": 40.20640866544272,
        "3,32": 94.12390387426339,
        "3,33": 7.735892046164652,
        "3,34": 6.749366695774977,
        "3,35": 17.359582103657967,
        "3,36": 81.5021010767241,
        "3,37": 28.178848661503796,
        "3,38": 18.97538660785908,
        "3,39": 41.589763476089594,
        "3,40": 15.683200803877913,
        "3,41": 36.8096865379397,
        "3,42": 33.36471852202696,
        "3,43": 20.720204504006105,
        "3,44": 19.4606795492213,
        "3,45": 60.1578531211064,
        "3,46": 28.06446774693433,
        "3,47": 34.35827291626512,
        "3,48": 4.730933235787169,
        "3,49": 46.90514611240639,
        "3,50": 17.04451058058707,
        "3,51": 63.919575585905704,
        "3,52": 86.88849338602029,
        "3,53": 13.515847836151213,
        "3,54": 64.63184863152969,
        "3,55": 64.75599562717593,
        "3,56": 32.53174593870658,
        "3,57": 51.83923248322265,
        "3,58": 47.47703565498038,
        "3,59": 22.200508838905716,
        "3,60": 56.257818826950114,
        "4,0": 97.29469714378342,
        "4,1": 13.117434427060235,
        "4,2": 13.563997839690222,
        "4,3": 26.9527783483613,
        "4,4": 0.0,
        "4,5": 48.269435162278455,
        "4,6": 14.175251605009018,
        "4,7": 68.55505463962018,
        "4,8": 48.424514316750376,
        "4,9": 69.4926444382879,
        "4,10": 54.61524120600201,
        "4,11": 39.540802736586585,
        "4,12": 82.21600632808693,
        "4,13": 54.344926691249974,
        "4,14": 72.57051219125469,
        "4,15": 43.144459175962545,
        "4,16": 57.35947021194752,
        "4,17": 41.859880902026426,
        "4,18": 36.33614342301258,
        "4,19": 75.57333727174137,
        "4,20": 50.48853979552429,
        "4,21": 68.0328356012658,
        "4,22": 36.76763221692735,
        "4,23": 30.54554640494422,
        "4,24": 42.778777773252706,
        "4,25": 53.31664944816366,
        "4,26": 58.19493980336337,
        "4,27": 39.85287933281548,
        "4,28": 30.30413918121903,
        "4,29": 52.69166308621536,
        "4,30": 58.28113108636054,
        "4,31": 64.34356589468472,
        "4,32": 86.94037218034529,
        "4,33": 19.34452385706593,
        "4,34": 26.936112142733766,
        "4,35": 32.511321548787755,
        "4,36": 79.27320580476403,
        "4,37": 31.715350709566074,
        "4,38": 22.251585441738523,
        "4,39": 19.91998496670081,
        "4,40": 26.173567447823356,
        "4,41": 47.76188408859891,
        "4,42": 52.48620520007663,
        "4,43": 31.108911453166527,
        "4,44": 34.54652610421953,
        "4,45": 37.17480959240202,
        "4,46": 25.72036100960304,
        "4,47": 57.27568785928529,
        "4,48": 23.97079566224638,
        "4,49": 19.96507543094632,
        "4,50": 12.18894466732039,
        "4,51": 47.13415104262221,
        "4,52": 64.89744768055404,
        "4,53": 14.720947995281975,
        "4,54": 59.81324896780654,
        "4,55": 61.27060801717234,
        "4,56": 13.692044495646494,
        "4,57": 25.43052586614642,
        "4,58": 23.06084950460978,
        "4,59": 9.61922795176536,
        "4,60": 43.589140633696125,
        "5,0": 49.035599845055934,
        "5,1": 40.750691263485834,
        "5,2": 51.664873791069716,
        "5,3": 55.584046536762216,
        "5,4": 48.269435162278455,
        "5,5": 0.0,
        "5,6": 54.247312285102545,
        "5,7": 63.22421005876375,
        "5,8": 55.460356041722974,
        "5,9": 28.14366867120963,
        "5,10": 63.66442747242234,
        "5,11": 87.61074135089419,
        "5,12": 35.008581905792376,
        "5,13": 9.016914311038494,
        "5,14": 30.75861357078364,
        "5,15": 25.468924189642987,
        "5,16": 49.1094744987782,
        "5,17": 58.16468893238016,
        "5,18": 83.16829173526168,
        "5,19": 27.726694234980013,
        "5,20": 41.082955712768886,
        "5,21": 20.753004292483947,
        "5,22": 84.80364321620554,
        "5,23": 44.00783640314749,
        "5,24": 39.02403403621177,
        "5,25": 40.905561710960804,
        "5,26": 38.26583016399863,
        "5,27": 37.69569431118318,
        "5,28": 43.41664096319502,
        "5,29": 14.057789489505167,
        "5,30": 64.89024977785242,
        "5,31": 66.14146524282499,
        "5,32": 39.32225290391226,
        "5,33": 51.122754318103695,
        "5,34": 61.10497439206129,
        "5,35": 71.38424119404702,
        "5,36": 31.602381758521002,
        "5,37": 76.9187808019674,
        "5,38": 65.8733399055729,
        "5,39": 33.556265991898,
        "5,40": 66.82365342579803,
        "5,41": 33.37181459455431,
        "5,42": 48.643765695878095,
        "5,43": 36.81034221470436,
        "5,44": 41.06969690389242,
        "5,45": 36.3226328444325,
        "5,46": 27.698899101295233,
        "5,47": 58.73809293734863,
        "5,48": 50.99287737937731,
        "5,49": 51.12033538596394,
        "5,50": 44.20900878120673,
        "5,51": 21.38287177595017,
        "5,52": 48.098996001146716,
        "5,53": 46.455597044432686,
        "5,54": 11.878273977277294,
        "5,55": 14.088188801561492,
        "5,56": 61.72746591975396,
        "5,57": 47.41190004340103,
        "5,58": 64.58688547292884,
        "5,59": 56.14119614436964,
        "5,60": 11.041980834351897,
        "6,0": 102.2677851703522,
        "6,1": 26.691187317331433,
        "6,2": 2.658005200638391,
        "6,3": 40.658167562722966,
        "6,4": 14.175251605009018,
        "6,5": 54.247312285102545,
        "6,6": 0.0,
        "6,7": 59.34088194462766,
        "6,8": 38.17044845019437,
        "6,9": 70.7181201670697,
        "6,10": 68.76708841167016,
        "6,11": 39.68019759444525,
        "6,12": 85.75696362037313,
        "6,13": 61.68349593802378,
        "6,14": 73.74385086300218,
        "6,15": 54.67102917761834,
        "6,16": 50.10672250898123,
        "6,17": 55.9431172040307,
        "6,18": 39.880368791209456,
        "6,19": 81.96426480641252,
        "6,20": 63.74841327254373,
        "6,21": 72.13509343714357,
        "6,22": 37.29219572636508,
        "6,23": 44.595766466691074,
        "6,24": 56.16159466751979,
        "6,25": 47.91488812886092,
        "6,26": 54.17772981766248,
        "6,27": 34.50041988246584,
        "6,28": 44.32477085459139,
        "6,29": 61.521214411439274,
        "6,30": 72.45019828555166,
        "6,31": 78.5102799508684,
        "6,32": 90.76753278743827,
        "6,33": 33.24961046502883,
        "6,34": 39.61766899031482,
        "6,35": 42.94368861965171,
        "6,36": 85.84967754797317,
        "6,37": 37.94845572526306,
        "6,38": 31.44737453563543,
        "6,39": 20.99451555597542,
        "6,40": 36.568049758016556,
        "6,41": 60.272216547712596,
        "6,42": 66.28361101128988,
        "6,43": 44.517493261842745,
        "6,44": 48.335757428564214,
        "6,45": 32.3307007015282,
        "6,46": 36.98870054039403,
        "6,47": 71.39897568884307,
        "6,48": 38.0115093919423,
        "6,49": 8.421608350643123,
        "6,50": 26.284637540201214,
        "6,51": 47.20685224591692,
        "6,52": 59.089635117554344,
        "6,53": 28.893200787701232,
        "6,54": 66.12470275325501,
        "6,55": 68.12006626603392,
        "6,56": 14.038798616840298,
        "6,57": 15.98502709299088,
        "6,58": 10.621227492096116,
        "6,59": 19.747568619316493,
        "6,60": 46.996333632300484,
        "7,0": 88.77026136921687,
        "7,1": 74.29047071334878,
        "7,2": 57.82287499756965,
        "7,3": 93.44695955558504,
        "7,4": 68.55505463962018,
        "7,5": 63.22421005876375,
        "7,6": 59.34088194462766,
        "7,7": 0.0,
        "7,8": 21.414933443009524,
        "7,9": 52.128848909412845,
        "7,10": 115.43911703259548,
        "7,11": 96.82765019779767,
        "7,12": 70.59680652114118,
        "7,13": 71.60800513068497,
        "7,14": 53.449397650650596,
        "7,15": 83.79034151367537,
        "7,16": 14.300825276022278,
        "7,17": 104.98433848903957,
        "7,18": 98.78990050167901,
        "7,19": 80.0842199763074,
        "7,20": 99.11138523161294,
        "7,21": 64.54122517607408,
        "7,22": 94.88704645407319,
        "7,23": 89.96987810057404,
        "7,24": 93.9463664936345,
        "7,25": 22.365278246851993,
        "7,26": 26.157672194371276,
        "7,27": 31.11615969611698,
        "7,28": 89.43526726476807,
        "7,29": 77.23998573754264,
        "7,30": 118.11065904198009,
        "7,31": 121.89472268722096,
        "7,32": 75.27056006283033,
        "7,33": 85.84749020993252,
        "7,34": 95.05702373312208,
        "7,35": 100.9566715354793,
        "7,36": 83.56540596562503,
        "7,37": 97.2878041096981,
        "7,38": 90.02124994242854,
        "7,39": 52.053078733082145,
        "7,40": 94.55499292303034,
        "7,41": 92.18508935834284,
        "7,42": 105.27799624261458,
        "7,43": 85.40812113384041,
        "7,44": 90.62152746039172,
        "7,45": 33.88172196500765,
        "7,46": 72.85031977221516,
        "7,47": 114.01722418136686,
        "7,48": 89.28811725446211,
        "7,49": 50.93717576979963,
        "7,50": 76.40246461014588,
        "7,51": 41.84227387449488,
        "7,52": 17.987826617970985,
        "7,53": 79.93356314982029,
        "7,54": 70.0317342937922,
        "7,55": 73.26661508855163,
        "7,56": 73.35746308385637,
        "7,57": 43.73469480311866,
        "7,58": 61.73552428529977,
        "7,59": 77.41169889564338,
        "7,60": 52.679831586676556,
        "8,0": 91.9694067477704,
        "8,1": 55.861110605212154,
        "8,2": 36.83086749400397,
        "8,3": 74.40079319612767,
        "8,4": 48.424514316750376,
        "8,5": 55.460356041722974,
        "8,6": 38.17044845019437,
        "8,7": 21.414933443009524,
        "8,8": 0.0,
        "8,9": 54.74331700811522,
        "8,10": 98.60017668435013,
        "8,11": 75.44813808892349,
        "8,12": 73.42961983730866,
        "8,13": 64.461516612194,
        "8,14": 57.027386226295484,
        "8,15": 71.10200237520395,
        "8,16": 16.71642300342515,
        "8,17": 87.23203956694209,
        "8,18": 77.40221804436628,
        "8,19": 78.16372088162815,
        "8,20": 85.2762028159577,
        "8,21": 63.64227988287808,
        "8,22": 73.48402823116665,
        "8,23": 72.84015811481498,
        "8,24": 79.15915663143939,
        "8,25": 20.700139443840374,
        "8,26": 28.481648912332375,
        "8,27": 17.810117530415226,
        "8,28": 72.35764739236299,
        "8,29": 68.51716182412272,
        "8,30": 101.63331809693335,
        "8,31": 106.20049019902875,
        "8,32": 78.56033256080445,
        "8,33": 66.68186316011615,
        "8,34": 75.29783749376347,
        "8,35": 80.43691198587506,
        "8,36": 82.03081855826034,
        "8,37": 76.08874557628977,
        "8,38": 69.25355896352167,
        "8,39": 34.464079038590704,
        "8,40": 74.01463233473133,
        "8,41": 79.11061218316624,
        "8,42": 90.5418272339959,
        "8,43": 69.31873566428033,
        "8,44": 74.38017460702719,
        "8,45": 19.602226469872523,
        "8,46": 57.30323229232598,
        "8,47": 98.39901278094061,
        "8,48": 70.55285507657064,
        "8,49": 29.837421023256063,
        "8,50": 57.505325787246356,
        "8,51": 35.9173853316544,
        "8,52": 27.337815367874295,
        "8,53": 60.96717696319648,
        "8,54": 65.01741310825764,
        "8,55": 68.08169926365298,
        "8,56": 52.122060556269474,
        "8,57": 23.054847710661836,
        "8,58": 40.361707458215555,
        "8,59": 56.82951123328614,
        "8,60": 44.446952691257756,
        "9,0": 37.421670054724885,
        "9,1": 65.42871356020231,
        "9,2": 68.08614280275073,
        "9,3": 82.34761599002317,
        "9,4": 69.4926444382879,
        "9,5": 28.14366867120963,
        "9,6": 70.7181201670697,
        "9,7": 52.128848909412845,
        "9,8": 54.74331700811522,
        "9,9": 0.0,
        "9,10": 91.7233740274844,
        "9,11": 108.60258551105294,
        "9,12": 18.866631480383187,
        "9,13": 31.363368179366745,
        "9,14": 3.0781196932275763,
        "9,15": 53.32423808964835,
        "9,16": 41.09154103855741,
        "9,17": 86.20676477212355,
        "9,18": 105.79598444031326,
        "9,19": 29.457190457270546,
        "9,20": 68.47605535008398,
        "9,21": 14.48356744380095,
        "9,22": 105.90936586396408,
        "9,23": 71.72631794603642,
        "9,24": 67.06398464869602,
        "9,25": 34.32877858751492,
        "9,26": 27.208984845623075,
        "9,27": 40.96163379531274,
        "9,28": 71.12589654479035,
        "9,29": 38.77669310809808,
        "9,30": 92.80231023705818,
        "9,31": 93.58747943498214,
        "9,32": 23.8950719562367,
        "9,33": 76.97839936286218,
        "9,34": 87.29402175652162,
        "9,35": 97.03164766616888,
        "9,36": 32.419879551424806,
        "9,37": 100.5412767755714,
        "9,38": 89.9135764759194,
        "9,39": 50.55163248878637,
        "9,40": 91.839652137278,
        "9,41": 60.78193671121019,
        "9,42": 76.21663133230332,
        "9,43": 64.66328742443238,
        "9,44": 69.10679862196513,
        "9,45": 41.578817760172434,
        "9,46": 54.33435708085125,
        "9,47": 86.40957255090093,
        "9,48": 77.64402295677014,
        "9,49": 64.7896669292128,
        "9,50": 68.84466276760904,
        "9,51": 23.57991477616033,
        "9,52": 34.157983238111974,
        "9,53": 71.65964102350296,
        "9,54": 25.77052533258276,
        "9,55": 28.440617511177166,
        "9,56": 81.59935394185413,
        "9,57": 58.45375563058524,
        "9,58": 79.58676660483276,
        "9,59": 78.60689891759175,
        "9,60": 26.504832616010354,
        "10,0": 100.30972611374001,
        "10,1": 43.44691126937291,
        "10,2": 68.09799947238605,
        "10,3": 29.320062406965377,
        "10,4": 54.61524120600201,
        "10,5": 63.66442747242234,
        "10,6": 68.76708841167016,
        "10,7": 115.43911703259548,
        "10,8": 98.60017668435013,
        "10,9": 91.7233740274844,
        "10,10": 0.0,
        "10,11": 70.72526395662399,
        "10,12": 93.80037208324079,
        "10,13": 61.49610969979337,
        "10,14": 94.19485592553266,
        "10,15": 38.47292378635902,
        "10,16": 101.80602695545501,
        "10,17": 13.155701507406702,
        "10,18": 61.496951241690695,
        "10,19": 78.02996697775973,
        "10,20": 24.930023755007575,
        "10,21": 81.50418614205326,
        "10,22": 68.57248548615995,
        "10,23": 25.761384889094273,
        "10,24": 24.659473997180523,
        "10,25": 95.00921137354646,
        "10,26": 96.197852269329,
        "10,27": 84.33094731898294,
        "10,28": 26.24302524119948,
        "10,29": 54.46624250705497,
        "10,30": 4.075419330491048,
        "10,31": 11.47921952452894,
        "10,32": 96.43383632596421,
        "10,33": 35.82082159883075,
        "10,34": 33.66904483596191,
        "10,35": 40.11478736352163,
        "10,36": 79.85881947937229,
        "10,37": 53.62936809585146,
        "10,38": 47.044435908830515,
        "10,39": 64.17075512586928,
        "10,40": 42.269263393957075,
        "10,41": 31.896684555272007,
        "10,42": 17.458275675242874,
        "10,43": 30.152226882987815,
        "10,44": 24.925450782874535,
        "10,45": 81.59045096943755,
        "10,46": 42.784598883188565,
        "10,47": 9.334828857170887,
        "10,48": 30.89864938117115,
        "10,49": 73.9197731465763,
        "10,50": 42.804022511263334,
        "10,51": 79.23997555518292,
        "10,52": 105.50475267932285,
        "10,53": 39.90711673958936,
        "10,54": 68.34740505878831,
        "10,55": 67.06963763048189,
        "10,56": 61.82254469603092,
        "10,57": 77.5133548737994,
        "10,58": 76.46303368390004,
        "10,59": 51.390558483011056,
        "10,60": 69.09732495433295,
        "11,0": 136.63038891704792,
        "11,1": 48.10117188109412,
        "11,2": 42.015085138924704,
        "11,3": 44.44151319862852,
        "11,4": 39.540802736586585,
        "11,5": 87.61074135089419,
        "11,6": 39.68019759444525,
        "11,7": 96.82765019779767,
        "11,8": 75.44813808892349,
        "11,9": 108.60258551105294,
        "11,10": 70.72526395662399,
        "11,11": 0.0,
        "11,12": 121.75680655964727,
        "11,13": 93.07913714862879,
        "11,14": 111.67635063339894,
        "11,15": 77.83314815132788,
        "11,16": 89.20265407774902,
        "11,17": 58.673999355257735,
        "11,18": 9.533503138949653,
        "11,19": 114.51269928237916,
        "11,20": 79.34121676687847,
        "11,21": 107.5658488474067,
        "11,22": 2.8247008802410347,
        "11,23": 57.28453656024903,
        "11,24": 71.98737459279437,
        "11,25": 87.54506220997222,
        "11,26": 93.8503304853317,
        "11,27": 74.17899369663232,
        "11,28": 57.46186617046147,
        "11,29": 90.4237404307803,
        "11,30": 74.7723499780763,
        "11,31": 82.20173201030903,
        "11,32": 126.47238244643377,
        "11,33": 42.48296226581003,
        "11,34": 38.218361621709114,
        "11,35": 30.694583764956565,
        "11,36": 118.08963288183703,
        "11,37": 17.098600722347214,
        "11,38": 25.708926948909706,
        "11,39": 58.11596294294134,
        "11,40": 29.022735356933072,
        "11,41": 79.69248326700472,
        "11,42": 77.79187900079425,
        "11,43": 62.08534916800663,
        "11,44": 62.766381028681096,
        "11,45": 71.99598817416476,
        "11,46": 62.51558634026009,
        "11,47": 77.679467538316,
        "11,48": 46.1644411974767,
        "11,49": 47.629278041715104,
        "11,50": 44.953498412896614,
        "11,51": 85.60385074946547,
        "11,52": 98.58288717225365,
        "11,53": 44.09358268316088,
        "11,54": 98.93547517075895,
        "11,55": 100.14679810179231,
        "11,56": 27.05594054990336,
        "11,57": 55.327585188359166,
        "11,58": 35.09216444440761,
        "11,59": 31.62906510853709,
        "11,60": 83.05862068777365,
        "12,0": 18.56964476650334,
        "12,1": 75.69756343301366,
        "12,2": 83.09906971279416,
        "12,3": 90.23603280729228,
        "12,4": 82.21600632808693,
        "12,5": 35.008581905792376,
        "12,6": 85.75696362037313,
        "12,7": 70.59680652114118,
        "12,8": 73.42961983730866,
        "12,9": 18.866631480383187,
        "12,10": 93.80037208324079,
        "12,11": 121.75680655964727,
        "12,12": 0.0,
        "12,13": 33.03600182870812,
        "12,14": 17.16053810103161,
        "12,15": 56.10692999673304,
        "12,16": 59.94602048851242,
        "12,17": 90.83398787652804,
        "12,18": 117.84563703184676,
        "12,19": 18.232891462923078,
        "12,20": 69.0916098244536,
        "12,21": 14.309745563066596,
        "12,22": 118.98127069503569,
        "12,23": 77.86081559906826,
        "12,24": 69.8063524056634,
        "12,25": 53.15514795892648,
        "12,26": 46.0710503410641,
        "12,27": 58.803857681284114,
        "12,28": 77.29641163977111,
        "12,29": 39.49798562716303,
        "12,30": 94.0680475699793,
        "12,31": 93.34572516253891,
        "12,32": 5.206049446588895,
        "12,33": 86.08923182387711,
        "12,34": 95.96474126085701,
        "12,35": 106.33841336431377,
        "12,36": 19.151792205158777,
        "12,37": 111.80666680507136,
        "12,38": 100.8051504917117,
        "12,39": 64.87641657038243,
        "12,40": 101.83215891149368,
        "12,41": 61.904025677433864,
        "12,42": 76.90040794718709,
        "12,43": 70.55139917441734,
        "12,44": 74.1352771352011,
        "12,45": 59.04536585892697,
        "12,46": 62.62777603200039,
        "12,47": 87.00190479518788,
        "12,48": 85.73309482690802,
        "12,49": 80.74310836941332,
        "12,50": 79.16340766726381,
        "12,51": 40.1668804126594,
        "12,52": 52.61875196223612,
        "12,53": 81.46217272986596,
        "12,54": 25.985709504241477,
        "12,55": 26.78496273890924,
        "12,56": 95.21150226541673,
        "12,57": 75.06781691830189,
        "12,58": 95.32018808417385,
        "12,59": 90.63957374522124,
        "12,60": 38.94128641712395,
        "13,0": 44.220631474148355,
        "13,1": 45.25311180628813,
        "13,2": 59.16750230448283,
        "13,3": 57.763504167892044,
        "13,4": 54.344926691249974,
        "13,5": 9.016914311038494,
        "13,6": 61.68349593802378,
        "13,7": 71.60800513068497,
        "13,8": 64.461516612194,
        "13,9": 31.363368179366745,
        "13,10": 61.49610969979337,
        "13,11": 93.07913714862879,
        "13,12": 33.03600182870812,
        "13,13": 0.0,
        "13,14": 33.434705001392516,
        "13,15": 23.23409204955943,
        "13,16": 57.632907148865634,
        "13,17": 57.823171128459414,
        "13,18": 87.94113087138079,
        "13,19": 21.47168492376978,
        "13,20": 37.43694704074097,
        "13,21": 20.014821229801125,
        "13,22": 90.25578865744829,
        "13,23": 44.95435107441388,
        "13,24": 37.081017138163574,
        "13,25": 49.40906353993812,
        "13,26": 46.14768270567082,
        "13,27": 46.707911857731666,
        "13,28": 44.401811929487764,
        "13,29": 7.4155269107340365,
        "13,30": 62.17645768127209,
        "13,31": 62.44767558010251,
        "13,32": 36.5224140917151,
        "13,33": 54.34894046481629,
        "13,34": 63.790835858875916,
        "13,35": 74.38528087388848,
        "13,36": 25.01211685895788,
        "13,37": 81.23653531297087,
        "13,38": 70.11562786548822,
        "13,39": 41.46072100174125,
        "13,40": 70.39302565895149,
        "13,41": 29.85091407840926,
        "13,42": 45.259624416471155,
        "13,43": 37.65227439119903,
        "13,44": 41.10495021962733,
        "13,45": 45.33611983172156,
        "13,46": 31.154273869773803,
        "13,47": 55.483065822761716,
        "13,48": 53.41375552817442,
        "13,49": 59.198862569155494,
        "13,50": 48.60985162542965,
        "13,51": 29.90792908434257,
        "13,52": 55.86377595186921,
        "13,53": 50.36429897459847,
        "13,54": 7.05070648628646,
        "13,55": 7.143767267378767,
        "13,56": 68.00243989706247,
        "13,57": 55.93903229986529,
        "13,58": 72.1829848474105,
        "13,59": 61.45009356113087,
        "13,60": 20.018151327644574,
        "14,0": 35.55483084231926,
        "14,1": 68.4491960411886,
        "14,2": 71.11487225858292,
        "14,3": 85.26785491993823,
        "14,4": 72.57051219125469,
        "14,5": 30.75861357078364,
        "14,6": 73.74385086300218,
        "14,7": 53.449397650650596,
        "14,8": 57.027386226295484,
        "14,9": 3.0781196932275763,
        "14,10": 94.19485592553266,
        "14,11": 111.67635063339894,
        "14,12": 17.16053810103161,
        "14,13": 33.434705001392516,
        "14,14": 0.0,
        "14,15": 55.74646487513711,
        "14,16": 42.93799390370473,
        "14,17": 88.89981631804346,
        "14,18": 108.87265978489235,
        "14,19": 29.566758604557183,
        "14,20": 70.73440391535098,
        "14,21": 15.371727808984858,
        "14,22": 108.9843208016219,
        "14,23": 74.5126191049646,
