{
    "num_robots": 5,
    "num_tasks": 30,
    "num_nodes": 31,
    "robot_capacity": [
        86,
        79,
        69,
        90,
        86
    ],
    "robot_speed": [
        1.09,
        0.9,
        1.16,
        1.06,
        0.92
    ],
    "task_demand": {
        "0": 0,
        "1": 7,
        "2": 9,
        "3": 5,
        "4": 9,
        "5": 7,
        "6": 14,
        "7": 5,
        "8": 7,
        "9": 14,
        "10": 15,
        "11": 14,
        "12": 11,
        "13": 6,
        "14": 15,
        "15": 12,
        "16": 10,
        "17": 13,
        "18": 9,
        "19": 9,
        "20": 5,
        "21": 7,
        "22": 12,
        "23": 11,
        "24": 11,
        "25": 15,
        "26": 11,
        "27": 8,
        "28": 15,
        "29": 7,
        "30": 7
    },
    "task_service_time": {
        "0": 0,
        "1": 33,
        "2": 34,
        "3": 79,
        "4": 49,
        "5": 87,
        "6": 94,
        "7": 40,
        "8": 45,
        "9": 18,
        "10": 27,
        "11": 22,
        "12": 60,
        "13": 50,
        "14": 37,
        "15": 28,
        "16": 18,
        "17": 44,
        "18": 64,
        "19": 71,
        "20": 47,
        "21": 46,
        "22": 19,
        "23": 88,
        "24": 23,
        "25": 52,
        "26": 79,
        "27": 51,
        "28": 11,
        "29": 66,
        "30": 25
    },
    "task_precedence": [],
    "coordinates": {
        "0": [
            50.0,
            50.0
        ],
        "1": [
            11.254873778533769,
            48.236523239018794
        ],
        "2": [
            36.49410364932266,
            43.5881373183239
        ],
        "3": [
            75.49227250510756,
            12.8273881658459
        ],
        "4": [
            93.68397236889318,
            22.88075121941612
        ],
        "5": [
            6.40631005236505,
            90.71692668674426
        ],
        "6": [
            18.653181117669014,
            21.49309296195033
        ],
        "7": [
            62.882317747564066,
            9.38278956427665
        ],
        "8": [
            78.5770744406502,
            97.9925899774687
        ],
        "9": [
            63.17970913839546,
            92.28290906807949
        ],
        "10": [
            96.42454530012245,
            58.44220817292201
        ],
        "11": [
            27.92301970964185,
            16.5734146264499
        ],
        "12": [
            31.50438913926458,
            59.99845025902757
        ],
        "13": [
            85.89577371601092,
            91.3900852543994
        ],
        "14": [
            2.8088799680566656,
            1.305766306561773
        ],
        "15": [
            6.182671188268618,
            9.744886053538494
        ],
        "16": [
            58.78727371860029,
            63.73331631393846
        ],
        "17": [
            83.55207576773303,
            54.23153647808275
        ],
        "18": [
            97.23540411684472,
            95.33591428550736
        ],
        "19": [
            92.00522768903505,
            86.62791388972646
        ],
        "20": [
            26.246879800362944,
            62.454867408685985
        ],
        "21": [
            7.9090516257338095,
            42.90097369169097
        ],
        "22": [
            89.57407050867468,
            91.84591664255525
        ],
        "23": [
            56.227807436476,
            17.770074904753674
        ],
        "24": [
            86.75430948930308,
            54.99885255328062
        ],
        "25": [
            62.89286823432694,
            60.260769907704535
        ],
        "26": [
            49.64557958617225,
            28.25515674319575
        ],
        "27": [
            8.55352979528774,
            36.3159597388775
        ],
        "28": [
            31.66663855935972,
            77.29613672922615
        ],
        "29": [
            5.828652864450046,
            70.80402329715258
        ],
        "30": [
            58.67255690910822,
            14.095833949470403
        ]
    },
    "distance_matrix_str_keys": {
        "0,0": 0.0,
        "0,1": 38.7852376066445,
        "0,2": 14.950626049898716,
        "0,3": 45.073928473646006,
        "0,4": 51.41734236956849,
        "0,5": 59.6513027692123,
        "0,6": 42.37058889038089,
        "0,7": 42.61117100161691,
        "0,8": 55.85640407627304,
        "0,9": 44.289379451875185,
        "0,10": 47.1859013388329,
        "0,11": 40.05907722946318,
        "0,12": 21.02514277464014,
        "0,13": 54.78727706354378,
        "0,14": 67.80951411756656,
        "0,15": 59.50153361921006,
        "0,16": 16.303992038279816,
        "0,17": 33.817860507268094,
        "0,18": 65.47158563976056,
        "0,19": 55.73188700484574,
        "0,20": 26.820410910095212,
        "0,21": 42.68540862603057,
        "0,22": 57.59503273964898,
        "0,23": 32.82611242762406,
        "0,24": 37.092691906693894,
        "0,25": 16.47754382201946,
        "0,26": 21.747731424052557,
        "0,27": 43.64702567527508,
        "0,28": 32.881472321867896,
        "0,29": 48.8253550229563,
        "0,30": 36.936734873642024,
        "1,0": 38.7852376066445,
        "1,1": 0.0,
        "1,2": 25.66371399735893,
        "1,3": 73.35018910532561,
        "1,4": 86.24077613941829,
        "1,5": 42.7562071199989,
        "1,6": 27.74790108222106,
        "1,7": 64.61428318292445,
        "1,8": 83.71346892389151,
        "1,9": 68.09018014186202,
        "1,10": 85.77895401592056,
        "1,11": 35.782391420809894,
        "1,12": 23.417638642025494,
        "1,13": 86.21771197434884,
        "1,14": 47.684701505828684,
        "1,15": 38.824391461236615,
        "1,16": 49.994796125890076,
        "1,17": 72.54533478593665,
        "1,18": 98.03572937560702,
        "1,19": 89.4120715159114,
        "1,20": 20.662080134528352,
        "1,21": 6.297826200377165,
        "1,22": 89.64193086652543,
        "1,23": 54.32098338493255,
        "1,24": 75.80167472027985,
        "1,25": 53.01947735847578,
        "1,26": 43.27934033056704,
        "1,27": 12.222810375552765,
        "1,28": 35.51198780226204,
        "1,29": 23.2106857348573,
        "1,30": 58.42964434802808,
        "2,0": 14.950626049898716,
        "2,1": 25.66371399735893,
        "2,2": 0.0,
        "2,3": 49.66971776169045,
        "2,4": 60.823325486288155,
        "2,5": 55.91420312287438,
        "2,6": 28.39875880897935,
        "2,7": 43.201199731835366,
        "2,8": 68.7809632075973,
        "2,9": 55.527491714278135,
        "2,10": 61.74383578474323,
        "2,11": 28.341819313867386,
        "2,12": 17.152131695614703,
        "2,13": 68.74264492919366,
        "2,14": 54.0600887238749,
        "2,15": 45.43290210863092,
        "2,16": 30.0468578807017,
        "2,17": 48.24660283969269,
        "2,18": 79.79560140465863,
        "2,19": 70.24177716621774,
        "2,20": 21.469958102270784,
        "2,21": 28.593310284768506,
        "2,22": 71.7376898645065,
        "2,23": 32.4960214787921,
        "2,24": 51.539234697950995,
        "2,25": 31.222931461907184,
        "2,26": 20.200534959124006,
        "2,27": 28.871443227517783,
        "2,28": 34.05192569415417,
        "2,29": 41.000906349153404,
        "2,30": 36.900945069157515,
        "3,0": 45.073928473646006,
        "3,1": 73.35018910532561,
        "3,2": 49.66971776169045,
        "3,3": 0.0,
        "3,4": 20.78480340587681,
        "3,5": 104.11364184880028,
        "3,6": 57.49588462979606,
        "3,7": 13.071963070374196,
        "3,8": 85.22105140513092,
        "3,9": 80.40384952540879,
        "3,10": 50.18836367767802,
        "3,11": 47.71652256569487,
        "3,12": 64.49839518938286,
        "3,13": 79.24853444243041,
        "3,14": 73.5909187397695,
        "3,15": 69.37811365244477,
        "3,16": 53.57677206659591,
        "3,17": 42.18132200505259,
        "3,18": 85.3253810699031,
        "3,19": 75.62536139435998,
        "3,20": 69.91420026463177,
        "3,21": 73.9723751870287,
        "3,22": 80.26347162712185,
        "3,23": 19.8884329845139,
        "3,24": 43.64935149133447,
        "3,25": 49.078209945427446,
        "3,26": 30.100956432013987,
        "3,27": 70.94017387991718,
        "3,28": 77.95451065894153,
        "3,29": 90.6328313724495,
        "3,30": 16.86747721019057,
        "4,0": 51.41734236956849,
        "4,1": 86.24077613941829,
        "4,2": 60.823325486288155,
        "4,3": 20.78480340587681,
        "4,4": 0.0,
        "4,5": 110.54020554292474,
        "4,6": 75.04362218885953,
        "4,7": 33.629405231958245,
        "4,8": 76.61596887483734,
        "4,9": 75.81008896767159,
        "4,10": 35.6669028743377,
        "4,11": 66.06273828376527,
        "4,12": 72.41563472486783,
        "4,13": 68.9505974460967,
        "4,14": 93.40108346721931,
        "4,15": 88.48179847832257,
        "4,16": 53.72812719136541,
        "4,17": 32.94733775393134,
        "4,18": 72.54214859234754,
        "4,19": 63.76926322465361,
        "4,20": 78.19125351507255,
        "4,21": 88.08034023739151,
        "4,22": 69.08751938766923,
        "4,23": 37.80321816773924,
        "4,24": 32.85715539904752,
        "4,25": 48.42889520691643,
        "4,26": 44.36512451937039,
        "4,27": 86.18408832690255,
        "4,28": 82.50565964238056,
        "4,29": 100.07595701198436,
        "4,30": 36.09673093144945,
        "5,0": 59.6513027692123,
        "5,1": 42.7562071199989,
        "5,2": 55.91420312287438,
        "5,3": 104.11364184880028,
        "5,4": 110.54020554292474,
        "5,5": 0.0,
        "5,6": 70.29882649410371,
        "5,7": 99.01909566666696,
        "5,8": 72.53657359366628,
        "5,9": 56.79499224932011,
        "5,10": 95.62918033878077,
        "5,11": 77.20252052304097,
        "5,12": 39.66785055800792,
        "5,13": 79.49231394286674,
        "5,14": 89.4835018522532,
        "5,15": 80.97234946972368,
        "5,16": 58.92266612565023,
        "5,17": 85.33846065220968,
        "5,18": 90.94646433485815,
        "5,19": 85.69652692042771,
        "5,20": 34.53103245722098,
        "5,21": 47.83956096225671,
        "5,22": 83.17542303852997,
        "5,23": 88.33699557093097,
        "5,24": 87.9294139257268,
        "5,25": 64.17405037079718,
        "5,26": 75.96780327413717,
        "5,27": 54.4433261060278,
        "5,28": 28.604226949265847,
        "5,29": 19.921280311013184,
        "5,30": 92.74994562124516,
        "6,0": 42.37058889038089,
        "6,1": 27.74790108222106,
        "6,2": 28.39875880897935,
        "6,3": 57.49588462979606,
        "6,4": 75.04362218885953,
        "6,5": 70.29882649410371,
        "6,6": 0.0,
        "6,7": 45.85712567758288,
        "6,8": 97.17533655517397,
        "6,9": 83.62900072295568,
        "6,10": 86.10239370466688,
        "6,11": 10.494433879253384,
        "6,12": 40.59330102603016,
        "6,13": 96.99049330154614,
        "6,14": 25.66261943783153,
        "6,15": 17.132833491927993,
        "6,16": 58.26647284438942,
        "6,17": 72.68887267428971,
        "6,18": 107.8328708349868,
        "6,19": 98.09723560580754,
        "6,20": 41.659707458271875,
        "6,21": 23.952738379531315,
        "6,22": 99.89640810282192,
        "6,23": 37.758620293281304,
        "6,24": 75.89729646885853,
        "6,25": 58.82246757787497,
        "6,26": 31.721511146414716,
        "6,27": 17.93656422841925,
        "6,28": 57.30034701709227,
        "6,29": 50.95131377541487,
        "6,30": 40.69729572875999,
        "7,0": 42.61117100161691,
        "7,1": 64.61428318292445,
        "7,2": 43.201199731835366,
        "7,3": 13.071963070374196,
        "7,4": 33.629405231958245,
        "7,5": 99.01909566666696,
        "7,6": 45.85712567758288,
        "7,7": 0.0,
        "7,8": 89.98901108980418,
        "7,9": 82.9006529249567,
        "7,10": 59.42985431082517,
        "7,11": 35.69114187146477,
        "7,12": 59.55266166439324,
        "7,13": 85.17520591122083,
        "7,14": 60.61399369249657,
        "7,15": 56.70080276165902,
        "7,16": 54.5045791063912,
        "7,17": 49.38267911273113,
        "7,18": 92.56389248750669,
        "7,19": 82.55272930384088,
        "7,20": 64.48876460521065,
        "7,21": 64.3857799152951,
        "7,22": 86.6753540113254,
        "7,23": 10.70649629257668,
        "7,24": 51.48492199017527,
        "7,25": 50.8779814373468,
        "7,26": 23.051626408763205,
        "7,27": 60.63837774889277,
        "7,28": 74.74383820976715,
        "7,29": 83.83131055794878,
        "7,30": 6.319404536331158,
        "8,0": 55.85640407627304,
        "8,1": 83.71346892389151,
        "8,2": 68.7809632075973,
        "8,3": 85.22105140513092,
        "8,4": 76.61596887483734,
        "8,5": 72.53657359366628,
        "8,6": 97.17533655517397,
        "8,7": 89.98901108980418,
        "8,8": 0.0,
        "8,9": 16.4219156719952,
        "8,10": 43.39083909035557,
        "8,11": 95.890121365717,
        "8,12": 60.49291160481293,
        "8,13": 9.856796016014437,
        "8,14": 122.83794676404274,
        "8,15": 114.14292299618967,
        "8,16": 39.56430265493256,
        "8,17": 44.04293861200221,
        "8,18": 18.846516708342143,
        "8,19": 17.591792468120158,
        "8,20": 63.25645418821795,
        "8,21": 89.604997815685,
        "8,22": 12.598234622608121,
        "8,23": 83.27749792240314,
        "8,24": 43.764467673455684,
        "8,25": 40.86177394704648,
        "8,26": 75.50060257123356,
        "8,27": 93.31293330663746,
        "8,28": 51.27311353554955,
        "8,29": 77.6630607171681,
        "8,30": 86.2256080882294,
        "9,0": 44.289379451875185,
        "9,1": 68.09018014186202,
        "9,2": 55.527491714278135,
        "9,3": 80.40384952540879,
        "9,4": 75.81008896767159,
        "9,5": 56.79499224932011,
        "9,6": 83.62900072295568,
        "9,7": 82.9006529249567,
        "9,8": 16.4219156719952,
        "9,9": 0.0,
        "9,10": 47.43850934099408,
        "9,11": 83.51623613455486,
        "9,12": 45.22844434247889,
        "9,13": 22.73360341557559,
        "9,14": 109.18551881895237,
        "9,15": 100.3054713275258,
        "9,16": 28.885510820208342,
        "9,17": 43.16179187734103,
        "9,18": 34.19226815118903,
        "9,19": 29.37498068391643,
        "9,20": 47.47363428416609,
        "9,21": 74.11761682218172,
        "9,22": 26.397978606795892,
        "9,23": 74.8364309165292,
        "9,24": 44.11193321430982,
        "9,25": 32.023423834915995,
        "9,26": 65.44253762281087,
        "9,27": 78.20689794923994,
        "9,28": 34.8952283622834,
        "9,29": 61.24121316317779,
        "9,30": 78.31687644959412,
        "10,0": 47.1859013388329,
        "10,1": 85.77895401592056,
        "10,2": 61.74383578474323,
        "10,3": 50.18836367767802,
        "10,4": 35.6669028743377,
        "10,5": 95.62918033878077,
        "10,6": 86.10239370466688,
        "10,7": 59.42985431082517,
        "10,8": 43.39083909035557,
        "10,9": 47.43850934099408,
        "10,10": 0.0,
        "10,11": 80.28359036104683,
        "10,12": 64.93880631318024,
        "10,13": 34.58927052203526,
        "10,14": 109.67436247689477,
        "10,15": 102.54279606495365,
        "10,16": 38.00736819961606,
        "10,17": 13.543641607190228,
        "10,18": 36.902615662612234,
        "10,19": 28.530060899023162,
        "10,20": 70.29229096521536,
        "10,21": 89.86947529401371,
        "10,22": 34.098925853940166,
        "10,23": 57.18391521627698,
        "10,24": 10.26499676376808,
        "10,25": 33.580954924302134,
        "10,26": 55.67342011487947,
        "10,27": 90.61394062513757,
        "10,28": 67.44669826945974,
        "10,29": 91.4353881130363,
        "10,30": 58.239278277136,
        "11,0": 40.05907722946318,
        "11,1": 35.782391420809894,
        "11,2": 28.341819313867386,
        "11,3": 47.71652256569487,
        "11,4": 66.06273828376527,
        "11,5": 77.20252052304097,
        "11,6": 10.494433879253384,
        "11,7": 35.69114187146477,
        "11,8": 95.890121365717,
        "11,9": 83.51623613455486,
        "11,10": 80.28359036104683,
        "11,11": 0.0,
        "11,12": 43.57246753033476,
        "11,13": 94.64868943062054,
        "11,14": 29.39083360811073,
        "11,15": 22.78753071971254,
        "11,16": 56.36185325823747,
        "11,17": 67.17682650517722,
        "11,18": 104.9177677267053,
        "11,19": 94.94294205754645,
        "11,20": 45.91205892142103,
        "11,21": 33.07112463762681,
        "11,22": 97.29749032934771,
        "11,23": 28.330072433419776,
        "11,24": 70.26830677486966,
        "11,25": 55.95958646478714,
        "11,26": 24.664401603760883,
        "11,27": 27.65764319421495,
        "11,28": 60.83801165112938,
        "11,29": 58.55868819470603,
        "11,30": 30.849188708818723,
        "12,0": 21.02514277464014,
        "12,1": 23.417638642025494,
        "12,2": 17.152131695614703,
        "12,3": 64.49839518938286,
        "12,4": 72.41563472486783,
        "12,5": 39.66785055800792,
        "12,6": 40.59330102603016,
        "12,7": 59.55266166439324,
        "12,8": 60.49291160481293,
        "12,9": 45.22844434247889,
        "12,10": 64.93880631318024,
        "12,11": 43.57246753033476,
        "12,12": 0.0,
        "12,13": 62.80013904330286,
        "12,14": 65.33194774487374,
        "12,15": 56.27264091319159,
        "12,16": 27.53733856816014,
        "12,17": 52.36620072080946,
        "12,18": 74.62776087894919,
        "12,19": 66.10204080423016,
        "12,20": 5.803050030955607,
        "12,21": 29.138696905456435,
        "12,22": 66.22951765938464,
        "12,23": 48.933455808478676,
        "12,24": 55.475667421896866,
        "12,25": 31.389575204186006,
        "12,26": 36.561447920770654,
        "12,27": 32.97881595606499,
        "12,28": 17.298447389740275,
        "12,29": 27.856845513016744,
        "12,30": 53.340036783196865,
        "13,0": 54.78727706354378,
        "13,1": 86.21771197434884,
        "13,2": 68.74264492919366,
        "13,3": 79.24853444243041,
        "13,4": 68.9505974460967,
        "13,5": 79.49231394286674,
        "13,6": 96.99049330154614,
        "13,7": 85.17520591122083,
        "13,8": 9.856796016014437,
        "13,9": 22.73360341557559,
        "13,10": 34.58927052203526,
        "13,11": 94.64868943062054,
        "13,12": 62.80013904330286,
        "13,13": 0.0,
        "13,14": 122.55046484195634,
        "13,15": 114.10572845894555,
        "13,16": 38.72683359552724,
        "13,17": 37.2323873426707,
        "13,18": 12.00653090489707,
        "13,19": 7.746205777992943,
        "13,20": 66.29658646671876,
        "13,21": 91.83203560047495,
        "13,22": 3.706433534996761,
        "13,23": 79.37313240036306,
        "13,24": 36.40135850735518,
        "13,25": 38.70617437248558,
        "13,26": 72.80175665851604,
        "13,27": 94.94725902306027,
        "13,28": 56.030692346860896,
        "13,29": 82.67121499268085,
        "13,30": 81.94818373890386,
        "14,0": 67.80951411756656,
        "14,1": 47.684701505828684,
        "14,2": 54.0600887238749,
        "14,3": 73.5909187397695,
        "14,4": 93.40108346721931,
        "14,5": 89.4835018522532,
        "14,6": 25.66261943783153,
        "14,7": 60.61399369249657,
        "14,8": 122.83794676404274,
        "14,9": 109.18551881895237,
        "14,10": 109.67436247689477,
        "14,11": 29.39083360811073,
        "14,12": 65.33194774487374,
        "14,13": 122.55046484195634,
        "14,14": 0.0,
        "14,15": 9.088520743299851,
        "14,16": 83.84974398776909,
        "14,17": 96.54325878171677,
        "14,18": 133.25928557426704,
        "14,19": 123.43361501213928,
        "14,20": 65.48703995247455,
        "14,21": 41.90671817679929,
        "14,22": 125.40222132168971,
        "14,23": 55.8986159890631,
        "14,24": 99.64829475813491,
        "14,25": 84.17706395207699,
        "14,26": 54.03652538814582,
        "14,27": 35.47836870271334,
        "14,28": 81.2853407933292,
        "14,29": 69.56383221959523,
        "14,30": 57.30912869416489,
        "15,0": 59.50153361921006,
        "15,1": 38.824391461236615,
        "15,2": 45.43290210863092,
        "15,3": 69.37811365244477,
        "15,4": 88.48179847832257,
        "15,5": 80.97234946972368,
        "15,6": 17.132833491927993,
        "15,7": 56.70080276165902,
        "15,8": 114.14292299618967,
        "15,9": 100.3054713275258,
        "15,10": 102.54279606495365,
        "15,11": 22.78753071971254,
        "15,12": 56.27264091319159,
        "15,13": 114.10572845894555,
        "15,14": 9.088520743299851,
        "15,15": 0.0,
        "15,16": 75.37900774987854,
        "15,17": 89.24733514775919,
        "15,18": 124.96569244223912,
        "15,19": 115.22374396619517,
        "15,20": 56.399597531273535,
        "15,21": 33.20100204637971,
        "15,22": 117.02437653922404,
        "15,23": 50.68450767442956,
        "15,24": 92.41055341503214,
        "15,25": 75.94669822033316,
        "15,26": 47.24039084733473,
        "15,27": 26.676636357048313,
        "15,28": 72.19836605367485,
        "15,29": 61.060163526706184,
        "15,30": 52.66990460006469,
        "16,0": 16.303992038279816,
        "16,1": 49.994796125890076,
        "16,2": 30.0468578807017,
        "16,3": 53.57677206659591,
        "16,4": 53.72812719136541,
        "16,5": 58.92266612565023,
        "16,6": 58.26647284438942,
        "16,7": 54.5045791063912,
        "16,8": 39.56430265493256,
        "16,9": 28.885510820208342,
        "16,10": 38.00736819961606,
        "16,11": 56.36185325823747,
        "16,12": 27.53733856816014,
        "16,13": 38.72683359552724,
        "16,14": 83.84974398776909,
        "16,15": 75.37900774987854,
        "16,16": 0.0,
        "16,17": 26.52506815414059,
        "16,18": 49.76929705825689,
        "16,19": 40.34346371023688,
        "16,20": 32.56549812235948,
        "16,21": 54.97799543873673,
        "16,22": 41.69106803417106,
        "16,23": 46.03444828048155,
        "16,24": 29.299248232437886,
        "16,25": 5.377219064815278,
        "16,26": 36.63700831315176,
        "16,27": 57.228842991248555,
        "16,28": 30.322911289287187,
        "16,29": 53.428554350797384,
        "16,30": 49.63761492486577,
        "17,0": 33.817860507268094,
        "17,1": 72.54533478593665,
        "17,2": 48.24660283969269,
        "17,3": 42.18132200505259,
        "17,4": 32.94733775393134,
        "17,5": 85.33846065220968,
        "17,6": 72.68887267428971,
        "17,7": 49.38267911273113,
        "17,8": 44.04293861200221,
        "17,9": 43.16179187734103,
        "17,10": 13.543641607190228,
        "17,11": 67.17682650517722,
        "17,12": 52.36620072080946,
        "17,13": 37.2323873426707,
        "17,14": 96.54325878171677,
        "17,15": 89.24733514775919,
        "17,16": 26.52506815414059,
        "17,17": 0.0,
        "17,18": 43.32208847279992,
        "17,19": 33.48105504314747,
        "17,20": 57.89221585371305,
        "17,21": 76.48691884501194,
        "17,22": 38.093385460173934,
        "17,23": 45.563733603622616,
        "17,24": 3.2928824404793824,
        "17,25": 21.521024874694323,
        "17,26": 42.71326243031833,
        "17,27": 77.10868814783028,
        "17,28": 56.78093323510185,
        "17,29": 79.4706095809691,
        "17,30": 47.22144720465402,
        "18,0": 65.47158563976056,
        "18,1": 98.03572937560702,
        "18,2": 79.79560140465863,
        "18,3": 85.3253810699031,
        "18,4": 72.54214859234754,
        "18,5": 90.94646433485815,
        "18,6": 107.8328708349868,
        "18,7": 92.56389248750669,
        "18,8": 18.846516708342143,
        "18,9": 34.19226815118903,
        "18,10": 36.902615662612234,
        "18,11": 104.9177677267053,
        "18,12": 74.62776087894919,
        "18,13": 12.00653090489707,
        "18,14": 133.25928557426704,
        "18,15": 124.96569244223912,
        "18,16": 49.76929705825689,
        "18,17": 43.32208847279992,
        "18,18": 0.0,
        "18,19": 10.15795335483168,
        "18,20": 78.23384068513732,
        "18,21": 103.57905311617426,
        "18,22": 8.41879541285373,
        "18,23": 87.7387167921931,
        "18,24": 41.67651489485358,
        "18,25": 49.088445931458594,
        "18,26": 82.24730652921463,
        "18,27": 106.52619334168794,
        "18,28": 68.00512179985077,
        "18,29": 94.64147003286496,
        "18,30": 89.9279925149726,
        "19,0": 55.73188700484574,
        "19,1": 89.4120715159114,
        "19,2": 70.24177716621774,
        "19,3": 75.62536139435998,
        "19,4": 63.76926322465361,
        "19,5": 85.69652692042771,
        "19,6": 98.09723560580754,
        "19,7": 82.55272930384088,
        "19,8": 17.591792468120158,
        "19,9": 29.37498068391643,
        "19,10": 28.530060899023162,
        "19,11": 94.94294205754645,
        "19,12": 66.10204080423016,
        "19,13": 7.746205777992943,
        "19,14": 123.43361501213928,
        "19,15": 115.22374396619517,
        "19,16": 40.34346371023688,
        "19,17": 33.48105504314747,
        "19,18": 10.15795335483168,
        "19,19": 0.0,
        "19,20": 70.06066295163193,
        "19,21": 94.78508388745738,
        "19,22": 5.756568245417289,
        "19,23": 77.5978465526503,
        "19,24": 32.06196598720873,
        "19,25": 39.277929614336955,
        "19,26": 72.12294062423008,
        "19,27": 97.44474645575511,
        "19,28": 61.05593667394686,
        "19,29": 87.61733596716489,
        "19,30": 79.82461751729652,
        "20,0": 26.820410910095212,
        "20,1": 20.662080134528352,
        "20,2": 21.469958102270784,
        "20,3": 69.91420026463177,
        "20,4": 78.19125351507255,
        "20,5": 34.53103245722098,
        "20,6": 41.659707458271875,
        "20,7": 64.48876460521065,
        "20,8": 63.25645418821795,
        "20,9": 47.47363428416609,
        "20,10": 70.29229096521536,
        "20,11": 45.91205892142103,
        "20,12": 5.803050030955607,
        "20,13": 66.29658646671876,
        "20,14": 65.48703995247455,
        "20,15": 56.399597531273535,
        "20,16": 32.56549812235948,
        "20,17": 57.89221585371305,
        "20,18": 78.23384068513732,
        "20,19": 70.06066295163193,
        "20,20": 0.0,
        "20,21": 26.80728821902281,
        "20,22": 69.81523371066383,
        "20,23": 53.81065603615452,
        "20,24": 60.96508185089281,
        "20,25": 36.71161304200669,
        "20,26": 41.43813896966994,
        "20,27": 31.564174764642072,
        "20,28": 15.799906963350416,
        "20,29": 22.059292718860128,
        "20,30": 58.223883871398854,
        "21,0": 42.68540862603057,
        "21,1": 6.297826200377165,
        "21,2": 28.593310284768506,
        "21,3": 73.9723751870287,
        "21,4": 88.08034023739151,
        "21,5": 47.83956096225671,
        "21,6": 23.952738379531315,
        "21,7": 64.3857799152951,
        "21,8": 89.604997815685,
        "21,9": 74.11761682218172,
        "21,10": 89.86947529401371,
        "21,11": 33.07112463762681,
        "21,12": 29.138696905456435,
        "21,13": 91.83203560047495,
        "21,14": 41.90671817679929,
        "21,15": 33.20100204637971,
        "21,16": 54.97799543873673,
        "21,17": 76.48691884501194,
        "21,18": 103.57905311617426,
        "21,19": 94.78508388745738,
        "21,20": 26.80728821902281,
        "21,21": 0.0,
        "21,22": 95.20915265674014,
        "21,23": 54.46342109101685,
        "21,24": 79.76799709484017,
        "21,25": 57.65919365989192,
        "21,26": 44.23163709700659,
        "21,27": 6.616476469373986,
        "21,28": 41.80251400678455,
        "21,29": 27.980497427508368,
        "21,30": 58.3666817989856,
        "22,0": 57.59503273964898,
        "22,1": 89.64193086652543,
        "22,2": 71.7376898645065,
        "22,3": 80.26347162712185,
        "22,4": 69.08751938766923,
        "22,5": 83.17542303852997,
        "22,6": 99.89640810282192,
        "22,7": 86.6753540113254,
        "22,8": 12.598234622608121,
        "22,9": 26.397978606795892,
        "22,10": 34.098925853940166,
        "22,11": 97.29749032934771,
        "22,12": 66.22951765938464,
        "22,13": 3.706433534996761,
        "22,14": 125.40222132168971,
        "22,15": 117.02437653922404,
        "22,16": 41.69106803417106,
        "22,17": 38.093385460173934,
        "22,18": 8.41879541285373,
        "22,19": 5.756568245417289,
        "22,20": 69.81523371066383,
        "22,21": 95.20915265674014,
        "22,22": 0.0,
        "22,23": 81.2354823340399,
        "22,24": 36.95479920396645,
        "22,25": 41.34619751641873,
        "22,26": 75.08707699681982,
        "22,27": 98.22374525141005,
        "22,28": 59.70734268488976,
        "22,29": 86.34845830682161,
        "22,30": 83.6658765658122,
        "23,0": 32.82611242762406,
        "23,1": 54.32098338493255,
        "23,2": 32.4960214787921,
        "23,3": 19.8884329845139,
        "23,4": 37.80321816773924,
        "23,5": 88.33699557093097,
        "23,6": 37.758620293281304,
        "23,7": 10.70649629257668,
        "23,8": 83.27749792240314,
        "23,9": 74.8364309165292,
        "23,10": 57.18391521627698,
        "23,11": 28.330072433419776,
        "23,12": 48.933455808478676,
        "23,13": 79.37313240036306,
        "23,14": 55.8986159890631,
        "23,15": 50.68450767442956,
        "23,16": 46.03444828048155,
        "23,17": 45.563733603622616,
        "23,18": 87.7387167921931,
        "23,19": 77.5978465526503,
        "23,20": 53.81065603615452,
        "23,21": 54.46342109101685,
        "23,22": 81.2354823340399,
        "23,23": 0.0,
        "23,24": 48.144046493670594,
        "23,25": 43.01025688452514,
        "23,26": 12.379929912246764,
        "23,27": 51.15453638622568,
        "23,28": 64.39412281366324,
        "23,29": 73.16197416460682,
        "23,30": 4.413258046094343,
        "24,0": 37.092691906693894,
        "24,1": 75.80167472027985,
        "24,2": 51.539234697950995,
        "24,3": 43.64935149133447,
        "24,4": 32.85715539904752,
        "24,5": 87.9294139257268,
        "24,6": 75.89729646885853,
        "24,7": 51.48492199017527,
        "24,8": 43.764467673455684,
        "24,9": 44.11193321430982,
        "24,10": 10.26499676376808,
        "24,11": 70.26830677486966,
        "24,12": 55.475667421896866,
        "24,13": 36.40135850735518,
        "24,14": 99.64829475813491,
        "24,15": 92.41055341503214,
        "24,16": 29.299248232437886,
        "24,17": 3.2928824404793824,
        "24,18": 41.67651489485358,
        "24,19": 32.06196598720873,
        "24,20": 60.96508185089281,
        "24,21": 79.76799709484017,
        "24,22": 36.95479920396645,
        "24,23": 48.144046493670594,
        "24,24": 0.0,
        "24,25": 24.434732513564885,
        "24,26": 45.74148118071678,
        "24,27": 80.40156981468955,
        "24,28": 59.42912055641239,
        "24,29": 82.45462583995251,
        "24,30": 49.61493483699163,
        "25,0": 16.47754382201946,
        "25,1": 53.01947735847578,
        "25,2": 31.222931461907184,
        "25,3": 49.078209945427446,
        "25,4": 48.42889520691643,
        "25,5": 64.17405037079718,
        "25,6": 58.82246757787497,
        "25,7": 50.8779814373468,
        "25,8": 40.86177394704648,
        "25,9": 32.023423834915995,
        "25,10": 33.580954924302134,
        "25,11": 55.95958646478714,
        "25,12": 31.389575204186006,
        "25,13": 38.70617437248558,
        "25,14": 84.17706395207699,
        "25,15": 75.94669822033316,
        "25,16": 5.377219064815278,
        "25,17": 21.521024874694323,
        "25,18": 49.088445931458594,
        "25,19": 39.277929614336955,
        "25,20": 36.71161304200669,
        "25,21": 57.65919365989192,
        "25,22": 41.34619751641873,
        "25,23": 43.01025688452514,
        "25,24": 24.434732513564885,
        "25,25": 0.0,
        "25,26": 34.63885001791639,
        "25,27": 59.38112188240977,
        "25,28": 35.57079057959779,
        "25,29": 58.030034187598076,
        "25,30": 46.35744103927252,
        "26,0": 21.747731424052557,
        "26,1": 43.27934033056704,
        "26,2": 20.200534959124006,
        "26,3": 30.100956432013987,
        "26,4": 44.36512451937039,
        "26,5": 75.96780327413717,
        "26,6": 31.721511146414716,
        "26,7": 23.051626408763205,
        "26,8": 75.50060257123356,
        "26,9": 65.44253762281087,
        "26,10": 55.67342011487947,
        "26,11": 24.664401603760883,
        "26,12": 36.561447920770654,
        "26,13": 72.80175665851604,
        "26,14": 54.03652538814582,
        "26,15": 47.24039084733473,
        "26,16": 36.63700831315176,
        "26,17": 42.71326243031833,
        "26,18": 82.24730652921463,
        "26,19": 72.12294062423008,
        "26,20": 41.43813896966994,
        "26,21": 44.23163709700659,
        "26,22": 75.08707699681982,
        "26,23": 12.379929912246764,
        "26,24": 45.74148118071678,
        "26,25": 34.63885001791639,
        "26,26": 0.0,
        "26,27": 41.87520866756038,
        "26,28": 52.23274871606736,
        "26,29": 61.076420264805954,
        "26,30": 16.79204399606285,
        "27,0": 43.64702567527508,
        "27,1": 12.222810375552765,
        "27,2": 28.871443227517783,
        "27,3": 70.94017387991718,
        "27,4": 86.18408832690255,
        "27,5": 54.4433261060278,
        "27,6": 17.93656422841925,
        "27,7": 60.63837774889277,
        "27,8": 93.31293330663746,
        "27,9": 78.20689794923994,
        "27,10": 90.61394062513757,
        "27,11": 27.65764319421495,
        "27,12": 32.97881595606499,
        "27,13": 94.94725902306027,
        "27,14": 35.47836870271334,
        "27,15": 26.676636357048313,
        "27,16": 57.228842991248555,
        "27,17": 77.10868814783028,
        "27,18": 106.52619334168794,
        "27,19": 97.44474645575511,
        "27,20": 31.564174764642072,
        "27,21": 6.616476469373986,
        "27,22": 98.22374525141005,
        "27,23": 51.15453638622568,
        "27,24": 80.40156981468955,
        "27,25": 59.38112188240977,
        "27,26": 41.87520866756038,
        "27,27": 0.0,
        "27,28": 47.04881191805082,
        "27,29": 34.59554136428324,
        "27,30": 54.823816621363996,
        "28,0": 32.881472321867896,
        "28,1": 35.51198780226204,
        "28,2": 34.05192569415417,
        "28,3": 77.95451065894153,
        "28,4": 82.50565964238056,
        "28,5": 28.604226949265847,
        "28,6": 57.30034701709227,
        "28,7": 74.74383820976715,
        "28,8": 51.27311353554955,
        "28,9": 34.8952283622834,
        "28,10": 67.44669826945974,
        "28,11": 60.83801165112938,
        "28,12": 17.298447389740275,
        "28,13": 56.030692346860896,
        "28,14": 81.2853407933292,
        "28,15": 72.19836605367485,
        "28,16": 30.322911289287187,
        "28,17": 56.78093323510185,
        "28,18": 68.00512179985077,
        "28,19": 61.05593667394686,
        "28,20": 15.799906963350416,
        "28,21": 41.80251400678455,
        "28,22": 59.70734268488976,
        "28,23": 64.39412281366324,
        "28,24": 59.42912055641239,
        "28,25": 35.57079057959779,
        "28,26": 52.23274871606736,
        "28,27": 47.04881191805082,
        "28,28": 0.0,
        "28,29": 26.64111562200928,
        "28,30": 68.72843587166876,
        "29,0": 48.8253550229563,
        "29,1": 23.2106857348573,
        "29,2": 41.000906349153404,
        "29,3": 90.6328313724495,
        "29,4": 100.07595701198436,
        "29,5": 19.921280311013184,
        "29,6": 50.95131377541487,
        "29,7": 83.83131055794878,
        "29,8": 77.6630607171681,
        "29,9": 61.24121316317779,
        "29,10": 91.4353881130363,
        "29,11": 58.55868819470603,
        "29,12": 27.856845513016744,
        "29,13": 82.67121499268085,
        "29,14": 69.56383221959523,
        "29,15": 61.060163526706184,
        "29,16": 53.428554350797384,
        "29,17": 79.4706095809691,
        "29,18": 94.64147003286496,
        "29,19": 87.61733596716489,
        "29,20": 22.059292718860128,
        "29,21": 27.980497427508368,
        "29,22": 86.34845830682161,
        "29,23": 73.16197416460682,
        "29,24": 82.45462583995251,
        "29,25": 58.030034187598076,
        "29,26": 61.076420264805954,
        "29,27": 34.59554136428324,
        "29,28": 26.64111562200928,
        "29,29": 0.0,
        "29,30": 77.51320489938225,
        "30,0": 36.936734873642024,
        "30,1": 58.42964434802808,
        "30,2": 36.900945069157515,
        "30,3": 16.86747721019057,
        "30,4": 36.09673093144945,
        "30,5": 92.74994562124516,
        "30,6": 40.69729572875999,
        "30,7": 6.319404536331158,
        "30,8": 86.2256080882294,
        "30,9": 78.31687644959412,
        "30,10": 58.239278277136,
        "30,11": 30.849188708818723,
        "30,12": 53.340036783196865,
        "30,13": 81.94818373890386,
        "30,14": 57.30912869416489,
        "30,15": 52.66990460006469,
        "30,16": 49.63761492486577,
        "30,17": 47.22144720465402,
        "30,18": 89.9279925149726,
        "30,19": 79.82461751729652,
        "30,20": 58.223883871398854,
        "30,21": 58.3666817989856,
        "30,22": 83.6658765658122,
        "30,23": 4.413258046094343,
        "30,24": 49.61493483699163,
        "30,25": 46.35744103927252,
        "30,26": 16.79204399606285,
        "30,27": 54.823816621363996,
        "30,28": 68.72843587166876,
        "30,29": 77.51320489938225,
        "30,30": 0.0
    }
}