{
    "num_robots": 2,
    "num_tasks": 50,
    "num_nodes": 51,
    "robot_capacity": [
        347,
        346
    ],
    "robot_speed": [
        1.03,
        0.96
    ],
    "task_demand": {
        "0": 0,
        "1": 8,
        "2": 6,
        "3": 14,
        "4": 9,
        "5": 10,
        "6": 9,
        "7": 5,
        "8": 11,
        "9": 9,
        "10": 13,
        "11": 12,
        "12": 14,
        "13": 15,
        "14": 12,
        "15": 5,
        "16": 5,
        "17": 10,
        "18": 10,
        "19": 14,
        "20": 6,
        "21": 11,
        "22": 12,
        "23": 5,
        "24": 14,
        "25": 14,
        "26": 8,
        "27": 7,
        "28": 6,
        "29": 13,
        "30": 10,
        "31": 5,
        "32": 11,
        "33": 14,
        "34": 11,
        "35": 15,
        "36": 10,
        "37": 7,
        "38": 11,
        "39": 8,
        "40": 15,
        "41": 13,
        "42": 14,
        "43": 12,
        "44": 12,
        "45": 15,
        "46": 13,
        "47": 7,
        "48": 15,
        "49": 11,
        "50": 7
    },
    "task_service_time": {
        "0": 0,
        "1": 20,
        "2": 95,
        "3": 39,
        "4": 12,
        "5": 51,
        "6": 47,
        "7": 18,
        "8": 86,
        "9": 10,
        "10": 66,
        "11": 73,
        "12": 42,
        "13": 32,
        "14": 44,
        "15": 25,
        "16": 97,
        "17": 92,
        "18": 29,
        "19": 58,
        "20": 28,
        "21": 100,
        "22": 31,
        "23": 16,
        "24": 20,
        "25": 31,
        "26": 89,
        "27": 19,
        "28": 97,
        "29": 81,
        "30": 41,
        "31": 95,
        "32": 80,
        "33": 20,
        "34": 58,
        "35": 97,
        "36": 13,
        "37": 58,
        "38": 19,
        "39": 55,
        "40": 74,
        "41": 75,
        "42": 80,
        "43": 27,
        "44": 30,
        "45": 70,
        "46": 60,
        "47": 53,
        "48": 16,
        "49": 97,
        "50": 39
    },
    "task_precedence": [],
    "coordinates": {
        "0": [
            50.0,
            50.0
        ],
        "1": [
            46.568617920053846,
            44.36611302110675
        ],
        "2": [
            68.34602868195368,
            49.14309544885009
        ],
        "3": [
            0.3856194860879181,
            35.371811444557736
        ],
        "4": [
            46.314668497343305,
            94.48902791027575
        ],
        "5": [
            49.98415137531652,
            69.01965465528409
        ],
        "6": [
            38.961871905452426,
            91.49180213792964
        ],
        "7": [
            64.53022882533088,
            82.77139870836831
        ],
        "8": [
            66.45651225551566,
            83.8450774960262
        ],
        "9": [
            91.55151377205122,
            82.86452680302536
        ],
        "10": [
            98.4631231451903,
            69.64862825012482
        ],
        "11": [
            97.26152473620704,
            30.46411271235997
        ],
        "12": [
            62.88546669544256,
            64.72535348417681
        ],
        "13": [
            34.467289267991994,
            75.93380088801673
        ],
        "14": [
            19.456566387245143,
            17.7678208991075
        ],
        "15": [
            83.1997339144657,
            10.371003899726572
        ],
        "16": [
            9.972235451339607,
            99.19558454778638
        ],
        "17": [
            49.61914939370817,
            7.653011213384342
        ],
        "18": [
            89.67891620191195,
            91.21667433470022
        ],
        "19": [
            32.74884528895532,
            60.753853177307306
        ],
        "20": [
            57.654371439607154,
            96.39363616038354
        ],
        "21": [
            29.36088805513681,
            18.905169148403502
        ],
        "22": [
            76.7772819344438,
            31.23028461376226
        ],
        "23": [
            23.099769593768336,
            12.592058638194592
        ],
        "24": [
            11.676910074277513,
            11.691132341875432
        ],
        "25": [
            78.91102850522526,
            91.36243576512436
        ],
        "26": [
            92.71694490457413,
            23.097219246416334
        ],
        "27": [
            30.59149445958238,
            90.45170669476477
        ],
        "28": [
            25.940307164553943,
            24.316755352537523
        ],
        "29": [
            42.853064352878924,
            17.501262582231337
        ],
        "30": [
            9.56540678414084,
            0.5143484836730772
        ],
        "31": [
            44.498157502306256,
            28.538546245286756
        ],
        "32": [
            75.75712289343426,
            99.45898079696778
        ],
        "33": [
            30.622653487805096,
            95.34449091904577
        ],
        "34": [
            38.09595267029378,
            58.505802805587656
        ],
        "35": [
            53.957118465751996,
            74.95777260708522
        ],
        "36": [
            45.06941087059442,
            90.46583601522173
        ],
        "37": [
            11.140423418715805,
            60.33278464945556
        ],
        "38": [
            7.284546530072111,
            1.9618586113460568
        ],
        "39": [
            28.25104774358995,
            39.16088152460182
        ],
        "40": [
            41.69128938642138,
            83.50278077532316
        ],
        "41": [
            60.99465833844362,
            32.0849929581531
        ],
        "42": [
            4.907168724602617,
            65.07835828211037
        ],
        "43": [
            5.668781048841165,
            2.3219804959227486
        ],
        "44": [
            49.86598738440877,
            92.06253783750392
        ],
        "45": [
            48.35451063986817,
            83.8119864216132
        ],
        "46": [
            39.81014309204309,
            56.153540377291364
        ],
        "47": [
            60.67137568102218,
            97.44056802566584
        ],
        "48": [
            42.763773602490076,
            62.329578109830145
        ],
        "49": [
            0.018447195470627786,
            13.401782058238854
        ],
        "50": [
            20.436110918944916,
            17.365277785192223
        ]
    },
    "distance_matrix_str_keys": {
        "0,0": 0.0,
        "0,1": 6.596594990562822,
        "0,2": 18.36602988696383,
        "0,3": 51.725918592063984,
        "0,4": 44.64140760197609,
        "0,5": 19.01966125842345,
        "0,6": 42.934949825110344,
        "0,7": 35.84818158595106,
        "0,8": 37.63384203516772,
        "0,9": 52.97740479426804,
        "0,10": 52.294769309152535,
        "0,11": 51.14002945351601,
        "0,12": 19.56709705585674,
        "0,13": 30.229573784351214,
        "0,14": 44.40512027287815,
        "0,15": 51.697965761786115,
        "0,16": 63.42261011470115,
        "0,17": 42.348701355272574,
        "0,18": 57.212154601719774,
        "0,19": 20.328494706285593,
        "0,20": 47.02083451319767,
        "0,21": 37.3210590359115,
        "0,22": 32.70053582859248,
        "0,23": 46.07576882523635,
        "0,24": 54.186977796355414,
        "0,25": 50.46482598458045,
        "0,26": 50.48264052380594,
        "0,27": 44.8668102480185,
        "0,28": 35.1922985176789,
        "0,29": 33.27531551906259,
        "0,30": 63.90450715346573,
        "0,31": 22.155456847808942,
        "0,32": 55.763968305907916,
        "0,33": 49.31130108363696,
        "0,34": 14.630619405733604,
        "0,35": 25.269531061319057,
        "0,36": 40.765114909366176,
        "0,37": 40.209863599479114,
        "0,38": 64.2827581332497,
        "0,39": 24.300275997924835,
        "0,40": 34.51769099664051,
        "0,41": 21.019752360304622,
        "0,42": 47.54703272461009,
        "0,43": 65.10338330322591,
        "0,44": 42.0627513212413,
        "0,45": 33.852002319060276,
        "0,46": 11.90374911444257,
        "0,47": 48.62597817549113,
        "0,48": 14.296204700633735,
        "0,49": 61.94824595793335,
        "0,50": 44.034629913678124,
        "1,0": 6.596594990562822,
        "1,1": 0.0,
        "1,2": 22.29518290141347,
        "1,3": 47.05068336593648,
        "1,4": 50.12355820665742,
        "1,5": 24.889013316966462,
        "1,6": 47.73565920426881,
        "1,7": 42.39794140088342,
        "1,8": 44.20539533937511,
        "1,9": 59.20801282728093,
        "1,10": 57.72560306196242,
        "1,11": 52.56459277931853,
        "1,12": 26.090960622254084,
        "1,13": 33.80770729298083,
        "1,14": 37.980685645797415,
        "1,15": 49.97505480908051,
        "1,16": 65.92090835001736,
        "1,17": 36.83961979467142,
        "1,18": 63.666890244062955,
        "1,19": 21.43698073429204,
        "1,20": 53.19546122653953,
        "1,21": 30.730532536760613,
        "1,22": 32.94105902185747,
        "1,23": 39.501612292290716,
        "1,24": 47.8025693742831,
        "1,25": 57.04985428482421,
        "1,26": 50.81371789063725,
        "1,27": 48.77653553015687,
        "1,28": 28.766368341305938,
        "1,29": 27.120573876923967,
        "1,30": 57.37782574667222,
        "1,31": 15.962414491063074,
        "1,32": 62.34735681927149,
        "1,33": 53.41412542370809,
        "1,34": 16.4838370422619,
        "1,35": 31.471249999613462,
        "1,36": 46.12409437497155,
        "1,37": 38.85989666111013,
        "1,38": 57.804489938246924,
        "1,39": 19.04278897908304,
        "1,40": 39.43941044854636,
        "1,41": 18.94562092288606,
        "1,42": 46.52605133489334,
        "1,43": 58.65582439866517,
        "1,44": 47.81026652980182,
        "1,45": 39.486280416563275,
        "1,46": 13.587509914556987,
        "1,47": 54.91616838869515,
        "1,48": 18.361996576480497,
        "1,49": 55.9080332909848,
        "1,50": 37.57596340215392,
        "2,0": 18.36602988696383,
        "2,1": 22.29518290141347,
        "2,2": 0.0,
        "2,3": 69.34165761788792,
        "2,4": 50.414625084197674,
        "2,5": 27.05986223377482,
        "2,6": 51.54455963245487,
        "2,7": 33.844100056877366,
        "2,8": 34.753385882936826,
        "2,9": 40.93445334728551,
        "2,10": 36.4350964644211,
        "2,11": 34.42397867960119,
        "2,12": 16.511344666260054,
        "2,13": 43.191560312256776,
        "2,14": 58.09119878722983,
        "2,15": 41.51996678982258,
        "2,16": 76.89441722992393,
        "2,17": 45.52057883795594,
        "2,18": 47.172853742412535,
        "2,19": 37.44287863591269,
        "2,20": 48.44507335240706,
        "2,21": 49.33734261838518,
        "2,22": 19.797848959451763,
        "2,23": 58.16530111165151,
        "2,24": 67.92671451157534,
        "2,25": 43.52116632176934,
        "2,26": 35.66972420250106,
        "2,27": 55.962542985592734,
        "2,28": 49.13850201205808,
        "2,29": 40.63369066972028,
        "2,30": 76.28837750337104,
        "2,31": 31.51616105560956,
        "2,32": 50.85875181103411,
        "2,33": 59.64580437408756,
        "2,34": 31.6658710247975,
        "2,35": 29.55398947678333,
        "2,36": 47.427521805927654,
        "2,37": 58.28971108128377,
        "2,38": 77.1658843796998,
        "2,39": 41.31890718880652,
        "2,40": 43.48635536173436,
        "2,41": 18.57475454778776,
        "2,42": 65.40964419910482,
        "2,43": 78.23460983668126,
        "2,44": 46.728903917296634,
        "2,45": 40.019904983749846,
        "2,46": 29.38440240153226,
        "2,47": 48.903437057051285,
        "2,48": 28.78081131446904,
        "2,49": 77.11095820100972,
        "2,50": 57.49078113509111,
        "3,0": 51.725918592063984,
        "3,1": 47.05068336593648,
        "3,2": 69.34165761788792,
        "3,3": 0.0,
        "3,4": 74.86202525802291,
        "3,5": 59.93489566438278,
        "3,6": 68.09978418575696,
        "3,7": 79.75745595280537,
        "3,8": 81.9452280065512,
        "3,9": 102.7948359261294,
        "3,10": 103.89464324171698,
        "3,11": 97.00013672606896,
        "3,12": 69.04970189265381,
        "3,13": 52.97957344801893,
        "3,14": 25.953833990974427,
        "3,15": 86.5055947696456,
        "3,16": 64.53973364368365,
        "3,17": 56.5001978175319,
        "3,18": 105.31828687174418,
        "3,19": 41.12938641519496,
        "3,20": 83.68615800694091,
        "3,21": 33.327413598387864,
        "3,22": 76.50384523743722,
        "3,23": 32.169080699224956,
        "3,24": 26.23485860284277,
        "3,25": 96.44267661896181,
        "3,26": 93.14364856051685,
        "3,27": 62.818705364629714,
        "3,28": 27.843425212097316,
        "3,29": 46.074292074374064,
        "3,30": 36.045959813922835,
        "3,31": 44.638655037040216,
        "3,32": 98.93446720677332,
        "3,33": 67.1639822268653,
        "3,34": 44.24082713010714,
        "3,35": 66.61046332288407,
        "3,36": 70.93654034337328,
        "3,37": 27.17933021553135,
        "3,38": 34.11480826086592,
        "3,39": 28.12186238579298,
        "3,40": 63.42514150267539,
        "3,41": 60.69809524498223,
        "3,42": 30.04868270869825,
        "3,43": 33.46943563658497,
        "3,44": 75.24722763207336,
        "3,45": 68.1723189449425,
        "3,46": 44.56650445110245,
        "3,47": 86.52689144722527,
        "3,48": 50.22578152595344,
        "3,49": 21.97309734030941,
        "3,50": 26.949164386394894,
        "4,0": 44.64140760197609,
        "4,1": 50.12355820665742,
        "4,2": 50.414625084197674,
        "4,3": 74.86202525802291,
        "4,4": 0.0,
        "4,5": 25.732354703637665,
        "4,6": 7.940212846777968,
        "4,7": 21.658935157942295,
        "4,8": 22.781298259748713,
        "4,9": 46.706543400259555,
        "4,10": 57.76250321302376,
        "4,11": 81.8215859460311,
        "4,12": 34.06563764653387,
        "4,13": 22.01492322157032,
        "4,14": 81.28653796421023,
        "4,15": 91.84960541158969,
        "4,16": 36.64592903837146,
        "4,17": 86.89886874854726,
        "4,18": 43.48754162868681,
        "4,19": 36.360604692237324,
        "4,20": 11.498538837833529,
        "4,21": 77.46192856246994,
        "4,22": 70.21139096238164,
        "4,23": 85.12370473055911,
        "4,24": 89.75113268995769,
        "4,25": 32.745965617241595,
        "4,26": 85.14670633718114,
        "4,27": 16.233242572540284,
        "4,28": 73.07025684665795,
        "4,29": 77.06554816167215,
        "4,30": 100.90465108109828,
        "4,31": 65.97549351114503,
        "4,32": 29.858977754803224,
        "4,33": 15.715315842163221,
        "4,34": 36.9098872767237,
        "4,35": 20.973244270690177,
        "4,36": 4.211500870402935,
        "4,37": 49.02934295443572,
        "4,38": 100.42224593810309,
        "4,39": 58.20221797500498,
        "4,40": 11.919448834302836,
        "4,41": 64.10745416907892,
        "4,42": 50.7894528953267,
        "4,43": 100.7315878736948,
        "4,44": 4.301130073700179,
        "4,45": 10.870150455124431,
        "4,46": 38.88339562255073,
        "4,47": 14.656965245597515,
        "4,48": 32.354892458817964,
        "4,49": 93.37280946132361,
        "4,50": 81.34969315058787,
        "5,0": 19.01966125842345,
        "5,1": 24.889013316966462,
        "5,2": 27.05986223377482,
        "5,3": 59.93489566438278,
        "5,4": 25.732354703637665,
        "5,5": 0.0,
        "5,6": 25.029743450414358,
        "5,7": 20.01746321798428,
        "5,8": 22.16149443007653,
        "5,9": 43.81239666360168,
        "5,10": 48.48305179799664,
        "5,11": 61.00557225711124,
        "5,12": 13.597240879586275,
        "5,13": 16.987596292157843,
        "5,14": 59.654705670002954,
        "5,15": 67.4013290585756,
        "5,16": 50.115268739024145,
        "5,17": 61.36772892792949,
        "5,18": 45.47946830479776,
        "5,19": 19.114896022837332,
        "5,20": 28.428280624690853,
        "5,21": 54.19207181491416,
        "5,22": 46.323949888729345,
        "5,23": 62.50474842797061,
        "5,24": 68.9492872097676,
        "5,25": 36.55084251027701,
        "5,26": 62.729273203949944,
        "5,27": 28.90342534846656,
        "5,28": 50.75879874960518,
        "5,29": 52.009586846218674,
        "5,30": 79.54025325577521,
        "5,31": 40.85114768126672,
        "5,32": 39.88481712172561,
        "5,33": 32.67819769757769,
        "5,34": 15.870423723627214,
        "5,35": 7.144628213643184,
        "5,36": 22.002121923853,
        "5,37": 39.803227407643305,
        "5,38": 79.49845447686647,
        "5,39": 36.930666475666534,
        "5,40": 16.689293040024793,
        "5,41": 38.540893843638145,
        "5,42": 45.2489578000859,
        "5,43": 80.07766096384803,
        "5,44": 23.043186152921155,
        "5,45": 14.881828113903952,
        "5,46": 16.4026626241743,
        "5,47": 30.363877884209884,
        "5,48": 9.843321561666016,
        "5,49": 74.76576319686053,
        "5,50": 59.508498087658495,
        "6,0": 42.934949825110344,
        "6,1": 47.73565920426881,
        "6,2": 51.54455963245487,
        "6,3": 68.09978418575696,
        "6,4": 7.940212846777968,
        "6,5": 25.029743450414358,
        "6,6": 0.0,
        "6,7": 27.014557400716406,
        "6,8": 28.538178738812654,
        "6,9": 53.29259152416374,
        "6,10": 63.3839344360011,
        "6,11": 84.39922035664964,
        "6,12": 35.89959834329111,
        "6,13": 16.19421736229486,
        "6,14": 76.26062124754037,
        "6,15": 92.39898452868272,
        "6,16": 29.995787790288905,
        "6,17": 84.51343341239486,
        "6,18": 50.71779054214751,
        "6,19": 31.359579175159944,
        "6,20": 19.32453144627474,
        "6,21": 73.21883760105855,
        "6,22": 71.14390859361238,
        "6,23": 80.47841831242906,
        "6,24": 84.33632694176069,
        "6,25": 39.94936606119784,
        "6,26": 86.9909583924961,
        "6,27": 8.434750566390349,
        "6,28": 68.42549275614338,
        "6,29": 74.09278859920353,
        "6,30": 95.60883450309856,
        "6,31": 63.19622524877975,
        "6,32": 37.64792731417774,
        "6,33": 9.186173014991963,
        "6,34": 32.997363047296425,
        "6,35": 22.32110104656604,
        "6,36": 6.193112197891462,
        "6,37": 41.772208066454574,
        "6,38": 94.9687513385901,
        "6,39": 53.41579360511978,
        "6,40": 8.442403811569404,
        "6,41": 63.360971069927444,
        "6,42": 43.097480495503426,
        "6,43": 95.18238802664017,
        "6,44": 10.919041790248073,
        "6,45": 12.13265147574214,
        "6,46": 35.34844138387702,
        "6,47": 22.509783867655663,
        "6,48": 29.40900825901821,
        "6,49": 87.26191359458336,
        "6,50": 76.40644889501263,
        "7,0": 35.84818158595106,
        "7,1": 42.39794140088342,
        "7,2": 33.844100056877366,
        "7,3": 79.75745595280537,
        "7,4": 21.658935157942295,
        "7,5": 20.01746321798428,
        "7,6": 27.014557400716406,
        "7,7": 0.0,
        "7,8": 2.2053013382463136,
        "7,9": 27.021445427916507,
        "7,10": 36.381979349981705,
        "7,11": 61.7040509227194,
        "7,12": 18.120844094508392,
        "7,13": 30.830716481799247,
        "7,14": 79.1018341986273,
        "7,15": 74.76876078096004,
        "7,16": 56.97656115881527,
        "7,17": 76.5840220258947,
        "7,18": 26.528836332747876,
        "7,19": 38.66301398880522,
        "7,20": 15.259186347505485,
        "7,21": 72.90938079846899,
        "7,22": 52.976190425233774,
        "7,23": 81.49615159517201,
        "7,24": 88.57695845834868,
        "7,25": 16.751516860983244,
        "7,26": 65.99620184366007,
        "7,27": 34.79690821200561,
        "7,28": 70.04375335204612,
        "7,29": 68.7756507020485,
        "7,30": 98.93105666921649,
        "7,31": 57.81423845189969,
        "7,32": 20.112646429054546,
        "7,33": 36.16360481213378,
        "7,34": 35.88300573193121,
        "7,35": 13.146992641911941,
        "7,36": 20.92672456301967,
        "7,37": 57.91340710268272,
        "7,38": 99.03156018230729,
        "7,39": 56.72791366688309,
        "7,40": 22.85064713355048,
        "7,41": 50.8095658960318,
        "7,42": 62.19286916761641,
        "7,43": 99.68339342671574,
        "7,44": 17.359874520128663,
        "7,45": 16.209154253213377,
        "7,46": 36.326202950410064,
        "7,47": 15.168232462910254,
        "7,48": 29.86045214578562,
        "7,49": 94.73074307343256,
        "7,50": 78.88125181663511,
        "8,0": 37.63384203516772,
        "8,1": 44.20539533937511,
        "8,2": 34.753385882936826,
        "8,3": 81.9452280065512,
        "8,4": 22.781298259748713,
        "8,5": 22.16149443007653,
        "8,6": 28.538178738812654,
        "8,7": 2.2053013382463136,
        "8,8": 0.0,
        "8,9": 25.114151006483706,
        "8,10": 35.01374461314432,
        "8,11": 61.63177910113066,
        "8,12": 19.450352507895797,
        "8,13": 32.952976874843195,
        "8,14": 81.08759924301246,
        "8,15": 75.3576470064929,
        "8,16": 58.53299576168061,
        "8,17": 78.03030022086718,
        "8,18": 24.364328125387537,
        "8,19": 40.85843184540907,
        "8,20": 15.327883333842932,
        "8,21": 74.78821451949077,
        "8,22": 53.61748517796237,
        "8,23": 83.4074327059135,
        "8,24": 90.59247549572156,
        "8,25": 14.547358879200678,
        "8,26": 66.18090815960772,
        "8,27": 36.468439106606084,
        "8,28": 72.00822183745295,
        "8,29": 70.41750159021802,
        "8,30": 100.89900038893013,
        "8,31": 59.506148778565844,
        "8,32": 18.174029122055426,
        "8,33": 37.63378725637044,
        "8,34": 38.0315682272559,
        "8,35": 15.33685213140483,
        "8,36": 22.388446775477753,
        "8,37": 60.10572018621548,
        "8,38": 101.02565546795282,
        "8,39": 58.79060203965149,
        "8,40": 24.767588312165447,
        "8,41": 52.047461029133835,
        "8,42": 64.34680597465817,
        "8,43": 101.69151198474327,
        "8,44": 18.514107322865325,
        "8,45": 18.10203186142678,
        "8,46": 38.42980897160864,
        "8,47": 14.775153736156629,
        "8,48": 32.00410252948793,
        "8,49": 96.83116420377361,
        "8,50": 80.85444396427228,
        "9,0": 52.97740479426804,
        "9,1": 59.20801282728093,
        "9,2": 40.93445334728551,
        "9,3": 102.7948359261294,
        "9,4": 46.706543400259555,
        "9,5": 43.81239666360168,
        "9,6": 53.29259152416374,
        "9,7": 27.021445427916507,
        "9,8": 25.114151006483706,
        "9,9": 0.0,
        "9,10": 14.914097984371113,
        "9,11": 52.71060255853639,
        "9,12": 33.923028515885356,
        "9,13": 57.50342293236819,
        "9,14": 97.13527967715504,
        "9,15": 72.97302987899486,
        "9,16": 83.19784912118129,
        "9,17": 86.1109473856196,
        "9,18": 8.559497067617581,
        "9,19": 62.822254885636696,
        "9,20": 36.49730206891091,
        "9,21": 89.21027608214858,
        "9,22": 53.706358030040064,
        "9,23": 98.10127961971872,
        "9,24": 106.98413151023311,
        "9,25": 15.2314255573458,
        "9,26": 59.778669124453984,
        "9,27": 61.43036100566388,
        "9,28": 87.93561266239209,
        "9,29": 81.51009315065843,
        "9,30": 116.20358689929586,
        "9,31": 71.87023375367122,
        "9,32": 22.909358056995192,
        "9,33": 62.19385435776064,
        "9,34": 58.74388859691764,
        "9,35": 38.41686244816604,
        "9,36": 47.099530697036045,
        "9,37": 83.5082202917008,
        "9,38": 116.81679454895918,
        "9,39": 76.9217629155927,
        "9,40": 49.864309319577565,
        "9,41": 59.2645127499832,
        "9,42": 88.45106171977653,
        "9,43": 117.7410104663541,
        "9,44": 42.68824799877859,
        "9,45": 43.20739241531115,
        "9,46": 58.229255840013536,
        "9,47": 34.14738505720662,
        "9,48": 52.93323822216784,
        "9,49": 114.9059405966119,
        "9,50": 96.68273964291514,
        "10,0": 52.294769309152535,
        "10,1": 57.72560306196242,
        "10,2": 36.4350964644211,
        "10,3": 103.89464324171698,
        "10,4": 57.76250321302376,
        "10,5": 48.48305179799664,
        "10,6": 63.3839344360011,
        "10,7": 36.381979349981705,
        "10,8": 35.01374461314432,
        "10,9": 14.914097984371113,
        "10,10": 0.0,
        "10,11": 39.202934796591514,
        "10,12": 35.91668515992667,
        "10,13": 64.30373355199578,
        "10,14": 94.5180098295546,
        "10,15": 61.21117381193998,
        "10,16": 93.29340722313457,
        "10,17": 78.92521969308454,
        "10,18": 23.288256773075734,
        "10,19": 66.31352303838538,
        "10,20": 48.79190162196731,
        "10,21": 85.73224326966537,
        "10,22": 44.11626499126314,
        "10,23": 94.52559015630457,
        "10,24": 104.35956166611959,
        "10,25": 29.219408645771736,
        "10,26": 46.904714524272315,
        "10,27": 70.9882106635382,
        "10,28": 85.52506964723415,
        "10,29": 76.23533554058329,
        "10,30": 112.61595185867594,
        "10,31": 67.83993189326007,
        "10,32": 37.47291777270369,
        "10,33": 72.54382593739213,
        "10,34": 61.3869516268127,
        "10,35": 44.821551360135096,
        "10,36": 57.30832967028041,
        "10,37": 87.81821467959912,
        "10,38": 113.55629272608401,
        "10,39": 76.54566109584299,
        "10,40": 58.437818666722606,
        "10,41": 53.05574946528112,
        "10,42": 93.66751825007223,
        "10,43": 114.64583473860999,
        "10,44": 53.51695943477203,
        "10,45": 52.07181350694819,
        "10,46": 60.18545892331785,
        "10,47": 46.910639442271055,
        "10,48": 56.17816332380444,
        "10,49": 113.38016550252073,
        "10,50": 93.9242427320743,
        "11,0": 51.14002945351601,
        "11,1": 52.56459277931853,
        "11,2": 34.42397867960119,
        "11,3": 97.00013672606896,
        "11,4": 81.8215859460311,
        "11,5": 61.00557225711124,
        "11,6": 84.39922035664964,
        "11,7": 61.7040509227194,
        "11,8": 61.63177910113066,
        "11,9": 52.71060255853639,
        "11,10": 39.202934796591514,
        "11,11": 0.0,
        "11,12": 48.533967338827885,
        "11,13": 77.52811458322134,
        "11,14": 78.83404955659043,
        "11,15": 24.524823809168026,
        "11,16": 111.10101369709139,
        "11,17": 52.82179739342568,
        "11,18": 61.22393074493514,
        "11,19": 71.26958809266209,
        "11,20": 76.91182389167385,
        "11,21": 68.8774682897784,
        "11,22": 20.49856635338401,
        "11,23": 76.284836256211,
        "11,24": 87.61935322074433,
        "11,25": 63.60303815512378,
        "11,26": 8.655883847686935,
        "11,27": 89.68502867749945,
        "11,28": 71.58565553525679,
        "11,29": 55.93135117964129,
        "11,30": 92.66929092863849,
        "11,31": 52.79849172162583,
        "11,32": 72.26846560310993,
        "11,33": 93.00646556828015,
        "11,34": 65.47443242343837,
        "11,35": 62.088303030958315,
        "11,36": 79.52498694796658,
        "11,37": 91.15361570131725,
        "11,38": 94.3834471501547,
        "11,39": 69.5563061305164,
        "11,40": 76.81895187207229,
        "11,41": 36.30306944439304,
        "11,42": 98.62795278561327,
        "11,43": 95.8186323314361,
        "11,44": 77.72195917991047,
        "11,45": 72.37327999419344,
        "11,46": 62.933361157458606,
        "11,47": 76.3196211613757,
        "11,48": 63.130125642437285,
        "11,49": 98.72861417514294,
        "11,50": 77.9340983436824,
        "12,0": 19.56709705585674,
        "12,1": 26.090960622254084,
        "12,2": 16.511344666260054,
        "12,3": 69.04970189265381,
        "12,4": 34.06563764653387,
        "12,5": 13.597240879586275,
        "12,6": 35.89959834329111,
        "12,7": 18.120844094508392,
        "12,8": 19.450352507895797,
        "12,9": 33.923028515885356,
        "12,10": 35.91668515992667,
        "12,11": 48.533967338827885,
        "12,12": 0.0,
        "12,13": 30.548684120641052,
        "12,14": 63.96154507559362,
        "12,15": 58.02641442821108,
        "12,16": 63.15066801127718,
        "12,17": 58.59391971036569,
        "12,18": 37.67862811808706,
        "12,19": 30.397183495932797,
        "12,20": 32.09742178486862,
        "12,21": 56.774877063489,
        "12,22": 36.261579795540634,
        "12,23": 65.58034862185687,
        "12,24": 73.72207866978245,
        "12,25": 31.08621533350652,
        "12,26": 51.21346163128302,
        "12,27": 41.288568542472355,
        "12,28": 54.752165397609,
        "12,29": 51.297289452071034,
        "12,30": 83.46305740936836,
        "12,31": 40.590370255869566,
        "12,32": 37.041927590004775,
        "12,33": 44.479441243413795,
        "12,34": 25.557832776794417,
        "12,35": 13.580051664757404,
        "12,36": 31.304700702692145,
        "12,37": 51.93114830887229,
        "12,38": 83.84938050986274,
        "12,39": 43.04747614790376,
        "12,40": 28.31580702506139,
        "12,41": 32.695080539917676,
        "12,42": 57.979372607703056,
        "12,43": 84.66362900734386,
        "12,44": 30.27917584575627,
        "12,45": 23.988502262072675,
        "12,46": 24.61598138082205,
        "12,47": 32.79005125820623,
        "12,48": 20.263816831270894,
        "12,49": 81.15646077006565,
        "12,50": 63.59972150924266,
        "13,0": 30.229573784351214,
        "13,1": 33.80770729298083,
        "13,2": 43.191560312256776,
        "13,3": 52.97957344801893,
        "13,4": 22.01492322157032,
        "13,5": 16.987596292157843,
        "13,6": 16.19421736229486,
        "13,7": 30.830716481799247,
        "13,8": 32.952976874843195,
        "13,9": 57.50342293236819,
        "13,10": 64.30373355199578,
        "13,11": 77.52811458322134,
        "13,12": 30.548684120641052,
        "13,13": 0.0,
        "13,14": 60.0716491322884,
        "13,15": 81.690461561613,
        "13,16": 33.78044168619799,
        "13,17": 69.94172648613024,
        "13,18": 57.287782026167655,
        "13,19": 15.276906172682995,
        "13,20": 30.923221678952185,
        "13,21": 57.25679148746522,
        "13,22": 61.55111572276932,
        "13,23": 64.35368532404935,
        "13,24": 68.16540064961598,
        "13,25": 47.045602680359934,
        "13,26": 78.64303364793292,
        "13,27": 15.026355992405584,
        "13,28": 52.316620815990085,
        "13,29": 59.03120155164884,
        "13,30": 79.42416226949197,
        "13,31": 48.44510790764525,
        "13,32": 47.521410443769625,
        "13,33": 19.787776827197725,
        "13,34": 17.80175034226567,
        "13,35": 19.51425308237639,
        "13,36": 17.98846929048408,
        "13,37": 28.063042921714263,
        "13,38": 78.80831013883646,
        "13,39": 37.294627725691484,
        "13,40": 10.463060462671379,
        "13,41": 51.24860258260732,
        "13,42": 31.49033757694315,
        "13,43": 79.04463408155169,
        "13,44": 22.299238984016718,
        "13,45": 15.966237024836596,
        "13,46": 20.48913841178635,
        "13,47": 33.89978137768173,
        "13,48": 15.93444475691271,
        "13,49": 71.39310960495567,
        "13,50": 60.225790690607425,
        "14,0": 44.40512027287815,
        "14,1": 37.980685645797415,
        "14,2": 58.09119878722983,
        "14,3": 25.953833990974427,
        "14,4": 81.28653796421023,
        "14,5": 59.654705670002954,
        "14,6": 76.26062124754037,
        "14,7": 79.1018341986273,
        "14,8": 81.08759924301246,
        "14,9": 97.13527967715504,
        "14,10": 94.5180098295546,
        "14,11": 78.83404955659043,
        "14,12": 63.96154507559362,
        "14,13": 60.0716491322884,
        "14,14": 0.0,
        "14,15": 64.17089923108165,
        "14,16": 81.97824849389552,
        "14,17": 31.813374366768628,
        "14,18": 101.61649710798248,
        "14,19": 44.99426240559217,
        "14,20": 87.413335002839,
        "14,21": 9.969410651650632,
        "14,22": 58.880407268558,
        "14,23": 6.329411077304996,
        "14,24": 9.87163594190407,
        "14,25": 94.60972678861134,
        "14,26": 73.45396890057484,
        "14,27": 73.53185620894028,
        "14,28": 9.215608332750458,
        "14,29": 23.39801637729578,
        "14,30": 19.88761797411241,
        "14,31": 27.259673696813316,
        "14,32": 99.21289365986846,
        "14,33": 78.37615219261328,
        "14,34": 44.79966395880003,
        "14,35": 66.79055824053715,
        "14,36": 77.07800726764417,
        "14,37": 43.36974029137671,
        "14,38": 19.949599275312565,
        "14,39": 23.13019552993817,
        "14,40": 69.39357215749726,
        "14,41": 43.93625494639406,
        "14,42": 49.497191029534385,
        "14,43": 20.704516664210306,
        "14,44": 80.27725612114047,
        "14,45": 72.08968706820579,
        "14,46": 43.44803268890224,
        "14,47": 89.70176776304311,
        "14,48": 50.28892635443471,
        "14,49": 19.92241885097305,
        "14,50": 1.0590318447258968,
        "15,0": 51.697965761786115,
        "15,1": 49.97505480908051,
        "15,2": 41.51996678982258,
        "15,3": 86.5055947696456,
        "15,4": 91.84960541158969,
        "15,5": 67.4013290585756,
        "15,6": 92.39898452868272,
        "15,7": 74.76876078096004,
        "15,8": 75.3576470064929,
        "15,9": 72.97302987899486,
        "15,10": 61.21117381193998,
        "15,11": 24.524823809168026,
        "15,12": 58.02641442821108,
        "15,13": 81.690461561613,
        "15,14": 64.17089923108165,
        "15,15": 0.0,
        "15,16": 115.11764703324515,
        "15,17": 33.6904013184579,
        "15,18": 81.10488413896125,
        "15,19": 71.30023607556338,
        "15,20": 89.73549356316111,
        "15,21": 54.51103833129856,
        "15,22": 21.825615256909217,
        "15,23": 60.14099097537691,
        "15,24": 71.53500590045661,
        "15,25": 81.10490139131309,
        "15,26": 15.891314045117944,
        "15,27": 95.81516486803945,
        "15,28": 58.93323285983969,
        "15,29": 40.971872468698656,
        "15,30": 74.29110167393208,
        "15,31": 42.753615188238044,
        "15,32": 89.39832261543704,
        "15,33": 99.92418567300884,
        "15,34": 65.96445973575317,
        "15,35": 70.89838679645109,
        "15,36": 88.7079684528923,
        "15,37": 87.68536802002303,
        "15,38": 76.37950903278106,
        "15,39": 62.033983956865804,
        "15,40": 84.09047363476897,
        "15,41": 31.05740977876808,
        "15,42": 95.51240959963626,
        "15,43": 77.94764544235235,
        "15,44": 88.2306373933517,
        "15,45": 81.28817563973625,
        "15,46": 63.07691525476504,
        "15,47": 89.9368440728015,
        "15,48": 65.83889671234253,
        "15,49": 83.23648284540728,
        "15,50": 63.15213566229389,
        "16,0": 63.42261011470115,
        "16,1": 65.92090835001736,
        "16,2": 76.89441722992393,
        "16,3": 64.53973364368365,
        "16,4": 36.64592903837146,
        "16,5": 50.115268739024145,
        "16,6": 29.995787790288905,
        "16,7": 56.97656115881527,
        "16,8": 58.53299576168061,
        "16,9": 83.19784912118129,
        "16,10": 93.29340722313457,
        "16,11": 111.10101369709139,
        "16,12": 63.15066801127718,
        "16,13": 33.78044168619799,
        "16,14": 81.97824849389552,
        "16,15": 115.11764703324515,
        "16,16": 0.0,
        "16,17": 99.75931293788041,
        "16,18": 80.10504331477605,
        "16,19": 44.68266628632459,
        "16,20": 47.764390576760306,
        "16,21": 82.59824849714545,
        "16,22": 95.3005573474341,
        "16,23": 87.59282420743133,
        "16,24": 87.52105501778782,
        "16,25": 69.38238542726673,
        "16,26": 112.41729468387398,
        "16,27": 22.396634612315363,
        "16,28": 76.56251286295146,
        "16,29": 88.06310890869158,
        "16,30": 98.68207466761991,
        "16,31": 78.64131455634707,
        "16,32": 65.78541474637936,
        "16,33": 21.006443945087558,
        "16,34": 49.46313585327429,
        "16,35": 50.22092652932978,
        "16,36": 36.16656234495834,
        "16,37": 38.88035338142935,
        "16,38": 97.27086476031911,
        "16,39": 62.75572122043765,
        "16,40": 35.38873369841965,
        "16,41": 84.30373147602087,
        "16,42": 34.49115870784325,
        "16,43": 96.96914396750977,
        "16,44": 40.526433332682146,
        "16,45": 41.35038258535868,
        "16,46": 52.372877510692454,
        "16,47": 50.72950722234481,
        "16,48": 49.339511600762606,
        "16,49": 86.369291106609,
        "16,50": 82.49661686797717,
        "17,0": 42.348701355272574,
        "17,1": 36.83961979467142,
        "17,2": 45.52057883795594,
        "17,3": 56.5001978175319,
        "17,4": 86.89886874854726,
        "17,5": 61.36772892792949,
        "17,6": 84.51343341239486,
        "17,7": 76.5840220258947,
        "17,8": 78.03030022086718,
        "17,9": 86.1109473856196,
        "17,10": 78.92521969308454,
        "17,11": 52.82179739342568,
        "17,12": 58.59391971036569,
        "17,13": 69.94172648613024,
        "17,14": 31.813374366768628,
        "17,15": 33.6904013184579,
        "17,16": 99.75931293788041,
        "17,17": 0.0,
        "17,18": 92.66968604123157,
        "17,19": 55.71630441678955,
        "17,20": 89.10366608232725,
        "17,21": 23.173437609825385,
        "17,22": 35.96459347881375,
        "17,23": 26.975390533558205,
        "17,24": 38.15651906059194,
        "17,25": 88.68642478230355,
        "17,26": 45.781475944578155,
        "17,27": 84.95690452053046,
        "17,28": 28.954584059321927,
        "17,29": 11.948554799796083,
        "17,30": 40.68492107159652,
        "17,31": 21.50418869710334,
        "17,32": 95.45433311198727,
        "17,33": 89.72548394782511,
        "17,34": 52.14202216491582,
        "17,35": 67.44441327443673,
        "17,36": 82.93771200297557,
        "17,37": 65.23626968132334,
        "17,38": 42.715428331710186,
        "17,39": 38.0702201159684,
        "17,40": 76.26295632149568,
        "17,41": 26.95039769147146,
        "17,42": 72.77933567516338,
        "17,43": 44.27250575876643,
        "17,44": 84.40988753636391,
        "17,45": 76.1694743052972,
        "17,46": 49.482501288891015,
