{
    "num_robots": 3,
    "num_tasks": 30,
    "num_nodes": 31,
    "robot_capacity": [
        150,
        126,
        125
    ],
    "robot_speed": [
        1.16,
        1.08,
        0.93
    ],
    "task_demand": {
        "0": 0,
        "1": 7,
        "2": 13,
        "3": 15,
        "4": 6,
        "5": 7,
        "6": 9,
        "7": 5,
        "8": 15,
        "9": 13,
        "10": 14,
        "11": 15,
        "12": 8,
        "13": 6,
        "14": 13,
        "15": 12,
        "16": 13,
        "17": 5,
        "18": 14,
        "19": 15,
        "20": 5,
        "21": 12,
        "22": 7,
        "23": 13,
        "24": 12,
        "25": 5,
        "26": 13,
        "27": 12,
        "28": 15,
        "29": 10,
        "30": 15
    },
    "task_service_time": {
        "0": 0,
        "1": 78,
        "2": 99,
        "3": 80,
        "4": 56,
        "5": 24,
        "6": 20,
        "7": 27,
        "8": 58,
        "9": 20,
        "10": 20,
        "11": 86,
        "12": 26,
        "13": 59,
        "14": 95,
        "15": 97,
        "16": 15,
        "17": 51,
        "18": 77,
        "19": 55,
        "20": 24,
        "21": 83,
        "22": 74,
        "23": 95,
        "24": 74,
        "25": 36,
        "26": 16,
        "27": 15,
        "28": 67,
        "29": 21,
        "30": 33
    },
    "task_precedence": [],
    "coordinates": {
        "0": [
            50.0,
            50.0
        ],
        "1": [
            14.680210606936273,
            49.729732951465934
        ],
        "2": [
            4.62799133148687,
            34.250678438691494
        ],
        "3": [
            75.76374535632861,
            34.933470677669206
        ],
        "4": [
            6.714701351443308,
            91.81407123362116
        ],
        "5": [
            2.246941308974715,
            66.40668653852829
        ],
        "6": [
            17.16973078894215,
            2.574178908244651
        ],
        "7": [
            3.007267257114643,
            62.26257631475708
        ],
        "8": [
            99.86753972260594,
            63.21547318938252
        ],
        "9": [
            75.868356933366,
            42.80659897574724
        ],
        "10": [
            90.28111759984682,
            61.115505674230995
        ],
        "11": [
            37.63099873225379,
            89.45434107827484
        ],
        "12": [
            57.016307693517355,
            8.018751891282882
        ],
        "13": [
            85.99407859497282,
            3.1490211425128867
        ],
        "14": [
            33.70572490208367,
            77.9532449348865
        ],
        "15": [
            49.542299456722475,
            11.519501456573423
        ],
        "16": [
            67.348073620759,
            9.690191593479137
        ],
        "17": [
            4.467702646029359,
            57.38984567381111
        ],
        "18": [
            45.381572572676234,
            68.72002317748263
        ],
        "19": [
            73.18570577996167,
            54.009704899651126
        ],
        "20": [
            52.54877321816155,
            36.695155597880444
        ],
        "21": [
            21.953246642203705,
            61.92829611035897
        ],
        "22": [
            32.39063564568554,
            84.64192475898321
        ],
        "23": [
            34.24421149565471,
            16.375780885910395
        ],
        "24": [
            8.879700832690652,
            67.20766942939129
        ],
        "25": [
            22.718472802423605,
            62.12227848111637
        ],
        "26": [
            38.3193278602332,
            84.70969201812302
        ],
        "27": [
            66.10041716128396,
            14.108253267437687
        ],
        "28": [
            59.35032960244774,
            90.55540136778963
        ],
        "29": [
            44.1700409117594,
            11.6328786658081
        ],
        "30": [
            91.30391286752815,
            5.148360837751509
        ]
    },
    "distance_matrix_str_keys": {
        "0,0": 0.0,
        "0,1": 35.32082341973217,
        "0,2": 48.02770346640705,
        "0,3": 29.84578497219327,
        "0,4": 60.18333350874716,
        "0,5": 50.49291017085499,
        "0,6": 57.68045667899761,
        "0,7": 48.566322781527234,
        "0,8": 51.58895472487274,
        "0,9": 26.849895879271962,
        "0,10": 41.786635441089906,
        "0,11": 41.34775957996216,
        "0,12": 42.563526245081896,
        "0,13": 59.081197633475455,
        "0,14": 32.35563789135263,
        "0,15": 38.483220472538044,
        "0,16": 43.88435156319043,
        "0,17": 46.12808170098933,
        "0,18": 19.28131581783109,
        "0,19": 23.52986795324687,
        "0,20": 13.546775612012981,
        "0,21": 30.477936642913715,
        "0,22": 38.860682752237565,
        "0,23": 37.13264039125104,
        "0,24": 44.5755862642347,
        "0,25": 29.853498317715424,
        "0,26": 36.62240873604134,
        "0,27": 39.33752554853653,
        "0,28": 41.61933737791753,
        "0,29": 38.807530486274985,
        "0,30": 60.97280339388128,
        "1,0": 35.32082341973217,
        "1,1": 0.0,
        "1,2": 18.456658445427202,
        "1,3": 62.85004053105457,
        "1,4": 42.83154055536901,
        "1,5": 20.801609706478622,
        "1,6": 47.2212239131916,
        "1,7": 17.126872721455477,
        "1,8": 86.24816654066325,
        "1,9": 61.578559863887094,
        "1,10": 76.4534692387806,
        "1,11": 45.877915889910994,
        "1,12": 59.431902691461666,
        "1,13": 85.17881473725636,
        "1,14": 34.03728577417921,
        "1,15": 51.72414358753234,
        "1,16": 66.15941857816415,
        "1,17": 12.766074015554723,
        "1,18": 36.09992727720832,
        "1,19": 58.66183704350001,
        "1,20": 40.04907291095379,
        "1,21": 14.20218280095708,
        "1,22": 39.14741743535623,
        "1,23": 38.66828479730065,
        "1,24": 18.415324519744765,
        "1,25": 14.77121673484821,
        "1,26": 42.21854332897011,
        "1,27": 62.55339684598606,
        "1,28": 60.51573954528495,
        "1,29": 48.17696957956063,
        "1,30": 88.64925542643495,
        "2,0": 48.02770346640705,
        "2,1": 18.456658445427202,
        "2,2": 0.0,
        "2,3": 71.139030819406,
        "2,4": 57.60120266774599,
        "2,5": 32.244042180323405,
        "2,6": 34.06898664652487,
        "2,7": 28.058744967378303,
        "2,8": 99.54662682730124,
        "2,9": 71.75230635544628,
        "2,10": 89.76734919746154,
        "2,11": 64.31673861694175,
        "2,12": 58.588818571778965,
        "2,13": 87.10771058372589,
        "2,14": 52.492179493301265,
        "2,15": 50.33886650850394,
        "2,16": 67.35745123181931,
        "2,17": 23.139722401047052,
        "2,18": 53.37593194225137,
        "2,19": 71.34829596481974,
        "2,20": 47.983088741889524,
        "2,21": 32.652947670317936,
        "2,22": 57.53296555044787,
        "2,23": 34.59237573996446,
        "2,24": 33.23011117711907,
        "2,25": 33.227873973144945,
        "2,26": 60.673043507825554,
        "2,27": 64.68830210462679,
        "2,28": 78.51596098860395,
        "2,29": 45.55368867144543,
        "2,30": 91.43117774516506,
        "3,0": 29.84578497219327,
        "3,1": 62.85004053105457,
        "3,2": 71.139030819406,
        "3,3": 0.0,
        "3,4": 89.460456055144,
        "3,5": 79.97051827993404,
        "3,6": 66.93565796301583,
        "3,7": 77.71991456714623,
        "3,8": 37.159986126535905,
        "3,9": 7.873823263196058,
        "3,10": 29.93748575645689,
        "3,11": 66.53293676319666,
        "3,12": 32.80043454393937,
        "3,13": 33.39028227533585,
        "3,14": 60.162929297629965,
        "3,15": 35.15363679269034,
        "3,16": 26.60914635389819,
        "3,17": 74.7490099206415,
        "3,18": 45.43795278044948,
        "3,19": 19.24964935133179,
        "3,20": 23.28171954847779,
        "3,21": 60.20207946578118,
        "3,22": 65.9708803422054,
        "3,23": 45.47812157966505,
        "3,24": 74.26371467214419,
        "3,25": 59.607316749631146,
        "3,26": 62.28769230398367,
        "3,27": 22.957996253779527,
        "3,28": 57.99309778246292,
        "3,29": 39.256588601583786,
        "3,30": 33.595380254613936,
        "4,0": 60.18333350874716,
        "4,1": 42.83154055536901,
        "4,2": 57.60120266774599,
        "4,3": 89.460456055144,
        "4,4": 0.0,
        "4,5": 25.797210640716923,
        "4,6": 89.8502421965782,
        "4,7": 29.783148247011106,
        "4,8": 97.44398958735157,
        "4,9": 84.75824689933995,
        "4,10": 89.02666933006994,
        "4,11": 31.006221474806633,
        "4,12": 97.73385874034359,
        "4,13": 118.93994603908564,
        "4,14": 30.342014731967236,
        "4,15": 91.00231368019442,
        "4,16": 102.0820133025302,
        "4,17": 34.49748264112632,
        "4,18": 45.03845008055502,
        "4,19": 76.469369970264,
        "4,20": 71.68582150427932,
        "4,21": 33.54657683425767,
        "4,22": 26.658831312266972,
        "4,23": 80.30448044390641,
        "4,24": 24.701462153180497,
        "4,25": 33.73015353527031,
        "4,26": 32.393280488362194,
        "4,27": 97.80008889587371,
        "4,28": 52.650675315793315,
        "4,29": 88.49817005551753,
        "4,30": 121.1044180174022,
        "5,0": 50.49291017085499,
        "5,1": 20.801609706478622,
        "5,2": 32.244042180323405,
        "5,3": 79.97051827993404,
        "5,4": 25.797210640716923,
        "5,5": 0.0,
        "5,6": 65.55363205981531,
        "5,7": 4.213281986074512,
        "5,8": 97.67274480260717,
        "5,9": 77.31155781324225,
        "5,10": 88.19304275367222,
        "5,11": 42.228259489557594,
        "5,12": 80.05519599960562,
        "5,13": 104.95291913498194,
        "5,14": 33.51086504342392,
        "5,15": 72.45311579597181,
        "5,16": 86.34186833239266,
        "5,17": 9.286290976261212,
        "5,18": 43.19661955131009,
        "5,19": 72.01384213069609,
        "5,20": 58.421309162472234,
        "5,21": 20.208771628022518,
        "5,22": 35.23018906026183,
        "5,23": 59.38785077623666,
        "5,24": 6.68094847240268,
        "5,25": 20.915060461057386,
        "5,26": 40.45018023556248,
        "5,27": 82.53721888355675,
        "5,28": 61.99965630953238,
        "5,29": 68.97620103472407,
        "5,30": 108.09128850579701,
        "6,0": 57.68045667899761,
        "6,1": 47.2212239131916,
        "6,2": 34.06898664652487,
        "6,3": 66.93565796301583,
        "6,4": 89.8502421965782,
        "6,5": 65.55363205981531,
        "6,6": 0.0,
        "6,7": 61.34557977758546,
        "6,8": 102.54898426859394,
        "6,9": 71.16302646550963,
        "6,10": 93.6608873593226,
        "6,11": 89.25707851223194,
        "6,12": 40.216825657675365,
        "6,13": 68.82674839420919,
        "6,14": 77.17151479891193,
        "6,15": 33.585740986969334,
        "6,16": 50.68040771228822,
        "6,17": 56.268097905447064,
        "6,18": 71.91092219489838,
        "6,19": 76.04868695912623,
        "6,20": 49.151985651275325,
        "6,21": 59.54656373595984,
        "6,22": 83.46730409974586,
        "6,23": 21.95500190284224,
        "6,24": 65.1629702639674,
        "6,25": 59.806059063215486,
        "6,26": 84.81478627044322,
        "6,27": 50.27173102442237,
        "6,28": 97.56996680199215,
        "6,29": 28.47940989602818,
        "6,30": 74.17886063473301,
        "7,0": 48.566322781527234,
        "7,1": 17.126872721455477,
        "7,2": 28.058744967378303,
        "7,3": 77.71991456714623,
        "7,4": 29.783148247011106,
        "7,5": 4.213281986074512,
        "7,6": 61.34557977758546,
        "7,7": 0.0,
        "7,8": 96.86495958055669,
        "7,9": 75.4140135719271,
        "7,10": 87.28138819187038,
        "7,11": 44.02493443739613,
        "7,12": 76.54651485825909,
        "7,13": 101.88828814504258,
        "7,14": 34.47596820288984,
        "7,15": 68.85033673034408,
        "7,16": 83.08787516121733,
        "7,17": 5.086882682390874,
        "7,18": 42.863508617020095,
        "7,19": 70.66203450297262,
        "7,20": 55.7499221075888,
        "7,21": 18.948928152148135,
        "7,22": 36.9353160897068,
        "7,23": 55.50986110674829,
        "7,24": 7.677201444012988,
        "7,25": 19.711704835745262,
        "7,26": 41.84273685406603,
        "7,27": 79.36992121059195,
        "7,28": 63.04779634477004,
        "7,29": 65.25136181695756,
        "7,30": 105.1586003881983,
        "8,0": 51.58895472487274,
        "8,1": 86.24816654066325,
        "8,2": 99.54662682730124,
        "8,3": 37.159986126535905,
        "8,4": 97.44398958735157,
        "8,5": 97.67274480260717,
        "8,6": 102.54898426859394,
        "8,7": 96.86495958055669,
        "8,8": 0.0,
        "8,9": 31.503696945268782,
        "8,10": 9.813732861679958,
        "8,11": 67.54158143347345,
        "8,12": 69.87779424445847,
        "8,13": 61.64780276018632,
        "8,14": 67.7833877610706,
        "8,15": 72.1464018591246,
        "8,16": 62.62963711750154,
        "8,17": 95.57754365010402,
        "8,18": 54.7633151556287,
        "8,19": 28.22528002247397,
        "8,20": 54.243828300151,
        "8,21": 77.9249247099513,
        "8,22": 70.79707204871087,
        "8,23": 80.6249215978913,
        "8,24": 91.07537788379426,
        "8,25": 77.15681176231269,
        "8,26": 65.19343392177852,
        "8,27": 59.59645639241981,
        "8,28": 48.878584152177616,
        "8,29": 75.91426368982144,
        "8,30": 58.69518925576396,
        "9,0": 26.849895879271962,
        "9,1": 61.578559863887094,
        "9,2": 71.75230635544628,
        "9,3": 7.873823263196058,
        "9,4": 84.75824689933995,
        "9,5": 77.31155781324225,
        "9,6": 71.16302646550963,
        "9,7": 75.4140135719271,
        "9,8": 31.503696945268782,
        "9,9": 0.0,
        "9,10": 23.301153072821094,
        "9,11": 60.316725752183274,
        "9,12": 39.56758857087141,
        "9,13": 40.92986341007473,
        "9,14": 54.890566238493065,
        "9,15": 40.88940906197877,
        "9,16": 34.1949070131128,
        "9,17": 72.8747179542834,
        "9,18": 40.011867920834234,
        "9,19": 11.519817687492798,
        "9,20": 24.107109424634483,
        "9,21": 57.20558031360238,
        "9,22": 60.33661186840632,
        "9,23": 49.30677061335277,
        "9,24": 71.29440570941208,
        "9,25": 56.55091208713383,
        "9,26": 56.2654315797273,
        "9,27": 30.315139679451775,
        "9,28": 50.52517547499736,
        "9,29": 44.4587907681704,
        "9,30": 40.69888557018048,
        "10,0": 41.786635441089906,
        "10,1": 76.4534692387806,
        "10,2": 89.76734919746154,
        "10,3": 29.93748575645689,
        "10,4": 89.02666933006994,
        "10,5": 88.19304275367222,
        "10,6": 93.6608873593226,
        "10,7": 87.28138819187038,
        "10,8": 9.813732861679958,
        "10,9": 23.301153072821094,
        "10,10": 0.0,
        "10,11": 59.79234573780464,
        "10,12": 62.656307267435174,
        "10,13": 58.12479705250785,
        "10,14": 59.02782837201392,
        "10,15": 64.18266851772731,
        "10,16": 56.30708156573871,
        "10,17": 85.89425317490567,
        "10,18": 45.53897045503093,
        "10,19": 18.513387316736207,
        "10,20": 44.94533691485259,
        "10,21": 68.33270503863717,
        "10,22": 62.48840129045122,
        "10,23": 71.70619094516674,
        "10,24": 81.6290702563734,
        "10,25": 67.57014550456039,
        "10,26": 57.067619734610595,
        "10,27": 52.86197170495525,
        "10,28": 42.70153515492926,
        "10,29": 67.63698521511276,
        "10,30": 55.97648980873188,
        "11,0": 41.34775957996216,
        "11,1": 45.877915889910994,
        "11,2": 64.31673861694175,
        "11,3": 66.53293676319666,
        "11,4": 31.006221474806633,
        "11,5": 42.228259489557594,
        "11,6": 89.25707851223194,
        "11,7": 44.02493443739613,
        "11,8": 67.54158143347345,
        "11,9": 60.316725752183274,
        "11,10": 59.79234573780464,
        "11,11": 0.0,
        "11,12": 83.7110828370782,
        "11,13": 98.9322785698478,
        "11,14": 12.15248892784028,
        "11,15": 78.83982693923832,
        "11,16": 85.12005687828139,
        "11,17": 46.129557475066505,
        "11,18": 22.13556716388701,
        "11,19": 50.20417738678056,
        "11,20": 54.827654045810306,
        "11,21": 31.677674507021443,
        "11,22": 7.114826498886077,
        "11,23": 73.15699752979906,
        "11,24": 36.35315021236348,
        "11,25": 31.135591778908694,
        "11,26": 4.794318689076102,
        "11,27": 80.54527133286959,
        "11,28": 21.74722205731357,
        "11,29": 78.09570464910554,
        "11,30": 99.94138290061852,
        "12,0": 42.563526245081896,
        "12,1": 59.431902691461666,
        "12,2": 58.588818571778965,
        "12,3": 32.80043454393937,
        "12,4": 97.73385874034359,
        "12,5": 80.05519599960562,
        "12,6": 40.216825657675365,
        "12,7": 76.54651485825909,
        "12,8": 69.87779424445847,
        "12,9": 39.56758857087141,
        "12,10": 62.656307267435174,
        "12,11": 83.7110828370782,
        "12,12": 0.0,
        "12,13": 29.38410257235628,
        "12,14": 73.71713903389175,
        "12,15": 8.253244613033084,
        "12,16": 10.466092769194683,
        "12,17": 72.10312610227159,
        "12,18": 61.80624076169778,
        "12,19": 48.750560951601834,
        "12,20": 29.022318891367984,
        "12,21": 64.30907562853527,
        "12,22": 80.48313080466524,
        "12,23": 24.257128825600017,
        "12,24": 76.291945049309,
        "12,25": 64.05882505692362,
        "12,26": 78.9371734509465,
        "12,27": 10.936318934292201,
        "12,28": 82.56964433179489,
        "12,29": 13.344979676658857,
        "12,30": 34.407542971985734,
        "13,0": 59.081197633475455,
        "13,1": 85.17881473725636,
        "13,2": 87.10771058372589,
        "13,3": 33.39028227533585,
        "13,4": 118.93994603908564,
        "13,5": 104.95291913498194,
        "13,6": 68.82674839420919,
        "13,7": 101.88828814504258,
        "13,8": 61.64780276018632,
        "13,9": 40.92986341007473,
        "13,10": 58.12479705250785,
        "13,11": 98.9322785698478,
        "13,12": 29.38410257235628,
        "13,13": 0.0,
        "13,14": 91.26743027549416,
        "13,15": 37.4004965613006,
        "13,16": 19.760071163004465,
        "13,17": 97.92148396140425,
        "13,18": 77.1293196733971,
        "13,19": 52.44867554487856,
        "13,20": 47.37015504139457,
        "13,21": 86.92658582360446,
        "13,22": 97.5419009239661,
        "13,23": 53.41344323395233,
        "13,24": 100.25037495194692,
        "13,25": 86.4965165167895,
        "13,26": 94.47234987708919,
        "13,27": 22.71260738018036,
        "13,28": 91.37704670464203,
        "13,29": 42.67582414672772,
        "13,30": 5.673772926277549,
        "14,0": 32.35563789135263,
        "14,1": 34.03728577417921,
        "14,2": 52.492179493301265,
        "14,3": 60.162929297629965,
        "14,4": 30.342014731967236,
        "14,5": 33.51086504342392,
        "14,6": 77.17151479891193,
        "14,7": 34.47596820288984,
        "14,8": 67.7833877610706,
        "14,9": 54.890566238493065,
        "14,10": 59.02782837201392,
        "14,11": 12.15248892784028,
        "14,12": 73.71713903389175,
        "14,13": 91.26743027549416,
        "14,14": 0.0,
        "14,15": 68.29523677509977,
        "14,16": 76.10290453590311,
        "14,17": 35.745144210310904,
        "14,18": 14.885489674454048,
        "14,19": 46.17317402493066,
        "14,20": 45.357363300597825,
        "14,21": 19.87258740269312,
        "14,22": 6.81673657563296,
        "14,23": 61.57981850017423,
        "14,24": 27.05178116203035,
        "14,25": 19.270163662041888,
        "14,26": 8.181375767193526,
        "14,27": 71.59328912394582,
        "14,28": 28.57376588756366,
        "14,29": 67.14084369156427,
        "14,30": 92.83373527602954,
        "15,0": 38.483220472538044,
        "15,1": 51.72414358753234,
        "15,2": 50.33886650850394,
        "15,3": 35.15363679269034,
        "15,4": 91.00231368019442,
        "15,5": 72.45311579597181,
        "15,6": 33.585740986969334,
        "15,7": 68.85033673034408,
        "15,8": 72.1464018591246,
        "15,9": 40.88940906197877,
        "15,10": 64.18266851772731,
        "15,11": 78.83982693923832,
        "15,12": 8.253244613033084,
        "15,13": 37.4004965613006,
        "15,14": 68.29523677509977,
        "15,15": 0.0,
        "15,16": 17.89949631011679,
        "15,17": 64.31024612186161,
        "15,18": 57.35164630023999,
        "15,19": 48.625384843720454,
        "15,20": 25.35453501685509,
        "15,21": 57.46479281829723,
        "15,22": 75.10704601502869,
        "15,23": 16.05038769501746,
        "15,24": 68.95374521393231,
        "15,25": 57.27266991310503,
        "15,26": 74.0456554153689,
        "15,27": 16.759263046338447,
        "15,28": 79.64214292769401,
        "15,29": 5.3734547793298315,
        "15,30": 42.24480781656353,
        "16,0": 43.88435156319043,
        "16,1": 66.15941857816415,
        "16,2": 67.35745123181931,
        "16,3": 26.60914635389819,
        "16,4": 102.0820133025302,
        "16,5": 86.34186833239266,
        "16,6": 50.68040771228822,
        "16,7": 83.08787516121733,
        "16,8": 62.62963711750154,
        "16,9": 34.1949070131128,
        "16,10": 56.30708156573871,
        "16,11": 85.12005687828139,
        "16,12": 10.466092769194683,
        "16,13": 19.760071163004465,
        "16,14": 76.10290453590311,
        "16,15": 17.89949631011679,
        "16,16": 0.0,
        "16,17": 78.92526878828448,
        "16,18": 62.98450750090246,
        "16,19": 44.70231771309082,
        "16,20": 30.794275008275992,
        "16,21": 69.20628497419459,
        "16,22": 82.70299132615476,
        "16,23": 33.77221923097423,
        "16,24": 82.017137679202,
        "16,25": 68.85437534824278,
        "16,26": 80.43999953003721,
        "16,27": 4.590851293145011,
        "16,28": 81.25974440782886,
        "16,29": 23.259304231220014,
        "16,30": 24.382585191704322,
        "17,0": 46.12808170098933,
        "17,1": 12.766074015554723,
        "17,2": 23.139722401047052,
        "17,3": 74.7490099206415,
        "17,4": 34.49748264112632,
        "17,5": 9.286290976261212,
        "17,6": 56.268097905447064,
        "17,7": 5.086882682390874,
        "17,8": 95.57754365010402,
        "17,9": 72.8747179542834,
        "17,10": 85.89425317490567,
        "17,11": 46.129557475066505,
        "17,12": 72.10312610227159,
        "17,13": 97.92148396140425,
        "17,14": 35.745144210310904,
        "17,15": 64.31024612186161,
        "17,16": 78.92526878828448,
        "17,17": 0.0,
        "17,18": 42.45371214204105,
        "17,19": 68.80108506679434,
        "17,20": 52.345578081641044,
        "17,21": 18.06493236099018,
        "17,22": 39.017508912894,
        "17,23": 50.68327130028146,
        "17,24": 10.763614230115135,
        "17,25": 18.854350468186116,
        "17,26": 43.50064981031587,
        "17,27": 75.31193623689619,
        "17,28": 64.12532125555218,
        "17,29": 60.58032431027361,
        "17,30": 101.33952902746576,
        "18,0": 19.28131581783109,
        "18,1": 36.09992727720832,
        "18,2": 53.37593194225137,
        "18,3": 45.43795278044948,
        "18,4": 45.03845008055502,
        "18,5": 43.19661955131009,
        "18,6": 71.91092219489838,
        "18,7": 42.863508617020095,
        "18,8": 54.7633151556287,
        "18,9": 40.011867920834234,
        "18,10": 45.53897045503093,
        "18,11": 22.13556716388701,
        "18,12": 61.80624076169778,
        "18,13": 77.1293196733971,
        "18,14": 14.885489674454048,
        "18,15": 57.35164630023999,
        "18,16": 62.98450750090246,
        "18,17": 42.45371214204105,
        "18,18": 0.0,
        "18,19": 31.45573536326207,
        "18,20": 32.81708257270442,
        "18,21": 24.392909061010982,
        "18,22": 20.54924310557547,
        "18,23": 53.51598371364179,
        "18,24": 36.53318839605604,
        "18,25": 23.603947260465866,
        "18,26": 17.479840102580336,
        "18,27": 58.409895855022455,
        "18,28": 25.921225157590936,
        "18,29": 57.09999892698961,
        "18,30": 78.4233230027456,
        "19,0": 23.52986795324687,
        "19,1": 58.66183704350001,
        "19,2": 71.34829596481974,
        "19,3": 19.24964935133179,
        "19,4": 76.469369970264,
        "19,5": 72.01384213069609,
        "19,6": 76.04868695912623,
        "19,7": 70.66203450297262,
        "19,8": 28.22528002247397,
        "19,9": 11.519817687492798,
        "19,10": 18.513387316736207,
        "19,11": 50.20417738678056,
        "19,12": 48.750560951601834,
        "19,13": 52.44867554487856,
        "19,14": 46.17317402493066,
        "19,15": 48.625384843720454,
        "19,16": 44.70231771309082,
        "19,17": 68.80108506679434,
        "19,18": 31.45573536326207,
        "19,19": 0.0,
        "19,20": 26.93838530951203,
        "19,21": 51.840803968151754,
        "19,22": 51.01539611500598,
        "19,23": 54.154890949633746,
        "19,24": 65.64639015213803,
        "19,25": 51.115119627403715,
        "19,26": 46.45593092723112,
        "19,27": 40.525635802141736,
        "19,28": 39.076918562172104,
        "19,29": 51.35858457353701,
        "19,30": 52.11238213326347,
        "20,0": 13.546775612012981,
        "20,1": 40.04907291095379,
        "20,2": 47.983088741889524,
        "20,3": 23.28171954847779,
        "20,4": 71.68582150427932,
        "20,5": 58.421309162472234,
        "20,6": 49.151985651275325,
        "20,7": 55.7499221075888,
        "20,8": 54.243828300151,
        "20,9": 24.107109424634483,
        "20,10": 44.94533691485259,
        "20,11": 54.827654045810306,
        "20,12": 29.022318891367984,
        "20,13": 47.37015504139457,
        "20,14": 45.357363300597825,
        "20,15": 25.35453501685509,
        "20,16": 30.794275008275992,
        "20,17": 52.345578081641044,
        "20,18": 32.81708257270442,
        "20,19": 26.93838530951203,
        "20,20": 0.0,
        "20,21": 39.65851266225989,
        "20,22": 52.01195231270351,
        "20,23": 27.34838146103916,
        "20,24": 53.27289539086117,
        "20,25": 39.19675242940868,
        "20,26": 50.0786663445131,
        "20,27": 26.340372253370425,
        "20,28": 54.28800275975941,
        "20,29": 26.425761674590053,
        "20,30": 49.97160302491412,
        "21,0": 30.477936642913715,
        "21,1": 14.20218280095708,
        "21,2": 32.652947670317936,
        "21,3": 60.20207946578118,
        "21,4": 33.54657683425767,
        "21,5": 20.208771628022518,
        "21,6": 59.54656373595984,
        "21,7": 18.948928152148135,
        "21,8": 77.9249247099513,
        "21,9": 57.20558031360238,
        "21,10": 68.33270503863717,
        "21,11": 31.677674507021443,
        "21,12": 64.30907562853527,
        "21,13": 86.92658582360446,
        "21,14": 19.87258740269312,
        "21,15": 57.46479281829723,
        "21,16": 69.20628497419459,
        "21,17": 18.06493236099018,
        "21,18": 24.392909061010982,
        "21,19": 51.840803968151754,
        "21,20": 39.65851266225989,
        "21,21": 0.0,
        "21,22": 24.9969601271356,
        "21,23": 47.1815584768285,
        "21,24": 14.099268870233896,
        "21,25": 0.7894303239992442,
        "21,26": 28.050679384667788,
        "21,27": 65.08247968800494,
        "21,28": 47.096209713260244,
        "21,29": 54.98377000113211,
        "21,30": 89.62966002087619,
        "22,0": 38.860682752237565,
        "22,1": 39.14741743535623,
        "22,2": 57.53296555044787,
        "22,3": 65.9708803422054,
        "22,4": 26.658831312266972,
        "22,5": 35.23018906026183,
        "22,6": 83.46730409974586,
        "22,7": 36.9353160897068,
        "22,8": 70.79707204871087,
        "22,9": 60.33661186840632,
        "22,10": 62.48840129045122,
        "22,11": 7.114826498886077,
        "22,12": 80.48313080466524,
        "22,13": 97.5419009239661,
        "22,14": 6.81673657563296,
        "22,15": 75.10704601502869,
        "22,16": 82.70299132615476,
        "22,17": 39.017508912894,
        "22,18": 20.54924310557547,
        "22,19": 51.01539611500598,
        "22,20": 52.01195231270351,
        "22,21": 24.9969601271356,
        "22,22": 0.0,
        "22,23": 68.29130356590557,
        "22,24": 29.269733765073767,
        "22,25": 24.508880075328182,
        "22,26": 5.929079504969499,
        "22,27": 78.17511230504655,
        "22,28": 27.600621439474523,
        "22,29": 73.9531960084064,
        "22,30": 98.9444335873253,
        "23,0": 37.13264039125104,
        "23,1": 38.66828479730065,
        "23,2": 34.59237573996446,
        "23,3": 45.47812157966505,
        "23,4": 80.30448044390641,
        "23,5": 59.38785077623666,
        "23,6": 21.95500190284224,
        "23,7": 55.50986110674829,
        "23,8": 80.6249215978913,
        "23,9": 49.30677061335277,
        "23,10": 71.70619094516674,
        "23,11": 73.15699752979906,
        "23,12": 24.257128825600017,
        "23,13": 53.41344323395233,
        "23,14": 61.57981850017423,
        "23,15": 16.05038769501746,
        "23,16": 33.77221923097423,
        "23,17": 50.68327130028146,
        "23,18": 53.51598371364179,
        "23,19": 54.154890949633746,
        "23,20": 27.34838146103916,
        "23,21": 47.1815584768285,
        "23,22": 68.29130356590557,
        "23,23": 0.0,
        "23,24": 56.80879592165708,
        "23,25": 47.1761030040934,
        "23,26": 68.45531377482676,
        "23,27": 31.936805114341126,
        "23,28": 78.31304655820686,
        "23,29": 11.000782293412612,
        "23,30": 58.15380023339125,
        "24,0": 44.5755862642347,
        "24,1": 18.415324519744765,
        "24,2": 33.23011117711907,
        "24,3": 74.26371467214419,
        "24,4": 24.701462153180497,
        "24,5": 6.68094847240268,
        "24,6": 65.1629702639674,
        "24,7": 7.677201444012988,
        "24,8": 91.07537788379426,
        "24,9": 71.29440570941208,
        "24,10": 81.6290702563734,
        "24,11": 36.35315021236348,
        "24,12": 76.291945049309,
        "24,13": 100.25037495194692,
        "24,14": 27.05178116203035,
        "24,15": 68.95374521393231,
        "24,16": 82.017137679202,
        "24,17": 10.763614230115135,
        "24,18": 36.53318839605604,
        "24,19": 65.64639015213803,
        "24,20": 53.27289539086117,
        "24,21": 14.099268870233896,
        "24,22": 29.269733765073767,
        "24,23": 56.80879592165708,
        "24,24": 0.0,
        "24,25": 14.743568452958156,
        "24,26": 34.24926910486251,
        "24,27": 78.06252861583259,
        "24,28": 55.609360318942144,
        "24,29": 65.83286011797131,
        "24,30": 103.17513514619802,
        "25,0": 29.853498317715424,
        "25,1": 14.77121673484821,
        "25,2": 33.227873973144945,
        "25,3": 59.607316749631146,
        "25,4": 33.73015353527031,
        "25,5": 20.915060461057386,
        "25,6": 59.806059063215486,
        "25,7": 19.711704835745262,
        "25,8": 77.15681176231269,
        "25,9": 56.55091208713383,
        "25,10": 67.57014550456039,
        "25,11": 31.135591778908694,
        "25,12": 64.05882505692362,
        "25,13": 86.4965165167895,
        "25,14": 19.270163662041888,
        "25,15": 57.27266991310503,
        "25,16": 68.85437534824278,
        "25,17": 18.854350468186116,
        "25,18": 23.603947260465866,
        "25,19": 51.115119627403715,
        "25,20": 39.19675242940868,
        "25,21": 0.7894303239992442,
        "25,22": 24.508880075328182,
        "25,23": 47.1761030040934,
        "25,24": 14.743568452958156,
        "25,25": 0.0,
        "25,26": 27.451373896884192,
        "25,27": 64.70965703490498,
        "25,28": 46.37170915230683,
        "25,29": 54.85753610999607,
        "25,30": 89.16271575359832,
        "26,0": 36.62240873604134,
        "26,1": 42.21854332897011,
        "26,2": 60.673043507825554,
        "26,3": 62.28769230398367,
        "26,4": 32.393280488362194,
        "26,5": 40.45018023556248,
        "26,6": 84.81478627044322,
        "26,7": 41.84273685406603,
        "26,8": 65.19343392177852,
        "26,9": 56.2654315797273,
        "26,10": 57.067619734610595,
        "26,11": 4.794318689076102,
        "26,12": 78.9371734509465,
        "26,13": 94.47234987708919,
        "26,14": 8.181375767193526,
        "26,15": 74.0456554153689,
        "26,16": 80.43999953003721,
        "26,17": 43.50064981031587,
        "26,18": 17.479840102580336,
        "26,19": 46.45593092723112,
        "26,20": 50.0786663445131,
        "26,21": 28.050679384667788,
        "26,22": 5.929079504969499,
        "26,23": 68.45531377482676,
        "26,24": 34.24926910486251,
        "26,25": 27.451373896884192,
        "26,26": 0.0,
        "26,27": 75.8706272309629,
        "26,28": 21.82831537434372,
        "26,29": 73.31065061053798,
        "26,30": 95.58960020623593,
        "27,0": 39.33752554853653,
        "27,1": 62.55339684598606,
        "27,2": 64.68830210462679,
        "27,3": 22.957996253779527,
        "27,4": 97.80008889587371,
        "27,5": 82.53721888355675,
        "27,6": 50.27173102442237,
        "27,7": 79.36992121059195,
        "27,8": 59.59645639241981,
        "27,9": 30.315139679451775,
        "27,10": 52.86197170495525,
        "27,11": 80.54527133286959,
        "27,12": 10.936318934292201,
        "27,13": 22.71260738018036,
        "27,14": 71.59328912394582,
        "27,15": 16.759263046338447,
        "27,16": 4.590851293145011,
        "27,17": 75.31193623689619,
        "27,18": 58.409895855022455,
        "27,19": 40.525635802141736,
        "27,20": 26.340372253370425,
        "27,21": 65.08247968800494,
        "27,22": 78.17511230504655,
        "27,23": 31.936805114341126,
        "27,24": 78.06252861583259,
        "27,25": 64.70965703490498,
        "27,26": 75.8706272309629,
        "27,27": 0.0,
        "27,28": 76.74457723337264,
        "27,29": 22.069637103135694,
        "27,30": 26.74875451616799,
        "28,0": 41.61933737791753,
        "28,1": 60.51573954528495,
        "28,2": 78.51596098860395,
        "28,3": 57.99309778246292,
        "28,4": 52.650675315793315,
        "28,5": 61.99965630953238,
        "28,6": 97.56996680199215,
        "28,7": 63.04779634477004,
        "28,8": 48.878584152177616,
        "28,9": 50.52517547499736,
        "28,10": 42.70153515492926,
        "28,11": 21.74722205731357,
        "28,12": 82.56964433179489,
        "28,13": 91.37704670464203,
        "28,14": 28.57376588756366,
        "28,15": 79.64214292769401,
        "28,16": 81.25974440782886,
        "28,17": 64.12532125555218,
        "28,18": 25.921225157590936,
        "28,19": 39.076918562172104,
        "28,20": 54.28800275975941,
        "28,21": 47.096209713260244,
        "28,22": 27.600621439474523,
        "28,23": 78.31304655820686,
        "28,24": 55.609360318942144,
        "28,25": 46.37170915230683,
        "28,26": 21.82831537434372,
        "28,27": 76.74457723337264,
        "28,28": 0.0,
        "28,29": 80.36918410919344,
        "28,30": 91.18878250957187,
        "29,0": 38.807530486274985,
        "29,1": 48.17696957956063,
        "29,2": 45.55368867144543,
        "29,3": 39.256588601583786,
        "29,4": 88.49817005551753,
        "29,5": 68.97620103472407,
        "29,6": 28.47940989602818,
        "29,7": 65.25136181695756,
        "29,8": 75.91426368982144,
        "29,9": 44.4587907681704,
        "29,10": 67.63698521511276,
        "29,11": 78.09570464910554,
        "29,12": 13.344979676658857,
        "29,13": 42.67582414672772,
        "29,14": 67.14084369156427,
        "29,15": 5.3734547793298315,
        "29,16": 23.259304231220014,
        "29,17": 60.58032431027361,
        "29,18": 57.09999892698961,
        "29,19": 51.35858457353701,
        "29,20": 26.425761674590053,
        "29,21": 54.98377000113211,
        "29,22": 73.9531960084064,
        "29,23": 11.000782293412612,
        "29,24": 65.83286011797131,
        "29,25": 54.85753610999607,
        "29,26": 73.31065061053798,
        "29,27": 22.069637103135694,
        "29,28": 80.36918410919344,
        "29,29": 0.0,
        "29,30": 47.57783997834694,
        "30,0": 60.97280339388128,
        "30,1": 88.64925542643495,
        "30,2": 91.43117774516506,
        "30,3": 33.595380254613936,
        "30,4": 121.1044180174022,
        "30,5": 108.09128850579701,
        "30,6": 74.17886063473301,
        "30,7": 105.1586003881983,
        "30,8": 58.69518925576396,
        "30,9": 40.69888557018048,
        "30,10": 55.97648980873188,
        "30,11": 99.94138290061852,
        "30,12": 34.407542971985734,
        "30,13": 5.673772926277549,
        "30,14": 92.83373527602954,
        "30,15": 42.24480781656353,
        "30,16": 24.382585191704322,
        "30,17": 101.33952902746576,
        "30,18": 78.4233230027456,
        "30,19": 52.11238213326347,
        "30,20": 49.97160302491412,
        "30,21": 89.62966002087619,
        "30,22": 98.9444335873253,
        "30,23": 58.15380023339125,
        "30,24": 103.17513514619802,
        "30,25": 89.16271575359832,
        "30,26": 95.58960020623593,
        "30,27": 26.74875451616799,
        "30,28": 91.18878250957187,
        "30,29": 47.57783997834694,
        "30,30": 0.0
    }
}