{
    "num_robots": 4,
    "num_tasks": 60,
    "num_nodes": 61,
    "robot_capacity": [
        211,
        224,
        220,
        182
    ],
    "robot_speed": [
        1.04,
        1.01,
        1.13,
        0.95
    ],
    "task_demand": {
        "0": 0,
        "1": 12,
        "2": 7,
        "3": 5,
        "4": 12,
        "5": 12,
        "6": 8,
        "7": 7,
        "8": 5,
        "9": 15,
        "10": 7,
        "11": 7,
        "12": 8,
        "13": 10,
        "14": 5,
        "15": 9,
        "16": 6,
        "17": 12,
        "18": 11,
        "19": 13,
        "20": 5,
        "21": 5,
        "22": 13,
        "23": 5,
        "24": 9,
        "25": 12,
        "26": 14,
        "27": 14,
        "28": 5,
        "29": 15,
        "30": 8,
        "31": 5,
        "32": 10,
        "33": 5,
        "34": 10,
        "35": 7,
        "36": 5,
        "37": 8,
        "38": 10,
        "39": 9,
        "40": 11,
        "41": 15,
        "42": 13,
        "43": 13,
        "44": 12,
        "45": 5,
        "46": 10,
        "47": 10,
        "48": 11,
        "49": 14,
        "50": 7,
        "51": 12,
        "52": 10,
        "53": 5,
        "54": 11,
        "55": 9,
        "56": 12,
        "57": 13,
        "58": 12,
        "59": 11,
        "60": 14
    },
    "task_service_time": {
        "0": 0,
        "1": 40,
        "2": 22,
        "3": 68,
        "4": 55,
        "5": 29,
        "6": 59,
        "7": 70,
        "8": 98,
        "9": 36,
        "10": 59,
        "11": 83,
        "12": 26,
        "13": 66,
        "14": 72,
        "15": 21,
        "16": 91,
        "17": 27,
        "18": 33,
        "19": 56,
        "20": 50,
        "21": 11,
        "22": 79,
        "23": 17,
        "24": 52,
        "25": 68,
        "26": 78,
        "27": 23,
        "28": 53,
        "29": 29,
        "30": 70,
        "31": 61,
        "32": 12,
        "33": 97,
        "34": 80,
        "35": 73,
        "36": 63,
        "37": 61,
        "38": 53,
        "39": 44,
        "40": 11,
        "41": 41,
        "42": 41,
        "43": 75,
        "44": 22,
        "45": 39,
        "46": 62,
        "47": 62,
        "48": 73,
        "49": 43,
        "50": 73,
        "51": 48,
        "52": 19,
        "53": 12,
        "54": 91,
        "55": 35,
        "56": 48,
        "57": 12,
        "58": 28,
        "59": 87,
        "60": 17
    },
    "task_precedence": [],
    "coordinates": {
        "0": [
            50.0,
            50.0
        ],
        "1": [
            42.454455787561706,
            93.54277081506957
        ],
        "2": [
            11.208319549653933,
            82.83520956328192
        ],
        "3": [
            31.709780955253166,
            68.60645912571243
        ],
        "4": [
            2.9842970192220597,
            28.32104039049186
        ],
        "5": [
            52.212801875377025,
            44.47358020790625
        ],
        "6": [
            34.66379774218874,
            2.1908163825369864
        ],
        "7": [
            36.86692421478307,
            76.8390344313645
        ],
        "8": [
            71.88883527679589,
            30.115391075636577
        ],
        "9": [
            42.76121155953221,
            10.402158246753157
        ],
        "10": [
            17.521239345976834,
            89.45880210867571
        ],
        "11": [
            42.54543304461688,
            32.14963851001805
        ],
        "12": [
            54.150091881750704,
            50.618904901227154
        ],
        "13": [
            55.06716871309764,
            60.26009374836239
        ],
        "14": [
            18.030685888713926,
            55.76609934740014
        ],
        "15": [
            43.65888611461002,
            94.69797757888853
        ],
        "16": [
            23.74798630957017,
            41.15226315432092
        ],
        "17": [
            62.47833380120286,
            17.361535198164514
        ],
        "18": [
            14.818643278089272,
            76.8370011977021
        ],
        "19": [
            30.836768082098732,
            48.71115507913104
        ],
        "20": [
            43.068638135987435,
            10.557051936732687
        ],
        "21": [
            22.777803120043018,
            52.22696280571084
        ],
        "22": [
            10.61198017414322,
            38.068644051080504
        ],
        "23": [
            73.69883283279019,
            8.235478872302659
        ],
        "24": [
            69.03713377444821,
            65.44052028643965
        ],
        "25": [
            37.94881236400911,
            43.022644159615034
        ],
        "26": [
            86.88471538522654,
            10.72188572027738
        ],
        "27": [
            27.772348179234328,
            77.30013608703622
        ],
        "28": [
            3.392006625744781,
            13.09324669566968
        ],
        "29": [
            21.68733682438163,
            42.213620617003166
        ],
        "30": [
            41.81363668423745,
            73.72146267161274
        ],
        "31": [
            4.612172959383964,
            48.55281707027967
        ],
        "32": [
            15.374632315889347,
            70.25665627117664
        ],
        "33": [
            70.88570563928569,
            77.9830390054863
        ],
        "34": [
            34.79937709550357,
            29.35548472760221
        ],
        "35": [
            9.962805691712727,
            38.2259237213195
        ],
        "36": [
            62.38320873367401,
            28.030676822346102
        ],
        "37": [
            42.70165166602694,
            49.15370402780431
        ],
        "38": [
            21.449951430986136,
            50.862605801081074
        ],
        "39": [
            5.799701882874519,
            17.181244500426928
        ],
        "40": [
            67.3035437419808,
            82.709160807204
        ],
        "41": [
            7.411061001801955,
            96.70532547266436
        ],
        "42": [
            77.06428044981102,
            3.182463597836549
        ],
        "43": [
            60.47357379384945,
            76.88225071638479
        ],
        "44": [
            55.8508342812726,
            79.62062030817403
        ],
        "45": [
            29.397036499519114,
            39.75977860965975
        ],
        "46": [
            81.06900507441473,
            88.069287541202
        ],
        "47": [
            73.15385722746058,
            87.10244257447279
        ],
        "48": [
            49.04606853963826,
            8.818706900015549
        ],
        "49": [
            57.260733244360395,
            77.12692875797623
        ],
        "50": [
            98.75298980971576,
            88.43216264053879
        ],
        "51": [
            66.3419770547662,
            34.98374296401266
        ],
        "52": [
            20.84644447375369,
            67.09446795580682
        ],
        "53": [
            29.925602600334102,
            54.57793970794298
        ],
        "54": [
            67.4294830227852,
            25.047332898248655
        ],
        "55": [
            37.65464852446046,
            13.037561856167612
        ],
        "56": [
            92.33603575604673,
            1.9631459012476316
        ],
        "57": [
            55.33720134631037,
            2.9745466812701404
        ],
        "58": [
            41.41976139183855,
            63.327915827313205
        ],
        "59": [
            13.353978096462205,
            95.56342772586923
        ],
        "60": [
            33.584565293163394,
            11.733001219296312
        ]
    },
    "distance_matrix_str_keys": {
        "0,0": 0.0,
        "0,1": 44.19172012623559,
        "0,2": 50.82268646211455,
        "0,3": 26.09084962015663,
        "0,4": 51.77309742064325,
        "0,5": 5.952966307490542,
        "0,6": 50.20873567279691,
        "0,7": 29.87995061555859,
        "0,8": 29.572263725484014,
        "0,9": 40.25405730607822,
        "0,10": 51.106427751046674,
        "0,11": 19.34440419902667,
        "0,12": 4.195986880786937,
        "0,13": 11.443151772662132,
        "0,14": 32.485149629179226,
        "0,15": 45.145530509124676,
        "0,16": 27.70290003037412,
        "0,17": 34.94249846640757,
        "0,18": 44.248756977793136,
        "0,19": 19.206524380254738,
        "0,20": 40.04734609448534,
        "0,21": 27.313135417032573,
        "0,22": 41.155477892765425,
        "0,23": 48.01989069815144,
        "0,24": 24.51167332236196,
        "0,25": 13.925322903301524,
        "0,26": 53.88183822421167,
        "0,27": 35.20462946596491,
        "0,28": 59.45093343120287,
        "0,29": 29.363831493726675,
        "0,30": 25.094308829262054,
        "0,31": 45.410892767054804,
        "0,32": 40.11543606329681,
        "0,33": 34.917949138422465,
        "0,34": 25.636983978560483,
        "0,35": 41.7325508481777,
        "0,36": 25.21894167933978,
        "0,37": 7.3472515457524645,
        "0,38": 28.563076901151764,
        "0,39": 55.05213044182327,
        "0,40": 37.00407851497147,
        "0,41": 63.20763523894676,
        "0,42": 54.077324185225024,
        "0,43": 28.850496557144044,
        "0,44": 30.192936412808976,
        "0,45": 23.00748224220394,
        "0,46": 49.1381087365878,
        "0,47": 43.73433833387307,
        "0,48": 41.19234014495771,
        "0,49": 28.081818158482513,
        "0,50": 62.07966769092015,
        "0,51": 22.19342671669574,
        "0,52": 33.79571917438706,
        "0,53": 20.589778117533807,
        "0,54": 30.437188995246945,
        "0,55": 38.96959759339634,
        "0,56": 64.0302996654091,
        "0,57": 47.32735971975511,
        "0,58": 15.850988450974603,
        "0,59": 58.471846793863804,
        "0,60": 41.639280640962006,
        "1,0": 44.19172012623559,
        "1,1": 0.0,
        "1,2": 33.02987886382083,
        "1,3": 27.152673494903116,
        "1,4": 76.23494968040724,
        "1,5": 50.030098792743814,
        "1,6": 91.68355322206621,
        "1,7": 17.613498183299956,
        "1,8": 69.9243533865454,
        "1,9": 83.14117846974825,
        "1,10": 25.265472141199393,
        "1,11": 61.39319971370495,
        "1,12": 44.4887195661689,
        "1,13": 35.59237446516736,
        "1,14": 44.984413336711334,
        "1,15": 1.6688783897836195,
        "1,16": 55.63000353480118,
        "1,17": 78.76887932948891,
        "1,18": 32.2927371334062,
        "1,19": 46.31246524550941,
        "1,20": 82.98799164765633,
        "1,21": 45.762065640269796,
        "1,22": 63.96344263263415,
        "1,23": 90.84902396587904,
        "1,24": 38.68300988455243,
        "1,25": 50.720646880174655,
        "1,26": 93.98588710971802,
        "1,27": 21.89491874227488,
        "1,28": 89.43154290046346,
        "1,29": 55.37106545919569,
        "1,30": 19.83166421763573,
        "1,31": 58.78889612508583,
        "1,32": 35.71498242766247,
        "1,33": 32.410510982045814,
        "1,34": 64.64215284979285,
        "1,35": 64.15341688752369,
        "1,36": 68.47619771350197,
        "1,37": 44.389755079822486,
        "1,38": 47.56874697621002,
        "1,39": 84.70332747250866,
        "1,40": 27.108011324495592,
        "1,41": 35.185810635437804,
        "1,42": 96.76169223171108,
        "1,43": 24.54101757635984,
        "1,44": 19.320694384090125,
        "1,45": 55.34533809663575,
        "1,46": 39.00054404461699,
        "1,47": 31.36767566484156,
        "1,48": 84.98009393355304,
        "1,49": 22.106689543464885,
        "1,50": 56.53002077619659,
        "1,51": 63.24376186749177,
        "1,52": 34.152875092339464,
        "1,53": 40.92957641356679,
        "1,54": 72.90663207704237,
        "1,55": 80.64816686868579,
        "1,56": 104.28326672821811,
        "1,57": 91.47987951392146,
        "1,58": 30.232566123696593,
        "1,59": 29.170547752850684,
        "1,60": 82.28920560253407,
        "2,0": 50.82268646211455,
        "2,1": 33.02987886382083,
        "2,2": 0.0,
        "2,3": 24.955305223136598,
        "2,4": 55.13101837605238,
        "2,5": 56.15142186623378,
        "2,6": 83.98617510478172,
        "2,7": 26.34991669007725,
        "2,8": 80.38348244684472,
        "2,9": 79.00716370817224,
        "2,10": 9.150133035218765,
        "2,11": 59.59061834879421,
        "2,12": 53.683201256072316,
        "2,13": 49.32782687285886,
        "2,14": 27.915612304656584,
        "2,15": 34.55089775069159,
        "2,16": 43.52828119489745,
        "2,17": 83.15898265505334,
        "2,18": 7.000924297620642,
        "2,19": 39.36657320910892,
        "2,20": 78.9886825457354,
        "2,21": 32.72182329360428,
        "2,22": 44.77053728077212,
        "2,23": 97.31487075240074,
        "2,24": 60.3883015962832,
        "2,25": 47.959298576770635,
        "2,26": 104.53347962422525,
        "2,27": 17.464366087235966,
        "2,28": 70.17860166996685,
        "2,29": 41.951439684049916,
        "2,30": 31.933459244401337,
        "2,31": 34.91119569542967,
        "2,32": 13.250591118453126,
        "2,33": 59.8743181139703,
        "2,34": 58.451851678382326,
        "2,35": 44.62667014353897,
        "2,36": 74.98270528561264,
        "2,37": 46.11153633233858,
        "2,38": 33.572882136144045,
        "2,39": 65.87637113214406,
        "2,40": 56.09536581105718,
        "2,41": 14.38051764780874,
        "2,42": 103.3516691975451,
        "2,43": 49.6236132781368,
        "2,44": 44.75810212287653,
        "2,45": 46.75812417241077,
        "2,46": 70.05648402730807,
        "2,47": 62.09234184474249,
        "2,48": 83.12723930896766,
        "2,49": 46.40484109293565,
        "2,50": 87.723401522581,
        "2,51": 73.00330845648027,
        "2,52": 18.45709615312904,
        "2,53": 33.894099552528694,
        "2,54": 80.62417696774118,
        "2,55": 74.63993530068291,
        "2,56": 114.55128553543663,
        "2,57": 91.24189654198125,
        "2,58": 35.96200393589139,
        "2,59": 12.907803383763982,
        "2,60": 74.54005906199339,
        "3,0": 26.09084962015663,
        "3,1": 27.152673494903116,
        "3,2": 24.955305223136598,
        "3,3": 0.0,
        "3,4": 49.477958628375546,
        "3,5": 31.666539307485603,
        "3,6": 66.48130426042056,
        "3,7": 9.71449549706761,
        "3,8": 55.64098063306444,
        "3,9": 59.244195995975964,
        "3,10": 25.22171526437692,
        "3,11": 38.03302677419523,
        "3,12": 28.759688132117898,
        "3,13": 24.803817808606205,
        "3,14": 18.761462658223593,
        "3,15": 28.697533854005595,
        "3,16": 28.58536426942285,
        "3,17": 59.77245245574396,
        "3,18": 18.789687459553377,
        "3,19": 19.914448889753675,
        "3,20": 59.150294263378704,
        "3,21": 18.656584032068437,
        "3,22": 37.117049281049006,
        "3,23": 73.53730845177901,
        "3,24": 37.46137260195739,
        "3,25": 26.333573649221112,
        "3,26": 79.96810131346787,
        "3,27": 9.543762149881955,
        "3,28": 62.31864165143539,
        "3,29": 28.231742966087804,
        "3,30": 11.32480295045796,
        "3,31": 33.71096140404803,
        "3,32": 16.41828954821445,
        "3,33": 40.28241955358155,
        "3,34": 39.37238366559681,
        "3,35": 37.361850390078544,
        "3,36": 50.86504970220884,
        "3,37": 22.34347561642004,
        "3,38": 20.496546847531484,
        "3,39": 57.58372076197918,
        "3,40": 38.28579559098886,
        "3,41": 37.148002387209395,
        "3,42": 79.6073477465075,
        "3,43": 29.930661618379336,
        "3,44": 26.53492419892994,
        "3,45": 28.939242625071277,
        "3,46": 53.05784292238433,
        "3,47": 45.38405955611906,
        "3,48": 62.250479382972046,
        "3,49": 26.934170966164217,
        "3,50": 69.91316309080065,
        "3,51": 48.26878959291763,
        "3,52": 10.968053464865587,
        "3,53": 14.141522176091804,
        "3,54": 56.33200327960453,
        "3,55": 55.885989247472736,
        "3,56": 90.09369549921276,
        "3,57": 69.75530750739105,
        "3,58": 11.052001602965241,
        "3,59": 32.61309023537386,
        "3,60": 56.9043498385366,
        "4,0": 51.77309742064325,
        "4,1": 76.23494968040724,
        "4,2": 55.13101837605238,
        "4,3": 49.477958628375546,
        "4,4": 0.0,
        "4,5": 51.810715425726656,
        "4,6": 41.06554970729538,
        "4,7": 59.177936525562664,
        "4,8": 68.92789774010764,
        "4,9": 43.626703607175436,
        "4,10": 62.84225171109658,
        "4,11": 39.74596391057375,
        "4,12": 55.813379450213105,
        "4,13": 61.0960608654732,
        "4,14": 31.29896290869939,
        "4,15": 77.84805706368662,
        "4,16": 24.4084221235442,
        "4,17": 60.49505076182955,
        "4,18": 49.93846417764091,
        "4,19": 34.51835629522706,
        "4,20": 43.84419788923611,
        "4,21": 31.03668813333191,
        "4,22": 12.377290795476576,
        "4,23": 73.5117361842949,
        "4,24": 75.7682851274742,
        "4,25": 37.92959908409454,
        "4,26": 85.72636961342009,
        "4,27": 54.894437747030764,
        "4,28": 15.233250734341537,
        "4,29": 23.298229188147246,
        "4,30": 59.74040477034981,
        "4,31": 20.297161567504062,
        "4,32": 43.72775192090465,
        "4,33": 84.12440430115723,
        "4,34": 31.83189273899346,
        "4,35": 12.11636484632807,
        "4,36": 59.39962141178143,
        "4,37": 44.84939391302265,
        "4,38": 29.139364509449656,
        "4,39": 11.490063403592927,
        "4,40": 84.23201969231114,
        "4,41": 68.52741557622983,
        "4,42": 78.2290993699695,
        "4,43": 75.25428952814133,
        "4,44": 73.66490115251928,
        "4,45": 28.78328575581139,
        "4,46": 98.32128289260172,
        "4,47": 91.53698936786445,
        "4,48": 50.02027396139268,
        "4,49": 72.99278230510778,
        "4,50": 113.07072802878758,
        "4,51": 63.70704219369778,
        "4,52": 42.6899870795267,
        "4,53": 37.619924351088535,
        "4,54": 64.52828185980641,
        "4,55": 37.88954987336135,
        "4,56": 93.1583158778641,
        "4,57": 58.16589494568856,
        "4,58": 51.98813565985798,
        "4,59": 68.03726141023455,
        "4,60": 34.80717543815209,
        "5,0": 5.952966307490542,
        "5,1": 50.030098792743814,
        "5,2": 56.15142186623378,
        "5,3": 31.666539307485603,
        "5,4": 51.810715425726656,
        "5,5": 0.0,
        "5,6": 45.779904573716784,
        "5,7": 35.819248851206915,
        "5,8": 24.357830066978007,
        "5,9": 35.358087532465845,
        "5,10": 56.808227398791026,
        "5,11": 15.663255060264463,
        "5,12": 6.443454675493183,
        "5,13": 16.04248795565339,
        "5,14": 35.99913945973604,
        "5,15": 50.9476159022248,
        "5,16": 28.6579286091273,
        "5,17": 28.99041445599582,
        "5,18": 49.45416175977375,
        "5,19": 21.792013709627923,
        "5,20": 35.12757635337347,
        "5,21": 30.439022544005148,
        "5,22": 42.09099159429318,
        "5,23": 42.12896289623555,
        "5,24": 26.882535596682732,
        "5,25": 14.337594365745074,
        "5,26": 48.38717254831824,
        "5,27": 40.92576874976129,
        "5,28": 58.0361558008946,
        "5,29": 30.60900903217966,
        "5,30": 31.04160539152894,
        "5,31": 47.77509860353426,
        "5,32": 44.96462773979066,
        "5,33": 38.360932781710474,
        "5,34": 23.060446082326774,
        "5,35": 42.70942974442573,
        "5,36": 19.33406960290978,
        "5,37": 10.600261188970645,
        "5,38": 31.41930323056518,
        "5,39": 53.842803040738765,
        "5,40": 41.10584038612837,
        "5,41": 68.81388812373233,
        "5,42": 48.1928656363359,
        "5,43": 33.44491406501367,
        "5,44": 35.33482287483804,
        "5,45": 23.297619517749617,
        "5,46": 52.28064805407954,
        "5,47": 47.49471239966297,
        "5,48": 35.795225807660664,
        "5,49": 33.04122852798188,
        "5,50": 64.01832598912688,
        "5,51": 17.020299708449823,
        "5,52": 38.672379538237486,
        "5,53": 24.47074441923368,
        "5,54": 24.676435514025655,
        "5,55": 34.64336991113382,
        "5,56": 58.45520440460079,
        "5,57": 41.616482980891554,
        "5,58": 21.72500160019645,
        "5,59": 64.18863376712004,
        "5,60": 37.66904180719665,
        "6,0": 50.20873567279691,
        "6,1": 91.68355322206621,
        "6,2": 83.98617510478172,
        "6,3": 66.48130426042056,
        "6,4": 41.06554970729538,
        "6,5": 45.779904573716784,
        "6,6": 0.0,
        "6,7": 74.68072190411354,
        "6,8": 46.5347750745978,
        "6,9": 11.532313113176123,
        "6,10": 88.93575569513698,
        "6,11": 30.9782374951599,
        "6,12": 52.20148864608765,
        "6,13": 61.54948026397697,
        "6,14": 56.09787299617839,
        "6,15": 92.94345855107522,
        "6,16": 40.46170132091629,
        "6,17": 31.68278910640652,
        "6,18": 77.23912909376797,
        "6,19": 46.67748995463482,
        "6,20": 11.858972948511115,
        "6,21": 51.428521435473634,
        "6,22": 43.193847322740886,
        "6,23": 39.500277329908286,
        "6,24": 71.98646590796069,
        "6,25": 40.96375813670586,
        "6,26": 52.91316833762907,
        "6,27": 75.42481013268394,
        "6,28": 33.11778836763135,
        "6,29": 42.073903987409814,
        "6,30": 71.88708893417582,
        "6,31": 55.24975348231646,
        "6,32": 70.74623991838064,
        "6,33": 84.00290246076314,
        "6,34": 27.16500668246621,
        "6,35": 43.688304718714555,
        "6,36": 37.895436839594375,
        "6,37": 47.64577538127555,
        "6,38": 50.4336080361021,
        "6,39": 32.52459015780684,
        "6,40": 86.8824309502229,
        "6,41": 98.36515688183799,
        "6,42": 42.4120772662574,
        "6,43": 79.02502706538213,
        "6,44": 80.27617986221736,
        "6,45": 37.93633741955414,
        "6,46": 97.61431798715054,
        "6,47": 93.22804804209302,
        "6,48": 15.83599210668064,
        "6,49": 78.26903878312143,
        "6,50": 107.44763535909449,
        "6,51": 45.59477029592171,
        "6,52": 66.35814372696952,
        "6,53": 52.600961811677855,
        "6,54": 39.95009986395649,
        "6,55": 11.251536596018422,
        "6,56": 57.67268739511916,
        "6,57": 20.68825390795612,
        "6,58": 61.509251120102626,
        "6,59": 95.77344601927182,
        "6,60": 9.603022135656506,
        "7,0": 29.87995061555859,
        "7,1": 17.613498183299956,
        "7,2": 26.34991669007725,
        "7,3": 9.71449549706761,
        "7,4": 59.177936525562664,
        "7,5": 35.819248851206915,
        "7,6": 74.68072190411354,
        "7,7": 0.0,
        "7,8": 58.39206369763611,
        "7,9": 66.69783460107116,
        "7,10": 23.097923267524884,
        "7,11": 45.04872440308778,
        "7,12": 31.403870417222393,
        "7,13": 24.619304904260236,
        "7,14": 28.26433206940245,
        "7,15": 19.106873025045108,
        "7,16": 38.02173294236935,
        "7,17": 64.75737190497047,
        "7,18": 22.048281030443487,
        "7,19": 28.76700157886379,
        "7,20": 66.57148382738015,
        "7,21": 28.359432344963377,
        "7,22": 46.8237680758047,
        "7,23": 77.86550794665446,
        "7,24": 34.129877055518705,
        "7,25": 33.83369227528541,
        "7,26": 82.9051071240735,
        "7,27": 9.106257628863826,
        "7,28": 72.00066361942204,
        "7,29": 37.806602004922354,
        "7,30": 5.8471546869103035,
        "7,31": 42.900805017460996,
        "7,32": 22.477684785381495,
        "7,33": 34.03801163513663,
        "7,34": 47.5285413573792,
        "7,35": 47.06170324382245,
        "7,36": 55.075734658185155,
        "7,37": 28.293489780947716,
        "7,38": 30.20691798579497,
        "7,39": 67.26235353348939,
        "7,40": 30.997519125112596,
        "7,41": 35.52910634056935,
        "7,42": 83.91136916556815,
        "7,43": 23.606689136685937,
        "7,44": 19.18661151435106,
        "7,45": 37.82420435078677,
        "7,46": 45.60638702235062,
        "7,47": 37.71046345748838,
        "7,48": 69.10207315238553,
        "7,49": 20.39584099462841,
        "7,50": 62.9625740936206,
        "7,51": 51.19222757154423,
        "7,52": 18.751329204333633,
        "7,53": 23.31819641482509,
        "7,54": 60.1369299897155,
        "7,55": 63.80633520546104,
        "7,56": 93.18380233898827,
        "7,57": 76.13877913323316,
        "7,58": 14.257582273776974,
        "7,59": 30.057636956526604,
        "7,60": 65.18872172930884,
        "8,0": 29.572263725484014,
        "8,1": 69.9243533865454,
        "8,2": 80.38348244684472,
        "8,3": 55.64098063306444,
        "8,4": 68.92789774010764,
        "8,5": 24.357830066978007,
        "8,6": 46.5347750745978,
        "8,7": 58.39206369763611,
        "8,8": 0.0,
        "8,9": 35.17143744546516,
        "8,10": 80.4827678471177,
        "8,11": 29.413830372526046,
        "8,12": 27.11193641980305,
        "8,13": 34.520596246404644,
        "8,14": 59.65449765400823,
        "8,15": 70.48290934084389,
        "8,16": 49.38981559559096,
        "8,17": 15.849869960522303,
        "8,18": 73.75578395737877,
        "8,19": 45.06744567680302,
        "8,20": 34.83005014506071,
        "8,21": 53.85921540345564,
        "8,22": 61.79083430544451,
        "8,23": 21.95464983046429,
        "8,24": 35.44004733657144,
        "8,25": 36.31146289389017,
        "8,26": 24.514984605232204,
        "8,27": 64.59616548697082,
        "8,28": 70.58023047953225,
        "8,29": 51.63872195265241,
        "8,30": 52.97175710145198,
        "8,31": 69.75735065123254,
        "8,32": 69.31937902062607,
        "8,33": 47.87815772777497,
        "8,34": 37.09724202470602,
        "8,35": 62.45489476389567,
        "8,36": 9.731545072349798,
        "8,37": 34.84751134863747,
        "8,38": 54.53923287391187,
        "8,39": 67.3428964359905,
        "8,40": 52.79327147503159,
        "8,41": 92.69089889766704,
        "8,42": 27.425678027412946,
        "8,43": 48.1398728226559,
        "8,44": 52.038305096327704,
        "8,45": 43.5725506969124,
        "8,46": 58.67648279382967,
        "8,47": 57.00109050769708,
        "8,48": 31.23044586752392,
        "8,49": 49.23480521266825,
        "8,50": 64.20692053448434,
        "8,51": 7.380276840630933,
        "8,52": 63.029975295886224,
        "8,53": 48.57292643280643,
        "8,54": 6.750632282589441,
        "8,55": 38.2574410205796,
        "8,56": 34.79420807832219,
        "8,57": 31.789652722356237,
        "8,58": 45.071457307122,
        "8,59": 87.80532447689183,
        "8,60": 42.486813905134035,
        "9,0": 40.25405730607822,
        "9,1": 83.14117846974825,
        "9,2": 79.00716370817224,
        "9,3": 59.244195995975964,
        "9,4": 43.626703607175436,
        "9,5": 35.358087532465845,
        "9,6": 11.532313113176123,
        "9,7": 66.69783460107116,
        "9,8": 35.17143744546516,
        "9,9": 0.0,
        "9,10": 82.98800597708023,
        "9,11": 21.748550714210708,
        "9,12": 41.79824525579944,
        "9,13": 51.35416549753305,
        "9,14": 51.667069320196305,
        "9,15": 84.30059890939589,
        "9,16": 36.15344639494577,
        "9,17": 20.909276339577588,
        "9,18": 72.0720159290716,
        "9,19": 40.12195895703056,
        "9,20": 0.344242872266743,
        "9,21": 46.3535423592896,
        "9,22": 42.41470871563692,
        "9,23": 31.01339887144287,
        "9,24": 60.98889558153942,
        "9,25": 32.973554361158754,
        "9,26": 44.12466221415625,
        "9,27": 68.55658585834215,
        "9,28": 39.461072643282826,
        "9,29": 38.15858140034362,
        "9,30": 63.326394268048546,
        "9,31": 53.95203346292633,
        "9,32": 65.82237960165254,
        "9,33": 73.19947138721834,
        "9,34": 20.557708839319815,
        "9,35": 43.01043306749986,
        "9,36": 26.37778308107136,
        "9,37": 38.75159155185523,
        "9,38": 45.729832982015985,
        "9,39": 37.57804156701634,
        "9,40": 76.35855347130861,
        "9,41": 93.26237085597701,
        "9,42": 35.05459350947903,
        "9,43": 68.79920399750596,
        "9,44": 70.4452533045759,
        "9,45": 32.25633346192998,
        "9,46": 86.60063519870688,
        "9,47": 82.50240315681282,
        "9,48": 6.48126109857279,
        "9,49": 68.28199710658869,
        "9,50": 96.04041241743984,
        "9,51": 34.063276538715776,
        "9,52": 60.780547846915475,
        "9,53": 46.00274475572353,
        "9,54": 28.68805949445777,
        "9,55": 5.746506609730461,
        "9,56": 50.287971956352706,
        "9,57": 14.60564728743118,
        "9,58": 52.942754972031956,
        "9,59": 90.09565582893623,
        "9,60": 9.272646855975276,
        "10,0": 51.106427751046674,
        "10,1": 25.265472141199393,
        "10,2": 9.150133035218765,
        "10,3": 25.22171526437692,
        "10,4": 62.84225171109658,
        "10,5": 56.808227398791026,
        "10,6": 88.93575569513698,
        "10,7": 23.097923267524884,
        "10,8": 80.4827678471177,
        "10,9": 82.98800597708023,
        "10,10": 0.0,
        "10,11": 62.53439455727356,
        "10,12": 53.38736229832523,
        "10,13": 47.563235612723574,
        "10,14": 33.69655405437733,
        "10,15": 26.657560620010234,
        "10,16": 48.70620169441686,
        "10,17": 84.96561797469379,
        "10,18": 12.907900051612414,
        "10,19": 42.868100540691664,
        "10,20": 82.93464755535858,
        "10,21": 37.60108137530921,
        "10,22": 51.85254292209963,
        "10,23": 98.75803890079021,
        "10,24": 56.83982090451872,
        "10,25": 50.73068602411317,
        "10,26": 104.93232967299066,
        "10,27": 15.9034081799173,
        "10,28": 77.6616589495703,
        "10,29": 47.428509805607945,
        "10,30": 28.944505886217318,
        "10,31": 42.89456383896382,
        "10,32": 19.32175785238507,
        "10,33": 54.58442453273845,
        "10,34": 62.53753116570619,
        "10,35": 51.78742846637149,
        "10,36": 76.06583249748658,
        "10,37": 47.52424745239418,
        "10,38": 38.79563310556073,
        "10,39": 73.22185311990289,
        "10,40": 50.23778944853096,
        "10,41": 12.438963261295372,
        "10,42": 104.82833744140845,
        "10,43": 44.75569996598019,
        "10,44": 39.572056669366745,
        "10,45": 51.09821420351032,
        "10,46": 63.56295524760981,
        "10,47": 55.68249817134297,
        "10,48": 86.58313814451002,
        "10,49": 41.60892302904938,
        "10,50": 81.2382377455388,
        "10,51": 73.15050580306978,
        "10,52": 22.610184237262896,
        "10,53": 37.02084263715373,
        "10,54": 81.48417117912825,
        "10,55": 79.02885629236839,
        "10,56": 115.12056122625816,
        "10,57": 94.39053670174462,
        "10,58": 35.41133397411114,
        "10,59": 7.391381484391236,
        "10,60": 79.36832217189053,
        "11,0": 19.34440419902667,
        "11,1": 61.39319971370495,
        "11,2": 59.59061834879421,
        "11,3": 38.03302677419523,
        "11,4": 39.74596391057375,
        "11,5": 15.663255060264463,
        "11,6": 30.9782374951599,
        "11,7": 45.04872440308778,
        "11,8": 29.413830372526046,
        "11,9": 21.748550714210708,
        "11,10": 62.53439455727356,
        "11,11": 0.0,
        "11,12": 21.812425535820502,
        "11,13": 30.77322794017982,
        "11,14": 34.03983035506279,
        "11,15": 62.558248840688194,
        "11,16": 20.842054942906362,
        "11,17": 24.819519176123446,
        "11,18": 52.59025817333317,
        "11,19": 20.28242259380038,
        "11,20": 21.598924475363567,
        "11,21": 28.175488349083214,
        "11,22": 32.477377339093906,
        "11,23": 39.2736724732981,
        "11,24": 42.54518794188863,
        "11,25": 11.804709803191223,
        "11,26": 49.245512974265374,
        "11,27": 47.50590982069619,
        "11,28": 43.54465373981053,
        "11,29": 23.159100020991932,
        "11,30": 41.57826463472968,
        "11,31": 41.327914144966854,
        "11,32": 46.801679616115024,
        "11,33": 53.88758346519285,
        "11,34": 8.23460248746607,
        "11,35": 33.14436373182171,
        "11,36": 20.2608783046011,
        "11,37": 17.004783103316637,
        "11,38": 28.19919306199075,
        "11,39": 39.677469398103085,
        "11,40": 56.29590873431718,
        "11,41": 73.49735245614033,
        "11,42": 45.06271239701396,
        "11,43": 48.191543091391914,
        "11,44": 49.30038351726339,
        "11,45": 15.191924303501297,
        "11,46": 67.90488016119177,
        "11,47": 62.902196348802036,
        "11,48": 24.219633185284742,
        "11,49": 47.323320868443346,
        "11,50": 79.54251668136017,
        "11,51": 23.964716874670682,
        "11,52": 41.13377213426599,
        "11,53": 25.734972606693937,
        "11,54": 25.87776436091322,
        "11,55": 19.72793063768363,
        "11,56": 58.22652706788201,
        "11,57": 31.856166114271872,
        "11,58": 31.19859152500366,
        "11,59": 69.81009744086128,
        "11,60": 22.296551955850227,
        "12,0": 4.195986880786937,
        "12,1": 44.4887195661689,
        "12,2": 53.683201256072316,
        "12,3": 28.759688132117898,
        "12,4": 55.813379450213105,
        "12,5": 6.443454675493183,
        "12,6": 52.20148864608765,
        "12,7": 31.403870417222393,
        "12,8": 27.11193641980305,
        "12,9": 41.79824525579944,
        "12,10": 53.38736229832523,
        "12,11": 21.812425535820502,
        "12,12": 0.0,
        "12,13": 9.684707135516186,
        "12,14": 36.48431306680359,
        "12,15": 45.31037460197211,
        "12,16": 31.841880113873277,
        "12,17": 34.28428580319428,
        "12,18": 47.26892660801273,
        "12,19": 23.391249987359092,
        "12,20": 41.56622042077274,
        "12,21": 31.413474057673767,
        "12,22": 45.31088410603827,
        "12,23": 46.67449062089658,
        "12,24": 21.007243963502166,
        "12,25": 17.893703788387437,
        "12,26": 51.60743856692935,
        "12,27": 37.518974671840816,
        "12,28": 63.12335734588496,
        "12,29": 33.53325617671753,
        "12,30": 26.19000386357847,
        "12,31": 49.58098556991551,
        "12,32": 43.46467005985093,
        "12,33": 32.07610642078108,
        "12,34": 28.750360001551346,
        "12,35": 45.89228958513474,
        "12,36": 24.04188555086672,
        "12,37": 11.541819482754018,
        "12,38": 32.70104854019697,
        "12,39": 58.786370411198796,
        "12,40": 34.6813756928769,
        "12,41": 65.63912833580434,
        "12,42": 52.68088838718124,
        "12,43": 27.01388081892711,
        "12,44": 29.051540772480056,
        "12,45": 27.0302492510157,
        "12,46": 46.1211344976976,
        "12,47": 41.136256738671996,
        "12,48": 42.110659068902294,
        "12,49": 26.689912298034184,
        "12,50": 58.4744471066814,
        "12,51": 19.826758506496112,
        "12,52": 37.15611805129294,
        "12,53": 24.545872108080722,
        "12,54": 28.814016099462766,
        "12,55": 41.0421368428109,
        "12,56": 61.85102419067104,
        "12,57": 47.65914496791179,
        "12,58": 17.988337141096775,
        "12,59": 60.69870700366672,
        "12,60": 43.98925310830242,
        "13,0": 11.443151772662132,
        "13,1": 35.59237446516736,
        "13,2": 49.32782687285886,
        "13,3": 24.803817808606205,
        "13,4": 61.0960608654732,
        "13,5": 16.04248795565339,
        "13,6": 61.54948026397697,
        "13,7": 24.619304904260236,
        "13,8": 34.520596246404644,
        "13,9": 51.35416549753305,
        "13,10": 47.563235612723574,
        "13,11": 30.77322794017982,
        "13,12": 9.684707135516186,
        "13,13": 0.0,
        "13,14": 37.30813645408666,
        "13,15": 36.278323480720125,
        "13,16": 36.68787778593921,
        "13,17": 43.53402914557651,
        "13,18": 43.52858440469308,
        "13,19": 26.841950359919437,
        "13,20": 51.13078428245022,
        "13,21": 33.27362804299713,
        "13,22": 49.68625793618369,
        "13,23": 55.26028828074799,
        "13,24": 14.899555125297226,
        "13,25": 24.29336930973112,
        "13,26": 58.87605906365445,
        "13,27": 32.177170025961004,
        "13,28": 69.96451841931234,
        "13,29": 37.94586103120882,
        "13,30": 18.890859285058294,
        "13,31": 51.795433425394215,
        "13,32": 40.93200102506887,
        "13,33": 23.755607739483033,
        "13,34": 36.95778992012736,
        "13,35": 50.198687356797585,
        "13,36": 33.04935335182309,
        "13,37": 16.621007925703967,
        "13,38": 34.90601778364289,
        "13,39": 65.44517201744895,
        "13,40": 25.567351948526916,
        "13,41": 59.99466240949008,
        "13,42": 61.169672128904445,
        "13,43": 17.479282541533408,
        "13,44": 19.376380477166393,
        "13,45": 32.85146280835485,
        "13,46": 38.07160035470562,
        "13,47": 32.36726729148105,
        "13,48": 51.79256634093452,
        "13,49": 17.008875582893456,
        "13,50": 51.981885600190175,
        "13,51": 27.676979822857408,
        "13,52": 34.89651326812758,
        "13,53": 25.775671109430192,
        "13,54": 37.31977145935929,
        "13,55": 50.330541201432055,
        "13,56": 69.19178115176857,
        "13,57": 57.28618350352064,
        "13,58": 13.987968362148031,
        "13,59": 54.64719262091285,
        "13,60": 53.06958600764388,
        "14,0": 32.485149629179226,
        "14,1": 44.984413336711334,
        "14,2": 27.915612304656584,
        "14,3": 18.761462658223593,
        "14,4": 31.29896290869939,
        "14,5": 35.99913945973604,
        "14,6": 56.09787299617839,
        "14,7": 28.26433206940245,
        "14,8": 59.65449765400823,
        "14,9": 51.667069320196305,
        "14,10": 33.69655405437733,
        "14,11": 34.03983035506279,
        "14,12": 36.48431306680359,
        "14,13": 37.30813645408666,
        "14,14": 0.0,
        "14,15": 46.61003957786412,
        "14,16": 15.692410024609833,
        "14,17": 58.74099039380708,
        "14,18": 21.314317312959535,
        "14,19": 14.6208063995154,
        "14,20": 51.67936745468859,
        "14,21": 5.921200002423673,
        "14,22": 19.18950542470118,
