{
    "num_robots": 6,
    "num_tasks": 60,
    "num_nodes": 61,
    "robot_capacity": [
        142,
        147,
        136,
        162,
        140,
        129
    ],
    "robot_speed": [
        1.03,
        0.99,
        1.14,
        1.16,
        0.97,
        1.03
    ],
    "task_demand": {
        "0": 0,
        "1": 5,
        "2": 15,
        "3": 15,
        "4": 8,
        "5": 13,
        "6": 15,
        "7": 13,
        "8": 6,
        "9": 5,
        "10": 7,
        "11": 9,
        "12": 7,
        "13": 10,
        "14": 12,
        "15": 14,
        "16": 5,
        "17": 14,
        "18": 8,
        "19": 12,
        "20": 14,
        "21": 7,
        "22": 14,
        "23": 7,
        "24": 11,
        "25": 10,
        "26": 11,
        "27": 13,
        "28": 13,
        "29": 6,
        "30": 6,
        "31": 9,
        "32": 9,
        "33": 5,
        "34": 6,
        "35": 6,
        "36": 7,
        "37": 11,
        "38": 9,
        "39": 13,
        "40": 12,
        "41": 10,
        "42": 12,
        "43": 5,
        "44": 7,
        "45": 15,
        "46": 11,
        "47": 6,
        "48": 8,
        "49": 11,
        "50": 7,
        "51": 8,
        "52": 5,
        "53": 11,
        "54": 9,
        "55": 7,
        "56": 11,
        "57": 15,
        "58": 9,
        "59": 9,
        "60": 7
    },
    "task_service_time": {
        "0": 0,
        "1": 98,
        "2": 65,
        "3": 75,
        "4": 43,
        "5": 67,
        "6": 87,
        "7": 26,
        "8": 64,
        "9": 44,
        "10": 43,
        "11": 65,
        "12": 67,
        "13": 66,
        "14": 50,
        "15": 39,
        "16": 83,
        "17": 73,
        "18": 22,
        "19": 47,
        "20": 100,
        "21": 82,
        "22": 74,
        "23": 47,
        "24": 48,
        "25": 80,
        "26": 53,
        "27": 28,
        "28": 32,
        "29": 86,
        "30": 23,
        "31": 54,
        "32": 76,
        "33": 89,
        "34": 18,
        "35": 84,
        "36": 48,
        "37": 47,
        "38": 42,
        "39": 56,
        "40": 11,
        "41": 75,
        "42": 87,
        "43": 32,
        "44": 45,
        "45": 72,
        "46": 36,
        "47": 70,
        "48": 59,
        "49": 52,
        "50": 28,
        "51": 45,
        "52": 53,
        "53": 76,
        "54": 89,
        "55": 93,
        "56": 29,
        "57": 89,
        "58": 10,
        "59": 52,
        "60": 56
    },
    "task_precedence": [],
    "coordinates": {
        "0": [
            50.0,
            50.0
        ],
        "1": [
            11.477463499878882,
            5.354703726991716
        ],
        "2": [
            78.14748850560993,
            0.7443368197825762
        ],
        "3": [
            8.78574935115336,
            17.13529484030989
        ],
        "4": [
            47.856509788050914,
            98.52889913667019
        ],
        "5": [
            89.87838234375505,
            1.9394903432859656
        ],
        "6": [
            1.892429993307676,
            71.61904053946351
        ],
        "7": [
            18.285379803301016,
            72.36693352101844
        ],
        "8": [
            49.15796592286659,
            30.309694730564175
        ],
        "9": [
            27.256401342366885,
            74.25539573113696
        ],
        "10": [
            25.919378476437693,
            37.17511265558806
        ],
        "11": [
            53.00758590790371,
            51.63985906663152
        ],
        "12": [
            68.3482661244333,
            26.30664358898237
        ],
        "13": [
            92.17930413516939,
            89.79409731310069
        ],
        "14": [
            66.03156257671847,
            64.56077492846683
        ],
        "15": [
            67.87184540601416,
            59.12678936175375
        ],
        "16": [
            15.217420980461894,
            29.285409714826272
        ],
        "17": [
            44.872899880185635,
            28.470878527621213
        ],
        "18": [
            85.46515634875452,
            45.173498664557854
        ],
        "19": [
            45.68615668919729,
            98.50910586910186
        ],
        "20": [
            7.982251597707791,
            81.39857691444102
        ],
        "21": [
            84.65810759653235,
            9.292403810899884
        ],
        "22": [
            91.81432233226066,
            50.2484916272899
        ],
        "23": [
            55.60436720785091,
            38.6329537062806
        ],
        "24": [
            27.453193675250066,
            48.4286332223975
        ],
        "25": [
            89.37743848093388,
            80.74887554943345
        ],
        "26": [
            39.89375090636996,
            92.64285145272346
        ],
        "27": [
            22.825915875187242,
            2.0283261724282964
        ],
        "28": [
            41.87729971065857,
            88.61179746687964
        ],
        "29": [
            19.70683549195462,
            17.98011749510525
        ],
        "30": [
            38.75385700867571,
            32.36943291988283
        ],
        "31": [
            59.90228923759764,
            9.90284393514722
        ],
        "32": [
            0.8223421369596862,
            20.003038387315808
        ],
        "33": [
            91.74089836928434,
            67.34917294021592
        ],
        "34": [
            47.17531118598161,
            94.96174009562654
        ],
        "35": [
            67.39472570144733,
            28.745492304661692
        ],
        "36": [
            39.01977449497862,
            14.74026241698736
        ],
        "37": [
            34.40580034462412,
            43.945640402868456
        ],
        "38": [
            12.006214053272712,
            32.10677479163881
        ],
        "39": [
            2.5033441908521525,
            85.64578546432845
        ],
        "40": [
            69.92301745780432,
            59.06540859089794
        ],
        "41": [
            98.83567839705145,
            1.8072680801533347
        ],
        "42": [
            83.51375410115831,
            66.93765041849241
        ],
        "43": [
            29.87853579459937,
            41.26633106051501
        ],
        "44": [
            50.47926089110286,
            79.2964463731576
        ],
        "45": [
            64.69183961912131,
            28.078994670861658
        ],
        "46": [
            13.026354377347571,
            25.477671474831098
        ],
        "47": [
            83.53268295880656,
            25.0065373121645
        ],
        "48": [
            26.383278129425058,
            34.96484738523116
        ],
        "49": [
            6.4613705975420155,
            67.04877059974986
        ],
        "50": [
            18.35207300982249,
            55.20718452464464
        ],
        "51": [
            2.372383467362982,
            14.410449701629746
        ],
        "52": [
            57.34239208606884,
            83.62422525617525
        ],
        "53": [
            44.5025142397421,
            38.95890394360101
        ],
        "54": [
            11.806439058318674,
            57.95874599445153
        ],
        "55": [
            53.10040359974381,
            56.73971374641713
        ],
        "56": [
            63.789408761114686,
            24.619687787629886
        ],
        "57": [
            41.31014157146576,
            18.93557560803849
        ],
        "58": [
            60.04222332095742,
            97.63177195535198
        ],
        "59": [
            79.47967996656374,
            12.836429739308286
        ],
        "60": [
            33.02347321776906,
            66.50409721826084
        ]
    },
    "distance_matrix_str_keys": {
        "0,0": 0.0,
        "0,1": 58.967688590514136,
        "0,2": 56.730956844534795,
        "0,3": 52.71340722984351,
        "0,4": 48.576214361617666,
        "0,5": 62.450764341341866,
        "0,6": 52.74202504451047,
        "0,7": 38.80846363043151,
        "0,8": 19.708301372534017,
        "0,9": 33.250496266575446,
        "0,10": 27.28285300986519,
        "0,11": 3.425596408194432,
        "0,12": 29.967215549539073,
        "0,13": 57.988480565467874,
        "0,14": 21.65703500409759,
        "0,15": 20.067414937412615,
        "0,16": 40.48360228454264,
        "0,17": 22.131204825111574,
        "0,18": 35.79207216664925,
        "0,19": 48.70054000039311,
        "0,20": 52.45342517939509,
        "0,21": 53.46300412123931,
        "0,22": 41.815060686253055,
        "0,23": 12.67354225321376,
        "0,24": 22.601497052087865,
        "0,25": 49.960744678940465,
        "0,26": 43.824069308560766,
        "0,27": 55.13358629584447,
        "0,28": 39.456927954591194,
        "0,29": 44.0788916777494,
        "0,30": 20.912021130149608,
        "0,31": 41.301782729492466,
        "0,32": 57.60433784783139,
        "0,33": 45.2028361763335,
        "0,34": 45.05038223281476,
        "0,35": 27.465079275323195,
        "0,36": 36.9298584693204,
        "0,37": 16.728249550479095,
        "0,38": 41.99637221145255,
        "0,39": 59.384798849719004,
        "0,40": 21.88854169523182,
        "0,41": 68.61095316637457,
        "0,42": 37.55070859054409,
        "0,43": 21.935138360943697,
        "0,44": 29.300366228036115,
        "0,45": 26.38902472684609,
        "0,46": 44.366598550326096,
        "0,47": 41.82241030289934,
        "0,48": 27.99652417821689,
        "0,49": 46.75759648664027,
        "0,50": 32.07344779485525,
        "0,51": 59.455915996813516,
        "0,52": 34.41655481920844,
        "0,53": 12.334024153165412,
        "0,54": 39.013968462720165,
        "0,55": 7.418641645540536,
        "0,56": 28.884390974685445,
        "0,57": 32.256969825323964,
        "0,58": 48.678865525345145,
        "0,59": 47.436088429089395,
        "0,60": 23.676733021631374,
        "1,0": 58.967688590514136,
        "1,1": 0.0,
        "1,2": 66.82924298003002,
        "1,3": 12.08419016887935,
        "1,4": 100.02432553673087,
        "1,5": 78.47526844822067,
        "1,6": 66.95397822772593,
        "1,7": 67.35715749912434,
        "1,8": 45.19482092936274,
        "1,9": 70.6843705361177,
        "1,10": 34.94434621756783,
        "1,11": 62.18574331822459,
        "1,12": 60.60752408027817,
        "1,13": 116.80238983477028,
        "1,14": 80.50781696953266,
        "1,15": 77.92152144361158,
        "1,16": 24.221188472755617,
        "1,17": 40.615424513900805,
        "1,18": 84.02211091956394,
        "1,19": 99.23697560977406,
        "1,20": 76.12415618967445,
        "1,21": 73.28650730081134,
        "1,22": 92.02968585783067,
        "1,23": 55.26866700524518,
        "1,24": 45.941129250503344,
        "1,25": 108.40981158013726,
        "1,26": 91.79709212909454,
        "1,27": 11.825910491380581,
        "1,28": 88.63347956418453,
        "1,29": 15.070621626198152,
        "1,30": 38.39006689512246,
        "1,31": 48.63794122988215,
        "1,32": 18.11367769337274,
        "1,33": 101.41761774989934,
        "1,34": 96.45598631598784,
        "1,35": 60.612450885970716,
        "1,36": 29.09755327985748,
        "1,37": 44.88840634270313,
        "1,38": 26.757295890946132,
        "1,39": 80.79104296841535,
        "1,40": 79.3770911184481,
        "1,41": 87.4302122248885,
        "1,42": 94.7717599646656,
        "1,43": 40.35151099199864,
        "1,44": 83.59737738289348,
        "1,45": 57.86331501618144,
        "1,46": 20.182489785229418,
        "1,47": 74.68700833835531,
        "1,48": 33.150323033599086,
        "1,49": 61.89764999824491,
        "1,50": 50.32424959792804,
        "1,51": 12.841690603487246,
        "1,52": 90.71774729689682,
        "1,53": 47.115774943945304,
        "1,54": 52.60507093232315,
        "1,55": 66.12781863371416,
        "1,56": 55.746562475826025,
        "1,57": 32.778480165687185,
        "1,58": 104.2765228481488,
        "1,59": 68.41255490409081,
        "1,60": 64.83424140925445,
        "2,0": 56.730956844534795,
        "2,1": 66.82924298003002,
        "2,2": 0.0,
        "2,3": 71.27211490731534,
        "2,4": 102.3687648610302,
        "2,5": 11.791618302276143,
        "2,6": 104.10599202767916,
        "2,7": 93.34488961113475,
        "2,8": 41.406555132828935,
        "2,9": 89.40793328852544,
        "2,10": 63.678700561632304,
        "2,11": 56.76591307643745,
        "2,12": 27.376199273062557,
        "2,13": 90.1484980117765,
        "2,14": 64.95639640554202,
        "2,15": 59.27984148026871,
        "2,16": 69.09982808024843,
        "2,17": 43.31234654538739,
        "2,18": 45.02775460637392,
        "2,19": 103.0130483509831,
        "2,20": 106.9030725264192,
        "2,21": 10.745120298615216,
        "2,22": 51.356048232422786,
        "2,23": 44.0878623593535,
        "2,24": 69.59672155899217,
        "2,25": 80.7888482019176,
        "2,26": 99.54238008030728,
        "2,27": 55.33647103819361,
        "2,28": 95.0590197497879,
        "2,29": 60.929320200953214,
        "2,30": 50.51737231741992,
        "2,31": 20.414836489956535,
        "2,32": 79.68736315753264,
        "2,33": 67.97782716703752,
        "2,34": 99.17759246907293,
        "2,35": 29.994776485430904,
        "2,36": 41.555552421069386,
        "2,37": 61.47916650745092,
        "2,38": 73.20020971088762,
        "2,39": 113.7114442395943,
        "2,40": 58.898126766033755,
        "2,41": 20.715477881251417,
        "2,42": 66.41047787525031,
        "2,43": 63.02320059362049,
        "2,44": 83.28243953327498,
        "2,45": 30.46699865086848,
        "2,46": 69.65988769234242,
        "2,47": 24.852659657092588,
        "2,48": 62.05301619768296,
        "2,49": 97.64823316174994,
        "2,50": 80.88073623822211,
        "2,51": 76.99759207180928,
        "2,52": 85.45131914871354,
        "2,53": 50.91500205059147,
        "2,54": 87.60492828017375,
        "2,55": 61.34198154149851,
        "2,56": 27.860129895375078,
        "2,57": 41.08419766525625,
        "2,58": 98.56457636775882,
        "2,59": 12.165255659585705,
        "2,60": 79.75288611305905,
        "3,0": 52.71340722984351,
        "3,1": 12.08419016887935,
        "3,2": 71.27211490731534,
        "3,3": 0.0,
        "3,4": 90.28534289390456,
        "3,5": 82.50410656436785,
        "3,6": 54.91808806922626,
        "3,7": 56.04263457479236,
        "3,8": 42.46740730703545,
        "3,9": 60.03224892304788,
        "3,10": 26.36580256833332,
        "3,11": 56.0904250376149,
        "3,12": 60.26447578994635,
        "3,13": 110.60644898148892,
        "3,14": 74.33881417838501,
        "3,15": 72.487601416716,
        "3,16": 13.74742490109317,
        "3,17": 37.82562479109992,
        "3,18": 81.64479365638594,
        "3,19": 89.34952256762827,
        "3,20": 64.26830503116707,
        "3,21": 76.2766391853648,
        "3,22": 89.38807377235693,
        "3,23": 51.518271658986464,
        "3,24": 36.43825605993086,
        "3,25": 102.67282019808046,
        "3,26": 81.66455085492234,
        "3,27": 20.62393702363731,
        "3,28": 78.76510098337779,
        "3,29": 10.953713882188856,
        "3,30": 33.61794817653725,
        "3,31": 51.62566218517723,
        "3,32": 8.464030216774153,
        "3,33": 96.96901722948697,
        "3,34": 86.77968678757088,
        "3,35": 59.747876899439355,
        "3,36": 30.328739781043065,
        "3,37": 37.08344161606155,
        "3,38": 15.313934988455468,
        "3,39": 68.79793558052388,
        "3,40": 74.13433746032788,
        "3,41": 91.34515928899219,
        "3,42": 89.80283578513816,
        "3,43": 32.050156770438285,
        "3,44": 74.84889888583236,
        "3,45": 56.967143995740216,
        "3,46": 9.35831068625043,
        "3,47": 75.16023244906607,
        "3,48": 25.051266695602624,
        "3,49": 49.9675674710951,
        "3,50": 39.25536055723559,
        "3,51": 6.968216629034659,
        "3,52": 82.33180079126173,
        "3,53": 41.85638790435669,
        "3,54": 40.93505503161762,
        "3,55": 59.43314376728308,
        "3,56": 55.51052770670552,
        "3,57": 32.57417842622238,
        "3,58": 95.43012601767693,
        "3,59": 70.82451600267429,
        "3,60": 54.99769001028577,
        "4,0": 48.576214361617666,
        "4,1": 100.02432553673087,
        "4,2": 102.3687648610302,
        "4,3": 90.28534289390456,
        "4,4": 0.0,
        "4,5": 105.33447519280347,
        "4,6": 53.26196692856153,
        "4,7": 39.48290989085682,
        "4,8": 68.23161758212188,
        "4,9": 31.83657386642564,
        "4,10": 65.15769214566441,
        "4,11": 47.17113167904931,
        "4,12": 75.07307289664645,
        "4,13": 45.1752903879321,
        "4,14": 38.524875160015554,
        "4,15": 44.194342563435356,
        "4,16": 76.55044706272258,
        "4,17": 70.12152436834387,
        "4,18": 65.27793697465789,
        "4,19": 2.1704433526688875,
        "4,20": 43.398207401545335,
        "4,21": 96.52724848084841,
        "4,22": 65.29385141760064,
        "4,23": 60.394979705251636,
        "4,24": 54.09558164101494,
        "4,25": 45.1676516799597,
        "4,26": 9.902074850529235,
        "4,27": 99.69398785311812,
        "4,28": 11.580149337489253,
        "4,29": 85.32590689185093,
        "4,30": 66.782731732927,
        "4,31": 89.44092163618686,
        "4,32": 91.53427627428947,
        "4,33": 53.833213603077304,
        "4,34": 3.6316188070281603,
        "4,35": 72.46699766210897,
        "4,36": 84.25332951274277,
        "4,37": 56.216133969996854,
        "4,38": 75.47941644433843,
        "4,39": 47.147473395521544,
        "4,40": 45.21391209346457,
        "4,41": 109.33411885728019,
        "4,42": 47.638703462399135,
        "4,43": 60.018407606213,
        "4,44": 19.410462710850137,
        "4,45": 72.43353760353334,
        "4,46": 80.92973241544539,
        "4,47": 81.72103168929817,
        "4,48": 67.09313193557617,
        "4,49": 52.00534627615349,
        "4,50": 52.41452801014492,
        "4,51": 95.6280256123264,
        "4,52": 17.667237091740123,
        "4,53": 59.66434122187524,
        "4,54": 54.27287467604579,
        "4,55": 42.116913916967505,
        "4,56": 75.60706839921096,
        "4,57": 79.86208166057627,
        "4,58": 12.218692707713075,
        "4,59": 91.3412513794123,
        "4,60": 35.293156727737944,
        "5,0": 62.450764341341866,
        "5,1": 78.47526844822067,
        "5,2": 11.791618302276143,
        "5,3": 82.50410656436785,
        "5,4": 105.33447519280347,
        "5,5": 0.0,
        "5,6": 112.23532209851238,
        "5,7": 100.42700217227534,
        "5,8": 49.628830436214216,
        "5,9": 95.661395957841,
        "5,10": 73.02262153219861,
        "5,11": 61.88361884255391,
        "5,12": 32.51621229043682,
        "5,13": 87.88473250178795,
        "5,14": 67.00817932237628,
        "5,15": 61.27540156555321,
        "5,16": 79.51137313596047,
        "5,17": 52.24373656972229,
        "5,18": 43.45867047214808,
        "5,19": 106.20095786341692,
        "5,20": 114.10838124299188,
        "5,21": 9.017572006849138,
        "5,22": 48.347776253898054,
        "5,23": 50.210739559456954,
        "5,24": 77.83408370330372,
        "5,25": 78.81097728949081,
        "5,26": 103.5642945057815,
        "5,27": 67.05252531652295,
        "5,28": 99.07670137865867,
        "5,29": 71.98157894210229,
        "5,30": 59.49536533169749,
        "5,31": 31.015821097272713,
        "5,32": 90.86952220218463,
        "5,33": 65.4361944444852,
        "5,34": 102.35570934389877,
        "5,35": 34.986805472384404,
        "5,36": 52.444806778159425,
        "5,37": 69.58249777407008,
        "5,38": 83.51131447444133,
        "5,39": 121.0005832015379,
        "5,40": 60.511049597278365,
        "5,41": 8.958271893242983,
        "5,42": 65.3090292825473,
        "5,43": 71.73968209241335,
        "5,44": 86.81238055397588,
        "5,45": 36.29925096900966,
        "5,46": 80.37586810436889,
        "5,47": 23.923974514043106,
        "5,48": 71.57026244842606,
        "5,49": 105.81878956112946,
        "5,50": 89.18217406148025,
        "5,51": 88.3901842212844,
        "5,52": 87.92602902347657,
        "5,53": 58.56113377918814,
        "5,54": 96.09050594140422,
        "5,55": 65.99760757427521,
        "5,56": 34.56914662976411,
        "5,57": 51.45620396066738,
        "5,58": 100.23576779451842,
        "5,59": 15.062413462987514,
        "5,60": 86.0294667694981,
        "6,0": 52.74202504451047,
        "6,1": 66.95397822772593,
        "6,2": 104.10599202767916,
        "6,3": 54.91808806922626,
        "6,4": 53.26196692856153,
        "6,5": 112.23532209851238,
        "6,6": 0.0,
        "6,7": 16.410001443778725,
        "6,8": 62.77334575970643,
        "6,9": 25.500615900259348,
        "6,10": 41.99617150980071,
        "6,11": 54.88102455765394,
        "6,12": 80.43377072651136,
        "6,13": 92.09805823704055,
        "6,14": 64.52633138485193,
        "6,15": 67.15161649349538,
        "6,16": 44.381208676695785,
        "6,17": 60.90225510354287,
        "6,18": 87.65710054262455,
        "6,19": 51.39033091298881,
        "6,20": 11.52064489874272,
        "6,21": 103.60872084441185,
        "6,22": 92.42644146901824,
        "6,23": 63.03216737432815,
        "6,24": 34.513006700887914,
        "6,25": 87.96010798873147,
        "6,26": 43.42926451661429,
        "6,27": 72.67102832134091,
        "6,28": 43.44586970366427,
        "6,29": 56.51979395423174,
        "6,30": 53.84511584071809,
        "6,31": 84.69966170443041,
        "6,32": 51.62709333470963,
        "6,33": 89.94986958758741,
        "6,34": 50.94527408581798,
        "6,35": 78.2859622236225,
        "6,36": 67.92374482058264,
        "6,37": 42.69585842587033,
        "6,38": 40.78612230328257,
        "6,39": 14.040042355491163,
        "6,40": 69.17914791224719,
        "6,41": 119.4641242590447,
        "6,42": 81.75546442032805,
        "6,43": 41.285700801058745,
        "6,44": 49.189660468702,
        "6,45": 76.41663067415814,
        "6,46": 47.465674032379816,
        "6,47": 94.00987374412121,
        "6,48": 44.08323398089276,
        "6,49": 6.4623978186793405,
        "6,50": 23.24368443432003,
        "6,51": 57.21060409563891,
        "6,52": 56.734669789917874,
        "6,53": 53.687091576547864,
        "6,54": 16.878721005976853,
        "6,55": 53.325893585496786,
        "6,56": 77.71856367479808,
        "6,57": 65.79744268008862,
        "6,58": 63.7029093508572,
        "6,59": 97.3405192655918,
        "6,60": 31.54844683058738,
        "7,0": 38.80846363043151,
        "7,1": 67.35715749912434,
        "7,2": 93.34488961113475,
        "7,3": 56.04263457479236,
        "7,4": 39.48290989085682,
        "7,5": 100.42700217227534,
        "7,6": 16.410001443778725,
        "7,7": 0.0,
        "7,8": 52.17209894557899,
        "7,9": 9.167634208094773,
        "7,10": 36.010306740792885,
        "7,11": 40.438140563188696,
        "7,12": 68.02825071560959,
        "7,13": 75.92113072788071,
        "7,14": 48.38010005575281,
        "7,15": 51.323668889968936,
        "7,16": 43.19062473271414,
        "7,17": 51.320170185046116,
        "7,18": 72.47485961345238,
        "7,19": 37.8710410343783,
        "7,20": 13.701278524533558,
        "7,21": 91.56273965356766,
        "7,22": 76.78366272348107,
        "7,23": 50.305946120136674,
        "7,24": 25.633786930097877,
        "7,25": 71.58447987651864,
        "7,26": 29.63164777229208,
        "7,27": 70.48500657274028,
        "7,28": 28.643922383896985,
        "7,29": 54.40538846209384,
        "7,30": 44.93059774190397,
        "7,31": 75.05817502880144,
        "7,32": 55.19905069935045,
        "7,33": 73.62670119626287,
        "7,34": 36.67633323329837,
        "7,35": 65.68529506926072,
        "7,36": 61.243353482336666,
        "7,37": 32.67472816928875,
        "7,38": 40.74688090432409,
        "7,39": 20.625240774472243,
        "7,40": 53.32331748873466,
        "7,41": 107.08415844871344,
        "7,42": 65.4539374564185,
        "7,43": 33.191094276098354,
        "7,44": 32.93120295196467,
        "7,45": 64.14811797888204,
        "7,46": 47.18326232539299,
        "7,47": 80.62392757814563,
        "7,48": 38.268681772555134,
        "7,49": 12.964954707018054,
        "7,50": 17.15987860103759,
        "7,51": 60.10139323755017,
        "7,52": 40.64697806315627,
        "7,53": 42.46686447459975,
        "7,54": 15.797865076576345,
        "7,55": 38.16144493897693,
        "7,56": 65.95768436291664,
        "7,57": 58.18117962800089,
        "7,58": 48.80518457777843,
        "7,59": 85.3734341172692,
        "7,60": 15.861407472431905,
        "8,0": 19.708301372534017,
        "8,1": 45.19482092936274,
        "8,2": 41.406555132828935,
        "8,3": 42.46740730703545,
        "8,4": 68.23161758212188,
        "8,5": 49.628830436214216,
        "8,6": 62.77334575970643,
        "8,7": 52.17209894557899,
        "8,8": 0.0,
        "8,9": 49.100948743436135,
        "8,10": 24.2315065522258,
        "8,11": 21.674766080233407,
        "8,12": 19.603368084805492,
        "8,13": 73.41137304381809,
        "8,14": 38.181864265119906,
        "8,15": 34.360358384229734,
        "8,16": 33.95599727265948,
        "8,17": 4.662942849568604,
        "8,18": 39.231935257005794,
        "8,19": 68.28772319383836,
        "8,20": 65.61641054633465,
        "8,21": 41.25514000039441,
        "8,22": 47.086307604378305,
        "8,23": 10.52771245351485,
        "8,24": 28.273540110706755,
        "8,25": 64.51137058323685,
        "8,26": 63.01783959182632,
        "8,27": 38.64211002565215,
        "8,28": 58.75494263438158,
        "8,29": 31.927849261479167,
        "8,30": 10.606036192041012,
        "8,31": 23.06252464232576,
        "8,32": 49.422259071703216,
        "8,33": 56.43783378000474,
        "8,34": 64.68243880445274,
        "8,35": 18.303719197224904,
        "8,36": 18.5792935278915,
        "8,37": 20.088937344367316,
        "8,38": 37.195190061697275,
        "8,39": 72.37911761449394,
        "8,40": 35.46940152957209,
        "8,41": 57.27358415211879,
        "8,42": 50.218794482031164,
        "8,43": 22.175308469952256,
        "8,44": 49.00456771451224,
        "8,45": 15.693223211550622,
        "8,46": 36.45328245330217,
        "8,47": 34.7813836686419,
        "8,48": 23.24557700567976,
        "8,49": 56.32724871761721,
        "8,50": 39.609191309799314,
        "8,51": 49.41332530998924,
        "8,52": 53.939076714263706,
        "8,53": 9.822527698346688,
        "8,54": 46.471567596823284,
        "8,55": 26.722438511752816,
        "8,56": 15.69889481904895,
        "8,57": 13.818789124371362,
        "8,58": 68.19625459633532,
        "8,59": 34.99601880217791,
        "8,60": 39.6277254746248,
        "9,0": 33.250496266575446,
        "9,1": 70.6843705361177,
        "9,2": 89.40793328852544,
        "9,3": 60.03224892304788,
        "9,4": 31.83657386642564,
        "9,5": 95.661395957841,
        "9,6": 25.500615900259348,
        "9,7": 9.167634208094773,
        "9,8": 49.100948743436135,
        "9,9": 0.0,
        "9,10": 37.10438010675904,
        "9,11": 34.27223373449609,
        "9,12": 63.14763798636813,
        "9,13": 66.7565319193336,
        "9,14": 39.96872278741875,
        "9,15": 43.34153928008329,
        "9,16": 46.553589447662496,
        "9,17": 49.05673283344499,
        "9,18": 65.06931608972666,
        "9,19": 30.461423761873725,
        "9,20": 20.55523986230887,
        "9,21": 86.68994290065189,
        "9,22": 68.8771123609917,
        "9,23": 45.52543843308815,
        "9,24": 25.82751224770035,
        "9,25": 62.45949515743658,
        "9,26": 22.31145741353785,
        "9,27": 72.36282732531551,
        "9,28": 20.49089895280219,
        "9,29": 56.7794230780174,
        "9,30": 43.43530093627187,
        "9,31": 72.15957953815636,
        "9,32": 60.349629356249054,
        "9,33": 64.85326722727517,
        "9,34": 28.731788428479025,
        "9,35": 60.681433669960825,
        "9,36": 60.66653147600071,
        "9,37": 31.141534550387487,
        "9,38": 44.822700269550374,
        "9,39": 27.24802408653055,
        "9,40": 45.28990881049257,
        "9,41": 101.84460763243437,
        "9,42": 56.73128886150771,
        "9,43": 33.093110717006674,
        "9,44": 23.763699147980606,
        "9,45": 59.444697441000436,
        "9,46": 50.81102852974799,
        "9,47": 74.7828184019887,
        "9,48": 39.30024851660532,
        "9,49": 22.00837907394708,
        "9,50": 21.026683362358707,
        "9,51": 64.81228209898293,
        "9,52": 31.510979129493087,
        "9,53": 39.28448475640993,
        "9,54": 22.4562269141261,
        "9,55": 31.220371043104887,
        "9,56": 61.63086997691508,
        "9,57": 57.077054171347726,
        "9,58": 40.26617796846226,
        "9,59": 80.6198499984086,
        "9,60": 9.661353251577664,
        "10,0": 27.28285300986519,
        "10,1": 34.94434621756783,
        "10,2": 63.678700561632304,
        "10,3": 26.36580256833332,
        "10,4": 65.15769214566441,
        "10,5": 73.02262153219861,
        "10,6": 41.99617150980071,
        "10,7": 36.010306740792885,
        "10,8": 24.2315065522258,
        "10,9": 37.10438010675904,
        "10,10": 0.0,
        "10,11": 30.70830295841705,
        "10,12": 43.79879138626999,
        "10,13": 84.61167351310458,
        "10,14": 48.56914464368292,
        "10,15": 47.34855427242974,
        "10,16": 13.295837947987248,
        "10,17": 20.85664559215585,
        "10,18": 60.080561258761385,
        "10,19": 64.44054813879056,
        "10,20": 47.72269179036007,
        "10,21": 65.02064096240137,
        "10,22": 67.1792889475603,
        "10,23": 29.720764736345767,
        "10,24": 11.357566385969793,
        "10,25": 76.97790716993607,
        "10,26": 57.20098890821461,
        "10,27": 35.282660202401935,
        "10,28": 53.855248532466646,
        "10,29": 20.175319812707016,
        "10,30": 13.704685217714646,
        "10,31": 43.57309795000691,
        "10,32": 30.409560465421684,
        "10,33": 72.40819287252489,
        "10,34": 61.57198215297658,
        "10,35": 42.323314221547754,
        "10,36": 25.979662835977006,
        "10,37": 10.856307019494546,
        "10,38": 14.807572149720066,
        "10,39": 53.83044477055417,
        "10,40": 49.14779038510167,
        "10,41": 81.04116993247942,
        "10,42": 64.82993720257424,
        "10,43": 5.693241142509788,
        "10,44": 48.75853339025939,
        "10,45": 39.82515669087787,
        "10,46": 17.408624316613516,
        "10,47": 58.884353433375836,
        "10,48": 2.2584232228233163,
        "10,49": 35.6517812960299,
        "10,50": 19.55555491199076,
        "10,51": 32.75195953473183,
        "10,52": 56.07963842334482,
        "10,53": 18.66855233157071,
        "10,54": 25.122389889972947,
        "10,55": 33.490024523685676,
        "10,56": 39.8970912144895,
        "10,57": 23.865378697104543,
        "10,58": 69.42172710305397,
        "10,59": 58.83092198676141,
        "10,60": 30.177102206330385,
        "11,0": 3.425596408194432,
        "11,1": 62.18574331822459,
        "11,2": 56.76591307643745,
        "11,3": 56.0904250376149,
        "11,4": 47.17113167904931,
        "11,5": 61.88361884255391,
        "11,6": 54.88102455765394,
        "11,7": 40.438140563188696,
        "11,8": 21.674766080233407,
        "11,9": 34.27223373449609,
        "11,10": 30.70830295841705,
        "11,11": 0.0,
        "11,12": 29.616013842899665,
        "11,13": 54.68244146931105,
        "11,14": 18.345954185554326,
        "11,15": 16.64332706135362,
        "11,16": 43.906923953582535,
        "11,17": 24.55554470962903,
        "11,18": 33.095433155834336,
        "11,19": 47.437639292395275,
        "11,20": 53.97093678722319,
        "11,21": 52.86835054925153,
        "11,22": 38.83167129110943,
        "11,23": 13.263591526162173,
        "11,24": 25.755367087327357,
        "11,25": 46.584343043344326,
        "11,26": 43.04901918814603,
        "11,27": 58.07096866831468,
        "11,28": 38.610976417391036,
        "11,29": 47.34889841302822,
        "11,30": 23.96910743874254,
        "11,31": 42.30266381789972,
        "11,32": 61.02612629135189,
        "11,33": 41.797751573616196,
        "11,34": 43.71270758397802,
        "11,35": 27.039634259186187,
        "11,36": 39.461868950038195,
        "11,37": 20.13026147341452,
        "11,38": 45.41644939067446,
        "11,39": 60.88580673342476,
        "11,40": 18.473511043023365,
        "11,41": 67.70155969857346,
        "11,42": 34.12695002604552,
        "11,43": 25.34882723988286,
        "11,44": 27.771914749150444,
        "11,45": 26.298975566815496,
        "11,46": 47.780319528949285,
        "11,47": 40.510682265841986,
        "11,48": 31.415120233066073,
        "11,49": 49.030446809651,
        "11,50": 34.83863351442565,
        "11,51": 62.84864873536601,
        "11,52": 32.276775321414725,
        "11,53": 15.26901656665809,
        "11,54": 41.682884181971446,
        "11,55": 5.100699253911143,
        "11,56": 29.091877904057817,
        "11,57": 34.733274543930726,
        "11,58": 46.52678986021694,
        "11,59": 46.973161394684865,
        "11,60": 24.906030110002543,
        "12,0": 29.967215549539073,
        "12,1": 60.60752408027817,
        "12,2": 27.376199273062557,
        "12,3": 60.26447578994635,
        "12,4": 75.07307289664645,
        "12,5": 32.51621229043682,
        "12,6": 80.43377072651136,
        "12,7": 68.02825071560959,
        "12,8": 19.603368084805492,
        "12,9": 63.14763798636813,
        "12,10": 43.79879138626999,
        "12,11": 29.616013842899665,
        "12,12": 0.0,
        "12,13": 67.81279490657508,
        "12,14": 38.32421792896134,
        "12,15": 32.823603477480994,
        "12,16": 53.2142814791776,
        "12,17": 23.57491745841727,
        "12,18": 25.474421512455038,
        "12,19": 75.67540395245135,
        "12,20": 81.72623096275527,
        "12,21": 23.568947453611216,
        "12,22": 33.52413878742187,
        "12,23": 17.729773848074835,
        "12,24": 46.49504678957611,
        "12,25": 58.36251117656752,
        "12,26": 72.18138201805549,
        "12,27": 51.591870181201855,
        "12,28": 67.69523072290725,
        "12,29": 49.348959571264025,
        "12,30": 30.209046085265854,
        "12,31": 18.45045171956839,
        "12,32": 67.81950935313924,
        "12,33": 47.240919327313186,
        "12,34": 71.84578134561785,
        "12,35": 2.6186298700348862,
        "12,36": 31.52683927505061,
        "12,37": 38.25212663125804,
        "12,38": 56.63981244281622,
        "12,39": 88.63795746147272,
        "12,40": 32.79659321046443,
        "12,41": 39.11140124571351,
        "12,42": 43.369006693166064,
        "12,43": 41.27605117857175,
        "12,44": 55.92155708789389,
        "12,45": 4.063333993925023,
        "12,46": 55.328122271755994,
        "12,47": 15.239973455718992,
        "12,48": 42.84885891594504,
        "12,49": 74.09391845028757,
        "12,50": 57.74825185516309,
        "12,51": 67.03981295756275,
        "12,52": 58.36466766395291,
        "12,53": 26.994436001281972,
        "12,54": 64.79840888988494,
        "12,55": 34.03922841045573,
        "12,56": 4.860967016428018,
        "12,57": 28.024860793971516,
        "12,58": 71.80713253940918,
        "12,59": 17.474410870776868,
        "12,60": 53.51332798636905,
        "13,0": 57.988480565467874,
        "13,1": 116.80238983477028,
        "13,2": 90.1484980117765,
        "13,3": 110.60644898148892,
        "13,4": 45.1752903879321,
        "13,5": 87.88473250178795,
        "13,6": 92.09805823704055,
        "13,7": 75.92113072788071,
        "13,8": 73.41137304381809,
        "13,9": 66.7565319193336,
        "13,10": 84.61167351310458,
        "13,11": 54.68244146931105,
        "13,12": 67.81279490657508,
        "13,13": 0.0,
        "13,14": 36.33765192158687,
        "13,15": 39.13229263475796,
        "13,16": 97.90011610608241,
        "13,17": 77.44955161747373,
        "13,18": 45.1229166195201,
        "13,19": 47.30289772904061,
        "13,20": 84.61458750570365,
        "13,21": 80.85227921397816,
        "13,22": 39.54728992957779,
        "13,23": 62.89029039839928,
        "13,24": 76.81517424772876,
        "13,25": 9.469239034806554,
        "13,26": 52.3631022437521,
        "13,27": 111.86028359992976,
        "13,28": 50.31589691190926,
        "13,29": 102.02698862821153,
        "13,30": 78.43386055358664,
        "13,31": 86.16506285611605,
        "13,32": 114.96471811614514,
        "13,33": 22.449205547637494,
        "13,34": 45.299712066395465,
        "13,35": 65.88784031681206,
        "13,36": 91.97289668255186,
        "13,37": 73.75539804845182,
        "13,38": 98.7701956714427,
        "13,39": 89.7718568546371,
        "13,40": 37.94199002755507,
        "13,41": 88.23825381761634,
        "13,42": 24.443995623424538,
        "13,43": 78.97043645118701,
        "13,44": 43.00109628618678,
        "13,45": 67.55971136456328,
        "13,46": 101.98917632755888,
        "13,47": 65.36200722623529,
        "13,48": 85.64673774173401,
        "13,49": 88.68435046420633,
        "13,50": 81.52738553315478,
        "13,51": 117.25176897191831,
        "13,52": 35.37905824517657,
        "13,53": 69.69428369419649,
        "13,54": 86.44817542460608,
        "13,55": 51.183520199680736,
        "13,56": 71.08930873446128,
        "13,57": 87.2272996151966,
        "13,58": 33.079013090734435,
        "13,59": 77.99848109048132,
        "13,60": 63.575438936319564,
        "14,0": 21.65703500409759,
        "14,1": 80.50781696953266,
        "14,2": 64.95639640554202,
        "14,3": 74.33881417838501,
        "14,4": 38.524875160015554,
        "14,5": 67.00817932237628,
        "14,6": 64.52633138485193,
        "14,7": 48.38010005575281,
        "14,8": 38.181864265119906,
        "14,9": 39.96872278741875,
        "14,10": 48.56914464368292,
        "14,11": 18.345954185554326,
        "14,12": 38.32421792896134,
        "14,13": 36.33765192158687,
        "14,14": 0.0,
        "14,15": 5.73714563446376,
        "14,16": 61.85813105097934,
        "14,17": 41.835028735850294,
        "14,18": 27.450519991971856,
        "14,19": 39.57808376340193,
        "14,20": 60.44198938533349,
        "14,21": 58.322731634965976,
