{
    "num_robots": 6,
    "num_tasks": 40,
    "num_nodes": 41,
    "robot_capacity": [
        90,
        102,
        88,
        69,
        88,
        77
    ],
    "robot_speed": [
        1.14,
        1.06,
        1.1,
        1.0,
        1.18,
        1.15
    ],
    "task_demand": {
        "0": 0,
        "1": 8,
        "2": 7,
        "3": 9,
        "4": 14,
        "5": 5,
        "6": 6,
        "7": 5,
        "8": 13,
        "9": 13,
        "10": 12,
        "11": 11,
        "12": 12,
        "13": 14,
        "14": 15,
        "15": 6,
        "16": 15,
        "17": 10,
        "18": 13,
        "19": 11,
        "20": 13,
        "21": 15,
        "22": 8,
        "23": 10,
        "24": 11,
        "25": 12,
        "26": 11,
        "27": 9,
        "28": 11,
        "29": 13,
        "30": 6,
        "31": 5,
        "32": 13,
        "33": 5,
        "34": 5,
        "35": 13,
        "36": 6,
        "37": 9,
        "38": 9,
        "39": 9,
        "40": 5
    },
    "task_service_time": {
        "0": 0,
        "1": 68,
        "2": 21,
        "3": 57,
        "4": 11,
        "5": 97,
        "6": 100,
        "7": 71,
        "8": 49,
        "9": 84,
        "10": 88,
        "11": 32,
        "12": 14,
        "13": 62,
        "14": 81,
        "15": 67,
        "16": 88,
        "17": 66,
        "18": 26,
        "19": 98,
        "20": 72,
        "21": 41,
        "22": 56,
        "23": 99,
        "24": 73,
        "25": 43,
        "26": 93,
        "27": 89,
        "28": 79,
        "29": 68,
        "30": 18,
        "31": 91,
        "32": 14,
        "33": 23,
        "34": 29,
        "35": 97,
        "36": 18,
        "37": 14,
        "38": 72,
        "39": 44,
        "40": 25
    },
    "task_precedence": [],
    "coordinates": {
        "0": [
            50.0,
            50.0
        ],
        "1": [
            2.702094430052282,
            56.42629818749087
        ],
        "2": [
            95.50303682182468,
            10.786970993416823
        ],
        "3": [
            56.923122831391424,
            51.701487964010084
        ],
        "4": [
            84.35849664670747,
            35.93783610233766
        ],
        "5": [
            46.91172201676862,
            36.191934648068035
        ],
        "6": [
            52.61849340573919,
            5.5379884399996415
        ],
        "7": [
            85.17872860212881,
            23.928220604572104
        ],
        "8": [
            63.126944045083654,
            16.25374701541624
        ],
        "9": [
            52.552904457165525,
            85.55173791337374
        ],
        "10": [
            60.68942233730334,
            15.567390578558271
        ],
        "11": [
            74.66845271475702,
            82.73342867645732
        ],
        "12": [
            86.79803586211688,
            97.47620723007859
        ],
        "13": [
            46.97734248788847,
            97.36738403010806
        ],
        "14": [
            27.374469373519982,
            85.28480376970286
        ],
        "15": [
            3.810973907334292,
            55.06039177347856
        ],
        "16": [
            44.89403430605452,
            44.243851885716765
        ],
        "17": [
            79.81061949757064,
            95.42021331767656
        ],
        "18": [
            49.57991607553526,
            16.19982607928322
        ],
        "19": [
            78.39116983688108,
            51.817274983110984
        ],
        "20": [
            4.018172624948235,
            32.48940980567334
        ],
        "21": [
            16.18613146779194,
            12.972435051079135
        ],
        "22": [
            69.91755011395429,
            94.95678155161869
        ],
        "23": [
            42.592845964976036,
            67.82636907886328
        ],
        "24": [
            0.0007946750937737335,
            85.62119749344525
        ],
        "25": [
            15.031463515527676,
            73.31080795256116
        ],
        "26": [
            31.17910688399216,
            3.515603880242968
        ],
        "27": [
            66.18647203802689,
            45.882704143666366
        ],
        "28": [
            52.68609558155754,
            35.895352528295
        ],
        "29": [
            93.58019904869704,
            47.06660203697402
        ],
        "30": [
            43.50338057587601,
            42.25943248053664
        ],
        "31": [
            26.362002846617973,
            71.11281555956494
        ],
        "32": [
            60.210938770971204,
            11.274224782455333
        ],
        "33": [
            78.65249135019748,
            20.939484694114086
        ],
        "34": [
            8.624624872824526,
            68.6174843632231
        ],
        "35": [
            80.81919052077379,
            17.918904092930575
        ],
        "36": [
            93.50804247636083,
            61.689971065251946
        ],
        "37": [
            58.484006436350136,
            34.82046441765058
        ],
        "38": [
            96.21464505030755,
            55.729409069024705
        ],
        "39": [
            68.76925025965349,
            45.74828509970036
        ],
        "40": [
            24.09731412307019,
            8.881342211349674
        ]
    },
    "distance_matrix_str_keys": {
        "0,0": 0.0,
        "0,1": 47.73247510551113,
        "0,2": 60.06819461145362,
        "0,3": 7.1291437795996515,
        "0,4": 37.12479959954702,
        "0,5": 14.149209506715762,
        "0,6": 44.539050053604704,
        "0,7": 43.78676314716691,
        "0,8": 36.20947735693358,
        "0,9": 35.64327972884414,
        "0,10": 36.05368693316672,
        "0,11": 40.9879239808132,
        "0,12": 60.067343009850255,
        "0,13": 47.46372855445788,
        "0,14": 41.915772845030816,
        "0,15": 46.46540321884706,
        "0,16": 7.694421796425939,
        "0,17": 54.32926294964972,
        "0,18": 33.80278431689165,
        "0,19": 28.44927087063686,
        "0,20": 49.20314235597874,
        "0,21": 50.14397542237755,
        "0,22": 49.17134338231815,
        "0,23": 19.304024591634374,
        "0,24": 61.39047356055467,
        "0,25": 42.026090839704096,
        "0,26": 50.150025925244286,
        "0,27": 16.701916123798746,
        "0,28": 14.358140192042185,
        "0,29": 43.678811484901225,
        "0,30": 10.105565271931914,
        "0,31": 31.693940907932294,
        "0,32": 40.049331290101705,
        "0,33": 40.81027824478499,
        "0,34": 45.371052345403534,
        "0,35": 44.48616885004079,
        "0,36": 45.051139648528824,
        "0,37": 17.389556225155452,
        "0,38": 46.56843937052367,
        "0,39": 19.244787213760837,
        "0,40": 48.59725459302236,
        "1,0": 47.73247510551113,
        "1,1": 0.0,
        "1,2": 103.41645466524564,
        "1,3": 54.42649862472079,
        "1,4": 84.18755906654457,
        "1,5": 48.62016700096447,
        "1,6": 71.28300607898468,
        "1,7": 88.64829513837223,
        "1,8": 72.56029436731987,
        "1,9": 57.73555663181373,
        "1,10": 70.93645416017316,
        "1,11": 76.62389861737654,
        "1,12": 93.58003204610459,
        "1,13": 60.303151663536426,
        "1,14": 37.96761027230465,
        "1,15": 1.7593504559857325,
        "1,16": 43.91550737946446,
        "1,17": 86.40746527510358,
        "1,18": 61.77134627396525,
        "1,19": 75.82927687139795,
        "1,20": 23.973040842134978,
        "1,21": 45.49788430590084,
        "1,22": 77.47590355115534,
        "1,23": 41.48775330563633,
        "1,24": 29.31960378059285,
        "1,25": 20.90693693616141,
        "1,26": 60.087284930980886,
        "1,27": 64.35397093911827,
        "1,28": 54.03628503861579,
        "1,29": 91.35881901112415,
        "1,30": 43.190798037455416,
        "1,31": 27.84753236465503,
        "1,32": 73.11618774390361,
        "1,33": 83.83183598276558,
        "1,34": 13.55364848359764,
        "1,35": 87.092480166779,
        "1,36": 90.95837758421686,
        "1,37": 59.82001136716983,
        "1,38": 93.51514731822455,
        "1,39": 66.92450256009255,
        "1,40": 52.13711024295177,
        "2,0": 60.06819461145362,
        "2,1": 103.41645466524564,
        "2,2": 0.0,
        "2,3": 56.23528663078185,
        "2,4": 27.509394603333845,
        "2,5": 54.831816063105265,
        "2,6": 43.204581722916835,
        "2,7": 16.711785708235023,
        "2,8": 32.834387820741384,
        "2,9": 86.2234552934248,
        "2,10": 35.140292612425384,
        "2,11": 74.90242097590715,
        "2,12": 87.12520141155638,
        "2,13": 99.2517553103957,
        "2,14": 100.95260665738988,
        "2,15": 101.82126589805917,
        "2,16": 60.66822903862264,
        "2,17": 86.07576701833923,
        "2,18": 46.24102095822353,
        "2,19": 44.455616486526374,
        "2,20": 94.0238067061777,
        "2,21": 79.34700831214697,
        "2,22": 87.97257606482945,
        "2,23": 77.80090764546506,
        "2,24": 121.32946761158388,
        "2,25": 101.90635062882193,
        "2,26": 64.73361369753532,
        "2,27": 45.72932818308331,
        "2,28": 49.63588702212846,
        "2,29": 36.33055096965095,
        "2,30": 60.78223491905401,
        "2,31": 91.75886933577456,
        "2,32": 35.29546147999751,
        "2,33": 19.672682001552854,
        "2,34": 104.36583128301865,
        "2,35": 16.324209381431793,
        "2,36": 50.94207905800154,
        "2,37": 44.1363502892273,
        "2,38": 44.94807144306298,
        "2,39": 44.01123524726323,
        "2,40": 71.43114625418288,
        "3,0": 7.1291437795996515,
        "3,1": 54.42649862472079,
        "3,2": 56.23528663078185,
        "3,3": 0.0,
        "3,4": 31.6416253754787,
        "3,5": 18.460075577610162,
        "3,6": 46.36376303532214,
        "3,7": 39.619864175564146,
        "3,8": 35.9865215880901,
        "3,9": 34.13119145697694,
        "3,10": 36.32985006615837,
        "3,11": 35.74742056499054,
        "3,12": 54.66109541969308,
        "3,13": 46.73641631705272,
        "3,14": 44.7321139862434,
        "3,15": 53.2182543694594,
        "3,16": 14.15327900617571,
        "3,17": 49.34738544435444,
        "3,18": 36.25314720181849,
        "3,19": 21.468359249456057,
        "3,20": 56.28532405084182,
        "3,21": 56.20891392733527,
        "3,22": 45.164981609118676,
        "3,23": 21.57240427111149,
        "3,24": 66.26234328254993,
        "3,25": 47.136756683123494,
        "3,26": 54.631801929226064,
        "3,27": 10.93928167988958,
        "3,28": 16.36417786899186,
        "3,29": 36.94892967811097,
        "3,30": 16.408592077245903,
        "3,31": 36.204719219262955,
        "3,32": 40.56073645785104,
        "3,33": 37.66253179757266,
        "3,34": 51.17514864884985,
        "3,35": 41.37976587683967,
        "3,36": 37.923952063210166,
        "3,37": 16.95303257830212,
        "3,38": 39.49744126785686,
        "3,39": 13.257879143748758,
        "3,40": 53.954597576428824,
        "4,0": 37.12479959954702,
        "4,1": 84.18755906654457,
        "4,2": 27.509394603333845,
        "4,3": 31.6416253754787,
        "4,4": 0.0,
        "4,5": 37.44763672458348,
        "4,6": 43.949727457972195,
        "4,7": 12.037592984681988,
        "4,8": 28.95241249114446,
        "4,9": 58.93330932030358,
        "4,10": 31.2278742392331,
        "4,11": 47.788329493362,
        "4,12": 61.58670694751505,
        "4,13": 71.90924867397538,
        "4,14": 75.38104922482415,
        "4,15": 82.78632468497271,
        "4,16": 40.32906750757519,
        "4,17": 59.655983654211155,
        "4,18": 39.989232378425505,
        "4,19": 16.96365433577,
        "4,20": 80.41429790680753,
        "4,21": 71.93664587352235,
        "4,22": 60.75999389982726,
        "4,23": 52.547579509082766,
        "4,24": 97.90126802575642,
        "4,25": 78.75897756884163,
        "4,26": 62.28361452098155,
        "4,27": 20.715281285513196,
        "4,28": 31.672429557673244,
        "4,29": 14.45300060260093,
        "4,30": 41.341300051280065,
        "4,31": 67.82973148199969,
        "4,32": 34.516637650562956,
        "4,33": 16.04708825327393,
        "4,34": 82.48380898284302,
        "4,35": 18.363240417004484,
        "4,36": 27.329226919857785,
        "4,37": 25.89860542823914,
        "4,38": 23.071077466470573,
        "4,39": 18.419270138801107,
        "4,40": 66.05652110745915,
        "5,0": 14.149209506715762,
        "5,1": 48.62016700096447,
        "5,2": 54.831816063105265,
        "5,3": 18.460075577610162,
        "5,4": 37.44763672458348,
        "5,5": 0.0,
        "5,6": 31.18062952881362,
        "5,7": 40.18410724583339,
        "5,8": 25.699508779398528,
        "5,9": 49.681114296234604,
        "5,10": 24.80316197982856,
        "5,11": 54.1899138718198,
        "5,12": 73.12099628749455,
        "5,13": 61.17548457626446,
        "5,14": 52.837619547440745,
        "5,15": 47.04990076383118,
        "5,16": 8.300869526737031,
        "5,17": 67.7519479396506,
        "5,18": 20.16937442166506,
        "5,19": 35.14408763426791,
        "5,20": 43.05305180399044,
        "5,21": 38.51242755420557,
        "5,22": 63.107648966151515,
        "5,23": 31.927889565504188,
        "5,24": 68.1460720034052,
        "5,25": 48.93017103486312,
        "5,26": 36.2664827542509,
        "5,27": 21.573757248073754,
        "5,28": 5.781985041445726,
        "5,29": 47.918734742258856,
        "5,30": 6.959261550244906,
        "5,31": 40.51862388589975,
        "5,32": 28.244670846411278,
        "5,33": 35.215247656033995,
        "5,34": 50.172881938750585,
        "5,35": 38.5177889554825,
        "5,36": 53.11654112896517,
        "5,37": 11.653269810684483,
        "5,38": 53.032924927827615,
        "5,39": 23.855300770330334,
        "5,40": 35.58603190557479,
        "6,0": 44.539050053604704,
        "6,1": 71.28300607898468,
        "6,2": 43.204581722916835,
        "6,3": 46.36376303532214,
        "6,4": 43.949727457972195,
        "6,5": 31.18062952881362,
        "6,6": 0.0,
        "6,7": 37.39477978423039,
        "6,8": 15.008498148920616,
        "6,9": 80.01377635568797,
        "6,10": 12.873569865242652,
        "6,11": 80.28285432662352,
        "6,12": 98.0860703505842,
        "6,13": 92.00250256445523,
        "6,14": 83.64696829275434,
        "6,15": 69.53159275833495,
        "6,16": 39.46911619812638,
        "6,17": 93.90541022941834,
        "6,18": 11.086376055234338,
        "6,19": 52.971720883540705,
        "6,20": 55.573107647727184,
        "6,21": 37.18316813815868,
        "6,22": 91.07676940105294,
        "6,23": 63.090062364990914,
        "6,24": 95.8224534856358,
        "6,25": 77.49799920417232,
        "6,26": 21.534561377850498,
        "6,27": 42.565081103833315,
        "6,28": 30.35743935913403,
        "6,29": 58.330841554593825,
        "6,30": 37.83582606899744,
        "6,31": 70.6361185813752,
        "6,32": 9.515757142789143,
        "6,33": 30.24855592978878,
        "6,34": 76.90567777751745,
        "6,35": 30.798805012190183,
        "6,36": 69.46222265336326,
        "6,37": 29.864153135389106,
        "6,38": 66.48160003321162,
        "6,39": 43.33260786538699,
        "6,40": 28.716470572034922,
        "7,0": 43.78676314716691,
        "7,1": 88.64829513837223,
        "7,2": 16.711785708235023,
        "7,3": 39.619864175564146,
        "7,4": 12.037592984681988,
        "7,5": 40.18410724583339,
        "7,6": 37.39477978423039,
        "7,7": 0.0,
        "7,8": 23.34906308657772,
        "7,9": 69.72734246080402,
        "7,10": 25.87720232282297,
        "7,11": 59.737077226847845,
        "7,12": 73.56581062333188,
        "7,13": 82.78077449318684,
        "7,14": 84.29687231841888,
        "7,15": 87.1201675030664,
        "7,16": 45.11741868590871,
        "7,17": 71.69324666556133,
        "7,18": 36.42805972381825,
        "7,19": 28.70314108457104,
        "7,20": 81.61084368551838,
        "7,21": 69.8570518733437,
        "7,22": 72.64957012299682,
        "7,23": 61.16048429710366,
        "7,24": 105.17273327954058,
        "7,25": 85.78623859519463,
        "7,26": 57.728970779290854,
        "7,27": 29.029384369377066,
        "7,28": 34.626340365237944,
        "7,29": 24.61644574214322,
        "7,30": 45.52875972339678,
        "7,31": 75.40419901879277,
        "7,32": 27.991322571807967,
        "7,33": 7.17804395437626,
        "7,34": 88.64344923956511,
        "7,35": 7.424113227845611,
        "7,36": 38.66946169097946,
        "7,37": 28.831392037008232,
        "7,38": 33.661655330699574,
        "7,39": 27.301761738827835,
        "7,40": 62.90745380432256,
        "8,0": 36.20947735693358,
        "8,1": 72.56029436731987,
        "8,2": 32.834387820741384,
        "8,3": 35.9865215880901,
        "8,4": 28.95241249114446,
        "8,5": 25.699508779398528,
        "8,6": 15.008498148920616,
        "8,7": 23.34906308657772,
        "8,8": 0.0,
        "8,9": 70.10008456271834,
        "8,10": 2.5323106512267843,
        "8,11": 67.47410241066945,
        "8,12": 84.60146943837812,
        "8,13": 82.70569351748007,
        "8,14": 77.74011989799311,
        "8,15": 70.88257889468201,
        "8,16": 33.404864439210115,
        "8,17": 80.90534230439197,
        "8,18": 13.54713527927879,
        "8,19": 38.70091872981802,
        "8,20": 61.297990220208334,
        "8,21": 47.055359881991436,
        "8,22": 78.99544275456185,
        "8,23": 55.51022005417222,
        "8,24": 93.79101193666737,
        "8,25": 74.62361188091855,
        "8,26": 34.39367078117398,
        "8,27": 29.786503857406412,
        "8,28": 22.24418988774068,
        "8,29": 43.32242808170662,
        "8,30": 32.5788262486664,
        "8,31": 66.03921791525278,
        "8,32": 5.77050504091311,
        "8,33": 16.217236408121327,
        "8,34": 75.5808427062368,
        "8,35": 17.77043425044436,
        "8,36": 54.65767647639095,
        "8,37": 19.138439453963414,
        "8,38": 51.50848330500324,
        "8,39": 30.02937555501712,
        "8,40": 39.719823318392955,
        "9,0": 35.64327972884414,
        "9,1": 57.73555663181373,
        "9,2": 86.2234552934248,
        "9,3": 34.13119145697694,
        "9,4": 58.93330932030358,
        "9,5": 49.681114296234604,
        "9,6": 80.01377635568797,
        "9,7": 69.72734246080402,
        "9,8": 70.10008456271834,
        "9,9": 0.0,
        "9,10": 70.45574352097843,
        "9,11": 22.294401577273764,
        "9,12": 36.2618531438676,
        "9,13": 13.06508264149704,
        "9,14": 25.1798500213645,
        "9,15": 57.49346035113447,
        "9,16": 42.011899981618036,
        "9,17": 28.98913306791455,
        "9,18": 69.4156058459535,
        "9,19": 42.492704632982345,
        "9,20": 71.91127073160715,
        "9,21": 81.18064659533897,
        "9,22": 19.748057236678363,
        "9,23": 20.33203053035458,
        "9,24": 52.55215568537779,
        "9,25": 39.467694341604705,
        "9,26": 84.77479878950342,
        "9,27": 41.94647071213618,
        "9,28": 49.65656401108597,
        "9,29": 56.25250736567447,
        "9,30": 44.22801818042593,
        "9,31": 29.907286836366517,
        "9,32": 74.67124243284815,
        "9,33": 69.68451551138642,
        "9,34": 47.07932338660805,
        "9,35": 73.30199955262759,
        "9,36": 47.39944353350006,
        "9,37": 51.07680570655678,
        "9,38": 52.87455805321988,
        "9,39": 42.98005033822311,
        "9,40": 81.78062238921154,
        "10,0": 36.05368693316672,
        "10,1": 70.93645416017316,
        "10,2": 35.140292612425384,
        "10,3": 36.32985006615837,
        "10,4": 31.2278742392331,
        "10,5": 24.80316197982856,
        "10,6": 12.873569865242652,
        "10,7": 25.87720232282297,
        "10,8": 2.5323106512267843,
        "10,9": 70.45574352097843,
        "10,10": 0.0,
        "10,11": 68.60532023146746,
        "10,12": 85.96926163135547,
        "10,13": 82.9413049238455,
        "10,14": 77.26838805775542,
        "10,15": 69.24489179125506,
        "10,16": 32.738871638446504,
        "10,17": 82.11025198016908,
        "10,18": 11.127493160763635,
        "10,19": 40.341120260625395,
        "10,20": 59.14376787695353,
        "10,21": 44.57888168635382,
        "10,22": 79.92392471178854,
        "10,23": 55.30358858423941,
        "10,24": 92.68573455926524,
        "10,25": 73.61352765490362,
        "10,26": 31.87639064849762,
        "10,27": 30.809670429315727,
        "10,28": 21.846722321418856,
        "10,29": 45.54122874034854,
        "10,30": 31.746261706262256,
        "10,31": 65.29675309852799,
        "10,32": 4.319747570874726,
        "10,33": 18.749166476096665,
        "10,34": 74.33071764471896,
        "10,35": 20.266651991104368,
        "10,36": 56.60701598373903,
        "10,37": 19.378976019122316,
        "10,38": 53.61929855972678,
        "10,39": 31.243719582519198,
        "10,40": 37.197925027221636,
        "11,0": 40.9879239808132,
        "11,1": 76.62389861737654,
        "11,2": 74.90242097590715,
        "11,3": 35.74742056499054,
        "11,4": 47.788329493362,
        "11,5": 54.1899138718198,
        "11,6": 80.28285432662352,
        "11,7": 59.737077226847845,
        "11,8": 67.47410241066945,
        "11,9": 22.294401577273764,
        "11,10": 68.60532023146746,
        "11,11": 0.0,
        "11,12": 19.09126257767755,
        "11,13": 31.320125077803045,
        "11,14": 47.362753035984305,
        "11,15": 76.06956864856004,
        "11,16": 48.66172534042332,
        "11,17": 13.689279884455134,
        "11,18": 71.10664487413442,
        "11,19": 31.13947947480767,
        "11,20": 86.69442605528991,
        "11,21": 91.03174243105138,
        "11,22": 13.11416909426708,
        "11,23": 35.37039686252921,
        "11,24": 74.7234793479831,
        "11,25": 60.376785787713104,
        "11,26": 90.3702770065002,
        "11,27": 37.81428162469921,
        "11,28": 51.740017417783875,
        "11,29": 40.37049258964088,
        "11,30": 51.082346162730815,
        "11,31": 49.684522218448706,
        "11,32": 72.90704719435091,
        "11,33": 61.92224218115536,
        "11,34": 67.5355245768414,
        "11,35": 65.10571536007386,
        "11,36": 28.24459683939787,
        "11,37": 50.57260568137983,
        "11,38": 34.54642498318953,
        "11,39": 37.452655913828416,
        "11,40": 89.50737809649735,
        "12,0": 60.067343009850255,
        "12,1": 93.58003204610459,
        "12,2": 87.12520141155638,
        "12,3": 54.66109541969308,
        "12,4": 61.58670694751505,
        "12,5": 73.12099628749455,
        "12,6": 98.0860703505842,
        "12,7": 73.56581062333188,
        "12,8": 84.60146943837812,
        "12,9": 36.2618531438676,
        "12,10": 85.96926163135547,
        "12,11": 19.09126257767755,
        "12,12": 0.0,
        "12,13": 39.82084207162337,
        "12,14": 60.66127737328284,
        "12,15": 93.19846486254629,
        "12,16": 67.74680067662888,
        "12,17": 7.283618497653671,
        "12,18": 89.39260916551045,
        "12,19": 46.42643094509249,
        "12,20": 105.24157732115681,
        "12,21": 110.12233449520369,
        "12,22": 17.06746333944219,
        "12,23": 53.22792233626581,
        "12,24": 87.60309545634749,
        "12,25": 75.72587027311117,
        "12,26": 109.18818728479204,
        "12,27": 55.55831282537441,
        "12,28": 70.39762876337973,
        "12,29": 50.86379884764879,
        "12,30": 70.16636936664229,
        "12,31": 65.93589695320283,
        "12,32": 90.20895470868928,
        "12,33": 76.96895342891753,
        "12,34": 83.33011503176256,
        "12,35": 79.78164622312428,
        "12,36": 36.40987349068853,
        "12,37": 68.75628240168537,
        "12,38": 42.79565030821344,
        "12,39": 54.779695492272175,
        "12,40": 108.5376921363457,
        "13,0": 47.46372855445788,
        "13,1": 60.303151663536426,
        "13,2": 99.2517553103957,
        "13,3": 46.73641631705272,
        "13,4": 71.90924867397538,
        "13,5": 61.17548457626446,
        "13,6": 92.00250256445523,
        "13,7": 82.78077449318684,
        "13,8": 82.70569351748007,
        "13,9": 13.06508264149704,
        "13,10": 82.9413049238455,
        "13,11": 31.320125077803045,
        "13,12": 39.82084207162337,
        "13,13": 0.0,
        "13,14": 23.027404979440565,
        "13,15": 60.4418478393469,
        "13,16": 53.164366266106015,
        "13,17": 32.890964610024355,
        "13,18": 81.20927196434914,
        "13,19": 55.332097221284144,
        "13,20": 77.81157892485777,
        "13,21": 89.83655207796551,
        "13,22": 23.06651534662979,
        "13,23": 29.86461742780407,
        "13,24": 48.42281427758887,
        "13,25": 39.9907243731784,
        "13,26": 95.17216444683197,
        "13,27": 54.95145968109833,
        "13,28": 61.73654119599164,
        "13,29": 68.5710938278521,
        "13,30": 55.21734089356372,
        "13,31": 33.3810514229162,
        "13,32": 87.10430609232424,
        "13,33": 82.73172820848276,
        "13,34": 47.932115322785286,
        "13,35": 86.35584312951265,
        "13,36": 58.63432303081621,
        "13,37": 63.59654446768351,
        "13,38": 64.48281106219707,
        "13,39": 56.03051506741955,
        "13,40": 91.3962542707629,
        "14,0": 41.915772845030816,
        "14,1": 37.96761027230465,
        "14,2": 100.95260665738988,
        "14,3": 44.7321139862434,
        "14,4": 75.38104922482415,
        "14,5": 52.837619547440745,
        "14,6": 83.64696829275434,
        "14,7": 84.29687231841888,
        "14,8": 77.74011989799311,
        "14,9": 25.1798500213645,
        "14,10": 77.26838805775542,
        "14,11": 47.362753035984305,
        "14,12": 60.66127737328284,
        "14,13": 23.027404979440565,
        "14,14": 0.0,
        "14,15": 38.32431863846325,
        "14,16": 44.62392729208127,
        "14,17": 53.40670713063233,
        "14,18": 72.56594246422918,
        "14,19": 61.01458193948119,
        "14,20": 57.731016114601935,
        "14,21": 73.17279258570731,
        "14,22": 43.628670310943306,
        "14,23": 23.16022296813415,
        "14,24": 27.375741583245418,
        "14,25": 17.196696468780253,
        "14,26": 81.85766498715034,
        "14,27": 55.3072961350471,
        "14,28": 55.497714504498454,
        "14,29": 76.44494480020361,
        "14,30": 45.949149623731834,
        "14,31": 14.208108188509312,
        "14,32": 80.96789193573805,
        "14,33": 82.27852468767259,
        "14,34": 25.086972814548123,
        "14,35": 85.99129408125374,
        "14,36": 70.21656230334708,
        "14,37": 59.28282080419837,
        "14,38": 74.91656120727812,
        "14,39": 57.24215398772534,
        "14,40": 76.4737123764389,
        "15,0": 46.46540321884706,
        "15,1": 1.7593504559857325,
        "15,2": 101.82126589805917,
        "15,3": 53.2182543694594,
        "15,4": 82.78632468497271,
        "15,5": 47.04990076383118,
        "15,6": 69.53159275833495,
        "15,7": 87.1201675030664,
        "15,8": 70.88257889468201,
        "15,9": 57.49346035113447,
        "15,10": 69.24489179125506,
        "15,11": 76.06956864856004,
        "15,12": 93.19846486254629,
        "15,13": 60.4418478393469,
        "15,14": 38.32431863846325,
        "15,15": 0.0,
        "15,16": 42.48311884582435,
        "15,17": 86.05150390853748,
        "15,18": 60.04114949989712,
        "15,19": 74.6506760277866,
        "15,20": 22.571932976587743,
        "15,21": 43.86958656874623,
        "15,22": 77.21270190254283,
        "15,23": 40.82895757739709,
        "15,24": 30.797407553807936,
        "15,25": 21.42375031961715,
        "15,26": 58.359916565967374,
        "15,27": 63.04706747567601,
        "15,28": 52.498345192392044,
        "15,29": 90.1244387324111,
        "15,30": 41.7055356752608,
        "15,31": 27.680845645112107,
        "15,32": 71.40157180612518,
        "15,33": 82.25259286532565,
        "15,34": 14.38631276959011,
        "15,35": 85.49710833184194,
        "15,36": 89.94173353600964,
        "15,37": 58.29918648907562,
        "15,38": 92.40609300711989,
        "15,39": 65.62235135506877,
        "15,40": 50.4384795350746,
        "16,0": 7.694421796425939,
        "16,1": 43.91550737946446,
        "16,2": 60.66822903862264,
        "16,3": 14.15327900617571,
        "16,4": 40.32906750757519,
        "16,5": 8.300869526737031,
        "16,6": 39.46911619812638,
        "16,7": 45.11741868590871,
        "16,8": 33.404864439210115,
        "16,9": 42.011899981618036,
        "16,10": 32.738871638446504,
        "16,11": 48.66172534042332,
        "16,12": 67.74680067662888,
        "16,13": 53.164366266106015,
        "16,14": 44.62392729208127,
        "16,15": 42.48311884582435,
        "16,16": 0.0,
        "16,17": 61.95311042111594,
        "16,18": 28.432813286578988,
        "16,19": 34.34260948417733,
        "16,20": 42.532375630641994,
        "16,21": 42.450502897101025,
        "16,22": 56.55066382180607,
        "16,23": 23.69452647651281,
        "16,24": 61.05315466136269,
        "16,25": 41.67326564130881,
        "16,26": 42.97545136223491,
        "16,27": 21.355414800310182,
        "16,28": 11.419880053751235,
        "16,29": 48.76792548144887,
        "16,30": 2.423187605802502,
        "16,31": 32.64011946853318,
        "16,32": 36.35387013394166,
        "16,33": 41.021054986461436,
        "16,34": 43.69832972533189,
        "16,35": 44.53784598905633,
        "16,36": 51.64967439209229,
        "16,37": 16.537459716519898,
        "16,38": 52.590142716807456,
        "16,39": 23.922567925001776,
        "16,40": 41.02451292628657,
        "17,0": 54.32926294964972,
        "17,1": 86.40746527510358,
        "17,2": 86.07576701833923,
        "17,3": 49.34738544435444,
        "17,4": 59.655983654211155,
        "17,5": 67.7519479396506,
        "17,6": 93.90541022941834,
        "17,7": 71.69324666556133,
        "17,8": 80.90534230439197,
        "17,9": 28.98913306791455,
        "17,10": 82.11025198016908,
        "17,11": 13.689279884455134,
        "17,12": 7.283618497653671,
        "17,13": 32.890964610024355,
        "17,14": 53.40670713063233,
        "17,15": 86.05150390853748,
        "17,16": 61.95311042111594,
        "17,17": 0.0,
        "17,18": 84.79248306065847,
        "17,19": 43.62603659223652,
        "17,20": 98.5128470485228,
        "17,21": 104.14274635398026,
        "17,22": 9.903917953559525,
        "17,23": 46.331230359223014,
        "17,24": 80.40913411620586,
        "17,25": 68.44826407838877,
        "17,26": 103.9782729945629,
        "17,27": 51.37686453224385,
        "17,28": 65.41367479102226,
        "17,29": 50.27596886087907,
        "17,30": 64.3761152705834,
        "17,31": 58.71630274184117,
        "17,32": 86.3984656759263,
        "17,33": 74.48973215888547,
        "17,34": 76.06465743116365,
        "17,35": 77.50787151675978,
        "17,36": 36.40533805181789,
        "17,37": 64.24292950519319,
        "17,38": 42.94708367560765,
        "17,39": 50.88430295817958,
        "17,40": 102.9220511266162,
        "18,0": 33.80278431689165,
        "18,1": 61.77134627396525,
        "18,2": 46.24102095822353,
        "18,3": 36.25314720181849,
        "18,4": 39.989232378425505,
        "18,5": 20.16937442166506,
        "18,6": 11.086376055234338,
        "18,7": 36.42805972381825,
        "18,8": 13.54713527927879,
        "18,9": 69.4156058459535,
        "18,10": 11.127493160763635,
        "18,11": 71.10664487413442,
        "18,12": 89.39260916551045,
        "18,13": 81.20927196434914,
        "18,14": 72.56594246422918,
        "18,15": 60.04114949989712,
        "18,16": 28.432813286578988,
        "18,17": 84.79248306065847,
        "18,18": 0.0,
        "18,19": 45.81147246833969,
        "18,20": 48.38618608896741,
        "18,21": 33.54938007292067,
        "18,22": 81.34050278644762,
        "18,23": 52.09720809042802,
        "18,24": 85.30777272829684,
        "18,25": 66.74773273168891,
        "18,26": 22.349032902973736,
        "18,27": 34.0125116849727,
        "18,28": 19.938959682675407,
        "18,29": 53.74739770203381,
        "18,30": 26.758687738132213,
        "18,31": 59.61969396405069,
        "18,32": 11.716662992771735,
        "18,33": 29.456391443726464,
        "18,34": 66.52027343202015,
        "18,35": 31.286538592211485,
        "18,36": 63.237912520349404,
        "18,37": 20.64003384885385,
        "18,38": 61.134162936064854,
        "18,39": 35.232683362341845,
        "18,40": 26.512699002421083,
        "19,0": 28.44927087063686,
        "19,1": 75.82927687139795,
        "19,2": 44.455616486526374,
        "19,3": 21.468359249456057,
        "19,4": 16.96365433577,
        "19,5": 35.14408763426791,
        "19,6": 52.971720883540705,
        "19,7": 28.70314108457104,
        "19,8": 38.70091872981802,
        "19,9": 42.492704632982345,
        "19,10": 40.341120260625395,
        "19,11": 31.13947947480767,
        "19,12": 46.42643094509249,
        "19,13": 55.332097221284144,
        "19,14": 61.01458193948119,
        "19,15": 74.6506760277866,
        "19,16": 34.34260948417733,
        "19,17": 43.62603659223652,
        "19,18": 45.81147246833969,
        "19,19": 0.0,
        "19,20": 76.8434062662723,
        "19,21": 73.33749646562137,
        "19,22": 43.96384034843968,
        "19,23": 39.21493447405538,
        "19,24": 85.36835534956992,
        "19,25": 66.90608600596056,
        "19,26": 67.5428036107266,
        "19,27": 13.571064048546177,
        "19,28": 30.236707114513486,
        "19,29": 15.914631690320588,
        "19,30": 36.173335384289864,
        "19,31": 55.49191025580454,
        "19,32": 44.432642518566894,
        "19,33": 30.878896062919626,
        "19,34": 71.76083772809046,
        "19,35": 33.98521492428202,
        "19,36": 18.055192226298036,
        "19,37": 26.176071593223934,
        "19,38": 18.247768679753587,
        "19,39": 11.376026307792014,
        "19,40": 69.21934044220099,
        "20,0": 49.20314235597874,
        "20,1": 23.973040842134978,
        "20,2": 94.0238067061777,
        "20,3": 56.28532405084182,
        "20,4": 80.41429790680753,
        "20,5": 43.05305180399044,
        "20,6": 55.573107647727184,
        "20,7": 81.61084368551838,
        "20,8": 61.297990220208334,
        "20,9": 71.91127073160715,
        "20,10": 59.14376787695353,
        "20,11": 86.69442605528991,
        "20,12": 105.24157732115681,
        "20,13": 77.81157892485777,
        "20,14": 57.731016114601935,
        "20,15": 22.571932976587743,
        "20,16": 42.532375630641994,
        "20,17": 98.5128470485228,
        "20,18": 48.38618608896741,
        "20,19": 76.8434062662723,
        "20,20": 0.0,
        "20,21": 22.99938099107465,
        "20,22": 90.80143438451096,
        "20,23": 52.31353662260788,
        "20,24": 53.28345135678101,
        "20,25": 42.28095461206212,
        "20,26": 39.713949433777174,
        "20,27": 63.5946364494547,
        "20,28": 48.78695697356249,
        "20,29": 90.74057036671398,
        "20,30": 40.67597558750562,
        "20,31": 44.62078238897821,
        "20,32": 60.06422431623502,
        "20,33": 75.52272705394527,
        "20,34": 36.420559764339686,
        "20,35": 78.17094080641468,
        "20,36": 94.13346686432602,
        "20,37": 54.51569378055525,
        "20,38": 95.08042434402896,
        "20,39": 66.09462783705031,
        "20,40": 30.99214059789608,
        "21,0": 50.14397542237755,
        "21,1": 45.49788430590084,
        "21,2": 79.34700831214697,
        "21,3": 56.20891392733527,
        "21,4": 71.93664587352235,
        "21,5": 38.51242755420557,
        "21,6": 37.18316813815868,
        "21,7": 69.8570518733437,
        "21,8": 47.055359881991436,
        "21,9": 81.18064659533897,
        "21,10": 44.57888168635382,
        "21,11": 91.03174243105138,
        "21,12": 110.12233449520369,
        "21,13": 89.83655207796551,
        "21,14": 73.17279258570731,
        "21,15": 43.86958656874623,
        "21,16": 42.450502897101025,
        "21,17": 104.14274635398026,
        "21,18": 33.54938007292067,
        "21,19": 73.33749646562137,
        "21,20": 22.99938099107465,
        "21,21": 0.0,
        "21,22": 98.02294843989185,
        "21,23": 60.87913147261784,
        "21,24": 74.42988520413299,
        "21,25": 60.34942006745622,
        "21,26": 17.726279012372636,
        "21,27": 59.85916695783517,
        "21,28": 43.10113137695373,
        "21,29": 84.57099927977552,
        "21,30": 40.049473370647085,
        "21,31": 59.024166271027724,
        "21,32": 44.05754845878882,
        "21,33": 62.972374871627544,
        "21,34": 56.15645906693788,
        "21,35": 64.82206320789422,
        "21,36": 91.38969437146221,
        "21,37": 47.60721178622362,
        "21,38": 90.73434748428049,
        "21,39": 61.96160688917555,
        "21,40": 8.906393862190303,
        "22,0": 49.17134338231815,
        "22,1": 77.47590355115534,
        "22,2": 87.97257606482945,
        "22,3": 45.164981609118676,
        "22,4": 60.75999389982726,
        "22,5": 63.107648966151515,
        "22,6": 91.07676940105294,
        "22,7": 72.64957012299682,
        "22,8": 78.99544275456185,
        "22,9": 19.748057236678363,
        "22,10": 79.92392471178854,
        "22,11": 13.11416909426708,
        "22,12": 17.06746333944219,
        "22,13": 23.06651534662979,
        "22,14": 43.628670310943306,
        "22,15": 77.21270190254283,
        "22,16": 56.55066382180607,
        "22,17": 9.903917953559525,
        "22,18": 81.34050278644762,
        "22,19": 43.96384034843968,
        "22,20": 90.80143438451096,
        "22,21": 98.02294843989185,
        "22,22": 0.0,
        "22,23": 38.505827322251264,
        "22,24": 70.53726547580828,
        "22,25": 59.00025995825003,
        "22,26": 99.30838815432008,
        "22,27": 49.215709047522246,
        "22,28": 61.523779334328594,
        "22,29": 53.417134409791906,
        "22,30": 58.94674674234207,
        "22,31": 49.65501396623895,
        "22,32": 84.24362653155416,
        "22,33": 74.53092936823332,
        "22,34": 66.71267691371219,
        "22,35": 77.80540037105038,
        "22,36": 40.78225116195281,
        "22,37": 61.21358149516224,
        "22,38": 47.226305741395315,
        "22,39": 49.22189264558857,
        "22,40": 97.5114110444549,
        "23,0": 19.304024591634374,
        "23,1": 41.48775330563633,
        "23,2": 77.80090764546506,
        "23,3": 21.57240427111149,
