{
    "num_robots": 3,
    "num_tasks": 50,
    "num_nodes": 51,
    "robot_capacity": [
        272,
        233,
        233
    ],
    "robot_speed": [
        1.14,
        0.82,
        1.15
    ],
    "task_demand": {
        "0": 0,
        "1": 10,
        "2": 12,
        "3": 15,
        "4": 7,
        "5": 10,
        "6": 10,
        "7": 12,
        "8": 13,
        "9": 14,
        "10": 15,
        "11": 7,
        "12": 7,
        "13": 10,
        "14": 6,
        "15": 10,
        "16": 5,
        "17": 6,
        "18": 10,
        "19": 6,
        "20": 8,
        "21": 11,
        "22": 14,
        "23": 15,
        "24": 8,
        "25": 7,
        "26": 11,
        "27": 5,
        "28": 8,
        "29": 8,
        "30": 12,
        "31": 15,
        "32": 10,
        "33": 14,
        "34": 8,
        "35": 14,
        "36": 6,
        "37": 6,
        "38": 15,
        "39": 12,
        "40": 8,
        "41": 5,
        "42": 12,
        "43": 13,
        "44": 9,
        "45": 7,
        "46": 9,
        "47": 6,
        "48": 15,
        "49": 10,
        "50": 11
    },
    "task_service_time": {
        "0": 0,
        "1": 34,
        "2": 95,
        "3": 46,
        "4": 86,
        "5": 86,
        "6": 25,
        "7": 13,
        "8": 52,
        "9": 62,
        "10": 65,
        "11": 32,
        "12": 90,
        "13": 52,
        "14": 62,
        "15": 37,
        "16": 82,
        "17": 35,
        "18": 17,
        "19": 74,
        "20": 85,
        "21": 18,
        "22": 38,
        "23": 17,
        "24": 46,
        "25": 25,
        "26": 82,
        "27": 55,
        "28": 41,
        "29": 80,
        "30": 51,
        "31": 14,
        "32": 17,
        "33": 48,
        "34": 78,
        "35": 99,
        "36": 52,
        "37": 59,
        "38": 40,
        "39": 90,
        "40": 32,
        "41": 44,
        "42": 80,
        "43": 91,
        "44": 33,
        "45": 49,
        "46": 18,
        "47": 25,
        "48": 29,
        "49": 24,
        "50": 64
    },
    "task_precedence": [],
    "coordinates": {
        "0": [
            0,
            100
        ],
        "1": [
            94.06328096412618,
            95.88469193313473
        ],
        "2": [
            1.1144207456744937,
            70.15098057666896
        ],
        "3": [
            86.79953150819924,
            47.57083770728067
        ],
        "4": [
            71.8255711233987,
            6.038394222373622
        ],
        "5": [
            34.29849568096962,
            5.501913826725291
        ],
        "6": [
            72.77790568711092,
            31.67015696387282
        ],
        "7": [
            78.24482097949364,
            66.49455429008292
        ],
        "8": [
            76.27588068001944,
            86.684862734221
        ],
        "9": [
            43.38697630993112,
            62.487748692261746
        ],
        "10": [
            52.60928080407427,
            79.61048971092157
        ],
        "11": [
            70.49983594182056,
            67.66397952839073
        ],
        "12": [
            99.24039101066951,
            66.01920770022117
        ],
        "13": [
            28.77061544224715,
            80.59493215795928
        ],
        "14": [
            21.322422208716752,
            68.76469616371118
        ],
        "15": [
            46.42326708377688,
            91.06623798701219
        ],
        "16": [
            3.0007830717669437,
            34.03309228173214
        ],
        "17": [
            16.584643464961346,
            26.48885093080633
        ],
        "18": [
            11.886912481266144,
            18.624891822672918
        ],
        "19": [
            26.2319505562142,
            72.1395761766542
        ],
        "20": [
            43.65811972663346,
            47.995252259728446
        ],
        "21": [
            56.53029257596596,
            84.76433602031861
        ],
        "22": [
            35.16754793943484,
            96.3495933527936
        ],
        "23": [
            21.74807918224364,
            78.89801605237736
        ],
        "24": [
            52.16866402338353,
            18.08144446644461
        ],
        "25": [
            64.17556894307305,
            34.6384427243308
        ],
        "26": [
            75.41103787365006,
            74.80362784224769
        ],
        "27": [
            80.50118781695936,
            97.0278918963332
        ],
        "28": [
            45.293782952140994,
            21.222832903234956
        ],
        "29": [
            46.31639875049539,
            64.66843782453162
        ],
        "30": [
            3.103886496640962,
            15.6390360443031
        ],
        "31": [
            63.35839830493747,
            54.821633142666535
        ],
        "32": [
            89.46106922268594,
            33.799996133745594
        ],
        "33": [
            10.18277201244102,
            50.0122163496982
        ],
        "34": [
            75.11959244333146,
            33.76258147153831
        ],
        "35": [
            45.158414239415976,
            49.9320726075673
        ],
        "36": [
            89.65215252605955,
            27.015074281984074
        ],
        "37": [
            42.080136128788816,
            61.74689622182914
        ],
        "38": [
            86.82736945426613,
            66.81923511144274
        ],
        "39": [
            67.61107154995085,
            32.72910048053724
        ],
        "40": [
            27.331024808976988,
            67.90061686823333
        ],
        "41": [
            85.49438724440303,
            89.04815881895021
        ],
        "42": [
            97.9715186147688,
            4.03909934434703
        ],
        "43": [
            36.9771196607328,
            2.584753914153348
        ],
        "44": [
            90.58941382792702,
            78.24597727543323
        ],
        "45": [
            57.90648507400584,
            82.78187453287379
        ],
        "46": [
            42.28479307603317,
            75.47635692992067
        ],
        "47": [
            38.68885351343941,
            5.0416863829998775
        ],
        "48": [
            69.15698868936931,
            7.982021867683098
        ],
        "49": [
            20.170525890717393,
            49.58178760282803
        ],
        "50": [
            45.895494700993545,
            94.17745522157807
        ]
    },
    "distance_matrix_str_keys": {
        "0,0": 0.0,
        "0,1": 94.15326115552955,
        "0,2": 29.86981576998398,
        "0,3": 101.40500840076477,
        "0,4": 118.26959045973092,
        "0,5": 100.52997113492646,
        "0,6": 99.82780677518558,
        "0,7": 85.1167839050161,
        "0,8": 77.42934104019677,
        "0,9": 57.3550234198665,
        "0,10": 56.42223459373417,
        "0,11": 77.56187908866022,
        "0,12": 104.89685149360434,
        "0,13": 34.7030974248679,
        "0,14": 37.819173637085946,
        "0,15": 47.275065631222404,
        "0,16": 66.0351240852493,
        "0,17": 75.3587382878263,
        "0,18": 82.23871910000157,
        "0,19": 38.26641406769284,
        "0,20": 67.9008483422287,
        "0,21": 58.54741186103851,
        "0,22": 35.35649723547875,
        "0,23": 30.303014283118156,
        "0,24": 97.1196130896786,
        "0,25": 91.60041931491202,
        "0,26": 79.50900454095145,
        "0,27": 80.55603432717656,
        "0,28": 90.8700656426928,
        "0,29": 58.25399624896028,
        "0,30": 84.41804517351976,
        "0,31": 77.81626737169363,
        "0,32": 111.29116505077258,
        "0,33": 51.01438385521021,
        "0,34": 100.15162895413545,
        "0,35": 67.42462257953396,
        "0,36": 115.60409955801805,
        "0,37": 56.86860122493701,
        "0,38": 92.95135956476022,
        "0,39": 95.37625972059415,
        "0,40": 42.158692040300096,
        "0,41": 86.19299899383292,
        "0,42": 137.13829849581805,
        "0,43": 104.19710911714495,
        "0,44": 93.16479701254322,
        "0,45": 60.41212509279707,
        "0,46": 48.88162021569654,
        "0,47": 102.53735276068387,
        "0,48": 115.10863296964787,
        "0,49": 54.30328034322094,
        "0,50": 46.263359816875116,
        "1,0": 94.15326115552955,
        "1,1": 0.0,
        "1,2": 96.44539655207586,
        "1,3": 48.85683745716209,
        "1,4": 92.5574035466159,
        "1,5": 108.35532353407585,
        "1,6": 67.65037843206743,
        "1,7": 33.37669646569223,
        "1,8": 20.025695147890026,
        "1,9": 60.69138053495639,
        "1,10": 44.53407445135772,
        "1,11": 36.76471882050088,
        "1,12": 30.31088281295067,
        "1,13": 67.0589958539087,
        "1,14": 77.6319953563476,
        "1,15": 47.88307029578176,
        "1,16": 110.08178278822211,
        "1,17": 104.01308579764104,
        "1,18": 112.79198663974009,
        "1,19": 71.86737721105442,
        "1,20": 69.52753923166316,
        "1,21": 39.14572177101189,
        "1,22": 58.89756787716891,
        "1,23": 74.28348111277695,
        "1,24": 88.36574135361839,
        "1,25": 68.14967624281365,
        "1,26": 28.148133783792865,
        "1,27": 13.610190178255635,
        "1,28": 89.17879305160871,
        "1,29": 57.045764800686236,
        "1,30": 121.29705986098904,
        "1,31": 51.273429925683686,
        "1,32": 62.25503839381787,
        "1,33": 95.60451766599063,
        "1,34": 64.94628505908308,
        "1,35": 67.10684922004744,
        "1,36": 69.01074039244038,
        "1,37": 62.19032435193192,
        "1,38": 29.952615839558433,
        "1,39": 68.47151316145124,
        "1,40": 72.36230005185354,
        "1,41": 10.961939819267952,
        "1,42": 91.92870715679338,
        "1,43": 109.37873763535038,
        "1,44": 17.97754175786496,
        "1,45": 38.457739310370336,
        "1,46": 55.65529575503851,
        "1,47": 106.38974984871993,
        "1,48": 91.36302753034873,
        "1,49": 87.20148050211255,
        "1,50": 48.1980320208213,
        "2,0": 29.86981576998398,
        "2,1": 96.44539655207586,
        "2,2": 0.0,
        "2,3": 88.61038911091701,
        "2,4": 95.4488895523573,
        "2,5": 72.66831951373277,
        "2,6": 81.34143384444741,
        "2,7": 77.21701945438173,
        "2,8": 76.95852336591417,
        "2,9": 42.961541835080354,
        "2,10": 52.356498407506066,
        "2,11": 69.42997203049786,
        "2,12": 98.21291965698421,
        "2,13": 29.562497014411182,
        "2,14": 20.25549573829107,
        "2,15": 49.90330198524634,
        "2,16": 36.16711514222326,
        "2,17": 46.321802169134735,
        "2,18": 52.64014058186079,
        "2,19": 25.196127008801007,
        "2,20": 47.96709935191546,
        "2,21": 57.31028710479242,
        "2,22": 42.96490175792029,
        "2,23": 22.411124248691817,
        "2,24": 72.92305772109022,
        "2,25": 72.37298361051597,
        "2,26": 74.44215501474208,
        "2,27": 83.8130487938217,
        "2,28": 65.92252786205582,
        "2,29": 45.53325258069454,
        "2,30": 54.54823618297846,
        "2,31": 64.1038347928608,
        "2,32": 95.53284444153374,
        "2,33": 22.0863038846925,
        "2,34": 82.46745435281703,
        "2,35": 48.463157164383595,
        "2,36": 98.48673190170969,
        "2,37": 41.81887696595393,
        "2,38": 85.77767835612431,
        "2,39": 76.3033529939224,
        "2,40": 26.313009433210276,
        "2,41": 86.47012253863815,
        "2,42": 117.26925533872871,
        "2,43": 76.49397465737127,
        "2,44": 89.84043276065705,
        "2,45": 58.17970481883023,
        "2,46": 41.51336159749214,
        "2,47": 75.17352052562815,
        "2,48": 92.16707915157079,
        "2,49": 28.039736854935665,
        "2,50": 50.81944577082886,
        "3,0": 101.40500840076477,
        "3,1": 48.85683745716209,
        "3,2": 88.61038911091701,
        "3,3": 0.0,
        "3,4": 44.149330135717506,
        "3,5": 67.27669075838979,
        "3,6": 21.199944310549302,
        "3,7": 20.767525647899685,
        "3,8": 40.50498957611968,
        "3,9": 45.903858031504555,
        "3,10": 46.85629673507424,
        "3,11": 25.873044347348586,
        "3,12": 22.25123233793204,
        "3,13": 66.76785090203708,
        "3,14": 68.82173696215163,
        "3,15": 59.34722044346258,
        "3,16": 84.8852212739027,
        "3,17": 73.31153162612189,
        "3,18": 80.31044933649082,
        "3,19": 65.360957553816,
        "3,20": 43.14349937382168,
        "3,21": 47.953968994219686,
        "3,22": 71.02977354299968,
        "3,23": 72.20168663391159,
        "3,24": 45.48539651870184,
        "3,25": 26.0593653442147,
        "3,26": 29.518174838552003,
        "3,27": 49.856487464640544,
        "3,28": 49.16242996794144,
        "3,29": 43.945556858996504,
        "3,30": 89.58013703575428,
        "3,31": 24.53692646398228,
        "3,32": 14.025685746124394,
        "3,33": 76.65564666289437,
        "3,34": 18.08559970891046,
        "3,35": 41.7080097540855,
        "3,36": 20.75275539942346,
        "3,37": 46.91252453351809,
        "3,38": 19.24841753443109,
        "3,39": 24.258486339361806,
        "3,40": 62.8474598513619,
        "3,41": 41.49785016298878,
        "3,42": 44.9424692335464,
        "3,43": 67.12689816564473,
        "3,44": 30.908370961974434,
        "3,45": 45.548054256814645,
        "3,46": 52.538366369438,
        "3,47": 64.21344134586654,
        "3,48": 43.342054135629276,
        "3,49": 66.65934524923591,
        "3,50": 62.01062024564221,
        "4,0": 118.26959045973092,
        "4,1": 92.5574035466159,
        "4,2": 95.4488895523573,
        "4,3": 44.149330135717506,
        "4,4": 0.0,
        "4,5": 37.53090996068013,
        "4,6": 25.649448383108503,
        "4,7": 60.79600364207718,
        "4,8": 80.76916576628818,
        "4,9": 63.208253377479615,
        "4,10": 76.04024623982077,
        "4,11": 61.63984375451373,
        "4,12": 65.948997982652,
        "4,13": 86.09533412239217,
        "4,14": 80.53047252769841,
        "4,15": 88.74126022198001,
        "4,16": 74.3004345195012,
        "4,17": 58.904849275320196,
        "4,18": 61.2459200409336,
        "4,19": 80.3003393030023,
        "4,20": 50.534970610022896,
        "4,21": 80.19800158243955,
        "4,22": 97.46755025202184,
        "4,23": 88.40972623149337,
        "4,24": 23.052745084259385,
        "4,25": 29.605494552080874,
        "4,26": 68.85864453075602,
        "4,27": 91.40216087146453,
        "4,28": 30.569641175802644,
        "4,29": 63.93903258527956,
        "4,30": 69.38906442179871,
        "4,31": 49.51259854917807,
        "4,32": 32.88947147485735,
        "4,33": 75.72008792070613,
        "4,34": 27.91918937008948,
        "4,35": 51.359441765441396,
        "4,36": 27.52831471101986,
        "4,37": 63.152419573931624,
        "4,38": 62.60482866634452,
        "4,39": 27.021395360235687,
        "4,40": 76.20170104670981,
        "4,41": 84.12762657135221,
        "4,42": 26.222275840033138,
        "4,43": 35.019169046742746,
        "4,44": 74.60574269722662,
        "4,45": 77.99553017076381,
        "4,46": 75.46050776809288,
        "4,47": 33.15170403582982,
        "4,48": 3.3013664793266257,
        "4,49": 67.55938724615072,
        "4,50": 91.87416904164769,
        "5,0": 100.52997113492646,
        "5,1": 108.35532353407585,
        "5,2": 72.66831951373277,
        "5,3": 67.27669075838979,
        "5,4": 37.53090996068013,
        "5,5": 0.0,
        "5,6": 46.534309313726745,
        "5,7": 75.1756722479826,
        "5,8": 91.39350110743932,
        "5,9": 57.70602962832566,
        "5,10": 76.3371853778235,
        "5,11": 71.93510581753583,
        "5,12": 88.76819603205169,
        "5,13": 75.29620748768627,
        "5,14": 64.57985840627214,
        "5,15": 86.41911623348732,
        "5,16": 42.35061934139442,
        "5,17": 27.463286207976545,
        "5,18": 25.970976358222593,
        "5,19": 67.12411782446641,
        "5,20": 43.51191070796491,
        "5,21": 82.32122669868205,
        "5,22": 90.8518361239835,
        "5,23": 74.46140460809119,
        "5,24": 21.853775593746935,
        "5,25": 41.73220366707342,
        "5,26": 80.57895935685806,
        "5,27": 102.5265498405725,
        "5,28": 19.184463474013253,
        "5,29": 60.37472613744521,
        "5,30": 32.800379403554345,
        "5,31": 57.24432420701393,
        "5,32": 61.99750786926968,
        "5,33": 50.62346450751271,
        "5,34": 49.64904104424061,
        "5,35": 45.738133328623285,
        "5,36": 59.38723262535208,
        "5,37": 56.78073592940371,
        "5,38": 80.74092190100495,
        "5,39": 43.0238004377594,
        "5,40": 62.78649370377653,
        "5,41": 97.98466392898278,
        "5,42": 63.68982395750495,
        "5,43": 3.9604101278124024,
        "5,44": 91.9802491454394,
        "5,45": 80.80550408187283,
        "5,46": 70.4287131338116,
        "5,47": 4.414414026469068,
        "5,48": 34.94660885853553,
        "5,49": 46.28860337611656,
        "5,50": 89.43065485581936,
        "6,0": 99.82780677518558,
        "6,1": 67.65037843206743,
        "6,2": 81.34143384444741,
        "6,3": 21.199944310549302,
        "6,4": 25.649448383108503,
        "6,5": 46.534309313726745,
        "6,6": 0.0,
        "6,7": 35.25089803037416,
        "6,8": 55.12579867946581,
        "6,9": 42.58580385048562,
        "6,10": 52.01008492177647,
        "6,11": 36.06584068852972,
        "6,12": 43.36035534895658,
        "6,13": 65.80482674156646,
        "6,14": 63.4324177250374,
        "6,15": 64.9804695029182,
        "6,16": 69.81712042037493,
        "6,17": 56.43162811203973,
        "6,18": 62.27272272992758,
        "6,19": 61.679006399805836,
        "6,20": 33.3836886937736,
        "6,21": 55.52456016473589,
        "6,22": 74.81957298392331,
        "6,23": 69.53066853698802,
        "6,24": 24.685905883553847,
        "6,25": 9.100050429176845,
        "6,26": 43.21376742575683,
        "6,27": 65.81248059721642,
        "6,28": 29.40278188435362,
        "6,29": 42.29772912480613,
        "6,30": 71.49451579031668,
        "6,31": 24.994358735124074,
        "6,32": 16.818565944939074,
        "6,33": 65.22715617181956,
        "6,34": 3.1403402975693333,
        "6,35": 33.11093279880087,
        "6,36": 17.504570864690987,
        "6,37": 42.97631091946979,
        "6,38": 37.852940794191724,
        "6,39": 5.2742332497158495,
        "6,40": 58.12112530253324,
        "6,41": 58.77026459084743,
        "6,42": 37.39242540304392,
        "6,43": 46.12653196015436,
        "6,44": 49.86538739391404,
        "6,45": 53.231257959071456,
        "6,46": 53.37427350491283,
        "6,47": 43.25666334307021,
        "6,48": 23.963279914065797,
        "6,49": 55.573041316706366,
        "6,50": 68.0428273655956,
        "7,0": 85.1167839050161,
        "7,1": 33.37669646569223,
        "7,2": 77.21701945438173,
        "7,3": 20.767525647899685,
        "7,4": 60.79600364207718,
        "7,5": 75.1756722479826,
        "7,6": 35.25089803037416,
        "7,7": 0.0,
        "7,8": 20.286085895813592,
        "7,9": 35.08737416943706,
        "7,10": 28.79598378331865,
        "7,11": 7.832774005534124,
        "7,12": 21.000950343127418,
        "7,13": 51.44431620265361,
        "7,14": 56.96764894170851,
        "7,15": 40.20421535162633,
        "7,16": 81.94761592858582,
        "7,17": 73.50125027776105,
        "7,18": 81.82222561751112,
        "7,19": 52.318304270768614,
        "7,20": 39.22325941536319,
        "7,21": 28.377908102220367,
        "7,22": 52.411590416660296,
        "7,23": 57.84226566615311,
        "7,24": 54.989045858201195,
        "7,25": 34.824642093695246,
        "7,26": 8.77901076353416,
        "7,27": 30.616595119027735,
        "7,28": 55.99374665450087,
        "7,29": 31.98060111034418,
        "7,30": 90.73281529305261,
        "7,31": 18.917258473662105,
        "7,32": 34.56498745394011,
        "7,33": 70.02935080075007,
        "7,34": 32.8808317716749,
        "7,35": 37.000352842284116,
        "7,36": 41.09448326385373,
        "7,37": 36.47498714850842,
        "7,38": 8.588687673770572,
        "7,39": 35.40031776545042,
        "7,40": 50.93320775747971,
        "7,41": 23.69010950320525,
        "7,42": 65.4967667299113,
        "7,43": 76.07552665756329,
        "7,44": 17.04361800716656,
        "7,45": 26.056183682490406,
        "7,46": 37.0647593473727,
        "7,47": 73.08303179385032,
        "7,48": 59.21406206481545,
        "7,49": 60.48690293836988,
        "7,50": 42.57724644285762,
        "8,0": 77.42934104019677,
        "8,1": 20.025695147890026,
        "8,2": 76.95852336591417,
        "8,3": 40.50498957611968,
        "8,4": 80.76916576628818,
        "8,5": 91.39350110743932,
        "8,6": 55.12579867946581,
        "8,7": 20.286085895813592,
        "8,8": 0.0,
        "8,9": 40.831119977590575,
        "8,10": 24.70130974990749,
        "8,11": 19.87854850705934,
        "8,12": 30.89398052551364,
        "8,13": 47.894023423959524,
        "8,14": 57.80151354308992,
        "8,15": 30.172420977315316,
        "8,16": 90.2299776198604,
        "8,17": 84.77383816544568,
        "8,18": 93.69150903993827,
        "8,19": 52.11487602669736,
        "8,20": 50.60439000996055,
        "8,21": 19.83876690809565,
        "8,22": 42.22916099853506,
        "8,23": 55.08099597345149,
        "8,24": 72.71579534704588,
        "8,25": 53.43451487547334,
        "8,26": 11.912669542884702,
        "8,27": 11.172800573257309,
        "8,28": 72.4235302178285,
        "8,29": 37.179208212245044,
        "8,30": 101.98848083399528,
        "8,31": 34.38207019530188,
        "8,32": 54.50374585526891,
        "8,33": 75.58559390643552,
        "8,34": 52.93491150963415,
        "8,35": 48.15666412632769,
        "8,36": 61.15070156943314,
        "8,37": 42.32317472952846,
        "8,38": 22.49393420902499,
        "8,39": 54.647078582816896,
        "8,40": 52.42563122167432,
        "8,41": 9.516618709482888,
        "8,42": 85.44602338137666,
        "8,43": 92.82898750497186,
        "8,44": 16.616016940373786,
        "8,45": 18.779457176129643,
        "8,46": 35.791404538895975,
        "8,47": 89.87988015088703,
        "8,48": 79.02414683903984,
        "8,49": 67.26402471038475,
        "8,50": 31.29068222995774,
        "9,0": 57.3550234198665,
        "9,1": 60.69138053495639,
        "9,2": 42.961541835080354,
        "9,3": 45.903858031504555,
        "9,4": 63.208253377479615,
        "9,5": 57.70602962832566,
        "9,6": 42.58580385048562,
        "9,7": 35.08737416943706,
        "9,8": 40.831119977590575,
        "9,9": 0.0,
        "9,10": 19.44837165869648,
        "9,11": 27.602545590713778,
        "9,12": 55.964945603989975,
        "9,13": 23.270326557115467,
        "9,14": 22.940022171845243,
        "9,15": 28.739330403360242,
        "9,16": 49.403563390828715,
        "9,17": 44.88079417715629,
        "9,18": 54.00189102218554,
        "9,19": 19.68381778007418,
        "9,20": 14.495032652581763,
        "9,21": 25.864901033129037,
        "9,22": 34.84513633997877,
        "9,23": 27.1576645485785,
        "9,24": 45.26629976143871,
        "9,25": 34.75268948674558,
        "9,26": 34.31066012588389,
        "9,27": 50.699962409711816,
        "9,28": 41.30894802153945,
        "9,29": 3.651974935138719,
        "9,30": 61.78615703923171,
        "9,31": 21.392218775114674,
        "9,32": 54.275309161641935,
        "9,33": 35.47052424562977,
        "9,34": 42.80296903870412,
        "9,35": 12.680023433802702,
        "9,36": 58.299032240055105,
        "9,37": 1.5022295570232105,
        "9,38": 43.655807530429875,
        "9,39": 38.37165534071629,
        "9,40": 16.943810683888003,
        "9,41": 49.78442971153109,
        "9,42": 79.97322595234048,
        "9,43": 60.2449586741443,
        "9,44": 49.763358766463796,
        "9,45": 24.95330996851199,
        "9,46": 13.035288713046098,
        "9,47": 57.6378558991442,
        "9,48": 60.29069409711576,
        "9,49": 26.562518738059957,
        "9,50": 31.78883710412339,
        "10,0": 56.42223459373417,
        "10,1": 44.53407445135772,
        "10,2": 52.356498407506066,
        "10,3": 46.85629673507424,
        "10,4": 76.04024623982077,
        "10,5": 76.3371853778235,
        "10,6": 52.01008492177647,
        "10,7": 28.79598378331865,
        "10,8": 24.70130974990749,
        "10,9": 19.44837165869648,
        "10,10": 0.0,
        "10,11": 21.512579312533713,
        "10,12": 48.571425610064395,
        "10,13": 23.858983489761368,
        "10,14": 33.11342263244026,
        "10,15": 13.019252448311335,
        "10,16": 67.36692217753921,
        "10,17": 64.18475677370486,
        "10,18": 73.3318105027116,
        "10,19": 27.41492476811076,
        "10,20": 32.857975040005364,
        "10,21": 6.475837018965094,
        "10,22": 24.174607257508377,
        "10,23": 30.86942474775649,
        "10,24": 61.53062287872859,
        "10,25": 46.43559013815235,
        "10,26": 23.302919269577806,
        "10,27": 32.883497011476905,
        "10,28": 58.84415838733555,
        "10,29": 16.213120585372344,
        "10,30": 80.88962201515572,
        "10,31": 27.01908468118201,
        "10,32": 58.793329820946546,
        "10,33": 51.730710745283965,
        "10,34": 51.07587316946608,
        "10,35": 30.59940937869576,
        "10,36": 64.3308018724621,
        "10,37": 20.735738712103736,
        "10,38": 36.53072385131559,
        "10,39": 49.223148840295295,
        "10,40": 27.85877506541878,
        "10,41": 34.212568213806904,
        "10,42": 88.14061300632756,
        "10,43": 78.59598232126713,
        "10,44": 38.00463654208724,
        "10,45": 6.173982083411825,
        "10,46": 11.121425299727436,
        "10,47": 75.85700182390626,
        "10,48": 73.51505996615185,
        "10,49": 44.204024371378864,
        "10,50": 16.039682291946303,
        "11,0": 77.56187908866022,
        "11,1": 36.76471882050088,
        "11,2": 69.42997203049786,
        "11,3": 25.873044347348586,
        "11,4": 61.63984375451373,
        "11,5": 71.93510581753583,
        "11,6": 36.06584068852972,
        "11,7": 7.832774005534124,
        "11,8": 19.87854850705934,
        "11,9": 27.602545590713778,
        "11,10": 21.512579312533713,
        "11,11": 0.0,
        "11,12": 28.787580308742157,
        "11,13": 43.68681013086403,
        "11,14": 49.189730621219496,
        "11,15": 33.57598649243591,
        "11,16": 75.41325291586192,
        "11,17": 67.83980538625084,
        "11,18": 76.42190078506222,
        "11,19": 44.49355730744765,
        "11,20": 33.276666926626795,
        "11,21": 22.080994859867896,
        "11,22": 45.510823064039435,
        "11,23": 50.02936501463135,
        "11,24": 52.862648884372135,
        "11,25": 33.62562169340165,
        "11,26": 8.665707268351868,
        "11,27": 31.02041890243501,
        "11,28": 52.84056403160125,
        "11,29": 24.36825608217233,
        "11,30": 85.13993625872477,
        "11,31": 14.694420444931254,
        "11,32": 38.81105176214886,
        "11,33": 62.84690083351369,
        "11,34": 34.21471818300435,
        "11,35": 30.929083027918043,
        "11,36": 44.93489432806383,
        "11,37": 29.029144188550006,
        "11,38": 16.34937135580442,
        "11,39": 35.054111510632914,
        "11,40": 43.16945971232124,
        "11,41": 26.11742124897806,
        "11,42": 69.30237172937937,
        "11,43": 73.20572459453643,
        "11,44": 22.706162510656664,
        "11,45": 19.675955769579875,
        "11,46": 29.276644011603448,
        "11,47": 70.23880837433136,
        "11,48": 59.697062816841445,
        "11,49": 53.47901565149605,
        "11,50": 36.17095521586757,
        "12,0": 104.89685149360434,
        "12,1": 30.31088281295067,
        "12,2": 98.21291965698421,
        "12,3": 22.25123233793204,
        "12,4": 65.948997982652,
        "12,5": 88.76819603205169,
        "12,6": 43.36035534895658,
        "12,7": 21.000950343127418,
        "12,8": 30.89398052551364,
        "12,9": 55.964945603989975,
        "12,10": 48.571425610064395,
        "12,11": 28.787580308742157,
        "12,12": 0.0,
        "12,13": 71.96138556289561,
        "12,14": 77.96632330131541,
        "12,15": 58.45513070805813,
        "12,16": 101.41584548678071,
        "12,17": 91.62216821630595,
        "12,18": 99.38234948263074,
        "12,19": 73.26452953427778,
        "12,20": 58.431599762568936,
        "12,21": 46.64260224343176,
        "12,22": 70.8890789407285,
        "12,23": 78.55521686740836,
        "12,24": 67.1846457564763,
        "12,25": 47.056287115583906,
        "12,26": 25.39693107760109,
        "12,27": 36.231150021899175,
        "12,28": 70.12097914299653,
        "12,29": 52.94122718649466,
        "12,30": 108.5375013359696,
        "12,31": 37.58860301349603,
        "12,32": 33.67065084904424,
        "12,33": 90.48471292836899,
        "12,34": 40.27782093389672,
        "12,35": 56.4238967723402,
        "12,36": 40.16536743197298,
        "12,37": 57.31969455195977,
        "12,38": 12.438775985539769,
        "12,39": 45.919985716964774,
        "12,40": 71.9339742262764,
        "12,41": 26.81949308191756,
        "12,42": 61.99309533297219,
        "12,43": 88.88557186817569,
        "12,44": 14.977760195091339,
        "12,45": 44.603573616062114,
        "12,46": 57.73541207651295,
        "12,47": 85.93454950874323,
        "12,48": 65.370681766261,
        "12,49": 80.76033896378596,
        "12,50": 60.32051778428367,
        "13,0": 34.7030974248679,
        "13,1": 67.0589958539087,
        "13,2": 29.562497014411182,
        "13,3": 66.76785090203708,
        "13,4": 86.09533412239217,
        "13,5": 75.29620748768627,
        "13,6": 65.80482674156646,
        "13,7": 51.44431620265361,
        "13,8": 47.894023423959524,
        "13,9": 23.270326557115467,
        "13,10": 23.858983489761368,
        "13,11": 43.68681013086403,
        "13,12": 71.96138556289561,
        "13,13": 0.0,
        "13,14": 13.979630400107554,
        "13,15": 20.52472547301814,
        "13,16": 53.217376796137415,
        "13,17": 55.46139142494054,
        "13,18": 64.2288511872325,
        "13,19": 8.828242417048152,
        "13,20": 35.83820466045608,
        "13,21": 28.07104563666569,
        "13,22": 17.003825885299886,
        "13,23": 7.224648073951242,
        "13,24": 66.74881887166525,
        "13,25": 58.013012794189976,
        "13,26": 46.99859796054444,
        "13,27": 54.27793551691476,
        "13,28": 61.62841255843645,
        "13,29": 23.696154406415943,
        "13,30": 69.84303411719249,
        "13,31": 43.134413934679856,
        "13,32": 76.63613519473583,
        "13,33": 35.788411945486615,
        "13,34": 65.89003520914946,
        "13,35": 34.767382777878936,
        "13,36": 81.10094159562716,
        "13,37": 23.073616958663713,
        "13,38": 59.668723092835556,
        "13,39": 61.641859745028434,
        "13,40": 12.775682442295174,
        "13,41": 57.35018159034148,
        "13,42": 103.19670797888112,
        "13,43": 78.44064393615338,
        "13,44": 61.86340940240425,
        "13,45": 29.2178304490603,
        "13,46": 14.451048732967887,
        "13,47": 76.20147238451675,
        "13,48": 83.0884702283028,
        "13,49": 32.183484514449304,
        "13,50": 21.857411155037987,
        "14,0": 37.819173637085946,
        "14,1": 77.6319953563476,
        "14,2": 20.25549573829107,
        "14,3": 68.82173696215163,
        "14,4": 80.53047252769841,
        "14,5": 64.57985840627214,
        "14,6": 63.4324177250374,
        "14,7": 56.96764894170851,
        "14,8": 57.80151354308992,
        "14,9": 22.940022171845243,
        "14,10": 33.11342263244026,
        "14,11": 49.189730621219496,
        "14,12": 77.96632330131541,
        "14,13": 13.979630400107554,
        "14,14": 0.0,
        "14,15": 33.576944189998535,
        "14,16": 39.2678847008508,
        "14,17": 42.54049409188032,
        "14,18": 51.01988654607548,
        "14,19": 5.9576239975885805,
        "14,20": 30.50005219163659,
        "14,21": 38.67276317174874,
        "14,22": 30.864446527220274,
        "14,23": 10.142255953442982,
        "14,24": 59.331969769234625,
        "14,25": 54.781323084104976,
        "14,26": 54.424691458628416,
        "14,27": 65.58151059510463,
        "14,28": 53.24335543679793,
        "14,29": 25.327419840012897,
        "14,30": 56.162717229627056,
        "14,31": 44.288060386190566,
        "14,32": 76.58593516488368,
        "14,33": 21.811632347679762,
        "14,34": 64.18164502547546,
        "14,35": 30.37798917135534,
        "14,36": 80.0748585544051,
        "14,37": 21.91191920421014,
        "14,38": 65.53383044159787,
        "14,39": 58.66176961255871,
        "14,40": 6.070414997076194,
        "14,41": 67.30126264660878,
        "14,42": 100.32191616734174,
        "14,43": 68.00628138980227,
        "14,44": 69.91288021169807,
        "14,45": 39.177480076752566,
        "14,46": 22.010619769093093,
        "14,47": 66.0470658831585,
        "14,48": 77.34778112505234,
        "14,49": 19.217462006795397,
        "14,50": 35.3503071364859,
        "15,0": 47.275065631222404,
        "15,1": 47.88307029578176,
        "15,2": 49.90330198524634,
        "15,3": 59.34722044346258,
        "15,4": 88.74126022198001,
        "15,5": 86.41911623348732,
        "15,6": 64.9804695029182,
        "15,7": 40.20421535162633,
        "15,8": 30.172420977315316,
        "15,9": 28.739330403360242,
        "15,10": 13.019252448311335,
        "15,11": 33.57598649243591,
        "15,12": 58.45513070805813,
        "15,13": 20.52472547301814,
        "15,14": 33.576944189998535,
        "15,15": 0.0,
        "15,16": 71.68187934766333,
        "15,17": 71.13777040695301,
        "15,18": 80.25277829042429,
        "15,19": 27.675039121921564,
        "15,20": 43.15965536732884,
        "15,21": 11.91074862036708,
        "15,22": 12.434028203982777,
        "15,23": 27.512370363647342,
        "15,24": 73.21058442078936,
        "15,25": 59.154376841537754,
        "15,26": 33.237980445370354,
        "15,27": 34.59546211328288,
        "15,28": 69.85253730610088,
        "15,29": 26.39801648342006,
        "15,30": 86.98178848103404,
        "15,31": 40.00587519103528,
        "15,32": 71.63570945376829,
        "15,33": 54.761356590323466,
        "15,34": 64.08734773092756,
        "15,35": 41.1536075475943,
        "15,36": 77.27411020872586,
        "15,37": 29.639274418173304,
        "15,38": 47.12121217469738,
        "15,39": 62.06564807158778,
        "15,40": 30.01932239239369,
        "15,41": 39.12320378157511,
        "15,42": 101.14813441795194,
        "15,43": 88.98428358352645,
        "15,44": 45.989211810365475,
        "15,45": 14.159624756729327,
        "15,46": 16.129828222489884,
        "15,47": 86.37154989895919,
        "15,48": 86.13831357882486,
        "15,49": 49.093441963541316,
        "15,50": 3.155664172355574,
        "16,0": 66.0351240852493,
        "16,1": 110.08178278822211,
        "16,2": 36.16711514222326,
        "16,3": 84.8852212739027,
        "16,4": 74.3004345195012,
        "16,5": 42.35061934139442,
        "16,6": 69.81712042037493,
        "16,7": 81.94761592858582,
        "16,8": 90.2299776198604,
        "16,9": 49.403563390828715,
        "16,10": 67.36692217753921,
        "16,11": 75.41325291586192,
        "16,12": 101.41584548678071,
        "16,13": 53.217376796137415,
        "16,14": 39.2678847008508,
        "16,15": 71.68187934766333,
        "16,16": 0.0,
        "16,17": 15.538238019248336,
        "16,18": 17.786959753395728,
        "16,19": 44.62948865407707,
        "16,20": 42.98791615231325,
        "16,21": 73.75003375608719,
        "16,22": 70.12878915104294,
        "16,23": 48.62429944379355,
        "16,24": 51.69076885958757,
        "16,25": 61.1777808976307,
        "16,26": 83.09922725492036,
        "16,27": 99.8732071886769,
        "16,28": 44.19050332623169,
        "16,29": 53.054377370336084,
        "16,30": 18.39434519579109,
        "16,31": 63.837333495081054,
        "16,32": 86.4606003628994,
        "16,33": 17.51894320795113,
        "16,34": 72.11931669996945,
        "16,35": 45.056003385440505,
        "16,36": 86.9351045605232,
        "16,37": 47.90877544026252,
        "16,38": 90.01015357276523,
        "16,39": 64.62344599177398,
        "16,40": 41.70095783802022,
        "16,41": 99.15569714084054,
        "16,42": 99.59457927973139,
        "16,43": 46.29675403404031,
        "16,44": 98.11497050504164,
        "16,45": 73.42397349182271,
        "16,46": 57.10321905737961,
        "16,47": 45.97977803159584,
        "16,48": 71.10064564711226,
        "16,49": 23.163807861773716,
        "16,50": 73.87354519172897,
        "17,0": 75.3587382878263,
        "17,1": 104.01308579764104,
        "17,2": 46.321802169134735,
        "17,3": 73.31153162612189,
        "17,4": 58.904849275320196,
        "17,5": 27.463286207976545,
        "17,6": 56.43162811203973,
        "17,7": 73.50125027776105,
        "17,8": 84.77383816544568,
        "17,9": 44.88079417715629,
        "17,10": 64.18475677370486,
        "17,11": 67.83980538625084,
        "17,12": 91.62216821630595,
        "17,13": 55.46139142494054,
        "17,14": 42.54049409188032,
        "17,15": 71.13777040695301,
        "17,16": 15.538238019248336,
        "17,17": 0.0,
        "17,18": 9.160269059889252,
        "17,19": 46.658967515203656,
        "17,20": 34.57598031888592,
        "17,21": 70.6518721996627,
        "17,22": 72.29002469538007,
        "17,23": 52.66290589349019,
        "17,24": 36.56373890289673,
        "17,25": 48.283662187786284,
        "17,26": 76.1239932421372,
        "17,27": 95.18971027499353,
        "17,28": 29.188107783154503,
        "17,29": 48.39068224084469,
        "17,30": 17.304603188467098,
        "17,31": 54.68574484904536,
        "17,32": 73.24224379003968,
        "17,33": 24.37893924528532,
        "17,34": 58.98514565447448,
        "17,35": 36.96004625073991,
        "17,36": 73.06940393495073,
        "17,37": 43.51034249365427,
        "17,38": 80.99741009789314,
        "17,39": 51.40658593561259,
        "17,40": 42.78339713074742,
        "17,41": 93.07104700814256,
        "17,42": 84.42638682866914,
        "17,43": 31.420676943322896,
        "17,44": 90.30784109881574,
        "17,45": 69.83121866490578,
        "17,46": 55.319738195735695,
