{
    "num_robots": 2,
    "num_tasks": 50,
    "num_nodes": 51,
    "robot_capacity": [
        334,
        348
    ],
    "robot_speed": [
        0.84,
        1.01
    ],
    "task_demand": {
        "0": 0,
        "1": 8,
        "2": 10,
        "3": 10,
        "4": 5,
        "5": 6,
        "6": 15,
        "7": 7,
        "8": 5,
        "9": 15,
        "10": 5,
        "11": 12,
        "12": 10,
        "13": 14,
        "14": 6,
        "15": 15,
        "16": 10,
        "17": 11,
        "18": 7,
        "19": 12,
        "20": 14,
        "21": 8,
        "22": 15,
        "23": 7,
        "24": 15,
        "25": 7,
        "26": 5,
        "27": 11,
        "28": 6,
        "29": 8,
        "30": 13,
        "31": 14,
        "32": 12,
        "33": 8,
        "34": 9,
        "35": 11,
        "36": 8,
        "37": 11,
        "38": 13,
        "39": 5,
        "40": 12,
        "41": 11,
        "42": 12,
        "43": 6,
        "44": 10,
        "45": 14,
        "46": 7,
        "47": 9,
        "48": 9,
        "49": 11,
        "50": 8
    },
    "task_service_time": {
        "0": 0,
        "1": 46,
        "2": 15,
        "3": 83,
        "4": 77,
        "5": 74,
        "6": 92,
        "7": 77,
        "8": 38,
        "9": 44,
        "10": 26,
        "11": 63,
        "12": 59,
        "13": 27,
        "14": 86,
        "15": 83,
        "16": 72,
        "17": 91,
        "18": 25,
        "19": 16,
        "20": 98,
        "21": 80,
        "22": 86,
        "23": 27,
        "24": 80,
        "25": 62,
        "26": 48,
        "27": 59,
        "28": 93,
        "29": 23,
        "30": 27,
        "31": 39,
        "32": 27,
        "33": 56,
        "34": 16,
        "35": 55,
        "36": 52,
        "37": 35,
        "38": 29,
        "39": 88,
        "40": 11,
        "41": 35,
        "42": 70,
        "43": 34,
        "44": 17,
        "45": 62,
        "46": 39,
        "47": 29,
        "48": 26,
        "49": 30,
        "50": 24
    },
    "task_precedence": [],
    "coordinates": {
        "0": [
            50.0,
            50.0
        ],
        "1": [
            14.60751446142795,
            91.95656685826894
        ],
        "2": [
            98.42312154733966,
            34.871089585682135
        ],
        "3": [
            9.476870501755819,
            25.192032416951637
        ],
        "4": [
            74.47719537635356,
            24.44383858612299
        ],
        "5": [
            76.10552194447415,
            71.81888503169264
        ],
        "6": [
            82.66582385500962,
            67.59458940781904
        ],
        "7": [
            49.59757936061996,
            77.89581455996534
        ],
        "8": [
            53.915317771637575,
            72.26618682810859
        ],
        "9": [
            67.73745914986873,
            28.92201364829822
        ],
        "10": [
            42.3986473568412,
            9.396197871872236
        ],
        "11": [
            43.654997143804906,
            17.365724685389527
        ],
        "12": [
            39.033572817201936,
            43.27605257199344
        ],
        "13": [
            87.686461904676,
            46.2885805326887
        ],
        "14": [
            39.12576156897054,
            38.967119709455325
        ],
        "15": [
            80.1753803681165,
            33.66438764214353
        ],
        "16": [
            17.584796552769188,
            49.64367650539256
        ],
        "17": [
            39.796157323528334,
            38.594327167630794
        ],
        "18": [
            68.55677186645514,
            18.177482545102187
        ],
        "19": [
            82.92290715389353,
            30.94157910848152
        ],
        "20": [
            52.46271261891248,
            42.48644512255404
        ],
        "21": [
            78.18880311876329,
            87.25320706737139
        ],
        "22": [
            33.69679990508083,
            61.26492354915353
        ],
        "23": [
            93.43125700679573,
            30.538235541256476
        ],
        "24": [
            80.08552345109682,
            46.54323333374264
        ],
        "25": [
            45.979295852944944,
            60.78619007460283
        ],
        "26": [
            17.935559747626506,
            36.78524362311527
        ],
        "27": [
            92.25311752685184,
            54.457503354756106
        ],
        "28": [
            3.652049059328033,
            30.745628763384303
        ],
        "29": [
            71.87411476693616,
            15.408897743427996
        ],
        "30": [
            10.466539002621412,
            42.581940694081275
        ],
        "31": [
            36.518671743463706,
            33.498019993914205
        ],
        "32": [
            57.29120310646243,
            91.75600311605668
        ],
        "33": [
            8.608578281994038,
            3.80937310111652
        ],
        "34": [
            94.98574521218079,
            23.595397491041314
        ],
        "35": [
            15.93434270443006,
            65.0163858164144
        ],
        "36": [
            89.50949067283696,
            26.419958988794235
        ],
        "37": [
            74.83044974743719,
            1.926508636990143
        ],
        "38": [
            8.209566622390819,
            79.76683660527256
        ],
        "39": [
            84.3936662498966,
            3.2412890987004173
        ],
        "40": [
            25.295958428657773,
            14.721639066360037
        ],
        "41": [
            68.76839568431525,
            6.061886872489286
        ],
        "42": [
            56.38340049510015,
            0.3958532585634278
        ],
        "43": [
            52.07551734234569,
            65.79850171617475
        ],
        "44": [
            5.406112510534822,
            56.89018738057167
        ],
        "45": [
            72.25178992718021,
            96.50098451686694
        ],
        "46": [
            97.09238466291686,
            3.315614571567238
        ],
        "47": [
            79.51264279335449,
            57.12172122037787
        ],
        "48": [
            38.68370519714763,
            62.992040931933914
        ],
        "49": [
            99.91280109177649,
            36.727023046701156
        ],
        "50": [
            65.49809582366922,
            87.0108071229002
        ]
    },
    "distance_matrix_str_keys": {
        "0,0": 0.0,
        "0,1": 54.89063248980124,
        "0,2": 50.73147573955331,
        "0,3": 47.51377989523719,
        "0,4": 35.387151336386495,
        "0,5": 34.02296312815277,
        "0,6": 37.10290587752196,
        "0,7": 27.898717037436928,
        "0,8": 22.607803721660744,
        "0,9": 27.54812091115814,
        "0,10": 41.30919158330032,
        "0,11": 33.24537541606229,
        "0,12": 12.863669545281716,
        "0,13": 37.86877401441632,
        "0,14": 15.491078366607253,
        "0,15": 34.313347424386684,
        "0,16": 32.41716182762108,
        "0,17": 15.303848474329241,
        "0,18": 36.83783923184063,
        "0,19": 38.04130941939515,
        "0,20": 7.906861598620704,
        "0,21": 46.71627187686158,
        "0,22": 19.816478897706478,
        "0,23": 47.5923771316159,
        "0,24": 30.283460124487835,
        "0,25": 11.511210108568356,
        "0,26": 34.68080326057119,
        "0,27": 42.48758968093643,
        "0,28": 50.188279190627256,
        "0,29": 40.92702349501751,
        "0,30": 40.22340291792058,
        "0,31": 21.308720179347684,
        "0,32": 42.3877982321307,
        "0,33": 62.02276844151407,
        "0,34": 52.16244152598068,
        "0,35": 37.22849513432727,
        "0,36": 46.01106592241845,
        "0,37": 54.10740990372194,
        "0,38": 51.30794171834791,
        "0,39": 58.045683071703,
        "0,40": 43.06799763307762,
        "0,41": 47.77876580416192,
        "0,42": 50.01319001850229,
        "0,43": 15.934253315243685,
        "0,44": 45.12304825211244,
        "0,45": 51.55078773405172,
        "0,46": 66.31081763988882,
        "0,47": 30.35975951467533,
        "0,48": 17.229383495706102,
        "0,49": 51.64745521349572,
        "0,50": 40.124690877913984,
        "1,0": 54.89063248980124,
        "1,1": 0.0,
        "1,2": 101.40911057010094,
        "1,3": 66.9613811581479,
        "1,4": 90.2349553754177,
        "1,5": 64.71113624201963,
        "1,6": 72.28720096122629,
        "1,7": 37.709539865184226,
        "1,8": 43.96378585615966,
        "1,9": 82.43874041357864,
        "1,10": 87.11235041474025,
        "1,11": 80.04717350564226,
        "1,12": 54.464895097447396,
        "1,13": 86.17480800353658,
        "1,14": 58.386864536156004,
        "1,15": 87.73325023799343,
        "1,16": 42.417506983154496,
        "1,17": 59.00844307415303,
        "1,18": 91.39953860191663,
        "1,19": 91.59596939184873,
        "1,20": 62.29212608419199,
        "1,21": 63.75501439612441,
        "1,22": 36.14384854665074,
        "1,23": 99.92694236603428,
        "1,24": 79.68525913279709,
        "1,25": 44.22421346403849,
        "1,26": 55.27160928491947,
        "1,27": 86.22655877995973,
        "1,28": 62.18360848835011,
        "1,29": 95.598165031898,
        "1,30": 49.547970559889976,
        "1,31": 62.429964880096385,
        "1,32": 42.68415985070967,
        "1,33": 88.35108942478237,
        "1,34": 105.51734196745126,
        "1,35": 26.97283499660959,
        "1,36": 99.52563996986794,
        "1,37": 108.3153420240628,
        "1,38": 13.766744720225445,
        "1,39": 112.87385653640341,
        "1,40": 77.9710004133716,
        "1,41": 101.54455723818585,
        "1,42": 100.64089093795654,
        "1,43": 45.695684827590696,
        "1,44": 36.25350696878535,
        "1,45": 57.82312881388645,
        "1,46": 121.08250176821505,
        "1,47": 73.66235235450705,
        "1,48": 37.66439595267775,
        "1,49": 101.62329672235498,
        "1,50": 51.13034139086979,
        "2,0": 50.73147573955331,
        "2,1": 101.40911057010094,
        "2,2": 0.0,
        "2,3": 89.47133464266406,
        "2,4": 26.117713215251523,
        "2,5": 43.16497237754309,
        "2,6": 36.319689855147494,
        "2,7": 65.07734266962547,
        "2,8": 58.13207285747629,
        "2,9": 31.257021311704065,
        "2,10": 61.54438898999785,
        "2,11": 57.497697788463284,
        "2,12": 59.98134627674396,
        "2,13": 15.672745764778409,
        "2,14": 59.43866050963084,
        "2,15": 18.28759655407064,
        "2,16": 82.1770291032001,
        "2,17": 58.74507155661391,
        "2,18": 34.21513348338965,
        "2,19": 15.990550298011135,
        "2,20": 46.58704571896801,
        "2,21": 56.15437537836674,
        "2,22": 69.90086683746088,
        "2,23": 6.610017833670016,
        "2,24": 21.73721333599864,
        "2,25": 58.497412650602875,
        "2,26": 80.51031977418587,
        "2,27": 20.535251494593542,
        "2,28": 94.8608223004854,
        "2,29": 32.91848526786454,
        "2,30": 88.2939275248402,
        "2,31": 61.91967559366276,
        "2,32": 70.19777846901684,
        "2,33": 95.03411183848763,
        "2,34": 11.787993395088739,
        "2,35": 87.82446993767199,
        "2,36": 12.283095038814224,
        "2,37": 40.52110038662367,
        "2,38": 100.76762174748308,
        "2,39": 34.60158803854561,
        "2,40": 75.85237202630461,
        "2,41": 41.344563451328966,
        "2,42": 54.36800590384749,
        "2,43": 55.71898452621078,
        "2,44": 95.5876803665302,
        "2,45": 66.95657210462043,
        "2,46": 31.583522033205746,
        "2,47": 29.200972840777876,
        "2,48": 66.02715933977359,
        "2,49": 2.379839103141964,
        "2,50": 61.665285726778606,
        "3,0": 47.51377989523719,
        "3,1": 66.9613811581479,
        "3,2": 89.47133464266406,
        "3,3": 0.0,
        "3,4": 65.0046308182097,
        "3,5": 81.3230630130963,
        "3,6": 84.58486704079235,
        "3,7": 66.23714918016921,
        "3,8": 64.7360147775835,
        "3,9": 58.379867673803616,
        "3,10": 36.51508976124199,
        "3,11": 35.06273568147606,
        "3,12": 34.650114526965936,
        "3,13": 81.00496608116897,
        "3,14": 32.69265623089781,
        "3,15": 71.20435450438222,
        "3,16": 25.760849432355474,
        "3,17": 33.14936889240865,
        "3,18": 59.49486242666053,
        "3,19": 73.67073765794149,
        "3,20": 46.334429243844376,
        "3,21": 92.59005930959371,
        "3,22": 43.44949314937675,
        "3,23": 84.12443700426145,
        "3,24": 73.76622297440515,
        "3,25": 50.98402804679975,
        "3,26": 14.351026786572675,
        "3,27": 87.79735110338576,
        "3,28": 8.048041824896089,
        "3,29": 63.159526723439605,
        "3,30": 17.418046779951748,
        "3,31": 28.2886628178974,
        "3,32": 81.95713878403042,
        "3,33": 21.400281558801254,
        "3,34": 85.52377971844903,
        "3,35": 40.344492448581036,
        "3,36": 80.04203954869203,
        "3,37": 69.37128308585267,
        "3,38": 54.58951649645035,
        "3,39": 78.06639108728156,
        "3,40": 18.970310481253804,
        "3,41": 62.30126344646946,
        "3,42": 53.05726205592781,
        "3,43": 58.85176345359625,
        "3,44": 31.958474599404127,
        "3,45": 95.00345866575879,
        "3,46": 90.30534856513462,
        "3,47": 76.9708673951665,
        "3,48": 47.76902591278868,
        "3,49": 91.16859958621413,
        "3,50": 83.42624642589055,
        "4,0": 35.387151336386495,
        "4,1": 90.2349553754177,
        "4,2": 26.117713215251523,
        "4,3": 65.0046308182097,
        "4,4": 0.0,
        "4,5": 47.40302177216479,
        "4,6": 43.92084849860667,
        "4,7": 58.958536520155995,
        "4,8": 52.05543009148098,
        "4,9": 8.091853699250882,
        "4,10": 35.43253778810286,
        "4,11": 31.624477865702097,
        "4,12": 40.1360519200035,
        "4,13": 25.52797432089563,
        "4,14": 38.21844537425777,
        "4,15": 10.839180646840136,
        "4,16": 62.223603841783714,
        "4,17": 37.45678479951121,
        "4,18": 8.620825515540604,
        "4,19": 10.656016109464995,
        "4,20": 28.463539866048553,
        "4,21": 62.918938333754134,
        "4,22": 54.94390732964043,
        "4,23": 19.90974953477166,
        "4,24": 22.79992526314664,
        "4,25": 46.18329556190751,
        "4,26": 57.872850611135746,
        "4,27": 34.882710346881936,
        "4,28": 71.10494997021165,
        "4,29": 9.402456311524293,
        "4,30": 66.53085658154971,
        "4,31": 39.02342523861597,
        "4,32": 69.47147489441706,
        "4,33": 69.02503809325479,
        "4,34": 20.52609238653164,
        "4,35": 71.22778381868109,
        "4,36": 15.161627674050383,
        "4,37": 22.520100725547493,
        "4,38": 86.32515699667077,
        "4,39": 23.406932719868074,
        "4,40": 50.13297548727262,
        "4,41": 19.248026982685207,
        "4,42": 30.094700721545518,
        "4,43": 47.032364828269195,
        "4,44": 76.31238456730217,
        "4,45": 72.09150233625138,
        "4,46": 30.94912981775639,
        "4,47": 33.06357125519744,
        "4,48": 52.60359154375767,
        "4,49": 28.24617953994919,
        "4,50": 63.20798826619216,
        "5,0": 34.02296312815277,
        "5,1": 64.71113624201963,
        "5,2": 43.16497237754309,
        "5,3": 81.3230630130963,
        "5,4": 47.40302177216479,
        "5,5": 0.0,
        "5,6": 7.802706881285047,
        "5,7": 27.19558957846847,
        "5,8": 22.194711985724226,
        "5,9": 43.705446450276,
        "5,10": 70.94184425794994,
        "5,11": 63.38914127466193,
        "5,12": 46.78699281763594,
        "5,13": 28.034168761952994,
        "5,14": 49.464544496204766,
        "5,15": 38.37094497973177,
        "5,16": 62.58126855182973,
        "5,17": 49.21626971276049,
        "5,18": 54.16995189649687,
        "5,19": 41.44189764759091,
        "5,20": 37.67458644534925,
        "5,21": 15.574285124916202,
        "5,22": 43.70224030858651,
        "5,23": 44.76910896814909,
        "5,24": 25.587086210602443,
        "5,25": 32.0828592325268,
        "5,26": 67.90508473102344,
        "5,27": 23.7099645049142,
        "5,28": 83.2857617699492,
        "5,29": 56.568467122278456,
        "5,30": 71.85593222442681,
        "5,31": 55.096346576527836,
        "5,32": 27.412903364077252,
        "5,33": 95.81821912773786,
        "5,34": 51.78771650905073,
        "5,35": 60.55447800709188,
        "5,36": 47.33633766483723,
        "5,37": 69.90400623144873,
        "5,38": 68.35956906910917,
        "5,39": 69.0766241211617,
        "5,40": 76.431062019924,
        "5,41": 66.16506803946466,
        "5,42": 74.09596171269581,
        "5,43": 24.77268932603162,
        "5,44": 72.25837327165878,
        "5,45": 24.98113859409049,
        "5,46": 71.6459801419162,
        "5,47": 15.086918060872991,
        "5,48": 38.448739191707354,
        "5,49": 42.4054868852047,
        "5,50": 18.52868008611663,
        "6,0": 37.10290587752196,
        "6,1": 72.28720096122629,
        "6,2": 36.319689855147494,
        "6,3": 84.58486704079235,
        "6,4": 43.92084849860667,
        "6,5": 7.802706881285047,
        "6,6": 0.0,
        "6,7": 34.63558911836124,
        "6,8": 29.127571517503288,
        "6,9": 41.45388026042404,
        "6,10": 70.77074452417476,
        "6,11": 63.59861202884673,
        "6,12": 49.951622240540665,
        "6,13": 21.88955962583283,
        "6,14": 52.10824354363612,
        "6,15": 34.021477049370716,
        "6,16": 67.51129823033672,
        "6,17": 51.75735231365777,
        "6,18": 51.391787268949024,
        "6,19": 36.65391187616825,
        "6,20": 39.27654309877262,
        "6,21": 20.16196823123286,
        "6,22": 49.37641113417474,
        "6,23": 38.58844273651739,
        "6,24": 21.20890244053157,
        "6,25": 37.31294196826102,
        "6,26": 71.68837338852803,
        "6,27": 16.263432291977193,
        "6,28": 87.18384315937091,
        "6,29": 53.28984330557278,
        "6,30": 76.40922279982398,
        "6,31": 57.377135636099744,
        "6,32": 35.037769485416945,
        "6,33": 97.73960016878912,
        "6,34": 45.69145819052311,
        "6,35": 66.78126766024202,
        "6,36": 41.73950126267339,
        "6,37": 66.1338787576362,
        "6,38": 75.44466742537747,
        "6,39": 64.37649182750778,
        "6,40": 78.01826925052946,
        "6,41": 63.0825807260688,
        "6,42": 72.15563677029527,
        "6,43": 30.642989141642257,
        "6,44": 77.9977385556306,
        "6,45": 30.725100176409025,
        "6,46": 65.87801046437072,
        "6,47": 10.93725371741453,
        "6,48": 44.222281873588614,
        "6,49": 35.35908478543486,
        "6,50": 25.917569255574538,
        "7,0": 27.898717037436928,
        "7,1": 37.709539865184226,
        "7,2": 65.07734266962547,
        "7,3": 66.23714918016921,
        "7,4": 58.958536520155995,
        "7,5": 27.19558957846847,
        "7,6": 34.63558911836124,
        "7,7": 0.0,
        "7,8": 7.094756753072481,
        "7,9": 52.22536179390244,
        "7,10": 68.8768619233681,
        "7,11": 60.821098836076885,
        "7,12": 36.19566485579735,
        "7,13": 49.49525448272725,
        "7,14": 40.31255698446367,
        "7,15": 53.77193544629641,
        "7,16": 42.69662243968796,
        "7,17": 40.50524392222589,
        "7,18": 62.65564746382202,
        "7,19": 57.57844821947282,
        "7,20": 35.525095813281794,
        "7,21": 30.083531550100272,
        "7,22": 23.009157374993038,
        "7,23": 64.53008280253563,
        "7,24": 43.73212874318989,
        "7,25": 17.488030923235172,
        "7,26": 51.88990777335574,
        "7,27": 48.67082666652685,
        "7,28": 65.83412318333895,
        "7,29": 66.33896896203404,
        "7,30": 52.70965762471694,
        "7,31": 46.284144010529005,
        "7,32": 15.852339674413876,
        "7,33": 84.66935111041676,
        "7,34": 70.77161078587861,
        "7,35": 36.04293532623077,
        "7,36": 65.13619862548276,
        "7,37": 80.05019169481426,
        "7,38": 41.43028266755905,
        "7,39": 82.36544077859804,
        "7,40": 67.68711272626145,
        "7,41": 74.34805555982216,
        "7,42": 77.79647402156445,
        "7,43": 12.348487951235963,
        "7,44": 48.92976717256946,
        "7,45": 29.314938265656362,
        "7,46": 88.41924429111882,
        "7,47": 36.42079041243371,
        "7,48": 18.472550381896756,
        "7,49": 65.01146770007627,
        "7,50": 18.32783438418348,
        "8,0": 22.607803721660744,
        "8,1": 43.96378585615966,
        "8,2": 58.13207285747629,
        "8,3": 64.7360147775835,
        "8,4": 52.05543009148098,
        "8,5": 22.194711985724226,
        "8,6": 29.127571517503288,
        "8,7": 7.094756753072481,
        "8,8": 0.0,
        "8,9": 45.49471332936611,
        "8,10": 63.91611071396888,
        "8,11": 55.85100646246276,
        "8,12": 32.58671841527544,
        "8,13": 42.606645079075335,
        "8,14": 36.43568091369258,
        "8,15": 46.68714799561614,
        "8,16": 42.798186238858754,
        "8,17": 36.512255815744446,
        "8,18": 56.03534696087073,
        "8,19": 50.48924088308944,
        "8,20": 29.81514846146617,
        "8,21": 28.527405534839644,
        "8,22": 23.017737909124765,
        "8,23": 57.46939509194972,
        "8,24": 36.69536757928055,
        "8,25": 13.956029856462496,
        "8,26": 50.53157743611761,
        "8,27": 42.27216693197741,
        "8,28": 65.19473079668306,
        "8,29": 59.6260824771952,
        "8,30": 52.620821402410904,
        "8,31": 42.49251760855677,
        "8,32": 19.78002883546564,
        "8,33": 82.09163166142159,
        "8,34": 63.68379499403366,
        "8,35": 38.66670508027548,
        "8,36": 58.04155194009546,
        "8,37": 73.38332967094924,
        "8,38": 46.31711816592804,
        "8,39": 75.4543983642932,
        "8,40": 64.2685203369952,
        "8,41": 67.85000557180292,
        "8,42": 71.91269901573395,
        "8,43": 6.72427069106778,
        "8,44": 50.88776232135241,
        "8,45": 30.38999226926584,
        "8,46": 81.35379843522081,
        "8,47": 29.741854125308883,
        "8,48": 17.83288545701154,
        "8,49": 58.12745163920537,
        "8,50": 18.75005533432386,
        "9,0": 27.54812091115814,
        "9,1": 82.43874041357864,
        "9,2": 31.257021311704065,
        "9,3": 58.379867673803616,
        "9,4": 8.091853699250882,
        "9,5": 43.705446450276,
        "9,6": 41.45388026042404,
        "9,7": 52.22536179390244,
        "9,8": 45.49471332936611,
        "9,9": 0.0,
        "9,10": 31.98926171103979,
        "9,11": 26.711660204258227,
        "9,12": 32.092857835063754,
        "9,13": 26.449203319973854,
        "9,14": 30.323809032518827,
        "9,15": 13.311348366294029,
        "9,16": 54.26487701212996,
        "9,17": 29.568057030635554,
        "9,18": 10.775723732311771,
        "9,19": 15.31915388430139,
        "9,20": 20.428208017463056,
        "9,21": 59.26009379379579,
        "9,22": 46.95562056532325,
        "9,23": 25.744580430061475,
        "9,24": 21.51701826903434,
        "9,25": 38.58423783596441,
        "9,26": 50.418841415763566,
        "9,27": 35.398852244183836,
        "9,28": 64.11135124578755,
        "9,29": 14.132098964862655,
        "9,30": 58.87743117195666,
        "9,31": 31.55237742550362,
        "9,32": 63.696424528844496,
        "9,33": 64.24071347626263,
        "9,34": 27.764040286318924,
        "9,35": 63.13767952395905,
        "9,36": 21.915328748532797,
        "9,37": 27.911786156259403,
        "9,38": 78.2864356724013,
        "9,39": 30.60929349644212,
        "9,40": 44.75412407517218,
        "9,41": 22.88336134277727,
        "9,42": 30.702711191632563,
        "9,43": 40.06459526068469,
        "9,44": 68.3184859008997,
        "9,45": 67.72958353645652,
        "9,46": 38.95381015450752,
        "9,47": 30.559425010765846,
        "9,48": 44.77596875393024,
        "9,49": 33.10847022723712,
        "9,50": 58.1319419548469,
        "10,0": 41.30919158330032,
        "10,1": 87.11235041474025,
        "10,2": 61.54438898999785,
        "10,3": 36.51508976124199,
        "10,4": 35.43253778810286,
        "10,5": 70.94184425794994,
        "10,6": 70.77074452417476,
        "10,7": 68.8768619233681,
        "10,8": 63.91611071396888,
        "10,9": 31.98926171103979,
        "10,10": 0.0,
        "10,11": 8.067947224577935,
        "10,12": 34.046560489404115,
        "10,13": 58.41261888420333,
        "10,14": 29.751490713994386,
        "10,15": 44.90018476277216,
        "10,16": 47.28199158329121,
        "10,17": 29.31388252595222,
        "10,18": 27.59272437387741,
        "10,19": 45.89574146617339,
        "10,20": 34.5868453708991,
        "10,21": 85.68925913048079,
        "10,22": 52.59360086986598,
        "10,23": 55.23869119103289,
        "10,24": 52.91694315953287,
        "10,25": 51.51458378216174,
        "10,26": 36.723323413599125,
        "10,27": 67.2011119532576,
        "10,28": 44.239089943400735,
        "10,29": 30.08248225776883,
        "10,30": 46.05380625537298,
        "10,31": 24.808706996062206,
        "10,32": 83.69543438333758,
        "10,33": 34.24881573284064,
        "10,34": 54.47036011145945,
        "10,35": 61.59516805498483,
        "10,36": 50.09231478490815,
        "10,37": 33.28089637567445,
        "10,38": 78.23630894420766,
        "10,39": 42.44366282301926,
        "10,40": 17.912629413074892,
        "10,41": 26.579715135699377,
        "10,42": 16.63068018742349,
        "10,43": 57.22640729297429,
        "10,44": 60.200719877819104,
        "10,45": 92.07852071897678,
        "10,46": 55.03070410032893,
        "10,47": 60.45803698558436,
        "10,48": 53.724437536084366,
        "10,49": 63.677718902162574,
        "10,50": 80.97908426662653,
        "11,0": 33.24537541606229,
        "11,1": 80.04717350564226,
        "11,2": 57.497697788463284,
        "11,3": 35.06273568147606,
        "11,4": 31.624477865702097,
        "11,5": 63.38914127466193,
        "11,6": 63.59861202884673,
        "11,7": 60.821098836076885,
        "11,8": 55.85100646246276,
        "11,9": 26.711660204258227,
        "11,10": 8.067947224577935,
        "11,11": 0.0,
        "11,12": 26.31924493593694,
        "11,13": 52.681130201918414,
        "11,14": 22.071117821217843,
        "11,15": 39.99230932352426,
        "11,16": 41.49122235547269,
        "11,17": 21.576473486359447,
        "11,18": 24.91500221072491,
        "11,19": 41.54843655154072,
        "11,20": 26.62003845174954,
        "11,21": 77.95411438024229,
        "11,22": 45.01450158699561,
        "11,23": 51.48971827652511,
        "11,24": 46.67451400872867,
        "11,25": 43.48263077488735,
        "11,26": 32.2274289348162,
        "11,27": 61.13572891217049,
        "11,28": 42.18124806813678,
        "11,29": 28.28688337567261,
        "11,30": 41.68130640450334,
        "11,31": 17.640240705302247,
        "11,32": 75.62975365587408,
        "11,33": 37.576936321551194,
        "11,34": 51.70739328688453,
        "11,35": 55.12730892008966,
        "11,36": 46.73985168595417,
        "11,37": 34.78905341095782,
        "11,38": 71.76543258203188,
        "11,39": 43.11773232880133,
        "11,40": 18.54846331384435,
        "11,41": 27.540144072877695,
        "11,42": 21.212939167316556,
        "11,43": 49.159323137404876,
        "11,44": 55.00145749916131,
        "11,45": 84.14372172711847,
        "11,46": 55.2535969786427,
        "11,47": 53.537930591485015,
        "11,48": 45.89634492907447,
        "11,49": 59.49622155468476,
        "11,50": 72.99012582305876,
        "12,0": 12.863669545281716,
        "12,1": 54.464895097447396,
        "12,2": 59.98134627674396,
        "12,3": 34.650114526965936,
        "12,4": 40.1360519200035,
        "12,5": 46.78699281763594,
        "12,6": 49.951622240540665,
        "12,7": 36.19566485579735,
        "12,8": 32.58671841527544,
        "12,9": 32.092857835063754,
        "12,10": 34.046560489404115,
        "12,11": 26.31924493593694,
        "12,12": 0.0,
        "12,13": 48.746065905588964,
        "12,14": 4.309918929610342,
        "12,15": 42.24964415566358,
        "12,16": 22.374017024193286,
        "12,17": 4.743425754783524,
        "12,18": 38.74993547732163,
        "12,19": 45.58961399419802,
        "12,20": 13.452333468142113,
        "12,21": 58.88227388169253,
        "12,22": 18.76381155704944,
        "12,23": 55.86913305125931,
        "12,24": 41.1817571380543,
        "12,25": 18.837409159689102,
        "12,26": 22.0738930933085,
        "12,27": 54.38147460955586,
        "12,28": 37.53483374483433,
        "12,29": 43.07063400730818,
        "12,30": 28.575465215153468,
        "12,31": 10.096269039039546,
        "12,32": 51.80392522323129,
        "12,33": 49.832710952991185,
        "12,34": 59.312509474248685,
        "12,35": 31.720916149778244,
        "12,36": 53.21603305634857,
        "12,37": 54.69187491384051,
        "12,38": 47.76710873876681,
        "12,39": 60.500581506174846,
        "12,40": 31.687167430034428,
        "12,41": 47.63458638057809,
        "12,42": 46.257194182226904,
        "12,43": 26.02600684794271,
        "12,44": 36.278792059033805,
        "12,45": 62.74028473398945,
        "12,46": 70.48164468939437,
        "12,47": 42.78151056771033,
        "12,48": 19.71909238177231,
        "12,49": 61.230468094167854,
        "12,50": 51.118487199719596,
        "13,0": 37.86877401441632,
        "13,1": 86.17480800353658,
        "13,2": 15.672745764778409,
        "13,3": 81.00496608116897,
        "13,4": 25.52797432089563,
        "13,5": 28.034168761952994,
        "13,6": 21.88955962583283,
        "13,7": 49.49525448272725,
        "13,8": 42.606645079075335,
        "13,9": 26.449203319973854,
        "13,10": 58.41261888420333,
        "13,11": 52.681130201918414,
        "13,12": 48.746065905588964,
        "13,13": 0.0,
        "13,14": 49.10952459228581,
        "13,15": 14.689676374465707,
        "13,16": 70.18190759801834,
        "13,17": 48.50446173003879,
        "13,18": 34.00263035451958,
        "13,19": 16.06928456958552,
        "13,20": 35.42836077810157,
        "13,21": 42.051232437821064,
        "13,22": 56.02833616106537,
        "13,23": 16.76532248763718,
        "13,24": 7.605203049503886,
        "13,25": 44.155049343155156,
        "13,26": 70.39532487416443,
        "13,27": 9.3587201926569,
        "13,28": 85.45973257602263,
        "13,29": 34.69272447026542,
        "13,30": 77.30883307806685,
        "13,31": 52.742214485911646,
        "13,32": 54.691482643871886,
        "13,33": 89.76522011479149,
        "13,34": 23.838206588687214,
        "13,35": 74.15589862223668,
        "13,36": 19.95208149402086,
        "13,37": 46.18734103048366,
        "13,38": 86.24019082407472,
        "13,39": 43.17304486629192,
        "13,40": 69.921718496685,
        "13,41": 44.45312263890448,
        "13,42": 55.551994296054914,
        "13,43": 40.60512772061184,
        "13,44": 82.96053256928276,
        "13,45": 52.531082350578046,
        "13,46": 43.99030786923066,
        "13,47": 13.570860548390856,
        "13,48": 51.77137968266221,
        "13,49": 15.521171072953019,
        "13,50": 46.374813507002926,
        "14,0": 15.491078366607253,
        "14,1": 58.386864536156004,
        "14,2": 59.43866050963084,
        "14,3": 32.69265623089781,
        "14,4": 38.21844537425777,
        "14,5": 49.464544496204766,
        "14,6": 52.10824354363612,
        "14,7": 40.31255698446367,
        "14,8": 36.43568091369258,
        "14,9": 30.323809032518827,
        "14,10": 29.751490713994386,
        "14,11": 22.071117821217843,
        "14,12": 4.309918929610342,
        "14,13": 49.10952459228581,
        "14,14": 0.0,
        "14,15": 41.39070150327118,
        "14,16": 24.041672962713807,
        "14,17": 0.767075450636448,
        "14,18": 36.03322606367764,
        "14,19": 44.526388393005995,
        "14,20": 13.793473626024365,
        "14,21": 62.10851348613277,
        "14,22": 22.94919782523224,
        "14,23": 54.95573603427186,
        "14,24": 41.65452665783872,
        "14,25": 22.87012819773581,
        "14,26": 21.302235480940364,
        "14,27": 55.33956935642007,
        "14,28": 36.41396974504558,
        "14,29": 40.34159713471094,
        "14,30": 28.88629378889627,
        "14,31": 6.058710180953798,
        "14,32": 55.826960131891354,
        "14,33": 46.55497419553658,
        "14,34": 57.936410111257324,
        "14,35": 34.87701497636704,
        "14,36": 51.92255194577686,
        "14,37": 51.44736753754429,
        "14,38": 51.190116319009825,
        "14,39": 57.667305876291465,
        "14,40": 27.912484420318325,
        "14,41": 44.28814858798171,
        "14,42": 42.255990071590595,
        "14,43": 29.792939347781218,
        "14,44": 38.18705392364644,
        "14,45": 66.38884962451472,
        "14,46": 68.05262090112689,
        "14,47": 44.27967627538494,
        "14,48": 24.02898777689504,
        "14,49": 60.82830103665279,
        "14,50": 54.80598429297986,
        "15,0": 34.313347424386684,
        "15,1": 87.73325023799343,
        "15,2": 18.28759655407064,
        "15,3": 71.20435450438222,
        "15,4": 10.839180646840136,
        "15,5": 38.37094497973177,
        "15,6": 34.021477049370716,
        "15,7": 53.77193544629641,
        "15,8": 46.68714799561614,
        "15,9": 13.311348366294029,
        "15,10": 44.90018476277216,
        "15,11": 39.99230932352426,
        "15,12": 42.24964415566358,
        "15,13": 14.689676374465707,
        "15,14": 41.39070150327118,
        "15,15": 0.0,
        "15,16": 64.5981335250576,
        "15,17": 40.679060429286736,
        "15,18": 19.360689373047723,
        "15,19": 3.8681506885778,
        "15,20": 29.08299592486029,
        "15,21": 53.62562872878347,
        "15,22": 54.05597121699905,
        "15,23": 13.619511460319059,
        "15,24": 12.879159157862645,
        "15,25": 43.64589744012731,
        "15,26": 62.318015155528975,
        "15,27": 24.046317720465897,
        "15,28": 76.57897484288323,
        "15,29": 20.05427440780257,
        "15,30": 70.27691880663156,
        "15,31": 43.65702562168215,
        "15,32": 62.436538639740355,
        "15,33": 77.54436829376559,
        "15,34": 17.908977343145217,
        "15,35": 71.48327573374533,
        "15,36": 11.815555919809988,
        "15,37": 32.18479838503935,
        "15,38": 85.46645042636553,
        "15,39": 30.71414756695155,
        "15,40": 58.056685024331976,
        "15,41": 29.866659477002774,
        "15,42": 40.900534058976135,
        "15,43": 42.68727666869759,
        "15,44": 78.2935577774338,
        "15,45": 63.33420238916881,
        "15,46": 34.745259550039776,
        "15,47": 23.466693838152015,
        "15,48": 50.81014028694811,
        "15,49": 19.973620414036418,
        "15,50": 55.32868291415878,
        "16,0": 32.41716182762108,
        "16,1": 42.417506983154496,
        "16,2": 82.1770291032001,
        "16,3": 25.760849432355474,
        "16,4": 62.223603841783714,
        "16,5": 62.58126855182973,
        "16,6": 67.51129823033672,
        "16,7": 42.69662243968796,
        "16,8": 42.798186238858754,
        "16,9": 54.26487701212996,
        "16,10": 47.28199158329121,
        "16,11": 41.49122235547269,
        "16,12": 22.374017024193286,
        "16,13": 70.18190759801834,
        "16,14": 24.041672962713807,
        "16,15": 64.5981335250576,
        "16,16": 0.0,
        "16,17": 24.807915431908317,
        "16,18": 59.902117072150496,
        "16,19": 67.9620272208555,
        "16,20": 35.604704607459176,
        "16,21": 71.32546810882825,
        "16,22": 19.865800635187714,
        "16,23": 78.2157492953836,
        "16,24": 62.57758073527583,
        "16,25": 30.502511358045854,
        "16,26": 12.86321619995934,
        "16,27": 74.82333249745218,
        "16,28": 23.478876914691092,
        "16,29": 64.18216379212951,
        "16,30": 10.026849117194898,
        "16,31": 24.883204253541,
        "16,32": 57.87958857810258,
        "16,33": 46.704987560214896,
        "16,34": 81.66651512698678,
        "16,35": 15.461053957174942,
        "16,36": 75.58110001552019,
        "16,37": 74.52511602852758,
        "16,38": 31.54837096666743,
        "16,39": 81.34252656051747,
        "16,40": 35.76325930853264,
        "16,41": 67.22449856760136,
        "16,42": 62.69513348278942,
        "16,43": 38.08658816664271,
        "16,44": 14.171530081987019,
        "16,45": 72.0006074882711,
        "16,46": 92.02035584389601,
        "16,47": 62.37771471252289,
        "16,48": 24.966833576718976,
        "16,49": 83.33510825544496,
        "16,50": 60.761720660368944,
        "17,0": 15.303848474329241,
        "17,1": 59.00844307415303,
        "17,2": 58.74507155661391,
        "17,3": 33.14936889240865,
        "17,4": 37.45678479951121,
        "17,5": 49.21626971276049,
        "17,6": 51.75735231365777,
        "17,7": 40.50524392222589,
        "17,8": 36.512255815744446,
        "17,9": 29.568057030635554,
        "17,10": 29.31388252595222,
        "17,11": 21.576473486359447,
        "17,12": 4.743425754783524,
        "17,13": 48.50446173003879,
        "17,14": 0.767075450636448,
        "17,15": 40.679060429286736,
        "17,16": 24.807915431908317,
        "17,17": 0.0,
        "17,18": 35.270674691977305,
        "17,19": 43.80046921880766,
        "17,20": 13.251045438985559,
        "17,21": 61.981302376246916,
        "17,22": 23.476756616106115,
        "17,23": 54.236745204027216,
        "17,24": 41.06602162614384,
        "17,25": 23.037143515544575,
        "17,26": 21.935325610680177,
        "17,27": 54.80303853361459,
        "17,28": 36.9864654820524,
        "17,29": 39.579786398182755,
        "17,30": 29.59945223287772,
        "17,31": 6.05922920315833,
        "17,32": 55.96642222433378,
        "17,33": 46.71892674154081,
        "17,34": 57.19141983516907,
        "17,35": 35.602126062301004,
        "17,36": 51.18232852512036,
        "17,37": 50.71420473042983,
        "17,38": 51.89304621540238,
        "17,39": 56.91023724375727,
        "17,40": 27.93136239375659,
        "17,41": 43.56317558662592,
        "17,42": 41.64444794945127,
        "17,43": 29.847106984419398,
        "17,44": 38.953994444359296,
        "17,45": 66.38184279654396,
        "17,46": 67.28629303032339,
