{
    "num_robots": 5,
    "num_tasks": 60,
    "num_nodes": 61,
    "robot_capacity": [
        167,
        182,
        185,
        162,
        170
    ],
    "robot_speed": [
        0.86,
        0.92,
        0.83,
        0.83,
        1.17
    ],
    "task_demand": {
        "0": 0,
        "1": 7,
        "2": 15,
        "3": 9,
        "4": 6,
        "5": 9,
        "6": 9,
        "7": 13,
        "8": 10,
        "9": 11,
        "10": 7,
        "11": 13,
        "12": 10,
        "13": 5,
        "14": 11,
        "15": 5,
        "16": 13,
        "17": 8,
        "18": 10,
        "19": 8,
        "20": 6,
        "21": 8,
        "22": 13,
        "23": 13,
        "24": 8,
        "25": 14,
        "26": 15,
        "27": 9,
        "28": 12,
        "29": 11,
        "30": 13,
        "31": 13,
        "32": 11,
        "33": 15,
        "34": 15,
        "35": 15,
        "36": 7,
        "37": 11,
        "38": 15,
        "39": 5,
        "40": 8,
        "41": 5,
        "42": 13,
        "43": 13,
        "44": 14,
        "45": 14,
        "46": 5,
        "47": 15,
        "48": 5,
        "49": 6,
        "50": 13,
        "51": 5,
        "52": 10,
        "53": 8,
        "54": 13,
        "55": 13,
        "56": 13,
        "57": 14,
        "58": 6,
        "59": 6,
        "60": 11
    },
    "task_service_time": {
        "0": 0,
        "1": 15,
        "2": 86,
        "3": 57,
        "4": 17,
        "5": 25,
        "6": 65,
        "7": 36,
        "8": 89,
        "9": 19,
        "10": 16,
        "11": 65,
        "12": 54,
        "13": 99,
        "14": 57,
        "15": 51,
        "16": 95,
        "17": 76,
        "18": 52,
        "19": 100,
        "20": 97,
        "21": 87,
        "22": 55,
        "23": 78,
        "24": 96,
        "25": 81,
        "26": 31,
        "27": 56,
        "28": 70,
        "29": 47,
        "30": 72,
        "31": 12,
        "32": 28,
        "33": 84,
        "34": 11,
        "35": 87,
        "36": 31,
        "37": 92,
        "38": 53,
        "39": 33,
        "40": 35,
        "41": 38,
        "42": 48,
        "43": 45,
        "44": 53,
        "45": 95,
        "46": 26,
        "47": 92,
        "48": 11,
        "49": 64,
        "50": 84,
        "51": 55,
        "52": 26,
        "53": 21,
        "54": 72,
        "55": 68,
        "56": 56,
        "57": 58,
        "58": 40,
        "59": 29,
        "60": 31
    },
    "task_precedence": [],
    "coordinates": {
        "0": [
            50.0,
            50.0
        ],
        "1": [
            55.98552205603377,
            52.99968279225891
        ],
        "2": [
            28.093824378775157,
            88.9499781317532
        ],
        "3": [
            7.451793873552881,
            69.03856263942735
        ],
        "4": [
            85.35399250210745,
            39.88047300632991
        ],
        "5": [
            10.19123818674913,
            44.11617887632963
        ],
        "6": [
            28.40845610496493,
            36.90455342164212
        ],
        "7": [
            26.83425015202795,
            49.848922377434604
        ],
        "8": [
            30.996480678842243,
            92.50436455883057
        ],
        "9": [
            21.172217669448944,
            76.45342563070794
        ],
        "10": [
            49.930070616150466,
            58.449469771558405
        ],
        "11": [
            48.19898299252044,
            76.72405915386017
        ],
        "12": [
            81.29444831882383,
            50.05588005642565
        ],
        "13": [
            70.73464125080643,
            31.577032841856244
        ],
        "14": [
            58.89954886976019,
            15.341708067738146
        ],
        "15": [
            71.68606956293945,
            38.22419827856164
        ],
        "16": [
            39.91943999774297,
            99.76077535700016
        ],
        "17": [
            70.85584673912354,
            19.13391951571326
        ],
        "18": [
            49.19710794103437,
            30.58032041678458
        ],
        "19": [
            16.11068608976759,
            78.58006052526775
        ],
        "20": [
            51.900316423608714,
            44.085803006249414
        ],
        "21": [
            28.385679932165452,
            46.7211929020558
        ],
        "22": [
            89.08701867512644,
            67.14452007258357
        ],
        "23": [
            29.173717346432703,
            7.037059002535473
        ],
        "24": [
            53.12831626785943,
            48.108577941235176
        ],
        "25": [
            17.787576219577762,
            72.52633569992337
        ],
        "26": [
            40.409315779563336,
            67.80477548674602
        ],
        "27": [
            95.60831674897047,
            25.64436367844514
        ],
        "28": [
            44.577338776117216,
            96.67954623773912
        ],
        "29": [
            85.55467265950622,
            98.71868040384312
        ],
        "30": [
            77.51418979619508,
            76.05149000084506
        ],
        "31": [
            91.82837114947235,
            86.5398559594542
        ],
        "32": [
            64.15429759166285,
            83.58141925674109
        ],
        "33": [
            69.56005429157455,
            31.703782023924997
        ],
        "34": [
            27.652584175602012,
            90.92103541793972
        ],
        "35": [
            17.889893734306728,
            17.205911465248136
        ],
        "36": [
            36.193885829663806,
            73.3848406555641
        ],
        "37": [
            9.443421046789757,
            20.002090694096974
        ],
        "38": [
            45.243325806950274,
            33.043416569008656
        ],
        "39": [
            65.05115340707822,
            53.1546814529132
        ],
        "40": [
            11.095226152610426,
            69.93653076738674
        ],
        "41": [
            3.9726974704493934,
            42.11685805790012
        ],
        "42": [
            11.369451125224295,
            98.76661322123735
        ],
        "43": [
            7.492448205114666,
            15.384616131894123
        ],
        "44": [
            49.0300043508741,
            53.15899191065466
        ],
        "45": [
            63.043345756760594,
            80.14178469276058
        ],
        "46": [
            0.7088219833709997,
            58.69698360369452
        ],
        "47": [
            37.878245200768234,
            43.214553520229884
        ],
        "48": [
            32.14767187489771,
            70.62031533506767
        ],
        "49": [
            11.6386101245333,
            77.52193580576684
        ],
        "50": [
            94.53025939580634,
            7.51679252279418
        ],
        "51": [
            55.66529639341764,
            43.73957090181302
        ],
        "52": [
            75.98045109443326,
            35.14253566261676
        ],
        "53": [
            65.40555707038878,
            20.256053366071047
        ],
        "54": [
            47.03125827812046,
            26.77980018233327
        ],
        "55": [
            54.64700319057896,
            21.235413740503063
        ],
        "56": [
            8.473279826323243,
            22.866755576602237
        ],
        "57": [
            32.703931682201635,
            85.9509069477092
        ],
        "58": [
            17.138938124422655,
            88.05168527260551
        ],
        "59": [
            11.206772167136315,
            36.85556501220976
        ],
        "60": [
            39.32418708050316,
            80.46284629944523
        ]
    },
    "distance_matrix_str_keys": {
        "0,0": 0.0,
        "0,1": 6.69511546856669,
        "0,2": 44.68759701317579,
        "0,3": 46.61348208355638,
        "0,4": 36.77376255449919,
        "0,5": 40.241233431885384,
        "0,6": 25.25243530548789,
        "0,7": 23.16624247621649,
        "0,8": 46.55915326914342,
        "0,9": 39.12575573323827,
        "0,10": 8.449759140898918,
        "0,11": 26.784678454673447,
        "0,12": 31.294498209114035,
        "0,13": 27.736817890841174,
        "0,14": 35.78266577195077,
        "0,15": 24.67701601229937,
        "0,16": 50.77157131790327,
        "0,17": 37.25159416277747,
        "0,18": 19.43626998096867,
        "0,19": 44.33176577730962,
        "0,20": 6.211998759716995,
        "0,21": 21.861596647553547,
        "0,22": 42.68172439614998,
        "0,23": 47.74461590920903,
        "0,24": 3.655658637801967,
        "0,25": 39.30745534723857,
        "0,26": 20.223532182820215,
        "0,27": 51.704115670827036,
        "0,28": 46.993460095105,
        "0,29": 60.31288890624,
        "0,30": 37.89077422546517,
        "0,31": 55.540739161048904,
        "0,32": 36.44250073211735,
        "0,33": 26.783340271844246,
        "0,34": 46.625509473943886,
        "0,35": 45.89674462550975,
        "0,36": 27.15620667491102,
        "0,37": 50.44512522645929,
        "0,38": 17.611123502803434,
        "0,39": 15.378206460857417,
        "0,40": 43.71551998038553,
        "0,41": 46.697499986895124,
        "0,42": 62.2133576608448,
        "0,43": 54.81894526467272,
        "0,44": 3.3045607046784258,
        "0,45": 32.84289958263644,
        "0,46": 50.052549925752444,
        "0,47": 13.891696201059215,
        "0,48": 27.274585679785226,
        "0,49": 47.21284977285644,
        "0,50": 61.54483665921225,
        "0,51": 8.443255042855048,
        "0,52": 29.92871673839113,
        "0,53": 33.49676924736204,
        "0,54": 23.409209875252056,
        "0,55": 29.137536981242786,
        "0,56": 49.60525618644357,
        "0,57": 39.89513365833976,
        "0,58": 50.277033918837596,
        "0,59": 40.95962276243171,
        "0,60": 32.279374005016265,
        "1,0": 6.69511546856669,
        "1,1": 0.0,
        "1,2": 45.50132453364911,
        "1,3": 51.11524662997182,
        "1,4": 32.16552069762152,
        "1,5": 46.6479696977795,
        "1,6": 31.930357904766613,
        "1,7": 29.32104951758895,
        "1,8": 46.74475446966312,
        "1,9": 41.97671039332532,
        "1,10": 8.146696892638582,
        "1,11": 24.969505888874206,
        "1,12": 25.479555002449384,
        "1,13": 26.00896860544644,
        "1,14": 37.770552188494165,
        "1,15": 21.559734103905598,
        "1,16": 49.44409742883404,
        "1,17": 36.986706780727815,
        "1,18": 23.424567776579295,
        "1,19": 47.3746585032552,
        "1,20": 9.805414723438581,
        "1,21": 28.30495929274301,
        "1,22": 35.997020711590366,
        "1,23": 53.2112361952007,
        "1,24": 5.664497469298124,
        "1,25": 42.89957155848096,
        "1,26": 21.489741079396765,
        "1,27": 48.14851340485184,
        "1,28": 45.145067464386024,
        "1,29": 54.447786089233034,
        "1,30": 31.541549585397462,
        "1,31": 49.088216989624485,
        "1,32": 31.653933388040908,
        "1,33": 25.254372194700473,
        "1,34": 47.336923789972175,
        "1,35": 52.273042412294224,
        "1,36": 28.412383314830063,
        "1,37": 57.05267960956217,
        "1,38": 22.663789220407573,
        "1,39": 9.066956290720968,
        "1,40": 47.97911509844152,
        "1,41": 53.139155013695344,
        "1,42": 63.91561394678123,
        "1,43": 61.37158504857423,
        "1,44": 6.957341873301448,
        "1,45": 28.04472447658842,
        "1,46": 55.56953128702006,
        "1,47": 20.582085170933347,
        "1,48": 29.64337687354428,
        "1,49": 50.67533414511204,
        "1,50": 59.61870582171528,
        "1,51": 9.265647127889952,
        "1,52": 26.80811240763359,
        "1,53": 34.071723285903666,
        "1,54": 27.70669745535782,
        "1,55": 31.792458557738385,
        "1,56": 56.26194508083374,
        "1,57": 40.346197140221825,
        "1,58": 52.323034707840975,
        "1,59": 47.60009433297935,
        "1,60": 32.12203967666577,
        "2,0": 44.68759701317579,
        "2,1": 45.50132453364911,
        "2,2": 0.0,
        "2,3": 28.68027005253892,
        "2,4": 75.40917176820219,
        "2,5": 48.275999710399994,
        "2,6": 52.04637572760438,
        "2,7": 39.12133801820966,
        "2,8": 4.58901693931402,
        "2,9": 14.285393374001645,
        "2,10": 37.51136707678887,
        "2,11": 23.53062892780091,
        "2,12": 65.90187594221942,
        "2,13": 71.48352337952863,
        "2,14": 79.79454920752073,
        "2,15": 66.88339541254429,
        "2,16": 16.022438060825287,
        "2,17": 81.87107301742942,
        "2,18": 62.0674271971355,
        "2,19": 15.847106815402489,
        "2,20": 50.78920429749413,
        "2,21": 42.22979376743337,
        "2,22": 64.77381995561683,
        "2,23": 81.92003716485583,
        "2,24": 47.903504607352815,
        "2,25": 19.38955342052934,
        "2,26": 24.470204807914993,
        "2,27": 92.55164775041041,
        "2,28": 18.205836151972196,
        "2,29": 58.28530371561883,
        "2,30": 51.07586038486767,
        "2,31": 63.780099881950605,
        "2,32": 36.4579093302381,
        "2,33": 70.68645692066525,
        "2,34": 2.0198415141602704,
        "2,35": 72.46607000828074,
        "2,36": 17.546637859169447,
        "2,37": 71.42582674748292,
        "2,38": 58.477765218961004,
        "2,39": 51.45043666707238,
        "2,40": 25.504186368753356,
        "2,41": 52.67988135122836,
        "2,42": 19.392549734477388,
        "2,43": 76.39554428380609,
        "2,44": 41.464663588445795,
        "2,45": 36.04238222161479,
        "2,46": 40.80664203424535,
        "2,47": 46.770331998160806,
        "2,48": 18.77259219612509,
        "2,49": 20.03432623168396,
        "2,50": 105.09597335861817,
        "2,51": 52.9543859463146,
        "2,52": 72.03034001914894,
        "2,53": 78.17301769897098,
        "2,54": 64.99044105831729,
        "2,55": 72.73467904451347,
        "2,56": 68.93444764273058,
        "2,57": 5.499774296829755,
        "2,58": 10.99165423885764,
        "2,59": 54.763130029868414,
        "2,60": 14.076663423955928,
        "3,0": 46.61348208355638,
        "3,1": 51.11524662997182,
        "3,2": 28.68027005253892,
        "3,3": 0.0,
        "3,4": 83.18020643286786,
        "3,5": 25.072490254863407,
        "3,6": 38.363736005376204,
        "3,7": 27.27493180141228,
        "3,8": 33.24148216430541,
        "3,9": 15.595839904232584,
        "3,10": 43.77822384228328,
        "3,11": 41.46565178277398,
        "3,12": 76.24355614457322,
        "3,13": 73.53968307619414,
        "3,14": 74.36547374314854,
        "3,15": 71.24301526679166,
        "3,16": 44.69902011352629,
        "3,17": 80.68796270253291,
        "3,18": 56.76008845525288,
        "3,19": 12.884742772656368,
        "3,20": 50.9736340689378,
        "3,21": 30.598898305486777,
        "3,22": 81.65719396139245,
        "3,23": 65.69648706435653,
        "3,24": 50.24349666876447,
        "3,25": 10.908389323173303,
        "3,26": 32.98060764939422,
        "3,27": 98.2579718340926,
        "3,28": 46.28531147777296,
        "3,29": 83.55219365859229,
        "3,30": 70.41250224638797,
        "3,31": 86.17251337098637,
        "3,32": 58.53775368507081,
        "3,33": 72.46600482819849,
        "3,34": 29.78111051874488,
        "3,35": 52.87322248971791,
        "3,36": 29.0688490072636,
        "3,37": 49.076900468981826,
        "3,38": 52.19052046592152,
        "3,39": 59.74934225763171,
        "3,40": 3.7524585981605902,
        "3,41": 27.145575870795454,
        "3,42": 29.98508011888958,
        "3,43": 53.65396190970349,
        "3,44": 44.507396610299715,
        "3,45": 56.68952443572799,
        "3,46": 12.345684544167321,
        "3,47": 39.907999039738876,
        "3,48": 24.746481201323814,
        "3,49": 9.460288082233152,
        "3,50": 106.61888836408933,
        "3,51": 54.447964224320486,
        "3,52": 76.45336817504898,
        "3,53": 75.75204208257377,
        "3,54": 57.899369659414575,
        "3,55": 67.17535877932198,
        "3,56": 46.183105146779106,
        "3,57": 30.392397962465243,
        "3,58": 21.33868777599576,
        "3,59": 32.401314761268196,
        "3,60": 33.85799323472969,
        "4,0": 36.77376255449919,
        "4,1": 32.16552069762152,
        "4,2": 75.40917176820219,
        "4,3": 83.18020643286786,
        "4,4": 0.0,
        "4,5": 75.28200874371024,
        "4,6": 57.02324274305006,
        "4,7": 59.362700642608615,
        "4,8": 75.65720754657659,
        "4,9": 73.87070518368616,
        "4,10": 39.99577330980673,
        "4,11": 52.325372161772385,
        "4,12": 10.955309562544091,
        "4,13": 16.81286857064882,
        "4,14": 36.08307875734135,
        "4,15": 13.767910641955755,
        "4,16": 75.16614378082421,
        "4,17": 25.31038743883124,
        "4,18": 37.33380692283592,
        "4,19": 79.32397844945194,
        "4,20": 33.71695780424653,
        "4,21": 57.377557335236844,
        "4,22": 27.518425587946343,
        "4,23": 65.07621039974566,
        "4,24": 33.25952374244691,
        "4,25": 75.0398091700202,
        "4,26": 52.913047868288324,
        "4,27": 17.544742077194826,
        "4,28": 69.92045629882789,
        "4,29": 58.83854962758984,
        "4,30": 37.01087646739989,
        "4,31": 47.106428398210795,
        "4,32": 48.57159424475644,
        "4,33": 17.78501503007161,
        "4,34": 77.03630010686875,
        "4,35": 71.1726096446651,
        "4,36": 59.49166949767916,
        "4,37": 78.47015319230738,
        "4,38": 40.68919910070861,
        "4,39": 24.257161524011636,
        "4,40": 80.11074202555595,
        "4,41": 81.41201753505841,
        "4,42": 94.55839398042606,
        "4,43": 81.62393695678622,
        "4,44": 38.67494252747443,
        "4,45": 46.02975317017869,
        "4,46": 86.71139465610447,
        "4,47": 47.59267459067398,
        "4,48": 61.447949201589324,
        "4,49": 82.76978507132517,
        "4,50": 33.63943650753957,
        "4,51": 29.938458764623395,
        "4,52": 10.502920012755219,
        "4,53": 27.98317212880674,
        "4,54": 40.50011835592271,
        "4,55": 35.92432918795451,
        "4,56": 78.74078080839116,
        "4,57": 69.96080179562534,
        "4,58": 83.50903744477644,
        "4,59": 74.2088967157958,
        "4,60": 61.36507157375856,
        "5,0": 40.241233431885384,
        "5,1": 46.6479696977795,
        "5,2": 48.275999710399994,
        "5,3": 25.072490254863407,
        "5,4": 75.28200874371024,
        "5,5": 0.0,
        "5,6": 19.592717279092753,
        "5,7": 17.602675800169564,
        "5,8": 52.6713833955307,
        "5,9": 34.150833636282215,
        "5,10": 42.24473968128206,
        "5,11": 50.078563491921386,
        "5,12": 71.35086923923774,
        "5,13": 61.828260834757046,
        "5,14": 56.572693942459665,
        "5,15": 61.776449568994785,
        "5,16": 63.08793149574511,
        "5,17": 65.60722531531053,
        "5,18": 41.28773836776605,
        "5,19": 34.9685430321105,
        "5,20": 41.7090892979211,
        "5,21": 18.379983909176257,
        "5,22": 82.1878864378523,
        "5,23": 41.655679632710566,
        "5,24": 43.12229034312557,
        "5,25": 29.40818529338709,
        "5,26": 38.396377729889714,
        "5,27": 87.39156290403261,
        "5,28": 62.811714688524695,
        "5,29": 93.06492587753813,
        "5,30": 74.51338074485281,
        "5,31": 92.00211875618179,
        "5,32": 66.8544462143088,
        "5,33": 60.652484873335254,
        "5,34": 49.95591255920694,
        "5,35": 27.989851542583324,
        "5,36": 39.15089075345281,
        "5,37": 24.12568090925745,
        "5,38": 36.759419359515,
        "5,39": 55.59950383599302,
        "5,40": 25.836171659524922,
        "5,41": 6.532038914097442,
        "5,42": 54.66313346136919,
        "5,43": 28.858034671515743,
        "5,44": 39.877590508020134,
        "5,45": 63.9624073111146,
        "5,46": 17.39298949438062,
        "5,47": 27.70168380581052,
        "5,48": 34.41735361304633,
        "5,49": 33.437097385313336,
        "5,50": 91.93794417952338,
        "5,51": 45.47561767969672,
        "5,52": 66.39839461568033,
        "5,53": 60.14920281391548,
        "5,54": 40.71531783683255,
        "5,55": 49.998444528571056,
        "5,56": 21.31875633096721,
        "5,57": 47.5075345732281,
        "5,58": 44.48144845574554,
        "5,59": 7.331290674169909,
        "5,60": 46.5812080566043,
        "6,0": 25.25243530548789,
        "6,1": 31.930357904766613,
        "6,2": 52.04637572760438,
        "6,3": 38.363736005376204,
        "6,4": 57.02324274305006,
        "6,5": 19.592717279092753,
        "6,6": 0.0,
        "6,7": 13.039739723090582,
        "6,8": 55.660011405730216,
        "6,9": 40.205427988079634,
        "6,10": 30.452640471607086,
        "6,11": 44.466369215905225,
        "6,12": 54.49665645431021,
        "6,13": 42.6601503106599,
        "6,14": 37.34518761162846,
        "6,15": 43.297728452728926,
        "6,16": 63.90154447403271,
        "6,17": 46.01713160408202,
        "6,18": 21.729334280208462,
        "6,19": 43.452077507192186,
        "6,20": 24.56497194842878,
        "6,21": 9.816665902558968,
        "6,22": 67.79633868160623,
        "6,23": 29.87729652500473,
        "6,24": 27.140406259094593,
        "6,25": 37.17141996509003,
        "6,26": 33.14882134559442,
        "6,27": 68.13672389854507,
        "6,28": 61.92319866574995,
        "6,29": 84.18239935443869,
        "6,30": 62.800125198045215,
        "6,31": 80.53414730580235,
        "6,32": 58.79196363262554,
        "6,33": 41.47893509292982,
        "6,34": 54.021770330394965,
        "6,35": 22.331069147526996,
        "6,36": 37.30179985828668,
        "6,37": 25.404050878036486,
        "6,38": 17.271977758137265,
        "6,39": 40.084335177310884,
        "6,40": 37.29422822304936,
        "6,41": 24.985484179128033,
        "6,42": 64.16573956051876,
        "6,43": 30.009783195172954,
        "6,44": 26.257475557476045,
        "6,45": 55.39886054048627,
        "6,46": 35.24457041460144,
        "6,47": 11.379499407406845,
        "6,48": 33.922475381034786,
        "6,49": 43.943139236354114,
        "6,50": 72.35836759546598,
        "6,51": 28.100761670539477,
        "6,52": 47.604615468052266,
        "6,53": 40.570408353208826,
        "6,54": 21.19715520859772,
        "6,55": 30.561140219419677,
        "6,56": 24.38177642418051,
        "6,57": 49.23409290967581,
        "6,58": 52.37395471122645,
        "6,59": 17.20175369435366,
        "6,60": 44.905211959847136,
        "7,0": 23.16624247621649,
        "7,1": 29.32104951758895,
        "7,2": 39.12133801820966,
        "7,3": 27.27493180141228,
        "7,4": 59.362700642608615,
        "7,5": 17.602675800169564,
        "7,6": 13.039739723090582,
        "7,7": 0.0,
        "7,8": 42.858032043582675,
        "7,9": 27.200334652118002,
        "7,10": 24.64520923809636,
        "7,11": 34.33256160115642,
        "7,12": 54.460591401926315,
        "7,13": 47.55109132108418,
        "7,14": 47.105532809561986,
        "7,15": 46.33378804764333,
        "7,16": 51.59859747272371,
        "7,17": 53.67785732378423,
        "7,18": 29.51908585998711,
        "7,19": 30.667134288473633,
        "7,20": 25.720054883646903,
        "7,21": 3.491364494556661,
        "7,22": 64.6107180615022,
        "7,23": 42.875736173093586,
        "7,24": 26.35159789576958,
        "7,25": 24.41531044732105,
        "7,26": 22.509888219959276,
        "7,27": 72.90907281054609,
        "7,28": 50.07918255191081,
        "7,29": 76.39595060614457,
        "7,30": 57.05287751196973,
        "7,31": 74.63551682242587,
        "7,32": 50.30573810818226,
        "7,33": 46.419182002911896,
        "7,34": 41.08026460706125,
        "7,35": 33.84623573073313,
        "7,36": 25.328683921847666,
        "7,37": 34.54380260627203,
        "7,38": 24.926273125874477,
        "7,39": 38.359610757553064,
        "7,40": 25.519186650093616,
        "7,41": 24.13369863187178,
        "7,42": 51.3040006863918,
        "7,43": 39.52080094760251,
        "7,44": 22.441213531588446,
        "7,45": 47.20970357636199,
        "7,46": 27.583077864141597,
        "7,47": 12.883504056352363,
        "7,48": 21.440224248022055,
        "7,49": 31.570605759944712,
        "7,50": 79.84208718191095,
        "7,51": 29.471230086744434,
        "7,52": 51.29938476509297,
        "7,53": 48.61567251117804,
        "7,54": 30.66110787460173,
        "7,55": 39.90340973023714,
        "7,56": 32.63682822471187,
        "7,57": 36.57603657010977,
        "7,58": 39.413832192991265,
        "7,59": 20.3235184893934,
        "7,60": 33.06373938894304,
        "8,0": 46.55915326914342,
        "8,1": 46.74475446966312,
        "8,2": 4.58901693931402,
        "8,3": 33.24148216430541,
        "8,4": 75.65720754657659,
        "8,5": 52.6713833955307,
        "8,6": 55.660011405730216,
        "8,7": 42.858032043582675,
        "8,8": 0.0,
        "8,9": 18.818841201095672,
        "8,10": 38.96430015907275,
        "8,11": 23.344038308018643,
        "8,12": 65.81610278088141,
        "8,13": 72.74105550370736,
        "8,14": 82.05276821186075,
        "8,15": 67.83788834398143,
        "8,16": 11.501073892404545,
        "8,17": 83.49845069552251,
        "8,18": 64.54339683998133,
        "8,19": 20.38315783599828,
        "8,20": 52.738292081420944,
        "8,21": 45.85755213149251,
        "8,22": 63.38479563005919,
        "8,23": 85.48674040586113,
        "8,24": 49.606491671295906,
        "8,25": 23.949880878645438,
        "8,26": 26.432388559553328,
        "8,27": 92.97821829911703,
        "8,28": 14.208161341644907,
        "8,29": 54.91096460289658,
        "8,30": 49.34160863558725,
        "8,31": 61.12359823392903,
        "8,32": 34.33743984760968,
        "8,33": 71.99902809322141,
        "8,34": 3.6998074264448433,
        "8,35": 76.43061990865378,
        "8,36": 19.813359497807642,
        "8,37": 75.6380466105494,
        "8,38": 61.14390347330306,
        "8,39": 52.03958392573271,
        "8,40": 30.089317934378247,
        "8,41": 57.176793109403434,
        "8,42": 20.601845728196487,
        "8,43": 80.62192716600124,
        "8,44": 43.281246803362336,
        "8,45": 34.348725482428925,
        "8,46": 45.39032139453356,
        "8,47": 49.7679028607415,
        "8,48": 21.914307007020625,
        "8,49": 24.47856866195432,
        "8,50": 106.11045395547337,
        "8,51": 54.6493876376596,
        "8,52": 72.89675581717802,
        "8,53": 80.02376527210593,
        "8,54": 67.65229083437347,
        "8,55": 75.09068228364522,
        "8,56": 73.18941973676688,
        "8,57": 6.772237118533111,
        "8,58": 14.555337113015538,
        "8,59": 59.06286019114102,
        "8,60": 14.640657632202688,
        "9,0": 39.12575573323827,
        "9,1": 41.97671039332532,
        "9,2": 14.285393374001645,
        "9,3": 15.595839904232584,
        "9,4": 73.87070518368616,
        "9,5": 34.150833636282215,
        "9,6": 40.205427988079634,
        "9,7": 27.200334652118002,
        "9,8": 18.818841201095672,
        "9,9": 0.0,
        "9,10": 33.928697774631935,
        "9,11": 27.028120288548255,
        "9,12": 65.66211259625251,
        "9,13": 66.86048504907215,
        "9,14": 71.81917253069801,
        "9,15": 63.349215125837084,
        "9,16": 29.91138405841796,
        "9,17": 75.85505110933568,
        "9,18": 53.756267138837735,
        "9,19": 5.490143705484498,
        "9,20": 44.63047218442524,
        "9,21": 30.594765906056036,
        "9,22": 68.5498061144658,
        "9,23": 69.87600412829592,
        "9,24": 42.71560169505683,
        "9,25": 5.184383576535951,
        "9,26": 21.091825265036196,
        "9,27": 90.12376835577408,
        "9,28": 30.933729953369344,
        "9,29": 68.1237262681613,
        "9,30": 56.3434057843648,
        "9,31": 71.37246038472595,
        "9,32": 43.56911162248266,
        "9,33": 65.90837075746607,
        "9,34": 15.852661701104811,
        "9,35": 59.33836520499674,
        "9,36": 15.331885991791468,
        "9,37": 57.65689799443892,
        "9,38": 49.63715477043478,
        "9,39": 49.68090661138667,
        "9,40": 12.000653177640695,
        "9,41": 38.403429114569846,
        "9,42": 24.371552522782082,
        "9,43": 62.58223059463242,
        "9,44": 36.31372909969099,
        "9,45": 42.033264920473215,
        "9,46": 27.093205725120125,
        "9,47": 37.20099427507166,
        "9,48": 12.429230496575704,
        "9,49": 9.593299057919383,
        "9,50": 100.66608997165383,
        "9,51": 47.53912884226153,
        "9,52": 68.63331611632432,
        "9,53": 71.51736127688798,
        "9,54": 56.00142003901632,
        "9,55": 64.57236330499653,
        "9,56": 55.07081105114722,
        "9,57": 14.939296484061916,
        "9,58": 12.279534625106825,
        "9,59": 40.83259322675419,
        "9,60": 18.58949831487514,
        "10,0": 8.449759140898918,
        "10,1": 8.146696892638582,
        "10,2": 37.51136707678887,
        "10,3": 43.77822384228328,
        "10,4": 39.99577330980673,
        "10,5": 42.24473968128206,
        "10,6": 30.452640471607086,
        "10,7": 24.64520923809636,
        "10,8": 38.96430015907275,
        "10,9": 33.928697774631935,
        "10,10": 0.0,
        "10,11": 18.356396200028517,
        "10,12": 32.46808489858828,
        "10,13": 33.98467339600617,
        "10,14": 44.0310192847648,
        "10,15": 29.704967549857905,
        "10,16": 42.50690172844815,
        "10,17": 44.53763126019024,
        "10,18": 27.87878620101319,
        "10,19": 39.357228736747636,
        "10,20": 14.498165107579954,
        "10,21": 24.529844032767315,
        "10,22": 40.110727754937336,
        "10,23": 55.44422586834511,
        "10,24": 10.824177525111136,
        "10,25": 35.08985751465614,
        "10,26": 13.347903119329994,
        "10,27": 56.23768447892305,
        "10,28": 38.60298543845191,
        "10,29": 53.76543123322624,
        "10,30": 32.721777871795446,
        "10,31": 50.443407733475816,
        "10,32": 28.878080233572803,
        "10,33": 33.17631794203997,
        "10,34": 39.37878842265302,
        "10,35": 52.22646873363973,
        "10,36": 20.291576477230958,
        "10,37": 55.83341070791068,
        "10,38": 25.83472694334804,
        "10,39": 16.02129608082171,
        "10,40": 40.49811989252374,
        "10,41": 48.77329547859498,
        "10,42": 55.78882891283868,
        "10,43": 60.461007392428996,
        "10,44": 5.366495623645022,
        "10,45": 25.347869960885358,
        "10,46": 49.22187095252468,
        "10,47": 19.425477317889694,
        "10,48": 21.548623777951594,
        "10,49": 42.77843974722679,
        "10,50": 67.70018058253409,
        "10,51": 15.788411556403211,
        "10,52": 34.954763632756055,
        "10,53": 41.209558814894685,
        "10,54": 31.802061015943707,
        "10,55": 37.5118037315487,
        "10,56": 54.6332778814473,
        "10,57": 32.451023240037856,
        "10,58": 44.17634585001888,
        "10,59": 44.33723678272296,
        "10,60": 24.43508771685163,
        "11,0": 26.784678454673447,
        "11,1": 24.969505888874206,
        "11,2": 23.53062892780091,
        "11,3": 41.46565178277398,
        "11,4": 52.325372161772385,
        "11,5": 50.078563491921386,
        "11,6": 44.466369215905225,
        "11,7": 34.33256160115642,
        "11,8": 23.344038308018643,
        "11,9": 27.028120288548255,
        "11,10": 18.356396200028517,
        "11,11": 0.0,
        "11,12": 42.502959915015246,
        "11,13": 50.45899204255896,
        "11,14": 62.308066371482695,
        "11,15": 45.09858670716522,
        "11,16": 24.479402068399896,
        "11,17": 61.88665169786937,
        "11,18": 46.15453258400886,
        "11,19": 32.14192805682144,
        "11,20": 32.847460077228845,
        "11,21": 35.95467927106476,
        "11,22": 41.995226288136216,
        "11,23": 72.23737760325284,
        "11,24": 29.03694356452583,
        "11,25": 30.69974827429559,
        "11,26": 11.841981946577526,
        "11,27": 69.6906035064384,
        "11,28": 20.2814637436519,
        "11,29": 43.34986637149358,
        "11,30": 29.322921055171147,
        "11,31": 44.71994384923448,
        "11,32": 17.366503722344056,
        "11,33": 49.83092132300421,
        "11,34": 24.974159433036085,
        "11,35": 66.79109817891752,
        "11,36": 12.460848208247747,
        "11,37": 68.69770947913575,
        "11,38": 43.7805258765145,
        "11,39": 28.974319886602903,
        "11,40": 37.71948187916096,
        "11,41": 56.1571250935798,
        "11,42": 42.92188960632359,
        "11,43": 73.61758787574675,
        "11,44": 23.57971566145014,
        "11,45": 15.232726405197845,
        "11,46": 50.79656332436593,
        "11,47": 35.06286634569972,
        "11,48": 17.17266074899771,
        "11,49": 36.569078076947854,
        "11,50": 83.28404965959051,
        "11,51": 33.81896363062969,
        "11,52": 50.00832996362133,
        "11,53": 59.03136343628662,
        "11,54": 49.957908134984656,
        "11,55": 55.862033030349394,
        "11,56": 66.92339382205397,
        "11,57": 18.034171323359146,
        "11,58": 33.06117815042787,
        "11,59": 54.38676757146428,
        "11,60": 9.630188565129492,
        "12,0": 31.294498209114035,
        "12,1": 25.479555002449384,
        "12,2": 65.90187594221942,
        "12,3": 76.24355614457322,
        "12,4": 10.955309562544091,
        "12,5": 71.35086923923774,
        "12,6": 54.49665645431021,
        "12,7": 54.460591401926315,
        "12,8": 65.81610278088141,
        "12,9": 65.66211259625251,
        "12,10": 32.46808489858828,
        "12,11": 42.502959915015246,
        "12,12": 0.0,
        "12,13": 21.28326384023723,
        "12,14": 41.3110791216333,
        "12,15": 15.241707122536159,
        "12,16": 64.67200267821141,
        "12,17": 32.63636080541296,
        "12,18": 37.543796859200185,
        "12,19": 71.1516108725109,
        "12,20": 29.994279618926395,
        "12,21": 53.01375208953409,
        "12,22": 18.781527370258264,
        "12,23": 67.5809852100648,
        "12,24": 28.233366434773394,
        "12,25": 67.36500709312214,
        "12,26": 44.5714858597887,
        "12,27": 28.298568184767923,
        "12,28": 59.345702298967446,
        "12,29": 48.84892679563755,
        "12,30": 26.269032926248062,
        "12,31": 37.97425480368017,
        "12,32": 37.652975255903534,
        "12,33": 21.782917742608724,
        "12,34": 67.43449051843238,
        "12,35": 71.40908890682164,
        "12,36": 50.77697450099585,
        "12,37": 77.88324835984825,
        "12,38": 39.86360932325135,
        "12,39": 16.536238982453476,
        "12,40": 72.96006486724518,
        "12,41": 77.72825242182643,
        "12,42": 85.21878172080606,
        "12,43": 81.54036891569996,
        "12,44": 32.41332515711438,
        "12,45": 35.18898126569723,
        "12,46": 81.04758998509365,
        "12,47": 43.95191056101107,
        "12,48": 53.2757133519459,
        "12,49": 74.87536319093952,
        "12,50": 44.55065277927512,
        "12,51": 26.39600707971179,
        "12,52": 15.831816304807912,
        "12,53": 33.77109023824618,
        "12,54": 41.42151718697038,
        "12,55": 39.251823021740655,
        "12,56": 77.73140337464964,
        "12,57": 60.411019380075246,
        "12,58": 74.5627970393399,
        "12,59": 71.31991773418123,
        "12,60": 51.82746785746931,
        "13,0": 27.736817890841174,
        "13,1": 26.00896860544644,
        "13,2": 71.48352337952863,
        "13,3": 73.53968307619414,
        "13,4": 16.81286857064882,
        "13,5": 61.828260834757046,
        "13,6": 42.6601503106599,
        "13,7": 47.55109132108418,
        "13,8": 72.74105550370736,
        "13,9": 66.86048504907215,
        "13,10": 33.98467339600617,
        "13,11": 50.45899204255896,
        "13,12": 21.28326384023723,
        "13,13": 0.0,
        "13,14": 20.091171747536073,
        "13,15": 6.714910585857349,
        "13,16": 74.82378880836126,
        "13,17": 12.443703629451937,
        "13,18": 21.560583867971516,
        "13,19": 72.06289675583913,
        "13,20": 22.609757245976994,
        "13,21": 44.9753277775348,
        "13,22": 40.023192089495346,
        "13,23": 48.26510863781093,
        "13,24": 24.15107995055176,
        "13,25": 66.93457327855958,
        "13,26": 47.24483783527245,
        "13,27": 25.571396054780717,
        "13,28": 70.16082755507871,
        "13,29": 68.75779350948449,
        "13,30": 44.98821643570695,
        "13,31": 58.87153273097476,
        "13,32": 52.41905311106917,
        "13,33": 1.1814058912806857,
        "13,34": 73.33330950926307,
        "13,35": 54.7640070639814,
        "13,36": 54.23058711881262,
        "13,37": 62.37461791322842,
        "13,38": 25.533457350962813,
        "13,39": 22.313604676341622,
        "13,40": 70.91058393747515,
        "13,41": 67.58879384125973,
        "13,42": 89.65860533269426,
        "13,43": 65.28222836375612,
        "13,44": 30.60836846689471,
        "13,45": 49.170022866749264,
        "13,46": 75.09398839720836,
        "13,47": 34.85648646861212,
        "13,48": 54.89382582278291,
        "13,49": 74.85502657297373,
        "13,50": 33.83971937108328,
        "13,51": 19.36523912815969,
        "13,52": 6.342817298357515,
        "13,53": 12.512542287366198,
        "13,54": 24.183957607046313,
        "13,55": 19.124883894924764,
        "13,56": 62.867686902475775,
        "13,57": 66.35399803757656,
        "13,58": 77.8581130055526,
        "13,59": 59.76144325161521,
        "13,60": 58.107137157107566,
        "14,0": 35.78266577195077,
        "14,1": 37.770552188494165,
        "14,2": 79.79454920752073,
        "14,3": 74.36547374314854,
        "14,4": 36.08307875734135,
        "14,5": 56.572693942459665,
        "14,6": 37.34518761162846,
        "14,7": 47.105532809561986,
        "14,8": 82.05276821186075,
        "14,9": 71.81917253069801,
        "14,10": 44.0310192847648,
        "14,11": 62.308066371482695,
        "14,12": 41.3110791216333,
        "14,13": 20.091171747536073,
        "14,14": 0.0,
        "14,15": 26.212658577212927,
        "14,16": 86.5264321163341,
        "14,17": 12.543282122598375,
        "14,18": 18.065233635353973,
        "14,19": 76.35427951037045,
        "14,20": 29.58398635528026,
        "14,21": 43.76949012734647,
