{
    "num_robots": 4,
    "num_tasks": 50,
    "num_nodes": 51,
    "robot_capacity": [
        208,
        147,
        146,
        179
    ],
    "robot_speed": [
        0.95,
        1.13,
        0.88,
        0.94
    ],
    "task_demand": {
        "0": 0,
        "1": 15,
        "2": 7,
        "3": 7,
        "4": 11,
        "5": 10,
        "6": 7,
        "7": 11,
        "8": 13,
        "9": 9,
        "10": 11,
        "11": 13,
        "12": 9,
        "13": 12,
        "14": 8,
        "15": 5,
        "16": 8,
        "17": 15,
        "18": 5,
        "19": 5,
        "20": 12,
        "21": 10,
        "22": 11,
        "23": 11,
        "24": 7,
        "25": 13,
        "26": 10,
        "27": 11,
        "28": 10,
        "29": 6,
        "30": 7,
        "31": 14,
        "32": 11,
        "33": 6,
        "34": 13,
        "35": 14,
        "36": 6,
        "37": 7,
        "38": 6,
        "39": 12,
        "40": 9,
        "41": 13,
        "42": 15,
        "43": 12,
        "44": 7,
        "45": 13,
        "46": 9,
        "47": 7,
        "48": 6,
        "49": 10,
        "50": 8
    },
    "task_service_time": {
        "0": 0,
        "1": 32,
        "2": 28,
        "3": 81,
        "4": 17,
        "5": 13,
        "6": 76,
        "7": 41,
        "8": 10,
        "9": 79,
        "10": 64,
        "11": 51,
        "12": 57,
        "13": 27,
        "14": 33,
        "15": 48,
        "16": 88,
        "17": 33,
        "18": 57,
        "19": 67,
        "20": 91,
        "21": 85,
        "22": 87,
        "23": 35,
        "24": 54,
        "25": 52,
        "26": 24,
        "27": 60,
        "28": 16,
        "29": 49,
        "30": 53,
        "31": 60,
        "32": 46,
        "33": 37,
        "34": 25,
        "35": 16,
        "36": 96,
        "37": 87,
        "38": 28,
        "39": 60,
        "40": 34,
        "41": 14,
        "42": 38,
        "43": 74,
        "44": 97,
        "45": 43,
        "46": 37,
        "47": 77,
        "48": 60,
        "49": 92,
        "50": 77
    },
    "task_precedence": [],
    "coordinates": {
        "0": [
            50.0,
            50.0
        ],
        "1": [
            4.728106871956861,
            10.699710371078641
        ],
        "2": [
            6.775897386178043,
            98.98769918528166
        ],
        "3": [
            56.23597149013349,
            6.895594717515763
        ],
        "4": [
            58.955299307760214,
            15.876090442633828
        ],
        "5": [
            16.55364480898155,
            48.15756981148686
        ],
        "6": [
            41.152168443043145,
            17.62766197705514
        ],
        "7": [
            51.7133407733492,
            10.635701357104955
        ],
        "8": [
            99.82372495688257,
            42.78916730221328
        ],
        "9": [
            97.31773625971665,
            50.97992854983556
        ],
        "10": [
            95.72634681309972,
            41.74517905965144
        ],
        "11": [
            92.4483111545359,
            51.9462198933372
        ],
        "12": [
            86.28053399609527,
            98.5906121558635
        ],
        "13": [
            49.24263198325247,
            64.42008774363092
        ],
        "14": [
            51.61642303445378,
            10.477709055335716
        ],
        "15": [
            56.29170452676381,
            89.6554661179649
        ],
        "16": [
            25.395965388854425,
            46.47730288589026
        ],
        "17": [
            44.85184632625416,
            60.73040193988688
        ],
        "18": [
            55.21237039362267,
            73.7453557918628
        ],
        "19": [
            67.83314967719153,
            9.762911508530758
        ],
        "20": [
            1.1292868637125753,
            73.13284467471223
        ],
        "21": [
            30.60809212008576,
            7.825712753465464
        ],
        "22": [
            58.544574275746086,
            14.648481338070496
        ],
        "23": [
            50.84385505119581,
            17.434991488987027
        ],
        "24": [
            50.65696372270091,
            55.39989455617654
        ],
        "25": [
            38.50704575262509,
            40.159159423387216
        ],
        "26": [
            79.29044896212481,
            69.49938117702231
        ],
        "27": [
            63.01031061476286,
            97.75537444625732
        ],
        "28": [
            53.04509921365735,
            63.98271158042667
        ],
        "29": [
            25.285867289714158,
            45.0830463521677
        ],
        "30": [
            56.690121407130434,
            78.925617038522
        ],
        "31": [
            84.8935278454605,
            58.25542025081247
        ],
        "32": [
            8.84744456631511,
            49.29862677023552
        ],
        "33": [
            11.556308194714537,
            5.940375494673633
        ],
        "34": [
            41.785027416832754,
            80.86670242353678
        ],
        "35": [
            81.88095051560337,
            17.893473910057967
        ],
        "36": [
            12.976749988541536,
            7.592929325735587
        ],
        "37": [
            5.19520874168381,
            13.707172349978025
        ],
        "38": [
            64.27064415972904,
            2.920194832958911
        ],
        "39": [
            26.76123694103467,
            55.36281765038108
        ],
        "40": [
            39.46002180162035,
            89.10089846963506
        ],
        "41": [
            28.736566977208312,
            29.35522139536022
        ],
        "42": [
            50.25250747969275,
            63.748745331714474
        ],
        "43": [
            12.168985992440017,
            6.665801083782997
        ],
        "44": [
            57.730826737909815,
            93.43791079424659
        ],
        "45": [
            91.90435208781132,
            80.71284945818485
        ],
        "46": [
            15.75827644422535,
            22.8051304401084
        ],
        "47": [
            65.78684759501378,
            46.972944958259774
        ],
        "48": [
            18.60952311955357,
            17.271444851914985
        ],
        "49": [
            52.29817939473428,
            83.23168756922571
        ],
        "50": [
            17.404402656886695,
            1.1482119983988848
        ]
    },
    "distance_matrix_str_keys": {
        "0,0": 0.0,
        "0,1": 59.95045514684658,
        "0,2": 65.33083282981976,
        "0,3": 43.553152528633476,
        "0,4": 35.27943578305749,
        "0,5": 33.497062924431326,
        "0,6": 33.55968403206566,
        "0,7": 39.40156778927267,
        "0,8": 50.34282150192372,
        "0,9": 47.32788210671261,
        "0,10": 46.46548032280622,
        "0,11": 42.49290401638277,
        "0,12": 60.640949338902786,
        "0,13": 14.439963187169372,
        "0,14": 39.55533219353625,
        "0,15": 40.15148239959719,
        "0,16": 24.85493741903621,
        "0,17": 11.901471003200863,
        "0,18": 24.31071218213211,
        "0,19": 44.011867918544915,
        "0,20": 54.06916963662063,
        "0,21": 46.41892497652531,
        "0,22": 36.369487503379695,
        "0,23": 32.575940058113076,
        "0,24": 5.439711623861147,
        "0,25": 15.130437554365757,
        "0,26": 35.18744473089301,
        "0,27": 49.49589852497738,
        "0,28": 14.310445568269866,
        "0,29": 25.198507670029826,
        "0,30": 29.68920755933677,
        "0,31": 35.85680199096751,
        "0,32": 41.158531838853754,
        "0,33": 58.473651768725105,
        "0,34": 31.94118177283616,
        "0,35": 45.24625977185826,
        "0,36": 56.29458841294619,
        "0,37": 57.659679660361334,
        "0,38": 49.195114994277205,
        "0,39": 23.84952665488291,
        "0,40": 40.49656036696237,
        "0,41": 29.63680933483462,
        "0,42": 13.751063894246196,
        "0,43": 57.52424199022933,
        "0,44": 44.120491568210184,
        "0,45": 51.954343858241366,
        "0,46": 43.72706898992443,
        "0,47": 16.074439934688776,
        "0,48": 45.348873865434456,
        "0,49": 33.31105953326931,
        "0,50": 58.727933363159934,
        "1,0": 59.95045514684658,
        "1,1": 0.0,
        "1,2": 88.31173429871576,
        "1,3": 51.64815014528684,
        "1,4": 54.473693743997586,
        "1,5": 39.28020597396848,
        "1,6": 37.07706534758431,
        "1,7": 46.98527750181346,
        "1,8": 100.36388705649655,
        "1,9": 100.97195376286909,
        "1,10": 96.14832707062023,
        "1,11": 96.9335276730769,
        "1,12": 119.89832770468738,
        "1,13": 69.76691114657145,
        "1,14": 46.888841712484876,
        "1,15": 94.30172834401698,
        "1,16": 41.318234495563814,
        "1,17": 64.13255465556907,
        "1,18": 80.7676560873735,
        "1,19": 63.11199584515903,
        "1,20": 62.53677129839123,
        "1,21": 26.03907638049813,
        "1,22": 53.961143019517905,
        "1,23": 46.60500232666268,
        "1,24": 64.09029846862795,
        "1,25": 44.82048471814517,
        "1,26": 94.95759129663399,
        "1,27": 104.76403925340176,
        "1,28": 71.92781080238247,
        "1,29": 40.06039573671686,
        "1,30": 85.76027807294169,
        "1,31": 93.20965755770413,
        "1,32": 38.81810518597298,
        "1,33": 8.323196607666718,
        "1,34": 79.35125792297794,
        "1,35": 77.4874926433661,
        "1,36": 8.81431799565245,
        "1,37": 3.043519625569681,
        "1,38": 60.048602054282554,
        "1,39": 49.80212819231101,
        "1,40": 85.74993999966767,
        "1,41": 30.404510326636444,
        "1,42": 69.90472917441556,
        "1,43": 8.463988789204073,
        "1,44": 98.25934114603554,
        "1,45": 111.81027401256678,
        "1,46": 16.37699104966068,
        "1,47": 71.02054186009963,
        "1,48": 15.358431271638887,
        "1,49": 86.73983811429919,
        "1,50": 15.871975176087377,
        "2,0": 65.33083282981976,
        "2,1": 88.31173429871576,
        "2,2": 0.0,
        "2,3": 104.53350963050399,
        "2,4": 98.13373269515935,
        "2,5": 51.7620169315383,
        "2,6": 88.32430959990043,
        "2,7": 99.12340459450208,
        "2,8": 108.70222261499447,
        "2,9": 102.48205027216926,
        "2,10": 105.77754281313463,
        "2,11": 97.737726875916,
        "2,12": 79.50562823211904,
        "2,13": 54.757130203465756,
        "2,14": 99.22041671559741,
        "2,15": 50.38755531682803,
        "2,16": 55.71398973277206,
        "2,17": 53.97590833149336,
        "2,18": 54.619298946363166,
        "2,19": 108.11591369123117,
        "2,20": 26.464272371541405,
        "2,21": 94.22569329025677,
        "2,22": 98.96009081430674,
        "2,23": 92.6975135878146,
        "2,24": 61.85017942751143,
        "2,25": 66.84057799847537,
        "2,26": 78.28103914241862,
        "2,27": 56.2479142317797,
        "2,28": 58.018860683126704,
        "2,29": 56.99412761757437,
        "2,30": 53.795138253165156,
        "2,31": 88.0992777255774,
        "2,32": 49.732235272378745,
        "2,33": 93.17004225330778,
        "2,34": 39.42092983609668,
        "2,35": 110.53073047149617,
        "2,36": 91.60488267923076,
        "2,37": 85.2951747398279,
        "2,38": 111.95807831076016,
        "2,39": 47.984831833163966,
        "2,40": 34.146754123855196,
        "2,41": 73.01337529556008,
        "2,42": 55.96426979705303,
        "2,43": 92.479285646995,
        "2,44": 51.25626767942866,
        "2,45": 87.06792711691257,
        "2,46": 76.71027906451323,
        "2,47": 78.66274150986082,
        "2,48": 82.56864368677175,
        "2,49": 48.171880400414224,
        "2,50": 98.41509222310205,
        "3,0": 43.553152528633476,
        "3,1": 51.64815014528684,
        "3,2": 104.53350963050399,
        "3,3": 0.0,
        "3,4": 9.383178952177262,
        "3,5": 57.24716271995629,
        "3,6": 18.512114466659096,
        "3,7": 5.868780646429025,
        "3,8": 56.46450925290192,
        "3,9": 60.25894029953382,
        "3,10": 52.66861752474968,
        "3,11": 57.80045304928335,
        "3,12": 96.49171964056573,
        "3,13": 57.94802926217658,
        "3,14": 5.845662585506285,
        "3,15": 82.75989016661545,
        "3,16": 50.17785963802456,
        "3,17": 55.02531030731887,
        "3,18": 66.85759728633735,
        "3,19": 11.946382192212477,
        "3,20": 86.16333310874144,
        "3,21": 25.64475230074404,
        "3,22": 8.089307620118971,
        "3,23": 11.838657187264138,
        "3,24": 48.82409682224323,
        "3,25": 37.693229428476734,
        "3,26": 66.71388918788989,
        "3,27": 91.1119709090464,
        "3,28": 57.17622388374761,
        "3,29": 49.15475981393557,
        "3,30": 72.03145401636542,
        "3,31": 58.81400526294243,
        "3,32": 63.59001188294777,
        "3,33": 44.6898730805503,
        "3,34": 75.36945375857137,
        "3,35": 27.903732652649595,
        "3,36": 43.26484162087753,
        "3,37": 51.49327190795501,
        "3,38": 8.964361056410013,
        "3,39": 56.72593477029625,
        "3,40": 83.89960937292689,
        "3,41": 35.50566263391844,
        "3,42": 57.16714595224256,
        "3,43": 44.06758463959683,
        "3,44": 86.55522551606337,
        "3,45": 81.98304990612165,
        "3,46": 43.49203516895924,
        "3,47": 41.199675201268725,
        "3,48": 39.03085808684493,
        "3,49": 76.43759074206532,
        "3,50": 39.254593949895686,
        "4,0": 35.27943578305749,
        "4,1": 54.473693743997586,
        "4,2": 98.13373269515935,
        "4,3": 9.383178952177262,
        "4,4": 0.0,
        "4,5": 53.29159609615273,
        "4,6": 17.889088054633657,
        "4,7": 8.93910740409011,
        "4,8": 48.934056863165075,
        "4,9": 51.99957710164056,
        "4,10": 44.95908896446908,
        "4,11": 49.22231283837397,
        "4,12": 87.11119648484305,
        "4,13": 49.506116597000144,
        "4,14": 9.11052284765407,
        "4,15": 73.8274407805051,
        "4,16": 45.416550904685984,
        "4,17": 47.01932204843195,
        "4,18": 57.990183556493086,
        "4,19": 10.77901590417109,
        "4,20": 81.3768002588685,
        "4,21": 29.46816479320017,
        "4,22": 1.2944957186216532,
        "4,23": 8.259885011286341,
        "4,24": 40.38556010615623,
        "4,25": 31.745842445572674,
        "4,26": 57.349591285816146,
        "4,27": 81.97963323683483,
        "4,28": 48.46831400458933,
        "4,29": 44.572154153902865,
        "4,30": 63.09020395344361,
        "4,31": 49.68701334015105,
        "4,32": 60.23174446551932,
        "4,33": 48.42915227486129,
        "4,34": 67.22051682678928,
        "4,35": 23.01424166376804,
        "4,36": 46.71870883905419,
        "4,37": 53.80382461652133,
        "4,38": 14.003860965610352,
        "4,39": 50.947613067264115,
        "4,40": 75.77557888681937,
        "4,41": 33.08864994082245,
        "4,42": 48.65726740921335,
        "4,43": 47.68425886718875,
        "4,44": 77.57148515614593,
        "4,45": 72.72857346836408,
        "4,46": 43.74922147375146,
        "4,47": 31.838410964856315,
        "4,48": 40.36989806968012,
        "4,49": 67.68377730162642,
        "4,50": 44.08386797865782,
        "5,0": 33.497062924431326,
        "5,1": 39.28020597396848,
        "5,2": 51.7620169315383,
        "5,3": 57.24716271995629,
        "5,4": 53.29159609615273,
        "5,5": 0.0,
        "5,6": 39.20666572605202,
        "5,7": 51.42076266076487,
        "5,8": 83.44295053112297,
        "5,9": 80.81339107295669,
        "5,10": 79.43195514266989,
        "5,11": 75.98917192038432,
        "5,12": 86.05423194603345,
        "5,13": 36.51081171342204,
        "5,14": 51.47009154345452,
        "5,15": 57.455972605093315,
        "5,16": 9.000551659676047,
        "5,17": 30.96553433805233,
        "5,18": 46.35980861917044,
        "5,19": 64.06041996216952,
        "5,20": 29.354304156587315,
        "5,21": 42.710492656597566,
        "5,22": 53.72240843262744,
        "5,23": 46.04014918782727,
        "5,24": 34.863844146026025,
        "5,25": 23.36506755241314,
        "5,26": 66.26748454341656,
        "5,27": 67.95707485154809,
        "5,28": 39.77513490329827,
        "5,29": 9.257667306342123,
        "5,30": 50.572813683626684,
        "5,31": 69.08188038070918,
        "5,32": 7.7902203539554025,
        "5,33": 42.511937961234615,
        "5,34": 41.30992646491208,
        "5,35": 71.99703029720956,
        "5,36": 40.72203622481005,
        "5,37": 36.274563472918935,
        "5,38": 65.75205032534866,
        "5,39": 12.4944200967569,
        "5,40": 46.91543742243092,
        "5,41": 22.404283039599616,
        "5,42": 37.13082411423154,
        "5,43": 41.72280078195542,
        "5,44": 61.20350963076421,
        "5,45": 82.08273460536387,
        "5,46": 25.36491263369688,
        "5,47": 49.24745265100984,
        "5,48": 30.954472223673417,
        "5,49": 50.07859312356733,
        "5,50": 47.01705553216521,
        "6,0": 33.55968403206566,
        "6,1": 37.07706534758431,
        "6,2": 88.32430959990043,
        "6,3": 18.512114466659096,
        "6,4": 17.889088054633657,
        "6,5": 39.20666572605202,
        "6,6": 0.0,
        "6,7": 12.665933613490813,
        "6,8": 63.83927391492337,
        "6,9": 65.32185464077973,
        "6,10": 59.66569847907653,
        "6,11": 61.71756374429436,
        "6,12": 92.6907151722658,
        "6,13": 47.48670034247443,
        "6,14": 12.673691290885332,
        "6,15": 73.60169918005656,
        "6,16": 32.871868143650715,
        "6,17": 43.26122754549405,
        "6,18": 57.8522673538694,
        "6,19": 27.81598568358009,
        "6,20": 68.42993757277155,
        "6,21": 14.39637989517437,
        "6,22": 17.645716135344017,
        "6,23": 9.693601561216456,
        "6,24": 38.9497456643743,
        "6,25": 22.68623043216817,
        "6,26": 64.38325631491784,
        "6,27": 83.05557587992664,
        "6,28": 47.85637288852611,
        "6,29": 31.710213551367065,
        "6,30": 63.23659760796591,
        "6,31": 59.698586789992795,
        "6,32": 45.23986290521351,
        "6,33": 31.81992471958183,
        "6,34": 63.242207006653764,
        "6,35": 40.7296494595501,
        "6,36": 29.90902981491925,
        "6,37": 36.17005930159914,
        "6,38": 27.400246518191505,
        "6,39": 40.38614716936542,
        "6,40": 71.49326468262822,
        "6,41": 17.078723888754578,
        "6,42": 47.010323338490274,
        "6,43": 30.9868885047918,
        "6,44": 77.60184106438732,
        "6,45": 80.96619679990877,
        "6,46": 25.916325560031332,
        "6,47": 38.31465842425735,
        "6,48": 22.545459605448045,
        "6,49": 66.54413373118167,
        "6,50": 28.90551247484079,
        "7,0": 39.40156778927267,
        "7,1": 46.98527750181346,
        "7,2": 99.12340459450208,
        "7,3": 5.868780646429025,
        "7,4": 8.93910740409011,
        "7,5": 51.42076266076487,
        "7,6": 12.665933613490813,
        "7,7": 0.0,
        "7,8": 57.865831356426725,
        "7,9": 60.88856670554559,
        "7,10": 53.89753522732141,
        "7,11": 58.016349020673005,
        "7,12": 94.50374162389674,
        "7,13": 53.84110530905342,
        "7,14": 0.1853499812002776,
        "7,15": 79.152287632893,
        "7,16": 44.46599427963617,
        "7,17": 50.562428071900264,
        "7,18": 63.20657949262959,
        "7,19": 16.14341974973607,
        "7,20": 80.40298149194822,
        "7,21": 21.29149024067273,
        "7,22": 7.922635567783451,
        "7,23": 6.854659124897279,
        "7,24": 44.77665603008942,
        "7,25": 32.342554079199274,
        "7,26": 65.00330528517132,
        "7,27": 87.8490692424148,
        "7,28": 53.363630688986326,
        "7,29": 43.416942913304105,
        "7,30": 68.47102255152782,
        "7,31": 58.03931806677286,
        "7,32": 57.7261367071582,
        "7,33": 40.43059918522037,
        "7,34": 70.92929519527408,
        "7,35": 31.028373144451947,
        "7,36": 38.855912384919364,
        "7,37": 46.619422366386246,
        "7,38": 14.73821255314656,
        "7,39": 51.216427223800494,
        "7,40": 79.41618842358989,
        "7,41": 29.63701342142401,
        "7,42": 53.13312972299542,
        "7,43": 39.743126490231454,
        "7,44": 83.02057591348034,
        "7,45": 80.78442966599385,
        "7,46": 37.9586835271942,
        "7,47": 38.96740775044071,
        "7,48": 33.76234344628146,
        "7,49": 72.59834192544271,
        "7,50": 35.59656850050037,
        "8,0": 50.34282150192372,
        "8,1": 100.36388705649655,
        "8,2": 108.70222261499447,
        "8,3": 56.46450925290192,
        "8,4": 48.934056863165075,
        "8,5": 83.44295053112297,
        "8,6": 63.83927391492337,
        "8,7": 57.865831356426725,
        "8,8": 0.0,
        "8,9": 8.565544300619447,
        "8,10": 4.228287963674745,
        "8,11": 11.757905464514295,
        "8,12": 57.4214182091954,
        "8,13": 55.01221396699056,
        "8,14": 58.03425103057606,
        "8,15": 63.96473065225554,
        "8,16": 74.51908304857079,
        "8,17": 57.82555957796344,
        "8,18": 54.29971051281581,
        "8,19": 45.97967462341734,
        "8,20": 103.25372083858707,
        "8,21": 77.54512868633735,
        "8,22": 49.95864777481946,
        "8,23": 55.15307686018965,
        "8,24": 50.75825895490192,
        "8,25": 61.373056711235336,
        "8,26": 33.69051718681291,
        "8,27": 66.15520692527946,
        "8,28": 51.35568269916509,
        "8,29": 74.57314601588749,
        "8,30": 56.270336365903816,
        "8,31": 21.496878053707455,
        "8,32": 91.20886281644441,
        "8,33": 95.65024997114051,
        "8,34": 69.41461728671426,
        "8,35": 30.687761471420945,
        "8,36": 93.7079091050937,
        "8,37": 98.99655807901591,
        "8,38": 53.41869073576298,
        "8,39": 74.1365216215591,
        "8,40": 76.082541376719,
        "8,41": 72.34538639232926,
        "8,42": 53.82015898662507,
        "8,43": 94.80638612390726,
        "8,44": 65.85671793974088,
        "8,45": 38.74173634346476,
        "8,46": 86.40810935867182,
        "8,47": 34.293046175895924,
        "8,48": 85.1287303977034,
        "8,49": 62.40412587744135,
        "8,50": 92.34129004407978,
        "9,0": 47.32788210671261,
        "9,1": 100.97195376286909,
        "9,2": 102.48205027216926,
        "9,3": 60.25894029953382,
        "9,4": 51.99957710164056,
        "9,5": 80.81339107295669,
        "9,6": 65.32185464077973,
        "9,7": 60.88856670554559,
        "9,8": 8.565544300619447,
        "9,9": 0.0,
        "9,10": 9.370865409195654,
        "9,11": 4.96437506797087,
        "9,12": 48.87327518431096,
        "9,13": 49.918468830158105,
        "9,14": 61.06586456027811,
        "9,15": 56.3820227194541,
        "9,16": 72.06257532915699,
        "9,17": 53.36423275790911,
        "9,18": 47.86571332623873,
        "9,19": 50.67724676544328,
        "9,20": 98.70648149966372,
        "9,21": 79.45100982514866,
        "9,22": 53.13503690350174,
        "9,23": 57.31565612465757,
        "9,24": 46.86964682231276,
        "9,25": 59.797879246749275,
        "9,26": 25.844790827563887,
        "9,27": 58.00811833866973,
        "9,28": 46.1425915782017,
        "9,29": 72.27283975993181,
        "9,30": 49.31089731202208,
        "9,31": 14.3976989207254,
        "9,32": 88.48626609813323,
        "9,33": 96.86890049524295,
        "9,34": 63.064260909062156,
        "9,35": 36.510379821904344,
        "9,36": 94.84636875951868,
        "9,37": 99.37715245993284,
        "9,38": 58.3253658471351,
        "9,39": 70.69249827934257,
        "9,40": 69.28725330059537,
        "9,41": 71.90969850912242,
        "9,42": 48.766570949013655,
        "9,43": 95.98985136542612,
        "9,44": 58.05001000649735,
        "9,45": 30.221702697478666,
        "9,46": 86.28884478261733,
        "9,47": 31.78447510167575,
        "9,48": 85.62268793334111,
        "9,49": 55.379928314906614,
        "9,50": 94.17717803151632,
        "10,0": 46.46548032280622,
        "10,1": 96.14832707062023,
        "10,2": 105.77754281313463,
        "10,3": 52.66861752474968,
        "10,4": 44.95908896446908,
        "10,5": 79.43195514266989,
        "10,6": 59.66569847907653,
        "10,7": 53.89753522732141,
        "10,8": 4.228287963674745,
        "10,9": 9.370865409195654,
        "10,10": 0.0,
        "10,11": 10.714791265784891,
        "10,12": 57.62487868681205,
        "10,13": 51.71931194640324,
        "10,14": 54.06792076849949,
        "10,15": 62.052289387751614,
        "10,16": 70.48940024703492,
        "10,17": 54.30150538979803,
        "10,18": 51.62745002622834,
        "10,19": 42.436963654037555,
        "10,20": 99.66839671546249,
        "10,21": 73.42286625269216,
        "10,22": 46.00777365222355,
        "10,23": 51.04334713239581,
        "10,24": 47.092468054245884,
        "10,25": 57.241277694823076,
        "10,26": 32.255766512974944,
        "10,27": 64.86509856445649,
        "10,28": 48.126881773676566,
        "10,29": 70.51951867069819,
        "10,30": 53.90929291176321,
        "10,31": 19.746848634046763,
        "10,32": 87.20664096227354,
        "10,33": 91.4690076438304,
        "10,34": 66.6345220476677,
        "10,35": 27.578956419304003,
        "10,36": 89.52023199542484,
        "10,37": 94.77350252447918,
        "10,38": 49.96839630826864,
        "10,39": 70.29670305536196,
        "10,40": 73.54225650015458,
        "10,41": 68.12592497268666,
        "10,42": 50.517590920486114,
        "10,43": 90.62226716700351,
        "10,44": 64.15448589123741,
        "10,45": 39.15465463988757,
        "10,46": 82.18039742074687,
        "10,47": 30.392485086291,
        "10,48": 80.90715767255955,
        "10,49": 60.05943817280142,
        "10,50": 88.21814252738139,
        "11,0": 42.49290401638277,
        "11,1": 96.9335276730769,
        "11,2": 97.737726875916,
        "11,3": 57.80045304928335,
        "11,4": 49.22231283837397,
        "11,5": 75.98917192038432,
        "11,6": 61.71756374429436,
        "11,7": 58.016349020673005,
        "11,8": 11.757905464514295,
        "11,9": 4.96437506797087,
        "11,10": 10.714791265784891,
        "11,11": 0.0,
        "11,12": 47.05040706111484,
        "11,13": 44.97030233163288,
        "11,14": 58.19691124597894,
        "11,15": 52.242582762197465,
        "11,16": 67.27500372288986,
        "11,17": 48.400261552772484,
        "11,18": 43.14762577793391,
        "11,19": 48.83991892748615,
        "11,20": 93.74453193149323,
        "11,21": 75.96599134157496,
        "11,22": 50.40421287633843,
        "11,23": 54.055116812675365,
        "11,24": 41.933811999925304,
        "11,25": 55.214082512359454,
        "11,26": 21.937247058953027,
        "11,27": 54.45249779976122,
        "11,28": 41.2006097453808,
        "11,29": 67.51219902322498,
        "11,30": 44.794374695145144,
        "11,31": 9.842802446348824,
        "11,32": 83.6427799851666,
        "11,33": 93.05941038758947,
        "11,34": 58.33663196368638,
        "11,35": 35.65471385209816,
        "11,36": 91.01067749629426,
        "11,37": 95.2645193012117,
        "11,38": 56.54672448949689,
        "11,39": 65.7758683634314,
        "11,40": 64.716527631327,
        "11,41": 67.59836950143719,
        "11,42": 43.81535637752418,
        "11,43": 92.16879285338477,
        "11,44": 54.100500349213796,
        "11,45": 28.771772068946998,
        "11,46": 82.04001778638106,
        "11,47": 27.121340356177,
        "11,48": 81.57515947056608,
        "11,49": 50.90003504938377,
        "11,50": 90.62022847409821,
        "12,0": 60.640949338902786,
        "12,1": 119.89832770468738,
        "12,2": 79.50562823211904,
        "12,3": 96.49171964056573,
        "12,4": 87.11119648484305,
        "12,5": 86.05423194603345,
        "12,6": 92.6907151722658,
        "12,7": 94.50374162389674,
        "12,8": 57.4214182091954,
        "12,9": 48.87327518431096,
        "12,10": 57.62487868681205,
        "12,11": 47.05040706111484,
        "12,12": 0.0,
        "12,13": 50.39276658529404,
        "12,14": 94.68624124741667,
        "12,15": 31.291639900446544,
        "12,16": 80.14192222275241,
        "12,17": 56.122470362976586,
        "12,18": 39.78086918888174,
        "12,19": 90.72302017956353,
        "12,20": 88.87537799258281,
        "12,21": 106.4785788220574,
        "12,22": 88.40568300646913,
        "12,23": 88.5550279796118,
        "12,24": 55.98639875719258,
        "12,25": 75.47543207810469,
        "12,26": 29.919241445037116,
        "12,27": 23.28520814269561,
        "12,28": 47.98229785469851,
        "12,29": 81.13820903162302,
        "12,30": 35.52892554173618,
        "12,31": 40.35903234815216,
        "12,32": 91.79097538373419,
        "12,33": 119.02846833841988,
        "12,34": 47.89558520307336,
        "12,35": 80.81698123454295,
        "12,36": 116.85043016728115,
        "12,37": 117.38836537277908,
        "12,38": 98.16956759275097,
        "12,39": 73.5607839798949,
        "12,40": 47.772534243010035,
        "12,41": 90.02692638333451,
        "12,42": 50.11960074121041,
        "12,43": 118.0791786816617,
        "12,44": 29.010965441537724,
        "12,45": 18.741444154686235,
        "12,46": 103.52211381681367,
        "12,47": 55.53714747111565,
        "12,48": 105.79306538739009,
        "12,49": 37.292049939774934,
        "12,50": 119.3270414311164,
        "13,0": 14.439963187169372,
        "13,1": 69.76691114657145,
        "13,2": 54.757130203465756,
        "13,3": 57.94802926217658,
        "13,4": 49.506116597000144,
        "13,5": 36.51081171342204,
        "13,6": 47.48670034247443,
        "13,7": 53.84110530905342,
        "13,8": 55.01221396699056,
        "13,9": 49.918468830158105,
        "13,10": 51.71931194640324,
        "13,11": 44.97030233163288,
        "13,12": 50.39276658529404,
        "13,13": 0.0,
        "13,14": 53.994584010863605,
        "13,15": 26.201407317537146,
        "13,16": 29.843039994537204,
        "13,17": 5.7352227520866474,
        "13,18": 11.072416215967674,
        "13,19": 57.732263615100514,
        "13,20": 48.895870090755714,
        "13,21": 59.583297629783914,
        "13,22": 50.633377673259204,
        "13,23": 47.012372683916574,
        "13,24": 9.130400835024142,
        "13,25": 26.530085839952328,
        "13,26": 30.47409599936152,
        "13,27": 36.066470778922195,
        "13,28": 3.8275390195845453,
        "13,29": 30.787136020694188,
        "13,30": 16.305688542460196,
        "13,31": 36.17995993744346,
        "13,32": 43.13269929438006,
        "13,33": 69.57108411844223,
        "13,34": 18.05843294138169,
        "13,35": 56.83296254320746,
        "13,36": 67.41320442396186,
        "13,37": 67.17123850239535,
        "13,38": 63.309383017057215,
        "13,39": 24.237311414146845,
        "13,40": 26.548858356972968,
        "13,41": 40.6207281329889,
        "13,42": 1.2126620107632164,
        "13,43": 68.62953339955017,
        "13,44": 30.233813930594913,
        "13,45": 45.66701705352513,
        "13,46": 53.41354451108799,
        "13,47": 24.043998452453263,
        "13,48": 56.22616726387975,
        "13,49": 19.058138890829067,
        "13,50": 70.83080620011563,
        "14,0": 39.55533219353625,
        "14,1": 46.888841712484876,
        "14,2": 99.22041671559741,
        "14,3": 5.845662585506285,
        "14,4": 9.11052284765407,
        "14,5": 51.47009154345452,
        "14,6": 12.673691290885332,
        "14,7": 0.1853499812002776,
        "14,8": 58.03425103057606,
        "14,9": 61.06586456027811,
        "14,10": 54.06792076849949,
        "14,11": 58.19691124597894,
        "14,12": 94.68624124741667,
        "14,13": 53.994584010863605,
        "14,14": 0.0,
        "14,15": 79.31566976645323,
        "14,16": 44.53631276957682,
        "14,17": 50.70594284884304,
        "14,18": 63.369755885500304,
        "14,19": 16.232472348296135,
        "14,20": 80.46500443177412,
        "14,21": 21.175057312619593,
        "14,22": 8.086694074629557,
        "14,23": 7.000045724875546,
        "14,24": 44.93243051897886,
        "14,25": 32.447561829333665,
        "14,26": 65.18749489806527,
        "14,27": 88.01824555330785,
        "14,28": 53.52407318987423,
        "14,29": 43.483646756618185,
        "14,30": 68.6356942301281,
        "14,31": 58.22435393957679,
        "14,32": 57.760273297787734,
        "14,33": 40.31625226647198,
        "14,34": 71.07226412025179,
        "14,35": 31.159832991172987,
        "14,36": 38.747210056768076,
        "14,37": 46.53341347447781,
        "14,38": 14.739244672261547,
        "14,39": 51.307438537969425,
        "14,40": 79.55742582946249,
        "14,41": 29.662236688221096,
        "14,42": 53.28849380119296,
        "14,43": 39.63118635074184,
        "14,44": 83.1852210744771,
        "14,45": 80.9696991152635,
        "14,46": 37.91796401290636,
        "14,47": 39.14975320275467,
        "14,48": 33.698817309602454,
        "14,49": 72.75717271399672,
        "14,50": 35.46127258926925,
        "15,0": 40.15148239959719,
        "15,1": 94.30172834401698,
        "15,2": 50.38755531682803,
        "15,3": 82.75989016661545,
        "15,4": 73.8274407805051,
        "15,5": 57.455972605093315,
        "15,6": 73.60169918005656,
        "15,7": 79.152287632893,
        "15,8": 63.96473065225554,
        "15,9": 56.3820227194541,
        "15,10": 62.052289387751614,
        "15,11": 52.242582762197465,
        "15,12": 31.291639900446544,
        "15,13": 26.201407317537146,
        "15,14": 79.31566976645323,
        "15,15": 0.0,
        "15,16": 53.093318571863904,
        "15,17": 31.105139339885625,
        "15,18": 15.946679051128614,
        "15,19": 80.72190061056385,
        "15,20": 57.58375935791219,
        "15,21": 85.76570691104502,
        "15,22": 75.04081014939266,
        "15,23": 72.42565857169187,
        "15,24": 34.71591114969871,
        "15,25": 52.59447180185619,
        "15,26": 30.581203471242617,
        "15,27": 10.523696246682471,
        "15,28": 25.877224959484767,
        "15,29": 54.29606382187243,
        "15,30": 10.737243467398079,
        "15,31": 42.4738410979419,
        "15,32": 62.28669428805059,
        "15,33": 94.91823893779002,
        "15,34": 16.961310328164377,
        "15,35": 76.18787984925842,
        "15,36": 92.79248477880229,
        "15,37": 91.53685163792304,
        "15,38": 87.10149690189078,
        "15,39": 45.25521245948447,
        "15,40": 16.840816151139077,
        "15,41": 66.29785154121465,
        "15,42": 26.601317314563428,
        "15,43": 93.9898866546017,
        "15,44": 4.046969294144129,
        "15,45": 36.718266013404815,
        "15,46": 78.17880897253687,
        "15,47": 43.72591170502008,
        "15,48": 81.60510603050442,
        "15,49": 7.5639390414911,
        "15,50": 96.67345177712642,
        "16,0": 24.85493741903621,
        "16,1": 41.318234495563814,
        "16,2": 55.71398973277206,
        "16,3": 50.17785963802456,
        "16,4": 45.416550904685984,
        "16,5": 9.000551659676047,
        "16,6": 32.871868143650715,
        "16,7": 44.46599427963617,
        "16,8": 74.51908304857079,
        "16,9": 72.06257532915699,
        "16,10": 70.48940024703492,
        "16,11": 67.27500372288986,
        "16,12": 80.14192222275241,
        "16,13": 29.843039994537204,
        "16,14": 44.53631276957682,
        "16,15": 53.093318571863904,
        "16,16": 0.0,
        "16,17": 24.118087314157272,
        "16,18": 40.405008559475476,
        "16,19": 56.11471415352854,
        "16,20": 36.04704696224387,
        "16,21": 39.00143183047738,
        "16,22": 45.95545835109328,
        "16,23": 38.6141287554361,
        "16,24": 26.7904960561998,
        "16,25": 14.554015429359097,
        "16,26": 58.605728802502966,
        "16,27": 63.59465063764362,
        "16,28": 32.72482138720718,
        "16,29": 1.3985967514842699,
        "16,30": 45.080120809998746,
        "16,31": 60.652155666057105,
        "16,32": 16.78729906430437,
        "16,33": 42.83431560760691,
        "16,34": 38.09504107776764,
        "16,35": 63.30551969369401,
        "16,36": 40.81949801657321,
        "16,37": 38.49612999327251,
        "16,38": 58.382037575554236,
        "16,39": 8.989790822993438,
        "16,40": 44.88394571857616,
        "16,41": 17.444921712076095,
        "16,42": 30.267976623372693,
        "16,43": 41.95126529310363,
        "16,44": 57.01615519819813,
        "16,45": 74.80266138582061,
        "16,46": 25.558888796194946,
        "16,47": 40.39392313771644,
        "16,48": 29.983961415651393,
        "16,49": 45.54792983077015,
        "16,50": 46.02816046275833,
        "17,0": 11.901471003200863,
        "17,1": 64.13255465556907,
        "17,2": 53.97590833149336,
        "17,3": 55.02531030731887,
        "17,4": 47.01932204843195,
        "17,5": 30.96553433805233,
        "17,6": 43.26122754549405,
        "17,7": 50.562428071900264,
        "17,8": 57.82555957796344,
        "17,9": 53.36423275790911,
        "17,10": 54.30150538979803,
        "17,11": 48.400261552772484,
        "17,12": 56.122470362976586,
        "17,13": 5.7352227520866474,
        "17,14": 50.70594284884304,
        "17,15": 31.105139339885625,
        "17,16": 24.118087314157272,
        "17,17": 0.0,
        "17,18": 16.635188087893237,
        "17,19": 55.90908141418694,
        "17,20": 45.44758290323158,
        "17,21": 54.78859983425015,
        "17,22": 48.073217128156784,
        "17,23": 43.70808546106389,
        "17,24": 7.881224330922139,
        "17,25": 21.527482736998476,
        "17,26": 35.53747808121321,
        "17,27": 41.238069964712615,
        "17,28": 8.815152345529187,
        "17,29": 25.05328865731702,
        "17,30": 21.707386055812794,
        "17,31": 40.1180980761402,
        "17,32": 37.77568569358549,
        "17,33": 64.11349200703371,
        "17,34": 20.368504495691965,
        "17,35": 56.622936696169525,
        "17,36": 61.96460895025595,
        "17,37": 61.51286878027424,
        "17,38": 60.984504220689324,
        "17,39": 18.870111526791277,
        "17,40": 28.878310979849495,
        "17,41": 35.271861060899916,
        "17,42": 6.186884331006193,
        "17,43": 63.17555243390778,
        "17,44": 35.151803252490886,
        "17,45": 51.11982499249095,
