{
    "num_robots": 2,
    "num_tasks": 40,
    "num_nodes": 41,
    "robot_capacity": [
        219,
        246
    ],
    "robot_speed": [
        0.84,
        1.17
    ],
    "task_demand": {
        "0": 0,
        "1": 8,
        "2": 14,
        "3": 13,
        "4": 8,
        "5": 5,
        "6": 7,
        "7": 15,
        "8": 5,
        "9": 10,
        "10": 13,
        "11": 14,
        "12": 6,
        "13": 15,
        "14": 15,
        "15": 9,
        "16": 7,
        "17": 10,
        "18": 10,
        "19": 7,
        "20": 12,
        "21": 6,
        "22": 8,
        "23": 7,
        "24": 10,
        "25": 14,
        "26": 12,
        "27": 6,
        "28": 8,
        "29": 12,
        "30": 9,
        "31": 7,
        "32": 8,
        "33": 13,
        "34": 10,
        "35": 6,
        "36": 8,
        "37": 7,
        "38": 7,
        "39": 15,
        "40": 10
    },
    "task_service_time": {
        "0": 0,
        "1": 87,
        "2": 83,
        "3": 55,
        "4": 47,
        "5": 68,
        "6": 93,
        "7": 33,
        "8": 12,
        "9": 16,
        "10": 28,
        "11": 93,
        "12": 11,
        "13": 82,
        "14": 76,
        "15": 60,
        "16": 48,
        "17": 90,
        "18": 85,
        "19": 94,
        "20": 96,
        "21": 32,
        "22": 13,
        "23": 68,
        "24": 20,
        "25": 80,
        "26": 37,
        "27": 25,
        "28": 53,
        "29": 53,
        "30": 94,
        "31": 32,
        "32": 57,
        "33": 57,
        "34": 43,
        "35": 84,
        "36": 95,
        "37": 87,
        "38": 18,
        "39": 11,
        "40": 40
    },
    "task_precedence": [],
    "coordinates": {
        "0": [
            0,
            0
        ],
        "1": [
            7.951075815109798,
            18.727844997796595
        ],
        "2": [
            11.5926135175219,
            48.89241674637971
        ],
        "3": [
            30.8437610052373,
            4.970306647466238
        ],
        "4": [
            2.8994210534927123,
            82.13791408890202
        ],
        "5": [
            94.54260989912294,
            75.02611472249102
        ],
        "6": [
            45.92485139171127,
            19.153148956742182
        ],
        "7": [
            84.23404073739512,
            80.20050494478436
        ],
        "8": [
            23.013817848570117,
            97.14189421653504
        ],
        "9": [
            55.1357384057143,
            53.43046290260076
        ],
        "10": [
            13.854975792954082,
            56.50198130128068
        ],
        "11": [
            76.79055775059791,
            56.43107666350558
        ],
        "12": [
            33.93450187940845,
            48.926996378727615
        ],
        "13": [
            44.94720986426442,
            19.93262728089007
        ],
        "14": [
            47.76792592419802,
            83.02144622717707
        ],
        "15": [
            54.490684310954876,
            44.58749231191478
        ],
        "16": [
            11.898231742742471,
            22.023149919835472
        ],
        "17": [
            0.9594406569069958,
            19.565999931423917
        ],
        "18": [
            41.260795419259274,
            2.245164082116735
        ],
        "19": [
            87.38426541529144,
            60.83602728272396
        ],
        "20": [
            57.866596007706804,
            7.5118077275026955
        ],
        "21": [
            29.711278900128836,
            65.97574664480179
        ],
        "22": [
            57.65959949686662,
            84.9768365496544
        ],
        "23": [
            53.33071837411464,
            41.06330840597426
        ],
        "24": [
            76.25741590852658,
            10.937667221815062
        ],
        "25": [
            2.3069071140038977,
            39.62206310845842
        ],
        "26": [
            5.4867741520781665,
            3.180333551206227
        ],
        "27": [
            1.2181364207197287,
            76.88307985596862
        ],
        "28": [
            57.65232228833872,
            62.450964050704286
        ],
        "29": [
            16.38985264826014,
            8.321123123886364
        ],
        "30": [
            32.81727688815121,
            88.74529143954925
        ],
        "31": [
            39.559322789410686,
            29.830548156819958
        ],
        "32": [
            2.7021692529457852,
            75.26456362751433
        ],
        "33": [
            17.699492118364233,
            98.8820128376606
        ],
        "34": [
            80.62773859580076,
            13.544241492419484
        ],
        "35": [
            58.39909880966654,
            4.354233614673541
        ],
        "36": [
            99.61248801030976,
            38.32282583014736
        ],
        "37": [
            52.46340571268784,
            1.6383833841216333
        ],
        "38": [
            85.89219549915993,
            55.863846078211246
        ],
        "39": [
            15.188281971095885,
            73.73087649964548
        ],
        "40": [
            50.341833224462064,
            82.80257034609423
        ]
    },
    "distance_matrix_str_keys": {
        "0,0": 0.0,
        "0,1": 20.345805092920724,
        "0,2": 50.24795621185306,
        "0,3": 31.241663545945247,
        "0,4": 82.18907210402905,
        "0,5": 120.69475124001923,
        "0,6": 49.758768979044476,
        "0,7": 116.30775817780824,
        "0,8": 99.83077393240848,
        "0,9": 76.77736655766174,
        "0,10": 58.17589058358811,
        "0,11": 95.29562515168446,
        "0,12": 59.54327327622828,
        "0,13": 49.16870249356914,
        "0,14": 95.78275043425994,
        "0,15": 70.40794804097904,
        "0,16": 25.03172089560671,
        "0,17": 19.589509429554557,
        "0,18": 41.321834426675615,
        "0,19": 106.47549980025656,
        "0,20": 58.35212240230957,
        "0,21": 72.35716439455263,
        "0,22": 102.69222056283397,
        "0,23": 67.30795509851184,
        "0,24": 77.03782217392423,
        "0,25": 39.689163576514225,
        "0,26": 6.341861879041604,
        "0,27": 76.89272933430527,
        "0,28": 84.99360667780158,
        "0,29": 18.38119582275746,
        "0,30": 94.61871070271523,
        "0,31": 49.54595465719822,
        "0,32": 75.3130550217671,
        "0,33": 100.45359368422471,
        "0,34": 81.75743824679047,
        "0,35": 58.561199545025964,
        "0,36": 106.72997117591626,
        "0,37": 52.48898207326422,
        "0,38": 102.46091228520262,
        "0,39": 75.27898816163439,
        "0,40": 96.90493190916257,
        "1,0": 20.345805092920724,
        "1,1": 0.0,
        "1,2": 30.38358414692887,
        "1,3": 26.70851730581639,
        "1,4": 63.610974508879615,
        "1,5": 103.28402078258404,
        "1,6": 37.976157191053304,
        "1,7": 97.96927405208535,
        "1,8": 79.847663162082,
        "1,9": 58.57187100678983,
        "1,10": 38.232726928935946,
        "1,11": 78.48826632806023,
        "1,12": 39.83876471688426,
        "1,13": 37.015745770316094,
        "1,14": 75.62439230600265,
        "1,15": 53.241492448626154,
        "1,16": 5.141894052414869,
        "1,17": 7.041694815751486,
        "1,18": 37.16471700787156,
        "1,19": 89.90400783835543,
        "1,20": 51.16012752277091,
        "1,21": 52.017983893518476,
        "1,22": 82.8243092833131,
        "1,23": 50.578502196497354,
        "1,24": 68.74913066169574,
        "1,25": 21.643128026753715,
        "1,26": 15.741597595805802,
        "1,27": 58.543691498723206,
        "1,28": 66.1961104650975,
        "1,29": 13.398239235087443,
        "1,30": 74.30188935705893,
        "1,31": 33.50151182000282,
        "1,32": 56.77985182715962,
        "1,33": 80.74479699969928,
        "1,34": 72.86128641630773,
        "1,35": 52.455731128756284,
        "1,36": 93.73247974655608,
        "1,37": 47.680155318078505,
        "1,38": 86.33597577978709,
        "1,39": 55.47711805183848,
        "1,40": 76.82803356977406,
        "2,0": 50.24795621185306,
        "2,1": 30.38358414692887,
        "2,2": 0.0,
        "2,3": 47.95579667917996,
        "2,4": 34.36327529162946,
        "2,5": 86.96937432001124,
        "2,6": 45.4216534938315,
        "2,7": 79.10103245330761,
        "2,8": 49.58281944902469,
        "2,9": 43.778962846836755,
        "2,10": 7.938750265659191,
        "2,11": 65.63233445159003,
        "2,12": 22.341915122163883,
        "2,13": 44.172372625201085,
        "2,14": 49.733729812087795,
        "2,15": 43.11353444319824,
        "2,16": 26.87100486203703,
        "2,17": 31.19460030659536,
        "2,18": 55.28261208081766,
        "2,19": 76.72694657052728,
        "2,20": 62.07766311867019,
        "2,21": 24.902333136981373,
        "2,22": 58.51711330679347,
        "2,23": 42.46603742316602,
        "2,24": 74.98066203855582,
        "2,25": 13.121120378399693,
        "2,26": 46.11806397062939,
        "2,27": 29.851415315635776,
        "2,28": 48.01386234262005,
        "2,29": 40.85392722223967,
        "2,30": 45.152385944776015,
        "2,31": 33.84511281742159,
        "2,32": 27.83038142644964,
        "2,33": 50.361231950924626,
        "2,34": 77.55863580774415,
        "2,35": 64.61034609160633,
        "2,36": 88.6522112406827,
        "2,37": 62.476918327185736,
        "2,38": 74.62592518404627,
        "2,39": 25.097368677664807,
        "2,40": 51.491752204143836,
        "3,0": 31.241663545945247,
        "3,1": 26.70851730581639,
        "3,2": 47.95579667917996,
        "3,3": 0.0,
        "3,4": 82.07146747545218,
        "3,5": 94.68558282785601,
        "3,6": 20.7024709446671,
        "3,7": 92.25022875707066,
        "3,8": 92.50356514664263,
        "3,9": 54.20781226260048,
        "3,10": 54.259859155877606,
        "3,11": 68.98781763328344,
        "3,12": 44.065215888290524,
        "3,13": 20.561573589017307,
        "3,14": 79.86493440738359,
        "3,15": 46.13781943046156,
        "3,16": 25.489851759240118,
        "3,17": 33.25818493425334,
        "3,18": 10.767590630424143,
        "3,19": 79.48463613202247,
        "3,20": 27.142086126724255,
        "3,21": 61.01595057840941,
        "3,22": 84.38088658575991,
        "3,23": 42.524910671856446,
        "3,24": 45.804033052771054,
        "3,25": 44.88982352205805,
        "3,26": 25.42008626965337,
        "3,27": 77.77611833050213,
        "3,28": 63.42495513264656,
        "3,29": 14.837231475263263,
        "3,30": 83.79822696127798,
        "3,31": 26.343739770904534,
        "3,32": 75.71810715231649,
        "3,33": 94.8271077494395,
        "3,34": 50.51689601968067,
        "3,35": 27.562223921482488,
        "3,36": 76.42989172914805,
        "3,37": 21.87488856906958,
        "3,38": 74.96987725760586,
        "3,39": 70.52028070126254,
        "3,40": 80.23737341612618,
        "4,0": 82.18907210402905,
        "4,1": 63.610974508879615,
        "4,2": 34.36327529162946,
        "4,3": 82.07146747545218,
        "4,4": 0.0,
        "4,5": 91.91872362051122,
        "4,6": 76.27757399486586,
        "4,7": 81.35769117493905,
        "4,8": 25.09399087630795,
        "4,9": 59.6049545267495,
        "4,10": 27.878759469186814,
        "4,11": 78.23516838868598,
        "4,12": 45.454826993654905,
        "4,13": 75.08338198790918,
        "4,14": 44.87720310326693,
        "4,15": 63.809816017054956,
        "4,16": 60.78456600917245,
        "4,17": 62.60198052194472,
        "4,18": 88.62531549662987,
        "4,19": 87.12898087514037,
        "4,20": 92.68465931916708,
        "4,21": 31.306411127424944,
        "4,22": 54.83371794697417,
        "4,23": 65.04182486253727,
        "4,24": 102.22949947586216,
        "4,25": 42.519979507988666,
        "4,26": 78.99996152165821,
        "4,27": 5.517245765054099,
        "4,28": 58.18467320041676,
        "4,29": 75.03939214163395,
        "4,30": 30.63879131423522,
        "4,31": 63.87494756193465,
        "4,32": 6.876180250537165,
        "4,33": 22.347414759506876,
        "4,34": 103.66669314795043,
        "4,35": 95.55372927916528,
        "4,36": 106.175229122975,
        "4,37": 94.53445413703308,
        "4,38": 87.05243971319699,
        "4,39": 14.889405081445236,
        "4,40": 47.4470677760003,
        "5,0": 120.69475124001923,
        "5,1": 103.28402078258404,
        "5,2": 86.96937432001124,
        "5,3": 94.68558282785601,
        "5,4": 91.91872362051122,
        "5,5": 0.0,
        "5,6": 74.06399088454214,
        "5,7": 11.534336232947723,
        "5,8": 74.86972548928176,
        "5,9": 44.93632938307213,
        "5,10": 82.7867007233516,
        "5,11": 25.708185387130474,
        "5,12": 65.98868642465273,
        "5,13": 74.12824065830434,
        "5,14": 47.45309670426076,
        "5,15": 50.30573006699918,
        "5,16": 98.18048440869681,
        "5,17": 108.78250731645953,
        "5,18": 90.19988098874192,
        "5,19": 15.893409870051032,
        "5,20": 76.83301142072253,
        "5,21": 65.45999267829771,
        "5,22": 38.201745002218594,
        "5,23": 53.40311054575643,
        "5,24": 66.64591076968368,
        "5,25": 98.79712414313435,
        "5,26": 114.42359089242373,
        "5,27": 93.34294654406477,
        "5,28": 38.974706341735505,
        "5,29": 102.74925483954716,
        "5,30": 63.23157870169958,
        "5,31": 71.17444132960267,
        "5,32": 91.84075019273469,
        "5,33": 80.46097579043462,
        "5,34": 63.03684937611179,
        "5,35": 79.37800812058177,
        "5,36": 37.051789154872516,
        "5,37": 84.5956177112998,
        "5,38": 21.024324219499544,
        "5,39": 79.36489780099747,
        "5,40": 44.87963815260897,
        "6,0": 49.758768979044476,
        "6,1": 37.976157191053304,
        "6,2": 45.4216534938315,
        "6,3": 20.7024709446671,
        "6,4": 76.27757399486586,
        "6,5": 74.06399088454214,
        "6,6": 0.0,
        "6,7": 72.07200331234178,
        "6,8": 81.2844379030316,
        "6,9": 35.49330487468983,
        "6,10": 49.2281646866934,
        "6,11": 48.39768303486948,
        "6,12": 32.09751503987262,
        "6,13": 1.250347717239092,
        "6,14": 63.894884927957584,
        "6,15": 26.83801996253095,
        "6,16": 34.147441342855345,
        "6,17": 44.96730599532228,
        "6,18": 17.53948034106849,
        "6,19": 58.790691071948096,
        "6,20": 16.67711276238334,
        "6,21": 49.550333875743796,
        "6,22": 66.86151480052446,
        "6,23": 23.127947441392763,
        "6,24": 31.425445268184895,
        "6,25": 48.181962491823796,
        "6,26": 43.47837304704328,
        "6,27": 73.01667812991042,
        "6,28": 44.857935368696765,
        "6,29": 31.458686152147482,
        "6,30": 70.81578076046114,
        "6,31": 12.430881226386502,
        "6,32": 70.82860373905518,
        "6,33": 84.57755400726326,
        "6,34": 35.15323915719706,
        "6,35": 19.354966906354512,
        "6,36": 57.00735774548267,
        "6,37": 18.695446121240735,
        "6,38": 54.26844274665939,
        "6,39": 62.63756894624578,
        "6,40": 63.80249659464867,
        "7,0": 116.30775817780824,
        "7,1": 97.96927405208535,
        "7,2": 79.10103245330761,
        "7,3": 92.25022875707066,
        "7,4": 81.35769117493905,
        "7,5": 11.534336232947723,
        "7,6": 72.07200331234178,
        "7,7": 0.0,
        "7,8": 63.521070213074985,
        "7,9": 39.539174871590056,
        "7,10": 74.26192029119333,
        "7,11": 24.907652635156026,
        "7,12": 59.22901271638195,
        "7,13": 71.94214452019138,
        "7,14": 36.57506307975395,
        "7,15": 46.39993448593642,
        "7,16": 92.82819561216202,
        "7,17": 103.01068981800124,
        "7,18": 89.01536374237529,
        "7,19": 19.619044590541684,
        "7,20": 77.32327492235969,
        "7,21": 56.347806586025904,
        "7,22": 27.000264273632254,
        "7,23": 49.8671784444065,
        "7,24": 69.72063706750606,
        "7,25": 91.42573579473718,
        "7,26": 110.15098182111281,
        "7,27": 83.08216221750195,
        "7,28": 31.963009208388467,
        "7,29": 98.84067679062282,
        "7,30": 52.121943372921464,
        "7,31": 67.32728251276271,
        "7,32": 81.68114583209699,
        "7,33": 69.10748799580102,
        "7,34": 66.75374800389518,
        "7,35": 80.12553337788084,
        "7,36": 44.61206841824664,
        "7,37": 84.74302445620822,
        "7,38": 24.393081847153198,
        "7,39": 69.34820037918891,
        "7,40": 33.99194720007093,
        "8,0": 99.83077393240848,
        "8,1": 79.847663162082,
        "8,2": 49.58281944902469,
        "8,3": 92.50356514664263,
        "8,4": 25.09399087630795,
        "8,5": 74.86972548928176,
        "8,6": 81.2844379030316,
        "8,7": 63.521070213074985,
        "8,8": 0.0,
        "8,9": 54.24488001454401,
        "8,10": 41.659175574645964,
        "8,11": 67.44856129174588,
        "8,12": 49.43619840978485,
        "8,13": 80.26421734530152,
        "8,14": 28.49829675682443,
        "8,15": 61.25976070670825,
        "8,16": 75.93669731552065,
        "8,17": 80.64995305297386,
        "8,18": 96.63509497418548,
        "8,19": 73.90311558896293,
        "8,20": 96.16791850425699,
        "8,21": 31.877652658252618,
        "8,22": 36.719460971805816,
        "8,23": 63.74889994335738,
        "8,24": 101.3215154156678,
        "8,25": 61.13351881636581,
        "8,26": 95.58227944238934,
        "8,27": 29.75686959678781,
        "8,28": 49.02332736151653,
        "8,29": 89.06742554080931,
        "8,30": 12.907778559273076,
        "8,31": 69.3150131076818,
        "8,32": 29.85264916843108,
        "8,33": 5.591964840940634,
        "8,34": 101.52798335853026,
        "8,35": 99.30593168920964,
        "8,36": 96.57659693937002,
        "8,37": 99.94097661461635,
        "8,38": 75.21680420012518,
        "8,39": 24.684301940912835,
        "8,40": 30.861572115600012,
        "9,0": 76.77736655766174,
        "9,1": 58.57187100678983,
        "9,2": 43.778962846836755,
        "9,3": 54.20781226260048,
        "9,4": 59.6049545267495,
        "9,5": 44.93632938307213,
        "9,6": 35.49330487468983,
        "9,7": 39.539174871590056,
        "9,8": 54.24488001454401,
        "9,9": 0.0,
        "9,10": 41.394873923766106,
        "9,11": 21.861721885562375,
        "9,12": 21.674262178353647,
        "9,13": 35.01301336901879,
        "9,14": 30.49444137671881,
        "9,15": 8.866466243825837,
        "9,16": 53.44063333483156,
        "9,17": 63.889538189703885,
        "9,18": 53.03252641746969,
        "9,19": 33.08791135861519,
        "9,20": 45.99978778572702,
        "9,21": 28.35114257527355,
        "9,22": 31.647173097876415,
        "9,23": 12.498184174427301,
        "9,24": 47.45274433899272,
        "9,25": 54.60363834510362,
        "9,26": 70.64060554164809,
        "9,27": 58.79738978707888,
        "9,28": 9.364968521101503,
        "9,29": 59.46508385936401,
        "9,30": 41.77619943346948,
        "9,31": 28.276858019588193,
        "9,32": 56.797950038393374,
        "9,33": 58.88391909160233,
        "9,34": 47.33658978077499,
        "9,35": 49.18460940423629,
        "9,36": 46.972565964644204,
        "9,37": 51.860976300785964,
        "9,38": 30.85256888202838,
        "9,39": 44.80966489281988,
        "9,40": 29.760749697528816,
        "10,0": 58.17589058358811,
        "10,1": 38.232726928935946,
        "10,2": 7.938750265659191,
        "10,3": 54.259859155877606,
        "10,4": 27.878759469186814,
        "10,5": 82.7867007233516,
        "10,6": 49.2281646866934,
        "10,7": 74.26192029119333,
        "10,8": 41.659175574645964,
        "10,9": 41.394873923766106,
        "10,10": 0.0,
        "10,11": 62.93562189900853,
        "10,12": 21.46084258442589,
        "10,13": 48.000465341638204,
        "10,14": 43.05078636401531,
        "10,15": 42.346379474963896,
        "10,16": 34.53431135419047,
        "10,17": 39.122391877279576,
        "10,18": 60.7855341684462,
        "10,19": 73.65690997411467,
        "10,20": 65.85635748138918,
        "10,21": 18.470911672429743,
        "10,22": 52.24617152727281,
        "10,23": 42.38734331262484,
        "10,24": 77.2668832677351,
        "10,25": 20.452127723298673,
        "10,26": 53.97429867525264,
        "10,27": 23.980802480641785,
        "10,28": 44.19952438420261,
        "10,29": 48.24749418759228,
        "10,30": 37.40588070741667,
        "10,31": 37.0415820463123,
        "10,32": 21.827038032393386,
        "10,33": 42.55405243688198,
        "10,34": 79.39753939393238,
        "10,35": 68.58255233012295,
        "10,36": 87.66317696361196,
        "10,37": 67.08669940668337,
        "10,38": 72.04004608246093,
        "10,39": 17.280408997500857,
        "10,40": 44.977902900550575,
        "11,0": 95.29562515168446,
        "11,1": 78.48826632806023,
        "11,2": 65.63233445159003,
        "11,3": 68.98781763328344,
        "11,4": 78.23516838868598,
        "11,5": 25.708185387130474,
        "11,6": 48.39768303486948,
        "11,7": 24.907652635156026,
        "11,8": 67.44856129174588,
        "11,9": 21.861721885562375,
        "11,10": 62.93562189900853,
        "11,11": 0.0,
        "11,12": 43.508076787590895,
        "11,13": 48.43692405536716,
        "11,14": 39.361922103263545,
        "11,15": 25.24984842959148,
        "11,16": 73.4501150271908,
        "11,17": 84.31721177873075,
        "11,18": 64.7956567495023,
        "11,19": 11.473021922873622,
        "11,20": 52.45198948828712,
        "11,21": 48.037060923125615,
        "11,22": 34.36355585767678,
        "11,23": 28.045184342192908,
        "11,24": 45.49653330588016,
        "11,25": 76.35677539582163,
        "11,26": 88.9936581868429,
        "11,27": 78.29096563617762,
        "11,28": 20.062679301714148,
        "11,29": 77.21925152734836,
        "11,30": 54.569752669403776,
        "11,31": 45.75754553699449,
        "11,32": 76.44468288509358,
        "11,33": 72.75875218566583,
        "11,34": 43.05815355807421,
        "11,35": 55.22900817422535,
        "11,36": 29.133301375281345,
        "11,37": 59.95039251818322,
        "11,38": 9.11929603878185,
        "11,39": 63.98533781722441,
        "11,40": 37.34957440333468,
        "12,0": 59.54327327622828,
        "12,1": 39.83876471688426,
        "12,2": 22.341915122163883,
        "12,3": 44.065215888290524,
        "12,4": 45.454826993654905,
        "12,5": 65.98868642465273,
        "12,6": 32.09751503987262,
        "12,7": 59.22901271638195,
        "12,8": 49.43619840978485,
        "12,9": 21.674262178353647,
        "12,10": 21.46084258442589,
        "12,11": 43.508076787590895,
        "12,12": 0.0,
        "12,13": 31.015370004908007,
        "12,14": 36.793955091446705,
        "12,15": 21.009234438810545,
        "12,16": 34.77663232430306,
        "12,17": 44.15226806185951,
        "12,18": 47.25323315500181,
        "12,19": 54.760407587180595,
        "12,20": 47.83265600384618,
        "12,21": 17.564039910216543,
        "12,22": 43.15635797084,
        "12,23": 20.929663228115693,
        "12,24": 56.87194547145693,
        "12,25": 32.96796223318645,
        "12,26": 53.870496310162615,
        "12,27": 43.03374457577388,
        "12,28": 27.30261354784445,
        "12,29": 44.234055426020625,
        "12,30": 39.83396557250787,
        "12,31": 19.907610227287414,
        "12,32": 40.854939112356625,
        "12,33": 52.52693795904599,
        "12,34": 58.58496136721103,
        "12,35": 50.84533098899681,
        "12,36": 66.52853744998639,
        "12,37": 50.789105093676675,
        "12,38": 52.41871621889637,
        "12,39": 31.091047423714738,
        "12,40": 37.639806501693194,
        "13,0": 49.16870249356914,
        "13,1": 37.015745770316094,
        "13,2": 44.172372625201085,
        "13,3": 20.561573589017307,
        "13,4": 75.08338198790918,
        "13,5": 74.12824065830434,
        "13,6": 1.250347717239092,
        "13,7": 71.94214452019138,
        "13,8": 80.26421734530152,
        "13,9": 35.01301336901879,
        "13,10": 48.000465341638204,
        "13,11": 48.43692405536716,
        "13,12": 31.015370004908007,
        "13,13": 0.0,
        "13,14": 63.151844906765376,
        "13,15": 26.43747859030204,
        "13,16": 33.11503042095507,
        "13,17": 43.989297055682975,
        "13,18": 18.0675401166928,
        "13,19": 58.94057868354346,
        "13,20": 17.921699046161365,
        "13,21": 48.498478667926555,
        "13,22": 66.27483692601513,
        "13,23": 22.732991438539724,
        "13,24": 32.576652820670596,
        "13,25": 46.96668289161805,
        "13,26": 42.86916527996771,
        "13,27": 71.80240882266553,
        "13,28": 44.37599399877937,
        "13,29": 30.827742050798765,
        "13,30": 69.87358601515608,
        "13,31": 11.269346245348247,
        "13,32": 69.6151322351602,
        "13,33": 83.519121176841,
        "13,34": 36.2479186098226,
        "13,35": 20.582508725105573,
        "13,36": 57.67574912790996,
        "13,37": 19.778082813718484,
        "13,38": 54.47517171063131,
        "13,39": 61.48044736624906,
        "13,40": 63.10096435253904,
        "14,0": 95.78275043425994,
        "14,1": 75.62439230600265,
        "14,2": 49.733729812087795,
        "14,3": 79.86493440738359,
        "14,4": 44.87720310326693,
        "14,5": 47.45309670426076,
        "14,6": 63.894884927957584,
        "14,7": 36.57506307975395,
        "14,8": 28.49829675682443,
        "14,9": 30.49444137671881,
        "14,10": 43.05078636401531,
        "14,11": 39.361922103263545,
        "14,12": 36.793955091446705,
        "14,13": 63.151844906765376,
        "14,14": 0.0,
        "14,15": 39.01748702680908,
        "14,16": 70.76317625057109,
        "14,17": 78.85193692999185,
        "14,18": 81.03795718419053,
        "14,19": 45.40536497391544,
        "14,20": 76.18194434252162,
        "14,21": 24.831398994104525,
        "14,22": 10.083092649652109,
        "14,23": 42.32528782257598,
        "14,24": 77.50949771002922,
        "14,25": 62.850701558106294,
        "14,26": 90.34544298698249,
        "14,27": 46.95276823069455,
        "14,28": 22.822051363889756,
        "14,29": 81.0229705345722,
        "14,30": 16.00888224125105,
        "14,31": 53.820561154223945,
        "14,32": 45.72845560498917,
        "14,33": 33.99512148443351,
        "14,34": 76.85602947438962,
        "14,35": 79.38231652667712,
        "14,36": 68.45308819402128,
        "14,37": 81.51840557911339,
        "14,38": 46.80806742940232,
        "14,39": 33.87842803279147,
        "14,40": 2.5831967485409124,
        "15,0": 70.40794804097904,
        "15,1": 53.241492448626154,
        "15,2": 43.11353444319824,
        "15,3": 46.13781943046156,
        "15,4": 63.809816017054956,
        "15,5": 50.30573006699918,
        "15,6": 26.83801996253095,
        "15,7": 46.39993448593642,
        "15,8": 61.25976070670825,
        "15,9": 8.866466243825837,
        "15,10": 42.346379474963896,
        "15,11": 25.24984842959148,
        "15,12": 21.009234438810545,
        "15,13": 26.43747859030204,
        "15,14": 39.01748702680908,
        "15,15": 0.0,
        "15,16": 48.20027555276433,
        "15,17": 59.09034716513352,
        "15,18": 44.36104958188617,
        "15,19": 36.68790763405807,
        "15,20": 37.22906347448293,
        "15,21": 32.73341344745969,
        "15,22": 40.513468765462825,
        "15,23": 3.7101742785912113,
        "15,24": 40.076194093688976,
        "15,25": 52.41948196725678,
        "15,26": 64.15556100209695,
        "15,27": 62.297426379691174,
        "15,28": 18.14110187564601,
        "15,29": 52.60154852731409,
        "15,30": 49.18991576645925,
        "15,31": 20.993164546671796,
        "15,32": 60.192466276237724,
        "15,33": 65.58572087026852,
        "15,34": 40.58114128669961,
        "15,35": 40.42265218034162,
        "15,36": 45.55461793507763,
        "15,37": 42.99692798568792,
        "15,38": 33.364817685185024,
        "15,39": 48.92867943852384,
        "15,40": 38.439629999472125,
        "16,0": 25.03172089560671,
        "16,1": 5.141894052414869,
        "16,2": 26.87100486203703,
        "16,3": 25.489851759240118,
        "16,4": 60.78456600917245,
        "16,5": 98.18048440869681,
        "16,6": 34.147441342855345,
        "16,7": 92.82819561216202,
        "16,8": 75.93669731552065,
        "16,9": 53.44063333483156,
        "16,10": 34.53431135419047,
        "16,11": 73.4501150271908,
        "16,12": 34.77663232430306,
        "16,13": 33.11503042095507,
        "16,14": 70.76317625057109,
        "16,15": 48.20027555276433,
        "16,16": 0.0,
        "16,17": 11.21136639688065,
        "16,18": 35.40238508143917,
        "16,19": 84.87980165386709,
        "16,20": 48.20445586685351,
        "16,21": 47.425050425896124,
        "16,22": 77.82846162563946,
        "16,23": 45.59801074209397,
        "16,24": 65.30691014841712,
        "16,25": 20.04283546693266,
        "16,26": 19.903731236599057,
        "16,27": 55.889859086286215,
        "16,28": 61.05608042656109,
        "16,29": 14.419438153956994,
        "16,30": 69.92460667585026,
        "16,31": 28.741806225826117,
        "16,32": 54.029766785619756,
        "16,33": 77.07748978117277,
        "16,34": 69.25053790682851,
        "16,35": 49.744559917387555,
        "16,36": 89.2158628684029,
        "16,37": 45.3990313324799,
        "16,38": 81.36522223204167,
        "16,39": 51.81229022690927,
        "16,40": 71.91695517913139,
        "17,0": 19.589509429554557,
        "17,1": 7.041694815751486,
        "17,2": 31.19460030659536,
        "17,3": 33.25818493425334,
        "17,4": 62.60198052194472,
        "17,5": 108.78250731645953,
        "17,6": 44.96730599532228,
        "17,7": 103.01068981800124,
        "17,8": 80.64995305297386,
        "17,9": 63.889538189703885,
        "17,10": 39.122391877279576,
        "17,11": 84.31721177873075,
        "17,12": 44.15226806185951,
        "17,13": 43.989297055682975,
        "17,14": 78.85193692999185,
        "17,15": 59.09034716513352,
        "17,16": 11.21136639688065,
        "17,17": 0.0,
        "17,18": 43.86582439895116,
        "17,19": 95.77298936597163,
        "17,20": 58.16981932075377,
        "17,21": 54.59425603819766,
        "17,22": 86.5649210683721,
        "17,23": 56.611703749161826,
        "17,24": 75.7907197639739,
        "17,25": 20.101276974714832,
        "17,26": 16.99961209264185,
        "17,27": 57.317663722231906,
        "17,28": 71.08588450028243,
        "17,29": 19.093058126963076,
        "17,30": 76.1623010609774,
        "17,31": 39.94135514619726,
        "17,32": 55.725820772482955,
        "17,33": 81.06330382037572,
        "17,34": 79.89555226155,
        "17,35": 59.419796054692895,
        "17,36": 100.42032797152054,
        "17,37": 54.5349232284616,
        "17,38": 92.36398908660281,
        "17,39": 56.00262296352775,
        "17,40": 80.23393629572011,
        "18,0": 41.321834426675615,
        "18,1": 37.16471700787156,
        "18,2": 55.28261208081766,
        "18,3": 10.767590630424143,
        "18,4": 88.62531549662987,
        "18,5": 90.19988098874192,
        "18,6": 17.53948034106849,
        "18,7": 89.01536374237529,
        "18,8": 96.63509497418548,
        "18,9": 53.03252641746969,
        "18,10": 60.7855341684462,
        "18,11": 64.7956567495023,
        "18,12": 47.25323315500181,
        "18,13": 18.0675401166928,
        "18,14": 81.03795718419053,
        "18,15": 44.36104958188617,
        "18,16": 35.40238508143917,
        "18,17": 43.86582439895116,
        "18,18": 0.0,
        "18,19": 74.56717598962126,
        "18,20": 17.4209686432979,
        "18,21": 64.76865357258002,
        "18,22": 84.34127343389878,
        "18,23": 40.65133907860818,
        "18,24": 36.059992463996295,
        "18,25": 53.98553505267548,
        "18,26": 35.78624232244345,
        "18,27": 84.70084421502497,
        "18,28": 62.397279611833476,
        "18,29": 25.602364589927554,
        "18,30": 86.91124805246562,
        "18,31": 27.637807866381408,
        "18,32": 82.57481675307507,
        "18,33": 99.46766082822411,
        "18,34": 40.95638369520752,
        "18,35": 17.26758863868388,
        "18,36": 68.60406478807045,
        "18,37": 11.219031161463588,
        "18,38": 69.76334949019052,
        "18,39": 76.09193805749914,
        "18,40": 81.06763195998168,
        "19,0": 106.47549980025656,
        "19,1": 89.90400783835543,
        "19,2": 76.72694657052728,
        "19,3": 79.48463613202247,
        "19,4": 87.12898087514037,
        "19,5": 15.893409870051032,
        "19,6": 58.790691071948096,
        "19,7": 19.619044590541684,
        "19,8": 73.90311558896293,
        "19,9": 33.08791135861519,
        "19,10": 73.65690997411467,
        "19,11": 11.473021922873622,
        "19,12": 54.760407587180595,
        "19,13": 58.94057868354346,
        "19,14": 45.40536497391544,
        "19,15": 36.68790763405807,
        "19,16": 84.87980165386709,
        "19,17": 95.77298936597163,
        "19,18": 74.56717598962126,
        "19,19": 0.0,
        "19,20": 60.94887364364414,
        "19,21": 57.9015551492276,
        "19,22": 38.292746519729825,
        "19,23": 39.3777154982944,
        "19,24": 51.1238996626265,
        "19,25": 87.68231960613657,
        "19,26": 100.15676759396075,
        "19,27": 87.64764504650225,
        "19,28": 29.775769727564146,
        "19,29": 88.30640861765082,
        "19,30": 61.29015632788438,
        "19,31": 56.996182968648476,
        "19,32": 85.90250329007702,
        "19,33": 79.39436155225751,
        "19,34": 47.771996586897444,
        "19,35": 63.484902922789864,
        "19,36": 25.61979054320339,
        "19,37": 68.73010610725589,
        "19,38": 5.1912290033415225,
        "19,39": 73.33851076891116,
        "19,40": 43.06588901633278,
        "20,0": 58.35212240230957,
        "20,1": 51.16012752277091,
        "20,2": 62.07766311867019,
        "20,3": 27.142086126724255,
        "20,4": 92.68465931916708,
        "20,5": 76.83301142072253,
        "20,6": 16.67711276238334,
        "20,7": 77.32327492235969,
        "20,8": 96.16791850425699,
        "20,9": 45.99978778572702,
        "20,10": 65.85635748138918,
        "20,11": 52.45198948828712,
        "20,12": 47.83265600384618,
        "20,13": 17.921699046161365,
        "20,14": 76.18194434252162,
        "20,15": 37.22906347448293,
        "20,16": 48.20445586685351,
        "20,17": 58.16981932075377,
        "20,18": 17.4209686432979,
        "20,19": 60.94887364364414,
        "20,20": 0.0,
        "20,21": 64.89032312412962,
        "20,22": 77.46530538229545,
        "20,23": 33.8567184423476,
        "20,24": 18.707184980620653,
        "20,25": 64.17123600644801,
        "20,26": 52.55860924879305,
        "20,27": 89.56238814536033,
        "20,28": 54.93957417683534,
        "20,29": 41.4846384956676,
        "20,30": 85.00792471498563,
        "20,31": 28.866631723160623,
        "20,32": 87.37018891605966,
        "20,33": 99.80937138730793,
        "20,34": 23.546971547178902,
        "20,35": 3.202160756755318,
        "20,36": 51.88485651531173,
        "20,37": 7.980700400441581,
        "20,38": 55.88697379106985,
        "20,39": 78.78073088044661,
        "20,40": 75.66585088818604,
        "21,0": 72.35716439455263,
        "21,1": 52.017983893518476,
        "21,2": 24.902333136981373,
        "21,3": 61.01595057840941,
        "21,4": 31.306411127424944,
        "21,5": 65.45999267829771,
        "21,6": 49.550333875743796,
        "21,7": 56.347806586025904,
        "21,8": 31.877652658252618,
        "21,9": 28.35114257527355,
        "21,10": 18.470911672429743,
        "21,11": 48.037060923125615,
        "21,12": 17.564039910216543,
        "21,13": 48.498478667926555,
        "21,14": 24.831398994104525,
        "21,15": 32.73341344745969,
        "21,16": 47.425050425896124,
        "21,17": 54.59425603819766,
        "21,18": 64.76865357258002,
        "21,19": 57.9015551492276,
        "21,20": 64.89032312412962,
        "21,21": 0.0,
        "21,22": 33.795710404581364,
        "21,23": 34.32939702454261,
        "21,24": 72.0814335108253,
        "21,25": 38.01994514627679,
        "21,26": 67.30594725493165,
        "21,27": 30.509491738331707,
        "21,28": 28.16249275113054,
        "21,29": 59.17360907298515,
        "21,30": 22.980413261332142,
        "21,31": 37.4627727508366,
        "21,32": 28.56175983499416,
        "21,33": 35.03006389440158,
        "21,34": 73.08589878003332,
        "21,35": 67.97206690460673,
        "21,36": 75.17222269327141,
        "21,37": 68.24189025687582,
        "21,38": 57.083674750106105,
        "21,39": 16.463884075946,
        "21,40": 26.62258003281503,
        "22,0": 102.69222056283397,
        "22,1": 82.8243092833131,
        "22,2": 58.51711330679347,
        "22,3": 84.38088658575991,
        "22,4": 54.83371794697417,
        "22,5": 38.201745002218594,
        "22,6": 66.86151480052446,
        "22,7": 27.000264273632254,
        "22,8": 36.719460971805816,
        "22,9": 31.647173097876415,
        "22,10": 52.24617152727281,
        "22,11": 34.36355585767678,
        "22,12": 43.15635797084,
        "22,13": 66.27483692601513,
        "22,14": 10.083092649652109,
        "22,15": 40.513468765462825,
        "22,16": 77.82846162563946,
        "22,17": 86.5649210683721,
        "22,18": 84.34127343389878,
        "22,19": 38.292746519729825,
        "22,20": 77.46530538229545,
        "22,21": 33.795710404581364,
        "22,22": 0.0,
        "22,23": 44.126377211376706,
        "22,24": 76.3392256316389,
        "22,25": 71.56099515751612,
        "22,26": 97.01892396451807,
        "22,27": 57.01883593684315,
        "22,28": 22.525873674437594,
        "22,29": 87.05912017566878,
        "22,30": 25.126524726922845,
        "22,31": 58.040788592093904,
        "22,32": 55.80902601129641,
        "22,33": 42.31033099967395,
        "22,34": 75.03433247706604,
        "22,35": 80.62599433957521,
        "22,36": 62.742661489908656,
        "22,37": 83.5002886573839,
        "22,38": 40.55423148352151,
        "22,39": 43.93500233095745,
        "22,40": 7.633946341276285,
        "23,0": 67.30795509851184,
        "23,1": 50.578502196497354,
        "23,2": 42.46603742316602,
        "23,3": 42.524910671856446,
        "23,4": 65.04182486253727,
        "23,5": 53.40311054575643,
