{
    "num_robots": 7,
    "num_tasks": 60,
    "num_nodes": 61,
    "robot_capacity": [
        119,
        92,
        98,
        124,
        122,
        125,
        122
    ],
    "robot_speed": [
        0.87,
        1.01,
        1.0,
        0.81,
        0.89,
        0.96,
        0.89
    ],
    "task_demand": {
        "0": 0,
        "1": 10,
        "2": 10,
        "3": 6,
        "4": 13,
        "5": 13,
        "6": 13,
        "7": 12,
        "8": 8,
        "9": 7,
        "10": 14,
        "11": 7,
        "12": 7,
        "13": 8,
        "14": 14,
        "15": 7,
        "16": 12,
        "17": 8,
        "18": 15,
        "19": 5,
        "20": 13,
        "21": 10,
        "22": 6,
        "23": 9,
        "24": 13,
        "25": 8,
        "26": 7,
        "27": 6,
        "28": 6,
        "29": 7,
        "30": 12,
        "31": 7,
        "32": 10,
        "33": 8,
        "34": 6,
        "35": 12,
        "36": 5,
        "37": 14,
        "38": 6,
        "39": 11,
        "40": 13,
        "41": 12,
        "42": 12,
        "43": 6,
        "44": 15,
        "45": 8,
        "46": 5,
        "47": 13,
        "48": 10,
        "49": 12,
        "50": 13,
        "51": 8,
        "52": 5,
        "53": 9,
        "54": 7,
        "55": 9,
        "56": 7,
        "57": 5,
        "58": 5,
        "59": 7,
        "60": 8
    },
    "task_service_time": {
        "0": 0,
        "1": 96,
        "2": 49,
        "3": 72,
        "4": 50,
        "5": 31,
        "6": 31,
        "7": 80,
        "8": 58,
        "9": 27,
        "10": 70,
        "11": 99,
        "12": 33,
        "13": 81,
        "14": 88,
        "15": 15,
        "16": 12,
        "17": 60,
        "18": 81,
        "19": 79,
        "20": 21,
        "21": 51,
        "22": 57,
        "23": 50,
        "24": 69,
        "25": 46,
        "26": 56,
        "27": 10,
        "28": 76,
        "29": 79,
        "30": 79,
        "31": 29,
        "32": 34,
        "33": 81,
        "34": 41,
        "35": 51,
        "36": 59,
        "37": 39,
        "38": 96,
        "39": 21,
        "40": 89,
        "41": 66,
        "42": 44,
        "43": 51,
        "44": 33,
        "45": 35,
        "46": 92,
        "47": 52,
        "48": 80,
        "49": 94,
        "50": 45,
        "51": 76,
        "52": 56,
        "53": 67,
        "54": 61,
        "55": 30,
        "56": 70,
        "57": 52,
        "58": 46,
        "59": 91,
        "60": 54
    },
    "task_precedence": [],
    "coordinates": {
        "0": [
            50.0,
            50.0
        ],
        "1": [
            95.28192846574257,
            62.11436200839589
        ],
        "2": [
            3.573731062195795,
            30.722509480596838
        ],
        "3": [
            96.86790294102913,
            74.35625865153874
        ],
        "4": [
            95.74767979818472,
            34.01221059538867
        ],
        "5": [
            85.34126347124132,
            6.269319759607084
        ],
        "6": [
            25.82215776775415,
            47.782647639832035
        ],
        "7": [
            2.476238720626456,
            75.15934474691875
        ],
        "8": [
            77.1991988447637,
            11.391836657269227
        ],
        "9": [
            76.98009930083491,
            65.03816057297449
        ],
        "10": [
            14.103339944290772,
            21.567042744477828
        ],
        "11": [
            82.41179585002885,
            4.3979812766736455
        ],
        "12": [
            5.566339210364846,
            61.13603782322041
        ],
        "13": [
            66.01148534758526,
            55.12726285188929
        ],
        "14": [
            95.91275438500591,
            32.19481796049122
        ],
        "15": [
            82.08059293430688,
            13.994584274140799
        ],
        "16": [
            51.95018208915133,
            71.82858560269302
        ],
        "17": [
            54.378157208262635,
            2.5988013829637335
        ],
        "18": [
            79.19200292646251,
            77.98103589828462
        ],
        "19": [
            38.13524079089304,
            26.01606909126174
        ],
        "20": [
            7.359459052356798,
            19.426006753577596
        ],
        "21": [
            16.208154698413846,
            83.66376265730099
        ],
        "22": [
            5.725101369225982,
            38.69702009505336
        ],
        "23": [
            72.37651469159006,
            51.948248129429345
        ],
        "24": [
            32.19639695313283,
            60.86490470557791
        ],
        "25": [
            7.354096811941058,
            59.92644965066967
        ],
        "26": [
            16.90404071182312,
            82.1456751371513
        ],
        "27": [
            12.484635779745556,
            56.60137122709816
        ],
        "28": [
            6.0041925400884715,
            16.329875130254468
        ],
        "29": [
            60.00702215609728,
            26.765102986422594
        ],
        "30": [
            42.77455208550892,
            72.87559099691534
        ],
        "31": [
            30.095075978923035,
            73.29156289886403
        ],
        "32": [
            86.99994907916026,
            28.9941930402564
        ],
        "33": [
            33.99899254052781,
            5.416358458512138
        ],
        "34": [
            34.09457222689113,
            52.275403932521414
        ],
        "35": [
            7.218901228442521,
            73.8895527066976
        ],
        "36": [
            48.69728448571734,
            28.050083314343144
        ],
        "37": [
            48.11906817636105,
            89.95641762074403
        ],
        "38": [
            78.05641235897973,
            59.9033162641973
        ],
        "39": [
            75.28439747182986,
            33.38437155034508
        ],
        "40": [
            24.833126414696714,
            23.981606036219837
        ],
        "41": [
            42.57571056106671,
            34.56254333594855
        ],
        "42": [
            94.7620211663285,
            9.91418921890016
        ],
        "43": [
            50.45581254390184,
            13.592701492391225
        ],
        "44": [
            57.61633424378447,
            62.33704838221904
        ],
        "45": [
            9.304820434865125,
            58.28440863925676
        ],
        "46": [
            20.640922440752984,
            80.45454771068114
        ],
        "47": [
            55.690024171777694,
            54.08078035746692
        ],
        "48": [
            9.219146730352346,
            45.53520732579042
        ],
        "49": [
            0.6492674218665506,
            72.7772106211222
        ],
        "50": [
            26.455339214838947,
            80.11884433487661
        ],
        "51": [
            90.73623653984009,
            31.77845467665329
        ],
        "52": [
            77.49886493050887,
            46.88589494393839
        ],
        "53": [
            99.33869109011478,
            15.176789987840655
        ],
        "54": [
            61.58968510242639,
            39.6147684579998
        ],
        "55": [
            71.1520418895373,
            51.95497611112246
        ],
        "56": [
            2.0016014441950114,
            27.976119430182035
        ],
        "57": [
            33.75256981913005,
            7.0796459017643425
        ],
        "58": [
            64.38381244186984,
            78.89530819983457
        ],
        "59": [
            88.1887050889577,
            59.10874407546983
        ],
        "60": [
            43.2756501369126,
            30.732328779764206
        ]
    },
    "distance_matrix_str_keys": {
        "0,0": 0.0,
        "0,1": 46.8744153291227,
        "0,2": 50.26947471588501,
        "0,3": 52.81881919912998,
        "0,4": 48.4609081318483,
        "0,5": 56.22612647187415,
        "0,6": 24.279306137048344,
        "0,7": 53.77267441957106,
        "0,8": 47.226969990631154,
        "0,9": 30.888056457172514,
        "0,10": 45.79304817818422,
        "0,11": 55.947016201639876,
        "0,12": 45.80787650141137,
        "0,13": 16.81239088851736,
        "0,14": 49.244345083247126,
        "0,15": 48.22400237027874,
        "0,16": 21.91552781921859,
        "0,17": 47.60296094647877,
        "0,18": 40.43651078913323,
        "0,19": 26.75820346968792,
        "0,20": 52.468893597444186,
        "0,21": 47.698403800687316,
        "0,22": 45.69490128555857,
        "0,23": 22.461168280318162,
        "0,24": 20.856999681442844,
        "0,25": 43.78592766394902,
        "0,26": 46.13769555610606,
        "0,27": 38.09173997937488,
        "0,28": 55.40133917870455,
        "0,29": 25.298239694970285,
        "0,30": 23.989576090943697,
        "0,31": 30.63825880425626,
        "0,32": 42.546917137325764,
        "0,33": 47.36806237136967,
        "0,34": 16.06736119285668,
        "0,35": 48.99931775675902,
        "0,36": 21.988540429469847,
        "0,37": 40.00066516457548,
        "0,38": 29.75294855112389,
        "0,39": 30.2552452359993,
        "0,40": 36.19845784716675,
        "0,41": 17.129948684322525,
        "0,42": 60.08752586746254,
        "0,43": 36.41015173955349,
        "0,44": 14.498665804075124,
        "0,45": 41.52985752853919,
        "0,46": 42.30171286593529,
        "0,47": 7.002081362088153,
        "0,48": 41.02453372098466,
        "0,49": 54.35343714685764,
        "0,50": 38.229515240934326,
        "0,51": 44.62584096014977,
        "0,52": 27.674631393508374,
        "0,53": 60.39008522958654,
        "0,54": 15.561935450141155,
        "0,55": 21.242194041383772,
        "0,56": 52.810014005636354,
        "0,57": 45.892655004915305,
        "0,58": 32.27743633447856,
        "0,59": 39.259984908349,
        "0,60": 20.407352482189015,
        "1,0": 46.8744153291227,
        "1,1": 0.0,
        "1,2": 96.93215088986206,
        "1,3": 12.344203030477614,
        "1,4": 28.10601071556145,
        "1,5": 56.72288395614162,
        "1,6": 70.92290026612865,
        "1,7": 93.71802187261055,
        "1,8": 53.849416789238425,
        "1,9": 18.53390268744542,
        "1,10": 90.74165710314797,
        "1,11": 59.1339235829585,
        "1,12": 89.72092327685303,
        "1,13": 30.092829626941654,
        "1,14": 29.926193499590322,
        "1,15": 49.89777819710671,
        "1,16": 44.40727850347538,
        "1,17": 72.21648329601581,
        "1,18": 22.597279574932323,
        "1,19": 67.5931258615698,
        "1,20": 97.73769130744458,
        "1,21": 81.95754002002326,
        "1,22": 92.5677977586253,
        "1,23": 25.060084827574936,
        "1,24": 63.097903529198504,
        "1,25": 87.95504840442275,
        "1,26": 80.89713712133604,
        "1,27": 82.98062872433137,
        "1,28": 100.33311203538706,
        "1,29": 49.93885389710915,
        "1,30": 53.59877446060562,
        "1,31": 66.13815507620583,
        "1,32": 34.13995862677464,
        "1,33": 83.4880940143959,
        "1,34": 61.97336249969762,
        "1,35": 88.84678881185758,
        "1,36": 57.71052016480007,
        "1,37": 54.76783226855713,
        "1,38": 17.36683990907052,
        "1,39": 35.00447967863813,
        "1,40": 80.10705829364207,
        "1,41": 59.47308734187752,
        "1,42": 52.20276183166168,
        "1,43": 66.05855136065813,
        "1,44": 37.66625249894512,
        "1,45": 86.06237068639784,
        "1,46": 76.86118781294522,
        "1,47": 40.39872918502037,
        "1,48": 87.64514116608619,
        "1,49": 95.23149099317435,
        "1,50": 71.14253841238137,
        "1,51": 30.67459190804809,
        "1,52": 23.412465863967107,
        "1,53": 47.11255660835349,
        "1,54": 40.514182366005464,
        "1,55": 26.18137788563179,
        "1,56": 99.3309569851002,
        "1,57": 82.55108692440699,
        "1,58": 35.16096882773086,
        "1,59": 7.703736562973448,
        "1,60": 60.74113100016061,
        "2,0": 50.26947471588501,
        "2,1": 96.93215088986206,
        "2,2": 0.0,
        "2,3": 102.99372103808061,
        "2,4": 92.23263499981651,
        "2,5": 85.34569610586716,
        "2,6": 28.03641925932759,
        "2,7": 44.4503860267381,
        "2,8": 76.12085402834417,
        "2,9": 81.03122119208426,
        "2,10": 13.9533234165225,
        "2,11": 83.11691310828206,
        "2,12": 30.478733462526247,
        "2,13": 67.03778895008607,
        "2,14": 92.35076025929857,
        "2,15": 80.26923970438189,
        "2,16": 63.482206232289954,
        "2,17": 58.06920589427785,
        "2,18": 89.17113523393904,
        "2,19": 34.88048932949765,
        "2,20": 11.913971221932746,
        "2,21": 54.42797946405243,
        "2,22": 8.259613413353613,
        "2,23": 72.00246534905445,
        "2,24": 41.56706620153956,
        "2,25": 29.44760239236873,
        "2,26": 53.1228681595449,
        "2,27": 27.370051300276735,
        "2,28": 14.596405945922967,
        "2,29": 56.57187825986647,
        "2,30": 57.56376160592027,
        "2,31": 50.15482075652648,
        "2,32": 83.44411860839587,
        "2,33": 39.57395375215158,
        "2,34": 37.36373916856238,
        "2,35": 43.320675045813246,
        "2,36": 45.202620888389646,
        "2,37": 74.1143908574443,
        "2,38": 79.99493295015698,
        "2,39": 71.76005286085139,
        "2,40": 22.30250367112068,
        "2,41": 39.19056346674023,
        "2,42": 93.53229626299571,
        "2,43": 49.913524076848326,
        "2,44": 62.610558443483335,
        "2,45": 28.151441714939963,
        "2,46": 52.57912749438567,
        "2,47": 57.11144216215425,
        "2,48": 15.852026227560627,
        "2,49": 42.15626140447599,
        "2,50": 54.43864333988532,
        "2,51": 87.16890145801682,
        "2,52": 75.67152996394728,
        "2,53": 97.01853927830692,
        "2,54": 58.69346806007762,
        "2,55": 70.8353424040088,
        "2,56": 3.164529956377837,
        "2,57": 38.33728350997657,
        "2,58": 77.57889232160234,
        "2,59": 89.24949380262477,
        "2,60": 39.70192028899859,
        "3,0": 52.81881919912998,
        "3,1": 12.344203030477614,
        "3,2": 102.99372103808061,
        "3,3": 0.0,
        "3,4": 40.35959753821524,
        "3,5": 69.05573593221713,
        "3,6": 75.8528490528037,
        "3,7": 94.39508049455671,
        "3,8": 65.96496310844795,
        "3,9": 21.962506355893566,
        "3,10": 98.16656357499413,
        "3,11": 71.43626253860872,
        "3,12": 92.25372501104795,
        "3,13": 36.35756848530892,
        "3,14": 42.17225853459583,
        "3,15": 62.14657086982295,
        "3,16": 44.98878501992556,
        "3,17": 83.39371178983771,
        "3,18": 18.04373717979407,
        "3,19": 76.06772988571133,
        "3,20": 105.01949390920272,
        "3,21": 81.19497901581944,
        "3,22": 97.8702793129018,
        "3,23": 33.19558756738202,
        "3,24": 66.06375949064433,
        "3,25": 90.66940429669496,
        "3,26": 80.34235664826973,
        "3,27": 86.23092139289199,
        "3,28": 107.81129371445824,
        "3,29": 60.19669949243293,
        "3,30": 54.11361181331234,
        "3,31": 66.78131473366727,
        "3,32": 46.422984716003086,
        "3,33": 93.30171345463455,
        "3,34": 66.54363376063026,
        "3,35": 89.65021652233924,
        "3,36": 66.81818881656646,
        "3,37": 51.18411717298041,
        "3,38": 23.722557230837154,
        "3,39": 46.30921334866221,
        "3,40": 87.90116412945113,
        "3,41": 67.31405449117656,
        "3,42": 64.47646896977244,
        "3,43": 76.46104899662377,
        "3,44": 41.05054275758893,
        "3,45": 89.02582648197418,
        "3,46": 76.470528216028,
        "3,47": 45.89894029265322,
        "3,48": 92.26568953191685,
        "3,49": 96.23159155834334,
        "3,50": 70.64797608037051,
        "3,51": 43.01705155143994,
        "3,52": 33.61220783704672,
        "3,53": 59.231024855182824,
        "3,54": 49.512864941706525,
        "3,55": 34.10458868063348,
        "3,56": 105.59702871710293,
        "3,57": 92.24796961544139,
        "3,58": 32.79968149783555,
        "3,59": 17.544662325129973,
        "3,60": 69.10265420429116,
        "4,0": 48.4609081318483,
        "4,1": 28.10601071556145,
        "4,2": 92.23263499981651,
        "4,3": 40.35959753821524,
        "4,4": 0.0,
        "4,5": 29.63041499364746,
        "4,6": 71.2685313979684,
        "4,7": 101.94433956610067,
        "4,8": 29.252819740663906,
        "4,9": 36.26060740991748,
        "4,10": 82.58741086276699,
        "4,11": 32.47842943893873,
        "4,12": 94.17205633149165,
        "4,13": 36.47035360671204,
        "4,14": 1.8248741350004634,
        "4,15": 24.238288447864836,
        "4,16": 57.86448845592483,
        "4,17": 51.94458275571513,
        "4,18": 46.98242261950165,
        "4,19": 58.16469210202118,
        "4,20": 89.58367546114677,
        "4,21": 93.76466645412796,
        "4,22": 90.14439564968072,
        "4,23": 29.460359822348124,
        "4,24": 68.9915410193683,
        "4,25": 92.11391479554104,
        "4,26": 92.37504984125079,
        "4,27": 86.27285017467379,
        "4,28": 91.46889357997956,
        "4,29": 36.46800210300583,
        "4,30": 65.70018718312168,
        "4,31": 76.5057638719428,
        "4,32": 10.084805050975447,
        "4,33": 68.0486821141896,
        "4,34": 64.3012434099605,
        "4,35": 97.09555627788956,
        "4,36": 47.42664505080282,
        "4,37": 73.47270884293253,
        "4,38": 31.358097779662735,
        "4,39": 20.472911503608575,
        "4,40": 71.62043639494239,
        "4,41": 53.17481714757801,
        "4,42": 24.118170685196045,
        "4,43": 49.68208521576945,
        "4,44": 47.50048367584622,
        "4,45": 89.7858982958204,
        "4,46": 88.30580772224779,
        "4,47": 44.803607740663246,
        "4,48": 87.2924194218479,
        "4,49": 102.6958288514747,
        "4,50": 83.23010355818185,
        "4,51": 5.48673209078894,
        "4,52": 22.332733661171016,
        "4,53": 19.17468204591705,
        "4,54": 34.61440821737908,
        "4,55": 30.444839275087322,
        "4,56": 93.94020227414384,
        "4,57": 67.59257875160071,
        "4,58": 54.75568122226891,
        "4,59": 26.210190601587925,
        "4,60": 52.57443790948111,
        "5,0": 56.22612647187415,
        "5,1": 56.72288395614162,
        "5,2": 85.34569610586716,
        "5,3": 69.05573593221713,
        "5,4": 29.63041499364746,
        "5,5": 0.0,
        "5,6": 72.5663857129039,
        "5,7": 107.76106843230741,
        "5,8": 9.619428036456862,
        "5,9": 59.36064114235464,
        "5,10": 72.86193846552189,
        "5,11": 3.4761599878946674,
        "5,12": 96.8214609056309,
        "5,13": 52.54273427904622,
        "5,14": 27.99799773383543,
        "5,15": 8.38520626877754,
        "5,16": 73.57296822712654,
        "5,17": 31.17990786717925,
        "5,18": 71.97488198532761,
        "5,19": 51.16974385772084,
        "5,20": 79.0838809940589,
        "5,21": 103.7751729463266,
        "5,22": 85.96679019772627,
        "5,23": 47.48314656733294,
        "5,24": 76.19090977813748,
        "5,25": 94.66301152874777,
        "5,26": 102.18059876709282,
        "5,27": 88.55170017285606,
        "5,28": 79.97240523018324,
        "5,29": 32.58682115663575,
        "5,30": 79.04631734833771,
        "5,31": 86.85690708201656,
        "5,32": 22.78532649683753,
        "5,33": 51.34935566590836,
        "5,34": 68.86786728525166,
        "5,35": 103.32279219133531,
        "5,36": 42.62842780256905,
        "5,37": 91.59160535218126,
        "5,38": 54.12646891108096,
        "5,39": 28.920003239012992,
        "5,40": 63.047281743135215,
        "5,41": 51.2776658600388,
        "5,42": 10.101274618820717,
        "5,43": 35.64584977817035,
        "5,44": 62.54807665761075,
        "5,45": 92.12551297432181,
        "5,46": 98.43567531954211,
        "5,47": 56.25950369932852,
        "5,48": 85.65270914263996,
        "5,49": 107.68488167646615,
        "5,50": 94.45265668854474,
        "5,51": 26.0733906239095,
        "5,52": 41.36676678900733,
        "5,53": 16.591293072345778,
        "5,54": 40.93966809717804,
        "5,55": 47.83840722017668,
        "5,56": 86.12017428408268,
        "5,57": 51.59505733292724,
        "5,58": 75.58934416019602,
        "5,59": 52.91609099128629,
        "5,60": 48.66163412292627,
        "6,0": 24.279306137048344,
        "6,1": 70.92290026612865,
        "6,2": 28.03641925932759,
        "6,3": 75.8528490528037,
        "6,4": 71.2685313979684,
        "6,5": 72.5663857129039,
        "6,6": 0.0,
        "6,7": 35.97937576790639,
        "6,8": 62.95944308677882,
        "6,9": 53.98970002220753,
        "6,10": 28.715651328306002,
        "6,11": 71.30649629399416,
        "6,12": 24.261311069678204,
        "6,13": 40.85493145181077,
        "6,14": 71.80300946530335,
        "6,15": 65.62503145441671,
        "6,16": 35.508883218897246,
        "6,17": 53.45114654159097,
        "6,18": 61.32114664349284,
        "6,19": 25.007917851068527,
        "6,20": 33.83741015810063,
        "6,21": 37.146782766669325,
        "6,22": 22.055391716495603,
        "6,23": 46.74035061946842,
        "6,24": 14.552538442714216,
        "6,25": 22.102968188595213,
        "6,26": 35.50141505073858,
        "6,27": 15.989352034689105,
        "6,28": 37.1756458491874,
        "6,29": 40.129068472959474,
        "6,30": 30.28265971519733,
        "6,31": 25.864311081716714,
        "6,32": 63.997876339627645,
        "6,33": 43.14815275184401,
        "6,34": 9.413697471729089,
        "6,35": 32.057006192683865,
        "6,36": 30.210023456171466,
        "6,37": 47.705126434926434,
        "6,38": 53.62208463499571,
        "6,39": 51.51527453962112,
        "6,40": 23.82158190452954,
        "6,41": 21.341337563608093,
        "6,42": 78.65573665405427,
        "6,43": 42.13987856170598,
        "6,44": 34.96713083395541,
        "6,45": 19.57318105616682,
        "6,46": 33.08017916749114,
        "6,47": 30.52467721790914,
        "6,48": 16.754431159346044,
        "6,49": 35.47397055577176,
        "6,50": 32.3423953263444,
        "6,51": 66.85784782081487,
        "6,52": 51.68448731082372,
        "6,53": 80.42277429285616,
        "6,54": 36.68828507801276,
        "6,55": 45.5214973322125,
        "6,56": 30.979307017483695,
        "6,57": 41.4683709083652,
        "6,58": 49.547945046466715,
        "6,59": 63.38664437590374,
        "6,60": 24.399544444728,
        "7,0": 53.77267441957106,
        "7,1": 93.71802187261055,
        "7,2": 44.4503860267381,
        "7,3": 94.39508049455671,
        "7,4": 101.94433956610067,
        "7,5": 107.76106843230741,
        "7,6": 35.97937576790639,
        "7,7": 0.0,
        "7,8": 98.23347625772449,
        "7,9": 75.1881879715028,
        "7,10": 54.83907654935638,
        "7,11": 106.75609515974294,
        "7,12": 14.359730433156715,
        "7,13": 66.61840488181662,
        "7,14": 102.84130017401314,
        "7,15": 100.38914848463155,
        "7,16": 49.58593579745017,
        "7,17": 89.21233993102987,
        "7,18": 76.76763913680772,
        "7,19": 60.717591938540906,
        "7,20": 55.94685696880772,
        "7,21": 16.15210947261821,
        "7,22": 36.606778436889186,
        "7,23": 73.65326596291098,
        "7,24": 32.97906641281261,
        "7,25": 15.994830182666291,
        "7,26": 16.030292655427893,
        "7,27": 21.084743129935113,
        "7,28": 58.935158891194,
        "7,29": 75.17841231545393,
        "7,30": 40.36297302286985,
        "7,31": 27.68192154696263,
        "7,32": 96.30928742791355,
        "7,33": 76.53605780816633,
        "7,34": 39.03067717719255,
        "7,35": 4.909706660122695,
        "7,36": 65.99748165150987,
        "7,37": 47.98146773868604,
        "7,38": 77.10453327962786,
        "7,39": 83.94150562334991,
        "7,40": 55.847930730742746,
        "7,41": 57.0619656749048,
        "7,42": 113.02033428321994,
        "7,43": 78.05441093169169,
        "7,44": 56.61131881847642,
        "7,45": 18.204202725351884,
        "7,46": 18.92075339619614,
        "7,47": 57.23646424056453,
        "7,48": 30.381842050368203,
        "7,49": 3.002063810077489,
        "7,50": 24.486606475265127,
        "7,51": 98.34494820953465,
        "7,52": 80.17345200993522,
        "7,53": 113.93086304622288,
        "7,54": 68.97692691540205,
        "7,55": 72.4900590748891,
        "7,56": 47.18561255122288,
        "7,57": 74.92031955237606,
        "7,58": 62.02019918520664,
        "7,59": 87.2023432761794,
        "7,60": 60.31875097895501,
        "8,0": 47.226969990631154,
        "8,1": 53.849416789238425,
        "8,2": 76.12085402834417,
        "8,3": 65.96496310844795,
        "8,4": 29.252819740663906,
        "8,5": 9.619428036456862,
        "8,6": 62.95944308677882,
        "8,7": 98.23347625772449,
        "8,8": 0.0,
        "8,9": 53.64677133135712,
        "8,10": 63.91104935224859,
        "8,11": 8.722681962790173,
        "8,12": 87.21096335346897,
        "8,13": 45.14368657653036,
        "8,14": 27.981443709357347,
        "8,15": 5.531934870780541,
        "8,16": 65.49895777962713,
        "8,17": 24.456439043942925,
        "8,18": 66.61901172839238,
        "8,19": 41.71164097848471,
        "8,20": 70.30033530081859,
        "8,21": 94.56816987663483,
        "8,22": 76.51221897523106,
        "8,23": 40.84214482541818,
        "8,24": 66.8792691363322,
        "8,25": 85.05261275466239,
        "8,26": 92.96026976033123,
        "8,27": 78.94223640559449,
        "8,28": 71.36605037889814,
        "8,29": 23.063136320140973,
        "8,30": 70.46494413676507,
        "8,31": 77.78415326880273,
        "8,32": 20.14690188070398,
        "8,33": 43.6115141268033,
        "8,34": 59.40938401478574,
        "8,35": 93.82540469331248,
        "8,36": 33.01297175078801,
        "8,37": 83.77378696022856,
        "8,38": 48.5190526356642,
        "8,39": 22.075734536385152,
        "8,40": 53.858219751178034,
        "8,41": 41.661344060420056,
        "8,42": 17.62487361234041,
        "8,43": 26.83379430605374,
        "8,44": 54.5793292710734,
        "8,45": 82.51399836847312,
        "8,46": 89.26643651361658,
        "8,47": 47.801574339677046,
        "8,48": 76.07271025858167,
        "8,49": 98.12265863465143,
        "8,50": 85.4303276036058,
        "8,51": 24.471730298983644,
        "8,52": 35.495323261246874,
        "8,53": 22.46069875575033,
        "8,54": 32.25198906580657,
        "8,55": 41.011417795461405,
        "8,56": 77.00465628720087,
        "8,57": 43.660102643064114,
        "8,58": 68.7091900618353,
        "8,59": 48.96603415683475,
        "8,60": 39.049478773400246,
        "9,0": 30.888056457172514,
        "9,1": 18.53390268744542,
        "9,2": 81.03122119208426,
        "9,3": 21.962506355893566,
        "9,4": 36.26060740991748,
        "9,5": 59.36064114235464,
        "9,6": 53.98970002220753,
        "9,7": 75.1881879715028,
        "9,8": 53.64677133135712,
        "9,9": 0.0,
        "9,10": 76.4409900016987,
        "9,11": 60.88295880203293,
        "9,12": 71.5202886754057,
        "9,13": 14.78297621229347,
        "9,14": 37.90950517346732,
        "9,15": 51.29777496812064,
        "9,16": 25.934660740174753,
        "9,17": 66.40422699207612,
        "9,18": 13.130519385598813,
        "9,19": 55.060390992659705,
        "9,20": 83.23161733771808,
        "9,21": 63.56211374524452,
        "9,22": 75.96795648107936,
        "9,23": 13.875835075200126,
        "9,24": 44.97772849424853,
        "9,25": 69.81339277772327,
        "9,26": 62.46438881597977,
        "9,27": 65.0449400742814,
        "9,28": 86.08180069724183,
        "9,29": 41.867795317937784,
        "9,30": 35.09194745165917,
        "9,31": 47.60592465071148,
        "9,32": 37.41076028470743,
        "9,33": 73.49921649730032,
        "9,34": 44.74434477644514,
        "9,35": 70.32049416208976,
        "9,36": 46.562167831370516,
        "9,37": 38.129760710848494,
        "9,38": 5.246434586889896,
        "9,39": 31.699176080491828,
        "9,40": 66.36977814952482,
        "9,41": 45.96112716780129,
        "9,42": 57.921058027934244,
        "9,43": 57.88067940147197,
        "9,44": 19.55125070811827,
        "9,45": 68.01144414559194,
        "9,46": 58.41034019461997,
        "9,47": 23.944341297853594,
        "9,48": 70.51178538812526,
        "9,49": 76.72215319569092,
        "9,50": 52.72739709557024,
        "9,51": 35.99221232500342,
        "9,52": 18.159676903668096,
        "9,53": 54.6448799379018,
        "9,54": 29.718911753803027,
        "9,55": 14.322568514488848,
        "9,56": 83.63832874052538,
        "9,57": 72.3035872414678,
        "9,58": 18.726638325816253,
        "9,59": 12.680332161044532,
        "9,60": 48.09241092383975,
        "10,0": 45.79304817818422,
        "10,1": 90.74165710314797,
        "10,2": 13.9533234165225,
        "10,3": 98.16656357499413,
        "10,4": 82.58741086276699,
        "10,5": 72.86193846552189,
        "10,6": 28.715651328306002,
        "10,7": 54.83907654935638,
        "10,8": 63.91104935224859,
        "10,9": 76.4409900016987,
        "10,10": 0.0,
        "10,11": 70.43310173427976,
        "10,12": 40.47944852727872,
        "10,13": 61.81216654403458,
        "10,14": 82.49684780144511,
        "10,15": 68.39772694581036,
        "10,16": 62.91745505681389,
        "10,17": 44.51803102109279,
        "10,18": 86.13403898787338,
        "10,19": 24.440255598812797,
        "10,20": 7.0755893464023405,
        "10,21": 62.13238180756297,
        "10,22": 19.069111296857397,
        "10,23": 65.7174294671656,
        "10,24": 43.26292485071814,
        "10,25": 38.94863773040551,
        "10,26": 60.64333951355189,
        "10,27": 35.07170334330026,
        "10,28": 9.644900896041745,
        "10,29": 46.19705478579135,
        "10,30": 58.77589241703985,
        "10,31": 54.14020323754668,
        "10,32": 73.2739939192482,
        "10,33": 25.62579940480087,
        "10,34": 36.64222721167785,
        "10,35": 52.773483352710926,
        "10,36": 35.19617612704278,
        "10,37": 76.38178030868706,
        "10,38": 74.56316341637601,
        "10,39": 62.31188538548667,
        "10,40": 10.998110455452538,
        "10,41": 31.297906066731706,
        "10,42": 81.49608488612732,
        "10,43": 37.21682929146711,
        "10,44": 59.62863433459818,
        "10,45": 37.029592864807654,
        "10,46": 59.249288823096165,
        "10,47": 52.78821306506795,
        "10,48": 24.4607493088002,
        "10,49": 52.948025094357845,
        "10,50": 59.84049929154207,
        "10,51": 77.31024365679319,
        "10,52": 68.26446267990639,
        "10,53": 85.47456004710192,
        "10,54": 50.800328541340285,
        "10,55": 64.63730260409395,
        "10,56": 13.694098681108487,
        "10,57": 24.412638160439382,
        "10,58": 76.25389127578771,
        "10,59": 83.05432359271875,
        "10,60": 30.57819729943482,
        "11,0": 55.947016201639876,
        "11,1": 59.1339235829585,
        "11,2": 83.11691310828206,
        "11,3": 71.43626253860872,
        "11,4": 32.47842943893873,
        "11,5": 3.4761599878946674,
        "11,6": 71.30649629399416,
        "11,7": 106.75609515974294,
        "11,8": 8.722681962790173,
        "11,9": 60.88295880203293,
        "11,10": 70.43310173427976,
        "11,11": 0.0,
        "11,12": 95.52188894089993,
        "11,13": 53.3144463885172,
        "11,14": 30.902103666093613,
        "11,15": 9.602316619565212,
        "11,16": 73.9918665306469,
        "11,17": 28.091314383400753,
        "11,18": 73.65346559339642,
        "11,19": 49.27225434931841,
        "11,20": 76.5421113409192,
        "11,21": 103.27626154936681,
        "11,22": 84.00757807636595,
        "11,23": 48.59768251364662,
        "11,24": 75.56520183192872,
        "11,25": 93.36524505860862,
        "11,26": 101.66597210409034,
        "11,27": 87.26397674763112,
        "11,28": 77.33364038051185,
        "11,29": 31.658522041545325,
        "11,30": 79.12202048889876,
        "11,31": 86.50644349876583,
        "11,32": 25.020487268896172,
        "11,33": 48.423513052740454,
        "11,34": 68.02059760701154,
        "11,35": 102.38676624147824,
        "11,36": 41.183615763245214,
        "11,37": 92.17503567095966,
        "11,38": 55.67595151796977,
        "11,39": 29.849801150747176,
        "11,40": 60.81793758971083,
        "11,41": 49.968134799863336,
        "11,42": 13.52614562339366,
        "11,43": 33.252484853117274,
        "11,44": 63.02182489683737,
        "11,45": 90.82057535743924,
        "11,46": 97.98082516224989,
        "11,47": 56.41306237146729,
        "11,48": 83.96091502700654,
        "11,49": 106.5871946375677,
        "11,50": 94.15292954255335,
        "11,51": 28.617942560659,
        "11,52": 42.771014694731264,
        "11,53": 20.06744875914159,
        "11,54": 40.9118857468125,
        "11,55": 48.871769120163805,
        "11,56": 83.79575146252893,
        "11,57": 48.73306478242018,
        "11,58": 76.64763469580242,
        "11,59": 55.01490930994035,
        "11,60": 47.171344688187546,
        "12,0": 45.80787650141137,
        "12,1": 89.72092327685303,
        "12,2": 30.478733462526247,
        "12,3": 92.25372501104795,
        "12,4": 94.17205633149165,
        "12,5": 96.8214609056309,
        "12,6": 24.261311069678204,
        "12,7": 14.359730433156715,
        "12,8": 87.21096335346897,
        "12,9": 71.5202886754057,
        "12,10": 40.47944852727872,
        "12,11": 95.52188894089993,
        "12,12": 0.0,
        "12,13": 60.74307424065749,
        "12,14": 94.86869316087075,
        "12,15": 89.87072752377054,
        "12,16": 47.600330442343115,
        "12,17": 76.21811875349859,
        "12,18": 75.52808959443378,
        "12,19": 47.89723952271036,
        "12,20": 41.74855650915747,
        "12,21": 24.914787237336196,
        "12,22": 22.439579363884732,
        "12,23": 67.43897261442703,
        "12,24": 26.631437973767767,
        "12,25": 2.158513560107553,
        "12,26": 23.873590752106946,
        "12,27": 8.272002693416622,
        "12,28": 44.808302029946226,
        "12,29": 64.38283250334024,
        "12,30": 39.01625576705238,
        "12,31": 27.375458303484514,
        "12,32": 87.54730722481033,
        "12,33": 62.554763558814,
        "12,34": 29.872577926757913,
        "12,35": 12.860136200937653,
        "12,36": 54.3595329828076,
        "12,37": 51.394056408567714,
        "12,38": 72.50055384294397,
        "12,39": 75.03840769012945,
        "12,40": 41.85284805830883,
        "12,41": 45.56143300028238,
        "12,42": 102.85692710767381,
        "12,43": 65.386800240023,
        "12,44": 52.063849351943176,
        "12,45": 4.701917786262783,
        "12,46": 24.50403811296859,
        "12,47": 50.617787901280664,
        "12,48": 16.02276240189622,
        "12,49": 12.637028886722314,
        "12,50": 28.225826192441136,
        "12,51": 90.08761901238681,
        "12,52": 73.33044953195865,
        "12,53": 104.42943281782918,
        "12,54": 60.01483416649547,
        "12,55": 66.22519377157126,
        "12,56": 33.35097514578131,
        "12,57": 60.96357193846628,
        "12,58": 61.44010776071679,
        "12,59": 82.6472338515678,
        "12,60": 48.43942252085789,
        "13,0": 16.81239088851736,
        "13,1": 30.092829626941654,
        "13,2": 67.03778895008607,
        "13,3": 36.35756848530892,
        "13,4": 36.47035360671204,
        "13,5": 52.54273427904622,
        "13,6": 40.85493145181077,
        "13,7": 66.61840488181662,
        "13,8": 45.14368657653036,
        "13,9": 14.78297621229347,
        "13,10": 61.81216654403458,
        "13,11": 53.3144463885172,
        "13,12": 60.74307424065749,
        "13,13": 0.0,
        "13,14": 37.68266071743369,
        "13,15": 44.16008905803977,
        "13,16": 21.83241697458527,
        "13,17": 53.801241508812346,
        "13,18": 26.382209651642857,
        "13,19": 40.305664772502055,
        "13,20": 68.66323525390723,
        "13,21": 57.39950840290323,
        "13,22": 62.48520601098099,
        "13,23": 7.1147546096586645,
        "13,24": 34.29840721033312,
        "13,25": 58.85338922909294,
        "13,26": 56.04940428827804,
        "13,27": 53.547143902919814,
        "13,28": 71.45706741888809,
        "13,29": 28.990786302758742,
        "13,30": 29.23966859199525,
        "13,31": 40.24835721037387,
        "13,32": 33.51794963286564,
        "13,33": 59.12675968907301,
        "13,34": 32.04407031651746,
        "13,35": 61.71378669310707,
        "13,36": 32.139620458145046,
        "13,37": 39.156207862125214,
        "13,38": 12.957274131044652,
        "13,39": 23.637686464938344,
        "13,40": 51.63050632024888,
        "13,41": 31.17921148159031,
        "13,42": 53.57999008218399,
        "13,43": 44.351986919428604,
        "13,44": 11.066145193742933,
        "13,45": 56.794484019543816,
        "13,46": 51.961132943780314,
        "13,47": 10.374376434988054,
        "13,48": 57.596677463463195,
        "13,49": 67.70332479594923,
        "13,50": 46.789612542699864,
        "13,51": 34.00706051282401,
        "13,52": 14.13789357281958,
        "13,53": 52.026367590539884,
        "13,54": 16.130399862636388,
        "13,55": 6.040589766459142,
        "13,56": 69.53020801372318,
        "13,57": 57.87236927634761,
        "13,58": 23.823712950545374,
        "13,59": 22.531783511094808,
        "13,60": 33.34712897852216,
        "14,0": 49.244345083247126,
        "14,1": 29.926193499590322,
        "14,2": 92.35076025929857,
        "14,3": 42.17225853459583,
        "14,4": 1.8248741350004634,
        "14,5": 27.99799773383543,
        "14,6": 71.80300946530335,
        "14,7": 102.84130017401314,
        "14,8": 27.981443709357347,
        "14,9": 37.90950517346732,
        "14,10": 82.49684780144511,
        "14,11": 30.902103666093613,
        "14,12": 94.86869316087075,
        "14,13": 37.68266071743369,
        "14,14": 0.0,
        "14,15": 22.859947432922258,
        "14,16": 59.190736609576696,
        "14,17": 51.00046038901622,
        "14,18": 48.743833275456446,
        "14,19": 58.106953238893034,
        "14,20": 89.46914917394251,
        "14,21": 94.87821393451267,
        "14,22": 90.42174179418036,
