{
    "num_robots": 3,
    "num_tasks": 60,
    "num_nodes": 61,
    "robot_capacity": [
        259,
        254,
        271
    ],
    "robot_speed": [
        1.01,
        1.08,
        0.87
    ],
    "task_demand": {
        "0": 0,
        "1": 12,
        "2": 5,
        "3": 6,
        "4": 14,
        "5": 5,
        "6": 7,
        "7": 6,
        "8": 10,
        "9": 10,
        "10": 10,
        "11": 15,
        "12": 15,
        "13": 9,
        "14": 14,
        "15": 10,
        "16": 13,
        "17": 13,
        "18": 5,
        "19": 11,
        "20": 13,
        "21": 6,
        "22": 12,
        "23": 6,
        "24": 9,
        "25": 11,
        "26": 14,
        "27": 12,
        "28": 12,
        "29": 8,
        "30": 14,
        "31": 15,
        "32": 13,
        "33": 5,
        "34": 11,
        "35": 6,
        "36": 9,
        "37": 5,
        "38": 12,
        "39": 14,
        "40": 13,
        "41": 12,
        "42": 9,
        "43": 13,
        "44": 5,
        "45": 11,
        "46": 12,
        "47": 8,
        "48": 5,
        "49": 12,
        "50": 11,
        "51": 6,
        "52": 9,
        "53": 7,
        "54": 11,
        "55": 5,
        "56": 9,
        "57": 15,
        "58": 8,
        "59": 5,
        "60": 5
    },
    "task_service_time": {
        "0": 0,
        "1": 35,
        "2": 67,
        "3": 39,
        "4": 85,
        "5": 39,
        "6": 99,
        "7": 45,
        "8": 29,
        "9": 65,
        "10": 12,
        "11": 86,
        "12": 45,
        "13": 20,
        "14": 20,
        "15": 65,
        "16": 11,
        "17": 39,
        "18": 25,
        "19": 81,
        "20": 70,
        "21": 57,
        "22": 82,
        "23": 43,
        "24": 13,
        "25": 76,
        "26": 84,
        "27": 80,
        "28": 25,
        "29": 31,
        "30": 57,
        "31": 61,
        "32": 40,
        "33": 18,
        "34": 38,
        "35": 63,
        "36": 93,
        "37": 15,
        "38": 44,
        "39": 39,
        "40": 26,
        "41": 97,
        "42": 83,
        "43": 35,
        "44": 31,
        "45": 37,
        "46": 19,
        "47": 71,
        "48": 24,
        "49": 64,
        "50": 88,
        "51": 66,
        "52": 67,
        "53": 77,
        "54": 24,
        "55": 98,
        "56": 78,
        "57": 88,
        "58": 13,
        "59": 96,
        "60": 90
    },
    "task_precedence": [],
    "coordinates": {
        "0": [
            50.0,
            50.0
        ],
        "1": [
            19.387240724433564,
            8.469004768398325
        ],
        "2": [
            13.804970608048217,
            35.04779479359126
        ],
        "3": [
            33.71180633627343,
            18.729182658048526
        ],
        "4": [
            2.170124629838033,
            2.123156675236648
        ],
        "5": [
            54.60643034264445,
            31.353228020426926
        ],
        "6": [
            48.729708725663876,
            93.37585677486001
        ],
        "7": [
            73.05399917612999,
            68.87390054221633
        ],
        "8": [
            96.96543511465171,
            16.364647101382335
        ],
        "9": [
            76.61648591168156,
            99.96436761765797
        ],
        "10": [
            54.2430260607659,
            62.70067466289344
        ],
        "11": [
            68.07423833355297,
            14.414090214519426
        ],
        "12": [
            20.20200413115205,
            54.16951614998049
        ],
        "13": [
            47.66617212416519,
            27.552857481196746
        ],
        "14": [
            77.26931234399957,
            34.537037887997535
        ],
        "15": [
            15.568290117020577,
            1.6051359958225597
        ],
        "16": [
            82.21328764930087,
            59.79561957873138
        ],
        "17": [
            56.4025664896444,
            19.48489557048514
        ],
        "18": [
            90.10883139890626,
            80.66994524847554
        ],
        "19": [
            4.05843324773052,
            1.0954314032205814
        ],
        "20": [
            85.90843328279485,
            65.1626165245027
        ],
        "21": [
            64.5832835308308,
            19.947773446953665
        ],
        "22": [
            21.624641767477982,
            94.24355621198018
        ],
        "23": [
            72.55214041033592,
            28.615823748044345
        ],
        "24": [
            50.35498780299097,
            92.29690578580593
        ],
        "25": [
            82.68310682241929,
            0.0007895781243938416
        ],
        "26": [
            13.91684320811476,
            56.152562400604545
        ],
        "27": [
            13.972472916980362,
            0.2737118375877645
        ],
        "28": [
            20.403286963372878,
            20.314690926161916
        ],
        "29": [
            94.12413968344275,
            11.192961268244373
        ],
        "30": [
            25.300604920145908,
            46.41548138618131
        ],
        "31": [
            82.92353661148465,
            64.05705209658372
        ],
        "32": [
            88.76048205759648,
            64.23121930664803
        ],
        "33": [
            19.529846682872087,
            4.273522337029146
        ],
        "34": [
            98.33722276255017,
            80.10003968760783
        ],
        "35": [
            90.41144654184,
            43.79159775178064
        ],
        "36": [
            0.3782495813836828,
            64.38145043021674
        ],
        "37": [
            96.09728050105892,
            0.8715517533344985
        ],
        "38": [
            99.840063223782,
            68.68529871234492
        ],
        "39": [
            59.625426910769306,
            3.8998121787108264
        ],
        "40": [
            28.6558305058363,
            90.71577148953129
        ],
        "41": [
            48.87010757319157,
            57.940787404747965
        ],
        "42": [
            19.643238279044883,
            85.34475325518306
        ],
        "43": [
            69.9439174131234,
            20.837972019592332
        ],
        "44": [
            53.89968244389187,
            59.48465674013153
        ],
        "45": [
            69.46634402146928,
            44.972887200852504
        ],
        "46": [
            73.4472232734694,
            71.51021377399285
        ],
        "47": [
            86.52290706085304,
            66.96295438076548
        ],
        "48": [
            25.459549941913306,
            26.947064355339855
        ],
        "49": [
            97.92707524183245,
            71.92955715259029
        ],
        "50": [
            94.79361309967618,
            59.6740970628633
        ],
        "51": [
            63.30516317923557,
            33.59745820965261
        ],
        "52": [
            4.058951381533071,
            3.089272524881481
        ],
        "53": [
            73.09788956783493,
            28.465646203566696
        ],
        "54": [
            87.41537957513115,
            70.65969652378763
        ],
        "55": [
            80.66951527381966,
            6.6822694192386844
        ],
        "56": [
            39.173874495562345,
            37.221791072868115
        ],
        "57": [
            75.53643379655739,
            24.60060187673856
        ],
        "58": [
            42.50645081113406,
            57.031310456169535
        ],
        "59": [
            9.038740250380851,
            4.581972819597901
        ],
        "60": [
            67.1963757765521,
            79.43579162577247
        ]
    },
    "distance_matrix_str_keys": {
        "0,0": 0.0,
        "0,1": 51.59423025291782,
        "0,2": 39.16182571355439,
        "0,3": 35.258605617079574,
        "0,4": 67.67487794351138,
        "0,5": 19.20732427382396,
        "0,6": 43.394453457496425,
        "0,7": 29.79447934920958,
        "0,8": 57.767543310436075,
        "0,9": 56.61161854000653,
        "0,10": 13.390683591400478,
        "0,11": 39.91284337902322,
        "0,12": 30.088293782214162,
        "0,13": 22.56814037118452,
        "0,14": 31.348342747134677,
        "0,15": 59.39364871304416,
        "0,16": 33.66972028555963,
        "0,17": 31.17955188899473,
        "0,18": 50.491225947984034,
        "0,19": 67.09906396731877,
        "0,20": 38.978462266924424,
        "0,21": 33.40371954343145,
        "0,22": 52.560947680826736,
        "0,23": 31.078642683717877,
        "0,24": 42.29839542339184,
        "0,25": 59.73362967689695,
        "0,26": 36.603937331400665,
        "0,27": 61.4059153675684,
        "0,28": 41.91876664910058,
        "0,29": 58.76160275155834,
        "0,30": 24.958142779532558,
        "0,31": 35.79888233805406,
        "0,32": 41.29046587641232,
        "0,33": 54.94853048655126,
        "0,34": 56.942949463405604,
        "0,35": 40.88556310092459,
        "0,36": 51.66376129439503,
        "0,37": 67.36886296144975,
        "0,38": 53.22755198316136,
        "0,39": 47.094332571687445,
        "0,40": 45.9711607356538,
        "0,41": 8.020770630280047,
        "0,42": 46.59167913750931,
        "0,43": 35.329643611442876,
        "0,44": 10.255059075467136,
        "0,45": 20.104984771383076,
        "0,46": 31.81920137022293,
        "0,47": 40.269896467456185,
        "0,48": 33.6700390687372,
        "0,49": 52.705882196819296,
        "0,50": 45.82636717551569,
        "0,51": 21.12038693798432,
        "0,52": 65.65970073347259,
        "0,53": 31.579121202431505,
        "0,54": 42.74030520721798,
        "0,55": 53.07584148931113,
        "0,56": 16.747764532117966,
        "0,57": 36.01720250199751,
        "0,58": 10.275826301421821,
        "0,59": 61.16062453274585,
        "0,60": 34.09077834964002,
        "1,0": 51.59423025291782,
        "1,1": 0.0,
        "1,2": 27.158678518211897,
        "1,3": 17.62000085968137,
        "1,4": 18.349356245826833,
        "1,5": 42.000940361046446,
        "1,6": 89.83403556587231,
        "1,7": 80.80143808224298,
        "1,8": 77.97895493462889,
        "1,9": 107.91935844703595,
        "1,10": 64.46704422383554,
        "1,11": 49.04862665918465,
        "1,12": 45.70777373649966,
        "1,13": 34.115852553827686,
        "1,14": 63.48130879004536,
        "1,15": 7.854748771857746,
        "1,16": 81.1266513551122,
        "1,17": 38.619738368717385,
        "1,18": 101.0669045421661,
        "1,19": 17.010053581029243,
        "1,20": 87.40271548034693,
        "1,21": 46.63093839644956,
        "1,22": 85.80372741772403,
        "1,23": 56.85420717599258,
        "1,24": 89.36508461421491,
        "1,25": 63.859825662171396,
        "1,26": 47.996321915855994,
        "1,27": 9.822552449868878,
        "1,28": 11.88918123791099,
        "1,29": 74.78652288361988,
        "1,30": 38.404465415041045,
        "1,31": 84.42092099004537,
        "1,32": 89.0060176801493,
        "1,33": 4.1979053456824875,
        "1,34": 106.60255544505463,
        "1,35": 79.32290581580455,
        "1,36": 59.05542586555741,
        "1,37": 77.0853520122179,
        "1,38": 100.49208279489207,
        "1,39": 40.49677948291537,
        "1,40": 82.76736912948478,
        "1,41": 57.59076935447051,
        "1,42": 76.87617472371628,
        "1,43": 52.04775603871721,
        "1,44": 61.59306275498899,
        "1,45": 61.97136451360104,
        "1,46": 83.04622656141044,
        "1,47": 89.04347160622835,
        "1,48": 19.4502345829363,
        "1,49": 100.97399326028052,
        "1,50": 91.14868332388805,
        "1,51": 50.5986470678346,
        "1,52": 16.24493684788007,
        "1,53": 57.312297701853346,
        "1,54": 92.17108991708646,
        "1,55": 61.30831588907227,
        "1,56": 34.90320323785883,
        "1,57": 58.42054696694006,
        "1,58": 53.784713522947484,
        "1,59": 11.054432569447627,
        "1,60": 85.56867552610406,
        "2,0": 39.16182571355439,
        "2,1": 27.158678518211897,
        "2,2": 0.0,
        "2,3": 25.74061403193068,
        "2,4": 34.91992892549014,
        "2,5": 40.96838952308533,
        "2,6": 67.98455815164769,
        "2,7": 68.22501605993608,
        "2,8": 85.233343619988,
        "2,9": 90.32966224868177,
        "2,10": 48.98895889752229,
        "2,11": 58.05947970933706,
        "2,12": 20.16338923710759,
        "2,13": 34.680759124214774,
        "2,14": 63.46639697189552,
        "2,15": 33.48911350207256,
        "2,16": 72.74718325827146,
        "2,17": 45.351505014942305,
        "2,18": 88.90252968121177,
        "2,19": 35.32361774093717,
        "2,20": 78.1396942505738,
        "2,21": 52.97591630121125,
        "2,22": 59.71001111157525,
        "2,23": 59.0982251113312,
        "2,24": 67.92175252707726,
        "2,25": 77.28188806530555,
        "2,26": 21.10506411325687,
        "2,27": 34.7744863722602,
        "2,28": 16.14317590480282,
        "2,29": 83.78676508544667,
        "2,30": 16.16706240183508,
        "2,31": 74.9594101873982,
        "2,32": 80.43631619469308,
        "2,33": 31.30223716130859,
        "2,34": 95.78834179743765,
        "2,35": 77.10386660321426,
        "2,36": 32.260505119046194,
        "2,37": 89.10690128084359,
        "2,38": 92.37704710198338,
        "2,39": 55.404973032810574,
        "2,40": 57.614856323030544,
        "2,41": 41.876639562872505,
        "2,42": 50.63466598966854,
        "2,43": 57.909415569935774,
        "2,44": 46.95472435222689,
        "2,45": 56.53933099675811,
        "2,46": 69.90498051575646,
        "2,47": 79.41332188889317,
        "2,48": 14.193345380232525,
        "2,49": 91.85201621479531,
        "2,50": 84.64995555872595,
        "2,51": 49.52143516489948,
        "2,52": 33.41155543166498,
        "2,53": 59.65714474254527,
        "2,54": 81.77224378199712,
        "2,55": 72.63243327277411,
        "2,56": 25.46188414623394,
        "2,57": 62.6092436245336,
        "2,58": 36.15314546114837,
        "2,59": 30.836395061248755,
        "2,60": 69.43296341537693,
        "3,0": 35.258605617079574,
        "3,1": 17.62000085968137,
        "3,2": 25.74061403193068,
        "3,3": 0.0,
        "3,4": 35.64600656191244,
        "3,5": 24.412124726844315,
        "3,6": 76.14238864705199,
        "3,7": 63.736181789712184,
        "3,8": 63.297808666901126,
        "3,9": 91.86929195814236,
        "3,10": 48.52858016166895,
        "3,11": 34.632307973391875,
        "3,12": 37.92798430764358,
        "3,13": 16.510044273924397,
        "3,14": 46.33729185638847,
        "3,15": 24.948349742786267,
        "3,16": 63.55191524193723,
        "3,17": 22.703341127328176,
        "3,18": 83.7692217117891,
        "3,19": 34.50031476444044,
        "3,20": 69.86094506392465,
        "3,21": 30.895518569606175,
        "3,22": 76.47561807893987,
        "3,23": 40.07888749737414,
        "3,24": 75.42682132727364,
        "3,25": 52.430344063915314,
        "3,26": 42.33615377665659,
        "3,27": 27.023058432436898,
        "3,28": 13.402631247897755,
        "3,29": 60.880576978915435,
        "3,30": 28.93578142242011,
        "3,31": 66.90597988608367,
        "3,32": 71.4198294442228,
        "3,33": 20.250780106637812,
        "3,34": 89.12253666055678,
        "3,35": 61.99172404257871,
        "3,36": 56.526591606722626,
        "3,37": 64.89100375471253,
        "3,38": 82.87677533670488,
        "3,39": 29.856757360644313,
        "3,40": 72.1639235573491,
        "3,41": 42.03955331828034,
        "3,42": 68.0849385191959,
        "3,43": 36.29342730655999,
        "3,44": 45.48141388954273,
        "3,45": 44.352215200732424,
        "3,46": 66.0661835195214,
        "3,47": 71.52278723834009,
        "3,48": 11.646171696696447,
        "3,49": 83.38993108866768,
        "3,50": 73.53552293347265,
        "3,51": 33.118459914575155,
        "3,52": 33.52459687961082,
        "3,53": 40.57169302231167,
        "3,54": 74.70510055532404,
        "3,55": 48.47839258109452,
        "3,56": 19.282394938403634,
        "3,57": 42.23473719384485,
        "3,58": 39.298839236074016,
        "3,59": 28.441233030443264,
        "3,60": 69.32898934039774,
        "4,0": 67.67487794351138,
        "4,1": 18.349356245826833,
        "4,2": 34.91992892549014,
        "4,3": 35.64600656191244,
        "4,4": 0.0,
        "4,5": 60.033017812299,
        "4,6": 102.44437586636019,
        "4,7": 97.36624403503292,
        "4,8": 95.85912027277439,
        "4,9": 122.94374025051523,
        "4,10": 79.88255597425518,
        "4,11": 67.04042996833519,
        "4,12": 55.081505180270504,
        "4,13": 52.120629511612,
        "4,14": 81.79576817049795,
        "4,15": 13.408176007430322,
        "4,16": 98.65607393118418,
        "4,17": 56.94372421561538,
        "4,18": 117.9101952478464,
        "4,19": 2.1498671287192455,
        "4,20": 104.81449248145549,
        "4,21": 64.90854617890581,
        "4,22": 94.15225036008425,
        "4,23": 75.20298899616215,
        "4,24": 102.24033483743764,
        "4,25": 80.54095072469539,
        "4,26": 55.29160949360806,
        "4,27": 11.946374818266737,
        "4,28": 25.75616677775676,
        "4,29": 92.4002285702471,
        "4,30": 49.96828140690933,
        "4,31": 101.76895866982183,
        "4,32": 106.56125676480305,
        "4,33": 17.492398984645106,
        "4,34": 123.80833997591482,
        "4,35": 97.58478300701896,
        "4,36": 62.284074669779486,
        "4,37": 93.9354944892353,
        "4,38": 118.19448234800541,
        "4,39": 57.48276493846839,
        "4,40": 92.46698878726326,
        "4,41": 72.77703145337543,
        "4,42": 85.03613254325157,
        "4,43": 70.31025033097974,
        "4,44": 77.2417558146659,
        "4,45": 79.78020149463438,
        "4,46": 99.47355670669472,
        "4,47": 106.39356780533332,
        "4,48": 34.03856230625817,
        "4,49": 118.50032547682146,
        "4,50": 109.04687687330801,
        "4,51": 68.7613597561571,
        "4,52": 2.121566952243975,
        "4,53": 75.66157937586236,
        "4,54": 109.38012061201998,
        "4,55": 78.6316719934719,
        "4,56": 51.00187879582173,
        "4,57": 76.73233258238128,
        "4,58": 68.13167076649803,
        "4,59": 7.295454569424468,
        "4,60": 101.02305113779897,
        "5,0": 19.20732427382396,
        "5,1": 42.000940361046446,
        "5,2": 40.96838952308533,
        "5,3": 24.412124726844315,
        "5,4": 60.033017812299,
        "5,5": 0.0,
        "5,6": 62.30042001923997,
        "5,7": 41.81044920057126,
        "5,8": 44.93264785478017,
        "5,9": 72.05505549913084,
        "5,10": 31.34955300597399,
        "5,11": 21.640615557037744,
        "5,12": 41.282533194473814,
        "5,13": 7.912648126551412,
        "5,14": 22.885429117239333,
        "5,15": 49.08080451031547,
        "5,16": 39.63720736764886,
        "5,17": 12.003475338455152,
        "5,18": 60.76643052632734,
        "5,19": 58.912089306318535,
        "5,20": 46.07483194852386,
        "5,21": 15.153283260276837,
        "5,22": 71.0140250771512,
        "5,23": 18.153288737418944,
        "5,24": 61.09178850908137,
        "5,25": 42.08651991348669,
        "5,26": 47.65133247746954,
        "5,27": 51.157158074213264,
        "5,28": 35.94028823207284,
        "5,29": 44.363112008322574,
        "5,30": 32.95000576856006,
        "5,31": 43.25966500846952,
        "5,32": 47.40739983973439,
        "5,33": 44.313397309848135,
        "5,34": 65.48766184090319,
        "5,35": 37.90398694858513,
        "5,36": 63.49455932776063,
        "5,37": 51.48420374172866,
        "5,38": 58.64951019208848,
        "5,39": 27.9084282597397,
        "5,40": 64.78692151207258,
        "5,41": 27.199332950095325,
        "5,42": 64.32347624663534,
        "5,43": 18.595943600694127,
        "5,44": 28.140305158334943,
        "5,45": 20.157186081719743,
        "5,46": 44.357175102505344,
        "5,47": 47.81959951277448,
        "5,48": 29.478041239845957,
        "5,49": 59.35584857723115,
        "5,50": 49.16382085706825,
        "5,51": 8.983569563632294,
        "5,52": 57.91285530500263,
        "5,53": 18.715560184668366,
        "5,54": 51.199859530525835,
        "5,55": 35.88788924457938,
        "5,56": 16.510718102910786,
        "5,57": 21.992339675833293,
        "5,58": 28.386148422069585,
        "5,59": 52.849924175655104,
        "5,60": 49.70351747000278,
        "6,0": 43.394453457496425,
        "6,1": 89.83403556587231,
        "6,2": 67.98455815164769,
        "6,3": 76.14238864705199,
        "6,4": 102.44437586636019,
        "6,5": 62.30042001923997,
        "6,6": 0.0,
        "6,7": 34.525598693506005,
        "6,8": 90.87030161524522,
        "6,9": 28.65450779455587,
        "6,10": 31.16670443983211,
        "6,11": 81.29681054063694,
        "6,12": 48.48677216134118,
        "6,13": 65.83159079132389,
        "6,14": 65.39507307659136,
        "6,15": 97.57840373997584,
        "6,16": 47.42132840488221,
        "6,17": 74.28826888528707,
        "6,18": 43.28593282954119,
        "6,19": 102.52414232558165,
        "6,20": 46.67166683459458,
        "6,21": 75.12003231703899,
        "6,22": 27.118951991567066,
        "6,23": 69.00268204211429,
        "6,24": 1.9508119632547831,
        "6,25": 99.35661234317344,
        "6,26": 50.96576546678602,
        "6,27": 99.37844249625408,
        "6,28": 78.36019477404432,
        "6,29": 93.88654150532896,
        "6,30": 52.48047028919765,
        "6,31": 45.04231536286795,
        "6,32": 49.51638826394825,
        "6,33": 93.7649078578395,
        "6,34": 51.353215753777754,
        "6,35": 64.77627660065276,
        "6,36": 56.37853492827998,
        "6,37": 103.9265765019354,
        "6,38": 56.76171239807457,
        "6,39": 90.13700256465884,
        "6,40": 20.249361483999696,
        "6,41": 35.43534750924619,
        "6,42": 30.17484692232601,
        "6,43": 75.57636783415553,
        "6,44": 34.283262214106,
        "6,45": 52.65791020324998,
        "6,46": 33.00093739975198,
        "6,47": 46.10821242775423,
        "6,48": 70.38668021818236,
        "6,49": 53.66865602578839,
        "6,50": 57.07619375767199,
        "6,51": 61.52967420317561,
        "6,52": 100.73303260215432,
        "6,53": 69.33356816121893,
        "6,54": 44.86206711271476,
        "6,55": 92.39009325095608,
        "6,56": 56.961329537650386,
        "6,57": 73.81487787247264,
        "6,58": 36.8734997821226,
        "6,59": 97.26112690261442,
        "6,60": 23.13748491796734,
        "7,0": 29.79447934920958,
        "7,1": 80.80143808224298,
        "7,2": 68.22501605993608,
        "7,3": 63.736181789712184,
        "7,4": 97.36624403503292,
        "7,5": 41.81044920057126,
        "7,6": 34.525598693506005,
        "7,7": 0.0,
        "7,8": 57.69730033160794,
        "7,9": 31.293904433772745,
        "7,10": 19.79801574158614,
        "7,11": 54.6870090513093,
        "7,12": 54.85938662242772,
        "7,13": 48.49711704906912,
        "7,14": 34.59463834234866,
        "7,15": 88.48555492071425,
        "7,16": 12.896036235476933,
        "7,17": 52.12047603975092,
        "7,18": 20.736778266141386,
        "7,19": 96.71767675355895,
        "7,20": 13.379465806328941,
        "7,21": 49.65399214650633,
        "7,22": 57.34630094669795,
        "7,23": 40.26120476819159,
        "7,24": 32.617208524935435,
        "7,25": 69.54297324630252,
        "7,26": 60.48996330052273,
        "7,27": 90.535145857403,
        "7,28": 71.62467685823428,
        "7,29": 61.4088069948077,
        "7,30": 52.77089400375565,
        "7,31": 10.98224922937284,
        "7,32": 16.37828115404354,
        "7,33": 83.89304955939288,
        "7,34": 27.663470408331005,
        "7,35": 30.50250632857063,
        "7,36": 72.81446756769614,
        "7,37": 71.80050316693162,
        "7,38": 26.786728016223748,
        "7,39": 66.34725850971263,
        "7,40": 49.47994247930175,
        "7,41": 26.5404140122071,
        "7,42": 55.8927398567814,
        "7,43": 48.1365042104558,
        "7,44": 21.33180134573462,
        "7,45": 24.16877548103783,
        "7,46": 2.6654779396514074,
        "7,47": 13.603793398869248,
        "7,48": 63.4278423923564,
        "7,49": 25.060066845296777,
        "7,50": 23.606083910796375,
        "7,51": 36.59873204001798,
        "7,52": 95.33065563373532,
        "7,53": 40.40827817494185,
        "7,54": 14.471983770465298,
        "7,55": 62.65616543621778,
        "7,56": 46.365061007513106,
        "7,57": 44.34283996731933,
        "7,58": 32.76277843922733,
        "7,59": 90.72709267700083,
        "7,60": 12.077470561015042,
        "8,0": 57.767543310436075,
        "8,1": 77.97895493462889,
        "8,2": 85.233343619988,
        "8,3": 63.297808666901126,
        "8,4": 95.85912027277439,
        "8,5": 44.93264785478017,
        "8,6": 90.87030161524522,
        "8,7": 57.69730033160794,
        "8,8": 0.0,
        "8,9": 86.0406473944987,
        "8,10": 63.02564307921547,
        "8,11": 28.956966754359108,
        "8,12": 85.56770687671938,
        "8,13": 50.552877098224,
        "8,14": 26.79875070032293,
        "8,15": 82.72447269001192,
        "8,16": 45.86801963424743,
        "8,17": 40.682702240615,
        "8,18": 64.66981045512136,
        "8,19": 94.15338519637564,
        "8,20": 50.03497885808963,
        "8,21": 32.57978722468707,
        "8,22": 108.3575545425343,
        "8,23": 27.31483639979361,
        "8,24": 89.09681087172159,
        "8,25": 21.72005374046271,
        "8,26": 92.08771265221326,
        "8,27": 84.53845262368914,
        "8,28": 76.66397704108526,
        "8,29": 5.900787581678299,
        "8,30": 77.71036306709551,
        "8,31": 49.71660092765348,
        "8,32": 48.564699004013136,
        "8,33": 78.37388374862583,
        "8,34": 63.750153485863976,
        "8,35": 28.199155806369998,
        "8,36": 107.86425641127789,
        "8,37": 15.51739977885483,
        "8,38": 52.39956175161701,
        "8,39": 39.365572805631274,
        "8,40": 100.96678552670029,
        "8,41": 63.574648829902934,
        "8,42": 103.61938606493452,
        "8,43": 27.3892872254443,
        "8,44": 60.94254904699082,
        "8,45": 39.6816256287476,
        "8,46": 59.951145208828656,
        "8,47": 51.66464063257626,
        "8,48": 72.28470909724759,
        "8,49": 55.57323079264904,
        "8,50": 43.36387052409824,
        "8,51": 37.815125088507735,
        "8,52": 93.85014805421802,
        "8,53": 26.759931048125676,
        "8,54": 55.12854027261525,
        "8,55": 18.955353888505943,
        "8,56": 61.44009223167855,
        "8,57": 22.95720036399476,
        "8,58": 67.96733391698083,
        "8,59": 88.71265458199986,
        "8,60": 69.74357436704692,
        "9,0": 56.61161854000653,
        "9,1": 107.91935844703595,
        "9,2": 90.32966224868177,
        "9,3": 91.86929195814236,
        "9,4": 122.94374025051523,
        "9,5": 72.05505549913084,
        "9,6": 28.65450779455587,
        "9,7": 31.293904433772745,
        "9,8": 86.0406473944987,
        "9,9": 0.0,
        "9,10": 43.46440518777984,
        "9,11": 85.9756939921976,
        "9,12": 72.66197200401555,
        "9,13": 77.98427706043371,
        "9,14": 65.43058656243609,
        "9,15": 115.76450516035185,
        "9,16": 40.55678129123399,
        "9,17": 82.97920196888064,
        "9,18": 23.543961461636822,
        "9,19": 122.63660772607493,
        "9,20": 36.020857362054464,
        "9,21": 80.91633520011706,
        "9,22": 55.288611897204575,
        "9,23": 71.46421213914338,
        "9,24": 27.357928537366778,
        "9,25": 100.14749534431962,
        "9,26": 76.48999589182868,
        "9,27": 117.73911505502637,
        "9,28": 97.48843384249223,
        "9,29": 90.48138220564809,
        "9,30": 74.16739754480456,
        "9,31": 36.45701848012076,
        "9,32": 37.74035678963076,
        "9,33": 111.42541114557977,
        "9,34": 29.434366537387064,
        "9,35": 57.84186211726276,
        "9,36": 84.13330300376096,
        "9,37": 100.98954160582288,
        "9,38": 38.957857933341614,
        "9,39": 97.55559900720732,
        "9,40": 48.8442524489774,
        "9,41": 50.35715246927201,
        "9,42": 58.81907913183633,
        "9,43": 79.40723928401952,
        "9,44": 46.41831699364287,
        "9,45": 55.45437266331725,
        "9,46": 28.63010821895248,
        "9,47": 34.45621069730238,
        "9,48": 89.15468957669192,
        "9,49": 35.214937390411606,
        "9,50": 44.20083544670946,
        "9,51": 67.68868426301198,
        "9,52": 121.0346225934058,
        "9,53": 71.58524767073706,
        "9,54": 31.231071904025512,
        "9,55": 93.3701070541846,
        "9,56": 73.06558739336403,
        "9,57": 75.37150455725002,
        "9,58": 54.83376598221407,
        "9,59": 116.89547872384306,
        "9,60": 22.586741845883544,
        "10,0": 13.390683591400478,
        "10,1": 64.46704422383554,
        "10,2": 48.98895889752229,
        "10,3": 48.52858016166895,
        "10,4": 79.88255597425518,
        "10,5": 31.34955300597399,
        "10,6": 31.16670443983211,
        "10,7": 19.79801574158614,
        "10,8": 63.02564307921547,
        "10,9": 43.46440518777984,
        "10,10": 0.0,
        "10,11": 50.22844483581839,
        "10,12": 35.09375784359518,
        "10,13": 35.75785312824798,
        "10,14": 36.37856919101828,
        "10,15": 72.30767625458572,
        "10,16": 28.12071973426517,
        "10,17": 43.269702765651104,
        "10,18": 40.11546681681822,
        "10,19": 79.45879028083445,
        "10,20": 31.760969321903055,
        "10,21": 43.98558271669408,
        "10,22": 45.375239617266246,
        "10,23": 38.691093679981705,
        "10,24": 29.850523247922734,
        "10,25": 68.84848424891148,
        "10,26": 40.85436081576841,
        "10,27": 74.28891665718751,
        "10,28": 54.23743688182636,
        "10,29": 65.14251885619845,
        "10,30": 33.20950559013002,
        "10,31": 28.712565980638402,
        "10,32": 34.55137240978513,
        "10,33": 67.96129009540344,
        "10,34": 47.40291221052666,
        "10,35": 40.813084050659036,
        "10,36": 53.890993239629836,
        "10,37": 74.66337157213124,
        "10,38": 45.98810197277926,
        "10,39": 59.04669057444178,
        "10,40": 37.941405173927116,
        "10,41": 7.178076328959849,
        "10,42": 41.35093239376738,
        "10,43": 44.71022099990095,
        "10,44": 3.2342937588867833,
        "10,45": 23.367153400274713,
        "10,46": 21.128397240074772,
        "10,47": 32.56006366353067,
        "10,48": 45.89999071360428,
        "10,49": 44.648274601181114,
        "10,50": 40.663377640934385,
        "10,51": 30.481462187338284,
        "10,52": 77.9227862455559,
        "10,53": 39.08379525431371,
        "10,54": 34.11379584074766,
        "10,55": 61.93884934489802,
        "10,56": 29.601568166047194,
        "10,57": 43.64658932050664,
        "10,58": 13.034143205395315,
        "10,59": 73.62887313803508,
        "10,60": 21.162547309355265,
        "11,0": 39.91284337902322,
        "11,1": 49.04862665918465,
        "11,2": 58.05947970933706,
        "11,3": 34.632307973391875,
        "11,4": 67.04042996833519,
        "11,5": 21.640615557037744,
        "11,6": 81.29681054063694,
        "11,7": 54.6870090513093,
        "11,8": 28.956966754359108,
        "11,9": 85.9756939921976,
        "11,10": 50.22844483581839,
        "11,11": 0.0,
        "11,12": 62.22736294299682,
        "11,13": 24.271719586684966,
        "11,14": 22.124249346071124,
        "11,15": 54.04575752354529,
        "11,16": 47.533103443684205,
        "11,17": 12.725603741668944,
        "11,18": 69.82378976993675,
        "11,19": 65.38661922226748,
        "11,20": 53.790997686626234,
        "11,21": 6.542814039201545,
        "11,22": 92.3596701087161,
        "11,23": 14.89096512542096,
        "11,24": 79.8730542841317,
        "11,25": 20.52223851727917,
        "11,26": 68.37487482402757,
        "11,27": 55.91914986686268,
        "11,28": 48.03474464693563,
        "11,29": 26.248295792822823,
        "11,30": 53.41977866208594,
        "11,31": 51.81626505037847,
        "11,32": 53.94132952006592,
        "11,33": 49.59222799605482,
        "11,34": 72.32214173218911,
        "11,35": 36.905132700509355,
        "11,36": 84.13966947914093,
        "11,37": 31.123805042033172,
        "11,38": 62.884272300561285,
        "11,39": 13.488234023475679,
        "11,40": 85.8822300657458,
        "11,41": 47.57490942241412,
        "11,42": 85.8878380544529,
        "11,43": 6.6904377514576785,
        "11,44": 47.246947008338566,
        "11,45": 30.590489232737823,
        "11,46": 57.3483765479305,
        "11,47": 55.6932357021231,
        "11,48": 44.4194451510937,
        "11,49": 64.80139511288824,
        "11,50": 52.558474176907716,
        "11,51": 19.767288267848667,
        "11,52": 65.00929517578993,
        "11,53": 14.922576769346266,
        "11,54": 59.478130212909925,
        "11,55": 14.77910870155401,
        "11,56": 36.81605965352831,
        "11,57": 12.62732675480484,
        "11,58": 49.698483074605726,
        "11,59": 59.84864715593609,
        "11,60": 65.0276271832452,
        "12,0": 30.088293782214162,
        "12,1": 45.70777373649966,
        "12,2": 20.16338923710759,
        "12,3": 37.92798430764358,
        "12,4": 55.081505180270504,
        "12,5": 41.282533194473814,
        "12,6": 48.48677216134118,
        "12,7": 54.85938662242772,
        "12,8": 85.56770687671938,
        "12,9": 72.66197200401555,
        "12,10": 35.09375784359518,
        "12,11": 62.22736294299682,
        "12,12": 0.0,
        "12,13": 38.245614679842554,
        "12,14": 60.34991192510033,
        "12,15": 52.768223075593426,
        "12,16": 62.26598046573456,
        "12,17": 50.134854341213014,
        "12,18": 74.76120144197782,
        "12,19": 55.474979518466775,
        "12,20": 66.61968994001829,
        "12,21": 56.0430694625528,
        "12,22": 40.09928409255017,
        "12,23": 58.25399526059902,
        "12,24": 48.60967254319076,
        "12,25": 82.69304161737668,
        "12,26": 6.59057814312137,
        "12,27": 54.25462912626046,
        "12,28": 33.85542357900502,
        "12,29": 85.5071131199862,
        "12,30": 9.280128507932146,
        "12,31": 63.49609439781937,
        "12,32": 69.29287673349737,
        "12,33": 49.900520981422204,
        "12,34": 82.32560015883169,
        "12,35": 70.97229736946241,
        "12,36": 22.29943600617124,
        "12,37": 92.74031477243695,
        "12,38": 80.95015997167062,
        "12,39": 63.88465700791959,
        "12,40": 37.511277767052306,
        "12,41": 28.915093668195393,
        "12,42": 31.18024419152423,
        "12,43": 59.87695525882366,
        "12,44": 34.114282099466294,
        "12,45": 50.11539852038134,
        "12,46": 55.99779598877822,
        "12,47": 67.5435728043441,
        "12,48": 27.725505760288417,
        "12,49": 79.72832455015411,
        "12,50": 74.79444190272217,
        "12,51": 47.76077771377463,
        "12,52": 53.570415724319794,
        "12,53": 58.81040406554638,
        "12,54": 69.20667516456767,
        "12,55": 76.88535950267111,
        "12,56": 25.43928557199225,
        "12,57": 62.73930026461899,
        "12,58": 22.48728992900426,
        "12,59": 50.82856395782101,
        "12,60": 53.3559335291267,
        "13,0": 22.56814037118452,
        "13,1": 34.115852553827686,
        "13,2": 34.680759124214774,
        "13,3": 16.510044273924397,
        "13,4": 52.120629511612,
        "13,5": 7.912648126551412,
        "13,6": 65.83159079132389,
        "13,7": 48.49711704906912,
        "13,8": 50.552877098224,
        "13,9": 77.98427706043371,
        "13,10": 35.75785312824798,
        "13,11": 24.271719586684966,
        "13,12": 38.245614679842554,
        "13,13": 0.0,
        "13,14": 30.41586242127479,
        "13,15": 41.27418417881966,
        "13,16": 47.255675836721316,
        "13,17": 11.89187100089259,
        "13,18": 67.99120780798472,
        "13,19": 51.00617888635538,
        "13,20": 53.63734253130339,
        "13,21": 18.54793685328464,
        "13,22": 71.59476657213416,
        "13,23": 24.90865943451697,
        "13,24": 64.7998574120674,
        "13,25": 44.55672969818702,
        "13,26": 44.23754427814632,
        "13,27": 43.352245078075015,
        "13,28": 28.207374255130066,
        "13,29": 49.25432929030157,
        "13,30": 29.25777122301694,
        "13,31": 50.750743591692746,
        "13,32": 55.08216167783932,
        "13,33": 36.5182181122359,
        "13,34": 72.99836799978162,
        "13,35": 45.725869818056026,
        "13,36": 59.93740799381225,
        "13,37": 55.29434269396898,
        "13,38": 66.43788553309423,
        "13,39": 26.504534086309924,
        "13,40": 65.9617070311998,
        "13,41": 30.411769853201275,
        "13,42": 64.22762675390776,
        "13,43": 23.267737791245757,
        "13,44": 32.53454248670245,
        "13,45": 27.90528498664181,
        "13,46": 50.959903557746856,
        "13,47": 55.34439075076548,
        "13,48": 22.214883615644197,
        "13,49": 67.04811597598098,
        "13,50": 57.033058178245135,
        "13,51": 16.76649155867203,
        "13,52": 50.0005668949013,
        "13,53": 25.44809296168067,
        "13,54": 58.636158342986334,
        "13,55": 39.048714512846516,
        "13,56": 12.868853710137689,
        "13,57": 28.026189516979798,
        "13,58": 29.92660879260846,
        "13,59": 44.94151794610779,
        "13,60": 55.437060800100944,
        "14,0": 31.348342747134677,
        "14,1": 63.48130879004536,
        "14,2": 63.46639697189552,
        "14,3": 46.33729185638847,
        "14,4": 81.79576817049795,
        "14,5": 22.885429117239333,
        "14,6": 65.39507307659136,
        "14,7": 34.59463834234866,
        "14,8": 26.79875070032293,
        "14,9": 65.43058656243609,
        "14,10": 36.37856919101828,
        "14,11": 22.124249346071124,
        "14,12": 60.34991192510033,
        "14,13": 30.41586242127479,
        "14,14": 0.0,
        "14,15": 69.93944742482596,
        "14,16": 25.737887264631965,
        "14,17": 25.729128840613633,
        "14,18": 47.88630692684243,
        "14,19": 80.48710370196707,
        "14,20": 31.820755450112937,
        "14,21": 19.333441596861523,
        "14,22": 81.61616074002552,
        "14,23": 7.570501168543973,
        "14,24": 63.72270556929465,
