{
    "num_robots": 5,
    "num_tasks": 50,
    "num_nodes": 51,
    "robot_capacity": [
        132,
        156,
        133,
        140,
        111
    ],
    "robot_speed": [
        1.09,
        1.14,
        0.87,
        1.08,
        0.87
    ],
    "task_demand": {
        "0": 0,
        "1": 6,
        "2": 7,
        "3": 9,
        "4": 8,
        "5": 9,
        "6": 15,
        "7": 13,
        "8": 9,
        "9": 15,
        "10": 13,
        "11": 15,
        "12": 9,
        "13": 14,
        "14": 8,
        "15": 8,
        "16": 12,
        "17": 5,
        "18": 15,
        "19": 15,
        "20": 15,
        "21": 6,
        "22": 9,
        "23": 9,
        "24": 9,
        "25": 8,
        "26": 10,
        "27": 9,
        "28": 11,
        "29": 13,
        "30": 5,
        "31": 12,
        "32": 5,
        "33": 7,
        "34": 6,
        "35": 6,
        "36": 8,
        "37": 15,
        "38": 10,
        "39": 12,
        "40": 12,
        "41": 8,
        "42": 9,
        "43": 15,
        "44": 15,
        "45": 11,
        "46": 10,
        "47": 9,
        "48": 11,
        "49": 12,
        "50": 8
    },
    "task_service_time": {
        "0": 0,
        "1": 72,
        "2": 64,
        "3": 76,
        "4": 42,
        "5": 82,
        "6": 53,
        "7": 23,
        "8": 39,
        "9": 52,
        "10": 34,
        "11": 18,
        "12": 42,
        "13": 75,
        "14": 40,
        "15": 78,
        "16": 20,
        "17": 27,
        "18": 59,
        "19": 96,
        "20": 42,
        "21": 69,
        "22": 29,
        "23": 74,
        "24": 84,
        "25": 41,
        "26": 51,
        "27": 65,
        "28": 83,
        "29": 44,
        "30": 80,
        "31": 31,
        "32": 76,
        "33": 76,
        "34": 43,
        "35": 56,
        "36": 70,
        "37": 27,
        "38": 74,
        "39": 50,
        "40": 93,
        "41": 82,
        "42": 35,
        "43": 52,
        "44": 70,
        "45": 77,
        "46": 99,
        "47": 21,
        "48": 66,
        "49": 66,
        "50": 62
    },
    "task_precedence": [],
    "coordinates": {
        "0": [
            0,
            100
        ],
        "1": [
            96.51498485992107,
            90.60011764854163
        ],
        "2": [
            33.55632145967989,
            58.03493878225488
        ],
        "3": [
            48.75296701626341,
            51.9177064971521
        ],
        "4": [
            61.890520472048884,
            46.68561763128205
        ],
        "5": [
            54.43237062013221,
            97.04878561265798
        ],
        "6": [
            53.471589089376316,
            17.306563697646958
        ],
        "7": [
            36.26475241089633,
            21.20264184714169
        ],
        "8": [
            13.825313305685194,
            1.8559750813756937
        ],
        "9": [
            78.8717177709964,
            28.426266998855464
        ],
        "10": [
            19.88049483163229,
            61.94280503754142
        ],
        "11": [
            48.45817319313981,
            97.81456618667097
        ],
        "12": [
            61.77695046014765,
            7.615705169647901
        ],
        "13": [
            71.36666228299796,
            47.52070675088695
        ],
        "14": [
            26.327372934514926,
            57.9688507695613
        ],
        "15": [
            38.943110849415184,
            76.39539781198165
        ],
        "16": [
            84.00786725505543,
            42.0465098028979
        ],
        "17": [
            62.868515120177136,
            60.18599414148257
        ],
        "18": [
            86.74218123839866,
            18.678028183584427
        ],
        "19": [
            64.40240811405425,
            43.971198817522826
        ],
        "20": [
            60.15701683858664,
            85.37071686206288
        ],
        "21": [
            61.67640414762317,
            2.82264139714109
        ],
        "22": [
            17.45988575977129,
            74.1546706275517
        ],
        "23": [
            68.33695313743367,
            27.143228557427634
        ],
        "24": [
            35.38363792369259,
            6.214838743478889
        ],
        "25": [
            69.84919305357964,
            47.501299085686824
        ],
        "26": [
            75.68423311085517,
            19.598065674674803
        ],
        "27": [
            59.57343460119026,
            63.57000369614403
        ],
        "28": [
            5.6834741955549495,
            8.173411783412687
        ],
        "29": [
            0.4670292472190418,
            24.00105078259732
        ],
        "30": [
            92.49610453627754,
            58.32288677305924
        ],
        "31": [
            69.89685181795272,
            7.841373336467949
        ],
        "32": [
            13.11047128098759,
            85.2008940246652
        ],
        "33": [
            65.73358303089188,
            42.49947584443593
        ],
        "34": [
            5.4474222628067,
            83.97129854344875
        ],
        "35": [
            68.25957769851398,
            4.151440734118728
        ],
        "36": [
            8.205298675918627,
            82.49347427561801
        ],
        "37": [
            53.88126157400114,
            95.37063027675697
        ],
        "38": [
            40.75230351594239,
            41.07759185347706
        ],
        "39": [
            42.558676071048076,
            23.52134341659943
        ],
        "40": [
            83.73142647194692,
            86.9102505992245
        ],
        "41": [
            80.8986682712054,
            23.339425708787665
        ],
        "42": [
            29.261271727791215,
            29.99468124675355
        ],
        "43": [
            41.92301306353886,
            82.16108408831431
        ],
        "44": [
            19.156123499423995,
            83.00996888382112
        ],
        "45": [
            53.07718994010844,
            89.97183719507173
        ],
        "46": [
            0.3181760792176691,
            15.816797138555716
        ],
        "47": [
            21.06605625652277,
            68.67185973760826
        ],
        "48": [
            57.47124069094556,
            63.49743425691211
        ],
        "49": [
            42.42630970498718,
            90.68262860908077
        ],
        "50": [
            7.2326965466384845,
            39.27494025463292
        ]
    },
    "distance_matrix_str_keys": {
        "0,0": 0.0,
        "0,1": 96.97164580810235,
        "0,2": 53.731676624822235,
        "0,3": 68.47451161843271,
        "0,4": 81.68757489152782,
        "0,5": 54.51231638526735,
        "0,6": 98.47545504964386,
        "0,7": 86.74189252773677,
        "0,8": 99.113010827176,
        "0,9": 106.5060895905339,
        "0,10": 42.93697897105875,
        "0,11": 48.5074290203962,
        "0,12": 111.1361756560705,
        "0,13": 88.58485595936749,
        "0,14": 49.59584731874673,
        "0,15": 45.538369833410144,
        "0,16": 102.0584576934642,
        "0,17": 74.4150875556698,
        "0,18": 118.90108959174886,
        "0,19": 85.36332194118711,
        "0,20": 61.91027863002983,
        "0,21": 115.09742765852583,
        "0,22": 31.1902013638034,
        "0,23": 99.89018124492033,
        "0,24": 100.23800828341834,
        "0,25": 87.3786207714836,
        "0,26": 110.41998996935371,
        "0,27": 69.8293544355184,
        "0,28": 92.00230531041183,
        "0,29": 76.0003841994704,
        "0,30": 101.45201388497532,
        "0,31": 115.66668648564772,
        "0,32": 19.77114045468269,
        "0,33": 87.3339236278994,
        "0,34": 16.929077933915067,
        "0,35": 117.67037121095787,
        "0,36": 19.334046894002306,
        "0,37": 54.07976897917012,
        "0,38": 71.64216931138338,
        "0,39": 87.52271603259419,
        "0,40": 84.74841189309777,
        "0,41": 111.45150595085299,
        "0,42": 75.87467744162919,
        "0,43": 45.56057446114835,
        "0,44": 25.605042957470523,
        "0,45": 54.016221093116975,
        "0,46": 84.18380414324639,
        "0,47": 37.75223302671078,
        "0,48": 68.08363101645689,
        "0,49": 43.43737060204968,
        "0,50": 61.154270336699774,
        "1,0": 96.97164580810235,
        "1,1": 0.0,
        "1,2": 70.88218515070001,
        "1,3": 61.46168953895603,
        "1,4": 55.922596916746635,
        "1,5": 42.57383867783478,
        "1,6": 84.99811156850755,
        "1,7": 91.9026667609129,
        "1,8": 121.29758704001031,
        "1,9": 64.62872873715382,
        "1,10": 81.817398076329,
        "1,11": 48.595322977482105,
        "1,12": 89.96190164968176,
        "1,13": 49.8825998893597,
        "1,14": 77.40219923179608,
        "1,15": 59.29835362568444,
        "1,16": 50.13861611184034,
        "1,17": 45.35530657652031,
        "1,18": 72.58301897572288,
        "1,19": 56.61690256989449,
        "1,20": 36.73211770679716,
        "1,21": 94.43840343373283,
        "1,22": 80.74751650332468,
        "1,23": 69.43182443862071,
        "1,24": 104.20132856217697,
        "1,25": 50.68108734205516,
        "1,26": 73.99467280102601,
        "1,27": 45.7745037744587,
        "1,28": 122.6561256902701,
        "1,29": 116.87876404545909,
        "1,30": 32.526466639414785,
        "1,31": 86.93408288324616,
        "1,32": 83.579091291298,
        "1,33": 57.106623438328434,
        "1,34": 91.30850015254542,
        "1,35": 90.94911640093692,
        "1,36": 88.6809919920428,
        "1,37": 42.89979198033895,
        "1,38": 74.5785303676128,
        "1,39": 86.0862660973287,
        "1,40": 13.305430616871467,
        "1,41": 69.04976483677176,
        "1,42": 90.53220891765535,
        "1,43": 55.24038986147394,
        "1,44": 77.73032734565831,
        "1,45": 43.44233837886621,
        "1,46": 121.84568538151235,
        "1,47": 78.57091906302934,
        "1,48": 47.528616703616784,
        "1,49": 54.08873808913064,
        "1,50": 102.98349790608354,
        "2,0": 53.731676624822235,
        "2,1": 70.88218515070001,
        "2,2": 0.0,
        "2,3": 16.381653365955874,
        "2,4": 30.522678851314005,
        "2,5": 44.24804711007906,
        "2,6": 45.336722662704084,
        "2,7": 36.93174374076935,
        "2,8": 59.54316623490647,
        "2,9": 54.1309392827129,
        "2,10": 14.22320823969132,
        "2,11": 42.479217760220045,
        "2,12": 57.77978036705124,
        "2,13": 39.24501176436206,
        "2,14": 7.229250611571474,
        "2,15": 19.13436582987897,
        "2,16": 52.924364279326184,
        "2,17": 29.391014551201817,
        "2,18": 66.16420552136384,
        "2,19": 33.900882638727474,
        "2,20": 38.142387941369144,
        "2,21": 61.96076849845401,
        "2,22": 22.780276490981585,
        "2,23": 46.518706995339684,
        "2,24": 51.85230808255697,
        "2,25": 37.79060853953545,
        "2,26": 57.02766130903005,
        "2,27": 26.599381944306863,
        "2,28": 57.12326574405132,
        "2,29": 47.46795541725868,
        "2,30": 58.940486451689516,
        "2,31": 61.967960744896594,
        "2,32": 34.0003222596812,
        "2,33": 35.73131359066641,
        "2,34": 38.24663346913104,
        "2,35": 64.09171050519458,
        "2,36": 35.226329849459006,
        "2,37": 42.50949364581258,
        "2,38": 18.42101442963939,
        "2,39": 35.668342456764314,
        "2,40": 57.89062787290572,
        "2,41": 58.694773438985976,
        "2,42": 28.367296220412623,
        "2,43": 25.53570863953412,
        "2,44": 28.82911427478648,
        "2,45": 37.43033243855539,
        "2,46": 53.732167201595246,
        "2,47": 16.405816415394675,
        "2,48": 24.530842191995998,
        "2,49": 33.8311741224055,
        "2,50": 32.32446091304343,
        "3,0": 68.47451161843271,
        "3,1": 61.46168953895603,
        "3,2": 16.381653365955874,
        "3,3": 0.0,
        "3,4": 14.141077211584067,
        "3,5": 45.48703032102325,
        "3,6": 34.93131260282964,
        "3,7": 33.156759499143206,
        "3,8": 61.041935962675716,
        "3,9": 38.1966867244773,
        "3,10": 30.563413598562803,
        "3,11": 45.89780640463697,
        "3,12": 46.176741617060365,
        "3,13": 23.037205133986816,
        "3,14": 23.227647683845717,
        "3,15": 26.370260713886243,
        "3,16": 36.610770478423866,
        "3,17": 16.35888990253587,
        "3,18": 50.47827861174294,
        "3,19": 17.551409942669338,
        "3,20": 35.343404686374775,
        "3,21": 50.76751564201785,
        "3,22": 38.38931502725852,
        "3,23": 31.580172095479206,
        "3,24": 47.61818015522227,
        "3,25": 21.553547444483115,
        "3,26": 42.06961226766476,
        "3,27": 15.901526617595168,
        "3,28": 61.388472304134986,
        "3,29": 55.77518670987135,
        "3,30": 44.20959640690851,
        "3,31": 48.885447828558696,
        "3,32": 48.76636211807027,
        "3,33": 19.417630876706337,
        "3,34": 53.87766670396979,
        "3,35": 51.59577507174038,
        "3,36": 50.78376692488726,
        "3,37": 43.754496798238605,
        "3,38": 13.472887661276895,
        "3,39": 29.06411320712455,
        "3,40": 49.47697210448894,
        "3,41": 43.01237312670133,
        "3,42": 29.33505107117187,
        "3,43": 31.005002162843823,
        "3,44": 42.9267041185525,
        "3,45": 38.29903088942925,
        "3,46": 60.40864697734026,
        "3,47": 32.361499937773736,
        "3,48": 14.494771155724127,
        "3,49": 39.27780262537889,
        "3,50": 43.40244691412905,
        "4,0": 81.68757489152782,
        "4,1": 55.922596916746635,
        "4,2": 30.522678851314005,
        "4,3": 14.141077211584067,
        "4,4": 0.0,
        "4,5": 50.91240210728555,
        "4,6": 30.561531631474043,
        "4,7": 36.139480399406274,
        "4,8": 65.72641014917697,
        "4,9": 24.93521500255571,
        "4,10": 44.69478741260751,
        "4,11": 52.8639511746977,
        "4,12": 39.07007752625221,
        "4,13": 9.51286694214209,
        "4,14": 37.31017036719573,
        "4,15": 37.54004058035144,
        "4,16": 22.598636024396363,
        "4,17": 13.53575411452725,
        "4,18": 37.443692519789124,
        "4,19": 3.698330572373071,
        "4,20": 38.723919447062514,
        "4,21": 43.86349883350849,
        "4,22": 52.236291727569224,
        "4,23": 20.578179336939513,
        "4,24": 48.37870157639423,
        "4,25": 8.000362835213744,
        "4,26": 30.39740086526908,
        "4,27": 17.042634177856367,
        "4,28": 68.13532160631954,
        "4,29": 65.47850675877693,
        "4,30": 32.7433628234903,
        "4,31": 39.66076974108798,
        "4,32": 62.15239106213901,
        "4,33": 5.682685359120291,
        "4,34": 67.64647320106253,
        "4,35": 43.008383999787405,
        "4,36": 64.5314313862711,
        "4,37": 49.33942322713157,
        "4,38": 21.869480314080477,
        "4,39": 30.171241403653188,
        "4,40": 45.77167543691256,
        "4,41": 30.105719722945015,
        "4,42": 36.650446532164075,
        "4,43": 40.70884513779436,
        "4,44": 56.08642597395316,
        "4,45": 44.17433190428399,
        "4,46": 68.8769749091928,
        "4,47": 46.36843452654795,
        "4,48": 17.38295751699002,
        "4,49": 48.110211761798986,
        "4,50": 55.15791743205997,
        "5,0": 54.51231638526735,
        "5,1": 42.57383867783478,
        "5,2": 44.24804711007906,
        "5,3": 45.48703032102325,
        "5,4": 50.91240210728555,
        "5,5": 0.0,
        "5,6": 79.74800973750193,
        "5,7": 77.99166542327407,
        "5,8": 103.49204935927878,
        "5,9": 72.84457255047988,
        "5,10": 49.25710093625475,
        "5,11": 6.023076853587237,
        "5,12": 89.73415587474078,
        "5,13": 52.34310680367392,
        "5,14": 48.13659940470696,
        "5,15": 25.816266110533466,
        "5,16": 62.449662492725075,
        "5,17": 37.81578941491241,
        "5,18": 84.76968492447598,
        "5,19": 54.00585030925184,
        "5,20": 13.005724280873038,
        "5,21": 94.50419184073688,
        "5,22": 43.48683867218777,
        "5,23": 71.27499086062733,
        "5,24": 92.80980616924732,
        "5,25": 51.89057559022483,
        "5,26": 80.31348378844304,
        "5,27": 33.87121753747323,
        "5,28": 101.36709020141724,
        "5,29": 90.81976455209467,
        "5,30": 54.300488769199376,
        "5,31": 90.53790688839611,
        "5,32": 42.98688055762165,
        "5,33": 55.707670909333075,
        "5,34": 50.70055062437864,
        "5,35": 93.92075564576082,
        "5,36": 48.4644123935663,
        "5,37": 1.7663313709891855,
        "5,38": 57.618736247881294,
        "5,39": 74.47999314003515,
        "5,40": 31.003621821109455,
        "5,41": 78.31688610250976,
        "5,42": 71.62288134221923,
        "5,43": 19.445505474444317,
        "5,44": 37.96711716824369,
        "5,45": 7.205533538932856,
        "5,46": 97.60626005676393,
        "5,47": 43.8013796167344,
        "5,48": 33.688691115921905,
        "5,49": 13.589461125900772,
        "5,50": 74.60312620860489,
        "6,0": 98.47545504964386,
        "6,1": 84.99811156850755,
        "6,2": 45.336722662704084,
        "6,3": 34.93131260282964,
        "6,4": 30.561531631474043,
        "6,5": 79.74800973750193,
        "6,6": 0.0,
        "6,7": 17.64241064670173,
        "6,8": 42.55053315888938,
        "6,9": 27.727501484081944,
        "6,10": 55.86372395737638,
        "6,11": 80.66394983957414,
        "6,12": 12.762905880276357,
        "6,13": 35.11592352547099,
        "6,14": 48.889979142771274,
        "6,15": 60.84872222947979,
        "6,16": 39.3004989472456,
        "6,17": 43.89701326988065,
        "6,18": 33.2988470788821,
        "6,19": 28.818146550851925,
        "6,20": 68.39169459941012,
        "6,21": 16.646410884846183,
        "6,22": 67.29450228817633,
        "6,23": 17.825235590165985,
        "6,24": 21.217924965252234,
        "6,25": 34.3503705476671,
        "6,26": 22.330529230980243,
        "6,27": 46.664101825113725,
        "6,28": 48.65304090181366,
        "6,29": 53.4256447915362,
        "6,30": 56.6149411771489,
        "6,31": 18.957296333499595,
        "6,32": 78.98518798671624,
        "6,33": 28.0185531007151,
        "6,34": 82.1614719406076,
        "6,35": 19.792469964345862,
        "6,36": 79.36227289144311,
        "6,37": 78.0651415320076,
        "6,38": 26.960007512681297,
        "6,39": 12.558469552485324,
        "6,40": 75.89684439232275,
        "6,41": 28.08273662754018,
        "6,42": 27.33363850073048,
        "6,43": 65.87471763376321,
        "6,44": 74.12481792027405,
        "6,45": 72.6663438129681,
        "6,46": 53.17428625782474,
        "6,47": 60.733122721082054,
        "6,48": 46.36371141266328,
        "6,49": 74.20272972449303,
        "6,50": 51.19223331842816,
        "7,0": 86.74189252773677,
        "7,1": 91.9026667609129,
        "7,2": 36.93174374076935,
        "7,3": 33.156759499143206,
        "7,4": 36.139480399406274,
        "7,5": 77.99166542327407,
        "7,6": 17.64241064670173,
        "7,7": 0.0,
        "7,8": 29.628060049589365,
        "7,9": 43.21497723624576,
        "7,10": 43.91132875698562,
        "7,11": 77.57619777598414,
        "7,12": 28.904620696048738,
        "7,13": 43.87236735061027,
        "7,14": 38.085504189712566,
        "7,15": 55.25770457519532,
        "7,16": 52.09483512191555,
        "7,17": 47.19599502496385,
        "7,18": 50.54052329750636,
        "7,19": 36.195785044435034,
        "7,20": 68.47176170220267,
        "7,21": 31.36202258354385,
        "7,22": 56.19199553075121,
        "7,23": 32.61773489845253,
        "7,24": 15.013680581846833,
        "7,25": 42.65599636431437,
        "7,26": 39.45212444657038,
        "7,27": 48.355847790028704,
        "7,28": 33.24117045679488,
        "7,29": 35.906936325358025,
        "7,30": 67.37861341114643,
        "7,31": 36.188970788631785,
        "7,32": 68.05804152648489,
        "7,33": 36.35886571963288,
        "7,34": 69.92576135384732,
        "7,35": 36.25482456973049,
        "7,36": 67.40844964602671,
        "7,37": 76.23143644710693,
        "7,38": 20.375273069942654,
        "7,39": 6.70744750318806,
        "7,40": 81.05908335488874,
        "7,41": 44.68503429892988,
        "7,42": 11.240493693915482,
        "7,43": 61.220483451893955,
        "7,44": 64.13151221240234,
        "7,45": 70.79449332028179,
        "7,46": 36.34781524650696,
        "7,47": 49.84302370367954,
        "7,48": 47.31347176182951,
        "7,49": 69.75265836315913,
        "7,50": 34.197488759188126,
        "8,0": 99.113010827176,
        "8,1": 121.29758704001031,
        "8,2": 59.54316623490647,
        "8,3": 61.041935962675716,
        "8,4": 65.72641014917697,
        "8,5": 103.49204935927878,
        "8,6": 42.55053315888938,
        "8,7": 29.628060049589365,
        "8,8": 0.0,
        "8,9": 70.26389646500503,
        "8,10": 60.391161253062066,
        "8,11": 102.01708773973759,
        "8,12": 48.29631452277672,
        "8,13": 73.45933950545266,
        "8,14": 57.48874944683164,
        "8,15": 78.65767155503515,
        "8,16": 80.87564503642703,
        "8,17": 76.20778679222626,
        "8,18": 74.83215284682318,
        "8,19": 65.81591440981796,
        "8,20": 95.5057005992602,
        "8,21": 47.86085392603684,
        "8,22": 72.3899958185014,
        "8,23": 60.091297751907206,
        "8,24": 21.994568710483673,
        "8,25": 72.26458818442875,
        "8,26": 64.35299323328546,
        "8,27": 76.8212986738228,
        "8,28": 10.305316617139452,
        "8,29": 25.862098344865746,
        "8,30": 96.83803751028742,
        "8,31": 56.390091535701224,
        "8,32": 83.34798445543703,
        "8,33": 65.92694911901874,
        "8,34": 82.54159803158181,
        "8,35": 54.48264221338124,
        "8,36": 80.83310485648947,
        "8,37": 101.73234356872476,
        "8,38": 47.57518285830197,
        "8,39": 35.98602952406472,
        "8,40": 110.09584207353303,
        "8,41": 70.42991975851685,
        "8,42": 32.09447923039817,
        "8,43": 85.07873567642378,
        "8,44": 81.32888937769297,
        "8,45": 96.46302387632204,
        "8,46": 19.425429430693907,
        "8,47": 67.2070740389364,
        "8,48": 75.52904386134345,
        "8,49": 93.31769056274297,
        "8,50": 37.995283264756694,
        "9,0": 106.5060895905339,
        "9,1": 64.62872873715382,
        "9,2": 54.1309392827129,
        "9,3": 38.1966867244773,
        "9,4": 24.93521500255571,
        "9,5": 72.84457255047988,
        "9,6": 27.727501484081944,
        "9,7": 43.21497723624576,
        "9,8": 70.26389646500503,
        "9,9": 0.0,
        "9,10": 67.84779072291478,
        "9,11": 75.76093820675051,
        "9,12": 26.93159024378868,
        "9,13": 20.516419944081267,
        "9,14": 60.27995048226441,
        "9,15": 62.412588166690824,
        "9,16": 14.556477787008424,
        "9,17": 35.56378443384946,
        "9,18": 12.528860889612849,
        "9,19": 21.236897777111803,
        "9,20": 59.94089089438762,
        "9,21": 30.84192689439051,
        "9,22": 76.56696421697735,
        "9,23": 10.612608233923725,
        "9,24": 48.83196324078331,
        "9,25": 21.10125118067747,
        "9,26": 9.386010711633606,
        "9,27": 40.093714748703064,
        "9,28": 75.9387723237335,
        "9,29": 78.52947039851458,
        "9,30": 32.85470725258833,
        "9,31": 22.45631461230681,
        "9,32": 86.878649931036,
        "9,33": 19.252682713338043,
        "9,34": 92.06724553370667,
        "9,35": 26.493106784617385,
        "9,36": 88.97755722894159,
        "9,37": 71.45677487556786,
        "9,38": 40.16398590435941,
        "9,39": 36.64280656349834,
        "9,40": 58.68554427136488,
        "9,41": 5.475808857204215,
        "9,42": 49.63523224342546,
        "9,43": 65.2122484445713,
        "9,44": 80.90323053298832,
        "9,45": 66.73241249045202,
        "9,46": 79.55914556152439,
        "9,47": 70.43580224587102,
        "9,48": 41.08487790046802,
        "9,49": 72.13960306268024,
        "9,50": 72.45580082639778,
        "10,0": 42.93697897105875,
        "10,1": 81.817398076329,
        "10,2": 14.22320823969132,
        "10,3": 30.563413598562803,
        "10,4": 44.69478741260751,
        "10,5": 49.25710093625475,
        "10,6": 55.86372395737638,
        "10,7": 43.91132875698562,
        "10,8": 60.391161253062066,
        "10,9": 67.84779072291478,
        "10,10": 0.0,
        "10,11": 45.86356885888815,
        "10,12": 68.60573426681061,
        "10,13": 53.467956364723605,
        "10,14": 7.573278668940224,
        "10,15": 23.92197248023739,
        "10,16": 67.14300006699513,
        "10,17": 43.02390350552649,
        "10,18": 79.63872189694821,
        "10,19": 48.012283766291645,
        "10,20": 46.594691515603266,
        "10,21": 72.40229129259824,
        "10,22": 12.4494581997472,
        "10,23": 59.65768076901042,
        "10,24": 57.84421901110833,
        "10,25": 52.013727958621615,
        "10,26": 70.0509397342042,
        "10,27": 39.72627899796701,
        "10,28": 55.61207643901053,
        "10,29": 42.619940895545206,
        "10,30": 72.7057809325978,
        "10,31": 73.67903961296565,
        "10,32": 24.223375532927953,
        "10,33": 49.80510764490473,
        "10,34": 26.33568130724526,
        "10,35": 75.36827878551775,
        "10,36": 23.635570892348227,
        "10,37": 47.68093580554509,
        "10,38": 29.512531558151622,
        "10,39": 44.61511646759771,
        "10,40": 68.55884194771481,
        "10,41": 72.20414382500132,
        "10,42": 33.29687055756163,
        "10,43": 29.910724126621467,
        "10,44": 21.07961352475229,
        "10,45": 43.44706215399371,
        "10,46": 50.102823470023765,
        "10,47": 6.832695884398776,
        "10,48": 37.62287929264849,
        "10,49": 36.527951314394834,
        "10,50": 25.95763655023538,
        "11,0": 48.5074290203962,
        "11,1": 48.595322977482105,
        "11,2": 42.479217760220045,
        "11,3": 45.89780640463697,
        "11,4": 52.8639511746977,
        "11,5": 6.023076853587237,
        "11,6": 80.66394983957414,
        "11,7": 77.57619777598414,
        "11,8": 102.01708773973759,
        "11,9": 75.76093820675051,
        "11,10": 45.86356885888815,
        "11,11": 0.0,
        "11,12": 91.17688499096913,
        "11,13": 55.265460907573654,
        "11,14": 45.57908903421001,
        "11,15": 23.437516619050264,
        "11,16": 66.13514089135587,
        "11,17": 40.29351546606556,
        "11,18": 87.91050516931071,
        "11,19": 56.154490798709546,
        "11,20": 17.079588070388617,
        "11,21": 95.90718119507926,
        "11,22": 38.99595468340485,
        "11,23": 73.41392139356245,
        "11,24": 92.52812296906868,
        "11,25": 54.67175300870373,
        "11,26": 82.81955862588332,
        "11,27": 36.003320629310025,
        "11,28": 99.32377075545803,
        "11,29": 88.04308577932458,
        "11,30": 59.15177207734691,
        "11,31": 92.49212059866416,
        "11,32": 37.5308507215188,
        "11,33": 57.94996984151006,
        "11,34": 45.18363370328944,
        "11,35": 95.73336247059326,
        "11,36": 43.07005646903759,
        "11,37": 5.948336769080946,
        "11,38": 57.25787879381715,
        "11,39": 74.52708914117768,
        "11,40": 36.9202721455504,
        "11,41": 81.23381235735802,
        "11,42": 70.48445090325909,
        "11,43": 16.96289538148185,
        "11,44": 32.82965454512947,
        "11,45": 9.101852215041069,
        "11,46": 95.08466464681084,
        "11,47": 39.99531734397845,
        "11,48": 35.480993920752525,
        "11,49": 9.340659010495568,
        "11,50": 71.5990763138336,
        "12,0": 111.1361756560705,
        "12,1": 89.96190164968176,
        "12,2": 57.77978036705124,
        "12,3": 46.176741617060365,
        "12,4": 39.07007752625221,
        "12,5": 89.73415587474078,
        "12,6": 12.762905880276357,
        "12,7": 28.904620696048738,
        "12,8": 48.29631452277672,
        "12,9": 26.93159024378868,
        "12,10": 68.60573426681061,
        "12,11": 91.17688499096913,
        "12,12": 0.0,
        "12,13": 41.04109798779762,
        "12,14": 61.580125191103036,
        "12,15": 72.47089313195026,
        "12,16": 40.98406970074034,
        "12,17": 52.58162032487423,
        "12,18": 27.306368090172686,
        "12,19": 36.45017073037012,
        "12,20": 77.77188456136224,
        "12,21": 4.794118259730301,
        "12,22": 79.94645800700279,
        "12,23": 20.599946718044784,
        "12,24": 26.43046298101801,
        "12,25": 40.694246553074045,
        "12,26": 18.357273054544322,
        "12,27": 55.99766964555689,
        "12,28": 56.09624868129296,
        "12,29": 63.461689151734014,
        "12,30": 59.286462985359016,
        "12,31": 8.123036635520027,
        "12,32": 91.58541218646299,
        "12,33": 35.107440775298265,
        "12,34": 94.88515366694756,
        "12,35": 7.350209792303978,
        "12,36": 92.06846464005828,
        "12,37": 88.10941370558052,
        "12,38": 39.51877578531378,
        "12,39": 24.946570877329172,
        "12,40": 82.2777245178539,
        "12,41": 24.756322013552186,
        "12,42": 39.47262258433664,
        "12,43": 77.14397156146433,
        "12,44": 86.60733162855351,
        "12,45": 82.81436056201288,
        "12,46": 62.003539075511966,
        "12,47": 73.38413260021136,
        "12,48": 56.04736195753546,
        "12,49": 85.29103743845468,
        "12,50": 63.066495075814274,
        "13,0": 88.58485595936749,
        "13,1": 49.8825998893597,
        "13,2": 39.24501176436206,
        "13,3": 23.037205133986816,
        "13,4": 9.51286694214209,
        "13,5": 52.34310680367392,
        "13,6": 35.11592352547099,
        "13,7": 43.87236735061027,
        "13,8": 73.45933950545266,
        "13,9": 20.516419944081267,
        "13,10": 53.467956364723605,
        "13,11": 55.265460907573654,
        "13,12": 41.04109798779762,
        "13,13": 0.0,
        "13,14": 46.235281965738444,
        "13,15": 43.416983675053366,
        "13,16": 13.775590563418435,
        "13,17": 15.25214771392344,
        "13,18": 32.68496122201491,
        "13,19": 7.816638836396672,
        "13,20": 39.47504802284009,
        "13,21": 45.73639851472713,
        "13,22": 60.12743622431098,
        "13,23": 20.60147458391331,
        "13,24": 54.780952655898396,
        "13,25": 1.5175933314626695,
        "13,26": 28.254474026683518,
        "13,27": 19.91632876792291,
        "13,28": 76.56690419879754,
        "13,29": 74.69894364363405,
        "13,30": 23.73057991634622,
        "13,31": 39.70654660148355,
        "13,32": 69.37997047455205,
        "13,33": 7.546147472479386,
        "13,34": 75.32590422203745,
        "13,35": 43.480423289663875,
        "13,36": 72.1973151927727,
        "13,37": 50.944621103564955,
        "13,38": 31.28502345051411,
        "13,39": 37.49492645730938,
        "13,40": 41.28466492571329,
        "13,41": 25.992181343554307,
        "13,42": 45.607296387508306,
        "13,43": 45.46299837711879,
        "13,44": 63.13024700419915,
        "13,45": 46.22340613337049,
        "13,46": 77.8011907142534,
        "13,47": 54.566677004361935,
        "13,48": 21.174006777713497,
        "13,49": 51.966292015424806,
        "13,50": 64.6618761418448,
        "14,0": 49.59584731874673,
        "14,1": 77.40219923179608,
        "14,2": 7.229250611571474,
        "14,3": 23.227647683845717,
        "14,4": 37.31017036719573,
        "14,5": 48.13659940470696,
        "14,6": 48.889979142771274,
        "14,7": 38.085504189712566,
        "14,8": 57.48874944683164,
        "14,9": 60.27995048226441,
        "14,10": 7.573278668940224,
        "14,11": 45.57908903421001,
        "14,12": 61.580125191103036,
        "14,13": 46.235281965738444,
        "14,14": 0.0,
        "14,15": 22.331468358439444,
        "14,16": 59.837783773470356,
        "14,17": 36.60834326986728,
        "14,18": 72.06745313855436,
        "14,19": 40.56652023644084,
        "14,20": 43.53512457806551,
        "14,21": 65.50311760406605,
        "14,22": 18.455706252255943,
        "14,23": 52.10589039245612,
        "14,24": 52.54040061086408,
        "14,25": 44.762913943696844,
        "14,26": 62.51733195894372,
        "14,27": 33.71458928196137,
        "14,28": 53.90506747020805,
        "14,29": 42.6915543354825,
        "14,30": 66.16967873035105,
        "14,31": 66.41583759902163,
        "14,32": 30.269963151065507,
        "14,33": 42.333803924687636,
        "14,34": 33.348157824484296,
        "14,35": 68.22480061746535,
        "14,36": 30.49371629611432,
        "14,37": 46.45546135237588,
        "14,38": 22.2124570916681,
        "14,39": 38.07999427970537,
        "14,40": 64.28709035746436,
        "14,41": 64.6314424623498,
        "14,42": 28.127600726332382,
        "14,43": 28.783469978149004,
        "14,44": 26.04773339222826,
        "14,45": 41.710236752914085,
        "14,46": 49.53053549446822,
        "14,47": 11.926267402511654,
        "14,48": 31.6307719508495,
        "14,49": 36.46048581235717,
        "14,50": 26.722068720401797,
        "15,0": 45.538369833410144,
        "15,1": 59.29835362568444,
        "15,2": 19.13436582987897,
        "15,3": 26.370260713886243,
        "15,4": 37.54004058035144,
        "15,5": 25.816266110533466,
        "15,6": 60.84872222947979,
        "15,7": 55.25770457519532,
        "15,8": 78.65767155503515,
        "15,9": 62.412588166690824,
        "15,10": 23.92197248023739,
        "15,11": 23.437516619050264,
        "15,12": 72.47089313195026,
        "15,13": 43.416983675053366,
        "15,14": 22.331468358439444,
        "15,15": 0.0,
        "15,16": 56.66284829904221,
        "15,17": 28.89930339770465,
        "15,18": 74.94028213765964,
        "15,19": 41.22504696954903,
        "15,20": 23.034455916477725,
        "15,21": 77.00489017367542,
        "15,22": 21.599764317402826,
        "15,23": 57.35655272706109,
        "15,24": 70.27076717011532,
        "15,25": 42.30903991365726,
        "15,26": 67.6450072285134,
        "15,27": 24.291994408232874,
        "15,28": 75.89758104201385,
        "15,29": 65.00443412640719,
        "15,30": 56.5202511324666,
        "15,31": 75.21827139556353,
        "15,32": 27.292160607468865,
        "15,33": 43.20489469650893,
        "15,34": 34.34174465259587,
        "15,35": 77.96566271623945,
        "15,36": 31.336873388541953,
        "15,37": 24.149695529399764,
        "15,38": 35.36411452061537,
        "15,39": 52.997527678918374,
        "15,40": 46.00603596747832,
        "15,41": 67.64026148964857,
        "15,42": 47.40004753735635,
        "15,43": 6.49021998416309,
        "15,44": 20.86330316256577,
        "15,45": 19.598262628730424,
        "15,46": 71.84464103572662,
        "15,47": 19.47413980907889,
        "15,48": 22.575408286286,
        "15,49": 14.705700871329984,
        "15,50": 48.82088430703272,
        "16,0": 102.0584576934642,
        "16,1": 50.13861611184034,
        "16,2": 52.924364279326184,
        "16,3": 36.610770478423866,
        "16,4": 22.598636024396363,
        "16,5": 62.449662492725075,
        "16,6": 39.3004989472456,
        "16,7": 52.09483512191555,
        "16,8": 80.87564503642703,
        "16,9": 14.556477787008424,
        "16,10": 67.14300006699513,
        "16,11": 66.13514089135587,
        "16,12": 40.98406970074034,
        "16,13": 13.775590563418435,
        "16,14": 59.837783773470356,
        "16,15": 56.66284829904221,
        "16,16": 0.0,
        "16,17": 27.855216760099747,
        "16,18": 23.52790696495755,
        "16,19": 19.699707001183658,
        "16,20": 49.45553541206656,
        "16,21": 45.13541954198205,
        "16,22": 73.88888842470506,
        "16,23": 21.62603387501885,
        "16,24": 60.40053252231616,
        "16,25": 15.173093991113513,
        "16,26": 23.94191991350005,
        "16,27": 32.562283219836964,
        "16,28": 85.33520561630341,
        "16,29": 85.46759740571223,
        "16,30": 18.3567595020779,
        "16,31": 37.00151506834885,
        "16,32": 82.99844356048908,
        "16,33": 18.27989721361418,
        "16,34": 89.04735497655143,
        "16,35": 41.03711592795255,
        "16,36": 85.91848659195657,
        "16,37": 61.246013700259454,
        "16,38": 43.2664141844593,
        "16,39": 45.40063038602477,
        "16,40": 44.86459247275678,
        "16,41": 18.963705166060937,
        "16,42": 56.057437449214206,
        "16,43": 58.14046802719601,
        "16,44": 76.7056298326306,
        "16,45": 57.03984401108074,
        "16,46": 87.70383250212645,
        "16,47": 68.34164785049295,
        "16,48": 34.122349118061116,
        "16,49": 63.98826439917536,
        "16,50": 76.82518099599528,
        "17,0": 74.4150875556698,
        "17,1": 45.35530657652031,
        "17,2": 29.391014551201817,
        "17,3": 16.35888990253587,
        "17,4": 13.53575411452725,
        "17,5": 37.81578941491241,
        "17,6": 43.89701326988065,
        "17,7": 47.19599502496385,
        "17,8": 76.20778679222626,
        "17,9": 35.56378443384946,
        "17,10": 43.02390350552649,
        "17,11": 40.29351546606556,
        "17,12": 52.58162032487423,
        "17,13": 15.25214771392344,
        "17,14": 36.60834326986728,
        "17,15": 28.89930339770465,
        "17,16": 27.855216760099747,
        "17,17": 0.0,
        "17,18": 47.88385084646335,
        "17,19": 16.287185610613395,
        "17,20": 25.330268088663853,
        "17,21": 57.37573848450783,
        "17,22": 47.50860493808646,
        "17,23": 33.492210613684215,
        "17,24": 60.56652614688494,
        "17,25": 14.478651631571969,
        "17,26": 42.56315971404488,
        "17,27": 4.723248489402913,
        "17,28": 77.30095490422946,
        "17,29": 72.13387252212875,
        "17,30": 29.686111629435374,
        "17,31": 52.8143620993198,
        "17,32": 55.692083305155315,
        "17,33": 17.91707408046227,
        "17,34": 62.15241435719896,
        "17,35": 56.29329206296478,
        "17,36": 59.039740022858346,
        "17,37": 36.31431324250688,
        "17,38": 29.22768984582158,
        "17,39": 41.914033150953166,
        "17,40": 33.90349470616511,
        "17,41": 41.02140938479324,
        "17,42": 45.17700944886124,
        "17,43": 30.35817245118658,
        "17,44": 49.31234129753927,
