{
    "num_robots": 5,
    "num_tasks": 60,
    "num_nodes": 61,
    "robot_capacity": [
        222,
        161,
        187,
        158,
        173
    ],
    "robot_speed": [
        1.18,
        1.16,
        1.14,
        1.12,
        0.96
    ],
    "task_demand": {
        "0": 0,
        "1": 5,
        "2": 12,
        "3": 11,
        "4": 14,
        "5": 9,
        "6": 11,
        "7": 13,
        "8": 11,
        "9": 11,
        "10": 15,
        "11": 7,
        "12": 7,
        "13": 14,
        "14": 14,
        "15": 5,
        "16": 12,
        "17": 10,
        "18": 10,
        "19": 13,
        "20": 12,
        "21": 5,
        "22": 6,
        "23": 8,
        "24": 7,
        "25": 14,
        "26": 7,
        "27": 14,
        "28": 13,
        "29": 12,
        "30": 14,
        "31": 13,
        "32": 8,
        "33": 14,
        "34": 6,
        "35": 6,
        "36": 10,
        "37": 12,
        "38": 10,
        "39": 11,
        "40": 8,
        "41": 15,
        "42": 14,
        "43": 14,
        "44": 15,
        "45": 10,
        "46": 11,
        "47": 13,
        "48": 12,
        "49": 12,
        "50": 15,
        "51": 6,
        "52": 5,
        "53": 7,
        "54": 7,
        "55": 7,
        "56": 13,
        "57": 9,
        "58": 7,
        "59": 13,
        "60": 8
    },
    "task_service_time": {
        "0": 0,
        "1": 60,
        "2": 19,
        "3": 90,
        "4": 75,
        "5": 85,
        "6": 22,
        "7": 10,
        "8": 38,
        "9": 40,
        "10": 30,
        "11": 79,
        "12": 62,
        "13": 55,
        "14": 63,
        "15": 73,
        "16": 72,
        "17": 58,
        "18": 47,
        "19": 28,
        "20": 66,
        "21": 20,
        "22": 41,
        "23": 40,
        "24": 91,
        "25": 37,
        "26": 54,
        "27": 31,
        "28": 100,
        "29": 75,
        "30": 93,
        "31": 64,
        "32": 22,
        "33": 27,
        "34": 52,
        "35": 97,
        "36": 11,
        "37": 100,
        "38": 91,
        "39": 77,
        "40": 69,
        "41": 30,
        "42": 96,
        "43": 57,
        "44": 41,
        "45": 64,
        "46": 60,
        "47": 100,
        "48": 90,
        "49": 12,
        "50": 21,
        "51": 62,
        "52": 31,
        "53": 39,
        "54": 86,
        "55": 51,
        "56": 36,
        "57": 33,
        "58": 28,
        "59": 92,
        "60": 18
    },
    "task_precedence": [],
    "coordinates": {
        "0": [
            50.0,
            50.0
        ],
        "1": [
            33.72039193941285,
            22.369468584090534
        ],
        "2": [
            65.05892626659173,
            4.548648065411964
        ],
        "3": [
            48.87748395130265,
            94.92796889567727
        ],
        "4": [
            13.87867666033914,
            28.242847188240138
        ],
        "5": [
            81.22025976378495,
            42.78405855543641
        ],
        "6": [
            0.16883370903851835,
            36.25741710281339
        ],
        "7": [
            54.001811559740865,
            75.2522517328422
        ],
        "8": [
            49.32822073586539,
            12.32958257449759
        ],
        "9": [
            26.20976817140388,
            76.409202979257
        ],
        "10": [
            8.880853665512989,
            19.628349922236055
        ],
        "11": [
            54.80531926858242,
            63.63782173678677
        ],
        "12": [
            82.26793603793516,
            6.920781640836104
        ],
        "13": [
            66.39023587229192,
            13.111092482147601
        ],
        "14": [
            25.139490853030956,
            34.32714860820564
        ],
        "15": [
            90.13504614996658,
            39.20412548606068
        ],
        "16": [
            50.81977196979578,
            73.51290265612059
        ],
        "17": [
            87.38441781659697,
            21.008673261819986
        ],
        "18": [
            66.29035838154152,
            12.85843963266723
        ],
        "19": [
            4.839618099024423,
            57.61819849898626
        ],
        "20": [
            29.43231539208081,
            91.94649330238384
        ],
        "21": [
            49.27835483797342,
            28.40190938979671
        ],
        "22": [
            42.53536668012564,
            84.14256372286239
        ],
        "23": [
            23.836268161523922,
            15.791848028672362
        ],
        "24": [
            38.19349820874706,
            36.11889666590742
        ],
        "25": [
            5.094332118593369,
            31.240476833906992
        ],
        "26": [
            70.72459582298268,
            17.550875712075552
        ],
        "27": [
            78.06691945203991,
            34.808734719736265
        ],
        "28": [
            18.62217337387788,
            66.31784645973487
        ],
        "29": [
            49.69575256296553,
            69.47658306855121
        ],
        "30": [
            47.98899846147601,
            72.75868191804629
        ],
        "31": [
            30.095506938472518,
            57.52536835343525
        ],
        "32": [
            30.71266113042922,
            71.85842012860057
        ],
        "33": [
            24.27526654936436,
            42.62153492112887
        ],
        "34": [
            74.51897123757752,
            97.53788340544783
        ],
        "35": [
            30.037230692628082,
            47.26924557246115
        ],
        "36": [
            18.125264017382893,
            48.79665904823655
        ],
        "37": [
            82.2013503520445,
            68.48547826763483
        ],
        "38": [
            1.7109930702173148,
            16.08476323935256
        ],
        "39": [
            44.01817523746363,
            12.192543024019177
        ],
        "40": [
            44.52982410639653,
            77.2112966347936
        ],
        "41": [
            41.90781950339706,
            43.7366604922547
        ],
        "42": [
            30.758546754143257,
            22.87329738372965
        ],
        "43": [
            30.334738053428712,
            55.45855010687455
        ],
        "44": [
            53.95190750236899,
            74.97650663675415
        ],
        "45": [
            82.99031190491404,
            53.467749964501685
        ],
        "46": [
            36.17469861424354,
            31.30429952392696
        ],
        "47": [
            1.774615723973505,
            6.646750438747928
        ],
        "48": [
            87.29993823601293,
            7.52294851669415
        ],
        "49": [
            88.2098183789091,
            79.28555601093056
        ],
        "50": [
            75.62418845750852,
            49.345062963653994
        ],
        "51": [
            4.566278103741461,
            69.18160002850612
        ],
        "52": [
            0.44677459386548435,
            40.205927884618085
        ],
        "53": [
            92.99598542629798,
            28.174254206774595
        ],
        "54": [
            37.8827785360218,
            4.760191133908598
        ],
        "55": [
            58.009301902209145,
            77.03776731731003
        ],
        "56": [
            26.529949890537864,
            69.36830372743744
        ],
        "57": [
            72.1693852518947,
            95.50665986204666
        ],
        "58": [
            13.89597412115089,
            91.25981500926588
        ],
        "59": [
            13.108326730853136,
            99.87358560432136
        ],
        "60": [
            95.5514152379974,
            52.446820630802705
        ]
    },
    "distance_matrix_str_keys": {
        "0,0": 0.0,
        "0,1": 32.06979739461873,
        "0,2": 47.88106779285969,
        "0,3": 44.94198962407569,
        "0,4": 42.167804048617455,
        "0,5": 32.04332115511094,
        "0,6": 51.691427902540106,
        "0,7": 25.56737595723322,
        "0,8": 37.67640689332406,
        "0,9": 35.54463577613287,
        "0,10": 51.119676482965886,
        "0,11": 14.459642976138214,
        "0,12": 53.824146538378095,
        "0,13": 40.36621520293961,
        "0,14": 29.388487300230373,
        "0,15": 41.56167508631807,
        "0,16": 23.527188897075348,
        "0,17": 47.30847409847208,
        "0,18": 40.557012744028434,
        "0,19": 45.7984392944991,
        "0,20": 46.71764067777576,
        "0,21": 21.610143214389577,
        "0,22": 34.94904016092427,
        "0,23": 43.06667534195243,
        "0,24": 18.223021547444183,
        "0,25": 48.66660782604819,
        "0,26": 38.5026562600447,
        "0,27": 31.91436210145274,
        "0,28": 35.36721811031312,
        "0,29": 19.478959277361753,
        "0,30": 22.847357173965506,
        "0,31": 21.27956796768394,
        "0,32": 29.151191591220872,
        "0,33": 26.761981578843763,
        "0,34": 53.48859980611855,
        "0,35": 20.148676834047272,
        "0,36": 31.897442270623152,
        "0,37": 37.130040011806024,
        "0,38": 59.009079596239864,
        "0,39": 38.27774850327974,
        "0,40": 27.755674894581286,
        "0,41": 10.232927585929854,
        "0,42": 33.25795420413077,
        "0,43": 20.40877989240231,
        "0,44": 25.287219235872982,
        "0,45": 33.17206610085984,
        "0,46": 23.25227246309567,
        "0,47": 64.84745126904085,
        "0,48": 56.52950818046975,
        "0,49": 48.141811467980425,
        "0,50": 25.63255696623906,
        "0,51": 49.31690242705992,
        "0,52": 50.51184016399004,
        "0,53": 48.21843985664535,
        "0,54": 46.83446767336612,
        "0,55": 28.199109533205643,
        "0,56": 30.429828152964163,
        "0,57": 50.61953905604963,
        "0,58": 54.825842622429874,
        "0,59": 62.03523271197632,
        "0,60": 45.6170840955862,
        "1,0": 32.06979739461873,
        "1,1": 0.0,
        "1,2": 36.05114946481906,
        "1,3": 74.12471521512528,
        "1,4": 20.692758188397928,
        "1,5": 51.70099541624896,
        "1,6": 36.312286815138705,
        "1,7": 56.63854460854127,
        "1,8": 18.558114958825787,
        "1,9": 54.55916387633446,
        "1,10": 24.990325991849385,
        "1,11": 46.34275706528492,
        "1,12": 50.946304736149884,
        "1,13": 33.956387184794906,
        "1,14": 14.717947377721915,
        "1,15": 58.87290448672801,
        "1,16": 53.92624264774566,
        "1,17": 53.68127641232276,
        "1,18": 33.93025767300037,
        "1,19": 45.56942020953228,
        "1,20": 69.70903792999712,
        "1,21": 16.686538036013825,
        "1,22": 62.39887068451772,
        "1,23": 11.872699567818978,
        "1,24": 14.45875002459797,
        "1,25": 29.969085542162393,
        "1,26": 37.316617509134424,
        "1,27": 46.0581137740313,
        "1,28": 46.469518200139426,
        "1,29": 49.7422595194935,
        "1,30": 52.37046832420318,
        "1,31": 35.34228458747756,
        "1,32": 49.580265929038454,
        "1,33": 22.346287936781355,
        "1,34": 85.52668974948274,
        "1,35": 25.17070858836533,
        "1,36": 30.685573332312504,
        "1,37": 66.91105796309061,
        "1,38": 32.62053244871142,
        "1,39": 14.478057698077023,
        "1,40": 55.89695812578268,
        "1,41": 22.882107860855054,
        "1,42": 3.004391845424038,
        "1,43": 33.26183952004347,
        "1,44": 56.36323868132965,
        "1,45": 58.2634372331578,
        "1,46": 9.265787887577439,
        "1,47": 35.6052873023771,
        "1,48": 55.59844367840808,
        "1,49": 78.79428025995904,
        "1,50": 49.83583905946305,
        "1,51": 55.14832729931642,
        "1,52": 37.75278654135727,
        "1,53": 59.55914303738577,
        "1,54": 18.094532723922878,
        "1,55": 59.821183819491175,
        "1,56": 47.54569340844373,
        "1,57": 82.62792406185463,
        "1,58": 71.68603331482146,
        "1,59": 80.19816324110892,
        "1,60": 68.75843619725485,
        "2,0": 47.88106779285969,
        "2,1": 36.05114946481906,
        "2,2": 0.0,
        "2,3": 91.81645119009477,
        "2,4": 56.398874295774284,
        "2,5": 41.51066508438731,
        "2,6": 72.22305827085343,
        "2,7": 71.56297476489857,
        "2,8": 17.54987288640871,
        "2,9": 81.68963482125892,
        "2,10": 58.16677100598569,
        "2,11": 59.97221774818336,
        "2,12": 17.37173091576796,
        "2,13": 8.66532397870483,
        "2,14": 49.802815365344685,
        "2,15": 42.77632410175612,
        "2,16": 70.41890318898781,
        "2,17": 27.737339497791464,
        "2,18": 8.400539324647939,
        "2,19": 80.26669458375699,
        "2,20": 94.38028795500418,
        "2,21": 28.600778143664442,
        "2,22": 82.71941819264941,
        "2,23": 42.72841076685595,
        "2,24": 41.453972323871604,
        "2,25": 65.63692767292522,
        "2,26": 14.18300868285281,
        "2,27": 32.93752770078353,
        "2,28": 77.27746042343905,
        "2,29": 66.7207902382733,
        "2,30": 70.3135204171245,
        "2,31": 63.474196202782736,
        "2,32": 75.56633737321121,
        "2,33": 55.7929351572295,
        "2,34": 93.46919460430611,
        "2,35": 55.24100480833673,
        "2,36": 64.50314045113599,
        "2,37": 66.19502216808594,
        "2,38": 64.38977087673739,
        "2,39": 22.38620856706146,
        "2,40": 75.50698333678277,
        "2,41": 45.51564634636334,
        "2,42": 38.88841482160613,
        "2,43": 61.624567933045064,
        "2,44": 71.29831084095733,
        "2,45": 52.10194930637198,
        "2,46": 39.372115666321655,
        "2,47": 63.31908080842249,
        "2,48": 22.43900792366799,
        "2,49": 78.24045766004363,
        "2,50": 46.025466351773744,
        "2,51": 88.52558365364234,
        "2,52": 73.79818255136468,
        "2,53": 36.587546242399455,
        "2,54": 27.176971059034333,
        "2,55": 72.83110333912836,
        "2,56": 75.40603278737098,
        "2,57": 91.23551138114156,
        "2,58": 100.68005832835802,
        "2,59": 108.56200306239592,
        "2,60": 56.78051442858938,
        "3,0": 44.94198962407569,
        "3,1": 74.12471521512528,
        "3,2": 91.81645119009477,
        "3,3": 0.0,
        "3,4": 75.31149957958415,
        "3,5": 61.3599424121924,
        "3,6": 76.25461465447412,
        "3,7": 20.33205792118655,
        "3,8": 82.59961614022065,
        "3,9": 29.270634255947385,
        "3,10": 85.26290548511453,
        "3,11": 31.846703766226927,
        "3,12": 94.12856792206274,
        "3,13": 83.67017237888841,
        "3,14": 65.08418959968716,
        "3,15": 69.33493464997348,
        "3,16": 21.502965953360533,
        "3,17": 83.34774275714815,
        "3,18": 83.89645897995533,
        "3,19": 57.71787068037987,
        "3,20": 19.672411570774795,
        "3,21": 66.52726727325977,
        "3,22": 12.51189099309707,
        "3,23": 83.00354278045891,
        "3,24": 59.7716866741555,
        "3,25": 77.28558099363765,
        "3,26": 80.40218185271769,
        "3,27": 66.83072244674102,
        "3,28": 41.64040014140169,
        "3,29": 25.46453620316039,
        "3,30": 22.187083890457323,
        "3,31": 41.853520614555265,
        "3,32": 29.362644098075606,
        "3,33": 57.803392082351245,
        "3,34": 25.773969892131607,
        "3,35": 51.24752727351693,
        "3,36": 55.44183239310144,
        "3,37": 42.54039706571395,
        "3,38": 91.87452824478076,
        "3,39": 82.87800417083548,
        "3,40": 18.242330501516903,
        "3,41": 51.663587550331044,
        "3,42": 74.29785711478685,
        "3,43": 43.60812361199475,
        "3,44": 20.586661231118807,
        "3,45": 53.69017400617827,
        "3,46": 64.87936543805898,
        "3,47": 100.06124987966727,
        "3,48": 95.47734066631259,
        "3,49": 42.328685455397334,
        "3,50": 52.85061508771659,
        "3,51": 51.248009458996364,
        "3,52": 73.07554571319051,
        "3,53": 80.01562720598136,
        "3,54": 90.83563008899378,
        "3,55": 20.086050174265516,
        "3,56": 33.951564943454,
        "3,57": 23.29908902577693,
        "3,58": 35.173304975952995,
        "3,59": 36.109441049261,
        "3,60": 63.11183581276462,
        "4,0": 42.167804048617455,
        "4,1": 20.692758188397928,
        "4,2": 56.398874295774284,
        "4,3": 75.31149957958415,
        "4,4": 0.0,
        "4,5": 68.89365459099827,
        "4,6": 15.880589556591094,
        "4,7": 61.80412664048932,
        "4,8": 38.85745959052996,
        "4,9": 49.71975108587207,
        "4,10": 9.959307096058684,
        "4,11": 54.10909626370725,
        "4,12": 71.63603337304419,
        "4,13": 54.64827400161671,
        "4,14": 12.799400769228365,
        "4,15": 77.04014219652541,
        "4,16": 58.42963669857389,
        "4,17": 73.86086416586576,
        "4,18": 54.622929037910346,
        "4,19": 30.73460336989288,
        "4,20": 65.57492055682258,
        "4,21": 35.400035534785,
        "4,22": 62.81706926895947,
        "4,23": 15.943055183245928,
        "4,24": 25.55861307476572,
        "4,25": 9.281728961819534,
        "4,26": 57.84268993998222,
        "4,27": 64.52318491645141,
        "4,28": 38.369341023735046,
        "4,29": 54.61761529819618,
        "4,30": 56.08184728651981,
        "4,31": 33.473147895886385,
        "4,32": 46.75148378452962,
        "4,33": 17.743611307749795,
        "4,34": 92.08174287424393,
        "4,35": 24.962025236135975,
        "4,36": 20.987917623173885,
        "4,37": 79.29348710061572,
        "4,38": 17.200916523764587,
        "4,39": 34.14676614621798,
        "4,40": 57.77025082998699,
        "4,41": 32.026412524917674,
        "4,42": 17.713330558842433,
        "4,43": 31.80403185019941,
        "4,44": 61.56215359754966,
        "4,45": 73.57114819174032,
        "4,46": 22.50522351305735,
        "4,47": 24.756810900531605,
        "4,48": 76.28889730703051,
        "4,49": 90.16915632933521,
        "4,50": 65.251909839686,
        "4,51": 41.98454776454439,
        "4,52": 17.986975645488318,
        "4,53": 79.11733850026285,
        "4,54": 33.58023290902232,
        "4,55": 65.7910048155573,
        "4,56": 43.02740858920682,
        "4,57": 89.00689413479489,
        "4,58": 63.01697019500656,
        "4,59": 71.63488064516416,
        "4,60": 85.18373411152379,
        "5,0": 32.04332115511094,
        "5,1": 51.70099541624896,
        "5,2": 41.51066508438731,
        "5,3": 61.3599424121924,
        "5,4": 68.89365459099827,
        "5,5": 0.0,
        "5,6": 81.31377936216668,
        "5,7": 42.36776476097801,
        "5,8": 44.097361152703044,
        "5,9": 64.47328534174618,
        "5,10": 75.9550953982442,
        "5,11": 33.65454679815098,
        "5,12": 35.87857656915503,
        "5,13": 33.17249650250645,
        "5,14": 56.714830225232646,
        "5,15": 9.606733945127203,
        "5,16": 43.22558869323398,
        "5,17": 22.63104613546386,
        "5,18": 33.44315510226742,
        "5,19": 77.80780249425743,
        "5,20": 71.40683561462856,
        "5,21": 35.03043683587594,
        "5,22": 56.63079464900836,
        "5,23": 63.41531298771233,
        "5,24": 43.53994250028032,
        "5,25": 76.99617613104284,
        "5,26": 27.328967744222208,
        "5,27": 8.576091499393135,
        "5,28": 66.875702559321,
        "5,29": 41.30720783516782,
        "5,30": 44.7525951590816,
        "5,31": 53.207579967612396,
        "5,32": 58.27809211526441,
        "5,33": 56.9452251389185,
        "5,34": 55.16238395516647,
        "5,35": 51.379172506732495,
        "5,36": 63.38083190464223,
        "5,37": 25.720138295991976,
        "5,38": 83.8723784122301,
        "5,39": 48.16467497671398,
        "5,40": 50.31324667025277,
        "5,41": 39.3239800843785,
        "5,42": 54.24779157075602,
        "5,43": 52.44024271323135,
        "5,44": 42.18905958327357,
        "5,45": 10.829328081947228,
        "5,46": 46.48534658038593,
        "5,47": 87.27837873620767,
        "5,48": 35.78139700305122,
        "5,49": 37.16467739840751,
        "5,50": 8.623386394542514,
        "5,51": 81.07196247878004,
        "5,52": 80.81461912458052,
        "5,53": 18.764703514442893,
        "5,54": 57.65372297481445,
        "5,55": 41.37710875345334,
        "5,56": 60.809144751401064,
        "5,57": 53.493840934875536,
        "5,58": 82.9605834180424,
        "5,59": 88.87322161454459,
        "5,60": 17.284414602502068,
        "6,0": 51.691427902540106,
        "6,1": 36.312286815138705,
        "6,2": 72.22305827085343,
        "6,3": 76.25461465447412,
        "6,4": 15.880589556591094,
        "6,5": 81.31377936216668,
        "6,6": 0.0,
        "6,7": 66.47245017371861,
        "6,8": 54.67345423574238,
        "6,9": 47.85703894664801,
        "6,10": 18.77299035897488,
        "6,11": 61.11327279910937,
        "6,12": 87.18314506508459,
        "6,13": 70.15002813907192,
        "6,14": 25.045152318644337,
        "6,15": 90.01445701253826,
        "6,16": 62.87677433287847,
        "6,17": 88.53859215026425,
        "6,18": 70.13963338701473,
        "6,19": 21.86547984090038,
        "6,20": 62.9096540141123,
        "6,21": 49.733832216536136,
        "6,22": 63.93676862974702,
        "6,23": 31.28876749076465,
        "6,24": 38.024916807625445,
        "6,25": 7.030663143993031,
        "6,26": 72.99349462988373,
        "6,27": 77.91155526025028,
        "6,28": 35.272583657968696,
        "6,29": 59.63580031007134,
        "6,30": 60.1590432941052,
        "6,31": 36.714186917050874,
        "6,32": 46.907961051294976,
        "6,33": 24.932350468628922,
        "6,34": 96.34956409232466,
        "6,35": 31.83365364852497,
        "6,36": 21.901277998881433,
        "6,37": 88.13615440458317,
        "6,38": 20.23151549909874,
        "6,39": 50.01882562500532,
        "6,40": 60.37481029166417,
        "6,41": 42.40379719813033,
        "6,42": 33.38959725478307,
        "6,43": 35.75842968524409,
        "6,44": 66.27055847807647,
        "6,45": 84.59073712741834,
        "6,46": 36.34495400082587,
        "6,47": 29.654175358115868,
        "6,48": 91.74692943645151,
        "6,49": 97.99303913817866,
        "6,50": 76.58196285285611,
        "6,51": 33.216552177024354,
        "6,52": 3.9582810068874976,
        "6,53": 93.17841820047711,
        "6,54": 49.13671619216113,
        "6,55": 70.77115743311097,
        "6,56": 42.323034619497854,
        "6,57": 93.24458263093918,
        "6,58": 56.689488967123154,
        "6,59": 64.91877520774591,
        "6,60": 96.74675005249819,
        "7,0": 25.56737595723322,
        "7,1": 56.63854460854127,
        "7,2": 71.56297476489857,
        "7,3": 20.33205792118655,
        "7,4": 61.80412664048932,
        "7,5": 42.36776476097801,
        "7,6": 66.47245017371861,
        "7,7": 0.0,
        "7,8": 63.095996269173085,
        "7,9": 27.816114248503265,
        "7,10": 71.62345491477383,
        "7,11": 11.642190892243603,
        "7,12": 73.94703238096508,
        "7,13": 63.36400184622175,
        "7,14": 50.07891394927722,
        "7,15": 51.03996520234102,
        "7,16": 3.6263909279985516,
        "7,17": 63.69273275533271,
        "7,18": 63.59242227957296,
        "7,19": 52.22912118084484,
        "7,20": 29.704508807837144,
        "7,21": 47.087850036532465,
        "7,22": 14.50920416346641,
        "7,23": 66.67457999247212,
        "7,24": 42.205713473391235,
        "7,25": 65.79496846295169,
        "7,26": 60.075788036486315,
        "7,27": 47.06174121574109,
        "7,28": 36.490305503608795,
        "7,29": 7.2041996504388095,
        "7,30": 6.509363392523627,
        "7,31": 29.76161613541796,
        "7,32": 23.535135875474698,
        "7,33": 44.14103711853824,
        "7,34": 30.29196626653492,
        "7,35": 36.84222808012989,
        "7,36": 44.57605913327053,
        "7,37": 29.00005536594839,
        "7,38": 78.96278486053748,
        "7,39": 63.84512398497714,
        "7,40": 9.672455905517184,
        "7,41": 33.75643842443546,
        "7,42": 57.30448688828431,
        "7,43": 30.85321688918381,
        "7,44": 0.2802245045651442,
        "7,45": 36.261517750322255,
        "7,46": 47.426031452448306,
        "7,47": 86.22293658117638,
        "7,48": 75.47200642817167,
        "7,49": 34.44496006587766,
        "7,50": 33.74477163400974,
        "7,51": 49.80687482862778,
        "7,52": 64.00302180124686,
        "7,53": 61.13005354651436,
        "7,54": 72.31150553752475,
        "7,55": 4.387259366319027,
        "7,56": 28.09491106414348,
        "7,57": 27.20848732517528,
        "7,58": 43.18240705078068,
        "7,59": 47.73350168447019,
        "7,60": 47.39680636467039,
        "8,0": 37.67640689332406,
        "8,1": 18.558114958825787,
        "8,2": 17.54987288640871,
        "8,3": 82.59961614022065,
        "8,4": 38.85745959052996,
        "8,5": 44.097361152703044,
        "8,6": 54.67345423574238,
        "8,7": 63.095996269173085,
        "8,8": 0.0,
        "8,9": 68.12239426351158,
        "8,10": 41.100626609824836,
        "8,11": 51.599748199693344,
        "8,12": 33.380832400067355,
        "8,13": 17.079903929806022,
        "8,14": 32.695375280795815,
        "8,15": 48.861416855044034,
        "8,16": 61.201498194846266,
        "8,17": 39.03332872567043,
        "8,18": 16.970380175436233,
        "8,19": 63.48460047078017,
        "8,20": 82.06521506278433,
        "8,21": 16.072404171920134,
        "8,22": 72.1335367747761,
        "8,23": 25.725997126013343,
        "8,24": 26.266204725762474,
        "8,25": 48.10674405835206,
        "8,26": 22.02423140309627,
        "8,27": 36.4859573681141,
        "8,28": 62.109532134275774,
        "8,29": 57.148182343022036,
        "8,30": 60.44393736159731,
        "8,31": 49.11778020419948,
        "8,32": 62.371640670791464,
        "8,33": 39.3097047870052,
        "8,34": 88.85397256925108,
        "8,35": 39.91143128552953,
        "8,36": 47.99450150295362,
        "8,37": 65.07017190587882,
        "8,38": 47.765068328097904,
        "8,39": 5.311813535271372,
        "8,40": 65.05890738104745,
        "8,41": 32.271766263761954,
        "8,42": 21.35422004583327,
        "8,43": 47.126003700895836,
        "8,44": 62.817319059132736,
        "8,45": 53.15529322731029,
        "8,46": 23.087984483600074,
        "8,47": 47.891961023851785,
        "8,48": 38.274731362566705,
        "8,49": 77.42661696145493,
        "8,50": 45.40510661652189,
        "8,51": 72.35871334395358,
        "8,52": 56.271541695445976,
        "8,53": 46.453496016916475,
        "8,54": 13.722020038275064,
        "8,55": 65.2879034961806,
        "8,56": 61.426190377555876,
        "8,57": 86.25627503287646,
        "8,58": 86.51835465594856,
        "8,59": 94.74087390466755,
        "8,60": 61.20438300684177,
        "9,0": 35.54463577613287,
        "9,1": 54.55916387633446,
        "9,2": 81.68963482125892,
        "9,3": 29.270634255947385,
        "9,4": 49.71975108587207,
        "9,5": 64.47328534174618,
        "9,6": 47.85703894664801,
        "9,7": 27.816114248503265,
        "9,8": 68.12239426351158,
        "9,9": 0.0,
        "9,10": 59.36629137680306,
        "9,11": 31.31794567643078,
        "9,12": 89.28134679012244,
        "9,13": 74.97413405412816,
        "9,14": 42.095662408689414,
        "9,15": 73.96390306028513,
        "9,16": 24.779847507978413,
        "9,17": 82.53215405031389,
        "9,18": 75.13423476370302,
        "9,19": 28.45672439852442,
        "9,20": 15.86796146877801,
        "9,21": 53.262181034742326,
        "9,22": 18.06460724894718,
        "9,23": 60.66380488810497,
        "9,24": 42.03473050266242,
        "9,25": 49.860560178300794,
        "9,26": 73.79615552005673,
        "9,27": 66.4812988618165,
        "9,28": 12.625651318468506,
        "9,29": 24.487806795770666,
        "9,30": 22.08305178290216,
        "9,31": 19.27947551001543,
        "9,32": 6.402005119825246,
        "9,33": 33.84300236876045,
        "9,34": 52.727604131431,
        "9,35": 29.390246460709587,
        "9,36": 28.77171857499856,
        "9,37": 56.54947115930443,
        "9,38": 65.10935425414601,
        "9,39": 66.64021892248805,
        "9,40": 18.337606269453808,
        "9,41": 36.24808751074825,
        "9,42": 53.72880581706619,
        "9,43": 21.352874099443362,
        "9,44": 27.779109299408834,
        "9,45": 61.240022967837675,
        "9,46": 46.19255518419908,
        "9,47": 73.91803879700775,
        "9,48": 92.0723896312234,
        "9,49": 62.06673531366046,
        "9,50": 56.34050591711042,
        "9,51": 22.818389661032274,
        "9,52": 44.43432193310017,
        "9,53": 82.38330594423797,
        "9,54": 72.59366411324996,
        "9,55": 31.80574537129564,
        "9,56": 7.048175551697115,
        "9,57": 49.769461134066475,
        "9,58": 19.291713287779555,
        "9,59": 26.874244543718852,
        "9,60": 73.36524916962752,
        "10,0": 51.119676482965886,
        "10,1": 24.990325991849385,
        "10,2": 58.16677100598569,
        "10,3": 85.26290548511453,
        "10,4": 9.959307096058684,
        "10,5": 75.9550953982442,
        "10,6": 18.77299035897488,
        "10,7": 71.62345491477383,
        "10,8": 41.100626609824836,
        "10,9": 59.36629137680306,
        "10,10": 0.0,
        "10,11": 63.607312082206725,
        "10,12": 74.47916588391091,
        "10,13": 57.87748859743113,
        "10,14": 21.917982708406434,
        "10,15": 83.57903316757061,
        "10,16": 68.28190017760262,
        "10,17": 78.51569828349716,
        "10,18": 57.807291210266136,
        "10,19": 38.204190605066636,
        "10,20": 75.18162302750716,
        "10,21": 41.33924826009497,
        "10,22": 72.76475814955793,
        "10,23": 15.439662221914434,
        "10,24": 33.63285985495733,
        "10,25": 12.213895236084145,
        "10,26": 61.878625898879456,
        "10,27": 70.83188393384583,
        "10,28": 47.69488857923553,
        "10,29": 64.42594446198414,
        "10,30": 65.9718058519473,
        "10,31": 43.430928144198624,
        "10,32": 56.60925764348918,
        "10,33": 27.670824064920776,
        "10,34": 101.87373501534074,
        "10,35": 34.80820882004812,
        "10,36": 30.59819243065974,
        "10,37": 88.10740164434795,
        "10,38": 7.997743902819274,
        "10,39": 35.91549236023694,
        "10,40": 67.72477276149571,
        "10,41": 40.88998790654301,
        "10,42": 22.117032778113664,
        "10,43": 41.762092866633516,
        "10,44": 71.37799622894738,
        "10,45": 81.46972932174266,
        "10,46": 29.686390336087854,
        "10,47": 14.799342648627151,
        "10,48": 79.34792730792985,
        "10,49": 99.25757845529084,
        "10,50": 73.05994643539222,
        "10,51": 49.74072937113801,
        "10,52": 22.238938926682472,
        "10,53": 84.54813937145343,
        "10,54": 32.59100783881279,
        "10,55": 75.56087368332605,
        "10,56": 52.77834406367592,
        "10,57": 98.80767252436623,
        "10,58": 71.80681181962426,
        "10,59": 80.35651422374912,
        "10,60": 92.675985362654,
        "11,0": 14.459642976138214,
        "11,1": 46.34275706528492,
        "11,2": 59.97221774818336,
        "11,3": 31.846703766226927,
        "11,4": 54.10909626370725,
        "11,5": 33.65454679815098,
        "11,6": 61.11327279910937,
        "11,7": 11.642190892243603,
        "11,8": 51.599748199693344,
        "11,9": 31.31794567643078,
        "11,10": 63.607312082206725,
        "11,11": 0.0,
        "11,12": 63.016013497094605,
        "11,13": 51.83783041260999,
        "11,14": 41.70344032368875,
        "11,15": 42.955734355100304,
        "11,16": 10.649028614585292,
        "11,17": 53.65297719513807,
        "11,18": 52.061999292212896,
        "11,19": 50.32700226807313,
        "11,20": 38.015394401818455,
        "11,21": 35.66674718476558,
        "11,22": 23.89552636872663,
        "11,23": 56.99402886749783,
        "11,24": 32.144110440027134,
        "11,25": 59.33607840245703,
        "11,26": 48.75889621289763,
        "11,27": 37.04346502868893,
        "11,28": 36.28226259969308,
        "11,29": 7.7587889395482526,
        "11,30": 11.386497257342898,
        "11,31": 25.454604922349453,
        "11,32": 25.45652007013943,
        "11,33": 37.06438223626869,
        "11,34": 39.21533188809814,
        "11,35": 29.688187842198264,
        "11,36": 39.56875741262374,
        "11,37": 27.8216155707589,
        "11,38": 71.27622918560436,
        "11,39": 52.56404834278311,
        "11,40": 17.024248049030746,
        "11,41": 23.715010416903084,
        "11,42": 47.32857185772854,
        "11,43": 25.801353247520186,
        "11,44": 11.370755775385376,
        "11,45": 29.96371421842588,
        "11,46": 37.31697582408544,
        "11,47": 77.8475287092297,
        "11,48": 64.84426927913957,
        "11,49": 36.88783198733738,
        "11,50": 25.25288632320235,
        "11,51": 50.54398811837392,
        "11,52": 59.193792146241975,
        "11,53": 52.11709511787676,
        "11,54": 61.26130728489353,
        "11,55": 13.777664761401565,
        "11,56": 28.85021555049514,
        "11,57": 36.29233570503338,
        "11,58": 49.36141238595753,
        "11,59": 55.24192040249123,
        "11,60": 42.254974174680456,
        "12,0": 53.824146538378095,
        "12,1": 50.946304736149884,
        "12,2": 17.37173091576796,
        "12,3": 94.12856792206274,
        "12,4": 71.63603337304419,
        "12,5": 35.87857656915503,
        "12,6": 87.18314506508459,
        "12,7": 73.94703238096508,
        "12,8": 33.380832400067355,
        "12,9": 89.28134679012244,
        "12,10": 74.47916588391091,
        "12,11": 63.016013497094605,
        "12,12": 0.0,
        "12,13": 17.041751989221233,
        "12,14": 63.36219850663902,
        "12,15": 33.22808618238232,
        "12,16": 73.64439968233094,
        "12,17": 14.988231253752598,
        "12,18": 17.04519786315328,
        "12,19": 92.54929764691947,
        "12,20": 100.10481732956356,
        "12,21": 39.36688096758536,
        "12,22": 86.8440020709381,
        "12,23": 59.10123204871982,
        "12,24": 52.868572810094484,
        "12,25": 80.91484855193958,
        "12,26": 15.692278460489389,
        "12,27": 28.20259681812836,
        "12,28": 87.05627153852828,
        "12,29": 70.52783442436615,
        "12,30": 74.22718285293237,
        "12,31": 72.68278031618921,
        "12,32": 82.914674594767,
        "12,33": 68.10061306031646,
        "12,34": 90.9478179380637,
        "12,35": 66.00034183631125,
        "12,36": 76.60203314909971,
        "12,37": 61.56473263487244,
        "12,38": 81.07650472881829,
        "12,39": 38.61134120144635,
        "12,40": 79.78045869931496,
        "12,41": 54.629185810185994,
        "12,42": 53.92309285377168,
        "12,43": 71.08426000571927,
        "12,44": 73.71145892428817,
        "12,45": 46.55257336622242,
        "12,46": 52.14539750113923,
        "12,47": 80.49378676808384,
        "12,48": 5.067904011308839,
        "12,49": 72.60830899689552,
        "12,50": 42.94134403660439,
        "12,51": 99.5688563358286,
        "12,52": 88.33234639998231,
        "12,53": 23.80758576148056,
        "12,54": 44.43771323783753,
        "12,55": 74.19483142703311,
        "12,56": 83.70433748930824,
        "12,57": 89.15962397969938,
        "12,58": 108.57162486520734,
        "12,59": 115.85885949802174,
        "12,60": 47.424371854294975,
        "13,0": 40.36621520293961,
        "13,1": 33.956387184794906,
        "13,2": 8.66532397870483,
        "13,3": 83.67017237888841,
        "13,4": 54.64827400161671,
        "13,5": 33.17249650250645,
        "13,6": 70.15002813907192,
        "13,7": 63.36400184622175,
        "13,8": 17.079903929806022,
        "13,9": 74.97413405412816,
        "13,10": 57.87748859743113,
        "13,11": 51.83783041260999,
        "13,12": 17.041751989221233,
        "13,13": 0.0,
        "13,14": 46.386905503472946,
        "13,15": 35.2797730500929,
        "13,16": 62.37642197522717,
        "13,17": 22.430502840597097,
        "13,18": 0.2716780732947506,
        "13,19": 75.95631003586858,
        "13,20": 87.06841165835583,
        "13,21": 22.94832356046771,
        "13,22": 74.93013206178044,
        "13,23": 42.63832335152625,
        "13,24": 36.392513903617676,
        "13,25": 63.92075088698892,
        "13,26": 6.204703966419463,
        "13,27": 24.64006124367283,
        "13,28": 71.50347168972908,
        "13,29": 58.7858341950791,
        "13,30": 62.42147437991788,
        "13,31": 57.35795715984201,
        "13,32": 68.73236388384221,
        "13,33": 51.42506056404365,
        "13,34": 84.81721148590948,
        "13,35": 49.88306734889067,
        "13,36": 60.024721317953045,
        "13,37": 57.58744604696246,
        "13,38": 64.74756495206577,
        "13,39": 22.390909542835946,
        "13,40": 67.72528165305326,
        "13,41": 39.20859761840031,
        "13,42": 36.944795492096944,
        "13,43": 55.61749805811201,
        "13,44": 63.10341893399297,
        "13,45": 43.637395974518014,
        "13,46": 35.269979788164896,
        "13,47": 64.93817124931866,
        "13,48": 21.643544208794314,
        "13,49": 69.67893371805643,
        "13,50": 37.39206462875117,
        "13,51": 83.46318691898699,
        "13,52": 71.2928481046051,
        "13,53": 30.57392271974208,
        "13,54": 29.705431777829475,
        "13,55": 64.47371409878197,
        "13,56": 68.94719875125011,
        "13,57": 82.59799084364734,
        "13,58": 94.14281889458077,
        "13,59": 101.81695366947386,
        "13,60": 48.96604834968557,
        "14,0": 29.388487300230373,
        "14,1": 14.717947377721915,
        "14,2": 49.802815365344685,
        "14,3": 65.08418959968716,
        "14,4": 12.799400769228365,
        "14,5": 56.714830225232646,
        "14,6": 25.045152318644337,
        "14,7": 50.07891394927722,
        "14,8": 32.695375280795815,
        "14,9": 42.095662408689414,
        "14,10": 21.917982708406434,
        "14,11": 41.70344032368875,
        "14,12": 63.36219850663902,
        "14,13": 46.386905503472946,
        "14,14": 0.0,
        "14,15": 65.17827177690546,
        "14,16": 46.850828792453086,
        "14,17": 63.653850773161786,
        "14,18": 46.41443055155787,
        "14,19": 30.895919452958328,
        "14,20": 57.77903794205638,
        "14,21": 24.855446370542683,
        "14,22": 52.765443984081756,
