{
    "num_robots": 7,
    "num_tasks": 30,
    "num_nodes": 31,
    "robot_capacity": [
        50,
        46,
        65,
        62,
        56,
        51,
        45
    ],
    "robot_speed": [
        0.93,
        1.0,
        0.84,
        0.81,
        0.87,
        1.19,
        1.19
    ],
    "task_demand": {
        "0": 0,
        "1": 8,
        "2": 12,
        "3": 5,
        "4": 14,
        "5": 12,
        "6": 9,
        "7": 13,
        "8": 10,
        "9": 12,
        "10": 7,
        "11": 6,
        "12": 15,
        "13": 10,
        "14": 9,
        "15": 14,
        "16": 11,
        "17": 8,
        "18": 8,
        "19": 14,
        "20": 7,
        "21": 10,
        "22": 11,
        "23": 15,
        "24": 8,
        "25": 12,
        "26": 5,
        "27": 14,
        "28": 13,
        "29": 7,
        "30": 5
    },
    "task_service_time": {
        "0": 0,
        "1": 31,
        "2": 65,
        "3": 93,
        "4": 80,
        "5": 89,
        "6": 86,
        "7": 10,
        "8": 40,
        "9": 12,
        "10": 10,
        "11": 26,
        "12": 30,
        "13": 88,
        "14": 30,
        "15": 14,
        "16": 57,
        "17": 11,
        "18": 22,
        "19": 77,
        "20": 92,
        "21": 22,
        "22": 99,
        "23": 26,
        "24": 55,
        "25": 73,
        "26": 97,
        "27": 79,
        "28": 13,
        "29": 32,
        "30": 39
    },
    "task_precedence": [],
    "coordinates": {
        "0": [
            50.0,
            50.0
        ],
        "1": [
            48.721878018663425,
            27.99327766268722
        ],
        "2": [
            21.658997940999704,
            22.59606450475602
        ],
        "3": [
            5.3813121870573415,
            98.63215424163381
        ],
        "4": [
            28.084725484092466,
            59.14894097949453
        ],
        "5": [
            43.25091062504814,
            56.07064151919011
        ],
        "6": [
            16.844375743785733,
            82.78686229161661
        ],
        "7": [
            69.97412788520889,
            18.735040727909613
        ],
        "8": [
            42.43131942791789,
            4.300876965364219
        ],
        "9": [
            63.97931124087144,
            70.31492109905564
        ],
        "10": [
            60.86885593265602,
            38.71846313220946
        ],
        "11": [
            11.375475521650081,
            83.0264878279899
        ],
        "12": [
            82.27054504160881,
            8.541531343936004
        ],
        "13": [
            49.17218737471822,
            5.260085208335785
        ],
        "14": [
            70.97771066227094,
            79.34647899205255
        ],
        "15": [
            88.23767275846029,
            74.37756107996472
        ],
        "16": [
            21.534594363272642,
            4.649372277941055
        ],
        "17": [
            90.96145877632455,
            75.39279342722074
        ],
        "18": [
            29.609395784253735,
            91.85172093335193
        ],
        "19": [
            34.25789692824301,
            10.945774623589976
        ],
        "20": [
            55.92105302791218,
            18.053828916943726
        ],
        "21": [
            57.95492041985397,
            30.10436018807582
        ],
        "22": [
            27.07373011440042,
            77.65978166195706
        ],
        "23": [
            99.8796299092707,
            0.4401040351707075
        ],
        "24": [
            48.59828325394319,
            52.32858065090025
        ],
        "25": [
            83.65215515658285,
            38.86810889306431
        ],
        "26": [
            91.52121742754842,
            75.36015440049344
        ],
        "27": [
            96.15166841998082,
            33.9189329009439
        ],
        "28": [
            56.65949842580687,
            79.66459264624677
        ],
        "29": [
            69.01451381827577,
            11.2119289572163
        ],
        "30": [
            90.60643824748064,
            81.16659608964444
        ]
    },
    "distance_matrix_str_keys": {
        "0,0": 0.0,
        "0,1": 22.04380692690709,
        "0,2": 39.42319213782354,
        "0,3": 65.99934642351316,
        "0,4": 23.748313164388342,
        "0,5": 9.077604080681361,
        "0,6": 46.62910849189265,
        "0,7": 37.100720519420506,
        "0,8": 46.32164474343492,
        "0,9": 24.660031671309966,
        "0,10": 15.665411050596443,
        "0,11": 50.81931512162494,
        "0,12": 52.53753611074985,
        "0,13": 44.7475725521279,
        "0,14": 36.073261203569295,
        "0,15": 45.347382528548515,
        "0,16": 53.54398895159204,
        "0,17": 48.19372431263266,
        "0,18": 46.55473429594865,
        "0,19": 42.10755667185226,
        "0,20": 32.49025570578429,
        "0,21": 21.42702131449988,
        "0,22": 35.92599855890558,
        "0,23": 70.31472653669725,
        "0,24": 2.7179215742775087,
        "0,25": 35.445543391227616,
        "0,26": 48.653354744381375,
        "0,27": 48.873072514342695,
        "0,28": 30.402910652618154,
        "0,29": 43.19798827451847,
        "0,30": 51.18827540522828,
        "1,0": 22.04380692690709,
        "1,1": 0.0,
        "1,2": 27.5958219295993,
        "1,3": 82.874939100668,
        "1,4": 37.370675956495646,
        "1,5": 28.605416363906617,
        "1,6": 63.391735011533484,
        "1,7": 23.181308753617902,
        "1,8": 24.513281669048595,
        "1,9": 44.987895835271544,
        "1,10": 16.204279551978694,
        "1,11": 66.50870620127337,
        "1,12": 38.77993674395969,
        "1,13": 22.73765198261974,
        "1,14": 55.96850340534929,
        "1,15": 60.93438915794662,
        "1,16": 35.834150069042515,
        "1,17": 63.48933987131412,
        "1,18": 66.65724082283431,
        "1,19": 22.35674638340895,
        "1,20": 12.272765058578027,
        "1,21": 9.47131149372586,
        "1,22": 54.179368095192224,
        "1,23": 58.10587711625223,
        "1,24": 24.33561684432914,
        "1,25": 36.583961174550815,
        "1,26": 63.83889461551997,
        "1,27": 47.79851888412003,
        "1,28": 52.277438822671165,
        "1,29": 26.332579290117387,
        "1,30": 67.68839027555616,
        "2,0": 39.42319213782354,
        "2,1": 27.5958219295993,
        "2,2": 0.0,
        "2,3": 77.75892229177711,
        "2,4": 37.11337700931502,
        "2,5": 39.83413108944201,
        "2,6": 60.38304998193324,
        "2,7": 48.46915809183395,
        "2,8": 27.68037620874037,
        "2,9": 63.78164463595019,
        "2,10": 42.395102325957026,
        "2,11": 61.2991590184932,
        "2,12": 62.21968775474485,
        "2,13": 32.51940606747902,
        "2,14": 75.18606898198121,
        "2,15": 84.34478838682038,
        "2,16": 17.94712339440981,
        "2,17": 87.1224750724172,
        "2,18": 69.71050690693431,
        "2,19": 17.159880827265678,
        "2,20": 34.561833326862356,
        "2,21": 37.064383074039654,
        "2,22": 55.329307529354615,
        "2,23": 81.29793262959105,
        "2,24": 40.121660104647965,
        "2,25": 64.09314292598768,
        "2,26": 87.54872297248069,
        "2,27": 75.34829330387953,
        "2,28": 66.94663500448031,
        "2,29": 48.704655076981126,
        "2,30": 90.46688175764744,
        "3,0": 65.99934642351316,
        "3,1": 82.874939100668,
        "3,2": 77.75892229177711,
        "3,3": 0.0,
        "3,4": 45.54524239522239,
        "3,5": 56.97006978297826,
        "3,6": 19.556970703226877,
        "3,7": 102.74132852771714,
        "3,8": 101.34640057308535,
        "3,9": 65.08141966768953,
        "3,10": 81.66099370737074,
        "3,11": 16.717261088339495,
        "3,12": 118.4410168102952,
        "3,13": 103.13090722601187,
        "3,14": 68.37269018220151,
        "3,15": 86.3334337124177,
        "3,16": 95.36085061858167,
        "3,17": 88.67936277005457,
        "3,18": 25.158980715458156,
        "3,19": 92.3187863700264,
        "3,20": 95.11641244492121,
        "3,21": 86.37153952814805,
        "3,22": 30.17285878327231,
        "3,23": 136.27769728050498,
        "3,24": 63.33819949657968,
        "3,25": 98.47875900713815,
        "3,26": 89.22818641800818,
        "3,27": 111.4767176900224,
        "3,28": 54.67376680649216,
        "3,29": 108.12714801851389,
        "3,30": 86.9963667837661,
        "4,0": 23.748313164388342,
        "4,1": 37.370675956495646,
        "4,2": 37.11337700931502,
        "4,3": 45.54524239522239,
        "4,4": 0.0,
        "4,5": 15.475435350808558,
        "4,6": 26.17435359741457,
        "4,7": 58.20657494706001,
        "4,8": 56.69334073669628,
        "4,9": 37.59122768254841,
        "4,10": 38.62905168829333,
        "4,11": 29.143374509645785,
        "4,12": 74.14319221035025,
        "4,13": 57.86786522166981,
        "4,14": 47.41042838093919,
        "4,15": 62.05068844063956,
        "4,16": 54.891777219864906,
        "4,17": 64.94109894239539,
        "4,18": 32.738302280885165,
        "4,19": 48.59684446971721,
        "4,20": 49.6353640720044,
        "4,21": 41.66312780924689,
        "4,22": 18.538428585213158,
        "4,23": 92.74284790093347,
        "4,24": 21.6176633193522,
        "4,25": 59.152780074356116,
        "4,26": 65.47512467092619,
        "4,27": 72.59243781745599,
        "4,28": 35.176833455870465,
        "4,29": 63.033361759508715,
        "4,30": 66.28530533547482,
        "5,0": 9.077604080681361,
        "5,1": 28.605416363906617,
        "5,2": 39.83413108944201,
        "5,3": 56.97006978297826,
        "5,4": 15.475435350808558,
        "5,5": 0.0,
        "5,6": 37.564099041456615,
        "5,7": 45.91380432048316,
        "5,8": 51.77625181189713,
        "5,9": 25.150866641915893,
        "5,10": 24.728325694139926,
        "5,11": 41.74519149859749,
        "5,12": 61.494293914586,
        "5,13": 51.15441477492125,
        "5,14": 36.20138188477403,
        "5,15": 48.56904437038963,
        "5,16": 55.818861707871484,
        "5,17": 51.474672988298586,
        "5,18": 38.293296687464355,
        "5,19": 46.01225823295955,
        "5,20": 40.072566038914616,
        "5,21": 29.840503853191226,
        "5,22": 26.977622974941873,
        "5,23": 79.38241964397513,
        "5,24": 6.526669408989717,
        "5,25": 43.91113399184523,
        "5,26": 51.98180283527565,
        "5,27": 57.35144610195818,
        "5,28": 27.137884158434208,
        "5,29": 51.730719521536486,
        "5,30": 53.594336754934055,
        "6,0": 46.62910849189265,
        "6,1": 63.391735011533484,
        "6,2": 60.38304998193324,
        "6,3": 19.556970703226877,
        "6,4": 26.17435359741457,
        "6,5": 37.564099041456615,
        "6,6": 0.0,
        "6,7": 83.21902672008378,
        "6,8": 82.55144807771488,
        "6,9": 48.7570657589762,
        "6,10": 62.29108010279698,
        "6,11": 5.474147425614108,
        "6,12": 98.95934921228023,
        "6,13": 83.99695571725069,
        "6,14": 54.242549595726125,
        "6,15": 71.88685001788456,
        "6,16": 78.27812910600143,
        "6,17": 74.48499346595717,
        "6,18": 15.656225561360346,
        "6,19": 73.92139472011219,
        "6,20": 75.61317555462327,
        "6,21": 66.82456817258591,
        "6,22": 11.442318236382174,
        "6,23": 116.94375583874597,
        "6,24": 44.00019957532958,
        "6,25": 79.95083670701518,
        "6,26": 75.04523085421103,
        "6,27": 93.15428704337467,
        "6,28": 39.93735797374173,
        "6,29": 88.57027937482869,
        "6,30": 73.77985583724224,
        "7,0": 37.100720519420506,
        "7,1": 23.181308753617902,
        "7,2": 48.46915809183395,
        "7,3": 102.74132852771714,
        "7,4": 58.20657494706001,
        "7,5": 45.91380432048316,
        "7,6": 83.21902672008378,
        "7,7": 0.0,
        "7,8": 31.095841864130307,
        "7,9": 51.92708239157059,
        "7,10": 21.960035253127874,
        "7,11": 86.98960989134069,
        "7,12": 15.972147897053935,
        "7,13": 24.784978419528347,
        "7,14": 60.61974617926428,
        "7,15": 58.563189312623116,
        "7,16": 50.44595586868411,
        "7,17": 60.41993875261274,
        "7,18": 83.5186238023999,
        "7,19": 36.55573580459338,
        "7,20": 14.069575774563505,
        "7,21": 16.544569292748523,
        "7,22": 72.88737355014375,
        "7,23": 35.05772040367842,
        "7,24": 39.81774300808091,
        "7,25": 24.339861622022738,
        "7,26": 60.586141700711046,
        "7,27": 30.26242240753307,
        "7,28": 62.36737652499518,
        "7,29": 7.5840668425192685,
        "7,30": 65.75250060469538,
        "8,0": 46.32164474343492,
        "8,1": 24.513281669048595,
        "8,2": 27.68037620874037,
        "8,3": 101.34640057308535,
        "8,4": 56.69334073669628,
        "8,5": 51.77625181189713,
        "8,6": 82.55144807771488,
        "8,7": 31.095841864130307,
        "8,8": 0.0,
        "8,9": 69.44184598681166,
        "8,10": 39.045012356455565,
        "8,11": 84.62970664266795,
        "8,12": 40.064286428901575,
        "8,13": 6.8087723658222465,
        "8,14": 80.29158633414112,
        "8,15": 83.71955364154778,
        "8,16": 20.8996307960275,
        "8,17": 86.07691334728118,
        "8,18": 88.4847557799132,
        "8,19": 10.533731544257513,
        "8,20": 19.264386831178133,
        "8,21": 30.11315217943146,
        "8,22": 74.94921245621235,
        "8,23": 57.57789458447075,
        "8,24": 48.42201734889983,
        "8,25": 53.79638297611643,
        "8,26": 86.36688598772561,
        "8,27": 61.34415321146885,
        "8,28": 76.69505015856546,
        "8,29": 27.466868471481007,
        "8,30": 90.71483257864574,
        "9,0": 24.660031671309966,
        "9,1": 44.987895835271544,
        "9,2": 63.78164463595019,
        "9,3": 65.08141966768953,
        "9,4": 37.59122768254841,
        "9,5": 25.150866641915893,
        "9,6": 48.7570657589762,
        "9,7": 51.92708239157059,
        "9,8": 69.44184598681166,
        "9,9": 0.0,
        "9,10": 31.74919035621354,
        "9,11": 54.11790333225205,
        "9,12": 64.42453659741106,
        "9,13": 66.71868246567895,
        "9,14": 11.425700522768821,
        "9,15": 24.59620188428524,
        "9,16": 78.18899086698653,
        "9,17": 27.455802173786566,
        "9,18": 40.560138505651004,
        "9,19": 66.39320764933873,
        "9,20": 52.87870347780781,
        "9,21": 40.65934693941822,
        "9,22": 37.629362138774006,
        "9,23": 78.5577681722438,
        "9,24": 23.66610370660157,
        "9,25": 37.09343318770627,
        "9,26": 28.000195989700728,
        "9,27": 48.57703699668476,
        "9,28": 11.874174400266275,
        "9,29": 59.31708813751583,
        "9,30": 28.753482271326156,
        "10,0": 15.665411050596443,
        "10,1": 16.204279551978694,
        "10,2": 42.395102325957026,
        "10,3": 81.66099370737074,
        "10,4": 38.62905168829333,
        "10,5": 24.728325694139926,
        "10,6": 62.29108010279698,
        "10,7": 21.960035253127874,
        "10,8": 39.045012356455565,
        "10,9": 31.74919035621354,
        "10,10": 0.0,
        "10,11": 66.42887743256269,
        "10,12": 36.9956687852832,
        "10,13": 35.44397140066287,
        "10,14": 41.86674834104172,
        "10,15": 44.951344817391515,
        "10,16": 52.03736239323689,
        "10,17": 47.440186008218284,
        "10,18": 61.64654842999905,
        "10,19": 38.46381892287029,
        "10,20": 21.248714333693762,
        "10,21": 9.093612577237979,
        "10,22": 51.56100093973148,
        "10,23": 54.65412391957598,
        "10,24": 18.324907987112727,
        "10,25": 22.783790671894938,
        "10,26": 47.77217604645827,
        "10,27": 35.60775684393156,
        "10,28": 41.16192673819807,
        "10,29": 28.687299711015424,
        "10,30": 51.82825285018827,
        "11,0": 50.81931512162494,
        "11,1": 66.50870620127337,
        "11,2": 61.2991590184932,
        "11,3": 16.717261088339495,
        "11,4": 29.143374509645785,
        "11,5": 41.74519149859749,
        "11,6": 5.474147425614108,
        "11,7": 86.98960989134069,
        "11,8": 84.62970664266795,
        "11,9": 54.11790333225205,
        "11,10": 66.42887743256269,
        "11,11": 0.0,
        "11,12": 102.83053838559431,
        "11,13": 86.46504960564128,
        "11,14": 59.715734097392094,
        "11,15": 77.34727724983614,
        "11,16": 79.0327776152649,
        "11,17": 79.951247775239,
        "11,18": 20.25735884825478,
        "11,19": 75.62562016594546,
        "11,20": 78.77661379710067,
        "11,21": 70.50103744598493,
        "11,22": 16.59026016466716,
        "11,23": 121.05162589508087,
        "11,24": 48.24830484616503,
        "11,25": 84.69876533463275,
        "11,26": 80.51156819903845,
        "11,27": 97.97221459805746,
        "11,28": 45.408645317794104,
        "11,29": 92.08468711769449,
        "11,30": 79.25278955179,
        "12,0": 52.53753611074985,
        "12,1": 38.77993674395969,
        "12,2": 62.21968775474485,
        "12,3": 118.4410168102952,
        "12,4": 74.14319221035025,
        "12,5": 61.494293914586,
        "12,6": 98.95934921228023,
        "12,7": 15.972147897053935,
        "12,8": 40.064286428901575,
        "12,9": 64.42453659741106,
        "12,10": 36.9956687852832,
        "12,11": 102.83053838559431,
        "12,12": 0.0,
        "12,13": 33.26062490372454,
        "12,14": 71.69985160215941,
        "12,15": 66.10589553581795,
        "12,16": 60.86053406762292,
        "12,17": 67.41382071706286,
        "12,18": 98.55853251002601,
        "12,19": 48.07280691415522,
        "12,20": 28.01391680035677,
        "12,21": 32.499310585114856,
        "12,22": 88.45349572025468,
        "12,23": 19.38331742286978,
        "12,24": 55.237006625156695,
        "12,25": 30.35803274840271,
        "12,26": 67.45593618627123,
        "12,27": 28.925734148526168,
        "12,28": 75.59375343088234,
        "12,29": 13.522329207906216,
        "12,30": 73.101895631085,
        "13,0": 44.7475725521279,
        "13,1": 22.73765198261974,
        "13,2": 32.51940606747902,
        "13,3": 103.13090722601187,
        "13,4": 57.86786522166981,
        "13,5": 51.15441477492125,
        "13,6": 83.99695571725069,
        "13,7": 24.784978419528347,
        "13,8": 6.8087723658222465,
        "13,9": 66.71868246567895,
        "13,10": 35.44397140066287,
        "13,11": 86.46504960564128,
        "13,12": 33.26062490372454,
        "13,13": 0.0,
        "13,14": 77.22871609524498,
        "13,15": 79.3935615722873,
        "13,16": 27.644339705438014,
        "13,17": 81.63908357148779,
        "13,18": 88.77394996476072,
        "13,19": 15.961300813171693,
        "13,20": 14.464683393922122,
        "13,21": 26.350984782566595,
        "13,22": 75.69714565201646,
        "13,23": 50.93600835268315,
        "13,24": 47.07199410654444,
        "13,25": 48.1494281817728,
        "13,26": 81.89908453188477,
        "13,27": 55.03091122587648,
        "13,28": 74.78028185192876,
        "13,29": 20.715751560196686,
        "13,30": 86.47887337125319,
        "14,0": 36.073261203569295,
        "14,1": 55.96850340534929,
        "14,2": 75.18606898198121,
        "14,3": 68.37269018220151,
        "14,4": 47.41042838093919,
        "14,5": 36.20138188477403,
        "14,6": 54.242549595726125,
        "14,7": 60.61974617926428,
        "14,8": 80.29158633414112,
        "14,9": 11.425700522768821,
        "14,10": 41.86674834104172,
        "14,11": 59.715734097392094,
        "14,12": 71.69985160215941,
        "14,13": 77.22871609524498,
        "14,14": 0.0,
        "14,15": 17.960969817327808,
        "14,16": 89.57834281128241,
        "14,17": 20.371102528618835,
        "14,18": 43.21710948058896,
        "14,19": 77.63376249263926,
        "14,20": 63.11491022213397,
        "14,21": 50.93505011289328,
        "14,22": 43.93636825946296,
        "14,23": 84.03295154280924,
        "14,24": 35.08283913678384,
        "14,25": 42.41627033474371,
        "14,26": 20.926692379931204,
        "14,27": 51.9364043138025,
        "14,28": 14.321745631919805,
        "14,29": 68.16282748168446,
        "14,30": 19.712934151549298,
        "15,0": 45.347382528548515,
        "15,1": 60.93438915794662,
        "15,2": 84.34478838682038,
        "15,3": 86.3334337124177,
        "15,4": 62.05068844063956,
        "15,5": 48.56904437038963,
        "15,6": 71.88685001788456,
        "15,7": 58.563189312623116,
        "15,8": 83.71955364154778,
        "15,9": 24.59620188428524,
        "15,10": 44.951344817391515,
        "15,11": 77.34727724983614,
        "15,12": 66.10589553581795,
        "15,13": 79.3935615722873,
        "15,14": 17.960969817327808,
        "15,15": 0.0,
        "15,16": 96.49518631001862,
        "15,17": 2.9068379710654297,
        "15,18": 61.176965628788814,
        "15,19": 83.29110235629996,
        "15,20": 64.93632816521563,
        "15,21": 53.639177905845266,
        "15,22": 61.25194569737928,
        "15,23": 74.84839824974257,
        "15,24": 45.358998426465384,
        "15,25": 35.80430373978657,
        "15,26": 3.427412322357019,
        "15,27": 41.22537957931768,
        "15,28": 32.01771067653517,
        "15,29": 66.02595641947175,
        "15,30": 7.1904135002537055,
        "16,0": 53.54398895159204,
        "16,1": 35.834150069042515,
        "16,2": 17.94712339440981,
        "16,3": 95.36085061858167,
        "16,4": 54.891777219864906,
        "16,5": 55.818861707871484,
        "16,6": 78.27812910600143,
        "16,7": 50.44595586868411,
        "16,8": 20.8996307960275,
        "16,9": 78.18899086698653,
        "16,10": 52.03736239323689,
        "16,11": 79.0327776152649,
        "16,12": 60.86053406762292,
        "16,13": 27.644339705438014,
        "16,14": 89.57834281128241,
        "16,15": 96.49518631001862,
        "16,16": 0.0,
        "16,17": 99.11973132597085,
        "16,18": 87.57540767252024,
        "16,19": 14.196024466662301,
        "16,20": 36.90674731376183,
        "16,21": 44.434182332668215,
        "16,22": 73.22022878474932,
        "16,23": 78.45803039742519,
        "16,24": 54.82472222859926,
        "16,25": 70.91906157335815,
        "16,26": 99.48940705584737,
        "16,27": 80.15244799660152,
        "16,28": 82.83140812703658,
        "16,29": 47.93130398416347,
        "16,30": 103.08154615359003,
        "17,0": 48.19372431263266,
        "17,1": 63.48933987131412,
        "17,2": 87.1224750724172,
        "17,3": 88.67936277005457,
        "17,4": 64.94109894239539,
        "17,5": 51.474672988298586,
        "17,6": 74.48499346595717,
        "17,7": 60.41993875261274,
        "17,8": 86.07691334728118,
        "17,9": 27.455802173786566,
        "17,10": 47.440186008218284,
        "17,11": 79.951247775239,
        "17,12": 67.41382071706286,
        "17,13": 81.63908357148779,
        "17,14": 20.371102528618835,
        "17,15": 2.9068379710654297,
        "17,16": 99.11973132597085,
        "17,17": 0.0,
        "17,18": 63.521428888486966,
        "17,19": 85.84120315404918,
        "17,20": 67.19811668584305,
        "17,21": 56.03993004575978,
        "17,22": 63.92793684482611,
        "17,23": 75.48138461539801,
        "17,24": 48.23480642991611,
        "17,25": 37.24887246246811,
        "17,26": 0.5607094200079709,
        "17,27": 41.79736095853621,
        "17,28": 34.56693148742246,
        "17,29": 67.8295787773203,
        "17,30": 5.784707145613481,
        "18,0": 46.55473429594865,
        "18,1": 66.65724082283431,
        "18,2": 69.71050690693431,
        "18,3": 25.158980715458156,
        "18,4": 32.738302280885165,
        "18,5": 38.293296687464355,
        "18,6": 15.656225561360346,
        "18,7": 83.5186238023999,
        "18,8": 88.4847557799132,
        "18,9": 40.560138505651004,
        "18,10": 61.64654842999905,
        "18,11": 20.25735884825478,
        "18,12": 98.55853251002601,
        "18,13": 88.77394996476072,
        "18,14": 43.21710948058896,
        "18,15": 61.176965628788814,
        "18,16": 87.57540767252024,
        "18,17": 63.521428888486966,
        "18,18": 0.0,
        "18,19": 81.03937753440457,
        "18,20": 78.34814722106202,
        "18,21": 67.94266204583602,
        "18,22": 14.416682720800672,
        "18,23": 115.29956421394033,
        "18,24": 43.848106745022456,
        "18,25": 75.68277865810145,
        "18,26": 64.070628418167,
        "18,27": 88.2274445778373,
        "18,28": 29.66874026319484,
        "18,29": 89.75265665833874,
        "18,30": 61.92585148535562,
        "19,0": 42.10755667185226,
        "19,1": 22.35674638340895,
        "19,2": 17.159880827265678,
        "19,3": 92.3187863700264,
        "19,4": 48.59684446971721,
        "19,5": 46.01225823295955,
        "19,6": 73.92139472011219,
        "19,7": 36.55573580459338,
        "19,8": 10.533731544257513,
        "19,9": 66.39320764933873,
        "19,10": 38.46381892287029,
        "19,11": 75.62562016594546,
        "19,12": 48.07280691415522,
        "19,13": 15.961300813171693,
        "19,14": 77.63376249263926,
        "19,15": 83.29110235629996,
        "19,16": 14.196024466662301,
        "19,17": 85.84120315404918,
        "19,18": 81.03937753440457,
        "19,19": 0.0,
        "19,20": 22.799490521410743,
        "19,21": 30.472944117588757,
        "19,22": 67.09970929835993,
        "19,23": 66.45736192436226,
        "19,24": 43.79706970408313,
        "19,25": 56.74019295864422,
        "19,26": 86.18758725390404,
        "19,27": 66.01973152556599,
        "19,28": 72.27798904290763,
        "19,29": 34.75763593470965,
        "19,30": 90.03400399945194,
        "20,0": 32.49025570578429,
        "20,1": 12.272765058578027,
        "20,2": 34.561833326862356,
        "20,3": 95.11641244492121,
        "20,4": 49.6353640720044,
        "20,5": 40.072566038914616,
        "20,6": 75.61317555462327,
        "20,7": 14.069575774563505,
        "20,8": 19.264386831178133,
        "20,9": 52.87870347780781,
        "20,10": 21.248714333693762,
        "20,11": 78.77661379710067,
        "20,12": 28.01391680035677,
        "20,13": 14.464683393922122,
        "20,14": 63.11491022213397,
        "20,15": 64.93632816521563,
        "20,16": 36.90674731376183,
        "20,17": 67.19811668584305,
        "20,18": 78.34814722106202,
        "20,19": 22.799490521410743,
        "20,20": 0.0,
        "20,21": 12.220962338725071,
        "20,22": 66.2196167454719,
        "20,23": 47.35609554899029,
        "20,24": 35.04827475906495,
        "20,25": 34.67345203747526,
        "20,26": 67.463965535,
        "20,27": 43.245854590326786,
        "20,28": 61.61518894650633,
        "20,29": 14.773297212460967,
        "20,30": 72.01595189973807,
        "21,0": 21.42702131449988,
        "21,1": 9.47131149372586,
        "21,2": 37.064383074039654,
        "21,3": 86.37153952814805,
        "21,4": 41.66312780924689,
        "21,5": 29.840503853191226,
        "21,6": 66.82456817258591,
        "21,7": 16.544569292748523,
        "21,8": 30.11315217943146,
        "21,9": 40.65934693941822,
        "21,10": 9.093612577237979,
        "21,11": 70.50103744598493,
        "21,12": 32.499310585114856,
        "21,13": 26.350984782566595,
        "21,14": 50.93505011289328,
        "21,15": 53.639177905845266,
        "21,16": 44.434182332668215,
        "21,17": 56.03993004575978,
        "21,18": 67.94266204583602,
        "21,19": 30.472944117588757,
        "21,20": 12.220962338725071,
        "21,21": 0.0,
        "21,22": 56.702434041583466,
        "21,23": 51.358050575125596,
        "21,24": 24.113536327853843,
        "21,25": 27.1505278858208,
        "21,26": 56.345214567037104,
        "21,27": 38.38674931232068,
        "21,28": 49.577159654931855,
        "21,29": 21.89151808238002,
        "21,30": 60.60918702404171,
        "22,0": 35.92599855890558,
        "22,1": 54.179368095192224,
        "22,2": 55.329307529354615,
        "22,3": 30.17285878327231,
        "22,4": 18.538428585213158,
        "22,5": 26.977622974941873,
        "22,6": 11.442318236382174,
        "22,7": 72.88737355014375,
        "22,8": 74.94921245621235,
        "22,9": 37.629362138774006,
        "22,10": 51.56100093973148,
        "22,11": 16.59026016466716,
        "22,12": 88.45349572025468,
        "22,13": 75.69714565201646,
        "22,14": 43.93636825946296,
        "22,15": 61.25194569737928,
        "22,16": 73.22022878474932,
        "22,17": 63.92793684482611,
        "22,18": 14.416682720800672,
        "22,19": 67.09970929835993,
        "22,20": 66.2196167454719,
        "22,21": 56.702434041583466,
        "22,22": 0.0,
        "22,23": 106.13000356979877,
        "22,24": 33.24118127443075,
        "22,25": 68.59965055641837,
        "22,26": 64.48850212650345,
        "22,27": 81.76199245910901,
        "22,28": 29.653616198685633,
        "22,29": 78.57700978509033,
        "22,30": 63.62941733312819,
        "23,0": 70.31472653669725,
        "23,1": 58.10587711625223,
        "23,2": 81.29793262959105,
        "23,3": 136.27769728050498,
        "23,4": 92.74284790093347,
        "23,5": 79.38241964397513,
        "23,6": 116.94375583874597,
        "23,7": 35.05772040367842,
        "23,8": 57.57789458447075,
        "23,9": 78.5577681722438,
        "23,10": 54.65412391957598,
        "23,11": 121.05162589508087,
        "23,12": 19.38331742286978,
        "23,13": 50.93600835268315,
        "23,14": 84.03295154280924,
        "23,15": 74.84839824974257,
        "23,16": 78.45803039742519,
        "23,17": 75.48138461539801,
        "23,18": 115.29956421394033,
        "23,19": 66.45736192436226,
        "23,20": 47.35609554899029,
        "23,21": 51.358050575125596,
        "23,22": 106.13000356979877,
        "23,23": 0.0,
        "23,24": 72.95334481903474,
        "23,25": 41.71381658644311,
        "23,26": 75.38485926203688,
        "23,27": 33.68574890201132,
        "23,28": 90.2468800631602,
        "23,29": 32.690787746118886,
        "23,30": 81.25736030057404,
        "24,0": 2.7179215742775087,
        "24,1": 24.33561684432914,
        "24,2": 40.121660104647965,
        "24,3": 63.33819949657968,
        "24,4": 21.6176633193522,
        "24,5": 6.526669408989717,
        "24,6": 44.00019957532958,
        "24,7": 39.81774300808091,
        "24,8": 48.42201734889983,
        "24,9": 23.66610370660157,
        "24,10": 18.324907987112727,
        "24,11": 48.24830484616503,
        "24,12": 55.237006625156695,
        "24,13": 47.07199410654444,
        "24,14": 35.08283913678384,
        "24,15": 45.358998426465384,
        "24,16": 54.82472222859926,
        "24,17": 48.23480642991611,
        "24,18": 43.848106745022456,
        "24,19": 43.79706970408313,
        "24,20": 35.04827475906495,
        "24,21": 24.113536327853843,
        "24,22": 33.24118127443075,
        "24,23": 72.95334481903474,
        "24,24": 0.0,
        "24,25": 37.54941058538961,
        "24,26": 48.71172002151637,
        "24,27": 50.99254426901055,
        "24,28": 28.499837575972506,
        "24,29": 45.906443087607116,
        "24,30": 50.95405990111401,
        "25,0": 35.445543391227616,
        "25,1": 36.583961174550815,
        "25,2": 64.09314292598768,
        "25,3": 98.47875900713815,
        "25,4": 59.152780074356116,
        "25,5": 43.91113399184523,
        "25,6": 79.95083670701518,
        "25,7": 24.339861622022738,
        "25,8": 53.79638297611643,
        "25,9": 37.09343318770627,
        "25,10": 22.783790671894938,
        "25,11": 84.69876533463275,
        "25,12": 30.35803274840271,
        "25,13": 48.1494281817728,
        "25,14": 42.41627033474371,
        "25,15": 35.80430373978657,
        "25,16": 70.91906157335815,
        "25,17": 37.24887246246811,
        "25,18": 75.68277865810145,
        "25,19": 56.74019295864422,
        "25,20": 34.67345203747526,
        "25,21": 27.1505278858208,
        "25,22": 68.59965055641837,
        "25,23": 41.71381658644311,
        "25,24": 37.54941058538961,
        "25,25": 0.0,
        "25,26": 37.33083881110378,
        "25,27": 13.443666717932384,
        "25,28": 48.91785567672797,
        "25,29": 31.29097046422367,
        "25,30": 42.86635128428358,
        "26,0": 48.653354744381375,
        "26,1": 63.83889461551997,
        "26,2": 87.54872297248069,
        "26,3": 89.22818641800818,
        "26,4": 65.47512467092619,
        "26,5": 51.98180283527565,
        "26,6": 75.04523085421103,
        "26,7": 60.586141700711046,
        "26,8": 86.36688598772561,
        "26,9": 28.000195989700728,
        "26,10": 47.77217604645827,
        "26,11": 80.51156819903845,
        "26,12": 67.45593618627123,
        "26,13": 81.89908453188477,
        "26,14": 20.926692379931204,
        "26,15": 3.427412322357019,
        "26,16": 99.48940705584737,
        "26,17": 0.5607094200079709,
        "26,18": 64.070628418167,
        "26,19": 86.18758725390404,
        "26,20": 67.463965535,
        "26,21": 56.345214567037104,
        "26,22": 64.48850212650345,
        "26,23": 75.38485926203688,
        "26,24": 48.71172002151637,
        "26,25": 37.33083881110378,
        "26,26": 0.0,
        "26,27": 41.6991116903951,
        "26,28": 35.12645214603791,
        "26,29": 67.98195742163618,
        "26,30": 5.878059717100211,
        "27,0": 48.873072514342695,
        "27,1": 47.79851888412003,
        "27,2": 75.34829330387953,
        "27,3": 111.4767176900224,
        "27,4": 72.59243781745599,
        "27,5": 57.35144610195818,
        "27,6": 93.15428704337467,
        "27,7": 30.26242240753307,
        "27,8": 61.34415321146885,
        "27,9": 48.57703699668476,
        "27,10": 35.60775684393156,
        "27,11": 97.97221459805746,
        "27,12": 28.925734148526168,
        "27,13": 55.03091122587648,
        "27,14": 51.9364043138025,
        "27,15": 41.22537957931768,
        "27,16": 80.15244799660152,
        "27,17": 41.79736095853621,
        "27,18": 88.2274445778373,
        "27,19": 66.01973152556599,
        "27,20": 43.245854590326786,
        "27,21": 38.38674931232068,
        "27,22": 81.76199245910901,
        "27,23": 33.68574890201132,
        "27,24": 50.99254426901055,
        "27,25": 13.443666717932384,
        "27,26": 41.6991116903951,
        "27,27": 0.0,
        "27,28": 60.434235962587934,
        "27,29": 35.384080996647384,
        "27,30": 47.57195869899509,
        "28,0": 30.402910652618154,
        "28,1": 52.277438822671165,
        "28,2": 66.94663500448031,
        "28,3": 54.67376680649216,
        "28,4": 35.176833455870465,
        "28,5": 27.137884158434208,
        "28,6": 39.93735797374173,
        "28,7": 62.36737652499518,
        "28,8": 76.69505015856546,
        "28,9": 11.874174400266275,
        "28,10": 41.16192673819807,
        "28,11": 45.408645317794104,
        "28,12": 75.59375343088234,
        "28,13": 74.78028185192876,
        "28,14": 14.321745631919805,
        "28,15": 32.01771067653517,
        "28,16": 82.83140812703658,
        "28,17": 34.56693148742246,
        "28,18": 29.66874026319484,
        "28,19": 72.27798904290763,
        "28,20": 61.61518894650633,
        "28,21": 49.577159654931855,
        "28,22": 29.653616198685633,
        "28,23": 90.2468800631602,
        "28,24": 28.499837575972506,
        "28,25": 48.91785567672797,
        "28,26": 35.12645214603791,
        "28,27": 60.434235962587934,
        "28,28": 0.0,
        "28,29": 69.5587059358615,
        "28,30": 33.98015211267187,
        "29,0": 43.19798827451847,
        "29,1": 26.332579290117387,
        "29,2": 48.704655076981126,
        "29,3": 108.12714801851389,
        "29,4": 63.033361759508715,
        "29,5": 51.730719521536486,
        "29,6": 88.57027937482869,
        "29,7": 7.5840668425192685,
        "29,8": 27.466868471481007,
        "29,9": 59.31708813751583,
        "29,10": 28.687299711015424,
        "29,11": 92.08468711769449,
        "29,12": 13.522329207906216,
        "29,13": 20.715751560196686,
        "29,14": 68.16282748168446,
        "29,15": 66.02595641947175,
        "29,16": 47.93130398416347,
        "29,17": 67.8295787773203,
        "29,18": 89.75265665833874,
        "29,19": 34.75763593470965,
        "29,20": 14.773297212460967,
        "29,21": 21.89151808238002,
        "29,22": 78.57700978509033,
        "29,23": 32.690787746118886,
        "29,24": 45.906443087607116,
        "29,25": 31.29097046422367,
        "29,26": 67.98195742163618,
        "29,27": 35.384080996647384,
        "29,28": 69.5587059358615,
        "29,29": 0.0,
        "29,30": 73.21111018257622,
        "30,0": 51.18827540522828,
        "30,1": 67.68839027555616,
        "30,2": 90.46688175764744,
        "30,3": 86.9963667837661,
        "30,4": 66.28530533547482,
        "30,5": 53.594336754934055,
        "30,6": 73.77985583724224,
        "30,7": 65.75250060469538,
        "30,8": 90.71483257864574,
        "30,9": 28.753482271326156,
        "30,10": 51.82825285018827,
        "30,11": 79.25278955179,
        "30,12": 73.101895631085,
        "30,13": 86.47887337125319,
        "30,14": 19.712934151549298,
        "30,15": 7.1904135002537055,
        "30,16": 103.08154615359003,
        "30,17": 5.784707145613481,
        "30,18": 61.92585148535562,
        "30,19": 90.03400399945194,
        "30,20": 72.01595189973807,
        "30,21": 60.60918702404171,
        "30,22": 63.62941733312819,
        "30,23": 81.25736030057404,
        "30,24": 50.95405990111401,
        "30,25": 42.86635128428358,
        "30,26": 5.878059717100211,
        "30,27": 47.57195869899509,
        "30,28": 33.98015211267187,
        "30,29": 73.21111018257622,
        "30,30": 0.0
    }
}