{
    "num_robots": 3,
    "num_tasks": 60,
    "num_nodes": 61,
    "robot_capacity": [
        311,
        238,
        272
    ],
    "robot_speed": [
        0.92,
        0.93,
        1.02
    ],
    "task_demand": {
        "0": 0,
        "1": 5,
        "2": 11,
        "3": 10,
        "4": 14,
        "5": 8,
        "6": 7,
        "7": 10,
        "8": 6,
        "9": 9,
        "10": 6,
        "11": 8,
        "12": 6,
        "13": 11,
        "14": 11,
        "15": 12,
        "16": 5,
        "17": 11,
        "18": 13,
        "19": 12,
        "20": 8,
        "21": 10,
        "22": 14,
        "23": 7,
        "24": 8,
        "25": 10,
        "26": 11,
        "27": 7,
        "28": 13,
        "29": 5,
        "30": 12,
        "31": 11,
        "32": 5,
        "33": 5,
        "34": 14,
        "35": 10,
        "36": 11,
        "37": 9,
        "38": 15,
        "39": 10,
        "40": 11,
        "41": 6,
        "42": 10,
        "43": 5,
        "44": 14,
        "45": 15,
        "46": 13,
        "47": 7,
        "48": 10,
        "49": 8,
        "50": 12,
        "51": 12,
        "52": 8,
        "53": 6,
        "54": 11,
        "55": 9,
        "56": 9,
        "57": 12,
        "58": 15,
        "59": 15,
        "60": 9
    },
    "task_service_time": {
        "0": 0,
        "1": 39,
        "2": 93,
        "3": 41,
        "4": 100,
        "5": 46,
        "6": 26,
        "7": 89,
        "8": 67,
        "9": 12,
        "10": 90,
        "11": 70,
        "12": 29,
        "13": 63,
        "14": 36,
        "15": 99,
        "16": 79,
        "17": 29,
        "18": 81,
        "19": 13,
        "20": 23,
        "21": 89,
        "22": 70,
        "23": 50,
        "24": 63,
        "25": 81,
        "26": 12,
        "27": 33,
        "28": 45,
        "29": 36,
        "30": 44,
        "31": 36,
        "32": 10,
        "33": 16,
        "34": 23,
        "35": 54,
        "36": 90,
        "37": 54,
        "38": 85,
        "39": 97,
        "40": 34,
        "41": 33,
        "42": 60,
        "43": 36,
        "44": 11,
        "45": 87,
        "46": 25,
        "47": 65,
        "48": 56,
        "49": 52,
        "50": 16,
        "51": 24,
        "52": 20,
        "53": 24,
        "54": 97,
        "55": 33,
        "56": 37,
        "57": 29,
        "58": 27,
        "59": 37,
        "60": 27
    },
    "task_precedence": [],
    "coordinates": {
        "0": [
            100,
            100
        ],
        "1": [
            74.70931888811259,
            20.20340920441618
        ],
        "2": [
            81.22408400477553,
            12.315164181752003
        ],
        "3": [
            43.97642026912243,
            73.7598021390412
        ],
        "4": [
            20.247358395799374,
            41.05729275012096
        ],
        "5": [
            87.27766407992252,
            87.22887773991671
        ],
        "6": [
            70.44690868188684,
            65.28119014175971
        ],
        "7": [
            50.15916547701211,
            45.798904697311016
        ],
        "8": [
            15.86245410335163,
            24.384694748810343
        ],
        "9": [
            67.31552091926622,
            28.88523363812262
        ],
        "10": [
            4.922945492839892,
            85.12547100862425
        ],
        "11": [
            5.191421588319701,
            75.8738573315659
        ],
        "12": [
            2.547965859968726,
            88.82851240329678
        ],
        "13": [
            27.235730639698343,
            28.193674235000977
        ],
        "14": [
            83.81970408088505,
            51.435589611496866
        ],
        "15": [
            74.56839490737335,
            47.90283305071097
        ],
        "16": [
            42.57683063687917,
            51.81236726817927
        ],
        "17": [
            49.43275872971793,
            53.88067459823663
        ],
        "18": [
            37.81377480960488,
            13.402913723979626
        ],
        "19": [
            12.379239068885518,
            34.269709224678614
        ],
        "20": [
            36.87100154105573,
            4.386885104154247
        ],
        "21": [
            49.16992425250027,
            19.619683777770845
        ],
        "22": [
            79.0406973144979,
            71.57010821777082
        ],
        "23": [
            79.12592525203493,
            23.49441771025287
        ],
        "24": [
            64.40748516701,
            32.21705792818948
        ],
        "25": [
            82.34417894372633,
            17.33372423962972
        ],
        "26": [
            45.95022711075456,
            35.69163387641816
        ],
        "27": [
            46.148597687946626,
            56.191785978234
        ],
        "28": [
            35.48912395282989,
            85.61402571548412
        ],
        "29": [
            60.5995638205567,
            17.428635273297278
        ],
        "30": [
            18.66992693502876,
            18.081954472034035
        ],
        "31": [
            71.49991677297368,
            77.09956242679088
        ],
        "32": [
            90.39393329355602,
            44.821098801826764
        ],
        "33": [
            62.12692995853799,
            17.38060380429274
        ],
        "34": [
            68.0136903668021,
            22.621218708243084
        ],
        "35": [
            12.810199177917713,
            6.916610143252844
        ],
        "36": [
            83.9083940751996,
            5.2946822440975705
        ],
        "37": [
            2.982468039243291,
            14.698762179588664
        ],
        "38": [
            22.522797482977552,
            57.311515561604885
        ],
        "39": [
            88.75347487500922,
            16.699433094959737
        ],
        "40": [
            59.43004904060676,
            46.877665386737355
        ],
        "41": [
            50.21377696903103,
            60.906988040555255
        ],
        "42": [
            87.06413991819602,
            20.458367557677782
        ],
        "43": [
            22.73697804714958,
            15.191027537475964
        ],
        "44": [
            4.498799342008986,
            66.7913337542258
        ],
        "45": [
            79.62318450771816,
            45.06779590611447
        ],
        "46": [
            84.28287948385433,
            74.73380989663238
        ],
        "47": [
            20.92615175120025,
            4.323852762093427
        ],
        "48": [
            90.86644845249405,
            49.5390840622118
        ],
        "49": [
            59.30272123223883,
            86.78426882484828
        ],
        "50": [
            70.72808035829043,
            16.423443985079622
        ],
        "51": [
            91.51909538380275,
            43.53897883029567
        ],
        "52": [
            35.97306623442008,
            21.095983884383386
        ],
        "53": [
            56.35055977080883,
            44.14092789856324
        ],
        "54": [
            36.67243972949083,
            80.22911785498125
        ],
        "55": [
            97.37632680491267,
            55.89113512365782
        ],
        "56": [
            54.455540815088156,
            25.821138311656156
        ],
        "57": [
            8.144487312821747,
            32.45620891038668
        ],
        "58": [
            86.42710562769054,
            89.81575628237209
        ],
        "59": [
            61.314480526139114,
            12.113289553468377
        ],
        "60": [
            62.23661844882813,
            69.28862091497922
        ]
    },
    "distance_matrix_str_keys": {
        "0,0": 0.0,
        "0,1": 83.70850884886812,
        "0,2": 89.67254570900076,
        "0,3": 61.86428266491306,
        "0,4": 99.17018998062379,
        "0,5": 18.02663016332472,
        "0,6": 45.593650483695406,
        "0,7": 73.63333156905937,
        "0,8": 113.12294646861528,
        "0,9": 78.26611762112216,
        "0,10": 96.23355914894125,
        "0,11": 97.83014515220434,
        "0,12": 98.09027012478411,
        "0,13": 102.22909231430991,
        "0,14": 51.18890438769987,
        "0,15": 57.97310878096333,
        "0,16": 74.96311311573511,
        "0,17": 68.44003262127111,
        "0,18": 106.61229739071872,
        "0,19": 109.53478384310537,
        "0,20": 114.57372380487416,
        "0,21": 95.10358477198488,
        "0,22": 35.320689628201734,
        "0,23": 79.30215077837993,
        "0,24": 76.55948241757537,
        "0,25": 84.53071137320885,
        "0,26": 84.00561828153911,
        "0,27": 69.41997656835879,
        "0,28": 66.09545661002804,
        "0,29": 91.49002483309616,
        "0,30": 115.43460039293014,
        "0,31": 36.560700006863584,
        "0,32": 56.008817654066,
        "0,33": 90.88637995931367,
        "0,34": 83.72932460105217,
        "0,35": 127.54049880182201,
        "0,36": 96.06267221187176,
        "0,37": 129.18476180049575,
        "0,38": 88.45916353612446,
        "0,39": 84.05634285458854,
        "0,40": 66.84237694465253,
        "0,41": 63.300328496388346,
        "0,42": 80.58664757666432,
        "0,43": 114.72635430203388,
        "0,44": 101.11031026033442,
        "0,45": 58.589774331523,
        "0,46": 29.755810183198825,
        "0,47": 124.12332023904206,
        "0,48": 51.28085218823372,
        "0,49": 42.78929830687506,
        "0,50": 88.55442391448226,
        "0,51": 57.094418769568335,
        "0,52": 101.61344402487026,
        "0,53": 70.89082852072787,
        "0,54": 66.3420505456923,
        "0,55": 44.1868263367492,
        "0,56": 87.0448234177343,
        "0,57": 114.01578366955029,
        "0,58": 16.96886212277987,
        "0,59": 96.02418075711431,
        "0,60": 48.67506334339216,
        "1,0": 83.70850884886812,
        "1,1": 0.0,
        "1,2": 10.230668309688985,
        "1,3": 61.74786054344782,
        "1,4": 58.318004077678296,
        "1,5": 68.19367077129566,
        "1,6": 45.27885240375765,
        "1,7": 35.46603194657345,
        "1,8": 58.99522560173577,
        "1,9": 11.40361012582502,
        "1,10": 95.31532941019424,
        "1,11": 89.06142172490972,
        "1,12": 99.58245658703856,
        "1,13": 48.14131195178379,
        "1,14": 32.53380105891598,
        "1,15": 27.699782327394413,
        "1,16": 45.073529161719605,
        "1,17": 42.10775104237651,
        "1,18": 37.51703495251915,
        "1,19": 63.89757152295581,
        "1,20": 41.01098260552593,
        "1,21": 25.546064544803286,
        "1,22": 51.54899229472023,
        "1,23": 5.507916916523774,
        "1,24": 15.825786984395643,
        "1,25": 8.156358247767672,
        "1,26": 32.66451382385651,
        "1,27": 45.944292989313475,
        "1,28": 76.26776804862962,
        "1,29": 14.380005508873635,
        "1,30": 56.07953299246441,
        "1,31": 56.98659941986886,
        "1,32": 29.189686023695096,
        "1,33": 12.89514410551691,
        "1,34": 7.118795129246402,
        "1,35": 63.30908347298014,
        "1,36": 17.518365331132088,
        "1,37": 71.93776665676998,
        "1,38": 64.03471381824897,
        "1,39": 14.474673259176729,
        "1,40": 30.74039736166402,
        "1,41": 47.505924935520106,
        "1,42": 12.357451454377218,
        "1,43": 52.21348659555604,
        "1,44": 84.26121153171577,
        "1,45": 25.345291503139837,
        "1,46": 55.3644079001482,
        "1,47": 56.078421697493965,
        "1,48": 33.49081448878948,
        "1,49": 68.34013549244442,
        "1,50": 5.4898449241062,
        "1,51": 28.759648739150602,
        "1,52": 38.74653480261194,
        "1,53": 30.167015721808216,
        "1,54": 71.0625771776546,
        "1,55": 42.27773680304078,
        "1,56": 21.018430163874196,
        "1,57": 67.68314342051104,
        "1,58": 70.59168075471801,
        "1,59": 15.64837789389201,
        "1,60": 50.64510109496201,
        "2,0": 89.67254570900076,
        "2,1": 10.230668309688985,
        "2,2": 0.0,
        "2,3": 71.85284954312273,
        "2,4": 67.41120841991352,
        "2,5": 75.15790251730665,
        "2,6": 54.05134053783025,
        "2,7": 45.674829414567796,
        "2,8": 66.46665503453492,
        "2,9": 21.633661939037015,
        "2,10": 105.46660380632757,
        "2,11": 99.09930993224391,
        "2,12": 109.74617999004326,
        "2,13": 56.27494451870717,
        "2,14": 39.20643989682985,
        "2,15": 36.20470097774527,
        "2,16": 55.25974343527896,
        "2,17": 52.32953295155049,
        "2,18": 43.42393514511247,
        "2,19": 72.26074122432343,
        "2,20": 45.05611538033215,
        "2,21": 32.87590552293589,
        "2,22": 59.29515638018846,
        "2,23": 11.374444144933019,
        "2,24": 26.055390443530577,
        "2,25": 5.142038285231723,
        "2,26": 42.31671437582928,
        "2,27": 56.17337163312855,
        "2,28": 86.39681517911582,
        "2,29": 21.248962784882444,
        "2,30": 62.8194113070048,
        "2,31": 65.51013421085203,
        "2,32": 33.77457507509936,
        "2,33": 19.757529482081825,
        "2,34": 16.754977170178908,
        "2,35": 68.62655479338274,
        "2,36": 7.516161732634028,
        "2,37": 78.2779152016271,
        "2,38": 73.96291419903227,
        "2,39": 8.712837699629098,
        "2,40": 40.86008381738864,
        "2,41": 57.6437723295076,
        "2,42": 10.020878918217033,
        "2,43": 58.55776766014362,
        "2,44": 94.09794024244889,
        "2,45": 32.79173316662895,
        "2,46": 62.49354816829164,
        "2,47": 60.825173179060656,
        "2,48": 38.452508415050325,
        "2,49": 77.62856234756367,
        "2,50": 11.271382146367777,
        "2,51": 32.877254455031824,
        "2,52": 46.09509088724248,
        "2,53": 40.39271523401253,
        "2,54": 81.2228669228133,
        "2,55": 46.473220148859944,
        "2,56": 29.982765744603995,
        "2,57": 75.80428177497288,
        "2,58": 77.67504882492973,
        "2,59": 19.91062691233192,
        "2,60": 60.054130751940804,
        "3,0": 61.86428266491306,
        "3,1": 61.74786054344782,
        "3,2": 71.85284954312273,
        "3,3": 0.0,
        "3,4": 40.40448610885195,
        "3,5": 45.34769799123713,
        "3,6": 27.79520854771089,
        "3,7": 28.63630779364959,
        "3,8": 56.818098554658924,
        "3,9": 50.581029223427,
        "3,10": 40.67373010869233,
        "3,11": 38.842571387936076,
        "3,12": 44.08381634749206,
        "3,13": 48.544028483800766,
        "3,14": 45.671191465513935,
        "3,15": 40.055608380128895,
        "3,16": 21.992015563595093,
        "3,17": 20.614347944578512,
        "3,18": 60.670686317264504,
        "3,19": 50.5751846085172,
        "3,20": 69.7358486951329,
        "3,21": 54.38864679138216,
        "3,22": 35.13258151892192,
        "3,23": 61.33593214680663,
        "3,24": 46.295010632139906,
        "3,25": 68.23479444405982,
        "3,26": 38.11930414264476,
        "3,27": 17.70179500969415,
        "3,28": 14.579328357672997,
        "3,29": 58.73269329758237,
        "3,30": 61.159147522664036,
        "3,31": 27.725382929314822,
        "3,32": 54.6994887198479,
        "3,33": 59.22883594039707,
        "3,34": 56.5061507188156,
        "3,35": 73.75191965834976,
        "3,36": 79.25929077577113,
        "3,37": 71.8937449331836,
        "3,38": 27.033387911685548,
        "3,39": 72.53185737746784,
        "3,40": 31.007481654858935,
        "3,41": 14.286337839073166,
        "3,42": 68.53899994155537,
        "3,43": 62.301005322783325,
        "3,44": 40.08792967583929,
        "3,45": 45.75940364943947,
        "3,46": 40.31822597214185,
        "3,47": 73.16191594420124,
        "3,48": 52.77611133073974,
        "3,49": 20.112986691730327,
        "3,50": 63.27012947580983,
        "3,51": 56.33475054101562,
        "3,52": 53.26848438771668,
        "3,53": 32.09979812522883,
        "3,54": 9.757057832965122,
        "3,55": 56.31020581508989,
        "3,56": 49.070637421699715,
        "3,57": 54.68010820200508,
        "3,58": 45.38561832634753,
        "3,59": 64.03827642464411,
        "3,60": 18.79963561084448,
        "4,0": 99.17018998062379,
        "4,1": 58.318004077678296,
        "4,2": 67.41120841991352,
        "4,3": 40.40448610885195,
        "4,4": 0.0,
        "4,5": 81.39334825756293,
        "4,6": 55.73860469877289,
        "4,7": 30.285294892429626,
        "4,8": 17.23957394390109,
        "4,9": 48.61657069725785,
        "4,10": 46.656639032870906,
        "4,11": 37.932497972118156,
        "4,12": 50.9446554928914,
        "4,13": 14.63933153944657,
        "4,14": 64.41391295090584,
        "4,15": 54.75067515290341,
        "4,16": 24.78461132344303,
        "4,17": 31.878311038599207,
        "4,18": 32.76192401164347,
        "4,19": 10.391274794625136,
        "4,20": 40.262442900825114,
        "4,21": 36.00119295504785,
        "4,22": 66.23963019953995,
        "4,23": 61.44216967775651,
        "4,24": 45.03628035435745,
        "4,25": 66.47422677273813,
        "4,26": 26.256956322604637,
        "4,27": 29.99878467773107,
        "4,28": 47.091547753733494,
        "4,29": 46.76124396120007,
        "4,30": 23.02942593739486,
        "4,31": 62.65676295222616,
        "4,32": 70.24747828841572,
        "4,33": 48.109085563083084,
        "4,34": 51.200696245672674,
        "4,35": 34.94134436588021,
        "4,36": 73.01843448047488,
        "4,37": 31.509499724076687,
        "4,38": 16.412720135456606,
        "4,39": 72.70758778864554,
        "4,40": 39.61262404582344,
        "4,41": 35.9443548450826,
        "4,42": 69.91994001782007,
        "4,43": 25.985801547369626,
        "4,44": 30.170481909834862,
        "4,45": 59.51111544944399,
        "4,46": 72.35092099025422,
        "4,47": 36.73971112806082,
        "4,48": 71.12662415929364,
        "4,49": 60.135494570383486,
        "4,50": 56.17054205571863,
        "4,51": 71.31493012748214,
        "4,52": 25.411645729055607,
        "4,53": 36.23465130580386,
        "4,54": 42.47605418190516,
        "4,55": 78.5424767079377,
        "4,56": 37.4478323338493,
        "4,57": 14.847832557963272,
        "4,58": 82.20186560962512,
        "4,59": 50.24205251695113,
        "4,60": 50.59748857159608,
        "5,0": 18.02663016332472,
        "5,1": 68.19367077129566,
        "5,2": 75.15790251730665,
        "5,3": 45.34769799123713,
        "5,4": 81.39334825756293,
        "5,5": 0.0,
        "5,6": 27.65818718164301,
        "5,7": 55.62576385853318,
        "5,8": 95.12898376319056,
        "5,9": 61.66415463333094,
        "5,10": 82.38157557023791,
        "5,11": 82.86789302778419,
        "5,12": 84.74479684028233,
        "5,13": 84.20326017504978,
        "5,14": 35.959935517169995,
        "5,15": 41.32872262480073,
        "5,16": 57.030638471767,
        "5,17": 50.44144638830954,
        "5,18": 88.86478101378904,
        "5,19": 91.73029815147947,
        "5,20": 96.97230208761117,
        "5,21": 77.60929675603023,
        "5,22": 17.69306882489283,
        "5,23": 64.25365546948211,
        "5,24": 59.576382925674274,
        "5,25": 70.06904993231855,
        "5,26": 66.06091546055254,
        "5,27": 51.525733059304194,
        "5,28": 51.81371088386062,
        "5,29": 74.72479429110285,
        "5,30": 97.40800066502385,
        "5,31": 18.749409025210813,
        "5,32": 42.52212186937225,
        "5,33": 74.23840514605997,
        "5,34": 67.4184714212121,
        "5,35": 109.52380405852175,
        "5,36": 82.00344121993805,
        "5,37": 111.20385667201961,
        "5,38": 71.33190946341212,
        "5,39": 70.54488343904855,
        "5,40": 49.02764528048741,
        "5,41": 45.45958210448331,
        "5,42": 66.77085159382133,
        "5,43": 96.7210009014085,
        "5,44": 85.26449232514574,
        "5,45": 42.8502961357079,
        "5,46": 12.848947629480223,
        "5,47": 106.18741147086168,
        "5,48": 37.86026836593712,
        "5,49": 27.978475734366352,
        "5,50": 72.71381004025255,
        "5,51": 43.89529594658682,
        "5,52": 83.70018763297948,
        "5,53": 53.03826168416336,
        "5,54": 51.08703720127323,
        "5,55": 32.9247186945613,
        "5,56": 69.62903300564447,
        "5,57": 96.23983019500079,
        "5,58": 2.7231214211047097,
        "5,59": 79.47602461650649,
        "5,60": 30.80433055989478,
        "6,0": 45.593650483695406,
        "6,1": 45.27885240375765,
        "6,2": 54.05134053783025,
        "6,3": 27.79520854771089,
        "6,4": 55.73860469877289,
        "6,5": 27.65818718164301,
        "6,6": 0.0,
        "6,7": 28.12742381530733,
        "6,8": 68.20546911400655,
        "6,9": 36.5304152609101,
        "6,10": 68.4630209319059,
        "6,11": 66.10963011553388,
        "6,12": 71.86614517297268,
        "6,13": 56.944619973512815,
        "6,14": 19.24921584966729,
        "6,15": 17.86040156017997,
        "6,16": 30.954005230901895,
        "6,17": 23.907451827209684,
        "6,18": 61.2884735525847,
        "6,19": 65.82982760842658,
        "6,20": 69.53745700227077,
        "6,21": 50.375422875018664,
        "6,22": 10.64911703517125,
        "6,23": 42.67856228679037,
        "6,24": 33.61118080979155,
        "6,25": 49.40146279331381,
        "6,26": 38.413919976712414,
        "6,27": 25.942728946781106,
        "6,28": 40.440955918860276,
        "6,29": 48.855267968328384,
        "6,30": 70.0615706833695,
        "6,31": 11.86519066460743,
        "6,32": 28.574448874771583,
        "6,33": 48.61777676354715,
        "6,34": 42.72930743737041,
        "6,35": 82.0269131495696,
        "6,36": 61.47839229152511,
        "6,37": 84.32101025114085,
        "6,38": 48.58226165092552,
        "6,39": 51.916447139008554,
        "6,40": 21.449030741839742,
        "6,41": 20.70056189894257,
        "6,42": 47.80395170239647,
        "6,43": 69.17558724647755,
        "6,44": 65.96539743861746,
        "6,45": 22.198768987431546,
        "6,46": 16.756673544087025,
        "6,47": 78.53726725196519,
        "6,48": 25.78316327107962,
        "6,49": 24.21931681043027,
        "6,50": 48.85855520809226,
        "6,51": 30.278058146333567,
        "6,52": 56.04264684237932,
        "6,53": 25.409009038802918,
        "6,54": 36.93447300200801,
        "6,55": 28.51958438841163,
        "6,56": 42.57721851748585,
        "6,57": 70.42067240014491,
        "6,58": 29.279884394149466,
        "6,59": 53.946518858832064,
        "6,60": 9.136102402732027,
        "7,0": 73.63333156905937,
        "7,1": 35.46603194657345,
        "7,2": 45.674829414567796,
        "7,3": 28.63630779364959,
        "7,4": 30.285294892429626,
        "7,5": 55.62576385853318,
        "7,6": 28.12742381530733,
        "7,7": 0.0,
        "7,8": 40.43306566124608,
        "7,9": 24.091757942487078,
        "7,10": 59.94075755522729,
        "7,11": 54.09806619826358,
        "7,12": 64.17455467944426,
        "7,13": 28.903771455843266,
        "7,14": 34.12922612548709,
        "7,15": 24.499734608771853,
        "7,16": 9.677475586077561,
        "7,17": 8.114349727120574,
        "7,18": 34.66855782802444,
        "7,19": 39.49993908412554,
        "7,20": 43.49173102525182,
        "7,21": 26.197904613811453,
        "7,22": 38.70785207387082,
        "7,23": 36.55903871301496,
        "7,24": 19.684541540210645,
        "7,25": 42.96674982286811,
        "7,26": 10.948611127345192,
        "7,27": 11.139866934126681,
        "7,28": 42.431756739651966,
        "7,29": 30.23035072179973,
        "7,30": 41.94998776810801,
        "7,31": 37.8834903377993,
        "7,32": 40.24664763207541,
        "7,33": 30.835486250931666,
        "7,34": 29.257292883108068,
        "7,35": 53.91454454411565,
        "7,36": 52.72193535438657,
        "7,37": 56.505394837638505,
        "7,38": 29.938420880439818,
        "7,39": 48.33528695936724,
        "7,40": 9.333434880834657,
        "7,41": 15.10818204554984,
        "7,42": 44.76739841703524,
        "7,43": 41.09523704360473,
        "7,44": 50.254861588627826,
        "7,45": 29.47308836050904,
        "7,46": 44.739877028379,
        "7,47": 50.741984830340456,
        "7,48": 40.87874544219272,
        "7,49": 41.992912312862494,
        "7,50": 35.86081359156709,
        "7,51": 41.42162559363213,
        "7,52": 28.486482906993682,
        "7,53": 6.409543694089658,
        "7,54": 36.97744379309449,
        "7,55": 48.28367673286147,
        "7,56": 20.434529375677563,
        "7,57": 44.082430877878124,
        "7,58": 57.03373305539877,
        "7,59": 35.48466882280797,
        "7,60": 26.41271735874619,
        "8,0": 113.12294646861528,
        "8,1": 58.99522560173577,
        "8,2": 66.46665503453492,
        "8,3": 56.818098554658924,
        "8,4": 17.23957394390109,
        "8,5": 95.12898376319056,
        "8,6": 68.20546911400655,
        "8,7": 40.43306566124608,
        "8,8": 0.0,
        "8,9": 51.64952018225516,
        "8,10": 61.71802612919691,
        "8,11": 52.58331292729951,
        "8,12": 65.80487239610665,
        "8,13": 11.994154572058664,
        "8,14": 73.14327540779868,
        "8,15": 63.241523660271085,
        "8,16": 38.287532349380164,
        "8,17": 44.68756180398291,
        "8,18": 24.54506050565194,
        "8,19": 10.480758472765988,
        "8,20": 29.00467989870193,
        "8,21": 33.646588196881936,
        "8,22": 78.85400217797132,
        "8,23": 63.26973506334341,
        "8,24": 49.17281722603708,
        "8,25": 66.8545878969621,
        "8,26": 32.142199006608635,
        "8,27": 43.919717049448124,
        "8,28": 64.29803371804533,
        "8,29": 45.27467006258709,
        "8,30": 6.899741929746611,
        "8,31": 76.64453357298603,
        "8,32": 77.28252066863512,
        "8,33": 46.791655411132815,
        "8,34": 52.181043411874064,
        "8,35": 17.732744850043677,
        "8,36": 70.67303958428862,
        "8,37": 16.115561757107145,
        "8,38": 33.59368545980639,
        "8,39": 73.29504864465515,
        "8,40": 49.031306904215654,
        "8,41": 50.138720465428555,
        "8,42": 71.3098598237834,
        "8,43": 11.47966011023916,
        "8,44": 43.90279810297527,
        "8,45": 67.0314956955429,
        "8,46": 84.94932610337518,
        "8,47": 20.69005594687583,
        "8,48": 79.10968632257593,
        "8,49": 76.03133336394951,
        "8,50": 55.4402241884864,
        "8,51": 78.0436670621845,
        "8,52": 20.377741274147077,
        "8,53": 45.05103160646352,
        "8,54": 59.59576405937888,
        "8,55": 87.39088755642729,
        "8,56": 38.619809839625766,
        "8,57": 11.167647569665219,
        "8,58": 96.23197939437871,
        "8,59": 47.07944446789955,
        "8,60": 64.55172889921703,
        "9,0": 78.26611762112216,
        "9,1": 11.40361012582502,
        "9,2": 21.633661939037015,
        "9,3": 50.581029223427,
        "9,4": 48.61657069725785,
        "9,5": 61.66415463333094,
        "9,6": 36.5304152609101,
        "9,7": 24.091757942487078,
        "9,8": 51.64952018225516,
        "9,9": 0.0,
        "9,10": 83.99879622847381,
        "9,11": 77.8930964481791,
        "9,12": 88.24983205354282,
        "9,13": 40.085756114387934,
        "9,14": 27.944706410305294,
        "9,15": 20.35370404877308,
        "9,16": 33.72916028273378,
        "9,17": 30.733780312849298,
        "9,18": 33.31749170395015,
        "9,19": 55.19952573063183,
        "9,20": 39.077331549915534,
        "9,21": 20.374324347266395,
        "9,22": 44.26599461640499,
        "9,23": 12.982547780449575,
        "9,24": 4.422411676481508,
        "9,25": 18.95515579993051,
        "9,26": 22.42326612534169,
        "9,27": 34.54976757930246,
        "9,28": 65.04671701494011,
        "9,29": 13.279974617619773,
        "9,30": 49.8307601268506,
        "9,31": 48.39556456125219,
        "9,32": 28.045764675500145,
        "9,33": 12.620538172803855,
        "9,34": 6.302802838359001,
        "9,35": 58.76606602782989,
        "9,36": 28.841594176519294,
        "9,37": 65.8786586483637,
        "9,38": 53.05131079278945,
        "9,39": 24.65927015721077,
        "9,40": 19.64454802172065,
        "9,41": 36.30237459380749,
        "9,42": 21.471376860896527,
        "9,43": 46.634512598805294,
        "9,44": 73.36765592361999,
        "9,45": 20.331106820926873,
        "9,46": 48.88745443967896,
        "9,47": 52.490332465592964,
        "9,48": 31.324554665884676,
        "9,49": 58.45086170774664,
        "9,50": 12.920594540560538,
        "9,51": 28.293908620363844,
        "9,52": 32.295849228620085,
        "9,53": 18.78740483289858,
        "9,54": 59.79291656440043,
        "9,55": 40.410032981191044,
        "9,56": 13.219976113803279,
        "9,57": 59.27868995220882,
        "9,58": 63.85750746598771,
        "9,59": 17.81321403281035,
        "9,60": 40.72135746445444,
        "10,0": 96.23355914894125,
        "10,1": 95.31532941019424,
        "10,2": 105.46660380632757,
        "10,3": 40.67373010869233,
        "10,4": 46.656639032870906,
        "10,5": 82.38157557023791,
        "10,6": 68.4630209319059,
        "10,7": 59.94075755522729,
        "10,8": 61.71802612919691,
        "10,9": 83.99879622847381,
        "10,10": 0.0,
        "10,11": 9.255508362233654,
        "10,12": 4.3992094548010785,
        "10,13": 61.14809780265456,
        "10,14": 85.78873250172651,
        "10,15": 78.96843293809384,
        "10,16": 50.27502309559043,
        "10,17": 54.38162168516432,
        "10,18": 78.90457449726027,
        "10,19": 51.39946323180432,
        "10,20": 86.82970424407435,
        "10,21": 79.04937248385767,
        "10,22": 75.34712333917297,
        "10,23": 96.45967517989165,
        "10,24": 79.60973957335771,
        "10,25": 102.90659997807788,
        "10,26": 64.24128026875832,
        "10,27": 50.365787280154144,
        "10,28": 30.570082619279123,
        "10,29": 87.65128291694363,
        "10,30": 68.43838548916777,
        "10,31": 67.05899129423068,
        "10,32": 94.4972601434255,
        "10,33": 88.66601869535104,
        "10,34": 88.8100424748299,
        "10,35": 78.60556397960514,
        "10,36": 112.3016292068956,
        "10,37": 70.45343688733485,
        "10,38": 32.914600220624436,
        "10,39": 108.21127631193069,
        "10,40": 66.58767883067124,
        "10,41": 51.35946196251859,
        "10,42": 104.54190590552464,
        "10,43": 72.16762528630993,
        "10,44": 18.33904274547572,
        "10,45": 84.7628635871758,
        "10,46": 80.03740215502158,
        "10,47": 82.37113646056929,
        "10,48": 93.01976476467718,
        "10,49": 54.405069797422655,
        "10,50": 95.1329821450163,
        "10,51": 96.06419472226003,
        "10,52": 71.16098101811157,
        "10,53": 65.76117611679405,
        "10,54": 32.12482931453988,
        "10,55": 96.96532426940345,
        "10,56": 77.26889332707107,
        "10,57": 52.76769373083058,
        "10,58": 81.63900351692513,
        "10,59": 92.2539097504947,
        "10,60": 59.46144068717611,
        "11,0": 97.83014515220434,
        "11,1": 89.06142172490972,
        "11,2": 99.09930993224391,
        "11,3": 38.842571387936076,
        "11,4": 37.932497972118156,
        "11,5": 82.86789302778419,
        "11,6": 66.10963011553388,
        "11,7": 54.09806619826358,
        "11,8": 52.58331292729951,
        "11,9": 77.8930964481791,
        "11,10": 9.255508362233654,
        "11,11": 0.0,
        "11,12": 13.221609063017794,
        "11,13": 52.52952904485866,
        "11,14": 82.33854344648336,
        "11,15": 74.80335972556887,
        "11,16": 44.459241039389845,
        "11,17": 49.406436815464396,
        "11,18": 70.47578821777391,
        "11,19": 42.22049099470233,
        "11,20": 78.1919624016722,
        "11,21": 71.40476691932993,
        "11,22": 73.97457523849384,
        "11,23": 90.6085896979017,
        "11,24": 73.56941157778917,
        "11,25": 96.84779372791027,
        "11,26": 57.235402588040664,
        "11,27": 45.440886950119044,
        "11,28": 31.824858974008457,
        "11,29": 80.5351240581905,
        "11,30": 59.342852497220186,
        "11,31": 66.3198227277014,
        "11,32": 90.68484886234975,
        "11,33": 81.62789242398122,
        "11,34": 82.35581931364716,
        "11,35": 69.37685285273375,
        "11,36": 105.7250287941683,
        "11,37": 61.21496338833706,
        "11,38": 25.395612266428362,
        "11,39": 102.39252528002902,
        "11,40": 61.50290932313143,
        "11,41": 47.44491184944139,
        "11,42": 98.86363595176522,
        "11,43": 63.168444521521,
        "11,44": 9.108894560209997,
        "11,45": 80.55495485591328,
        "11,46": 79.09967395757725,
        "11,47": 73.25970848420157,
        "11,48": 89.6310800522078,
        "11,49": 55.20027018146516,
        "11,50": 88.48392673135419,
        "11,51": 92.18466049528652,
        "11,52": 62.83410750949156,
        "11,53": 60.201629795005914,
        "11,54": 31.780855832270568,
        "11,55": 94.32584977953103,
        "11,56": 70.22982361130698,
        "11,57": 43.51795941445733,
        "11,58": 82.42337597853523,
        "11,59": 84.94237898671852,
        "11,60": 57.424035242366074,
        "12,0": 98.09027012478411,
        "12,1": 99.58245658703856,
        "12,2": 109.74617999004326,
        "12,3": 44.08381634749206,
        "12,4": 50.9446554928914,
        "12,5": 84.74479684028233,
        "12,6": 71.86614517297268,
        "12,7": 64.17455467944426,
        "12,8": 65.80487239610665,
        "12,9": 88.24983205354282,
        "12,10": 4.3992094548010785,
        "12,11": 13.221609063017794,
        "12,12": 0.0,
        "12,13": 65.46807870645571,
        "12,14": 89.46131067876583,
        "12,15": 82.83630502770455,
        "12,16": 54.52068429497438,
        "12,17": 58.476791718493565,
        "12,18": 83.26282614111562,
        "12,19": 55.437504788649726,
        "12,20": 91.15074985589787,
        "12,21": 83.44740238061554,
        "12,22": 78.4154989807863,
        "12,23": 100.66145138041955,
        "12,24": 83.85378290026848,
        "12,25": 107.13981686131481,
        "12,26": 68.60965049657169,
        "12,27": 54.46256519429902,
        "12,28": 33.09762561219456,
        "12,29": 92.02135882476833,
        "12,30": 72.56027210552112,
        "12,31": 69.9424034635701,
        "12,32": 98.25256457840543,
        "12,33": 93.02933196702126,
        "12,34": 93.1083606537442,
        "12,35": 82.55224506051313,
        "12,36": 116.60797597262237,
        "12,37": 74.13102360262637,
        "12,38": 37.313737259711345,
        "12,39": 112.40104032619362,
        "12,40": 70.67846172898642,
        "12,41": 55.24166065049073,
        "12,42": 108.7081431340426,
        "12,43": 76.3549303611635,
        "12,44": 22.123358562517563,
        "12,45": 88.6317642718746,
        "12,46": 82.94128491803953,
        "12,47": 86.48002785457626,
        "12,48": 96.6634033479861,
        "12,49": 56.79155913667321,
        "12,50": 99.45361705665091,
        "12,51": 99.83488238089353,
        "12,52": 75.53100525352198,
        "12,53": 69.9406843003589,
        "12,54": 35.19132426421739,
        "12,55": 100.38570048351431,
        "12,56": 81.63532034386395,
        "12,57": 56.649427653498925,
        "12,58": 83.88494941674449,
        "12,59": 96.63709775706249,
        "12,60": 62.805593757632586,
        "13,0": 102.22909231430991,
        "13,1": 48.14131195178379,
        "13,2": 56.27494451870717,
        "13,3": 48.544028483800766,
        "13,4": 14.63933153944657,
        "13,5": 84.20326017504978,
        "13,6": 56.944619973512815,
        "13,7": 28.903771455843266,
        "13,8": 11.994154572058664,
        "13,9": 40.085756114387934,
        "13,10": 61.14809780265456,
        "13,11": 52.52952904485866,
        "13,12": 65.46807870645571,
        "13,13": 0.0,
        "13,14": 61.171338719706945,
        "13,15": 51.272137149716286,
        "13,16": 28.1636647068347,
        "13,17": 33.94893287998884,
        "13,18": 18.184103358562453,
        "13,19": 16.050967042188436,
        "13,20": 25.68271118988699,
        "13,21": 23.550417444379928,
        "13,22": 67.56677879874609,
        "13,23": 52.10254608741835,
        "13,24": 37.3888613223421,
        "13,25": 56.16831480808098,
        "13,26": 20.160649219444707,
        "13,27": 33.78743555186274,
        "13,28": 58.01047547920519,
        "13,29": 35.05754452849121,
        "13,30": 13.252164716441891,
        "13,31": 65.96289922273807,
        "13,32": 65.31025807781835,
        "13,33": 36.528321642890376,
        "13,34": 41.1569466810038,
        "13,35": 25.706213535236586,
        "13,36": 61.12409193659288,
        "13,37": 27.754880618549674,
        "13,38": 29.49678664636202,
        "13,39": 62.582349230326436,
        "13,40": 37.223187164148555,
        "13,41": 39.976887238173354,
        "13,42": 60.3263916224704,
        "13,43": 13.758909696252182,
        "13,44": 44.79673386752491,
        "13,45": 55.037998736740484,
        "13,46": 73.62310383738479,
        "13,47": 24.689657002450623,
        "13,48": 67.11553300140903,
        "13,49": 66.79183827425268,
        "13,50": 45.0568840931159,
        "13,51": 66.08955557382677,
        "13,52": 11.256919721133375,
        "13,53": 33.1962072343176,
        "13,54": 52.884202472699904,
        "13,55": 75.41122310432547,
        "13,56": 27.323012145292772,
        "13,57": 19.561308075506496,
        "13,58": 85.44530337486107,
        "13,59": 37.682090777034325,
        "13,60": 53.98015181580676,
        "14,0": 51.18890438769987,
        "14,1": 32.53380105891598,
        "14,2": 39.20643989682985,
        "14,3": 45.671191465513935,
        "14,4": 64.41391295090584,
        "14,5": 35.959935517169995,
        "14,6": 19.24921584966729,
        "14,7": 34.12922612548709,
        "14,8": 73.14327540779868,
        "14,9": 27.944706410305294,
        "14,10": 85.78873250172651,
        "14,11": 82.33854344648336,
        "14,12": 89.46131067876583,
        "14,13": 61.171338719706945,
        "14,14": 0.0,
        "14,15": 9.902882930827646,
        "14,16": 41.24459444970771,
        "14,17": 34.47376467948538,
        "14,18": 59.69112131028339,
        "14,19": 73.47385583039235,
        "14,20": 66.46624155157727,
        "14,21": 47.04103640627045,
        "14,22": 20.693905991367753,
        "14,23": 28.332678075131348,
        "14,24": 27.316409046990383,
        "14,25": 34.13377207797783,
