{
    "num_robots": 7,
    "num_tasks": 60,
    "num_nodes": 61,
    "robot_capacity": [
        117,
        142,
        95,
        125,
        101,
        143,
        98
    ],
    "robot_speed": [
        0.9,
        1.17,
        1.08,
        0.84,
        1.03,
        1.08,
        0.98
    ],
    "task_demand": {
        "0": 0,
        "1": 13,
        "2": 10,
        "3": 15,
        "4": 6,
        "5": 14,
        "6": 15,
        "7": 14,
        "8": 7,
        "9": 5,
        "10": 5,
        "11": 9,
        "12": 8,
        "13": 14,
        "14": 11,
        "15": 12,
        "16": 6,
        "17": 5,
        "18": 14,
        "19": 8,
        "20": 9,
        "21": 9,
        "22": 11,
        "23": 8,
        "24": 12,
        "25": 12,
        "26": 12,
        "27": 11,
        "28": 10,
        "29": 11,
        "30": 12,
        "31": 13,
        "32": 10,
        "33": 13,
        "34": 10,
        "35": 12,
        "36": 7,
        "37": 14,
        "38": 11,
        "39": 12,
        "40": 8,
        "41": 8,
        "42": 13,
        "43": 10,
        "44": 11,
        "45": 15,
        "46": 7,
        "47": 9,
        "48": 6,
        "49": 6,
        "50": 6,
        "51": 10,
        "52": 7,
        "53": 12,
        "54": 11,
        "55": 11,
        "56": 10,
        "57": 6,
        "58": 14,
        "59": 12,
        "60": 8
    },
    "task_service_time": {
        "0": 0,
        "1": 85,
        "2": 97,
        "3": 19,
        "4": 64,
        "5": 23,
        "6": 81,
        "7": 92,
        "8": 86,
        "9": 27,
        "10": 85,
        "11": 46,
        "12": 26,
        "13": 100,
        "14": 74,
        "15": 12,
        "16": 14,
        "17": 97,
        "18": 42,
        "19": 39,
        "20": 10,
        "21": 18,
        "22": 29,
        "23": 17,
        "24": 97,
        "25": 84,
        "26": 34,
        "27": 44,
        "28": 91,
        "29": 99,
        "30": 42,
        "31": 95,
        "32": 51,
        "33": 72,
        "34": 47,
        "35": 15,
        "36": 29,
        "37": 88,
        "38": 29,
        "39": 71,
        "40": 12,
        "41": 53,
        "42": 80,
        "43": 92,
        "44": 69,
        "45": 92,
        "46": 31,
        "47": 65,
        "48": 66,
        "49": 29,
        "50": 40,
        "51": 27,
        "52": 80,
        "53": 57,
        "54": 99,
        "55": 87,
        "56": 50,
        "57": 24,
        "58": 48,
        "59": 82,
        "60": 14
    },
    "task_precedence": [],
    "coordinates": {
        "0": [
            0,
            100
        ],
        "1": [
            11.533987163099102,
            81.24953048175676
        ],
        "2": [
            18.605847589910518,
            34.79896037321535
        ],
        "3": [
            66.54665746076617,
            53.292623067298386
        ],
        "4": [
            15.731192852663566,
            8.728603795027912
        ],
        "5": [
            16.430429899656772,
            32.09017668762919
        ],
        "6": [
            11.953644144121577,
            93.68841863995833
        ],
        "7": [
            70.25895073688616,
            38.07782029001636
        ],
        "8": [
            49.144398643526586,
            50.03878479587428
        ],
        "9": [
            8.342445562187395,
            78.74388701197668
        ],
        "10": [
            0.6480890384816695,
            35.66642832640231
        ],
        "11": [
            95.52490581327301,
            12.797183980133353
        ],
        "12": [
            87.3522345900449,
            81.41467044059499
        ],
        "13": [
            0.5987290945826285,
            81.32091657155246
        ],
        "14": [
            64.29895247159878,
            75.20930740117676
        ],
        "15": [
            71.4864576975248,
            11.371252354576555
        ],
        "16": [
            29.403795184745253,
            57.575968831196846
        ],
        "17": [
            57.566427123098926,
            37.983711215737785
        ],
        "18": [
            77.9322017295319,
            95.61907304766716
        ],
        "19": [
            92.65212302591031,
            23.782696960641815
        ],
        "20": [
            27.463267144333038,
            76.42980433125118
        ],
        "21": [
            75.12223922278292,
            47.065024432669254
        ],
        "22": [
            17.656239225012172,
            42.05325482229151
        ],
        "23": [
            86.0759486780655,
            16.757734764051037
        ],
        "24": [
            45.585981810250495,
            82.45986474800725
        ],
        "25": [
            63.75764685020589,
            90.0207659320324
        ],
        "26": [
            77.80933369552623,
            88.0293902995029
        ],
        "27": [
            85.53703633686618,
            41.10692972644079
        ],
        "28": [
            38.3864190095071,
            79.01081743609178
        ],
        "29": [
            46.65230348488566,
            43.77443793655458
        ],
        "30": [
            8.750252752628562,
            97.17901531752389
        ],
        "31": [
            2.3338241596927767,
            86.47521049403983
        ],
        "32": [
            7.044645672551675,
            13.67113516912032
        ],
        "33": [
            1.123363820382861,
            49.0333934855182
        ],
        "34": [
            28.37761976869767,
            13.614799362039253
        ],
        "35": [
            13.875593093477434,
            4.3599645911269524
        ],
        "36": [
            78.89502015645554,
            73.00702421954334
        ],
        "37": [
            65.90642989987583,
            31.792885506289736
        ],
        "38": [
            22.841213650136726,
            87.34354953585888
        ],
        "39": [
            68.29258152777417,
            14.086565412834794
        ],
        "40": [
            77.04077302091447,
            25.36150106220988
        ],
        "41": [
            81.01528099640217,
            94.21613009793214
        ],
        "42": [
            23.070347848386586,
            74.73449604177571
        ],
        "43": [
            5.659172007975233,
            45.551868069244705
        ],
        "44": [
            19.53103451660143,
            51.90828768395295
        ],
        "45": [
            56.86759456665972,
            68.6218088194835
        ],
        "46": [
            52.932060807364735,
            36.7092291501406
        ],
        "47": [
            63.58085939199293,
            62.526798285757124
        ],
        "48": [
            83.72507791274025,
            87.90658910410293
        ],
        "49": [
            38.030257813254764,
            75.84015931776015
        ],
        "50": [
            34.545320508219454,
            32.81866729929973
        ],
        "51": [
            2.194210238792338,
            54.07903679954348
        ],
        "52": [
            82.75311393770491,
            14.475379940864164
        ],
        "53": [
            2.2743532648347387,
            52.723084184410965
        ],
        "54": [
            84.00448684067429,
            4.973068710531081
        ],
        "55": [
            91.9757492689455,
            96.39850362614783
        ],
        "56": [
            40.93778777876821,
            1.0982360124167867
        ],
        "57": [
            51.305187399643984,
            7.185203019069652
        ],
        "58": [
            74.50459797635379,
            15.14444581823705
        ],
        "59": [
            20.078559691319718,
            43.705957145247275
        ],
        "60": [
            83.15809640320498,
            56.56689325686068
        ]
    },
    "distance_matrix_str_keys": {
        "0,0": 0.0,
        "0,1": 22.01392666093679,
        "0,2": 67.80378406071833,
        "0,3": 81.30213207003868,
        "0,4": 92.61715928364833,
        "0,5": 69.86918583327672,
        "0,6": 13.517605837895909,
        "0,7": 93.65188998991802,
        "0,8": 70.0806317230861,
        "0,9": 22.834595186200996,
        "0,10": 64.33683597818384,
        "0,11": 129.3419450620308,
        "0,12": 89.3074877191489,
        "0,13": 18.688676632003755,
        "0,14": 68.91250777960609,
        "0,15": 113.86557224787549,
        "0,16": 51.617648066122015,
        "0,17": 84.61627270384857,
        "0,18": 78.05524061441443,
        "0,19": 119.97288520245638,
        "0,20": 36.19095420273011,
        "0,21": 91.89919729877366,
        "0,22": 60.57695981362172,
        "0,23": 119.7428230101539,
        "0,24": 48.84401787591483,
        "0,25": 64.5338875666022,
        "0,26": 78.7247604425913,
        "0,27": 103.85075017322093,
        "0,28": 43.75000513227989,
        "0,29": 73.0599154789836,
        "0,30": 9.193741230513753,
        "0,31": 13.724673635059453,
        "0,32": 86.6158180452052,
        "0,33": 50.978985139711874,
        "0,34": 90.92685078125997,
        "0,35": 96.64133927417525,
        "0,36": 83.38492038115673,
        "0,37": 94.84654959304186,
        "0,38": 26.11334485205697,
        "0,39": 109.74969218312549,
        "0,40": 107.26689252209444,
        "0,41": 81.22148056992097,
        "0,42": 34.213836968522,
        "0,43": 54.7414404136828,
        "0,44": 51.90639751300516,
        "0,45": 64.95009001963761,
        "0,46": 82.50772531153656,
        "0,47": 73.80221221440934,
        "0,48": 84.59396703424794,
        "0,49": 45.05550367195817,
        "0,50": 75.54277352902649,
        "0,51": 45.973355542419384,
        "0,52": 119.00646412126659,
        "0,53": 47.33159042127738,
        "0,54": 126.83403123633052,
        "0,55": 92.04623419627117,
        "0,56": 107.03953189394596,
        "0,57": 106.05097261564322,
        "0,58": 112.92209790431725,
        "0,59": 59.76761514575118,
        "0,60": 93.81739582170071,
        "1,0": 22.01392666093679,
        "1,1": 0.0,
        "1,2": 46.98581353243575,
        "1,3": 61.70885321783592,
        "1,4": 72.64228343810797,
        "1,5": 49.402603341611396,
        "1,6": 12.445965233519175,
        "1,7": 72.88633553432523,
        "1,8": 48.8738549532969,
        "1,9": 4.057608530649751,
        "1,10": 46.864933373312596,
        "1,11": 108.35219498135903,
        "1,12": 75.81842727265963,
        "1,13": 10.935491072598019,
        "1,14": 53.10956466466607,
        "1,15": 92.07210477229644,
        "1,16": 29.660875913454586,
        "1,17": 63.1737021665725,
        "1,18": 67.93531225484696,
        "1,19": 99.41121124300336,
        "1,20": 16.64246739177841,
        "1,21": 72.19450293357511,
        "1,22": 39.671526261065225,
        "1,23": 98.56822886403619,
        "1,24": 34.07349774363775,
        "1,25": 52.955124420955855,
        "1,26": 66.62122827704087,
        "1,27": 84.18954615874635,
        "1,28": 26.94559207304262,
        "1,29": 51.35833625175691,
        "1,30": 16.17088941279893,
        "1,31": 10.580677241085338,
        "1,32": 67.72734824315592,
        "1,33": 33.85647000713925,
        "1,34": 69.70053667647666,
        "1,35": 76.92521342955563,
        "1,36": 67.86344874389071,
        "1,37": 73.50049157246129,
        "1,38": 12.844860414225018,
        "1,39": 87.93407707540325,
        "1,40": 86.10813449275172,
        "1,41": 70.68085241673305,
        "1,42": 13.248897750952187,
        "1,43": 36.17784618830355,
        "1,44": 30.41153227467884,
        "1,45": 47.059486977654274,
        "1,46": 60.80821444646447,
        "1,47": 55.31200240177463,
        "1,48": 72.49737935349303,
        "1,49": 27.042811517225392,
        "1,50": 53.619678952023946,
        "1,51": 28.730944292365418,
        "1,52": 97.62659063490419,
        "1,53": 29.991648142195192,
        "1,54": 105.2144093927,
        "1,55": 81.85577852554496,
        "1,56": 85.37454829020692,
        "1,57": 84.06707423691809,
        "1,58": 91.29720721120388,
        "1,59": 38.50363123867525,
        "1,60": 75.75780887020457,
        "2,0": 67.80378406071833,
        "2,1": 46.98581353243575,
        "2,2": 0.0,
        "2,3": 51.384207796910225,
        "2,4": 26.228365026669458,
        "2,5": 3.474183527444498,
        "2,6": 59.263986582364076,
        "2,7": 51.75706702534553,
        "2,8": 34.12997727640302,
        "2,9": 45.127530383002195,
        "2,10": 17.978698307753604,
        "2,11": 80.00387292137931,
        "2,12": 83.0607617991687,
        "2,13": 49.885355817361635,
        "2,14": 60.99881950209556,
        "2,15": 57.83784598651743,
        "2,16": 25.20689958237145,
        "2,17": 39.09052820685398,
        "2,18": 84.96294722543931,
        "2,19": 74.86126478706564,
        "2,20": 42.562672023985925,
        "2,21": 57.8321610413344,
        "2,22": 7.316183704677052,
        "2,23": 69.84053523797351,
        "2,24": 54.767594874803635,
        "2,25": 71.3311487753969,
        "2,26": 79.61489456876295,
        "2,27": 67.22778074904626,
        "2,28": 48.435104115031876,
        "2,29": 29.447629543968247,
        "2,30": 63.15381227171968,
        "2,31": 54.17761136358419,
        "2,32": 24.084152209050977,
        "2,33": 22.544540908619577,
        "2,34": 23.329299373567824,
        "2,35": 30.804346638470044,
        "2,36": 71.37675021772651,
        "2,37": 47.396007985561035,
        "2,38": 52.71500901958675,
        "2,39": 53.83098396283361,
        "2,40": 59.19211221416141,
        "2,41": 86.17039767933717,
        "2,42": 40.18431001887167,
        "2,43": 16.829778148959857,
        "2,44": 17.134323793931035,
        "2,45": 51.06805614796789,
        "2,46": 34.37932577364228,
        "2,47": 52.835449102866924,
        "2,48": 84.02936621952794,
        "2,49": 45.40581155898951,
        "2,50": 16.06201598716992,
        "2,51": 25.319225650672475,
        "2,52": 67.2898187059909,
        "2,53": 24.248544725179944,
        "2,54": 71.87882740644646,
        "2,55": 95.80003236618013,
        "2,56": 40.42838575853901,
        "2,57": 42.7991404026536,
        "2,58": 59.25344071999318,
        "2,59": 9.02792736073038,
        "2,60": 68.12367964871218,
        "3,0": 81.30213207003868,
        "3,1": 61.70885321783592,
        "3,2": 51.384207796910225,
        "3,3": 0.0,
        "3,4": 67.58818873913268,
        "3,5": 54.41672534652971,
        "3,6": 67.91330799585208,
        "3,7": 15.6611412393706,
        "3,8": 17.703843521641765,
        "3,9": 63.52556272176061,
        "3,10": 68.21513073468748,
        "3,11": 49.795777576435725,
        "3,12": 34.98173220622879,
        "3,13": 71.65692215377302,
        "3,14": 22.031641561835507,
        "3,15": 42.21140780420066,
        "3,16": 37.38902605028065,
        "3,17": 17.748445537466424,
        "3,18": 43.83102766576074,
        "3,19": 39.39963288145281,
        "3,20": 45.41850454900147,
        "3,21": 10.598282281156177,
        "3,22": 50.165689408337805,
        "3,23": 41.426939046722296,
        "3,24": 35.91765458638692,
        "3,25": 36.833884650931545,
        "3,26": 36.5169943137902,
        "3,27": 22.56381200185923,
        "3,28": 38.13691848095237,
        "3,29": 22.054051063256956,
        "3,30": 72.57024060816862,
        "3,31": 72.27981785315164,
        "3,32": 71.4867240129962,
        "3,33": 65.56179060539858,
        "3,34": 55.05638139511322,
        "3,35": 71.89329653819405,
        "3,36": 23.26240903380237,
        "3,37": 21.509267921572082,
        "3,38": 55.404254458041414,
        "3,39": 39.244913143653164,
        "3,40": 29.83746031171028,
        "3,41": 43.405926953611875,
        "3,42": 48.47621493232646,
        "3,43": 61.3775624532591,
        "3,44": 47.03599882304459,
        "3,45": 18.129208320637268,
        "3,46": 21.456145875865857,
        "3,47": 9.6987602377797,
        "3,48": 38.64226667810598,
        "3,49": 36.353492814617915,
        "3,50": 37.99037287972306,
        "3,51": 64.35725219441234,
        "3,52": 42.064564605801095,
        "3,53": 64.27482758587117,
        "3,54": 51.376601093246464,
        "3,55": 50.04753389471461,
        "3,56": 58.13835434912435,
        "3,57": 48.561266387192674,
        "3,58": 38.969375728582456,
        "3,59": 47.446688754979,
        "3,60": 16.93105870914837,
        "4,0": 92.61715928364833,
        "4,1": 72.64228343810797,
        "4,2": 26.228365026669458,
        "4,3": 67.58818873913268,
        "4,4": 0.0,
        "4,5": 23.372035009048968,
        "4,6": 85.04375351976338,
        "4,7": 61.924574191108505,
        "4,8": 53.131660764042095,
        "4,9": 70.4040728258818,
        "4,10": 30.873069351013754,
        "4,11": 79.89737150096218,
        "4,12": 102.0433138620632,
        "4,13": 74.15278372141131,
        "4,14": 82.33171458418249,
        "4,15": 55.81785690377142,
        "4,16": 50.724797934619566,
        "4,17": 51.049467545308275,
        "4,18": 106.85934284022197,
        "4,19": 78.3801966044771,
        "4,20": 68.71021846298532,
        "4,21": 70.68930284168772,
        "4,22": 33.38020625497382,
        "4,23": 70.80149444929214,
        "4,24": 79.5462586512929,
        "4,25": 94.4190442044775,
        "4,26": 100.70903788009602,
        "4,27": 76.9494104893715,
        "4,28": 73.84340746814081,
        "4,29": 46.73676896625947,
        "4,30": 88.72546885296897,
        "4,31": 78.89248596099783,
        "4,32": 9.994234252617737,
        "4,33": 42.870324713384136,
        "4,34": 13.557544794750749,
        "4,35": 4.74639431149078,
        "4,36": 90.11872398083553,
        "4,37": 55.22241848742582,
        "4,38": 78.93580993170526,
        "4,39": 52.8337707546408,
        "4,40": 63.52572622101863,
        "4,41": 107.56453559677173,
        "4,42": 66.41265698148605,
        "4,43": 38.17588762169974,
        "4,44": 43.346555773423226,
        "4,45": 72.65947669834085,
        "4,46": 46.54911354522541,
        "4,47": 71.9988633131617,
        "4,48": 104.36628652571203,
        "4,49": 70.71922781533632,
        "4,50": 30.566363196811654,
        "4,51": 47.32770512063,
        "4,52": 67.26784775804754,
        "4,53": 46.006530367159485,
        "4,54": 68.37650704550671,
        "4,55": 116.18624582761163,
        "4,56": 26.336190693922198,
        "4,57": 35.607459527237,
        "4,58": 59.12255220049446,
        "4,59": 35.24648699964223,
        "4,60": 82.673389074406,
        "5,0": 69.86918583327672,
        "5,1": 49.402603341611396,
        "5,2": 3.474183527444498,
        "5,3": 54.41672534652971,
        "5,4": 23.372035009048968,
        "5,5": 0.0,
        "5,6": 61.76070775435337,
        "5,7": 54.160516351242876,
        "5,8": 37.31429061362754,
        "5,9": 47.349595327428915,
        "5,10": 16.182455278546104,
        "5,11": 81.41348590780956,
        "5,12": 86.38754577210723,
        "5,13": 51.71371674807274,
        "5,14": 64.42557633977769,
        "5,15": 58.8255048630981,
        "5,16": 28.597793761153568,
        "5,17": 41.55603466165954,
        "5,18": 88.42165238751461,
        "5,19": 76.67307690739347,
        "5,20": 45.69164121852664,
        "5,21": 60.57206077565241,
        "5,22": 10.038203744670389,
        "5,23": 71.31326707740699,
        "5,24": 58.19924125374074,
        "5,25": 74.80520459492179,
        "5,26": 83.0455624985311,
        "5,27": 69.69235889701447,
        "5,28": 51.8035904743885,
        "5,29": 32.401907411982634,
        "5,30": 65.54038476541167,
        "5,31": 56.18225872561919,
        "5,32": 20.672543046716058,
        "5,33": 22.83372215420706,
        "5,34": 22.00170250434807,
        "5,35": 27.847654372015025,
        "5,36": 74.67270885604506,
        "5,37": 49.476893173158906,
        "5,38": 55.624035806483015,
        "5,39": 54.89820389076262,
        "5,40": 60.982692372087854,
        "5,41": 89.6149378079788,
        "5,42": 43.15815662820066,
        "5,43": 17.240566447276997,
        "5,44": 20.05919421246096,
        "5,45": 54.49517806671928,
        "5,46": 36.79272624546833,
        "5,47": 56.120860075549366,
        "5,48": 87.43020957455543,
        "5,49": 48.79153149916293,
        "5,50": 18.129532821655516,
        "5,51": 26.195036156755318,
        "5,52": 68.6220043604135,
        "5,53": 25.02221767673097,
        "5,54": 72.81202315901871,
        "5,55": 99.2101617388019,
        "5,56": 39.5108969403471,
        "5,57": 42.854479627158675,
        "5,58": 60.4960064177655,
        "5,59": 12.175188155277148,
        "5,60": 71.07524977809956,
        "6,0": 13.517605837895909,
        "6,1": 12.445965233519175,
        "6,2": 59.263986582364076,
        "6,3": 67.91330799585208,
        "6,4": 85.04375351976338,
        "6,5": 61.76070775435337,
        "6,6": 0.0,
        "6,7": 80.5732426163602,
        "6,8": 57.34494533049641,
        "6,9": 15.374647338326406,
        "6,10": 59.11317058146221,
        "6,11": 116.30798606185496,
        "6,12": 76.39104879561121,
        "6,13": 16.78955637276547,
        "6,14": 55.511339887215094,
        "6,15": 101.58873832684145,
        "6,16": 40.10756540268802,
        "6,17": 71.99680826470919,
        "6,18": 66.00679879749745,
        "6,19": 106.76635433197373,
        "6,20": 23.203624145064055,
        "6,21": 78.5112239849829,
        "6,22": 51.949107144722774,
        "6,23": 106.82905106307696,
        "6,24": 35.457221540794244,
        "6,25": 51.93367282176322,
        "6,26": 66.0983846099817,
        "6,27": 90.43964055077637,
        "6,28": 30.23447641656626,
        "6,29": 60.78982176076976,
        "6,30": 4.737719026337812,
        "6,31": 12.023780948152737,
        "6,32": 80.16772368008412,
        "6,33": 45.94960547637425,
        "6,34": 81.74063542438243,
        "6,35": 89.34912753081649,
        "6,36": 70.06331349285054,
        "6,37": 82.10943985137997,
        "6,38": 12.601449666465626,
        "6,39": 97.5219508762599,
        "6,40": 94.36578835097323,
        "6,41": 69.06365298837845,
        "6,42": 21.97344495308637,
        "6,43": 48.546347754693066,
        "6,44": 42.46170259843462,
        "6,45": 51.43537567132313,
        "6,46": 70.18446172154431,
        "6,47": 60.30270257085836,
        "6,48": 72.0039461278679,
        "6,49": 31.599844007236143,
        "6,50": 64.92696257498689,
        "6,51": 40.79399073310033,
        "6,52": 106.24156636174332,
        "6,53": 42.0933165595288,
        "6,54": 114.28795757377112,
        "6,55": 80.06798279737501,
        "6,56": 97.02073232683477,
        "6,57": 95.03341659303432,
        "6,58": 100.40805491563582,
        "6,59": 50.63852989295182,
        "6,60": 80.2999481213036,
        "7,0": 93.65188998991802,
        "7,1": 72.88633553432523,
        "7,2": 51.75706702534553,
        "7,3": 15.6611412393706,
        "7,4": 61.924574191108505,
        "7,5": 54.160516351242876,
        "7,6": 80.5732426163602,
        "7,7": 0.0,
        "7,8": 24.2670348830175,
        "7,9": 74.07686950515274,
        "7,10": 69.65261572688121,
        "7,11": 35.741839042704186,
        "7,12": 46.586080902543884,
        "7,13": 81.9909254446433,
        "7,14": 37.606766869919824,
        "7,15": 26.734762842200002,
        "7,16": 45.26943264194471,
        "7,17": 12.692872496184943,
        "7,18": 58.05062057993863,
        "7,19": 26.566985455033237,
        "7,20": 57.46603530828494,
        "7,21": 10.218679621104348,
        "7,22": 52.752718774692994,
        "7,23": 26.54662823610086,
        "7,24": 50.779142036133386,
        "7,25": 52.348223983210715,
        "7,26": 50.51898286025518,
        "7,27": 15.575474425459799,
        "7,28": 51.878401421722735,
        "7,29": 24.2842592452649,
        "7,30": 85.30106201799656,
        "7,31": 83.40341838970541,
        "7,32": 67.76233941768328,
        "7,33": 69.99824256602004,
        "7,34": 48.50242547120288,
        "7,35": 65.69609434415159,
        "7,36": 35.98098083946718,
        "7,37": 7.644922685829202,
        "7,38": 68.37802182392203,
        "7,39": 24.071703688115473,
        "7,40": 14.41172745355753,
        "7,41": 57.15950024922639,
        "7,42": 59.753461152791246,
        "7,43": 65.03070660872785,
        "7,44": 52.57949517052223,
        "7,45": 33.35061701627246,
        "7,46": 17.380856030066457,
        "7,47": 25.344613412852716,
        "7,48": 51.616303457763834,
        "7,49": 49.645572777559835,
        "7,50": 36.09878217183649,
        "7,51": 69.92029625836562,
        "7,52": 26.705417138175935,
        "7,53": 69.54415322637352,
        "7,54": 35.84500439280174,
        "7,55": 62.23280038111235,
        "7,56": 47.19343440099055,
        "7,57": 36.24360559455117,
        "7,58": 23.323061230139967,
        "7,59": 50.49502519998553,
        "7,60": 22.544040855494494,
        "8,0": 70.0806317230861,
        "8,1": 48.8738549532969,
        "8,2": 34.12997727640302,
        "8,3": 17.703843521641765,
        "8,4": 53.131660764042095,
        "8,5": 37.31429061362754,
        "8,6": 57.34494533049641,
        "8,7": 24.2670348830175,
        "8,8": 0.0,
        "8,9": 49.88769656427015,
        "8,10": 50.581188951960634,
        "8,11": 59.48183148358744,
        "8,12": 49.439710028545356,
        "8,13": 57.75165625664912,
        "8,14": 29.38053283982407,
        "8,15": 44.65809745019548,
        "8,16": 21.13056005171588,
        "8,17": 14.705623507122452,
        "8,18": 53.91011299965105,
        "8,19": 50.8163775700798,
        "8,20": 34.15490265250317,
        "8,21": 26.147494179347788,
        "8,22": 32.48496379134148,
        "8,23": 49.71486376501874,
        "8,24": 32.61577464390415,
        "8,25": 42.568836473670736,
        "8,26": 47.59164430935009,
        "8,27": 37.472684895268,
        "8,28": 30.904899305964523,
        "8,29": 6.741852850188156,
        "8,30": 62.079693587270704,
        "8,31": 59.31983648969788,
        "8,32": 55.63268049978761,
        "8,33": 48.03155834628439,
        "8,34": 41.92810298260901,
        "8,35": 57.70999272417915,
        "8,36": 37.58509681547378,
        "8,37": 24.776572255348214,
        "8,38": 45.64540516965633,
        "8,39": 40.733462734400476,
        "8,40": 37.24481220083088,
        "8,41": 54.47376414282466,
        "8,42": 35.91287065675039,
        "8,43": 43.71609952016503,
        "8,44": 29.672316659849667,
        "8,45": 20.124028849341723,
        "8,46": 13.85725219443168,
        "8,47": 19.0882655017554,
        "8,48": 51.28151696124564,
        "8,49": 28.093327563920525,
        "8,50": 22.57577305424192,
        "8,51": 47.12370770104147,
        "8,52": 48.93160030702544,
        "8,53": 46.94684885067294,
        "8,54": 56.97494638345592,
        "8,55": 63.11694009075213,
        "8,56": 49.623842828942145,
        "8,57": 42.908023482209536,
        "8,58": 43.136464886299876,
        "8,59": 29.747734368320756,
        "8,60": 34.6344891021241,
        "9,0": 22.834595186200996,
        "9,1": 4.057608530649751,
        "9,2": 45.127530383002195,
        "9,3": 63.52556272176061,
        "9,4": 70.4040728258818,
        "9,5": 47.349595327428915,
        "9,6": 15.374647338326406,
        "9,7": 74.07686950515274,
        "9,8": 49.88769656427015,
        "9,9": 0.0,
        "9,10": 43.75923410117297,
        "9,11": 109.31490756617899,
        "9,12": 79.05491664880265,
        "9,13": 8.161263755177906,
        "9,14": 56.068029379746235,
        "9,15": 92.33763138194065,
        "9,16": 29.860696710422005,
        "9,17": 63.909250438799994,
        "9,18": 71.60660630954119,
        "9,19": 100.64220847087935,
        "9,20": 19.260342588580308,
        "9,21": 73.91272675033954,
        "9,22": 37.85431604021445,
        "9,23": 99.42223381703536,
        "9,24": 37.42845819420652,
        "9,25": 56.55097286492252,
        "9,26": 70.08472813839312,
        "9,27": 85.88099556120305,
        "9,28": 30.045159216662007,
        "9,29": 51.870102975566446,
        "9,30": 18.43963834641459,
        "9,31": 9.791674726154735,
        "9,32": 65.08569210629557,
        "9,33": 30.574966341446512,
        "9,34": 68.14107618462191,
        "9,35": 74.58943381145893,
        "9,36": 70.78543195163097,
        "9,37": 74.28330118685261,
        "9,38": 16.857297280192988,
        "9,39": 88.1736243933933,
        "9,40": 87.00080071652418,
        "9,41": 74.3016239133396,
        "9,42": 15.263889468407468,
        "9,43": 33.3003014770349,
        "9,44": 29.074626637070743,
        "9,45": 49.56961320043952,
        "9,46": 61.27924811283645,
        "9,47": 57.569751859695636,
        "9,48": 75.9374503767915,
        "9,49": 29.829479224029136,
        "9,50": 52.87453509105348,
        "9,51": 25.419591530817502,
        "9,52": 98.32287917489441,
        "9,53": 26.71898059283405,
        "9,54": 105.67345041822169,
        "9,55": 85.47640011547169,
        "9,56": 84.2098774097283,
        "9,57": 83.4652169528641,
        "9,58": 91.77319506387109,
        "9,59": 36.95122331125003,
        "9,60": 78.0333304606404,
        "10,0": 64.33683597818384,
        "10,1": 46.864933373312596,
        "10,2": 17.978698307753604,
        "10,3": 68.21513073468748,
        "10,4": 30.873069351013754,
        "10,5": 16.182455278546104,
        "10,6": 59.11317058146221,
        "10,7": 69.65261572688121,
        "10,8": 50.581188951960634,
        "10,9": 43.75923410117297,
        "10,10": 0.0,
        "10,11": 97.59412225276009,
        "10,12": 98.03321127233083,
        "10,13": 45.6545149282151,
        "10,14": 74.93378210996399,
        "10,15": 74.88878453931859,
        "10,16": 36.15132917475502,
        "10,17": 56.96548964332702,
        "10,18": 97.81182793260311,
        "10,19": 92.76834234335269,
        "10,20": 48.79248507876206,
        "10,21": 75.34140321806903,
        "10,22": 18.167793632033856,
        "10,23": 87.49547356769571,
        "10,24": 64.87711382999228,
        "10,25": 83.28991717932114,
        "10,26": 93.25093813801911,
        "10,27": 85.06310850722376,
        "10,28": 57.471015445128195,
        "10,29": 46.71324829926781,
        "10,30": 62.043882979639,
        "10,31": 50.836739158381555,
        "10,32": 22.906524351102266,
        "10,33": 13.375411907052776,
        "10,34": 35.42881898257306,
        "10,35": 33.986196243961174,
        "10,36": 86.70007111321078,
        "10,37": 65.37320082389382,
        "10,38": 56.2410849515309,
        "10,39": 71.00329462428006,
        "10,40": 77.08458790160418,
        "10,41": 99.43315906042774,
        "10,42": 45.04521733937312,
        "10,43": 11.082999207638531,
        "10,44": 24.907099897822285,
        "10,45": 65.16663183928259,
        "10,46": 52.294370036241475,
        "10,47": 68.42523700157126,
        "10,48": 98.13674377364318,
        "10,49": 54.87581620414958,
        "10,50": 34.01664363485124,
        "10,51": 18.477408951236644,
        "10,52": 84.79561100304831,
        "10,53": 17.134008415792746,
        "10,54": 88.82776243419946,
        "10,55": 109.67737457372421,
        "10,56": 53.08690746728175,
        "10,57": 58.11472971097361,
        "10,58": 76.65465203466405,
        "10,59": 21.02801021066519,
        "10,60": 85.11598410190659,
        "11,0": 129.3419450620308,
        "11,1": 108.35219498135903,
        "11,2": 80.00387292137931,
        "11,3": 49.795777576435725,
        "11,4": 79.89737150096218,
        "11,5": 81.41348590780956,
        "11,6": 116.30798606185496,
        "11,7": 35.741839042704186,
        "11,8": 59.48183148358744,
        "11,9": 109.31490756617899,
        "11,10": 97.59412225276009,
        "11,11": 0.0,
        "11,12": 69.10247465232064,
        "11,13": 117.07468110009246,
        "11,14": 69.78777337055517,
        "11,15": 24.08070324584151,
        "11,16": 79.85700246996402,
        "11,17": 45.55444279828526,
        "11,18": 84.6697616962098,
        "11,19": 11.354927405681082,
        "11,20": 93.17455141319886,
        "11,21": 39.88174636701803,
        "11,22": 83.18321295402761,
        "11,23": 10.24542597723393,
        "11,24": 85.71338998281637,
        "11,25": 83.50233740146582,
        "11,26": 77.28988525764075,
        "11,27": 30.019980694502635,
        "11,28": 87.45885849737664,
        "11,29": 57.86295465173989,
        "11,30": 121.03773739477715,
        "11,31": 118.79827141313194,
        "11,32": 88.48457619975613,
        "11,33": 101.1173279411276,
        "11,34": 67.15226368533493,
        "11,35": 82.08408456353276,
        "11,36": 62.4642134234803,
        "11,37": 35.186514347165854,
        "11,38": 104.11570354194136,
        "11,39": 27.262831666383534,
        "11,40": 22.350061047444687,
        "11,41": 82.70171702727444,
        "11,42": 95.31995381507669,
        "11,43": 95.64893853118353,
        "11,44": 85.46781211418727,
        "11,45": 67.90269840935427,
        "11,46": 48.846047433848646,
        "11,47": 59.105470480751585,
        "11,48": 76.03064301029407,
        "11,49": 85.32321658298298,
        "11,50": 64.18231546365371,
        "11,51": 102.05297697088423,
        "11,52": 12.88157635522301,
        "11,53": 101.4383707366743,
        "11,54": 13.926120531441482,
        "11,55": 83.67662253420144,
        "11,56": 55.82668572344501,
        "11,57": 44.57440775700764,
        "11,58": 21.150956945147076,
        "11,59": 81.5322230883351,
        "11,60": 45.48324334471078,
        "12,0": 89.3074877191489,
        "12,1": 75.81842727265963,
        "12,2": 83.0607617991687,
        "12,3": 34.98173220622879,
        "12,4": 102.0433138620632,
        "12,5": 86.38754577210723,
        "12,6": 76.39104879561121,
        "12,7": 46.586080902543884,
        "12,8": 49.439710028545356,
        "12,9": 79.05491664880265,
        "12,10": 98.03321127233083,
        "12,11": 69.10247465232064,
        "12,12": 0.0,
        "12,13": 86.75355615500246,
        "12,14": 23.873842315045255,
        "12,15": 71.81784801548984,
        "12,16": 62.66023718381225,
        "12,17": 52.66348398700169,
        "12,18": 17.044121347753407,
        "12,19": 57.875151702839155,
        "12,20": 60.09606735753696,
        "12,21": 36.461911188979904,
        "12,22": 80.04281859979375,
        "12,23": 64.66953097719095,
        "12,24": 41.7793286495359,
        "12,25": 25.115123934010377,
        "12,26": 11.611265060036988,
        "12,27": 40.34859236922432,
        "12,28": 49.024785616405275,
        "12,29": 55.43709493581829,
        "12,30": 80.16723843421501,
        "12,31": 85.16888620697306,
        "12,32": 105.06424419762706,
        "12,33": 92.10844288908842,
        "12,34": 89.86004513461502,
        "12,35": 106.4718016150903,
        "12,36": 11.925308841035365,
        "12,37": 54.05778462788982,
        "12,38": 64.78289457901313,
        "12,39": 69.97388156650474,
        "12,40": 56.99371927724654,
        "12,41": 14.284059304217834,
        "12,42": 64.62805654718412,
        "12,43": 89.21825523940983,
        "12,44": 73.96175905684984,
        "12,45": 33.06010565337451,
        "12,46": 56.42096103580803,
        "12,47": 30.36165333680068,
        "12,48": 7.436482602367771,
        "12,49": 49.6360007195265,
        "12,50": 71.7644877091314,
        "12,51": 89.43783303483103,
        "12,52": 67.09709772696681,
        "12,53": 89.78559468357155,
        "12,54": 76.51487365245482,
        "12,55": 15.68094846999007,
        "12,56": 92.76330369306972,
        "12,57": 82.5191095736635,
        "12,58": 67.50410682362396,
        "12,59": 77.12129662272348,
        "12,60": 25.199262411880554,
        "13,0": 18.688676632003755,
        "13,1": 10.935491072598019,
        "13,2": 49.885355817361635,
        "13,3": 71.65692215377302,
        "13,4": 74.15278372141131,
        "13,5": 51.71371674807274,
        "13,6": 16.78955637276547,
        "13,7": 81.9909254446433,
        "13,8": 57.75165625664912,
        "13,9": 8.161263755177906,
        "13,10": 45.6545149282151,
        "13,11": 117.07468110009246,
        "13,12": 86.75355615500246,
        "13,13": 0.0,
        "13,14": 63.99273572002665,
        "13,15": 99.58928451671929,
        "13,16": 37.330341220659314,
        "13,17": 71.57815299880454,
        "13,18": 78.64415597103137,
        "13,19": 108.55631741298882,
        "13,20": 27.306160176299276,
        "13,21": 82.01963001659281,
        "13,22": 42.81247377930967,
        "13,23": 107.12030392428613,
        "13,24": 45.00166785633634,
        "13,25": 63.75528425908417,
        "13,26": 77.50149084115645,
        "13,27": 93.97702259150039,
        "13,28": 37.85823645023815,
        "13,29": 59.419439344473176,
        "13,30": 17.830497294934407,
        "13,31": 5.438501698479079,
        "13,32": 67.95618267918667,
        "13,33": 32.2917851570134,
        "13,34": 73.18322946326417,
        "13,35": 78.0977800412951,
        "13,36": 78.73645915385272,
        "13,37": 81.9641485387076,
        "13,38": 23.043442169667557,
        "13,39": 95.4092009870142,
        "13,40": 94.73564410390895,
        "13,41": 81.44389695777679,
        "13,42": 23.416972152935962,
        "13,43": 36.12523928280822,
        "13,44": 34.97906411944516,
        "13,45": 57.68407543866302,
        "13,46": 68.76758148099904,
        "13,47": 65.72646056909223,
        "13,48": 83.38681520806514,
        "13,49": 37.83064950925075,
        "13,50": 59.2016828567579,
        "13,51": 27.288561222499816,
        "13,52": 105.91349638453322,
        "13,53": 28.64687999770607,
        "13,54": 113.07304850497928,
        "13,55": 92.61259875057401,
        "13,56": 89.79375329954357,
        "13,57": 89.81786535973069,
        "13,58": 99.20384436368361,
        "13,59": 42.35975652338148,
        "13,60": 86.19054936977909,
        "14,0": 68.91250777960609,
        "14,1": 53.10956466466607,
        "14,2": 60.99881950209556,
        "14,3": 22.031641561835507,
        "14,4": 82.33171458418249,
        "14,5": 64.42557633977769,
        "14,6": 55.511339887215094,
        "14,7": 37.606766869919824,
        "14,8": 29.38053283982407,
        "14,9": 56.068029379746235,
        "14,10": 74.93378210996399,
        "14,11": 69.78777337055517,
        "14,12": 23.873842315045255,
        "14,13": 63.99273572002665,
        "14,14": 0.0,
        "14,15": 64.24140022995662,
        "14,16": 39.09739928943853,
        "14,17": 37.82951108499238,
        "14,18": 24.54432763539457,
        "14,19": 58.724769406822,
        "14,20": 36.855899477365384,
        "14,21": 30.153676391275734,
