{
    "num_robots": 5,
    "num_tasks": 30,
    "num_nodes": 31,
    "robot_capacity": [
        104,
        76,
        93,
        90,
        77
    ],
    "robot_speed": [
        0.83,
        0.98,
        1.03,
        1.08,
        1.05
    ],
    "task_demand": {
        "0": 0,
        "1": 12,
        "2": 6,
        "3": 7,
        "4": 14,
        "5": 15,
        "6": 11,
        "7": 11,
        "8": 8,
        "9": 15,
        "10": 13,
        "11": 5,
        "12": 13,
        "13": 11,
        "14": 15,
        "15": 5,
        "16": 13,
        "17": 10,
        "18": 6,
        "19": 12,
        "20": 8,
        "21": 5,
        "22": 13,
        "23": 8,
        "24": 15,
        "25": 9,
        "26": 13,
        "27": 14,
        "28": 13,
        "29": 13,
        "30": 9
    },
    "task_service_time": {
        "0": 0,
        "1": 14,
        "2": 40,
        "3": 17,
        "4": 77,
        "5": 45,
        "6": 76,
        "7": 30,
        "8": 85,
        "9": 18,
        "10": 42,
        "11": 96,
        "12": 10,
        "13": 52,
        "14": 59,
        "15": 62,
        "16": 79,
        "17": 25,
        "18": 34,
        "19": 32,
        "20": 95,
        "21": 24,
        "22": 82,
        "23": 24,
        "24": 53,
        "25": 47,
        "26": 25,
        "27": 95,
        "28": 43,
        "29": 95,
        "30": 66
    },
    "task_precedence": [],
    "coordinates": {
        "0": [
            50.0,
            50.0
        ],
        "1": [
            5.40804717009552,
            35.947355977898845
        ],
        "2": [
            22.899200500739713,
            76.00699580156018
        ],
        "3": [
            68.15375363265939,
            25.081260624478375
        ],
        "4": [
            78.62842607019448,
            37.02858468440608
        ],
        "5": [
            60.82100313165654,
            84.95415122642858
        ],
        "6": [
            4.469065570197039,
            94.94128002952459
        ],
        "7": [
            60.85034295733494,
            75.68528157738508
        ],
        "8": [
            85.8171121240858,
            3.6062212361390733
        ],
        "9": [
            76.91426537508409,
            20.134276404808315
        ],
        "10": [
            31.712768963412806,
            38.09639197396481
        ],
        "11": [
            85.36648252241373,
            20.80761000588517
        ],
        "12": [
            25.553719932054964,
            12.705611955326713
        ],
        "13": [
            13.086891008054414,
            18.855009557378033
        ],
        "14": [
            89.93721846510603,
            27.03516431879518
        ],
        "15": [
            79.36719454470098,
            97.31094537324562
        ],
        "16": [
            17.690624880094653,
            73.33979664281316
        ],
        "17": [
            4.140949474300026,
            77.31757094351588
        ],
        "18": [
            38.430824988029386,
            35.692205015817855
        ],
        "19": [
            36.18370125651359,
            49.87655062226863
        ],
        "20": [
            78.8306399922634,
            2.370138202570904
        ],
        "21": [
            13.388890293736655,
            53.50062101267361
        ],
        "22": [
            32.92404129916812,
            42.45273052246573
        ],
        "23": [
            27.84658915181395,
            83.46266122098882
        ],
        "24": [
            65.59437747491542,
            6.926831890395702
        ],
        "25": [
            55.05272733196717,
            35.67804959730505
        ],
        "26": [
            69.12027041735752,
            41.8447975308283
        ],
        "27": [
            1.1151584226170352,
            66.69066811592879
        ],
        "28": [
            20.875932188752266,
            23.643467585417767
        ],
        "29": [
            18.726546319518377,
            90.17835212260543
        ],
        "30": [
            59.50310020905687,
            17.17169351866262
        ]
    },
    "distance_matrix_str_keys": {
        "0,0": 0.0,
        "0,1": 46.75381333320654,
        "0,2": 37.560846158220066,
        "0,3": 30.830218017725173,
        "0,4": 31.429991959054263,
        "0,5": 36.59080207832781,
        "0,6": 63.974875074072344,
        "0,7": 27.88303484202079,
        "0,8": 58.61099068348365,
        "0,9": 40.20372030726559,
        "0,10": 21.820144431763214,
        "0,11": 45.85830044361317,
        "0,12": 44.592510456208636,
        "0,13": 48.29687407195488,
        "0,14": 46.06913388153009,
        "0,15": 55.68444726794498,
        "0,16": 39.85776998235891,
        "0,17": 53.37885533966353,
        "0,18": 18.39996760233542,
        "0,19": 13.81685024591808,
        "0,20": 55.67593319564292,
        "0,21": 36.778087244967246,
        "0,22": 18.669484248876202,
        "0,23": 40.13132577176085,
        "0,24": 45.80919579984331,
        "0,25": 15.187110219803573,
        "0,26": 20.786824388204685,
        "0,27": 51.65564962520472,
        "0,28": 39.279487354025896,
        "0,29": 50.914918092768275,
        "0,30": 34.17611183291619,
        "1,0": 46.75381333320654,
        "1,1": 0.0,
        "1,2": 43.711728261847284,
        "1,3": 63.67963338239201,
        "1,4": 73.22836159432924,
        "1,5": 73.9747366938823,
        "1,6": 59.00139626698621,
        "1,7": 68.21254205137095,
        "1,8": 86.66929515785674,
        "1,9": 73.23382229246492,
        "1,10": 26.392361477067727,
        "1,11": 81.37913302615085,
        "1,12": 30.757548605874334,
        "1,13": 18.73800813445362,
        "1,14": 84.99769385100885,
        "1,15": 96.10122571465635,
        "1,16": 39.35805297625004,
        "1,17": 41.38961491572558,
        "1,18": 33.02376351698994,
        "1,19": 33.78110933476876,
        "1,20": 80.73603092957727,
        "1,21": 19.282400533782518,
        "1,22": 28.27454386681165,
        "1,23": 52.54704938062036,
        "1,24": 66.81755139089005,
        "1,25": 49.64541060663272,
        "1,26": 63.9845857060837,
        "1,27": 31.041587185815203,
        "1,28": 19.764643597217137,
        "1,29": 55.84248707248235,
        "1,30": 57.260809146144744,
        "2,0": 37.560846158220066,
        "2,1": 43.711728261847284,
        "2,2": 0.0,
        "2,3": 68.12785834367618,
        "2,4": 68.00781657860406,
        "2,5": 38.96299147877332,
        "2,6": 26.423039052753776,
        "2,7": 37.952506027966336,
        "2,8": 95.91942327139022,
        "2,9": 77.71349951049562,
        "2,10": 38.92162472995076,
        "2,11": 83.3614630113647,
        "2,12": 63.35701752970556,
        "2,13": 57.98819663720736,
        "2,14": 83.02009474438724,
        "2,15": 60.35306635707718,
        "2,16": 5.851769932968906,
        "2,17": 18.803978003966016,
        "2,18": 43.20316788514877,
        "2,19": 29.313446156979182,
        "2,20": 92.47006391610098,
        "2,21": 24.43323364541123,
        "2,22": 35.0197965649956,
        "2,23": 8.947826625010245,
        "2,24": 81.20928015226791,
        "2,25": 51.57783622479881,
        "2,26": 57.47558694720453,
        "2,27": 23.692582189526775,
        "2,28": 52.402602052808746,
        "2,29": 14.772893517997518,
        "2,30": 69.29241133469431,
        "3,0": 30.830218017725173,
        "3,1": 63.67963338239201,
        "3,2": 68.12785834367618,
        "3,3": 0.0,
        "3,4": 15.888905401775942,
        "3,5": 60.32024750399367,
        "3,6": 94.53127421592585,
        "3,7": 51.12833601922386,
        "3,8": 27.80596248877873,
        "3,9": 10.060776255280981,
        "3,10": 38.69546495015468,
        "3,11": 17.735335504071692,
        "3,12": 44.36123928921405,
        "3,13": 55.41773688691811,
        "3,14": 21.870918585032143,
        "3,15": 73.09492879806469,
        "3,16": 69.8241624520541,
        "3,17": 82.62125157587032,
        "3,18": 31.56017471576901,
        "3,19": 40.45850534817152,
        "3,20": 25.095636752207874,
        "3,21": 61.6996782925568,
        "3,22": 39.27977338933141,
        "3,23": 70.94403036264686,
        "3,24": 18.333949082991225,
        "3,25": 16.850187733851815,
        "3,26": 16.7913764863295,
        "3,27": 78.901939390141,
        "3,28": 47.2996791670423,
        "3,29": 81.73542771828961,
        "3,30": 11.72156373768827,
        "4,0": 31.429991959054263,
        "4,1": 73.22836159432924,
        "4,2": 68.00781657860406,
        "4,3": 15.888905401775942,
        "4,4": 0.0,
        "4,5": 51.12694240892754,
        "4,6": 94.0929914069326,
        "4,7": 42.54880085082768,
        "4,8": 34.18671650874746,
        "4,9": 16.981048234274198,
        "4,10": 46.92780725932918,
        "4,11": 17.56477794549393,
        "4,12": 58.382629557338404,
        "4,13": 68.01449589021055,
        "4,14": 15.091628011417985,
        "4,15": 60.28688737261422,
        "4,16": 70.93602559893313,
        "4,17": 84.68522057248633,
        "4,18": 40.21980909178332,
        "4,19": 44.346644667320376,
        "4,20": 34.659036383092236,
        "4,21": 67.28688586290411,
        "4,22": 46.02512515323088,
        "4,23": 68.81074352606736,
        "4,24": 32.8024685664937,
        "4,25": 23.614349790268285,
        "4,26": 10.658373708057807,
        "4,27": 82.99485438811006,
        "4,28": 59.283318979959695,
        "4,29": 80.08203903747167,
        "4,30": 27.56944352109559,
        "5,0": 36.59080207832781,
        "5,1": 73.9747366938823,
        "5,2": 38.96299147877332,
        "5,3": 60.32024750399367,
        "5,4": 51.12694240892754,
        "5,5": 0.0,
        "5,6": 57.2300935580247,
        "5,7": 9.268916085299862,
        "5,8": 85.10165203135863,
        "5,9": 66.78779275830465,
        "5,10": 55.16283983403289,
        "5,11": 68.68230710365633,
        "5,12": 80.39672064884766,
        "5,13": 81.53307298031783,
        "5,14": 64.8256356679239,
        "5,15": 22.285680997360057,
        "5,16": 44.66679707027079,
        "5,17": 57.192183390898656,
        "5,18": 54.11154610395515,
        "5,19": 42.86530890862545,
        "5,20": 84.52494440681771,
        "5,21": 56.91335424289067,
        "5,22": 50.8390719952534,
        "5,23": 33.008128086130014,
        "5,24": 78.17319019579622,
        "5,25": 49.6125709620555,
        "5,26": 43.900959141365824,
        "5,27": 62.43670961659856,
        "5,28": 73.17519129569642,
        "5,29": 42.41739701245917,
        "5,30": 67.79526857398292,
        "6,0": 63.974875074072344,
        "6,1": 59.00139626698621,
        "6,2": 26.423039052753776,
        "6,3": 94.53127421592585,
        "6,4": 94.0929914069326,
        "6,5": 57.2300935580247,
        "6,6": 0.0,
        "6,7": 59.57887139073873,
        "6,8": 122.3094339898801,
        "6,9": 104.13642382028644,
        "6,10": 63.03618542255423,
        "6,11": 109.72781370607295,
        "6,12": 84.89562858692231,
        "6,13": 76.5727593184288,
        "6,14": 109.16064176335036,
        "6,15": 74.93560594085203,
        "6,16": 25.32654171203622,
        "6,17": 17.62676323437326,
        "6,18": 68.29241533826851,
        "6,19": 55.10578874551187,
        "6,20": 118.7394628995537,
        "6,21": 42.38975693312691,
        "6,22": 59.70538897864498,
        "6,23": 26.043565396479913,
        "6,24": 107.15804606600717,
        "6,25": 77.9155781502744,
        "6,26": 83.6601144030049,
        "6,27": 28.449002911300592,
        "6,28": 73.16121466702215,
        "6,29": 15.032007170161206,
        "6,30": 95.27252255871925,
        "7,0": 27.88303484202079,
        "7,1": 68.21254205137095,
        "7,2": 37.952506027966336,
        "7,3": 51.12833601922386,
        "7,4": 42.54880085082768,
        "7,5": 9.268916085299862,
        "7,6": 59.57887139073873,
        "7,7": 0.0,
        "7,8": 76.28060370961155,
        "7,9": 57.827015997084914,
        "7,10": 47.559676616535185,
        "7,11": 60.10490775538909,
        "7,12": 72.19619368562546,
        "7,13": 74.23629274134873,
        "7,14": 56.68227444341944,
        "7,15": 28.470039116940693,
        "7,16": 43.223402967433806,
        "7,17": 56.732880041369896,
        "7,18": 45.848456449867456,
        "7,19": 35.70061352848554,
        "7,20": 75.48775615643783,
        "7,21": 52.390348856544605,
        "7,22": 43.40830305276575,
        "7,23": 33.907748367831545,
        "7,24": 68.92191427160337,
        "7,25": 40.42512780001378,
        "7,26": 34.83633248060564,
        "7,27": 60.40857010985951,
        "7,28": 65.62243457743627,
        "7,29": 44.54731571052132,
        "7,30": 58.52909576038789,
        "8,0": 58.61099068348365,
        "8,1": 86.66929515785674,
        "8,2": 95.91942327139022,
        "8,3": 27.80596248877873,
        "8,4": 34.18671650874746,
        "8,5": 85.10165203135863,
        "8,6": 122.3094339898801,
        "8,7": 76.28060370961155,
        "8,8": 0.0,
        "8,9": 18.77331318373995,
        "8,10": 64.16269809143186,
        "8,11": 17.207290392326453,
        "8,12": 60.94649579714129,
        "8,13": 74.31157789236326,
        "8,14": 23.788456238933506,
        "8,15": 93.92644336070697,
        "8,16": 97.48840855816647,
        "8,17": 110.01981012925562,
        "8,18": 57.22735852414119,
        "8,19": 67.85586824918063,
        "8,20": 7.094976681752101,
        "8,21": 87.95054545917787,
        "8,22": 65.62566742534831,
        "8,23": 98.67944335439172,
        "8,24": 20.49354658930266,
        "8,25": 44.44152951987173,
        "8,26": 41.72497142029351,
        "8,27": 105.61282308022435,
        "8,28": 67.96210777083837,
        "8,29": 109.52569500441645,
        "8,30": 29.604885767592467,
        "9,0": 40.20372030726559,
        "9,1": 73.23382229246492,
        "9,2": 77.71349951049562,
        "9,3": 10.060776255280981,
        "9,4": 16.981048234274198,
        "9,5": 66.78779275830465,
        "9,6": 104.13642382028644,
        "9,7": 57.827015997084914,
        "9,8": 18.77331318373995,
        "9,9": 0.0,
        "9,10": 48.63962246537349,
        "9,11": 8.478994801505216,
        "9,12": 51.894996711710576,
        "9,13": 63.84019299983272,
        "9,14": 14.73837037078123,
        "9,15": 77.21564021993802,
        "9,16": 79.61323368182262,
        "9,17": 92.55206470682268,
        "9,18": 41.50932818884524,
        "9,19": 50.433934300662955,
        "9,20": 17.867207329114414,
        "9,21": 71.75504324935424,
        "9,22": 49.32801646581054,
        "9,23": 80.1131772767621,
        "9,24": 17.3947248519105,
        "9,25": 26.82416318676928,
        "9,26": 23.067142973598344,
        "9,27": 88.95505732644338,
        "9,28": 56.14810067174495,
        "9,29": 91.06032721251303,
        "9,30": 17.661414716719694,
        "10,0": 21.820144431763214,
        "10,1": 26.392361477067727,
        "10,2": 38.92162472995076,
        "10,3": 38.69546495015468,
        "10,4": 46.92780725932918,
        "10,5": 55.16283983403289,
        "10,6": 63.03618542255423,
        "10,7": 47.559676616535185,
        "10,8": 64.16269809143186,
        "10,9": 48.63962246537349,
        "10,10": 0.0,
        "10,11": 56.37040855458754,
        "10,12": 26.127104602797875,
        "10,13": 26.779733510795822,
        "10,14": 59.265818791397066,
        "10,15": 76.0086022221091,
        "10,16": 37.93043761078344,
        "10,17": 47.94273782025567,
        "10,18": 7.135291982786062,
        "10,19": 12.600054497846374,
        "10,20": 59.13086316661913,
        "10,21": 23.938563068363397,
        "10,22": 4.521599962460322,
        "10,23": 45.530711961587976,
        "10,24": 46.03808066296803,
        "10,25": 23.46491074981107,
        "10,26": 37.59483620453214,
        "10,27": 41.87894935273695,
        "10,28": 18.0644417201776,
        "10,29": 53.67655495168618,
        "10,30": 34.78714584710776,
        "11,0": 45.85830044361317,
        "11,1": 81.37913302615085,
        "11,2": 83.3614630113647,
        "11,3": 17.735335504071692,
        "11,4": 17.56477794549393,
        "11,5": 68.68230710365633,
        "11,6": 109.72781370607295,
        "11,7": 60.10490775538909,
        "11,8": 17.207290392326453,
        "11,9": 8.478994801505216,
        "11,10": 56.37040855458754,
        "11,11": 0.0,
        "11,12": 60.35900049787003,
        "11,13": 72.30596101286639,
        "11,14": 7.72489869047247,
        "11,15": 76.73820286252703,
        "11,16": 85.6717709661734,
        "11,17": 98.94929461154717,
        "11,18": 49.239284283940634,
        "11,19": 57.13098355190646,
        "11,20": 19.56163602761616,
        "11,21": 79.05445434463327,
        "11,22": 56.7337719848669,
        "11,23": 85.05406266682638,
        "11,24": 24.158065715217344,
        "11,25": 33.76468165684957,
        "11,26": 26.58011788390146,
        "11,27": 95.93508552192272,
        "11,28": 64.55287112553489,
        "11,29": 96.1934559050171,
        "11,30": 26.11770344783242,
        "12,0": 44.592510456208636,
        "12,1": 30.757548605874334,
        "12,2": 63.35701752970556,
        "12,3": 44.36123928921405,
        "12,4": 58.382629557338404,
        "12,5": 80.39672064884766,
        "12,6": 84.89562858692231,
        "12,7": 72.19619368562546,
        "12,8": 60.94649579714129,
        "12,9": 51.894996711710576,
        "12,10": 26.127104602797875,
        "12,11": 60.35900049787003,
        "12,12": 0.0,
        "12,13": 13.900968106157615,
        "12,14": 65.95885804266757,
        "12,15": 100.26939958254025,
        "12,16": 61.14190556821383,
        "12,17": 68.06770146675984,
        "12,18": 26.347737951316077,
        "12,19": 38.66102927160498,
        "12,20": 54.270178079639145,
        "12,21": 42.5701285424219,
        "12,22": 30.646577298320793,
        "12,23": 70.79418952175561,
        "12,24": 40.45551328933391,
        "12,25": 37.388826255910445,
        "12,26": 52.4131324878788,
        "12,27": 59.25900418766705,
        "12,28": 11.896149963585174,
        "12,29": 77.77297582426942,
        "12,30": 34.24187941283093,
        "13,0": 48.29687407195488,
        "13,1": 18.73800813445362,
        "13,2": 57.98819663720736,
        "13,3": 55.41773688691811,
        "13,4": 68.01449589021055,
        "13,5": 81.53307298031783,
        "13,6": 76.5727593184288,
        "13,7": 74.23629274134873,
        "13,8": 74.31157789236326,
        "13,9": 63.84019299983272,
        "13,10": 26.779733510795822,
        "13,11": 72.30596101286639,
        "13,12": 13.900968106157615,
        "13,13": 0.0,
        "13,14": 77.28446003031138,
        "13,15": 102.70546480910126,
        "13,16": 54.678939175058694,
        "13,17": 59.14305499171722,
        "13,18": 30.427062633238794,
        "13,19": 38.67555628163637,
        "13,20": 67.77899021144547,
        "13,21": 34.64692766580986,
        "13,22": 30.827989983428562,
        "13,23": 66.27214605534793,
        "13,24": 53.84531137919705,
        "13,25": 45.212233903562236,
        "13,26": 60.56624438654845,
        "13,27": 49.310978603425355,
        "13,28": 9.143221139232343,
        "13,29": 71.54596359480317,
        "13,30": 46.44672248369546,
        "14,0": 46.06913388153009,
        "14,1": 84.99769385100885,
        "14,2": 83.02009474438724,
        "14,3": 21.870918585032143,
        "14,4": 15.091628011417985,
        "14,5": 64.8256356679239,
        "14,6": 109.16064176335036,
        "14,7": 56.68227444341944,
        "14,8": 23.788456238933506,
        "14,9": 14.73837037078123,
        "14,10": 59.265818791397066,
        "14,11": 7.72489869047247,
        "14,12": 65.95885804266757,
        "14,13": 77.28446003031138,
        "14,14": 0.0,
        "14,15": 71.066242397435,
        "14,16": 85.81194123955183,
        "14,17": 99.44506115799062,
        "14,18": 52.228851439078674,
        "14,19": 58.405218436017755,
        "14,20": 27.05031605522266,
        "14,21": 80.99424018933209,
        "14,22": 59.06101690793334,
        "14,23": 83.90058793100152,
        "14,24": 31.57402319193305,
        "14,25": 35.93921517723399,
        "14,26": 25.547417910575913,
        "14,27": 97.27238730285177,
        "14,28": 69.14452161144578,
        "14,29": 95.1736412745337,
        "14,30": 31.99255554419266,
        "15,0": 55.68444726794498,
        "15,1": 96.10122571465635,
        "15,2": 60.35306635707718,
        "15,3": 73.09492879806469,
        "15,4": 60.28688737261422,
        "15,5": 22.285680997360057,
        "15,6": 74.93560594085203,
        "15,7": 28.470039116940693,
        "15,8": 93.92644336070697,
        "15,9": 77.21564021993802,
        "15,10": 76.0086022221091,
        "15,11": 76.73820286252703,
        "15,12": 100.26939958254025,
        "15,13": 102.70546480910126,
        "15,14": 71.066242397435,
        "15,15": 0.0,
        "15,16": 66.17110560546462,
        "15,17": 77.8377990983776,
        "15,18": 73.9773986817358,
        "15,19": 64.14698666315073,
        "15,20": 94.9423233179333,
        "15,21": 79.19899716796512,
        "15,22": 71.87760583104014,
        "15,23": 53.34929947066996,
        "15,24": 91.42744916117078,
        "15,25": 66.25561981875244,
        "15,26": 56.40472507289108,
        "15,27": 84.02965272192243,
        "15,28": 94.06447286628747,
        "15,29": 61.05867754586092,
        "15,30": 82.56441080506572,
        "16,0": 39.85776998235891,
        "16,1": 39.35805297625004,
        "16,2": 5.851769932968906,
        "16,3": 69.8241624520541,
        "16,4": 70.93602559893313,
        "16,5": 44.66679707027079,
        "16,6": 25.32654171203622,
        "16,7": 43.223402967433806,
        "16,8": 97.48840855816647,
        "16,9": 79.61323368182262,
        "16,10": 37.93043761078344,
        "16,11": 85.6717709661734,
        "16,12": 61.14190556821383,
        "16,13": 54.678939175058694,
        "16,14": 85.81194123955183,
        "16,15": 66.17110560546462,
        "16,16": 0.0,
        "16,17": 14.121486890187123,
        "16,18": 42.98252035223368,
        "16,19": 29.875036195537277,
        "16,20": 93.67386971317492,
        "16,21": 20.300192366945474,
        "16,22": 34.439335494745116,
        "16,23": 14.339316495444352,
        "16,24": 81.88682067263107,
        "16,25": 53.05029585350167,
        "16,26": 60.30707594596532,
        "16,27": 17.859367246629795,
        "16,28": 49.798306240589234,
        "16,29": 16.87039074457673,
        "16,30": 70.02241713694467,
        "17,0": 53.37885533966353,
        "17,1": 41.38961491572558,
        "17,2": 18.803978003966016,
        "17,3": 82.62125157587032,
        "17,4": 84.68522057248633,
        "17,5": 57.192183390898656,
        "17,6": 17.62676323437326,
        "17,7": 56.732880041369896,
        "17,8": 110.01981012925562,
        "17,9": 92.55206470682268,
        "17,10": 47.94273782025567,
        "17,11": 98.94929461154717,
        "17,12": 68.06770146675984,
        "17,13": 59.14305499171722,
        "17,14": 99.44506115799062,
        "17,15": 77.8377990983776,
        "17,16": 14.121486890187123,
        "17,17": 0.0,
        "17,18": 53.93020166253617,
        "17,19": 42.187054152282954,
        "17,20": 105.80958153271196,
        "17,21": 25.549393601572024,
        "17,22": 45.21087781258046,
        "17,23": 24.489170811573327,
        "17,24": 93.44185334993777,
        "17,25": 65.77126167689042,
        "17,26": 74.03127584885151,
        "17,27": 11.049274871928171,
        "17,28": 56.222495655643165,
        "17,29": 19.445804891226995,
        "17,30": 81.74652472847643,
        "18,0": 18.39996760233542,
        "18,1": 33.02376351698994,
        "18,2": 43.20316788514877,
        "18,3": 31.56017471576901,
        "18,4": 40.21980909178332,
        "18,5": 54.11154610395515,
        "18,6": 68.29241533826851,
        "18,7": 45.848456449867456,
        "18,8": 57.22735852414119,
        "18,9": 41.50932818884524,
        "18,10": 7.135291982786062,
        "18,11": 49.239284283940634,
        "18,12": 26.347737951316077,
        "18,13": 30.427062633238794,
        "18,14": 52.228851439078674,
        "18,15": 73.9773986817358,
        "18,16": 42.98252035223368,
        "18,17": 53.93020166253617,
        "18,18": 0.0,
        "18,19": 14.361240383336703,
        "18,20": 52.368933434650216,
        "18,21": 30.728458691419753,
        "18,22": 8.71948230813877,
        "18,23": 48.92895394637805,
        "18,24": 39.5639390702262,
        "18,25": 16.621908371401812,
        "18,26": 31.300103121483033,
        "18,27": 48.51147993815456,
        "18,28": 21.29193121491885,
        "18,29": 57.93961360234321,
        "18,30": 28.05441371882485,
        "19,0": 13.81685024591808,
        "19,1": 33.78110933476876,
        "19,2": 29.313446156979182,
        "19,3": 40.45850534817152,
        "19,4": 44.346644667320376,
        "19,5": 42.86530890862545,
        "19,6": 55.10578874551187,
        "19,7": 35.70061352848554,
        "19,8": 67.85586824918063,
        "19,9": 50.433934300662955,
        "19,10": 12.600054497846374,
        "19,11": 57.13098355190646,
        "19,12": 38.66102927160498,
        "19,13": 38.67555628163637,
        "19,14": 58.405218436017755,
        "19,15": 64.14698666315073,
        "19,16": 29.875036195537277,
        "19,17": 42.187054152282954,
        "19,18": 14.361240383336703,
        "19,19": 0.0,
        "19,20": 63.84058743872278,
        "19,21": 23.081102508834917,
        "19,22": 8.107927473267077,
        "19,23": 34.60540800793705,
        "19,24": 52.05445432209105,
        "19,25": 23.6143510686201,
        "19,26": 33.901720396005224,
        "19,27": 38.89109465653346,
        "19,28": 30.372725255568074,
        "19,29": 43.920239783803616,
        "19,30": 40.167176222323185,
        "20,0": 55.67593319564292,
        "20,1": 80.73603092957727,
        "20,2": 92.47006391610098,
        "20,3": 25.095636752207874,
        "20,4": 34.659036383092236,
        "20,5": 84.52494440681771,
        "20,6": 118.7394628995537,
        "20,7": 75.48775615643783,
        "20,8": 7.094976681752101,
        "20,9": 17.867207329114414,
        "20,10": 59.13086316661913,
        "20,11": 19.56163602761616,
        "20,12": 54.270178079639145,
        "20,13": 67.77899021144547,
        "20,14": 27.05031605522266,
        "20,15": 94.9423233179333,
        "20,16": 93.67386971317492,
        "20,17": 105.80958153271196,
        "20,18": 52.368933434650216,
        "20,19": 63.84058743872278,
        "20,20": 0.0,
        "20,21": 83.04787099016346,
        "20,22": 60.942842160928045,
        "20,23": 95.78815547652108,
        "20,24": 13.998646462883956,
        "20,25": 40.92439482704828,
        "20,26": 40.651445317027,
        "20,27": 100.88025894067289,
        "20,28": 61.73574895975143,
        "20,29": 106.4085734706027,
        "20,30": 24.344195074940437,
        "21,0": 36.778087244967246,
        "21,1": 19.282400533782518,
        "21,2": 24.43323364541123,
        "21,3": 61.6996782925568,
        "21,4": 67.28688586290411,
        "21,5": 56.91335424289067,
        "21,6": 42.38975693312691,
        "21,7": 52.390348856544605,
        "21,8": 87.95054545917787,
        "21,9": 71.75504324935424,
        "21,10": 23.938563068363397,
        "21,11": 79.05445434463327,
        "21,12": 42.5701285424219,
        "21,13": 34.64692766580986,
        "21,14": 80.99424018933209,
        "21,15": 79.19899716796512,
        "21,16": 20.300192366945474,
        "21,17": 25.549393601572024,
        "21,18": 30.728458691419753,
        "21,19": 23.081102508834917,
        "21,20": 83.04787099016346,
        "21,21": 0.0,
        "21,22": 22.44277186732146,
        "21,23": 33.26783596381867,
        "21,24": 69.96092284290305,
        "21,25": 45.31577394908026,
        "21,26": 56.93720182379408,
        "21,27": 18.017264959760894,
        "21,28": 30.78157577377114,
        "21,29": 37.06408681219631,
        "21,30": 58.705292171824894,
        "22,0": 18.669484248876202,
        "22,1": 28.27454386681165,
        "22,2": 35.0197965649956,
        "22,3": 39.27977338933141,
        "22,4": 46.02512515323088,
        "22,5": 50.8390719952534,
        "22,6": 59.70538897864498,
        "22,7": 43.40830305276575,
        "22,8": 65.62566742534831,
        "22,9": 49.32801646581054,
        "22,10": 4.521599962460322,
        "22,11": 56.7337719848669,
        "22,12": 30.646577298320793,
        "22,13": 30.827989983428562,
        "22,14": 59.06101690793334,
        "22,15": 71.87760583104014,
        "22,16": 34.439335494745116,
        "22,17": 45.21087781258046,
        "22,18": 8.71948230813877,
        "22,19": 8.107927473267077,
        "22,20": 60.942842160928045,
        "22,21": 22.44277186732146,
        "22,22": 0.0,
        "22,23": 41.3230557462337,
        "22,24": 48.26427601707559,
        "22,25": 23.14249440263369,
        "22,26": 36.20133402098303,
        "22,27": 39.99103210269465,
        "22,28": 22.337083636220093,
        "22,29": 49.79260809414286,
        "22,30": 36.682110142724866,
        "23,0": 40.13132577176085,
        "23,1": 52.54704938062036,
        "23,2": 8.947826625010245,
        "23,3": 70.94403036264686,
        "23,4": 68.81074352606736,
        "23,5": 33.008128086130014,
        "23,6": 26.043565396479913,
        "23,7": 33.907748367831545,
        "23,8": 98.67944335439172,
        "23,9": 80.1131772767621,
        "23,10": 45.530711961587976,
        "23,11": 85.05406266682638,
        "23,12": 70.79418952175561,
        "23,13": 66.27214605534793,
        "23,14": 83.90058793100152,
        "23,15": 53.34929947066996,
        "23,16": 14.339316495444352,
        "23,17": 24.489170811573327,
        "23,18": 48.92895394637805,
        "23,19": 34.60540800793705,
        "23,20": 95.78815547652108,
        "23,21": 33.26783596381867,
        "23,22": 41.3230557462337,
        "23,23": 0.0,
        "23,24": 85.33831902848422,
        "23,25": 54.9867535203151,
        "23,26": 58.61367880744616,
        "23,27": 31.557394403626457,
        "23,28": 60.223965210758294,
        "23,29": 11.325885640821296,
        "23,30": 73.46173896136817,
        "24,0": 45.80919579984331,
        "24,1": 66.81755139089005,
        "24,2": 81.20928015226791,
        "24,3": 18.333949082991225,
        "24,4": 32.8024685664937,
        "24,5": 78.17319019579622,
        "24,6": 107.15804606600717,
        "24,7": 68.92191427160337,
        "24,8": 20.49354658930266,
        "24,9": 17.3947248519105,
        "24,10": 46.03808066296803,
        "24,11": 24.158065715217344,
        "24,12": 40.45551328933391,
        "24,13": 53.84531137919705,
        "24,14": 31.57402319193305,
        "24,15": 91.42744916117078,
        "24,16": 81.88682067263107,
        "24,17": 93.44185334993777,
        "24,18": 39.5639390702262,
        "24,19": 52.05445432209105,
        "24,20": 13.998646462883956,
        "24,21": 69.96092284290305,
        "24,22": 48.26427601707559,
        "24,23": 85.33831902848422,
        "24,24": 0.0,
        "24,25": 30.622849432513924,
        "24,26": 35.09553027819917,
        "24,27": 87.91635689669256,
        "24,28": 47.74081333378866,
        "24,29": 95.53747546478728,
        "24,30": 11.918928161202297,
        "25,0": 15.187110219803573,
        "25,1": 49.64541060663272,
        "25,2": 51.57783622479881,
        "25,3": 16.850187733851815,
        "25,4": 23.614349790268285,
        "25,5": 49.6125709620555,
        "25,6": 77.9155781502744,
        "25,7": 40.42512780001378,
        "25,8": 44.44152951987173,
        "25,9": 26.82416318676928,
        "25,10": 23.46491074981107,
        "25,11": 33.76468165684957,
        "25,12": 37.388826255910445,
        "25,13": 45.212233903562236,
        "25,14": 35.93921517723399,
        "25,15": 66.25561981875244,
        "25,16": 53.05029585350167,
        "25,17": 65.77126167689042,
        "25,18": 16.621908371401812,
        "25,19": 23.6143510686201,
        "25,20": 40.92439482704828,
        "25,21": 45.31577394908026,
        "25,22": 23.14249440263369,
        "25,23": 54.9867535203151,
        "25,24": 30.622849432513924,
        "25,25": 0.0,
        "25,26": 15.359835563407803,
        "25,27": 62.2177132915746,
        "25,28": 36.233747949420284,
        "25,29": 65.49713277921758,
        "25,30": 19.033944258997952,
        "26,0": 20.786824388204685,
        "26,1": 63.9845857060837,
        "26,2": 57.47558694720453,
        "26,3": 16.7913764863295,
        "26,4": 10.658373708057807,
        "26,5": 43.900959141365824,
        "26,6": 83.6601144030049,
        "26,7": 34.83633248060564,
        "26,8": 41.72497142029351,
        "26,9": 23.067142973598344,
        "26,10": 37.59483620453214,
        "26,11": 26.58011788390146,
        "26,12": 52.4131324878788,
        "26,13": 60.56624438654845,
        "26,14": 25.547417910575913,
        "26,15": 56.40472507289108,
        "26,16": 60.30707594596532,
        "26,17": 74.03127584885151,
        "26,18": 31.300103121483033,
        "26,19": 33.901720396005224,
        "26,20": 40.651445317027,
        "26,21": 56.93720182379408,
        "26,22": 36.20133402098303,
        "26,23": 58.61367880744616,
        "26,24": 35.09553027819917,
        "26,25": 15.359835563407803,
        "26,26": 0.0,
        "26,27": 72.40174405736893,
        "26,28": 51.563597458844555,
        "26,29": 69.8259259009534,
        "26,30": 26.481163577353843,
        "27,0": 51.65564962520472,
        "27,1": 31.041587185815203,
        "27,2": 23.692582189526775,
        "27,3": 78.901939390141,
        "27,4": 82.99485438811006,
        "27,5": 62.43670961659856,
        "27,6": 28.449002911300592,
        "27,7": 60.40857010985951,
        "27,8": 105.61282308022435,
        "27,9": 88.95505732644338,
        "27,10": 41.87894935273695,
        "27,11": 95.93508552192272,
        "27,12": 59.25900418766705,
        "27,13": 49.310978603425355,
        "27,14": 97.27238730285177,
        "27,15": 84.02965272192243,
        "27,16": 17.859367246629795,
        "27,17": 11.049274871928171,
        "27,18": 48.51147993815456,
        "27,19": 38.89109465653346,
        "27,20": 100.88025894067289,
        "27,21": 18.017264959760894,
        "27,22": 39.99103210269465,
        "27,23": 31.557394403626457,
        "27,24": 87.91635689669256,
        "27,25": 62.2177132915746,
        "27,26": 72.40174405736893,
        "27,27": 0.0,
        "27,28": 47.36612347818224,
        "27,29": 29.356980152131058,
        "27,30": 76.559000719846,
        "28,0": 39.279487354025896,
        "28,1": 19.764643597217137,
        "28,2": 52.402602052808746,
        "28,3": 47.2996791670423,
        "28,4": 59.283318979959695,
        "28,5": 73.17519129569642,
        "28,6": 73.16121466702215,
        "28,7": 65.62243457743627,
        "28,8": 67.96210777083837,
        "28,9": 56.14810067174495,
        "28,10": 18.0644417201776,
        "28,11": 64.55287112553489,
        "28,12": 11.896149963585174,
        "28,13": 9.143221139232343,
        "28,14": 69.14452161144578,
        "28,15": 94.06447286628747,
        "28,16": 49.798306240589234,
        "28,17": 56.222495655643165,
        "28,18": 21.29193121491885,
        "28,19": 30.372725255568074,
        "28,20": 61.73574895975143,
        "28,21": 30.78157577377114,
        "28,22": 22.337083636220093,
        "28,23": 60.223965210758294,
        "28,24": 47.74081333378866,
        "28,25": 36.233747949420284,
        "28,26": 51.563597458844555,
        "28,27": 47.36612347818224,
        "28,28": 0.0,
        "28,29": 66.56959305863118,
        "28,30": 39.165571218098776,
        "29,0": 50.914918092768275,
        "29,1": 55.84248707248235,
        "29,2": 14.772893517997518,
        "29,3": 81.73542771828961,
        "29,4": 80.08203903747167,
        "29,5": 42.41739701245917,
        "29,6": 15.032007170161206,
        "29,7": 44.54731571052132,
        "29,8": 109.52569500441645,
        "29,9": 91.06032721251303,
        "29,10": 53.67655495168618,
        "29,11": 96.1934559050171,
        "29,12": 77.77297582426942,
        "29,13": 71.54596359480317,
        "29,14": 95.1736412745337,
        "29,15": 61.05867754586092,
        "29,16": 16.87039074457673,
        "29,17": 19.445804891226995,
        "29,18": 57.93961360234321,
        "29,19": 43.920239783803616,
        "29,20": 106.4085734706027,
        "29,21": 37.06408681219631,
        "29,22": 49.79260809414286,
        "29,23": 11.325885640821296,
        "29,24": 95.53747546478728,
        "29,25": 65.49713277921758,
        "29,26": 69.8259259009534,
        "29,27": 29.356980152131058,
        "29,28": 66.56959305863118,
        "29,29": 0.0,
        "29,30": 83.62236272444765,
        "30,0": 34.17611183291619,
        "30,1": 57.260809146144744,
        "30,2": 69.29241133469431,
        "30,3": 11.72156373768827,
        "30,4": 27.56944352109559,
        "30,5": 67.79526857398292,
        "30,6": 95.27252255871925,
        "30,7": 58.52909576038789,
        "30,8": 29.604885767592467,
        "30,9": 17.661414716719694,
        "30,10": 34.78714584710776,
        "30,11": 26.11770344783242,
        "30,12": 34.24187941283093,
        "30,13": 46.44672248369546,
        "30,14": 31.99255554419266,
        "30,15": 82.56441080506572,
        "30,16": 70.02241713694467,
        "30,17": 81.74652472847643,
        "30,18": 28.05441371882485,
        "30,19": 40.167176222323185,
        "30,20": 24.344195074940437,
        "30,21": 58.705292171824894,
        "30,22": 36.682110142724866,
        "30,23": 73.46173896136817,
        "30,24": 11.918928161202297,
        "30,25": 19.033944258997952,
        "30,26": 26.481163577353843,
        "30,27": 76.559000719846,
        "30,28": 39.165571218098776,
        "30,29": 83.62236272444765,
        "30,30": 0.0
    }
}