{
    "num_robots": 7,
    "num_tasks": 30,
    "num_nodes": 31,
    "robot_capacity": [
        69,
        47,
        68,
        64,
        51,
        59,
        55
    ],
    "robot_speed": [
        1.06,
        0.99,
        0.86,
        0.88,
        0.87,
        0.83,
        0.84
    ],
    "task_demand": {
        "0": 0,
        "1": 9,
        "2": 12,
        "3": 7,
        "4": 6,
        "5": 11,
        "6": 14,
        "7": 8,
        "8": 7,
        "9": 6,
        "10": 9,
        "11": 13,
        "12": 6,
        "13": 9,
        "14": 12,
        "15": 14,
        "16": 14,
        "17": 10,
        "18": 15,
        "19": 6,
        "20": 5,
        "21": 6,
        "22": 10,
        "23": 10,
        "24": 7,
        "25": 13,
        "26": 9,
        "27": 9,
        "28": 15,
        "29": 13,
        "30": 13
    },
    "task_service_time": {
        "0": 0,
        "1": 34,
        "2": 10,
        "3": 43,
        "4": 98,
        "5": 93,
        "6": 34,
        "7": 73,
        "8": 59,
        "9": 41,
        "10": 88,
        "11": 42,
        "12": 26,
        "13": 92,
        "14": 42,
        "15": 53,
        "16": 22,
        "17": 88,
        "18": 24,
        "19": 22,
        "20": 14,
        "21": 87,
        "22": 23,
        "23": 70,
        "24": 61,
        "25": 63,
        "26": 25,
        "27": 11,
        "28": 70,
        "29": 53,
        "30": 88
    },
    "task_precedence": [],
    "coordinates": {
        "0": [
            0,
            0
        ],
        "1": [
            20.115146345942414,
            74.38990313497496
        ],
        "2": [
            97.63363268386294,
            78.63711288928106
        ],
        "3": [
            81.03770481452105,
            59.354747573408105
        ],
        "4": [
            25.28387655428075,
            34.00794519489898
        ],
        "5": [
            46.12821553323351,
            57.35591030229078
        ],
        "6": [
            10.418876633331141,
            97.49572106517203
        ],
        "7": [
            45.12607699570631,
            70.11853314747103
        ],
        "8": [
            56.63126362308743,
            9.115994545886242
        ],
        "9": [
            95.62977655881835,
            70.91305597679002
        ],
        "10": [
            64.35101411487786,
            78.07224961915585
        ],
        "11": [
            43.87734831998343,
            52.616213204273045
        ],
        "12": [
            60.88269802568911,
            67.56596064539724
        ],
        "13": [
            66.04766010173567,
            25.450168124751947
        ],
        "14": [
            46.47211051130642,
            81.6852476257405
        ],
        "15": [
            44.91143059980105,
            77.77613529126718
        ],
        "16": [
            6.005868020275862,
            44.49604828382062
        ],
        "17": [
            37.304787122781114,
            23.715435253280916
        ],
        "18": [
            23.08433655657105,
            29.297579678331864
        ],
        "19": [
            72.5956427335824,
            39.23851637373503
        ],
        "20": [
            99.19477653310518,
            80.33597260893987
        ],
        "21": [
            2.821539254189187,
            13.702697400072362
        ],
        "22": [
            49.567039031202974,
            41.713870206266236
        ],
        "23": [
            6.947759637518558,
            65.15821894500921
        ],
        "24": [
            80.63850416362342,
            0.3018671955012042
        ],
        "25": [
            96.91475425960186,
            92.07017906617428
        ],
        "26": [
            79.21400232690799,
            53.22989889531989
        ],
        "27": [
            24.30369945322173,
            60.71663984126325
        ],
        "28": [
            29.843380744335747,
            9.32149103247969
        ],
        "29": [
            82.36174913661489,
            51.29530063452261
        ],
        "30": [
            5.684464499563924,
            14.138601077179036
        ]
    },
    "distance_matrix_str_keys": {
        "0,0": 0.0,
        "0,1": 77.06151309797671,
        "0,2": 125.36395715918113,
        "0,3": 100.44946819724056,
        "0,4": 42.3770545223634,
        "0,5": 73.60375476077883,
        "0,6": 98.05084709638363,
        "0,7": 83.38448006538991,
        "0,8": 57.36027698772255,
        "0,9": 119.05341520786743,
        "0,10": 101.17474575312255,
        "0,11": 68.51049253618507,
        "0,12": 90.9497771125505,
        "0,13": 70.7813849998186,
        "0,14": 93.97944847174631,
        "0,15": 89.81182449636708,
        "0,16": 44.899540794456556,
        "0,17": 44.20485280519069,
        "0,18": 37.29925963427755,
        "0,19": 82.52144273529036,
        "0,20": 127.64588589718437,
        "0,21": 13.990175116876856,
        "0,22": 64.78378134923913,
        "0,23": 65.52758854151806,
        "0,24": 80.63906917586804,
        "0,25": 133.6764282380271,
        "0,26": 95.43731084357606,
        "0,27": 65.40015413381077,
        "0,28": 31.265277374748955,
        "0,29": 97.0291996670525,
        "0,30": 15.238542484975744,
        "1,0": 77.06151309797671,
        "1,1": 0.0,
        "1,2": 77.63475069077923,
        "1,3": 62.75041062110986,
        "1,4": 40.71140256783908,
        "1,5": 31.093997497374463,
        "1,6": 25.057862410092355,
        "1,7": 25.37304186607212,
        "1,8": 74.79378292007243,
        "1,9": 75.59462839612863,
        "1,10": 44.388868795006495,
        "1,11": 32.22942469007892,
        "1,12": 41.334724639966836,
        "1,13": 67.1185032818595,
        "1,14": 27.347972708287273,
        "1,15": 25.026431647649357,
        "1,16": 33.056229257630214,
        "1,17": 53.51061058453358,
        "1,18": 45.18997372454888,
        "1,19": 63.1650416950022,
        "1,20": 79.30286030609263,
        "1,21": 63.1031361039555,
        "1,22": 43.99019334695133,
        "1,23": 16.08117115487677,
        "1,24": 95.66668129968659,
        "1,25": 78.80845089643097,
        "1,26": 62.772769236995835,
        "1,27": 14.300423288548599,
        "1,28": 65.79161647239135,
        "1,29": 66.39277237496303,
        "1,30": 61.955338577165094,
        "2,0": 125.36395715918113,
        "2,1": 77.63475069077923,
        "2,2": 0.0,
        "2,3": 25.44080254274969,
        "2,4": 85.00735157092763,
        "2,5": 55.72878591364497,
        "2,6": 89.23038033812001,
        "2,7": 53.19407490653866,
        "2,8": 80.71171020559748,
        "2,9": 7.979755294323209,
        "2,10": 33.287411574384805,
        "2,11": 59.72290455953667,
        "2,12": 38.382308558196655,
        "2,13": 61.85891008855528,
        "2,14": 51.25224362293424,
        "2,15": 52.72923169378577,
        "2,16": 97.78169332569323,
        "2,17": 81.58406879462179,
        "2,18": 89.3979143523439,
        "2,19": 46.68137046130014,
        "2,20": 2.307226574289163,
        "2,21": 114.91654091314432,
        "2,22": 60.6112471047968,
        "2,23": 91.68210377242998,
        "2,24": 80.15762665725772,
        "2,25": 13.452288024780792,
        "2,26": 31.38167148865389,
        "2,27": 75.4878961282869,
        "2,28": 96.95449288929137,
        "2,29": 31.317808423565733,
        "2,30": 112.31521515698739,
        "3,0": 100.44946819724056,
        "3,1": 62.75041062110986,
        "3,2": 25.44080254274969,
        "3,3": 0.0,
        "3,4": 61.24499780788277,
        "3,5": 34.96666687456408,
        "3,6": 80.26053047783736,
        "3,7": 37.49005324724777,
        "3,8": 55.85343926197603,
        "3,9": 18.615129624539513,
        "3,10": 25.07569598910726,
        "3,11": 37.76638638055193,
        "3,12": 21.763462931515903,
        "3,13": 37.07049970099597,
        "3,14": 41.15132491332012,
        "3,15": 40.55188299066805,
        "3,16": 76.48893696016852,
        "3,17": 56.41567754165565,
        "3,18": 65.28419590003669,
        "3,19": 21.815846760030258,
        "3,20": 27.746910771929777,
        "3,21": 90.56422163299372,
        "3,22": 36.0777404936596,
        "3,23": 74.31689078730507,
        "3,24": 59.05422967143894,
        "3,25": 36.364545326999725,
        "3,26": 6.390591685658301,
        "3,27": 56.7503490287521,
        "3,28": 71.58341691406963,
        "3,29": 8.167482986060007,
        "3,30": 87.8783860225717,
        "4,0": 42.3770545223634,
        "4,1": 40.71140256783908,
        "4,2": 85.00735157092763,
        "4,3": 61.24499780788277,
        "4,4": 0.0,
        "4,5": 31.298784994396737,
        "4,6": 65.20479972827044,
        "4,7": 41.20300329633934,
        "4,8": 40.028338501047905,
        "4,9": 79.43886233621458,
        "4,10": 58.88891374080694,
        "4,11": 26.305604547523274,
        "4,12": 48.922556056783094,
        "4,13": 41.65239005730753,
        "4,14": 52.17342642859085,
        "4,15": 47.96764891175764,
        "4,16": 21.946341823661932,
        "4,17": 15.825234652105177,
        "4,18": 5.198607457886138,
        "4,19": 47.60002199434136,
        "4,20": 87.23019694896895,
        "4,21": 30.279690965932858,
        "4,22": 25.47652370637366,
        "4,23": 36.14626866347312,
        "4,24": 64.80921610288532,
        "4,25": 92.20740557545982,
        "4,26": 57.25331405178671,
        "4,27": 26.726674257418708,
        "4,28": 25.103985690968628,
        "4,29": 59.638378554593984,
        "4,30": 27.90927782223953,
        "5,0": 73.60375476077883,
        "5,1": 31.093997497374463,
        "5,2": 55.72878591364497,
        "5,3": 34.96666687456408,
        "5,4": 31.298784994396737,
        "5,5": 0.0,
        "5,6": 53.7248666145203,
        "5,7": 12.80190702734221,
        "5,8": 49.37006675469247,
        "5,9": 51.32446534362821,
        "5,10": 27.590525599173876,
        "5,11": 5.24701170121069,
        "5,12": 17.942683233812808,
        "5,13": 37.613304239553464,
        "5,14": 24.331767678369516,
        "5,15": 20.45644529664537,
        "5,16": 42.13287102826758,
        "5,17": 34.77836181359659,
        "5,18": 36.308267318814,
        "5,19": 32.07436149587762,
        "5,20": 57.82856698873469,
        "5,21": 61.49041557043137,
        "5,22": 16.015583830002154,
        "5,23": 39.94977026657729,
        "5,24": 66.67926106507348,
        "5,25": 61.51709495429746,
        "5,26": 33.342064391500095,
        "5,27": 22.081757293313746,
        "5,28": 50.71983121708602,
        "5,29": 36.73690170567481,
        "5,30": 59.1898032969563,
        "6,0": 98.05084709638363,
        "6,1": 25.057862410092355,
        "6,2": 89.23038033812001,
        "6,3": 80.26053047783736,
        "6,4": 65.20479972827044,
        "6,5": 53.7248666145203,
        "6,6": 0.0,
        "6,7": 44.20520529615454,
        "6,8": 99.73244592866828,
        "6,9": 89.26105281315294,
        "6,10": 57.323177653918165,
        "6,11": 55.978920616987665,
        "6,12": 58.67186573056053,
        "6,13": 91.02265239304727,
        "6,14": 39.367584932771194,
        "6,15": 39.73157865255583,
        "6,16": 53.18307963957354,
        "6,17": 78.52631888310478,
        "6,18": 69.36425854636262,
        "6,19": 85.20476595323376,
        "6,20": 90.41912060010242,
        "6,21": 84.13673603243984,
        "6,22": 68.14831989400292,
        "6,23": 32.523263928611996,
        "6,24": 119.90596866099665,
        "6,25": 86.66587190077585,
        "6,26": 81.8060653715115,
        "6,27": 39.31270940058233,
        "6,28": 90.28846106683058,
        "6,29": 85.50003363737649,
        "6,30": 83.49146130560314,
        "7,0": 83.38448006538991,
        "7,1": 25.37304186607212,
        "7,2": 53.19407490653866,
        "7,3": 37.49005324724777,
        "7,4": 41.20300329633934,
        "7,5": 12.80190702734221,
        "7,6": 44.20520529615454,
        "7,7": 0.0,
        "7,8": 62.07800766107681,
        "7,9": 50.50994888224885,
        "7,10": 20.80528329410706,
        "7,11": 17.546809587490213,
        "7,12": 15.962040366470676,
        "7,13": 49.32520120045499,
        "7,14": 11.644770931492275,
        "7,15": 7.660609875717897,
        "7,16": 46.764329150211736,
        "7,17": 47.05762498739299,
        "7,18": 46.39168636421655,
        "7,19": 41.329801327537396,
        "7,20": 55.02563347035905,
        "7,21": 70.51539148725554,
        "7,22": 28.749730791855693,
        "7,23": 38.49920302148663,
        "7,24": 78.32942823744828,
        "7,25": 56.24892755674594,
        "7,26": 38.04224783432905,
        "7,27": 22.84659721409473,
        "7,28": 62.68844498505036,
        "7,29": 41.72300758600407,
        "7,30": 68.47914712443755,
        "8,0": 57.36027698772255,
        "8,1": 74.79378292007243,
        "8,2": 80.71171020559748,
        "8,3": 55.85343926197603,
        "8,4": 40.028338501047905,
        "8,5": 49.37006675469247,
        "8,6": 99.73244592866828,
        "8,7": 62.07800766107681,
        "8,8": 0.0,
        "8,9": 73.07366702645534,
        "8,10": 69.38702804837025,
        "8,11": 45.33135094927365,
        "8,12": 58.60437894486734,
        "8,13": 18.854011486885586,
        "8,14": 73.27690553316609,
        "8,15": 69.65320820514468,
        "8,16": 61.76308673018453,
        "8,17": 24.220990130166538,
        "8,18": 39.14961933485841,
        "8,19": 34.09146112522657,
        "8,20": 82.96949985713478,
        "8,21": 54.00485422375844,
        "8,22": 33.354531426092315,
        "8,23": 74.89446898059757,
        "8,24": 25.574136140248427,
        "8,25": 92.21798277607326,
        "8,26": 49.558214700652975,
        "8,27": 60.89086959517081,
        "8,28": 26.78867107438739,
        "8,29": 49.40801298251857,
        "8,30": 51.19377811122012,
        "9,0": 119.05341520786743,
        "9,1": 75.59462839612863,
        "9,2": 7.979755294323209,
        "9,3": 18.615129624539513,
        "9,4": 79.43886233621458,
        "9,5": 51.32446534362821,
        "9,6": 89.26105281315294,
        "9,7": 50.50994888224885,
        "9,8": 73.07366702645534,
        "9,9": 0.0,
        "9,10": 32.08761495707267,
        "9,11": 54.89160485955903,
        "9,12": 34.907914772224395,
        "9,13": 54.239983277351705,
        "9,14": 50.32411195600401,
        "9,15": 51.18058689088443,
        "9,16": 93.43609194083105,
        "9,17": 75.0294595120748,
        "9,18": 83.63425573691198,
        "9,19": 39.16436875712895,
        "9,20": 10.074749757344417,
        "9,21": 109.02474049530672,
        "9,22": 54.537768914758004,
        "9,23": 88.86854491040155,
        "9,24": 72.18502773521487,
        "9,25": 21.19610872568046,
        "9,26": 24.128234249546722,
        "9,27": 72.05120524517508,
        "9,28": 90.11864816201457,
        "9,29": 23.683261522548037,
        "9,30": 106.36492791604111,
        "10,0": 101.17474575312255,
        "10,1": 44.388868795006495,
        "10,2": 33.287411574384805,
        "10,3": 25.07569598910726,
        "10,4": 58.88891374080694,
        "10,5": 27.590525599173876,
        "10,6": 57.323177653918165,
        "10,7": 20.80528329410706,
        "10,8": 69.38702804837025,
        "10,9": 32.08761495707267,
        "10,10": 0.0,
        "10,11": 32.66773302567641,
        "10,12": 11.063965134374175,
        "10,13": 52.64942609761675,
        "10,14": 18.240311090038578,
        "10,15": 19.441838671659294,
        "10,16": 67.31654602630336,
        "10,17": 60.713768310937596,
        "10,18": 63.88980438644011,
        "10,19": 39.69927882011038,
        "10,20": 34.917219551853606,
        "10,21": 89.04670420356632,
        "10,22": 39.249174167189246,
        "10,23": 58.837962344436015,
        "10,24": 79.45762842175368,
        "10,25": 35.444875525480626,
        "10,26": 28.94910720690743,
        "10,27": 43.64635840906065,
        "10,28": 76.9249216254341,
        "10,29": 32.270599203437115,
        "10,30": 86.7713977048607,
        "11,0": 68.51049253618507,
        "11,1": 32.22942469007892,
        "11,2": 59.72290455953667,
        "11,3": 37.76638638055193,
        "11,4": 26.305604547523274,
        "11,5": 5.24701170121069,
        "11,6": 55.978920616987665,
        "11,7": 17.546809587490213,
        "11,8": 45.33135094927365,
        "11,9": 54.89160485955903,
        "11,10": 32.66773302567641,
        "11,11": 0.0,
        "11,12": 22.642368850602704,
        "11,13": 35.06446534260397,
        "11,14": 29.184611579152104,
        "11,15": 25.18116370593401,
        "11,16": 38.73223590791635,
        "11,17": 29.638716687190126,
        "11,18": 31.242727277088886,
        "11,19": 31.681275329694923,
        "11,20": 61.87408929080486,
        "11,21": 56.56713860794736,
        "11,22": 12.297709674387585,
        "11,23": 39.00123624010778,
        "11,24": 63.93882527295828,
        "11,25": 66.10281273165266,
        "11,26": 35.34198249295719,
        "11,27": 21.18359369088593,
        "11,28": 45.51247316777133,
        "11,29": 38.507063199263435,
        "11,30": 54.214601442076045,
        "12,0": 90.9497771125505,
        "12,1": 41.334724639966836,
        "12,2": 38.382308558196655,
        "12,3": 21.763462931515903,
        "12,4": 48.922556056783094,
        "12,5": 17.942683233812808,
        "12,6": 58.67186573056053,
        "12,7": 15.962040366470676,
        "12,8": 58.60437894486734,
        "12,9": 34.907914772224395,
        "12,10": 11.063965134374175,
        "12,11": 22.642368850602704,
        "12,12": 0.0,
        "12,13": 42.43131877386138,
        "12,14": 20.174719263052285,
        "12,15": 18.95597661658186,
        "12,16": 59.52887809974121,
        "12,17": 49.78741266334399,
        "12,18": 53.788336203963034,
        "12,19": 30.65350180149559,
        "12,20": 40.384261353990794,
        "12,21": 79.1981646588132,
        "12,22": 28.22011195145235,
        "12,23": 53.98865435470253,
        "12,24": 70.10527900091398,
        "12,25": 43.5748298545961,
        "12,26": 23.2714284882969,
        "12,27": 37.21473272834985,
        "12,28": 65.99892012588235,
        "12,29": 26.945946148080175,
        "12,30": 76.82009981011693,
        "13,0": 70.7813849998186,
        "13,1": 67.1185032818595,
        "13,2": 61.85891008855528,
        "13,3": 37.07049970099597,
        "13,4": 41.65239005730753,
        "13,5": 37.613304239553464,
        "13,6": 91.02265239304727,
        "13,7": 49.32520120045499,
        "13,8": 18.854011486885586,
        "13,9": 54.239983277351705,
        "13,10": 52.64942609761675,
        "13,11": 35.06446534260397,
        "13,12": 42.43131877386138,
        "13,13": 0.0,
        "13,14": 59.54482604097402,
        "13,15": 56.433563040709046,
        "13,16": 62.99017659434569,
        "13,17": 28.79517399182853,
        "13,18": 43.135249456901455,
        "13,19": 15.26416142413992,
        "13,20": 64.11850638927321,
        "13,21": 64.308206520286,
        "13,22": 23.154240999582314,
        "13,23": 71.20061470819269,
        "13,24": 29.074555371776174,
        "13,25": 73.42345238127807,
        "13,26": 30.741925920078508,
        "13,27": 54.646887175356774,
        "13,28": 39.63437988079847,
        "13,29": 30.563382919525953,
        "13,30": 61.41389852775823,
        "14,0": 93.97944847174631,
        "14,1": 27.347972708287273,
        "14,2": 51.25224362293424,
        "14,3": 41.15132491332012,
        "14,4": 52.17342642859085,
        "14,5": 24.331767678369516,
        "14,6": 39.367584932771194,
        "14,7": 11.644770931492275,
        "14,8": 73.27690553316609,
        "14,9": 50.32411195600401,
        "14,10": 18.240311090038578,
        "14,11": 29.184611579152104,
        "14,12": 20.174719263052285,
        "14,13": 59.54482604097402,
        "14,14": 0.0,
        "14,15": 4.20914255279004,
        "14,16": 54.95956085192039,
        "14,17": 58.69019479102086,
        "14,18": 57.37120988375393,
        "14,19": 49.84138771892561,
        "14,20": 52.73992847470592,
        "14,21": 80.78984779202248,
        "14,22": 40.09101639212114,
        "14,23": 42.8405997741396,
        "14,24": 88.26435897607904,
        "14,25": 51.500554456626574,
        "14,26": 43.37900818407916,
        "14,27": 30.514274712983944,
        "14,28": 74.24976715082435,
        "14,29": 47.027811333127836,
        "14,30": 78.90615645902102,
        "15,0": 89.81182449636708,
        "15,1": 25.026431647649357,
        "15,2": 52.72923169378577,
        "15,3": 40.55188299066805,
        "15,4": 47.96764891175764,
        "15,5": 20.45644529664537,
        "15,6": 39.73157865255583,
        "15,7": 7.660609875717897,
        "15,8": 69.65320820514468,
        "15,9": 51.18058689088443,
        "15,10": 19.441838671659294,
        "15,11": 25.18116370593401,
        "15,12": 18.95597661658186,
        "15,13": 56.433563040709046,
        "15,14": 4.20914255279004,
        "15,15": 0.0,
        "15,16": 51.197724469477784,
        "15,17": 54.59322589464391,
        "15,18": 53.16570688600377,
        "15,19": 47.45064460364198,
        "15,20": 54.34366948235752,
        "15,21": 76.66136182381717,
        "15,22": 36.36154084919146,
        "15,23": 40.0056511739731,
        "15,24": 85.31521553866811,
        "15,25": 53.93204389882659,
        "15,26": 42.180376341363335,
        "15,27": 26.752662821080076,
        "15,28": 70.09339802751708,
        "15,29": 45.86677405951575,
        "15,30": 74.75620797150155,
        "16,0": 44.899540794456556,
        "16,1": 33.056229257630214,
        "16,2": 97.78169332569323,
        "16,3": 76.48893696016852,
        "16,4": 21.946341823661932,
        "16,5": 42.13287102826758,
        "16,6": 53.18307963957354,
        "16,7": 46.764329150211736,
        "16,8": 61.76308673018453,
        "16,9": 93.43609194083105,
        "16,10": 67.31654602630336,
        "16,11": 38.73223590791635,
        "16,12": 59.52887809974121,
        "16,13": 62.99017659434569,
        "16,14": 54.95956085192039,
        "16,15": 51.197724469477784,
        "16,16": 0.0,
        "16,17": 37.569352069342436,
        "16,18": 22.86192326767921,
        "16,19": 66.79700396091494,
        "16,20": 99.84324136085903,
        "16,21": 30.957558177933976,
        "16,22": 43.6499270869776,
        "16,23": 20.68362773429058,
        "16,24": 86.73612868794916,
        "16,25": 102.6046953943688,
        "16,26": 73.72727497447518,
        "16,27": 24.452366462612183,
        "16,28": 42.49089891609235,
        "16,29": 76.6580094548575,
        "16,30": 30.359148557348522,
        "17,0": 44.20485280519069,
        "17,1": 53.51061058453358,
        "17,2": 81.58406879462179,
        "17,3": 56.41567754165565,
        "17,4": 15.825234652105177,
        "17,5": 34.77836181359659,
        "17,6": 78.52631888310478,
        "17,7": 47.05762498739299,
        "17,8": 24.220990130166538,
        "17,9": 75.0294595120748,
        "17,10": 60.713768310937596,
        "17,11": 29.638716687190126,
        "17,12": 49.78741266334399,
        "17,13": 28.79517399182853,
        "17,14": 58.69019479102086,
        "17,15": 54.59322589464391,
        "17,16": 37.569352069342436,
        "17,17": 0.0,
        "17,18": 15.276830518407657,
        "17,19": 38.5539950875992,
        "17,20": 83.88239409824683,
        "17,21": 35.907510396626286,
        "17,22": 21.778578526213305,
        "17,23": 51.37171826852171,
        "17,24": 49.254504380534264,
        "17,25": 90.69575063793856,
        "17,26": 51.25900782402113,
        "17,27": 39.21884013523722,
        "17,28": 16.212902743674316,
        "17,29": 52.82782221863281,
        "17,30": 33.03877351889585,
        "18,0": 37.29925963427755,
        "18,1": 45.18997372454888,
        "18,2": 89.3979143523439,
        "18,3": 65.28419590003669,
        "18,4": 5.198607457886138,
        "18,5": 36.308267318814,
        "18,6": 69.36425854636262,
        "18,7": 46.39168636421655,
        "18,8": 39.14961933485841,
        "18,9": 83.63425573691198,
        "18,10": 63.88980438644011,
        "18,11": 31.242727277088886,
        "18,12": 53.788336203963034,
        "18,13": 43.135249456901455,
        "18,14": 57.37120988375393,
        "18,15": 53.16570688600377,
        "18,16": 22.86192326767921,
        "18,17": 15.276830518407657,
        "18,18": 0.0,
        "18,19": 50.499422390120216,
        "18,20": 91.639056228012,
        "18,21": 25.569147576526404,
        "18,22": 29.24889401043993,
        "18,23": 39.32396932252972,
        "18,24": 64.44558597241287,
        "18,25": 96.90887375318403,
        "18,26": 61.01881089134357,
        "18,27": 31.44271278683871,
        "18,28": 21.088593976818366,
        "18,29": 63.22745740144209,
        "18,30": 23.07704876777849,
        "19,0": 82.52144273529036,
        "19,1": 63.1650416950022,
        "19,2": 46.68137046130014,
        "19,3": 21.815846760030258,
        "19,4": 47.60002199434136,
        "19,5": 32.07436149587762,
        "19,6": 85.20476595323376,
        "19,7": 41.329801327537396,
        "19,8": 34.09146112522657,
        "19,9": 39.16436875712895,
        "19,10": 39.69927882011038,
        "19,11": 31.681275329694923,
        "19,12": 30.65350180149559,
        "19,13": 15.26416142413992,
        "19,14": 49.84138771892561,
        "19,15": 47.45064460364198,
        "19,16": 66.79700396091494,
        "19,17": 38.5539950875992,
        "19,18": 50.499422390120216,
        "19,19": 0.0,
        "19,20": 48.95421154394679,
        "19,21": 74.30009129879143,
        "19,22": 23.16126000625765,
        "19,23": 70.57956883105606,
        "19,24": 39.75865024383623,
        "19,25": 58.16015619186945,
        "19,26": 15.477773372545395,
        "19,27": 52.85282938008105,
        "19,28": 52.180305772067854,
        "19,29": 15.515891240483977,
        "19,30": 71.46405754334742,
        "20,0": 127.64588589718437,
        "20,1": 79.30286030609263,
        "20,2": 2.307226574289163,
        "20,3": 27.746910771929777,
        "20,4": 87.23019694896895,
        "20,5": 57.82856698873469,
        "20,6": 90.41912060010242,
        "20,7": 55.02563347035905,
        "20,8": 82.96949985713478,
        "20,9": 10.074749757344417,
        "20,10": 34.917219551853606,
        "20,11": 61.87408929080486,
        "20,12": 40.384261353990794,
        "20,13": 64.11850638927321,
        "20,14": 52.73992847470592,
        "20,15": 54.34366948235752,
        "20,16": 99.84324136085903,
        "20,17": 83.88239409824683,
        "20,18": 91.639056228012,
        "20,19": 48.95421154394679,
        "20,20": 0.0,
        "20,21": 117.16567000908978,
        "20,22": 62.88544444909584,
        "20,23": 93.48730572873306,
        "20,24": 82.15712551921351,
        "20,25": 11.953664825009646,
        "20,26": 33.67447950670114,
        "20,27": 77.41829011566888,
        "20,28": 99.26063011800777,
        "20,29": 33.566522608943224,
        "20,30": 114.56993695697065,
        "21,0": 13.990175116876856,
        "21,1": 63.1031361039555,
        "21,2": 114.91654091314432,
        "21,3": 90.56422163299372,
        "21,4": 30.279690965932858,
        "21,5": 61.49041557043137,
        "21,6": 84.13673603243984,
        "21,7": 70.51539148725554,
        "21,8": 54.00485422375844,
        "21,9": 109.02474049530672,
        "21,10": 89.04670420356632,
        "21,11": 56.56713860794736,
        "21,12": 79.1981646588132,
        "21,13": 64.308206520286,
        "21,14": 80.78984779202248,
        "21,15": 76.66136182381717,
        "21,16": 30.957558177933976,
        "21,17": 35.907510396626286,
        "21,18": 25.569147576526404,
        "21,19": 74.30009129879143,
        "21,20": 117.16567000908978,
        "21,21": 0.0,
        "21,22": 54.49557368613758,
        "21,23": 51.620697323004684,
        "21,24": 78.96241053746944,
        "21,25": 122.4540538028106,
        "21,26": 86.01283667199102,
        "21,27": 51.68939920990094,
        "21,28": 27.374712541943534,
        "21,29": 87.97641050919917,
        "21,30": 2.8959200569627463,
        "22,0": 64.78378134923913,
        "22,1": 43.99019334695133,
        "22,2": 60.6112471047968,
        "22,3": 36.0777404936596,
        "22,4": 25.47652370637366,
        "22,5": 16.015583830002154,
        "22,6": 68.14831989400292,
        "22,7": 28.749730791855693,
        "22,8": 33.354531426092315,
        "22,9": 54.537768914758004,
        "22,10": 39.249174167189246,
        "22,11": 12.297709674387585,
        "22,12": 28.22011195145235,
        "22,13": 23.154240999582314,
        "22,14": 40.09101639212114,
        "22,15": 36.36154084919146,
        "22,16": 43.6499270869776,
        "22,17": 21.778578526213305,
        "22,18": 29.24889401043993,
        "22,19": 23.16126000625765,
        "22,20": 62.88544444909584,
        "22,21": 54.49557368613758,
        "22,22": 0.0,
        "22,23": 48.641961965166786,
        "22,24": 51.77248244810009,
        "22,25": 69.11992461905619,
        "22,26": 31.80505226255708,
        "22,27": 31.61236436005947,
        "22,28": 37.924779824746075,
        "22,29": 34.16572580744515,
        "22,30": 51.82736550381898,
        "23,0": 65.52758854151806,
        "23,1": 16.08117115487677,
        "23,2": 91.68210377242998,
        "23,3": 74.31689078730507,
        "23,4": 36.14626866347312,
        "23,5": 39.94977026657729,
        "23,6": 32.523263928611996,
        "23,7": 38.49920302148663,
        "23,8": 74.89446898059757,
        "23,9": 88.86854491040155,
        "23,10": 58.837962344436015,
        "23,11": 39.00123624010778,
        "23,12": 53.98865435470253,
        "23,13": 71.20061470819269,
        "23,14": 42.8405997741396,
        "23,15": 40.0056511739731,
        "23,16": 20.68362773429058,
        "23,17": 51.37171826852171,
        "23,18": 39.32396932252972,
        "23,19": 70.57956883105606,
        "23,20": 93.48730572873306,
        "23,21": 51.620697323004684,
        "23,22": 48.641961965166786,
        "23,23": 0.0,
        "23,24": 98.16655332172748,
        "23,25": 93.90587691349857,
        "23,26": 73.24407588091717,
        "23,27": 17.915252491135686,
        "23,28": 60.348567918756665,
        "23,29": 76.67757375043264,
        "23,30": 51.0352556766888,
        "24,0": 80.63906917586804,
        "24,1": 95.66668129968659,
        "24,2": 80.15762665725772,
        "24,3": 59.05422967143894,
        "24,4": 64.80921610288532,
        "24,5": 66.67926106507348,
        "24,6": 119.90596866099665,
        "24,7": 78.32942823744828,
        "24,8": 25.574136140248427,
        "24,9": 72.18502773521487,
        "24,10": 79.45762842175368,
        "24,11": 63.93882527295828,
        "24,12": 70.10527900091398,
        "24,13": 29.074555371776174,
        "24,14": 88.26435897607904,
        "24,15": 85.31521553866811,
        "24,16": 86.73612868794916,
        "24,17": 49.254504380534264,
        "24,18": 64.44558597241287,
        "24,19": 39.75865024383623,
        "24,20": 82.15712551921351,
        "24,21": 78.96241053746944,
        "24,22": 51.77248244810009,
        "24,23": 98.16655332172748,
        "24,24": 0.0,
        "24,25": 93.20053315716576,
        "24,26": 52.947197707714594,
        "24,27": 82.60481206078866,
        "24,28": 51.589709994738854,
        "24,29": 51.02254234293747,
        "24,30": 76.22049111934254,
        "25,0": 133.6764282380271,
        "25,1": 78.80845089643097,
        "25,2": 13.452288024780792,
        "25,3": 36.364545326999725,
        "25,4": 92.20740557545982,
        "25,5": 61.51709495429746,
        "25,6": 86.66587190077585,
        "25,7": 56.24892755674594,
        "25,8": 92.21798277607326,
        "25,9": 21.19610872568046,
        "25,10": 35.444875525480626,
        "25,11": 66.10281273165266,
        "25,12": 43.5748298545961,
        "25,13": 73.42345238127807,
        "25,14": 51.500554456626574,
        "25,15": 53.93204389882659,
        "25,16": 102.6046953943688,
        "25,17": 90.69575063793856,
        "25,18": 96.90887375318403,
        "25,19": 58.16015619186945,
        "25,20": 11.953664825009646,
        "25,21": 122.4540538028106,
        "25,22": 69.11992461905619,
        "25,23": 93.90587691349857,
        "25,24": 93.20053315716576,
        "25,25": 0.0,
        "25,26": 42.68353292234875,
        "25,27": 79.09114806363083,
        "25,28": 106.51720291352966,
        "25,29": 43.29411818279311,
        "25,30": 119.9845682475681,
        "26,0": 95.43731084357606,
        "26,1": 62.772769236995835,
        "26,2": 31.38167148865389,
        "26,3": 6.390591685658301,
        "26,4": 57.25331405178671,
        "26,5": 33.342064391500095,
        "26,6": 81.8060653715115,
        "26,7": 38.04224783432905,
        "26,8": 49.558214700652975,
        "26,9": 24.128234249546722,
        "26,10": 28.94910720690743,
        "26,11": 35.34198249295719,
        "26,12": 23.2714284882969,
        "26,13": 30.741925920078508,
        "26,14": 43.37900818407916,
        "26,15": 42.180376341363335,
        "26,16": 73.72727497447518,
        "26,17": 51.25900782402113,
        "26,18": 61.01881089134357,
        "26,19": 15.477773372545395,
        "26,20": 33.67447950670114,
        "26,21": 86.01283667199102,
        "26,22": 31.80505226255708,
        "26,23": 73.24407588091717,
        "26,24": 52.947197707714594,
        "26,25": 42.68353292234875,
        "26,26": 0.0,
        "26,27": 55.418342195266206,
        "26,28": 66.07122336160482,
        "26,29": 3.6947233196411124,
        "26,30": 83.27498122611259,
        "27,0": 65.40015413381077,
        "27,1": 14.300423288548599,
        "27,2": 75.4878961282869,
        "27,3": 56.7503490287521,
        "27,4": 26.726674257418708,
        "27,5": 22.081757293313746,
        "27,6": 39.31270940058233,
        "27,7": 22.84659721409473,
        "27,8": 60.89086959517081,
        "27,9": 72.05120524517508,
        "27,10": 43.64635840906065,
        "27,11": 21.18359369088593,
        "27,12": 37.21473272834985,
        "27,13": 54.646887175356774,
        "27,14": 30.514274712983944,
        "27,15": 26.752662821080076,
        "27,16": 24.452366462612183,
        "27,17": 39.21884013523722,
        "27,18": 31.44271278683871,
        "27,19": 52.85282938008105,
        "27,20": 77.41829011566888,
        "27,21": 51.68939920990094,
        "27,22": 31.61236436005947,
        "27,23": 17.915252491135686,
        "27,24": 82.60481206078866,
        "27,25": 79.09114806363083,
        "27,26": 55.418342195266206,
        "27,27": 0.0,
        "27,28": 51.69283693012142,
        "27,29": 58.81750390392148,
        "27,30": 50.161634795608926,
        "28,0": 31.265277374748955,
        "28,1": 65.79161647239135,
        "28,2": 96.95449288929137,
        "28,3": 71.58341691406963,
        "28,4": 25.103985690968628,
        "28,5": 50.71983121708602,
        "28,6": 90.28846106683058,
        "28,7": 62.68844498505036,
        "28,8": 26.78867107438739,
        "28,9": 90.11864816201457,
        "28,10": 76.9249216254341,
        "28,11": 45.51247316777133,
        "28,12": 65.99892012588235,
        "28,13": 39.63437988079847,
        "28,14": 74.24976715082435,
        "28,15": 70.09339802751708,
        "28,16": 42.49089891609235,
        "28,17": 16.212902743674316,
        "28,18": 21.088593976818366,
        "28,19": 52.180305772067854,
        "28,20": 99.26063011800777,
        "28,21": 27.374712541943534,
        "28,22": 37.924779824746075,
        "28,23": 60.348567918756665,
        "28,24": 51.589709994738854,
        "28,25": 106.51720291352966,
        "28,26": 66.07122336160482,
        "28,27": 51.69283693012142,
        "28,28": 0.0,
        "28,29": 67.23079436609162,
        "28,30": 24.634483621635816,
        "29,0": 97.0291996670525,
        "29,1": 66.39277237496303,
        "29,2": 31.317808423565733,
        "29,3": 8.167482986060007,
        "29,4": 59.638378554593984,
        "29,5": 36.73690170567481,
        "29,6": 85.50003363737649,
        "29,7": 41.72300758600407,
        "29,8": 49.40801298251857,
        "29,9": 23.683261522548037,
        "29,10": 32.270599203437115,
        "29,11": 38.507063199263435,
        "29,12": 26.945946148080175,
        "29,13": 30.563382919525953,
        "29,14": 47.027811333127836,
        "29,15": 45.86677405951575,
        "29,16": 76.6580094548575,
        "29,17": 52.82782221863281,
        "29,18": 63.22745740144209,
        "29,19": 15.515891240483977,
        "29,20": 33.566522608943224,
        "29,21": 87.97641050919917,
        "29,22": 34.16572580744515,
        "29,23": 76.67757375043264,
        "29,24": 51.02254234293747,
        "29,25": 43.29411818279311,
        "29,26": 3.6947233196411124,
        "29,27": 58.81750390392148,
        "29,28": 67.23079436609162,
        "29,29": 0.0,
        "29,30": 85.20578795660555,
        "30,0": 15.238542484975744,
        "30,1": 61.955338577165094,
        "30,2": 112.31521515698739,
        "30,3": 87.8783860225717,
        "30,4": 27.90927782223953,
        "30,5": 59.1898032969563,
        "30,6": 83.49146130560314,
        "30,7": 68.47914712443755,
        "30,8": 51.19377811122012,
        "30,9": 106.36492791604111,
        "30,10": 86.7713977048607,
        "30,11": 54.214601442076045,
        "30,12": 76.82009981011693,
        "30,13": 61.41389852775823,
        "30,14": 78.90615645902102,
        "30,15": 74.75620797150155,
        "30,16": 30.359148557348522,
        "30,17": 33.03877351889585,
        "30,18": 23.07704876777849,
        "30,19": 71.46405754334742,
        "30,20": 114.56993695697065,
        "30,21": 2.8959200569627463,
        "30,22": 51.82736550381898,
        "30,23": 51.0352556766888,
        "30,24": 76.22049111934254,
        "30,25": 119.9845682475681,
        "30,26": 83.27498122611259,
        "30,27": 50.161634795608926,
        "30,28": 24.634483621635816,
        "30,29": 85.20578795660555,
        "30,30": 0.0
    }
}