{
    "num_robots": 7,
    "num_tasks": 30,
    "num_nodes": 31,
    "robot_capacity": [
        51,
        57,
        57,
        63,
        53,
        62,
        60
    ],
    "robot_speed": [
        1.0,
        1.08,
        1.19,
        1.04,
        0.88,
        1.02,
        1.19
    ],
    "task_demand": {
        "0": 0,
        "1": 5,
        "2": 15,
        "3": 15,
        "4": 8,
        "5": 14,
        "6": 8,
        "7": 8,
        "8": 15,
        "9": 14,
        "10": 11,
        "11": 7,
        "12": 14,
        "13": 9,
        "14": 12,
        "15": 11,
        "16": 9,
        "17": 11,
        "18": 5,
        "19": 5,
        "20": 14,
        "21": 7,
        "22": 8,
        "23": 15,
        "24": 8,
        "25": 7,
        "26": 12,
        "27": 9,
        "28": 8,
        "29": 12,
        "30": 13
    },
    "task_service_time": {
        "0": 0,
        "1": 31,
        "2": 11,
        "3": 78,
        "4": 73,
        "5": 23,
        "6": 88,
        "7": 80,
        "8": 17,
        "9": 92,
        "10": 90,
        "11": 20,
        "12": 18,
        "13": 90,
        "14": 18,
        "15": 14,
        "16": 66,
        "17": 43,
        "18": 31,
        "19": 78,
        "20": 49,
        "21": 32,
        "22": 81,
        "23": 98,
        "24": 31,
        "25": 36,
        "26": 77,
        "27": 85,
        "28": 100,
        "29": 78,
        "30": 20
    },
    "task_precedence": [],
    "coordinates": {
        "0": [
            100,
            0
        ],
        "1": [
            0.5745468746701343,
            88.9889669956499
        ],
        "2": [
            27.20528955348226,
            22.056307338994895
        ],
        "3": [
            78.92041690628685,
            23.466694107562414
        ],
        "4": [
            5.1477580322280225,
            73.32606497848673
        ],
        "5": [
            27.072082025231758,
            59.52590343098194
        ],
        "6": [
            44.87088733306381,
            30.33082366821227
        ],
        "7": [
            70.92888281353666,
            73.73846803759191
        ],
        "8": [
            10.822132780375348,
            26.39522835323711
        ],
        "9": [
            75.54586024999091,
            11.086695147128445
        ],
        "10": [
            59.28946250818985,
            44.46064204810354
        ],
        "11": [
            91.02412783793152,
            63.71897402981573
        ],
        "12": [
            46.81903426134939,
            40.871095920133904
        ],
        "13": [
            71.21827766259312,
            75.98633745158506
        ],
        "14": [
            17.079388011528472,
            46.79063707678428
        ],
        "15": [
            7.983282532792324,
            69.83209332004195
        ],
        "16": [
            53.17036580966396,
            29.193329646939116
        ],
        "17": [
            21.706493977152764,
            4.018000394268794
        ],
        "18": [
            23.10307218064276,
            78.61557913441703
        ],
        "19": [
            41.342382783548736,
            92.78740498981725
        ],
        "20": [
            6.974894265855247,
            49.88939552679822
        ],
        "21": [
            34.51012458742086,
            99.86800263489604
        ],
        "22": [
            96.30160271984303,
            2.3875046224202667
        ],
        "23": [
            13.609842519998017,
            58.09224158649416
        ],
        "24": [
            37.852668727195024,
            53.360147113491074
        ],
        "25": [
            41.29444649723554,
            69.8550325094857
        ],
        "26": [
            87.6044818048614,
            30.978913999215006
        ],
        "27": [
            45.403610671559235,
            72.94382826573576
        ],
        "28": [
            81.34277850968472,
            79.6023749492249
        ],
        "29": [
            74.05617298501541,
            4.048465521096478
        ],
        "30": [
            70.82459610739065,
            48.01630260697875
        ]
    },
    "distance_matrix_str_keys": {
        "0,0": 0.0,
        "0,1": 133.43334282003894,
        "0,2": 76.06280669568116,
        "0,3": 31.544168331763988,
        "0,4": 119.89019814622887,
        "0,5": 94.1372104930304,
        "0,6": 62.921998759066206,
        "0,7": 79.26216955774078,
        "0,8": 93.0021509517954,
        "0,9": 26.84994897943637,
        "0,10": 60.28346833255094,
        "0,11": 64.34806859947024,
        "0,12": 67.07206272814574,
        "0,13": 81.25460614644405,
        "0,14": 95.21129980519113,
        "0,15": 115.51449065333306,
        "0,16": 55.18392097591059,
        "0,17": 78.39653954428066,
        "0,18": 109.97066331842882,
        "0,19": 109.77348761088027,
        "0,20": 105.55861917853098,
        "0,21": 119.42588384365736,
        "0,22": 4.402081412689979,
        "0,23": 104.10556105205498,
        "0,24": 81.9121241594013,
        "0,25": 91.24728806363093,
        "0,26": 33.3667796452815,
        "0,27": 91.11293985907727,
        "0,28": 81.75958666294534,
        "0,29": 26.25780328319472,
        "0,30": 56.18513600892891,
        "1,0": 133.43334282003894,
        "1,1": 0.0,
        "1,2": 72.03594508534415,
        "1,3": 102.1334597251654,
        "1,4": 16.316885728927144,
        "1,5": 39.625641744594034,
        "1,6": 73.50471792088003,
        "1,7": 71.98826504277356,
        "1,8": 63.427037879200135,
        "1,9": 108.1178143895884,
        "1,10": 73.68997924063773,
        "1,11": 93.91325380862322,
        "1,12": 66.73741177553049,
        "1,13": 71.8303910242505,
        "1,14": 45.31124395659825,
        "1,15": 20.539600119650146,
        "1,16": 79.63566045046146,
        "1,17": 87.55926195163563,
        "1,18": 24.80204887063612,
        "1,19": 40.94440835924712,
        "1,20": 39.61995628184982,
        "1,21": 35.636734574566894,
        "1,22": 129.08711208314622,
        "1,23": 33.53396149532402,
        "1,24": 51.56618247501952,
        "1,25": 44.99130665131461,
        "1,26": 104.59147107963683,
        "1,27": 47.613983636824,
        "1,28": 81.3118401691499,
        "1,29": 112.3140158954758,
        "1,30": 81.32544893393664,
        "2,0": 76.06280669568116,
        "2,1": 72.03594508534415,
        "2,2": 0.0,
        "2,3": 51.734355973122426,
        "2,4": 55.813284666138,
        "2,5": 37.46983287315589,
        "2,6": 19.50745922442084,
        "2,7": 67.6963687508147,
        "2,8": 16.947981042591223,
        "2,9": 49.56957904707378,
        "2,10": 39.13244648556183,
        "2,11": 76.21431568784908,
        "2,12": 27.178948670217995,
        "2,13": 69.610281354392,
        "2,14": 26.726783375764363,
        "2,15": 51.49768227804301,
        "2,16": 26.928094481664022,
        "2,17": 18.85781721786524,
        "2,18": 56.70784260931163,
        "2,19": 72.13006016832205,
        "2,20": 34.408570030788525,
        "2,21": 78.15382613599428,
        "2,22": 71.84122976040524,
        "2,23": 38.515253304767015,
        "2,24": 33.06504298947971,
        "2,25": 49.83194227912275,
        "2,26": 61.054691336801156,
        "2,27": 54.04367379801391,
        "2,28": 79.00897169235976,
        "2,29": 50.192505867445576,
        "2,30": 50.75987843324272,
        "3,0": 31.544168331763988,
        "3,1": 102.1334597251654,
        "3,2": 51.734355973122426,
        "3,3": 0.0,
        "3,4": 89.04135028733911,
        "3,5": 63.15470217622928,
        "3,6": 34.73451797251801,
        "3,7": 50.90300454027818,
        "3,8": 68.16122514833093,
        "3,9": 12.831679815476123,
        "3,10": 28.74230715705186,
        "3,11": 42.032676065844925,
        "3,12": 36.51591393036923,
        "3,13": 53.08140810031878,
        "3,14": 66.09326115720009,
        "3,15": 84.74566229168201,
        "3,16": 26.379148698916378,
        "3,17": 60.42917063880988,
        "3,18": 78.46639721515585,
        "3,19": 78.85093281471586,
        "3,20": 76.6440955214095,
        "3,21": 88.3710020795054,
        "3,22": 27.321014798793513,
        "3,23": 73.92157780298473,
        "3,24": 50.795457209468694,
        "3,25": 59.7293193407907,
        "3,26": 11.482440109279711,
        "3,27": 59.76088273011167,
        "3,28": 56.1879212935895,
        "3,29": 20.018203474884277,
        "3,30": 25.850059804233627,
        "4,0": 119.89019814622887,
        "4,1": 16.316885728927144,
        "4,2": 55.813284666138,
        "4,3": 89.04135028733911,
        "4,4": 0.0,
        "4,5": 25.9059923818299,
        "4,6": 58.53646535946333,
        "4,7": 65.78241751241175,
        "4,8": 47.27263431551369,
        "4,9": 93.96612130372937,
        "4,10": 61.355821276487504,
        "4,11": 86.41207720858225,
        "4,12": 52.8187493144468,
        "4,13": 66.12405472940678,
        "4,14": 29.094548078452604,
        "4,15": 4.499781899527552,
        "4,16": 65.22169259985424,
        "4,17": 71.25868054141802,
        "4,18": 18.718233521730877,
        "4,19": 41.09494635506333,
        "4,20": 23.50778385564966,
        "4,21": 39.58058898346797,
        "4,22": 115.50455725522315,
        "4,23": 17.426309104815555,
        "4,24": 38.31773818687005,
        "4,25": 36.31296123131749,
        "4,26": 92.69515894251218,
        "4,27": 40.257667302318005,
        "4,28": 76.4530785018421,
        "4,29": 97.71261657475011,
        "4,30": 70.38487856673002,
        "5,0": 94.1372104930304,
        "5,1": 39.625641744594034,
        "5,2": 37.46983287315589,
        "5,3": 63.15470217622928,
        "5,4": 25.9059923818299,
        "5,5": 0.0,
        "5,6": 34.19283774038934,
        "5,7": 46.102233873014484,
        "5,8": 36.90125311649337,
        "5,9": 68.52783430511776,
        "5,10": 35.56573780646391,
        "5,11": 64.08935952774418,
        "5,12": 27.16512407264696,
        "5,13": 47.115098189421325,
        "5,14": 16.187678733032122,
        "5,15": 21.693312704423885,
        "5,16": 40.01481536702573,
        "5,17": 55.76662832406883,
        "5,18": 19.497916750482972,
        "5,19": 36.19349347163418,
        "5,20": 22.28809638401244,
        "5,21": 41.02206047159727,
        "5,22": 89.76370733214983,
        "5,23": 13.538363223839731,
        "5,24": 12.419243157504637,
        "5,25": 17.577444600820314,
        "5,26": 66.92609378036582,
        "5,27": 22.717518556880904,
        "5,28": 57.86512944365057,
        "5,29": 72.69973122620483,
        "5,30": 45.24105878112721,
        "6,0": 62.921998759066206,
        "6,1": 73.50471792088003,
        "6,2": 19.50745922442084,
        "6,3": 34.73451797251801,
        "6,4": 58.53646535946333,
        "6,5": 34.19283774038934,
        "6,6": 0.0,
        "6,7": 50.628477343871204,
        "6,8": 34.275451814271946,
        "6,9": 36.21174458639356,
        "6,10": 20.187795261728656,
        "6,11": 56.96393765944558,
        "6,12": 10.718797301881294,
        "6,13": 52.71253092007931,
        "6,14": 32.300044767521705,
        "6,15": 54.04669917772567,
        "6,16": 8.377066051547004,
        "6,17": 35.05643718624523,
        "6,18": 52.96466168060703,
        "6,19": 62.55617391383687,
        "6,20": 42.64556276680365,
        "6,21": 70.30479829511006,
        "6,22": 58.53159458353079,
        "6,23": 41.80848296264779,
        "6,24": 24.07498973513864,
        "6,25": 39.68569028731611,
        "6,26": 42.738508602397296,
        "6,27": 42.61633436822008,
        "6,28": 61.301587350057545,
        "6,29": 39.275224357847726,
        "6,30": 31.406546521961346,
        "7,0": 79.26216955774078,
        "7,1": 71.98826504277356,
        "7,2": 67.6963687508147,
        "7,3": 50.90300454027818,
        "7,4": 65.78241751241175,
        "7,5": 46.102233873014484,
        "7,6": 50.628477343871204,
        "7,7": 0.0,
        "7,8": 76.51276849885387,
        "7,9": 62.82166128786265,
        "7,10": 31.506621521757623,
        "7,11": 22.454601594379916,
        "7,12": 40.76210184861501,
        "7,13": 2.2664214702976784,
        "7,14": 60.21589228703474,
        "7,15": 63.0666976948782,
        "7,16": 47.954502191340126,
        "7,17": 85.34510631057786,
        "7,18": 48.07384294337413,
        "7,19": 35.18839273161437,
        "7,20": 68.25606867365026,
        "7,21": 44.82274566561034,
        "7,22": 75.72803242998617,
        "7,23": 59.41613234073164,
        "7,24": 38.84986360299288,
        "7,25": 29.887804992770285,
        "7,26": 45.896133424073376,
        "7,27": 25.53763830680168,
        "7,28": 11.95134418542735,
        "7,29": 69.76013470862688,
        "7,30": 25.722376837238617,
        "8,0": 93.0021509517954,
        "8,1": 63.427037879200135,
        "8,2": 16.947981042591223,
        "8,3": 68.16122514833093,
        "8,4": 47.27263431551369,
        "8,5": 36.90125311649337,
        "8,6": 34.275451814271946,
        "8,7": 76.51276849885387,
        "8,8": 0.0,
        "8,9": 66.50948869509975,
        "8,10": 51.72466745094992,
        "8,11": 88.46141533200893,
        "8,12": 38.79855226738861,
        "8,13": 78.14712034514189,
        "8,14": 21.33368088324978,
        "8,15": 43.52953375436773,
        "8,16": 42.440572705286954,
        "8,17": 24.88392352081052,
        "8,18": 53.645004504264136,
        "8,19": 73.0712445411946,
        "8,20": 23.807081622215758,
        "8,21": 77.19695276689525,
        "8,22": 88.786882926858,
        "8,23": 31.81936475641303,
        "8,24": 38.18058036907515,
        "8,25": 53.07839937826147,
        "8,26": 76.9190437786322,
        "8,27": 57.98836751411708,
        "8,28": 88.34116776999099,
        "8,29": 67.06654642724625,
        "8,30": 63.779044028549265,
        "9,0": 26.84994897943637,
        "9,1": 108.1178143895884,
        "9,2": 49.56957904707378,
        "9,3": 12.831679815476123,
        "9,4": 93.96612130372937,
        "9,5": 68.52783430511776,
        "9,6": 36.21174458639356,
        "9,7": 62.82166128786265,
        "9,8": 66.50948869509975,
        "9,9": 0.0,
        "9,10": 37.122645370295736,
        "9,11": 54.86103852379084,
        "9,12": 41.380442974776116,
        "9,13": 65.04376636002226,
        "9,14": 68.50620296971023,
        "9,15": 89.53057418718282,
        "9,16": 28.783901131688808,
        "9,17": 54.3014162446057,
        "9,18": 85.50085492587338,
        "9,19": 88.5713489769499,
        "9,20": 78.788494926302,
        "9,21": 97.80619694378196,
        "9,22": 22.50503857495018,
        "9,23": 77.75340306580388,
        "9,24": 56.63763261583715,
        "9,25": 68.02114980208931,
        "9,26": 23.261786789988747,
        "9,27": 68.81031991861083,
        "9,28": 68.7604729481479,
        "9,29": 7.194153488506085,
        "9,30": 37.23017918628426,
        "10,0": 60.28346833255094,
        "10,1": 73.68997924063773,
        "10,2": 39.13244648556183,
        "10,3": 28.74230715705186,
        "10,4": 61.355821276487504,
        "10,5": 35.56573780646391,
        "10,6": 20.187795261728656,
        "10,7": 31.506621521757623,
        "10,8": 51.72466745094992,
        "10,9": 37.122645370295736,
        "10,10": 0.0,
        "10,11": 37.121049746855846,
        "10,12": 12.976764699431762,
        "10,13": 33.70706308269852,
        "10,14": 42.27433341694911,
        "10,15": 57.236654718040846,
        "10,16": 16.447923040939223,
        "10,17": 55.20948095703683,
        "10,18": 49.75956764590732,
        "10,19": 51.55166037158471,
        "10,20": 52.59548853955369,
        "10,21": 60.69589108816599,
        "10,22": 56.03612598928931,
        "10,23": 47.67020230962594,
        "10,24": 23.21071558607698,
        "10,25": 31.123876174725396,
        "10,26": 31.360760656512618,
        "10,27": 31.68767549595855,
        "10,28": 41.48843378527979,
        "10,29": 43.02557088472354,
        "10,30": 12.070709555007605,
        "11,0": 64.34806859947024,
        "11,1": 93.91325380862322,
        "11,2": 76.21431568784908,
        "11,3": 42.032676065844925,
        "11,4": 86.41207720858225,
        "11,5": 64.08935952774418,
        "11,6": 56.96393765944558,
        "11,7": 22.454601594379916,
        "11,8": 88.46141533200893,
        "11,9": 54.86103852379084,
        "11,10": 37.121049746855846,
        "11,11": 0.0,
        "11,12": 49.76058512748077,
        "11,13": 23.29720812650554,
        "11,14": 75.85771641691969,
        "11,15": 83.26555239982854,
        "11,16": 51.23404551414587,
        "11,17": 91.48300725866663,
        "11,18": 69.53544883901269,
        "11,19": 57.560832778244816,
        "11,20": 85.17940423379679,
        "11,21": 67.08639826738087,
        "11,22": 61.558109789039925,
        "11,23": 77.61850094710115,
        "11,24": 54.17111184983279,
        "11,25": 50.10681011512403,
        "11,26": 32.918163827875205,
        "11,27": 46.5438451591748,
        "11,28": 18.60136956200356,
        "11,29": 62.03612719681763,
        "11,30": 25.585053682701325,
        "12,0": 67.07206272814574,
        "12,1": 66.73741177553049,
        "12,2": 27.178948670217995,
        "12,3": 36.51591393036923,
        "12,4": 52.8187493144468,
        "12,5": 27.16512407264696,
        "12,6": 10.718797301881294,
        "12,7": 40.76210184861501,
        "12,8": 38.79855226738861,
        "12,9": 41.380442974776116,
        "12,10": 12.976764699431762,
        "12,11": 49.76058512748077,
        "12,12": 0.0,
        "12,13": 42.759832394027086,
        "12,14": 30.323052725109406,
        "12,15": 48.44538143847774,
        "12,16": 13.293217728149257,
        "12,17": 44.59585551779377,
        "12,18": 44.5768198790225,
        "12,19": 52.2043758590042,
        "12,20": 40.85199162557558,
        "12,21": 60.267273534409014,
        "12,22": 62.68581482615481,
        "12,23": 37.40879942173818,
        "12,24": 15.374397893978399,
        "12,25": 29.505756221099674,
        "12,26": 41.96794007907851,
        "12,27": 32.103949664350495,
        "12,28": 51.884495681790824,
        "12,29": 45.801395561230905,
        "12,30": 25.046376547154363,
        "13,0": 81.25460614644405,
        "13,1": 71.8303910242505,
        "13,2": 69.610281354392,
        "13,3": 53.08140810031878,
        "13,4": 66.12405472940678,
        "13,5": 47.115098189421325,
        "13,6": 52.71253092007931,
        "13,7": 2.2664214702976784,
        "13,8": 78.14712034514189,
        "13,9": 65.04376636002226,
        "13,10": 33.70706308269852,
        "13,11": 23.29720812650554,
        "13,12": 42.759832394027086,
        "13,13": 0.0,
        "13,14": 61.50941629559898,
        "13,15": 63.53376527403805,
        "13,16": 50.15289325309913,
        "13,17": 87.35478385589035,
        "13,18": 48.186989015677746,
        "13,19": 34.27601151312606,
        "13,20": 69.3416374776797,
        "13,21": 43.792949593719385,
        "13,22": 77.7557804265574,
        "13,23": 60.323548191462095,
        "13,24": 40.31387290803967,
        "13,25": 30.545516396123308,
        "13,26": 47.89755580416436,
        "13,27": 25.993343263304013,
        "13,28": 10.750871805909316,
        "13,29": 71.99382659470466,
        "13,30": 27.972805264674435,
        "14,0": 95.21129980519113,
        "14,1": 45.31124395659825,
        "14,2": 26.726783375764363,
        "14,3": 66.09326115720009,
        "14,4": 29.094548078452604,
        "14,5": 16.187678733032122,
        "14,6": 32.300044767521705,
        "14,7": 60.21589228703474,
        "14,8": 21.33368088324978,
        "14,9": 68.50620296971023,
        "14,10": 42.27433341694911,
        "14,11": 75.85771641691969,
        "14,12": 30.323052725109406,
        "14,13": 61.50941629559898,
        "14,14": 0.0,
        "14,15": 24.771916370968388,
        "14,16": 40.15250810604479,
        "14,17": 43.022186815544195,
        "14,18": 32.38999394783704,
        "14,19": 52.003803454675335,
        "14,20": 10.568968624604867,
        "14,21": 55.86624483682058,
        "14,22": 90.81738531278076,
        "14,23": 11.822182979961614,
        "14,24": 21.78732782638282,
        "14,25": 33.441522006963616,
        "14,26": 72.27585655832895,
        "14,27": 38.551926004557146,
        "14,28": 72.15534284118031,
        "14,29": 71.22673132476889,
        "14,30": 53.759181999537866,
        "15,0": 115.51449065333306,
        "15,1": 20.539600119650146,
        "15,2": 51.49768227804301,
        "15,3": 84.74566229168201,
        "15,4": 4.499781899527552,
        "15,5": 21.693312704423885,
        "15,6": 54.04669917772567,
        "15,7": 63.0666976948782,
        "15,8": 43.52953375436773,
        "15,9": 89.53057418718282,
        "15,10": 57.236654718040846,
        "15,11": 83.26555239982854,
        "15,12": 48.44538143847774,
        "15,13": 63.53376527403805,
        "15,14": 24.771916370968388,
        "15,15": 0.0,
        "15,16": 60.77319810532629,
        "15,17": 67.22961668780307,
        "15,18": 17.485927543215244,
        "15,19": 40.49414653251181,
        "15,20": 19.968175734641978,
        "15,21": 40.0727987263349,
        "15,22": 111.125596624962,
        "15,23": 13.018536631100638,
        "15,24": 34.11019266233893,
        "15,25": 33.31117186279151,
        "15,26": 88.59517434295654,
        "15,27": 37.54948538109734,
        "15,28": 74.00725675970729,
        "15,29": 93.23686255500913,
        "15,30": 66.52036843115927,
        "16,0": 55.18392097591059,
        "16,1": 79.63566045046146,
        "16,2": 26.928094481664022,
        "16,3": 26.379148698916378,
        "16,4": 65.22169259985424,
        "16,5": 40.01481536702573,
        "16,6": 8.377066051547004,
        "16,7": 47.954502191340126,
        "16,8": 42.440572705286954,
        "16,9": 28.783901131688808,
        "16,10": 16.447923040939223,
        "16,11": 51.23404551414587,
        "16,12": 13.293217728149257,
        "16,13": 50.15289325309913,
        "16,14": 40.15250810604479,
        "16,15": 60.77319810532629,
        "16,16": 0.0,
        "16,17": 40.2960597785075,
        "16,18": 57.849813228534195,
        "16,19": 64.68467825676905,
        "16,20": 50.619647707765694,
        "16,21": 73.0966073386922,
        "16,22": 50.78243645835747,
        "16,23": 48.99165351610781,
        "16,24": 28.612355903908337,
        "16,25": 42.36049503012611,
        "16,26": 34.48038073817927,
        "16,27": 44.43454303544263,
        "16,28": 57.74735219582098,
        "16,29": 32.68762966739941,
        "16,30": 25.80651387653036,
        "17,0": 78.39653954428066,
        "17,1": 87.55926195163563,
        "17,2": 18.85781721786524,
        "17,3": 60.42917063880988,
        "17,4": 71.25868054141802,
        "17,5": 55.76662832406883,
        "17,6": 35.05643718624523,
        "17,7": 85.34510631057786,
        "17,8": 24.88392352081052,
        "17,9": 54.3014162446057,
        "17,10": 55.20948095703683,
        "17,11": 91.48300725866663,
        "17,12": 44.59585551779377,
        "17,13": 87.35478385589035,
        "17,14": 43.022186815544195,
        "17,15": 67.22961668780307,
        "17,16": 40.2960597785075,
        "17,17": 0.0,
        "17,18": 74.6106506108282,
        "17,19": 90.91520951669926,
        "17,20": 48.178884601644164,
        "17,21": 96.7013747902916,
        "17,22": 74.61292625809419,
        "17,23": 54.67704568951772,
        "17,24": 51.916725647137646,
        "17,25": 68.68917441394326,
        "17,26": 71.19996953759326,
        "17,27": 72.88568506500718,
        "17,28": 96.27816008684943,
        "17,29": 52.34968787251943,
        "17,30": 65.94269144095831,
        "18,0": 109.97066331842882,
        "18,1": 24.80204887063612,
        "18,2": 56.70784260931163,
        "18,3": 78.46639721515585,
        "18,4": 18.718233521730877,
        "18,5": 19.497916750482972,
        "18,6": 52.96466168060703,
        "18,7": 48.07384294337413,
        "18,8": 53.645004504264136,
        "18,9": 85.50085492587338,
        "18,10": 49.75956764590732,
        "18,11": 69.53544883901269,
        "18,12": 44.5768198790225,
        "18,13": 48.186989015677746,
        "18,14": 32.38999394783704,
        "18,15": 17.485927543215244,
        "18,16": 57.849813228534195,
        "18,17": 74.6106506108282,
        "18,18": 0.0,
        "18,19": 23.09790248799809,
        "18,20": 32.944069990055375,
        "18,21": 24.120247703012808,
        "18,22": 105.68227957848359,
        "18,23": 22.612580425412,
        "18,24": 29.247007451185134,
        "18,25": 20.190920649984918,
        "18,26": 80.18530855907842,
        "18,27": 23.010492713134894,
        "18,28": 58.2480657127185,
        "18,29": 90.31319346697036,
        "18,30": 56.68914860794619,
        "19,0": 109.77348761088027,
        "19,1": 40.94440835924712,
        "19,2": 72.13006016832205,
        "19,3": 78.85093281471586,
        "19,4": 41.09494635506333,
        "19,5": 36.19349347163418,
        "19,6": 62.55617391383687,
        "19,7": 35.18839273161437,
        "19,8": 73.0712445411946,
        "19,9": 88.5713489769499,
        "19,10": 51.55166037158471,
        "19,11": 57.560832778244816,
        "19,12": 52.2043758590042,
        "19,13": 34.27601151312606,
        "19,14": 52.003803454675335,
        "19,15": 40.49414653251181,
        "19,16": 64.68467825676905,
        "19,17": 90.91520951669926,
        "19,18": 23.09790248799809,
        "19,19": 0.0,
        "19,20": 54.96693081210796,
        "19,21": 9.839441806832943,
        "19,22": 105.79535832181519,
        "19,23": 44.41675531882931,
        "19,24": 39.58139421295613,
        "19,25": 22.93242258166837,
        "19,26": 77.20408903933195,
        "19,27": 20.254903336300146,
        "19,28": 42.11741534589701,
        "19,29": 94.57690757991016,
        "19,30": 53.60645960187195,
        "20,0": 105.55861917853098,
        "20,1": 39.61995628184982,
        "20,2": 34.408570030788525,
        "20,3": 76.6440955214095,
        "20,4": 23.50778385564966,
        "20,5": 22.28809638401244,
        "20,6": 42.64556276680365,
        "20,7": 68.25606867365026,
        "20,8": 23.807081622215758,
        "20,9": 78.788494926302,
        "20,10": 52.59548853955369,
        "20,11": 85.17940423379679,
        "20,12": 40.85199162557558,
        "20,13": 69.3416374776797,
        "20,14": 10.568968624604867,
        "20,15": 19.968175734641978,
        "20,16": 50.619647707765694,
        "20,17": 48.178884601644164,
        "20,18": 32.944069990055375,
        "20,19": 54.96693081210796,
        "20,20": 0.0,
        "20,21": 57.06180927141439,
        "20,22": 101.17158930606536,
        "20,23": 10.550318564584742,
        "20,24": 31.072223484358144,
        "20,25": 39.704638589047725,
        "20,26": 82.8174902923007,
        "20,27": 44.81376031426305,
        "20,28": 80.08397688090403,
        "20,29": 81.24831578799217,
        "20,30": 63.87717043153404,
        "21,0": 119.42588384365736,
        "21,1": 35.636734574566894,
        "21,2": 78.15382613599428,
        "21,3": 88.3710020795054,
        "21,4": 39.58058898346797,
        "21,5": 41.02206047159727,
        "21,6": 70.30479829511006,
        "21,7": 44.82274566561034,
        "21,8": 77.19695276689525,
        "21,9": 97.80619694378196,
        "21,10": 60.69589108816599,
        "21,11": 67.08639826738087,
        "21,12": 60.267273534409014,
        "21,13": 43.792949593719385,
        "21,14": 55.86624483682058,
        "21,15": 40.0727987263349,
        "21,16": 73.0966073386922,
        "21,17": 96.7013747902916,
        "21,18": 24.120247703012808,
        "21,19": 9.839441806832943,
        "21,20": 57.06180927141439,
        "21,21": 0.0,
        "21,22": 115.41505214897188,
        "21,23": 46.712268213725274,
        "21,24": 46.62781601711813,
        "21,25": 30.77020311152927,
        "21,26": 86.97538330693287,
        "21,27": 29.044435000981927,
        "21,28": 51.029336061688845,
        "21,29": 103.65941171243306,
        "21,30": 63.30355153986082,
        "22,0": 4.402081412689979,
        "22,1": 129.08711208314622,
        "22,2": 71.84122976040524,
        "22,3": 27.321014798793513,
        "22,4": 115.50455725522315,
        "22,5": 89.76370733214983,
        "22,6": 58.53159458353079,
        "22,7": 75.72803242998617,
        "22,8": 88.786882926858,
        "22,9": 22.50503857495018,
        "22,10": 56.03612598928931,
        "22,11": 61.558109789039925,
        "22,12": 62.68581482615481,
        "22,13": 77.7557804265574,
        "22,14": 90.81738531278076,
        "22,15": 111.125596624962,
        "22,16": 50.78243645835747,
        "22,17": 74.61292625809419,
        "22,18": 105.68227957848359,
        "22,19": 105.79535832181519,
        "22,20": 101.17158930606536,
        "22,21": 115.41505214897188,
        "22,22": 0.0,
        "22,23": 99.70428739620645,
        "22,24": 77.55313125464014,
        "22,25": 87.04972461122607,
        "22,26": 29.884922659449483,
        "22,27": 86.99885286949157,
        "22,28": 78.65050935204216,
        "22,29": 22.30735159524959,
        "22,30": 52.259593104487436,
        "23,0": 104.10556105205498,
        "23,1": 33.53396149532402,
        "23,2": 38.515253304767015,
        "23,3": 73.92157780298473,
        "23,4": 17.426309104815555,
        "23,5": 13.538363223839731,
        "23,6": 41.80848296264779,
        "23,7": 59.41613234073164,
        "23,8": 31.81936475641303,
        "23,9": 77.75340306580388,
        "23,10": 47.67020230962594,
        "23,11": 77.61850094710115,
        "23,12": 37.40879942173818,
        "23,13": 60.323548191462095,
        "23,14": 11.822182979961614,
        "23,15": 13.018536631100638,
        "23,16": 48.99165351610781,
        "23,17": 54.67704568951772,
        "23,18": 22.612580425412,
        "23,19": 44.41675531882931,
        "23,20": 10.550318564584742,
        "23,21": 46.712268213725274,
        "23,22": 99.70428739620645,
        "23,23": 0.0,
        "23,24": 24.70035102207627,
        "23,25": 30.079902720495753,
        "23,26": 78.80570522336667,
        "23,27": 35.09149925788659,
        "23,28": 71.06642283853508,
        "23,29": 81.0832202005627,
        "23,30": 58.0952026796101,
        "24,0": 81.9121241594013,
        "24,1": 51.56618247501952,
        "24,2": 33.06504298947971,
        "24,3": 50.795457209468694,
        "24,4": 38.31773818687005,
        "24,5": 12.419243157504637,
        "24,6": 24.07498973513864,
        "24,7": 38.84986360299288,
        "24,8": 38.18058036907515,
        "24,9": 56.63763261583715,
        "24,10": 23.21071558607698,
        "24,11": 54.17111184983279,
        "24,12": 15.374397893978399,
        "24,13": 40.31387290803967,
        "24,14": 21.78732782638282,
        "24,15": 34.11019266233893,
        "24,16": 28.612355903908337,
        "24,17": 51.916725647137646,
        "24,18": 29.247007451185134,
        "24,19": 39.58139421295613,
        "24,20": 31.072223484358144,
        "24,21": 46.62781601711813,
        "24,22": 77.55313125464014,
        "24,23": 24.70035102207627,
        "24,24": 0.0,
        "24,25": 16.850135858364517,
        "24,26": 54.5542161544882,
        "24,27": 20.988980244879517,
        "24,28": 50.794135199603204,
        "24,29": 61.17463250413301,
        "24,30": 33.40216563749536,
        "25,0": 91.24728806363093,
        "25,1": 44.99130665131461,
        "25,2": 49.83194227912275,
        "25,3": 59.7293193407907,
        "25,4": 36.31296123131749,
        "25,5": 17.577444600820314,
        "25,6": 39.68569028731611,
        "25,7": 29.887804992770285,
        "25,8": 53.07839937826147,
        "25,9": 68.02114980208931,
        "25,10": 31.123876174725396,
        "25,11": 50.10681011512403,
        "25,12": 29.505756221099674,
        "25,13": 30.545516396123308,
        "25,14": 33.441522006963616,
        "25,15": 33.31117186279151,
        "25,16": 42.36049503012611,
        "25,17": 68.68917441394326,
        "25,18": 20.190920649984918,
        "25,19": 22.93242258166837,
        "25,20": 39.704638589047725,
        "25,21": 30.77020311152927,
        "25,22": 87.04972461122607,
        "25,23": 30.079902720495753,
        "25,24": 16.850135858364517,
        "25,25": 0.0,
        "25,26": 60.46463396579991,
        "25,27": 5.1406117763719275,
        "25,28": 41.217466948090134,
        "25,29": 73.51078139468696,
        "25,30": 36.72818889834884,
        "26,0": 33.3667796452815,
        "26,1": 104.59147107963683,
        "26,2": 61.054691336801156,
        "26,3": 11.482440109279711,
        "26,4": 92.69515894251218,
        "26,5": 66.92609378036582,
        "26,6": 42.738508602397296,
        "26,7": 45.896133424073376,
        "26,8": 76.9190437786322,
        "26,9": 23.261786789988747,
        "26,10": 31.360760656512618,
        "26,11": 32.918163827875205,
        "26,12": 41.96794007907851,
        "26,13": 47.89755580416436,
        "26,14": 72.27585655832895,
        "26,15": 88.59517434295654,
        "26,16": 34.48038073817927,
        "26,17": 71.19996953759326,
        "26,18": 80.18530855907842,
        "26,19": 77.20408903933195,
        "26,20": 82.8174902923007,
        "26,21": 86.97538330693287,
        "26,22": 29.884922659449483,
        "26,23": 78.80570522336667,
        "26,24": 54.5542161544882,
        "26,25": 60.46463396579991,
        "26,26": 0.0,
        "26,27": 59.51443147511377,
        "26,28": 49.02499243155436,
        "26,29": 30.1464048787001,
        "26,30": 23.91311720776154,
        "27,0": 91.11293985907727,
        "27,1": 47.613983636824,
        "27,2": 54.04367379801391,
        "27,3": 59.76088273011167,
        "27,4": 40.257667302318005,
        "27,5": 22.717518556880904,
        "27,6": 42.61633436822008,
        "27,7": 25.53763830680168,
        "27,8": 57.98836751411708,
        "27,9": 68.81031991861083,
        "27,10": 31.68767549595855,
        "27,11": 46.5438451591748,
        "27,12": 32.103949664350495,
        "27,13": 25.993343263304013,
        "27,14": 38.551926004557146,
        "27,15": 37.54948538109734,
        "27,16": 44.43454303544263,
        "27,17": 72.88568506500718,
        "27,18": 23.010492713134894,
        "27,19": 20.254903336300146,
        "27,20": 44.81376031426305,
        "27,21": 29.044435000981927,
        "27,22": 86.99885286949157,
        "27,23": 35.09149925788659,
        "27,24": 20.988980244879517,
        "27,25": 5.1406117763719275,
        "27,26": 59.51443147511377,
        "27,27": 0.0,
        "27,28": 36.550786979669226,
        "27,29": 74.61595228127776,
        "27,30": 35.60348348120928,
        "28,0": 81.75958666294534,
        "28,1": 81.3118401691499,
        "28,2": 79.00897169235976,
        "28,3": 56.1879212935895,
        "28,4": 76.4530785018421,
        "28,5": 57.86512944365057,
        "28,6": 61.301587350057545,
        "28,7": 11.95134418542735,
        "28,8": 88.34116776999099,
        "28,9": 68.7604729481479,
        "28,10": 41.48843378527979,
        "28,11": 18.60136956200356,
        "28,12": 51.884495681790824,
        "28,13": 10.750871805909316,
        "28,14": 72.15534284118031,
        "28,15": 74.00725675970729,
        "28,16": 57.74735219582098,
        "28,17": 96.27816008684943,
        "28,18": 58.2480657127185,
        "28,19": 42.11741534589701,
        "28,20": 80.08397688090403,
        "28,21": 51.029336061688845,
        "28,22": 78.65050935204216,
        "28,23": 71.06642283853508,
        "28,24": 50.794135199603204,
        "28,25": 41.217466948090134,
        "28,26": 49.02499243155436,
        "28,27": 36.550786979669226,
        "28,28": 0.0,
        "28,29": 75.904465283315,
        "28,30": 33.29132209837176,
        "29,0": 26.25780328319472,
        "29,1": 112.3140158954758,
        "29,2": 50.192505867445576,
        "29,3": 20.018203474884277,
        "29,4": 97.71261657475011,
        "29,5": 72.69973122620483,
        "29,6": 39.275224357847726,
        "29,7": 69.76013470862688,
        "29,8": 67.06654642724625,
        "29,9": 7.194153488506085,
        "29,10": 43.02557088472354,
        "29,11": 62.03612719681763,
        "29,12": 45.801395561230905,
        "29,13": 71.99382659470466,
        "29,14": 71.22673132476889,
        "29,15": 93.23686255500913,
        "29,16": 32.68762966739941,
        "29,17": 52.34968787251943,
        "29,18": 90.31319346697036,
        "29,19": 94.57690757991016,
        "29,20": 81.24831578799217,
        "29,21": 103.65941171243306,
        "29,22": 22.30735159524959,
        "29,23": 81.0832202005627,
        "29,24": 61.17463250413301,
        "29,25": 73.51078139468696,
        "29,26": 30.1464048787001,
        "29,27": 74.61595228127776,
        "29,28": 75.904465283315,
        "29,29": 0.0,
        "29,30": 44.08643540962098,
        "30,0": 56.18513600892891,
        "30,1": 81.32544893393664,
        "30,2": 50.75987843324272,
        "30,3": 25.850059804233627,
        "30,4": 70.38487856673002,
        "30,5": 45.24105878112721,
        "30,6": 31.406546521961346,
        "30,7": 25.722376837238617,
        "30,8": 63.779044028549265,
        "30,9": 37.23017918628426,
        "30,10": 12.070709555007605,
        "30,11": 25.585053682701325,
        "30,12": 25.046376547154363,
        "30,13": 27.972805264674435,
        "30,14": 53.759181999537866,
        "30,15": 66.52036843115927,
        "30,16": 25.80651387653036,
        "30,17": 65.94269144095831,
        "30,18": 56.68914860794619,
        "30,19": 53.60645960187195,
        "30,20": 63.87717043153404,
        "30,21": 63.30355153986082,
        "30,22": 52.259593104487436,
        "30,23": 58.0952026796101,
        "30,24": 33.40216563749536,
        "30,25": 36.72818889834884,
        "30,26": 23.91311720776154,
        "30,27": 35.60348348120928,
        "30,28": 33.29132209837176,
        "30,29": 44.08643540962098,
        "30,30": 0.0
    }
}