{
    "num_robots": 6,
    "num_tasks": 40,
    "num_nodes": 41,
    "robot_capacity": [
        84,
        81,
        68,
        66,
        80,
        69
    ],
    "robot_speed": [
        1.05,
        0.82,
        1.06,
        1.08,
        1.09,
        1.1
    ],
    "task_demand": {
        "0": 0,
        "1": 10,
        "2": 6,
        "3": 9,
        "4": 5,
        "5": 13,
        "6": 5,
        "7": 9,
        "8": 6,
        "9": 5,
        "10": 6,
        "11": 11,
        "12": 6,
        "13": 10,
        "14": 9,
        "15": 10,
        "16": 5,
        "17": 9,
        "18": 8,
        "19": 13,
        "20": 7,
        "21": 10,
        "22": 9,
        "23": 15,
        "24": 5,
        "25": 7,
        "26": 8,
        "27": 15,
        "28": 12,
        "29": 7,
        "30": 5,
        "31": 13,
        "32": 9,
        "33": 8,
        "34": 14,
        "35": 8,
        "36": 13,
        "37": 5,
        "38": 14,
        "39": 6,
        "40": 6
    },
    "task_service_time": {
        "0": 0,
        "1": 42,
        "2": 95,
        "3": 76,
        "4": 74,
        "5": 51,
        "6": 42,
        "7": 20,
        "8": 29,
        "9": 68,
        "10": 36,
        "11": 92,
        "12": 54,
        "13": 72,
        "14": 25,
        "15": 23,
        "16": 22,
        "17": 60,
        "18": 88,
        "19": 60,
        "20": 37,
        "21": 32,
        "22": 10,
        "23": 13,
        "24": 26,
        "25": 40,
        "26": 58,
        "27": 31,
        "28": 64,
        "29": 52,
        "30": 51,
        "31": 66,
        "32": 90,
        "33": 98,
        "34": 52,
        "35": 79,
        "36": 52,
        "37": 50,
        "38": 54,
        "39": 90,
        "40": 91
    },
    "task_precedence": [],
    "coordinates": {
        "0": [
            100,
            100
        ],
        "1": [
            88.53740203417688,
            10.717102442266436
        ],
        "2": [
            29.906109350302422,
            63.8293553163774
        ],
        "3": [
            83.67189999120951,
            30.8358666784344
        ],
        "4": [
            56.77043117896004,
            56.62079769620516
        ],
        "5": [
            48.516527987342116,
            54.51357417761747
        ],
        "6": [
            99.94918707322145,
            18.20266971485308
        ],
        "7": [
            93.81652214373378,
            39.78884198828593
        ],
        "8": [
            19.137902128354412,
            74.31326249118665
        ],
        "9": [
            76.92923332838542,
            91.57301376085955
        ],
        "10": [
            34.63851324790187,
            50.41467520093408
        ],
        "11": [
            91.82045078958151,
            81.70130891656898
        ],
        "12": [
            7.680988790312893,
            45.38065436374639
        ],
        "13": [
            22.539429993854508,
            9.806493538044702
        ],
        "14": [
            31.710016786819175,
            75.68324452726922
        ],
        "15": [
            5.230469926081305,
            3.2869877708574413
        ],
        "16": [
            2.6999890255802406,
            5.56220257326453
        ],
        "17": [
            39.636372398954514,
            93.01812316100882
        ],
        "18": [
            27.689771241504868,
            2.139652234983147
        ],
        "19": [
            25.22441882660642,
            79.90157786946062
        ],
        "20": [
            92.92224179019735,
            32.72660033627992
        ],
        "21": [
            64.3590231151439,
            61.095067542576054
        ],
        "22": [
            59.01693675260318,
            23.360416581066467
        ],
        "23": [
            78.7509598748115,
            13.140003391490684
        ],
        "24": [
            97.8626220506513,
            6.532400841084652
        ],
        "25": [
            9.816302580723036,
            36.40413219788392
        ],
        "26": [
            69.57756843895412,
            27.077953900319397
        ],
        "27": [
            91.88547625272292,
            88.95829723935339
        ],
        "28": [
            66.80165089909316,
            7.118875994993834
        ],
        "29": [
            56.712999470636035,
            74.95750605259413
        ],
        "30": [
            73.53927721424265,
            87.60282510997524
        ],
        "31": [
            34.7459630734124,
            21.94213541953185
        ],
        "32": [
            50.37180129014753,
            39.35773643852104
        ],
        "33": [
            85.1910086401281,
            29.14164308792435
        ],
        "34": [
            64.08893905688105,
            18.6666439759686
        ],
        "35": [
            54.08915473572864,
            98.39115930217179
        ],
        "36": [
            89.99853912470532,
            87.86940383494736
        ],
        "37": [
            23.490314075806673,
            34.52091845713646
        ],
        "38": [
            84.33645763062417,
            56.06487067532447
        ],
        "39": [
            40.47766417851394,
            1.0785954947421184
        ],
        "40": [
            63.82046092373075,
            85.99391419025847
        ]
    },
    "distance_matrix_str_keys": {
        "0,0": 0.0,
        "0,1": 90.01570389899108,
        "0,2": 78.8762894870229,
        "0,3": 71.06535152956302,
        "0,4": 61.24174077348381,
        "0,5": 68.69907440841715,
        "0,6": 81.79734606777254,
        "0,7": 60.527836137685725,
        "0,8": 84.84389993423375,
        "0,9": 24.561644323838426,
        "0,10": 82.0416259338731,
        "0,11": 20.043630425960654,
        "0,12": 107.26636354639263,
        "0,13": 118.89074191702119,
        "0,14": 72.49018143153664,
        "0,15": 135.40557804191693,
        "0,16": 135.59420975261196,
        "0,17": 60.76606076875925,
        "0,18": 121.67751167654579,
        "0,19": 77.42954288871998,
        "0,20": 67.6446964927114,
        "0,21": 52.7624203654795,
        "0,22": 86.9093620950459,
        "0,23": 89.42136611052261,
        "0,24": 93.49203429720649,
        "0,25": 110.35186306409118,
        "0,26": 79.01360104089969,
        "0,27": 13.702725841948187,
        "0,28": 98.6358635561073,
        "0,29": 50.0089083857568,
        "0,30": 29.220879446015292,
        "0,31": 101.74045192586459,
        "0,32": 78.36097394139816,
        "0,33": 72.38931529843241,
        "0,34": 88.90848722249326,
        "0,35": 45.93902568917691,
        "0,36": 15.721977705099318,
        "0,37": 100.70373458772856,
        "0,38": 46.64377931014162,
        "0,39": 115.44848518252033,
        "0,40": 38.79599834365829,
        "1,0": 90.01570389899108,
        "1,1": 0.0,
        "1,2": 79.11093405557577,
        "1,3": 20.698738718111077,
        "1,4": 55.82373756102929,
        "1,5": 59.327913294991376,
        "1,6": 13.647804042034814,
        "1,7": 29.547168212245346,
        "1,8": 94.13162146774125,
        "1,9": 81.68493114315706,
        "1,10": 66.94017848291826,
        "1,11": 71.06008709477338,
        "1,12": 87.97341299776677,
        "1,13": 66.00425381755043,
        "1,14": 86.31310057841961,
        "1,15": 83.63762037081837,
        "1,16": 85.9920604746033,
        "1,17": 95.73279851091661,
        "1,18": 61.44922151776824,
        "1,19": 93.78179718249238,
        "1,20": 22.44203237749562,
        "1,21": 55.87963291576236,
        "1,22": 32.11403529382408,
        "1,23": 10.081909499115525,
        "1,24": 10.221127914598688,
        "1,25": 82.80600821695579,
        "1,26": 25.043017996859152,
        "1,27": 78.31279693797559,
        "1,28": 22.031570778592823,
        "1,29": 71.6911574362146,
        "1,30": 78.33490983112293,
        "1,31": 54.95016169958326,
        "1,32": 47.71686280404516,
        "1,33": 18.72597251816935,
        "1,34": 25.70841404187082,
        "1,35": 94.19884281778074,
        "1,36": 77.1661359132644,
        "1,37": 69.265758558856,
        "1,38": 45.541936910949325,
        "1,39": 49.01672386984381,
        "1,40": 79.23083720875283,
        "2,0": 78.8762894870229,
        "2,1": 79.11093405557577,
        "2,2": 0.0,
        "2,3": 63.08193509828251,
        "2,4": 27.814656033771715,
        "2,5": 20.811810590891646,
        "2,6": 83.59322446155086,
        "2,7": 68.2824072840504,
        "2,8": 15.028858786509044,
        "2,9": 54.59747954386036,
        "2,10": 14.224953049120582,
        "2,11": 64.4421632267806,
        "2,12": 28.884434402384926,
        "2,13": 54.52281687020174,
        "2,14": 11.990361606874833,
        "2,15": 65.37786665998672,
        "2,16": 64.30578567992546,
        "2,17": 30.76787589814664,
        "2,18": 61.729503650062604,
        "2,19": 16.740208002157615,
        "2,20": 70.27385228542944,
        "2,21": 34.56124414018632,
        "2,22": 49.851532317561656,
        "2,23": 70.39339330737403,
        "2,24": 88.88773037116229,
        "2,25": 33.99622330698202,
        "2,26": 54.078555567496394,
        "2,27": 66.87978501605069,
        "2,28": 67.65618560811433,
        "2,29": 29.02490476696867,
        "2,30": 49.6893469857463,
        "2,31": 42.1659029874589,
        "2,32": 31.90148393225144,
        "2,33": 65.26605142897905,
        "2,34": 56.640412625315896,
        "2,35": 42.18219978694872,
        "2,36": 64.72267028612727,
        "2,37": 30.002448235708282,
        "2,38": 54.981360802168865,
        "2,39": 63.635018894304096,
        "2,40": 40.51482337021649,
        "3,0": 71.06535152956302,
        "3,1": 20.698738718111077,
        "3,2": 63.08193509828251,
        "3,3": 0.0,
        "3,4": 37.26327537734207,
        "3,5": 42.38554014221329,
        "3,6": 20.604556298811023,
        "3,7": 13.530303969841075,
        "3,8": 77.8133717738906,
        "3,9": 61.110265826930465,
        "3,10": 52.79775334878828,
        "3,11": 51.51399901186719,
        "3,12": 77.37033949746737,
        "3,13": 64.64838298561885,
        "3,14": 68.63908949033971,
        "3,15": 83.13843082309612,
        "3,16": 84.82457463923262,
        "3,17": 76.19554259661729,
        "3,18": 62.90843713472023,
        "3,19": 76.3122013125544,
        "3,20": 9.441593994819485,
        "3,21": 35.89716493215782,
        "3,22": 25.763337641991733,
        "3,23": 18.36734137264775,
        "3,24": 28.143117174107665,
        "3,25": 74.0652067421333,
        "3,26": 14.586709373701186,
        "3,27": 58.69991285608988,
        "3,28": 29.104998737475647,
        "3,29": 51.70591241184686,
        "3,30": 57.66417964307299,
        "3,31": 49.72771620524959,
        "3,32": 34.3732285028385,
        "3,33": 2.2755405208125876,
        "3,34": 23.056069485878204,
        "3,35": 73.74860255170577,
        "3,36": 57.38336625982154,
        "3,37": 60.294302300505386,
        "3,38": 25.23775504142949,
        "3,39": 52.452237280620885,
        "3,40": 58.62158167745445,
        "4,0": 61.24174077348381,
        "4,1": 55.82373756102929,
        "4,2": 27.814656033771715,
        "4,3": 37.26327537734207,
        "4,4": 0.0,
        "4,5": 8.51864477800839,
        "4,6": 57.795826131025784,
        "4,7": 40.690632690136994,
        "4,8": 41.584018002909914,
        "4,9": 40.3489121529932,
        "4,10": 22.98559870295755,
        "4,11": 43.09914056892255,
        "4,12": 50.359846863970155,
        "4,13": 57.994314513988826,
        "4,14": 31.48652487482487,
        "4,15": 74.16780222644702,
        "4,16": 74.3679558048382,
        "4,17": 40.22861259436533,
        "4,18": 61.75661902310345,
        "4,19": 39.20644871459658,
        "4,20": 43.334582932639705,
        "4,21": 8.809416452413776,
        "4,22": 33.33616263484272,
        "4,23": 48.72086940026871,
        "4,24": 64.78746522400418,
        "4,25": 51.1214608192175,
        "4,26": 32.19941590067178,
        "4,27": 47.73657159071555,
        "4,28": 50.50807481172138,
        "4,29": 18.336798296005387,
        "4,30": 35.2289684779815,
        "4,31": 41.081465560905315,
        "4,32": 18.41075089290383,
        "4,33": 39.532684720520244,
        "4,34": 38.65330958894127,
        "4,35": 41.85632989236202,
        "4,36": 45.61340310992305,
        "4,37": 39.94960396275564,
        "4,38": 27.571631601818414,
        "4,39": 57.882557665664976,
        "4,40": 30.207331758620757,
        "5,0": 68.69907440841715,
        "5,1": 59.327913294991376,
        "5,2": 20.811810590891646,
        "5,3": 42.38554014221329,
        "5,4": 8.51864477800839,
        "5,5": 0.0,
        "5,6": 62.95871824893109,
        "5,7": 47.633047442050724,
        "5,8": 35.42783248629344,
        "5,9": 46.69779317077972,
        "5,10": 14.470669159689088,
        "5,11": 51.13122969671177,
        "5,12": 41.8443722122666,
        "5,13": 51.706215095252524,
        "5,14": 27.029867950958025,
        "5,15": 67.06598226651194,
        "5,16": 67.04768470560408,
        "5,17": 39.51528129329658,
        "5,18": 56.362944353568246,
        "5,19": 34.45392692586245,
        "5,20": 49.462507493092325,
        "5,21": 17.155194746414775,
        "5,22": 32.87518536028527,
        "5,23": 51.24347013183894,
        "5,24": 68.82753805022642,
        "5,25": 42.72773496618398,
        "5,26": 34.58729080030014,
        "5,27": 55.38325216565888,
        "5,28": 50.79963716130098,
        "5,29": 22.025814293349903,
        "5,30": 41.48537701572556,
        "5,31": 35.36279232216362,
        "5,32": 15.268970384473283,
        "5,33": 44.59543046514643,
        "5,34": 39.08327508539407,
        "5,35": 44.23004233820428,
        "5,36": 53.22939620293596,
        "5,37": 32.03151050924093,
        "5,38": 35.853505832393495,
        "5,39": 54.03628668012108,
        "5,40": 35.00317372229219,
        "6,0": 81.79734606777254,
        "6,1": 13.647804042034814,
        "6,2": 83.59322446155086,
        "6,3": 20.604556298811023,
        "6,4": 57.795826131025784,
        "6,5": 62.95871824893109,
        "6,6": 0.0,
        "6,7": 22.440419170677032,
        "6,8": 98.38120956845383,
        "6,9": 76.8968507537451,
        "6,10": 72.82236890511456,
        "6,11": 64.01682227382624,
        "6,12": 96.1876461087889,
        "6,13": 77.86376734706975,
        "6,14": 89.22219926757228,
        "6,15": 95.8859371641868,
        "6,16": 98.06726227680124,
        "6,17": 96.0988433243937,
        "6,18": 74.02326463281351,
        "6,19": 96.90483092695133,
        "6,20": 16.134513339628036,
        "6,21": 55.73524524010365,
        "6,22": 41.255926471789344,
        "6,23": 21.79438979776941,
        "6,24": 11.855333364332754,
        "6,25": 91.95232516613837,
        "6,26": 31.64183761790967,
        "6,27": 71.2136381501637,
        "6,28": 34.951532693710796,
        "6,29": 71.34759537734774,
        "6,30": 74.2554032217622,
        "6,31": 65.31036689321033,
        "6,32": 53.90226367386238,
        "6,33": 18.370219626335007,
        "6,34": 35.863249433207024,
        "6,35": 92.37605982229059,
        "6,36": 70.37378231667824,
        "6,37": 78.1808448537737,
        "6,38": 40.95489692599488,
        "6,39": 61.887769012233655,
        "6,40": 76.8175610177066,
        "7,0": 60.527836137685725,
        "7,1": 29.547168212245346,
        "7,2": 68.2824072840504,
        "7,3": 13.530303969841075,
        "7,4": 40.690632690136994,
        "7,5": 47.633047442050724,
        "7,6": 22.440419170677032,
        "7,7": 0.0,
        "7,8": 82.2729110853781,
        "7,9": 54.468164735966646,
        "7,10": 60.1244132473505,
        "7,11": 41.95997122097783,
        "7,12": 86.31684929213203,
        "7,13": 77.32635439443698,
        "7,14": 71.73301988121672,
        "7,15": 95.81165904428883,
        "7,16": 97.33285906166256,
        "7,17": 75.95291304835843,
        "7,18": 76.09342070090969,
        "7,19": 79.46010456411666,
        "7,20": 7.118637123919845,
        "7,21": 36.355185275138666,
        "7,22": 38.48251946995108,
        "7,23": 30.61260794242821,
        "7,24": 33.501668648501976,
        "7,25": 84.06838375393723,
        "7,26": 27.36957348383897,
        "7,27": 49.207359895852115,
        "7,28": 42.39256947116289,
        "7,29": 51.12246401359427,
        "7,30": 51.93595713849668,
        "7,31": 61.707664712185775,
        "7,32": 43.44685974890555,
        "7,33": 13.70263944007667,
        "7,34": 36.46747105376619,
        "7,35": 70.79897821104478,
        "7,36": 48.23191289824844,
        "7,37": 70.52323418238427,
        "7,38": 18.835624040472396,
        "7,39": 65.90536361044386,
        "7,40": 55.087860603799676,
        "8,0": 84.84389993423375,
        "8,1": 94.13162146774125,
        "8,2": 15.028858786509044,
        "8,3": 77.8133717738906,
        "8,4": 41.584018002909914,
        "8,5": 35.42783248629344,
        "8,6": 98.38120956845383,
        "8,7": 82.2729110853781,
        "8,8": 0.0,
        "8,9": 60.31365496935709,
        "8,10": 28.485284263093813,
        "8,11": 73.05707433147901,
        "8,12": 31.11842984939015,
        "8,13": 64.59639024429934,
        "8,14": 12.646537777778294,
        "8,15": 72.37505351368316,
        "8,16": 70.68884796778111,
        "8,17": 27.749938668619365,
        "8,18": 72.67850082894404,
        "8,19": 8.262865984944566,
        "8,20": 84.69698488447247,
        "8,21": 47.11337878990773,
        "8,22": 64.7033995158097,
        "8,23": 85.41594864403815,
        "8,24": 103.88371736164603,
        "8,25": 39.03837058230024,
        "8,26": 69.10379378296899,
        "8,27": 74.20705211605905,
        "8,28": 82.38275622652984,
        "8,29": 37.58061987312549,
        "8,30": 56.001090041482264,
        "8,31": 54.64747493910454,
        "8,32": 46.87691605116152,
        "8,33": 80.02179752647963,
        "8,34": 71.53420072334613,
        "8,35": 42.44213912687404,
        "8,36": 72.14567792779158,
        "8,37": 40.02966566790853,
        "8,38": 67.70417596757068,
        "8,39": 76.280416192084,
        "8,40": 46.18407392832829,
        "9,0": 24.561644323838426,
        "9,1": 81.68493114315706,
        "9,2": 54.59747954386036,
        "9,3": 61.110265826930465,
        "9,4": 40.3489121529932,
        "9,5": 46.69779317077972,
        "9,6": 76.8968507537451,
        "9,7": 54.468164735966646,
        "9,8": 60.31365496935709,
        "9,9": 0.0,
        "9,10": 59.012827740579105,
        "9,11": 17.866138754902284,
        "9,12": 83.24093607280471,
        "9,13": 98.20394358739847,
        "9,14": 47.929764352955175,
        "9,15": 113.73273521078667,
        "9,16": 113.61267689353005,
        "9,17": 37.32084963502672,
        "9,18": 102.09236396725986,
        "9,19": 53.00575684235073,
        "9,20": 60.98095352317913,
        "9,21": 32.968399877604966,
        "9,22": 70.52523507675458,
        "9,23": 78.4541637085724,
        "9,24": 87.57917908480573,
        "9,25": 86.87779328718105,
        "9,26": 64.91270848656028,
        "9,27": 15.183080876410852,
        "9,28": 85.05921062200105,
        "9,29": 26.168133441165427,
        "9,30": 5.220555562334776,
        "9,31": 81.411838868735,
        "9,32": 58.58098993969241,
        "9,33": 62.97565383069202,
        "9,34": 74.02845339590777,
        "9,35": 23.836029424827753,
        "9,36": 13.583942008159344,
        "9,37": 78.17070851302766,
        "9,38": 36.27251297120878,
        "9,39": 97.56001553305981,
        "9,40": 14.246622967416421,
        "10,0": 82.0416259338731,
        "10,1": 66.94017848291826,
        "10,2": 14.224953049120582,
        "10,3": 52.79775334878828,
        "10,4": 22.98559870295755,
        "10,5": 14.470669159689088,
        "10,6": 72.82236890511456,
        "10,7": 60.1244132473505,
        "10,8": 28.485284263093813,
        "10,9": 59.012827740579105,
        "10,10": 0.0,
        "10,11": 65.18149607271111,
        "10,12": 27.423520756291445,
        "10,13": 42.372305029990926,
        "10,14": 25.437702084158058,
        "10,15": 55.5504449534392,
        "10,16": 55.06190725279748,
        "10,17": 42.89559854088245,
        "10,18": 48.772562551444395,
        "10,19": 30.953232509000156,
        "10,20": 60.90862833137517,
        "10,21": 31.581315478305132,
        "10,22": 36.417584242303256,
        "10,23": 57.752135076667635,
        "10,24": 76.96065187415577,
        "10,25": 28.503288540905668,
        "10,26": 42.01595100323159,
        "10,27": 69.01322752281531,
        "10,28": 53.9350873963376,
        "10,29": 33.009596910760315,
        "10,30": 53.81661389220132,
        "10,31": 28.47274252804837,
        "10,32": 19.22998303213038,
        "10,33": 54.84611823695637,
        "10,34": 43.304330811035165,
        "10,35": 51.769397147390876,
        "10,36": 66.84002664667274,
        "10,37": 19.413754098878357,
        "10,38": 50.018100571362965,
        "10,39": 49.68042315003158,
        "10,40": 46.01595720197805,
        "11,0": 20.043630425960654,
        "11,1": 71.06008709477338,
        "11,2": 64.4421632267806,
        "11,3": 51.51399901186719,
        "11,4": 43.09914056892255,
        "11,5": 51.13122969671177,
        "11,6": 64.01682227382624,
        "11,7": 41.95997122097783,
        "11,8": 73.05707433147901,
        "11,9": 17.866138754902284,
        "11,10": 65.18149607271111,
        "11,11": 0.0,
        "11,12": 91.64408880376213,
        "11,13": 99.84349914145662,
        "11,14": 60.41093754440668,
        "11,15": 116.81879363648692,
        "11,16": 117.21612610808224,
        "11,17": 53.39708158806303,
        "11,18": 102.19002531175255,
        "11,19": 66.62034602923889,
        "11,20": 48.987100587126776,
        "11,21": 34.33288792807307,
        "11,22": 66.93078702418589,
        "11,23": 69.79587529413459,
        "11,24": 75.4113557417496,
        "11,25": 93.68305365509927,
        "11,26": 58.978442913450074,
        "11,27": 7.257279643770524,
        "11,28": 78.6668904206945,
        "11,29": 35.74929391163246,
        "11,30": 19.210132760413305,
        "11,31": 82.63568215433406,
        "11,32": 59.25342754246903,
        "11,33": 52.97610758853224,
        "11,34": 68.86512707571706,
        "11,35": 41.25774845768125,
        "11,36": 6.431543907704994,
        "11,37": 83.03611760690447,
        "11,38": 26.706499570338007,
        "11,39": 95.58296739737494,
        "11,40": 28.32712291291603,
        "12,0": 107.26636354639263,
        "12,1": 87.97341299776677,
        "12,2": 28.884434402384926,
        "12,3": 77.37033949746737,
        "12,4": 50.359846863970155,
        "12,5": 41.8443722122666,
        "12,6": 96.1876461087889,
        "12,7": 86.31684929213203,
        "12,8": 31.11842984939015,
        "12,9": 83.24093607280471,
        "12,10": 27.423520756291445,
        "12,11": 91.64408880376213,
        "12,12": 0.0,
        "12,13": 38.55248621622206,
        "12,14": 38.673520101942024,
        "12,15": 42.164935787182806,
        "12,16": 40.12878594783543,
        "12,17": 57.36266185408059,
        "12,18": 47.645940438602274,
        "12,19": 38.72294019216128,
        "12,20": 86.17538103379846,
        "12,21": 58.816174276143606,
        "12,22": 55.85938081641024,
        "12,23": 78.04101719651199,
        "12,24": 98.19324711640395,
        "12,25": 9.226999250988156,
        "12,26": 64.54591711684417,
        "12,27": 94.81248160132245,
        "12,28": 70.42170384277922,
        "12,29": 57.26192650600762,
        "12,30": 78.23059412182182,
        "12,31": 35.80330994814783,
        "12,32": 43.11358268840619,
        "12,33": 79.19285740731308,
        "12,34": 62.41390233172354,
        "12,35": 70.45446401928034,
        "12,36": 92.63623980215147,
        "12,37": 19.17990171882708,
        "12,38": 77.39646879102769,
        "12,39": 55.12072510908898,
        "12,40": 69.28980592521947,
        "13,0": 118.89074191702119,
        "13,1": 66.00425381755043,
        "13,2": 54.52281687020174,
        "13,3": 64.64838298561885,
        "13,4": 57.994314513988826,
        "13,5": 51.706215095252524,
        "13,6": 77.86376734706975,
        "13,7": 77.32635439443698,
        "13,8": 64.59639024429934,
        "13,9": 98.20394358739847,
        "13,10": 42.372305029990926,
        "13,11": 99.84349914145662,
        "13,12": 38.55248621622206,
        "13,13": 0.0,
        "13,14": 66.51199878986942,
        "13,15": 18.49605509496972,
        "13,16": 20.288356851340968,
        "13,17": 84.94987194877145,
        "13,18": 9.236150200899683,
        "13,19": 70.14648966598622,
        "13,20": 74.02075041501487,
        "13,21": 66.17700652226938,
        "13,22": 38.914230420126664,
        "13,23": 56.31028662243464,
        "13,24": 75.39431639462872,
        "13,25": 29.48410340251423,
        "13,26": 50.108779783846096,
        "13,27": 105.23251475141902,
        "13,28": 44.34374237163413,
        "13,29": 73.56960841580842,
        "13,30": 93.02286612738122,
        "13,31": 17.212589976469143,
        "13,32": 40.5945421077473,
        "13,33": 65.56728082654043,
        "13,34": 42.483690625476115,
        "13,35": 94.03524945375608,
        "13,36": 103.17242542826213,
        "13,37": 24.732710721203482,
        "13,38": 77.19268151913418,
        "13,39": 19.94884582921953,
        "13,40": 86.6524470529873,
        "14,0": 72.49018143153664,
        "14,1": 86.31310057841961,
        "14,2": 11.990361606874833,
        "14,3": 68.63908949033971,
        "14,4": 31.48652487482487,
        "14,5": 27.029867950958025,
        "14,6": 89.22219926757228,
        "14,7": 71.73301988121672,
        "14,8": 12.646537777778294,
        "14,9": 47.929764352955175,
        "14,10": 25.437702084158058,
        "14,11": 60.41093754440668,
        "14,12": 38.673520101942024,
        "14,13": 66.51199878986942,
        "14,14": 0.0,
        "14,15": 77.08686265694247,
        "14,16": 75.88505936891096,
        "14,17": 19.061089437293735,
        "14,18": 73.65339327891567,
        "14,19": 7.736751067945737,
        "14,20": 74.78107895728338,
        "14,21": 35.75992899830367,
        "14,22": 59.019879721206394,
        "14,23": 78.25923164953687,
        "14,24": 95.69747314168501,
        "14,25": 44.96869341133546,
        "14,26": 61.61514217347359,
        "14,27": 61.622341293083295,
        "14,28": 77.02269416801381,
        "14,29": 25.013513136320324,
        "14,30": 43.49440687229609,
        "14,31": 53.826794238416355,
        "14,32": 40.83876514727614,
        "14,33": 70.89666532462951,
        "14,34": 65.56895108050215,
        "14,35": 31.882208341966493,
        "14,36": 59.54875578050613,
        "14,37": 41.974999704125764,
        "14,38": 56.164249024456616,
        "14,39": 75.11807570785902,
        "14,40": 33.72522100104024,
        "15,0": 135.40557804191693,
        "15,1": 83.63762037081837,
        "15,2": 65.37786665998672,
        "15,3": 83.13843082309612,
        "15,4": 74.16780222644702,
        "15,5": 67.06598226651194,
        "15,6": 95.8859371641868,
        "15,7": 95.81165904428883,
        "15,8": 72.37505351368316,
        "15,9": 113.73273521078667,
        "15,10": 55.5504449534392,
        "15,11": 116.81879363648692,
        "15,12": 42.164935787182806,
        "15,13": 18.49605509496972,
        "15,14": 77.08686265694247,
        "15,15": 0.0,
        "15,16": 3.402930499568425,
        "15,17": 96.10121114418143,
        "15,18": 22.48858809282758,
        "15,19": 79.18051154554254,
        "15,20": 92.50155480136729,
        "15,21": 82.69195782617065,
        "15,22": 57.41016075468756,
        "15,23": 74.1777888530103,
        "15,24": 92.68898701154241,
        "15,25": 33.4331439762537,
        "15,26": 68.60436689015185,
        "15,27": 121.8550917586832,
        "15,28": 61.69030469833694,
        "15,29": 88.24462612011399,
        "15,30": 108.51384049662852,
        "15,31": 34.91674196605392,
        "15,32": 57.7826851813429,
        "15,33": 84.03660483982509,
        "15,34": 60.834638269728536,
        "15,35": 106.92041210164749,
        "15,36": 119.74894848348993,
        "15,37": 36.179833256768084,
        "15,38": 95.09606834453734,
        "15,39": 35.31630925102347,
        "15,40": 101.35690762276076,
        "16,0": 135.59420975261196,
        "16,1": 85.9920604746033,
        "16,2": 64.30578567992546,
        "16,3": 84.82457463923262,
        "16,4": 74.3679558048382,
        "16,5": 67.04768470560408,
        "16,6": 98.06726227680124,
        "16,7": 97.33285906166256,
        "16,8": 70.68884796778111,
        "16,9": 113.61267689353005,
        "16,10": 55.06190725279748,
        "16,11": 117.21612610808224,
        "16,12": 40.12878594783543,
        "16,13": 20.288356851340968,
        "16,14": 75.88505936891096,
        "16,15": 3.402930499568425,
        "16,16": 0.0,
        "16,17": 94.93594926346243,
        "16,18": 25.223066150200946,
        "16,19": 77.67684762714079,
        "16,20": 94.22292396094369,
        "16,21": 82.98033246834916,
        "16,22": 59.0624671272353,
        "16,23": 76.42756853617242,
        "16,24": 95.16757855983953,
        "16,25": 31.65227545667269,
        "16,26": 70.25338556510849,
        "16,27": 122.10225115655356,
        "16,28": 64.12056056436265,
        "16,29": 87.9381228041966,
        "16,30": 108.39219758491572,
        "16,31": 35.989535322403924,
        "16,32": 58.435774948449584,
        "16,33": 85.79486192093384,
        "16,34": 62.77204449770974,
        "16,35": 106.10401292958917,
        "16,36": 119.98129949679915,
        "16,37": 35.648910801550294,
        "16,38": 95.99496076216265,
        "16,39": 38.042811047491746,
        "16,40": 101.01966302998582,
        "17,0": 60.76606076875925,
        "17,1": 95.73279851091661,
        "17,2": 30.76787589814664,
        "17,3": 76.19554259661729,
        "17,4": 40.22861259436533,
        "17,5": 39.51528129329658,
        "17,6": 96.0988433243937,
        "17,7": 75.95291304835843,
        "17,8": 27.749938668619365,
        "17,9": 37.32084963502672,
        "17,10": 42.89559854088245,
        "17,11": 53.39708158806303,
        "17,12": 57.36266185408059,
        "17,13": 84.94987194877145,
        "17,14": 19.061089437293735,
        "17,15": 96.10121114418143,
        "17,16": 94.93594926346243,
        "17,17": 0.0,
        "17,18": 91.66033906258295,
        "17,19": 19.487128217281068,
        "17,20": 80.4639770413158,
        "17,21": 40.376861423991976,
        "17,22": 72.303543209467,
        "17,23": 88.94079475313875,
        "17,24": 104.25965813151676,
        "17,25": 63.98734669242808,
        "17,26": 72.41948040709805,
        "17,27": 52.406593478645625,
        "17,28": 90.09235827570632,
        "17,29": 24.855524184415174,
        "17,30": 34.33267260054212,
        "17,31": 71.24403228901303,
        "17,32": 54.72372919204981,
        "17,33": 78.45654586835188,
        "17,34": 78.26921791588191,
        "17,35": 15.419222893791167,
        "17,36": 50.624669361990705,
        "17,37": 60.68457924004448,
        "17,38": 57.9969006843406,
        "17,39": 91.94337670193855,
        "17,40": 25.183519401366112,
        "18,0": 121.67751167654579,
        "18,1": 61.44922151776824,
        "18,2": 61.729503650062604,
        "18,3": 62.90843713472023,
        "18,4": 61.75661902310345,
        "18,5": 56.362944353568246,
        "18,6": 74.02326463281351,
        "18,7": 76.09342070090969,
        "18,8": 72.67850082894404,
        "18,9": 102.09236396725986,
        "18,10": 48.772562551444395,
        "18,11": 102.19002531175255,
        "18,12": 47.645940438602274,
        "18,13": 9.236150200899683,
        "18,14": 73.65339327891567,
        "18,15": 22.48858809282758,
        "18,16": 25.223066150200946,
        "18,17": 91.66033906258295,
        "18,18": 0.0,
        "18,19": 77.80099640050666,
        "18,20": 72.0474608021508,
        "18,21": 69.42892068196898,
        "18,22": 37.83797217599998,
        "18,23": 52.2326785663209,
        "18,24": 70.31020716083212,
        "18,25": 38.646027856637204,
        "18,26": 48.74942506333741,
        "18,27": 107.97483809796701,
        "18,28": 39.42755127575035,
        "18,29": 78.3886956865797,
        "18,30": 96.98521080971521,
        "18,31": 21.022087989612565,
        "18,32": 43.58509239303234,
        "18,33": 63.525583920143134,
        "18,34": 39.9755034197009,
        "18,35": 99.80621254000253,
        "18,36": 105.98100237549237,
        "18,37": 32.65244007170829,
        "18,38": 78.20982203474038,
        "18,39": 12.831837248594507,
        "18,40": 91.30697665007443,
        "19,0": 77.42954288871998,
        "19,1": 93.78179718249238,
        "19,2": 16.740208002157615,
        "19,3": 76.3122013125544,
        "19,4": 39.20644871459658,
        "19,5": 34.45392692586245,
        "19,6": 96.90483092695133,
        "19,7": 79.46010456411666,
        "19,8": 8.262865984944566,
        "19,9": 53.00575684235073,
        "19,10": 30.953232509000156,
        "19,11": 66.62034602923889,
        "19,12": 38.72294019216128,
        "19,13": 70.14648966598622,
        "19,14": 7.736751067945737,
        "19,15": 79.18051154554254,
        "19,16": 77.67684762714079,
        "19,17": 19.487128217281068,
        "19,18": 77.80099640050666,
        "19,19": 0.0,
        "19,20": 82.51347610703237,
        "19,21": 43.418913891248266,
        "19,22": 65.86985036888284,
        "19,23": 85.56984529238504,
        "19,24": 103.24410252134896,
        "19,25": 46.14583216497913,
        "19,26": 68.97490217295366,
        "19,27": 67.27347726194174,
        "19,28": 83.82116629442072,
        "19,29": 31.874355791229572,
        "19,30": 48.92478666358062,
        "19,31": 58.73633265663162,
        "19,32": 47.70947414030874,
        "19,33": 78.56565962867606,
        "19,34": 72.52701608138698,
        "19,35": 34.278821459615955,
        "19,36": 65.2623391475426,
        "19,37": 45.41377949459957,
        "19,38": 63.73713000619561,
        "19,39": 80.28526666961176,
        "19,40": 39.073917482237505,
        "20,0": 67.6446964927114,
        "20,1": 22.44203237749562,
        "20,2": 70.27385228542944,
        "20,3": 9.441593994819485,
        "20,4": 43.334582932639705,
        "20,5": 49.462507493092325,
        "20,6": 16.134513339628036,
        "20,7": 7.118637123919845,
        "20,8": 84.69698488447247,
        "20,9": 60.98095352317913,
        "20,10": 60.90862833137517,
        "20,11": 48.987100587126776,
        "20,12": 86.17538103379846,
        "20,13": 74.02075041501487,
        "20,14": 74.78107895728338,
        "20,15": 92.50155480136729,
        "20,16": 94.22292396094369,
        "20,17": 80.4639770413158,
        "20,18": 72.0474608021508,
        "20,19": 82.51347610703237,
        "20,20": 0.0,
        "20,21": 40.257016689188745,
        "20,22": 35.175205867609826,
        "20,23": 24.17560776905038,
        "20,24": 26.65602078915702,
        "20,25": 83.18726688912163,
        "20,26": 24.01834674649226,
        "20,27": 56.2412537145005,
        "20,28": 36.57924021135118,
        "20,29": 55.62875719425097,
        "20,30": 58.19879175005136,
        "20,31": 59.167424220373285,
        "20,32": 43.064044779313576,
        "20,33": 8.521964825864206,
        "20,34": 32.07868013751383,
        "20,35": 76.2878952020898,
        "20,36": 55.22025728814432,
        "20,37": 69.45510898166675,
        "20,38": 24.867459702452607,
        "20,39": 61.25381564700998,
        "20,40": 60.698602741892635,
        "21,0": 52.7624203654795,
        "21,1": 55.87963291576236,
        "21,2": 34.56124414018632,
        "21,3": 35.89716493215782,
        "21,4": 8.809416452413776,
        "21,5": 17.155194746414775,
        "21,6": 55.73524524010365,
        "21,7": 36.355185275138666,
        "21,8": 47.11337878990773,
        "21,9": 32.968399877604966,
        "21,10": 31.581315478305132,
        "21,11": 34.33288792807307,
        "21,12": 58.816174276143606,
        "21,13": 66.17700652226938,
        "21,14": 35.75992899830367,
        "21,15": 82.69195782617065,
        "21,16": 82.98033246834916,
        "21,17": 40.376861423991976,
        "21,18": 69.42892068196898,
        "21,19": 43.418913891248266,
        "21,20": 40.257016689188745,
        "21,21": 0.0,
        "21,22": 38.11091405216883,
        "21,23": 50.06811381936596,
        "21,24": 64.02792936843555,
        "21,25": 59.87111700554536,
        "21,26": 34.4150728002552,
        "21,27": 39.167144285366376,
        "21,28": 54.031432374796495,
        "21,29": 15.831262710738061,
        "21,30": 28.052420155416684,
        "21,31": 49.090583810613836,
        "21,32": 25.84867381335012,
        "21,33": 38.14436990293961,
        "21,34": 42.42928318680364,
        "21,35": 38.68421715726839,
        "21,36": 37.07087623865327,
        "21,37": 48.74871052814807,
        "21,38": 20.60098954767974,
        "21,39": 64.59331406367525,
        "21,40": 24.904670518174406,
        "22,0": 86.9093620950459,
        "22,1": 32.11403529382408,
        "22,2": 49.851532317561656,
        "22,3": 25.763337641991733,
        "22,4": 33.33616263484272,
        "22,5": 32.87518536028527,
        "22,6": 41.255926471789344,
        "22,7": 38.48251946995108,
        "22,8": 64.7033995158097,
        "22,9": 70.52523507675458,
        "22,10": 36.417584242303256,
        "22,11": 66.93078702418589,
        "22,12": 55.85938081641024,
        "22,13": 38.914230420126664,
        "22,14": 59.019879721206394,
        "22,15": 57.41016075468756,
        "22,16": 59.0624671272353,
        "22,17": 72.303543209467,
        "22,18": 37.83797217599998,
        "22,19": 65.86985036888284,
        "22,20": 35.175205867609826,
        "22,21": 38.11091405216883,
        "22,22": 0.0,
        "22,23": 22.223602641190002,
        "22,24": 42.334021543199356,
        "22,25": 50.90030373197774,
        "22,26": 11.195848575914097,
        "22,27": 73.37181226962971,
        "22,28": 18.010813833683525,
        "22,29": 51.64850209766077,
        "22,30": 65.86338456288883,
        "22,31": 24.312377193296744,
        "22,32": 18.183855745851005,
        "22,33": 26.804936468809597,
        "22,34": 6.910622883862727,
        "22,35": 75.19238916862884,
        "22,36": 71.56304299052977,
        "22,37": 37.238390418293235,
        "22,38": 41.36011913783578,
        "22,39": 28.985930699208986,
        "22,40": 62.8174248694044,
        "23,0": 89.42136611052261,
        "23,1": 10.081909499115525,
        "23,2": 70.39339330737403,
        "23,3": 18.36734137264775,
        "23,4": 48.72086940026871,
