{
    "num_robots": 2,
    "num_tasks": 40,
    "num_nodes": 41,
    "robot_capacity": [
        255,
        218
    ],
    "robot_speed": [
        0.9,
        0.8
    ],
    "task_demand": {
        "0": 0,
        "1": 15,
        "2": 15,
        "3": 7,
        "4": 9,
        "5": 13,
        "6": 5,
        "7": 11,
        "8": 5,
        "9": 12,
        "10": 5,
        "11": 13,
        "12": 5,
        "13": 5,
        "14": 14,
        "15": 15,
        "16": 9,
        "17": 5,
        "18": 6,
        "19": 10,
        "20": 9,
        "21": 8,
        "22": 6,
        "23": 10,
        "24": 11,
        "25": 13,
        "26": 5,
        "27": 6,
        "28": 9,
        "29": 12,
        "30": 9,
        "31": 11,
        "32": 8,
        "33": 14,
        "34": 9,
        "35": 15,
        "36": 6,
        "37": 9,
        "38": 10,
        "39": 13,
        "40": 8
    },
    "task_service_time": {
        "0": 0,
        "1": 51,
        "2": 77,
        "3": 62,
        "4": 45,
        "5": 71,
        "6": 69,
        "7": 31,
        "8": 93,
        "9": 95,
        "10": 11,
        "11": 47,
        "12": 28,
        "13": 74,
        "14": 83,
        "15": 45,
        "16": 70,
        "17": 31,
        "18": 100,
        "19": 61,
        "20": 74,
        "21": 66,
        "22": 97,
        "23": 63,
        "24": 74,
        "25": 70,
        "26": 79,
        "27": 63,
        "28": 49,
        "29": 62,
        "30": 94,
        "31": 36,
        "32": 52,
        "33": 93,
        "34": 62,
        "35": 75,
        "36": 39,
        "37": 24,
        "38": 40,
        "39": 61,
        "40": 68
    },
    "task_precedence": [],
    "coordinates": {
        "0": [
            100,
            100
        ],
        "1": [
            12.234504682229918,
            53.914789799632544
        ],
        "2": [
            45.97935151048418,
            73.84305626306644
        ],
        "3": [
            67.78267111939985,
            75.80936445064593
        ],
        "4": [
            10.170178660466679,
            11.486030411757554
        ],
        "5": [
            89.42353650946139,
            70.29955425360754
        ],
        "6": [
            16.134280845320504,
            81.14657644523712
        ],
        "7": [
            99.76680531562718,
            22.87649379731439
        ],
        "8": [
            5.0663726180537605,
            79.28611235569977
        ],
        "9": [
            76.68990521202436,
            97.41508258468794
        ],
        "10": [
            47.663306099206615,
            76.8115214373242
        ],
        "11": [
            15.624318081204136,
            75.845750421647
        ],
        "12": [
            46.08806372873093,
            54.73203598724977
        ],
        "13": [
            32.700231895690955,
            2.485112400659617
        ],
        "14": [
            73.90588447387073,
            74.97239712779627
        ],
        "15": [
            53.96135718355669,
            5.616567005504258
        ],
        "16": [
            30.405634989067376,
            94.94376705650775
        ],
        "17": [
            55.692957774464105,
            80.47763719585565
        ],
        "18": [
            34.272749123318256,
            25.1781173723982
        ],
        "19": [
            13.067923704699759,
            49.5509200387425
        ],
        "20": [
            54.73472690072555,
            66.92550597856616
        ],
        "21": [
            51.15523226580267,
            20.844296904053028
        ],
        "22": [
            25.12786567179771,
            81.75354753902592
        ],
        "23": [
            34.21656622763466,
            99.85048776411232
        ],
        "24": [
            7.846029344377969,
            70.50373309921125
        ],
        "25": [
            60.67558130847973,
            72.85943856086622
        ],
        "26": [
            14.322136698595422,
            96.12458664341766
        ],
        "27": [
            58.9644458287205,
            78.82640181351431
        ],
        "28": [
            56.8258889217152,
            91.8394767902177
        ],
        "29": [
            86.97070599168755,
            29.401680393275452
        ],
        "30": [
            93.30035387750382,
            3.3223942541586338
        ],
        "31": [
            32.518877017615175,
            32.728641557730185
        ],
        "32": [
            43.08722328826661,
            13.950360833289688
        ],
        "33": [
            83.67164811556279,
            59.99796450721243
        ],
        "34": [
            97.21941323657555,
            77.68794217448097
        ],
        "35": [
            31.848830600508503,
            59.196218600165665
        ],
        "36": [
            88.16378652439448,
            31.055764247142083
        ],
        "37": [
            92.66583536626186,
            20.745973300228215
        ],
        "38": [
            35.13679837411012,
            6.513434957304442
        ],
        "39": [
            95.78526699069356,
            7.296739030534871
        ],
        "40": [
            1.4648301161061972,
            7.7614495263629735
        ]
    },
    "distance_matrix_str_keys": {
        "0,0": 0.0,
        "0,1": 99.12935371314379,
        "0,2": 60.02013136344284,
        "0,3": 40.28825050163416,
        "0,4": 126.11153640393405,
        "0,5": 31.527417552046636,
        "0,6": 85.95877168193402,
        "0,7": 77.12385875172808,
        "0,8": 97.16716909139068,
        "0,9": 23.452980984693454,
        "0,10": 57.243646516596215,
        "0,11": 87.76493304250383,
        "0,12": 70.39662945324177,
        "0,13": 118.48380518199843,
        "0,14": 36.15637939036099,
        "0,15": 105.01328038018103,
        "0,16": 69.77779828035403,
        "0,17": 48.41731756543375,
        "0,18": 99.59109211041357,
        "0,19": 100.51017639000172,
        "0,20": 56.06127989553719,
        "0,21": 93.01309944100021,
        "0,22": 77.06341237105293,
        "0,23": 65.78360367745034,
        "0,24": 96.75941333368972,
        "0,25": 47.780958348042624,
        "0,26": 85.7654655941338,
        "0,27": 46.176162316792464,
        "0,28": 43.93857082857236,
        "0,29": 71.79056507402817,
        "0,30": 96.90946657017062,
        "0,31": 95.28450884394636,
        "0,32": 103.1678465112104,
        "0,33": 43.20622546379446,
        "0,34": 22.48465225788997,
        "0,35": 79.43255294300727,
        "0,36": 69.95286693900228,
        "0,37": 79.59265493123668,
        "0,38": 113.78476509903683,
        "0,39": 92.79902245558675,
        "0,40": 134.97084832483458,
        "1,0": 99.12935371314379,
        "1,1": 0.0,
        "1,2": 39.18992844724223,
        "1,3": 59.707379725460484,
        "1,4": 42.478948493557596,
        "1,5": 78.90885337297455,
        "1,6": 27.509606649931165,
        "1,7": 92.87238272437591,
        "1,8": 26.364486066173868,
        "1,9": 77.7610064868104,
        "1,10": 42.18364955207219,
        "1,11": 22.191391769878106,
        "1,12": 33.86342202799512,
        "1,13": 55.35212469036962,
        "1,14": 65.16733776817907,
        "1,15": 63.82670714316017,
        "1,16": 44.87278631167503,
        "1,17": 50.93350573998373,
        "1,18": 36.2143695269617,
        "1,19": 4.442740883399024,
        "1,20": 44.44713291214941,
        "1,21": 51.07328593297338,
        "1,22": 30.679556549597372,
        "1,23": 50.9244477365231,
        "1,24": 17.159596603287966,
        "1,25": 52.0138214458111,
        "1,26": 42.26139085535834,
        "1,27": 52.95541344078669,
        "1,28": 58.53779489976775,
        "1,29": 78.65362241458311,
        "1,30": 95.55763911263493,
        "1,31": 29.331018365689335,
        "1,32": 50.48807609712561,
        "1,33": 71.69567962183991,
        "1,34": 88.24736514949468,
        "1,35": 20.31293359915194,
        "1,36": 79.29559187165621,
        "1,37": 87.00212263833139,
        "1,38": 52.64412120301219,
        "1,39": 95.67639489359723,
        "1,40": 47.39321374037025,
        "2,0": 60.02013136344284,
        "2,1": 39.18992844724223,
        "2,2": 0.0,
        "2,3": 21.891804719051116,
        "2,4": 71.90754851351306,
        "2,5": 43.58845737940717,
        "2,6": 30.725716428750488,
        "2,7": 74.09912736608845,
        "2,8": 41.273462436292036,
        "2,9": 38.714061186633465,
        "2,10": 3.4128417114862644,
        "2,11": 30.421026254640417,
        "2,12": 19.111329475708175,
        "2,13": 72.58299504714854,
        "2,14": 27.949358742981282,
        "2,15": 68.69182084482263,
        "2,16": 26.225572296480035,
        "2,17": 11.763154798155135,
        "2,18": 50.053179885834155,
        "2,19": 40.90562262765929,
        "2,20": 11.1583645827977,
        "2,21": 53.25089891436471,
        "2,22": 22.30157693769598,
        "2,23": 28.543819136408754,
        "2,24": 38.27925467687044,
        "2,25": 14.729109751087265,
        "2,26": 38.7123474583573,
        "2,27": 13.90850126105116,
        "2,28": 21.01234222078313,
        "2,29": 60.45930061953837,
        "2,30": 84.92609160437145,
        "2,31": 43.26175528264598,
        "2,32": 59.96248303312455,
        "2,33": 40.1546484120237,
        "2,34": 51.38411304445614,
        "2,35": 20.351940318078483,
        "2,36": 60.08559657271289,
        "2,37": 70.70309748503466,
        "2,38": 68.19705905456932,
        "2,39": 83.12064457181795,
        "2,40": 79.67635385655437,
        "3,0": 40.28825050163416,
        "3,1": 59.707379725460484,
        "3,2": 21.891804719051116,
        "3,3": 0.0,
        "3,4": 86.35213135301902,
        "3,5": 22.331257538216505,
        "3,6": 51.923424865650205,
        "3,7": 61.8455627825037,
        "3,8": 62.8125932732063,
        "3,9": 23.369764125221373,
        "3,10": 20.144308562016302,
        "3,11": 52.15836572972686,
        "3,12": 30.24747534901312,
        "3,13": 81.28482933841438,
        "3,14": 6.180150166774964,
        "3,15": 71.54060058517695,
        "3,16": 41.990096367731645,
        "3,17": 12.959704440548995,
        "3,18": 60.71604444363979,
        "3,19": 60.6894512051926,
        "3,20": 15.785176264000969,
        "3,21": 57.424997807850495,
        "3,22": 43.06699130843681,
        "3,23": 41.28751636727838,
        "3,24": 60.171012550102766,
        "3,25": 7.694984622185882,
        "3,26": 57.1903575202997,
        "3,27": 9.320065006539423,
        "3,28": 19.416888982192553,
        "3,29": 50.218062704855974,
        "3,30": 76.84733555309302,
        "3,31": 55.6730083561977,
        "3,32": 66.60631705861176,
        "3,33": 22.41561862085907,
        "3,34": 29.49662422613128,
        "3,35": 39.588350679037475,
        "3,36": 49.175955469383304,
        "3,37": 60.42473754945247,
        "3,38": 76.6007757901172,
        "3,39": 74.01435818466202,
        "3,40": 95.01881266823212,
        "4,0": 126.11153640393405,
        "4,1": 42.478948493557596,
        "4,2": 71.90754851351306,
        "4,3": 86.35213135301902,
        "4,4": 0.0,
        "4,5": 98.69207322291221,
        "4,6": 69.91539307301292,
        "4,7": 90.31776217401496,
        "4,8": 67.99191089919337,
        "4,9": 108.6677322291774,
        "4,10": 75.32034507932755,
        "4,11": 64.59041102649995,
        "4,12": 56.216647587814634,
        "4,13": 24.26148849152803,
        "4,14": 89.95976297398819,
        "4,15": 44.18277851288312,
        "4,16": 85.87588426730281,
        "4,17": 82.65691274729181,
        "4,18": 27.720157796348687,
        "4,19": 38.17502781473674,
        "4,20": 71.1304042655539,
        "4,21": 42.03988309656778,
        "4,22": 71.84188446832317,
        "4,23": 91.5778689324368,
        "4,24": 59.063448092269,
        "4,25": 79.48264542952128,
        "4,26": 84.74033252548796,
        "4,27": 83.16012343072533,
        "4,28": 92.91626146632052,
        "4,29": 78.86248482398882,
        "4,30": 83.53006037905728,
        "4,31": 30.833631744538504,
        "4,32": 33.00916162908504,
        "4,33": 88.06743871454525,
        "4,34": 109.36298442035059,
        "4,35": 52.40444644217508,
        "4,36": 80.41130113373328,
        "4,37": 83.01373330731577,
        "4,38": 25.456999145212247,
        "4,39": 85.71752161646613,
        "4,40": 9.468663899972679,
        "5,0": 31.527417552046636,
        "5,1": 78.90885337297455,
        "5,2": 43.58845737940717,
        "5,3": 22.331257538216505,
        "5,4": 98.69207322291221,
        "5,5": 0.0,
        "5,6": 74.08760278366086,
        "5,7": 48.53792200576615,
        "5,8": 84.83448194174399,
        "5,9": 29.956589303401874,
        "5,10": 42.264909328181105,
        "5,11": 74.00733026231929,
        "5,12": 46.04683296495876,
        "5,13": 88.4100209825416,
        "5,14": 16.205955239495363,
        "5,15": 73.76621856839967,
        "5,16": 63.95662533737655,
        "5,17": 35.2327307226836,
        "5,18": 71.25695345393684,
        "5,19": 79.12449322790602,
        "5,20": 34.852513737655045,
        "5,21": 62.53227637944978,
        "5,22": 65.30794171192049,
        "5,23": 62.618425715126165,
        "5,24": 81.57776268242607,
        "5,25": 28.861703620961077,
        "5,26": 79.41758338986574,
        "5,27": 31.630101713517842,
        "5,28": 39.07140759094892,
        "5,29": 40.97136150830916,
        "5,30": 67.08926646265357,
        "5,31": 68.18880958547525,
        "5,32": 72.95399592930508,
        "5,33": 11.798600400000765,
        "5,34": 10.740762077882025,
        "5,35": 58.63557642878091,
        "5,36": 39.26400417808192,
        "5,37": 49.65953973991229,
        "5,38": 83.75988868341703,
        "5,39": 63.3231895970858,
        "5,40": 107.92473568773875,
        "6,0": 85.95877168193402,
        "6,1": 27.509606649931165,
        "6,2": 30.725716428750488,
        "6,3": 51.923424865650205,
        "6,4": 69.91539307301292,
        "6,5": 74.08760278366086,
        "6,6": 0.0,
        "6,7": 101.93037663558489,
        "6,8": 11.223186675612988,
        "6,9": 62.702854276744745,
        "6,10": 31.825652159568058,
        "6,11": 5.325299855703474,
        "6,12": 39.93691345901861,
        "6,13": 80.3869184621455,
        "6,14": 58.100591012985674,
        "6,15": 84.47289524021822,
        "6,16": 19.850290120297377,
        "6,17": 39.56433242332949,
        "6,18": 58.8342794844976,
        "6,19": 31.744102599870423,
        "6,20": 41.136763130978785,
        "6,21": 69.73400860597992,
        "6,22": 9.014043595398029,
        "6,23": 26.015482760690794,
        "6,24": 13.489448744515965,
        "6,25": 45.30567405153579,
        "6,26": 15.087234866114807,
        "6,27": 42.892962625901156,
        "6,28": 42.073092180520746,
        "6,29": 87.7230493937892,
        "6,30": 109.5956484579494,
        "6,31": 51.11508006938886,
        "6,32": 72.40022443956988,
        "6,33": 70.771178912752,
        "6,34": 81.15886178308692,
        "6,35": 26.995653048870093,
        "6,36": 87.73448099257541,
        "6,37": 97.49518807445153,
        "6,38": 77.0142940030598,
        "6,39": 108.61895819841197,
        "6,40": 74.83695368997934,
        "7,0": 77.12385875172808,
        "7,1": 92.87238272437591,
        "7,2": 74.09912736608845,
        "7,3": 61.8455627825037,
        "7,4": 90.31776217401496,
        "7,5": 48.53792200576615,
        "7,6": 101.93037663558489,
        "7,7": 0.0,
        "7,8": 110.22802283906832,
        "7,9": 78.02912620813356,
        "7,10": 74.9917451265415,
        "7,11": 99.4268590740422,
        "7,12": 62.419410975813754,
        "7,13": 70.09802925586092,
        "7,14": 58.16158844634925,
        "7,15": 48.94940399472138,
        "7,16": 100.0233164021534,
        "7,17": 72.52858579829748,
        "7,18": 65.53448609398491,
        "7,19": 90.70954243019308,
        "7,20": 62.99367873453588,
        "7,21": 48.654032295292915,
        "7,22": 95.0656550414481,
        "7,23": 101.10306420526346,
        "7,24": 103.5267259149865,
        "7,25": 63.45406654906567,
        "7,26": 112.54365597698406,
        "7,27": 69.24756130521851,
        "7,28": 81.23924743637406,
        "7,29": 14.363781466599878,
        "7,30": 20.595577271473886,
        "7,31": 67.9657904821803,
        "7,32": 57.378139290915875,
        "7,33": 40.46056936031181,
        "7,34": 54.87061216723586,
        "7,35": 77.01930731419459,
        "7,36": 14.196144200490625,
        "7,37": 7.4136962313203565,
        "7,38": 66.66923947265462,
        "7,39": 16.080466598513375,
        "7,40": 99.45724152338059,
        "8,0": 97.16716909139068,
        "8,1": 26.364486066173868,
        "8,2": 41.273462436292036,
        "8,3": 62.8125932732063,
        "8,4": 67.99191089919337,
        "8,5": 84.83448194174399,
        "8,6": 11.223186675612988,
        "8,7": 110.22802283906832,
        "8,8": 0.0,
        "8,9": 73.88227109938559,
        "8,10": 42.66875135519046,
        "8,11": 11.10433710944228,
        "8,12": 47.80880471092626,
        "8,13": 81.62122133777669,
        "8,14": 68.97453538527542,
        "8,15": 88.41901055635763,
        "8,16": 29.786580338078437,
        "8,17": 50.64060481514785,
        "8,18": 61.48729583971191,
        "8,19": 30.792961564595256,
        "8,20": 51.183298127020265,
        "8,21": 74.42868248809886,
        "8,22": 20.212662860922915,
        "8,23": 35.67390255374612,
        "8,24": 9.211768392713712,
        "8,25": 55.979337502694214,
        "8,26": 19.214665884495147,
        "8,27": 53.90003366979456,
        "8,28": 53.26006465086964,
        "8,29": 95.89982470053364,
        "8,30": 116.42904241083232,
        "8,31": 54.04847902496174,
        "8,32": 75.5932901300422,
        "8,33": 80.93714835268413,
        "8,34": 92.16689776252134,
        "8,35": 33.47990272821297,
        "8,36": 96.07989735940794,
        "8,37": 105.35945023778666,
        "8,38": 78.74066980208777,
        "8,39": 115.8118632435561,
        "8,40": 71.61528119922204,
        "9,0": 23.452980984693454,
        "9,1": 77.7610064868104,
        "9,2": 38.714061186633465,
        "9,3": 23.369764125221373,
        "9,4": 108.6677322291774,
        "9,5": 29.956589303401874,
        "9,6": 62.702854276744745,
        "9,7": 78.02912620813356,
        "9,8": 73.88227109938559,
        "9,9": 0.0,
        "9,10": 35.59564844204117,
        "9,11": 64.76296798009946,
        "9,12": 52.519664593442485,
        "9,13": 104.6269114406912,
        "9,14": 22.61470543667209,
        "9,15": 94.57036723003667,
        "9,16": 46.35020032870976,
        "9,17": 26.976820754035195,
        "9,18": 83.76988882489468,
        "9,19": 79.61617038732169,
        "9,20": 37.571852979344705,
        "9,21": 80.71619875972995,
        "9,22": 53.888102597274624,
        "9,23": 42.54310429283275,
        "9,24": 73.91684500578587,
        "9,25": 29.316176822912837,
        "9,26": 62.38111837021754,
        "9,27": 25.685228501256418,
        "9,28": 20.631687356030717,
        "9,29": 68.78602868549656,
        "9,30": 95.54758501466509,
        "9,31": 78.3288923991995,
        "9,32": 89.97499657964742,
        "9,33": 38.06291448634555,
        "9,34": 28.47140264360245,
        "9,35": 58.91861791134399,
        "9,36": 67.34396099572778,
        "9,37": 78.31591576918132,
        "9,38": 99.9488380585593,
        "9,39": 92.11920910647585,
        "9,40": 117.03241364572169,
        "10,0": 57.243646516596215,
        "10,1": 42.18364955207219,
        "10,2": 3.4128417114862644,
        "10,3": 20.144308562016302,
        "10,4": 75.32034507932755,
        "10,5": 42.264909328181105,
        "10,6": 31.825652159568058,
        "10,7": 74.9917451265415,
        "10,8": 42.66875135519046,
        "10,9": 35.59564844204117,
        "10,10": 0.0,
        "10,11": 32.05354062927259,
        "10,12": 22.13560629993654,
        "10,13": 75.81760131991443,
        "10,14": 26.30694391175617,
        "10,15": 71.4729807970117,
        "10,16": 25.032090271092734,
        "10,17": 8.826987639105315,
        "10,18": 53.341498211584096,
        "10,19": 44.04521394697169,
        "10,20": 12.154764243001901,
        "10,21": 56.07605344806774,
        "10,22": 23.07097087786287,
        "10,23": 26.67599637465487,
        "10,24": 40.313815521345184,
        "10,25": 13.599200902415406,
        "10,26": 38.53087157922943,
        "10,27": 11.47935111913357,
        "10,28": 17.60091946654747,
        "10,29": 61.58542615042442,
        "10,30": 86.50660058089247,
        "10,31": 46.6117370485811,
        "10,32": 63.02750230160483,
        "10,33": 39.740362245568306,
        "10,34": 49.56385646737859,
        "10,35": 23.672695861344746,
        "10,36": 61.105468091799516,
        "10,37": 71.89279051716653,
        "10,38": 71.40542247294137,
        "10,39": 84.5460116924806,
        "10,40": 83.07954991494611,
        "11,0": 87.76493304250383,
        "11,1": 22.191391769878106,
        "11,2": 30.421026254640417,
        "11,3": 52.15836572972686,
        "11,4": 64.59041102649995,
        "11,5": 74.00733026231929,
        "11,6": 5.325299855703474,
        "11,7": 99.4268590740422,
        "11,8": 11.10433710944228,
        "11,9": 64.76296798009946,
        "11,10": 32.05354062927259,
        "11,11": 0.0,
        "11,12": 37.065195751465836,
        "11,13": 75.32177668806094,
        "11,14": 58.28810965504615,
        "11,15": 80.01166646454458,
        "11,16": 24.149980722892966,
        "11,17": 40.335471510289516,
        "11,18": 53.99049008062266,
        "11,19": 26.41880498951345,
        "11,20": 40.11477083262988,
        "11,21": 65.4798117883776,
        "11,22": 11.190151186949514,
        "11,23": 30.36279147277467,
        "11,24": 9.436043913984316,
        "11,25": 45.15013152697469,
        "11,26": 20.320602226868438,
        "11,27": 43.44250172228664,
        "11,28": 44.196931147743335,
        "11,29": 85.13142021999546,
        "11,30": 106.26948633932697,
        "11,31": 46.30886738453792,
        "11,32": 67.71447714268072,
        "11,33": 69.86838657930123,
        "11,34": 81.61588830533135,
        "11,35": 23.24740235732981,
        "11,36": 85.25325415216095,
        "11,37": 94.7173734032668,
        "11,38": 72.0257374473053,
        "11,39": 105.47390526935368,
        "11,40": 69.54108949271162,
        "12,0": 70.39662945324177,
        "12,1": 33.86342202799512,
        "12,2": 19.111329475708175,
        "12,3": 30.24747534901312,
        "12,4": 56.216647587814634,
        "12,5": 46.04683296495876,
        "12,6": 39.93691345901861,
        "12,7": 62.419410975813754,
        "12,8": 47.80880471092626,
        "12,9": 52.519664593442485,
        "12,10": 22.13560629993654,
        "12,11": 37.065195751465836,
        "12,12": 0.0,
        "12,13": 53.93491508710058,
        "12,14": 34.40208380474176,
        "12,15": 49.742517458635,
        "12,16": 43.161578826092,
        "12,17": 27.478900473314596,
        "12,18": 31.828222770336208,
        "12,19": 33.42414710472807,
        "12,20": 14.948093337916424,
        "12,21": 34.26448682169208,
        "12,22": 34.19783602991041,
        "12,23": 46.65412247229183,
        "12,24": 41.366648687626224,
        "12,25": 23.26796925400746,
        "12,26": 52.176789570721176,
        "12,27": 27.31921815416386,
        "12,28": 38.629820771275355,
        "12,29": 48.09383903285402,
        "12,30": 69.7993667895111,
        "12,31": 25.850961189521254,
        "12,32": 40.891931621192114,
        "12,33": 37.950702477549314,
        "12,34": 56.04809123752852,
        "12,35": 14.92262331097745,
        "12,36": 48.27972962112509,
        "12,37": 57.658835122504335,
        "12,38": 49.44657418014278,
        "12,39": 68.70166962623655,
        "12,40": 64.78787672494387,
        "13,0": 118.48380518199843,
        "13,1": 55.35212469036962,
        "13,2": 72.58299504714854,
        "13,3": 81.28482933841438,
        "13,4": 24.26148849152803,
        "13,5": 88.4100209825416,
        "13,6": 80.3869184621455,
        "13,7": 70.09802925586092,
        "13,8": 81.62122133777669,
        "13,9": 104.6269114406912,
        "13,10": 75.81760131991443,
        "13,11": 75.32177668806094,
        "13,12": 53.93491508710058,
        "13,13": 0.0,
        "13,14": 83.38052681235968,
        "13,15": 21.490496886962077,
        "13,16": 92.48712340500852,
        "13,17": 81.31112695852686,
        "13,18": 22.74742370200495,
        "13,19": 50.99625254399661,
        "13,20": 68.10347490842442,
        "13,21": 26.03164793651113,
        "13,22": 79.62930075992219,
        "13,23": 97.37718207810428,
        "13,24": 72.41729176236245,
        "13,25": 75.73087849266481,
        "13,26": 95.42591639347067,
        "13,27": 80.73290161227443,
        "13,28": 92.55403698596447,
        "13,29": 60.5787585800943,
        "13,30": 60.60590586001333,
        "13,31": 30.244072898113103,
        "13,32": 15.470666172190745,
        "13,33": 76.8492903603516,
        "13,34": 99.08678199885341,
        "13,35": 56.717496864169625,
        "13,36": 62.389807172198346,
        "13,37": 62.68438912826014,
        "13,38": 4.707891122798984,
        "13,39": 63.2682653765933,
        "13,40": 31.677911196860222,
        "14,0": 36.15637939036099,
        "14,1": 65.16733776817907,
        "14,2": 27.949358742981282,
        "14,3": 6.180150166774964,
        "14,4": 89.95976297398819,
        "14,5": 16.205955239495363,
        "14,6": 58.100591012985674,
        "14,7": 58.16158844634925,
        "14,8": 68.97453538527542,
        "14,9": 22.61470543667209,
        "14,10": 26.30694391175617,
        "14,11": 58.28810965504615,
        "14,12": 34.40208380474176,
        "14,13": 83.38052681235968,
        "14,14": 0.0,
        "14,15": 72.1665804980831,
        "14,16": 47.86572178573697,
        "14,17": 19.026780262696185,
        "14,18": 63.64161935458633,
        "14,19": 65.9356426217298,
        "14,20": 20.79148238731235,
        "14,21": 58.714933447327226,
        "14,22": 49.2471229530732,
        "14,23": 46.84187631339893,
        "14,24": 66.21082553427301,
        "14,25": 13.397966851493482,
        "14,26": 63.22687814729103,
        "14,27": 15.430487383887954,
        "14,28": 24.004679218854882,
        "14,29": 47.406537365540046,
        "14,30": 74.22848749126403,
        "14,31": 59.1389826666611,
        "14,32": 68.3628465674239,
        "14,33": 17.877465475111396,
        "14,34": 23.471148422479008,
        "14,35": 44.918632987242226,
        "14,36": 46.173135202804744,
        "14,37": 57.3797943409696,
        "14,38": 78.6744656065199,
        "14,39": 71.12455327251536,
        "14,40": 98.81810478827859,
        "15,0": 105.01328038018103,
        "15,1": 63.82670714316017,
        "15,2": 68.69182084482263,
        "15,3": 71.54060058517695,
        "15,4": 44.18277851288312,
        "15,5": 73.76621856839967,
        "15,6": 84.47289524021822,
        "15,7": 48.94940399472138,
        "15,8": 88.41901055635763,
        "15,9": 94.57036723003667,
        "15,10": 71.4729807970117,
        "15,11": 80.01166646454458,
        "15,12": 49.742517458635,
        "15,13": 21.490496886962077,
        "15,14": 72.1665804980831,
        "15,15": 0.0,
        "15,16": 92.38084605076939,
        "15,17": 74.88109421376767,
        "15,18": 27.754198603206227,
        "15,19": 60.02083203471031,
        "15,20": 61.313816540173576,
        "15,21": 15.484123963505205,
        "15,22": 81.41381969617034,
        "15,23": 96.28026065311977,
        "15,24": 79.60507386710503,
        "15,25": 67.57724898670119,
        "15,26": 98.80773967373351,
        "15,27": 73.3805887725595,
        "15,28": 86.2704799674938,
        "15,29": 40.68597703885188,
        "15,30": 39.40583572898055,
        "15,31": 34.566523432249475,
        "15,32": 13.700325088724401,
        "15,33": 61.96803838676222,
        "15,34": 84.05678159573749,
        "15,35": 57.96328921732544,
        "15,36": 42.625801213747934,
        "15,37": 41.55641426093369,
        "15,38": 18.845911665220093,
        "15,39": 41.857644577654085,
        "15,40": 52.54032618067619,
        "16,0": 69.77779828035403,
        "16,1": 44.87278631167503,
        "16,2": 26.225572296480035,
        "16,3": 41.990096367731645,
        "16,4": 85.87588426730281,
        "16,5": 63.95662533737655,
        "16,6": 19.850290120297377,
        "16,7": 100.0233164021534,
        "16,8": 29.786580338078437,
        "16,9": 46.35020032870976,
        "16,10": 25.032090271092734,
        "16,11": 24.149980722892966,
        "16,12": 43.161578826092,
        "16,13": 92.48712340500852,
        "16,14": 47.86572178573697,
        "16,15": 92.38084605076939,
        "16,16": 0.0,
        "16,17": 29.132758310844768,
        "16,18": 69.8727446689567,
        "16,19": 48.59122135693163,
        "16,20": 37.10697598939595,
        "16,21": 76.94983602335505,
        "16,22": 14.206925771808336,
        "16,23": 6.212817799318066,
        "16,24": 33.26035277440256,
        "16,25": 37.46981739058131,
        "16,26": 16.12678678957604,
        "16,27": 32.79291293787641,
        "16,28": 26.60200060001082,
        "16,29": 86.575818689182,
        "16,30": 111.13155095760376,
        "16,31": 62.25100507381277,
        "16,32": 81.98020818117995,
        "16,33": 63.70617921525601,
        "16,34": 69.00611897553992,
        "16,35": 35.776668852918775,
        "16,36": 86.12595991771194,
        "16,37": 96.85889297998301,
        "16,38": 88.55680404210258,
        "16,39": 109.34577176303497,
        "16,40": 91.86036510172275,
        "17,0": 48.41731756543375,
        "17,1": 50.93350573998373,
        "17,2": 11.763154798155135,
        "17,3": 12.959704440548995,
        "17,4": 82.65691274729181,
        "17,5": 35.2327307226836,
        "17,6": 39.56433242332949,
        "17,7": 72.52858579829748,
        "17,8": 50.64060481514785,
        "17,9": 26.976820754035195,
        "17,10": 8.826987639105315,
        "17,11": 40.335471510289516,
        "17,12": 27.478900473314596,
        "17,13": 81.31112695852686,
        "17,14": 19.026780262696185,
        "17,15": 74.88109421376767,
        "17,16": 29.132758310844768,
        "17,17": 0.0,
        "17,18": 59.30313846132923,
        "17,19": 52.6626562524589,
        "17,20": 13.585965808068925,
        "17,21": 59.805737409966675,
        "17,22": 30.591711335724394,
        "17,23": 28.923048473712623,
        "17,24": 48.875426577400276,
        "17,25": 9.102938411517519,
        "17,26": 44.23089263745535,
        "17,27": 3.664588977912563,
        "17,28": 11.418184266879955,
        "17,29": 59.89199359546368,
        "17,30": 85.83267300418422,
        "17,31": 53.07546140519817,
        "17,32": 67.71102600136655,
        "17,33": 34.673103504547264,
        "17,34": 41.620054079241754,
        "17,35": 31.95999340007359,
        "17,36": 59.13439139338538,
        "17,37": 70.24859677714753,
        "17,38": 76.76756412755367,
        "17,39": 83.44361638000122,
        "17,40": 90.71016358995303,
        "18,0": 99.59109211041357,
        "18,1": 36.2143695269617,
        "18,2": 50.053179885834155,
        "18,3": 60.71604444363979,
        "18,4": 27.720157796348687,
        "18,5": 71.25695345393684,
        "18,6": 58.8342794844976,
        "18,7": 65.53448609398491,
        "18,8": 61.48729583971191,
        "18,9": 83.76988882489468,
        "18,10": 53.341498211584096,
        "18,11": 53.99049008062266,
        "18,12": 31.828222770336208,
        "18,13": 22.74742370200495,
        "18,14": 63.64161935458633,
        "18,15": 27.754198603206227,
        "18,16": 69.8727446689567,
        "18,17": 59.30313846132923,
        "18,18": 0.0,
        "18,19": 32.30600765874126,
        "18,20": 46.49233259363862,
        "18,21": 17.429866233225024,
        "18,22": 57.30975651563059,
        "18,23": 74.67239152749234,
        "18,24": 52.46697017447602,
        "18,25": 54.50337547047566,
        "18,26": 73.69822547487296,
        "18,27": 59.057754018134425,
        "18,28": 70.37315506780799,
        "18,29": 52.866938086972965,
        "18,30": 62.94386988450505,
        "18,31": 7.7515471253451445,
        "18,32": 14.274364143668043,
        "18,33": 60.437347527317975,
        "18,34": 81.97294812151543,
        "18,35": 34.10434858119788,
        "18,36": 54.21061376657142,
        "18,37": 58.56104867616632,
        "18,38": 18.68467154552373,
        "18,39": 64.0588287887706,
        "18,40": 37.144311387383446,
        "19,0": 100.51017639000172,
        "19,1": 4.442740883399024,
        "19,2": 40.90562262765929,
        "19,3": 60.6894512051926,
        "19,4": 38.17502781473674,
        "19,5": 79.12449322790602,
        "19,6": 31.744102599870423,
        "19,7": 90.70954243019308,
        "19,8": 30.792961564595256,
        "19,9": 79.61617038732169,
        "19,10": 44.04521394697169,
        "19,11": 26.41880498951345,
        "19,12": 33.42414710472807,
        "19,13": 50.99625254399661,
        "19,14": 65.9356426217298,
        "19,15": 60.02083203471031,
        "19,16": 48.59122135693163,
        "19,17": 52.6626562524589,
        "19,18": 32.30600765874126,
        "19,19": 0.0,
        "19,20": 45.14419924150459,
        "19,21": 47.69395438864083,
        "19,22": 34.386791332890894,
        "19,23": 54.56474680525839,
        "19,24": 21.5937156565819,
        "19,25": 53.007321175616234,
        "19,26": 46.5905513085807,
        "19,27": 54.4384475919889,
        "19,28": 60.852950232969576,
        "19,29": 76.6003465269471,
        "19,30": 92.59762117705733,
        "19,31": 25.716310739955393,
        "19,32": 46.567780312453024,
        "19,33": 71.37245013877053,
        "19,34": 88.73085824616169,
        "19,35": 21.112892936971672,
        "19,36": 77.33989527009963,
        "19,37": 84.64958651694933,
        "19,38": 48.36590070813471,
        "19,39": 92.88473875167715,
        "19,40": 43.37040035013164,
        "20,0": 56.06127989553719,
        "20,1": 44.44713291214941,
        "20,2": 11.1583645827977,
        "20,3": 15.785176264000969,
        "20,4": 71.1304042655539,
        "20,5": 34.852513737655045,
        "20,6": 41.136763130978785,
        "20,7": 62.99367873453588,
        "20,8": 51.183298127020265,
        "20,9": 37.571852979344705,
        "20,10": 12.154764243001901,
        "20,11": 40.11477083262988,
        "20,12": 14.948093337916424,
        "20,13": 68.10347490842442,
        "20,14": 20.79148238731235,
        "20,15": 61.313816540173576,
        "20,16": 37.10697598939595,
        "20,17": 13.585965808068925,
        "20,18": 46.49233259363862,
        "20,19": 45.14419924150459,
        "20,20": 0.0,
        "20,21": 46.2200239248146,
        "20,22": 33.11249082065123,
        "20,23": 38.7949654334853,
        "20,24": 47.02503235360456,
        "20,25": 8.39674383230872,
        "20,26": 49.857434335491114,
        "20,27": 12.630195718361804,
        "20,28": 25.001577954238297,
        "20,29": 49.46914022406552,
        "20,30": 74.3818755150707,
        "20,31": 40.77952332048442,
        "20,32": 54.24048620325369,
        "20,33": 29.75460032047185,
        "20,34": 43.82668828381511,
        "20,35": 24.155871601790516,
        "20,36": 49.03203441834613,
        "20,37": 59.76050725867346,
        "20,38": 63.51139368343524,
        "20,39": 72.39293259304185,
        "20,40": 79.61198075241869,
        "21,0": 93.01309944100021,
        "21,1": 51.07328593297338,
        "21,2": 53.25089891436471,
        "21,3": 57.424997807850495,
        "21,4": 42.03988309656778,
        "21,5": 62.53227637944978,
        "21,6": 69.73400860597992,
        "21,7": 48.654032295292915,
        "21,8": 74.42868248809886,
        "21,9": 80.71619875972995,
        "21,10": 56.07605344806774,
        "21,11": 65.4798117883776,
        "21,12": 34.26448682169208,
        "21,13": 26.03164793651113,
        "21,14": 58.714933447327226,
        "21,15": 15.484123963505205,
        "21,16": 76.94983602335505,
        "21,17": 59.805737409966675,
        "21,18": 17.429866233225024,
        "21,19": 47.69395438864083,
        "21,20": 46.2200239248146,
        "21,21": 0.0,
        "21,22": 66.23715441300804,
        "21,23": 80.80158786415464,
        "21,24": 65.89193168294683,
        "21,25": 52.87922094237722,
        "21,26": 83.80810791508009,
        "21,27": 58.505626278188274,
        "21,28": 71.22128834820477,
        "21,29": 36.82359257855169,
        "21,30": 45.6423963890751,
        "21,31": 22.103198519310055,
        "21,32": 10.612215763419737,
        "21,33": 50.895255048906336,
        "21,34": 73.1649422615665,
        "21,35": 42.9372454058994,
        "21,36": 38.391498454867694,
        "21,37": 41.51071954682214,
        "21,38": 21.49334381801238,
        "21,39": 46.640929706442286,
        "21,40": 51.38382003419453,
        "22,0": 77.06341237105293,
        "22,1": 30.679556549597372,
        "22,2": 22.30157693769598,
        "22,3": 43.06699130843681,
        "22,4": 71.84188446832317,
        "22,5": 65.30794171192049,
        "22,6": 9.014043595398029,
        "22,7": 95.0656550414481,
        "22,8": 20.212662860922915,
        "22,9": 53.888102597274624,
        "22,10": 23.07097087786287,
        "22,11": 11.190151186949514,
        "22,12": 34.19783602991041,
        "22,13": 79.62930075992219,
        "22,14": 49.2471229530732,
        "22,15": 81.41381969617034,
        "22,16": 14.206925771808336,
        "22,17": 30.591711335724394,
        "22,18": 57.30975651563059,
        "22,19": 34.386791332890894,
        "22,20": 33.11249082065123,
        "22,21": 66.23715441300804,
        "22,22": 0.0,
        "22,23": 20.251017833778654,
        "22,24": 20.62086787160005,
        "22,25": 36.64348866445153,
        "22,26": 17.980282077382988,
        "22,27": 33.96295538986915,
        "22,28": 33.26395416682081,
        "22,29": 81.02626051150146,
        "22,30": 103.91791931015308,
        "22,31": 49.578911395762695,
        "22,32": 70.14136193038416,
        "22,33": 62.4554229501092,
        "22,34": 72.20609653806832,
        "22,35": 23.537299301935697,
        "22,36": 80.89371142706744,
        "22,37": 91.01264453334366,
        "22,38": 75.90292006997848,
        "22,39": 102.6464061446362,
        "22,40": 77.68378093286553,
        "23,0": 65.78360367745034,
        "23,1": 50.9244477365231,
        "23,2": 28.543819136408754,
        "23,3": 41.28751636727838,
        "23,4": 91.5778689324368,
        "23,5": 62.618425715126165,
        "23,6": 26.015482760690794,
