{
    "num_robots": 7,
    "num_tasks": 30,
    "num_nodes": 31,
    "robot_capacity": [
        54,
        50,
        61,
        49,
        51,
        63,
        49
    ],
    "robot_speed": [
        1.16,
        0.94,
        0.83,
        0.92,
        0.99,
        1.04,
        0.89
    ],
    "task_demand": {
        "0": 0,
        "1": 14,
        "2": 15,
        "3": 14,
        "4": 14,
        "5": 6,
        "6": 7,
        "7": 9,
        "8": 11,
        "9": 5,
        "10": 11,
        "11": 13,
        "12": 6,
        "13": 13,
        "14": 8,
        "15": 6,
        "16": 12,
        "17": 7,
        "18": 12,
        "19": 9,
        "20": 8,
        "21": 6,
        "22": 5,
        "23": 13,
        "24": 6,
        "25": 12,
        "26": 5,
        "27": 10,
        "28": 13,
        "29": 14,
        "30": 7
    },
    "task_service_time": {
        "0": 0,
        "1": 61,
        "2": 22,
        "3": 89,
        "4": 10,
        "5": 18,
        "6": 47,
        "7": 52,
        "8": 85,
        "9": 37,
        "10": 30,
        "11": 54,
        "12": 41,
        "13": 86,
        "14": 99,
        "15": 66,
        "16": 12,
        "17": 96,
        "18": 95,
        "19": 42,
        "20": 95,
        "21": 28,
        "22": 39,
        "23": 41,
        "24": 61,
        "25": 23,
        "26": 29,
        "27": 88,
        "28": 11,
        "29": 86,
        "30": 69
    },
    "task_precedence": [],
    "coordinates": {
        "0": [
            100,
            0
        ],
        "1": [
            88.77805734548349,
            99.11261107442253
        ],
        "2": [
            69.02619182656909,
            94.98303456897914
        ],
        "3": [
            8.347939213018908,
            7.1210340884472085
        ],
        "4": [
            46.7485940152196,
            6.2041713462079535
        ],
        "5": [
            16.94058086237874,
            19.910705857605503
        ],
        "6": [
            75.89215514038192,
            98.39614873785871
        ],
        "7": [
            37.79621707153932,
            41.641670939366314
        ],
        "8": [
            1.4414898306838397,
            65.91738606800237
        ],
        "9": [
            73.97932130420327,
            6.146854437523119
        ],
        "10": [
            59.48275767510128,
            72.30218965604973
        ],
        "11": [
            26.775058843998465,
            9.580016025788785
        ],
        "12": [
            76.15818744512384,
            84.42731517141087
        ],
        "13": [
            29.805585970327066,
            84.40840220652682
        ],
        "14": [
            26.46938667577119,
            15.777406867820698
        ],
        "15": [
            25.5765884142772,
            39.502951703036125
        ],
        "16": [
            66.2092806209251,
            60.1379539540831
        ],
        "17": [
            31.201694928435487,
            41.19410336356576
        ],
        "18": [
            46.18916944475448,
            14.936461850141146
        ],
        "19": [
            67.9500379283531,
            57.44627942579695
        ],
        "20": [
            44.28065598980805,
            92.70456240311343
        ],
        "21": [
            2.4610426989167267,
            94.98571591428431
        ],
        "22": [
            54.55809916692045,
            93.76178378118988
        ],
        "23": [
            52.98807560474763,
            80.35182479028401
        ],
        "24": [
            25.77054162314908,
            82.83720156861443
        ],
        "25": [
            61.848124486782616,
            18.79493779570526
        ],
        "26": [
            27.34906271408546,
            70.14149209639207
        ],
        "27": [
            79.95167886511139,
            91.29929152242987
        ],
        "28": [
            81.51112773446219,
            0.10603021357769027
        ],
        "29": [
            78.12716889202179,
            83.26317069892968
        ],
        "30": [
            14.786920884404653,
            60.76872287087788
        ]
    },
    "distance_matrix_str_keys": {
        "0,0": 0.0,
        "0,1": 99.74588548371808,
        "0,2": 99.90572380347574,
        "0,3": 91.9282838575229,
        "0,4": 53.611603048677935,
        "0,5": 85.41254776218264,
        "0,6": 101.3064177148626,
        "0,7": 74.85545650941901,
        "0,8": 118.57015523660779,
        "0,9": 26.7368573184282,
        "0,10": 82.88096014570505,
        "0,11": 73.84895878991291,
        "0,12": 87.72914893554248,
        "0,13": 109.7817567905886,
        "0,14": 75.20423966313342,
        "0,15": 84.25750640334844,
        "0,16": 68.98105697899103,
        "0,17": 80.18828426053396,
        "0,18": 55.84535233702145,
        "0,19": 65.78202709449404,
        "0,20": 108.16090415339022,
        "0,21": 136.14747305452153,
        "0,22": 104.1932744909864,
        "0,23": 93.0942360324925,
        "0,24": 111.22955746850698,
        "0,25": 42.530169196941436,
        "0,26": 100.9850860376428,
        "0,27": 93.4745730818026,
        "0,28": 18.489176294728885,
        "0,29": 86.08818929166324,
        "0,30": 104.6618676105021,
        "1,0": 99.74588548371808,
        "1,1": 0.0,
        "1,2": 20.178939357448638,
        "1,3": 122.19432940676434,
        "1,4": 101.97280990813815,
        "1,5": 106.92784865241747,
        "1,6": 12.90580465988681,
        "1,7": 76.8248462264987,
        "1,8": 93.43232303916038,
        "1,9": 94.13625494723429,
        "1,10": 39.711626501671255,
        "1,11": 108.90572711899861,
        "1,12": 19.362826034982977,
        "1,13": 60.77800702988168,
        "1,14": 104.05348000323052,
        "1,15": 86.8777138593952,
        "1,16": 45.03746862880943,
        "1,17": 81.66756421390217,
        "1,18": 94.33682987491869,
        "1,19": 46.582073653859794,
        "1,20": 44.95644353351289,
        "1,21": 86.41561364220237,
        "1,22": 34.63577472014459,
        "1,23": 40.409032344283204,
        "1,24": 65.07561749289796,
        "1,25": 84.71215924931269,
        "1,26": 67.91794399320054,
        "1,27": 11.787829295520297,
        "1,28": 99.27291332345669,
        "1,29": 19.09571116938007,
        "1,30": 83.33631883739478,
        "2,0": 99.90572380347574,
        "2,1": 20.178939357448638,
        "2,2": 0.0,
        "2,3": 106.77818816909567,
        "2,4": 91.53129475415366,
        "2,5": 91.37157877404505,
        "2,6": 7.667515931279838,
        "2,7": 61.81110253883503,
        "2,8": 73.5697211266629,
        "2,9": 88.97415575306522,
        "2,10": 24.606866142761,
        "2,11": 95.28291459962475,
        "2,12": 12.739253255324003,
        "2,13": 40.62116164429213,
        "2,14": 89.91447672192446,
        "2,15": 70.4691963307185,
        "2,16": 34.95875615348873,
        "2,17": 65.75668548381687,
        "2,18": 83.24051534739391,
        "2,19": 37.552178284246835,
        "2,20": 24.850210849388176,
        "2,21": 66.5651491816567,
        "2,22": 14.519544025032424,
        "2,23": 21.709294588558986,
        "2,24": 44.92852694884819,
        "2,25": 76.52549079011683,
        "2,26": 48.518917171305226,
        "2,27": 11.529797477074604,
        "2,28": 95.69492975115799,
        "2,29": 14.838564373900411,
        "2,30": 64.12891420656015,
        "3,0": 91.9282838575229,
        "3,1": 122.19432940676434,
        "3,2": 106.77818816909567,
        "3,3": 0.0,
        "3,4": 38.411598854068615,
        "3,5": 15.40808860557071,
        "3,6": 113.54896591121143,
        "3,7": 45.37483264350026,
        "3,8": 59.20059162858507,
        "3,9": 65.638611664106,
        "3,10": 82.84535412609523,
        "3,11": 18.59046341710191,
        "3,12": 102.83234345369105,
        "3,13": 80.21077156455338,
        "3,14": 20.08281971837544,
        "3,15": 36.67989833271136,
        "3,16": 78.47756763280536,
        "3,17": 41.02765165259844,
        "3,18": 38.63987081434763,
        "3,19": 78.00666951957943,
        "3,20": 92.82079752807675,
        "3,21": 88.06167079338967,
        "3,22": 98.19367795477291,
        "3,23": 85.76415617196015,
        "3,24": 77.69482024321961,
        "3,25": 54.759016171707984,
        "3,26": 65.82264672461847,
        "3,27": 110.51278006088934,
        "3,28": 73.49872402966385,
        "3,29": 103.2800361260801,
        "3,30": 54.03272153668534,
        "4,0": 53.611603048677935,
        "4,1": 101.97280990813815,
        "4,2": 91.53129475415366,
        "4,3": 38.411598854068615,
        "4,4": 0.0,
        "4,5": 32.80833333822469,
        "4,6": 96.68871625189112,
        "4,7": 36.55080615194195,
        "4,8": 74.95599843908093,
        "4,9": 27.230787610993204,
        "4,10": 67.31349752170682,
        "4,11": 20.256812052656805,
        "4,12": 83.5690398150574,
        "4,13": 80.01854313884589,
        "4,14": 22.425277895014062,
        "4,15": 39.4596324668467,
        "4,16": 57.33734585380649,
        "4,17": 38.288397900590844,
        "4,18": 8.75019161476604,
        "4,19": 55.454980519715505,
        "4,20": 86.53559019903224,
        "4,21": 99.21466553633837,
        "4,22": 87.90519817410653,
        "4,23": 74.40971470022488,
        "4,24": 79.45250155427908,
        "4,25": 19.66019379984457,
        "4,26": 66.81558799723017,
        "4,27": 91.34344158917357,
        "4,28": 35.29335738995307,
        "4,29": 83.2027904732879,
        "4,30": 63.23637270123436,
        "5,0": 85.41254776218264,
        "5,1": 106.92784865241747,
        "5,2": 91.37157877404505,
        "5,3": 15.40808860557071,
        "5,4": 32.80833333822469,
        "5,5": 0.0,
        "5,6": 98.15932382593319,
        "5,7": 30.119634876166035,
        "5,8": 48.54725993081883,
        "5,9": 58.67590235440724,
        "5,10": 67.48855001085437,
        "5,11": 14.2632433048085,
        "5,12": 87.57349945468077,
        "5,13": 65.76823846466615,
        "5,14": 10.386640494803785,
        "5,15": 21.41113550711967,
        "5,16": 63.605316329009376,
        "5,17": 25.619570328204116,
        "5,18": 29.668553006624293,
        "5,19": 63.33154027227345,
        "5,20": 77.75876322795692,
        "5,21": 76.45857806968147,
        "5,22": 82.87978881408822,
        "5,23": 70.3743613472641,
        "5,24": 63.542993866392294,
        "5,25": 44.921402613294404,
        "5,26": 51.29783992161831,
        "5,27": 95.21937111078788,
        "5,28": 67.53947512917964,
        "5,29": 88.07572512435236,
        "5,30": 40.9147382437867,
        "6,0": 101.3064177148626,
        "6,1": 12.90580465988681,
        "6,2": 7.667515931279838,
        "6,3": 113.54896591121143,
        "6,4": 96.68871625189112,
        "6,5": 98.15932382593319,
        "6,6": 0.0,
        "6,7": 68.35474561085468,
        "6,8": 81.22666797069503,
        "6,9": 92.26912393750555,
        "6,10": 30.824714528064646,
        "6,11": 101.49283018280761,
        "6,12": 13.971366590075798,
        "6,13": 48.16252600197625,
        "6,14": 96.27287546809066,
        "6,15": 77.4600859278605,
        "6,16": 39.46450971534882,
        "6,17": 72.59002155226459,
        "6,18": 88.58773444800643,
        "6,19": 41.71293591302992,
        "6,20": 32.1197919288496,
        "6,21": 73.51026680971317,
        "6,22": 21.831612007142006,
        "6,23": 29.15809469254943,
        "6,24": 52.48101541115789,
        "6,25": 80.83061041744301,
        "6,26": 56.16722749286397,
        "6,27": 8.175886203209158,
        "6,28": 98.45059803033314,
        "6,29": 15.297134071345765,
        "6,30": 71.76122094037277,
        "7,0": 74.85545650941901,
        "7,1": 76.8248462264987,
        "7,2": 61.81110253883503,
        "7,3": 45.37483264350026,
        "7,4": 36.55080615194195,
        "7,5": 30.119634876166035,
        "7,6": 68.35474561085468,
        "7,7": 0.0,
        "7,8": 43.71471763335191,
        "7,9": 50.68628049493614,
        "7,10": 37.554939106940864,
        "7,11": 33.903032968656674,
        "7,12": 57.46522533928553,
        "7,13": 43.5068211740778,
        "7,14": 28.23574406275036,
        "7,15": 12.405379659374812,
        "7,16": 33.90301853260172,
        "7,17": 6.609692809109568,
        "7,18": 27.993032026529253,
        "7,19": 34.04465540542558,
        "7,20": 51.47297186605001,
        "7,21": 63.98563653062864,
        "7,22": 54.74912651379819,
        "7,23": 41.584475190324724,
        "7,24": 42.91489967150495,
        "7,25": 33.17329446481154,
        "7,26": 30.354288661586523,
        "7,27": 65.13802454020856,
        "7,28": 60.30093585317825,
        "7,29": 57.95631904271882,
        "7,30": 29.921093339282077,
        "8,0": 118.57015523660779,
        "8,1": 93.43232303916038,
        "8,2": 73.5697211266629,
        "8,3": 59.20059162858507,
        "8,4": 74.95599843908093,
        "8,5": 48.54725993081883,
        "8,6": 81.22666797069503,
        "8,7": 43.71471763335191,
        "8,8": 0.0,
        "8,9": 93.99070936146204,
        "8,10": 58.39139054557057,
        "8,11": 61.771263401566266,
        "8,12": 76.9753361656893,
        "8,13": 33.85911439559657,
        "8,14": 56.03938913552666,
        "8,15": 35.78023653444566,
        "8,16": 65.02513790379736,
        "8,17": 38.6899278255173,
        "8,18": 67.83368974890591,
        "8,19": 67.04585459074708,
        "8,20": 50.524716458555076,
        "8,21": 29.086204429305784,
        "8,22": 59.97236589787449,
        "8,23": 53.52946409399424,
        "8,24": 29.63415120591795,
        "8,25": 76.61257495770985,
        "8,26": 26.249674368415413,
        "8,27": 82.51115625610299,
        "8,28": 103.64497804254626,
        "8,29": 78.62295859073888,
        "8,30": 14.304169417587307,
        "9,0": 26.7368573184282,
        "9,1": 94.13625494723429,
        "9,2": 88.97415575306522,
        "9,3": 65.638611664106,
        "9,4": 27.230787610993204,
        "9,5": 58.67590235440724,
        "9,6": 92.26912393750555,
        "9,7": 50.68628049493614,
        "9,8": 93.99070936146204,
        "9,9": 0.0,
        "9,10": 67.72502295996829,
        "9,11": 47.32894455724787,
        "9,12": 78.31077825159058,
        "9,13": 89.86761793075073,
        "9,14": 48.476194451613054,
        "9,15": 58.7831079137527,
        "9,16": 54.54734053303498,
        "9,17": 55.301310794851695,
        "9,18": 29.147036536141623,
        "9,19": 51.652524257327805,
        "9,20": 91.51091481191125,
        "9,21": 114.0491450347198,
        "9,22": 89.74162753817987,
        "9,23": 77.11685951248947,
        "9,24": 90.58419167505835,
        "9,25": 17.52540866452252,
        "9,26": 79.1814035318343,
        "9,27": 85.36162250293945,
        "9,28": 9.655033164494858,
        "9,29": 77.2277856301801,
        "9,30": 80.54370725642379,
        "10,0": 82.88096014570505,
        "10,1": 39.711626501671255,
        "10,2": 24.606866142761,
        "10,3": 82.84535412609523,
        "10,4": 67.31349752170682,
        "10,5": 67.48855001085437,
        "10,6": 30.824714528064646,
        "10,7": 37.554939106940864,
        "10,8": 58.39139054557057,
        "10,9": 67.72502295996829,
        "10,10": 0.0,
        "10,11": 70.73799988500329,
        "10,12": 20.61767753114342,
        "10,13": 32.05144150755127,
        "10,14": 65.45940523710769,
        "10,15": 47.174339679979205,
        "10,16": 13.900170544050672,
        "10,17": 42.042021155761255,
        "10,18": 58.885874492441815,
        "10,19": 17.099500099606345,
        "10,20": 25.44328417009335,
        "10,21": 61.367893416128005,
        "10,22": 22.017412233002023,
        "10,23": 10.342993811719706,
        "10,24": 35.319965842726745,
        "10,25": 53.55950860304957,
        "10,26": 32.20625662494672,
        "10,27": 27.92609199305317,
        "10,28": 75.48201458436965,
        "10,29": 21.62769463091258,
        "10,30": 46.15992507040337,
        "11,0": 73.84895878991291,
        "11,1": 108.90572711899861,
        "11,2": 95.28291459962475,
        "11,3": 18.59046341710191,
        "11,4": 20.256812052656805,
        "11,5": 14.2632433048085,
        "11,6": 101.49283018280761,
        "11,7": 33.903032968656674,
        "11,8": 61.771263401566266,
        "11,9": 47.32894455724787,
        "11,10": 70.73799988500329,
        "11,11": 0.0,
        "11,12": 89.67057254099322,
        "11,13": 74.8897287555315,
        "11,14": 6.204924554201267,
        "11,15": 29.94692656877493,
        "11,16": 64.11835099808086,
        "11,17": 31.92249403202435,
        "11,18": 20.139493595609817,
        "11,19": 63.13919602335781,
        "11,20": 84.94784365637172,
        "11,21": 88.79923960568053,
        "11,22": 88.64799688661553,
        "11,23": 75.47033300242951,
        "11,24": 73.26407228992234,
        "11,25": 36.263407407588254,
        "11,26": 60.56419622428031,
        "11,27": 97.49765589267135,
        "11,28": 55.54992029473641,
        "11,29": 89.81228473304921,
        "11,30": 52.573749725606646,
        "12,0": 87.72914893554248,
        "12,1": 19.362826034982977,
        "12,2": 12.739253255324003,
        "12,3": 102.83234345369105,
        "12,4": 83.5690398150574,
        "12,5": 87.57349945468077,
        "12,6": 13.971366590075798,
        "12,7": 57.46522533928553,
        "12,8": 76.9753361656893,
        "12,9": 78.31077825159058,
        "12,10": 20.61767753114342,
        "12,11": 89.67057254099322,
        "12,12": 0.0,
        "12,13": 46.352605333266574,
        "12,14": 84.74542366398175,
        "12,15": 67.65128671027617,
        "12,16": 26.2479297344079,
        "12,17": 62.371442364475215,
        "12,18": 75.67774266734365,
        "12,19": 28.20195043602055,
        "12,20": 32.9346296991385,
        "12,21": 74.44964049604614,
        "12,22": 23.530748348769727,
        "12,23": 23.525809328101754,
        "12,24": 50.41272966970316,
        "12,25": 67.1743020943182,
        "12,26": 50.856812699389664,
        "12,27": 7.849499100100818,
        "12,28": 84.49102358642203,
        "12,29": 2.287382847499912,
        "12,30": 65.77356116943714,
        "13,0": 109.7817567905886,
        "13,1": 60.77800702988168,
        "13,2": 40.62116164429213,
        "13,3": 80.21077156455338,
        "13,4": 80.01854313884589,
        "13,5": 65.76823846466615,
        "13,6": 48.16252600197625,
        "13,7": 43.5068211740778,
        "13,8": 33.85911439559657,
        "13,9": 89.86761793075073,
        "13,10": 32.05144150755127,
        "13,11": 74.8897287555315,
        "13,12": 46.352605333266574,
        "13,13": 0.0,
        "13,14": 68.71203494959595,
        "13,15": 45.104145100539576,
        "13,16": 43.752527270873486,
        "13,17": 43.23684475897444,
        "13,18": 71.37767371065507,
        "13,19": 46.711404175225866,
        "13,20": 16.683942162339964,
        "13,21": 29.318997458889125,
        "13,22": 26.46077580927619,
        "13,23": 23.534732757862113,
        "13,24": 4.3301563861215575,
        "13,25": 73.01952469421234,
        "13,26": 14.47685154303659,
        "13,27": 50.61733880970399,
        "13,28": 98.89566710812105,
        "13,29": 48.335152128282495,
        "13,30": 28.007048042509087,
        "14,0": 75.20423966313342,
        "14,1": 104.05348000323052,
        "14,2": 89.91447672192446,
        "14,3": 20.08281971837544,
        "14,4": 22.425277895014062,
        "14,5": 10.386640494803785,
        "14,6": 96.27287546809066,
        "14,7": 28.23574406275036,
        "14,8": 56.03938913552666,
        "14,9": 48.476194451613054,
        "14,10": 65.45940523710769,
        "14,11": 6.204924554201267,
        "14,12": 84.74542366398175,
        "14,13": 68.71203494959595,
        "14,14": 0.0,
        "14,15": 23.74233700509586,
        "14,16": 59.557680516996164,
        "14,17": 25.853494969830557,
        "14,18": 19.737705565203118,
        "14,19": 58.795742776081944,
        "14,20": 78.9621971156342,
        "14,21": 82.76688228096461,
        "14,22": 82.88871341730955,
        "14,23": 69.80756629862388,
        "14,24": 67.06343601188487,
        "14,25": 35.50719056756011,
        "14,26": 54.37120186892833,
        "14,27": 92.54139959828818,
        "14,28": 57.22923470579651,
        "14,29": 84.9873801418175,
        "14,30": 46.48331445425765,
        "15,0": 84.25750640334844,
        "15,1": 86.8777138593952,
        "15,2": 70.4691963307185,
        "15,3": 36.67989833271136,
        "15,4": 39.4596324668467,
        "15,5": 21.41113550711967,
        "15,6": 77.4600859278605,
        "15,7": 12.405379659374812,
        "15,8": 35.78023653444566,
        "15,9": 58.7831079137527,
        "15,10": 47.174339679979205,
        "15,11": 29.94692656877493,
        "15,12": 67.65128671027617,
        "15,13": 45.104145100539576,
        "15,14": 23.74233700509586,
        "15,15": 0.0,
        "15,16": 45.572129573467365,
        "15,17": 5.873824753475211,
        "15,18": 32.06853474093233,
        "15,19": 46.01599975539308,
        "15,20": 56.39373657555069,
        "15,21": 60.10545381444085,
        "15,22": 61.51381002661811,
        "15,23": 49.19369941863906,
        "15,24": 43.33468390630772,
        "15,25": 41.76656759951995,
        "15,26": 30.689767392060578,
        "15,27": 75.09667955524075,
        "15,28": 68.41630004471064,
        "15,29": 68.38508810491125,
        "15,30": 23.84638229938025,
        "16,0": 68.98105697899103,
        "16,1": 45.03746862880943,
        "16,2": 34.95875615348873,
        "16,3": 78.47756763280536,
        "16,4": 57.33734585380649,
        "16,5": 63.605316329009376,
        "16,6": 39.46450971534882,
        "16,7": 33.90301853260172,
        "16,8": 65.02513790379736,
        "16,9": 54.54734053303498,
        "16,10": 13.900170544050672,
        "16,11": 64.11835099808086,
        "16,12": 26.2479297344079,
        "16,13": 43.752527270873486,
        "16,14": 59.557680516996164,
        "16,15": 45.572129573467365,
        "16,16": 0.0,
        "16,17": 39.804529028903836,
        "16,18": 49.436623468122896,
        "16,19": 3.2055183308769957,
        "16,20": 39.26128581802801,
        "16,21": 72.65125155009949,
        "16,22": 35.585277314029426,
        "16,23": 24.15369197995226,
        "16,24": 46.37399544999393,
        "16,25": 41.57240271981234,
        "16,26": 40.12713933401795,
        "16,27": 34.05704726705288,
        "16,28": 61.95141962111862,
        "16,29": 26.015605131122296,
        "16,30": 51.42622823325189,
        "17,0": 80.18828426053396,
        "17,1": 81.66756421390217,
        "17,2": 65.75668548381687,
        "17,3": 41.02765165259844,
        "17,4": 38.288397900590844,
        "17,5": 25.619570328204116,
        "17,6": 72.59002155226459,
        "17,7": 6.609692809109568,
        "17,8": 38.6899278255173,
        "17,9": 55.301310794851695,
        "17,10": 42.042021155761255,
        "17,11": 31.92249403202435,
        "17,12": 62.371442364475215,
        "17,13": 43.23684475897444,
        "17,14": 25.853494969830557,
        "17,15": 5.873824753475211,
        "17,16": 39.804529028903836,
        "17,17": 0.0,
        "17,18": 30.23389042489952,
        "17,19": 40.181761285406026,
        "17,20": 53.1449584900564,
        "17,21": 60.98821747997529,
        "17,22": 57.52288799635307,
        "17,23": 44.81041765377396,
        "17,24": 41.995774243855195,
        "17,25": 37.95953454418481,
        "17,26": 29.202638398412006,
        "17,27": 69.90773071886495,
        "17,28": 64.9558987655693,
        "17,29": 63.02227013663186,
        "17,30": 25.54624308528815,
        "18,0": 55.84535233702145,
        "18,1": 94.33682987491869,
        "18,2": 83.24051534739391,
        "18,3": 38.63987081434763,
        "18,4": 8.75019161476604,
        "18,5": 29.668553006624293,
        "18,6": 88.58773444800643,
        "18,7": 27.993032026529253,
        "18,8": 67.83368974890591,
        "18,9": 29.147036536141623,
        "18,10": 58.885874492441815,
        "18,11": 20.139493595609817,
        "18,12": 75.67774266734365,
        "18,13": 71.37767371065507,
        "18,14": 19.737705565203118,
        "18,15": 32.06853474093233,
        "18,16": 49.436623468122896,
        "18,17": 30.23389042489952,
        "18,18": 0.0,
        "18,19": 47.75583720840847,
        "18,20": 77.79151552209868,
        "18,21": 91.21421021379176,
        "18,22": 79.2683440108851,
        "18,23": 65.76773398531388,
        "18,24": 70.90437797790129,
        "18,25": 16.12732803755028,
        "18,26": 58.33133794207433,
        "18,27": 83.49364525470587,
        "18,28": 38.30903861945159,
        "18,29": 75.42264216268723,
        "18,30": 55.55805400586792,
        "19,0": 65.78202709449404,
        "19,1": 46.582073653859794,
        "19,2": 37.552178284246835,
        "19,3": 78.00666951957943,
        "19,4": 55.454980519715505,
        "19,5": 63.33154027227345,
        "19,6": 41.71293591302992,
        "19,7": 34.04465540542558,
        "19,8": 67.04585459074708,
        "19,9": 51.652524257327805,
        "19,10": 17.099500099606345,
        "19,11": 63.13919602335781,
        "19,12": 28.20195043602055,
        "19,13": 46.711404175225866,
        "19,14": 58.795742776081944,
        "19,15": 46.01599975539308,
        "19,16": 3.2055183308769957,
        "19,17": 40.181761285406026,
        "19,18": 47.75583720840847,
        "19,19": 0.0,
        "19,20": 42.466294397571914,
        "19,21": 75.48521569177845,
        "19,22": 38.70607032981422,
        "19,23": 27.359172593804153,
        "19,24": 49.232193083625056,
        "19,25": 39.130033956725335,
        "19,26": 42.53948299052556,
        "19,27": 35.917486175812016,
        "19,28": 58.922044571185474,
        "19,29": 27.75042107176792,
        "19,30": 53.266834374442816,
        "20,0": 108.16090415339022,
        "20,1": 44.95644353351289,
        "20,2": 24.850210849388176,
        "20,3": 92.82079752807675,
        "20,4": 86.53559019903224,
        "20,5": 77.75876322795692,
        "20,6": 32.1197919288496,
        "20,7": 51.47297186605001,
        "20,8": 50.524716458555076,
        "20,9": 91.51091481191125,
        "20,10": 25.44328417009335,
        "20,11": 84.94784365637172,
        "20,12": 32.9346296991385,
        "20,13": 16.683942162339964,
        "20,14": 78.9621971156342,
        "20,15": 56.39373657555069,
        "20,16": 39.26128581802801,
        "20,17": 53.1449584900564,
        "20,18": 77.79151552209868,
        "20,19": 42.466294397571914,
        "20,20": 0.0,
        "20,21": 41.881782640441905,
        "20,22": 10.33167727433625,
        "20,23": 15.113215504387052,
        "20,24": 20.975918185028263,
        "20,25": 75.96873408844056,
        "20,26": 28.209413189936182,
        "20,27": 35.69869268220493,
        "20,28": 99.80278648407557,
        "20,29": 35.13867261225943,
        "20,30": 43.47157987808131,
        "21,0": 136.14747305452153,
        "21,1": 86.41561364220237,
        "21,2": 66.5651491816567,
        "21,3": 88.06167079338967,
        "21,4": 99.21466553633837,
        "21,5": 76.45857806968147,
        "21,6": 73.51026680971317,
        "21,7": 63.98563653062864,
        "21,8": 29.086204429305784,
        "21,9": 114.0491450347198,
        "21,10": 61.367893416128005,
        "21,11": 88.79923960568053,
        "21,12": 74.44964049604614,
        "21,13": 29.318997458889125,
        "21,14": 82.76688228096461,
        "21,15": 60.10545381444085,
        "21,16": 72.65125155009949,
        "21,17": 60.98821747997529,
        "21,18": 91.21421021379176,
        "21,19": 75.48521569177845,
        "21,20": 41.881782640441905,
        "21,21": 0.0,
        "21,22": 52.111431591319665,
        "21,23": 52.603534327039405,
        "21,24": 26.285340798736776,
        "21,25": 96.60155357753423,
        "21,26": 35.16602049406448,
        "21,27": 77.57827284902916,
        "21,28": 123.49522542508208,
        "21,29": 76.5687972962677,
        "21,30": 36.369353664534806,
        "22,0": 104.1932744909864,
        "22,1": 34.63577472014459,
        "22,2": 14.519544025032424,
        "22,3": 98.19367795477291,
        "22,4": 87.90519817410653,
        "22,5": 82.87978881408822,
        "22,6": 21.831612007142006,
        "22,7": 54.74912651379819,
        "22,8": 59.97236589787449,
        "22,9": 89.74162753817987,
        "22,10": 22.017412233002023,
        "22,11": 88.64799688661553,
        "22,12": 23.530748348769727,
        "22,13": 26.46077580927619,
        "22,14": 82.88871341730955,
        "22,15": 61.51381002661811,
        "22,16": 35.585277314029426,
        "22,17": 57.52288799635307,
        "22,18": 79.2683440108851,
        "22,19": 38.70607032981422,
        "22,20": 10.33167727433625,
        "22,21": 52.111431591319665,
        "22,22": 0.0,
        "22,23": 13.501554507668917,
        "22,24": 30.79074480838792,
        "22,25": 75.32046512187509,
        "22,26": 36.0312342831415,
        "22,27": 25.51269797596538,
        "22,28": 97.45699526088428,
        "22,29": 25.801587632502255,
        "22,30": 51.67483614111625,
        "23,0": 93.0942360324925,
        "23,1": 40.409032344283204,
        "23,2": 21.709294588558986,
        "23,3": 85.76415617196015,
        "23,4": 74.40971470022488,
        "23,5": 70.3743613472641,
        "23,6": 29.15809469254943,
        "23,7": 41.584475190324724,
        "23,8": 53.52946409399424,
        "23,9": 77.11685951248947,
        "23,10": 10.342993811719706,
        "23,11": 75.47033300242951,
        "23,12": 23.525809328101754,
        "23,13": 23.534732757862113,
        "23,14": 69.80756629862388,
        "23,15": 49.19369941863906,
        "23,16": 24.15369197995226,
        "23,17": 44.81041765377396,
        "23,18": 65.76773398531388,
        "23,19": 27.359172593804153,
        "23,20": 15.113215504387052,
        "23,21": 52.603534327039405,
        "23,22": 13.501554507668917,
        "23,23": 0.0,
        "23,24": 27.33077484759142,
        "23,25": 62.19124377800615,
        "23,26": 27.597280223375265,
        "23,27": 29.101253042330317,
        "23,28": 85.16426510010736,
        "23,29": 25.30711256358695,
        "23,30": 42.92815046974923,
        "24,0": 111.22955746850698,
        "24,1": 65.07561749289796,
        "24,2": 44.92852694884819,
        "24,3": 77.69482024321961,
        "24,4": 79.45250155427908,
        "24,5": 63.542993866392294,
        "24,6": 52.48101541115789,
        "24,7": 42.91489967150495,
        "24,8": 29.63415120591795,
        "24,9": 90.58419167505835,
        "24,10": 35.319965842726745,
        "24,11": 73.26407228992234,
        "24,12": 50.41272966970316,
        "24,13": 4.3301563861215575,
        "24,14": 67.06343601188487,
        "24,15": 43.33468390630772,
        "24,16": 46.37399544999393,
        "24,17": 41.995774243855195,
        "24,18": 70.90437797790129,
        "24,19": 49.232193083625056,
        "24,20": 20.975918185028263,
        "24,21": 26.285340798736776,
        "24,22": 30.79074480838792,
        "24,23": 27.33077484759142,
        "24,24": 0.0,
        "24,25": 73.50512590589324,
        "24,26": 12.79346582586625,
        "24,27": 54.83796676773146,
        "24,28": 99.75700303141211,
        "24,29": 52.35836006476565,
        "24,30": 24.650713510262307,
        "25,0": 42.530169196941436,
        "25,1": 84.71215924931269,
        "25,2": 76.52549079011683,
        "25,3": 54.759016171707984,
        "25,4": 19.66019379984457,
        "25,5": 44.921402613294404,
        "25,6": 80.83061041744301,
        "25,7": 33.17329446481154,
        "25,8": 76.61257495770985,
        "25,9": 17.52540866452252,
        "25,10": 53.55950860304957,
        "25,11": 36.263407407588254,
        "25,12": 67.1743020943182,
        "25,13": 73.01952469421234,
        "25,14": 35.50719056756011,
        "25,15": 41.76656759951995,
        "25,16": 41.57240271981234,
        "25,17": 37.95953454418481,
        "25,18": 16.12732803755028,
        "25,19": 39.130033956725335,
        "25,20": 75.96873408844056,
        "25,21": 96.60155357753423,
        "25,22": 75.32046512187509,
        "25,23": 62.19124377800615,
        "25,24": 73.50512590589324,
        "25,25": 0.0,
        "25,26": 61.85995394235073,
        "25,27": 74.73031506998424,
        "25,28": 27.12764205255523,
        "25,29": 66.49180656601335,
        "25,30": 63.05993591846773,
        "26,0": 100.9850860376428,
        "26,1": 67.91794399320054,
        "26,2": 48.518917171305226,
        "26,3": 65.82264672461847,
        "26,4": 66.81558799723017,
        "26,5": 51.29783992161831,
        "26,6": 56.16722749286397,
        "26,7": 30.354288661586523,
        "26,8": 26.249674368415413,
        "26,9": 79.1814035318343,
        "26,10": 32.20625662494672,
        "26,11": 60.56419622428031,
        "26,12": 50.856812699389664,
        "26,13": 14.47685154303659,
        "26,14": 54.37120186892833,
        "26,15": 30.689767392060578,
        "26,16": 40.12713933401795,
        "26,17": 29.202638398412006,
        "26,18": 58.33133794207433,
        "26,19": 42.53948299052556,
        "26,20": 28.209413189936182,
        "26,21": 35.16602049406448,
        "26,22": 36.0312342831415,
        "26,23": 27.597280223375265,
        "26,24": 12.79346582586625,
        "26,25": 61.85995394235073,
        "26,26": 0.0,
        "26,27": 56.69821604322855,
        "26,28": 88.53527663259806,
        "26,29": 52.44611059331348,
        "26,30": 15.67342369438669,
        "27,0": 93.4745730818026,
        "27,1": 11.787829295520297,
        "27,2": 11.529797477074604,
        "27,3": 110.51278006088934,
        "27,4": 91.34344158917357,
        "27,5": 95.21937111078788,
        "27,6": 8.175886203209158,
        "27,7": 65.13802454020856,
        "27,8": 82.51115625610299,
        "27,9": 85.36162250293945,
        "27,10": 27.92609199305317,
        "27,11": 97.49765589267135,
        "27,12": 7.849499100100818,
        "27,13": 50.61733880970399,
        "27,14": 92.54139959828818,
        "27,15": 75.09667955524075,
        "27,16": 34.05704726705288,
        "27,17": 69.90773071886495,
        "27,18": 83.49364525470587,
        "27,19": 35.917486175812016,
        "27,20": 35.69869268220493,
        "27,21": 77.57827284902916,
        "27,22": 25.51269797596538,
        "27,23": 29.101253042330317,
        "27,24": 54.83796676773146,
        "27,25": 74.73031506998424,
        "27,26": 56.69821604322855,
        "27,27": 0.0,
        "27,28": 91.2065939991222,
        "27,29": 8.24063556601047,
        "27,30": 71.96222137254527,
        "28,0": 18.489176294728885,
        "28,1": 99.27291332345669,
        "28,2": 95.69492975115799,
        "28,3": 73.49872402966385,
        "28,4": 35.29335738995307,
        "28,5": 67.53947512917964,
        "28,6": 98.45059803033314,
        "28,7": 60.30093585317825,
        "28,8": 103.64497804254626,
        "28,9": 9.655033164494858,
        "28,10": 75.48201458436965,
        "28,11": 55.54992029473641,
        "28,12": 84.49102358642203,
        "28,13": 98.89566710812105,
        "28,14": 57.22923470579651,
        "28,15": 68.41630004471064,
        "28,16": 61.95141962111862,
        "28,17": 64.9558987655693,
        "28,18": 38.30903861945159,
        "28,19": 58.922044571185474,
        "28,20": 99.80278648407557,
        "28,21": 123.49522542508208,
        "28,22": 97.45699526088428,
        "28,23": 85.16426510010736,
        "28,24": 99.75700303141211,
        "28,25": 27.12764205255523,
        "28,26": 88.53527663259806,
        "28,27": 91.2065939991222,
        "28,28": 0.0,
        "28,29": 83.22596464534308,
        "28,30": 90.1780575317706,
        "29,0": 86.08818929166324,
        "29,1": 19.09571116938007,
        "29,2": 14.838564373900411,
        "29,3": 103.2800361260801,
        "29,4": 83.2027904732879,
        "29,5": 88.07572512435236,
        "29,6": 15.297134071345765,
        "29,7": 57.95631904271882,
        "29,8": 78.62295859073888,
        "29,9": 77.2277856301801,
        "29,10": 21.62769463091258,
        "29,11": 89.81228473304921,
        "29,12": 2.287382847499912,
        "29,13": 48.335152128282495,
        "29,14": 84.9873801418175,
        "29,15": 68.38508810491125,
        "29,16": 26.015605131122296,
        "29,17": 63.02227013663186,
        "29,18": 75.42264216268723,
        "29,19": 27.75042107176792,
        "29,20": 35.13867261225943,
        "29,21": 76.5687972962677,
        "29,22": 25.801587632502255,
        "29,23": 25.30711256358695,
        "29,24": 52.35836006476565,
        "29,25": 66.49180656601335,
        "29,26": 52.44611059331348,
        "29,27": 8.24063556601047,
        "29,28": 83.22596464534308,
        "29,29": 0.0,
        "29,30": 67.21597429744949,
        "30,0": 104.6618676105021,
        "30,1": 83.33631883739478,
        "30,2": 64.12891420656015,
        "30,3": 54.03272153668534,
        "30,4": 63.23637270123436,
        "30,5": 40.9147382437867,
        "30,6": 71.76122094037277,
        "30,7": 29.921093339282077,
        "30,8": 14.304169417587307,
        "30,9": 80.54370725642379,
        "30,10": 46.15992507040337,
        "30,11": 52.573749725606646,
        "30,12": 65.77356116943714,
        "30,13": 28.007048042509087,
        "30,14": 46.48331445425765,
        "30,15": 23.84638229938025,
        "30,16": 51.42622823325189,
        "30,17": 25.54624308528815,
        "30,18": 55.55805400586792,
        "30,19": 53.266834374442816,
        "30,20": 43.47157987808131,
        "30,21": 36.369353664534806,
        "30,22": 51.67483614111625,
        "30,23": 42.92815046974923,
        "30,24": 24.650713510262307,
        "30,25": 63.05993591846773,
        "30,26": 15.67342369438669,
        "30,27": 71.96222137254527,
        "30,28": 90.1780575317706,
        "30,29": 67.21597429744949,
        "30,30": 0.0
    }
}