{
    "num_robots": 2,
    "num_tasks": 50,
    "num_nodes": 51,
    "robot_capacity": [
        337,
        407
    ],
    "robot_speed": [
        0.9,
        1.03
    ],
    "task_demand": {
        "0": 0,
        "1": 8,
        "2": 15,
        "3": 9,
        "4": 12,
        "5": 15,
        "6": 15,
        "7": 14,
        "8": 10,
        "9": 12,
        "10": 6,
        "11": 13,
        "12": 11,
        "13": 9,
        "14": 11,
        "15": 15,
        "16": 8,
        "17": 10,
        "18": 15,
        "19": 6,
        "20": 14,
        "21": 5,
        "22": 12,
        "23": 13,
        "24": 11,
        "25": 6,
        "26": 10,
        "27": 7,
        "28": 11,
        "29": 11,
        "30": 7,
        "31": 6,
        "32": 11,
        "33": 12,
        "34": 9,
        "35": 12,
        "36": 5,
        "37": 11,
        "38": 12,
        "39": 12,
        "40": 12,
        "41": 11,
        "42": 12,
        "43": 9,
        "44": 5,
        "45": 6,
        "46": 9,
        "47": 12,
        "48": 9,
        "49": 12,
        "50": 10
    },
    "task_service_time": {
        "0": 0,
        "1": 97,
        "2": 100,
        "3": 71,
        "4": 46,
        "5": 93,
        "6": 10,
        "7": 60,
        "8": 25,
        "9": 79,
        "10": 72,
        "11": 41,
        "12": 11,
        "13": 36,
        "14": 81,
        "15": 18,
        "16": 92,
        "17": 10,
        "18": 55,
        "19": 92,
        "20": 96,
        "21": 62,
        "22": 37,
        "23": 45,
        "24": 24,
        "25": 54,
        "26": 100,
        "27": 52,
        "28": 30,
        "29": 14,
        "30": 96,
        "31": 52,
        "32": 43,
        "33": 20,
        "34": 98,
        "35": 27,
        "36": 83,
        "37": 96,
        "38": 38,
        "39": 85,
        "40": 94,
        "41": 59,
        "42": 71,
        "43": 80,
        "44": 100,
        "45": 44,
        "46": 41,
        "47": 69,
        "48": 98,
        "49": 93,
        "50": 38
    },
    "task_precedence": [],
    "coordinates": {
        "0": [
            0,
            100
        ],
        "1": [
            43.19595502715741,
            52.95423769198501
        ],
        "2": [
            20.193904229014016,
            56.464450189967465
        ],
        "3": [
            38.23742999655432,
            82.70494917939763
        ],
        "4": [
            89.82593151445855,
            60.54330738852596
        ],
        "5": [
            5.740062758875542,
            83.20301419916545
        ],
        "6": [
            46.93992275871716,
            34.23664825415415
        ],
        "7": [
            73.00560369942319,
            70.22565661643115
        ],
        "8": [
            16.104196168687025,
            22.7919988267131
        ],
        "9": [
            87.28323360718805,
            37.946818403039714
        ],
        "10": [
            26.788784631040496,
            0.4683931559244514
        ],
        "11": [
            25.91434981955587,
            19.476605999990227
        ],
        "12": [
            86.43678577170378,
            49.60970218287826
        ],
        "13": [
            40.14537515539634,
            44.36153414404065
        ],
        "14": [
            95.3321896566418,
            22.82607475581515
        ],
        "15": [
            23.613892332906307,
            18.94408300066196
        ],
        "16": [
            60.57943770809773,
            32.42209804692371
        ],
        "17": [
            16.997288115257092,
            82.58842386297677
        ],
        "18": [
            39.438458218805536,
            32.70013630118772
        ],
        "19": [
            75.73437342637503,
            8.239888144245855
        ],
        "20": [
            91.11724682245841,
            83.50826768166513
        ],
        "21": [
            79.97734703363612,
            70.5555269540328
        ],
        "22": [
            19.08537015116305,
            16.491666152987573
        ],
        "23": [
            14.567443468626106,
            62.081623321343216
        ],
        "24": [
            93.73422303410534,
            55.89458547091961
        ],
        "25": [
            90.02378843928167,
            49.77229544927718
        ],
        "26": [
            96.98672089896588,
            80.09820110562563
        ],
        "27": [
            32.738241542366495,
            81.44401471768377
        ],
        "28": [
            5.970684815524296,
            12.470301029074582
        ],
        "29": [
            55.256457576113306,
            29.852859859879675
        ],
        "30": [
            34.612128529498335,
            45.39010733527831
        ],
        "31": [
            24.74784192080943,
            68.44919839830833
        ],
        "32": [
            39.414031473025425,
            94.5344382704974
        ],
        "33": [
            23.26108851938722,
            18.14458892871269
        ],
        "34": [
            19.756902210070905,
            10.978264179265429
        ],
        "35": [
            13.590273039157296,
            60.507727532961944
        ],
        "36": [
            28.404510603878773,
            86.70471934510222
        ],
        "37": [
            34.77076576873647,
            44.863431418719756
        ],
        "38": [
            2.7537936289733445,
            32.67151582572328
        ],
        "39": [
            10.600189338074916,
            53.03734787382379
        ],
        "40": [
            58.398456847409186,
            16.63532410645524
        ],
        "41": [
            7.8958798573260385,
            71.16961076225617
        ],
        "42": [
            38.989658902538594,
            40.64892811534332
        ],
        "43": [
            67.74921222977177,
            24.31007986198014
        ],
        "44": [
            84.95844517596967,
            45.345767129207005
        ],
        "45": [
            65.83762229598356,
            96.71222005071247
        ],
        "46": [
            39.61374942057729,
            73.45051658971276
        ],
        "47": [
            95.7356973471515,
            10.14759707304017
        ],
        "48": [
            81.9661845367733,
            53.879770184517724
        ],
        "49": [
            84.18214880072591,
            46.683150435297534
        ],
        "50": [
            68.12972281969482,
            98.85835452505948
        ]
    },
    "distance_matrix_str_keys": {
        "0,0": 0.0,
        "0,1": 63.868570375815125,
        "0,2": 47.991018589652946,
        "0,3": 41.966889754050285,
        "0,4": 98.1097781277511,
        "0,5": 17.750691605378854,
        "0,6": 80.79712112100393,
        "0,7": 78.84370422195994,
        "0,8": 78.86964295224003,
        "0,9": 107.09323141651993,
        "0,10": 103.07366173262643,
        "0,11": 84.59060531673198,
        "0,12": 100.05248646906101,
        "0,13": 68.60969340532188,
        "0,14": 122.6541524870844,
        "0,15": 84.42557427529687,
        "0,16": 90.75594253495959,
        "0,17": 24.33250473848545,
        "0,18": 78.00425399012019,
        "0,19": 118.97736526779426,
        "0,20": 92.59767763483282,
        "0,21": 85.225307459072,
        "0,22": 85.66150346398892,
        "0,23": 40.620360647785,
        "0,24": 103.59243292147077,
        "0,25": 103.08784986309128,
        "0,26": 99.00760389973098,
        "0,27": 37.63133068446913,
        "0,28": 87.73310252753606,
        "0,29": 89.2966817619697,
        "0,30": 64.65477413304401,
        "0,31": 40.09873765402949,
        "0,32": 39.79118296778373,
        "0,33": 85.09633694088244,
        "0,34": 91.18774387753523,
        "0,35": 41.76523800829606,
        "0,36": 31.36209033751355,
        "0,37": 65.18471712803972,
        "0,38": 67.38477691998992,
        "0,39": 48.14410357174884,
        "0,40": 101.78432565476118,
        "0,41": 29.892076915482843,
        "0,42": 71.01227524304508,
        "0,43": 101.5820838940336,
        "0,44": 101.01991178680129,
        "0,45": 65.9196632772311,
        "0,46": 47.6877784396527,
        "0,47": 131.29652721338113,
        "0,48": 94.05068317534581,
        "0,49": 99.64597645772092,
        "0,50": 68.13928738898652,
        "1,0": 63.868570375815125,
        "1,1": 0.0,
        "1,2": 23.268346153118863,
        "1,3": 30.161097534512614,
        "1,4": 47.243504167929935,
        "1,5": 48.14490986381104,
        "1,6": 19.08835898494572,
        "1,7": 34.45166274111648,
        "1,8": 40.5428668375983,
        "1,9": 46.57156607102059,
        "1,10": 54.99053661377322,
        "1,11": 37.67500102529864,
        "1,12": 43.36998226020138,
        "1,13": 9.118146292797094,
        "1,14": 60.215389754190305,
        "1,15": 39.244716860862994,
        "1,16": 26.902680693991257,
        "1,17": 39.55445787743399,
        "1,18": 20.599694303884007,
        "1,19": 55.3002868654399,
        "1,20": 56.83307976821822,
        "1,21": 40.77592649616358,
        "1,22": 43.71314935232915,
        "1,23": 30.0483084795796,
        "1,24": 50.62373137376563,
        "1,25": 46.93581509369567,
        "1,26": 60.25148332511637,
        "1,27": 30.34849528895973,
        "1,28": 54.99699873680056,
        "1,29": 26.06011088762017,
        "1,30": 11.441072737954508,
        "1,31": 24.092046083201645,
        "1,32": 41.751838593271806,
        "1,33": 40.11372021771359,
        "1,34": 48.07672565080432,
        "1,35": 30.55407689249237,
        "1,36": 36.849448299049776,
        "1,37": 11.680965721708114,
        "1,38": 45.24331138257788,
        "1,39": 32.595871642892035,
        "1,40": 39.37231953578475,
        "1,41": 39.72272804182645,
        "1,42": 13.004367376576722,
        "1,43": 37.727313938948306,
        "1,44": 42.44990468463151,
        "1,45": 49.268713366790266,
        "1,46": 20.806961471133985,
        "1,47": 67.77044344056542,
        "1,48": 38.78127520625159,
        "1,49": 41.46317179649301,
        "1,50": 52.23868986255999,
        "2,0": 47.991018589652946,
        "2,1": 23.268346153118863,
        "2,2": 0.0,
        "2,3": 31.84544880101671,
        "2,4": 69.75138923295452,
        "2,5": 30.395136757676756,
        "2,6": 34.776783722606815,
        "2,7": 54.57514455559932,
        "2,8": 33.91990113236527,
        "2,9": 69.59799424846496,
        "2,10": 56.38307237883397,
        "2,11": 37.42758495516886,
        "2,12": 66.596598451569,
        "2,13": 23.335418765066805,
        "2,14": 82.32437208295391,
        "2,15": 37.67591103943046,
        "2,16": 47.00027671152918,
        "2,17": 26.318821308083187,
        "2,18": 30.579330811357703,
        "2,19": 73.55509569815446,
        "2,20": 75.90447015262895,
        "2,21": 61.42164502798915,
        "2,22": 39.988152138712174,
        "2,23": 7.950452482471332,
        "2,24": 73.54252671585661,
        "2,25": 70.1498229783421,
        "2,26": 80.34731404625926,
        "2,27": 27.95244251627235,
        "2,28": 46.23618854182471,
        "2,29": 44.01771674126914,
        "2,30": 18.18038122928893,
        "2,31": 12.820785393964147,
        "2,32": 42.64665618460234,
        "2,33": 38.44241650251615,
        "2,34": 45.48828517942555,
        "2,35": 7.7431283447984365,
        "2,36": 31.335091121902998,
        "2,37": 18.629775330880438,
        "2,38": 29.50018954859244,
        "2,39": 10.187462672027022,
        "2,40": 55.19009988528775,
        "2,41": 19.16985004905948,
        "2,42": 24.564428188749776,
        "2,43": 57.4056691471869,
        "2,44": 65.71202992660886,
        "2,45": 60.85418619733976,
        "2,46": 25.80032633516172,
        "2,47": 88.61045869511399,
        "2,48": 61.82633084011178,
        "2,49": 64.73151680796552,
        "2,50": 63.99285763842394,
        "3,0": 41.966889754050285,
        "3,1": 30.161097534512614,
        "3,2": 31.84544880101671,
        "3,3": 0.0,
        "3,4": 56.14723373176738,
        "3,5": 32.5011837652796,
        "3,6": 49.24337087218395,
        "3,7": 36.93993293855544,
        "3,8": 63.87050696246501,
        "3,9": 66.39865301650636,
        "3,10": 83.02964908577624,
        "3,11": 64.41802299249525,
        "3,12": 58.46771135336202,
        "3,13": 38.39085478734211,
        "3,14": 82.73627489123687,
        "3,15": 65.41632754643729,
        "3,16": 55.022999069418226,
        "3,17": 21.240461513041648,
        "3,18": 50.019234098248965,
        "3,19": 83.37305368971472,
        "3,20": 52.885918240655094,
        "3,21": 43.472165056190384,
        "3,22": 68.92749992170708,
        "3,23": 31.394105046645283,
        "3,24": 61.633510687236104,
        "3,25": 61.370893772753995,
        "3,26": 58.80709410484667,
        "3,27": 5.641899447119763,
        "3,28": 77.29197012223975,
        "3,29": 55.52468500759004,
        "3,30": 37.49053523995992,
        "3,31": 19.626395919419515,
        "3,32": 11.88785948734601,
        "3,33": 66.27466272821715,
        "3,34": 74.06920580359409,
        "3,35": 33.169247728936476,
        "3,36": 10.615293927221956,
        "3,37": 37.99997667499456,
        "3,38": 61.33867379576516,
        "3,39": 40.546068100879936,
        "3,40": 69.07722027528372,
        "3,41": 32.46034037482176,
        "3,42": 42.06274784256467,
        "3,43": 65.42863328221915,
        "3,44": 59.8210810906527,
        "3,45": 30.95115914191032,
        "3,46": 9.356215993336424,
        "3,47": 92.57764359178022,
        "3,48": 52.374563651887236,
        "3,49": 58.38225047696303,
        "3,50": 33.97766434712124,
        "4,0": 98.1097781277511,
        "4,1": 47.243504167929935,
        "4,2": 69.75138923295452,
        "4,3": 56.14723373176738,
        "4,4": 0.0,
        "4,5": 87.08556503304823,
        "4,6": 50.31153010801356,
        "4,7": 19.408021907870168,
        "4,8": 82.82545237136458,
        "4,9": 22.739099083271505,
        "4,10": 87.07856916174065,
        "4,11": 75.9681791125691,
        "4,12": 11.446835006175256,
        "4,13": 52.2494733512396,
        "4,14": 38.1170370857755,
        "4,15": 78.19545768298353,
        "4,16": 40.572895075403714,
        "4,17": 76.09203939795641,
        "4,18": 57.56856469740177,
        "4,19": 54.1684379873812,
        "4,20": 23.00123684696398,
        "4,21": 14.044185875436648,
        "4,22": 83.33531134842397,
        "4,23": 75.27420832432489,
        "4,24": 6.073331710830287,
        "4,25": 10.772829041535015,
        "4,26": 20.824763453550613,
        "4,27": 60.79345288111879,
        "4,28": 96.65772777887435,
        "4,29": 46.227179211828634,
        "4,30": 57.25542342796659,
        "4,31": 65.55654702482109,
        "4,32": 60.80095923933073,
        "4,33": 78.92103426839392,
        "4,34": 85.82751526168632,
        "4,35": 76.23566677801732,
        "4,36": 66.76084497844748,
        "4,37": 57.244473844358424,
        "4,38": 91.42425258578419,
        "4,39": 79.58051050122235,
        "4,40": 53.99626986974777,
        "4,41": 82.61629190378221,
        "4,42": 54.590410693991686,
        "4,43": 42.429097461120925,
        "4,44": 15.957996528041868,
        "4,45": 43.40079748490859,
        "4,46": 51.84456847146373,
        "4,47": 50.741038128911256,
        "4,48": 10.30428797260802,
        "4,49": 14.965167359169545,
        "4,50": 44.031446817036645,
        "5,0": 17.750691605378854,
        "5,1": 48.14490986381104,
        "5,2": 30.395136757676756,
        "5,3": 32.5011837652796,
        "5,4": 87.08556503304823,
        "5,5": 0.0,
        "5,6": 63.993229781495735,
        "5,7": 68.50594724441552,
        "5,8": 61.29360521022601,
        "5,9": 93.25991620162627,
        "5,10": 85.3701716738373,
        "5,11": 66.84352594211829,
        "5,12": 87.40979188416335,
        "5,13": 51.88820765814566,
        "5,14": 108.03760465047085,
        "5,15": 66.69845592227381,
        "5,16": 74.73993905591833,
        "5,17": 11.273989711087031,
        "5,18": 60.713446060587586,
        "5,19": 102.56058596626775,
        "5,20": 85.37772975615765,
        "5,21": 75.30692737130767,
        "5,22": 68.03308891659208,
        "5,23": 22.89182829763994,
        "5,24": 92.13426356219772,
        "5,25": 90.67171207550943,
        "5,26": 91.29946596820997,
        "5,27": 27.055419730641656,
        "5,28": 70.733089137513,
        "5,29": 72.78813312430938,
        "5,30": 47.57533086968678,
        "5,31": 24.06181101568354,
        "5,32": 35.529386997891,
        "5,33": 67.37644278508327,
        "5,34": 73.57232022736292,
        "5,35": 24.014617180080055,
        "5,36": 22.933362924960477,
        "5,37": 48.09059497474944,
        "5,38": 50.61966150796937,
        "5,39": 30.554676486876637,
        "5,40": 84.8773458130167,
        "5,41": 12.224988574121108,
        "5,42": 54.00357290167047,
        "5,43": 85.51907584245734,
        "5,44": 87.79933523949282,
        "5,45": 61.597202087884774,
        "5,46": 35.24965046177808,
        "5,47": 115.91509054656625,
        "5,48": 81.6717471396411,
        "5,49": 86.52665087664339,
        "5,50": 64.32386309313327,
        "6,0": 80.79712112100393,
        "6,1": 19.08835898494572,
        "6,2": 34.776783722606815,
        "6,3": 49.24337087218395,
        "6,4": 50.31153010801356,
        "6,5": 63.993229781495735,
        "6,6": 0.0,
        "6,7": 44.436791578631436,
        "6,8": 32.89106314566494,
        "6,9": 40.51355443243694,
        "6,10": 39.323827639483675,
        "6,11": 25.68917213077712,
        "6,12": 42.38316853377164,
        "6,13": 12.193407703222896,
        "6,14": 49.7193391255452,
        "6,15": 27.892046311774443,
        "6,16": 13.759686061423642,
        "6,17": 56.87227421088125,
        "6,18": 7.657208317994242,
        "6,19": 38.79370986982686,
        "6,20": 66.17649463701058,
        "6,21": 49.097172553391545,
        "6,22": 33.02666333037174,
        "6,23": 42.70035189409749,
        "6,24": 51.56328909940238,
        "6,25": 45.79929929324529,
        "6,26": 67.88198607907046,
        "6,27": 49.29729402099905,
        "6,28": 46.3923736099877,
        "6,29": 9.401188863901092,
        "6,30": 16.624504805625698,
        "6,31": 40.77973809727688,
        "6,32": 60.765636016576636,
        "6,33": 28.62938288310091,
        "6,34": 35.77525731456255,
        "6,35": 42.45431359580253,
        "6,36": 55.64584429905356,
        "6,37": 16.15601752516662,
        "6,38": 44.213839993704696,
        "6,39": 40.91506484502242,
        "6,40": 21.002490690727274,
        "6,41": 53.744590478582495,
        "6,42": 10.213913471391438,
        "6,43": 23.055656319754863,
        "6,44": 39.6083396391617,
        "6,45": 65.27112776034832,
        "6,46": 39.89235873721931,
        "6,47": 54.417919883909775,
        "6,48": 40.15832732218869,
        "6,49": 39.267019457927816,
        "6,50": 68.00715071216683,
        "7,0": 78.84370422195994,
        "7,1": 34.45166274111648,
        "7,2": 54.57514455559932,
        "7,3": 36.93993293855544,
        "7,4": 19.408021907870168,
        "7,5": 68.50594724441552,
        "7,6": 44.436791578631436,
        "7,7": 0.0,
        "7,8": 74.07916083684397,
        "7,9": 35.29552538480481,
        "7,10": 83.67837337268314,
        "7,11": 69.23187365981222,
        "7,12": 24.605166714840212,
        "7,13": 41.818027825717614,
        "7,14": 52.39462568876992,
        "7,15": 71.19930438018947,
        "7,16": 39.793449734374036,
        "7,17": 57.35651164922605,
        "7,18": 50.3479684857959,
        "7,19": 62.045803059595336,
        "7,20": 22.460173047562773,
        "7,21": 6.979542933299562,
        "7,22": 76.12314573783958,
        "7,23": 59.002913906618325,
        "7,24": 25.20030277000402,
        "7,25": 26.607491329961835,
        "7,26": 25.93378331114315,
        "7,27": 41.80086139752986,
        "7,28": 88.48367899671048,
        "7,29": 44.10209639067536,
        "7,30": 45.72596028210023,
        "7,31": 48.290448079119855,
        "7,32": 41.464570299791674,
        "7,33": 72.02051375816158,
        "7,34": 79.65976224484776,
        "7,35": 60.204814285404694,
        "7,36": 47.548049526062535,
        "7,37": 45.88186241387012,
        "7,38": 79.65946465237428,
        "7,39": 64.7292337282218,
        "7,40": 55.54540915040669,
        "7,41": 65.11656615811044,
        "7,42": 45.076239519859705,
        "7,43": 46.215471867937325,
        "7,44": 27.602161514271604,
        "7,45": 27.439351303525104,
        "7,46": 33.54721529467018,
        "7,47": 64.23418401236005,
        "7,48": 18.640815759716563,
        "7,49": 26.060789659758363,
        "7,50": 29.044889462348966,
        "8,0": 78.86964295224003,
        "8,1": 40.5428668375983,
        "8,2": 33.91990113236527,
        "8,3": 63.87050696246501,
        "8,4": 82.82545237136458,
        "8,5": 61.29360521022601,
        "8,6": 32.89106314566494,
        "8,7": 74.07916083684397,
        "8,8": 0.0,
        "8,9": 72.77447304558476,
        "8,10": 24.748814128251155,
        "8,11": 10.355237527412918,
        "8,12": 75.27192287676496,
        "8,13": 32.29896501246493,
        "8,14": 79.22800081597634,
        "8,15": 8.438127320873077,
        "8,16": 45.505888860454355,
        "8,17": 59.80309406997709,
        "8,18": 25.35071939091057,
        "8,19": 61.38014308469857,
        "8,20": 96.50607790213054,
        "8,21": 79.75671771447097,
        "8,22": 6.97004950580736,
        "8,23": 39.31966685756866,
        "8,24": 84.39314138994216,
        "8,25": 78.68953251413112,
        "8,26": 99.12609962253035,
        "8,27": 60.9651575374681,
        "8,28": 14.464629195746905,
        "8,29": 39.78385767927906,
        "8,30": 29.209896754991345,
        "8,31": 46.46818787739263,
        "8,32": 75.43424977595018,
        "8,33": 8.533435819149467,
        "8,34": 12.365540333728562,
        "8,35": 37.799418002722575,
        "8,36": 65.08558657080924,
        "8,37": 28.906555611089047,
        "8,38": 16.60837451727666,
        "8,39": 30.742075892382157,
        "8,40": 42.740017898577975,
        "8,41": 49.06903089784181,
        "8,42": 29.027819900255142,
        "8,43": 51.66732288380479,
        "8,44": 72.45398588759257,
        "8,45": 89.09328134132377,
        "8,46": 55.84786939577567,
        "8,47": 80.62913168107465,
        "8,48": 72.83028930186306,
        "8,49": 72.14842174125846,
        "8,50": 92.15609525442187,
        "9,0": 107.09323141651993,
        "9,1": 46.57156607102059,
        "9,2": 69.59799424846496,
        "9,3": 66.39865301650636,
        "9,4": 22.739099083271505,
        "9,5": 93.25991620162627,
        "9,6": 40.51355443243694,
        "9,7": 35.29552538480481,
        "9,8": 72.77447304558476,
        "9,9": 0.0,
        "9,10": 71.16326802453163,
        "9,11": 64.0881318463385,
        "9,12": 11.693559423897286,
        "9,13": 47.572326803079505,
        "9,14": 17.129582071116626,
        "9,15": 66.44463086716442,
        "9,16": 27.269309680179948,
        "9,17": 83.26456071904404,
        "9,18": 48.131592587848864,
        "9,19": 31.872839171884436,
        "9,20": 45.722481534838245,
        "9,21": 33.41711914556993,
        "9,22": 71.49316147744166,
        "9,23": 76.61641432434664,
        "9,24": 19.071906231655834,
        "9,25": 12.138885787369487,
        "9,26": 43.25386375067034,
        "9,27": 69.76505032311043,
        "9,28": 85.21023136045721,
        "9,29": 33.03371834721331,
        "9,30": 53.19443448551566,
        "9,31": 69.57780104849934,
        "9,32": 74.11895327934153,
        "9,33": 67.01465029228554,
        "9,34": 72.7125047627569,
        "9,35": 77.06910573018182,
        "9,36": 76.44630093586215,
        "9,37": 52.96601565242648,
        "9,38": 84.69389021832002,
        "9,39": 78.15378019064316,
        "9,40": 35.89582312213517,
        "9,41": 86.0587349869224,
        "9,42": 48.369109508558076,
        "9,43": 23.823069265117287,
        "9,44": 7.755584020715616,
        "9,45": 62.55626807381945,
        "9,46": 59.43813849329321,
        "9,47": 29.05582299350164,
        "9,48": 16.79672477860198,
        "9,49": 9.270395048471471,
        "9,50": 63.851955398646474,
        "10,0": 103.07366173262643,
        "10,1": 54.99053661377322,
        "10,2": 56.38307237883397,
        "10,3": 83.02964908577624,
        "10,4": 87.07856916174065,
        "10,5": 85.3701716738373,
        "10,6": 39.323827639483675,
        "10,7": 83.67837337268314,
        "10,8": 24.748814128251155,
        "10,9": 71.16326802453163,
        "10,10": 0.0,
        "10,11": 19.028315526205763,
        "10,12": 77.2835835928895,
        "10,13": 45.88034803963412,
        "10,14": 72.09760258861398,
        "10,15": 18.746494508139072,
        "10,16": 46.5064241974709,
        "10,17": 82.70171006300785,
        "10,18": 34.62512827498587,
        "10,19": 49.558720694500195,
        "10,20": 105.0417622146708,
        "10,21": 87.98425708323478,
        "10,22": 17.77886026119778,
        "10,23": 62.81362361164171,
        "10,24": 86.91233812018508,
        "10,25": 80.18441549316643,
        "10,26": 106.15392866202366,
        "10,27": 81.19388723822125,
        "10,28": 24.029961975092235,
        "10,29": 40.91277656653828,
        "10,30": 45.59786304822956,
        "10,31": 68.01143527782202,
        "10,32": 94.90952376509917,
        "10,33": 18.02477563949439,
        "10,34": 12.645345361420679,
        "10,35": 61.47294023128218,
        "10,36": 86.25146100226694,
        "10,37": 45.10688911061805,
        "10,38": 40.183602403910484,
        "10,39": 55.00514173867729,
        "10,40": 35.50409883359245,
        "10,41": 73.18199246950381,
        "10,42": 41.992103098249146,
        "10,43": 47.39390946166626,
        "10,44": 73.46896013045338,
        "10,45": 103.86378549974481,
        "10,46": 74.10040528065667,
        "10,47": 69.62301172422906,
        "10,48": 76.79401445716783,
        "10,49": 73.68719048182999,
        "10,50": 106.72233912606124,
        "11,0": 84.59060531673198,
        "11,1": 37.67500102529864,
        "11,2": 37.42758495516886,
        "11,3": 64.41802299249525,
        "11,4": 75.9681791125691,
        "11,5": 66.84352594211829,
        "11,6": 25.68917213077712,
        "11,7": 69.23187365981222,
        "11,8": 10.355237527412918,
        "11,9": 64.0881318463385,
        "11,10": 19.028315526205763,
        "11,11": 0.0,
        "11,12": 67.60893978719847,
        "11,13": 28.666735615411216,
        "11,14": 69.49860019161223,
        "11,15": 2.3612889261366554,
        "11,16": 37.00343339012679,
        "11,17": 63.7386503105381,
        "11,18": 18.914630887790107,
        "11,19": 51.07150458282606,
        "11,20": 91.38638561234157,
        "11,21": 74.37650054687286,
        "11,22": 7.452840344563053,
        "11,23": 44.09013250932184,
        "11,24": 76.97924675899732,
        "11,25": 70.90732627411661,
        "11,26": 93.41445136594743,
        "11,27": 62.34200222506753,
        "11,28": 21.13854496266266,
        "11,29": 31.12275585102159,
        "11,30": 27.334244199192806,
        "11,31": 48.98648330804775,
        "11,32": 76.26217666636988,
        "11,33": 2.968849104475913,
        "11,34": 10.494568822273367,
        "11,35": 42.84198644720684,
        "11,36": 67.27421589788322,
        "11,37": 26.887301990083575,
        "11,38": 26.655524912602214,
        "11,39": 36.88965852884299,
        "11,40": 32.608129234832816,
        "11,41": 54.743328370966154,
        "11,42": 24.88435113423294,
        "11,43": 42.113159255228474,
        "11,44": 64.46253713581763,
        "11,45": 86.94370456231557,
        "11,46": 55.68533535658943,
        "11,47": 70.44182690794156,
        "11,48": 65.76766592387034,
        "11,49": 64.3065506633686,
        "11,50": 89.90884114723198,
        "12,0": 100.05248646906101,
        "12,1": 43.36998226020138,
        "12,2": 66.596598451569,
        "12,3": 58.46771135336202,
        "12,4": 11.446835006175256,
        "12,5": 87.40979188416335,
        "12,6": 42.38316853377164,
        "12,7": 24.605166714840212,
        "12,8": 75.27192287676496,
        "12,9": 11.693559423897286,
        "12,10": 77.2835835928895,
        "12,11": 67.60893978719847,
        "12,12": 0.0,
        "12,13": 46.58795943815803,
        "12,14": 28.22217051234539,
        "12,15": 69.90776880899014,
        "12,16": 31.04861003035005,
        "12,17": 76.87288155411547,
        "12,18": 49.94773479425015,
        "12,19": 42.73175802141157,
        "12,20": 34.22016157944282,
        "12,21": 21.919213584313656,
        "12,22": 75.05343094468071,
        "12,23": 72.94347935189985,
        "12,24": 9.63080207163392,
        "12,25": 3.5906858268984188,
        "12,26": 32.26220230783706,
        "12,27": 62.425612587412935,
        "12,28": 88.6235212635631,
        "12,29": 36.91267648058811,
        "12,30": 51.996154463094385,
        "12,31": 64.5015690591322,
        "12,32": 65.03361695597212,
        "12,33": 70.57777323927006,
        "12,34": 77.06227919040482,
        "12,35": 73.65718820199508,
        "12,36": 68.87514253647574,
        "12,37": 51.88356877773275,
        "12,38": 85.38000545227199,
        "12,39": 75.91401789932969,
        "12,40": 43.283455250174086,
        "12,41": 81.44632318160392,
        "12,42": 48.2858708115331,
        "12,43": 31.45308084218784,
        "12,44": 4.512940622135634,
        "12,45": 51.40985047040195,
        "12,46": 52.54313622843654,
        "12,47": 40.54290932071729,
        "12,48": 6.182212883780955,
        "12,49": 3.6943325516482752,
        "12,50": 52.54120584312708,
        "13,0": 68.60969340532188,
        "13,1": 9.118146292797094,
        "13,2": 23.335418765066805,
        "13,3": 38.39085478734211,
        "13,4": 52.2494733512396,
        "13,5": 51.88820765814566,
        "13,6": 12.193407703222896,
        "13,7": 41.818027825717614,
        "13,8": 32.29896501246493,
        "13,9": 47.572326803079505,
        "13,10": 45.88034803963412,
        "13,11": 28.666735615411216,
        "13,12": 46.58795943815803,
        "13,13": 0.0,
        "13,14": 59.239855721100355,
        "13,15": 30.320566401970883,
        "13,16": 23.666454037832796,
        "13,17": 44.68924961555706,
        "13,18": 11.682804937365592,
        "13,19": 50.708481614678774,
        "13,20": 64.26973197321753,
        "13,21": 47.6729613411922,
        "13,22": 34.9321249370412,
        "13,23": 31.116428937534593,
        "13,24": 54.815836123111715,
        "13,25": 50.171031976832154,
        "13,26": 67.14199841725932,
        "13,27": 37.815023388276465,
        "13,28": 46.74355794565976,
        "13,29": 20.948662043423568,
        "13,30": 5.628035272876713,
        "13,31": 28.588452195537503,
        "13,32": 50.17823404688895,
        "13,33": 31.183446756739762,
        "13,34": 39.11690865320686,
        "13,35": 31.078497540201795,
        "13,36": 43.94079236186441,
        "13,37": 5.39799286156463,
        "13,38": 39.176356355967215,
        "13,39": 30.792657385388885,
        "13,40": 33.1951459449058,
        "13,41": 41.93689209930049,
        "13,42": 3.888331722145026,
        "13,43": 34.117922563576855,
        "13,44": 44.82387711073082,
        "13,45": 58.31540000747676,
        "13,46": 29.093839994860463,
        "13,47": 65.27539667655438,
        "13,48": 42.890289281324556,
        "13,49": 44.097928922953095,
        "13,50": 61.26195512581489,
        "14,0": 122.6541524870844,
        "14,1": 60.215389754190305,
        "14,2": 82.32437208295391,
        "14,3": 82.73627489123687,
        "14,4": 38.1170370857755,
        "14,5": 108.03760465047085,
        "14,6": 49.7193391255452,
        "14,7": 52.39462568876992,
        "14,8": 79.22800081597634,
        "14,9": 17.129582071116626,
        "14,10": 72.09760258861398,
        "14,11": 69.49860019161223,
        "14,12": 28.22217051234539,
        "14,13": 59.239855721100355,
        "14,14": 0.0,
        "14,15": 71.82328334880552,
        "14,16": 36.05325825775712,
        "14,17": 98.52865151977215,
        "14,18": 56.759195778717405,
        "14,19": 24.43012977580821,
        "14,20": 60.8284002862603,
        "14,21": 50.13852609639832,
        "14,22": 76.50949102594156,
        "14,23": 89.79945612304746,
        "14,24": 33.10709739982832,
        "14,25": 27.464120833284138,
        "14,26": 57.296020195651316,
        "14,27": 85.75584659896853,
        "14,28": 89.95954978182426,
        "14,29": 40.68709882369354,
        "14,30": 64.77701281728815,
        "14,31": 84.04534226351348,
        "14,32": 90.93365610488647,
        "14,33": 72.22298753641904,
        "14,34": 76.49833127650315,
        "14,35": 90.00915446951629,
        "14,36": 92.51916265268568,
        "14,37": 64.44634320129124,
        "14,38": 93.1004410350287,
        "14,39": 89.95683910296388,
        "14,40": 37.44897879550704,
        "14,41": 99.91098910994717,
        "14,42": 59.094287995138,
        "14,43": 27.62286941804463,
        "14,44": 24.794175105102383,
        "14,45": 79.55559044046548,
        "14,46": 75.28199448296768,
        "14,47": 12.684897114636906,
        "14,48": 33.80801817088624,
        "14,49": 26.334074334693128,
        "14,50": 80.75197687316293,
        "15,0": 84.42557427529687,
        "15,1": 39.244716860862994,
        "15,2": 37.67591103943046,
        "15,3": 65.41632754643729,
        "15,4": 78.19545768298353,
        "15,5": 66.69845592227381,
        "15,6": 27.892046311774443,
        "15,7": 71.19930438018947,
        "15,8": 8.438127320873077,
        "15,9": 66.44463086716442,
        "15,10": 18.746494508139072,
        "15,11": 2.3612889261366554,
        "15,12": 69.90776880899014,
        "15,13": 30.320566401970883,
        "15,14": 71.82328334880552,
        "15,15": 0.0,
        "15,16": 39.34600913018491,
        "15,17": 63.98735480680169,
        "15,18": 20.96773444805307,
        "15,19": 53.208310788247694,
        "15,20": 93.40897607224275,
        "15,21": 76.42368855762696,
        "15,22": 5.149938013733551,
        "15,23": 44.07590750027091,
        "15,24": 79.26033314622158,
        "15,25": 73.21648027347754,
        "15,26": 95.51648094952102,
        "15,27": 63.16245097467771,
        "15,28": 18.79341971321491,
        "15,29": 33.47018595309586,
        "15,30": 28.641812137906832,
        "15,31": 49.51810065220786,
        "15,32": 77.22400019855914,
        "15,33": 0.8738771663773087,
        "15,34": 8.8504600051616,
        "15,35": 42.755227640060674,
        "15,36": 67.92977153812349,
        "15,37": 28.21858336769952,
        "15,38": 24.971706587744393,
        "15,39": 36.492563288281815,
        "15,40": 34.86110004138124,
        "15,41": 54.53954222543075,
        "15,42": 26.599144705349627,
        "15,43": 44.46032371355752,
        "15,44": 66.78475191493087,
        "15,45": 88.4913923058639,
        "15,46": 56.806220869051835,
        "15,47": 72.65626554666605,
        "15,48": 68.01097150058732,
        "15,49": 66.61808728637315,
        "15,50": 91.47649948048746,
        "16,0": 90.75594253495959,
        "16,1": 26.902680693991257,
        "16,2": 47.00027671152918,
        "16,3": 55.022999069418226,
        "16,4": 40.572895075403714,
        "16,5": 74.73993905591833,
        "16,6": 13.759686061423642,
        "16,7": 39.793449734374036,
        "16,8": 45.505888860454355,
        "16,9": 27.269309680179948,
        "16,10": 46.5064241974709,
        "16,11": 37.00343339012679,
        "16,12": 31.04861003035005,
        "16,13": 23.666454037832796,
        "16,14": 36.05325825775712,
        "16,15": 39.34600913018491,
        "16,16": 0.0,
        "16,17": 66.45347251284262,
        "16,18": 21.142807737798385,
        "16,19": 28.53859408594418,
        "16,20": 59.517682359570315,
        "16,21": 42.78361002084037,
        "16,22": 44.447005554331746,
        "16,23": 54.742954372202995,
        "16,24": 40.62262246437686,
        "16,25": 34.17600239761236,
        "16,26": 59.98750763454036,
        "16,27": 56.37624072261001,
        "16,28": 58.1394022735322,
        "16,29": 5.910592385477636,
        "16,30": 29.025340840028452,
        "16,31": 50.8119593835187,
        "16,32": 65.61948818106255,
        "16,33": 39.95630679618837,
        "16,34": 46.1120094490729,
        "16,35": 54.742891592533,
        "16,36": 63.101734597103324,
        "16,37": 28.650904407046898,
        "16,38": 57.82618198008541,
        "16,39": 54.06397870170056,
        "16,40": 15.936715752065858,
        "16,41": 65.39821870235043,
        "16,42": 23.104096646430985,
        "16,43": 10.826380084058632,
        "16,44": 27.59270243500845,
        "16,45": 64.50479278644592,
        "16,46": 46.074843607892454,
        "16,47": 41.61869754622434,
        "16,48": 30.29562069802075,
        "16,49": 27.57654050358776,
        "16,50": 66.86391388555596,
        "17,0": 24.33250473848545,
        "17,1": 39.55445787743399,
        "17,2": 26.318821308083187,
        "17,3": 21.240461513041648,
        "17,4": 76.09203939795641,
        "17,5": 11.273989711087031,
        "17,6": 56.87227421088125,
        "17,7": 57.35651164922605,
        "17,8": 59.80309406997709,
        "17,9": 83.26456071904404,
        "17,10": 82.70171006300785,
        "17,11": 63.7386503105381,
        "17,12": 76.87288155411547,
        "17,13": 44.68924961555706,
        "17,14": 98.52865151977215,
        "17,15": 63.98735480680169,
        "17,16": 66.45347251284262,
        "17,17": 0.0,
        "17,18": 54.70326636924117,
        "17,19": 94.75098919992843,
        "17,20": 74.12566621223722,
        "17,21": 64.11925162838199,
        "17,22": 66.1297320905029,
        "17,23": 20.650254561653796,
        "17,24": 81.24726573147441,
        "17,25": 80.0610269334536,
        "17,26": 80.02818607491173,
        "17,27": 15.782499392879998,
        "17,28": 70.97983608095946,
        "17,29": 65.15215851036145,
        "17,30": 41.15819912622552,
        "17,31": 16.12416760746087,
        "17,32": 25.401134679237092,
        "17,33": 64.74753320812658,
        "17,34": 71.66331306797734,
        "17,35": 22.341998615770734,
        "17,36": 12.12718489184867,
        "17,37": 41.70217695538183,
        "17,38": 51.90929438145366,
        "17,39": 30.235557955521827,
        "17,40": 77.87084268121033,
        "17,41": 14.602223286428815,
        "17,42": 47.355946579189364,
        "17,43": 77.27951333195594,
        "17,44": 77.49667315195053,
        "17,45": 50.84151710598078,
        "17,46": 24.3927380855413,
