{
    "num_robots": 6,
    "num_tasks": 30,
    "num_nodes": 31,
    "robot_capacity": [
        62,
        77,
        72,
        56,
        63,
        65
    ],
    "robot_speed": [
        1.05,
        0.81,
        1.15,
        1.01,
        1.11,
        1.03
    ],
    "task_demand": {
        "0": 0,
        "1": 7,
        "2": 13,
        "3": 14,
        "4": 10,
        "5": 11,
        "6": 14,
        "7": 6,
        "8": 10,
        "9": 6,
        "10": 7,
        "11": 13,
        "12": 5,
        "13": 14,
        "14": 13,
        "15": 8,
        "16": 12,
        "17": 14,
        "18": 14,
        "19": 12,
        "20": 10,
        "21": 14,
        "22": 13,
        "23": 13,
        "24": 12,
        "25": 14,
        "26": 5,
        "27": 6,
        "28": 10,
        "29": 14,
        "30": 9
    },
    "task_service_time": {
        "0": 0,
        "1": 66,
        "2": 76,
        "3": 51,
        "4": 37,
        "5": 99,
        "6": 72,
        "7": 68,
        "8": 71,
        "9": 73,
        "10": 91,
        "11": 52,
        "12": 70,
        "13": 56,
        "14": 83,
        "15": 12,
        "16": 50,
        "17": 14,
        "18": 21,
        "19": 27,
        "20": 57,
        "21": 85,
        "22": 55,
        "23": 90,
        "24": 84,
        "25": 93,
        "26": 33,
        "27": 15,
        "28": 73,
        "29": 49,
        "30": 94
    },
    "task_precedence": [],
    "coordinates": {
        "0": [
            100,
            0
        ],
        "1": [
            33.064405390170336,
            37.39406275798528
        ],
        "2": [
            4.77352890784778,
            14.741580027291935
        ],
        "3": [
            50.7922671977317,
            92.1164918414419
        ],
        "4": [
            82.84058880247527,
            93.26217131656846
        ],
        "5": [
            74.45616762992401,
            95.09505534761679
        ],
        "6": [
            46.58262689796268,
            45.23485167815679
        ],
        "7": [
            62.60320314050072,
            34.46299687312783
        ],
        "8": [
            31.453676317767144,
            4.093308579222688
        ],
        "9": [
            30.89812064204962,
            84.81993638404494
        ],
        "10": [
            94.57811325629659,
            97.18592085185024
        ],
        "11": [
            62.75371150745662,
            49.428835609302354
        ],
        "12": [
            0.2702289820139203,
            77.17757617136229
        ],
        "13": [
            27.86976842571126,
            59.54638310902076
        ],
        "14": [
            94.5094347475754,
            14.835709981744094
        ],
        "15": [
            12.03992390676123,
            78.64731274010666
        ],
        "16": [
            37.57393169999824,
            56.269454699248875
        ],
        "17": [
            74.1874743475355,
            69.91824624459355
        ],
        "18": [
            89.05264878017081,
            18.064537368340762
        ],
        "19": [
            16.154447080073453,
            11.03632173614134
        ],
        "20": [
            42.42346187040032,
            39.97796080210739
        ],
        "21": [
            32.03845182144508,
            32.628014858820734
        ],
        "22": [
            38.73971237682968,
            82.21256332219856
        ],
        "23": [
            71.09337136968088,
            37.732026164415146
        ],
        "24": [
            8.151219543783006,
            25.67515830954553
        ],
        "25": [
            29.26089855395475,
            28.57297037105907
        ],
        "26": [
            19.507712025566104,
            83.64609870079508
        ],
        "27": [
            20.56073012802203,
            0.134900963071638
        ],
        "28": [
            98.93820169547222,
            7.500135492344784
        ],
        "29": [
            9.508587495983534,
            95.94658601878557
        ],
        "30": [
            82.18244406673647,
            83.83730523971519
        ]
    },
    "distance_matrix_str_keys": {
        "0,0": 0.0,
        "0,1": 76.67261411559932,
        "0,2": 96.36075434722144,
        "0,3": 104.4358608750551,
        "0,4": 94.82762251225483,
        "0,5": 98.46601913206831,
        "0,6": 69.9971967686357,
        "0,7": 50.854877532325986,
        "0,8": 68.6684328165,
        "0,9": 109.40517053135176,
        "0,10": 97.33704365596711,
        "0,11": 61.890999314611214,
        "0,12": 126.10474016065521,
        "0,13": 93.53364126519823,
        "0,14": 15.819121260473155,
        "0,15": 117.99311330568618,
        "0,16": 84.04323610825148,
        "0,17": 74.53085024658418,
        "0,18": 21.122784121949344,
        "0,19": 84.56877167082321,
        "0,20": 70.09490061968903,
        "0,21": 75.38805863300546,
        "0,22": 102.5267204570597,
        "0,23": 47.532083661915074,
        "0,24": 95.36987063803,
        "0,25": 76.29177615719338,
        "0,26": 116.08478906050675,
        "0,27": 79.43938441392143,
        "0,28": 7.5749223126727845,
        "0,29": 131.88799454701055,
        "0,30": 85.70973719066085,
        "1,0": 76.67261411559932,
        "1,1": 0.0,
        "1,2": 36.242360105302076,
        "1,3": 57.522355037515034,
        "1,4": 74.82589116748998,
        "1,5": 71.01184779416045,
        "1,6": 15.62754886808625,
        "1,7": 29.68386295205357,
        "1,8": 33.339686216565674,
        "1,9": 47.475322840449664,
        "1,10": 85.78462886645839,
        "1,11": 32.035771495450696,
        "1,12": 51.55759833236641,
        "1,13": 22.753231641404813,
        "1,14": 65.45510608584878,
        "1,15": 46.301829939362115,
        "1,16": 19.406603218372574,
        "1,17": 52.43023280458301,
        "1,18": 59.23102185246211,
        "1,19": 31.31576602645718,
        "1,20": 9.70919498735878,
        "1,21": 4.875222384908291,
        "1,22": 45.176399836830846,
        "1,23": 38.03046769019356,
        "1,24": 27.531791632371018,
        "1,25": 9.606161311982339,
        "1,26": 48.19787094713701,
        "1,27": 39.30123449359844,
        "1,28": 72.33950460872543,
        "1,29": 63.1131882958756,
        "1,30": 67.59849477354808,
        "2,0": 96.36075434722144,
        "2,1": 36.242360105302076,
        "2,2": 0.0,
        "2,3": 90.02555888213254,
        "2,4": 110.72465442262154,
        "2,5": 106.35953711503944,
        "2,6": 51.74785300590227,
        "2,7": 61.09996320998878,
        "2,8": 28.72657220496023,
        "2,9": 74.7895067702869,
        "2,10": 121.90952671548516,
        "2,11": 67.56409752298698,
        "2,12": 62.5981894684214,
        "2,13": 50.40740678768364,
        "2,14": 89.73595520929605,
        "2,15": 64.31751837440521,
        "2,16": 52.919096724122895,
        "2,17": 88.67220712466481,
        "2,18": 84.344603217656,
        "2,19": 11.968886224166257,
        "2,20": 45.325405311990046,
        "2,21": 32.60828993472258,
        "2,22": 75.53830290806187,
        "2,23": 70.19175249091823,
        "2,24": 11.443422918264098,
        "2,25": 28.12363118494366,
        "2,26": 70.46225121136565,
        "2,27": 21.50792402003045,
        "2,28": 94.44270284226884,
        "2,29": 81.34293932426831,
        "2,30": 103.7610687527202,
        "3,0": 104.4358608750551,
        "3,1": 57.522355037515034,
        "3,2": 90.02555888213254,
        "3,3": 0.0,
        "3,4": 32.06879322863272,
        "3,5": 23.85061894846816,
        "3,6": 47.070258718783215,
        "3,7": 58.850859721040685,
        "3,8": 90.12248270457752,
        "3,9": 21.190016251098687,
        "3,10": 44.07833283548633,
        "3,11": 44.33184120435303,
        "3,12": 52.684414648624475,
        "3,13": 39.8277909605217,
        "3,14": 88.78913212453034,
        "3,15": 41.02636830387342,
        "3,16": 38.20647150947607,
        "3,17": 32.25054767225245,
        "3,18": 83.35195714630875,
        "3,19": 88.16900003293517,
        "3,20": 52.805902336258,
        "3,21": 62.374549977372126,
        "3,22": 15.59973967171023,
        "3,23": 58.05002099548314,
        "3,24": 78.94751260504044,
        "3,25": 67.09231667285923,
        "3,26": 32.41096962877522,
        "3,27": 96.82230576738563,
        "3,28": 97.35480866633198,
        "3,29": 41.46096756135649,
        "3,30": 32.46364327449421,
        "4,0": 94.82762251225483,
        "4,1": 74.82589116748998,
        "4,2": 110.72465442262154,
        "4,3": 32.06879322863272,
        "4,4": 0.0,
        "4,5": 8.582422867116126,
        "4,6": 60.17693273272782,
        "4,7": 62.184360523058004,
        "4,8": 102.91598931450186,
        "4,9": 52.62405656401597,
        "4,10": 12.375996554608342,
        "4,11": 48.21663570481691,
        "4,12": 84.12240202149275,
        "4,13": 64.48678521488465,
        "4,14": 79.28979633719071,
        "4,15": 72.29334852450239,
        "4,16": 58.45965555802177,
        "4,17": 24.896088599140757,
        "4,18": 75.45378612487337,
        "4,19": 105.86846479024472,
        "4,20": 66.87863066475614,
        "4,21": 79.10346421732733,
        "4,22": 45.464064252322466,
        "4,23": 56.7590885940971,
        "4,24": 100.72986750449328,
        "4,25": 83.9968804545496,
        "4,26": 64.058739711229,
        "4,27": 112.03334003770108,
        "4,28": 87.25972684788903,
        "4,29": 73.38111812931706,
        "4,30": 9.447817475999424,
        "5,0": 98.46601913206831,
        "5,1": 71.01184779416045,
        "5,2": 106.35953711503944,
        "5,3": 23.85061894846816,
        "5,4": 8.582422867116126,
        "5,5": 0.0,
        "5,6": 57.122449027473785,
        "5,7": 61.779764341096175,
        "5,8": 100.65054482689625,
        "5,9": 44.75356440679811,
        "5,10": 20.230284583947107,
        "5,11": 47.141819062126714,
        "5,12": 76.31899863797345,
        "5,13": 58.600347172533056,
        "5,14": 82.72663440906024,
        "5,15": 64.54700393815472,
        "5,16": 53.55115865130515,
        "5,17": 25.178242843575777,
        "5,18": 78.40126250338751,
        "5,19": 102.29839351347536,
        "5,20": 63.74941842413031,
        "5,21": 75.50757420178303,
        "5,22": 37.96872102970094,
        "5,23": 57.46151334380908,
        "5,24": 95.99723040526884,
        "5,25": 80.42263447859459,
        "5,26": 56.128525560581885,
        "5,27": 109.18859420405627,
        "5,28": 90.95185526660899,
        "5,29": 64.95316212270625,
        "5,30": 13.654020838932459,
        "6,0": 69.9971967686357,
        "6,1": 15.62754886808625,
        "6,2": 51.74785300590227,
        "6,3": 47.070258718783215,
        "6,4": 60.17693273272782,
        "6,5": 57.122449027473785,
        "6,6": 0.0,
        "6,7": 19.30522517567717,
        "6,8": 43.83505120584954,
        "6,9": 42.5791341817106,
        "6,10": 70.72821430704226,
        "6,11": 16.70609106470209,
        "6,12": 56.259895563127436,
        "6,13": 23.55824705064278,
        "6,14": 56.754618548028986,
        "6,15": 48.05820308911554,
        "6,16": 14.2449658828276,
        "6,17": 37.03103522771928,
        "6,18": 50.41754395415777,
        "6,19": 45.775687621539106,
        "6,20": 6.703249615611018,
        "6,21": 19.247476802058056,
        "6,22": 37.8002971762882,
        "6,23": 25.63335688604824,
        "6,24": 43.12255414393947,
        "6,25": 24.034570133776477,
        "6,26": 46.99441363802362,
        "6,27": 52.068653391542185,
        "6,28": 64.53692755315672,
        "6,29": 62.81850362284994,
        "6,30": 52.51186916709778,
        "7,0": 50.854877532325986,
        "7,1": 29.68386295205357,
        "7,2": 61.09996320998878,
        "7,3": 58.850859721040685,
        "7,4": 62.184360523058004,
        "7,5": 61.779764341096175,
        "7,6": 19.30522517567717,
        "7,7": 0.0,
        "7,8": 43.50414909349632,
        "7,9": 59.50658462002129,
        "7,10": 70.4028413443223,
        "7,11": 14.96659553290947,
        "7,12": 75.56411153495912,
        "7,13": 42.84375978069063,
        "7,14": 37.45981855376471,
        "7,15": 67.14833561229993,
        "7,16": 33.19617495683424,
        "7,17": 37.29973253779382,
        "7,18": 31.120453865199405,
        "7,19": 52.02207269549128,
        "7,20": 20.919770191523114,
        "7,21": 30.61978416299736,
        "7,22": 53.38058905165842,
        "7,23": 9.097774951441407,
        "7,24": 55.156546522029444,
        "7,25": 33.858554123545744,
        "7,26": 65.39265142069172,
        "7,27": 54.27695372637465,
        "7,28": 45.24630386925658,
        "7,29": 81.23589074215319,
        "7,30": 53.114677838865255,
        "8,0": 68.6684328165,
        "8,1": 33.339686216565674,
        "8,2": 28.72657220496023,
        "8,3": 90.12248270457752,
        "8,4": 102.91598931450186,
        "8,5": 100.65054482689625,
        "8,6": 43.83505120584954,
        "8,7": 43.50414909349632,
        "8,8": 0.0,
        "8,9": 80.72853943214334,
        "8,10": 112.4763486184902,
        "8,11": 55.09085417717612,
        "8,12": 79.45890483275717,
        "8,13": 55.568767042162094,
        "8,14": 63.96427017524102,
        "8,15": 77.04020586094602,
        "8,16": 52.53387240516401,
        "8,17": 78.47993318485301,
        "8,18": 59.26918982576544,
        "8,19": 16.800947799592944,
        "8,20": 37.5239185084413,
        "8,21": 28.540697693865756,
        "8,22": 78.45829645774829,
        "8,23": 51.989121406165836,
        "8,24": 31.761308686602252,
        "8,25": 24.57767514969966,
        "8,26": 80.44471691166231,
        "8,27": 11.589877805580404,
        "8,28": 67.570464221212,
        "8,29": 94.43840055711067,
        "8,30": 94.5119721554762,
        "9,0": 109.40517053135176,
        "9,1": 47.475322840449664,
        "9,2": 74.7895067702869,
        "9,3": 21.190016251098687,
        "9,4": 52.62405656401597,
        "9,5": 44.75356440679811,
        "9,6": 42.5791341817106,
        "9,7": 59.50658462002129,
        "9,8": 80.72853943214334,
        "9,9": 0.0,
        "9,10": 64.86955396184369,
        "9,11": 47.616264904255004,
        "9,12": 31.566967183422598,
        "9,13": 25.454339753599715,
        "9,14": 94.57373434183704,
        "9,15": 19.842703111132504,
        "9,16": 29.320580787482783,
        "9,17": 45.782403969766456,
        "9,18": 88.53379264841989,
        "9,19": 75.24226007113587,
        "9,20": 46.299419699613985,
        "9,21": 52.20437747635597,
        "9,22": 8.263713161685434,
        "9,23": 61.91065715940235,
        "9,24": 63.368180367248264,
        "9,25": 56.27078888581297,
        "9,26": 11.450733747541216,
        "9,27": 85.31363822327008,
        "9,28": 102.99419517472076,
        "9,29": 24.110463709786536,
        "9,30": 51.29373639240654,
        "10,0": 97.33704365596711,
        "10,1": 85.78462886645839,
        "10,2": 121.90952671548516,
        "10,3": 44.07833283548633,
        "10,4": 12.375996554608342,
        "10,5": 20.230284583947107,
        "10,6": 70.72821430704226,
        "10,7": 70.4028413443223,
        "10,8": 112.4763486184902,
        "10,9": 64.86955396184369,
        "10,10": 0.0,
        "10,11": 57.389299852285646,
        "10,12": 96.40700645256393,
        "10,13": 76.59463474376105,
        "10,14": 82.35023950838583,
        "10,15": 84.59451927767282,
        "10,16": 70.16861062697762,
        "10,17": 34.04855699724605,
        "10,18": 79.31408501660657,
        "10,19": 116.49903366258896,
        "10,20": 77.41355407315534,
        "10,21": 89.88288201092958,
        "10,22": 57.811144673729025,
        "10,23": 63.92416362366883,
        "10,24": 112.17574210218541,
        "10,25": 94.73159721102206,
        "10,26": 76.28166178594344,
        "10,27": 122.05520663457942,
        "10,28": 89.79170600199507,
        "10,29": 85.0785529020858,
        "10,30": 18.216425374302876,
        "11,0": 61.890999314611214,
        "11,1": 32.035771495450696,
        "11,2": 67.56409752298698,
        "11,3": 44.33184120435303,
        "11,4": 48.21663570481691,
        "11,5": 47.141819062126714,
        "11,6": 16.70609106470209,
        "11,7": 14.96659553290947,
        "11,8": 55.09085417717612,
        "11,9": 47.616264904255004,
        "11,10": 57.389299852285646,
        "11,11": 0.0,
        "11,12": 68.36796173126572,
        "11,13": 36.321539784809616,
        "11,14": 46.95860197223771,
        "11,15": 58.52869090157219,
        "11,16": 26.09243914788017,
        "11,17": 23.46373544141581,
        "11,18": 40.931079949375174,
        "11,19": 60.37778206156665,
        "11,20": 22.4195915423609,
        "11,21": 35.00992367128126,
        "11,22": 40.63797432204355,
        "11,23": 14.365419513804564,
        "11,24": 59.54552303829419,
        "11,25": 39.4554892806315,
        "11,26": 55.14560331214181,
        "11,27": 64.8855890825704,
        "11,28": 55.38351039492129,
        "11,29": 70.7032130398338,
        "11,30": 39.51478749996086,
        "12,0": 126.10474016065521,
        "12,1": 51.55759833236641,
        "12,2": 62.5981894684214,
        "12,3": 52.684414648624475,
        "12,4": 84.12240202149275,
        "12,5": 76.31899863797345,
        "12,6": 56.259895563127436,
        "12,7": 75.56411153495912,
        "12,8": 79.45890483275717,
        "12,9": 31.566967183422598,
        "12,10": 96.40700645256393,
        "12,11": 68.36796173126572,
        "12,12": 0.0,
        "12,13": 32.750473985971034,
        "12,14": 112.99352274943948,
        "12,15": 11.861106365054106,
        "12,16": 42.76348652722789,
        "12,17": 74.27285529325233,
        "12,18": 106.66147112122394,
        "12,19": 68.02186356496973,
        "12,20": 56.220160321392235,
        "12,21": 54.716390556355734,
        "12,22": 38.79758044354173,
        "12,23": 81.06706429256161,
        "12,24": 52.10191030900763,
        "12,25": 56.593874467404376,
        "12,26": 20.295874890349943,
        "12,27": 79.66980758108004,
        "12,28": 120.79037452943739,
        "12,29": 20.919440687678694,
        "12,30": 82.18249796245982,
        "13,0": 93.53364126519823,
        "13,1": 22.753231641404813,
        "13,2": 50.40740678768364,
        "13,3": 39.8277909605217,
        "13,4": 64.48678521488465,
        "13,5": 58.600347172533056,
        "13,6": 23.55824705064278,
        "13,7": 42.84375978069063,
        "13,8": 55.568767042162094,
        "13,9": 25.454339753599715,
        "13,10": 76.59463474376105,
        "13,11": 36.321539784809616,
        "13,12": 32.750473985971034,
        "13,13": 0.0,
        "13,14": 80.24892160635913,
        "13,15": 24.807851383500093,
        "13,16": 10.242511638108608,
        "13,17": 47.46478090925572,
        "13,18": 73.91947222837622,
        "13,19": 49.90465718379483,
        "13,20": 24.387151216648697,
        "13,21": 27.239245042901675,
        "13,22": 25.137848097176274,
        "13,23": 48.41638173557172,
        "13,24": 39.19286975236159,
        "13,25": 31.004637389749202,
        "13,26": 25.5092194871505,
        "13,27": 59.8593873307731,
        "13,28": 88.0882177047238,
        "13,29": 40.768955554517795,
        "13,30": 59.49719012900251,
        "14,0": 15.819121260473155,
        "14,1": 65.45510608584878,
        "14,2": 89.73595520929605,
        "14,3": 88.78913212453034,
        "14,4": 79.28979633719071,
        "14,5": 82.72663440906024,
        "14,6": 56.754618548028986,
        "14,7": 37.45981855376471,
        "14,8": 63.96427017524102,
        "14,9": 94.57373434183704,
        "14,10": 82.35023950838583,
        "14,11": 46.95860197223771,
        "14,12": 112.99352274943948,
        "14,13": 80.24892160635913,
        "14,14": 0.0,
        "14,15": 104.27435382160961,
        "14,16": 70.41595492923477,
        "14,17": 58.711735416770935,
        "14,18": 6.340492046087611,
        "14,19": 78.4470486596864,
        "14,20": 57.83667821439849,
        "14,21": 64.95529093611783,
        "14,22": 87.46371990357584,
        "14,23": 32.74985982953846,
        "14,24": 87.03582580314612,
        "14,25": 66.67896068786665,
        "14,26": 101.78471401411936,
        "14,27": 75.39578702230938,
        "14,28": 8.568817291103203,
        "14,29": 117.49092835187218,
        "14,30": 70.09404288090643,
        "15,0": 117.99311330568618,
        "15,1": 46.301829939362115,
        "15,2": 64.31751837440521,
        "15,3": 41.02636830387342,
        "15,4": 72.29334852450239,
        "15,5": 64.54700393815472,
        "15,6": 48.05820308911554,
        "15,7": 67.14833561229993,
        "15,8": 77.04020586094602,
        "15,9": 19.842703111132504,
        "15,10": 84.59451927767282,
        "15,11": 58.52869090157219,
        "15,12": 11.861106365054106,
        "15,13": 24.807851383500093,
        "15,14": 104.27435382160961,
        "15,15": 0.0,
        "15,16": 33.95223239320018,
        "15,17": 62.75758621610356,
        "15,18": 97.98587890187709,
        "15,19": 67.73607167146616,
        "15,20": 49.17802515852731,
        "15,21": 50.17685618132045,
        "15,22": 26.936772562048088,
        "15,23": 71.84267765629824,
        "15,24": 53.114698216575256,
        "15,25": 52.95282552887878,
        "15,26": 8.986418667530403,
        "15,27": 78.97343187241506,
        "15,28": 112.30864398152275,
        "15,29": 17.483492785909316,
        "15,30": 70.33426729936501,
        "16,0": 84.04323610825148,
        "16,1": 19.406603218372574,
        "16,2": 52.919096724122895,
        "16,3": 38.20647150947607,
        "16,4": 58.45965555802177,
        "16,5": 53.55115865130515,
        "16,6": 14.2449658828276,
        "16,7": 33.19617495683424,
        "16,8": 52.53387240516401,
        "16,9": 29.320580787482783,
        "16,10": 70.16861062697762,
        "16,11": 26.09243914788017,
        "16,12": 42.76348652722789,
        "16,13": 10.242511638108608,
        "16,14": 70.41595492923477,
        "16,15": 33.95223239320018,
        "16,16": 0.0,
        "16,17": 39.074813062269435,
        "16,18": 64.10673927507133,
        "16,19": 50.048283077857526,
        "16,20": 16.99796212121436,
        "16,21": 24.28084049645831,
        "16,22": 25.969288199884108,
        "16,23": 38.30390440220895,
        "16,24": 42.446518846761876,
        "16,25": 28.917153459994662,
        "16,26": 32.80044100484374,
        "16,27": 58.65609218903407,
        "16,28": 78.3838001629312,
        "16,29": 48.599776697404494,
        "16,30": 52.43954384808211,
        "17,0": 74.53085024658418,
        "17,1": 52.43023280458301,
        "17,2": 88.67220712466481,
        "17,3": 32.25054767225245,
        "17,4": 24.896088599140757,
        "17,5": 25.178242843575777,
        "17,6": 37.03103522771928,
        "17,7": 37.29973253779382,
        "17,8": 78.47993318485301,
        "17,9": 45.782403969766456,
        "17,10": 34.04855699724605,
        "17,11": 23.46373544141581,
        "17,12": 74.27285529325233,
        "17,13": 47.46478090925572,
        "17,14": 58.711735416770935,
        "17,15": 62.75758621610356,
        "17,16": 39.074813062269435,
        "17,17": 0.0,
        "17,18": 53.94238162276348,
        "17,19": 82.67353438462068,
        "17,20": 43.650580534801,
        "17,21": 56.27700646542381,
        "17,22": 37.51924920805996,
        "17,23": 32.334598130906905,
        "17,24": 79.4873435116215,
        "17,25": 61.055950157171644,
        "17,26": 56.376682597030324,
        "17,27": 88.00876646258159,
        "17,28": 67.14625122917806,
        "17,29": 69.71967352015245,
        "17,30": 16.051783206878206,
        "18,0": 21.122784121949344,
        "18,1": 59.23102185246211,
        "18,2": 84.344603217656,
        "18,3": 83.35195714630875,
        "18,4": 75.45378612487337,
        "18,5": 78.40126250338751,
        "18,6": 50.41754395415777,
        "18,7": 31.120453865199405,
        "18,8": 59.26918982576544,
        "18,9": 88.53379264841989,
        "18,10": 79.31408501660657,
        "18,11": 40.931079949375174,
        "18,12": 106.66147112122394,
        "18,13": 73.91947222837622,
        "18,14": 6.340492046087611,
        "18,15": 97.98587890187709,
        "18,16": 64.10673927507133,
        "18,17": 53.94238162276348,
        "18,18": 0.0,
        "18,19": 73.2362179941098,
        "18,20": 51.52163815770869,
        "18,21": 58.844825868245096,
        "18,22": 81.52521575134568,
        "18,23": 26.633545776907837,
        "18,24": 81.25861679601105,
        "18,25": 60.708158918606884,
        "18,26": 95.58995457162031,
        "18,27": 70.79982190851696,
        "18,28": 14.468266773832013,
        "18,29": 111.3232733419782,
        "18,30": 66.13060340164907,
        "19,0": 84.56877167082321,
        "19,1": 31.31576602645718,
        "19,2": 11.968886224166257,
        "19,3": 88.16900003293517,
        "19,4": 105.86846479024472,
        "19,5": 102.29839351347536,
        "19,6": 45.775687621539106,
        "19,7": 52.02207269549128,
        "19,8": 16.800947799592944,
        "19,9": 75.24226007113587,
        "19,10": 116.49903366258896,
        "19,11": 60.37778206156665,
        "19,12": 68.02186356496973,
        "19,13": 49.90465718379483,
        "19,14": 78.4470486596864,
        "19,15": 67.73607167146616,
        "19,16": 50.048283077857526,
        "19,17": 82.67353438462068,
        "19,18": 73.2362179941098,
        "19,19": 0.0,
        "19,20": 39.08554221037574,
        "19,21": 26.804902882269076,
        "19,22": 74.67363373267462,
        "19,23": 61.08147048836476,
        "19,24": 16.683740204776438,
        "19,25": 21.893220767666122,
        "19,26": 72.68716596931971,
        "19,27": 11.758244136356186,
        "19,28": 82.85924596189234,
        "19,29": 85.1699502768431,
        "19,30": 98.283668964678,
        "20,0": 70.09490061968903,
        "20,1": 9.70919498735878,
        "20,2": 45.325405311990046,
        "20,3": 52.805902336258,
        "20,4": 66.87863066475614,
        "20,5": 63.74941842413031,
        "20,6": 6.703249615611018,
        "20,7": 20.919770191523114,
        "20,8": 37.5239185084413,
        "20,9": 46.299419699613985,
        "20,10": 77.41355407315534,
        "20,11": 22.4195915423609,
        "20,12": 56.220160321392235,
        "20,13": 24.387151216648697,
        "20,14": 57.83667821439849,
        "20,15": 49.17802515852731,
        "20,16": 16.99796212121436,
        "20,17": 43.650580534801,
        "20,18": 51.52163815770869,
        "20,19": 39.08554221037574,
        "20,20": 0.0,
        "20,21": 12.722819620121054,
        "20,22": 42.39494852410454,
        "20,23": 28.757745619114928,
        "20,24": 37.13699978775362,
        "20,25": 17.416282031241405,
        "20,26": 49.31569586338434,
        "20,27": 45.447205156931034,
        "20,28": 65.1822441647035,
        "20,29": 64.92977717294757,
        "20,30": 59.19813138761471,
        "21,0": 75.38805863300546,
        "21,1": 4.875222384908291,
        "21,2": 32.60828993472258,
        "21,3": 62.374549977372126,
        "21,4": 79.10346421732733,
        "21,5": 75.50757420178303,
        "21,6": 19.247476802058056,
        "21,7": 30.61978416299736,
        "21,8": 28.540697693865756,
        "21,9": 52.20437747635597,
        "21,10": 89.88288201092958,
        "21,11": 35.00992367128126,
        "21,12": 54.716390556355734,
        "21,13": 27.239245042901675,
        "21,14": 64.95529093611783,
        "21,15": 50.17685618132045,
        "21,16": 24.28084049645831,
        "21,17": 56.27700646542381,
        "21,18": 58.844825868245096,
        "21,19": 26.804902882269076,
        "21,20": 12.722819620121054,
        "21,21": 0.0,
        "21,22": 50.035330910749636,
        "21,23": 39.387024161858264,
        "21,24": 24.878546582985507,
        "21,25": 4.915097959499124,
        "21,26": 52.534410806049294,
        "21,27": 34.460710177153885,
        "21,28": 71.4631853100851,
        "21,29": 67.20741209318534,
        "21,30": 71.67155209433245,
        "22,0": 102.5267204570597,
        "22,1": 45.176399836830846,
        "22,2": 75.53830290806187,
        "22,3": 15.59973967171023,
        "22,4": 45.464064252322466,
        "22,5": 37.96872102970094,
        "22,6": 37.8002971762882,
        "22,7": 53.38058905165842,
        "22,8": 78.45829645774829,
        "22,9": 8.263713161685434,
        "22,10": 57.811144673729025,
        "22,11": 40.63797432204355,
        "22,12": 38.79758044354173,
        "22,13": 25.137848097176274,
        "22,14": 87.46371990357584,
        "22,15": 26.936772562048088,
        "22,16": 25.969288199884108,
        "22,17": 37.51924920805996,
        "22,18": 81.52521575134568,
        "22,19": 74.67363373267462,
        "22,20": 42.39494852410454,
        "22,21": 50.035330910749636,
        "22,22": 0.0,
        "22,23": 55.00252208827021,
        "22,24": 64.28167747781721,
        "22,25": 54.47066957044551,
        "22,26": 19.28535354077519,
        "22,27": 84.06674761129577,
        "22,28": 95.9468862886015,
        "22,29": 32.29678066355824,
        "22,30": 43.47310344316089,
        "23,0": 47.532083661915074,
        "23,1": 38.03046769019356,
        "23,2": 70.19175249091823,
        "23,3": 58.05002099548314,
        "23,4": 56.7590885940971,
        "23,5": 57.46151334380908,
        "23,6": 25.63335688604824,
        "23,7": 9.097774951441407,
        "23,8": 51.989121406165836,
        "23,9": 61.91065715940235,
        "23,10": 63.92416362366883,
        "23,11": 14.365419513804564,
        "23,12": 81.06706429256161,
        "23,13": 48.41638173557172,
        "23,14": 32.74985982953846,
        "23,15": 71.84267765629824,
        "23,16": 38.30390440220895,
        "23,17": 32.334598130906905,
        "23,18": 26.633545776907837,
        "23,19": 61.08147048836476,
        "23,20": 28.757745619114928,
        "23,21": 39.387024161858264,
        "23,22": 55.00252208827021,
        "23,23": 0.0,
        "23,24": 64.08652384818642,
        "23,25": 42.82340580692147,
        "23,26": 69.05926662543568,
        "23,27": 62.98485257793099,
        "23,28": 41.10111664517308,
        "23,29": 84.74444279012098,
        "23,30": 47.42008321262083,
        "24,0": 95.36987063803,
        "24,1": 27.531791632371018,
        "24,2": 11.443422918264098,
        "24,3": 78.94751260504044,
        "24,4": 100.72986750449328,
        "24,5": 95.99723040526884,
        "24,6": 43.12255414393947,
        "24,7": 55.156546522029444,
        "24,8": 31.761308686602252,
        "24,9": 63.368180367248264,
        "24,10": 112.17574210218541,
        "24,11": 59.54552303829419,
        "24,12": 52.10191030900763,
        "24,13": 39.19286975236159,
        "24,14": 87.03582580314612,
        "24,15": 53.114698216575256,
        "24,16": 42.446518846761876,
        "24,17": 79.4873435116215,
        "24,18": 81.25861679601105,
        "24,19": 16.683740204776438,
        "24,20": 37.13699978775362,
        "24,21": 24.878546582985507,
        "24,22": 64.28167747781721,
        "24,23": 64.08652384818642,
        "24,24": 0.0,
        "24,25": 21.30764798508599,
        "24,26": 59.07283513878951,
        "24,27": 28.395434461625236,
        "24,28": 92.58837714646965,
        "24,29": 70.28453599514341,
        "24,30": 94.14593745825994,
        "25,0": 76.29177615719338,
        "25,1": 9.606161311982339,
        "25,2": 28.12363118494366,
        "25,3": 67.09231667285923,
        "25,4": 83.9968804545496,
        "25,5": 80.42263447859459,
        "25,6": 24.034570133776477,
        "25,7": 33.858554123545744,
        "25,8": 24.57767514969966,
        "25,9": 56.27078888581297,
        "25,10": 94.73159721102206,
        "25,11": 39.4554892806315,
        "25,12": 56.593874467404376,
        "25,13": 31.004637389749202,
        "25,14": 66.67896068786665,
        "25,15": 52.95282552887878,
        "25,16": 28.917153459994662,
        "25,17": 61.055950157171644,
        "25,18": 60.708158918606884,
        "25,19": 21.893220767666122,
        "25,20": 17.416282031241405,
        "25,21": 4.915097959499124,
        "25,22": 54.47066957044551,
        "25,23": 42.82340580692147,
        "25,24": 21.30764798508599,
        "25,25": 0.0,
        "25,26": 55.93008234824183,
        "25,27": 29.739144612666777,
        "25,28": 72.79416833030292,
        "25,29": 70.20938596497214,
        "25,30": 76.51690458935455,
        "26,0": 116.08478906050675,
        "26,1": 48.19787094713701,
        "26,2": 70.46225121136565,
        "26,3": 32.41096962877522,
        "26,4": 64.058739711229,
        "26,5": 56.128525560581885,
        "26,6": 46.99441363802362,
        "26,7": 65.39265142069172,
        "26,8": 80.44471691166231,
        "26,9": 11.450733747541216,
        "26,10": 76.28166178594344,
        "26,11": 55.14560331214181,
        "26,12": 20.295874890349943,
        "26,13": 25.5092194871505,
        "26,14": 101.78471401411936,
        "26,15": 8.986418667530403,
        "26,16": 32.80044100484374,
        "26,17": 56.376682597030324,
        "26,18": 95.58995457162031,
        "26,19": 72.68716596931971,
        "26,20": 49.31569586338434,
        "26,21": 52.534410806049294,
        "26,22": 19.28535354077519,
        "26,23": 69.05926662543568,
        "26,24": 59.07283513878951,
        "26,25": 55.93008234824183,
        "26,26": 0.0,
        "26,27": 83.51783638668596,
        "26,28": 110.03367849046822,
        "26,29": 15.851955072423864,
        "26,30": 62.675023704606865,
        "27,0": 79.43938441392143,
        "27,1": 39.30123449359844,
        "27,2": 21.50792402003045,
        "27,3": 96.82230576738563,
        "27,4": 112.03334003770108,
        "27,5": 109.18859420405627,
        "27,6": 52.068653391542185,
        "27,7": 54.27695372637465,
        "27,8": 11.589877805580404,
        "27,9": 85.31363822327008,
        "27,10": 122.05520663457942,
        "27,11": 64.8855890825704,
        "27,12": 79.66980758108004,
        "27,13": 59.8593873307731,
        "27,14": 75.39578702230938,
        "27,15": 78.97343187241506,
        "27,16": 58.65609218903407,
        "27,17": 88.00876646258159,
        "27,18": 70.79982190851696,
        "27,19": 11.758244136356186,
        "27,20": 45.447205156931034,
        "27,21": 34.460710177153885,
        "27,22": 84.06674761129577,
        "27,23": 62.98485257793099,
        "27,24": 28.395434461625236,
        "27,25": 29.739144612666777,
        "27,26": 83.51783638668596,
        "27,27": 0.0,
        "27,28": 78.72277134970325,
        "27,29": 96.44702613338701,
        "27,30": 103.93905959953375,
        "28,0": 7.5749223126727845,
        "28,1": 72.33950460872543,
        "28,2": 94.44270284226884,
        "28,3": 97.35480866633198,
        "28,4": 87.25972684788903,
        "28,5": 90.95185526660899,
        "28,6": 64.53692755315672,
        "28,7": 45.24630386925658,
        "28,8": 67.570464221212,
        "28,9": 102.99419517472076,
        "28,10": 89.79170600199507,
        "28,11": 55.38351039492129,
        "28,12": 120.79037452943739,
        "28,13": 88.0882177047238,
        "28,14": 8.568817291103203,
        "28,15": 112.30864398152275,
        "28,16": 78.3838001629312,
        "28,17": 67.14625122917806,
        "28,18": 14.468266773832013,
        "28,19": 82.85924596189234,
        "28,20": 65.1822441647035,
        "28,21": 71.4631853100851,
        "28,22": 95.9468862886015,
        "28,23": 41.10111664517308,
        "28,24": 92.58837714646965,
        "28,25": 72.79416833030292,
        "28,26": 110.03367849046822,
        "28,27": 78.72277134970325,
        "28,28": 0.0,
        "28,29": 125.77929283707842,
        "28,30": 78.15445539923991,
        "29,0": 131.88799454701055,
        "29,1": 63.1131882958756,
        "29,2": 81.34293932426831,
        "29,3": 41.46096756135649,
        "29,4": 73.38111812931706,
        "29,5": 64.95316212270625,
        "29,6": 62.81850362284994,
        "29,7": 81.23589074215319,
        "29,8": 94.43840055711067,
        "29,9": 24.110463709786536,
        "29,10": 85.0785529020858,
        "29,11": 70.7032130398338,
        "29,12": 20.919440687678694,
        "29,13": 40.768955554517795,
        "29,14": 117.49092835187218,
        "29,15": 17.483492785909316,
        "29,16": 48.599776697404494,
        "29,17": 69.71967352015245,
        "29,18": 111.3232733419782,
        "29,19": 85.1699502768431,
        "29,20": 64.92977717294757,
        "29,21": 67.20741209318534,
        "29,22": 32.29678066355824,
        "29,23": 84.74444279012098,
        "29,24": 70.28453599514341,
        "29,25": 70.20938596497214,
        "29,26": 15.851955072423864,
        "29,27": 96.44702613338701,
        "29,28": 125.77929283707842,
        "29,29": 0.0,
        "29,30": 73.67580410048289,
        "30,0": 85.70973719066085,
        "30,1": 67.59849477354808,
        "30,2": 103.7610687527202,
        "30,3": 32.46364327449421,
        "30,4": 9.447817475999424,
        "30,5": 13.654020838932459,
        "30,6": 52.51186916709778,
        "30,7": 53.114677838865255,
        "30,8": 94.5119721554762,
        "30,9": 51.29373639240654,
        "30,10": 18.216425374302876,
        "30,11": 39.51478749996086,
        "30,12": 82.18249796245982,
        "30,13": 59.49719012900251,
        "30,14": 70.09404288090643,
        "30,15": 70.33426729936501,
        "30,16": 52.43954384808211,
        "30,17": 16.051783206878206,
        "30,18": 66.13060340164907,
        "30,19": 98.283668964678,
        "30,20": 59.19813138761471,
        "30,21": 71.67155209433245,
        "30,22": 43.47310344316089,
        "30,23": 47.42008321262083,
        "30,24": 94.14593745825994,
        "30,25": 76.51690458935455,
        "30,26": 62.675023704606865,
        "30,27": 103.93905959953375,
        "30,28": 78.15445539923991,
        "30,29": 73.67580410048289,
        "30,30": 0.0
    }
}