{
    "num_robots": 4,
    "num_tasks": 60,
    "num_nodes": 61,
    "robot_capacity": [
        193,
        198,
        216,
        195
    ],
    "robot_speed": [
        0.98,
        1.01,
        1.13,
        1.09
    ],
    "task_demand": {
        "0": 0,
        "1": 8,
        "2": 12,
        "3": 10,
        "4": 8,
        "5": 15,
        "6": 9,
        "7": 15,
        "8": 13,
        "9": 13,
        "10": 7,
        "11": 9,
        "12": 6,
        "13": 12,
        "14": 13,
        "15": 11,
        "16": 15,
        "17": 9,
        "18": 7,
        "19": 6,
        "20": 5,
        "21": 14,
        "22": 5,
        "23": 14,
        "24": 6,
        "25": 5,
        "26": 6,
        "27": 6,
        "28": 9,
        "29": 8,
        "30": 12,
        "31": 9,
        "32": 9,
        "33": 6,
        "34": 11,
        "35": 15,
        "36": 14,
        "37": 11,
        "38": 10,
        "39": 9,
        "40": 8,
        "41": 9,
        "42": 13,
        "43": 12,
        "44": 7,
        "45": 9,
        "46": 10,
        "47": 13,
        "48": 10,
        "49": 13,
        "50": 8,
        "51": 9,
        "52": 5,
        "53": 11,
        "54": 8,
        "55": 7,
        "56": 10,
        "57": 14,
        "58": 15,
        "59": 6,
        "60": 5
    },
    "task_service_time": {
        "0": 0,
        "1": 14,
        "2": 53,
        "3": 52,
        "4": 44,
        "5": 79,
        "6": 17,
        "7": 72,
        "8": 11,
        "9": 63,
        "10": 94,
        "11": 27,
        "12": 96,
        "13": 96,
        "14": 91,
        "15": 84,
        "16": 71,
        "17": 34,
        "18": 72,
        "19": 42,
        "20": 65,
        "21": 12,
        "22": 56,
        "23": 50,
        "24": 35,
        "25": 86,
        "26": 78,
        "27": 45,
        "28": 10,
        "29": 29,
        "30": 32,
        "31": 82,
        "32": 36,
        "33": 29,
        "34": 22,
        "35": 40,
        "36": 39,
        "37": 97,
        "38": 25,
        "39": 20,
        "40": 55,
        "41": 64,
        "42": 56,
        "43": 30,
        "44": 25,
        "45": 81,
        "46": 84,
        "47": 67,
        "48": 15,
        "49": 46,
        "50": 98,
        "51": 100,
        "52": 54,
        "53": 65,
        "54": 99,
        "55": 56,
        "56": 80,
        "57": 63,
        "58": 20,
        "59": 38,
        "60": 84
    },
    "task_precedence": [],
    "coordinates": {
        "0": [
            0,
            0
        ],
        "1": [
            7.697030640747748,
            25.281189158707875
        ],
        "2": [
            34.02410441928869,
            29.247430851176127
        ],
        "3": [
            86.50588959151877,
            3.5186679105001506
        ],
        "4": [
            40.88750824579851,
            83.77565333368314
        ],
        "5": [
            62.70362364154458,
            83.93368826403672
        ],
        "6": [
            91.74865915367613,
            86.31545049533732
        ],
        "7": [
            24.504466571449377,
            88.55357614656921
        ],
        "8": [
            67.47691456427984,
            51.20890963497313
        ],
        "9": [
            79.21916675563753,
            67.67645785829868
        ],
        "10": [
            43.29035677858729,
            65.86340255572118
        ],
        "11": [
            70.1538988673837,
            2.3287578122313746
        ],
        "12": [
            10.155778272118287,
            85.3123821558496
        ],
        "13": [
            74.00595489493753,
            93.71345519433135
        ],
        "14": [
            98.56234901004086,
            49.0236987988722
        ],
        "15": [
            50.076272737737995,
            78.85477123625911
        ],
        "16": [
            8.141189307938435,
            87.07914103594797
        ],
        "17": [
            64.91404877711518,
            20.40442938575441
        ],
        "18": [
            13.052328968677319,
            38.709683000474605
        ],
        "19": [
            67.79100455356759,
            16.974045034575624
        ],
        "20": [
            74.77598798685491,
            8.691201845354247
        ],
        "21": [
            97.78777543308804,
            18.98560456147338
        ],
        "22": [
            66.90031715862447,
            4.092362280369
        ],
        "23": [
            71.01418545550638,
            60.031687772883544
        ],
        "24": [
            13.737790765215196,
            66.51249273398052
        ],
        "25": [
            6.370133995917349,
            7.638506023868919
        ],
        "26": [
            90.17499659896365,
            63.54217872842612
        ],
        "27": [
            20.991644338770122,
            77.78743808909783
        ],
        "28": [
            94.60499224298418,
            79.96897896707709
        ],
        "29": [
            31.214907126486935,
            22.402586472238227
        ],
        "30": [
            10.054561008589358,
            89.05877233326888
        ],
        "31": [
            99.78483931087165,
            84.5835010243462
        ],
        "32": [
            41.94189079607018,
            72.51775267078158
        ],
        "33": [
            25.155813974585982,
            70.39171087672892
        ],
        "34": [
            13.71088504512713,
            65.66637378709811
        ],
        "35": [
            44.79954785820384,
            34.52511766960568
        ],
        "36": [
            28.69585095525615,
            44.92554565546377
        ],
        "37": [
            54.66621346399896,
            20.59258960303092
        ],
        "38": [
            98.13734350804687,
            90.12086412561621
        ],
        "39": [
            50.23965230241947,
            73.34057832853509
        ],
        "40": [
            56.717355759224255,
            51.32066611951001
        ],
        "41": [
            64.7184814154278,
            37.842709778040295
        ],
        "42": [
            21.01556613303407,
            83.36422821765198
        ],
        "43": [
            19.99579930371813,
            69.27624456501503
        ],
        "44": [
            32.916546734843486,
            81.09293248106546
        ],
        "45": [
            63.99632869155178,
            24.854101607477965
        ],
        "46": [
            20.869527996009964,
            77.3830308311666
        ],
        "47": [
            88.0319773271611,
            33.0080932883445
        ],
        "48": [
            70.62820955008078,
            70.97425788072931
        ],
        "49": [
            70.09728041056593,
            71.88555476392908
        ],
        "50": [
            3.4008612878422606,
            28.50411869908426
        ],
        "51": [
            76.3001041354814,
            43.747259874403156
        ],
        "52": [
            99.45042318805648,
            62.626320664515845
        ],
        "53": [
            90.89368944312656,
            9.967110338391482
        ],
        "54": [
            83.49174334893308,
            12.851694923163336
        ],
        "55": [
            2.2192605115972097,
            46.28380535920273
        ],
        "56": [
            27.70469840064709,
            70.04708871946441
        ],
        "57": [
            75.80212726947929,
            81.95943735980215
        ],
        "58": [
            46.722840094527506,
            27.974621919583043
        ],
        "59": [
            44.566102359918055,
            32.10787013486557
        ],
        "60": [
            70.15058272962601,
            57.27782599489687
        ]
    },
    "distance_matrix_str_keys": {
        "0,0": 0.0,
        "0,1": 26.426933343900842,
        "0,2": 44.86704684876183,
        "0,3": 86.57742175581586,
        "0,4": 93.22096557124742,
        "0,5": 104.76931059897724,
        "0,6": 125.96893843607029,
        "0,7": 91.88147109345557,
        "0,8": 84.70824295851003,
        "0,9": 104.19107125710717,
        "0,10": 78.81651341079709,
        "0,11": 70.1925397691459,
        "0,12": 85.9147390231627,
        "0,13": 119.41144436096347,
        "0,14": 110.08115045864868,
        "0,15": 93.41149842512472,
        "0,16": 87.4588804347861,
        "0,17": 68.04538534828006,
        "0,18": 40.85098345822051,
        "0,19": 69.88374992240773,
        "0,20": 75.27938209713838,
        "0,21": 99.61376513673548,
        "0,22": 67.02536732430738,
        "0,23": 92.98826846850106,
        "0,24": 67.91640880373934,
        "0,25": 9.946123938631757,
        "0,26": 110.3138182150285,
        "0,27": 80.57006054677288,
        "0,28": 123.87551071269864,
        "0,29": 38.421950855745415,
        "0,30": 89.62454533544069,
        "0,31": 130.8104842962981,
        "0,32": 83.77318578143083,
        "0,33": 74.75164170021266,
        "0,34": 67.08249410291464,
        "0,35": 56.55955479315245,
        "0,36": 53.308128033982165,
        "0,37": 58.416176193331566,
        "0,38": 133.23928978182136,
        "0,39": 88.89804887078226,
        "0,40": 76.489667375853,
        "0,41": 74.97034427067852,
        "0,42": 85.9723709468146,
        "0,43": 72.1042998081692,
        "0,44": 87.51892793747977,
        "0,45": 68.65316054423113,
        "0,46": 80.14780508157115,
        "0,47": 94.0168243170437,
        "0,48": 100.1283639433422,
        "0,49": 100.40498844517316,
        "0,50": 28.70628224466953,
        "0,51": 87.95185408849476,
        "0,52": 117.5263490127141,
        "0,53": 91.43853711144557,
        "0,54": 84.47506892475539,
        "0,55": 46.336980434064735,
        "0,56": 75.32692049688038,
        "0,57": 111.63920400519554,
        "0,58": 54.45735265363533,
        "0,59": 54.92770525110335,
        "0,60": 90.56408564109609,
        "1,0": 26.426933343900842,
        "1,1": 0.0,
        "1,2": 26.624159834702983,
        "1,3": 81.75844653735304,
        "1,4": 67.25481501549788,
        "1,5": 80.41045283329719,
        "1,6": 103.87423796391141,
        "1,7": 65.46666982294369,
        "1,8": 65.16042672517051,
        "1,9": 83.14309810529869,
        "1,10": 53.979634212870856,
        "1,11": 66.54077316498574,
        "1,12": 60.08152438624413,
        "1,13": 95.28823888874336,
        "1,14": 93.91598823611606,
        "1,15": 68.30906863173755,
        "1,16": 61.799548001124755,
        "1,17": 57.424471702406606,
        "1,18": 14.456959121457468,
        "1,19": 60.665429563580744,
        "1,20": 69.10003037407508,
        "1,21": 90.3104461436191,
        "1,22": 62.8808040581386,
        "1,23": 72.22644424149604,
        "1,24": 41.67146718556531,
        "1,25": 17.692510361799794,
        "1,26": 90.92039480478903,
        "1,27": 54.16320642391587,
        "1,28": 102.68275485192329,
        "1,29": 23.693392915009753,
        "1,30": 63.82114120746622,
        "1,31": 109.53049209363928,
        "1,32": 58.34383754508922,
        "1,33": 48.37115137320959,
        "1,34": 40.83049818782818,
        "1,35": 38.236723162245674,
        "1,36": 28.755020375104003,
        "1,37": 47.20261752146263,
        "1,38": 111.28177587255368,
        "1,39": 64.18395083839141,
        "1,40": 55.5071764289383,
        "1,41": 58.38867740169471,
        "1,42": 59.59045908517669,
        "1,43": 45.681775478075494,
        "1,44": 61.24520131978571,
        "1,45": 56.30091797466256,
        "1,46": 53.741200137662965,
        "1,47": 80.70569190916756,
        "1,48": 77.77010870606944,
        "1,49": 77.88297673305007,
        "1,50": 5.370693244924261,
        "1,51": 71.04489749870068,
        "1,52": 99.06232326735841,
        "1,53": 84.59435587552102,
        "1,54": 76.8071012437508,
        "1,55": 21.70520335894375,
        "1,56": 49.03358576194747,
        "1,57": 88.60433401337491,
        "1,58": 39.11864496068443,
        "1,59": 37.49576006141971,
        "1,60": 70.17286467962667,
        "2,0": 44.86704684876183,
        "2,1": 26.624159834702983,
        "2,2": 0.0,
        "2,3": 58.44918320491408,
        "2,4": 54.95846940360997,
        "2,5": 61.750316376885024,
        "2,6": 81.17193533105922,
        "2,7": 60.06531756806327,
        "2,8": 40.017459401716,
        "2,9": 59.324394445292164,
        "2,10": 37.77026365613895,
        "2,11": 45.055266118836855,
        "2,12": 60.93419202601366,
        "2,13": 75.85787145754503,
        "2,14": 67.5002651016633,
        "2,15": 52.13981518767891,
        "2,16": 63.3595454336346,
        "2,17": 32.13078488532559,
        "2,18": 23.007598338109293,
        "2,19": 35.92825551124762,
        "2,20": 45.642902682062925,
        "2,21": 64.58413752583579,
        "2,22": 41.395927805571326,
        "2,23": 48.12417863494028,
        "2,24": 42.42899196069463,
        "2,25": 35.09540870781975,
        "2,26": 65.79553498937162,
        "2,27": 50.259101846409884,
        "2,28": 79.01088160994556,
        "2,29": 7.398883970016186,
        "2,30": 64.43551490602763,
        "2,31": 85.9450691761375,
        "2,32": 43.98877233431924,
        "2,33": 42.08917146051592,
        "2,34": 41.70091468916185,
        "2,35": 11.998506551178965,
        "2,36": 16.55879128419095,
        "2,37": 22.383095023796532,
        "2,38": 88.40860990350419,
        "2,39": 46.98031127621691,
        "2,40": 31.657722147822103,
        "2,41": 31.875125082291195,
        "2,42": 55.65833114232909,
        "2,43": 42.41579035869497,
        "2,44": 51.85733046811445,
        "2,45": 30.292500221513084,
        "2,46": 49.90069003841068,
        "2,47": 54.13864532844563,
        "2,48": 55.50665371268863,
        "2,49": 55.850547328535065,
        "2,50": 30.63226294029105,
        "2,51": 44.6934580638637,
        "2,52": 73.44898551241869,
        "2,53": 60.048983837024494,
        "2,54": 52.11398524287698,
        "2,55": 36.080273729149546,
        "2,56": 41.28615960098277,
        "2,57": 67.26038078569344,
        "2,58": 12.762363822032585,
        "2,59": 10.92317872580631,
        "2,60": 45.725545234807164,
        "3,0": 86.57742175581586,
        "3,1": 81.75844653735304,
        "3,2": 58.44918320491408,
        "3,3": 0.0,
        "3,4": 92.31587309786201,
        "3,5": 83.86371898987667,
        "3,6": 82.96260506446671,
        "3,7": 105.23835838338735,
        "3,8": 51.34648036940747,
        "3,9": 64.57025894847249,
        "3,10": 75.85807942657513,
        "3,11": 16.395227558169516,
        "3,12": 111.8908002855227,
        "3,13": 91.05683950475303,
        "3,14": 47.07511072596818,
        "3,15": 83.68181073819267,
        "3,16": 114.55731718002156,
        "3,17": 27.4105186078944,
        "3,18": 81.44834627686589,
        "3,19": 23.049817689839163,
        "3,20": 12.819738646412134,
        "3,21": 19.144374565585064,
        "3,22": 19.613964302289425,
        "3,23": 58.59790364000988,
        "3,24": 96.24665278692042,
        "3,25": 80.2415876647411,
        "3,26": 60.13554853114552,
        "3,27": 99.03517837050963,
        "3,28": 76.87812123358859,
        "3,29": 58.42683563393463,
        "3,30": 114.72538998300774,
        "3,31": 82.14522307124628,
        "3,32": 82.13905092218465,
        "3,33": 90.75150496695055,
        "3,34": 95.71546391588618,
        "3,35": 51.969403185335715,
        "3,36": 71.10928273940429,
        "3,37": 36.12871126774421,
        "3,38": 87.37980950708108,
        "3,39": 78.67870831129189,
        "3,40": 56.323953879783126,
        "3,41": 40.6550243531626,
        "3,42": 103.26807816290555,
        "3,43": 93.52887788039475,
        "3,44": 94.28459148489937,
        "3,45": 31.014207437035353,
        "3,46": 98.81333955075249,
        "3,47": 29.528886753352694,
        "3,48": 69.29904286301478,
        "3,49": 70.30841822486694,
        "3,50": 86.7797123783182,
        "3,51": 41.50298384662078,
        "3,52": 60.508475142918556,
        "3,53": 7.79969212748801,
        "3,54": 9.807674076497143,
        "3,55": 94.51504019288518,
        "3,56": 88.78970019546227,
        "3,57": 79.16770073486575,
        "3,58": 46.69887272487885,
        "3,59": 50.75714961320818,
        "3,60": 56.19202025634809,
        "4,0": 93.22096557124742,
        "4,1": 67.25481501549788,
        "4,2": 54.95846940360997,
        "4,3": 92.31587309786201,
        "4,4": 0.0,
        "4,5": 21.81668778709822,
        "4,6": 50.92452494914652,
        "4,7": 17.065538400805217,
        "4,8": 42.04270832744678,
        "4,9": 41.57523468447958,
        "4,10": 18.07269788947195,
        "4,11": 86.54547018820506,
        "4,12": 30.7701277645718,
        "4,13": 34.57732514630608,
        "4,14": 67.33561911180648,
        "4,15": 10.423457847810209,
        "4,16": 32.91252702207882,
        "4,17": 67.7730527168545,
        "4,18": 52.96922585297154,
        "4,19": 72.01564402912422,
        "4,20": 82.37781202765224,
        "4,21": 86.22871230564827,
        "4,22": 83.82179370916833,
        "4,23": 38.35873538387793,
        "4,24": 32.173341032081446,
        "4,25": 83.59613822170681,
        "4,26": 53.27898274896931,
        "4,27": 20.77749076338331,
        "4,28": 53.85219453951041,
        "4,29": 62.130608788202736,
        "4,30": 31.282295019648206,
        "4,31": 58.90287110557633,
        "4,32": 11.307168075963,
        "4,33": 20.654687611628567,
        "4,34": 32.65753901149982,
        "4,35": 49.40566078019395,
        "4,36": 40.71814551399994,
        "4,37": 64.66801574102706,
        "4,38": 57.60039355376524,
        "4,39": 14.012615345425578,
        "4,40": 36.109697691485216,
        "4,41": 51.74698624941807,
        "4,42": 19.876200692264153,
        "4,43": 25.430225267612766,
        "4,44": 8.41030430972602,
        "4,45": 63.2911276579738,
        "4,46": 21.013927660972975,
        "4,47": 69.28164344125085,
        "4,48": 32.37877452303352,
        "4,49": 31.537045421473604,
        "4,50": 66.78466321704492,
        "4,51": 53.44459028355362,
        "4,52": 62.2648317984177,
        "4,53": 89.15334641519533,
        "4,54": 82.73650177122735,
        "4,55": 53.85974421936215,
        "4,56": 19.033128008296476,
        "4,57": 34.96182578230937,
        "4,58": 56.10531351540758,
        "4,59": 51.798570205522566,
        "4,60": 39.477365437959065,
        "5,0": 104.76931059897724,
        "5,1": 80.41045283329719,
        "5,2": 61.750316376885024,
        "5,3": 83.86371898987667,
        "5,4": 21.81668778709822,
        "5,5": 0.0,
        "5,6": 29.142526987676153,
        "5,7": 38.477512457446814,
        "5,8": 33.0710665469725,
        "5,9": 23.174570218640874,
        "5,10": 26.521880700141697,
        "5,11": 81.944318137286,
        "5,12": 52.56592860224633,
        "5,13": 14.946121000858634,
        "5,14": 50.045534760966795,
        "5,15": 13.610488199286399,
        "5,16": 54.653024742912514,
        "5,17": 63.56770180605693,
        "5,18": 67.1599710748195,
        "5,19": 67.15262664975012,
        "5,20": 76.20481443682897,
        "5,21": 73.81836684435139,
        "5,22": 79.95154514646102,
        "5,23": 25.30555403745918,
        "5,24": 51.97259703891147,
        "5,25": 94.8388996599729,
        "5,26": 34.212424545865105,
        "5,27": 42.16237195139786,
        "5,28": 32.14679203986479,
        "5,29": 69.1202991564586,
        "5,30": 52.89792323754818,
        "5,31": 37.08690890514614,
        "5,32": 23.693314167000786,
        "5,33": 39.91519964054427,
        "5,34": 52.287505327527946,
        "5,35": 52.552476419674875,
        "5,36": 51.75097866565453,
        "5,37": 63.848999537544714,
        "5,38": 35.969843601548654,
        "5,39": 16.357400760761337,
        "5,40": 33.157874126039644,
        "5,41": 46.13499701577494,
        "5,42": 41.691946747271324,
        "5,43": 45.15306097553777,
        "5,44": 29.922229931343857,
        "5,45": 59.093727635478785,
        "5,46": 42.34386226222822,
        "5,47": 56.87654810246428,
        "5,48": 15.190322500907007,
        "5,49": 14.135900440173987,
        "5,50": 81.17422500360318,
        "5,51": 42.42420663415111,
        "5,52": 42.47741977724917,
        "5,53": 79.15639241355098,
        "5,54": 74.05940654826153,
        "5,55": 71.24515328064814,
        "5,56": 37.65318598643742,
        "5,57": 13.246450993526137,
        "5,58": 58.19624170785928,
        "5,59": 54.90796939424531,
        "5,60": 27.676563966123247,
        "6,0": 125.96893843607029,
        "6,1": 103.87423796391141,
        "6,2": 81.17193533105922,
        "6,3": 82.96260506446671,
        "6,4": 50.92452494914652,
        "6,5": 29.142526987676153,
        "6,6": 0.0,
        "6,7": 67.28142865952167,
        "6,8": 42.68005150645097,
        "6,9": 22.458856299377484,
        "6,10": 52.59746509100888,
        "6,11": 86.71849986980237,
        "6,12": 81.59904629740332,
        "6,13": 19.223267878781655,
        "6,14": 37.9091165031518,
        "6,15": 42.33496810682754,
        "6,16": 83.61095763862387,
        "6,17": 71.16430999995514,
        "6,18": 91.97511339140215,
        "6,19": 73.36347677974275,
        "6,20": 79.45813705978415,
        "6,21": 67.60014111608135,
        "6,22": 85.89572943697206,
        "6,23": 33.4776728938907,
        "6,24": 80.48510870229259,
        "6,25": 116.10148211577909,
        "6,26": 22.827578075777087,
        "6,27": 71.26908264540664,
        "6,28": 6.959622085723746,
        "6,29": 88.02947984694892,
        "6,30": 81.74014611221062,
        "6,31": 8.220695864035438,
        "6,32": 51.682595131107405,
        "6,33": 68.47023084879669,
        "6,34": 80.72346967716184,
        "6,35": 69.903201826774,
        "6,36": 75.4240070823642,
        "6,37": 75.46258822885228,
        "6,38": 7.436159000269819,
        "6,39": 43.48959596872028,
        "6,40": 49.51592825571164,
        "6,41": 55.49988379454141,
        "6,42": 70.79463370340373,
        "6,43": 73.74827072808992,
        "6,44": 59.06345863621226,
        "6,45": 67.43655724600808,
        "6,46": 71.43976032100406,
        "6,47": 53.43676689502721,
        "6,48": 26.104129602354377,
        "6,49": 26.019302302270095,
        "6,50": 105.58164363088264,
        "6,51": 45.28475135065198,
        "6,52": 24.909677665172435,
        "6,53": 76.35312709985536,
        "6,54": 73.92631494518538,
        "6,55": 98.07163623350887,
        "6,56": 66.07789724110633,
        "6,57": 16.530781275265287,
        "6,58": 73.69516036248743,
        "6,59": 71.8655371797443,
        "6,60": 36.18923240202379,
        "7,0": 91.88147109345557,
        "7,1": 65.46666982294369,
        "7,2": 60.06531756806327,
        "7,3": 105.23835838338735,
        "7,4": 17.065538400805217,
        "7,5": 38.477512457446814,
        "7,6": 67.28142865952167,
        "7,7": 0.0,
        "7,8": 56.932024409455565,
        "7,9": 58.562381135572345,
        "7,10": 29.457658570522156,
        "7,11": 97.56326135247147,
        "7,12": 14.710207150031499,
        "7,13": 49.769686537369,
        "7,14": 83.94749045928775,
        "7,15": 27.34929774773919,
        "7,16": 16.429570952948435,
        "7,17": 79.22903847872658,
        "7,18": 51.14259613699839,
        "7,19": 83.6501861605234,
        "7,20": 94.36749808301023,
        "7,21": 101.04526722303737,
        "7,22": 94.50452261538643,
        "7,23": 54.55870294531381,
        "7,24": 24.530199059878026,
        "7,25": 82.92226836575027,
        "7,26": 70.27224569417821,
        "7,27": 11.324736143104586,
        "7,28": 70.62420978785995,
        "7,29": 66.49047636568818,
        "7,30": 14.458734175667967,
        "7,31": 75.38498535028342,
        "7,32": 23.689900762477127,
        "7,33": 18.173541303758157,
        "7,34": 25.30465241825591,
        "7,35": 57.714509872587016,
        "7,36": 43.828903107260686,
        "7,37": 74.35339042425178,
        "7,38": 73.64955503986005,
        "7,39": 29.89540244283455,
        "7,40": 49.2337264373412,
        "7,41": 64.72062235268226,
        "7,42": 6.253139867021371,
        "7,43": 19.797565341129634,
        "7,44": 11.243855947982878,
        "7,45": 74.94818363555926,
        "7,46": 11.747078832232331,
        "7,47": 84.3862861415906,
        "7,48": 49.360227886938915,
        "7,49": 48.54407904760875,
        "7,50": 63.64981929042373,
        "7,51": 68.4864515692406,
        "7,52": 79.30396578992769,
        "7,53": 102.87546608266284,
        "7,54": 95.97017058641774,
        "7,55": 47.78455745893827,
        "7,56": 18.781149076938775,
        "7,57": 51.71975115397742,
        "7,58": 64.52492400031406,
        "7,59": 59.90481581366262,
        "7,60": 55.332996194635854,
        "8,0": 84.70824295851003,
        "8,1": 65.16042672517051,
        "8,2": 40.017459401716,
        "8,3": 51.34648036940747,
        "8,4": 42.04270832744678,
        "8,5": 33.0710665469725,
        "8,6": 42.68005150645097,
        "8,7": 56.932024409455565,
        "8,8": 0.0,
        "8,9": 20.225247365928478,
        "8,10": 28.279740810072845,
        "8,11": 48.95340118085105,
        "8,12": 66.69902176049314,
        "8,13": 43.00307850429912,
        "8,14": 31.162146605776677,
        "8,15": 32.666129241969514,
        "8,16": 69.3354295613398,
        "8,17": 30.910908826295056,
        "8,18": 55.84143787290602,
        "8,19": 34.23630538958491,
        "8,20": 43.13967951331535,
        "8,21": 44.23900627803572,
        "8,22": 47.12007533086999,
        "8,23": 9.50545629776438,
        "8,24": 55.87569312643397,
        "8,25": 75.04944171853997,
        "8,26": 25.832391576947703,
        "8,27": 53.54716166824696,
        "8,28": 39.53573303391811,
        "8,29": 46.311310039497535,
        "8,30": 68.77455048311519,
        "8,31": 46.4506765487765,
        "8,32": 33.258145323630934,
        "8,33": 46.465636965436005,
        "8,34": 55.67588526430792,
        "8,35": 28.153363476954294,
        "8,36": 39.286786042461365,
        "8,37": 33.18844851720314,
        "8,38": 49.53990417126042,
        "8,39": 28.052343385994437,
        "8,40": 10.760139180851017,
        "8,41": 13.647866208757952,
        "8,42": 56.50328672920891,
        "8,43": 50.80241035483512,
        "8,44": 45.688880988394835,
        "8,45": 26.58364881244781,
        "8,46": 53.4540279409996,
        "8,47": 27.455060023057538,
        "8,48": 20.01498566983127,
        "8,49": 20.84202415690857,
        "8,50": 67.97976268660614,
        "8,51": 11.555297112526969,
        "8,52": 33.95088405818385,
        "8,53": 47.426061980161386,
        "8,54": 41.56622019680928,
        "8,55": 65.44324307815755,
        "8,56": 44.00802392503093,
        "8,57": 31.857559886819526,
        "8,58": 31.153871873934904,
        "8,59": 29.828761721670613,
        "8,60": 6.631760493423717,
        "9,0": 104.19107125710717,
        "9,1": 83.14309810529869,
        "9,2": 59.324394445292164,
        "9,3": 64.57025894847249,
        "9,4": 41.57523468447958,
        "9,5": 23.174570218640874,
        "9,6": 22.458856299377484,
        "9,7": 58.562381135572345,
        "9,8": 20.225247365928478,
        "9,9": 0.0,
        "9,10": 35.9745264860733,
        "9,11": 65.97348697163574,
        "9,12": 71.27957249208532,
        "9,13": 26.553772014181252,
        "9,14": 26.871622955379532,
        "9,15": 31.21318570275091,
        "9,16": 73.67864678825104,
        "9,17": 49.389078512242754,
        "9,18": 72.22966473956372,
        "9,19": 51.974393286156364,
        "9,20": 59.15236482579507,
        "9,21": 52.11134639394048,
        "9,22": 64.76643626028164,
        "9,23": 11.21446511405515,
        "9,24": 65.49172021263213,
        "9,25": 94.40093873738806,
        "9,26": 11.709930464337303,
        "9,27": 59.09886875426981,
        "9,28": 19.69339232171158,
        "9,29": 65.98584979239443,
        "9,30": 72.39437865228992,
        "9,31": 26.623204094693488,
        "9,32": 37.59033703529554,
        "9,33": 54.13149464851796,
        "9,34": 65.53911359361588,
        "9,35": 47.788299000393664,
        "9,36": 55.40947072050201,
        "9,37": 53.10120681510729,
        "9,38": 29.353854675796903,
        "9,39": 29.527860041757606,
        "9,40": 27.818041295550145,
        "9,41": 33.17110790811929,
        "9,42": 60.28072050235738,
        "9,43": 59.244970840165436,
        "9,44": 48.207202906758475,
        "9,45": 45.44765113399791,
        "9,46": 59.15148267166801,
        "9,47": 35.770953749163745,
        "9,48": 9.202175324109561,
        "9,49": 10.04615883078658,
        "9,50": 85.33983594554442,
        "9,51": 24.106585049169908,
        "9,52": 20.85204120728524,
        "9,53": 58.878376940555306,
        "9,54": 54.99099509591881,
        "9,55": 79.91640096086707,
        "9,56": 51.56898622793765,
        "9,57": 14.686036302908049,
        "9,58": 51.305428790433695,
        "9,59": 49.65842632075081,
        "9,60": 13.797491107711814,
        "10,0": 78.81651341079709,
        "10,1": 53.979634212870856,
        "10,2": 37.77026365613895,
        "10,3": 75.85807942657513,
        "10,4": 18.07269788947195,
        "10,5": 26.521880700141697,
        "10,6": 52.59746509100888,
        "10,7": 29.457658570522156,
        "10,8": 28.279740810072845,
        "10,9": 35.9745264860733,
        "10,10": 0.0,
        "10,11": 68.98043908412002,
        "10,12": 38.4208680314171,
        "10,13": 41.461710042140034,
        "10,14": 57.78034914962264,
        "10,15": 14.656886285917556,
        "10,16": 41.05571255186171,
        "10,17": 50.339867871449144,
        "10,18": 40.64065466399217,
        "10,19": 54.685016414224826,
        "10,20": 65.26871767278348,
        "10,21": 71.8853015907524,
        "10,22": 66.1293554017133,
        "10,23": 28.33054136114466,
        "10,24": 29.559693436066418,
        "10,25": 68.9437555291767,
        "10,26": 46.942065688919385,
        "10,27": 25.286660512509076,
        "10,28": 53.218033585811305,
        "10,29": 45.10719475807314,
        "10,30": 40.52953613825583,
        "10,31": 59.515280754320564,
        "10,32": 6.789604992914546,
        "10,33": 18.691367498400524,
        "10,34": 29.58012793018708,
        "10,35": 31.374603699778095,
        "10,36": 25.522410775686986,
        "10,37": 46.67822426704441,
        "10,38": 59.971796664069096,
        "10,39": 10.20788253337142,
        "10,40": 19.793319193079522,
        "10,41": 35.27497341165758,
        "10,42": 28.327463655479658,
        "10,43": 23.543234665830933,
        "10,44": 18.427005089559092,
        "10,45": 45.94017889738846,
        "10,46": 25.207050579194885,
        "10,47": 55.509314140669495,
        "10,48": 27.811491083885066,
        "10,49": 27.475033609252566,
        "10,50": 54.65242849853005,
        "10,51": 39.73370342249002,
        "10,52": 56.25328220012019,
        "10,53": 73.41983903834102,
        "10,54": 66.53114029007898,
        "10,55": 45.49940191859975,
        "10,56": 16.137409240350635,
        "10,57": 36.27805889055562,
        "10,58": 38.04394353648954,
        "10,59": 33.779631374597905,
        "10,60": 28.199004645955675,
        "11,0": 70.1925397691459,
        "11,1": 66.54077316498574,
        "11,2": 45.055266118836855,
        "11,3": 16.395227558169516,
        "11,4": 86.54547018820506,
        "11,5": 81.944318137286,
        "11,6": 86.71849986980237,
        "11,7": 97.56326135247147,
        "11,8": 48.95340118085105,
        "11,9": 65.97348697163574,
        "11,10": 68.98043908412002,
        "11,11": 0.0,
        "11,12": 102.40144717808806,
        "11,13": 91.46584745825845,
        "11,14": 54.65763947751227,
        "11,15": 79.11600218398492,
        "11,16": 105.01525414658072,
        "11,17": 18.819828155494825,
        "11,18": 67.70643250422667,
        "11,19": 14.834679213357607,
        "11,20": 7.864121178043672,
        "11,21": 32.26579733520183,
        "11,22": 3.7008235104646117,
        "11,23": 57.70934256303423,
        "11,24": 85.45366628706415,
        "11,25": 64.00439115599407,
        "11,26": 64.40440400035315,
        "11,27": 90.06075560121924,
        "11,28": 81.39938518340102,
        "11,29": 43.80871688224775,
        "11,30": 105.51789341095133,
        "11,31": 87.42903071895788,
        "11,32": 75.64662846862011,
        "11,33": 81.59285032329382,
        "11,34": 84.8378889808035,
        "11,35": 40.98107737922764,
        "11,36": 59.4411984337935,
        "11,37": 23.94652272954963,
        "11,38": 92.14405626462145,
        "11,39": 73.75131096658501,
        "11,40": 50.80106072008954,
        "11,41": 35.92749013091243,
        "11,42": 94.76984334554668,
        "11,43": 83.65285969022656,
        "11,44": 87.12299125434917,
        "11,45": 23.351804717502002,
        "11,46": 89.7891592041488,
        "11,47": 35.508411886056656,
        "11,48": 68.64713868966332,
        "11,49": 69.55681999509002,
        "11,50": 71.70158675826261,
        "11,51": 41.87204499748872,
        "11,52": 67.03791780177072,
        "11,53": 22.101659268922973,
        "11,54": 16.989123016054315,
        "11,55": 80.91453079260863,
        "11,56": 79.92313157732688,
        "11,57": 79.8307435095662,
        "11,58": 34.7379455499284,
        "11,59": 39.262333868881704,
        "11,60": 54.949068282728796,
        "12,0": 85.9147390231627,
        "12,1": 60.08152438624413,
        "12,2": 60.93419202601366,
        "12,3": 111.8908002855227,
        "12,4": 30.7701277645718,
        "12,5": 52.56592860224633,
        "12,6": 81.59904629740332,
        "12,7": 14.710207150031499,
        "12,8": 66.69902176049314,
        "12,9": 71.27957249208532,
        "12,10": 38.4208680314171,
        "12,11": 102.40144717808806,
        "12,12": 0.0,
        "12,13": 64.40048977269598,
        "12,14": 95.56458700492708,
        "12,15": 40.43941910028368,
        "12,16": 2.679553252876621,
        "12,17": 84.92061305421271,
        "12,18": 46.69262869558884,
        "12,19": 89.39769364482933,
        "12,20": 100.23261333393431,
        "12,21": 109.9027222250389,
        "12,22": 99.07892975812607,
        "12,23": 65.90037354510211,
        "12,24": 19.13809436112194,
        "12,25": 77.76607316788095,
        "12,26": 82.92778218975077,
        "12,27": 13.192451501603461,
        "12,28": 84.61809320668291,
        "12,29": 66.34100768799514,
        "12,30": 3.7477572354542774,
        "12,31": 89.63202469202868,
        "12,32": 34.264551551793346,
        "12,33": 21.157209232195118,
        "12,34": 19.965080240072844,
        "12,35": 61.4779391743858,
        "12,36": 44.4390690452099,
        "12,37": 78.54826789338193,
        "12,38": 88.11286693904317,
        "12,39": 41.833491895331385,
        "12,40": 57.64908721899176,
        "12,41": 72.32190795299492,
        "12,42": 11.033145342603293,
        "12,43": 18.81445515380408,
        "12,44": 23.148570940164365,
        "12,45": 80.95683143708858,
        "12,46": 13.328880132120673,
        "12,47": 93.81066577525218,
        "12,48": 62.14898834572202,
        "12,49": 61.42689453672513,
        "12,50": 57.20845829453649,
        "12,51": 78.1199797375189,
        "12,52": 92.13137900114197,
        "12,53": 110.4333295953005,
        "12,54": 103.09565930717444,
        "12,55": 39.827353928359706,
        "12,56": 23.259273019086994,
        "12,57": 65.7319205218337,
        "12,58": 68.00565240651315,
        "12,59": 63.362374507419204,
        "12,60": 66.22169509334688,
        "13,0": 119.41144436096347,
        "13,1": 95.28823888874336,
        "13,2": 75.85787145754503,
        "13,3": 91.05683950475303,
        "13,4": 34.57732514630608,
        "13,5": 14.946121000858634,
        "13,6": 19.223267878781655,
        "13,7": 49.769686537369,
        "13,8": 43.00307850429912,
        "13,9": 26.553772014181252,
        "13,10": 41.461710042140034,
        "13,11": 91.46584745825845,
        "13,12": 64.40048977269598,
        "13,13": 0.0,
        "13,14": 50.99206623212833,
        "13,15": 28.167537647271672,
        "13,16": 66.1980473290751,
        "13,17": 73.87067091788117,
        "13,18": 82.10212828613001,
        "13,19": 76.9906661837194,
        "13,20": 85.02574031139214,
        "13,21": 78.4208304490301,
        "13,22": 89.90233802706572,
        "13,23": 33.81437772621606,
        "13,24": 66.12218966683245,
        "13,25": 109.46917896550622,
        "13,26": 34.23074397684955,
        "13,27": 55.354811395053574,
        "13,28": 24.763500690083745,
        "13,29": 83.16437799335374,
        "13,30": 64.12056497368,
        "13,31": 27.347887393290907,
        "13,32": 38.43646721543342,
        "13,33": 54.13169151203226,
        "13,34": 66.49912949548651,
        "13,35": 66.00207202002234,
        "13,36": 66.58277281848103,
        "13,37": 75.63522052216537,
        "13,38": 24.397348769567458,
        "13,39": 31.303214702455513,
        "13,40": 45.78257556776025,
        "13,41": 56.63742011254224,
        "13,42": 53.991553044457724,
        "13,43": 59.28131383774569,
        "13,44": 42.98391625367404,
        "13,45": 69.58306685631788,
        "13,46": 55.589231182542164,
        "13,47": 62.304656883784205,
        "13,48": 22.98869848603064,
        "13,49": 22.175098047682518,
        "13,50": 96.11106496869675,
        "13,51": 50.01883440752195,
        "13,52": 40.17251423541203,
        "13,53": 85.43211255084415,
        "13,54": 81.41624197140152,
        "13,55": 86.04011374916946,
        "13,56": 51.9990697519944,
        "13,57": 11.89046552719856,
        "13,58": 71.175575540613,
        "13,59": 68.27849608626984,
        "13,60": 36.639036145779556,
        "14,0": 110.08115045864868,
        "14,1": 93.91598823611606,
        "14,2": 67.5002651016633,
        "14,3": 47.07511072596818,
        "14,4": 67.33561911180648,
        "14,5": 50.045534760966795,
        "14,6": 37.9091165031518,
        "14,7": 83.94749045928775,
        "14,8": 31.162146605776677,
        "14,9": 26.871622955379532,
        "14,10": 57.78034914962264,
        "14,11": 54.65763947751227,
        "14,12": 95.56458700492708,
        "14,13": 50.99206623212833,
        "14,14": 0.0,
        "14,15": 56.92795864114746,
        "14,16": 98.10302138941758,
        "14,17": 44.173189723017806,
        "14,18": 86.12980000768601,
        "14,19": 44.43034938046536,
        "14,20": 46.82415275507796,
        "14,21": 30.048079300364037,
        "14,22": 54.96643759876644,
        "14,23": 29.666094054987035,
        "14,24": 86.608680827816,
