{
    "num_robots": 7,
    "num_tasks": 50,
    "num_nodes": 51,
    "robot_capacity": [
        88,
        84,
        83,
        96,
        112,
        79,
        83
    ],
    "robot_speed": [
        0.81,
        0.83,
        0.95,
        0.9,
        0.95,
        1.02,
        0.97
    ],
    "task_demand": {
        "0": 0,
        "1": 7,
        "2": 14,
        "3": 15,
        "4": 7,
        "5": 8,
        "6": 10,
        "7": 10,
        "8": 8,
        "9": 10,
        "10": 12,
        "11": 11,
        "12": 7,
        "13": 8,
        "14": 11,
        "15": 7,
        "16": 6,
        "17": 13,
        "18": 5,
        "19": 15,
        "20": 6,
        "21": 15,
        "22": 12,
        "23": 6,
        "24": 15,
        "25": 10,
        "26": 8,
        "27": 6,
        "28": 13,
        "29": 7,
        "30": 8,
        "31": 8,
        "32": 5,
        "33": 11,
        "34": 7,
        "35": 15,
        "36": 6,
        "37": 14,
        "38": 10,
        "39": 7,
        "40": 12,
        "41": 13,
        "42": 15,
        "43": 7,
        "44": 5,
        "45": 11,
        "46": 15,
        "47": 11,
        "48": 8,
        "49": 9,
        "50": 11
    },
    "task_service_time": {
        "0": 0,
        "1": 78,
        "2": 67,
        "3": 16,
        "4": 67,
        "5": 92,
        "6": 88,
        "7": 95,
        "8": 26,
        "9": 68,
        "10": 87,
        "11": 96,
        "12": 35,
        "13": 60,
        "14": 30,
        "15": 57,
        "16": 21,
        "17": 53,
        "18": 12,
        "19": 93,
        "20": 27,
        "21": 23,
        "22": 70,
        "23": 33,
        "24": 72,
        "25": 63,
        "26": 99,
        "27": 23,
        "28": 79,
        "29": 46,
        "30": 62,
        "31": 79,
        "32": 16,
        "33": 54,
        "34": 66,
        "35": 83,
        "36": 36,
        "37": 39,
        "38": 89,
        "39": 44,
        "40": 61,
        "41": 93,
        "42": 55,
        "43": 26,
        "44": 26,
        "45": 62,
        "46": 18,
        "47": 67,
        "48": 80,
        "49": 96,
        "50": 22
    },
    "task_precedence": [],
    "coordinates": {
        "0": [
            0,
            100
        ],
        "1": [
            82.96083483237935,
            8.42123616223438
        ],
        "2": [
            67.44628884271162,
            50.6181723124355
        ],
        "3": [
            18.137879114340027,
            7.896466924148449
        ],
        "4": [
            58.137422458854324,
            73.23199187993849
        ],
        "5": [
            44.12906770787769,
            80.54295335189596
        ],
        "6": [
            63.44234210504525,
            70.33824608964564
        ],
        "7": [
            99.12612991386595,
            59.66380402548057
        ],
        "8": [
            37.107081373739604,
            37.300660082797364
        ],
        "9": [
            95.22564228052659,
            87.5616356266756
        ],
        "10": [
            36.7765054218669,
            27.48524816701877
        ],
        "11": [
            84.08922237783388,
            48.81691443541541
        ],
        "12": [
            58.14004407697245,
            66.74111147479097
        ],
        "13": [
            37.75101348661434,
            59.026610603951546
        ],
        "14": [
            10.794090124336009,
            53.43645793345956
        ],
        "15": [
            74.91935056998337,
            76.8123435298398
        ],
        "16": [
            27.72440319568088,
            81.87187203984662
        ],
        "17": [
            17.90186916673473,
            49.329130101728126
        ],
        "18": [
            58.62649677187842,
            24.834511410703342
        ],
        "19": [
            58.299501583604616,
            95.92530695467336
        ],
        "20": [
            36.59284397945933,
            79.81010802515284
        ],
        "21": [
            79.98751970214298,
            5.206291658788764
        ],
        "22": [
            56.57197716151774,
            74.61244559127816
        ],
        "23": [
            46.61068700374385,
            13.439788096188343
        ],
        "24": [
            13.697027881198565,
            43.30392939270536
        ],
        "25": [
            58.56829475329928,
            50.529763886003884
        ],
        "26": [
            89.63831902764883,
            93.62589708690022
        ],
        "27": [
            37.56069442704535,
            35.00903220815898
        ],
        "28": [
            57.48109329901374,
            65.38286488444362
        ],
        "29": [
            98.17098501023919,
            94.1409969840115
        ],
        "30": [
            36.14181200938115,
            68.82814445064517
        ],
        "31": [
            95.81251536331872,
            8.747955701425624
        ],
        "32": [
            89.0435988589374,
            22.018172034076766
        ],
        "33": [
            52.271547994471845,
            46.56030631913461
        ],
        "34": [
            48.04548495016798,
            76.10666797850575
        ],
        "35": [
            41.710504408028605,
            55.327321835571276
        ],
        "36": [
            38.29718800250156,
            69.42388600327914
        ],
        "37": [
            95.36503091950549,
            39.05191117707588
        ],
        "38": [
            5.905306980839454,
            84.38467655662892
        ],
        "39": [
            82.16515203840852,
            19.295861216081743
        ],
        "40": [
            75.40518493775762,
            37.709490665978464
        ],
        "41": [
            48.29790731613832,
            82.85709940726635
        ],
        "42": [
            65.87194093595545,
            49.42296176378785
        ],
        "43": [
            96.57990476499249,
            6.2913019409665765
        ],
        "44": [
            52.590655985535115,
            93.76624213098933
        ],
        "45": [
            48.55022076947056,
            81.14713051727206
        ],
        "46": [
            78.11867966895794,
            16.354244740829536
        ],
        "47": [
            67.00547658376675,
            99.78045385559363
        ],
        "48": [
            16.027192046705885,
            86.48015386962238
        ],
        "49": [
            67.57109535114759,
            22.044555296859926
        ],
        "50": [
            80.99139699977196,
            2.2041700230848504
        ]
    },
    "distance_matrix_str_keys": {
        "0,0": 0.0,
        "0,1": 123.56848345002287,
        "0,2": 83.59166695561704,
        "0,3": 93.87248512647831,
        "0,4": 64.00379792539641,
        "0,5": 48.22811712095911,
        "0,6": 70.03392332871277,
        "0,7": 107.01868218865091,
        "0,8": 72.85700181952488,
        "0,9": 96.03455553092542,
        "0,10": 81.30744482790897,
        "0,11": 98.44138138009028,
        "0,12": 66.98073149200881,
        "0,13": 55.713173108940346,
        "0,14": 47.798282724327755,
        "0,15": 78.42561126574806,
        "0,16": 33.125089522843176,
        "0,17": 53.74024540240286,
        "0,18": 95.3253208681238,
        "0,19": 58.44172318053559,
        "0,20": 41.79315695734232,
        "0,21": 124.03165099755519,
        "0,22": 62.007390840278845,
        "0,23": 98.31188345156323,
        "0,24": 58.32712057941545,
        "0,25": 76.66517730680513,
        "0,26": 89.86466171999614,
        "0,27": 75.06418360551184,
        "0,28": 67.10009039083785,
        "0,29": 98.345666982445,
        "0,30": 47.72750940192973,
        "0,31": 132.31392099441075,
        "0,32": 118.36354164462216,
        "0,33": 74.75369951007842,
        "0,34": 53.65873590745667,
        "0,35": 61.11803622789921,
        "0,36": 49.00585022259504,
        "0,37": 113.17755366434321,
        "0,38": 16.694639162888357,
        "0,39": 115.17061355375652,
        "0,40": 97.80618318178689,
        "0,41": 51.25004284730536,
        "0,42": 83.0490782574814,
        "0,43": 134.56967747726125,
        "0,44": 52.95882206165799,
        "0,45": 52.08219104931268,
        "0,46": 114.4514765570908,
        "0,47": 67.00583625869643,
        "0,48": 20.968002391526927,
        "0,49": 103.16445262695,
        "0,50": 126.97885945640071,
        "1,0": 123.56848345002287,
        "1,1": 0.0,
        "1,2": 44.958676111843694,
        "1,3": 64.82507979768423,
        "1,4": 69.40198742518828,
        "1,5": 81.91122162681408,
        "1,6": 64.92062597278417,
        "1,7": 53.73190417518187,
        "1,8": 54.19029278597138,
        "1,9": 80.08513176071733,
        "1,10": 49.96427560584951,
        "1,11": 40.41143503518635,
        "1,12": 63.382012512982264,
        "1,13": 67.8589114892244,
        "1,14": 85.05533042007706,
        "1,15": 68.86224681281968,
        "1,16": 91.90244442223091,
        "1,17": 76.85131618943423,
        "1,18": 29.352267599365266,
        "1,19": 90.91283607310518,
        "1,20": 85.1255637373208,
        "1,21": 4.379094772202094,
        "1,22": 71.25761724091345,
        "1,23": 36.69494666404963,
        "1,24": 77.55177135553762,
        "1,25": 48.66337553615647,
        "1,26": 85.46591740843454,
        "1,27": 52.61258069515051,
        "1,28": 62.40067608042343,
        "1,29": 87.05875064446839,
        "1,30": 76.42653640630915,
        "1,31": 12.855832844534637,
        "1,32": 14.8955256136124,
        "1,33": 48.953253201930515,
        "1,34": 76.16035279298777,
        "1,35": 62.46415478746621,
        "1,36": 75.60532147787727,
        "1,37": 33.04697160758775,
        "1,38": 108.20350571507456,
        "1,39": 10.903695757420325,
        "1,40": 30.247143620616196,
        "1,41": 82.11099975660557,
        "1,42": 44.420398432570586,
        "1,43": 13.784617717453576,
        "1,44": 90.58762502128049,
        "1,45": 80.45586411149007,
        "1,46": 9.294035277247067,
        "1,47": 92.74200835858676,
        "1,48": 102.82658785649221,
        "1,49": 20.553318601725564,
        "1,50": 6.521548646990597,
        "2,0": 83.59166695561704,
        "2,1": 44.958676111843694,
        "2,2": 0.0,
        "2,3": 65.24157709026174,
        "2,4": 24.45485286776614,
        "2,5": 37.93659607437651,
        "2,6": 20.122447645768148,
        "2,7": 32.94595245825568,
        "2,8": 33.133421824977404,
        "2,9": 46.222418360289694,
        "2,10": 38.41572327314854,
        "2,11": 16.740124449777063,
        "2,12": 18.61599739129933,
        "2,13": 30.8627803831196,
        "2,14": 56.72225624451121,
        "2,15": 27.239332909348303,
        "2,16": 50.543268058238624,
        "2,17": 49.56118593062833,
        "2,18": 27.25042938502518,
        "2,19": 46.22120905659254,
        "2,20": 42.474747445807985,
        "2,21": 47.11179656912489,
        "2,22": 26.34342052049302,
        "2,23": 42.61871134751604,
        "2,24": 54.24464216305288,
        "2,25": 8.878434270833157,
        "2,26": 48.39577041442022,
        "2,27": 33.716375967363945,
        "2,28": 17.812952281136553,
        "2,29": 53.27516515206337,
        "2,30": 36.21565069252377,
        "2,31": 50.57428048001554,
        "2,32": 35.83857999222466,
        "2,33": 15.707929087910497,
        "2,34": 32.03208708461281,
        "2,35": 26.16307875040173,
        "2,36": 34.68897443302006,
        "2,37": 30.219770942246907,
        "2,38": 70.19593476403324,
        "2,39": 34.60826644301049,
        "2,40": 15.165028483366429,
        "2,41": 37.49678566641456,
        "2,42": 1.9766384563460633,
        "2,43": 53.043746225506986,
        "2,44": 45.6338225075877,
        "2,45": 35.903741834260366,
        "2,46": 35.88755576213579,
        "2,47": 49.16425776899702,
        "2,48": 62.689753840041675,
        "2,49": 28.57388958502741,
        "2,50": 50.27310983676773,
        "3,0": 93.87248512647831,
        "3,1": 64.82507979768423,
        "3,2": 65.24157709026174,
        "3,3": 0.0,
        "3,4": 76.60740361752474,
        "3,5": 77.1560358935174,
        "3,6": 77.14577209561712,
        "3,7": 96.11947751694174,
        "3,8": 34.99195921449878,
        "3,9": 110.85604329204692,
        "3,10": 27.03920748122365,
        "3,11": 77.61483558432337,
        "3,12": 71.15381503467765,
        "3,13": 54.76282162765353,
        "3,14": 46.12832121222103,
        "3,15": 89.29464457065113,
        "3,16": 74.59398103060188,
        "3,17": 41.43333535550977,
        "3,18": 43.88878570713529,
        "3,19": 96.75759709957397,
        "3,20": 74.24390550460595,
        "3,21": 61.908118076701015,
        "3,22": 76.99481607363562,
        "3,23": 29.00739903409615,
        "3,24": 35.68486455259654,
        "3,25": 58.755565851898254,
        "3,26": 111.63264801941598,
        "3,27": 33.35171586217407,
        "3,28": 69.66042242787894,
        "3,29": 117.6580511677413,
        "3,30": 63.53590265261153,
        "3,31": 77.67930322517694,
        "3,32": 72.29829629881442,
        "3,33": 51.57518616524582,
        "3,34": 74.47883199075491,
        "3,35": 52.965598843637075,
        "3,36": 64.74581865562659,
        "3,37": 83.27481421495541,
        "3,38": 77.46019644813441,
        "3,39": 65.03412848894122,
        "3,40": 64.56284303609748,
        "3,41": 80.80051808870002,
        "3,42": 63.269190224440216,
        "3,43": 78.45844723674344,
        "3,44": 92.52357606691247,
        "3,45": 79.31311519402925,
        "3,46": 60.57417305064259,
        "3,47": 104.0706929776674,
        "3,48": 78.61202741210616,
        "3,49": 51.4180053300109,
        "3,50": 63.1107514975394,
        "4,0": 64.00379792539641,
        "4,1": 69.40198742518828,
        "4,2": 24.45485286776614,
        "4,3": 76.60740361752474,
        "4,4": 0.0,
        "4,5": 15.801397421546495,
        "4,6": 6.0428418108850135,
        "4,7": 43.17603340380384,
        "4,8": 41.6333502239792,
        "4,9": 39.760215535747356,
        "4,10": 50.488150461238135,
        "4,11": 35.63133348131679,
        "4,12": 6.490880934573489,
        "4,13": 24.84750546794562,
        "4,14": 51.3152441362491,
        "4,15": 17.15960457190241,
        "4,16": 31.616439867254712,
        "4,17": 46.800069977631715,
        "4,18": 48.39995154391849,
        "4,19": 22.693893864294612,
        "4,20": 22.526439440682577,
        "4,21": 71.44874134733865,
        "4,22": 2.0871682797763826,
        "4,23": 60.893129855260405,
        "4,24": 53.57833138926096,
        "4,25": 22.706316452095624,
        "4,26": 37.52622888365457,
        "4,27": 43.409634674407435,
        "4,28": 7.8765196982844765,
        "4,29": 45.16494907555854,
        "4,30": 22.432136572905108,
        "4,31": 74.68335522210943,
        "4,32": 59.816779275362464,
        "4,33": 27.30910642782529,
        "4,34": 10.493377213790811,
        "4,35": 24.298577037477003,
        "4,36": 20.20239029547977,
        "4,37": 50.5388241706685,
        "4,38": 53.40951472168949,
        "4,39": 59.046066589882265,
        "4,40": 39.49713551035837,
        "4,41": 13.764401663579893,
        "4,42": 25.033830932248197,
        "4,43": 77.19378482341257,
        "4,44": 21.270215130137245,
        "4,45": 12.432371289546236,
        "4,46": 60.285394245345486,
        "4,47": 27.990412952208892,
        "4,48": 44.14504843659294,
        "4,49": 52.049475003937154,
        "4,50": 74.6140444557581,
        "5,0": 48.22811712095911,
        "5,1": 81.91122162681408,
        "5,2": 37.93659607437651,
        "5,3": 77.1560358935174,
        "5,4": 15.801397421546495,
        "5,5": 0.0,
        "5,6": 21.84350288411894,
        "5,7": 58.826998290615634,
        "5,8": 43.808723095378525,
        "5,9": 51.57636894870146,
        "5,10": 53.56472954897665,
        "5,11": 51.02308797570821,
        "5,12": 19.667188360717475,
        "5,13": 22.441759754894342,
        "5,14": 42.96490223851254,
        "5,15": 31.015463375111786,
        "5,16": 16.458403404854124,
        "5,17": 40.769703275952956,
        "5,18": 57.56392926982106,
        "5,19": 20.914540362800903,
        "5,20": 7.571771943059636,
        "5,21": 83.43525138984549,
        "5,22": 13.783936954666938,
        "5,23": 67.14903738449586,
        "5,24": 48.092140246050135,
        "5,25": 33.305897669703626,
        "5,26": 47.35245899063088,
        "5,27": 46.005233422735834,
        "5,28": 20.20160562250767,
        "5,29": 55.72643552512755,
        "5,30": 14.178610693082387,
        "5,31": 88.46298914904331,
        "5,32": 73.77306511741308,
        "5,33": 34.94453154029709,
        "5,34": 5.917681296746605,
        "5,35": 25.3313545078514,
        "5,36": 12.555655283618403,
        "5,37": 65.92898078217178,
        "5,38": 38.41633404295176,
        "5,39": 72.09680995919423,
        "5,40": 53.03678944509254,
        "5,41": 4.768070432049949,
        "5,42": 37.963224476540184,
        "5,43": 90.90873470267958,
        "5,44": 15.698848439165406,
        "5,45": 4.462244327823607,
        "5,46": 72.63252738560874,
        "5,47": 29.889990108506627,
        "5,48": 28.722217283205193,
        "5,49": 63.02056200188375,
        "5,50": 86.57826687028599,
        "6,0": 70.03392332871277,
        "6,1": 64.92062597278417,
        "6,2": 20.122447645768148,
        "6,3": 77.14577209561712,
        "6,4": 6.0428418108850135,
        "6,5": 21.84350288411894,
        "6,6": 0.0,
        "6,7": 37.24615987945814,
        "6,8": 42.24959226957991,
        "6,9": 36.150011302751004,
        "6,10": 50.47223273217268,
        "6,11": 29.823839142039375,
        "6,12": 6.40731939393459,
        "6,13": 28.071292516402245,
        "6,14": 55.294745496302326,
        "6,15": 13.17708848605752,
        "6,16": 37.53392715254074,
        "6,17": 50.15294238665129,
        "6,18": 45.75786529116672,
        "6,19": 26.098783349796307,
        "6,20": 28.47124370520459,
        "6,21": 67.20055349253248,
        "6,22": 8.091396408346801,
        "6,23": 59.335816632809475,
        "6,24": 56.616698654193065,
        "6,25": 20.39932118476137,
        "6,26": 35.05059052140937,
        "6,27": 43.79512575632073,
        "6,28": 7.751921711181134,
        "6,29": 42.10284536911623,
        "6,30": 27.342263082348786,
        "6,31": 69.5786747996533,
        "6,32": 54.68321409824379,
        "6,33": 26.27122115149715,
        "6,34": 16.441955520423228,
        "6,35": 26.412130104386346,
        "6,36": 25.161773172974318,
        "6,37": 44.69779427898368,
        "6,38": 59.22678971333739,
        "6,39": 54.36790105735066,
        "6,40": 34.75262996001407,
        "6,41": 19.64880641320377,
        "6,42": 21.055927168154636,
        "6,43": 72.11178207356926,
        "6,44": 25.81918066379304,
        "6,45": 18.40128420636081,
        "6,46": 55.94342933641888,
        "6,47": 29.657031635797647,
        "6,48": 50.087499856073,
        "6,49": 48.469858404542464,
        "6,50": 70.35781157158047,
        "7,0": 107.01868218865091,
        "7,1": 53.73190417518187,
        "7,2": 32.94595245825568,
        "7,3": 96.11947751694174,
        "7,4": 43.17603340380384,
        "7,5": 58.826998290615634,
        "7,6": 37.24615987945814,
        "7,7": 0.0,
        "7,8": 65.9277831329381,
        "7,9": 28.169181951673163,
        "7,10": 70.16363111633714,
        "7,11": 18.54086303347938,
        "7,12": 41.59263772545889,
        "7,13": 61.378423993412625,
        "7,14": 88.55127945280583,
        "7,15": 29.665477803938863,
        "7,16": 74.7756970095839,
        "7,17": 81.87909390698124,
        "7,18": 53.41628879547278,
        "7,19": 54.60503800475882,
        "7,20": 65.69844301504769,
        "7,21": 57.72267365606567,
        "7,22": 45.10341230032243,
        "7,23": 69.9609276144746,
        "7,24": 86.98147487889601,
        "7,25": 41.573653702570695,
        "7,26": 35.26247751541501,
        "7,27": 66.31862950970914,
        "7,28": 42.03589813196459,
        "7,29": 34.490420932292174,
        "7,30": 63.647540701283276,
        "7,31": 51.02355977338084,
        "7,32": 38.972439499033214,
        "7,33": 48.6523740323268,
        "7,34": 53.6619051551942,
        "7,35": 57.57915534297078,
        "7,36": 61.606975045602525,
        "7,37": 20.952231204325134,
        "7,38": 96.44295395212636,
        "7,39": 43.7863629130652,
        "7,40": 32.321434152072705,
        "7,41": 55.869823367457634,
        "7,42": 34.795343579385104,
        "7,43": 53.43320354676675,
        "7,44": 57.693384529549085,
        "7,45": 54.9495760032327,
        "7,46": 48.13554706475235,
        "7,47": 51.391458083462894,
        "7,48": 87.31866978838794,
        "7,49": 49.101202441082606,
        "7,50": 60.253448677688105,
        "8,0": 72.85700181952488,
        "8,1": 54.19029278597138,
        "8,2": 33.133421824977404,
        "8,3": 34.99195921449878,
        "8,4": 41.6333502239792,
        "8,5": 43.808723095378525,
        "8,6": 42.24959226957991,
        "8,7": 65.9277831329381,
        "8,8": 0.0,
        "8,9": 76.8370534605423,
        "8,10": 9.820977117189763,
        "8,11": 48.37298510163282,
        "8,12": 36.181842106779506,
        "8,13": 21.735491128880227,
        "8,14": 30.86644587199221,
        "8,15": 54.6894947004312,
        "8,16": 45.54807992784361,
        "8,17": 22.661073825227373,
        "8,18": 24.869461228430456,
        "8,19": 62.33753199480755,
        "8,20": 42.51255819709638,
        "8,21": 53.56099771075969,
        "8,22": 42.083862772563315,
        "8,23": 25.683841845253436,
        "8,24": 24.16753704726479,
        "8,25": 25.210967199990648,
        "8,26": 77.01988868480562,
        "8,27": 2.3360914190050464,
        "8,28": 34.69453254408851,
        "8,29": 83.42436230724951,
        "8,30": 31.54225761594526,
        "8,31": 65.28081576845403,
        "8,32": 54.138307042698926,
        "8,33": 17.768007663027863,
        "8,34": 40.31817110934725,
        "8,35": 18.605161584397603,
        "8,36": 32.1452639952783,
        "8,37": 58.28426516369761,
        "8,38": 56.48411575455068,
        "8,39": 48.5221857942651,
        "8,40": 38.30028562616725,
        "8,41": 46.91080631578494,
        "8,42": 31.214857739207226,
        "8,43": 67.07158127325972,
        "8,44": 58.55000460119655,
        "8,45": 45.31510133268372,
        "8,46": 46.05109673402557,
        "8,47": 69.26498874630765,
        "8,48": 53.50686258012472,
        "8,49": 34.07058674069486,
        "8,50": 56.19249747498973,
        "9,0": 96.03455553092542,
        "9,1": 80.08513176071733,
        "9,2": 46.222418360289694,
        "9,3": 110.85604329204692,
        "9,4": 39.760215535747356,
        "9,5": 51.57636894870146,
        "9,6": 36.150011302751004,
        "9,7": 28.169181951673163,
        "9,8": 76.8370534605423,
        "9,9": 0.0,
        "9,10": 83.8181002512294,
        "9,11": 40.313437814673854,
        "9,12": 42.53041053263733,
        "9,13": 64.16837700959479,
        "9,14": 91.06708929189018,
        "9,15": 22.975917035382352,
        "9,16": 67.74061328083401,
        "9,17": 86.25943639549413,
        "9,18": 72.62361574838596,
        "9,19": 37.861469396361905,
        "9,20": 59.14297267445055,
        "9,21": 83.75322716040736,
        "9,22": 40.765026060402775,
        "9,23": 88.64232712365117,
        "9,24": 92.76669406078199,
        "9,25": 52.10681963380109,
        "9,26": 8.245813979839356,
        "9,27": 78.0193715496901,
        "9,28": 43.77840620048093,
        "9,29": 7.208539357309204,
        "9,30": 61.98259990636027,
        "9,31": 78.81586492182305,
        "9,32": 65.83436246050191,
        "9,33": 59.38150571449582,
        "9,34": 48.550834488585345,
        "9,35": 62.473362060128046,
        "9,36": 59.748028150611,
        "9,37": 48.50992470998866,
        "9,38": 89.37681671989267,
        "9,39": 69.50390176991901,
        "9,40": 53.64780411590846,
        "9,41": 47.162961844307475,
        "9,42": 48.1268971225654,
        "9,43": 81.28161639794894,
        "9,44": 43.08409449260229,
        "9,45": 47.11412579082111,
        "9,46": 73.23346698445512,
        "9,47": 30.75186613628383,
        "9,48": 79.20583389012334,
        "9,49": 71.11442737456827,
        "9,50": 86.53618129418967,
        "10,0": 81.30744482790897,
        "10,1": 49.96427560584951,
        "10,2": 38.41572327314854,
        "10,3": 27.03920748122365,
        "10,4": 50.488150461238135,
        "10,5": 53.56472954897665,
        "10,6": 50.47223273217268,
        "10,7": 70.16363111633714,
        "10,8": 9.820977117189763,
        "10,9": 83.8181002512294,
        "10,10": 0.0,
        "10,11": 51.8992598361643,
        "10,12": 44.69254510437602,
        "10,13": 31.556413141328527,
        "10,14": 36.7226250836617,
        "10,15": 62.35414158599276,
        "10,16": 55.13479310741785,
        "10,17": 28.86879061791594,
        "10,18": 22.010191442758057,
        "10,19": 71.74455387439379,
        "10,20": 52.32518218505119,
        "10,21": 48.61629005000101,
        "10,22": 51.11588244822186,
        "10,23": 17.14602216219901,
        "10,24": 27.9802244320896,
        "10,25": 31.716427714799188,
        "10,26": 84.66969219995693,
        "10,27": 7.564540877909169,
        "10,28": 43.184595772373925,
        "10,29": 90.6215811729253,
        "10,30": 41.34776788227561,
        "10,31": 61.93816754432094,
        "10,32": 52.55224046415949,
        "10,33": 24.57547940190467,
        "10,34": 49.91024307789062,
        "10,35": 28.27588039585239,
        "10,36": 41.96619853015109,
        "10,37": 59.719368827673236,
        "10,38": 64.73465721118534,
        "10,39": 46.12152751496283,
        "10,40": 39.95885403535653,
        "10,41": 56.55779885551973,
        "10,42": 36.439095016319385,
        "10,43": 63.4478520489555,
        "10,44": 68.1414522805485,
        "10,45": 54.93831077179953,
        "10,46": 42.81442057006814,
        "10,47": 78.36062444276666,
        "10,48": 62.53745201397103,
        "10,49": 31.271519115961617,
        "10,50": 50.93220542412819,
        "11,0": 98.44138138009028,
        "11,1": 40.41143503518635,
        "11,2": 16.740124449777063,
        "11,3": 77.61483558432337,
        "11,4": 35.63133348131679,
        "11,5": 51.02308797570821,
        "11,6": 29.823839142039375,
        "11,7": 18.54086303347938,
        "11,8": 48.37298510163282,
        "11,9": 40.313437814673854,
        "11,10": 51.8992598361643,
        "11,11": 0.0,
        "11,12": 31.537861278093303,
        "11,13": 47.44963117981128,
        "11,14": 73.44056504540298,
        "11,15": 29.45896466533328,
        "11,16": 65.34235275583171,
        "11,17": 66.18933516798317,
        "11,18": 34.97865134798508,
        "11,19": 53.70577570795137,
        "11,20": 56.71405478232465,
        "11,21": 43.803086464369116,
        "11,22": 37.71747886468499,
        "11,23": 51.53815753214846,
        "11,24": 70.60774780527474,
        "11,25": 25.578342402452794,
        "11,26": 45.151272406102294,
        "11,27": 48.534127424618376,
        "11,28": 31.343631687390843,
        "11,29": 47.46123152329024,
        "11,30": 51.955783968324845,
        "11,31": 41.74873713598646,
        "11,32": 27.252861145388344,
        "11,33": 31.897596827286485,
        "11,34": 45.20930939748068,
        "11,35": 42.87588064728584,
        "11,36": 50.21511415331405,
        "11,37": 14.916405294299834,
        "11,38": 85.8940645744257,
        "11,39": 29.583688577487887,
        "11,40": 14.099197461362794,
        "11,41": 49.39385009050602,
        "11,42": 18.22735955910333,
        "11,43": 44.322058441874034,
        "11,44": 54.887172864469356,
        "11,45": 48.04439100684691,
        "11,46": 33.00715534453546,
        "11,47": 53.7506904196436,
        "11,48": 77.78791408357593,
        "11,49": 31.45803131655793,
        "11,50": 46.71556982123004,
        "12,0": 66.98073149200881,
        "12,1": 63.382012512982264,
        "12,2": 18.61599739129933,
        "12,3": 71.15381503467765,
        "12,4": 6.490880934573489,
        "12,5": 19.667188360717475,
        "12,6": 6.40731939393459,
        "12,7": 41.59263772545889,
        "12,8": 36.181842106779506,
        "12,9": 42.53041053263733,
        "12,10": 44.69254510437602,
        "12,11": 31.537861278093303,
        "12,12": 0.0,
        "12,13": 21.79968100915105,
        "12,14": 49.17980440729744,
        "12,15": 19.569743010398508,
        "12,16": 33.971327991362635,
        "12,17": 43.843902830870014,
        "12,18": 41.90942334554092,
        "12,19": 29.184631101050588,
        "12,20": 25.200803615671465,
        "12,21": 65.29813351835011,
        "12,22": 8.026003652174527,
        "12,23": 54.53399993061555,
        "12,24": 50.24423541588283,
        "12,25": 16.21700309200955,
        "12,26": 41.411749809413806,
        "12,27": 37.82108521179384,
        "12,28": 1.509652253985197,
        "12,29": 48.51010160699608,
        "12,30": 22.097011579439993,
        "12,31": 69.15505194397878,
        "12,32": 54.36148462265999,
        "12,33": 21.01675862260618,
        "12,34": 13.770031684379877,
        "12,35": 20.00510853911466,
        "12,36": 20.023391729746272,
        "12,37": 46.39387307127681,
        "12,38": 55.13404708797626,
        "12,39": 53.181365013228145,
        "12,40": 33.77750872591745,
        "12,41": 18.883662861284474,
        "12,42": 18.965772814485266,
        "12,43": 71.63659932178548,
        "12,44": 27.589008593531933,
        "12,45": 17.306013282135034,
        "12,46": 54.20315691344314,
        "12,47": 34.208099018922816,
        "12,48": 46.509376482469406,
        "12,49": 45.68070558017976,
        "12,50": 68.46313710562262,
        "13,0": 55.713173108940346,
        "13,1": 67.8589114892244,
        "13,2": 30.8627803831196,
        "13,3": 54.76282162765353,
        "13,4": 24.84750546794562,
        "13,5": 22.441759754894342,
        "13,6": 28.071292516402245,
        "13,7": 61.378423993412625,
        "13,8": 21.735491128880227,
        "13,9": 64.16837700959479,
        "13,10": 31.556413141328527,
        "13,11": 47.44963117981128,
        "13,12": 21.79968100915105,
        "13,13": 0.0,
        "13,14": 27.530447218291897,
        "13,15": 41.20458199343819,
        "13,16": 24.948725097700837,
        "13,17": 22.091393308761955,
        "13,18": 40.06102157502058,
        "13,19": 42.234513794465805,
        "13,20": 20.815742159826648,
        "13,21": 68.41453930747058,
        "13,22": 24.436589899251643,
        "13,23": 46.43976960735735,
        "13,24": 28.7366826195374,
        "13,25": 22.484563671207177,
        "13,26": 62.3650791824866,
        "13,27": 24.018332443000226,
        "13,28": 20.728676221165795,
        "13,29": 69.88270951933517,
        "13,30": 9.932753653554999,
        "13,31": 76.80547597004943,
        "13,32": 63.24993153796488,
        "13,33": 19.137781086519034,
        "13,34": 19.942529995764925,
        "13,35": 5.418699636317408,
        "13,36": 10.411610938335496,
        "13,37": 60.978386514825985,
        "13,38": 40.70848230666783,
        "13,39": 59.5915107227505,
        "13,40": 43.26957626464608,
        "13,41": 26.06010679287718,
        "13,42": 29.715595764787953,
        "13,43": 79.00538734050694,
        "13,44": 37.77640782459514,
        "13,45": 24.615854223928615,
        "13,46": 58.740780394588455,
        "13,47": 50.166715568014475,
        "13,48": 35.00887681421795,
        "13,49": 47.506943672943734,
        "13,50": 71.40392510171328,
        "14,0": 47.798282724327755,
        "14,1": 85.05533042007706,
        "14,2": 56.72225624451121,
        "14,3": 46.12832121222103,
        "14,4": 51.3152441362491,
        "14,5": 42.96490223851254,
        "14,6": 55.294745496302326,
        "14,7": 88.55127945280583,
        "14,8": 30.86644587199221,
        "14,9": 91.06708929189018,
        "14,10": 36.7226250836617,
        "14,11": 73.44056504540298,
        "14,12": 49.17980440729744,
        "14,13": 27.530447218291897,
        "14,14": 0.0,
        "14,15": 68.25306626545918,
        "14,16": 33.09393110670697,
        "14,17": 8.209181739544942,
        "14,18": 55.73159311007058,
        "14,19": 63.73434246198756,
        "14,20": 36.8937002703214,
        "14,21": 84.3438180047674,
        "14,22": 50.43845155110391,
        "14,23": 53.68949813598268,
        "14,24": 10.540169934560662,
        "14,25": 47.862547970365824,
        "14,26": 88.49634710442064,
        "14,27": 32.496478651682985,
        "14,28": 48.19121190083197,
        "14,29": 96.39284858961312,
        "14,30": 29.654865007362783,
        "14,31": 96.0478779664548,
        "14,32": 84.32137514332777,
        "14,33": 42.04356041526546,
        "14,34": 43.60739432661087,
        "14,35": 30.974183418731492,
        "14,36": 31.81223426896654,
        "14,37": 85.78554197746057,
        "14,38": 31.331971475979977,
        "14,39": 79.11642574687636,
        "14,40": 66.49760200504511,
        "14,41": 47.66665971815528,
        "14,42": 55.22388796101718,
        "14,43": 97.88703554157502,
        "14,44": 58.08136027340335,
        "14,45": 46.833820859926924,
        "14,46": 76.86150462107466,
        "14,47": 72.85249429993632,
        "14,48": 33.4555107097694,
        "14,49": 64.87742190986893,
        "14,50": 86.90459836565412,
        "15,0": 78.42561126574806,
        "15,1": 68.86224681281968,
        "15,2": 27.239332909348303,
        "15,3": 89.29464457065113,
        "15,4": 17.15960457190241,
        "15,5": 31.015463375111786,
        "15,6": 13.17708848605752,
        "15,7": 29.665477803938863,
        "15,8": 54.6894947004312,
        "15,9": 22.975917035382352,
        "15,10": 62.35414158599276,
        "15,11": 29.45896466533328,
        "15,12": 19.569743010398508,
        "15,13": 41.20458199343819,
        "15,14": 68.25306626545918,
        "15,15": 0.0,
        "15,16": 47.46537565854455,
        "15,17": 63.29549909673627,
        "15,18": 54.47157163779613,
        "15,19": 25.32833889557427,
        "15,20": 38.44356512347472,
        "15,21": 71.78518651443225,
        "15,22": 18.47878951473173,
        "15,23": 69.40793337290603,
        "15,24": 69.79245384277161,
        "15,25": 30.953691525485233,
        "15,26": 22.345997755166145,
        "15,27": 56.064124235233066,
        "15,28": 20.85007910666269,
        "15,29": 28.99863332431492,
        "15,30": 39.59097033106418,
        "15,31": 71.19891309239378,
        "15,32": 56.585295083043526,
        "15,33": 37.79032570509597,
        "15,34": 26.88312912098675,
        "15,35": 39.55292177085741,
        "15,36": 37.360033401227795,
        "15,37": 42.94037839170138,
        "15,38": 69.4282250960865,
        "15,39": 57.97109087009382,
        "15,40": 39.10587087798581,
        "15,41": 27.299089994638553,
        "15,42": 28.84499704649733,
        "15,43": 73.77260273851338,
        "15,44": 28.035785696563394,
        "15,45": 26.72304968866212,
        "15,46": 60.54269085418378,
        "15,47": 24.293280828363145,
        "15,48": 59.680423023775994,
        "15,49": 55.25855121783121,
        "15,50": 74.85485489839358,
        "16,0": 33.125089522843176,
        "16,1": 91.90244442223091,
        "16,2": 50.543268058238624,
        "16,3": 74.59398103060188,
        "16,4": 31.616439867254712,
        "16,5": 16.458403404854124,
        "16,6": 37.53392715254074,
        "16,7": 74.7756970095839,
        "16,8": 45.54807992784361,
        "16,9": 67.74061328083401,
        "16,10": 55.13479310741785,
        "16,11": 65.34235275583171,
        "16,12": 33.971327991362635,
        "16,13": 24.948725097700837,
        "16,14": 33.09393110670697,
        "16,15": 47.46537565854455,
        "16,16": 0.0,
        "16,17": 33.992826119650324,
        "16,18": 64.87063969879604,
        "16,19": 33.6501957548019,
        "16,20": 9.104949905829862,
        "16,21": 92.78493715109404,
        "16,22": 29.746962804236063,
        "16,23": 70.99043477082385,
        "16,24": 41.039657140947526,
        "16,25": 43.97355330133441,
        "16,26": 63.01975942872819,
        "16,27": 47.884009672108995,
        "16,28": 34.01981720816148,
        "16,29": 71.50700886102555,
        "16,30": 15.523904166099909,
        "16,31": 99.91545505686909,
        "16,32": 85.68844240134973,
        "16,33": 43.005453042852295,
        "16,34": 21.123066575226474,
        "16,35": 30.00373597852989,
        "16,36": 16.332058502770472,
        "16,37": 80.05500338618597,
        "16,38": 21.963313642801463,
        "16,39": 82.94306640806626,
        "16,40": 64.99055990023888,
        "16,41": 20.59708097668192,
        "16,42": 50.081597555882595,
        "16,43": 102.24237219877674,
        "16,44": 27.564589016961666,
        "16,45": 20.838424314024106,
        "16,46": 82.65677581516228,
        "16,47": 43.17082381854084,
        "16,48": 12.572231706675883,
        "16,49": 71.88231148480263,
        "16,50": 95.83483382130228,
        "17,0": 53.74024540240286,
        "17,1": 76.85131618943423,
        "17,2": 49.56118593062833,
        "17,3": 41.43333535550977,
        "17,4": 46.800069977631715,
        "17,5": 40.769703275952956,
        "17,6": 50.15294238665129,
        "17,7": 81.87909390698124,
        "17,8": 22.661073825227373,
        "17,9": 86.25943639549413,
        "17,10": 28.86879061791594,
        "17,11": 66.18933516798317,
        "17,12": 43.843902830870014,
        "17,13": 22.091393308761955,
        "17,14": 8.209181739544942,
        "17,15": 63.29549909673627,
        "17,16": 33.992826119650324,
        "17,17": 0.0,
        "17,18": 47.52348512468685,
        "17,19": 61.66986624113503,
        "17,20": 35.75531505410364,
        "17,21": 76.1672690508631,
        "17,22": 46.20198366382445,
        "17,23": 45.9591241342693,
        "17,24": 7.347362371664938,
        "17,25": 40.68414545583495,
        "17,26": 84.31086409227507,
        "17,27": 24.32148462361684,
        "17,28": 42.71109204161077,
        "17,29": 91.93059540639027,
        "17,30": 26.700319763671015,
        "17,31": 87.84589066357661,
        "17,32": 76.2038984184631,
        "17,33": 34.481026780837844,
        "17,34": 40.31964914581359,
        "17,35": 24.55258471381221,
        "17,36": 28.631595225476072,
        "17,37": 78.14193917200389,
        "17,38": 37.05143508059789,
        "17,39": 70.93494741946523,
        "17,40": 58.66555501551826,
        "17,41": 45.25531859276997,
        "17,42": 47.97016353865173,
