{
    "num_robots": 3,
    "num_tasks": 40,
    "num_nodes": 41,
    "robot_capacity": [
        151,
        152,
        198
    ],
    "robot_speed": [
        1.19,
        0.88,
        0.81
    ],
    "task_demand": {
        "0": 0,
        "1": 6,
        "2": 5,
        "3": 10,
        "4": 15,
        "5": 13,
        "6": 6,
        "7": 7,
        "8": 14,
        "9": 6,
        "10": 7,
        "11": 6,
        "12": 14,
        "13": 14,
        "14": 5,
        "15": 9,
        "16": 13,
        "17": 5,
        "18": 14,
        "19": 5,
        "20": 11,
        "21": 5,
        "22": 7,
        "23": 5,
        "24": 12,
        "25": 6,
        "26": 13,
        "27": 14,
        "28": 7,
        "29": 6,
        "30": 15,
        "31": 6,
        "32": 15,
        "33": 12,
        "34": 9,
        "35": 5,
        "36": 9,
        "37": 14,
        "38": 11,
        "39": 10,
        "40": 5
    },
    "task_service_time": {
        "0": 0,
        "1": 39,
        "2": 51,
        "3": 52,
        "4": 97,
        "5": 100,
        "6": 89,
        "7": 100,
        "8": 14,
        "9": 63,
        "10": 93,
        "11": 53,
        "12": 96,
        "13": 66,
        "14": 34,
        "15": 81,
        "16": 37,
        "17": 25,
        "18": 75,
        "19": 59,
        "20": 60,
        "21": 46,
        "22": 35,
        "23": 31,
        "24": 73,
        "25": 18,
        "26": 28,
        "27": 11,
        "28": 30,
        "29": 71,
        "30": 12,
        "31": 60,
        "32": 60,
        "33": 62,
        "34": 94,
        "35": 42,
        "36": 35,
        "37": 52,
        "38": 48,
        "39": 64,
        "40": 10
    },
    "task_precedence": [],
    "coordinates": {
        "0": [
            100,
            0
        ],
        "1": [
            74.91505917960023,
            89.45417234604591
        ],
        "2": [
            46.97331488783627,
            73.1551524473936
        ],
        "3": [
            98.44940149971755,
            34.94004358527448
        ],
        "4": [
            63.4533652098373,
            74.56642473915808
        ],
        "5": [
            69.8430713945706,
            81.41142935247314
        ],
        "6": [
            43.288442186600726,
            78.13380309640277
        ],
        "7": [
            78.15116419785332,
            65.86154173584727
        ],
        "8": [
            74.4221398040141,
            38.37001532727737
        ],
        "9": [
            70.83612981481242,
            36.92696698216433
        ],
        "10": [
            45.15191750484864,
            35.54231570493843
        ],
        "11": [
            46.222840058477345,
            82.46243399316313
        ],
        "12": [
            83.73955090491818,
            50.815223838257715
        ],
        "13": [
            53.30001444820686,
            92.22171724225225
        ],
        "14": [
            73.92311588982328,
            57.98178716870205
        ],
        "15": [
            25.58591120264633,
            8.519853613467475
        ],
        "16": [
            26.78629449954627,
            14.620901248114404
        ],
        "17": [
            60.40155103419925,
            98.97497730909295
        ],
        "18": [
            10.645124182857057,
            90.76145294597163
        ],
        "19": [
            66.48862198976464,
            43.3168191815661
        ],
        "20": [
            15.523566637989816,
            74.68141491255898
        ],
        "21": [
            45.821856682697046,
            52.24057956391695
        ],
        "22": [
            18.38525868116163,
            11.138643459448893
        ],
        "23": [
            21.78600111179836,
            15.72587484045328
        ],
        "24": [
            73.52018322183173,
            66.07655069172819
        ],
        "25": [
            30.353808750280987,
            37.988966128776404
        ],
        "26": [
            18.123574769436168,
            78.752028409008
        ],
        "27": [
            25.37249779847238,
            47.22737654258301
        ],
        "28": [
            19.160271124312434,
            12.987201141910331
        ],
        "29": [
            40.0344160700117,
            63.44306895167371
        ],
        "30": [
            44.458314997771474,
            87.47740073604969
        ],
        "31": [
            24.11919080174645,
            58.560844004853074
        ],
        "32": [
            67.32724704461229,
            88.2652268507956
        ],
        "33": [
            30.370882126875863,
            4.037246045729514
        ],
        "34": [
            53.842494906403374,
            38.77333642788228
        ],
        "35": [
            80.28667105410275,
            89.24333363247389
        ],
        "36": [
            60.64347058894257,
            93.57097731092246
        ],
        "37": [
            39.86270139878047,
            66.74269824639465
        ],
        "38": [
            15.641173837668775,
            81.98616627603417
        ],
        "39": [
            48.09433373367538,
            67.57446848840559
        ],
        "40": [
            93.90426211914412,
            25.14761656584781
        ]
    },
    "distance_matrix_str_keys": {
        "0,0": 0.0,
        "0,1": 92.90480722803876,
        "0,2": 90.35212041554955,
        "0,3": 34.97443354008694,
        "0,4": 83.0410032024304,
        "0,5": 86.81740132096613,
        "0,6": 96.54580247701071,
        "0,7": 69.39102467705689,
        "0,8": 46.11382665124312,
        "0,9": 47.05456635312164,
        "0,10": 65.35723647052744,
        "0,11": 98.4481383849024,
        "0,12": 53.35343642640071,
        "0,13": 103.37182295793963,
        "0,14": 63.575872217156785,
        "0,15": 74.90023042110987,
        "0,16": 74.65934252599791,
        "0,17": 106.60245444562986,
        "0,18": 127.36536096270783,
        "0,19": 54.76640649297139,
        "0,20": 112.75451887577691,
        "0,21": 75.2618719305078,
        "0,22": 82.37132619217459,
        "0,23": 79.77927526357462,
        "0,24": 71.18490884957208,
        "0,25": 79.33318034168148,
        "0,26": 113.6029532497695,
        "0,27": 88.31584897363513,
        "0,28": 81.87630400912776,
        "0,29": 87.29773338450029,
        "0,30": 103.6203378320212,
        "0,31": 95.85024598373495,
        "0,32": 94.11832476572351,
        "0,33": 69.74606377010228,
        "0,34": 60.28172935654004,
        "0,35": 91.39468220835496,
        "0,36": 101.51090681401972,
        "0,37": 89.83920331493113,
        "0,38": 117.6356366588286,
        "0,39": 85.2086086146323,
        "0,40": 25.875869826056178,
        "1,0": 92.90480722803876,
        "1,1": 0.0,
        "1,2": 32.34809304615943,
        "1,3": 59.37723050956849,
        "1,4": 18.7887055824209,
        "1,5": 9.508458074375348,
        "1,6": 33.591571299511294,
        "1,7": 23.81353805713138,
        "1,8": 51.08653509320266,
        "1,9": 52.6853392140766,
        "1,10": 61.58192014579165,
        "1,11": 29.531810701169373,
        "1,12": 39.63382388816038,
        "1,13": 21.7914997990651,
        "1,14": 31.488013278726033,
        "1,15": 94.78253419717586,
        "1,16": 88.974133616712,
        "1,17": 17.357639408370076,
        "1,18": 64.28322897189075,
        "1,19": 46.90053518605283,
        "1,20": 61.20117440465346,
        "1,21": 47.23627757645531,
        "1,22": 96.58644008959374,
        "1,23": 90.87661230616511,
        "1,24": 23.41919881528797,
        "1,25": 68.07622559168935,
        "1,26": 57.79107704792311,
        "1,27": 65.09660261511482,
        "1,28": 94.63505733196426,
        "1,29": 43.51134063127919,
        "1,30": 30.520827186618764,
        "1,31": 59.452653265072996,
        "1,32": 7.680396108700792,
        "1,33": 96.33397639409544,
        "1,34": 54.88715782778188,
        "1,35": 5.375748049661292,
        "1,36": 14.853495346881227,
        "1,37": 41.766958732636084,
        "1,38": 59.74248570481621,
        "1,39": 34.61318757848982,
        "1,40": 67.05164386195845,
        "2,0": 90.35212041554955,
        "2,1": 32.34809304615943,
        "2,2": 0.0,
        "2,3": 64.11070143289277,
        "2,4": 16.54036722981653,
        "2,5": 24.314437501424273,
        "2,6": 6.193968768825875,
        "2,7": 32.01960407015856,
        "2,8": 44.310763407373976,
        "2,9": 43.381048377628744,
        "2,10": 37.65691140071554,
        "2,11": 9.337489075855634,
        "2,12": 43.02125661954866,
        "2,13": 20.088828248649467,
        "2,14": 30.927702596980957,
        "2,15": 68.08188372646727,
        "2,16": 61.91748021049915,
        "2,17": 29.102935966862812,
        "2,18": 40.36978148496183,
        "2,19": 35.65351796618622,
        "2,20": 31.486761378256936,
        "2,21": 20.94624584254752,
        "2,22": 68.28853743292366,
        "2,23": 62.7098293866887,
        "2,24": 27.474403017314145,
        "2,25": 38.89561214908357,
        "2,26": 29.387625379212274,
        "2,27": 33.74677558372402,
        "2,28": 66.28535107918414,
        "2,29": 11.93620051070867,
        "2,30": 14.541389909115912,
        "2,31": 27.116504691025362,
        "2,32": 25.349495117634696,
        "2,33": 71.08393460502457,
        "2,34": 35.061302128229734,
        "2,35": 36.99471952731223,
        "2,36": 24.56988119122215,
        "2,37": 9.574987888799198,
        "2,38": 32.55287802989517,
        "2,39": 5.6921627438815054,
        "2,40": 67.13596137276734,
        "3,0": 34.97443354008694,
        "3,1": 59.37723050956849,
        "3,2": 64.11070143289277,
        "3,3": 0.0,
        "3,4": 52.86750078597887,
        "3,5": 54.57024662953641,
        "3,6": 70.060204774526,
        "3,7": 36.98861291585113,
        "3,8": 24.270846930932528,
        "3,9": 27.684664305884073,
        "3,10": 53.300886783330654,
        "3,11": 70.6115522422176,
        "3,12": 21.642574998969703,
        "3,13": 72.93598075073525,
        "3,14": 33.652052436404716,
        "3,15": 77.50557822774928,
        "3,16": 74.4880423305363,
        "3,17": 74.48564735611998,
        "3,18": 104.04624384450727,
        "3,19": 33.04030563227969,
        "3,20": 91.95689578540399,
        "3,21": 55.39825826337688,
        "3,22": 83.5270831121246,
        "3,23": 79.03455724929997,
        "3,24": 39.88668949332244,
        "3,25": 68.163815038284,
        "3,26": 91.49714997800885,
        "3,27": 74.10271523881443,
        "3,28": 82.27206990851246,
        "3,29": 64.99794595054789,
        "3,30": 75.3339984206914,
        "3,31": 77.99309222531404,
        "3,32": 61.742721580999664,
        "3,33": 74.7640802509366,
        "3,34": 44.77131056649832,
        "3,35": 57.260213824175764,
        "3,36": 69.76299019947193,
        "3,37": 66.66191020524096,
        "3,38": 95.2393838113399,
        "3,39": 60.00532091807195,
        "3,40": 10.795828774097751,
        "4,0": 83.0410032024304,
        "4,1": 18.7887055824209,
        "4,2": 16.54036722981653,
        "4,3": 52.86750078597887,
        "4,4": 0.0,
        "4,5": 9.36388985857498,
        "4,6": 20.478044556958906,
        "4,7": 17.082162720026236,
        "4,8": 37.82187290986982,
        "4,9": 38.356668174555914,
        "4,10": 43.10248338568322,
        "4,11": 18.95357378256094,
        "4,12": 31.2353785680634,
        "4,13": 20.36663656715352,
        "4,14": 19.612900923740185,
        "4,15": 76.13208016629804,
        "4,16": 70.270476454118,
        "4,17": 24.598597690150946,
        "4,18": 55.23576068982055,
        "4,19": 31.396665925304525,
        "4,20": 47.929936510263104,
        "4,21": 28.448435031323903,
        "4,22": 77.80885337894837,
        "4,23": 72.09978878790503,
        "4,24": 13.168856678840388,
        "4,25": 49.33042789408521,
        "4,26": 45.52262272158474,
        "4,27": 46.878310753445554,
        "4,28": 75.85432724972908,
        "4,29": 25.92636154165679,
        "4,30": 22.967482094283067,
        "4,31": 42.46593800928534,
        "4,32": 14.236015585956775,
        "4,33": 77.90260415482916,
        "4,34": 37.06094978340702,
        "4,35": 22.333200404538402,
        "4,36": 19.211156296107976,
        "4,37": 24.85417701876034,
        "4,38": 48.38448313543207,
        "4,39": 16.875642212910584,
        "4,40": 58.04718532238811,
        "5,0": 86.81740132096613,
        "5,1": 9.508458074375348,
        "5,2": 24.314437501424273,
        "5,3": 54.57024662953641,
        "5,4": 9.36388985857498,
        "5,5": 0.0,
        "5,6": 26.756142589081268,
        "5,7": 17.630184653532492,
        "5,8": 43.28430649538793,
        "5,9": 44.49554536581649,
        "5,10": 52.09250106508984,
        "5,11": 23.643602498885688,
        "5,12": 33.60416543599344,
        "5,13": 19.76195985702174,
        "5,14": 23.782239085981523,
        "5,15": 85.27530734021921,
        "5,16": 79.46609768352184,
        "5,17": 19.94042435706399,
        "5,18": 59.931793693162575,
        "5,19": 38.242014262886,
        "5,20": 54.734830696382495,
        "5,21": 37.788321391938524,
        "5,22": 87.0986275805486,
        "5,23": 81.38841487407677,
        "5,24": 15.769580049257954,
        "5,25": 58.693374213815495,
        "5,26": 51.78782428848884,
        "5,27": 56.09083153667224,
        "5,28": 85.15057985384514,
        "5,29": 34.805429285549266,
        "5,30": 26.099461031814506,
        "5,31": 51.11577552180647,
        "5,32": 7.30095283561361,
        "5,33": 86.860911622952,
        "5,34": 45.541469192371636,
        "5,35": 13.054022311137448,
        "5,36": 15.247532965589581,
        "5,37": 33.37655250841386,
        "5,38": 54.20494462039588,
        "5,39": 25.77729768218886,
        "5,40": 61.192789839757474,
        "6,0": 96.54580247701071,
        "6,1": 33.591571299511294,
        "6,2": 6.193968768825875,
        "6,3": 70.060204774526,
        "6,4": 20.478044556958906,
        "6,5": 26.756142589081268,
        "6,6": 0.0,
        "6,7": 36.95967782510637,
        "6,8": 50.50213802484581,
        "6,9": 49.56690868116785,
        "6,10": 42.632233561930406,
        "6,11": 5.229506316170048,
        "6,12": 48.81185275345212,
        "6,13": 17.282965721489678,
        "6,14": 36.66861026618297,
        "6,15": 71.8295312935462,
        "6,16": 65.6217157614434,
        "6,17": 26.9668877884241,
        "6,18": 35.00062500894594,
        "6,19": 41.83862703083277,
        "6,20": 27.978693650737092,
        "6,21": 26.016864029169778,
        "6,22": 71.47391106891035,
        "6,23": 66.00836675282223,
        "6,24": 32.54743463886672,
        "6,25": 42.17715824103446,
        "6,26": 25.172460242507412,
        "6,27": 35.72377731490838,
        "6,28": 69.47120543813908,
        "6,29": 15.046805497465295,
        "6,30": 9.416550283725563,
        "6,31": 27.396367026582478,
        "6,32": 26.086584412157826,
        "6,33": 75.21411519562186,
        "6,34": 40.750881771761534,
        "6,35": 38.63017742729066,
        "6,36": 23.227211597079915,
        "6,37": 11.8950817420148,
        "6,38": 27.914371732597427,
        "6,39": 11.601557693943114,
        "6,40": 73.27685303350862,
        "7,0": 69.39102467705689,
        "7,1": 23.81353805713138,
        "7,2": 32.01960407015856,
        "7,3": 36.98861291585113,
        "7,4": 17.082162720026236,
        "7,5": 17.630184653532492,
        "7,6": 36.95967782510637,
        "7,7": 0.0,
        "7,8": 27.743281118190474,
        "7,9": 29.84492158142716,
        "7,10": 44.813008707507244,
        "7,11": 35.98621272220888,
        "7,12": 16.05059962316121,
        "7,13": 36.22759302807498,
        "7,14": 8.942422744060003,
        "7,15": 77.78929887313801,
        "7,16": 72.55310521760698,
        "7,17": 37.57057868762277,
        "7,18": 71.95186597148368,
        "7,19": 25.382659549483066,
        "7,20": 63.24560173619585,
        "7,21": 35.08154407802907,
        "7,22": 81.03430790720164,
        "7,23": 75.43617636627322,
        "7,24": 4.635969548150945,
        "7,25": 55.33053098203065,
        "7,26": 61.396059639504166,
        "7,27": 55.97159761295905,
        "7,28": 79.21881947402133,
        "7,29": 38.193396005711584,
        "7,30": 40.0306563465563,
        "7,31": 54.522970722778346,
        "7,32": 24.88136429679817,
        "7,33": 78.13577216845869,
        "7,34": 36.39618482104332,
        "7,35": 23.479109476942323,
        "7,36": 32.77700650444968,
        "7,37": 38.298600761804146,
        "7,38": 64.55619576301227,
        "7,39": 30.105600402781626,
        "7,40": 43.65528372220357,
        "8,0": 46.11382665124312,
        "8,1": 51.08653509320266,
        "8,2": 44.310763407373976,
        "8,3": 24.270846930932528,
        "8,4": 37.82187290986982,
        "8,5": 43.28430649538793,
        "8,6": 50.50213802484581,
        "8,7": 27.743281118190474,
        "8,8": 0.0,
        "8,9": 3.8654697216493177,
        "8,10": 29.406492456543305,
        "8,11": 52.338722662540974,
        "8,12": 15.546619069914469,
        "8,13": 57.84591583409968,
        "8,14": 19.618119676131865,
        "8,15": 57.23643401143762,
        "8,16": 53.22775758395507,
        "8,17": 62.205613301932566,
        "8,18": 82.53708534528488,
        "8,19": 9.349415665260548,
        "8,20": 69.19219364086894,
        "8,21": 31.78629809937354,
        "8,22": 62.303127207072514,
        "8,23": 57.30026347943958,
        "8,24": 27.72121259212349,
        "8,25": 44.06997844738633,
        "8,26": 69.28373117468244,
        "8,27": 49.8429556564436,
        "8,28": 60.81251011051478,
        "8,29": 42.55788483533839,
        "8,30": 57.52709012895494,
        "8,31": 54.203839725723796,
        "8,32": 50.39711932485862,
        "8,33": 55.8502672283457,
        "8,34": 20.583596673612416,
        "8,35": 51.21022595307611,
        "8,36": 56.894621268255136,
        "8,37": 44.71424738172282,
        "8,38": 73.19542734024705,
        "8,39": 39.319886278038695,
        "8,40": 23.545379990731547,
        "9,0": 47.05456635312164,
        "9,1": 52.6853392140766,
        "9,2": 43.381048377628744,
        "9,3": 27.684664305884073,
        "9,4": 38.356668174555914,
        "9,5": 44.49554536581649,
        "9,6": 49.56690868116785,
        "9,7": 29.84492158142716,
        "9,8": 3.8654697216493177,
        "9,9": 0.0,
        "9,10": 25.721508920411694,
        "9,11": 51.7618854809122,
        "9,12": 18.95737203120229,
        "9,13": 58.00883336593137,
        "9,14": 21.27991861156304,
        "9,15": 53.427954989788056,
        "9,16": 49.37558667837604,
        "9,17": 62.91928178117947,
        "9,18": 80.75338406514892,
        "9,19": 7.728585602751088,
        "9,20": 66.96923161959432,
        "9,21": 29.32951739514446,
        "9,22": 58.44768184274788,
        "9,23": 53.43595637567991,
        "9,24": 29.27289485398741,
        "9,25": 40.49624872700199,
        "9,26": 67.29003806486566,
        "9,27": 46.615880054221265,
        "9,28": 56.951793298251076,
        "9,29": 40.64294813708849,
        "9,30": 57.0187290916595,
        "9,31": 51.48297801976247,
        "9,32": 51.45803323713532,
        "9,33": 52.145661504315136,
        "9,34": 17.093645238227552,
        "9,35": 53.163097626127374,
        "9,36": 57.553750600800704,
        "9,37": 42.992221373916664,
        "9,38": 71.25176914521846,
        "9,39": 38.16357736862571,
        "9,40": 25.901579570376164,
        "10,0": 65.35723647052744,
        "10,1": 61.58192014579165,
        "10,2": 37.65691140071554,
        "10,3": 53.300886783330654,
        "10,4": 43.10248338568322,
        "10,5": 52.09250106508984,
        "10,6": 42.632233561930406,
        "10,7": 44.813008707507244,
        "10,8": 29.406492456543305,
        "10,9": 25.721508920411694,
        "10,10": 0.0,
        "10,11": 46.932338267945575,
        "10,12": 41.50020691836334,
        "10,13": 57.262082065066544,
        "10,14": 36.48714480581659,
        "10,15": 33.36228499522785,
        "10,16": 27.838852189828106,
        "10,17": 65.23997149728588,
        "10,18": 65.11429876003199,
        "10,19": 22.70898198036914,
        "10,20": 49.08877938871222,
        "10,21": 16.71169753215048,
        "10,22": 36.22144728815979,
        "10,23": 30.6375158494068,
        "10,24": 41.67850772302019,
        "10,25": 14.999004000548782,
        "10,26": 50.96675958888456,
        "10,27": 22.97316022449764,
        "10,28": 34.41364372632115,
        "10,29": 28.36619207209116,
        "10,30": 51.93971641842666,
        "10,31": 31.180574684591036,
        "10,32": 57.196596051610136,
        "10,33": 34.80012099226796,
        "10,34": 9.271765230230239,
        "10,35": 64.1735945184646,
        "10,36": 60.06091728186563,
        "10,37": 31.64553171855226,
        "10,38": 55.026495869356125,
        "10,39": 32.16701144351221,
        "10,40": 49.84817825741716,
        "11,0": 98.4481383849024,
        "11,1": 29.531810701169373,
        "11,2": 9.337489075855634,
        "11,3": 70.6115522422176,
        "11,4": 18.95357378256094,
        "11,5": 23.643602498885688,
        "11,6": 5.229506316170048,
        "11,7": 35.98621272220888,
        "11,8": 52.338722662540974,
        "11,9": 51.7618854809122,
        "11,10": 46.932338267945575,
        "11,11": 0.0,
        "11,12": 49.08206906115715,
        "11,13": 12.055289580868427,
        "11,14": 36.967652753138715,
        "11,15": 76.76840512742454,
        "11,16": 70.57090667167257,
        "11,17": 21.764648669195545,
        "11,18": 36.53282883250951,
        "11,19": 44.08039333155292,
        "11,20": 31.670011785261117,
        "11,21": 30.224514434647233,
        "11,22": 76.56379061302945,
        "11,23": 71.06987705947624,
        "11,24": 31.837746706483088,
        "11,25": 47.21986338973415,
        "11,26": 28.343179415563878,
        "11,27": 40.94198390289643,
        "11,28": 74.55997999632392,
        "11,29": 20.00082093421285,
        "11,30": 5.316337096358475,
        "11,31": 32.55544984229006,
        "11,32": 21.887631191725887,
        "11,33": 80.01121593161517,
        "11,34": 44.34857817416644,
        "11,35": 34.732192300759465,
        "11,36": 18.203140375735202,
        "11,37": 16.957637091257773,
        "11,38": 30.58537460583609,
        "11,39": 15.005132636773219,
        "11,40": 74.555390861117,
        "12,0": 53.35343642640071,
        "12,1": 39.63382388816038,
        "12,2": 43.02125661954866,
        "12,3": 21.642574998969703,
        "12,4": 31.2353785680634,
        "12,5": 33.60416543599344,
        "12,6": 48.81185275345212,
        "12,7": 16.05059962316121,
        "12,8": 15.546619069914469,
        "12,9": 18.95737203120229,
        "12,10": 41.50020691836334,
        "12,11": 49.08206906115715,
        "12,12": 0.0,
        "12,13": 51.39127431495059,
        "12,14": 12.154095045491891,
        "12,15": 71.90788658466971,
        "12,16": 67.4811262719836,
        "12,17": 53.51657773379482,
        "12,18": 83.2976376480914,
        "12,19": 18.81012017056709,
        "12,20": 72.27043369110825,
        "12,21": 37.9444748820501,
        "12,22": 76.45531075487328,
        "12,23": 71.20045466890149,
        "12,24": 18.366915178400824,
        "12,25": 54.904921020173,
        "12,26": 71.31564606617849,
        "12,27": 58.477222373739195,
        "12,28": 74.84278641323509,
        "12,29": 45.492870684820275,
        "12,30": 53.73202684877896,
        "12,31": 60.12139361822079,
        "12,32": 40.888463454159144,
        "12,33": 70.96755606260265,
        "12,34": 32.2310566035693,
        "12,35": 38.582923704930664,
        "12,36": 48.59509626471872,
        "12,37": 46.678285782643236,
        "12,38": 74.89336827551858,
        "12,39": 39.388498174322066,
        "12,40": 27.607017534664635,
        "13,0": 103.37182295793963,
        "13,1": 21.7914997990651,
        "13,2": 20.088828248649467,
        "13,3": 72.93598075073525,
        "13,4": 20.36663656715352,
        "13,5": 19.76195985702174,
        "13,6": 17.282965721489678,
        "13,7": 36.22759302807498,
        "13,8": 57.84591583409968,
        "13,9": 58.00883336593137,
        "13,10": 57.262082065066544,
        "13,11": 12.055289580868427,
        "13,12": 51.39127431495059,
        "13,13": 0.0,
        "13,14": 39.9710535827217,
        "13,15": 88.1707065506298,
        "13,16": 82.00526805316865,
        "13,17": 9.799915479868877,
        "13,18": 42.679878577194025,
        "13,19": 50.65203276484902,
        "13,20": 41.649996578332335,
        "13,21": 40.67449094481525,
        "13,22": 88.28083044659215,
        "13,23": 82.73298581175587,
        "13,24": 33.05185258330487,
        "13,25": 58.887347106723546,
        "13,26": 37.66715314088149,
        "13,27": 52.95693421280266,
        "13,28": 86.27647776698315,
        "13,29": 31.688904963163264,
        "13,30": 10.03415109926373,
        "13,31": 44.54856738201667,
        "13,32": 14.574535002234134,
        "13,33": 91.11666186389542,
        "13,34": 53.45113372722264,
        "13,35": 27.15051387527575,
        "13,36": 7.466381374120729,
        "13,37": 28.805238950224958,
        "13,38": 39.02505323137895,
        "13,39": 25.190990112253253,
        "13,40": 78.40688688164613,
        "14,0": 63.575872217156785,
        "14,1": 31.488013278726033,
        "14,2": 30.927702596980957,
        "14,3": 33.652052436404716,
        "14,4": 19.612900923740185,
        "14,5": 23.782239085981523,
        "14,6": 36.66861026618297,
        "14,7": 8.942422744060003,
        "14,8": 19.618119676131865,
        "14,9": 21.27991861156304,
        "14,10": 36.48714480581659,
        "14,11": 36.967652753138715,
        "14,12": 12.154095045491891,
        "14,13": 39.9710535827217,
        "14,14": 0.0,
        "14,15": 69.15900684648733,
        "14,16": 64.04721975696597,
        "14,17": 43.16566174670659,
        "14,18": 71.26437204477693,
        "14,19": 16.44180603260272,
        "14,20": 60.74030720699986,
        "14,21": 28.681740424655878,
        "14,22": 72.65489450749642,
        "14,23": 67.11066132940124,
        "14,24": 8.104785699119338,
        "14,25": 47.937432323334384,
        "14,26": 59.5398329727778,
        "14,27": 49.72745584651794,
        "14,28": 70.87652600497431,
        "14,29": 34.325931512346685,
        "14,30": 41.69131457896907,
        "14,31": 49.807291243333665,
        "14,32": 30.993421960187348,
        "14,33": 69.33116602733934,
        "14,34": 27.78841339375574,
        "14,35": 31.902650699203566,
        "14,36": 37.986042624842106,
        "14,37": 35.16909720497351,
        "14,38": 63.03169826126549,
        "14,39": 27.55259556867798,
        "14,40": 38.43603730634624,
        "15,0": 74.90023042110987,
        "15,1": 94.78253419717586,
        "15,2": 68.08188372646727,
        "15,3": 77.50557822774928,
        "15,4": 76.13208016629804,
        "15,5": 85.27530734021921,
        "15,6": 71.8295312935462,
        "15,7": 77.78929887313801,
        "15,8": 57.23643401143762,
        "15,9": 53.427954989788056,
        "15,10": 33.36228499522785,
        "15,11": 76.76840512742454,
        "15,12": 71.90788658466971,
        "15,13": 88.1707065506298,
        "15,14": 69.15900684648733,
        "15,15": 0.0,
        "15,16": 6.218014337367456,
        "15,17": 96.92398144768569,
        "15,18": 83.58772504105403,
        "15,19": 53.70158808156501,
        "15,20": 66.92236525759768,
        "15,21": 48.17670979950677,
        "15,22": 7.662079155984968,
        "15,23": 8.1465366028944,
        "15,24": 74.90305609631643,
        "15,25": 29.852327203497516,
        "15,26": 70.62750768329416,
        "15,27": 38.70811125060335,
        "15,28": 7.825985200354989,
        "15,29": 56.79189093514366,
        "15,30": 81.18165970600161,
        "15,31": 50.062480842295074,
        "15,32": 90.00924214008559,
        "15,33": 6.556654432869227,
        "15,34": 41.39695333004012,
        "15,35": 97.5112986002424,
        "15,36": 91.99307643688995,
        "15,37": 59.94769699875391,
        "15,38": 74.13633992511626,
        "15,39": 63.198707446138464,
        "15,40": 70.31272696141352,
        "16,0": 74.65934252599791,
        "16,1": 88.974133616712,
        "16,2": 61.91748021049915,
        "16,3": 74.4880423305363,
        "16,4": 70.270476454118,
        "16,5": 79.46609768352184,
        "16,6": 65.6217157614434,
        "16,7": 72.55310521760698,
        "16,8": 53.22775758395507,
        "16,9": 49.37558667837604,
        "16,10": 27.838852189828106,
        "16,11": 70.57090667167257,
        "16,12": 67.4811262719836,
        "16,13": 82.00526805316865,
        "16,14": 64.04721975696597,
        "16,15": 6.218014337367456,
        "16,16": 0.0,
        "16,17": 90.80526207215023,
        "16,18": 77.83264734060147,
        "16,19": 48.98704435035802,
        "16,20": 61.10740004713352,
        "16,21": 42.161508799058225,
        "16,22": 9.094147685654947,
        "16,23": 5.12092770924583,
        "16,24": 69.51072014280265,
        "16,25": 23.63881583743196,
        "16,26": 64.71355487105575,
        "16,27": 32.63711157931656,
        "16,28": 7.79905177291599,
        "16,29": 50.587713769454936,
        "16,30": 74.96912581940119,
        "16,31": 44.02081339094371,
        "16,32": 84.06578095000974,
        "16,33": 11.174212540531576,
        "16,34": 36.2681417440831,
        "16,35": 91.81937544133939,
        "16,36": 85.90356734776249,
        "16,37": 53.73708346872089,
        "16,38": 68.28098305421267,
        "16,39": 57.079881039427754,
        "16,40": 67.93845238718636,
        "17,0": 106.60245444562986,
        "17,1": 17.357639408370076,
        "17,2": 29.102935966862812,
        "17,3": 74.48564735611998,
        "17,4": 24.598597690150946,
        "17,5": 19.94042435706399,
        "17,6": 26.9668877884241,
        "17,7": 37.57057868762277,
        "17,8": 62.205613301932566,
        "17,9": 62.91928178117947,
        "17,10": 65.23997149728588,
        "17,11": 21.764648669195545,
        "17,12": 53.51657773379482,
        "17,13": 9.799915479868877,
        "17,14": 43.16566174670659,
        "17,15": 96.92398144768569,
        "17,16": 90.80526207215023,
        "17,17": 0.0,
        "17,18": 50.429792736799484,
        "17,19": 55.99002588824969,
        "17,20": 51.031467325373924,
        "17,21": 48.95581089092016,
        "17,22": 97.36832322291504,
        "17,23": 91.76913292411291,
        "17,24": 35.41758015975288,
        "17,25": 67.98647200764623,
        "17,26": 46.86571176520546,
        "17,27": 62.488789039966896,
        "17,28": 95.36635055816664,
        "17,29": 40.9553012218134,
        "17,30": 19.656577585282808,
        "17,31": 54.311249615253224,
        "17,32": 12.753980559325447,
        "17,33": 99.57416277557091,
        "17,34": 60.55789611667361,
        "17,35": 22.138719178277835,
        "17,36": 5.409412264857789,
        "17,37": 38.21994450443382,
        "17,38": 47.87599677388101,
        "17,39": 33.72624425992878,
        "17,40": 81.0734903920791,
        "18,0": 127.36536096270783,
        "18,1": 64.28322897189075,
        "18,2": 40.36978148496183,
        "18,3": 104.04624384450727,
        "18,4": 55.23576068982055,
        "18,5": 59.931793693162575,
        "18,6": 35.00062500894594,
        "18,7": 71.95186597148368,
        "18,8": 82.53708534528488,
        "18,9": 80.75338406514892,
        "18,10": 65.11429876003199,
        "18,11": 36.53282883250951,
        "18,12": 83.2976376480914,
        "18,13": 42.679878577194025,
        "18,14": 71.26437204477693,
        "18,15": 83.58772504105403,
        "18,16": 77.83264734060147,
        "18,17": 50.429792736799484,
        "18,18": 0.0,
        "18,19": 73.27680069673252,
        "18,20": 16.80377409822088,
        "18,21": 52.16569941524399,
        "18,22": 79.99813418186038,
        "18,23": 75.85813812884653,
        "18,24": 67.54714981741348,
        "18,25": 56.33265138664483,
        "18,26": 14.147561658636775,
        "18,27": 45.957712540007904,
        "18,28": 78.23900543281533,
        "18,29": 40.12511160966766,
        "18,30": 33.97229565400764,
        "18,31": 34.90601219602596,
        "18,32": 56.73706193339018,
        "18,33": 88.93926910505854,
        "18,34": 67.59272961292457,
        "18,35": 69.65809168266043,
        "18,36": 50.07722107405898,
        "18,37": 37.82284224760083,
        "18,38": 10.097829880371641,
        "18,39": 44.04633406103749,
        "18,40": 106.00594122223214,
        "19,0": 54.76640649297139,
        "19,1": 46.90053518605283,
        "19,2": 35.65351796618622,
        "19,3": 33.04030563227969,
        "19,4": 31.396665925304525,
        "19,5": 38.242014262886,
        "19,6": 41.83862703083277,
        "19,7": 25.382659549483066,
        "19,8": 9.349415665260548,
        "19,9": 7.728585602751088,
        "19,10": 22.70898198036914,
        "19,11": 44.08039333155292,
        "19,12": 18.81012017056709,
        "19,13": 50.65203276484902,
        "19,14": 16.44180603260272,
        "19,15": 53.70158808156501,
        "19,16": 48.98704435035802,
        "19,17": 55.99002588824969,
        "19,18": 73.27680069673252,
        "19,19": 0.0,
        "19,20": 59.84291714462195,
        "19,21": 22.511079219331695,
        "19,22": 57.873729397740625,
        "19,23": 52.53174776260136,
        "19,24": 23.82117192278696,
        "19,25": 36.52548077718462,
        "19,26": 59.95691657863325,
        "19,27": 41.301672210548226,
        "19,28": 56.21261892204244,
        "19,29": 33.239899829172884,
        "19,30": 49.35069796255833,
        "19,31": 45.028313226337914,
        "19,32": 44.956230313293254,
        "19,33": 53.360809575350714,
        "19,34": 13.437550585636716,
        "19,35": 47.95446681583817,
        "19,36": 50.59294619004595,
        "19,37": 35.46422785395683,
        "19,38": 63.880993951977004,
        "19,39": 30.443117290148088,
        "19,40": 32.88977420710983,
        "20,0": 112.75451887577691,
        "20,1": 61.20117440465346,
        "20,2": 31.486761378256936,
        "20,3": 91.95689578540399,
        "20,4": 47.929936510263104,
        "20,5": 54.734830696382495,
        "20,6": 27.978693650737092,
        "20,7": 63.24560173619585,
        "20,8": 69.19219364086894,
        "20,9": 66.96923161959432,
        "20,10": 49.08877938871222,
        "20,11": 31.670011785261117,
        "20,12": 72.27043369110825,
        "20,13": 41.649996578332335,
        "20,14": 60.74030720699986,
        "20,15": 66.92236525759768,
        "20,16": 61.10740004713352,
        "20,17": 51.031467325373924,
        "20,18": 16.80377409822088,
        "20,19": 59.84291714462195,
        "20,20": 0.0,
        "20,21": 37.70381241702312,
        "20,22": 63.60717793843816,
        "20,23": 59.28721439511563,
        "20,24": 58.631486621371806,
        "20,25": 39.57615290626013,
        "20,26": 4.8301072991249505,
        "20,27": 29.167201919691188,
        "20,28": 61.80130769085175,
        "20,29": 26.964461051832536,
        "20,30": 31.637903151739728,
        "20,31": 18.269032846730855,
        "20,32": 53.55503011337834,
        "20,33": 72.18754305357422,
        "20,34": 52.51409681315604,
        "20,35": 66.38003593263382,
        "20,36": 48.91442834322885,
        "20,37": 25.601107460607313,
        "20,38": 7.305698045745457,
        "20,39": 33.33711980176422,
        "20,40": 92.72071291120496,
        "21,0": 75.2618719305078,
        "21,1": 47.23627757645531,
        "21,2": 20.94624584254752,
        "21,3": 55.39825826337688,
        "21,4": 28.448435031323903,
        "21,5": 37.788321391938524,
        "21,6": 26.016864029169778,
        "21,7": 35.08154407802907,
        "21,8": 31.78629809937354,
        "21,9": 29.32951739514446,
        "21,10": 16.71169753215048,
        "21,11": 30.224514434647233,
        "21,12": 37.9444748820501,
        "21,13": 40.67449094481525,
        "21,14": 28.681740424655878,
        "21,15": 48.17670979950677,
        "21,16": 42.161508799058225,
        "21,17": 48.95581089092016,
        "21,18": 52.16569941524399,
        "21,19": 22.511079219331695,
        "21,20": 37.70381241702312,
        "21,21": 0.0,
        "21,22": 49.41797306075627,
        "21,23": 43.71551228187589,
        "21,24": 30.961773045453306,
        "21,25": 21.032569798866692,
        "21,26": 38.34125377204499,
        "21,27": 21.054892146694318,
        "21,28": 47.451742455133484,
        "21,29": 12.609133091856968,
        "21,30": 35.263193449309036,
        "21,31": 22.604235199261637,
        "21,32": 41.95541713250353,
        "21,33": 50.61910683714447,
        "21,34": 15.674733656450181,
        "21,35": 50.56705684844196,
        "21,36": 43.90765328176272,
        "21,37": 15.678742869838116,
        "21,38": 42.375388444712435,
        "21,39": 15.501364504319557,
        "21,40": 55.19009292046553,
        "22,0": 82.37132619217459,
        "22,1": 96.58644008959374,
        "22,2": 68.28853743292366,
        "22,3": 83.5270831121246,
        "22,4": 77.80885337894837,
        "22,5": 87.0986275805486,
        "22,6": 71.47391106891035,
        "22,7": 81.03430790720164,
        "22,8": 62.303127207072514,
        "22,9": 58.44768184274788,
        "22,10": 36.22144728815979,
        "22,11": 76.56379061302945,
        "22,12": 76.45531075487328,
        "22,13": 88.28083044659215,
        "22,14": 72.65489450749642,
        "22,15": 7.662079155984968,
        "22,16": 9.094147685654947,
        "22,17": 97.36832322291504,
        "22,18": 79.99813418186038,
        "22,19": 57.873729397740625,
        "22,20": 63.60717793843816,
        "22,21": 49.41797306075627,
        "22,22": 0.0,
        "22,23": 5.710318802168966,
        "22,24": 77.83337044717973,
        "22,25": 29.39704097701025,
        "22,26": 67.6138913449516,
        "22,27": 36.75891954380836,
        "22,28": 2.004447503035632,
        "22,29": 56.60776397031505,
        "22,30": 80.6685200572372,
        "22,31": 47.76759447713488,
        "22,32": 91.34455698393035,
        "22,33": 13.93143978955639,
        "22,34": 44.954330783498236,
        "22,35": 99.66005960659032,
        "22,36": 92.6328566861873,
        "22,37": 59.607813702888514,
        "22,38": 70.90064520774729,
        "22,39": 63.77798591343967,
        "22,40": 76.80736428078899,
        "23,0": 79.77927526357462,
        "23,1": 90.87661230616511,
        "23,2": 62.7098293866887,
        "23,3": 79.03455724929997,
        "23,4": 72.09978878790503,
        "23,5": 81.38841487407677,
        "23,6": 66.00836675282223,
