{
    "num_robots": 5,
    "num_tasks": 60,
    "num_nodes": 61,
    "robot_capacity": [
        182,
        166,
        163,
        160,
        158
    ],
    "robot_speed": [
        1.18,
        1.12,
        0.85,
        1.01,
        1.14
    ],
    "task_demand": {
        "0": 0,
        "1": 13,
        "2": 15,
        "3": 6,
        "4": 11,
        "5": 10,
        "6": 9,
        "7": 7,
        "8": 6,
        "9": 5,
        "10": 13,
        "11": 13,
        "12": 6,
        "13": 15,
        "14": 11,
        "15": 8,
        "16": 13,
        "17": 9,
        "18": 11,
        "19": 9,
        "20": 10,
        "21": 15,
        "22": 13,
        "23": 9,
        "24": 7,
        "25": 10,
        "26": 10,
        "27": 10,
        "28": 13,
        "29": 5,
        "30": 13,
        "31": 8,
        "32": 12,
        "33": 14,
        "34": 9,
        "35": 9,
        "36": 15,
        "37": 12,
        "38": 14,
        "39": 12,
        "40": 11,
        "41": 12,
        "42": 12,
        "43": 12,
        "44": 15,
        "45": 10,
        "46": 10,
        "47": 8,
        "48": 13,
        "49": 6,
        "50": 7,
        "51": 14,
        "52": 7,
        "53": 5,
        "54": 13,
        "55": 7,
        "56": 15,
        "57": 15,
        "58": 10,
        "59": 10,
        "60": 5
    },
    "task_service_time": {
        "0": 0,
        "1": 56,
        "2": 84,
        "3": 61,
        "4": 18,
        "5": 24,
        "6": 11,
        "7": 15,
        "8": 31,
        "9": 86,
        "10": 64,
        "11": 60,
        "12": 46,
        "13": 27,
        "14": 65,
        "15": 81,
        "16": 62,
        "17": 34,
        "18": 33,
        "19": 79,
        "20": 14,
        "21": 69,
        "22": 98,
        "23": 100,
        "24": 36,
        "25": 51,
        "26": 13,
        "27": 84,
        "28": 28,
        "29": 83,
        "30": 54,
        "31": 42,
        "32": 47,
        "33": 62,
        "34": 100,
        "35": 17,
        "36": 65,
        "37": 61,
        "38": 27,
        "39": 20,
        "40": 88,
        "41": 100,
        "42": 65,
        "43": 40,
        "44": 36,
        "45": 89,
        "46": 13,
        "47": 31,
        "48": 66,
        "49": 48,
        "50": 53,
        "51": 95,
        "52": 49,
        "53": 16,
        "54": 39,
        "55": 85,
        "56": 21,
        "57": 15,
        "58": 63,
        "59": 51,
        "60": 63
    },
    "task_precedence": [],
    "coordinates": {
        "0": [
            0,
            0
        ],
        "1": [
            31.22453302510332,
            12.588263072591765
        ],
        "2": [
            3.323786880382673,
            47.28620825632478
        ],
        "3": [
            36.131844114417255,
            49.767038797702156
        ],
        "4": [
            81.68710323675961,
            41.30349158149159
        ],
        "5": [
            23.311459064385886,
            45.596016021883216
        ],
        "6": [
            43.664309795240385,
            41.64981003137631
        ],
        "7": [
            34.76762816765541,
            84.45614199482691
        ],
        "8": [
            17.071496341277705,
            97.59128748866637
        ],
        "9": [
            70.21222817891578,
            51.0962219848625
        ],
        "10": [
            55.50951507751836,
            57.541751619463
        ],
        "11": [
            42.99227818185851,
            20.125015520357604
        ],
        "12": [
            76.099323134218,
            52.96744847696684
        ],
        "13": [
            17.350700994135448,
            25.051453980289594
        ],
        "14": [
            7.32602779538265,
            14.540024110917749
        ],
        "15": [
            84.09696249080699,
            73.13086998597574
        ],
        "16": [
            38.54178568665516,
            16.37710459695897
        ],
        "17": [
            6.214686090190746,
            99.43050533353586
        ],
        "18": [
            66.66738466960359,
            85.20330741086622
        ],
        "19": [
            77.26795505522801,
            30.846129970585057
        ],
        "20": [
            56.0588112851664,
            38.10298621999579
        ],
        "21": [
            44.91566956991877,
            46.86153637423217
        ],
        "22": [
            36.571365006827094,
            91.71892791222223
        ],
        "23": [
            99.11063935200747,
            9.075944089297373
        ],
        "24": [
            1.901804997478762,
            45.30512413219673
        ],
        "25": [
            40.65767275816932,
            64.21617477948529
        ],
        "26": [
            84.60198717676657,
            15.344193357604642
        ],
        "27": [
            53.47925340275192,
            86.7643094492593
        ],
        "28": [
            81.77710077854952,
            44.74429730203228
        ],
        "29": [
            24.073746355326108,
            64.57912122336145
        ],
        "30": [
            78.53603186404688,
            9.4833697081109
        ],
        "31": [
            66.72364692320822,
            88.46621295067074
        ],
        "32": [
            38.13260767413988,
            23.77642172384402
        ],
        "33": [
            78.55469555168627,
            3.5106645075033027
        ],
        "34": [
            6.418378711484529,
            63.11987191077145
        ],
        "35": [
            42.97776446109454,
            72.09680581295123
        ],
        "36": [
            39.04145273717896,
            8.338291982175006
        ],
        "37": [
            53.70823615782643,
            90.34753072834607
        ],
        "38": [
            80.23072179115658,
            67.62138617077936
        ],
        "39": [
            54.499698686964024,
            30.845535902900046
        ],
        "40": [
            33.946102250498896,
            29.160832146355354
        ],
        "41": [
            82.8174859308356,
            43.1005335340876
        ],
        "42": [
            60.58016901590434,
            18.7271448438037
        ],
        "43": [
            44.501378489916576,
            73.1893288127139
        ],
        "44": [
            8.868605553085828,
            47.21856152636577
        ],
        "45": [
            91.85832608312447,
            7.266706378664001
        ],
        "46": [
            2.4006376544091768,
            22.63951885531281
        ],
        "47": [
            60.669864081197176,
            94.16180412278646
        ],
        "48": [
            23.46633771700908,
            4.567841646941806
        ],
        "49": [
            86.72562333557859,
            25.000595037531603
        ],
        "50": [
            66.73278174444185,
            23.184973662986074
        ],
        "51": [
            56.85569672950406,
            56.664041106157136
        ],
        "52": [
            39.91934661232419,
            79.3463270749864
        ],
        "53": [
            23.37302755345493,
            63.00699711283085
        ],
        "54": [
            27.872006009910532,
            77.6706213617531
        ],
        "55": [
            80.9950998926245,
            90.2590523243084
        ],
        "56": [
            68.85443010810964,
            67.64342886308631
        ],
        "57": [
            46.30327204497111,
            67.03770106334487
        ],
        "58": [
            8.751918696066385,
            83.52431459828104
        ],
        "59": [
            20.603511316129307,
            18.82621266570752
        ],
        "60": [
            22.180756560464143,
            82.8521022822168
        ]
    },
    "distance_matrix_str_keys": {
        "0,0": 0.0,
        "0,1": 33.666538726464665,
        "0,2": 47.40288019189047,
        "0,3": 61.500148859986844,
        "0,4": 91.5355736969806,
        "0,5": 51.2095772368643,
        "0,6": 60.3430080916129,
        "0,7": 91.33251277094433,
        "0,8": 99.07318194660847,
        "0,9": 86.83651816473575,
        "0,10": 79.95223226137723,
        "0,11": 47.46948738885793,
        "0,12": 92.71816208082569,
        "0,13": 30.473302602679286,
        "0,14": 16.281369242320764,
        "0,15": 111.44695260564949,
        "0,16": 41.87694829970053,
        "0,17": 99.62453369568117,
        "0,18": 108.18569116308988,
        "0,19": 83.197479604727,
        "0,20": 67.7822091819608,
        "0,21": 64.9108693846232,
        "0,22": 98.74120961295742,
        "0,23": 99.52533141806533,
        "0,24": 45.34502326476622,
        "0,25": 76.00502258022021,
        "0,26": 85.98221039292567,
        "0,27": 101.92191098445211,
        "0,28": 93.21773625656063,
        "0,29": 68.92030297062101,
        "0,30": 79.1065269239606,
        "0,31": 110.80756243400708,
        "0,32": 44.93789044915163,
        "0,33": 78.63310345205994,
        "0,34": 63.445360865206155,
        "0,35": 83.93472253188021,
        "0,36": 39.92195066638631,
        "0,37": 105.10590344930341,
        "0,38": 104.9267391411152,
        "0,39": 62.623192525668664,
        "0,40": 44.75144678632455,
        "0,41": 93.36161934557028,
        "0,42": 63.40869681673279,
        "0,43": 85.6565849165046,
        "0,44": 48.0441954566357,
        "0,45": 92.14530423405927,
        "0,46": 22.76644186402064,
        "0,47": 112.01463191605347,
        "0,48": 23.90678111248478,
        "0,49": 90.25720744170685,
        "0,50": 70.64564503990795,
        "0,51": 80.2706908222273,
        "0,52": 88.8222599028284,
        "0,53": 67.20253047460965,
        "0,54": 82.52014385431782,
        "0,55": 121.27201958035687,
        "0,56": 96.52236017559855,
        "0,57": 81.4742067523765,
        "0,58": 83.98158851781251,
        "0,59": 27.909334672978407,
        "0,60": 85.76978963584725,
        "1,0": 33.666538726464665,
        "1,1": 0.0,
        "1,2": 44.52413991763889,
        "1,3": 37.501240866741476,
        "1,4": 58.06061781177216,
        "1,5": 33.943018343530426,
        "1,6": 31.612047667439718,
        "1,7": 71.95516342813924,
        "1,8": 86.1732128172873,
        "1,9": 54.79875247663712,
        "1,10": 51.093800855092034,
        "1,11": 13.97435020075136,
        "1,12": 60.36742003148713,
        "1,13": 18.649781307705243,
        "1,14": 23.9780717190877,
        "1,15": 80.37973033964681,
        "1,16": 8.239994333114355,
        "1,17": 90.37182904321601,
        "1,18": 80.80309645640828,
        "1,19": 49.53126705333724,
        "1,20": 35.60537142043201,
        "1,21": 36.90669969934616,
        "1,22": 79.31110092668436,
        "1,23": 67.97690649675187,
        "1,24": 43.93421646707193,
        "1,25": 52.4826199082929,
        "1,26": 53.4485524916135,
        "1,27": 77.44261381927176,
        "1,28": 59.91304235165928,
        "1,29": 52.480311367694064,
        "1,30": 47.41327119269619,
        "1,31": 83.77141735252476,
        "1,32": 13.149007162605557,
        "1,33": 48.19281150235637,
        "1,34": 56.29199573301579,
        "1,35": 60.658100104348485,
        "1,36": 8.897555172878384,
        "1,37": 80.94455270689723,
        "1,38": 73.69023799197771,
        "1,39": 29.581435864193146,
        "1,40": 16.79455223437903,
        "1,41": 59.940232217172635,
        "1,42": 29.99065244080779,
        "1,43": 62.03840580104502,
        "1,44": 41.2194743310922,
        "1,45": 60.866869693205196,
        "1,46": 30.526131218194134,
        "1,47": 86.72525653159387,
        "1,48": 11.15870755435236,
        "1,49": 56.87211100758788,
        "1,50": 37.055714841991396,
        "1,51": 50.98657433193481,
        "1,52": 67.32190499877687,
        "1,53": 51.02641355603672,
        "1,54": 65.16864888783843,
        "1,55": 92.24890692739386,
        "1,56": 66.6864336630509,
        "1,57": 56.49875810969787,
        "1,58": 74.41062962263442,
        "1,59": 12.317390846634293,
        "1,60": 70.84346824668032,
        "2,0": 47.40288019189047,
        "2,1": 44.52413991763889,
        "2,2": 0.0,
        "2,3": 32.90171940258928,
        "2,4": 78.59136243367296,
        "2,5": 20.05900768045474,
        "2,6": 40.732379920578694,
        "2,7": 48.685923314895,
        "2,8": 52.149789184553256,
        "2,9": 66.99686398600277,
        "2,10": 53.18389227142492,
        "2,11": 48.07618529974711,
        "2,12": 72.996953138319,
        "2,13": 26.28951534871386,
        "2,14": 32.989854628758316,
        "2,15": 84.8071485083217,
        "2,16": 46.858084990149045,
        "2,17": 52.22437185756965,
        "2,18": 73.82491306583381,
        "2,19": 75.74969426414249,
        "2,20": 53.52863127282122,
        "2,21": 41.594050678763814,
        "2,22": 55.49475675497282,
        "2,23": 103.12684128845812,
        "2,24": 2.4385911469902326,
        "2,25": 40.99320432963167,
        "2,26": 87.32948047028083,
        "2,27": 63.82860875717159,
        "2,28": 78.49448243605312,
        "2,29": 27.011213543587782,
        "2,30": 84.17800423973621,
        "2,31": 75.59983492095881,
        "2,32": 42.00433391752234,
        "2,33": 87.04015079269455,
        "2,34": 16.133239083434795,
        "2,35": 46.776101687597674,
        "2,36": 52.84592544705724,
        "2,37": 66.2787312946673,
        "2,38": 79.54995976229364,
        "2,39": 53.751927004226154,
        "2,40": 35.58448338468196,
        "2,41": 79.60381939080786,
        "2,42": 63.98369634718898,
        "2,43": 48.64736072306889,
        "2,44": 5.545231302049692,
        "2,45": 97.15927728414779,
        "2,46": 24.663971758890963,
        "2,47": 74.0668215745594,
        "2,48": 47.22902920852518,
        "2,49": 86.3279495912934,
        "2,50": 67.83487405894869,
        "2,51": 54.3471169525473,
        "2,52": 48.652710209820796,
        "2,53": 25.47774035972618,
        "2,54": 39.0618435585501,
        "2,55": 88.76653757096129,
        "2,56": 68.6198341055412,
        "2,57": 47.30071472101499,
        "2,58": 36.64239302037148,
        "2,59": 33.295048064138506,
        "2,60": 40.25565951983018,
        "3,0": 61.500148859986844,
        "3,1": 37.501240866741476,
        "3,2": 32.90171940258928,
        "3,3": 0.0,
        "3,4": 46.334795404585336,
        "3,5": 13.481828652948685,
        "3,6": 11.073727560205102,
        "3,7": 34.71591804590756,
        "3,8": 51.48257588823832,
        "3,9": 34.1062942274407,
        "3,10": 20.879183207564996,
        "3,11": 30.425566544739063,
        "3,12": 40.09541122514325,
        "3,13": 31.041769759007348,
        "3,14": 45.50513836424283,
        "3,15": 53.352799257913595,
        "3,16": 33.4767908305375,
        "3,17": 57.97841195309177,
        "3,18": 46.777648190367,
        "3,19": 45.27891798816275,
        "3,20": 23.08969777107558,
        "3,21": 9.251893534055952,
        "3,22": 41.95419143413268,
        "3,23": 74.98062308454554,
        "3,24": 34.519621383053895,
        "3,25": 15.141355802327167,
        "3,26": 59.449870114891354,
        "3,27": 40.862337729033214,
        "3,28": 45.9207729471841,
        "3,29": 19.099620607549355,
        "3,30": 58.48836751034798,
        "3,31": 49.330360623187644,
        "3,32": 26.06751293663897,
        "3,33": 62.76424528777166,
        "3,34": 32.575883386283785,
        "3,35": 23.355622885043243,
        "3,36": 41.530794418632304,
        "3,37": 44.22336353780288,
        "3,38": 47.576136165797735,
        "3,39": 26.37046365531391,
        "3,40": 20.721805424568934,
        "3,41": 47.15921377886521,
        "3,42": 39.51196789781465,
        "3,43": 24.872731559078577,
        "3,44": 27.382091104489938,
        "3,45": 70.0836574982884,
        "3,46": 43.286217523276655,
        "3,47": 50.72484216002449,
        "3,48": 46.94020105811318,
        "3,49": 56.33034024755493,
        "3,50": 40.53422715018684,
        "3,51": 21.84139894912122,
        "3,52": 29.820789227690415,
        "3,53": 18.38705784574117,
        "3,54": 29.10042689414486,
        "3,55": 60.43438490180659,
        "3,56": 37.28716878343485,
        "3,57": 20.04329616705661,
        "3,58": 43.465089271630454,
        "3,59": 34.618836508824316,
        "3,60": 35.906187067306796,
        "4,0": 91.5355736969806,
        "4,1": 58.06061781177216,
        "4,2": 78.59136243367296,
        "4,3": 46.334795404585336,
        "4,4": 0.0,
        "4,5": 58.5332520761571,
        "4,6": 38.02437057421422,
        "4,7": 63.746281291192346,
        "4,8": 85.6941807975268,
        "4,9": 15.0854342445364,
        "4,10": 30.80498678616219,
        "4,11": 44.11141954529946,
        "4,12": 12.933335878027156,
        "4,13": 66.3573762268794,
        "4,14": 79.03070752464905,
        "4,15": 31.91848113125907,
        "4,16": 49.828136575654,
        "4,17": 95.26193089411974,
        "4,18": 46.39812254487871,
        "4,19": 11.35276541251495,
        "4,20": 25.827361129721726,
        "4,21": 37.189113942563715,
        "4,22": 67.6546085381458,
        "4,23": 36.63597177803504,
        "4,24": 79.88558617298777,
        "4,25": 46.993672092411515,
        "4,26": 26.122436958683824,
        "4,27": 53.50110983394901,
        "4,28": 3.4419825048994293,
        "4,29": 62.137378657076546,
        "4,30": 31.975762802984548,
        "4,31": 49.479564587760756,
        "4,32": 46.94882598648363,
        "4,33": 37.922417593685786,
        "4,34": 78.36667239543564,
        "4,35": 49.46353313105143,
        "4,36": 53.901353333243556,
        "4,37": 56.46357036938778,
        "4,38": 26.35816045417356,
        "4,39": 29.129431905370744,
        "4,40": 49.261012508147346,
        "4,41": 2.1229990142382493,
        "4,42": 30.906214653752443,
        "4,43": 48.98453573204483,
        "4,44": 73.05834420078214,
        "4,45": 35.524027377731784,
        "4,46": 81.4535910961867,
        "4,47": 56.88343824379217,
        "4,48": 68.84159726371519,
        "4,49": 17.06373700305022,
        "4,50": 23.492816409677285,
        "4,51": 29.198377195116105,
        "4,52": 56.4960425678045,
        "4,53": 62.22197019660387,
        "4,54": 64.95100321003211,
        "4,55": 48.960451348735745,
        "4,56": 29.29965521341708,
        "4,57": 43.75231476693424,
        "4,58": 84.27418964427979,
        "4,59": 65.08788880724312,
        "4,60": 72.57611415555313,
        "5,0": 51.2095772368643,
        "5,1": 33.943018343530426,
        "5,2": 20.05900768045474,
        "5,3": 13.481828652948685,
        "5,4": 58.5332520761571,
        "5,5": 0.0,
        "5,6": 20.731885456753737,
        "5,7": 40.51361747802534,
        "5,8": 52.368362488149785,
        "5,9": 47.222181325830704,
        "5,10": 34.34261798395837,
        "5,11": 32.188608352698225,
        "5,12": 53.300062002730655,
        "5,13": 21.39181306605275,
        "5,14": 34.92862216621175,
        "5,15": 66.73114422537165,
        "5,16": 32.95007790398336,
        "5,17": 56.484085241575904,
        "5,18": 58.72370744645623,
        "5,19": 55.9362368964524,
        "5,20": 33.59366864580038,
        "5,21": 21.64124426481959,
        "5,22": 47.99112529256178,
        "5,23": 84.1381684269191,
        "5,24": 21.411630142427693,
        "5,25": 25.4480144936438,
        "5,26": 68.34984718933529,
        "5,27": 51.03845803866421,
        "5,28": 58.47184524048045,
        "5,29": 18.998404275210042,
        "5,30": 65.98391216568376,
        "5,31": 61.01206306463259,
        "5,32": 26.377284572969927,
        "5,33": 69.44776446856095,
        "5,34": 24.340535923107872,
        "5,35": 33.0008398000261,
        "5,36": 40.442189623772364,
        "5,37": 54.09863331167501,
        "5,38": 61.03211777052336,
        "5,39": 34.500477598083634,
        "5,40": 19.5757734130315,
        "5,41": 59.55832994869425,
        "5,42": 45.94445537640687,
        "5,43": 34.79085506326487,
        "5,44": 14.533708111249137,
        "5,45": 78.5353993802184,
        "5,46": 31.05258788247278,
        "5,47": 61.27223024553575,
        "5,48": 41.02846670225,
        "5,49": 66.67478980646646,
        "5,50": 48.86375019273311,
        "5,51": 35.32303865468045,
        "5,52": 37.615228631316114,
        "5,53": 17.411089949459868,
        "5,54": 32.39720506696132,
        "5,55": 72.9533359823455,
        "5,56": 50.59891920268562,
        "5,57": 31.43834158398702,
        "5,58": 40.626789789953946,
        "5,59": 26.906418430099603,
        "5,60": 37.27324042245042,
        "6,0": 60.3430080916129,
        "6,1": 31.612047667439718,
        "6,2": 40.732379920578694,
        "6,3": 11.073727560205102,
        "6,4": 38.02437057421422,
        "6,5": 20.731885456753737,
        "6,6": 0.0,
        "6,7": 43.72108187302483,
        "6,8": 61.94050877658134,
        "6,9": 28.178478832280085,
        "6,10": 19.82076425414684,
        "6,11": 21.53528279895497,
        "6,12": 34.352860583723796,
        "6,13": 31.11127499374197,
        "6,14": 45.3366433622327,
        "6,15": 51.2431121211953,
        "6,16": 25.786622369319034,
        "6,17": 68.85552312814723,
        "6,18": 49.25493465289335,
        "6,19": 35.29765541243537,
        "6,20": 12.891998539123174,
        "6,21": 5.3598500686587185,
        "6,22": 50.56902640092573,
        "6,23": 64.30670418961117,
        "6,24": 41.92216750310889,
        "6,25": 22.76577879663647,
        "6,26": 48.66085591089962,
        "6,27": 46.16980805401725,
        "6,28": 38.23820979080561,
        "6,29": 30.158638689970758,
        "6,30": 47.44172091223379,
        "6,31": 52.18724567442696,
        "6,32": 18.709829981814906,
        "6,33": 51.69074810374449,
        "6,34": 42.99096346211547,
        "6,35": 30.45473520848734,
        "6,36": 33.63076035598263,
        "6,37": 49.72271571281207,
        "6,38": 44.85114550844709,
        "6,39": 15.301568281654975,
        "6,40": 15.824605097607112,
        "6,41": 39.1800433918374,
        "6,42": 28.488504216172444,
        "6,43": 31.550624858439065,
        "6,44": 35.238502052732606,
        "6,45": 59.201866716768265,
        "6,46": 45.4321671191759,
        "6,47": 55.1969057106367,
        "6,48": 42.225945286484844,
        "6,49": 46.16787935058939,
        "6,50": 29.548343103844616,
        "6,51": 19.985990693892973,
        "6,52": 37.882082129426095,
        "6,53": 29.45955829689316,
        "6,54": 39.33059505965737,
        "6,55": 61.28985499728262,
        "6,56": 36.1968283326738,
        "6,57": 25.524676938339756,
        "6,58": 54.51925517636323,
        "6,59": 32.44560098386737,
        "6,60": 46.46689086129107,
        "7,0": 91.33251277094433,
        "7,1": 71.95516342813924,
        "7,2": 48.685923314895,
        "7,3": 34.71591804590756,
        "7,4": 63.746281291192346,
        "7,5": 40.51361747802534,
        "7,6": 43.72108187302483,
        "7,7": 0.0,
        "7,8": 22.038265103244154,
        "7,9": 48.67446900613773,
        "7,10": 33.97955682258121,
        "7,11": 64.8547508000015,
        "7,12": 51.960050310509686,
        "7,13": 61.90530114838479,
        "7,14": 75.10862114929418,
        "7,15": 50.61269614276371,
        "7,16": 68.18357278698824,
        "7,17": 32.24130981642531,
        "7,18": 31.908505465510455,
        "7,19": 68.41279978768507,
        "7,20": 51.00911221369319,
        "7,21": 38.94017354956324,
        "7,22": 7.483416724124138,
        "7,23": 99.10699937212534,
        "7,24": 51.117164752490986,
        "7,25": 21.07958486679341,
        "7,26": 85.20519222607874,
        "7,27": 18.853449443971826,
        "7,28": 61.53796490020648,
        "7,29": 22.57111124790573,
        "7,30": 86.81353435084915,
        "7,31": 32.20664223069747,
        "7,32": 60.77295072023236,
        "7,33": 92.02976472720373,
        "7,34": 35.48121144814485,
        "7,35": 14.837773714862603,
        "7,36": 76.23773781402248,
        "7,37": 19.835702464162107,
        "7,38": 48.47991218509514,
        "7,39": 57.12662857654662,
        "7,40": 55.30141224300728,
        "7,41": 63.39617640063019,
        "7,42": 70.61577962128392,
        "7,43": 14.889156276188213,
        "7,44": 45.35853581780506,
        "7,45": 96.00810777854703,
        "7,46": 69.77762514773114,
        "7,47": 27.66090567322193,
        "7,48": 80.68370156558119,
        "7,49": 78.95945368264066,
        "7,50": 69.1080828263693,
        "7,51": 35.50047386442787,
        "7,52": 7.256060325559947,
        "7,53": 24.28791344117472,
        "7,54": 9.67434210705061,
        "7,55": 46.59026626211552,
        "7,56": 38.00759646936329,
        "7,57": 20.891940171936643,
        "7,58": 26.03239216067322,
        "7,59": 67.14096983160798,
        "7,60": 12.688667394787679,
        "8,0": 99.07318194660847,
        "8,1": 86.1732128172873,
        "8,2": 52.149789184553256,
        "8,3": 51.48257588823832,
        "8,4": 85.6941807975268,
        "8,5": 52.368362488149785,
        "8,6": 61.94050877658134,
        "8,7": 22.038265103244154,
        "8,8": 0.0,
        "8,9": 70.60969123599658,
        "8,10": 55.51077920283766,
        "8,11": 81.68788296862003,
        "8,12": 73.99710361925956,
        "8,13": 72.54037083349657,
        "8,14": 83.62108888204698,
        "8,15": 71.3493177049902,
        "8,16": 84.00426672105368,
        "8,17": 11.011496315623651,
        "8,18": 51.119606703140285,
        "8,19": 89.88064137406792,
        "8,20": 71.12572470186916,
        "8,21": 57.86886581676721,
        "8,22": 20.364908174817046,
        "8,23": 120.68714514414195,
        "8,24": 54.442285165168784,
        "8,25": 40.86815222540988,
        "8,26": 106.41875626733182,
        "8,27": 37.98352574094628,
        "8,28": 83.54411779041592,
        "8,29": 33.74662393169688,
        "8,30": 107.42855441015148,
        "8,31": 50.483690858877175,
        "8,32": 76.76069839738274,
        "8,33": 112.38926730640489,
        "8,34": 36.08001395756585,
        "8,35": 36.34698507179396,
        "8,36": 91.9172246693707,
        "8,37": 37.345986616879905,
        "8,38": 69.90910344463383,
        "8,39": 76.52362828289355,
        "8,40": 70.48034862958286,
        "8,41": 85.39190484846146,
        "8,42": 90.06973738729923,
        "8,43": 36.71313146424736,
        "8,44": 51.03625121573915,
        "8,45": 117.26721560407825,
        "8,46": 76.37409060589741,
        "8,47": 43.73304272220374,
        "8,48": 93.24299154622308,
        "8,49": 100.6037078733852,
        "8,50": 89.4569326828287,
        "8,51": 57.07733435423526,
        "8,52": 29.238721629115524,
        "8,53": 35.15369733638487,
        "8,54": 22.660184201417707,
        "8,55": 64.34274445106614,
        "8,56": 59.81928172218245,
        "8,57": 42.284966054623126,
        "8,58": 16.343044345945334,
        "8,59": 78.84422706608825,
        "8,60": 15.59961924334638,
        "9,0": 86.83651816473575,
        "9,1": 54.79875247663712,
        "9,2": 66.99686398600277,
        "9,3": 34.1062942274407,
        "9,4": 15.0854342445364,
        "9,5": 47.222181325830704,
        "9,6": 28.178478832280085,
        "9,7": 48.67446900613773,
        "9,8": 70.60969123599658,
        "9,9": 0.0,
        "9,10": 16.05349260480462,
        "9,11": 41.23276982824812,
        "9,12": 6.177327544941899,
        "9,13": 58.92937295372567,
        "9,14": 72.73946522814754,
        "9,15": 26.04441512963523,
        "9,16": 46.993978761652144,
        "9,17": 80.19905448462579,
        "9,18": 34.290803311707755,
        "9,19": 21.444101947617625,
        "9,20": 19.213104522946878,
        "9,21": 25.648556288401505,
        "9,22": 52.743832926930324,
        "9,23": 50.99825411472034,
        "9,24": 68.55545732883822,
        "9,25": 32.33581462482589,
        "9,26": 38.53923604562619,
        "9,27": 39.39803178113846,
        "9,28": 13.194439185585237,
        "9,29": 48.06816073932131,
        "9,30": 42.437191028570126,
        "9,31": 37.53247159410452,
        "9,32": 42.136368353625166,
        "9,33": 48.31130346302816,
        "9,34": 64.91705005169358,
        "9,35": 34.390994971327935,
        "9,36": 52.91368272719171,
        "9,37": 42.57988951028937,
        "9,38": 19.324887208726963,
        "9,39": 25.63150151328715,
        "9,40": 42.38387921395438,
        "9,41": 14.927275598520644,
        "9,42": 33.77178879898973,
        "9,43": 33.89916165684875,
        "9,44": 61.46605801165083,
        "9,45": 48.88333041797158,
        "9,46": 73.54043624066067,
        "9,47": 44.11010176197403,
        "9,48": 65.95504872219249,
        "9,49": 30.881612091572507,
        "9,50": 28.12728800250431,
        "9,51": 14.47057504477892,
        "9,52": 41.42133642472909,
        "9,53": 48.32987977826141,
        "9,54": 49.98892993016761,
        "9,55": 40.620162513098386,
        "9,56": 16.602821178095674,
        "9,57": 28.736195618497963,
        "9,58": 69.4906528410266,
        "9,59": 59.18089463864553,
        "9,60": 57.58001562429469,
        "10,0": 79.95223226137723,
        "10,1": 51.093800855092034,
        "10,2": 53.18389227142492,
        "10,3": 20.879183207564996,
        "10,4": 30.80498678616219,
        "10,5": 34.34261798395837,
        "10,6": 19.82076425414684,
        "10,7": 33.97955682258121,
        "10,8": 55.51077920283766,
        "10,9": 16.05349260480462,
        "10,10": 0.0,
        "10,11": 39.45495355227484,
        "10,12": 21.091809904585798,
        "10,13": 50.11700841961997,
        "10,14": 64.58170805566319,
        "10,15": 32.56167626294272,
        "10,16": 44.52451016203224,
        "10,17": 64.68885416057489,
        "10,18": 29.827164173533042,
        "10,19": 34.43959821896351,
        "10,20": 19.446524794401185,
        "10,21": 15.04315659439032,
        "10,22": 39.07342968625056,
        "10,23": 65.19196681762641,
        "10,24": 54.986558651071256,
        "10,25": 16.2826639343152,
        "10,26": 51.25432524293405,
        "10,27": 29.29299999289616,
        "10,28": 29.21918711339765,
        "10,29": 32.21384991113348,
        "10,30": 53.29004172692731,
        "10,31": 32.89497015772895,
        "10,32": 37.974391553592675,
        "10,33": 58.74043511574584,
        "10,34": 49.40703488060011,
        "10,35": 19.206623234905667,
        "10,36": 51.88619775550655,
        "10,37": 32.85519363338703,
        "10,38": 26.697136439448375,
        "10,39": 26.715307648011375,
        "10,40": 35.64347574083493,
        "10,41": 30.89132648357784,
        "10,42": 39.14441506156307,
        "10,43": 19.131799265883036,
        "10,44": 47.76968384827894,
        "10,45": 62.03882845029924,
        "10,46": 63.55091433697673,
        "10,47": 36.981852944193264,
        "10,48": 61.91122962059334,
        "10,49": 45.09292945095399,
        "10,50": 36.14346284222826,
        "10,51": 1.607041002996065,
        "10,52": 26.804717188747738,
        "10,53": 32.59789469715892,
        "10,54": 34.19069032008841,
        "10,55": 41.47212074127926,
        "10,56": 16.737103701299045,
        "10,57": 13.22603366905911,
        "10,58": 53.4917414029401,
        "10,59": 52.12793929429654,
        "10,60": 41.84997007119212,
        "11,0": 47.46948738885793,
        "11,1": 13.97435020075136,
        "11,2": 48.07618529974711,
        "11,3": 30.425566544739063,
        "11,4": 44.11141954529946,
        "11,5": 32.188608352698225,
        "11,6": 21.53528279895497,
        "11,7": 64.8547508000015,
        "11,8": 81.68788296862003,
        "11,9": 41.23276982824812,
        "11,10": 39.45495355227484,
        "11,11": 0.0,
        "11,12": 46.63369841634828,
        "11,13": 26.110539568792078,
        "11,14": 36.100880123264396,
        "11,15": 67.07619309239757,
        "11,16": 5.818394945308555,
        "11,17": 87.41825893123944,
        "11,18": 69.25095481357862,
        "11,19": 35.91328890790306,
        "11,20": 22.224799612524972,
        "11,21": 26.805614743954933,
        "11,22": 71.88126610999056,
        "11,23": 57.19573795233307,
        "11,24": 48.191958418601814,
        "11,25": 44.15292410812764,
        "11,26": 41.883459064322786,
        "11,27": 67.45941109012283,
        "11,28": 45.938779906548376,
        "11,29": 48.312300300496545,
        "11,30": 37.10260167984702,
        "11,31": 72.34429575679722,
        "11,32": 6.078582458636994,
        "11,33": 39.25203419905979,
        "11,34": 56.44650386429023,
        "11,35": 51.9717923191554,
        "11,36": 12.431245853086288,
        "11,37": 71.03543761728284,
        "11,38": 60.35401318392272,
        "11,39": 15.727373714445486,
        "11,40": 12.785901652983544,
        "11,41": 45.97740314815982,
        "11,42": 17.643354171434712,
        "11,43": 53.08576766826605,
        "11,44": 43.57161081318122,
        "11,45": 50.52946419142183,
        "11,46": 40.669448087368586,
        "11,47": 76.11795523914996,
        "11,48": 24.965736719843367,
        "11,49": 44.0042810867613,
        "11,50": 23.93689314091682,
        "11,51": 39.08061878459598,
        "11,52": 59.300983555767864,
        "11,53": 47.15696492054307,
        "11,54": 59.49890236136324,
        "11,55": 79.76839961036069,
        "11,56": 54.100374387493034,
        "11,57": 47.029381722671786,
        "11,58": 72.05465523675939,
        "11,59": 22.426407884973933,
        "11,60": 66.08938527348833,
        "12,0": 92.71816208082569,
        "12,1": 60.36742003148713,
        "12,2": 72.996953138319,
        "12,3": 40.09541122514325,
        "12,4": 12.933335878027156,
        "12,5": 53.300062002730655,
        "12,6": 34.352860583723796,
        "12,7": 51.960050310509686,
        "12,8": 73.99710361925956,
        "12,9": 6.177327544941899,
        "12,10": 21.091809904585798,
        "12,11": 46.63369841634828,
        "12,12": 0.0,
        "12,13": 65.0438571434437,
        "12,14": 78.78091834429891,
        "12,15": 21.691606723062815,
        "12,16": 52.43493000264532,
        "12,17": 83.92066579354689,
        "12,18": 33.587379540633016,
        "12,19": 22.152165425248896,
        "12,20": 24.95143990556245,
        "12,21": 31.77581489473643,
        "12,22": 55.354644178621456,
        "12,23": 49.55789373538698,
        "12,24": 74.59211025313739,
        "12,25": 37.18392696861161,
        "12,26": 38.572070486260685,
        "12,27": 40.66811240071087,
        "12,28": 9.992866166636,
        "12,29": 53.3056430703705,
        "12,30": 43.552297939489854,
        "12,31": 36.716012631727814,
        "12,32": 47.89141390403991,
        "12,33": 49.51769718303396,
        "12,34": 70.41665795267008,
        "12,35": 38.248790321066885,
        "12,36": 58.00902833008291,
        "12,37": 43.57328682925135,
        "12,38": 15.225187841097181,
        "12,39": 30.918001102869923,
        "12,40": 48.41124881661853,
        "12,41": 11.93690587429885,
        "12,42": 37.593118219152515,
        "12,43": 37.51472444331173,
        "12,44": 67.47606307161632,
        "12,45": 48.34153495989998,
        "12,46": 79.69491550022362,
        "12,47": 43.989125289588536,
        "12,48": 71.5035180619047,
        "12,49": 29.917605974948707,
        "12,50": 31.220632659377486,
        "12,51": 19.595457490714207,
        "12,52": 44.775394327843074,
        "12,53": 53.67359483472179,
        "12,54": 54.18598405108243,
        "12,55": 37.61159857776871,
        "12,56": 16.36682239329055,
        "12,57": 32.9511254490266,
        "12,58": 73.9553578296521,
        "12,59": 65.15680403510234,
        "12,60": 61.64660862065299,
        "13,0": 30.473302602679286,
        "13,1": 18.649781307705243,
        "13,2": 26.28951534871386,
        "13,3": 31.041769759007348,
        "13,4": 66.3573762268794,
        "13,5": 21.39181306605275,
        "13,6": 31.11127499374197,
        "13,7": 61.90530114838479,
        "13,8": 72.54037083349657,
        "13,9": 58.92937295372567,
        "13,10": 50.11700841961997,
        "13,11": 26.110539568792078,
        "13,12": 65.0438571434437,
        "13,13": 0.0,
        "13,14": 14.525296232453067,
        "13,15": 82.25991531256209,
        "13,16": 22.897738047013107,
        "13,17": 75.20807209435516,
        "13,18": 77.78419350921985,
        "13,19": 60.19680725797689,
        "13,20": 40.84923862334164,
        "13,21": 35.149782170228114,
        "13,22": 69.3828941854813,
        "13,23": 83.30608883245102,
        "13,24": 25.473114103653856,
        "13,25": 45.575106012914816,
        "13,26": 67.94826268577351,
        "13,27": 71.51048055548286,
        "13,28": 67.36890282078116,
        "13,29": 40.09533410021225,
        "13,30": 63.134855361885435,
        "13,31": 80.36864715165161,
        "13,32": 20.820983466478943,
        "13,33": 64.88400851451465,
        "13,34": 39.60707151786885,
        "13,35": 53.57248837788356,
        "13,36": 27.382813864786915,
        "13,37": 74.73585486141914,
        "13,38": 75.9348150859453,
        "13,39": 37.59813047091177,
        "13,40": 17.09661755352349,
        "13,41": 67.90927184624704,
        "13,42": 43.689630251342,
        "13,43": 55.26675566615128,
        "13,44": 23.73450231267515,
        "13,45": 76.60080576374425,
        "13,46": 15.143375611432353,
        "13,47": 81.5646393198791,
        "13,48": 21.377076197390465,
        "13,49": 69.37494098385471,
        "13,50": 49.41734157160484,
        "13,51": 50.596446049520694,
        "13,52": 58.79861400924873,
        "13,53": 38.43034831579444,
        "13,54": 53.66073643879151,
        "13,55": 91.1188256780391,
        "13,56": 66.83345297874725,
        "13,57": 51.000944251778854,
        "13,58": 59.101729973501115,
        "13,59": 7.023845415130472,
        "13,60": 58.002106693609875,
        "14,0": 16.281369242320764,
        "14,1": 23.9780717190877,
        "14,2": 32.989854628758316,
        "14,3": 45.50513836424283,
        "14,4": 79.03070752464905,
        "14,5": 34.92862216621175,
        "14,6": 45.3366433622327,
        "14,7": 75.10862114929418,
        "14,8": 83.62108888204698,
        "14,9": 72.73946522814754,
        "14,10": 64.58170805566319,
        "14,11": 36.100880123264396,
        "14,12": 78.78091834429891,
        "14,13": 14.525296232453067,
        "14,14": 0.0,
        "14,15": 96.57465316719448,
        "14,16": 31.26976823449025,
        "14,17": 84.89775546263505,
        "14,18": 92.27511171709533,
        "14,19": 71.81756245604674,
        "14,20": 54.13037382113657,
        "14,21": 49.5748053322001,
        "14,22": 82.53407139225658,
        "14,23": 91.94711028130888,
        "14,24": 31.239615431061253,
