{
    "num_robots": 3,
    "num_tasks": 60,
    "num_nodes": 61,
    "robot_capacity": [
        235,
        284,
        278
    ],
    "robot_speed": [
        1.15,
        0.92,
        1.0
    ],
    "task_demand": {
        "0": 0,
        "1": 12,
        "2": 15,
        "3": 7,
        "4": 13,
        "5": 15,
        "6": 10,
        "7": 14,
        "8": 8,
        "9": 5,
        "10": 11,
        "11": 12,
        "12": 6,
        "13": 12,
        "14": 7,
        "15": 14,
        "16": 8,
        "17": 9,
        "18": 6,
        "19": 15,
        "20": 9,
        "21": 14,
        "22": 15,
        "23": 5,
        "24": 11,
        "25": 11,
        "26": 5,
        "27": 9,
        "28": 11,
        "29": 15,
        "30": 5,
        "31": 14,
        "32": 14,
        "33": 15,
        "34": 14,
        "35": 13,
        "36": 15,
        "37": 9,
        "38": 7,
        "39": 5,
        "40": 14,
        "41": 11,
        "42": 13,
        "43": 8,
        "44": 8,
        "45": 11,
        "46": 7,
        "47": 7,
        "48": 8,
        "49": 6,
        "50": 11,
        "51": 7,
        "52": 14,
        "53": 6,
        "54": 7,
        "55": 15,
        "56": 10,
        "57": 9,
        "58": 10,
        "59": 13,
        "60": 15
    },
    "task_service_time": {
        "0": 0,
        "1": 62,
        "2": 22,
        "3": 57,
        "4": 33,
        "5": 67,
        "6": 36,
        "7": 80,
        "8": 75,
        "9": 61,
        "10": 88,
        "11": 74,
        "12": 62,
        "13": 70,
        "14": 16,
        "15": 34,
        "16": 84,
        "17": 74,
        "18": 54,
        "19": 75,
        "20": 14,
        "21": 76,
        "22": 23,
        "23": 39,
        "24": 49,
        "25": 76,
        "26": 84,
        "27": 82,
        "28": 14,
        "29": 92,
        "30": 17,
        "31": 63,
        "32": 49,
        "33": 26,
        "34": 18,
        "35": 48,
        "36": 92,
        "37": 44,
        "38": 40,
        "39": 91,
        "40": 10,
        "41": 32,
        "42": 74,
        "43": 72,
        "44": 31,
        "45": 66,
        "46": 70,
        "47": 25,
        "48": 29,
        "49": 98,
        "50": 89,
        "51": 99,
        "52": 64,
        "53": 90,
        "54": 96,
        "55": 67,
        "56": 54,
        "57": 32,
        "58": 33,
        "59": 51,
        "60": 72
    },
    "task_precedence": [],
    "coordinates": {
        "0": [
            100,
            100
        ],
        "1": [
            81.19822215356793,
            14.767626451498494
        ],
        "2": [
            47.04448593097925,
            78.1180891958176
        ],
        "3": [
            16.27083422438612,
            51.33127239232548
        ],
        "4": [
            83.60699740545883,
            59.94812838495355
        ],
        "5": [
            2.454750136976047,
            62.51816862872133
        ],
        "6": [
            65.61513073728045,
            72.00029980313498
        ],
        "7": [
            18.173430827443347,
            15.137425662971015
        ],
        "8": [
            20.376748919098752,
            2.309442798255401
        ],
        "9": [
            35.13125218182827,
            31.869015620426765
        ],
        "10": [
            90.30266078479809,
            8.282155207312014
        ],
        "11": [
            2.442805715118379,
            93.8873618374961
        ],
        "12": [
            28.950363591730145,
            25.714317969730338
        ],
        "13": [
            24.751009778637155,
            32.19751223457842
        ],
        "14": [
            73.9108671229952,
            95.80996907223214
        ],
        "15": [
            21.270063733407707,
            30.375881902999346
        ],
        "16": [
            10.084151404033392,
            69.07023140695625
        ],
        "17": [
            82.46292339000011,
            68.1087404829036
        ],
        "18": [
            4.282377519830649,
            87.3713290089686
        ],
        "19": [
            61.9827570074602,
            41.69675585003573
        ],
        "20": [
            90.40368774247919,
            89.92741559797784
        ],
        "21": [
            30.94436447995531,
            73.99706844414236
        ],
        "22": [
            79.30987015814483,
            71.36166620663353
        ],
        "23": [
            15.976185171668112,
            88.88323924017578
        ],
        "24": [
            34.054123770526765,
            91.5105149632787
        ],
        "25": [
            96.69241919675696,
            14.214373296289773
        ],
        "26": [
            68.54526772491558,
            78.40297811015022
        ],
        "27": [
            96.06393607674025,
            68.06782937959508
        ],
        "28": [
            94.06013680614886,
            31.85533478401843
        ],
        "29": [
            69.93540871326415,
            10.159144751697458
        ],
        "30": [
            64.75627297021052,
            75.30446361031412
        ],
        "31": [
            40.324922417570086,
            82.3279885590043
        ],
        "32": [
            84.28034598742289,
            43.729834709987294
        ],
        "33": [
            82.91674768280048,
            81.62331218090343
        ],
        "34": [
            52.405745182155115,
            54.32619949327518
        ],
        "35": [
            73.99058617457973,
            68.53393647258586
        ],
        "36": [
            25.093758351796012,
            68.17325079350296
        ],
        "37": [
            57.71207645362878,
            65.9911204161148
        ],
        "38": [
            76.69899027359754,
            32.684700573816706
        ],
        "39": [
            23.85338605048283,
            45.48600154661088
        ],
        "40": [
            22.091877473670294,
            43.457797506325626
        ],
        "41": [
            81.02534053212148,
            59.088113526246566
        ],
        "42": [
            57.17514981934164,
            59.840380199009644
        ],
        "43": [
            63.439459841430065,
            7.3169189585867045
        ],
        "44": [
            92.06905704007215,
            57.30005087382089
        ],
        "45": [
            23.08185551382873,
            52.556085377140924
        ],
        "46": [
            20.167184661066152,
            84.04418655719851
        ],
        "47": [
            31.791966993892085,
            87.80192005740656
        ],
        "48": [
            4.254998304979973,
            16.859936077250957
        ],
        "49": [
            86.92368074956943,
            73.59406818500577
        ],
        "50": [
            11.25171913649372,
            58.72160968063112
        ],
        "51": [
            45.63336774405765,
            26.43273793160442
        ],
        "52": [
            41.763964679432284,
            55.199320507821284
        ],
        "53": [
            73.99184913371238,
            38.424433812149225
        ],
        "54": [
            42.03747197877921,
            50.38848637641868
        ],
        "55": [
            16.32508362042657,
            44.15940562252645
        ],
        "56": [
            24.937687517944273,
            51.96517660006733
        ],
        "57": [
            18.458323170860314,
            12.491283784524843
        ],
        "58": [
            18.97242971110429,
            51.87398509877246
        ],
        "59": [
            66.72775401657243,
            62.343241359588156
        ],
        "60": [
            21.713377112167763,
            58.15618534921357
        ]
    },
    "distance_matrix_str_keys": {
        "0,0": 0.0,
        "0,1": 87.28152353675938,
        "0,2": 57.2983812228273,
        "0,3": 96.84636414667435,
        "0,4": 43.27681774267601,
        "0,5": 104.49862895648317,
        "0,6": 44.34300897919128,
        "0,7": 117.88657237217039,
        "0,8": 126.02899300986093,
        "0,9": 94.07329842217297,
        "0,10": 92.22907047818651,
        "0,11": 97.74850639290524,
        "0,12": 102.7930609936764,
        "0,13": 101.28962373567641,
        "0,14": 26.4234595284127,
        "0,15": 105.09957509584318,
        "0,16": 95.08685720935374,
        "0,17": 36.39507507358374,
        "0,18": 96.54712105627976,
        "0,19": 69.60301030245861,
        "0,20": 13.912087028181796,
        "0,21": 73.78911333371526,
        "0,22": 35.330378363854265,
        "0,23": 84.75602532030967,
        "0,24": 66.49007405516797,
        "0,25": 85.84936714803611,
        "0,26": 38.15536052781953,
        "0,27": 32.173842166248,
        "0,28": 68.40305089804019,
        "0,29": 94.73784313031896,
        "0,30": 43.034751219504145,
        "0,31": 62.236764639879155,
        "0,32": 58.42464397872256,
        "0,33": 25.090638990142025,
        "0,34": 65.9644536428071,
        "0,35": 40.824046363059416,
        "0,36": 81.38726560655782,
        "0,37": 54.26667825116018,
        "0,38": 71.23402691906877,
        "0,39": 93.64872045763848,
        "0,40": 96.26368068182974,
        "0,41": 45.0978952586841,
        "0,42": 58.70913775176681,
        "0,43": 99.63346128693708,
        "0,44": 43.430237296288325,
        "0,45": 90.3732592415293,
        "0,46": 81.41170915514424,
        "0,47": 69.29017910821278,
        "0,48": 126.804477754763,
        "0,49": 29.466308899441508,
        "0,50": 97.87830639925254,
        "0,51": 91.47607747981363,
        "0,52": 73.474735064642,
        "0,53": 66.84290734878286,
        "0,54": 76.29519603902725,
        "0,55": 100.59653876529816,
        "0,56": 89.11618828370354,
        "0,57": 119.61112186493538,
        "0,58": 94.24213737599072,
        "0,59": 50.250112677325845,
        "0,60": 88.76767512845555,
        "1,0": 87.28152353675938,
        "1,1": 0.0,
        "1,2": 71.97054138938744,
        "1,3": 74.51487038029804,
        "1,4": 45.2446676766783,
        "1,5": 92.09043741587139,
        "1,6": 59.3162004604433,
        "1,7": 63.02587621888611,
        "1,8": 62.084280992447546,
        "1,9": 49.13881595932384,
        "1,10": 11.17819932050802,
        "1,11": 111.63488767380873,
        "1,12": 53.38228900574735,
        "1,13": 59.07697269928232,
        "1,14": 81.36932370861882,
        "1,15": 61.92739143441395,
        "1,16": 89.47616421996592,
        "1,17": 53.356104761580895,
        "1,18": 105.77024525250381,
        "1,19": 33.08190005039679,
        "1,20": 75.72142696259668,
        "1,21": 77.67610320967239,
        "1,22": 56.625534956099294,
        "1,23": 98.72708932764832,
        "1,24": 90.0668471163579,
        "1,25": 15.504071435171992,
        "1,26": 64.88108535231066,
        "1,27": 55.334447522514175,
        "1,28": 21.387347301326255,
        "1,29": 12.169185271351914,
        "1,30": 62.72994776134496,
        "1,31": 78.96220082676284,
        "1,32": 29.125744531862075,
        "1,33": 66.87776943307531,
        "1,34": 48.927368938569735,
        "1,35": 54.24726822328739,
        "1,36": 77.45883790661745,
        "1,37": 56.351090262583675,
        "1,38": 18.47334925275833,
        "1,39": 65.05419891270442,
        "1,40": 65.7014908245932,
        "1,41": 44.32082425449627,
        "1,42": 51.07505393789857,
        "1,43": 19.258418445031772,
        "1,44": 43.89968312380174,
        "1,45": 69.32156734653044,
        "1,46": 92.32566987295475,
        "1,47": 88.17588157436805,
        "1,48": 76.97166657792937,
        "1,49": 59.10440866094723,
        "1,50": 82.61032578330898,
        "1,51": 37.4290488125595,
        "1,52": 56.47815990983161,
        "1,53": 24.730069684500297,
        "1,54": 52.9377938343014,
        "1,55": 71.22078900137672,
        "1,56": 67.44557431397187,
        "1,57": 62.781180781328416,
        "1,58": 72.4495072250508,
        "1,59": 49.72759376831585,
        "1,60": 73.62753447467789,
        "2,0": 57.2983812228273,
        "2,1": 71.97054138938744,
        "2,2": 0.0,
        "2,3": 40.79891167448649,
        "2,4": 40.82847929068368,
        "2,5": 47.23983551917517,
        "2,6": 19.55239615942307,
        "2,7": 69.28276699027717,
        "2,8": 80.3624232210891,
        "2,9": 47.75878919051262,
        "2,10": 82.14820367926785,
        "2,11": 47.30729159152429,
        "2,12": 55.43962934529599,
        "2,13": 51.04604262240254,
        "2,14": 32.168385907847316,
        "2,15": 54.25531491761058,
        "2,16": 38.05167616427961,
        "2,17": 36.805607910959516,
        "2,18": 43.75180410916227,
        "2,19": 39.36579054761876,
        "2,20": 44.93863117411498,
        "2,21": 16.619167330930246,
        "2,22": 32.96519787496202,
        "2,23": 32.880507410144354,
        "2,24": 18.657614450852808,
        "2,25": 80.92343408018893,
        "2,26": 21.50266912371516,
        "2,27": 50.03912684056672,
        "2,28": 65.95994142646187,
        "2,29": 71.71061619999885,
        "2,30": 17.933875461218097,
        "2,31": 7.92942535489801,
        "2,32": 50.685908502514614,
        "2,33": 36.043109623981536,
        "2,34": 24.38846277189817,
        "2,35": 28.59979548459038,
        "2,36": 24.098428415638804,
        "2,37": 16.151187552090676,
        "2,38": 54.25479176518999,
        "2,39": 40.03348920607185,
        "2,40": 42.70794409503264,
        "2,41": 38.94661029420191,
        "2,42": 20.897487815308434,
        "2,43": 72.67462333225893,
        "2,44": 49.60446273405133,
        "2,45": 35.0374613197787,
        "2,46": 27.522862378216367,
        "2,47": 18.066984089273596,
        "2,48": 74.72283168345068,
        "2,49": 40.1349840598615,
        "2,50": 40.710509360452306,
        "2,51": 51.70461091471982,
        "2,52": 23.519223262300134,
        "2,53": 47.976521980000186,
        "2,54": 28.178024438188395,
        "2,55": 45.79163535350647,
        "2,56": 34.244494058396,
        "2,57": 71.58244400577348,
        "2,58": 38.42906894875755,
        "2,59": 25.224529069648142,
        "2,60": 32.251243063974044,
        "3,0": 96.84636414667435,
        "3,1": 74.51487038029804,
        "3,2": 40.79891167448649,
        "3,3": 0.0,
        "3,4": 67.88526407951686,
        "3,5": 17.777255888192457,
        "3,6": 53.49830177175001,
        "3,7": 36.2438189889251,
        "3,8": 49.1934783505934,
        "3,9": 27.101564607688683,
        "3,10": 85.6384133101492,
        "3,11": 44.746341988127746,
        "3,12": 28.583191194592956,
        "3,13": 20.92878771465528,
        "3,14": 72.80609762166817,
        "3,15": 21.543460405515464,
        "3,16": 18.786849422997935,
        "3,17": 68.28525538971763,
        "3,18": 37.98168999778502,
        "3,19": 46.71620482797572,
        "3,20": 83.5783598851178,
        "3,21": 27.000940739605017,
        "3,22": 66.14481633366286,
        "3,23": 37.55312280232252,
        "3,24": 43.93878606262779,
        "3,25": 88.57367288293717,
        "3,26": 58.86844356931632,
        "3,27": 81.52945138419786,
        "3,28": 80.19032199635882,
        "3,29": 67.6389728597981,
        "3,30": 54.08836905980192,
        "3,31": 39.235131858107984,
        "3,32": 68.43300040978116,
        "3,33": 73.20714073954292,
        "3,34": 36.258811043191926,
        "3,35": 60.22874244619557,
        "3,36": 19.013054110893396,
        "3,37": 43.95779454867322,
        "3,38": 63.239676502103116,
        "3,39": 9.574042169073813,
        "3,40": 9.791636803441357,
        "3,41": 65.21744146725956,
        "3,42": 41.77999461413913,
        "3,43": 64.51466926824415,
        "3,44": 76.03286722580933,
        "3,45": 6.920272960874665,
        "3,46": 32.94413908244936,
        "3,47": 39.63601523310733,
        "3,48": 36.50552478994195,
        "3,49": 74.07737035436456,
        "3,50": 8.933566001347382,
        "3,51": 38.49799206433432,
        "3,52": 25.784908311293115,
        "3,53": 59.14644574526343,
        "3,54": 25.783879976409768,
        "3,55": 7.17207194335907,
        "3,56": 8.69000463501905,
        "3,57": 38.90154011019396,
        "3,58": 2.7555680459017853,
        "3,59": 51.64459522013004,
        "3,60": 8.729301802231465,
        "4,0": 43.27681774267601,
        "4,1": 45.2446676766783,
        "4,2": 40.82847929068368,
        "4,3": 67.88526407951686,
        "4,4": 0.0,
        "4,5": 81.19293284257908,
        "4,6": 21.655532828788523,
        "4,7": 79.30668769755472,
        "4,8": 85.55864888957214,
        "4,9": 56.02083941382306,
        "4,10": 52.09802964107375,
        "4,11": 87.97441434924426,
        "4,12": 64.49264605668986,
        "4,13": 65.07014658239251,
        "4,14": 37.14951628129575,
        "4,15": 68.99573219861611,
        "4,16": 74.08658210292435,
        "4,17": 8.240418385376834,
        "4,18": 83.93108632958575,
        "4,19": 28.29700288367636,
        "4,20": 30.740082324846625,
        "4,21": 54.50436334306646,
        "4,22": 12.195661039342138,
        "4,23": 73.56063759651799,
        "4,24": 58.75092792457992,
        "4,25": 47.568945941297244,
        "4,26": 23.820939934212273,
        "4,27": 14.869595330823541,
        "4,28": 29.974542125527115,
        "4,29": 51.63192063637754,
        "4,30": 24.31392282802834,
        "4,31": 48.725723767505876,
        "4,32": 16.232265647169633,
        "4,33": 21.68617156779495,
        "4,34": 31.70369418167704,
        "4,35": 12.89152688703049,
        "4,36": 59.088508046715084,
        "4,37": 26.590687914948816,
        "4,38": 28.124989929721153,
        "4,39": 61.47883524148639,
        "4,40": 63.68705514238319,
        "4,41": 2.721135382307683,
        "4,42": 26.432067200415922,
        "4,43": 56.36287587657853,
        "4,44": 8.866722492822179,
        "4,45": 60.97487270041085,
        "4,46": 67.86184392192582,
        "4,47": 58.82712883597158,
        "4,48": 90.29580321137831,
        "4,49": 14.043221191441436,
        "4,50": 72.36567308822207,
        "4,51": 50.64857299965808,
        "4,52": 42.11164404253581,
        "4,53": 23.573724872218115,
        "4,54": 42.65456833131368,
        "4,55": 69.1096208139308,
        "4,56": 59.20992688626656,
        "4,57": 80.60087998251062,
        "4,58": 65.13692601621511,
        "4,59": 17.04832612142694,
        "4,60": 61.91955501175237,
        "5,0": 104.49862895648317,
        "5,1": 92.09043741587139,
        "5,2": 47.23983551917517,
        "5,3": 17.777255888192457,
        "5,4": 81.19293284257908,
        "5,5": 0.0,
        "5,6": 63.86818056891942,
        "5,7": 49.92005335168791,
        "5,8": 62.819493045348764,
        "5,9": 44.80094157507276,
        "5,10": 103.24146723596589,
        "5,11": 31.369195482808525,
        "5,12": 45.34910093566418,
        "5,13": 37.63595884496694,
        "5,14": 78.8309623909933,
        "5,15": 37.244363623112015,
        "5,16": 10.056703751414169,
        "5,17": 80.20325604950644,
        "5,18": 24.92026891381497,
        "5,19": 63.06437054369781,
        "5,20": 92.12102064870093,
        "5,21": 30.715196017348852,
        "5,22": 77.36224481540592,
        "5,23": 29.630156154572955,
        "5,24": 42.8844559253777,
        "5,25": 105.89615155112213,
        "5,26": 67.97266867869054,
        "5,27": 93.77354865181938,
        "5,28": 96.60101576172231,
        "5,29": 85.41139656535492,
        "5,30": 63.60007143625187,
        "5,31": 42.73849452463329,
        "5,32": 83.95492616709585,
        "5,33": 82.69909043764473,
        "5,34": 50.618279942325245,
        "5,35": 71.78833679888533,
        "5,36": 23.33462335760141,
        "5,37": 55.36635716554415,
        "5,38": 80.01401758221701,
        "5,39": 27.34952164977934,
        "5,40": 27.36630258842068,
        "5,41": 78.64542550617762,
        "5,42": 54.78588040975644,
        "5,43": 82.25760015269753,
        "5,44": 89.76610025297025,
        "5,45": 22.9067801958111,
        "5,46": 27.876509548853143,
        "5,47": 38.729063753430204,
        "5,48": 45.693709558215446,
        "5,49": 85.19199369551119,
        "5,50": 9.581258968674149,
        "5,51": 56.272118558438905,
        "5,52": 39.98474566333585,
        "5,53": 75.48552570049542,
        "5,54": 41.3995297068383,
        "5,55": 23.00935309954972,
        "5,56": 24.8364271591824,
        "5,57": 52.52431396092065,
        "5,58": 19.650251436885185,
        "5,59": 64.27324192271695,
        "5,60": 19.74643287027526,
        "6,0": 44.34300897919128,
        "6,1": 59.3162004604433,
        "6,2": 19.55239615942307,
        "6,3": 53.49830177175001,
        "6,4": 21.655532828788523,
        "6,5": 63.86818056891942,
        "6,6": 0.0,
        "6,7": 74.05471859250541,
        "6,8": 83.08626083536414,
        "6,9": 50.39629770069269,
        "6,10": 68.33356489003987,
        "6,11": 66.85645917337872,
        "6,12": 59.048262160030504,
        "6,13": 57.04505482467582,
        "6,14": 25.21348038024622,
        "6,15": 60.82003891073315,
        "6,16": 55.608227507409346,
        "6,17": 17.291395293958043,
        "6,18": 63.22954338028379,
        "6,19": 30.520467149611363,
        "6,20": 30.591731548274478,
        "6,21": 34.72821789087062,
        "6,22": 13.709622193042273,
        "6,23": 52.43146537052548,
        "6,24": 37.10452339473688,
        "6,25": 65.61258385590394,
        "6,26": 7.0413061479693475,
        "6,27": 30.7016949081371,
        "6,28": 49.2009815617946,
        "6,29": 61.99188059645962,
        "6,30": 3.4139617936832396,
        "6,31": 27.317682769452773,
        "6,32": 33.8763849446341,
        "6,33": 19.797684615939065,
        "6,34": 22.064942522176214,
        "6,35": 9.06443205730848,
        "6,36": 40.701694364304124,
        "6,37": 9.928167198216057,
        "6,38": 40.84811237965812,
        "6,39": 49.46767966380864,
        "6,40": 52.04755529332496,
        "6,41": 20.10470393639458,
        "6,42": 14.801922938387529,
        "6,43": 64.71996060975258,
        "6,44": 30.263964304389052,
        "6,45": 46.76705010878843,
        "6,46": 47.016709909256626,
        "6,47": 37.3322596191587,
        "6,48": 82.49560936154263,
        "6,49": 21.368069666707648,
        "6,50": 55.961630893372245,
        "6,51": 49.75614079923295,
        "6,52": 29.17449275652634,
        "6,53": 34.60503125468542,
        "6,54": 31.98400337861921,
        "6,55": 56.609399692608626,
        "6,56": 45.34380386143645,
        "6,57": 75.92817321231678,
        "6,58": 50.7997057333632,
        "6,59": 9.720941741606183,
        "6,60": 46.03285214250113,
        "7,0": 117.88657237217039,
        "7,1": 63.02587621888611,
        "7,2": 69.28276699027717,
        "7,3": 36.2438189889251,
        "7,4": 79.30668769755472,
        "7,5": 49.92005335168791,
        "7,6": 74.05471859250541,
        "7,7": 0.0,
        "7,8": 13.015827095903413,
        "7,9": 23.82254830180154,
        "7,10": 72.45426521096734,
        "7,11": 80.30569726934874,
        "7,12": 15.100097041898202,
        "7,13": 18.284176182971084,
        "7,14": 98.0546840539493,
        "7,15": 15.549909450976223,
        "7,16": 54.536079589648274,
        "7,17": 83.30125477868538,
        "7,18": 73.55744798858821,
        "7,19": 51.23138764793159,
        "7,20": 103.97476909563449,
        "7,21": 60.22918142133395,
        "7,22": 83.05919237958052,
        "7,23": 73.77853962119109,
        "7,24": 78.00669956885288,
        "7,25": 78.52441378458066,
        "7,26": 80.86935191327012,
        "7,27": 94.17302398030743,
        "7,28": 77.70637444687598,
        "7,29": 52.000823411593714,
        "7,30": 76.09227055000389,
        "7,31": 70.74786443387009,
        "7,32": 72.02534336662777,
        "7,33": 92.80124020458217,
        "7,34": 52.03471284058881,
        "7,35": 77.24469041744987,
        "7,36": 53.48541558519179,
        "7,37": 64.41585804752582,
        "7,38": 61.099492348808624,
        "7,39": 30.87552346925928,
        "7,40": 28.590167636185694,
        "7,41": 76.69436431172821,
        "7,42": 59.325274787177655,
        "7,43": 45.93662708349849,
        "7,44": 85.07790863689084,
        "7,45": 37.73922001985149,
        "7,46": 68.93559857782716,
        "7,47": 73.92965083723735,
        "7,48": 14.024614290941088,
        "7,49": 90.24287184760776,
        "7,50": 44.1303885006453,
        "7,51": 29.692292176764955,
        "7,52": 46.49159823002084,
        "7,53": 60.481241478275905,
        "7,54": 42.5691172271146,
        "7,55": 29.08077901588133,
        "7,56": 37.443803327917756,
        "7,57": 2.6614339158063367,
        "7,58": 36.745247289904896,
        "7,59": 67.71935717309626,
        "7,60": 43.16416227197538,
        "8,0": 126.02899300986093,
        "8,1": 62.084280992447546,
        "8,2": 80.3624232210891,
        "8,3": 49.1934783505934,
        "8,4": 85.55864888957214,
        "8,5": 62.819493045348764,
        "8,6": 83.08626083536414,
        "8,7": 13.015827095903413,
        "8,8": 0.0,
        "8,9": 33.03730788001874,
        "8,10": 70.18052752559537,
        "8,11": 93.31742374498621,
        "8,12": 24.925790867033374,
        "8,13": 30.20647037801265,
        "8,14": 107.74159004478898,
        "8,15": 28.080651975653343,
        "8,16": 67.54954077758613,
        "8,17": 90.46679300287013,
        "8,18": 86.57108799398272,
        "8,19": 57.29241082802977,
        "8,20": 112.16363634666259,
        "8,21": 72.46233621259314,
        "8,22": 90.78172909025619,
        "8,23": 86.68556507090592,
        "8,24": 90.24356962252861,
        "8,25": 77.23864900482965,
        "8,26": 90.05793868509822,
        "8,27": 100.26323207246396,
        "8,28": 79.38640553487645,
        "8,29": 50.176474381443924,
        "8,30": 85.42725102890817,
        "8,31": 82.46755296230256,
        "8,32": 76.1532572145945,
        "8,33": 101.00465990146972,
        "8,34": 61.08682000798342,
        "8,35": 85.20637950105987,
        "8,36": 66.03250246373365,
        "8,37": 73.81925728653472,
        "8,38": 63.99102402779793,
        "8,39": 43.31630444871204,
        "8,40": 41.18408383271226,
        "8,41": 83.07869230001668,
        "8,42": 68.29297963205661,
        "8,43": 43.352876369124104,
        "8,44": 90.35349478704758,
        "8,45": 50.31940671489602,
        "8,46": 81.73501241523326,
        "8,47": 86.25120794285472,
        "8,48": 21.7169909869193,
        "8,49": 97.51918761238039,
        "8,50": 57.14541749693002,
        "8,51": 34.92606709264484,
        "8,52": 57.05043524910124,
        "8,53": 64.64419190427469,
        "8,54": 52.73311440507849,
        "8,55": 42.045634494978586,
        "8,56": 49.864757698186466,
        "8,57": 10.360996246557592,
        "8,58": 49.58443269714484,
        "8,59": 75.84505681485584,
        "8,60": 55.86273559788769,
        "9,0": 94.07329842217297,
        "9,1": 49.13881595932384,
        "9,2": 47.75878919051262,
        "9,3": 27.101564607688683,
        "9,4": 56.02083941382306,
        "9,5": 44.80094157507276,
        "9,6": 50.39629770069269,
        "9,7": 23.82254830180154,
        "9,8": 33.03730788001874,
        "9,9": 0.0,
        "9,10": 60.001869232413185,
        "9,11": 70.1057044747946,
        "9,12": 8.722596341382154,
        "9,13": 10.385438959163741,
        "9,14": 74.78170941688295,
        "9,15": 13.941377030291749,
        "9,16": 44.84738245838818,
        "9,17": 59.612119216368285,
        "9,18": 63.49929022746277,
        "9,19": 28.59349208161901,
        "9,20": 80.16121219617135,
        "9,21": 42.33559806292887,
        "9,22": 59.25723362275308,
        "9,23": 60.14597482065174,
        "9,24": 59.65122504591033,
        "9,25": 64.0426707737361,
        "9,26": 57.28792280846522,
        "9,27": 70.87415667370031,
        "9,28": 58.92888621238121,
        "9,29": 41.02009026076847,
        "9,30": 52.57642055897576,
        "9,31": 50.72555727179081,
        "9,32": 50.55998864108281,
        "9,33": 68.98509698841696,
        "9,34": 28.332546936646274,
        "9,35": 53.426250658784774,
        "9,36": 37.66628165733855,
        "9,37": 40.917131625785444,
        "9,38": 41.57574042646881,
        "9,39": 17.680853208780533,
        "9,40": 17.444917838118,
        "9,41": 53.358660368408074,
        "9,42": 35.61363024799871,
        "9,43": 37.47212392421165,
        "9,44": 62.35905047492974,
        "9,45": 23.94040131622601,
        "9,46": 54.27864938488502,
        "9,47": 56.032496145742826,
        "9,48": 34.330970306721134,
        "9,49": 66.50891420299575,
        "9,50": 35.93457814174736,
        "9,51": 11.825715470634666,
        "9,52": 24.254813980211374,
        "9,53": 39.40963718591114,
        "9,54": 19.76528949865994,
        "9,55": 22.46610029274252,
        "9,56": 22.533629238904517,
        "9,57": 25.56331459159598,
        "9,58": 25.715877342021933,
        "9,59": 43.8978058972696,
        "9,60": 29.51363521721888,
        "10,0": 92.22907047818651,
        "10,1": 11.17819932050802,
        "10,2": 82.14820367926785,
        "10,3": 85.6384133101492,
        "10,4": 52.09802964107375,
        "10,5": 103.24146723596589,
        "10,6": 68.33356489003987,
        "10,7": 72.45426521096734,
        "10,8": 70.18052752559537,
        "10,9": 60.001869232413185,
        "10,10": 0.0,
        "10,11": 122.66868196512766,
        "10,12": 63.780754694829206,
        "10,13": 69.77795677271685,
        "10,14": 89.04947557073666,
        "10,15": 72.48194406169966,
        "10,16": 100.64889197266699,
        "10,17": 60.33806251577047,
        "10,18": 116.85284141009957,
        "10,19": 43.80128406873923,
        "10,20": 81.64532289547151,
        "10,21": 88.55426111677322,
        "10,22": 64.03019720159355,
        "10,23": 109.64013737834323,
        "10,24": 100.45326168877975,
        "10,25": 8.718957736931293,
        "10,26": 73.4187575305754,
        "10,27": 60.062626725976095,
        "10,28": 23.870764994165448,
        "10,29": 20.453558289332832,
        "10,30": 71.72592107488363,
        "10,31": 89.33397880453819,
        "10,32": 35.955615105892285,
        "10,33": 73.71212260256272,
        "10,34": 59.63413641867871,
        "10,35": 62.42083725590145,
        "10,36": 88.53894220641584,
        "10,37": 66.27571842324961,
        "10,38": 27.938218836239844,
        "10,39": 76.15531691979668,
        "10,40": 76.74657497938124,
        "10,41": 51.64604604203538,
        "10,42": 61.28362380816714,
        "10,43": 26.880536563462087,
        "10,44": 49.04971204098344,
        "10,45": 80.4911023279,
        "10,46": 103.2418055119328,
        "10,47": 98.72636066273029,
        "10,48": 86.47414956444145,
        "10,49": 65.39926209739919,
        "10,50": 93.77201044581295,
        "10,51": 48.21606987292644,
        "10,52": 67.50722494255237,
        "10,53": 34.27243113945698,
        "10,54": 64.05053922492093,
        "10,55": 82.21836182062098,
        "10,56": 78.61797560466965,
        "10,57": 71.96753164146305,
        "10,58": 83.59575047998896,
        "10,59": 58.977769244812535,
        "10,60": 84.80512199932183,
        "11,0": 97.74850639290524,
        "11,1": 111.63488767380873,
        "11,2": 47.30729159152429,
        "11,3": 44.746341988127746,
        "11,4": 87.97441434924426,
        "11,5": 31.369195482808525,
        "11,6": 66.85645917337872,
        "11,7": 80.30569726934874,
        "11,8": 93.31742374498621,
        "11,9": 70.1057044747946,
        "11,10": 122.66868196512766,
        "11,11": 0.0,
        "11,12": 73.14516070648992,
        "11,13": 65.59949323409595,
        "11,14": 71.49391736350101,
        "11,15": 66.24329194686224,
        "11,16": 25.96690445054872,
        "11,17": 84.06995034877427,
        "11,18": 6.770724351732276,
        "11,19": 79.1761653102294,
        "11,20": 88.04997411272284,
        "11,21": 34.75575669294433,
        "11,22": 80.09964144578078,
        "11,23": 14.428915499231888,
        "11,24": 31.70054936848359,
        "11,25": 123.41302501975008,
        "11,26": 67.89183767709028,
        "11,27": 97.11624120883386,
        "11,28": 110.64225113674652,
        "11,29": 107.54378548215578,
        "11,30": 65.02532051342187,
        "11,31": 39.606487807550934,
        "11,32": 95.98520993032126,
        "11,33": 81.40308501400446,
        "11,34": 63.72896426439535,
        "11,35": 75.9070554455207,
        "11,36": 34.267786069891116,
        "11,37": 61.91035917685143,
        "11,38": 96.22757760091233,
        "11,39": 52.92546294842565,
        "11,40": 54.12233346414753,
        "11,41": 85.94301868850958,
        "11,42": 64.45794326407363,
        "11,43": 105.90105473910735,
        "11,44": 96.80648867775572,
        "11,45": 46.197887294073915,
        "11,46": 20.274163573825142,
        "11,47": 29.973419381617592,
        "11,48": 77.04874016642209,
        "11,49": 86.88403773911948,
        "11,50": 36.25227000372998,
        "11,51": 80.09713437234159,
        "11,52": 55.16265117109103,
        "11,53": 90.52845960945463,
        "11,54": 58.82082762856201,
        "11,55": 51.62932567018619,
        "11,56": 47.57614236573199,
        "11,57": 82.95672559702778,
        "11,58": 45.14811507071583,
        "11,59": 71.60716524793725,
        "11,60": 40.596451756349005,
        "12,0": 102.7930609936764,
        "12,1": 53.38228900574735,
        "12,2": 55.43962934529599,
        "12,3": 28.583191194592956,
        "12,4": 64.49264605668986,
        "12,5": 45.34910093566418,
        "12,6": 59.048262160030504,
        "12,7": 15.100097041898202,
        "12,8": 24.925790867033374,
        "12,9": 8.722596341382154,
        "12,10": 63.780754694829206,
        "12,11": 73.14516070648992,
        "12,12": 0.0,
        "12,13": 7.724401615872758,
        "12,14": 83.27572984530703,
        "12,15": 8.984274273290085,
        "12,16": 47.28286362190243,
        "12,17": 68.2706460815252,
        "12,18": 66.40855778539523,
        "12,19": 36.695740016647534,
        "12,20": 88.88100447335123,
        "12,21": 48.32390746738695,
        "12,22": 67.96881860584215,
        "12,23": 64.48753305986622,
        "12,24": 65.99384749184195,
        "12,25": 68.71124234859053,
        "12,26": 65.90790044227487,
        "12,27": 79.36026424128292,
        "12,28": 65.39873588645582,
        "12,29": 43.83762467854738,
        "12,30": 61.1657231713503,
        "12,31": 57.745028236838856,
        "12,32": 58.18905219477413,
        "12,33": 77.70576713198265,
        "12,34": 36.997225434751364,
        "12,35": 62.146129236202,
        "12,36": 42.63372351214849,
        "12,37": 49.491988665392974,
        "12,38": 48.254715662323505,
        "12,39": 20.418096177662285,
        "12,40": 19.022878275833953,
        "12,41": 61.851543660529856,
        "12,42": 44.28573902365198,
        "12,43": 39.08915515198933,
        "12,44": 70.58064880485529,
        "12,45": 27.475805076720196,
        "12,46": 58.98743765887247,
        "12,47": 62.15259482027114,
        "12,48": 26.23473166136624,
        "12,49": 75.1889352428972,
        "12,50": 37.452948103472046,
        "12,51": 16.69846564173475,
        "12,52": 32.14893073658891,
        "12,53": 46.80045367895809,
        "12,54": 27.930037459623776,
        "12,55": 22.352157678245085,
        "12,56": 26.555774289277874,
        "12,57": 16.879915439843874,
        "12,58": 27.997988299669462,
        "12,59": 52.61947601421967,
        "12,60": 33.239264919269004,
        "13,0": 101.28962373567641,
        "13,1": 59.07697269928232,
        "13,2": 51.04604262240254,
        "13,3": 20.92878771465528,
        "13,4": 65.07014658239251,
        "13,5": 37.63595884496694,
        "13,6": 57.04505482467582,
        "13,7": 18.284176182971084,
        "13,8": 30.20647037801265,
        "13,9": 10.385438959163741,
        "13,10": 69.77795677271685,
        "13,11": 65.59949323409595,
        "13,12": 7.724401615872758,
        "13,13": 0.0,
        "13,14": 80.39425501265616,
        "13,15": 3.9287812912819944,
        "13,16": 39.682668178257934,
        "13,17": 67.97265102222164,
        "13,18": 58.84823671105392,
        "13,19": 38.42445355469325,
        "13,20": 87.42434367023515,
        "13,21": 42.255893574421485,
        "13,22": 67.1602576101183,
        "13,23": 57.36086813356454,
        "13,24": 60.038156389423705,
        "13,25": 74.15497067047717,
        "13,26": 63.662250241754734,
        "13,27": 79.82614301895563,
        "13,28": 69.30997168318153,
        "13,29": 50.272453176605836,
        "13,30": 58.81012106718619,
        "13,31": 52.4939178514896,
        "13,32": 60.63609759157881,
        "13,33": 76.32930476736941,
        "13,34": 35.418401855981564,
        "13,35": 61.19535611511972,
        "13,36": 35.97737124144137,
        "13,37": 47.20635413035459,
        "13,38": 51.9502649654713,
        "13,39": 13.318771585748687,
        "13,40": 11.570004711167817,
        "13,41": 62.36910083991925,
        "13,42": 42.6081331048216,
        "13,43": 45.99826181527455,
        "13,44": 71.84606414569595,
        "13,45": 20.42688366738293,
        "13,46": 52.04891056520116,
        "13,47": 56.04841878085806,
        "13,48": 25.599369693609773,
        "13,49": 74.69347936879542,
        "13,50": 29.761696745460608,
        "13,51": 21.66345994895991,
        "13,52": 28.609855265196867,
        "13,53": 49.63300124640401,
        "13,54": 25.09448775380843,
        "13,55": 14.63157971813885,
        "13,56": 19.768545799956378,
        "13,57": 20.68654984450996,
        "13,58": 20.50745162062445,
        "13,59": 51.67989978023848,
        "13,60": 26.135797712885747,
        "14,0": 26.4234595284127,
        "14,1": 81.36932370861882,
        "14,2": 32.168385907847316,
        "14,3": 72.80609762166817,
        "14,4": 37.14951628129575,
        "14,5": 78.8309623909933,
        "14,6": 25.21348038024622,
        "14,7": 98.0546840539493,
        "14,8": 107.74159004478898,
        "14,9": 74.78170941688295,
        "14,10": 89.04947557073666,
        "14,11": 71.49391736350101,
        "14,12": 83.27572984530703,
        "14,13": 80.39425501265616,
        "14,14": 0.0,
        "14,15": 83.9801997209578,
        "14,16": 69.20161276933464,
        "14,17": 28.991304416190914,
        "14,18": 70.1379869295898,
        "14,19": 55.412269906215,
        "14,20": 17.510498775418636,
        "14,21": 48.186336063092334,
        "14,22": 25.037347039604494,
        "14,23": 58.34729607246358,
        "14,24": 40.087969470896546,
        "14,25": 84.71623436461574,
