{
    "num_robots": 2,
    "num_tasks": 30,
    "num_nodes": 31,
    "robot_capacity": [
        219,
        181
    ],
    "robot_speed": [
        0.87,
        1.19
    ],
    "task_demand": {
        "0": 0,
        "1": 6,
        "2": 15,
        "3": 6,
        "4": 7,
        "5": 13,
        "6": 8,
        "7": 13,
        "8": 9,
        "9": 9,
        "10": 14,
        "11": 12,
        "12": 12,
        "13": 7,
        "14": 11,
        "15": 10,
        "16": 7,
        "17": 10,
        "18": 8,
        "19": 9,
        "20": 6,
        "21": 7,
        "22": 9,
        "23": 9,
        "24": 8,
        "25": 7,
        "26": 15,
        "27": 6,
        "28": 11,
        "29": 5,
        "30": 6
    },
    "task_service_time": {
        "0": 0,
        "1": 78,
        "2": 10,
        "3": 42,
        "4": 74,
        "5": 63,
        "6": 21,
        "7": 36,
        "8": 89,
        "9": 71,
        "10": 60,
        "11": 37,
        "12": 28,
        "13": 99,
        "14": 37,
        "15": 59,
        "16": 10,
        "17": 55,
        "18": 72,
        "19": 80,
        "20": 32,
        "21": 30,
        "22": 79,
        "23": 29,
        "24": 60,
        "25": 19,
        "26": 14,
        "27": 29,
        "28": 90,
        "29": 27,
        "30": 91
    },
    "task_precedence": [],
    "coordinates": {
        "0": [
            0,
            100
        ],
        "1": [
            81.73403761131681,
            48.453423314415225
        ],
        "2": [
            27.856107251184746,
            63.125031904398746
        ],
        "3": [
            95.14089856433743,
            3.966498881727498
        ],
        "4": [
            41.61508000672196,
            61.32182832277285
        ],
        "5": [
            37.648978509856256,
            18.818433305875015
        ],
        "6": [
            14.201737737299258,
            50.56508544506775
        ],
        "7": [
            40.585054284996744,
            42.484697959163555
        ],
        "8": [
            8.184684898942118,
            66.843329213606
        ],
        "9": [
            57.30404372223934,
            11.988962517531254
        ],
        "10": [
            6.17376780166664,
            40.630089608726536
        ],
        "11": [
            25.608636304130027,
            91.11010442873595
        ],
        "12": [
            12.171240356837165,
            73.73381437877356
        ],
        "13": [
            67.69698544095763,
            66.86393522086537
        ],
        "14": [
            82.00810332356643,
            95.65616227652741
        ],
        "15": [
            15.725666064125154,
            86.75594489279928
        ],
        "16": [
            86.38794413375061,
            85.74288942496042
        ],
        "17": [
            24.279425767353025,
            86.30226095201964
        ],
        "18": [
            44.41785134883478,
            32.92516305624885
        ],
        "19": [
            45.474658077633556,
            68.43822528863475
        ],
        "20": [
            72.69482884355514,
            54.90411688224839
        ],
        "21": [
            67.73824782035874,
            68.97161028236279
        ],
        "22": [
            75.27303537125738,
            68.73330921199789
        ],
        "23": [
            20.991212347027975,
            61.255072806910995
        ],
        "24": [
            43.78483082762028,
            95.90388042769021
        ],
        "25": [
            56.97458277163211,
            59.91167368931135
        ],
        "26": [
            17.297510207600762,
            17.941128623282598
        ],
        "27": [
            85.12418118136938,
            55.09209352055906
        ],
        "28": [
            62.567789369760284,
            14.136815949663461
        ],
        "29": [
            2.962099770169757,
            58.851933031415996
        ],
        "30": [
            86.15688031351925,
            2.4028498338127147
        ]
    },
    "distance_matrix_str_keys": {
        "0,0": 0.0,
        "0,1": 96.63075324269714,
        "0,2": 46.213915471869704,
        "0,3": 135.18218786756927,
        "0,4": 56.81387021017778,
        "0,5": 89.48682782258113,
        "0,6": 51.43442555149694,
        "0,7": 70.39287321998425,
        "0,8": 34.15192358465749,
        "0,9": 105.02236021753099,
        "0,10": 59.69004664713152,
        "0,11": 27.107794019897423,
        "0,12": 28.949120865971462,
        "0,13": 75.3716168517051,
        "0,14": 82.12306580307758,
        "0,15": 20.559707411413886,
        "0,16": 87.55650800257466,
        "0,17": 27.87684649702997,
        "0,18": 80.44861260132451,
        "0,19": 55.35422432126258,
        "0,20": 85.54634308235327,
        "0,21": 74.50658485155462,
        "0,22": 81.5085014390223,
        "0,23": 44.06586410131756,
        "0,24": 43.97601171268248,
        "0,25": 69.6647470991879,
        "0,26": 83.86216209353718,
        "0,27": 96.24368179867608,
        "0,28": 106.24130384121166,
        "0,29": 41.25454460177101,
        "0,30": 130.1852977333439,
        "1,0": 96.63075324269714,
        "1,1": 0.0,
        "1,2": 55.8398377371292,
        "1,3": 46.46321519323967,
        "1,4": 42.13225138463885,
        "1,5": 53.11991216846606,
        "1,6": 67.56530650584116,
        "1,7": 41.579616534501504,
        "1,8": 75.81356028699872,
        "1,9": 43.891701979165155,
        "1,10": 75.96419501303029,
        "1,11": 70.49576665007346,
        "1,12": 74.01405903093499,
        "1,13": 23.15136674779543,
        "1,14": 47.20353458735834,
        "1,15": 76.316369630471,
        "1,16": 37.57875900996533,
        "1,17": 68.80092246953004,
        "1,18": 40.41812246779409,
        "1,19": 41.40211243543567,
        "1,20": 11.104897237402222,
        "1,21": 24.837031391137295,
        "1,22": 21.284227069946073,
        "1,23": 62.07715401672859,
        "1,24": 60.75926411478752,
        "1,25": 27.282267237386876,
        "1,26": 71.29562532980806,
        "1,27": 7.454194492466013,
        "1,28": 39.30616507220595,
        "1,29": 79.45531571634521,
        "1,30": 46.26247783529106,
        "2,0": 46.213915471869704,
        "2,1": 55.8398377371292,
        "2,2": 0.0,
        "2,3": 89.59338798956645,
        "2,4": 13.876630514804514,
        "2,5": 45.37592981812736,
        "2,6": 18.55246781112924,
        "2,7": 24.249731502852136,
        "2,8": 20.019755049449753,
        "2,9": 59.009139586523325,
        "2,10": 31.24333965647321,
        "2,11": 28.075174262153176,
        "2,12": 18.935715330612755,
        "2,13": 40.015933988127856,
        "2,14": 63.17209132133963,
        "2,15": 26.56252345049447,
        "2,16": 62.74984786967794,
        "2,17": 23.451579835112735,
        "2,18": 34.44304641000126,
        "2,19": 18.402265000875552,
        "2,20": 45.586120671093745,
        "2,21": 40.30840625860852,
        "2,22": 47.74743811664733,
        "2,23": 7.115021368302052,
        "2,24": 36.444164763201535,
        "2,25": 29.29524343051892,
        "2,26": 46.401175494226855,
        "2,27": 57.82871597011002,
        "2,28": 60.03953845532806,
        "2,29": 25.258087466059592,
        "2,30": 84.17935337764973,
        "3,0": 135.18218786756927,
        "3,1": 46.46321519323967,
        "3,2": 89.59338798956645,
        "3,3": 0.0,
        "3,4": 78.45155873246635,
        "3,5": 59.37929628826897,
        "3,6": 93.39473231979557,
        "3,7": 66.78317007450804,
        "3,8": 107.3074036942732,
        "3,9": 38.677997713555385,
        "3,10": 96.22561634585176,
        "3,11": 111.48427459850498,
        "3,12": 108.40407047124097,
        "3,13": 68.62401813912909,
        "3,14": 92.62539977936791,
        "3,15": 114.72084171536984,
        "3,16": 82.24349373381024,
        "3,17": 108.63022619259115,
        "3,18": 58.40746313270948,
        "3,19": 81.38389859161458,
        "3,20": 55.66387494126877,
        "3,21": 70.5448068677311,
        "3,22": 67.74563977272754,
        "3,23": 93.70249019373321,
        "3,24": 105.30872622392792,
        "3,25": 67.72392668355566,
        "3,26": 79.08782072652706,
        "3,27": 52.09761083105805,
        "3,28": 34.12393283114061,
        "3,29": 107.28160060763189,
        "3,30": 9.119077929049569,
        "4,0": 56.81387021017778,
        "4,1": 42.13225138463885,
        "4,2": 13.876630514804514,
        "4,3": 78.45155873246635,
        "4,4": 0.0,
        "4,5": 42.688037540344915,
        "4,6": 29.448240214273874,
        "4,7": 18.86527056055722,
        "4,8": 33.88330398809629,
        "4,9": 51.767511346642856,
        "4,10": 41.03942813717762,
        "4,11": 33.81638113946164,
        "4,12": 31.95304510031061,
        "4,13": 26.664222095352734,
        "4,14": 53.01360976884223,
        "4,15": 36.29264443367028,
        "4,16": 50.99997634797635,
        "4,17": 30.406363186860865,
        "4,18": 28.534647806748545,
        "4,19": 8.095643807702396,
        "4,20": 31.735434578629487,
        "4,21": 27.220195823114427,
        "4,22": 34.4643004903974,
        "4,23": 20.623975696830847,
        "4,24": 34.65005261773794,
        "4,25": 15.424100015091817,
        "4,26": 49.73157254051479,
        "4,27": 43.95283245402529,
        "4,28": 51.62791320886832,
        "4,29": 38.73181204020233,
        "4,30": 73.8608015171319,
        "5,0": 89.48682782258113,
        "5,1": 53.11991216846606,
        "5,2": 45.37592981812736,
        "5,3": 59.37929628826897,
        "5,4": 42.688037540344915,
        "5,5": 0.0,
        "5,6": 39.466733103883456,
        "5,7": 23.84769640021571,
        "5,8": 56.34301398521872,
        "5,9": 20.80776921613349,
        "5,10": 38.29408883625065,
        "5,11": 73.28748565865033,
        "5,12": 60.537709072738025,
        "5,13": 56.667918391227836,
        "5,14": 88.72298770671415,
        "5,15": 71.38723351704151,
        "5,16": 82.79112027821911,
        "5,17": 68.79543541768689,
        "5,18": 15.646643849731591,
        "5,19": 50.2331067833742,
        "5,20": 50.30296397615318,
        "5,21": 58.48679584722392,
        "5,22": 62.50651559184523,
        "5,23": 45.588919110638656,
        "5,24": 77.32926251837384,
        "5,25": 45.41071883700645,
        "5,26": 20.37036881266043,
        "5,27": 59.74674295785167,
        "5,28": 25.354776191906176,
        "5,29": 52.97037527690931,
        "5,30": 51.21023255289959,
        "6,0": 51.43442555149694,
        "6,1": 67.56530650584116,
        "6,2": 18.55246781112924,
        "6,3": 93.39473231979557,
        "6,4": 29.448240214273874,
        "6,5": 39.466733103883456,
        "6,6": 0.0,
        "6,7": 27.59297109733501,
        "6,8": 17.35471535484048,
        "6,9": 57.84398016509418,
        "6,10": 12.773114089975806,
        "6,11": 42.119068120033006,
        "6,12": 23.257534693419252,
        "6,13": 55.92310820125957,
        "6,14": 81.43039005088404,
        "6,15": 36.22293010112187,
        "6,16": 80.3014712614833,
        "6,17": 37.13092389431982,
        "6,18": 34.98828923609694,
        "6,19": 36.02005933477341,
        "6,20": 58.653805511472086,
        "6,21": 56.61234908091598,
        "6,22": 63.71646372438402,
        "6,23": 12.663838094058184,
        "6,24": 54.13654705711171,
        "6,25": 43.78213087708826,
        "6,26": 32.77051061392817,
        "6,27": 71.06677695092756,
        "6,28": 60.54992790205194,
        "6,29": 13.964286754127642,
        "6,30": 86.58604669482371,
        "7,0": 70.39287321998425,
        "7,1": 41.579616534501504,
        "7,2": 24.249731502852136,
        "7,3": 66.78317007450804,
        "7,4": 18.86527056055722,
        "7,5": 23.84769640021571,
        "7,6": 27.59297109733501,
        "7,7": 0.0,
        "7,8": 40.53550114335194,
        "7,9": 34.778074816307154,
        "7,10": 34.461227627165684,
        "7,11": 50.879497342925475,
        "7,12": 42.235673298177865,
        "7,13": 36.460993136061354,
        "7,14": 67.40232643836893,
        "7,15": 50.77334426423928,
        "7,16": 63.001395598737496,
        "7,17": 46.75309987571206,
        "7,18": 10.299273804138327,
        "7,19": 26.410108028756277,
        "7,20": 34.427889691186735,
        "7,21": 37.93220852502089,
        "7,22": 43.499949707363996,
        "7,23": 27.133846277574683,
        "7,24": 53.51492899676192,
        "7,25": 23.923129542628665,
        "7,26": 33.83336378342917,
        "7,27": 46.28909426131256,
        "7,28": 35.87259477974005,
        "7,29": 41.02892991944965,
        "7,30": 60.69057485901425,
        "8,0": 34.15192358465749,
        "8,1": 75.81356028699872,
        "8,2": 20.019755049449753,
        "8,3": 107.3074036942732,
        "8,4": 33.88330398809629,
        "8,5": 56.34301398521872,
        "8,6": 17.35471535484048,
        "8,7": 40.53550114335194,
        "8,8": 0.0,
        "8,9": 73.63228202927885,
        "8,10": 26.290258997486806,
        "8,11": 29.87424412285598,
        "8,12": 7.960616196643763,
        "8,13": 59.51230410940846,
        "8,14": 79.24693342337568,
        "8,15": 21.292690297867466,
        "8,16": 80.45460292071094,
        "8,17": 25.25253864508553,
        "8,18": 49.63148543478943,
        "8,19": 37.32406453158162,
        "8,20": 65.6056663928348,
        "8,21": 59.591580252102375,
        "8,22": 67.11496698569198,
        "8,23": 13.972678875059865,
        "8,24": 45.95526114613638,
        "8,25": 49.279833428442146,
        "8,26": 49.74403288518489,
        "8,27": 77.83172636211519,
        "8,28": 75.73307462612405,
        "8,29": 9.546612402731931,
        "8,30": 101.15452852179465,
        "9,0": 105.02236021753099,
        "9,1": 43.891701979165155,
        "9,2": 59.009139586523325,
        "9,3": 38.677997713555385,
        "9,4": 51.767511346642856,
        "9,5": 20.80776921613349,
        "9,6": 57.84398016509418,
        "9,7": 34.778074816307154,
        "9,8": 73.63228202927885,
        "9,9": 0.0,
        "9,10": 58.60562495842781,
        "9,11": 85.23352596679861,
        "9,12": 76.48134851705228,
        "9,13": 55.85047776662559,
        "9,14": 87.2381274231496,
        "9,15": 85.55035442465689,
        "9,16": 79.2812398831723,
        "9,17": 81.32091806712178,
        "9,18": 24.58410964183549,
        "9,19": 57.67541618514683,
        "9,20": 45.59152049228032,
        "9,21": 57.930085115180624,
        "9,22": 59.52147127435869,
        "9,23": 61.20270701145386,
        "9,24": 84.99695621114176,
        "9,25": 47.92384365398743,
        "9,26": 40.44689116864675,
        "9,27": 51.30146148511821,
        "9,28": 5.685093896121485,
        "9,29": 71.75782102234642,
        "9,30": 30.403613860001087,
        "10,0": 59.69004664713152,
        "10,1": 75.96419501303029,
        "10,2": 31.24333965647321,
        "10,3": 96.22561634585176,
        "10,4": 41.03942813717762,
        "10,5": 38.29408883625065,
        "10,6": 12.773114089975806,
        "10,7": 34.461227627165684,
        "10,8": 26.290258997486806,
        "10,9": 58.60562495842781,
        "10,10": 0.0,
        "10,11": 54.09201428987844,
        "10,12": 33.6426257997358,
        "10,13": 66.88288992181111,
        "10,14": 93.69479770665058,
        "10,15": 47.10449326872734,
        "10,16": 92.029771225915,
        "10,17": 49.13005277405619,
        "10,18": 39.012508501016086,
        "10,19": 48.14407945402815,
        "10,20": 68.03528067660118,
        "10,21": 67.77482566606933,
        "10,22": 74.59557447143624,
        "10,23": 25.395798762398666,
        "10,24": 66.85644332030242,
        "10,25": 54.336932985487216,
        "10,26": 25.26908379250372,
        "10,27": 80.26404755537689,
        "10,28": 62.30713617071977,
        "10,29": 18.502713024460768,
        "10,30": 88.6488586948102,
        "11,0": 27.107794019897423,
        "11,1": 70.49576665007346,
        "11,2": 28.075174262153176,
        "11,3": 111.48427459850498,
        "11,4": 33.81638113946164,
        "11,5": 73.28748565865033,
        "11,6": 42.119068120033006,
        "11,7": 50.879497342925475,
        "11,8": 29.87424412285598,
        "11,9": 85.23352596679861,
        "11,10": 54.09201428987844,
        "11,11": 0.0,
        "11,12": 21.96586137042535,
        "11,13": 48.57268629919688,
        "11,14": 56.58238703017009,
        "11,15": 10.799620642837889,
        "11,16": 61.01582792312606,
        "11,17": 4.988202035571797,
        "11,18": 61.14960321308478,
        "11,19": 30.144202176350134,
        "11,20": 59.39682703710886,
        "11,21": 47.592195679305966,
        "11,22": 54.47268580555498,
        "11,23": 30.20999035318926,
        "11,24": 18.797721555654213,
        "11,25": 44.23985396003111,
        "11,26": 73.63948558627654,
        "11,27": 69.56577600958852,
        "11,28": 85.38656881858645,
        "11,29": 39.413896519918815,
        "11,30": 107.40142862359451,
        "12,0": 28.949120865971462,
        "12,1": 74.01405903093499,
        "12,2": 18.935715330612755,
        "12,3": 108.40407047124097,
        "12,4": 31.95304510031061,
        "12,5": 60.537709072738025,
        "12,6": 23.257534693419252,
        "12,7": 42.235673298177865,
        "12,8": 7.960616196643763,
        "12,9": 76.48134851705228,
        "12,10": 33.6426257997358,
        "12,11": 21.96586137042535,
        "12,12": 0.0,
        "12,13": 55.949116228864504,
        "12,14": 73.19683576756495,
        "12,15": 13.498511963655455,
        "12,16": 75.18202579722808,
        "12,17": 17.45204868203072,
        "12,18": 52.01144050334137,
        "12,19": 33.721816316702935,
        "12,20": 63.385031917008824,
        "12,21": 55.77069935285852,
        "12,22": 63.299617581505636,
        "12,23": 15.281063350601011,
        "12,24": 38.612574779049844,
        "12,25": 46.88700315414337,
        "12,26": 56.02769338812559,
        "12,27": 75.297047296048,
        "12,28": 78.0487948284361,
        "12,29": 17.500818917463086,
        "12,30": 102.7715010239427,
        "13,0": 75.3716168517051,
        "13,1": 23.15136674779543,
        "13,2": 40.015933988127856,
        "13,3": 68.62401813912909,
        "13,4": 26.664222095352734,
        "13,5": 56.667918391227836,
        "13,6": 55.92310820125957,
        "13,7": 36.460993136061354,
        "13,8": 59.51230410940846,
        "13,9": 55.85047776662559,
        "13,10": 66.88288992181111,
        "13,11": 48.57268629919688,
        "13,12": 55.949116228864504,
        "13,13": 0.0,
        "13,14": 32.15276712624782,
        "13,15": 55.64809149069747,
        "13,16": 26.566272766348153,
        "13,17": 47.57029530328219,
        "13,18": 41.155295408012634,
        "13,19": 22.27802106696686,
        "13,20": 12.962086767554311,
        "13,21": 2.1080789237625766,
        "13,22": 7.803274419441976,
        "13,23": 47.0413496604882,
        "13,24": 37.61794194088161,
        "13,25": 12.779039846807155,
        "13,26": 70.23922059065178,
        "13,27": 21.030535142779794,
        "13,28": 52.97601116520891,
        "13,29": 65.22880960046503,
        "13,30": 67.05221284926338,
        "14,0": 82.12306580307758,
        "14,1": 47.20353458735834,
        "14,2": 63.17209132133963,
        "14,3": 92.62539977936791,
        "14,4": 53.01360976884223,
        "14,5": 88.72298770671415,
        "14,6": 81.43039005088404,
        "14,7": 67.40232643836893,
        "14,8": 79.24693342337568,
        "14,9": 87.2381274231496,
        "14,10": 93.69479770665058,
        "14,11": 56.58238703017009,
        "14,12": 73.19683576756495,
        "14,13": 32.15276712624782,
        "14,14": 0.0,
        "14,15": 66.87731572461163,
        "14,16": 10.837711204501154,
        "14,17": 58.481584130201924,
        "14,18": 73.13142489175502,
        "14,19": 45.55775143062342,
        "14,20": 41.80270667501576,
        "14,21": 30.26043772339888,
        "14,22": 27.752498220096637,
        "14,23": 70.04638421174454,
        "14,24": 38.22407519589936,
        "14,25": 43.63880859493918,
        "14,26": 101.12906267312596,
        "14,27": 40.68357918441809,
        "14,28": 83.8053078998087,
        "14,29": 87.19416246567378,
        "14,30": 93.34555496675206,
        "15,0": 20.559707411413886,
        "15,1": 76.316369630471,
        "15,2": 26.56252345049447,
        "15,3": 114.72084171536984,
        "15,4": 36.29264443367028,
        "15,5": 71.38723351704151,
        "15,6": 36.22293010112187,
        "15,7": 50.77334426423928,
        "15,8": 21.292690297867466,
        "15,9": 85.55035442465689,
        "15,10": 47.10449326872734,
        "15,11": 10.799620642837889,
        "15,12": 13.498511963655455,
        "15,13": 55.64809149069747,
        "15,14": 66.87731572461163,
        "15,15": 0.0,
        "15,16": 70.66953957236449,
        "15,17": 8.565782753414092,
        "15,18": 60.99995548806897,
        "15,19": 34.93624732733297,
        "15,20": 65.26886283215686,
        "15,21": 54.96900234209142,
        "15,22": 62.214986846280766,
        "15,23": 26.038825910517314,
        "15,24": 29.512733722505054,
        "15,25": 49.214713511197616,
        "15,26": 68.83276568770658,
        "15,27": 76.28075369450471,
        "15,28": 86.41598465700724,
        "15,29": 30.684564564295403,
        "15,30": 109.89085761187998,
        "16,0": 87.55650800257466,
        "16,1": 37.57875900996533,
        "16,2": 62.74984786967794,
        "16,3": 82.24349373381024,
        "16,4": 50.99997634797635,
        "16,5": 82.79112027821911,
        "16,6": 80.3014712614833,
        "16,7": 63.001395598737496,
        "16,8": 80.45460292071094,
        "16,9": 79.2812398831723,
        "16,10": 92.029771225915,
        "16,11": 61.01582792312606,
        "16,12": 75.18202579722808,
        "16,13": 26.566272766348153,
        "16,14": 10.837711204501154,
        "16,15": 70.66953957236449,
        "16,16": 0.0,
        "16,17": 62.11103726532371,
        "16,18": 67.46258894479617,
        "16,19": 44.42238598703021,
        "16,20": 33.7421294273452,
        "16,21": 25.0816063413146,
        "16,22": 20.31912930761934,
        "16,23": 69.83112265389806,
        "16,24": 43.798070751261804,
        "16,25": 39.14584949902365,
        "16,26": 96.80168814598025,
        "16,27": 30.676837946129304,
        "16,28": 75.46409431994847,
        "16,29": 87.65269558625064,
        "16,30": 83.34035990768871,
        "17,0": 27.87684649702997,
        "17,1": 68.80092246953004,
        "17,2": 23.451579835112735,
        "17,3": 108.63022619259115,
        "17,4": 30.406363186860865,
        "17,5": 68.79543541768689,
        "17,6": 37.13092389431982,
        "17,7": 46.75309987571206,
        "17,8": 25.25253864508553,
        "17,9": 81.32091806712178,
        "17,10": 49.13005277405619,
        "17,11": 4.988202035571797,
        "17,12": 17.45204868203072,
        "17,13": 47.57029530328219,
        "17,14": 58.481584130201924,
        "17,15": 8.565782753414092,
        "17,16": 62.11103726532371,
        "17,17": 0.0,
        "17,18": 57.0497218632622,
        "17,19": 27.71933698466554,
        "17,20": 57.705239849230615,
        "17,21": 46.78697112304336,
        "17,22": 53.935297215076325,
        "17,23": 25.262105642128816,
        "17,24": 21.74055940220205,
        "17,25": 42.017096372846616,
        "17,26": 68.71674874548859,
        "17,27": 68.38244520702133,
        "17,28": 81.69363647027986,
        "17,29": 34.75555913258852,
        "17,30": 104.2493672263519,
        "18,0": 80.44861260132451,
        "18,1": 40.41812246779409,
        "18,2": 34.44304641000126,
        "18,3": 58.40746313270948,
        "18,4": 28.534647806748545,
        "18,5": 15.646643849731591,
        "18,6": 34.98828923609694,
        "18,7": 10.299273804138327,
        "18,8": 49.63148543478943,
        "18,9": 24.58410964183549,
        "18,10": 39.012508501016086,
        "18,11": 61.14960321308478,
        "18,12": 52.01144050334137,
        "18,13": 41.155295408012634,
        "18,14": 73.13142489175502,
        "18,15": 60.99995548806897,
        "18,16": 67.46258894479617,
        "18,17": 57.0497218632622,
        "18,18": 0.0,
        "18,19": 35.52878311430534,
        "18,20": 35.81426904911423,
        "18,21": 42.93235666969709,
        "18,22": 47.26801997301185,
        "18,23": 36.761273119978284,
        "18,24": 62.98189864343698,
        "18,25": 29.76479901112489,
        "18,26": 30.984418527789558,
        "18,27": 46.35059972259971,
        "18,28": 26.12321261179361,
        "18,29": 48.89556974100226,
        "18,30": 51.708395288997984,
        "19,0": 55.35422432126258,
        "19,1": 41.40211243543567,
        "19,2": 18.402265000875552,
        "19,3": 81.38389859161458,
        "19,4": 8.095643807702396,
        "19,5": 50.2331067833742,
        "19,6": 36.02005933477341,
        "19,7": 26.410108028756277,
        "19,8": 37.32406453158162,
        "19,9": 57.67541618514683,
        "19,10": 48.14407945402815,
        "19,11": 30.144202176350134,
        "19,12": 33.721816316702935,
        "19,13": 22.27802106696686,
        "19,14": 45.55775143062342,
        "19,15": 34.93624732733297,
        "19,16": 44.42238598703021,
        "19,17": 27.71933698466554,
        "19,18": 35.52878311430534,
        "19,19": 0.0,
        "19,20": 30.399174115126062,
        "19,21": 22.269978172057378,
        "19,22": 29.79983831927588,
        "19,23": 25.515422677651312,
        "19,24": 27.51758943571204,
        "19,25": 14.316087110085709,
        "19,26": 57.826537452277165,
        "19,27": 41.83543851239664,
        "19,28": 56.92818452724803,
        "19,29": 43.57997949846146,
        "19,30": 77.56103414414551,
        "20,0": 85.54634308235327,
        "20,1": 11.104897237402222,
        "20,2": 45.586120671093745,
        "20,3": 55.66387494126877,
        "20,4": 31.735434578629487,
        "20,5": 50.30296397615318,
        "20,6": 58.653805511472086,
        "20,7": 34.427889691186735,
        "20,8": 65.6056663928348,
        "20,9": 45.59152049228032,
        "20,10": 68.03528067660118,
        "20,11": 59.39682703710886,
        "20,12": 63.385031917008824,
        "20,13": 12.962086767554311,
        "20,14": 41.80270667501576,
        "20,15": 65.26886283215686,
        "20,16": 33.7421294273452,
        "20,17": 57.705239849230615,
        "20,18": 35.81426904911423,
        "20,19": 30.399174115126062,
        "20,20": 0.0,
        "20,21": 14.915162285465518,
        "20,22": 14.067469900187769,
        "20,23": 52.09221246959053,
        "20,24": 50.1674057139045,
        "20,25": 16.498538169722014,
        "20,26": 66.59673725555857,
        "20,27": 12.430773698932773,
        "20,28": 42.00630611981658,
        "20,29": 69.8443895840589,
        "20,30": 54.19972206082906,
        "21,0": 74.50658485155462,
        "21,1": 24.837031391137295,
        "21,2": 40.30840625860852,
        "21,3": 70.5448068677311,
        "21,4": 27.220195823114427,
        "21,5": 58.48679584722392,
        "21,6": 56.61234908091598,
        "21,7": 37.93220852502089,
        "21,8": 59.591580252102375,
        "21,9": 57.930085115180624,
        "21,10": 67.77482566606933,
        "21,11": 47.592195679305966,
        "21,12": 55.77069935285852,
        "21,13": 2.1080789237625766,
        "21,14": 30.26043772339888,
        "21,15": 54.96900234209142,
        "21,16": 25.0816063413146,
        "21,17": 46.78697112304336,
        "21,18": 42.93235666969709,
        "21,19": 22.269978172057378,
        "21,20": 14.915162285465518,
        "21,21": 0.0,
        "21,22": 7.538554956841145,
        "21,23": 47.379639890515165,
        "21,24": 36.04321518412177,
        "21,25": 14.069077309876855,
        "21,26": 71.75219905533778,
        "21,27": 22.246610177163923,
        "21,28": 55.07802020859863,
        "21,29": 65.56185799596692,
        "21,30": 69.06986239000736,
        "22,0": 81.5085014390223,
        "22,1": 21.284227069946073,
        "22,2": 47.74743811664733,
        "22,3": 67.74563977272754,
        "22,4": 34.4643004903974,
        "22,5": 62.50651559184523,
        "22,6": 63.71646372438402,
        "22,7": 43.499949707363996,
        "22,8": 67.11496698569198,
        "22,9": 59.52147127435869,
        "22,10": 74.59557447143624,
        "22,11": 54.47268580555498,
        "22,12": 63.299617581505636,
        "22,13": 7.803274419441976,
        "22,14": 27.752498220096637,
        "22,15": 62.214986846280766,
        "22,16": 20.31912930761934,
        "22,17": 53.935297215076325,
        "22,18": 47.26801997301185,
        "22,19": 29.79983831927588,
        "22,20": 14.067469900187769,
        "22,21": 7.538554956841145,
        "22,22": 0.0,
        "22,23": 54.794528290369726,
        "22,24": 41.590226803528445,
        "22,25": 20.31390215679543,
        "22,26": 77.07792892234747,
        "22,27": 16.82640304142404,
        "22,28": 56.055332953276505,
        "22,29": 72.9829637842066,
        "22,30": 67.21746738793625,
        "23,0": 44.06586410131756,
        "23,1": 62.07715401672859,
        "23,2": 7.115021368302052,
        "23,3": 93.70249019373321,
        "23,4": 20.623975696830847,
        "23,5": 45.588919110638656,
        "23,6": 12.663838094058184,
        "23,7": 27.133846277574683,
        "23,8": 13.972678875059865,
        "23,9": 61.20270701145386,
        "23,10": 25.395798762398666,
        "23,11": 30.20999035318926,
        "23,12": 15.281063350601011,
        "23,13": 47.0413496604882,
        "23,14": 70.04638421174454,
        "23,15": 26.038825910517314,
        "23,16": 69.83112265389806,
        "23,17": 25.262105642128816,
        "23,18": 36.761273119978284,
        "23,19": 25.515422677651312,
        "23,20": 52.09221246959053,
        "23,21": 47.379639890515165,
        "23,22": 54.794528290369726,
        "23,23": 0.0,
        "23,24": 41.47395463396958,
        "23,25": 36.00843884846222,
        "23,26": 43.47115361061039,
        "23,27": 64.42840992287958,
        "23,28": 62.83901563672641,
        "23,29": 18.188567318224745,
        "23,30": 87.8074508819967,
        "24,0": 43.97601171268248,
        "24,1": 60.75926411478752,
        "24,2": 36.444164763201535,
        "24,3": 105.30872622392792,
        "24,4": 34.65005261773794,
        "24,5": 77.32926251837384,
        "24,6": 54.13654705711171,
        "24,7": 53.51492899676192,
        "24,8": 45.95526114613638,
        "24,9": 84.99695621114176,
        "24,10": 66.85644332030242,
        "24,11": 18.797721555654213,
        "24,12": 38.612574779049844,
        "24,13": 37.61794194088161,
        "24,14": 38.22407519589936,
        "24,15": 29.512733722505054,
        "24,16": 43.798070751261804,
        "24,17": 21.74055940220205,
        "24,18": 62.98189864343698,
        "24,19": 27.51758943571204,
        "24,20": 50.1674057139045,
        "24,21": 36.04321518412177,
        "24,22": 41.590226803528445,
        "24,23": 41.47395463396958,
        "24,24": 0.0,
        "24,25": 38.332864519140344,
        "24,26": 82.3393516038557,
        "24,27": 58.09082404496512,
        "24,28": 83.8966767217244,
        "24,29": 55.13022924716718,
        "24,30": 102.65394926525082,
        "25,0": 69.6647470991879,
        "25,1": 27.282267237386876,
        "25,2": 29.29524343051892,
        "25,3": 67.72392668355566,
        "25,4": 15.424100015091817,
        "25,5": 45.41071883700645,
        "25,6": 43.78213087708826,
        "25,7": 23.923129542628665,
        "25,8": 49.279833428442146,
        "25,9": 47.92384365398743,
        "25,10": 54.336932985487216,
        "25,11": 44.23985396003111,
        "25,12": 46.88700315414337,
        "25,13": 12.779039846807155,
        "25,14": 43.63880859493918,
        "25,15": 49.214713511197616,
        "25,16": 39.14584949902365,
        "25,17": 42.017096372846616,
        "25,18": 29.76479901112489,
        "25,19": 14.316087110085709,
        "25,20": 16.498538169722014,
        "25,21": 14.069077309876855,
        "25,22": 20.31390215679543,
        "25,23": 36.00843884846222,
        "25,24": 38.332864519140344,
        "25,25": 0.0,
        "25,26": 57.75635670981125,
        "25,27": 28.55920593490851,
        "25,28": 46.11530723235341,
        "25,29": 54.022878211413875,
        "25,30": 64.48931160328819,
        "26,0": 83.86216209353718,
        "26,1": 71.29562532980806,
        "26,2": 46.401175494226855,
        "26,3": 79.08782072652706,
        "26,4": 49.73157254051479,
        "26,5": 20.37036881266043,
        "26,6": 32.77051061392817,
        "26,7": 33.83336378342917,
        "26,8": 49.74403288518489,
        "26,9": 40.44689116864675,
        "26,10": 25.26908379250372,
        "26,11": 73.63948558627654,
        "26,12": 56.02769338812559,
        "26,13": 70.23922059065178,
        "26,14": 101.12906267312596,
        "26,15": 68.83276568770658,
        "26,16": 96.80168814598025,
        "26,17": 68.71674874548859,
        "26,18": 30.984418527789558,
        "26,19": 57.826537452277165,
        "26,20": 66.59673725555857,
        "26,21": 71.75219905533778,
        "26,22": 77.07792892234747,
        "26,23": 43.47115361061039,
        "26,24": 82.3393516038557,
        "26,25": 57.75635670981125,
        "26,26": 0.0,
        "26,27": 77.33467196660585,
        "26,28": 45.429846690678076,
        "26,29": 43.34971637427577,
        "26,30": 70.59072856348169,
        "27,0": 96.24368179867608,
        "27,1": 7.454194492466013,
        "27,2": 57.82871597011002,
        "27,3": 52.09761083105805,
        "27,4": 43.95283245402529,
        "27,5": 59.74674295785167,
        "27,6": 71.06677695092756,
        "27,7": 46.28909426131256,
        "27,8": 77.83172636211519,
        "27,9": 51.30146148511821,
        "27,10": 80.26404755537689,
        "27,11": 69.56577600958852,
        "27,12": 75.297047296048,
        "27,13": 21.030535142779794,
        "27,14": 40.68357918441809,
        "27,15": 76.28075369450471,
        "27,16": 30.676837946129304,
        "27,17": 68.38244520702133,
        "27,18": 46.35059972259971,
        "27,19": 41.83543851239664,
        "27,20": 12.430773698932773,
        "27,21": 22.246610177163923,
        "27,22": 16.82640304142404,
        "27,23": 64.42840992287958,
        "27,24": 58.09082404496512,
        "27,25": 28.55920593490851,
        "27,26": 77.33467196660585,
        "27,27": 0.0,
        "27,28": 46.75602177760561,
        "27,29": 82.2480638979909,
        "27,30": 52.699363068056925,
        "28,0": 106.24130384121166,
        "28,1": 39.30616507220595,
        "28,2": 60.03953845532806,
        "28,3": 34.12393283114061,
        "28,4": 51.62791320886832,
        "28,5": 25.354776191906176,
        "28,6": 60.54992790205194,
        "28,7": 35.87259477974005,
        "28,8": 75.73307462612405,
        "28,9": 5.685093896121485,
        "28,10": 62.30713617071977,
        "28,11": 85.38656881858645,
        "28,12": 78.0487948284361,
        "28,13": 52.97601116520891,
        "28,14": 83.8053078998087,
        "28,15": 86.41598465700724,
        "28,16": 75.46409431994847,
        "28,17": 81.69363647027986,
        "28,18": 26.12321261179361,
        "28,19": 56.92818452724803,
        "28,20": 42.00630611981658,
        "28,21": 55.07802020859863,
        "28,22": 56.055332953276505,
        "28,23": 62.83901563672641,
        "28,24": 83.8966767217244,
        "28,25": 46.11530723235341,
        "28,26": 45.429846690678076,
        "28,27": 46.75602177760561,
        "28,28": 0.0,
        "28,29": 74.51362243427421,
        "28,30": 26.346369244373406,
        "29,0": 41.25454460177101,
        "29,1": 79.45531571634521,
        "29,2": 25.258087466059592,
        "29,3": 107.28160060763189,
        "29,4": 38.73181204020233,
        "29,5": 52.97037527690931,
        "29,6": 13.964286754127642,
        "29,7": 41.02892991944965,
        "29,8": 9.546612402731931,
        "29,9": 71.75782102234642,
        "29,10": 18.502713024460768,
        "29,11": 39.413896519918815,
        "29,12": 17.500818917463086,
        "29,13": 65.22880960046503,
        "29,14": 87.19416246567378,
        "29,15": 30.684564564295403,
        "29,16": 87.65269558625064,
        "29,17": 34.75555913258852,
        "29,18": 48.89556974100226,
        "29,19": 43.57997949846146,
        "29,20": 69.8443895840589,
        "29,21": 65.56185799596692,
        "29,22": 72.9829637842066,
        "29,23": 18.188567318224745,
        "29,24": 55.13022924716718,
        "29,25": 54.022878211413875,
        "29,26": 43.34971637427577,
        "29,27": 82.2480638979909,
        "29,28": 74.51362243427421,
        "29,29": 0.0,
        "29,30": 100.53790580425883,
        "30,0": 130.1852977333439,
        "30,1": 46.26247783529106,
        "30,2": 84.17935337764973,
        "30,3": 9.119077929049569,
        "30,4": 73.8608015171319,
        "30,5": 51.21023255289959,
        "30,6": 86.58604669482371,
        "30,7": 60.69057485901425,
        "30,8": 101.15452852179465,
        "30,9": 30.403613860001087,
        "30,10": 88.6488586948102,
        "30,11": 107.40142862359451,
        "30,12": 102.7715010239427,
        "30,13": 67.05221284926338,
        "30,14": 93.34555496675206,
        "30,15": 109.89085761187998,
        "30,16": 83.34035990768871,
        "30,17": 104.2493672263519,
        "30,18": 51.708395288997984,
        "30,19": 77.56103414414551,
        "30,20": 54.19972206082906,
        "30,21": 69.06986239000736,
        "30,22": 67.21746738793625,
        "30,23": 87.8074508819967,
        "30,24": 102.65394926525082,
        "30,25": 64.48931160328819,
        "30,26": 70.59072856348169,
        "30,27": 52.699363068056925,
        "30,28": 26.346369244373406,
        "30,29": 100.53790580425883,
        "30,30": 0.0
    }
}