{
    "num_robots": 6,
    "num_tasks": 30,
    "num_nodes": 31,
    "robot_capacity": [
        73,
        59,
        52,
        62,
        69,
        54
    ],
    "robot_speed": [
        1.05,
        0.91,
        0.92,
        1.0,
        1.09,
        1.06
    ],
    "task_demand": {
        "0": 0,
        "1": 5,
        "2": 10,
        "3": 14,
        "4": 11,
        "5": 9,
        "6": 5,
        "7": 5,
        "8": 9,
        "9": 9,
        "10": 7,
        "11": 12,
        "12": 5,
        "13": 12,
        "14": 13,
        "15": 11,
        "16": 5,
        "17": 12,
        "18": 7,
        "19": 15,
        "20": 7,
        "21": 8,
        "22": 13,
        "23": 14,
        "24": 9,
        "25": 15,
        "26": 11,
        "27": 8,
        "28": 12,
        "29": 6,
        "30": 11
    },
    "task_service_time": {
        "0": 0,
        "1": 99,
        "2": 55,
        "3": 32,
        "4": 52,
        "5": 68,
        "6": 43,
        "7": 40,
        "8": 42,
        "9": 18,
        "10": 12,
        "11": 99,
        "12": 63,
        "13": 52,
        "14": 33,
        "15": 50,
        "16": 72,
        "17": 97,
        "18": 95,
        "19": 41,
        "20": 18,
        "21": 93,
        "22": 99,
        "23": 43,
        "24": 31,
        "25": 47,
        "26": 97,
        "27": 34,
        "28": 33,
        "29": 83,
        "30": 53
    },
    "task_precedence": [],
    "coordinates": {
        "0": [
            100,
            0
        ],
        "1": [
            49.1300439238733,
            33.97377966724909
        ],
        "2": [
            70.99540252196678,
            85.45544595416636
        ],
        "3": [
            17.426376699150005,
            19.51445515495953
        ],
        "4": [
            38.012394182533505,
            25.590075060552287
        ],
        "5": [
            83.29368480810864,
            70.12272853524566
        ],
        "6": [
            14.742550113244302,
            60.189329631900165
        ],
        "7": [
            37.95899132429895,
            63.798120185830584
        ],
        "8": [
            49.62653653547135,
            21.694964054763844
        ],
        "9": [
            60.85375161468228,
            65.65702388125598
        ],
        "10": [
            2.608879788798746,
            83.83281319841971
        ],
        "11": [
            83.11611069711131,
            42.1198867168648
        ],
        "12": [
            0.5070980919299806,
            39.32523894979596
        ],
        "13": [
            54.28382046099966,
            86.32840241314467
        ],
        "14": [
            97.73142478156582,
            69.72801263094887
        ],
        "15": [
            36.448074178213105,
            39.96670578330579
        ],
        "16": [
            78.79932500760309,
            57.13000944602762
        ],
        "17": [
            86.73878977844903,
            41.10961976416496
        ],
        "18": [
            67.00277771848393,
            69.0476354368298
        ],
        "19": [
            44.2961136627744,
            49.70474529642862
        ],
        "20": [
            55.822304571018975,
            92.75491498452446
        ],
        "21": [
            11.82139443049518,
            68.7348082036934
        ],
        "22": [
            2.5301346077364895,
            13.77771932953361
        ],
        "23": [
            82.67820223639055,
            80.97996935710519
        ],
        "24": [
            52.56954355817486,
            74.59763786373078
        ],
        "25": [
            42.186224142388454,
            27.36711265656131
        ],
        "26": [
            0.6642083954750522,
            56.465079456527576
        ],
        "27": [
            36.14461616260319,
            19.268694308206868
        ],
        "28": [
            64.82070531922194,
            75.7530930503157
        ],
        "29": [
            53.32171906630797,
            66.83863132222413
        ],
        "30": [
            87.48025320798176,
            75.88971387376773
        ]
    },
    "distance_matrix_str_keys": {
        "0,0": 0.0,
        "0,1": 61.171644869709425,
        "0,2": 90.24355887313055,
        "0,3": 84.84820107124018,
        "0,4": 67.06202514528104,
        "0,5": 72.08535235759464,
        "0,6": 104.36277191954127,
        "0,7": 88.99037530398496,
        "0,8": 54.84667069886464,
        "0,9": 76.44130786157972,
        "0,10": 128.50280489060847,
        "0,11": 45.37786437277236,
        "0,12": 106.9827647266016,
        "0,13": 97.68603858713873,
        "0,14": 69.76490650021297,
        "0,15": 75.07452861541812,
        "0,16": 60.93690671043657,
        "0,17": 43.19560780559049,
        "0,18": 76.52707127359007,
        "0,19": 74.65577444547334,
        "0,20": 102.73822573512827,
        "0,21": 111.80313206248215,
        "0,22": 98.43881454746077,
        "0,23": 82.81183559637523,
        "0,24": 88.39941047952861,
        "0,25": 63.96398622718151,
        "0,26": 114.26243779882162,
        "0,27": 66.69927005121122,
        "0,28": 83.5231338069089,
        "0,29": 81.52462540823403,
        "0,30": 76.91549084273326,
        "1,0": 61.171644869709425,
        "1,1": 0.0,
        "1,2": 55.93260114012878,
        "1,3": 34.84529495997547,
        "1,4": 13.924390065760944,
        "1,5": 49.73832388338017,
        "1,6": 43.24066130998882,
        "1,7": 31.847821017312295,
        "1,8": 12.288849326067224,
        "1,9": 33.78273650762967,
        "1,10": 68.19194921062855,
        "1,11": 34.94870233325969,
        "1,12": 48.91655116449699,
        "1,13": 52.60767943427728,
        "1,14": 60.336219603957595,
        "1,15": 14.026671738596972,
        "1,16": 37.63611586751422,
        "1,17": 38.27973326243039,
        "1,18": 39.365085695808745,
        "1,19": 16.4569183444409,
        "1,20": 59.16086731748591,
        "1,21": 50.992788038420095,
        "1,22": 50.788112796567056,
        "1,23": 57.749985240867844,
        "1,24": 40.76920421718105,
        "1,25": 9.584606520241218,
        "1,26": 53.43028897242601,
        "1,27": 19.61787117808358,
        "1,28": 44.628554556292464,
        "1,29": 33.131082306547434,
        "1,30": 56.81271066002852,
        "2,0": 90.24355887313055,
        "2,1": 55.93260114012878,
        "2,2": 0.0,
        "2,3": 84.95795898670525,
        "2,4": 68.35013878075962,
        "2,5": 19.655532825087825,
        "2,6": 61.66652283149911,
        "2,7": 39.502458458394884,
        "2,8": 67.24602208006685,
        "2,9": 22.244788146941964,
        "2,10": 68.40577043345196,
        "2,11": 44.99869177072472,
        "2,12": 84.24130257591943,
        "2,13": 16.734366673397297,
        "2,14": 31.018817598387393,
        "2,15": 57.12042872758563,
        "2,16": 29.380802567976577,
        "2,17": 47.05748126261521,
        "2,18": 16.886601161696426,
        "2,19": 44.62022661423589,
        "2,20": 16.83761115937215,
        "2,21": 61.49099901930435,
        "2,22": 99.12209342342865,
        "2,23": 12.510703415003581,
        "2,24": 21.387011831536437,
        "2,25": 64.83998167951634,
        "2,26": 76.07179646180101,
        "2,27": 74.80149332272669,
        "2,28": 11.500545092144302,
        "2,29": 25.66992158014758,
        "2,30": 19.05921122119633,
        "3,0": 84.84820107124018,
        "3,1": 34.84529495997547,
        "3,2": 84.95795898670525,
        "3,3": 0.0,
        "3,4": 21.46385969632224,
        "3,5": 83.0644304865462,
        "3,6": 40.76332099888441,
        "3,7": 48.81220392392943,
        "3,8": 32.273904513503915,
        "3,9": 63.36460795045759,
        "3,10": 66.00310141269884,
        "3,11": 69.47047350366121,
        "3,12": 26.05243065732038,
        "3,13": 76.30579734776025,
        "3,14": 94.71167880421929,
        "3,15": 27.930619949254357,
        "3,16": 71.9831140525078,
        "3,17": 72.59863456962577,
        "3,18": 70.08106368246756,
        "3,19": 40.415793736118175,
        "3,20": 82.69469289614587,
        "3,21": 49.53845960941802,
        "3,22": 15.962711748845337,
        "3,23": 89.64268052706058,
        "3,24": 65.33910922417857,
        "3,25": 25.975262756128267,
        "3,26": 40.57485579168897,
        "3,27": 18.719852750622074,
        "3,28": 73.54595011061018,
        "3,29": 59.3974179031865,
        "3,30": 89.92060614523909,
        "4,0": 67.06202514528104,
        "4,1": 13.924390065760944,
        "4,2": 68.35013878075962,
        "4,3": 21.46385969632224,
        "4,4": 0.0,
        "4,5": 63.510255126356704,
        "4,6": 41.696451406588196,
        "4,7": 38.20808244547965,
        "4,8": 12.249905809503963,
        "4,9": 46.120364234728974,
        "4,10": 68.15882464672922,
        "4,11": 48.03727632600087,
        "4,12": 39.94123135192784,
        "4,13": 62.880074131049106,
        "4,14": 74.2598151671305,
        "4,15": 14.46148706096081,
        "4,16": 51.55910382434028,
        "4,17": 51.138223430004764,
        "4,18": 52.23984964966218,
        "4,19": 24.91992076816094,
        "4,20": 69.48603190612262,
        "4,21": 50.47213554035663,
        "4,22": 37.39682463056729,
        "4,23": 71.15528651679581,
        "4,24": 51.12388688130256,
        "4,25": 4.536377315811847,
        "4,26": 48.457743220626035,
        "4,27": 6.591543775767399,
        "4,28": 56.877182769919436,
        "4,29": 43.997941111707306,
        "4,30": 70.54872600764348,
        "5,0": 72.08535235759464,
        "5,1": 49.73832388338017,
        "5,2": 19.655532825087825,
        "5,3": 83.0644304865462,
        "5,4": 63.510255126356704,
        "5,5": 0.0,
        "5,6": 69.2670952308989,
        "5,7": 45.77373814803055,
        "5,8": 58.98071926815372,
        "5,9": 22.87997202319319,
        "5,10": 81.84133541478569,
        "5,11": 28.003404837093584,
        "5,12": 88.32952114033706,
        "5,13": 33.22944620776102,
        "5,14": 14.443134569277829,
        "5,15": 55.712628222902,
        "5,16": 13.748091480192114,
        "5,17": 29.216933939399315,
        "5,18": 16.326343098595167,
        "5,19": 44.01936613328296,
        "5,20": 35.59343472616375,
        "5,21": 71.48576511913846,
        "5,22": 98.4759417490374,
        "5,23": 10.874672273679874,
        "5,24": 31.04831185497926,
        "5,25": 59.31160098622644,
        "5,26": 83.75059253870016,
        "5,27": 69.34816126836685,
        "5,28": 19.31196457560412,
        "5,29": 30.151351958614534,
        "5,30": 7.12639283660007,
        "6,0": 104.36277191954127,
        "6,1": 43.24066130998882,
        "6,2": 61.66652283149911,
        "6,3": 40.76332099888441,
        "6,4": 41.696451406588196,
        "6,5": 69.2670952308989,
        "6,6": 0.0,
        "6,7": 23.49524445006891,
        "6,8": 51.94909710372586,
        "6,9": 46.43423935320417,
        "6,10": 26.575181480144416,
        "6,11": 70.72092020170166,
        "6,12": 25.257837877423505,
        "6,13": 47.40003361367452,
        "6,14": 83.53526077095059,
        "6,15": 29.666214626350254,
        "6,16": 64.12978909887542,
        "6,17": 74.48150008268195,
        "6,18": 53.005669235328966,
        "6,19": 31.35824655754415,
        "6,20": 52.421976075593676,
        "6,21": 9.030966423580308,
        "6,22": 47.99146448419661,
        "6,23": 71.04578474181574,
        "6,24": 40.47815187463796,
        "6,25": 42.78379566371061,
        "6,26": 14.562614631001013,
        "6,27": 46.179506563797496,
        "6,28": 52.440941644657705,
        "6,29": 39.14799471336913,
        "6,30": 74.41287198355175,
        "7,0": 88.99037530398496,
        "7,1": 31.847821017312295,
        "7,2": 39.502458458394884,
        "7,3": 48.81220392392943,
        "7,4": 38.20808244547965,
        "7,5": 45.77373814803055,
        "7,6": 23.49524445006891,
        "7,7": 0.0,
        "7,8": 43.689900062276806,
        "7,9": 22.970101691176286,
        "7,10": 40.632736920874436,
        "7,11": 50.09102950015515,
        "7,12": 44.73886702501327,
        "7,13": 27.82289818809136,
        "7,14": 60.06585906997474,
        "7,15": 23.879262615231703,
        "7,16": 41.38111352056518,
        "7,17": 53.798111385172476,
        "7,18": 29.51438528042754,
        "7,19": 15.452583450867703,
        "7,20": 34.02343200155017,
        "7,21": 26.59971541142293,
        "7,22": 61.296365227208604,
        "7,23": 47.906406310060056,
        "7,24": 18.16859429493914,
        "7,25": 36.675438741697526,
        "7,26": 38.00887159658533,
        "7,27": 44.566374389422386,
        "7,28": 29.401922640120276,
        "7,29": 15.660718746137636,
        "7,30": 50.976092597083756,
        "8,0": 54.84667069886464,
        "8,1": 12.288849326067224,
        "8,2": 67.24602208006685,
        "8,3": 32.273904513503915,
        "8,4": 12.249905809503963,
        "8,5": 58.98071926815372,
        "8,6": 51.94909710372586,
        "8,7": 43.689900062276806,
        "8,8": 0.0,
        "8,9": 45.3730433475972,
        "8,10": 77.92157815488379,
        "8,11": 39.22663691015058,
        "8,12": 52.187602223931016,
        "8,13": 64.80101579134079,
        "8,14": 67.97980603599416,
        "8,15": 22.528391329524922,
        "8,16": 45.89873668327557,
        "8,17": 41.883746215990385,
        "8,18": 50.44015508172184,
        "8,19": 28.51247539600318,
        "8,20": 71.32954624621063,
        "8,21": 60.34878380823449,
        "8,22": 47.75723859874997,
        "8,23": 67.87580172126117,
        "8,24": 52.9844711823534,
        "8,25": 9.355828037514152,
        "8,26": 60.052231448470266,
        "8,27": 13.69850217445014,
        "8,28": 56.15286346686894,
        "8,29": 45.294647236636756,
        "8,30": 66.10578472317769,
        "9,0": 76.44130786157972,
        "9,1": 33.78273650762967,
        "9,2": 22.244788146941964,
        "9,3": 63.36460795045759,
        "9,4": 46.120364234728974,
        "9,5": 22.87997202319319,
        "9,6": 46.43423935320417,
        "9,7": 22.970101691176286,
        "9,8": 45.3730433475972,
        "9,9": 0.0,
        "9,10": 61.014952358545074,
        "9,11": 32.39767673476564,
        "9,12": 65.84133571755495,
        "9,13": 21.690317788653033,
        "9,14": 37.10169440340439,
        "9,15": 35.43486327202135,
        "9,16": 19.868406568703488,
        "9,17": 35.67366324934178,
        "9,18": 7.0218778646473705,
        "9,19": 22.991967436354848,
        "9,20": 27.561044276256755,
        "9,21": 49.128859210988665,
        "9,22": 78.0583534385863,
        "9,23": 26.666445263574786,
        "9,24": 12.188629189007532,
        "9,25": 42.598050231481764,
        "9,26": 60.88737927718773,
        "9,27": 52.5587147423433,
        "9,28": 10.847457506733967,
        "9,29": 7.624153097513278,
        "9,30": 28.525050947909453,
        "10,0": 128.50280489060847,
        "10,1": 68.19194921062855,
        "10,2": 68.40577043345196,
        "10,3": 66.00310141269884,
        "10,4": 68.15882464672922,
        "10,5": 81.84133541478569,
        "10,6": 26.575181480144416,
        "10,7": 40.632736920874436,
        "10,8": 77.92157815488379,
        "10,9": 61.014952358545074,
        "10,10": 0.0,
        "10,11": 90.67183942206071,
        "10,12": 44.557172843416005,
        "10,13": 51.7351665601275,
        "10,14": 96.16259129697536,
        "10,15": 55.401502296227356,
        "10,16": 80.73427816533935,
        "10,17": 94.35630880914857,
        "10,18": 66.06947534240398,
        "10,19": 53.87532354229029,
        "10,20": 53.95620888586061,
        "10,21": 17.686723293031182,
        "10,22": 70.05513812549357,
        "10,23": 80.12012927597755,
        "10,24": 50.807050571147094,
        "10,25": 68.95463380923321,
        "10,26": 27.436738089560006,
        "10,27": 72.75418243786986,
        "10,28": 62.7343057146526,
        "10,29": 53.484523791725934,
        "10,30": 85.24225978315974,
        "11,0": 45.37786437277236,
        "11,1": 34.94870233325969,
        "11,2": 44.99869177072472,
        "11,3": 69.47047350366121,
        "11,4": 48.03727632600087,
        "11,5": 28.003404837093584,
        "11,6": 70.72092020170166,
        "11,7": 50.09102950015515,
        "11,8": 39.22663691015058,
        "11,9": 32.39767673476564,
        "11,10": 90.67183942206071,
        "11,11": 0.0,
        "11,12": 82.65627029902204,
        "11,13": 52.77967241587999,
        "11,14": 31.238054073120093,
        "11,15": 46.71768209855727,
        "11,16": 15.618528196781968,
        "11,17": 3.7609098689119547,
        "11,18": 31.380617438248365,
        "11,19": 39.55404213753519,
        "11,20": 57.522673273374636,
        "11,21": 76.10052965181879,
        "11,22": 85.4246919484571,
        "11,23": 38.86254992439744,
        "11,24": 44.58583949564376,
        "11,25": 43.507470115565745,
        "11,26": 83.69050572135792,
        "11,27": 52.23502937017296,
        "11,28": 38.28726193148035,
        "11,29": 38.71333242585382,
        "11,30": 34.05065294619599,
        "12,0": 106.9827647266016,
        "12,1": 48.91655116449699,
        "12,2": 84.24130257591943,
        "12,3": 26.05243065732038,
        "12,4": 39.94123135192784,
        "12,5": 88.32952114033706,
        "12,6": 25.257837877423505,
        "12,7": 44.73886702501327,
        "12,8": 52.187602223931016,
        "12,9": 65.84133571755495,
        "12,10": 44.557172843416005,
        "12,11": 82.65627029902204,
        "12,12": 0.0,
        "12,13": 71.42291820082878,
        "12,14": 101.86706213374586,
        "12,15": 35.946700011729426,
        "12,16": 80.29123643236994,
        "12,17": 86.25015168687861,
        "12,18": 72.83609175353757,
        "12,19": 45.00235590125747,
        "12,20": 76.90580179024396,
        "12,21": 31.510888044240513,
        "12,22": 25.627493741916634,
        "12,23": 92.12603823906355,
        "12,24": 62.88593128092699,
        "12,25": 43.360654201418086,
        "12,26": 17.14056055803537,
        "12,27": 40.89373640544009,
        "12,28": 73.91365657951941,
        "12,29": 59.551414328346524,
        "12,30": 94.34665090667801,
        "13,0": 97.68603858713873,
        "13,1": 52.60767943427728,
        "13,2": 16.734366673397297,
        "13,3": 76.30579734776025,
        "13,4": 62.880074131049106,
        "13,5": 33.22944620776102,
        "13,6": 47.40003361367452,
        "13,7": 27.82289818809136,
        "13,8": 64.80101579134079,
        "13,9": 21.690317788653033,
        "13,10": 51.7351665601275,
        "13,11": 52.77967241587999,
        "13,12": 71.42291820082878,
        "13,13": 0.0,
        "13,14": 46.51093701611816,
        "13,15": 49.674145788942845,
        "13,16": 38.12553101317703,
        "13,17": 55.66024916987211,
        "13,18": 21.456858600629463,
        "13,19": 37.96111889407504,
        "13,20": 6.608100875961594,
        "13,21": 45.96294356982482,
        "13,22": 89.1181553629608,
        "13,23": 28.89371302829711,
        "13,24": 11.855360906077227,
        "13,25": 60.189579882632984,
        "13,26": 61.3749204159856,
        "13,27": 69.4696709629348,
        "13,28": 14.928600424519784,
        "13,29": 19.513503434036384,
        "13,30": 34.79898512237139,
        "14,0": 69.76490650021297,
        "14,1": 60.336219603957595,
        "14,2": 31.018817598387393,
        "14,3": 94.71167880421929,
        "14,4": 74.2598151671305,
        "14,5": 14.443134569277829,
        "14,6": 83.53526077095059,
        "14,7": 60.06585906997474,
        "14,8": 67.97980603599416,
        "14,9": 37.10169440340439,
        "14,10": 96.16259129697536,
        "14,11": 31.238054073120093,
        "14,12": 101.86706213374586,
        "14,13": 46.51093701611816,
        "14,14": 0.0,
        "14,15": 68.12770689266605,
        "14,16": 22.74058236058535,
        "14,17": 30.656980193576413,
        "14,18": 30.73617841329219,
        "14,19": 57.06368117385786,
        "14,20": 47.81853812929847,
        "14,21": 85.91577136915085,
        "14,22": 110.42518268617918,
        "14,23": 18.79377660721409,
        "14,24": 45.42365865431163,
        "14,25": 69.85495802508608,
        "14,26": 97.96912724595097,
        "14,27": 79.6183257891331,
        "14,28": 33.45769044015049,
        "14,29": 44.50360082131572,
        "14,30": 11.960479958463766,
        "15,0": 75.07452861541812,
        "15,1": 14.026671738596972,
        "15,2": 57.12042872758563,
        "15,3": 27.930619949254357,
        "15,4": 14.46148706096081,
        "15,5": 55.712628222902,
        "15,6": 29.666214626350254,
        "15,7": 23.879262615231703,
        "15,8": 22.528391329524922,
        "15,9": 35.43486327202135,
        "15,10": 55.401502296227356,
        "15,11": 46.71768209855727,
        "15,12": 35.946700011729426,
        "15,13": 49.674145788942845,
        "15,14": 68.12770689266605,
        "15,15": 0.0,
        "15,16": 45.6969084231385,
        "15,17": 50.30370093692368,
        "15,18": 42.18163555324817,
        "15,19": 12.50684361901014,
        "15,20": 56.231270961851386,
        "15,21": 37.86921008242147,
        "15,22": 42.85195020278967,
        "15,23": 61.800586803439224,
        "15,24": 38.199518736864384,
        "15,25": 13.844714224962258,
        "15,26": 39.40407826885777,
        "15,27": 20.70023588731695,
        "15,28": 45.66915492417342,
        "15,29": 31.730431355068305,
        "15,30": 62.40789859299665,
        "16,0": 60.93690671043657,
        "16,1": 37.63611586751422,
        "16,2": 29.380802567976577,
        "16,3": 71.9831140525078,
        "16,4": 51.55910382434028,
        "16,5": 13.748091480192114,
        "16,6": 64.12978909887542,
        "16,7": 41.38111352056518,
        "16,8": 45.89873668327557,
        "16,9": 19.868406568703488,
        "16,10": 80.73427816533935,
        "16,11": 15.618528196781968,
        "16,12": 80.29123643236994,
        "16,13": 38.12553101317703,
        "16,14": 22.74058236058535,
        "16,15": 45.6969084231385,
        "16,16": 0.0,
        "16,17": 17.879820648044415,
        "16,18": 16.768671301002595,
        "16,19": 35.29314580477681,
        "16,20": 42.39194926834607,
        "16,21": 67.97583790287405,
        "16,22": 87.72918820207883,
        "16,23": 24.1633250260806,
        "16,24": 31.513798206876306,
        "16,25": 47.18420477518726,
        "16,26": 78.13794583863708,
        "16,27": 57.034229815235406,
        "16,28": 23.285640453393167,
        "16,29": 27.26473442443329,
        "16,30": 20.670873823723603,
        "17,0": 43.19560780559049,
        "17,1": 38.27973326243039,
        "17,2": 47.05748126261521,
        "17,3": 72.59863456962577,
        "17,4": 51.138223430004764,
        "17,5": 29.216933939399315,
        "17,6": 74.48150008268195,
        "17,7": 53.798111385172476,
        "17,8": 41.883746215990385,
        "17,9": 35.67366324934178,
        "17,10": 94.35630880914857,
        "17,11": 3.7609098689119547,
        "17,12": 86.25015168687861,
        "17,13": 55.66024916987211,
        "17,14": 30.656980193576413,
        "17,15": 50.30370093692368,
        "17,16": 17.879820648044415,
        "17,17": 0.0,
        "17,18": 34.20588972322097,
        "17,19": 43.304236961011426,
        "17,20": 60.19190623314176,
        "17,21": 79.84840112388646,
        "17,22": 88.5332162921272,
        "17,23": 40.076591020818995,
        "17,24": 47.843335413603526,
        "17,25": 46.62389522935662,
        "17,26": 87.43353877441987,
        "17,27": 55.10713591399094,
        "17,28": 40.99478829912471,
        "17,29": 42.17443124376401,
        "17,30": 34.78799669843263,
        "18,0": 76.52707127359007,
        "18,1": 39.365085695808745,
        "18,2": 16.886601161696426,
        "18,3": 70.08106368246756,
        "18,4": 52.23984964966218,
        "18,5": 16.326343098595167,
        "18,6": 53.005669235328966,
        "18,7": 29.51438528042754,
        "18,8": 50.44015508172184,
        "18,9": 7.0218778646473705,
        "18,10": 66.06947534240398,
        "18,11": 31.380617438248365,
        "18,12": 72.83609175353757,
        "18,13": 21.456858600629463,
        "18,14": 30.73617841329219,
        "18,15": 42.18163555324817,
        "18,16": 16.768671301002595,
        "18,17": 34.20588972322097,
        "18,18": 0.0,
        "18,19": 29.828509710048873,
        "18,20": 26.21141131938009,
        "18,21": 55.182270000913476,
        "18,22": 84.92046476670608,
        "18,23": 19.70024179043351,
        "18,24": 15.463530491608944,
        "18,25": 48.50904359634085,
        "18,26": 67.52130400711387,
        "18,27": 58.56764562875772,
        "18,28": 7.051567326621581,
        "18,29": 13.858248988332665,
        "18,30": 21.590299668142535,
        "19,0": 74.65577444547334,
        "19,1": 16.4569183444409,
        "19,2": 44.62022661423589,
        "19,3": 40.415793736118175,
        "19,4": 24.91992076816094,
        "19,5": 44.01936613328296,
        "19,6": 31.35824655754415,
        "19,7": 15.452583450867703,
        "19,8": 28.51247539600318,
        "19,9": 22.991967436354848,
        "19,10": 53.87532354229029,
        "19,11": 39.55404213753519,
        "19,12": 45.00235590125747,
        "19,13": 37.96111889407504,
        "19,14": 57.06368117385786,
        "19,15": 12.50684361901014,
        "19,16": 35.29314580477681,
        "19,17": 43.304236961011426,
        "19,18": 29.828509710048873,
        "19,19": 0.0,
        "19,20": 44.56646931300645,
        "19,21": 37.63974871687935,
        "19,22": 55.09217912963521,
        "19,23": 49.51085096540391,
        "19,24": 26.231769719204102,
        "19,25": 22.43705563887338,
        "19,26": 44.15252286348749,
        "19,27": 31.50873071472305,
        "19,28": 33.162859999875614,
        "19,29": 19.365732706129275,
        "19,30": 50.502697825523924,
        "20,0": 102.73822573512827,
        "20,1": 59.16086731748591,
        "20,2": 16.83761115937215,
        "20,3": 82.69469289614587,
        "20,4": 69.48603190612262,
        "20,5": 35.59343472616375,
        "20,6": 52.421976075593676,
        "20,7": 34.02343200155017,
        "20,8": 71.32954624621063,
        "20,9": 27.561044276256755,
        "20,10": 53.95620888586061,
        "20,11": 57.522673273374636,
        "20,12": 76.90580179024396,
        "20,13": 6.608100875961594,
        "20,14": 47.81853812929847,
        "20,15": 56.231270961851386,
        "20,16": 42.39194926834607,
        "20,17": 60.19190623314176,
        "20,18": 26.21141131938009,
        "20,19": 44.56646931300645,
        "20,20": 0.0,
        "20,21": 50.130286483890906,
        "20,22": 95.27566747560519,
        "20,23": 29.32385690767145,
        "20,24": 18.446332064884235,
        "20,25": 66.79451611275333,
        "20,26": 66.02550822492485,
        "20,27": 76.0751999694194,
        "20,28": 19.236246128280904,
        "20,29": 26.036641233676548,
        "20,30": 35.87005325347098,
        "21,0": 111.80313206248215,
        "21,1": 50.992788038420095,
        "21,2": 61.49099901930435,
        "21,3": 49.53845960941802,
        "21,4": 50.47213554035663,
        "21,5": 71.48576511913846,
        "21,6": 9.030966423580308,
        "21,7": 26.59971541142293,
        "21,8": 60.34878380823449,
        "21,9": 49.128859210988665,
        "21,10": 17.686723293031182,
        "21,11": 76.10052965181879,
        "21,12": 31.510888044240513,
        "21,13": 45.96294356982482,
        "21,14": 85.91577136915085,
        "21,15": 37.86921008242147,
        "21,16": 67.97583790287405,
        "21,17": 79.84840112388646,
        "21,18": 55.182270000913476,
        "21,19": 37.63974871687935,
        "21,20": 50.130286483890906,
        "21,21": 0.0,
        "21,22": 55.73696373696999,
        "21,23": 71.90710106877219,
        "21,24": 41.167759581427745,
        "21,25": 51.31577845373184,
        "21,26": 16.583999630640243,
        "21,27": 55.12273160276564,
        "21,28": 53.46197973203236,
        "21,29": 41.54362082972148,
        "21,30": 75.99641824888408,
        "22,0": 98.43881454746077,
        "22,1": 50.788112796567056,
        "22,2": 99.12209342342865,
        "22,3": 15.962711748845337,
        "22,4": 37.39682463056729,
        "22,5": 98.4759417490374,
        "22,6": 47.99146448419661,
        "22,7": 61.296365227208604,
        "22,8": 47.75723859874997,
        "22,9": 78.0583534385863,
        "22,10": 70.05513812549357,
        "22,11": 85.4246919484571,
        "22,12": 25.627493741916634,
        "22,13": 89.1181553629608,
        "22,14": 110.42518268617918,
        "22,15": 42.85195020278967,
        "22,16": 87.72918820207883,
        "22,17": 88.5332162921272,
        "22,18": 84.92046476670608,
        "22,19": 55.09217912963521,
        "22,20": 95.27566747560519,
        "22,21": 55.73696373696999,
        "22,22": 0.0,
        "22,23": 104.5937624974623,
        "22,24": 78.75915780793743,
        "22,25": 41.9198884561612,
        "22,26": 42.72812183142712,
        "22,27": 34.060008461814704,
        "22,28": 87.86957463987848,
        "22,29": 73.4523344306241,
        "22,30": 105.23508215637364,
        "23,0": 82.81183559637523,
        "23,1": 57.749985240867844,
        "23,2": 12.510703415003581,
        "23,3": 89.64268052706058,
        "23,4": 71.15528651679581,
        "23,5": 10.874672273679874,
        "23,6": 71.04578474181574,
        "23,7": 47.906406310060056,
        "23,8": 67.87580172126117,
        "23,9": 26.666445263574786,
        "23,10": 80.12012927597755,
        "23,11": 38.86254992439744,
        "23,12": 92.12603823906355,
        "23,13": 28.89371302829711,
        "23,14": 18.79377660721409,
        "23,15": 61.800586803439224,
        "23,16": 24.1633250260806,
        "23,17": 40.076591020818995,
        "23,18": 19.70024179043351,
        "23,19": 49.51085096540391,
        "23,20": 29.32385690767145,
        "23,21": 71.90710106877219,
        "23,22": 104.5937624974623,
        "23,23": 0.0,
        "23,24": 30.777678318752564,
        "23,25": 67.18585188533518,
        "23,26": 85.5995035766865,
        "23,27": 77.28943072016611,
        "23,28": 18.606730827127144,
        "23,29": 32.58497422942229,
        "23,30": 6.997884996154709,
        "24,0": 88.39941047952861,
        "24,1": 40.76920421718105,
        "24,2": 21.387011831536437,
        "24,3": 65.33910922417857,
        "24,4": 51.12388688130256,
        "24,5": 31.04831185497926,
        "24,6": 40.47815187463796,
        "24,7": 18.16859429493914,
        "24,8": 52.9844711823534,
        "24,9": 12.188629189007532,
        "24,10": 50.807050571147094,
        "24,11": 44.58583949564376,
        "24,12": 62.88593128092699,
        "24,13": 11.855360906077227,
        "24,14": 45.42365865431163,
        "24,15": 38.199518736864384,
        "24,16": 31.513798206876306,
        "24,17": 47.843335413603526,
        "24,18": 15.463530491608944,
        "24,19": 26.231769719204102,
        "24,20": 18.446332064884235,
        "24,21": 41.167759581427745,
        "24,22": 78.75915780793743,
        "24,23": 30.777678318752564,
        "24,24": 0.0,
        "24,25": 48.3584101624042,
        "24,26": 54.98139224085578,
        "24,27": 57.71542458407589,
        "24,28": 12.305528886786961,
        "24,29": 7.795380074517105,
        "24,30": 34.93461190093335,
        "25,0": 63.96398622718151,
        "25,1": 9.584606520241218,
        "25,2": 64.83998167951634,
        "25,3": 25.975262756128267,
        "25,4": 4.536377315811847,
        "25,5": 59.31160098622644,
        "25,6": 42.78379566371061,
        "25,7": 36.675438741697526,
        "25,8": 9.355828037514152,
        "25,9": 42.598050231481764,
        "25,10": 68.95463380923321,
        "25,11": 43.507470115565745,
        "25,12": 43.360654201418086,
        "25,13": 60.189579882632984,
        "25,14": 69.85495802508608,
        "25,15": 13.844714224962258,
        "25,16": 47.18420477518726,
        "25,17": 46.62389522935662,
        "25,18": 48.50904359634085,
        "25,19": 22.43705563887338,
        "25,20": 66.79451611275333,
        "25,21": 51.31577845373184,
        "25,22": 41.9198884561612,
        "25,23": 67.18585188533518,
        "25,24": 48.3584101624042,
        "25,25": 0.0,
        "25,26": 50.702755976168234,
        "25,27": 10.10373231664264,
        "25,28": 53.41837546022168,
        "25,29": 41.0121937108271,
        "25,30": 66.37764607063777,
        "26,0": 114.26243779882162,
        "26,1": 53.43028897242601,
        "26,2": 76.07179646180101,
        "26,3": 40.57485579168897,
        "26,4": 48.457743220626035,
        "26,5": 83.75059253870016,
        "26,6": 14.562614631001013,
        "26,7": 38.00887159658533,
        "26,8": 60.052231448470266,
        "26,9": 60.88737927718773,
        "26,10": 27.436738089560006,
        "26,11": 83.69050572135792,
        "26,12": 17.14056055803537,
        "26,13": 61.3749204159856,
        "26,14": 97.96912724595097,
        "26,15": 39.40407826885777,
        "26,16": 78.13794583863708,
        "26,17": 87.43353877441987,
        "26,18": 67.52130400711387,
        "26,19": 44.15252286348749,
        "26,20": 66.02550822492485,
        "26,21": 16.583999630640243,
        "26,22": 42.72812183142712,
        "26,23": 85.5995035766865,
        "26,24": 54.98139224085578,
        "26,25": 50.702755976168234,
        "26,26": 0.0,
        "26,27": 51.404575705124735,
        "26,28": 66.99316059062222,
        "26,29": 53.66958177924605,
        "26,30": 88.96258797455593,
        "27,0": 66.69927005121122,
        "27,1": 19.61787117808358,
        "27,2": 74.80149332272669,
        "27,3": 18.719852750622074,
        "27,4": 6.591543775767399,
        "27,5": 69.34816126836685,
        "27,6": 46.179506563797496,
        "27,7": 44.566374389422386,
        "27,8": 13.69850217445014,
        "27,9": 52.5587147423433,
        "27,10": 72.75418243786986,
        "27,11": 52.23502937017296,
        "27,12": 40.89373640544009,
        "27,13": 69.4696709629348,
        "27,14": 79.6183257891331,
        "27,15": 20.70023588731695,
        "27,16": 57.034229815235406,
        "27,17": 55.10713591399094,
        "27,18": 58.56764562875772,
        "27,19": 31.50873071472305,
        "27,20": 76.0751999694194,
        "27,21": 55.12273160276564,
        "27,22": 34.060008461814704,
        "27,23": 77.28943072016611,
        "27,24": 57.71542458407589,
        "27,25": 10.10373231664264,
        "27,26": 51.404575705124735,
        "27,27": 0.0,
        "27,28": 63.34670781166053,
        "27,29": 50.57619767916557,
        "27,30": 76.42831600590497,
        "28,0": 83.5231338069089,
        "28,1": 44.628554556292464,
        "28,2": 11.500545092144302,
        "28,3": 73.54595011061018,
        "28,4": 56.877182769919436,
        "28,5": 19.31196457560412,
        "28,6": 52.440941644657705,
        "28,7": 29.401922640120276,
        "28,8": 56.15286346686894,
        "28,9": 10.847457506733967,
        "28,10": 62.7343057146526,
        "28,11": 38.28726193148035,
        "28,12": 73.91365657951941,
        "28,13": 14.928600424519784,
        "28,14": 33.45769044015049,
        "28,15": 45.66915492417342,
        "28,16": 23.285640453393167,
        "28,17": 40.99478829912471,
        "28,18": 7.051567326621581,
        "28,19": 33.162859999875614,
        "28,20": 19.236246128280904,
        "28,21": 53.46197973203236,
        "28,22": 87.86957463987848,
        "28,23": 18.606730827127144,
        "28,24": 12.305528886786961,
        "28,25": 53.41837546022168,
        "28,26": 66.99316059062222,
        "28,27": 63.34670781166053,
        "28,28": 0.0,
        "28,29": 14.549718648355844,
        "28,30": 22.659959747810678,
        "29,0": 81.52462540823403,
        "29,1": 33.131082306547434,
        "29,2": 25.66992158014758,
        "29,3": 59.3974179031865,
        "29,4": 43.997941111707306,
        "29,5": 30.151351958614534,
        "29,6": 39.14799471336913,
        "29,7": 15.660718746137636,
        "29,8": 45.294647236636756,
        "29,9": 7.624153097513278,
        "29,10": 53.484523791725934,
        "29,11": 38.71333242585382,
        "29,12": 59.551414328346524,
        "29,13": 19.513503434036384,
        "29,14": 44.50360082131572,
        "29,15": 31.730431355068305,
        "29,16": 27.26473442443329,
        "29,17": 42.17443124376401,
        "29,18": 13.858248988332665,
        "29,19": 19.365732706129275,
        "29,20": 26.036641233676548,
        "29,21": 41.54362082972148,
        "29,22": 73.4523344306241,
        "29,23": 32.58497422942229,
        "29,24": 7.795380074517105,
        "29,25": 41.0121937108271,
        "29,26": 53.66958177924605,
        "29,27": 50.57619767916557,
        "29,28": 14.549718648355844,
        "29,29": 0.0,
        "29,30": 35.33733931782005,
        "30,0": 76.91549084273326,
        "30,1": 56.81271066002852,
        "30,2": 19.05921122119633,
        "30,3": 89.92060614523909,
        "30,4": 70.54872600764348,
        "30,5": 7.12639283660007,
        "30,6": 74.41287198355175,
        "30,7": 50.976092597083756,
        "30,8": 66.10578472317769,
        "30,9": 28.525050947909453,
        "30,10": 85.24225978315974,
        "30,11": 34.05065294619599,
        "30,12": 94.34665090667801,
        "30,13": 34.79898512237139,
        "30,14": 11.960479958463766,
        "30,15": 62.40789859299665,
        "30,16": 20.670873823723603,
        "30,17": 34.78799669843263,
        "30,18": 21.590299668142535,
        "30,19": 50.502697825523924,
        "30,20": 35.87005325347098,
        "30,21": 75.99641824888408,
        "30,22": 105.23508215637364,
        "30,23": 6.997884996154709,
        "30,24": 34.93461190093335,
        "30,25": 66.37764607063777,
        "30,26": 88.96258797455593,
        "30,27": 76.42831600590497,
        "30,28": 22.659959747810678,
        "30,29": 35.33733931782005,
        "30,30": 0.0
    }
}