{
    "num_robots": 6,
    "num_tasks": 50,
    "num_nodes": 51,
    "robot_capacity": [
        110,
        113,
        111,
        132,
        118,
        116
    ],
    "robot_speed": [
        1.12,
        0.9,
        0.89,
        1.18,
        1.08,
        1.09
    ],
    "task_demand": {
        "0": 0,
        "1": 15,
        "2": 5,
        "3": 5,
        "4": 12,
        "5": 14,
        "6": 6,
        "7": 12,
        "8": 9,
        "9": 13,
        "10": 11,
        "11": 13,
        "12": 13,
        "13": 12,
        "14": 8,
        "15": 7,
        "16": 15,
        "17": 8,
        "18": 15,
        "19": 8,
        "20": 12,
        "21": 6,
        "22": 8,
        "23": 7,
        "24": 8,
        "25": 11,
        "26": 14,
        "27": 13,
        "28": 10,
        "29": 9,
        "30": 8,
        "31": 13,
        "32": 14,
        "33": 12,
        "34": 12,
        "35": 14,
        "36": 7,
        "37": 12,
        "38": 10,
        "39": 5,
        "40": 7,
        "41": 7,
        "42": 11,
        "43": 10,
        "44": 15,
        "45": 13,
        "46": 9,
        "47": 11,
        "48": 12,
        "49": 8,
        "50": 9
    },
    "task_service_time": {
        "0": 0,
        "1": 46,
        "2": 58,
        "3": 19,
        "4": 23,
        "5": 76,
        "6": 32,
        "7": 91,
        "8": 31,
        "9": 65,
        "10": 38,
        "11": 88,
        "12": 20,
        "13": 73,
        "14": 30,
        "15": 95,
        "16": 83,
        "17": 24,
        "18": 16,
        "19": 35,
        "20": 11,
        "21": 89,
        "22": 18,
        "23": 18,
        "24": 49,
        "25": 97,
        "26": 80,
        "27": 74,
        "28": 90,
        "29": 84,
        "30": 42,
        "31": 68,
        "32": 16,
        "33": 34,
        "34": 33,
        "35": 90,
        "36": 54,
        "37": 90,
        "38": 57,
        "39": 12,
        "40": 17,
        "41": 59,
        "42": 81,
        "43": 24,
        "44": 77,
        "45": 32,
        "46": 78,
        "47": 58,
        "48": 90,
        "49": 15,
        "50": 74
    },
    "task_precedence": [],
    "coordinates": {
        "0": [
            100,
            0
        ],
        "1": [
            7.5448642938047765,
            69.51375538845758
        ],
        "2": [
            82.47880776502512,
            67.56348109601828
        ],
        "3": [
            80.2568400712516,
            40.415589757823376
        ],
        "4": [
            13.795089999078424,
            52.39048286605097
        ],
        "5": [
            91.24235964836964,
            95.71813505951671
        ],
        "6": [
            20.727114912062927,
            79.02870959554646
        ],
        "7": [
            42.32261997834799,
            44.61962022496942
        ],
        "8": [
            18.965316061809133,
            84.61883425944701
        ],
        "9": [
            29.29981412399645,
            82.36594942081531
        ],
        "10": [
            53.864472942968725,
            33.53602958947134
        ],
        "11": [
            59.07177557670461,
            79.03238234891302
        ],
        "12": [
            49.43894048439049,
            71.91847537323545
        ],
        "13": [
            86.1052133283429,
            86.16354507763327
        ],
        "14": [
            2.903456194582621,
            37.269420374212004
        ],
        "15": [
            12.062492725955975,
            35.6139671488648
        ],
        "16": [
            29.271139644123302,
            4.707609909847976
        ],
        "17": [
            74.10936290907483,
            8.916864462565322
        ],
        "18": [
            27.070384267524638,
            69.49932430075579
        ],
        "19": [
            25.176708929328008,
            63.72413179911926
        ],
        "20": [
            26.824411556020422,
            92.72666568546975
        ],
        "21": [
            99.86427357840635,
            60.0609662645357
        ],
        "22": [
            45.987431064537034,
            25.135607534961267
        ],
        "23": [
            65.06840290848595,
            28.020222324439516
        ],
        "24": [
            25.920878582502993,
            36.672541318372744
        ],
        "25": [
            70.0555515739574,
            1.48033645620812
        ],
        "26": [
            6.317721665498766,
            70.63179791272083
        ],
        "27": [
            97.68867144596555,
            27.87793770842313
        ],
        "28": [
            55.12369171181979,
            40.974841344936266
        ],
        "29": [
            57.38434166170333,
            86.81154389572158
        ],
        "30": [
            98.26306940268513,
            52.32650310008208
        ],
        "31": [
            44.78603828338878,
            6.992616578151544
        ],
        "32": [
            29.318865500106995,
            70.7328324579001
        ],
        "33": [
            51.381624501936386,
            57.60994876781711
        ],
        "34": [
            81.60696165561193,
            74.57168143549474
        ],
        "35": [
            10.142460731309122,
            91.30313078920781
        ],
        "36": [
            87.43308896394532,
            89.43182486694678
        ],
        "37": [
            81.58752872467446,
            96.60404843902084
        ],
        "38": [
            30.84180721402101,
            72.13043658760529
        ],
        "39": [
            47.41338161742783,
            11.328893083051817
        ],
        "40": [
            25.836631096901964,
            4.261479281419611
        ],
        "41": [
            63.16123521401724,
            36.7948394498294
        ],
        "42": [
            21.204831234060208,
            52.254827558307085
        ],
        "43": [
            18.660461344519973,
            98.43320631176748
        ],
        "44": [
            75.00894488405065,
            74.7457371778748
        ],
        "45": [
            99.8340446518448,
            79.55900827867404
        ],
        "46": [
            37.114336156826944,
            67.36639468423175
        ],
        "47": [
            25.90422801236717,
            86.25020952220906
        ],
        "48": [
            40.27491942279856,
            86.59369803782847
        ],
        "49": [
            39.56914435475859,
            61.502453436697444
        ],
        "50": [
            92.5975792886973,
            54.894709387231224
        ]
    },
    "distance_matrix_str_keys": {
        "0,0": 0.0,
        "0,1": 115.67244402474294,
        "0,2": 69.79839650842248,
        "0,3": 44.98013183000706,
        "0,4": 100.87640558230139,
        "0,5": 96.117936119126,
        "0,6": 111.93626423327916,
        "0,7": 72.92181206732702,
        "0,8": 117.16214026890364,
        "0,9": 108.5479889583117,
        "0,10": 57.036410629140775,
        "0,11": 89.00133153042381,
        "0,12": 87.91295603807029,
        "0,13": 87.2766956122664,
        "0,14": 104.00359856267987,
        "0,15": 94.87549652915112,
        "0,16": 70.88535305903756,
        "0,17": 27.383125475696712,
        "0,18": 100.74167424233201,
        "0,19": 98.28168629097705,
        "0,20": 118.1223995407626,
        "0,21": 60.06111962235814,
        "0,22": 59.57479642566763,
        "0,23": 44.781126989780994,
        "0,24": 82.65949138928947,
        "0,25": 29.98101712022966,
        "0,26": 117.32527498508747,
        "0,27": 27.973588446236484,
        "0,28": 60.76858290941538,
        "0,29": 96.70748931269611,
        "0,30": 52.35532307781882,
        "0,31": 55.65499308285331,
        "0,32": 99.99478167239194,
        "0,33": 75.3833710648524,
        "0,34": 76.80650709188018,
        "0,35": 128.10401654645926,
        "0,36": 90.31045649325638,
        "0,37": 98.34307943761662,
        "0,38": 99.92825181969904,
        "0,39": 53.79308739421354,
        "0,40": 74.28570180541459,
        "0,41": 52.06683014257431,
        "0,42": 94.54758391413999,
        "0,43": 127.69188170553878,
        "0,44": 78.81293080499135,
        "0,45": 79.55918136496696,
        "0,46": 92.1565941739833,
        "0,47": 113.70700096769872,
        "0,48": 105.19293602623621,
        "0,49": 86.22319927229064,
        "0,50": 55.391560287607845,
        "1,0": 115.67244402474294,
        "1,1": 0.0,
        "1,2": 74.95931865994912,
        "1,3": 78.31816305639347,
        "1,4": 18.228323654232963,
        "1,5": 87.70370711989558,
        "1,6": 16.2574931931576,
        "1,7": 42.76926765788485,
        "1,8": 18.936476078830644,
        "1,9": 25.26770139050104,
        "1,10": 58.650685410136035,
        "1,11": 52.39872942703992,
        "1,12": 41.96303490058591,
        "1,13": 80.30531699160545,
        "1,14": 32.57667585335294,
        "1,15": 34.19948258877923,
        "1,16": 68.3510609456252,
        "1,17": 90.01564122854857,
        "1,18": 19.525525306644774,
        "1,19": 18.558062575534443,
        "1,20": 30.17515778074972,
        "1,21": 92.80209347250263,
        "1,22": 58.71329446410742,
        "1,23": 70.92722171979864,
        "1,24": 37.63274163192976,
        "1,25": 92.39119068313816,
        "1,26": 1.660089791627764,
        "1,27": 99.29474951764077,
        "1,28": 55.48165853015531,
        "1,29": 52.75591901907602,
        "1,30": 92.33197918056969,
        "1,31": 72.77223260461386,
        "1,32": 21.80810118816608,
        "1,33": 45.42424636256318,
        "1,34": 74.23460703423369,
        "1,35": 21.94366395128568,
        "1,36": 82.33382010265754,
        "1,37": 78.84288258040652,
        "1,38": 23.44343340736988,
        "1,39": 70.53351596994906,
        "1,40": 67.7676048708231,
        "1,41": 64.52680198594744,
        "1,42": 22.01057215647096,
        "1,43": 30.982109991083533,
        "1,44": 67.66665207716414,
        "1,45": 92.83426046879053,
        "1,46": 29.64734093054743,
        "1,47": 24.843009743620684,
        "1,48": 36.91857187991934,
        "1,49": 33.01114164012932,
        "1,50": 86.29994689447027,
        "2,0": 69.79839650842248,
        "2,1": 74.95931865994912,
        "2,2": 0.0,
        "2,3": 27.23867002154494,
        "2,4": 70.33969691034227,
        "2,5": 29.487020558483174,
        "2,6": 62.807030137978785,
        "2,7": 46.248677486269,
        "2,8": 65.76358186613443,
        "2,9": 55.20071044089186,
        "2,10": 44.45950532045035,
        "2,11": 26.06577932488732,
        "2,12": 33.32564785681661,
        "2,13": 18.950282251983307,
        "2,14": 85.14673624147912,
        "2,15": 77.3254735849758,
        "2,16": 82.35239212941217,
        "2,17": 59.2408073016227,
        "2,18": 55.44223014446382,
        "2,19": 57.430576646936075,
        "2,20": 61.078618812737446,
        "2,21": 18.935209276500313,
        "2,22": 55.96199628685494,
        "2,23": 43.20638276394639,
        "2,24": 64.44415810421695,
        "2,25": 67.24075624109959,
        "2,26": 76.22286798557981,
        "2,27": 42.500380082553235,
        "2,28": 38.14784578579963,
        "2,29": 31.62625729598886,
        "2,30": 21.938742304306082,
        "2,31": 71.3412538412211,
        "2,32": 53.25433550110724,
        "2,33": 32.65130338450017,
        "2,34": 7.062222570603174,
        "2,35": 76.1322406719883,
        "2,36": 22.42251907082435,
        "2,37": 29.054241169427147,
        "2,38": 51.83856584017864,
        "2,39": 66.27150971496478,
        "2,40": 84.94397925361355,
        "2,41": 36.330124112298904,
        "2,42": 63.15738336136889,
        "2,43": 70.89232169102283,
        "2,44": 10.362608449899344,
        "2,45": 21.097320203937272,
        "2,46": 45.36489972814588,
        "2,47": 59.58084334300801,
        "2,48": 46.295975506036015,
        "2,49": 43.33561203293913,
        "2,50": 16.213800102309214,
        "3,0": 44.98013183000706,
        "3,1": 78.31816305639347,
        "3,2": 27.23867002154494,
        "3,3": 0.0,
        "3,4": 67.53193531662993,
        "3,5": 56.383092831318564,
        "3,6": 70.95605119460147,
        "3,7": 38.16646337068113,
        "3,8": 75.5683646764331,
        "3,9": 66.00341786031701,
        "3,10": 27.27426242346514,
        "3,11": 44.04615338098608,
        "3,12": 44.070111606888304,
        "3,13": 46.12026545562789,
        "3,14": 77.41733900723847,
        "3,15": 68.36318153457817,
        "3,16": 62.24629686068311,
        "3,17": 32.09300812771552,
        "3,18": 60.61899616395476,
        "3,19": 59.80893728116526,
        "3,20": 74.77615316224335,
        "3,21": 27.755941108670402,
        "3,22": 37.521597119532,
        "3,23": 19.60443208195213,
        "3,24": 54.464732832603204,
        "3,25": 40.24947498621527,
        "3,26": 79.87498022459867,
        "3,27": 21.47234183754282,
        "3,28": 25.13936969764553,
        "3,29": 51.72751437930052,
        "3,30": 21.58921377408111,
        "3,31": 48.73677169902532,
        "3,32": 59.27741946429458,
        "3,33": 33.60690488484437,
        "3,34": 34.1827650576434,
        "3,35": 86.63468140673334,
        "3,36": 49.538771204408675,
        "3,37": 56.204213554332235,
        "3,38": 58.71692244760199,
        "3,39": 43.8717299255251,
        "3,40": 65.3351272222829,
        "3,41": 17.4748258425523,
        "3,42": 60.22713092456035,
        "3,43": 84.61771506515315,
        "3,44": 34.72894219204366,
        "3,45": 43.76613020006309,
        "3,46": 50.86866943598451,
        "3,47": 71.0986554483937,
        "3,48": 61.081680257333055,
        "3,49": 45.827332483239104,
        "3,50": 19.024687899561084,
        "4,0": 100.87640558230139,
        "4,1": 18.228323654232963,
        "4,2": 70.33969691034227,
        "4,3": 67.53193531662993,
        "4,4": 0.0,
        "4,5": 88.74325338147098,
        "4,6": 27.525408129331087,
        "4,7": 29.5669794349149,
        "4,8": 32.64043307120714,
        "4,9": 33.74796386992274,
        "4,10": 44.283697427640924,
        "4,11": 52.5335042135031,
        "4,12": 40.64266931169673,
        "4,13": 79.8083558723073,
        "4,14": 18.63529494838584,
        "4,15": 16.865745548887716,
        "4,16": 50.13147201083655,
        "4,17": 74.3489543554811,
        "4,18": 21.655158580618,
        "4,19": 16.06215575853552,
        "4,20": 42.38833406346337,
        "4,21": 86.41030423264625,
        "4,22": 42.18026852200036,
        "4,23": 56.770258195397,
        "4,24": 19.851660768463148,
        "4,25": 75.87544098119014,
        "4,26": 19.714375765615408,
        "4,27": 87.40136084804531,
        "4,28": 42.87621940970316,
        "4,29": 55.541266666470236,
        "4,30": 84.46800363414883,
        "4,31": 54.9673097309191,
        "4,32": 24.029760597141685,
        "4,33": 37.947205433789605,
        "4,34": 71.34742817747018,
        "4,35": 39.08370336801936,
        "4,36": 82.42946019947641,
        "4,37": 80.93611140300106,
        "4,38": 26.081724266913913,
        "4,39": 53.06829266938669,
        "4,40": 49.61249538231303,
        "4,41": 51.77103810962613,
        "4,42": 7.41098289917798,
        "4,43": 46.29907364762039,
        "4,44": 65.16819335553775,
        "4,45": 90.22655091954438,
        "4,46": 27.713988817050424,
        "4,47": 35.95987086537739,
        "4,48": 43.255534841176406,
        "4,49": 27.337335012943075,
        "4,50": 78.84226955580287,
        "5,0": 96.117936119126,
        "5,1": 87.70370711989558,
        "5,2": 29.487020558483174,
        "5,3": 56.383092831318564,
        "5,4": 88.74325338147098,
        "5,5": 0.0,
        "5,6": 72.46334702826422,
        "5,7": 70.74036434511163,
        "5,8": 73.12431543518198,
        "5,9": 63.36528866318996,
        "5,10": 72.55150346650049,
        "5,11": 36.24032040464718,
        "5,12": 48.10353058749576,
        "5,13": 10.848062593628029,
        "5,14": 105.92456802735454,
        "5,15": 99.40805966360563,
        "5,16": 110.10607520401945,
        "5,17": 88.47598631557528,
        "5,18": 69.32148629309309,
        "5,19": 73.40494839965987,
        "5,20": 64.48737027856276,
        "5,21": 36.68475277674266,
        "5,22": 83.84450937826767,
        "5,23": 72.58156377557204,
        "5,24": 88.05270029296429,
        "5,25": 96.59007983214285,
        "5,26": 88.5523486304253,
        "5,27": 68.14577985779566,
        "5,28": 65.58495544125633,
        "5,29": 35.00989500333317,
        "5,30": 43.95593349659827,
        "5,31": 100.1519217217196,
        "5,32": 66.7741302723163,
        "5,33": 55.146278830551935,
        "5,34": 23.238188297536265,
        "5,35": 81.21998440694433,
        "5,36": 7.3503903967356115,
        "5,37": 9.695390795688706,
        "5,38": 64.84293526342181,
        "5,39": 95.09218409837436,
        "5,40": 112.43766812532895,
        "5,41": 65.27253875102592,
        "5,42": 82.42763180711859,
        "5,43": 72.63266189046891,
        "5,44": 26.521033686798635,
        "5,45": 18.30121388100491,
        "5,46": 61.10371600327235,
        "5,47": 66.02055028295045,
        "5,48": 51.77774921826862,
        "5,49": 61.974462867329564,
        "5,50": 40.84591416401582,
        "6,0": 111.93626423327916,
        "6,1": 16.2574931931576,
        "6,2": 62.807030137978785,
        "6,3": 70.95605119460147,
        "6,4": 27.525408129331087,
        "6,5": 72.46334702826422,
        "6,6": 0.0,
        "6,7": 40.624515632562336,
        "6,8": 5.861179825487771,
        "6,9": 9.199366360225365,
        "6,10": 56.28204359654671,
        "6,11": 38.344660840534715,
        "6,12": 29.579120311325788,
        "6,13": 65.7662651355939,
        "6,14": 45.40397610725598,
        "6,15": 44.27093334615478,
        "6,16": 74.81060230417604,
        "6,17": 88.1211395135447,
        "6,18": 11.447543413873229,
        "6,19": 15.938286872978964,
        "6,20": 14.993699590357345,
        "6,21": 81.3785301467968,
        "6,22": 59.51932477637491,
        "6,23": 67.58709636364331,
        "6,24": 42.673412942822374,
        "6,25": 91.90780619764888,
        "6,26": 16.67749200399456,
        "6,27": 92.40932122231834,
        "6,28": 51.295432392917505,
        "6,29": 37.47432164454127,
        "6,30": 82.00507344364895,
        "6,31": 75.94755092165975,
        "6,32": 11.943188671794443,
        "6,33": 37.39601948859153,
        "6,34": 61.042778766513464,
        "6,35": 16.207909173164563,
        "6,36": 67.51230837084783,
        "6,37": 63.34731647753719,
        "6,38": 12.243086655552997,
        "6,39": 72.76965017433648,
        "6,40": 74.94161650570943,
        "6,41": 59.86947764333694,
        "6,42": 26.778143554554184,
        "6,43": 19.514239666921956,
        "6,44": 54.45053643297117,
        "6,45": 79.10870716645617,
        "6,46": 20.113443494725576,
        "6,47": 8.885525378058958,
        "6,48": 20.960575166769562,
        "6,49": 25.73308626000782,
        "6,50": 75.81433647911211,
        "7,0": 72.92181206732702,
        "7,1": 42.76926765788485,
        "7,2": 46.248677486269,
        "7,3": 38.16646337068113,
        "7,4": 29.5669794349149,
        "7,5": 70.74036434511163,
        "7,6": 40.624515632562336,
        "7,7": 0.0,
        "7,8": 46.31955061985717,
        "7,9": 39.929673678622784,
        "7,10": 16.00188586486684,
        "7,11": 38.272345241141004,
        "7,12": 28.211159315964526,
        "7,13": 60.3557219542174,
        "7,14": 40.09857742186614,
        "7,15": 31.571776773854683,
        "7,16": 41.99178141385543,
        "7,17": 47.80255009070114,
        "7,18": 29.182706678394585,
        "7,19": 25.67030635165328,
        "7,20": 50.5418864630175,
        "7,21": 59.57748791735633,
        "7,22": 19.825680084220384,
        "7,23": 28.15866921154251,
        "7,24": 18.22561889110625,
        "7,25": 51.28463024112061,
        "7,26": 44.418308056225705,
        "7,27": 57.84188437974431,
        "7,28": 13.30984036755612,
        "7,29": 44.79970851585347,
        "7,30": 56.46884030549527,
        "7,31": 37.70755671192785,
        "7,32": 29.171861161956283,
        "7,33": 15.837114592296114,
        "7,34": 49.400257810815845,
        "7,35": 56.700201126328814,
        "7,36": 63.585282078284415,
        "7,37": 65.14686358988597,
        "7,38": 29.810301552788875,
        "7,39": 33.67771321962844,
        "7,40": 43.59549712778366,
        "7,41": 22.25926951001015,
        "7,42": 22.45567617488774,
        "7,43": 58.78605105578761,
        "7,44": 44.45198261609139,
        "7,45": 67.29282878243903,
        "7,46": 23.335423044506115,
        "7,47": 44.75119618495161,
        "7,48": 42.02399654727218,
        "7,49": 17.105896213432604,
        "7,50": 51.31421821434786,
        "8,0": 117.16214026890364,
        "8,1": 18.936476078830644,
        "8,2": 65.76358186613443,
        "8,3": 75.5683646764331,
        "8,4": 32.64043307120714,
        "8,5": 73.12431543518198,
        "8,6": 5.861179825487771,
        "8,7": 46.31955061985717,
        "8,8": 0.0,
        "8,9": 10.577208530301837,
        "8,10": 61.86601719818948,
        "8,11": 40.49366048863277,
        "8,12": 33.014253002106834,
        "8,13": 67.15766476339488,
        "8,14": 49.999503374230706,
        "8,15": 49.48864486457293,
        "8,16": 80.5730338063656,
        "8,17": 93.65710936080305,
        "8,18": 17.15493258541879,
        "8,19": 21.79839425875885,
        "8,20": 11.291692185847706,
        "8,21": 84.54424999801992,
        "8,22": 65.33336789709548,
        "8,23": 72.9992978717042,
        "8,24": 48.44818734246503,
        "8,25": 97.58187322277604,
        "8,26": 18.857328277839912,
        "8,27": 97.0406926209525,
        "8,28": 56.676505248375605,
        "8,29": 38.4815475727567,
        "8,30": 85.62084055074735,
        "8,31": 81.80794195888224,
        "8,32": 17.32099974031066,
        "8,33": 42.193565248571275,
        "8,34": 63.44226542745337,
        "8,35": 11.06899255942946,
        "8,36": 68.63673072609429,
        "8,37": 63.7588180389457,
        "8,38": 17.234010516958286,
        "8,39": 78.61747840967838,
        "8,40": 80.65060117182139,
        "8,41": 65.11845935876285,
        "8,42": 32.44139882862903,
        "8,43": 13.817735400512856,
        "8,44": 56.906646163232374,
        "8,45": 81.02686654884637,
        "8,46": 25.0406390035441,
        "8,47": 7.128105239511344,
        "8,48": 21.400917792138145,
        "8,49": 30.965865120608672,
        "8,50": 79.40550224847662,
        "9,0": 108.5479889583117,
        "9,1": 25.26770139050104,
        "9,2": 55.20071044089186,
        "9,3": 66.00341786031701,
        "9,4": 33.74796386992274,
        "9,5": 63.36528866318996,
        "9,6": 9.199366360225365,
        "9,7": 39.929673678622784,
        "9,8": 10.577208530301837,
        "9,9": 0.0,
        "9,10": 54.66062141640901,
        "9,11": 29.95800991662183,
        "9,12": 22.687752743160196,
        "9,13": 56.9321974943691,
        "9,14": 52.253848126131956,
        "9,15": 49.82843661340499,
        "9,16": 77.65834480483386,
        "9,17": 86.03873397212759,
        "9,18": 13.05834596972659,
        "9,19": 19.09233774808311,
        "9,20": 10.652326477827152,
        "9,21": 74.00577823180414,
        "9,22": 59.613661114932015,
        "9,23": 65.06035657193759,
        "9,24": 45.81817051574552,
        "9,25": 90.57324395068547,
        "9,26": 25.804396628982666,
        "9,27": 87.44129016760009,
        "9,28": 48.78623249872841,
        "9,29": 28.43420470580342,
        "9,30": 75.2216651895569,
        "9,31": 76.9477903680536,
        "9,32": 11.633132562977064,
        "9,33": 33.1732711365422,
        "9,34": 52.88466976658908,
        "9,35": 21.13947491835714,
        "9,36": 58.5611154217308,
        "9,37": 54.19159124637494,
        "9,38": 10.351012783708201,
        "9,39": 73.31005865823379,
        "9,40": 78.18121188901404,
        "9,41": 56.77430670843455,
        "9,42": 31.180256698866053,
        "9,43": 19.270510412700638,
        "9,44": 46.33996406415518,
        "9,45": 70.59006016948209,
        "9,46": 16.913113163973083,
        "9,47": 5.159213271107236,
        "9,48": 11.761241205266174,
        "9,49": 23.253915972750647,
        "9,50": 69.00200072337331,
        "10,0": 57.036410629140775,
        "10,1": 58.650685410136035,
        "10,2": 44.45950532045035,
        "10,3": 27.27426242346514,
        "10,4": 44.283697427640924,
        "10,5": 72.55150346650049,
        "10,6": 56.28204359654671,
        "10,7": 16.00188586486684,
        "10,8": 61.86601719818948,
        "10,9": 54.66062141640901,
        "10,10": 0.0,
        "10,11": 45.79338505866179,
        "10,12": 38.63673746430359,
        "10,13": 61.71807455724637,
        "10,14": 51.09758736751546,
        "10,15": 41.85359452381913,
        "10,16": 37.89340079713874,
        "10,17": 31.87410957635694,
        "10,18": 44.84731602268146,
        "10,19": 41.64503955001711,
        "10,20": 65.07454434153837,
        "10,21": 53.099471975869804,
        "10,22": 11.51585339644726,
        "10,23": 12.488081376143922,
        "10,24": 28.11907131481743,
        "10,25": 35.91265082792966,
        "10,26": 60.305800587785846,
        "10,27": 44.18794381009885,
        "10,28": 7.544637316734977,
        "10,29": 53.391665083537156,
        "10,30": 48.211173625475105,
        "10,31": 28.05299895123093,
        "10,32": 44.56555831998315,
        "10,33": 24.201614016149023,
        "10,34": 49.53352806331464,
        "10,35": 72.44758334725256,
        "10,36": 65.20116495328296,
        "10,37": 68.89225517779701,
        "10,38": 44.93964161855849,
        "10,39": 23.12517007732526,
        "10,40": 40.52849879142802,
        "10,41": 9.851377082944191,
        "10,42": 37.64366605356558,
        "10,43": 73.83065744762571,
        "10,44": 46.31769309010239,
        "10,45": 65.04856716734278,
        "10,46": 37.749975957598224,
        "10,47": 59.67042871104814,
        "10,48": 54.77035827939563,
        "10,49": 31.408235898368996,
        "10,50": 44.23173894267278,
        "11,0": 89.00133153042381,
        "11,1": 52.39872942703992,
        "11,2": 26.06577932488732,
        "11,3": 44.04615338098608,
        "11,4": 52.5335042135031,
        "11,5": 36.24032040464718,
        "11,6": 38.344660840534715,
        "11,7": 38.272345241141004,
        "11,8": 40.49366048863277,
        "11,9": 29.95800991662183,
        "11,10": 45.79338505866179,
        "11,11": 0.0,
        "11,12": 11.974939848463217,
        "11,13": 27.958187325633098,
        "11,14": 69.99303604725533,
        "11,15": 63.992432776270256,
        "11,16": 80.07652402611554,
        "11,17": 71.70993572197234,
        "11,18": 33.39114016431297,
        "11,19": 37.191639892929736,
        "11,20": 35.0346383224433,
        "11,21": 44.98824870413841,
        "11,22": 55.46226110301412,
        "11,23": 51.363411196286016,
        "11,24": 53.78975835280178,
        "11,25": 78.3260056258586,
        "11,26": 53.41872352402299,
        "11,27": 64.09400793408294,
        "11,28": 38.261779800128686,
        "11,29": 7.960074596939504,
        "11,30": 47.42532549395394,
        "11,31": 73.4425635603756,
        "11,32": 30.888803577016645,
        "11,33": 22.76091131939195,
        "11,34": 22.972428349000214,
        "11,35": 50.444515247198446,
        "11,36": 30.20782186347052,
        "11,37": 28.560857637727885,
        "11,38": 29.0614515991571,
        "11,39": 68.69993164830869,
        "11,40": 81.82458538924503,
        "11,41": 42.43505284876099,
        "11,42": 46.37825907052605,
        "11,43": 44.82707093275264,
        "11,44": 16.503596346051303,
        "11,45": 40.76567079080176,
        "11,46": 24.86411900852498,
        "11,47": 33.94382477765517,
        "11,48": 20.260683508166125,
        "11,49": 26.223101118032456,
        "11,50": 41.311097425996415,
        "12,0": 87.91295603807029,
        "12,1": 41.96303490058591,
        "12,2": 33.32564785681661,
        "12,3": 44.070111606888304,
        "12,4": 40.64266931169673,
        "12,5": 48.10353058749576,
        "12,6": 29.579120311325788,
        "12,7": 28.211159315964526,
        "12,8": 33.014253002106834,
        "12,9": 22.687752743160196,
        "12,10": 38.63673746430359,
        "12,11": 11.974939848463217,
        "12,12": 0.0,
        "12,13": 39.336212008152415,
        "12,14": 58.01817224294735,
        "12,15": 52.10581699246621,
        "12,16": 70.1715086560796,
        "12,17": 67.65968312039185,
        "12,18": 22.498991069347255,
        "12,19": 25.608653745211384,
        "12,20": 30.731054370493837,
        "12,21": 51.800721422634155,
        "12,22": 46.910016419190974,
        "12,23": 46.597604191657034,
        "12,24": 42.3718668814668,
        "12,25": 73.39329715248452,
        "12,26": 43.140410884855264,
        "12,27": 65.3269124914849,
        "12,28": 31.461482536509216,
        "12,29": 16.87995526901394,
        "12,30": 52.60837330864988,
        "12,31": 65.09237005341917,
        "12,32": 20.154978702441625,
        "12,33": 14.43980452810885,
        "12,34": 32.277253422200594,
        "12,35": 43.81755568924767,
        "12,36": 41.83626093683968,
        "12,37": 40.53281687015539,
        "12,38": 18.59834114732496,
        "12,39": 60.62343087307469,
        "12,40": 71.65569152963855,
        "12,41": 37.709033044175534,
        "12,42": 34.4067430970896,
        "12,43": 40.62444750278079,
        "12,44": 25.72583398668763,
        "12,45": 50.971013989596685,
        "12,46": 13.138390709299163,
        "12,47": 27.55505933322711,
        "12,48": 17.301486707005417,
        "12,49": 14.349438616996062,
        "12,50": 46.39479186058336,
        "13,0": 87.2766956122664,
        "13,1": 80.30531699160545,
        "13,2": 18.950282251983307,
        "13,3": 46.12026545562789,
        "13,4": 79.8083558723073,
        "13,5": 10.848062593628029,
        "13,6": 65.7662651355939,
        "13,7": 60.3557219542174,
        "13,8": 67.15766476339488,
        "13,9": 56.9321974943691,
        "13,10": 61.71807455724637,
        "13,11": 27.958187325633098,
        "13,12": 39.336212008152415,
        "13,13": 0.0,
        "13,14": 96.50475543028406,
        "13,15": 89.65257555129004,
        "13,16": 99.32361907221134,
        "13,17": 78.17256611707057,
        "13,18": 61.34172557354861,
        "13,19": 64.92926856653114,
        "13,20": 59.643004710379905,
        "13,21": 29.50688664801569,
        "13,22": 73.03318159904039,
        "13,23": 61.83197694901126,
        "13,24": 77.91991787661517,
        "13,25": 86.19070405124906,
        "13,26": 81.28517082373136,
        "13,27": 59.425487194977556,
        "13,28": 54.789356874456494,
        "13,29": 28.72818079447119,
        "13,30": 35.95495618291005,
        "13,31": 89.30459196405081,
        "13,32": 58.84552822111622,
        "13,33": 44.95592823209516,
        "13,34": 12.434048850200012,
        "13,35": 76.1364244196218,
        "13,36": 3.5277339022184915,
        "13,37": 11.376009169184421,
        "13,38": 57.017297281170435,
        "13,39": 84.24537364328019,
        "13,40": 101.68702171799147,
        "13,41": 54.43983125502328,
        "13,42": 73.22472751597884,
        "13,43": 68.5517261413584,
        "13,44": 15.92147953626116,
        "13,45": 15.234852012342417,
        "13,46": 52.4732208745253,
        "13,47": 60.201047696367205,
        "13,48": 45.832312521165015,
        "13,49": 52.66664178051256,
        "13,50": 31.935730791646677,
        "14,0": 104.00359856267987,
        "14,1": 32.57667585335294,
        "14,2": 85.14673624147912,
        "14,3": 77.41733900723847,
        "14,4": 18.63529494838584,
        "14,5": 105.92456802735454,
        "14,6": 45.40397610725598,
        "14,7": 40.09857742186614,
        "14,8": 49.999503374230706,
        "14,9": 52.253848126131956,
        "14,10": 51.09758736751546,
        "14,11": 69.99303604725533,
        "14,12": 58.01817224294735,
        "14,13": 96.50475543028406,
        "14,14": 0.0,
        "14,15": 9.30744194525779,
        "14,16": 41.89900036053782,
        "14,17": 76.64299431621927,
        "14,18": 40.28408022528249,
        "14,19": 34.58250343686763,
        "14,20": 60.39634229750109,
        "14,21": 99.6034872472342,
        "14,22": 44.76000787100946,
        "14,23": 62.84925030981957,
        "14,24": 23.025160107830683,
        "14,25": 76.09377399978642,
        "14,26": 33.53662838938775,
        "14,27": 95.24934108387737,
        "14,28": 52.35153428550114,
        "14,29": 73.63822977436405,
        "14,30": 96.54103568645105,
        "14,31": 51.68012703671235,
        "14,32": 42.63301299534325,
        "14,33": 52.57252036727148,
        "14,34": 87.09592672529732,
        "14,35": 54.51646584193049,
        "14,36": 99.32862255456376,
        "14,37": 98.54837064868173,
        "14,38": 44.6748464923588,
        "14,39": 51.517418581395056,
        "14,40": 40.19271931936955,
        "14,41": 60.259647853342145,
        "14,42": 23.653810619194992,
        "14,43": 63.160841678291945,
        "14,44": 81.2630040074541,
        "14,45": 105.75418773646909,
        "14,46": 45.56547125191485,
        "14,47": 54.112412714407206,
        "14,48": 61.883039929009875,
        "14,49": 43.95011467182743,
        "14,50": 91.40944442679134,
        "15,0": 94.87549652915112,
        "15,1": 34.19948258877923,
        "15,2": 77.3254735849758,
        "15,3": 68.36318153457817,
        "15,4": 16.865745548887716,
        "15,5": 99.40805966360563,
        "15,6": 44.27093334615478,
        "15,7": 31.571776773854683,
        "15,8": 49.48864486457293,
        "15,9": 49.82843661340499,
        "15,10": 41.85359452381913,
        "15,11": 63.992432776270256,
        "15,12": 52.10581699246621,
        "15,13": 89.65257555129004,
        "15,14": 9.30744194525779,
        "15,15": 0.0,
        "15,16": 35.37429075670462,
        "15,17": 67.54664604081852,
        "15,18": 37.06014352150701,
        "15,19": 31.01876888745266,
        "15,20": 58.989614184859086,
        "15,21": 91.14169455646156,
        "15,22": 35.50630171497465,
        "15,23": 53.5470958571697,
        "15,24": 13.898756700557495,
        "15,25": 67.29264163941278,
        "15,26": 35.48592489907975,
        "15,27": 85.97493026280627,
        "15,28": 43.39361508616519,
        "15,29": 68.37588650763509,
        "15,30": 87.80574171044506,
        "15,31": 43.47426988853347,
        "15,32": 39.12949145995414,
        "15,33": 45.053494104211275,
        "15,34": 79.71283874725935,
        "15,35": 55.722252914086035,
        "15,36": 92.61257250845443,
        "15,37": 92.48524556059168,
        "15,38": 41.06233301837728,
        "15,39": 42.888811685557464,
        "15,40": 34.2447862212668,
        "15,41": 51.11238541931283,
        "15,42": 18.9868530452866,
        "15,43": 63.16478448389989,
        "15,44": 74.11849475599614,
        "15,45": 98.15809679990554,
        "15,46": 40.445166752945916,
        "15,47": 52.494025159356426,
        "15,48": 58.265547123800985,
        "15,49": 37.77339812756602,
        "15,50": 82.81091225756764,
        "16,0": 70.88535305903756,
        "16,1": 68.3510609456252,
        "16,2": 82.35239212941217,
        "16,3": 62.24629686068311,
        "16,4": 50.13147201083655,
        "16,5": 110.10607520401945,
        "16,6": 74.81060230417604,
        "16,7": 41.99178141385543,
        "16,8": 80.5730338063656,
        "16,9": 77.65834480483386,
        "16,10": 37.89340079713874,
        "16,11": 80.07652402611554,
        "16,12": 70.1715086560796,
        "16,13": 99.32361907221134,
        "16,14": 41.89900036053782,
        "16,15": 35.37429075670462,
        "16,16": 0.0,
        "16,17": 45.03536487525345,
        "16,18": 64.82907972461585,
        "16,19": 59.15838248959395,
        "16,20": 88.05305592635118,
        "16,21": 89.70721608874436,
        "16,22": 26.39578537993958,
        "16,23": 42.719105266976925,
        "16,24": 32.140023166337365,
        "16,25": 40.91189986308339,
        "16,26": 69.80585907171094,
        "16,27": 72.23449832420462,
        "16,28": 44.53837137097869,
        "16,29": 86.7836856997786,
        "16,30": 83.82985959950818,
        "16,31": 15.682261803096944,
        "16,32": 66.02523979719528,
        "16,33": 57.33699501448408,
        "16,34": 87.29276462433128,
        "16,35": 88.68309079704646,
        "16,36": 102.76675021026125,
        "16,37": 105.74478701464984,
        "16,38": 67.44111916208116,
        "16,39": 19.312750572554002,
        "16,40": 3.463362744293227,
        "16,41": 46.67042829552779,
        "16,42": 48.226582270322616,
        "16,43": 94.32430182552733,
        "16,44": 83.6497824227765,
        "16,45": 102.86814570554591,
        "16,46": 63.14775562867958,
        "16,47": 81.61208026682009,
        "16,48": 82.62211930422126,
        "16,49": 57.7209074102234,
        "16,50": 80.80212195240071,
        "17,0": 27.383125475696712,
        "17,1": 90.01564122854857,
        "17,2": 59.2408073016227,
        "17,3": 32.09300812771552,
        "17,4": 74.3489543554811,
        "17,5": 88.47598631557528,
        "17,6": 88.1211395135447,
        "17,7": 47.80255009070114,
        "17,8": 93.65710936080305,
        "17,9": 86.03873397212759,
        "17,10": 31.87410957635694,
        "17,11": 71.70993572197234,
        "17,12": 67.65968312039185,
        "17,13": 78.17256611707057,
        "17,14": 76.64299431621927,
        "17,15": 67.54664604081852,
        "17,16": 45.03536487525345,
        "17,17": 0.0,
        "17,18": 76.70006487406759,
        "17,19": 73.47272404370295,
        "17,20": 96.22863090309181,
        "17,21": 57.26285508700694,
        "17,22": 32.463682439261575,
        "17,23": 21.134740105595778,
        "17,24": 55.61031936085481,
        "17,25": 8.469671488910393,
        "17,26": 91.67573088475949,
        "17,27": 30.257331173001237,
        "17,28": 37.258148002831675,
        "17,29": 79.66999070992293,
        "17,30": 49.67693895580987,
        "17,31": 29.38639305910198,
        "17,32": 76.3374256662026,
        "17,33": 53.73608240523004,
        "17,34": 66.08153281146659,
        "17,35": 104.30369817731447,
        "17,36": 81.60992908282883,
        "17,37": 88.00548390689275,
        "17,38": 76.60311401393689,
        "17,39": 26.804725314578633,
        "17,40": 48.496693163501334,
        "17,41": 29.950675942586145,
        "17,42": 68.38909647773174,
        "17,43": 105.29841472111019,
        "17,44": 65.83501903013409,
