{
    "num_robots": 7,
    "num_tasks": 50,
    "num_nodes": 51,
    "robot_capacity": [
        94,
        98,
        99,
        83,
        83,
        117,
        90
    ],
    "robot_speed": [
        1.06,
        1.12,
        0.86,
        1.01,
        1.18,
        0.84,
        1.03
    ],
    "task_demand": {
        "0": 0,
        "1": 5,
        "2": 12,
        "3": 11,
        "4": 12,
        "5": 9,
        "6": 10,
        "7": 9,
        "8": 7,
        "9": 8,
        "10": 9,
        "11": 15,
        "12": 6,
        "13": 6,
        "14": 13,
        "15": 15,
        "16": 9,
        "17": 15,
        "18": 11,
        "19": 14,
        "20": 6,
        "21": 11,
        "22": 6,
        "23": 11,
        "24": 13,
        "25": 13,
        "26": 14,
        "27": 7,
        "28": 8,
        "29": 15,
        "30": 15,
        "31": 5,
        "32": 15,
        "33": 9,
        "34": 7,
        "35": 14,
        "36": 11,
        "37": 13,
        "38": 15,
        "39": 9,
        "40": 6,
        "41": 15,
        "42": 14,
        "43": 5,
        "44": 9,
        "45": 12,
        "46": 8,
        "47": 13,
        "48": 13,
        "49": 6,
        "50": 11
    },
    "task_service_time": {
        "0": 0,
        "1": 23,
        "2": 79,
        "3": 50,
        "4": 65,
        "5": 40,
        "6": 98,
        "7": 52,
        "8": 94,
        "9": 21,
        "10": 11,
        "11": 80,
        "12": 98,
        "13": 50,
        "14": 43,
        "15": 49,
        "16": 47,
        "17": 60,
        "18": 12,
        "19": 12,
        "20": 92,
        "21": 95,
        "22": 72,
        "23": 31,
        "24": 89,
        "25": 56,
        "26": 61,
        "27": 56,
        "28": 84,
        "29": 27,
        "30": 42,
        "31": 84,
        "32": 63,
        "33": 89,
        "34": 69,
        "35": 65,
        "36": 45,
        "37": 35,
        "38": 52,
        "39": 94,
        "40": 62,
        "41": 85,
        "42": 62,
        "43": 98,
        "44": 51,
        "45": 52,
        "46": 98,
        "47": 44,
        "48": 49,
        "49": 93,
        "50": 73
    },
    "task_precedence": [],
    "coordinates": {
        "0": [
            50.0,
            50.0
        ],
        "1": [
            25.818667252035986,
            23.95362117328128
        ],
        "2": [
            64.42205050033363,
            13.459937427387182
        ],
        "3": [
            40.81333955522396,
            8.581164763387461
        ],
        "4": [
            9.119633345707534,
            50.408790456041515
        ],
        "5": [
            98.66686617769528,
            23.143808976350456
        ],
        "6": [
            80.47064499513026,
            89.34004733443818
        ],
        "7": [
            93.74445565181112,
            7.761547175224615
        ],
        "8": [
            68.67745423163365,
            6.951528595542767
        ],
        "9": [
            62.86932448725704,
            18.10044824397177
        ],
        "10": [
            34.12306777448625,
            84.11309919694247
        ],
        "11": [
            48.4344102167686,
            82.08772103168086
        ],
        "12": [
            74.73212461992946,
            92.8541619466595
        ],
        "13": [
            11.69172828472631,
            36.429162990269944
        ],
        "14": [
            38.177089716476,
            56.81903925421263
        ],
        "15": [
            84.92095666304323,
            25.3807323666693
        ],
        "16": [
            2.5847377052422127,
            12.984863080255849
        ],
        "17": [
            35.659851412747756,
            71.54121359193492
        ],
        "18": [
            47.40621505842159,
            7.836695800572779
        ],
        "19": [
            35.40482741775681,
            73.41012612606261
        ],
        "20": [
            23.31720973306085,
            18.168281449653932
        ],
        "21": [
            61.88209962495702,
            11.281081500537038
        ],
        "22": [
            55.27232761170412,
            74.98409312592779
        ],
        "23": [
            11.189013572284367,
            20.860847344164068
        ],
        "24": [
            57.02227250931391,
            83.86884004972414
        ],
        "25": [
            10.092071965764015,
            64.64147013817971
        ],
        "26": [
            21.665781933681274,
            3.215089402017357
        ],
        "27": [
            92.57717144403614,
            58.90662327874679
        ],
        "28": [
            35.49943997978238,
            81.47938719260848
        ],
        "29": [
            72.32507831444109,
            69.05766085535004
        ],
        "30": [
            64.2607311337785,
            81.12977002726612
        ],
        "31": [
            94.28373805582363,
            69.39469453858435
        ],
        "32": [
            48.227442692591104,
            89.22387325269084
        ],
        "33": [
            93.58126973869697,
            42.41617363818621
        ],
        "34": [
            65.8764727648523,
            25.189780656291372
        ],
        "35": [
            97.72089701158029,
            99.91867196455635
        ],
        "36": [
            56.9653946826995,
            12.457632030287868
        ],
        "37": [
            47.15181630876314,
            12.643865036122936
        ],
        "38": [
            22.453271196686252,
            83.2775877743531
        ],
        "39": [
            59.77034697521339,
            31.53586353412804
        ],
        "40": [
            96.78715426603804,
            0.27079219572888613
        ],
        "41": [
            14.358066085103605,
            52.38702720222034
        ],
        "42": [
            92.97571053407584,
            57.87199563800477
        ],
        "43": [
            48.06469939764927,
            76.87433359601428
        ],
        "44": [
            85.36800782175115,
            12.89242677203486
        ],
        "45": [
            70.89982762307146,
            97.90484586791143
        ],
        "46": [
            9.812476360295896,
            43.50355253121878
        ],
        "47": [
            55.35378423747439,
            12.415921513021289
        ],
        "48": [
            89.81174912685265,
            19.44666398595568
        ],
        "49": [
            56.75988114840702,
            18.73128256570571
        ],
        "50": [
            90.68513522794572,
            69.41003453298157
        ]
    },
    "distance_matrix_str_keys": {
        "0,0": 0.0,
        "0,1": 35.5408314963606,
        "0,2": 39.283224325971936,
        "0,3": 42.42540091130865,
        "0,4": 40.882410489431,
        "0,5": 55.58523958621079,
        "0,6": 49.760421327547995,
        "0,7": 60.808422914132926,
        "0,8": 46.92566661045042,
        "0,9": 34.397687640215544,
        "0,10": 37.6268589403101,
        "0,11": 32.12589161994313,
        "0,12": 49.47885593226909,
        "0,13": 40.64100514204708,
        "0,14": 13.648461595460141,
        "0,15": 42.72682474820365,
        "0,16": 60.15253493966889,
        "0,17": 25.877862054617925,
        "0,18": 42.24301056194499,
        "0,19": 27.587190287226104,
        "0,20": 41.53588330947,
        "0,21": 40.50109802542961,
        "0,22": 25.53433664245401,
        "0,23": 48.53228703649188,
        "0,24": 34.589169367142425,
        "0,25": 42.50900337332042,
        "0,26": 54.696030688624305,
        "0,27": 43.49877545867654,
        "0,28": 34.658592858367705,
        "0,29": 29.353084318746962,
        "0,30": 34.2407802834631,
        "0,31": 48.34463395705666,
        "0,32": 39.26390444608386,
        "0,33": 44.23620117418771,
        "0,34": 29.455209578884862,
        "0,35": 69.0590893532114,
        "0,36": 38.18306058789743,
        "0,37": 37.464556180187515,
        "0,38": 43.199769858682004,
        "0,39": 20.889806496145532,
        "0,40": 68.27907375729711,
        "0,41": 35.72177700028348,
        "0,42": 43.690731411060675,
        "0,43": 26.943926860265208,
        "0,44": 51.26273469244736,
        "0,45": 52.265447977631,
        "0,46": 40.70922359866877,
        "0,47": 37.96348194484807,
        "0,48": 50.18447678442558,
        "0,49": 31.991071928372897,
        "0,50": 45.07803976536432,
        "1,0": 35.5408314963606,
        "1,1": 0.0,
        "1,2": 40.004232235774616,
        "1,3": 21.47446422041952,
        "1,4": 31.28472015512058,
        "1,5": 72.85269989853997,
        "1,6": 85.21867986163653,
        "1,7": 69.82904832581903,
        "1,8": 46.10799034207109,
        "1,9": 37.51014309359856,
        "1,10": 60.7299420723966,
        "1,11": 62.37824457447666,
        "1,12": 84.49740132421049,
        "1,13": 18.847003693253882,
        "1,14": 35.112196049862575,
        "1,15": 59.11951674346427,
        "1,16": 25.6929783460129,
        "1,17": 48.59452497852969,
        "1,18": 26.940258049291934,
        "1,19": 50.37698233188782,
        "1,20": 6.302971159462641,
        "1,21": 38.22518039556551,
        "1,22": 58.920515750394856,
        "1,23": 14.952993571440551,
        "1,24": 67.55367076676202,
        "1,25": 43.62140360750189,
        "1,26": 21.150251925098416,
        "1,27": 75.3552270127161,
        "1,28": 58.334647652288595,
        "1,29": 64.78596040460486,
        "1,30": 68.89778133772528,
        "1,31": 82.1727270373724,
        "1,32": 69.00984729192562,
        "1,33": 70.23272840552758,
        "1,34": 40.0768745384424,
        "1,35": 104.59741672773424,
        "1,36": 33.20054812824434,
        "1,37": 24.14567937661994,
        "1,38": 59.41934789186471,
        "1,39": 34.78802890713751,
        "1,40": 74.81579069579212,
        "1,41": 30.656222166372682,
        "1,42": 75.23645784269075,
        "1,43": 57.40633893180497,
        "1,44": 60.567928674093594,
        "1,45": 86.60886013702465,
        "1,46": 25.26653840483281,
        "1,47": 31.708699891258487,
        "1,48": 64.15159538877715,
        "1,49": 31.37883901474301,
        "1,50": 79.20823305185934,
        "2,0": 39.283224325971936,
        "2,1": 40.004232235774616,
        "2,2": 0.0,
        "2,3": 24.10754353302575,
        "2,4": 66.50996228594165,
        "2,5": 35.58770530609265,
        "2,6": 77.55867755941019,
        "2,7": 29.870974127626564,
        "2,8": 7.776107409159966,
        "2,9": 4.893393373776859,
        "2,10": 76.87585851394536,
        "2,11": 70.46543354208808,
        "2,12": 80.06085507517504,
        "2,13": 57.51584306884806,
        "2,14": 50.68342606587723,
        "2,15": 23.713087227351647,
        "2,16": 61.83913768280795,
        "2,17": 64.81279763485284,
        "2,18": 17.920923586126026,
        "2,19": 66.60348609818273,
        "2,20": 41.37362007287814,
        "2,21": 3.346455378351305,
        "2,22": 62.20079712798685,
        "2,23": 53.74504338243018,
        "2,24": 70.79668271040748,
        "2,25": 74.64111372556496,
        "2,26": 43.96652604887755,
        "2,27": 53.46131395903664,
        "2,28": 73.91321225387898,
        "2,29": 56.156608685023045,
        "2,30": 67.67002488571778,
        "2,31": 63.40676175890336,
        "2,32": 77.47541089782827,
        "2,33": 41.09408329780004,
        "2,34": 11.819668620490047,
        "2,35": 92.64947898800214,
        "2,36": 7.523717969974108,
        "2,37": 17.289504422610673,
        "2,38": 81.46092766602557,
        "2,39": 18.664872094444465,
        "2,40": 34.949298901502864,
        "2,41": 63.417039144588855,
        "2,42": 52.79907589935465,
        "2,43": 65.49006471616956,
        "2,44": 20.953643989878774,
        "2,45": 84.69299946264974,
        "2,46": 62.32835948638032,
        "2,47": 9.128166422867201,
        "2,48": 26.085967324071603,
        "2,49": 9.30031820664636,
        "2,50": 61.80746706940168,
        "3,0": 42.42540091130865,
        "3,1": 21.47446422041952,
        "3,2": 24.10754353302575,
        "3,3": 0.0,
        "3,4": 52.47896039728601,
        "3,5": 59.65820269778786,
        "3,6": 89.97054511827069,
        "3,7": 52.93746144481443,
        "3,8": 27.91172873076222,
        "3,9": 24.022556677127344,
        "3,10": 75.82765231612402,
        "3,11": 73.90057193589261,
        "3,12": 90.8428425057113,
        "3,13": 40.293662631168516,
        "3,14": 48.309857675270585,
        "3,15": 47.19859487937356,
        "3,16": 38.481405357268564,
        "3,17": 63.17061174729688,
        "3,18": 6.6347751610177195,
        "3,19": 65.05417922704395,
        "3,20": 19.95062317598311,
        "3,21": 21.241049909632967,
        "3,22": 67.95889368388877,
        "3,23": 32.06854056903897,
        "3,24": 77.01274931809053,
        "3,25": 63.92616147570698,
        "3,26": 19.885264083089286,
        "3,27": 72.19519420705481,
        "3,28": 73.09164358555677,
        "3,29": 68.1938139363851,
        "3,30": 76.24355905630424,
        "3,31": 80.9775828209986,
        "3,32": 80.9828090264982,
        "3,33": 62.68382790964183,
        "3,34": 30.06670530938824,
        "3,35": 107.61510264536328,
        "3,36": 16.610715918116203,
        "3,37": 7.5287330316090655,
        "3,38": 76.9197485744935,
        "3,39": 29.770561398417957,
        "3,40": 56.58736807357133,
        "3,41": 51.174554989650886,
        "3,42": 71.76697676818702,
        "3,43": 68.67706406629516,
        "3,44": 44.76276850740458,
        "3,45": 94.25453182908196,
        "3,46": 46.69718070973257,
        "3,47": 15.03761586443965,
        "3,48": 50.18867615214317,
        "3,49": 18.902832596837307,
        "3,50": 78.65969362429496,
        "4,0": 40.882410489431,
        "4,1": 31.28472015512058,
        "4,2": 66.50996228594165,
        "4,3": 52.47896039728601,
        "4,4": 0.0,
        "4,5": 93.60601542077369,
        "4,6": 81.28105329981746,
        "4,7": 94.76364234131565,
        "4,8": 73.72698038772519,
        "4,9": 62.712504927679085,
        "4,10": 41.96608345957732,
        "4,11": 50.4896655053041,
        "4,12": 78.14479235487426,
        "4,13": 14.214276501358798,
        "4,14": 29.756126434627994,
        "4,15": 79.82633843778787,
        "4,16": 37.99019875257107,
        "4,17": 33.92583797993044,
        "4,18": 57.25596547608397,
        "4,19": 34.92811002631375,
        "4,20": 35.228136429077416,
        "4,21": 65.68755936991117,
        "4,22": 52.28782544079524,
        "4,23": 29.620318645566478,
        "4,24": 58.43147916705836,
        "4,25": 14.265861621511924,
        "4,26": 48.83289120631827,
        "4,27": 83.88905666483929,
        "4,28": 40.75875586444642,
        "4,29": 65.89923095807576,
        "4,30": 63.121464266041905,
        "4,31": 87.25473789375071,
        "4,32": 55.10019423217069,
        "4,33": 84.83896478493018,
        "4,34": 62.10746554264212,
        "4,35": 101.49587326673279,
        "4,36": 61.0696921866571,
        "4,37": 53.59698249815329,
        "4,38": 35.47032189723261,
        "4,39": 54.05258700356623,
        "4,40": 100.99214372349812,
        "4,41": 5.599517674684919,
        "4,42": 84.18753537792675,
        "4,43": 47.086549496473665,
        "4,44": 84.97818634396495,
        "4,45": 77.92732309425396,
        "4,46": 6.9399093827854905,
        "4,47": 59.841915069658135,
        "4,48": 86.42841445258219,
        "4,49": 57.21064338779018,
        "4,50": 83.74949775236178,
        "5,0": 55.58523958621079,
        "5,1": 72.85269989853997,
        "5,2": 35.58770530609265,
        "5,3": 59.65820269778786,
        "5,4": 93.60601542077369,
        "5,5": 0.0,
        "5,6": 68.65161642733253,
        "5,7": 16.15066882527502,
        "5,8": 34.08158993945667,
        "5,9": 36.15106469463331,
        "5,10": 88.78714018548443,
        "5,11": 77.44471834962643,
        "5,12": 73.70485170382013,
        "5,13": 87.98394877917298,
        "5,14": 69.23174265172966,
        "5,15": 13.926731656751251,
        "5,16": 96.61769813816076,
        "5,17": 79.44930889010244,
        "5,18": 53.497308969217904,
        "5,19": 80.80091699887696,
        "5,20": 75.51375106888383,
        "5,21": 38.65026977273083,
        "5,22": 67.60548082858529,
        "5,23": 87.50763743964313,
        "5,24": 73.63288382690705,
        "5,25": 97.81385408820145,
        "5,26": 79.53817221074515,
        "5,27": 36.27758631409813,
        "5,28": 85.98350666432448,
        "5,29": 52.9336526436576,
        "5,30": 67.42517191419348,
        "5,31": 46.45811261150842,
        "5,32": 83.13068227961897,
        "5,33": 19.932067900725396,
        "5,34": 32.854161080206225,
        "5,35": 76.7806905707485,
        "5,36": 43.04889200165906,
        "5,37": 52.57422548879333,
        "5,38": 97.08029363602274,
        "5,39": 39.79152907051648,
        "5,40": 22.950124477166174,
        "5,41": 89.23642521559475,
        "5,42": 35.191422269732236,
        "5,43": 73.80751017843572,
        "5,44": 16.791380844660264,
        "5,45": 79.75099414549832,
        "5,46": 91.15712669584516,
        "5,47": 44.62186276463752,
        "5,48": 9.595935549185665,
        "5,49": 42.13864952237587,
        "5,50": 46.94967152399744,
        "6,0": 49.760421327547995,
        "6,1": 85.21867986163653,
        "6,2": 77.55867755941019,
        "6,3": 89.97054511827069,
        "6,4": 81.28105329981746,
        "6,5": 68.65161642733253,
        "6,6": 0.0,
        "6,7": 82.65135048852028,
        "6,8": 83.22828466557233,
        "6,9": 73.38178903645823,
        "6,10": 46.64138613994688,
        "6,11": 32.84686553654664,
        "6,12": 6.72901312262222,
        "6,13": 86.77615493866176,
        "6,14": 53.3512959979669,
        "6,15": 64.11395515087044,
        "6,16": 109.0702925496176,
        "6,17": 48.216239007995696,
        "6,18": 87.95483408143271,
        "6,19": 47.79843411265849,
        "6,20": 91.27943591748416,
        "6,21": 80.24173581146619,
        "6,22": 29.000838267069508,
        "6,23": 97.41327057397788,
        "6,24": 24.078211756397053,
        "6,25": 74.58661580450863,
        "6,26": 104.28576268377685,
        "6,27": 32.753034705376436,
        "6,28": 45.65303120711483,
        "6,29": 21.8569315741403,
        "6,30": 18.170579540925715,
        "6,31": 24.261464054224962,
        "6,32": 32.243411592753894,
        "6,33": 48.72102630105847,
        "6,34": 65.78941083460445,
        "6,35": 20.235574953432412,
        "6,36": 80.39528950908674,
        "6,37": 83.6208629719156,
        "6,38": 58.33325876707082,
        "6,39": 61.398908808979755,
        "6,40": 90.55142564174301,
        "6,41": 75.73901760008906,
        "6,42": 33.861703171912815,
        "6,43": 34.720877423752235,
        "6,44": 76.60432659000901,
        "6,45": 12.843532188938058,
        "6,46": 84.22328093035945,
        "6,47": 80.92081208013579,
        "6,48": 70.51483008770292,
        "6,49": 74.48354170124615,
        "6,50": 22.39511600734649,
        "7,0": 60.808422914132926,
        "7,1": 69.82904832581903,
        "7,2": 29.870974127626564,
        "7,3": 52.93746144481443,
        "7,4": 94.76364234131565,
        "7,5": 16.15066882527502,
        "7,6": 82.65135048852028,
        "7,7": 0.0,
        "7,8": 25.08008553212308,
        "7,9": 32.56019962681064,
        "7,10": 96.87243874572121,
        "7,11": 87.04814953498884,
        "7,12": 87.19072095071624,
        "7,13": 86.91652469407751,
        "7,14": 74.12401558247782,
        "7,15": 19.70507095179339,
        "7,16": 91.30923942921521,
        "7,17": 86.26509779647539,
        "7,18": 46.338301529153455,
        "7,19": 87.82509971956807,
        "7,20": 71.19197346582484,
        "7,21": 32.05615156953589,
        "7,22": 77.45305236095467,
        "7,23": 83.58823291505853,
        "7,24": 84.50348373550024,
        "7,25": 101.1585237764438,
        "7,26": 72.2219183021898,
        "7,27": 51.158394834638784,
        "7,28": 93.9510605978638,
        "7,29": 64.93075756378867,
        "7,30": 79.07076663294761,
        "7,31": 61.63550664531682,
        "7,32": 93.3161777972139,
        "7,33": 34.655010675653195,
        "7,34": 32.868948758036154,
        "7,35": 92.24287362893756,
        "7,36": 37.077655518325116,
        "7,37": 46.847743474432036,
        "7,38": 103.85136190143997,
        "7,39": 41.46634995635011,
        "7,40": 8.08513605450511,
        "7,41": 91.06938188039294,
        "7,42": 50.11634478088948,
        "7,43": 82.84453740763676,
        "7,44": 9.82297326101828,
        "7,45": 92.99296386808214,
        "7,46": 91.22536979732809,
        "7,47": 38.67178366871525,
        "7,48": 12.329157939286882,
        "7,49": 38.5771155704392,
        "7,50": 61.7243504214941,
        "8,0": 46.92566661045042,
        "8,1": 46.10799034207109,
        "8,2": 7.776107409159966,
        "8,3": 27.91172873076222,
        "8,4": 73.72698038772519,
        "8,5": 34.08158993945667,
        "8,6": 83.22828466557233,
        "8,7": 25.08008553212308,
        "8,8": 0.0,
        "8,9": 12.571108958824539,
        "8,10": 84.54533459100321,
        "8,11": 77.81534710317842,
        "8,12": 86.11574449638869,
        "8,13": 64.15842806058477,
        "8,14": 58.45546043655837,
        "8,15": 24.56597083115001,
        "8,16": 66.36752445919889,
        "8,17": 72.53957198549539,
        "8,18": 21.28964858669236,
        "8,19": 74.3223578798408,
        "8,20": 46.72651630028195,
        "8,21": 8.057411035042556,
        "8,22": 69.34066091606962,
        "8,23": 59.14718892301029,
        "8,24": 77.79534730509168,
        "8,25": 82.22150795522386,
        "8,26": 47.15992271088849,
        "8,27": 57.18853334693506,
        "8,28": 81.57930090874932,
        "8,29": 62.21315637164015,
        "8,30": 74.30961542644509,
        "8,31": 67.4894861758126,
        "8,32": 84.77583185868207,
        "8,33": 43.3352174889032,
        "8,34": 18.45208214290879,
        "8,35": 97.39821001798114,
        "8,36": 12.941773986277592,
        "8,37": 22.265573923419936,
        "8,38": 89.23195843987497,
        "8,39": 26.14815641780351,
        "8,40": 28.89268895184373,
        "8,41": 70.81652675930096,
        "8,42": 56.42073398283321,
        "8,43": 72.89776622764177,
        "8,44": 17.716344156965096,
        "8,45": 90.98046420160279,
        "8,46": 69.29023072257239,
        "8,47": 14.400686513838467,
        "8,48": 24.55171743774413,
        "8,49": 16.756824036541573,
        "8,50": 66.22237527280726,
        "9,0": 34.397687640215544,
        "9,1": 37.51014309359856,
        "9,2": 4.893393373776859,
        "9,3": 24.022556677127344,
        "9,4": 62.712504927679085,
        "9,5": 36.15106469463331,
        "9,6": 73.38178903645823,
        "9,7": 32.56019962681064,
        "9,8": 12.571108958824539,
        "9,9": 0.0,
        "9,10": 72.00012056125506,
        "9,11": 65.59525767008654,
        "9,12": 75.68912563460577,
        "9,13": 54.360722376734984,
        "9,14": 45.9220616675,
        "9,15": 23.222338782374408,
        "9,16": 60.50124473963744,
        "9,17": 59.968915497685174,
        "9,18": 18.559427993004487,
        "9,19": 61.75321098292165,
        "9,20": 39.55217292226683,
        "9,21": 6.890455406590112,
        "9,22": 57.388704607994434,
        "9,23": 51.75397897225474,
        "9,24": 66.02779246308123,
        "9,25": 70.36693188333982,
        "9,26": 43.80988275284561,
        "9,27": 50.474747069956734,
        "9,28": 69.0362258543116,
        "9,29": 51.8271048541351,
        "9,30": 63.044677942852935,
        "9,31": 60.149522714559566,
        "9,32": 72.61491780247262,
        "9,33": 39.1724148167341,
        "9,34": 7.700751574736676,
        "9,35": 88.93173696836126,
        "9,36": 8.166869777249834,
        "9,37": 16.637739138633005,
        "9,38": 76.69104824520952,
        "9,39": 13.788185001627921,
        "9,40": 38.31860920885579,
        "9,41": 59.404643660413576,
        "9,42": 49.881564359148754,
        "9,43": 60.60978900655307,
        "9,44": 23.093597368924552,
        "9,45": 80.20742397517945,
        "9,46": 58.824712839045525,
        "9,47": 9.423226061227309,
        "9,48": 26.976036445042364,
        "9,49": 6.141925581777787,
        "9,50": 58.36431248897869,
        "10,0": 37.6268589403101,
        "10,1": 60.7299420723966,
        "10,2": 76.87585851394536,
        "10,3": 75.82765231612402,
        "10,4": 41.96608345957732,
        "10,5": 88.78714018548443,
        "10,6": 46.64138613994688,
        "10,7": 96.87243874572121,
        "10,8": 84.54533459100321,
        "10,9": 72.00012056125506,
        "10,10": 0.0,
        "10,11": 14.453950297845585,
        "10,12": 41.53915834331419,
        "10,13": 52.69651566723248,
        "10,14": 27.593492023726608,
        "10,15": 77.65253652663223,
        "10,16": 77.80676215232006,
        "10,17": 12.665465313845534,
        "10,18": 77.42436126215337,
        "10,19": 10.779449908928406,
        "10,20": 66.824288666132,
        "10,21": 77.94271390582294,
        "10,22": 23.035406302185766,
        "10,23": 67.28163350125234,
        "10,24": 22.90050741836419,
        "10,25": 30.929485895515302,
        "10,26": 81.85152386668999,
        "10,27": 63.65727502827202,
        "10,28": 2.971672823391679,
        "10,29": 41.06165891622393,
        "10,30": 30.284963359605847,
        "10,31": 61.934947197741025,
        "10,32": 15.001780003698757,
        "10,33": 72.62170048869231,
        "10,34": 66.93456652825385,
        "10,35": 65.53243482568698,
        "10,36": 75.20823009121541,
        "10,37": 72.64709023700452,
        "10,38": 11.699668008303053,
        "10,39": 58.49913367173207,
        "10,40": 104.67244230983833,
        "10,41": 37.37912433425362,
        "10,42": 64.43779229441964,
        "10,43": 15.70887709994449,
        "10,44": 87.74068646360004,
        "10,45": 39.27775886168523,
        "10,46": 47.33011869099101,
        "10,47": 74.77451844961331,
        "10,48": 85.34036016834094,
        "10,49": 69.18964709930515,
        "10,50": 58.44183078174669,
        "11,0": 32.12589161994313,
        "11,1": 62.37824457447666,
        "11,2": 70.46543354208808,
        "11,3": 73.90057193589261,
        "11,4": 50.4896655053041,
        "11,5": 77.44471834962643,
        "11,6": 32.84686553654664,
        "11,7": 87.04814953498884,
        "11,8": 77.81534710317842,
        "11,9": 65.59525767008654,
        "11,10": 14.453950297845585,
        "11,11": 0.0,
        "11,12": 28.416298717565958,
        "11,13": 58.60655763632698,
        "11,14": 27.271210142138496,
        "11,15": 67.43108063074405,
        "11,16": 82.93007564490124,
        "11,17": 16.56557188309546,
        "11,18": 74.25814388438683,
        "11,19": 15.654733509782771,
        "11,20": 68.67727802278682,
        "11,21": 72.0723286158595,
        "11,22": 9.859951507150306,
        "11,23": 71.6655400646091,
        "11,24": 8.770619345984471,
        "11,25": 42.12489255527471,
        "11,26": 83.29136498069111,
        "11,27": 49.859268564617345,
        "11,28": 12.949267357324885,
        "11,29": 27.21298385609245,
        "11,30": 15.855286307570879,
        "11,31": 47.57387712650291,
        "11,32": 7.139152896351907,
        "11,33": 60.10050413504888,
        "11,34": 59.511353243668054,
        "11,35": 52.412790344969814,
        "11,36": 70.1507447594098,
        "11,37": 69.45569942535053,
        "11,38": 26.00837110712939,
        "11,39": 51.807275151703806,
        "11,40": 95.03682287009279,
        "11,41": 45.2031906322,
        "11,42": 50.69841013580686,
        "11,43": 5.2264801390744795,
        "11,44": 78.43519222725072,
        "11,45": 27.47501441900109,
        "11,46": 54.59296505673421,
        "11,47": 70.01455123762996,
        "11,48": 75.07320562681302,
        "11,49": 63.901109233928416,
        "11,50": 44.11176145802172,
        "12,0": 49.47885593226909,
        "12,1": 84.49740132421049,
        "12,2": 80.06085507517504,
        "12,3": 90.8428425057113,
        "12,4": 78.14479235487426,
        "12,5": 73.70485170382013,
        "12,6": 6.72901312262222,
        "12,7": 87.19072095071624,
        "12,8": 86.11574449638869,
        "12,9": 75.68912563460577,
        "12,10": 41.53915834331419,
        "12,11": 28.416298717565958,
        "12,12": 0.0,
        "12,13": 84.6042083901744,
        "12,14": 51.330309216411315,
        "12,15": 68.23837628262179,
        "12,16": 107.63061989986164,
        "12,17": 44.50712640856301,
        "12,18": 89.30103517465353,
        "12,19": 43.8714808756289,
        "12,20": 90.67234538952293,
        "12,21": 82.57899609368584,
        "12,22": 26.420126026554527,
        "12,23": 96.02481090357449,
        "12,24": 19.858873869668955,
        "12,25": 70.52866357881413,
        "12,26": 104.1690935583004,
        "12,27": 38.352067450973074,
        "12,28": 40.84836648849779,
        "12,29": 23.91792917677987,
        "12,30": 15.71977886044653,
        "12,31": 30.53870002172944,
        "12,32": 26.75214309304833,
        "12,33": 53.84497131872247,
        "12,34": 68.24141752034942,
        "12,35": 24.049760037640546,
        "12,36": 82.33625395447926,
        "12,37": 84.81960349480197,
        "12,38": 53.14874681614454,
        "12,39": 63.117260004678464,
        "12,40": 95.17407570934569,
        "12,41": 72.68160660298571,
        "12,42": 39.453521853609196,
        "12,43": 31.088687365374412,
        "12,44": 80.66598479916796,
        "12,45": 6.340024317344506,
        "12,46": 81.54779812986939,
        "12,47": 82.73953468589293,
        "12,48": 74.94034849212095,
        "12,49": 76.27058924069688,
        "12,50": 28.357109472727373,
        "13,0": 40.64100514204708,
        "13,1": 18.847003693253882,
        "13,2": 57.51584306884806,
        "13,3": 40.293662631168516,
        "13,4": 14.214276501358798,
        "13,5": 87.98394877917298,
        "13,6": 86.77615493866176,
        "13,7": 86.91652469407751,
        "13,8": 64.15842806058477,
        "13,9": 54.360722376734984,
        "13,10": 52.69651566723248,
        "13,11": 58.60655763632698,
        "13,12": 84.6042083901744,
        "13,13": 0.0,
        "13,14": 33.42486236664718,
        "13,15": 74.05800232336956,
        "13,16": 25.150993532771206,
        "13,17": 42.51266897918641,
        "13,18": 45.74990432233016,
        "13,19": 43.93065791612718,
        "13,20": 21.647438960440127,
        "13,21": 56.13821673231613,
        "13,22": 58.1872088646984,
        "13,23": 15.576430083266532,
        "13,24": 65.61540367324274,
        "13,25": 28.257621537326823,
        "13,26": 34.67933722720332,
        "13,27": 83.95052790839374,
        "13,28": 50.95419351570466,
        "13,29": 68.8550797600108,
        "13,30": 69.00466890015204,
        "13,31": 88.92787160554305,
        "13,32": 64.20389286473235,
        "13,33": 82.10810737095237,
        "13,34": 55.33814461676406,
        "13,35": 106.92023017946373,
        "13,36": 51.22830434125598,
        "13,37": 42.69845713184482,
        "13,38": 48.068552199913945,
        "13,39": 48.32698992025815,
        "13,40": 92.4589600928781,
        "13,41": 16.17908487748204,
        "13,42": 84.06474196874295,
        "13,43": 54.39489730580704,
        "13,44": 77.34450283132347,
        "13,45": 85.35138319050073,
        "13,46": 7.319738736632728,
        "13,47": 49.82981934811283,
        "13,48": 79.94462413949914,
        "13,49": 48.41852304713833,
        "13,50": 85.60196392731834,
        "14,0": 13.648461595460141,
        "14,1": 35.112196049862575,
        "14,2": 50.68342606587723,
        "14,3": 48.309857675270585,
        "14,4": 29.756126434627994,
        "14,5": 69.23174265172966,
        "14,6": 53.3512959979669,
        "14,7": 74.12401558247782,
        "14,8": 58.45546043655837,
        "14,9": 45.9220616675,
        "14,10": 27.593492023726608,
        "14,11": 27.271210142138496,
        "14,12": 51.330309216411315,
        "14,13": 33.42486236664718,
        "14,14": 0.0,
        "14,15": 56.33255042223577,
        "14,16": 56.464595301313004,
        "14,17": 14.935826254614952,
        "14,18": 49.844224588087215,
        "14,19": 16.821105844806173,
        "14,20": 41.408901361762275,
        "14,21": 51.338417302608065,
        "14,22": 24.94426468863649,
        "14,23": 44.959401902211376,
        "14,24": 32.96714481984039,
        "14,25": 29.154050267368497,
        "14,26": 56.08927459376564,
        "14,27": 54.44012214373433,
        "14,28": 24.8052931560012,
        "14,29": 36.27490846277328,
        "14,30": 35.65624742322597,
        "14,31": 57.49872253977967,
        "14,32": 33.92761207944695,
        "14,33": 57.24566098743193,
        "14,34": 42.04361807355371,
        "14,35": 73.50539658394509,
        "14,36": 48.17608176668899,
        "14,37": 45.07761899884334,
        "14,38": 30.778129550638873,
        "14,39": 33.24917643393127,
        "14,40": 81.44227349412064,
        "14,41": 24.227847976675136,
        "14,42": 54.808736170954134,
        "14,43": 22.36022487238294,
        "14,44": 64.47115661889589,
        "14,45": 52.52448077993723,
        "14,46": 31.33454128459225,
        "14,47": 47.609617723793974,
        "14,48": 63.74035209831384,
        "14,49": 42.37920889971347,
        "14,50": 53.99655549703664,
        "15,0": 42.72682474820365,
        "15,1": 59.11951674346427,
        "15,2": 23.713087227351647,
        "15,3": 47.19859487937356,
        "15,4": 79.82633843778787,
        "15,5": 13.926731656751251,
        "15,6": 64.11395515087044,
        "15,7": 19.70507095179339,
        "15,8": 24.56597083115001,
        "15,9": 23.222338782374408,
        "15,10": 77.65253652663223,
        "15,11": 67.43108063074405,
        "15,12": 68.23837628262179,
        "15,13": 74.05800232336956,
        "15,14": 56.33255042223577,
        "15,15": 0.0,
        "15,16": 83.26410107382893,
        "15,17": 67.50886251025703,
        "15,18": 41.414358098298,
        "15,19": 68.98311184870364,
        "15,20": 62.024520022678686,
        "15,21": 27.01090683720557,
        "15,22": 57.788706537151825,
        "15,23": 73.87035124158793,
        "15,24": 64.80119842915073,
        "15,25": 84.50306216582929,
        "15,26": 67.02635942730691,
        "15,27": 34.38899513247246,
        "15,28": 74.76326226532454,
        "15,29": 45.45690523537777,
        "15,30": 59.454185041952464,
        "15,31": 44.99878377778408,
        "15,32": 73.6366797573883,
        "15,33": 19.110397219410192,
        "15,34": 19.04544117378618,
        "15,35": 75.62898196078251,
        "15,36": 30.798051365971546,
        "15,37": 39.8589482111263,
        "15,38": 85.17192961076995,
        "15,39": 25.892833127299568,
        "15,40": 27.772571737985068,
        "15,41": 75.55436114122726,
        "15,42": 33.474785270261975,
        "15,43": 63.32436077197861,
        "15,44": 12.496304708331976,
        "15,45": 73.86703661780803,
        "15,46": 77.2639658838762,
        "15,47": 32.284733322643184,
        "15,48": 7.689799637899557,
        "15,49": 28.93546883664714,
        "15,50": 44.405013273058614,
        "16,0": 60.15253493966889,
        "16,1": 25.6929783460129,
        "16,2": 61.83913768280795,
        "16,3": 38.481405357268564,
        "16,4": 37.99019875257107,
        "16,5": 96.61769813816076,
        "16,6": 109.0702925496176,
        "16,7": 91.30923942921521,
        "16,8": 66.36752445919889,
        "16,9": 60.50124473963744,
        "16,10": 77.80676215232006,
        "16,11": 82.93007564490124,
        "16,12": 107.63061989986164,
        "16,13": 25.150993532771206,
        "16,14": 56.464595301313004,
        "16,15": 83.26410107382893,
        "16,16": 0.0,
        "16,17": 67.25183515719878,
        "16,18": 45.116166265111346,
        "16,19": 68.7631493090045,
        "16,20": 21.37061586329453,
        "16,21": 59.32183411113511,
        "16,22": 81.36268589720756,
        "16,23": 11.664677077463136,
        "16,24": 89.37551894424239,
        "16,25": 52.19928275786894,
        "16,26": 21.436761102639768,
        "16,27": 101.03190679166123,
        "16,28": 75.99261450430085,
        "16,29": 89.48672392379598,
        "16,30": 91.91113375545719,
        "16,31": 107.66046512277828,
        "16,32": 88.8574318255643,
        "16,33": 95.63770638860439,
        "16,34": 64.45776710291551,
        "16,35": 128.87348809857295,
        "16,36": 54.38321272120583,
        "16,37": 44.56838313107752,
        "16,38": 73.04673687455711,
        "16,39": 60.119327386601555,
        "16,40": 95.056524680584,
        "16,41": 41.12349448471367,
        "16,42": 100.92265671394041,
        "16,43": 78.42379331763276,
        "16,44": 82.78332172396779,
        "16,45": 108.98786623811301,
        "16,46": 31.362885898304597,
        "16,47": 52.77211353004362,
        "16,48": 87.46602993443031,
        "16,49": 54.47905564517653,
        "16,50": 104.6206481394943,
        "17,0": 25.877862054617925,
        "17,1": 48.59452497852969,
        "17,2": 64.81279763485284,
        "17,3": 63.17061174729688,
        "17,4": 33.92583797993044,
        "17,5": 79.44930889010244,
        "17,6": 48.216239007995696,
        "17,7": 86.26509779647539,
        "17,8": 72.53957198549539,
        "17,9": 59.968915497685174,
        "17,10": 12.665465313845534,
        "17,11": 16.56557188309546,
        "17,12": 44.50712640856301,
        "17,13": 42.51266897918641,
        "17,14": 14.935826254614952,
        "17,15": 67.50886251025703,
        "17,16": 67.25183515719878,
        "17,17": 0.0,
        "17,18": 64.77841188178654,
        "17,19": 1.8862320372214856,
        "17,20": 54.781481260528864,
        "17,21": 65.71826093998101,
        "17,22": 19.912374096029254,
        "17,23": 56.27896079017847,
        "17,24": 24.66421312731869,
        "17,25": 26.4824055851662,
        "17,26": 69.74448528307437,
        "17,27": 58.302780310429526,
        "17,28": 9.939468111772932,
        "17,29": 36.749243501711085,
        "17,30": 30.165389692997493,
        "17,31": 58.66317097793647,
        "17,32": 21.6937964232939,
        "17,33": 64.83177194244396,
        "17,34": 55.33081908958082,
        "17,35": 68.24114246193592,
        "17,36": 62.80760928565571,
        "17,37": 60.00802383078498,
        "17,38": 17.667943851874753,
        "17,39": 46.709142889966884,
        "17,40": 93.89366389757433,
        "17,41": 28.646970422663596,
        "17,42": 58.92329951969742,
        "17,43": 13.502682048631176,
        "17,44": 76.88030312783651,
