{
    "num_robots": 4,
    "num_tasks": 30,
    "num_nodes": 31,
    "robot_capacity": [
        94,
        117,
        107,
        124
    ],
    "robot_speed": [
        1.08,
        1.16,
        1.12,
        1.05
    ],
    "task_demand": {
        "0": 0,
        "1": 14,
        "2": 5,
        "3": 12,
        "4": 11,
        "5": 12,
        "6": 7,
        "7": 14,
        "8": 15,
        "9": 10,
        "10": 15,
        "11": 10,
        "12": 11,
        "13": 8,
        "14": 13,
        "15": 12,
        "16": 10,
        "17": 6,
        "18": 9,
        "19": 13,
        "20": 7,
        "21": 5,
        "22": 11,
        "23": 8,
        "24": 7,
        "25": 10,
        "26": 11,
        "27": 6,
        "28": 11,
        "29": 11,
        "30": 5
    },
    "task_service_time": {
        "0": 0,
        "1": 20,
        "2": 86,
        "3": 78,
        "4": 49,
        "5": 96,
        "6": 14,
        "7": 52,
        "8": 91,
        "9": 51,
        "10": 64,
        "11": 97,
        "12": 76,
        "13": 29,
        "14": 35,
        "15": 83,
        "16": 42,
        "17": 60,
        "18": 80,
        "19": 28,
        "20": 20,
        "21": 19,
        "22": 25,
        "23": 84,
        "24": 99,
        "25": 26,
        "26": 49,
        "27": 93,
        "28": 38,
        "29": 54,
        "30": 93
    },
    "task_precedence": [],
    "coordinates": {
        "0": [
            100,
            0
        ],
        "1": [
            61.320807559040865,
            69.94235073479717
        ],
        "2": [
            56.63526489634515,
            24.007454742084466
        ],
        "3": [
            0.30061304580495385,
            5.0974544367138215
        ],
        "4": [
            26.52266483949385,
            32.95700540073282
        ],
        "5": [
            72.47639945805338,
            57.04158508082876
        ],
        "6": [
            18.122222806337806,
            29.056926715812924
        ],
        "7": [
            33.47017537997223,
            0.6746141621616464
        ],
        "8": [
            86.52419907225581,
            76.61420271628967
        ],
        "9": [
            32.89242256281691,
            21.544623599507073
        ],
        "10": [
            45.01968333468265,
            36.92075908197236
        ],
        "11": [
            21.145222170673595,
            94.68342263250518
        ],
        "12": [
            92.71847004701628,
            87.56875864301638
        ],
        "13": [
            43.288575628538965,
            84.16877853720534
        ],
        "14": [
            79.24992890497415,
            97.98006321366866
        ],
        "15": [
            65.11696579929757,
            44.10113519198243
        ],
        "16": [
            36.93232314257223,
            12.674663238233263
        ],
        "17": [
            37.57307639580608,
            45.47782214741748
        ],
        "18": [
            85.96277842622723,
            46.95359901403391
        ],
        "19": [
            28.335235620458278,
            71.19458793092222
        ],
        "20": [
            72.4214710571254,
            14.009094220402874
        ],
        "21": [
            17.42432949158531,
            9.449897927654272
        ],
        "22": [
            72.88255322745619,
            66.0705520197549
        ],
        "23": [
            70.99660206353148,
            5.76448458599943
        ],
        "24": [
            54.441189015414224,
            38.57361890251304
        ],
        "25": [
            2.987875755324254,
            40.31049462664249
        ],
        "26": [
            92.7936635119599,
            77.8047539471168
        ],
        "27": [
            3.5070731164204116,
            90.58683041377891
        ],
        "28": [
            45.22630261861858,
            98.04603127499301
        ],
        "29": [
            82.62818188986476,
            22.532820873167204
        ],
        "30": [
            39.34493712642178,
            60.37315006583541
        ]
    },
    "distance_matrix_str_keys": {
        "0,0": 0.0,
        "0,1": 79.92504209691812,
        "0,2": 49.56670388278193,
        "0,3": 99.82961384667723,
        "0,4": 80.53001295959965,
        "0,5": 63.33475361384199,
        "0,6": 86.88081139321336,
        "0,7": 66.53324483473989,
        "0,8": 77.7903160328901,
        "0,9": 70.48118724547682,
        "0,10": 66.22671418549783,
        "0,11": 123.2194242314012,
        "0,12": 87.87097455209573,
        "0,13": 101.49171855222998,
        "0,14": 100.1531738778314,
        "0,15": 56.2293179779809,
        "0,16": 64.32867908169382,
        "0,17": 77.23569833927831,
        "0,18": 49.006979603745,
        "0,19": 101.01736387487573,
        "0,20": 30.932668483806843,
        "0,21": 83.11463126764957,
        "0,22": 71.4190014187883,
        "0,23": 29.570701283591013,
        "0,24": 59.695304116534366,
        "0,25": 105.05373971215388,
        "0,26": 78.13776949945682,
        "0,27": 132.3512704244828,
        "0,28": 112.3084243216156,
        "0,29": 28.451855492284896,
        "0,30": 85.58010224970293,
        "1,0": 79.92504209691812,
        "1,1": 0.0,
        "1,2": 46.17324961387574,
        "1,3": 89.04114057188582,
        "1,4": 50.78214751475127,
        "1,5": 17.05511609681754,
        "1,6": 59.47886701887153,
        "1,7": 74.65706291215723,
        "1,8": 26.07152762366142,
        "1,9": 56.12943136497578,
        "1,10": 36.82597135533383,
        "1,11": 47.18260590456558,
        "1,12": 36.00699189679348,
        "1,13": 22.96851402273435,
        "1,14": 33.28012489888021,
        "1,15": 26.11856118003592,
        "1,16": 62.24456766125407,
        "1,17": 34.094983419910776,
        "1,18": 33.700288335534424,
        "1,19": 33.00933283346948,
        "1,20": 57.02415202703798,
        "1,21": 74.74113749034743,
        "1,22": 12.192817073626728,
        "1,23": 64.90315479779184,
        "1,24": 32.1142723422401,
        "1,25": 65.42765339847851,
        "1,26": 32.44006852807628,
        "1,27": 61.38910678139671,
        "1,28": 32.38595296085418,
        "1,29": 51.977569417727075,
        "1,30": 23.96890658153016,
        "2,0": 49.56670388278193,
        "2,1": 46.17324961387574,
        "2,2": 0.0,
        "2,3": 59.423741978023315,
        "2,4": 31.414377905277608,
        "2,5": 36.63598383337471,
        "2,6": 38.842651534622945,
        "2,7": 32.879215651071476,
        "2,8": 60.50469666557683,
        "2,9": 23.87023458853368,
        "2,10": 17.368798576476195,
        "2,11": 79.08625398840037,
        "2,12": 73.08924029932204,
        "2,13": 61.62401313767832,
        "2,14": 77.35224516659791,
        "2,15": 21.810438882098538,
        "2,16": 22.729673931280455,
        "2,17": 28.711386364125122,
        "2,18": 37.237462142237014,
        "2,19": 55.02287883778136,
        "2,20": 18.68613170434634,
        "2,21": 41.82606741879532,
        "2,22": 45.09188985510613,
        "2,23": 23.217535729388185,
        "2,24": 14.730482250077106,
        "2,25": 56.0698802488967,
        "2,26": 64.81958957137466,
        "2,27": 85.17874163567504,
        "2,28": 74.9124504690238,
        "2,29": 26.034712959419366,
        "2,30": 40.266850271299646,
        "3,0": 99.82961384667723,
        "3,1": 89.04114057188582,
        "3,2": 59.423741978023315,
        "3,3": 0.0,
        "3,4": 38.2589934549731,
        "3,5": 88.92433217404214,
        "3,6": 29.860778394905218,
        "3,7": 33.46313466390155,
        "3,8": 112.02299795910207,
        "3,9": 36.50664899799389,
        "3,10": 54.88640966620533,
        "3,11": 91.97903797684504,
        "3,12": 123.86515373657292,
        "3,13": 90.00132900140703,
        "3,14": 121.90231124898212,
        "3,15": 75.64685516744302,
        "3,16": 37.40716880272317,
        "3,17": 54.952803573874334,
        "3,18": 95.34119475095925,
        "3,19": 71.79673473810956,
        "3,20": 72.66935725547098,
        "3,21": 17.668203905811097,
        "3,22": 94.79375859941334,
        "3,23": 70.69913572607919,
        "3,24": 63.65418724374911,
        "3,25": 35.31542977633862,
        "3,26": 117.6491214868608,
        "3,27": 85.54948738088643,
        "3,28": 103.23640598090533,
        "3,29": 84.15355366558688,
        "3,30": 67.67467598884775,
        "4,0": 80.53001295959965,
        "4,1": 50.78214751475127,
        "4,2": 31.414377905277608,
        "4,3": 38.2589934549731,
        "4,4": 0.0,
        "4,5": 51.88268211802361,
        "4,6": 9.26164348811707,
        "4,7": 33.02151854155461,
        "4,8": 74.20333542189844,
        "4,9": 13.069669920498466,
        "4,10": 18.91695103490244,
        "4,11": 61.96020879505889,
        "4,12": 85.8156641835762,
        "4,13": 53.886375572752605,
        "4,14": 83.71476825014382,
        "4,15": 40.171030549142294,
        "4,16": 22.79768386445333,
        "4,17": 16.699773877748704,
        "4,18": 61.065798414330644,
        "4,19": 38.2805189435704,
        "4,20": 49.65605451806824,
        "4,21": 25.206423940215466,
        "4,22": 56.971450929693496,
        "4,23": 52.128344309668506,
        "4,24": 28.47789211633878,
        "4,25": 24.656846940189208,
        "4,26": 80.01978389576969,
        "4,27": 62.0557345730233,
        "4,28": 67.723019390993,
        "4,29": 57.06568729590663,
        "4,30": 30.266411331671836,
        "5,0": 63.33475361384199,
        "5,1": 17.05511609681754,
        "5,2": 36.63598383337471,
        "5,3": 88.92433217404214,
        "5,4": 51.88268211802361,
        "5,5": 0.0,
        "5,6": 61.135240437022524,
        "5,7": 68.54721677336974,
        "5,8": 24.09207411379812,
        "5,9": 53.16883957026945,
        "5,10": 34.03996032834971,
        "5,11": 63.65373277330413,
        "5,12": 36.62853733667895,
        "5,13": 39.847379897835815,
        "5,14": 41.495056247718395,
        "5,15": 14.886789684259359,
        "5,16": 56.84896757996336,
        "5,17": 36.76904369123218,
        "5,18": 16.84190845946649,
        "5,19": 46.35460963714577,
        "5,20": 43.032525916820944,
        "5,21": 72.77155415186988,
        "5,22": 9.03809741420291,
        "5,23": 51.298448665487534,
        "5,24": 25.813457545894423,
        "5,25": 71.4743612365365,
        "5,26": 29.04996385550514,
        "5,27": 76.694533445784,
        "5,28": 49.23344783222769,
        "5,29": 35.97100907234627,
        "5,30": 33.29854533581979,
        "6,0": 86.88081139321336,
        "6,1": 59.47886701887153,
        "6,2": 38.842651534622945,
        "6,3": 29.860778394905218,
        "6,4": 9.26164348811707,
        "6,5": 61.135240437022524,
        "6,6": 0.0,
        "6,7": 32.26631857054168,
        "6,8": 83.30981249329956,
        "6,9": 16.57086295150479,
        "6,10": 28.02344094426888,
        "6,11": 65.69608429320884,
        "6,12": 94.80630030683477,
        "6,13": 60.5859845637143,
        "6,14": 92.12488913200013,
        "6,15": 49.34403791390396,
        "6,16": 24.943905694739286,
        "6,17": 25.45548098415393,
        "6,18": 70.16146995442172,
        "6,19": 43.35767663771568,
        "6,20": 56.345768460555924,
        "6,21": 19.619445277032128,
        "6,22": 66.09615908636958,
        "6,23": 57.77748559953318,
        "6,24": 37.54510269891979,
        "6,25": 18.859778667422784,
        "6,26": 89.17496687314377,
        "6,27": 63.24185045948341,
        "6,28": 74.12238319393117,
        "6,29": 64.83504233307555,
        "6,30": 37.830007243197706,
        "7,0": 66.53324483473989,
        "7,1": 74.65706291215723,
        "7,2": 32.879215651071476,
        "7,3": 33.46313466390155,
        "7,4": 33.02151854155461,
        "7,5": 68.54721677336974,
        "7,6": 32.26631857054168,
        "7,7": 0.0,
        "7,8": 92.63665872488947,
        "7,9": 20.878004986890343,
        "7,10": 38.04174227797459,
        "7,11": 94.81329306392186,
        "7,12": 105.17106430008464,
        "7,13": 84.06947405644853,
        "7,14": 107.53667396718829,
        "7,15": 53.73436584345412,
        "7,16": 12.489501389495237,
        "7,17": 44.99067950715817,
        "7,18": 69.98012441751959,
        "7,19": 70.70667794968533,
        "7,20": 41.17052092641826,
        "7,21": 18.28865154785289,
        "7,22": 76.35420234582405,
        "7,23": 37.870034071386925,
        "7,24": 43.31417750814474,
        "7,25": 50.00173607587469,
        "7,26": 97.30536833799461,
        "7,27": 94.7733830172462,
        "7,28": 98.07853688861917,
        "7,29": 53.79861340822535,
        "7,30": 59.98689869146239,
        "8,0": 77.7903160328901,
        "8,1": 26.07152762366142,
        "8,2": 60.50469666557683,
        "8,3": 112.02299795910207,
        "8,4": 74.20333542189844,
        "8,5": 24.09207411379812,
        "8,6": 83.30981249329956,
        "8,7": 92.63665872488947,
        "8,8": 0.0,
        "8,9": 76.87018925212803,
        "8,10": 57.429907662830026,
        "8,11": 67.82998842015367,
        "8,12": 12.584565485567763,
        "8,13": 43.89066814712259,
        "8,14": 22.57022377514374,
        "8,15": 38.927743271900724,
        "8,16": 80.91735825452449,
        "8,17": 58.01453788676139,
        "8,18": 29.6659165562781,
        "8,19": 58.44080502539644,
        "8,20": 64.17387745220402,
        "8,21": 96.36304174218652,
        "8,22": 17.241318724664797,
        "8,23": 72.5312955075733,
        "8,24": 49.76349617139417,
        "8,25": 91.08389832659358,
        "8,26": 6.381504257926822,
        "8,27": 84.18478203772747,
        "8,28": 46.5278360432225,
        "8,29": 54.22153457757446,
        "8,30": 49.8964382391013,
        "9,0": 70.48118724547682,
        "9,1": 56.12943136497578,
        "9,2": 23.87023458853368,
        "9,3": 36.50664899799389,
        "9,4": 13.069669920498466,
        "9,5": 53.16883957026945,
        "9,6": 16.57086295150479,
        "9,7": 20.878004986890343,
        "9,8": 76.87018925212803,
        "9,9": 0.0,
        "9,10": 19.58305380179408,
        "9,11": 74.07618133409994,
        "9,12": 89.09737575161925,
        "9,13": 63.48121596367511,
        "9,14": 89.39460175689184,
        "9,15": 39.33468446576491,
        "9,16": 9.746640113643059,
        "9,17": 24.386605197074413,
        "9,18": 58.83943153264688,
        "9,19": 49.858669365902664,
        "9,20": 40.24089807507699,
        "9,21": 19.635281824757655,
        "9,22": 59.84788093374698,
        "9,23": 41.242469406041906,
        "9,24": 27.46517825644652,
        "9,25": 35.30495482462199,
        "9,26": 82.17883507313377,
        "9,27": 75.03549216118675,
        "9,28": 77.4892894119039,
        "9,29": 49.745575579037144,
        "9,30": 39.361013855589306,
        "10,0": 66.22671418549783,
        "10,1": 36.82597135533383,
        "10,2": 17.368798576476195,
        "10,3": 54.88640966620533,
        "10,4": 18.91695103490244,
        "10,5": 34.03996032834971,
        "10,6": 28.02344094426888,
        "10,7": 38.04174227797459,
        "10,8": 57.429907662830026,
        "10,9": 19.58305380179408,
        "10,10": 0.0,
        "10,11": 62.50212153458336,
        "10,12": 69.57294095669818,
        "10,13": 47.279721618600334,
        "10,14": 69.99963094795176,
        "10,15": 21.34147519605245,
        "10,16": 25.559314516252478,
        "10,17": 11.343512824876143,
        "10,18": 42.15441747643574,
        "10,19": 38.11910465233667,
        "10,20": 35.71837562256566,
        "10,21": 38.93779354670177,
        "10,22": 40.32430962802987,
        "10,23": 40.564932480082234,
        "10,24": 9.565391517257154,
        "10,25": 42.16827190496439,
        "10,26": 62.879680486720325,
        "10,27": 67.84794779006893,
        "10,28": 61.12562140542506,
        "10,29": 40.2667596098262,
        "10,30": 24.12918124156209,
        "11,0": 123.2194242314012,
        "11,1": 47.18260590456558,
        "11,2": 79.08625398840037,
        "11,3": 91.97903797684504,
        "11,4": 61.96020879505889,
        "11,5": 63.65373277330413,
        "11,6": 65.69608429320884,
        "11,7": 94.81329306392186,
        "11,8": 67.82998842015367,
        "11,9": 74.07618133409994,
        "11,10": 62.50212153458336,
        "11,11": 0.0,
        "11,12": 71.92599151385905,
        "11,13": 24.512972949252443,
        "11,14": 58.19815103420767,
        "11,15": 67.0229963554085,
        "11,16": 83.51448481841042,
        "11,17": 51.87548085117156,
        "11,18": 80.49504122361972,
        "11,19": 24.564642253580093,
        "11,20": 95.59079958138801,
        "11,21": 85.31470433601538,
        "11,22": 59.1223121129503,
        "11,23": 101.93987257467201,
        "11,24": 65.24516443955297,
        "11,25": 57.324554326900156,
        "11,26": 73.60970454516753,
        "11,27": 18.107632917269477,
        "11,28": 24.31471925445433,
        "11,29": 94.79379552516224,
        "11,30": 38.838440082856785,
        "12,0": 87.87097455209573,
        "12,1": 36.00699189679348,
        "12,2": 73.08924029932204,
        "12,3": 123.86515373657292,
        "12,4": 85.8156641835762,
        "12,5": 36.62853733667895,
        "12,6": 94.80630030683477,
        "12,7": 105.17106430008464,
        "12,8": 12.584565485567763,
        "12,9": 89.09737575161925,
        "12,10": 69.57294095669818,
        "12,11": 71.92599151385905,
        "12,12": 0.0,
        "12,13": 49.54668835494181,
        "12,14": 17.02342102392367,
        "12,15": 51.49055568954088,
        "12,16": 93.38747085634651,
        "12,17": 69.37334773544862,
        "12,18": 41.173177688428744,
        "12,19": 66.43278062623847,
        "12,20": 76.30853424069383,
        "12,21": 108.49776035221713,
        "12,22": 29.251264657941732,
        "12,23": 84.63910917943004,
        "12,24": 62.17454431971088,
        "12,25": 101.41460974525089,
        "12,26": 9.764294227373497,
        "12,27": 89.26243386510254,
        "12,28": 48.63413625070076,
        "12,29": 65.81403434449257,
        "12,30": 59.902713981163025,
        "13,0": 101.49171855222998,
        "13,1": 22.96851402273435,
        "13,2": 61.62401313767832,
        "13,3": 90.00132900140703,
        "13,4": 53.886375572752605,
        "13,5": 39.847379897835815,
        "13,6": 60.5859845637143,
        "13,7": 84.06947405644853,
        "13,8": 43.89066814712259,
        "13,9": 63.48121596367511,
        "13,10": 47.279721618600334,
        "13,11": 24.512972949252443,
        "13,12": 49.54668835494181,
        "13,13": 0.0,
        "13,14": 38.52233785593609,
        "13,15": 45.627783867802044,
        "13,16": 71.77611349222018,
        "13,17": 39.11083018597069,
        "13,18": 56.622055520442764,
        "13,19": 19.79727252137101,
        "13,20": 75.96780172866877,
        "13,21": 79.0687697373449,
        "13,22": 34.689325637754344,
        "13,23": 83.15628682733103,
        "13,24": 46.93931579678365,
        "13,25": 59.5625341792176,
        "13,26": 49.91246873606316,
        "13,27": 40.295897210660094,
        "13,28": 14.011885292012579,
        "13,29": 73.1204205264114,
        "13,30": 24.12020354356182,
        "14,0": 100.1531738778314,
        "14,1": 33.28012489888021,
        "14,2": 77.35224516659791,
        "14,3": 121.90231124898212,
        "14,4": 83.71476825014382,
        "14,5": 41.495056247718395,
        "14,6": 92.12488913200013,
        "14,7": 107.53667396718829,
        "14,8": 22.57022377514374,
        "14,9": 89.39460175689184,
        "14,10": 69.99963094795176,
        "14,11": 58.19815103420767,
        "14,12": 17.02342102392367,
        "14,13": 38.52233785593609,
        "14,14": 0.0,
        "14,15": 55.70170132870684,
        "14,16": 95.22494957956704,
        "14,17": 67.03316606016533,
        "14,18": 51.46612864216225,
        "14,19": 57.53058037582227,
        "14,20": 84.2481541058785,
        "14,21": 107.98145631724853,
        "14,22": 32.538598274251996,
        "14,23": 92.5841797802817,
        "14,24": 64.37856165372348,
        "14,25": 95.61213255447105,
        "14,26": 24.299708868739085,
        "14,27": 76.1028257966747,
        "14,28": 34.02369023869546,
        "14,29": 75.52283740708023,
        "14,30": 54.8332771713948,
        "15,0": 56.2293179779809,
        "15,1": 26.11856118003592,
        "15,2": 21.810438882098538,
        "15,3": 75.64685516744302,
        "15,4": 40.171030549142294,
        "15,5": 14.886789684259359,
        "15,6": 49.34403791390396,
        "15,7": 53.73436584345412,
        "15,8": 38.927743271900724,
        "15,9": 39.33468446576491,
        "15,10": 21.34147519605245,
        "15,11": 67.0229963554085,
        "15,12": 51.49055568954088,
        "15,13": 45.627783867802044,
        "15,14": 55.70170132870684,
        "15,15": 0.0,
        "15,16": 42.21370892431847,
        "15,17": 27.578272434020153,
        "15,18": 21.0400678214965,
        "15,19": 45.68315724932003,
        "15,20": 30.965896190758908,
        "15,21": 58.95163951857894,
        "15,22": 23.30149402628053,
        "15,23": 38.784905598504565,
        "15,24": 12.021881977030558,
        "15,25": 62.24462053533418,
        "15,26": 43.61116271632222,
        "15,27": 77.17965234859116,
        "15,28": 57.495132795516085,
        "15,29": 27.78191626806454,
        "15,30": 30.47910644967179,
        "16,0": 64.32867908169382,
        "16,1": 62.24456766125407,
        "16,2": 22.729673931280455,
        "16,3": 37.40716880272317,
        "16,4": 22.79768386445333,
        "16,5": 56.84896757996336,
        "16,6": 24.943905694739286,
        "16,7": 12.489501389495237,
        "16,8": 80.91735825452449,
        "16,9": 9.746640113643059,
        "16,10": 25.559314516252478,
        "16,11": 83.51448481841042,
        "16,12": 93.38747085634651,
        "16,13": 71.77611349222018,
        "16,14": 95.22494957956704,
        "16,15": 42.21370892431847,
        "16,16": 0.0,
        "16,17": 32.809416318379114,
        "16,18": 59.82500299409903,
        "16,19": 59.148047304208404,
        "16,20": 35.51422708925548,
        "16,21": 19.772731920381148,
        "16,22": 64.37033464201288,
        "16,23": 34.75810218367362,
        "16,24": 31.262058292017507,
        "16,25": 43.771733858213004,
        "16,26": 85.80453405043336,
        "16,27": 84.77943815159979,
        "16,28": 85.77330922855292,
        "16,29": 46.74713658190968,
        "16,30": 47.75946347979636,
        "17,0": 77.23569833927831,
        "17,1": 34.094983419910776,
        "17,2": 28.711386364125122,
        "17,3": 54.952803573874334,
        "17,4": 16.699773877748704,
        "17,5": 36.76904369123218,
        "17,6": 25.45548098415393,
        "17,7": 44.99067950715817,
        "17,8": 58.01453788676139,
        "17,9": 24.386605197074413,
        "17,10": 11.343512824876143,
        "17,11": 51.87548085117156,
        "17,12": 69.37334773544862,
        "17,13": 39.11083018597069,
        "17,14": 67.03316606016533,
        "17,15": 27.578272434020153,
        "17,16": 32.809416318379114,
        "17,17": 0.0,
        "17,18": 48.41220073445314,
        "17,19": 27.325624321400582,
        "17,20": 46.95414196655645,
        "17,21": 41.27933290879767,
        "17,22": 40.8756611900027,
        "17,23": 51.90646634407158,
        "17,24": 18.226388720608707,
        "17,25": 34.96909173898206,
        "17,26": 63.98705932479742,
        "17,27": 56.52711921021431,
        "17,28": 53.1223915359433,
        "17,29": 50.56120661689259,
        "17,30": 15.000342804279466,
        "18,0": 49.006979603745,
        "18,1": 33.700288335534424,
        "18,2": 37.237462142237014,
        "18,3": 95.34119475095925,
        "18,4": 61.065798414330644,
        "18,5": 16.84190845946649,
        "18,6": 70.16146995442172,
        "18,7": 69.98012441751959,
        "18,8": 29.6659165562781,
        "18,9": 58.83943153264688,
        "18,10": 42.15441747643574,
        "18,11": 80.49504122361972,
        "18,12": 41.173177688428744,
        "18,13": 56.622055520442764,
        "18,14": 51.46612864216225,
        "18,15": 21.0400678214965,
        "18,16": 59.82500299409903,
        "18,17": 48.41220073445314,
        "18,18": 0.0,
        "18,19": 62.518471138531815,
        "18,20": 35.61891914926771,
        "18,21": 78.12839802237744,
        "18,22": 23.16355291127658,
        "18,23": 43.82384718717689,
        "18,24": 32.61647843733845,
        "18,25": 83.24040670940767,
        "18,26": 31.59833463585651,
        "18,27": 93.28881080023154,
        "18,28": 65.34444961559153,
        "18,29": 24.64739213518854,
        "18,30": 48.51090060889154,
        "19,0": 101.01736387487573,
        "19,1": 33.00933283346948,
        "19,2": 55.02287883778136,
        "19,3": 71.79673473810956,
        "19,4": 38.2805189435704,
        "19,5": 46.35460963714577,
        "19,6": 43.35767663771568,
        "19,7": 70.70667794968533,
        "19,8": 58.44080502539644,
        "19,9": 49.858669365902664,
        "19,10": 38.11910465233667,
        "19,11": 24.564642253580093,
        "19,12": 66.43278062623847,
        "19,13": 19.79727252137101,
        "19,14": 57.53058037582227,
        "19,15": 45.68315724932003,
        "19,16": 59.148047304208404,
        "19,17": 27.325624321400582,
        "19,18": 62.518471138531815,
        "19,19": 0.0,
        "19,20": 72.206487560974,
        "19,21": 62.70131271474892,
        "19,22": 44.841044256324786,
        "19,23": 78.1094783654164,
        "19,24": 41.78095766030314,
        "19,25": 39.95392185205432,
        "19,26": 64.79647537486564,
        "19,27": 31.503915976284972,
        "19,28": 31.72236047327159,
        "19,29": 72.9087895098792,
        "19,30": 15.437520679122983,
        "20,0": 30.932668483806843,
        "20,1": 57.02415202703798,
        "20,2": 18.68613170434634,
        "20,3": 72.66935725547098,
        "20,4": 49.65605451806824,
        "20,5": 43.032525916820944,
        "20,6": 56.345768460555924,
        "20,7": 41.17052092641826,
        "20,8": 64.17387745220402,
        "20,9": 40.24089807507699,
        "20,10": 35.71837562256566,
        "20,11": 95.59079958138801,
        "20,12": 76.30853424069383,
        "20,13": 75.96780172866877,
        "20,14": 84.2481541058785,
        "20,15": 30.965896190758908,
        "20,16": 35.51422708925548,
        "20,17": 46.95414196655645,
        "20,18": 35.61891914926771,
        "20,19": 72.206487560974,
        "20,20": 0.0,
        "20,21": 55.18579392575475,
        "20,22": 52.063499545857546,
        "20,23": 8.366829726521475,
        "20,24": 30.441853017802334,
        "20,25": 74.2481502790719,
        "20,26": 66.96948876453727,
        "20,27": 103.02108485175323,
        "20,28": 88.32770786064758,
        "20,29": 13.29777658385807,
        "20,30": 56.953338543999116,
        "21,0": 83.11463126764957,
        "21,1": 74.74113749034743,
        "21,2": 41.82606741879532,
        "21,3": 17.668203905811097,
        "21,4": 25.206423940215466,
        "21,5": 72.77155415186988,
        "21,6": 19.619445277032128,
        "21,7": 18.28865154785289,
        "21,8": 96.36304174218652,
        "21,9": 19.635281824757655,
        "21,10": 38.93779354670177,
        "21,11": 85.31470433601538,
        "21,12": 108.49776035221713,
        "21,13": 79.0687697373449,
        "21,14": 107.98145631724853,
        "21,15": 58.95163951857894,
        "21,16": 19.772731920381148,
        "21,17": 41.27933290879767,
        "21,18": 78.12839802237744,
        "21,19": 62.70131271474892,
        "21,20": 55.18579392575475,
        "21,21": 0.0,
        "21,22": 79.2559969324418,
        "21,23": 53.698888815521535,
        "21,24": 47.10030798655473,
        "21,25": 34.07033350433788,
        "21,26": 101.74931376729891,
        "21,27": 82.32187946269215,
        "21,28": 92.85593440300791,
        "21,29": 66.50342277187575,
        "21,30": 55.44087524028838,
        "22,0": 71.4190014187883,
        "22,1": 12.192817073626728,
        "22,2": 45.09188985510613,
        "22,3": 94.79375859941334,
        "22,4": 56.971450929693496,
        "22,5": 9.03809741420291,
        "22,6": 66.09615908636958,
        "22,7": 76.35420234582405,
        "22,8": 17.241318724664797,
        "22,9": 59.84788093374698,
        "22,10": 40.32430962802987,
        "22,11": 59.1223121129503,
        "22,12": 29.251264657941732,
        "22,13": 34.689325637754344,
        "22,14": 32.538598274251996,
        "22,15": 23.30149402628053,
        "22,16": 64.37033464201288,
        "22,17": 40.8756611900027,
        "22,18": 23.16355291127658,
        "22,19": 44.841044256324786,
        "22,20": 52.063499545857546,
        "22,21": 79.2559969324418,
        "22,22": 0.0,
        "22,23": 60.33554989487849,
        "22,24": 33.10838632212772,
        "22,25": 74.49057991336751,
        "22,26": 23.111551389592467,
        "22,27": 73.57992353169449,
        "22,28": 42.27646474506819,
        "22,29": 44.61514665915727,
        "22,30": 34.018114038918846,
        "23,0": 29.570701283591013,
        "23,1": 64.90315479779184,
        "23,2": 23.217535729388185,
        "23,3": 70.69913572607919,
        "23,4": 52.128344309668506,
        "23,5": 51.298448665487534,
        "23,6": 57.77748559953318,
        "23,7": 37.870034071386925,
        "23,8": 72.5312955075733,
        "23,9": 41.242469406041906,
        "23,10": 40.564932480082234,
        "23,11": 101.93987257467201,
        "23,12": 84.63910917943004,
        "23,13": 83.15628682733103,
        "23,14": 92.5841797802817,
        "23,15": 38.784905598504565,
        "23,16": 34.75810218367362,
        "23,17": 51.90646634407158,
        "23,18": 43.82384718717689,
        "23,19": 78.1094783654164,
        "23,20": 8.366829726521475,
        "23,21": 53.698888815521535,
        "23,22": 60.33554989487849,
        "23,23": 0.0,
        "23,24": 36.749435312570476,
        "23,25": 76.27983785898374,
        "23,26": 75.26561165239349,
        "23,27": 108.39588031484574,
        "23,28": 95.8122757938323,
        "23,29": 20.40761502713903,
        "23,30": 63.11841441908763,
        "24,0": 59.695304116534366,
        "24,1": 32.1142723422401,
        "24,2": 14.730482250077106,
        "24,3": 63.65418724374911,
        "24,4": 28.47789211633878,
        "24,5": 25.813457545894423,
        "24,6": 37.54510269891979,
        "24,7": 43.31417750814474,
        "24,8": 49.76349617139417,
        "24,9": 27.46517825644652,
        "24,10": 9.565391517257154,
        "24,11": 65.24516443955297,
        "24,12": 62.17454431971088,
        "24,13": 46.93931579678365,
        "24,14": 64.37856165372348,
        "24,15": 12.021881977030558,
        "24,16": 31.262058292017507,
        "24,17": 18.226388720608707,
        "24,18": 32.61647843733845,
        "24,19": 41.78095766030314,
        "24,20": 30.441853017802334,
        "24,21": 47.10030798655473,
        "24,22": 33.10838632212772,
        "24,23": 36.749435312570476,
        "24,24": 0.0,
        "24,25": 51.482620200627125,
        "24,26": 54.863414557390826,
        "24,27": 72.79875228414161,
        "24,28": 60.18207344972553,
        "24,29": 32.4316784752592,
        "24,30": 26.516341754408188,
        "25,0": 105.05373971215388,
        "25,1": 65.42765339847851,
        "25,2": 56.0698802488967,
        "25,3": 35.31542977633862,
        "25,4": 24.656846940189208,
        "25,5": 71.4743612365365,
        "25,6": 18.859778667422784,
        "25,7": 50.00173607587469,
        "25,8": 91.08389832659358,
        "25,9": 35.30495482462199,
        "25,10": 42.16827190496439,
        "25,11": 57.324554326900156,
        "25,12": 101.41460974525089,
        "25,13": 59.5625341792176,
        "25,14": 95.61213255447105,
        "25,15": 62.24462053533418,
        "25,16": 43.771733858213004,
        "25,17": 34.96909173898206,
        "25,18": 83.24040670940767,
        "25,19": 39.95392185205432,
        "25,20": 74.2481502790719,
        "25,21": 34.07033350433788,
        "25,22": 74.49057991336751,
        "25,23": 76.27983785898374,
        "25,24": 51.482620200627125,
        "25,25": 0.0,
        "25,26": 97.31854395016843,
        "25,27": 50.27901655840798,
        "25,28": 71.53654238191059,
        "25,29": 81.60039243342115,
        "25,30": 41.52524599341381,
        "26,0": 78.13776949945682,
        "26,1": 32.44006852807628,
        "26,2": 64.81958957137466,
        "26,3": 117.6491214868608,
        "26,4": 80.01978389576969,
        "26,5": 29.04996385550514,
        "26,6": 89.17496687314377,
        "26,7": 97.30536833799461,
        "26,8": 6.381504257926822,
        "26,9": 82.17883507313377,
        "26,10": 62.879680486720325,
        "26,11": 73.60970454516753,
        "26,12": 9.764294227373497,
        "26,13": 49.91246873606316,
        "26,14": 24.299708868739085,
        "26,15": 43.61116271632222,
        "26,16": 85.80453405043336,
        "26,17": 63.98705932479742,
        "26,18": 31.59833463585651,
        "26,19": 64.79647537486564,
        "26,20": 66.96948876453727,
        "26,21": 101.74931376729891,
        "26,22": 23.111551389592467,
        "26,23": 75.26561165239349,
        "26,24": 54.863414557390826,
        "26,25": 97.31854395016843,
        "26,26": 0.0,
        "26,27": 90.19687745848213,
        "26,28": 51.69490429647175,
        "26,29": 56.19896442409163,
        "26,30": 56.21945540566916,
        "27,0": 132.3512704244828,
        "27,1": 61.38910678139671,
        "27,2": 85.17874163567504,
        "27,3": 85.54948738088643,
        "27,4": 62.0557345730233,
        "27,5": 76.694533445784,
        "27,6": 63.24185045948341,
        "27,7": 94.7733830172462,
        "27,8": 84.18478203772747,
        "27,9": 75.03549216118675,
        "27,10": 67.84794779006893,
        "27,11": 18.107632917269477,
        "27,12": 89.26243386510254,
        "27,13": 40.295897210660094,
        "27,14": 76.1028257966747,
        "27,15": 77.17965234859116,
        "27,16": 84.77943815159979,
        "27,17": 56.52711921021431,
        "27,18": 93.28881080023154,
        "27,19": 31.503915976284972,
        "27,20": 103.02108485175323,
        "27,21": 82.32187946269215,
        "27,22": 73.57992353169449,
        "27,23": 108.39588031484574,
        "27,24": 72.79875228414161,
        "27,25": 50.27901655840798,
        "27,26": 90.19687745848213,
        "27,27": 0.0,
        "27,28": 42.380818629953566,
        "27,29": 104.3623402770026,
        "27,30": 46.874502418341024,
        "28,0": 112.3084243216156,
        "28,1": 32.38595296085418,
        "28,2": 74.9124504690238,
        "28,3": 103.23640598090533,
        "28,4": 67.723019390993,
        "28,5": 49.23344783222769,
        "28,6": 74.12238319393117,
        "28,7": 98.07853688861917,
        "28,8": 46.5278360432225,
        "28,9": 77.4892894119039,
        "28,10": 61.12562140542506,
        "28,11": 24.31471925445433,
        "28,12": 48.63413625070076,
        "28,13": 14.011885292012579,
        "28,14": 34.02369023869546,
        "28,15": 57.495132795516085,
        "28,16": 85.77330922855292,
        "28,17": 53.1223915359433,
        "28,18": 65.34444961559153,
        "28,19": 31.72236047327159,
        "28,20": 88.32770786064758,
        "28,21": 92.85593440300791,
        "28,22": 42.27646474506819,
        "28,23": 95.8122757938323,
        "28,24": 60.18207344972553,
        "28,25": 71.53654238191059,
        "28,26": 51.69490429647175,
        "28,27": 42.380818629953566,
        "28,28": 0.0,
        "28,29": 84.26829485762298,
        "28,30": 38.12920716002502,
        "29,0": 28.451855492284896,
        "29,1": 51.977569417727075,
        "29,2": 26.034712959419366,
        "29,3": 84.15355366558688,
        "29,4": 57.06568729590663,
        "29,5": 35.97100907234627,
        "29,6": 64.83504233307555,
        "29,7": 53.79861340822535,
        "29,8": 54.22153457757446,
        "29,9": 49.745575579037144,
        "29,10": 40.2667596098262,
        "29,11": 94.79379552516224,
        "29,12": 65.81403434449257,
        "29,13": 73.1204205264114,
        "29,14": 75.52283740708023,
        "29,15": 27.78191626806454,
        "29,16": 46.74713658190968,
        "29,17": 50.56120661689259,
        "29,18": 24.64739213518854,
        "29,19": 72.9087895098792,
        "29,20": 13.29777658385807,
        "29,21": 66.50342277187575,
        "29,22": 44.61514665915727,
        "29,23": 20.40761502713903,
        "29,24": 32.4316784752592,
        "29,25": 81.60039243342115,
        "29,26": 56.19896442409163,
        "29,27": 104.3623402770026,
        "29,28": 84.26829485762298,
        "29,29": 0.0,
        "29,30": 57.49199762281366,
        "30,0": 85.58010224970293,
        "30,1": 23.96890658153016,
        "30,2": 40.266850271299646,
        "30,3": 67.67467598884775,
        "30,4": 30.266411331671836,
        "30,5": 33.29854533581979,
        "30,6": 37.830007243197706,
        "30,7": 59.98689869146239,
        "30,8": 49.8964382391013,
        "30,9": 39.361013855589306,
        "30,10": 24.12918124156209,
        "30,11": 38.838440082856785,
        "30,12": 59.902713981163025,
        "30,13": 24.12020354356182,
        "30,14": 54.8332771713948,
        "30,15": 30.47910644967179,
        "30,16": 47.75946347979636,
        "30,17": 15.000342804279466,
        "30,18": 48.51090060889154,
        "30,19": 15.437520679122983,
        "30,20": 56.953338543999116,
        "30,21": 55.44087524028838,
        "30,22": 34.018114038918846,
        "30,23": 63.11841441908763,
        "30,24": 26.516341754408188,
        "30,25": 41.52524599341381,
        "30,26": 56.21945540566916,
        "30,27": 46.874502418341024,
        "30,28": 38.12920716002502,
        "30,29": 57.49199762281366,
        "30,30": 0.0
    }
}