{
    "num_robots": 6,
    "num_tasks": 60,
    "num_nodes": 61,
    "robot_capacity": [
        134,
        134,
        164,
        132,
        156,
        148
    ],
    "robot_speed": [
        1.02,
        1.12,
        1.16,
        0.87,
        1.06,
        0.81
    ],
    "task_demand": {
        "0": 0,
        "1": 13,
        "2": 14,
        "3": 9,
        "4": 14,
        "5": 15,
        "6": 7,
        "7": 9,
        "8": 7,
        "9": 9,
        "10": 5,
        "11": 10,
        "12": 5,
        "13": 12,
        "14": 6,
        "15": 5,
        "16": 15,
        "17": 15,
        "18": 10,
        "19": 12,
        "20": 13,
        "21": 15,
        "22": 9,
        "23": 15,
        "24": 6,
        "25": 13,
        "26": 5,
        "27": 6,
        "28": 5,
        "29": 5,
        "30": 13,
        "31": 9,
        "32": 9,
        "33": 12,
        "34": 8,
        "35": 10,
        "36": 7,
        "37": 7,
        "38": 7,
        "39": 11,
        "40": 11,
        "41": 13,
        "42": 14,
        "43": 6,
        "44": 12,
        "45": 5,
        "46": 13,
        "47": 15,
        "48": 13,
        "49": 6,
        "50": 14,
        "51": 11,
        "52": 8,
        "53": 8,
        "54": 6,
        "55": 6,
        "56": 12,
        "57": 14,
        "58": 5,
        "59": 14,
        "60": 15
    },
    "task_service_time": {
        "0": 0,
        "1": 23,
        "2": 56,
        "3": 80,
        "4": 81,
        "5": 71,
        "6": 53,
        "7": 12,
        "8": 70,
        "9": 13,
        "10": 40,
        "11": 42,
        "12": 70,
        "13": 83,
        "14": 90,
        "15": 64,
        "16": 81,
        "17": 91,
        "18": 35,
        "19": 44,
        "20": 45,
        "21": 39,
        "22": 43,
        "23": 23,
        "24": 65,
        "25": 86,
        "26": 25,
        "27": 67,
        "28": 70,
        "29": 28,
        "30": 50,
        "31": 30,
        "32": 70,
        "33": 100,
        "34": 28,
        "35": 10,
        "36": 19,
        "37": 43,
        "38": 10,
        "39": 92,
        "40": 56,
        "41": 97,
        "42": 85,
        "43": 78,
        "44": 72,
        "45": 41,
        "46": 97,
        "47": 54,
        "48": 66,
        "49": 50,
        "50": 46,
        "51": 99,
        "52": 88,
        "53": 51,
        "54": 17,
        "55": 89,
        "56": 60,
        "57": 75,
        "58": 58,
        "59": 20,
        "60": 45
    },
    "task_precedence": [],
    "coordinates": {
        "0": [
            0,
            100
        ],
        "1": [
            73.81806791163355,
            50.66470317146794
        ],
        "2": [
            47.77510627083714,
            19.462485745740643
        ],
        "3": [
            22.815933788319988,
            84.64722613890088
        ],
        "4": [
            74.2415320894734,
            24.403831406534948
        ],
        "5": [
            79.18163302266504,
            99.53061948089751
        ],
        "6": [
            0.800010260666506,
            18.380878976467606
        ],
        "7": [
            43.9696817680723,
            75.20504668094325
        ],
        "8": [
            41.74265770751063,
            78.9221077469411
        ],
        "9": [
            43.1334086146651,
            11.609956949628852
        ],
        "10": [
            80.65336265432438,
            33.2128946410314
        ],
        "11": [
            2.988050028811695,
            97.98058854977542
        ],
        "12": [
            55.05802535065637,
            89.46036587037649
        ],
        "13": [
            96.19807589597099,
            90.94850792969844
        ],
        "14": [
            69.39028965469889,
            91.5192945152474
        ],
        "15": [
            51.67078479261177,
            84.94920365041607
        ],
        "16": [
            50.92709928627611,
            65.36685679855006
        ],
        "17": [
            63.07726933445392,
            78.2890651258945
        ],
        "18": [
            81.84292326008047,
            12.042945874055967
        ],
        "19": [
            19.90465852508536,
            53.638929265087455
        ],
        "20": [
            4.886420765646515,
            82.02661900451659
        ],
        "21": [
            94.13978771178616,
            8.642296364582814
        ],
        "22": [
            84.42974874152098,
            6.478501854097319
        ],
        "23": [
            14.08855299449485,
            67.63956421398363
        ],
        "24": [
            67.00260834558728,
            84.81472182569918
        ],
        "25": [
            32.95806988744046,
            88.75739530723668
        ],
        "26": [
            47.80475436820431,
            18.44780199919992
        ],
        "27": [
            44.841729529271625,
            70.01129794919188
        ],
        "28": [
            94.25637693823626,
            24.913128164841503
        ],
        "29": [
            43.34605346861069,
            74.85945758878435
        ],
        "30": [
            4.275449963385292,
            73.28384015341327
        ],
        "31": [
            39.10670376466773,
            8.436298653411367
        ],
        "32": [
            49.223795487187616,
            27.236843672662335
        ],
        "33": [
            96.076930514981,
            26.627329584556037
        ],
        "34": [
            51.7981835669283,
            64.35438499138999
        ],
        "35": [
            31.34460198320771,
            33.75500866009029
        ],
        "36": [
            5.492476043150063,
            97.87598777466359
        ],
        "37": [
            88.20394615935396,
            62.052672578963566
        ],
        "38": [
            0.16601412959729167,
            87.43742554014136
        ],
        "39": [
            65.8212269814117,
            38.81863725240596
        ],
        "40": [
            63.875266451215715,
            21.38114803802256
        ],
        "41": [
            29.776328983747156,
            6.2416661025693765
        ],
        "42": [
            67.44756093420648,
            18.485382836704822
        ],
        "43": [
            68.64635618942252,
            61.148630780256006
        ],
        "44": [
            65.47986291083846,
            25.30469265787052
        ],
        "45": [
            57.00659584392904,
            83.15856711577304
        ],
        "46": [
            94.71149747796478,
            36.65526413632083
        ],
        "47": [
            27.108212269156528,
            72.06022335251124
        ],
        "48": [
            17.96507020850392,
            59.51510152781927
        ],
        "49": [
            31.04334906870594,
            5.611466844184121
        ],
        "50": [
            21.63745573717797,
            44.080472299349246
        ],
        "51": [
            70.82165483718839,
            25.61375238054867
        ],
        "52": [
            78.35699991306902,
            12.436476612236525
        ],
        "53": [
            55.95795745879889,
            45.34288127304765
        ],
        "54": [
            9.304388786568351,
            52.681259638743995
        ],
        "55": [
            20.140945911957264,
            60.48189968489437
        ],
        "56": [
            19.598143142244627,
            69.43128745172899
        ],
        "57": [
            61.39751860640044,
            16.916593937457748
        ],
        "58": [
            3.5103216476313315,
            84.3496444502393
        ],
        "59": [
            87.65539981044418,
            63.13459759600535
        ],
        "60": [
            44.41032020840281,
            11.17150641699679
        ]
    },
    "distance_matrix_str_keys": {
        "0,0": 0.0,
        "0,1": 88.78670319009434,
        "0,2": 93.64161458157804,
        "0,3": 27.500445448447742,
        "0,4": 105.95558405767909,
        "0,5": 79.18302422999334,
        "0,6": 81.62304167985408,
        "0,7": 50.47893248554047,
        "0,8": 46.76245303999735,
        "0,9": 98.35288836209199,
        "0,10": 104.71619907960726,
        "0,11": 3.6064477786292315,
        "0,12": 56.05773847650157,
        "0,13": 96.62297508763496,
        "0,14": 69.90661387795953,
        "0,15": 53.81817975220872,
        "0,16": 61.58753160929867,
        "0,17": 66.70911931511982,
        "0,18": 120.14452737544757,
        "0,19": 50.45338750458504,
        "0,20": 18.625776018940677,
        "0,21": 131.18128541814522,
        "0,22": 125.99465499778331,
        "0,23": 35.29426482786656,
        "0,24": 68.70183548016064,
        "0,25": 34.82284495820457,
        "0,26": 94.53071214672006,
        "0,27": 53.945370124492555,
        "0,28": 120.50851802056314,
        "0,29": 50.10915309635346,
        "0,30": 27.056102256936136,
        "0,31": 99.5652835260602,
        "0,32": 87.84906920896232,
        "0,33": 120.88972388534046,
        "0,34": 62.878149544776235,
        "0,35": 73.2863080739535,
        "0,36": 5.888864153464225,
        "0,37": 96.02049664775514,
        "0,38": 12.563671348404434,
        "0,39": 89.86430364160847,
        "0,40": 101.29646365018439,
        "0,41": 98.37303971602397,
        "0,42": 105.80078585366024,
        "0,43": 78.87807748883043,
        "0,44": 99.33278102297037,
        "0,45": 59.44228992314301,
        "0,46": 113.94219287058596,
        "0,47": 38.92924725115047,
        "0,48": 44.29188133167586,
        "0,49": 99.3623908363123,
        "0,50": 59.959762082935114,
        "0,51": 102.70842530571763,
        "0,52": 117.50400020193398,
        "0,53": 78.22207891952829,
        "0,54": 48.224836340495514,
        "0,55": 44.35468357167188,
        "0,56": 36.31161524199566,
        "0,57": 103.3078295869997,
        "0,58": 16.039201566903348,
        "0,59": 95.09220267896454,
        "0,60": 99.31151903600365,
        "1,0": 88.78670319009434,
        "1,1": 0.0,
        "1,2": 40.64251743318016,
        "1,3": 61.286454884946416,
        "1,4": 26.264285784391102,
        "1,5": 49.15938981985486,
        "1,6": 79.83659591799763,
        "1,7": 38.64135886505787,
        "1,8": 42.7470800535513,
        "1,9": 49.66710700879695,
        "1,10": 18.74264856423645,
        "1,11": 85.18030548438996,
        "1,12": 43.09341760799623,
        "1,13": 46.083073716693875,
        "1,14": 41.093829879433265,
        "1,15": 40.81579501424787,
        "1,16": 27.205693629852973,
        "1,17": 29.63899673512437,
        "1,18": 39.44665309127876,
        "1,19": 53.99538621528241,
        "1,20": 75.73071862182537,
        "1,21": 46.678206579508384,
        "1,22": 45.4425808784515,
        "1,23": 62.09477320716625,
        "1,24": 34.82347287650606,
        "1,25": 55.86226483671711,
        "1,26": 41.4079847692742,
        "1,27": 34.84133917550524,
        "1,28": 32.8765583841864,
        "1,29": 38.90925089911197,
        "1,30": 73.12866106325225,
        "1,31": 54.66367120020284,
        "1,32": 33.96679020431041,
        "1,33": 32.7605295035271,
        "1,34": 25.92841481627636,
        "1,35": 45.71578585610518,
        "1,36": 83.04993617133317,
        "1,37": 18.347733925046207,
        "1,38": 82.32167476865067,
        "1,39": 14.29261146963819,
        "1,40": 30.92548952134505,
        "1,41": 62.55462405143875,
        "1,42": 32.803841487800575,
        "1,43": 11.690138589596089,
        "1,44": 26.695613794873793,
        "1,45": 36.58519901700987,
        "1,46": 25.155511943165614,
        "1,47": 51.37683230755351,
        "1,48": 56.54986209967192,
        "1,49": 62.12463823358325,
        "1,50": 52.5943759643396,
        "1,51": 25.22951895779554,
        "1,52": 38.496742843746944,
        "1,53": 18.636129794191703,
        "1,54": 64.54518800218638,
        "1,55": 54.56748824667821,
        "1,56": 57.37582180279718,
        "1,57": 35.96115851741168,
        "1,58": 77.96059551900301,
        "1,59": 18.627131315287155,
        "1,60": 49.23949852368771,
        "2,0": 93.64161458157804,
        "2,1": 40.64251743318016,
        "2,2": 0.0,
        "2,3": 69.79978990753294,
        "2,4": 26.92375517183341,
        "2,5": 86.00741806637522,
        "2,6": 46.987546417833805,
        "2,7": 55.872304008882786,
        "2,8": 59.76484823200692,
        "2,9": 9.121818109624742,
        "2,10": 35.63780980371845,
        "2,11": 90.39343380340922,
        "2,12": 70.37573539414055,
        "2,13": 86.34254660943202,
        "2,14": 75.22898273114716,
        "2,15": 65.60248877193268,
        "2,16": 46.01245854899935,
        "2,17": 60.784230158776055,
        "2,18": 34.86639824128805,
        "2,19": 44.099786271361715,
        "2,20": 75.85321426798619,
        "2,21": 47.61050496859703,
        "2,22": 38.88632989049125,
        "2,23": 58.78617831918563,
        "2,24": 68.12203459002936,
        "2,25": 70.86133683697209,
        "2,26": 1.0151167987829823,
        "2,27": 50.633853441030325,
        "2,28": 46.79976523057481,
        "2,29": 55.57374378340808,
        "2,30": 69.20229973882904,
        "2,31": 14.02561955152117,
        "2,32": 7.9081819416007555,
        "2,33": 48.83033086665269,
        "2,34": 45.07180680660424,
        "2,35": 21.776998930133114,
        "2,36": 89.08702553913909,
        "2,37": 58.72320758627004,
        "2,38": 82.98926493568591,
        "2,39": 26.463617928197387,
        "2,40": 16.214081004659878,
        "2,41": 22.332623130020565,
        "2,42": 19.69670537367019,
        "2,43": 46.61913513786694,
        "2,44": 18.643760062975733,
        "2,45": 64.36156602846059,
        "2,46": 49.98616256861623,
        "2,47": 56.512321745150345,
        "2,48": 49.928451618535306,
        "2,49": 21.721013412876147,
        "2,50": 35.90573822348383,
        "2,51": 23.853332723828956,
        "2,52": 31.378607730249374,
        "2,53": 27.143211420430333,
        "2,54": 50.82797500106517,
        "2,55": 49.45946965599133,
        "2,56": 57.365690051479774,
        "2,57": 13.858271282508111,
        "2,58": 78.54753033979868,
        "2,59": 59.14128140535386,
        "2,60": 8.947744043925834,
        "3,0": 27.500445448447742,
        "3,1": 61.286454884946416,
        "3,2": 69.79978990753294,
        "3,3": 0.0,
        "3,4": 79.20769387825432,
        "3,5": 58.29757668676491,
        "3,6": 69.82785729941608,
        "3,7": 23.165401065104653,
        "3,8": 19.77366579355531,
        "3,9": 75.81056967168465,
        "3,10": 77.39934518109857,
        "3,11": 23.89400610111864,
        "3,12": 32.59936782191937,
        "3,13": 73.65218891869081,
        "3,14": 47.07861455201592,
        "3,15": 28.856431118510468,
        "3,16": 34.087684983785834,
        "3,17": 40.760291355996245,
        "3,18": 93.57118679847697,
        "3,19": 31.144662442750427,
        "3,20": 18.1200170800969,
        "3,21": 104.22975337443219,
        "3,22": 99.53196295362073,
        "3,23": 19.11616435566266,
        "3,24": 44.186992013882865,
        "3,25": 10.943327430238977,
        "3,26": 70.758779740762,
        "3,27": 26.445152145458373,
        "3,28": 93.12303355363237,
        "3,29": 22.74392726152873,
        "3,30": 21.745714095376158,
        "3,31": 77.93262894719267,
        "3,32": 63.19277786603711,
        "3,33": 93.45310073807455,
        "3,34": 35.38036466838284,
        "3,35": 51.60189900661644,
        "3,36": 21.796842034214844,
        "3,37": 69.1816884183045,
        "3,38": 22.82113216396758,
        "3,39": 62.84675649507415,
        "3,40": 75.42191615829428,
        "3,41": 78.7139056703916,
        "3,42": 79.80834324075256,
        "3,43": 51.50351057251153,
        "3,44": 73.08725694755884,
        "3,45": 34.2230547655817,
        "3,46": 86.44189085801432,
        "3,47": 13.298732785556405,
        "3,48": 25.59598728193386,
        "3,49": 79.46283162264187,
        "3,50": 40.58386782449155,
        "3,51": 76.08876577655748,
        "3,52": 91.09995814201234,
        "3,53": 51.41230648695414,
        "3,54": 34.70424848089225,
        "3,55": 24.312929950283536,
        "3,56": 15.552458544350605,
        "3,57": 77.94855499290477,
        "3,58": 19.307905504951382,
        "3,59": 68.31507550210861,
        "3,60": 76.58328090067481,
        "4,0": 105.95558405767909,
        "4,1": 26.264285784391102,
        "4,2": 26.92375517183341,
        "4,3": 79.20769387825432,
        "4,4": 0.0,
        "4,5": 75.28903561342983,
        "4,6": 73.68807966357905,
        "4,7": 59.13669246109464,
        "4,8": 63.46982977150234,
        "4,9": 33.636268665578726,
        "4,10": 10.895465399041676,
        "4,11": 102.4236198222091,
        "4,12": 67.82595083921228,
        "4,13": 70.07341713873467,
        "4,14": 67.29056353945847,
        "4,15": 64.61563846073888,
        "4,16": 47.133132997941864,
        "4,17": 55.029620895051764,
        "4,18": 14.511121213594468,
        "4,19": 61.70240494139133,
        "4,20": 90.16938015370032,
        "4,21": 25.384376369916723,
        "4,22": 20.618370403903253,
        "4,23": 74.07907589460076,
        "4,24": 60.8430579294472,
        "4,25": 76.45721312020459,
        "4,26": 27.099400410061275,
        "4,27": 54.262228069057564,
        "4,28": 20.021323570335475,
        "4,29": 59.163340107325546,
        "4,30": 85.34932866267553,
        "4,31": 38.592982051606754,
        "4,32": 25.177631008523772,
        "4,33": 21.94831584765271,
        "4,34": 45.82303596053846,
        "4,35": 43.9043406574937,
        "4,36": 100.6210239892402,
        "4,37": 40.15450470726236,
        "4,38": 97.26467164610256,
        "4,39": 16.693955962773085,
        "4,40": 10.797966383963386,
        "4,41": 48.03143278897744,
        "4,42": 9.01033171044902,
        "4,43": 37.1683504391508,
        "4,44": 8.807860000590336,
        "4,45": 61.23040091041701,
        "4,46": 23.85617502741175,
        "4,47": 67.02746847817535,
        "4,48": 66.33130069107648,
        "4,49": 47.108767571865236,
        "4,50": 56.16368084182961,
        "4,51": 3.627598266629693,
        "4,52": 12.655222486375667,
        "4,53": 27.79807386470779,
        "4,54": 70.82687009722905,
        "4,55": 65.02692085166585,
        "4,56": 70.80516756240327,
        "4,57": 14.866990525042835,
        "4,58": 92.71679800359212,
        "4,59": 40.98785304037192,
        "4,60": 32.63427074291814,
        "5,0": 79.18302422999334,
        "5,1": 49.15938981985486,
        "5,2": 86.00741806637522,
        "5,3": 58.29757668676491,
        "5,4": 75.28903561342983,
        "5,5": 0.0,
        "5,6": 112.82268907777618,
        "5,7": 42.79737145201432,
        "5,8": 42.736256604168794,
        "5,9": 95.02377272507523,
        "5,10": 66.33405321586267,
        "5,11": 76.20934775556508,
        "5,12": 26.141125738827835,
        "5,13": 19.058120755670256,
        "5,14": 12.651155388132088,
        "5,15": 31.13622420844313,
        "5,16": 44.33374964151461,
        "5,17": 26.65622181065277,
        "5,18": 87.52814118250771,
        "5,19": 74.9653715821551,
        "5,20": 76.32934296188182,
        "5,21": 92.11098561300547,
        "5,22": 93.19999631668642,
        "5,23": 72.48550526547446,
        "5,24": 19.101996908259117,
        "5,25": 47.462407735091176,
        "5,26": 86.94211755453762,
        "5,27": 45.28376437121579,
        "5,28": 76.12501503725136,
        "5,29": 43.50695336474176,
        "5,30": 79.37146644466124,
        "5,31": 99.51972287971095,
        "5,32": 78.25510878155771,
        "5,33": 74.83542446638398,
        "5,34": 44.57825453015974,
        "5,35": 81.33149769628183,
        "5,36": 73.707731361336,
        "5,37": 38.54865287296885,
        "5,38": 79.93568270017632,
        "5,39": 62.164662274477394,
        "5,40": 79.63431888589434,
        "5,41": 105.56378588134189,
        "5,42": 81.89028532426991,
        "5,43": 39.80162200927531,
        "5,44": 75.47997560237219,
        "5,45": 27.564041295221962,
        "5,46": 64.76485929658745,
        "5,47": 58.87498460655757,
        "5,48": 73.13487020452871,
        "5,49": 105.53720488069723,
        "5,50": 79.91277220769489,
        "5,51": 74.38812053810929,
        "5,52": 87.09804671628505,
        "5,53": 58.95464425113755,
        "5,54": 84.12901865379564,
        "5,55": 70.78562885368233,
        "5,56": 66.75449089710963,
        "5,57": 84.50652011568638,
        "5,58": 77.17907338196524,
        "5,59": 37.369441160113944,
        "5,60": 94.95460523990644,
        "6,0": 81.62304167985408,
        "6,1": 79.83659591799763,
        "6,2": 46.987546417833805,
        "6,3": 69.82785729941608,
        "6,4": 73.68807966357905,
        "6,5": 112.82268907777618,
        "6,6": 0.0,
        "6,7": 71.36250117087893,
        "6,8": 73.08584514798594,
        "6,9": 42.87145905251956,
        "6,10": 81.219126917122,
        "6,11": 79.62977635396157,
        "6,12": 89.42161740097823,
        "6,13": 119.86180250126246,
        "6,14": 100.26890971220664,
        "6,15": 83.78053205474544,
        "6,16": 68.7052193510698,
        "6,17": 86.41439559157966,
        "6,18": 81.29036316465331,
        "6,19": 40.1013428137015,
        "6,20": 63.776790249535196,
        "6,21": 93.84643864267332,
        "6,22": 84.47247918428366,
        "6,23": 51.019637781127585,
        "6,24": 93.78826935662025,
        "6,25": 77.37567350152214,
        "6,26": 47.004791748353504,
        "6,27": 67.86290002227778,
        "6,28": 93.68437837778174,
        "6,29": 70.71064725145638,
        "6,30": 55.012851472400854,
        "6,31": 39.576475904395615,
        "6,32": 49.22693456192953,
        "6,33": 95.63312961928332,
        "6,34": 68.66132052239905,
        "6,35": 34.19555449214972,
        "6,36": 79.63348264365182,
        "6,37": 97.70708043453592,
        "6,38": 69.05945680640018,
        "6,39": 68.15761576809888,
        "6,40": 63.14657202053917,
        "6,41": 31.41635777647324,
        "6,42": 66.64763260490865,
        "6,43": 80.20104270042175,
        "6,44": 65.04938535253609,
        "6,45": 85.7632155623944,
        "6,46": 95.67298774646603,
        "6,47": 59.779540861078935,
        "6,48": 44.572004082349494,
        "6,49": 32.828606861424575,
        "6,50": 33.08577082293974,
        "6,51": 70.39421259507218,
        "6,52": 77.78446222357486,
        "6,53": 61.39502184178085,
        "6,54": 35.33893840636536,
        "6,55": 46.33106664602866,
        "6,56": 54.401415471699885,
        "6,57": 60.61519733851208,
        "6,58": 66.02441825527737,
        "6,59": 97.70749215961071,
        "6,60": 44.20219662458958,
        "7,0": 50.47893248554047,
        "7,1": 38.64135886505787,
        "7,2": 55.872304008882786,
        "7,3": 23.165401065104653,
        "7,4": 59.13669246109464,
        "7,5": 42.79737145201432,
        "7,6": 71.36250117087893,
        "7,7": 0.0,
        "7,8": 4.3331488705879435,
        "7,9": 63.60058797464879,
        "7,10": 55.75870583422333,
        "7,11": 46.88517300204084,
        "7,12": 18.060052286692223,
        "7,13": 54.54962626150777,
        "7,14": 30.20533045216886,
        "7,15": 12.419967103027952,
        "7,16": 12.049715294754192,
        "7,17": 19.35487205784996,
        "7,18": 73.6466794869352,
        "7,19": 32.31443584653739,
        "7,20": 39.67411170460503,
        "7,21": 83.3525000229844,
        "7,22": 79.7518337302185,
        "7,23": 30.823990360448008,
        "7,24": 24.95719461624114,
        "7,25": 17.462008747514403,
        "7,26": 56.88666456834646,
        "7,27": 5.26644977061224,
        "7,28": 71.11981987580684,
        "7,29": 0.7129825218815615,
        "7,30": 39.74069794411831,
        "7,31": 66.94560678809059,
        "7,32": 48.25509517985688,
        "7,33": 71.23875328968671,
        "7,34": 13.379921506340407,
        "7,35": 43.330108371712534,
        "7,36": 44.65945510721023,
        "7,37": 46.14818621307055,
        "7,38": 45.47958213459024,
        "7,39": 42.44361930033493,
        "7,40": 57.38679610068151,
        "7,41": 70.40880004699657,
        "7,42": 61.38673371945282,
        "7,43": 28.39931492959669,
        "7,44": 54.339058000876356,
        "7,45": 15.271529587062542,
        "7,46": 63.72454468863914,
        "7,47": 17.152232141325428,
        "7,48": 30.37127263174983,
        "7,49": 70.78387126704837,
        "7,50": 38.307537769090985,
        "7,51": 56.39436964886551,
        "7,52": 71.57081135264129,
        "7,53": 32.17868357912398,
        "7,54": 41.340095793501135,
        "7,55": 28.01035005078954,
        "7,56": 25.046121269113648,
        "7,57": 60.83809020747553,
        "7,58": 41.479916703360715,
        "7,59": 45.322595931717046,
        "7,60": 64.03505634392423,
        "8,0": 46.76245303999735,
        "8,1": 42.7470800535513,
        "8,2": 59.76484823200692,
        "8,3": 19.77366579355531,
        "8,4": 63.46982977150234,
        "8,5": 42.736256604168794,
        "8,6": 73.08584514798594,
        "8,7": 4.3331488705879435,
        "8,8": 0.0,
        "8,9": 67.32651656699501,
        "8,10": 60.028119429309655,
        "8,11": 43.18732808176346,
        "8,12": 16.98098641858843,
        "8,13": 55.76761489821781,
        "8,14": 30.382242622340705,
        "8,15": 11.61437008397802,
        "8,16": 16.373722710111227,
        "8,17": 21.344001410995208,
        "8,18": 77.97982809808055,
        "8,19": 33.40864143357035,
        "8,20": 36.986756976832154,
        "8,21": 87.66248411164725,
        "8,22": 84.0848605618369,
        "8,23": 29.867127348500087,
        "8,24": 25.93815735396882,
        "8,25": 13.187185619465218,
        "8,26": 60.77738618593987,
        "8,27": 9.4343403271292,
        "8,28": 75.33034304278146,
        "8,29": 4.367608530338387,
        "8,30": 37.88907121582254,
        "8,31": 70.53508018538227,
        "8,32": 52.223882897640244,
        "8,33": 75.41191566701963,
        "8,34": 17.7011905416562,
        "8,35": 46.34853182968266,
        "8,36": 40.90629827794787,
        "8,37": 49.429031626079706,
        "8,38": 42.439697552221496,
        "8,39": 46.77676607017743,
        "8,40": 61.65074544582018,
        "8,41": 73.6589412138546,
        "8,42": 65.67602125410286,
        "8,43": 32.24446426118619,
        "8,44": 58.63686648942444,
        "8,45": 15.840940483953984,
        "8,46": 67.76565542686559,
        "8,47": 16.163305686977623,
        "8,48": 30.692109045517764,
        "8,49": 74.0872814653189,
        "8,50": 40.2263434446975,
        "8,51": 60.72370892771115,
        "8,52": 75.90091700714643,
        "8,53": 36.46421804459822,
        "8,54": 41.72317581422633,
        "8,55": 28.402028552019353,
        "8,56": 24.09263778018688,
        "8,57": 65.04611671524087,
        "8,58": 38.61566618952982,
        "8,59": 48.55126532003452,
        "8,60": 67.80310025203654,
        "9,0": 98.35288836209199,
        "9,1": 49.66710700879695,
        "9,2": 9.121818109624742,
        "9,3": 75.81056967168465,
        "9,4": 33.636268665578726,
        "9,5": 95.02377272507523,
        "9,6": 42.87145905251956,
        "9,7": 63.60058797464879,
        "9,8": 67.32651656699501,
        "9,9": 0.0,
        "9,10": 43.294732566869676,
        "9,11": 95.24461044591968,
        "9,12": 78.75838148049962,
        "9,13": 95.44875371262214,
        "9,14": 84.11257951178563,
        "9,15": 73.8344898989808,
        "9,16": 54.318927600346655,
        "9,17": 69.59785232025821,
        "9,18": 38.71193618888499,
        "9,19": 48.02092611162072,
        "9,20": 80.13325386177227,
        "9,21": 51.09263858861924,
        "9,22": 41.61393443632101,
        "9,23": 63.110383679663784,
        "9,24": 76.99789799959085,
        "9,25": 77.81558175169454,
        "9,26": 8.281159101904295,
        "9,27": 58.42632104535185,
        "9,28": 52.82548868296556,
        "9,29": 63.249858094200036,
        "9,30": 72.8945047310057,
        "9,31": 5.1270321756492265,
        "9,32": 16.771773934545944,
        "9,33": 55.03215416522862,
        "9,34": 53.45140797421417,
        "9,35": 25.087432651686477,
        "9,36": 94.12049659430821,
        "9,37": 67.64481439570321,
        "9,38": 87.15504564671282,
        "9,39": 35.42667619268304,
        "9,40": 22.928166996024363,
        "9,41": 14.395489671605674,
        "9,42": 25.267557937927712,
        "9,43": 55.72244340344009,
        "9,44": 26.208964224660885,
        "9,45": 72.88119744217354,
        "9,46": 57.337306030770264,
        "9,47": 62.53832126058032,
        "9,48": 54.11421379992852,
        "9,49": 13.496348519875907,
        "9,50": 38.94111396952551,
        "9,51": 31.02813667222262,
        "9,52": 35.23328708351909,
        "9,53": 36.08849174550071,
        "9,54": 53.2095337990353,
        "9,55": 54.01037055838891,
        "9,56": 62.4276780113629,
        "9,57": 19.01941402648358,
        "9,58": 82.83146237078991,
        "9,59": 68.09549393150228,
        "9,60": 1.3500896591660543,
        "10,0": 104.71619907960726,
        "10,1": 18.74264856423645,
        "10,2": 35.63780980371845,
        "10,3": 77.39934518109857,
        "10,4": 10.895465399041676,
        "10,5": 66.33405321586267,
        "10,6": 81.219126917122,
        "10,7": 55.75870583422333,
        "10,8": 60.028119429309655,
        "10,9": 43.294732566869676,
        "10,10": 0.0,
        "10,11": 101.12741942458226,
        "10,12": 61.797243558143784,
        "10,13": 59.79163111659967,
        "10,14": 59.384283103249366,
        "10,15": 59.301226710960805,
        "10,16": 43.789587989083785,
        "10,17": 48.38161016304892,
        "10,18": 21.203343727608893,
        "10,19": 64.09077892992843,
        "10,20": 90.12995711413934,
        "10,21": 28.028520483485227,
        "10,22": 26.99979350968531,
        "10,23": 74.9404394364923,
        "10,24": 53.37688321730507,
        "10,25": 73.21224287219214,
        "10,26": 36.01442804011779,
        "10,27": 51.3477901482957,
        "10,28": 15.935122251416717,
        "10,29": 55.91307113761134,
        "10,30": 86.25118098484793,
        "10,31": 48.37359376382155,
        "10,32": 31.992669121067504,
        "10,33": 16.770692074728135,
        "10,34": 42.45484402759216,
        "10,35": 49.3117406560661,
        "10,36": 99.14874931024896,
        "10,37": 29.81181146417748,
        "10,38": 97.04902381667434,
        "10,39": 15.856121809719726,
        "10,40": 20.53033706198173,
        "10,41": 57.58402316607443,
        "10,42": 19.781122390239833,
        "10,43": 30.40680117816695,
        "10,44": 17.11066197059707,
        "10,45": 55.26065308643555,
        "10,46": 14.473460624942128,
        "10,47": 66.15283877346465,
        "10,48": 67.98255729882558,
        "10,49": 56.77140357952955,
        "10,50": 60.00817872101151,
        "10,51": 12.426159571508306,
        "10,52": 20.90293826108326,
        "10,53": 27.513625959950836,
        "10,54": 73.95737493763481,
        "10,55": 66.37281985936816,
        "10,56": 70.9895189972311,
        "10,57": 25.226116360218093,
        "10,58": 92.5527739012173,
        "10,59": 30.730063977502216,
        "10,60": 42.41911032281894,
        "11,0": 3.6064477786292315,
        "11,1": 85.18030548438996,
        "11,2": 90.39343380340922,
        "11,3": 23.89400610111864,
        "11,4": 102.4236198222091,
        "11,5": 76.20934775556508,
        "11,6": 79.62977635396157,
        "11,7": 46.88517300204084,
        "11,8": 43.18732808176346,
        "11,9": 95.24461044591968,
        "11,10": 101.12741942458226,
        "11,11": 0.0,
        "11,12": 52.76245373865831,
        "11,13": 93.47491150037943,
        "11,14": 66.71585829421946,
        "11,15": 50.39668299082549,
        "11,16": 57.98109987272132,
        "11,17": 63.23345927208805,
        "11,18": 116.6334834469892,
        "11,19": 47.45897587533419,
        "11,20": 16.066516601476405,
        "11,21": 127.63216574669815,
        "11,22": 122.49645774011225,
        "11,23": 32.30787711745001,
        "11,24": 65.35444685014171,
        "11,25": 31.3571265251747,
        "11,26": 91.29075048625647,
        "11,27": 50.33896805087596,
        "11,28": 116.91347768306903,
        "11,29": 46.51188169233887,
        "11,30": 24.73028062810361,
        "11,31": 96.55432150212,
        "11,32": 84.5128487114817,
        "11,33": 117.28950181122764,
        "11,34": 59.27183734083792,
        "11,35": 70.20697366293955,
        "11,36": 2.506609459698251,
        "11,37": 92.48007406645544,
        "11,38": 10.914310462148798,
        "11,39": 86.302633837381,
        "11,40": 97.85053607611064,
        "11,41": 95.57008831816533,
        "11,42": 102.34508428608635,
        "11,43": 75.28350603562619,
        "11,44": 95.84890464148897,
        "11,45": 56.01513734134692,
        "11,46": 110.33578851113086,
        "11,47": 35.40688574924517,
        "11,48": 41.27838205767257,
        "11,49": 96.53576771787868,
        "11,50": 57.035277373610626,
        "11,51": 99.18849186494737,
        "11,52": 114.0099719052587,
        "11,53": 74.67622995633813,
        "11,54": 45.737570279722405,
        "11,55": 41.23558540585044,
        "11,56": 33.02965011052686,
        "11,57": 99.91515021267894,
        "11,58": 13.640945886869545,
        "11,59": 91.55764962358704,
        "11,60": 96.18534819590013,
        "12,0": 56.05773847650157,
        "12,1": 43.09341760799623,
        "12,2": 70.37573539414055,
        "12,3": 32.59936782191937,
        "12,4": 67.82595083921228,
        "12,5": 26.141125738827835,
        "12,6": 89.42161740097823,
        "12,7": 18.060052286692223,
        "12,8": 16.98098641858843,
        "12,9": 78.75838148049962,
        "12,10": 61.797243558143784,
        "12,11": 52.76245373865831,
        "12,12": 0.0,
        "12,13": 41.166956720891626,
        "12,14": 14.479398718372297,
        "12,15": 5.641274959870382,
        "12,16": 24.445075772915057,
        "12,17": 13.751590249688842,
        "12,18": 81.92000778140198,
        "12,19": 50.188988031637955,
        "12,20": 50.71933062551461,
        "12,21": 89.77162417988836,
        "12,22": 88.02663171203197,
        "12,23": 46.41815431563302,
        "12,24": 12.816203475001412,
        "12,25": 22.111132921873722,
        "12,26": 71.38202972389348,
        "12,27": 21.969045116092225,
        "12,28": 75.51726069315787,
        "12,29": 18.71782059998692,
        "12,30": 53.296809916123905,
        "12,31": 82.57932022436918,
        "12,32": 62.49643952089765,
        "12,33": 75.03693110579009,
        "12,34": 25.316730522541317,
        "12,35": 60.5426566127507,
        "12,36": 50.27490795805355,
        "12,37": 43.009693300610884,
        "12,38": 54.92927437598796,
        "12,39": 51.77288080414755,
        "12,40": 68.64782328151774,
        "12,41": 86.97422699991652,
        "12,42": 72.04823945528464,
        "12,43": 31.403774913168046,
        "12,44": 64.9966545560668,
        "12,45": 6.596180297018459,
        "12,46": 66.03617660718399,
        "12,47": 32.923502409871304,
        "12,48": 47.671859390245764,
        "12,49": 87.22008108704942,
        "12,50": 56.358399673936056,
        "12,51": 65.76383556870847,
        "12,52": 80.47062651744524,
        "12,53": 44.1266622915762,
        "12,54": 58.703474463070414,
        "12,55": 45.37569766947451,
        "12,56": 40.7255107829818,
        "12,57": 72.82024458208689,
        "12,58": 51.800436585892896,
        "12,59": 41.90029709808169,
        "12,60": 79.00961422072263,
        "13,0": 96.62297508763496,
        "13,1": 46.083073716693875,
        "13,2": 86.34254660943202,
        "13,3": 73.65218891869081,
        "13,4": 70.07341713873467,
        "13,5": 19.058120755670256,
        "13,6": 119.86180250126246,
        "13,7": 54.54962626150777,
        "13,8": 55.76761489821781,
        "13,9": 95.44875371262214,
        "13,10": 59.79163111659967,
        "13,11": 93.47491150037943,
        "13,12": 41.166956720891626,
        "13,13": 0.0,
        "13,14": 26.81386209563964,
        "13,15": 44.92962613731288,
        "13,16": 51.998867274117856,
        "13,17": 35.457711705469876,
        "13,18": 80.20073647116065,
        "13,19": 84.92755850876057,
        "13,20": 91.74649020334562,
        "13,21": 82.33194405849243,
        "13,22": 85.28584554559012,
        "13,23": 85.35385526296042,
        "13,24": 29.832845279240843,
        "13,25": 63.27795298904105,
        "13,26": 87.1680327236449,
        "13,27": 55.46026572154355,
        "13,28": 66.06392037664239,
        "13,29": 55.246663388250546,
        "13,30": 93.60453859716742,
        "13,31": 100.33787645494968,
        "13,32": 79.15654857511349,
        "13,33": 64.32129243035273,
        "13,34": 51.75517185449631,
        "13,35": 86.47004936540822,
        "13,36": 90.96975223480861,
        "13,37": 29.981250988953807,
        "13,38": 96.0962256628577,
        "13,39": 60.33470284014996,
        "13,40": 76.70972280421769,
        "13,41": 107.64338119549096,
        "13,42": 77.95830044844156,
        "13,43": 40.58484861262972,
        "13,44": 72.47564482253216,
        "13,45": 39.95816920923758,
        "13,46": 54.31359164150367,
        "13,47": 71.62525078658103,
        "13,48": 84.311696797781,
        "13,49": 107.36642403082209,
        "13,50": 88.06758110855262,
        "13,51": 70.08989248400785,
        "13,52": 80.51362030005733,
        "13,53": 60.8205583218656,
        "13,54": 94.94680169035881,
        "13,55": 81.93229668053692,
        "13,56": 79.56469364594417,
        "13,57": 81.80344171866612,
        "13,58": 92.9223589176531,
        "13,59": 29.09623554264281,
        "13,60": 95.11225793509925,
        "14,0": 69.90661387795953,
        "14,1": 41.093829879433265,
        "14,2": 75.22898273114716,
        "14,3": 47.07861455201592,
        "14,4": 67.29056353945847,
        "14,5": 12.651155388132088,
        "14,6": 100.26890971220664,
        "14,7": 30.20533045216886,
        "14,8": 30.382242622340705,
        "14,9": 84.11257951178563,
        "14,10": 59.384283103249366,
        "14,11": 66.71585829421946,
        "14,12": 14.479398718372297,
        "14,13": 26.81386209563964,
        "14,14": 0.0,
        "14,15": 18.89833184515684,
        "14,16": 32.01311289309981,
        "14,17": 14.659235834746744,
        "14,18": 80.44599478560814,
        "14,19": 62.319738123500656,
        "14,20": 65.19861954066272,
        "14,21": 86.49355164717787,
        "14,22": 86.36041770429848,
