{
    "num_robots": 3,
    "num_tasks": 50,
    "num_nodes": 51,
    "robot_capacity": [
        192,
        250,
        237
    ],
    "robot_speed": [
        1.07,
        0.82,
        0.85
    ],
    "task_demand": {
        "0": 0,
        "1": 9,
        "2": 6,
        "3": 5,
        "4": 14,
        "5": 14,
        "6": 5,
        "7": 14,
        "8": 10,
        "9": 14,
        "10": 14,
        "11": 5,
        "12": 12,
        "13": 12,
        "14": 8,
        "15": 7,
        "16": 8,
        "17": 8,
        "18": 15,
        "19": 11,
        "20": 13,
        "21": 14,
        "22": 7,
        "23": 7,
        "24": 10,
        "25": 10,
        "26": 12,
        "27": 15,
        "28": 7,
        "29": 7,
        "30": 5,
        "31": 5,
        "32": 12,
        "33": 13,
        "34": 10,
        "35": 14,
        "36": 13,
        "37": 15,
        "38": 9,
        "39": 15,
        "40": 14,
        "41": 15,
        "42": 12,
        "43": 13,
        "44": 11,
        "45": 5,
        "46": 15,
        "47": 6,
        "48": 7,
        "49": 7,
        "50": 6
    },
    "task_service_time": {
        "0": 0,
        "1": 60,
        "2": 36,
        "3": 62,
        "4": 63,
        "5": 25,
        "6": 22,
        "7": 48,
        "8": 56,
        "9": 17,
        "10": 81,
        "11": 93,
        "12": 39,
        "13": 48,
        "14": 86,
        "15": 27,
        "16": 38,
        "17": 46,
        "18": 25,
        "19": 14,
        "20": 68,
        "21": 51,
        "22": 56,
        "23": 46,
        "24": 84,
        "25": 72,
        "26": 49,
        "27": 32,
        "28": 13,
        "29": 91,
        "30": 13,
        "31": 88,
        "32": 48,
        "33": 15,
        "34": 55,
        "35": 68,
        "36": 33,
        "37": 94,
        "38": 80,
        "39": 57,
        "40": 39,
        "41": 35,
        "42": 18,
        "43": 72,
        "44": 20,
        "45": 60,
        "46": 41,
        "47": 29,
        "48": 48,
        "49": 52,
        "50": 77
    },
    "task_precedence": [],
    "coordinates": {
        "0": [
            0,
            100
        ],
        "1": [
            59.64474882396162,
            44.54066423299427
        ],
        "2": [
            56.03169182088632,
            87.07643134560503
        ],
        "3": [
            63.00523302655223,
            21.0058972684676
        ],
        "4": [
            36.63301520838706,
            71.51237095422516
        ],
        "5": [
            46.422586150391176,
            23.55917012894112
        ],
        "6": [
            52.08362791476561,
            19.876773587243825
        ],
        "7": [
            58.430918204229464,
            22.866279459875805
        ],
        "8": [
            24.179004464310395,
            87.8359203801039
        ],
        "9": [
            29.10607039363985,
            32.78950456021883
        ],
        "10": [
            72.1089016795429,
            97.2557484488181
        ],
        "11": [
            99.84687287670631,
            72.66232675755222
        ],
        "12": [
            79.54452211475355,
            68.30232909819331
        ],
        "13": [
            91.36034159465143,
            71.56559357584793
        ],
        "14": [
            28.88217241842419,
            42.3842464546525
        ],
        "15": [
            46.4301337785386,
            51.15656792008423
        ],
        "16": [
            70.36644459876004,
            43.09497233230466
        ],
        "17": [
            79.72929970351676,
            2.0703703421474873
        ],
        "18": [
            82.11075314878816,
            50.41890996065682
        ],
        "19": [
            27.82389782737067,
            4.153165715467222
        ],
        "20": [
            77.60940258250271,
            19.40693935030202
        ],
        "21": [
            21.83842299001214,
            54.610142445001216
        ],
        "22": [
            70.45636884292368,
            51.9371633205668
        ],
        "23": [
            18.03289597536142,
            22.245407571704266
        ],
        "24": [
            88.36780152012761,
            68.72072474958328
        ],
        "25": [
            38.78973121411676,
            26.953004573132645
        ],
        "26": [
            25.09128275703261,
            34.7027844928644
        ],
        "27": [
            84.55816299852495,
            18.38798876089359
        ],
        "28": [
            16.460022045113043,
            66.26376873539478
        ],
        "29": [
            41.970559722833244,
            44.13186425062599
        ],
        "30": [
            23.34193086616513,
            39.87171539367333
        ],
        "31": [
            51.70874398102446,
            1.5389886625711502
        ],
        "32": [
            82.9867344072737,
            96.00290957946982
        ],
        "33": [
            63.072186544352284,
            12.360565575376325
        ],
        "34": [
            72.70253783343664,
            2.6764604717828044
        ],
        "35": [
            43.32065785911834,
            64.87456932391555
        ],
        "36": [
            88.83611904782273,
            83.67789289143987
        ],
        "37": [
            46.78222079013295,
            56.42058443213831
        ],
        "38": [
            31.46678155859043,
            54.47691944850693
        ],
        "39": [
            57.50394477264125,
            82.66530661527945
        ],
        "40": [
            92.22392223698716,
            0.10858959718967887
        ],
        "41": [
            1.5283747516563806,
            34.959105348119046
        ],
        "42": [
            74.85491218547175,
            73.85555278603282
        ],
        "43": [
            59.73837505231342,
            17.22332573512991
        ],
        "44": [
            11.444301672159462,
            0.20283793172577447
        ],
        "45": [
            83.12418286695366,
            59.872818711213895
        ],
        "46": [
            7.84694677030946,
            51.55526434252919
        ],
        "47": [
            73.8160702106005,
            38.831792554979586
        ],
        "48": [
            90.03905782249139,
            70.63298120132077
        ],
        "49": [
            19.0494878774092,
            53.454794813110155
        ],
        "50": [
            11.952633589836637,
            65.18608013824016
        ]
    },
    "distance_matrix_str_keys": {
        "0,0": 0.0,
        "0,1": 81.44466824778006,
        "0,2": 57.502774846746654,
        "0,3": 101.04319697579864,
        "0,4": 46.406064387185346,
        "0,5": 89.43297477030862,
        "0,6": 95.5637782193313,
        "0,7": 96.76664222009221,
        "0,8": 27.066383021828273,
        "0,9": 73.2421602017606,
        "0,10": 72.16110183475685,
        "0,11": 103.52171946779089,
        "0,12": 85.62752676017075,
        "0,13": 95.68295294871108,
        "0,14": 64.4496310323481,
        "0,15": 67.390193500526,
        "0,16": 90.49651208378994,
        "0,17": 126.28132718710769,
        "0,18": 95.91902977069087,
        "0,19": 99.80373205784767,
        "0,20": 111.8859275963643,
        "0,21": 50.370188480427295,
        "0,22": 85.28854659451042,
        "0,23": 79.81830605161069,
        "0,24": 93.74039367152243,
        "0,25": 82.70735631463627,
        "0,26": 69.95211807642906,
        "0,27": 117.51852325560063,
        "0,28": 37.53752290261751,
        "0,29": 69.87686652647209,
        "0,30": 64.50004919579716,
        "0,31": 111.21315101050065,
        "0,32": 83.08293940041649,
        "0,33": 107.97578979453444,
        "0,34": 121.48057603470087,
        "0,35": 55.77163506234335,
        "0,36": 90.32312676132422,
        "0,37": 63.93544903489091,
        "0,38": 55.33994221675491,
        "0,39": 60.059930562374525,
        "0,40": 135.95420444045317,
        "0,41": 65.0588495632883,
        "0,42": 79.289280476106,
        "0,43": 102.08159117217593,
        "0,44": 100.45121003574214,
        "0,45": 92.30287349525939,
        "0,46": 49.076134592470645,
        "0,47": 95.86637483170703,
        "0,48": 94.70719997277887,
        "0,49": 50.29253537336567,
        "0,50": 36.808619450801565,
        "1,0": 81.44466824778006,
        "1,1": 0.0,
        "1,2": 42.68894077821246,
        "1,3": 23.77347492796198,
        "1,4": 35.45437698578634,
        "1,5": 24.800175011575554,
        "1,6": 25.796861266228053,
        "1,7": 21.708347244011662,
        "1,8": 55.96693870338065,
        "1,9": 32.72156221707124,
        "1,10": 54.168581394464205,
        "1,11": 49.061580503459126,
        "1,12": 30.993833163888432,
        "1,13": 41.66804088006136,
        "1,14": 30.838064866999627,
        "1,15": 14.778235090685595,
        "1,16": 10.818723832275682,
        "1,17": 46.979943031131235,
        "1,18": 23.22229797323917,
        "1,19": 51.41708465724688,
        "1,20": 30.893897635991607,
        "1,21": 39.12432318296175,
        "1,22": 13.099592596217736,
        "1,23": 47.20831247869757,
        "1,24": 37.54582643613848,
        "1,25": 27.281083772791412,
        "1,26": 35.92667386524492,
        "1,27": 36.11980952583152,
        "1,28": 48.340602977062815,
        "1,29": 17.678916194383337,
        "1,30": 36.6018261148417,
        "1,31": 43.72784324353359,
        "1,32": 56.508503670442316,
        "1,33": 32.36210869120213,
        "1,34": 43.85336258915841,
        "1,35": 26.07572898453795,
        "1,36": 48.82477611428424,
        "1,37": 17.50934411561607,
        "1,38": 29.878537563209697,
        "1,39": 38.18470110873313,
        "1,40": 55.096386421594836,
        "1,41": 58.900927038345024,
        "1,42": 33.025925579170305,
        "1,43": 27.317498942574105,
        "1,44": 65.49141887877471,
        "1,45": 28.042089507082093,
        "1,46": 52.27061231979227,
        "1,47": 15.278009218463206,
        "1,48": 40.05774612074083,
        "1,49": 41.562446214317575,
        "1,50": 51.96894316229296,
        "2,0": 57.502774846746654,
        "2,1": 42.68894077821246,
        "2,2": 0.0,
        "2,3": 66.43753269188508,
        "2,4": 24.870637912664115,
        "2,5": 64.239998320771,
        "2,6": 67.31553469629198,
        "2,7": 64.25496006089294,
        "2,8": 31.861740621461596,
        "2,9": 60.59752065097446,
        "2,10": 19.028798530833473,
        "2,11": 46.1252263087089,
        "2,12": 30.088537744870056,
        "2,13": 38.58366990265541,
        "2,14": 52.29233016525228,
        "2,15": 37.18099656206971,
        "2,16": 46.258554604974194,
        "2,17": 88.24741937689993,
        "2,18": 44.987679578217865,
        "2,19": 87.58965478152663,
        "2,20": 71.02645808861901,
        "2,21": 47.1512412171504,
        "2,22": 37.98472672700919,
        "2,23": 75.14632478892077,
        "2,24": 37.1827373268914,
        "2,25": 62.54687564083631,
        "2,26": 60.83015533182691,
        "2,27": 74.37648622086047,
        "2,28": 44.711116892438426,
        "2,29": 45.18795501960733,
        "2,30": 57.418687544904486,
        "2,31": 85.64661101747967,
        "2,32": 28.39465327299523,
        "2,33": 75.04684646103382,
        "2,34": 86.03064680842638,
        "2,35": 25.583062006088262,
        "2,36": 32.98000165724384,
        "2,37": 32.02083172452978,
        "2,38": 40.81865985212756,
        "2,39": 4.650327960525046,
        "2,40": 94.19810529341635,
        "2,41": 75.41105516220577,
        "2,42": 23.002288033600042,
        "2,43": 69.95138214507512,
        "2,44": 97.64761437390466,
        "2,45": 38.393223509406496,
        "2,46": 59.862533865928995,
        "2,47": 51.41818050793371,
        "2,48": 37.774171003672414,
        "2,49": 49.9809748968558,
        "2,50": 49.21535177683941,
        "3,0": 101.04319697579864,
        "3,1": 23.77347492796198,
        "3,2": 66.43753269188508,
        "3,3": 0.0,
        "3,4": 56.97716873291328,
        "3,5": 16.77806245427298,
        "3,6": 10.979816870299071,
        "3,7": 4.938155322772927,
        "3,8": 77.28989593387539,
        "3,9": 35.88880923099644,
        "3,10": 76.79138355290289,
        "3,11": 63.44835013149856,
        "3,12": 50.10489544312997,
        "3,13": 57.96805217189224,
        "3,14": 40.26682355478803,
        "3,15": 34.4063490626913,
        "3,16": 23.28335613666196,
        "3,17": 25.263582212207144,
        "3,18": 35.07344030419665,
        "3,19": 39.00949765370821,
        "3,20": 14.691440870214711,
        "3,21": 53.14086508958206,
        "3,22": 31.816075253553166,
        "3,23": 44.98941526223407,
        "3,24": 54.03669718019353,
        "3,25": 24.935087995057604,
        "3,26": 40.31218605679245,
        "3,27": 21.71133886545895,
        "3,28": 64.92096421822144,
        "3,29": 31.26128324068077,
        "3,30": 43.921482577430254,
        "3,31": 22.507136544350864,
        "3,32": 77.61322215321556,
        "3,33": 8.645590948981697,
        "3,34": 20.73658539396701,
        "3,35": 48.08266722459139,
        "3,36": 67.7865304320093,
        "3,37": 38.95364158745203,
        "3,38": 45.988947006576126,
        "3,39": 61.90433695186733,
        "3,40": 35.92254538704124,
        "3,41": 63.0404324149643,
        "3,42": 54.16180374114809,
        "3,43": 4.998020451005011,
        "3,44": 55.59943273002347,
        "3,45": 43.76539415014105,
        "3,46": 63.05315512606312,
        "3,47": 20.84794338503659,
        "3,48": 56.512610475680454,
        "3,49": 54.63550570351776,
        "3,50": 67.51486108741007,
        "4,0": 46.406064387185346,
        "4,1": 35.45437698578634,
        "4,2": 24.870637912664115,
        "4,3": 56.97716873291328,
        "4,4": 0.0,
        "4,5": 48.94226362376952,
        "4,6": 53.897646965776865,
        "4,7": 53.30657363489764,
        "4,8": 20.531942174881628,
        "4,9": 39.447627051729164,
        "4,10": 43.83218002499364,
        "4,11": 63.22431652188998,
        "4,12": 43.0314047376171,
        "4,13": 54.7273522659023,
        "4,14": 30.141718610877593,
        "4,15": 22.590755840439456,
        "4,16": 44.107740849791995,
        "4,17": 81.72809300536109,
        "4,18": 50.13141475026401,
        "4,19": 67.93278353953737,
        "4,20": 66.28755784357044,
        "4,21": 22.46253074535508,
        "4,22": 39.07950876082961,
        "4,23": 52.661163264947206,
        "4,24": 51.81005117979859,
        "4,25": 44.61152940904188,
        "4,26": 38.57664116320966,
        "4,27": 71.54732541562768,
        "4,28": 20.844603100491298,
        "4,29": 27.895905233376705,
        "4,30": 34.318857896112114,
        "4,31": 71.578990125316,
        "4,32": 52.42569757021677,
        "4,33": 64.79171135654418,
        "4,34": 77.71353186122596,
        "4,35": 9.422577922586848,
        "4,36": 53.60190271320372,
        "4,37": 18.187039186431207,
        "4,38": 17.80158920231473,
        "4,39": 23.66397419571945,
        "4,40": 90.49225898575959,
        "4,41": 50.68014412042326,
        "4,42": 38.29365364683539,
        "4,43": 59.00133968240292,
        "4,44": 75.62751344251024,
        "4,45": 47.92606646361391,
        "4,46": 35.02747265265204,
        "4,47": 49.5035330436815,
        "4,48": 53.413282187458215,
        "4,49": 25.204295060394195,
        "4,50": 25.4782886459373,
        "5,0": 89.43297477030862,
        "5,1": 24.800175011575554,
        "5,2": 64.239998320771,
        "5,3": 16.77806245427298,
        "5,4": 48.94226362376952,
        "5,5": 0.0,
        "5,6": 6.753327931345831,
        "5,7": 12.028305624422662,
        "5,8": 68.01674462274494,
        "5,9": 19.622965924320606,
        "5,10": 78.04468246793566,
        "5,11": 72.5622105720977,
        "5,12": 55.66877865172807,
        "5,13": 65.75726998995522,
        "5,14": 25.73032476587567,
        "5,15": 27.597398823245666,
        "5,16": 30.902361157757326,
        "5,17": 39.63717552988434,
        "5,18": 44.66644028275509,
        "5,19": 26.879438510367507,
        "5,20": 31.462017411623496,
        "5,21": 39.604847683949856,
        "5,22": 37.18780993949265,
        "5,23": 28.42007178546491,
        "5,24": 61.63576160125564,
        "5,25": 8.35335781065252,
        "5,26": 24.06667084478757,
        "5,27": 38.484585723132824,
        "5,28": 52.167403518875894,
        "5,29": 21.048902174129683,
        "5,30": 28.263329268916795,
        "5,31": 22.645791141451188,
        "5,32": 81.14821207720706,
        "5,33": 20.065341692224234,
        "5,34": 33.56670110523787,
        "5,35": 41.431680749932084,
        "5,36": 73.57423869423111,
        "5,37": 32.86338216131254,
        "5,38": 34.34506243953621,
        "5,39": 60.13594498514654,
        "5,40": 51.45572965757535,
        "5,41": 46.31898897985299,
        "5,42": 57.77649411442092,
        "5,43": 14.746293034628891,
        "5,44": 42.05946550714576,
        "5,45": 51.63030384282075,
        "5,46": 47.66404561929475,
        "5,47": 31.363290081323985,
        "5,48": 64.17429617846396,
        "5,49": 40.5343667067715,
        "5,50": 54.04606615147083,
        "6,0": 95.5637782193313,
        "6,1": 25.796861266228053,
        "6,2": 67.31553469629198,
        "6,3": 10.979816870299071,
        "6,4": 53.897646965776865,
        "6,5": 6.753327931345831,
        "6,6": 0.0,
        "6,7": 7.0160700809800405,
        "6,8": 73.46505048473865,
        "6,9": 26.357290657749154,
        "6,10": 79.92820115567734,
        "6,11": 71.18737382984295,
        "6,12": 55.66987638577062,
        "6,13": 64.91836681021827,
        "6,14": 32.32481820561175,
        "6,15": 31.78659354906008,
        "6,16": 29.552430337718242,
        "6,17": 32.883904348150764,
        "6,18": 42.830483817858415,
        "6,19": 28.909623802786683,
        "6,20": 25.53009824889618,
        "6,21": 46.056262691944106,
        "6,22": 36.95167383307252,
        "6,23": 34.133015872634246,
        "6,24": 60.84630489498151,
        "6,25": 15.05990486202271,
        "6,26": 30.79605975588066,
        "6,27": 32.50864360697762,
        "6,28": 58.487559480892386,
        "6,29": 26.278956816121198,
        "6,30": 35.01260982954615,
        "6,31": 18.34161644750347,
        "6,32": 82.1595434018117,
        "6,33": 13.313219131131472,
        "6,34": 26.851261003985847,
        "6,35": 45.84311579021874,
        "6,36": 73.62967084643051,
        "6,37": 36.92634599535315,
        "6,38": 40.27684753422015,
        "6,39": 63.02205736607217,
        "6,40": 44.74398648465741,
        "6,41": 52.75708818472804,
        "6,42": 58.58532231821315,
        "6,43": 8.10160102965361,
        "6,44": 45.15106401437779,
        "6,45": 50.62805227636608,
        "6,46": 54.40965663564679,
        "6,47": 28.837333306133143,
        "6,48": 63.37828706145005,
        "6,49": 47.103480948358836,
        "6,50": 60.526275002181,
        "7,0": 96.76664222009221,
        "7,1": 21.708347244011662,
        "7,2": 64.25496006089294,
        "7,3": 4.938155322772927,
        "7,4": 53.30657363489764,
        "7,5": 12.028305624422662,
        "7,6": 7.0160700809800405,
        "7,7": 0.0,
        "7,8": 73.44554333756565,
        "7,9": 30.958312219924398,
        "7,10": 75.63650129671358,
        "7,11": 64.76826096094509,
        "7,12": 50.102084555696386,
        "7,13": 58.78749969331738,
        "7,14": 35.41298368004787,
        "7,15": 30.730428698501854,
        "7,16": 23.487375452391223,
        "7,17": 29.767278856522967,
        "7,18": 36.33018071127794,
        "7,19": 35.8743685987729,
        "7,20": 19.487978269727645,
        "7,21": 48.44257985719725,
        "7,22": 31.459938835055855,
        "7,23": 40.402792996346655,
        "7,24": 54.76173057433884,
        "7,25": 20.06184309907483,
        "7,26": 35.37844178518819,
        "7,27": 26.50826301600373,
        "7,28": 60.37299230465654,
        "7,29": 26.89179238780223,
        "7,30": 38.99258754826783,
        "7,31": 22.361595628217536,
        "7,32": 77.14891298422808,
        "7,33": 11.48526865284359,
        "7,34": 24.724641910707874,
        "7,35": 44.64321208199767,
        "7,36": 67.98917977508795,
        "7,37": 35.518777197656725,
        "7,38": 41.54873313995914,
        "7,39": 59.8062114539583,
        "7,40": 40.741619622250965,
        "7,41": 58.17332627016727,
        "7,42": 53.56914758165776,
        "7,43": 5.792440776497003,
        "7,44": 52.166787470877196,
        "7,45": 44.48866447831594,
        "7,46": 58.15321160198076,
        "7,47": 22.172065998663115,
        "7,48": 57.27767702503045,
        "7,49": 49.86536198706726,
        "7,50": 62.85854333464142,
        "8,0": 27.066383021828273,
        "8,1": 55.96693870338065,
        "8,2": 31.861740621461596,
        "8,3": 77.28989593387539,
        "8,4": 20.531942174881628,
        "8,5": 68.01674462274494,
        "8,6": 73.46505048473865,
        "8,7": 73.44554333756565,
        "8,8": 0.0,
        "8,9": 55.26648055817967,
        "8,10": 48.846782984213895,
        "8,11": 77.17424605072605,
        "8,12": 58.7103204987868,
        "8,13": 69.12348076404884,
        "8,14": 45.694359076697445,
        "8,15": 42.9009050329344,
        "8,16": 64.30421493486442,
        "8,17": 102.18397562473385,
        "8,18": 68.96462987916706,
        "8,19": 83.76209569900846,
        "8,20": 86.81781434616697,
        "8,21": 33.30811674397976,
        "8,22": 58.56889287198974,
        "8,23": 65.87784164669307,
        "8,24": 66.97456510844967,
        "8,25": 62.611522688050464,
        "8,26": 53.14096706774567,
        "8,27": 92.02531168915607,
        "8,28": 22.911578212122453,
        "8,29": 47.18669262287438,
        "8,30": 47.97150875456226,
        "8,31": 90.58171438937683,
        "8,32": 59.372121518664486,
        "8,33": 84.90705974894435,
        "8,34": 98.01360570095183,
        "8,35": 29.893586887700252,
        "8,36": 64.79067570925565,
        "8,37": 38.70179221942403,
        "8,38": 34.14578507122365,
        "8,39": 33.7236844555693,
        "8,40": 111.0234002406033,
        "8,41": 57.523982775069605,
        "8,42": 52.56898611756758,
        "8,43": 79.06078268718534,
        "8,44": 88.55354196534805,
        "8,45": 65.24162100886305,
        "8,46": 39.78721039526372,
        "8,47": 69.75129274646206,
        "8,48": 68.06972707989478,
        "8,49": 34.76167049594547,
        "8,50": 25.739063847431016,
        "9,0": 73.2421602017606,
        "9,1": 32.72156221707124,
        "9,2": 60.59752065097446,
        "9,3": 35.88880923099644,
        "9,4": 39.447627051729164,
        "9,5": 19.622965924320606,
        "9,6": 26.357290657749154,
        "9,7": 30.958312219924398,
        "9,8": 55.26648055817967,
        "9,9": 0.0,
        "9,10": 77.49283902212,
        "9,11": 81.20408293878076,
        "9,12": 61.68628793085283,
        "9,13": 73.34288896762311,
        "9,14": 9.59735392304078,
        "9,15": 25.248211592691064,
        "9,16": 42.52788668095379,
        "9,17": 59.214665015249906,
        "9,18": 55.859576875831316,
        "9,19": 28.665028674695638,
        "9,20": 50.31566639746368,
        "9,21": 22.999107297507376,
        "9,22": 45.56841030634682,
        "9,23": 15.290296694335849,
        "9,24": 69.30371822928926,
        "9,25": 11.306547615664856,
        "9,26": 4.447376740025361,
        "9,27": 57.2916942634704,
        "9,28": 35.78336067088648,
        "9,29": 17.15063290515845,
        "9,30": 9.131430051295183,
        "9,31": 38.56780518991176,
        "9,32": 83.06058348385208,
        "9,33": 39.636329224716384,
        "9,34": 52.98535078209215,
        "9,35": 35.09281803595076,
        "9,36": 78.46850820029783,
        "9,37": 29.510578251746974,
        "9,38": 21.815520203310825,
        "9,39": 57.39368344932335,
        "9,40": 71.07675727085109,
        "9,41": 27.662907737631837,
        "9,42": 61.4766365555155,
        "9,43": 34.360500751829,
        "9,44": 37.06519818276446,
        "9,45": 60.42733140377018,
        "9,46": 28.356728962266104,
        "9,47": 45.116441879255625,
        "9,48": 71.72836036945364,
        "9,49": 22.98236439407402,
        "9,50": 36.657584527141424,
        "10,0": 72.16110183475685,
        "10,1": 54.168581394464205,
        "10,2": 19.028798530833473,
        "10,3": 76.79138355290289,
        "10,4": 43.83218002499364,
        "10,5": 78.04468246793566,
        "10,6": 79.92820115567734,
        "10,7": 75.63650129671358,
        "10,8": 48.846782984213895,
        "10,9": 77.49283902212,
        "10,10": 0.0,
        "10,11": 37.07062768040345,
        "10,12": 29.892958089651415,
        "10,13": 32.10299045575391,
        "10,14": 69.85293017268334,
        "10,15": 52.76867978578244,
        "10,16": 54.18879797727075,
        "10,17": 95.4899296855623,
        "10,18": 47.892864524675794,
        "10,19": 103.0982661241563,
        "10,20": 78.04288941499193,
        "10,21": 65.9224448811431,
        "10,22": 45.34870475330761,
        "10,23": 92.4703500124201,
        "10,24": 32.84203711011329,
        "10,25": 77.79873338913913,
        "10,26": 78.25298581407127,
        "10,27": 79.84427108804057,
        "10,28": 63.696943499076184,
        "10,29": 61.077546841719915,
        "10,30": 75.30700294120585,
        "10,31": 97.86656496527566,
        "10,32": 10.949742009976367,
        "10,33": 85.37478723575072,
        "10,34": 94.58115096638538,
        "10,35": 43.32786336508225,
        "10,36": 21.544325527217357,
        "10,37": 48.05154924810585,
        "10,38": 59.00686518163622,
        "10,39": 20.644266980213388,
        "10,40": 99.20778459863888,
        "10,41": 94.14075909527173,
        "10,42": 23.56076676925661,
        "10,43": 80.98282913344944,
        "10,44": 114.45287735087554,
        "10,45": 38.97203940525024,
        "10,46": 78.8551399485507,
        "10,47": 58.448892604382344,
        "10,48": 32.09769828546791,
        "10,49": 68.80279741713626,
        "10,50": 68.17066976369749,
        "11,0": 103.52171946779089,
        "11,1": 49.061580503459126,
        "11,2": 46.1252263087089,
        "11,3": 63.44835013149856,
        "11,4": 63.22431652188998,
        "11,5": 72.5622105720977,
        "11,6": 71.18737382984295,
        "11,7": 64.76826096094509,
        "11,8": 77.17424605072605,
        "11,9": 81.20408293878076,
        "11,10": 37.07062768040345,
        "11,11": 0.0,
        "11,12": 20.76523599796013,
        "11,13": 8.557104467817798,
        "11,14": 77.1540722059604,
        "11,15": 57.58338023298956,
        "11,16": 41.75313280652532,
        "11,17": 73.40259573702444,
        "11,18": 28.448893366938826,
        "11,19": 99.40228408667258,
        "11,20": 57.711709149720136,
        "11,21": 80.0699669800056,
        "11,22": 35.96295492377609,
        "11,23": 96.10094982156066,
        "11,24": 12.13693971306813,
        "11,25": 76.27133591700489,
        "11,26": 83.84107050297771,
        "11,27": 56.386597828870144,
        "11,28": 83.6319821382544,
        "11,29": 64.52638929263208,
        "11,30": 83.23599188844459,
        "11,31": 85.88252834744833,
        "11,32": 28.793177589061546,
        "11,33": 70.63058796665366,
        "11,34": 75.06554738833837,
        "11,35": 57.060162548486936,
        "11,36": 15.574960581983083,
        "11,37": 55.49460779962514,
        "11,38": 70.75694967753871,
        "11,39": 43.5084263845536,
        "11,40": 72.95309556414016,
        "11,41": 105.29985744631465,
        "11,42": 25.020429403734408,
        "11,43": 68.4264161862469,
        "11,44": 114.30394619817395,
        "11,45": 21.05278787309733,
        "11,46": 94.39011858968162,
        "11,47": 42.686153866015836,
        "11,48": 10.015561867627861,
        "11,49": 83.04906204239398,
        "11,50": 88.2116294109245,
        "12,0": 85.62752676017075,
        "12,1": 30.993833163888432,
        "12,2": 30.088537744870056,
        "12,3": 50.10489544312997,
        "12,4": 43.0314047376171,
        "12,5": 55.66877865172807,
        "12,6": 55.66987638577062,
        "12,7": 50.102084555696386,
        "12,8": 58.7103204987868,
        "12,9": 61.68628793085283,
        "12,10": 29.892958089651415,
        "12,11": 20.76523599796013,
        "12,12": 0.0,
        "12,13": 12.258159936656753,
        "12,14": 56.90712332099185,
        "12,15": 37.28994289695817,
        "12,16": 26.826254714595887,
        "12,17": 66.23221650692255,
        "12,18": 18.066605153399706,
        "12,19": 82.40229450312839,
        "12,20": 48.93366761445836,
        "12,21": 59.308261241924235,
        "12,22": 18.719326398710766,
        "12,23": 76.84347838827651,
        "12,24": 8.833193894984994,
        "12,25": 58.05789885996057,
        "12,26": 63.98503476778563,
        "12,27": 50.16550574069009,
        "12,28": 63.11742926790702,
        "12,29": 44.67677272114593,
        "12,30": 62.98437154303873,
        "12,31": 72.33376922594985,
        "12,32": 27.91363438297589,
        "12,33": 58.31653920790125,
        "12,34": 65.98156850118583,
        "12,35": 36.38568233084056,
        "12,36": 17.965014208923275,
        "12,37": 34.850311969831246,
        "12,38": 50.026104075446185,
        "12,39": 26.307454698810297,
        "12,40": 69.36247756957967,
        "12,41": 84.84273580824707,
        "12,42": 7.268475398321181,
        "12,43": 54.78456028866936,
        "12,44": 96.3077396758002,
        "12,45": 9.158090219310779,
        "12,46": 73.62748459782287,
        "12,47": 30.022119934526447,
        "12,48": 10.750219483656927,
        "12,49": 62.29043619789626,
        "12,50": 67.6636859914179,
        "13,0": 95.68295294871108,
        "13,1": 41.66804088006136,
        "13,2": 38.58366990265541,
        "13,3": 57.96805217189224,
        "13,4": 54.7273522659023,
        "13,5": 65.75726998995522,
        "13,6": 64.91836681021827,
        "13,7": 58.78749969331738,
        "13,8": 69.12348076404884,
        "13,9": 73.34288896762311,
        "13,10": 32.10299045575391,
        "13,11": 8.557104467817798,
        "13,12": 12.258159936656753,
        "13,13": 0.0,
        "13,14": 68.95703476383662,
        "13,15": 49.34827152613056,
        "13,16": 35.37400154163217,
        "13,17": 70.4618136849683,
        "13,18": 23.081098638037993,
        "13,19": 92.63538803623517,
        "13,20": 53.94083364516988,
        "13,21": 71.55965685720288,
        "13,22": 28.67492547664966,
        "13,23": 88.37078153175553,
        "13,24": 4.128991975807581,
        "13,25": 68.94890987758379,
        "13,26": 75.83175359117233,
        "13,27": 53.610887770200705,
        "13,28": 75.08773012458032,
        "13,29": 56.49743408364067,
        "13,30": 75.04003006566285,
        "13,31": 80.47344027064548,
        "13,32": 25.83214491267379,
        "13,33": 65.6159664768141,
        "13,34": 71.37104665774211,
        "13,35": 48.50341244644535,
        "13,36": 12.37252982119693,
        "13,37": 47.080570901649985,
        "13,38": 62.28371630870863,
        "13,39": 35.62947144327498,
        "13,40": 71.462222111629,
        "13,41": 97.00421252320857,
        "13,42": 16.663526432472935,
        "13,43": 62.87313291126091,
        "13,44": 107.14110476383944,
        "13,45": 14.302282846554586,
        "13,46": 85.87724023926386,
        "13,47": 37.138971279116355,
        "13,48": 1.6172682670771257,
        "13,49": 74.54435322102398,
        "13,50": 79.66355680157989,
        "14,0": 64.4496310323481,
        "14,1": 30.838064866999627,
        "14,2": 52.29233016525228,
        "14,3": 40.26682355478803,
        "14,4": 30.141718610877593,
        "14,5": 25.73032476587567,
        "14,6": 32.32481820561175,
        "14,7": 35.41298368004787,
        "14,8": 45.694359076697445,
        "14,9": 9.59735392304078,
        "14,10": 69.85293017268334,
        "14,11": 77.1540722059604,
        "14,12": 56.90712332099185,
        "14,13": 68.95703476383662,
        "14,14": 0.0,
        "14,15": 19.61847526667,
        "14,16": 41.490359959939504,
        "14,17": 64.88943643121588,
        "14,18": 53.83156717227906,
        "14,19": 38.2457249845806,
        "14,20": 53.872995101727156,
        "14,21": 14.10981710643621,
        "14,22": 42.6576139626906,
        "14,23": 22.875306137652984,
        "14,24": 65.05497796944354,
        "14,25": 18.338019175910947,
        "14,26": 8.56596184297146,
        "14,27": 60.62702623732053,
        "14,28": 26.917306779349623,
        "14,29": 13.204546572715753,
        "14,30": 6.0833451973205515,
        "14,31": 46.79089070966798,
        "14,32": 76.17259785052563,
        "14,33": 45.50141184042289,
        "14,34": 59.13486867125521,
        "14,35": 26.72610118563562,
        "14,36": 72.79863290259763,
        "14,37": 22.747099057412225,
        "14,38": 12.365797367890485,
        "14,39": 49.41426575757927,
        "14,40": 76.15384713070881,
        "14,41": 28.343658325036397,
        "14,42": 55.712978056214645,
        "14,43": 39.8142835228481,
        "14,44": 45.64373517955635,
        "14,45": 56.99162971061057,
        "14,46": 22.947511568073306,
        "14,47": 45.074106752181436,
        "14,48": 67.36583442008146,
        "14,49": 14.806712202243437,
        "14,50": 28.39952295871616,
        "15,0": 67.390193500526,
        "15,1": 14.778235090685595,
        "15,2": 37.18099656206971,
        "15,3": 34.4063490626913,
        "15,4": 22.590755840439456,
        "15,5": 27.597398823245666,
        "15,6": 31.78659354906008,
        "15,7": 30.730428698501854,
        "15,8": 42.9009050329344,
        "15,9": 25.248211592691064,
        "15,10": 52.76867978578244,
        "15,11": 57.58338023298956,
        "15,12": 37.28994289695817,
        "15,13": 49.34827152613056,
        "15,14": 19.61847526667,
        "15,15": 0.0,
        "15,16": 25.25740087782504,
        "15,17": 59.31516875099884,
        "15,18": 35.688243693263125,
        "15,19": 50.55207053207147,
        "15,20": 44.49927771850887,
        "15,21": 24.83303075554178,
        "15,22": 24.038912216411582,
        "15,23": 40.52478633552474,
        "15,24": 45.467214349849435,
        "15,25": 25.380863461204818,
        "15,26": 26.94575202119772,
        "15,27": 50.274510363724836,
        "15,28": 33.5624062574204,
        "15,29": 8.320712854198273,
        "15,30": 25.698502101596763,
        "15,31": 49.89757405972138,
        "15,32": 57.85827002044893,
        "15,33": 42.21478080235296,
        "15,34": 55.14127340769956,
        "15,35": 14.06600167101414,
        "15,36": 53.440660218145354,
        "15,37": 5.275778151411552,
        "15,38": 15.32731691883895,
        "15,39": 33.398052399731355,
        "15,40": 68.57818277143139,
        "15,41": 47.73390574296651,
        "15,42": 36.37598028133147,
        "15,43": 36.44961194558547,
        "15,44": 61.80850303883996,
        "15,45": 37.715066834845764,
        "15,46": 38.58524690278983,
        "15,47": 30.031476854480964,
        "15,48": 47.760537377345024,
        "15,49": 27.47692880972802,
        "15,50": 37.222644080469756,
        "16,0": 90.49651208378994,
        "16,1": 10.818723832275682,
        "16,2": 46.258554604974194,
        "16,3": 23.28335613666196,
        "16,4": 44.107740849791995,
        "16,5": 30.902361157757326,
        "16,6": 29.552430337718242,
        "16,7": 23.487375452391223,
        "16,8": 64.30421493486442,
        "16,9": 42.52788668095379,
        "16,10": 54.18879797727075,
        "16,11": 41.75313280652532,
        "16,12": 26.826254714595887,
        "16,13": 35.37400154163217,
        "16,14": 41.490359959939504,
        "16,15": 25.25740087782504,
        "16,16": 0.0,
        "16,17": 42.07946083499023,
        "16,18": 13.840839775904364,
        "16,19": 57.674366822523645,
        "16,20": 24.77061458484037,
        "16,21": 49.87552530032584,
        "16,22": 8.84264823695892,
        "16,23": 56.333867808132055,
        "16,24": 31.31657768598174,
        "16,25": 35.46338888648487,
        "16,26": 46.046379841710255,
        "16,27": 28.49280450107013,
        "16,28": 58.67448780603188,
        "16,29": 28.414809919075093,
        "16,30": 47.134852042617496,
        "16,31": 45.552272952073515,
        "16,32": 54.392293007381475,
        "16,33": 31.58813003747791,
        "16,34": 40.48596587238901,
        "16,35": 34.72499712718728,
        "16,36": 44.588140972274665,
        "16,37": 27.08851325729498,
        "16,38": 40.53063661965802,
        "16,39": 41.60835561570868,
        "16,40": 48.224251464956815,
        "16,41": 69.31718540058506,
        "16,42": 31.086325790084047,
        "16,43": 27.9695899135688,
        "16,44": 72.88040971687843,
        "16,45": 21.077381593405043,
        "16,46": 63.08933467409453,
        "16,47": 5.484033066608836,
        "16,48": 33.843073789485196,
        "16,49": 52.352229837656374,
        "16,50": 62.45150407059614,
        "17,0": 126.28132718710769,
        "17,1": 46.979943031131235,
        "17,2": 88.24741937689993,
        "17,3": 25.263582212207144,
        "17,4": 81.72809300536109,
        "17,5": 39.63717552988434,
        "17,6": 32.883904348150764,
        "17,7": 29.767278856522967,
        "17,8": 102.18397562473385,
        "17,9": 59.214665015249906,
        "17,10": 95.4899296855623,
        "17,11": 73.40259573702444,
        "17,12": 66.23221650692255,
        "17,13": 70.4618136849683,
        "17,14": 64.88943643121588,
        "17,15": 59.31516875099884,
        "17,16": 42.07946083499023,
        "17,17": 0.0,
        "17,18": 48.40715446867913,
        "17,19": 51.94717297881908,
        "17,20": 17.46569748902654,
        "17,21": 78.17788216163187,
        "17,22": 50.7216353117471,
        "17,23": 64.91131149654537,
        "17,24": 67.20783775924045,
        "17,25": 47.908180453564164,
        "17,26": 63.64108224369066,
        "17,27": 17.017126419630298,
        "17,28": 90.13209135868505,
        "17,29": 56.523373172005954,
        "17,30": 67.8857647235711,
        "17,31": 28.02559382933188,
        "17,32": 93.98900365691904,
        "17,33": 19.579262926248674,
        "17,34": 7.052852445929466,
        "17,35": 72.59446680495144,
        "17,36": 82.11407854444383,
        "17,37": 63.5567131037515,
        "17,38": 71.24406674893432,
        "17,39": 83.60329033401493,
        "17,40": 12.647694491297361,
        "17,41": 84.83544986395438,
        "17,42": 71.95048347424759,
        "17,43": 25.084838559412823,
        "17,44": 68.31053091175947,
        "17,45": 57.90205755542696,
        "17,46": 87.26870800833017,
