{
    "num_robots": 4,
    "num_tasks": 40,
    "num_nodes": 41,
    "robot_capacity": [
        138,
        118,
        125,
        142
    ],
    "robot_speed": [
        0.84,
        0.98,
        0.99,
        0.87
    ],
    "task_demand": {
        "0": 0,
        "1": 15,
        "2": 7,
        "3": 5,
        "4": 7,
        "5": 6,
        "6": 5,
        "7": 13,
        "8": 8,
        "9": 14,
        "10": 12,
        "11": 12,
        "12": 7,
        "13": 11,
        "14": 15,
        "15": 6,
        "16": 6,
        "17": 11,
        "18": 13,
        "19": 11,
        "20": 12,
        "21": 9,
        "22": 5,
        "23": 6,
        "24": 13,
        "25": 6,
        "26": 6,
        "27": 9,
        "28": 11,
        "29": 14,
        "30": 14,
        "31": 7,
        "32": 7,
        "33": 6,
        "34": 5,
        "35": 15,
        "36": 14,
        "37": 10,
        "38": 14,
        "39": 13,
        "40": 12
    },
    "task_service_time": {
        "0": 0,
        "1": 26,
        "2": 30,
        "3": 29,
        "4": 91,
        "5": 58,
        "6": 51,
        "7": 98,
        "8": 87,
        "9": 25,
        "10": 24,
        "11": 71,
        "12": 64,
        "13": 49,
        "14": 47,
        "15": 45,
        "16": 27,
        "17": 19,
        "18": 75,
        "19": 96,
        "20": 36,
        "21": 83,
        "22": 90,
        "23": 96,
        "24": 12,
        "25": 42,
        "26": 54,
        "27": 63,
        "28": 70,
        "29": 33,
        "30": 60,
        "31": 20,
        "32": 76,
        "33": 69,
        "34": 29,
        "35": 15,
        "36": 71,
        "37": 27,
        "38": 52,
        "39": 57,
        "40": 79
    },
    "task_precedence": [],
    "coordinates": {
        "0": [
            100,
            0
        ],
        "1": [
            78.27902945721912,
            43.62947882861571
        ],
        "2": [
            10.531292425463556,
            89.83090205568067
        ],
        "3": [
            82.91299904144218,
            32.94668466490288
        ],
        "4": [
            24.70535621305593,
            83.67600125196913
        ],
        "5": [
            87.83749162181077,
            65.39565959923547
        ],
        "6": [
            82.14250993786013,
            55.353474167557046
        ],
        "7": [
            23.87118190858771,
            59.71865009205578
        ],
        "8": [
            5.653533124513055,
            99.18229795711389
        ],
        "9": [
            19.60798034523965,
            54.68721183436435
        ],
        "10": [
            51.09116479125127,
            90.67518421936182
        ],
        "11": [
            78.40390391167293,
            7.978291725597608
        ],
        "12": [
            70.96156934305854,
            74.23650175677366
        ],
        "13": [
            73.5433056989581,
            86.84372827957635
        ],
        "14": [
            45.106527177615796,
            16.12207414032405
        ],
        "15": [
            2.283861125379494,
            11.422268070925579
        ],
        "16": [
            9.290615894480636,
            5.3840989134676835
        ],
        "17": [
            60.75336390664348,
            8.666803934346412
        ],
        "18": [
            55.94912490634829,
            97.41763686881603
        ],
        "19": [
            52.310655011219765,
            54.74311509612924
        ],
        "20": [
            23.12311313661537,
            74.27265004755816
        ],
        "21": [
            3.7605275340726885,
            6.709532979688049
        ],
        "22": [
            71.45170315226284,
            95.64404564388741
        ],
        "23": [
            23.114157638512133,
            79.7873410371724
        ],
        "24": [
            92.54385915587193,
            56.14034222171114
        ],
        "25": [
            71.45461957373928,
            74.29292973821939
        ],
        "26": [
            11.985171035539356,
            68.70869673058864
        ],
        "27": [
            85.41064761952765,
            62.257099651116654
        ],
        "28": [
            11.387807362692904,
            27.57762170468474
        ],
        "29": [
            74.05210199891181,
            26.13895111839729
        ],
        "30": [
            17.007938272558864,
            1.9676540678713161
        ],
        "31": [
            99.94649991310436,
            70.99594062865287
        ],
        "32": [
            44.8197968928269,
            26.841138541907938
        ],
        "33": [
            40.01638126761804,
            3.9138298028070895
        ],
        "34": [
            62.948353657126766,
            53.74980441470419
        ],
        "35": [
            13.072601725587374,
            78.06783558307976
        ],
        "36": [
            92.37675155430317,
            71.77218958687843
        ],
        "37": [
            36.832212514586516,
            6.048822175856305
        ],
        "38": [
            82.38477058455965,
            94.40179542374563
        ],
        "39": [
            36.990849865311894,
            59.23050272750032
        ],
        "40": [
            88.47673627606227,
            12.504979654194681
        ]
    },
    "distance_matrix_str_keys": {
        "0,0": 0.0,
        "0,1": 48.73737769081325,
        "0,2": 126.78422851125927,
        "0,3": 37.114008570434734,
        "0,4": 112.56534354996806,
        "0,5": 66.51705724450385,
        "0,6": 58.16267749801267,
        "0,7": 96.75698482700221,
        "0,8": 136.88821731595849,
        "0,9": 97.229460362526,
        "0,10": 103.02457568314341,
        "0,11": 23.02269543548268,
        "0,12": 79.71379208205727,
        "0,13": 90.78430379110517,
        "0,14": 57.21201476165595,
        "0,15": 98.38146169095175,
        "0,16": 90.86903150090603,
        "0,17": 40.192187488127054,
        "0,18": 106.91433753066522,
        "0,19": 72.6022194969751,
        "0,20": 106.89472521547862,
        "0,21": 96.47307341079946,
        "0,22": 99.81377019247664,
        "0,23": 110.80366666052896,
        "0,24": 56.63331229107403,
        "0,25": 79.58817847374037,
        "0,26": 111.65793802528893,
        "0,27": 63.94369132174544,
        "0,28": 92.80434204754603,
        "0,29": 36.831211984468275,
        "0,30": 83.0153839496163,
        "0,31": 70.99596078655814,
        "0,32": 61.362052876144645,
        "0,33": 60.11116851265749,
        "0,34": 65.28296846296364,
        "0,35": 116.83732076432226,
        "0,36": 72.17590397743307,
        "0,37": 63.456738219967555,
        "0,38": 96.03122037434136,
        "0,39": 86.4777743356528,
        "0,40": 17.00470884794098,
        "1,0": 48.73737769081325,
        "1,1": 0.0,
        "1,2": 82.00199620210645,
        "1,3": 11.64455947005988,
        "1,4": 66.88693761173788,
        "1,5": 23.772480398377187,
        "1,6": 12.3441706133629,
        "1,7": 56.736895463352795,
        "1,8": 91.43619868900684,
        "1,9": 59.70398197044088,
        "1,10": 54.33671301070632,
        "1,11": 35.65140579954428,
        "1,12": 31.46958968666604,
        "1,13": 43.47296211583023,
        "1,14": 43.09376080334296,
        "1,15": 82.53829435222728,
        "1,16": 78.88035427631806,
        "1,17": 39.10930309725555,
        "1,18": 58.23908123080728,
        "1,19": 28.24658178354019,
        "1,20": 63.09658507018321,
        "1,21": 83.16302982911174,
        "1,22": 52.46072383654949,
        "1,23": 65.95873014444217,
        "1,24": 18.97385224914177,
        "1,25": 31.41368797106465,
        "1,26": 70.87907191130793,
        "1,27": 19.946133337562937,
        "1,28": 68.79024429689377,
        "1,29": 17.994039994390107,
        "1,30": 74.0935507136345,
        "1,31": 34.905622862363494,
        "1,32": 37.434858265797935,
        "1,33": 55.14855414262823,
        "1,34": 18.369828808564726,
        "1,35": 73.74197334943142,
        "1,36": 31.476307552663286,
        "1,37": 55.94769333161723,
        "1,38": 50.93805299224579,
        "1,39": 44.137350630811014,
        "1,40": 32.75252163149603,
        "2,0": 126.78422851125927,
        "2,1": 82.00199620210645,
        "2,2": 0.0,
        "2,3": 92.05935933300246,
        "2,4": 15.45273076702841,
        "2,5": 81.0760723523937,
        "2,6": 79.47867328653982,
        "2,7": 32.93478965687799,
        "2,8": 10.54709159452743,
        "2,9": 36.296903806865586,
        "2,10": 40.56865857655267,
        "2,11": 106.33222092952981,
        "2,12": 62.40996466126034,
        "2,13": 63.08277913937921,
        "2,14": 81.41522075645372,
        "2,15": 78.84119485652722,
        "2,16": 84.45591654345007,
        "2,17": 95.44562476986738,
        "2,18": 46.04712860088616,
        "2,19": 54.55884833636935,
        "2,20": 20.01532298940089,
        "2,21": 83.39667412002635,
        "2,22": 61.19713295162634,
        "2,23": 16.099739591131495,
        "2,24": 88.66292868857856,
        "2,25": 62.873526818161096,
        "2,26": 21.17218271242202,
        "2,27": 79.79493977267451,
        "2,28": 62.25917227443192,
        "2,29": 89.9530870124177,
        "2,30": 88.10163045254032,
        "2,31": 91.3774321264035,
        "2,32": 71.71758393957099,
        "2,33": 90.83564151001104,
        "2,34": 63.63484827625197,
        "2,35": 12.034449958254156,
        "2,36": 83.81405774714304,
        "2,37": 87.81329800504992,
        "2,38": 71.99871797290504,
        "2,39": 40.453585983899295,
        "2,40": 109.79430992682393,
        "3,0": 37.114008570434734,
        "3,1": 11.64455947005988,
        "3,2": 92.05935933300246,
        "3,3": 0.0,
        "3,4": 77.21135437892396,
        "3,5": 32.82052104191904,
        "3,6": 22.420032767036528,
        "3,7": 64.82803639770448,
        "3,8": 101.7653258333331,
        "3,9": 66.9341162168639,
        "3,10": 65.91819775946388,
        "3,11": 25.372279851461087,
        "3,12": 42.98471434493372,
        "3,13": 54.705415305380924,
        "3,14": 41.381116878282356,
        "3,15": 83.45273147595915,
        "3,16": 78.61266713159671,
        "3,17": 32.87190346781659,
        "3,18": 69.88243117159304,
        "3,19": 37.57110378585356,
        "3,20": 72.68195010675366,
        "3,21": 83.38766020388094,
        "3,22": 63.736334827070266,
        "3,23": 75.9601772148921,
        "3,24": 25.11372567752946,
        "3,25": 42.90462028370167,
        "3,26": 79.43348344760658,
        "3,27": 29.416639425394557,
        "3,28": 71.72642387399927,
        "3,29": 11.174109917060106,
        "3,30": 72.82291790145476,
        "3,31": 41.6879602684022,
        "3,32": 38.57939532179433,
        "3,33": 51.79793893464376,
        "3,34": 28.833259556387997,
        "3,35": 83.14805684691225,
        "3,36": 39.96226274963706,
        "3,37": 53.3566668131856,
        "3,38": 61.45738087231093,
        "3,39": 52.91202960483076,
        "3,40": 21.18533633815406,
        "4,0": 112.56534354996806,
        "4,1": 66.88693761173788,
        "4,2": 15.45273076702841,
        "4,3": 77.21135437892396,
        "4,4": 0.0,
        "4,5": 65.72547004175799,
        "4,6": 64.04055096931978,
        "4,7": 23.971869375783697,
        "4,8": 24.5645517057633,
        "4,9": 29.433537888538485,
        "4,10": 27.298341644433403,
        "4,11": 92.80989846174577,
        "4,12": 47.20954780389261,
        "4,13": 48.940574215153674,
        "4,14": 70.56727885451342,
        "4,15": 75.65266287821025,
        "4,16": 79.79496344300534,
        "4,17": 83.22162303699085,
        "4,18": 34.132178828579804,
        "4,19": 39.989553924027426,
        "4,20": 9.535539157616693,
        "4,21": 79.76542538405978,
        "4,22": 48.254067587381954,
        "4,23": 4.201617684865337,
        "4,24": 73.21389895199603,
        "4,25": 47.681607101676775,
        "4,26": 19.64238568977936,
        "4,27": 64.37314463758665,
        "4,28": 57.65748256048802,
        "4,29": 75.79982491884162,
        "4,30": 82.0701178414394,
        "4,31": 76.30212082702757,
        "4,32": 60.28923903261285,
        "4,33": 81.21841836989285,
        "4,34": 48.56031415312235,
        "4,35": 12.914042710763704,
        "4,36": 68.71039571701888,
        "4,37": 78.56869335220524,
        "4,38": 58.66819839448749,
        "4,39": 27.359015925091825,
        "4,40": 95.5620386472122,
        "5,0": 66.51705724450385,
        "5,1": 23.772480398377187,
        "5,2": 81.0760723523937,
        "5,3": 32.82052104191904,
        "5,4": 65.72547004175799,
        "5,5": 0.0,
        "5,6": 11.544622324907287,
        "5,7": 64.21773287241291,
        "5,8": 88.85797637697819,
        "5,9": 69.06473095996769,
        "5,10": 44.60209524851799,
        "5,11": 58.18716963920418,
        "5,12": 19.051436765057648,
        "5,13": 25.77485986991392,
        "5,14": 65.22132738842183,
        "5,15": 101.15607092106796,
        "5,16": 98.84836418710344,
        "5,17": 62.862652180283554,
        "5,18": 45.19153637611084,
        "5,19": 37.08952445025803,
        "5,20": 65.32037769444335,
        "5,21": 102.53290860897467,
        "5,22": 34.40143779081136,
        "5,23": 66.30407571578596,
        "5,24": 10.383197731160129,
        "5,25": 18.642958790640957,
        "5,26": 75.92463864488404,
        "5,27": 3.967383313892564,
        "5,28": 85.2921931568915,
        "5,29": 41.6068038643278,
        "5,30": 95.07858598728362,
        "5,31": 13.341335368210686,
        "5,32": 57.76654008815102,
        "5,33": 77.89014052256465,
        "5,34": 27.478994370321285,
        "5,35": 75.83121260641904,
        "5,36": 7.827197162333446,
        "5,37": 78.25334247789576,
        "5,38": 29.514201364428146,
        "5,39": 51.2190407677344,
        "5,40": 52.89454280714343,
        "6,0": 58.16267749801267,
        "6,1": 12.3441706133629,
        "6,2": 79.47867328653982,
        "6,3": 22.420032767036528,
        "6,4": 64.04055096931978,
        "6,5": 11.544622324907287,
        "6,6": 0.0,
        "6,7": 58.43459960628542,
        "6,8": 88.15627810161207,
        "6,9": 62.53807877499082,
        "6,10": 47.02987599810992,
        "6,11": 47.52246927957327,
        "6,12": 21.944980371820748,
        "6,13": 32.643259910460834,
        "6,14": 53.951522379946724,
        "6,15": 91.14469079030235,
        "6,16": 88.34215827673552,
        "6,17": 51.353098693353125,
        "6,18": 49.552872804379525,
        "6,19": 29.838098239669883,
        "6,20": 61.97761220603126,
        "6,21": 92.24948877818511,
        "6,22": 41.684811377961864,
        "6,23": 63.88552438055141,
        "6,24": 10.431070265782077,
        "6,25": 21.747045264783903,
        "6,26": 71.4171840075146,
        "6,27": 7.63811290330202,
        "6,28": 76.01135386598257,
        "6,29": 30.314073589811127,
        "6,30": 84.2173272773381,
        "6,31": 23.699553076484484,
        "6,32": 46.96741627843235,
        "6,33": 66.48795175904988,
        "6,34": 19.261032994245948,
        "6,35": 72.70897080117948,
        "6,36": 19.34719404679646,
        "6,37": 66.96246531160747,
        "6,38": 39.04907275656424,
        "6,39": 45.31780839539311,
        "6,40": 43.314153637872444,
        "7,0": 96.75698482700221,
        "7,1": 56.736895463352795,
        "7,2": 32.93478965687799,
        "7,3": 64.82803639770448,
        "7,4": 23.971869375783697,
        "7,5": 64.21773287241291,
        "7,6": 58.43459960628542,
        "7,7": 0.0,
        "7,8": 43.46564424965081,
        "7,9": 6.594714437388049,
        "7,10": 41.2217718361009,
        "7,11": 75.17235165242134,
        "7,12": 49.2775060822615,
        "7,13": 56.5958456825674,
        "7,14": 48.4933121513673,
        "7,15": 52.901350974508034,
        "7,16": 56.256878308970755,
        "7,17": 62.98084109511506,
        "7,18": 49.499576068507096,
        "7,19": 28.871431880857966,
        "7,20": 14.573212466452391,
        "7,21": 56.6957222055061,
        "7,22": 59.619963496930986,
        "7,23": 20.08296397437612,
        "7,24": 68.76584099336412,
        "7,25": 49.76538121262554,
        "7,26": 14.902959204037959,
        "7,27": 61.59179788049581,
        "7,28": 34.4801442260743,
        "7,29": 60.37980559982794,
        "7,30": 58.15738693401605,
        "7,31": 76.9066400991173,
        "7,32": 38.98429472862111,
        "7,33": 58.09341984991223,
        "7,34": 39.53039932235517,
        "7,35": 21.290888712139104,
        "7,36": 69.55789593451789,
        "7,37": 55.212668319182896,
        "7,38": 68.02029572002719,
        "7,39": 13.128746137549378,
        "7,40": 80.01879986193038,
        "8,0": 136.88821731595849,
        "8,1": 91.43619868900684,
        "8,2": 10.54709159452743,
        "8,3": 101.7653258333331,
        "8,4": 24.5645517057633,
        "8,5": 88.85797637697819,
        "8,6": 88.15627810161207,
        "8,7": 43.46564424965081,
        "8,8": 0.0,
        "8,9": 46.63195563459614,
        "8,10": 46.22714955120229,
        "8,11": 116.6652784779932,
        "8,12": 69.91017338550776,
        "8,13": 69.00189506018887,
        "8,14": 91.95400763560761,
        "8,15": 87.82469775072619,
        "8,16": 93.86868761683562,
        "8,17": 105.96719308543122,
        "8,18": 50.326539533744665,
        "8,19": 64.43390408863208,
        "8,20": 30.424936890276022,
        "8,21": 92.49213876181949,
        "8,22": 65.89323492159663,
        "8,23": 26.096700219477018,
        "8,24": 96.96668866865677,
        "8,25": 70.3510030364476,
        "8,26": 31.124427871844112,
        "8,27": 87.89008807885044,
        "8,28": 71.83391651757437,
        "8,29": 100.06845028013035,
        "8,30": 97.87547957879039,
        "8,31": 98.41562033154122,
        "8,32": 82.26323336160192,
        "8,33": 101.2762872392855,
        "8,34": 73.1218703900927,
        "8,35": 22.379970961820973,
        "8,36": 90.9518040265785,
        "8,37": 98.21381959585466,
        "8,38": 76.88001044889104,
        "8,39": 50.77571626852864,
        "8,40": 119.88594783571745,
        "9,0": 97.229460362526,
        "9,1": 59.70398197044088,
        "9,2": 36.296903806865586,
        "9,3": 66.9341162168639,
        "9,4": 29.433537888538485,
        "9,5": 69.06473095996769,
        "9,6": 62.53807877499082,
        "9,7": 6.594714437388049,
        "9,8": 46.63195563459614,
        "9,9": 0.0,
        "9,10": 47.81553156919757,
        "9,11": 75.09117022498063,
        "9,12": 54.94875648663324,
        "9,13": 62.793796436452645,
        "9,14": 46.2325181654987,
        "9,15": 46.60451121508997,
        "9,16": 50.37107258040545,
        "9,17": 61.731843741290234,
        "9,18": 56.09427788675322,
        "9,19": 32.70272244758245,
        "9,20": 19.89838055078446,
        "9,21": 50.527214735077344,
        "9,22": 66.0699162266182,
        "9,23": 25.34383091029288,
        "9,24": 72.95035302040607,
        "9,25": 55.429758918975445,
        "9,26": 15.959613418472875,
        "9,27": 66.23665316098683,
        "9,28": 28.328450731768115,
        "9,29": 61.4749182394469,
        "9,30": 52.783633731245764,
        "9,31": 81.97714535919043,
        "9,32": 37.56380560377301,
        "9,33": 54.72146883199497,
        "9,34": 43.350509702703285,
        "9,35": 24.276835472960702,
        "9,36": 74.74751185210738,
        "9,37": 51.59813099712456,
        "9,38": 74.28440982083343,
        "9,39": 17.966792838219874,
        "9,40": 80.76042505559859,
        "10,0": 103.02457568314341,
        "10,1": 54.33671301070632,
        "10,2": 40.56865857655267,
        "10,3": 65.91819775946388,
        "10,4": 27.298341644433403,
        "10,5": 44.60209524851799,
        "10,6": 47.02987599810992,
        "10,7": 41.2217718361009,
        "10,8": 46.22714955120229,
        "10,9": 47.81553156919757,
        "10,10": 0.0,
        "10,11": 87.09053763977695,
        "10,12": 25.78882041036942,
        "10,13": 22.776713677746386,
        "10,14": 74.79292820730892,
        "10,15": 93.0761924939116,
        "10,16": 94.9834465616437,
        "10,17": 82.5756170350376,
        "10,18": 8.310261380366171,
        "10,19": 35.952757166500646,
        "10,20": 32.423063405754384,
        "10,21": 96.38682384679532,
        "10,22": 20.958079735661897,
        "10,23": 30.020960317490943,
        "10,24": 53.95350944924112,
        "10,25": 26.13519758033876,
        "10,26": 44.85315284588374,
        "10,27": 44.55798954315928,
        "10,28": 74.54970815766781,
        "10,29": 68.49912423028604,
        "10,30": 95.02995441176479,
        "10,31": 52.669881319128024,
        "10,32": 64.1413707591961,
        "10,33": 87.46532713190045,
        "10,34": 38.78242645218656,
        "10,35": 40.05441769910813,
        "10,36": 45.407299858559995,
        "10,37": 85.81922204696728,
        "10,38": 31.514717111464325,
        "10,39": 34.46138237411967,
        "10,40": 86.65022698761955,
        "11,0": 23.02269543548268,
        "11,1": 35.65140579954428,
        "11,2": 106.33222092952981,
        "11,3": 25.372279851461087,
        "11,4": 92.80989846174577,
        "11,5": 58.18716963920418,
        "11,6": 47.52246927957327,
        "11,7": 75.17235165242134,
        "11,8": 116.6652784779932,
        "11,9": 75.09117022498063,
        "11,10": 87.09053763977695,
        "11,11": 0.0,
        "11,12": 66.67487338095687,
        "11,13": 79.01507766138747,
        "11,14": 34.27880525030207,
        "11,15": 76.19791261481068,
        "11,16": 69.16195787348622,
        "11,17": 17.663963641570966,
        "11,18": 92.21503977023335,
        "11,19": 53.55190326270413,
        "11,20": 86.31864094178145,
        "11,21": 74.654158529873,
        "11,22": 87.94098876781682,
        "11,23": 90.62833776464554,
        "11,24": 50.19483481692255,
        "11,25": 66.67776066691584,
        "11,26": 89.99794535955489,
        "11,27": 54.72918277485012,
        "11,28": 69.82328359717377,
        "11,29": 18.674788605743164,
        "11,30": 61.68948339718653,
        "11,31": 66.59810444561941,
        "11,32": 38.51881662601918,
        "11,33": 38.60209509171285,
        "11,34": 48.31051032145952,
        "11,35": 95.81609052491935,
        "11,36": 65.30621620932946,
        "11,37": 41.6164436053583,
        "11,38": 86.5151390851977,
        "11,39": 65.89256542304585,
        "11,40": 11.043226677198826,
        "12,0": 79.71379208205727,
        "12,1": 31.46958968666604,
        "12,2": 62.40996466126034,
        "12,3": 42.98471434493372,
        "12,4": 47.20954780389261,
        "12,5": 19.051436765057648,
        "12,6": 21.944980371820748,
        "12,7": 49.2775060822615,
        "12,8": 69.91017338550776,
        "12,9": 54.94875648663324,
        "12,10": 25.78882041036942,
        "12,11": 66.67487338095687,
        "12,12": 0.0,
        "12,13": 12.868858659905824,
        "12,14": 63.60636683984068,
        "12,15": 93.07123916427133,
        "12,16": 92.43354302715845,
        "12,17": 66.35957150823441,
        "12,18": 27.617720996636855,
        "12,19": 26.978671741117633,
        "12,20": 47.83846986385233,
        "12,21": 95.26736866542792,
        "12,22": 21.4131540514149,
        "12,23": 48.16831555640266,
        "12,24": 28.16498222052879,
        "12,25": 0.4962687246486189,
        "12,26": 59.23488993603912,
        "12,27": 18.76917520426913,
        "12,28": 75.6708940360062,
        "12,29": 48.19674023736538,
        "12,30": 90.18747502826184,
        "12,31": 29.16551793771995,
        "12,32": 54.12682071864869,
        "12,33": 76.83022097957016,
        "12,34": 21.998099772817188,
        "12,35": 58.015615921105436,
        "12,36": 21.556503974705688,
        "12,37": 76.25203370504308,
        "12,38": 23.17603493436813,
        "12,39": 37.13744456343635,
        "12,40": 64.16823118796547,
        "13,0": 90.78430379110517,
        "13,1": 43.47296211583023,
        "13,2": 63.08277913937921,
        "13,3": 54.705415305380924,
        "13,4": 48.940574215153674,
        "13,5": 25.77485986991392,
        "13,6": 32.643259910460834,
        "13,7": 56.5958456825674,
        "13,8": 69.00189506018887,
        "13,9": 62.793796436452645,
        "13,10": 22.776713677746386,
        "13,11": 79.01507766138747,
        "13,12": 12.868858659905824,
        "13,13": 0.0,
        "13,14": 76.22468587579681,
        "13,15": 103.76080715250828,
        "13,16": 103.75008127020526,
        "13,17": 79.21624903471889,
        "13,18": 20.527122073409036,
        "13,19": 38.48733326668417,
        "13,20": 51.963716436945134,
        "13,21": 106.2597072495979,
        "13,22": 9.045462228429058,
        "13,23": 50.92044358621733,
        "13,24": 36.10704844053793,
        "13,25": 12.723409674902785,
        "13,26": 64.17385224935758,
        "13,27": 27.30084452125065,
        "13,28": 85.88234604373518,
        "13,29": 60.70690935851746,
        "13,30": 101.981349979439,
        "13,31": 30.79417214569487,
        "13,32": 66.52330969940422,
        "13,33": 89.45067201084655,
        "13,34": 34.748536739590364,
        "13,35": 61.10419242290545,
        "13,36": 24.1215663121553,
        "13,37": 88.74413341230255,
        "13,38": 11.63167572962281,
        "13,39": 45.810176302438315,
        "13,40": 75.82385439944922,
        "14,0": 57.21201476165595,
        "14,1": 43.09376080334296,
        "14,2": 81.41522075645372,
        "14,3": 41.381116878282356,
        "14,4": 70.56727885451342,
        "14,5": 65.22132738842183,
        "14,6": 53.951522379946724,
        "14,7": 48.4933121513673,
        "14,8": 91.95400763560761,
        "14,9": 46.2325181654987,
        "14,10": 74.79292820730892,
        "14,11": 34.27880525030207,
        "14,12": 63.60636683984068,
        "14,13": 76.22468587579681,
        "14,14": 0.0,
        "14,15": 43.079796946031514,
        "14,16": 37.39095629980583,
        "14,17": 17.33218259392012,
        "14,18": 82.01542809038608,
        "14,19": 39.287202271896234,
        "14,20": 62.167193689606506,
        "14,21": 42.40386323938579,
        "14,22": 83.77238356969833,
        "14,23": 67.35674076877109,
        "14,24": 62.062567183843164,
        "14,25": 63.85977148335133,
        "14,26": 62.14802577830764,
        "14,27": 61.26061298646645,
        "14,28": 35.61153796112439,
        "14,29": 30.629791480339843,
        "14,30": 31.462331541747528,
        "14,31": 77.57940340714194,
        "14,32": 10.722898670672874,
        "14,33": 13.226897413588034,
        "14,34": 41.643449157418296,
        "14,35": 69.73843804236594,
        "14,36": 73.01650129824901,
        "14,37": 13.035899979766437,
        "14,38": 86.70283845248389,
        "14,39": 43.86571364395114,
        "14,40": 43.520781355170506,
        "15,0": 98.38146169095175,
        "15,1": 82.53829435222728,
        "15,2": 78.84119485652722,
        "15,3": 83.45273147595915,
        "15,4": 75.65266287821025,
        "15,5": 101.15607092106796,
        "15,6": 91.14469079030235,
        "15,7": 52.901350974508034,
        "15,8": 87.82469775072619,
        "15,9": 46.60451121508997,
        "15,10": 93.0761924939116,
        "15,11": 76.19791261481068,
        "15,12": 93.07123916427133,
        "15,13": 103.76080715250828,
        "15,14": 43.079796946031514,
        "15,15": 0.0,
        "15,16": 9.249545889847642,
        "15,17": 58.53439448816576,
        "15,18": 101.36648357009408,
        "15,19": 66.1768531548414,
        "15,20": 66.21514131221362,
        "15,21": 4.938665378697413,
        "15,22": 108.9839354593389,
        "15,23": 71.46806597708712,
        "15,24": 100.73020103335273,
        "15,25": 93.47360013824579,
        "15,26": 58.10206814349753,
        "15,27": 97.43840482391985,
        "15,28": 18.543928605441415,
        "15,29": 73.26159401760992,
        "15,30": 17.49823344748948,
        "15,31": 114.39848546635979,
        "15,32": 45.24430790954088,
        "15,33": 38.47232409811738,
        "15,34": 73.97162285003837,
        "15,35": 67.51317347566824,
        "15,36": 108.43819406841722,
        "15,37": 34.963731272553844,
        "15,38": 115.33324609966195,
        "15,39": 59.07793469961444,
        "15,40": 86.19967512185724,
        "16,0": 90.86903150090603,
        "16,1": 78.88035427631806,
        "16,2": 84.45591654345007,
        "16,3": 78.61266713159671,
        "16,4": 79.79496344300534,
        "16,5": 98.84836418710344,
        "16,6": 88.34215827673552,
        "16,7": 56.256878308970755,
        "16,8": 93.86868761683562,
        "16,9": 50.37107258040545,
        "16,10": 94.9834465616437,
        "16,11": 69.16195787348622,
        "16,12": 92.43354302715845,
        "16,13": 103.75008127020526,
        "16,14": 37.39095629980583,
        "16,15": 9.249545889847642,
        "16,16": 0.0,
        "16,17": 51.56734029613582,
        "16,18": 103.18521488948443,
        "16,19": 65.47546291646978,
        "16,20": 70.26357845504215,
        "16,21": 5.686708427360851,
        "16,22": 109.59406349272675,
        "16,23": 75.6765006119311,
        "16,24": 97.5053780481159,
        "16,25": 92.80512011235766,
        "16,26": 63.38190054036189,
        "16,27": 95.01998443867892,
        "16,28": 22.29239031460317,
        "16,29": 68.0059848285642,
        "16,30": 8.439736966884038,
        "16,31": 111.9080116902122,
        "16,32": 41.5057496261627,
        "16,33": 30.76092243452481,
        "16,34": 72.23845437464205,
        "16,35": 72.78206505097396,
        "16,36": 106.35170201808451,
        "16,37": 27.549617082641788,
        "16,38": 115.18205477353297,
        "16,39": 60.55359746326111,
        "16,40": 79.50565139416189,
        "17,0": 40.192187488127054,
        "17,1": 39.10930309725555,
        "17,2": 95.44562476986738,
        "17,3": 32.87190346781659,
        "17,4": 83.22162303699085,
        "17,5": 62.862652180283554,
        "17,6": 51.353098693353125,
        "17,7": 62.98084109511506,
        "17,8": 105.96719308543122,
        "17,9": 61.731843741290234,
        "17,10": 82.5756170350376,
        "17,11": 17.663963641570966,
        "17,12": 66.35957150823441,
        "17,13": 79.21624903471889,
        "17,14": 17.33218259392012,
        "17,15": 58.53439448816576,
        "17,16": 51.56734029613582,
        "17,17": 0.0,
        "17,18": 88.88076878005779,
        "17,19": 46.84341772085273,
        "17,20": 75.63175799388524,
        "17,21": 57.026435162831085,
        "17,22": 87.63272812148598,
        "17,23": 80.46639451528436,
        "17,24": 57.13468671230377,
        "17,25": 66.4928963189175,
        "17,26": 77.35221733388549,
        "17,27": 58.990689393399585,
        "17,28": 52.86376075949313,
        "17,29": 21.957512656671422,
        "17,30": 44.25540501272947,
        "17,31": 73.62759802600164,
        "17,32": 24.16991924296381,
        "17,33": 21.27470827217907,
        "17,34": 45.13640340475375,
        "17,35": 84.20188997923336,
        "17,36": 70.58561003964583,
        "17,37": 24.063983718609347,
        "17,38": 88.42175366137427,
        "17,39": 55.86899595669565,
        "17,40": 27.98780034925728,
        "18,0": 106.91433753066522,
        "18,1": 58.23908123080728,
        "18,2": 46.04712860088616,
        "18,3": 69.88243117159304,
        "18,4": 34.132178828579804,
        "18,5": 45.19153637611084,
        "18,6": 49.552872804379525,
        "18,7": 49.499576068507096,
        "18,8": 50.326539533744665,
        "18,9": 56.09427788675322,
        "18,10": 8.310261380366171,
        "18,11": 92.21503977023335,
        "18,12": 27.617720996636855,
        "18,13": 20.527122073409036,
        "18,14": 82.01542809038608,
        "18,15": 101.36648357009408,
        "18,16": 103.18521488948443,
        "18,17": 88.88076878005779,
        "18,18": 0.0,
        "18,19": 42.82935058701306,
        "18,20": 40.16512745732104,
        "18,21": 104.64993935424104,
        "18,22": 15.60370334580374,
        "18,23": 37.26878595542311,
        "18,24": 55.16329964910704,
        "18,25": 27.841918841135175,
        "18,26": 52.50745169797273,
        "18,27": 45.87204702230332,
        "18,28": 82.8452698670997,
        "18,29": 73.54161285912097,
        "18,30": 103.0879005177051,
        "18,31": 51.321292264444935,
        "18,32": 71.44861130995208,
        "18,33": 94.85153797221699,
        "18,34": 44.22520541892494,
        "18,35": 47.04052561215499,
        "18,36": 44.549533661907546,
        "18,37": 93.34729046839394,
        "18,38": 26.60711675559265,
        "18,39": 42.63418119840492,
        "18,40": 90.92966983700607,
        "19,0": 72.6022194969751,
        "19,1": 28.24658178354019,
        "19,2": 54.55884833636935,
        "19,3": 37.57110378585356,
        "19,4": 39.989553924027426,
        "19,5": 37.08952445025803,
        "19,6": 29.838098239669883,
        "19,7": 28.871431880857966,
        "19,8": 64.43390408863208,
        "19,9": 32.70272244758245,
        "19,10": 35.952757166500646,
        "19,11": 53.55190326270413,
        "19,12": 26.978671741117633,
        "19,13": 38.48733326668417,
        "19,14": 39.287202271896234,
        "19,15": 66.1768531548414,
        "19,16": 65.47546291646978,
        "19,17": 46.84341772085273,
        "19,18": 42.82935058701306,
        "19,19": 0.0,
        "19,20": 35.11858960865127,
        "19,21": 68.29597271423938,
        "19,22": 45.1582311833653,
        "19,23": 38.46620220168015,
        "19,24": 40.25745843177035,
        "19,25": 27.362138653823923,
        "19,26": 42.675310523317904,
        "19,27": 33.94214893848983,
        "19,28": 49.1186674377996,
        "19,29": 35.928939783739814,
        "19,30": 63.494339085270425,
        "19,31": 50.33217715643798,
        "19,32": 28.890019920072874,
        "19,33": 52.294984561739284,
        "19,34": 10.683973913809634,
        "19,35": 45.64720595436807,
        "19,36": 43.53483054074248,
        "19,37": 51.09516948916917,
        "19,38": 49.77211420912991,
        "19,39": 15.963492019691916,
        "19,40": 55.606164403475994,
        "20,0": 106.89472521547862,
        "20,1": 63.09658507018321,
        "20,2": 20.01532298940089,
        "20,3": 72.68195010675366,
        "20,4": 9.535539157616693,
        "20,5": 65.32037769444335,
        "20,6": 61.97761220603126,
        "20,7": 14.573212466452391,
        "20,8": 30.424936890276022,
        "20,9": 19.89838055078446,
        "20,10": 32.423063405754384,
        "20,11": 86.31864094178145,
        "20,12": 47.83846986385233,
        "20,13": 51.963716436945134,
        "20,14": 62.167193689606506,
        "20,15": 66.21514131221362,
        "20,16": 70.26357845504215,
        "20,17": 75.63175799388524,
        "20,18": 40.16512745732104,
        "20,19": 35.11858960865127,
        "20,20": 0.0,
        "20,21": 70.28288916331282,
        "20,22": 52.843061631924215,
        "20,23": 5.514698261181543,
        "20,24": 71.74970776917073,
        "20,25": 48.33151069175888,
        "20,26": 12.450354643958446,
        "20,27": 63.43587631056587,
        "20,28": 48.14709828794679,
        "20,29": 70.07577954713751,
        "20,30": 72.56312980598699,
        "20,31": 76.89323494577377,
        "20,32": 52.158358579691544,
        "20,33": 72.35845558315312,
        "20,34": 44.80219833207447,
        "20,35": 10.743193792920069,
        "20,36": 69.2987643223403,
        "20,37": 69.58757141345495,
        "20,38": 62.586951811485264,
        "20,39": 20.45923551784772,
        "20,40": 89.92408555707442,
        "21,0": 96.47307341079946,
        "21,1": 83.16302982911174,
        "21,2": 83.39667412002635,
        "21,3": 83.38766020388094,
        "21,4": 79.76542538405978,
        "21,5": 102.53290860897467,
        "21,6": 92.24948877818511,
        "21,7": 56.6957222055061,
        "21,8": 92.49213876181949,
        "21,9": 50.527214735077344,
        "21,10": 96.38682384679532,
        "21,11": 74.654158529873,
        "21,12": 95.26736866542792,
        "21,13": 106.2597072495979,
        "21,14": 42.40386323938579,
        "21,15": 4.938665378697413,
        "21,16": 5.686708427360851,
        "21,17": 57.026435162831085,
        "21,18": 104.64993935424104,
        "21,19": 68.29597271423938,
        "21,20": 70.28288916331282,
        "21,21": 0.0,
        "21,22": 111.76512335872626,
        "21,23": 75.59714960701885,
        "21,24": 101.61636126228714,
        "21,25": 95.65566169598074,
        "21,26": 62.5423142083598,
        "21,27": 98.75360384859897,
        "21,28": 22.218292567576178,
        "21,29": 72.92741411811355,
        "21,30": 14.070511962558118,
        "21,31": 115.69132850351717,
        "21,32": 45.729040475255275,
        "21,33": 36.363482866764244,
        "21,34": 75.60413942273847,
        "21,35": 71.96333841745735,
        "21,36": 109.93627447020772,
        "21,37": 33.078284209079584,
        "21,38": 117.77820039302483,
        "21,39": 62.1506764684719,
        "21,40": 84.91421097656976,
        "22,0": 99.81377019247664,
        "22,1": 52.46072383654949,
        "22,2": 61.19713295162634,
        "22,3": 63.736334827070266,
        "22,4": 48.254067587381954,
        "22,5": 34.40143779081136,
        "22,6": 41.684811377961864,
        "22,7": 59.619963496930986,
        "22,8": 65.89323492159663,
        "22,9": 66.0699162266182,
        "22,10": 20.958079735661897,
        "22,11": 87.94098876781682,
        "22,12": 21.4131540514149,
        "22,13": 9.045462228429058,
        "22,14": 83.77238356969833,
        "22,15": 108.9839354593389,
        "22,16": 109.59406349272675,
        "22,17": 87.63272812148598,
        "22,18": 15.60370334580374,
        "22,19": 45.1582311833653,
        "22,20": 52.843061631924215,
        "22,21": 111.76512335872626,
        "22,22": 0.0,
        "22,23": 50.87193123205112,
        "22,24": 44.78193418051351,
        "22,25": 21.351116104849986,
        "22,26": 65.28232121386655,
        "22,27": 36.18757097905819,
        "22,28": 90.77835449759804,
        "22,29": 69.5537219648163,
        "22,30": 108.34846502364297,
        "22,31": 37.676020534070396,
        "22,32": 73.77735734420827,
        "22,33": 96.96706636916686,
        "22,34": 42.7485017375513,
        "22,35": 60.96755402251018,
        "22,36": 31.74465564838099,
        "22,37": 96.05109681986245,
        "22,38": 11.00341533745734,
        "22,39": 50.134783503953834,
        "22,40": 84.8643390742245,
        "23,0": 110.80366666052896,
        "23,1": 65.95873014444217,
        "23,2": 16.099739591131495,
        "23,3": 75.9601772148921,
        "23,4": 4.201617684865337,
        "23,5": 66.30407571578596,
