{
    "num_robots": 6,
    "num_tasks": 50,
    "num_nodes": 51,
    "robot_capacity": [
        108,
        125,
        110,
        102,
        106,
        120
    ],
    "robot_speed": [
        0.86,
        0.9,
        0.97,
        0.88,
        0.9,
        1.18
    ],
    "task_demand": {
        "0": 0,
        "1": 14,
        "2": 8,
        "3": 15,
        "4": 7,
        "5": 13,
        "6": 7,
        "7": 12,
        "8": 8,
        "9": 7,
        "10": 9,
        "11": 7,
        "12": 15,
        "13": 12,
        "14": 13,
        "15": 7,
        "16": 7,
        "17": 8,
        "18": 10,
        "19": 9,
        "20": 10,
        "21": 6,
        "22": 6,
        "23": 7,
        "24": 11,
        "25": 5,
        "26": 6,
        "27": 6,
        "28": 10,
        "29": 7,
        "30": 15,
        "31": 9,
        "32": 14,
        "33": 5,
        "34": 10,
        "35": 12,
        "36": 11,
        "37": 13,
        "38": 8,
        "39": 15,
        "40": 10,
        "41": 11,
        "42": 5,
        "43": 5,
        "44": 13,
        "45": 13,
        "46": 11,
        "47": 8,
        "48": 7,
        "49": 13,
        "50": 11
    },
    "task_service_time": {
        "0": 0,
        "1": 96,
        "2": 16,
        "3": 97,
        "4": 100,
        "5": 97,
        "6": 33,
        "7": 85,
        "8": 78,
        "9": 11,
        "10": 71,
        "11": 50,
        "12": 42,
        "13": 11,
        "14": 78,
        "15": 44,
        "16": 55,
        "17": 50,
        "18": 46,
        "19": 92,
        "20": 70,
        "21": 38,
        "22": 11,
        "23": 58,
        "24": 63,
        "25": 34,
        "26": 99,
        "27": 51,
        "28": 75,
        "29": 79,
        "30": 31,
        "31": 28,
        "32": 93,
        "33": 32,
        "34": 21,
        "35": 60,
        "36": 36,
        "37": 86,
        "38": 35,
        "39": 17,
        "40": 44,
        "41": 77,
        "42": 26,
        "43": 61,
        "44": 83,
        "45": 96,
        "46": 88,
        "47": 42,
        "48": 32,
        "49": 79,
        "50": 23
    },
    "task_precedence": [],
    "coordinates": {
        "0": [
            50.0,
            50.0
        ],
        "1": [
            46.980455888947745,
            79.0230417755023
        ],
        "2": [
            46.14295003301616,
            92.94603587013954
        ],
        "3": [
            86.64937549034319,
            41.03713589357895
        ],
        "4": [
            68.25458604309425,
            36.74465129377854
        ],
        "5": [
            60.493325277183885,
            41.57634652429015
        ],
        "6": [
            39.87282945441959,
            54.45914427445524
        ],
        "7": [
            0.4718150215222372,
            66.61165573988113
        ],
        "8": [
            7.908771407954196,
            47.05652191509794
        ],
        "9": [
            0.5933181480282324,
            35.6898307567382
        ],
        "10": [
            8.152935179767518,
            99.65228552970629
        ],
        "11": [
            64.78098883981316,
            26.89825393797991
        ],
        "12": [
            72.63916702710986,
            40.31477658447387
        ],
        "13": [
            59.992168421252224,
            59.9744268590911
        ],
        "14": [
            15.668576797185752,
            42.20859967862337
        ],
        "15": [
            44.068419385816924,
            52.2984016835843
        ],
        "16": [
            24.006454680580923,
            61.01695209740634
        ],
        "17": [
            38.969496927581915,
            45.15761745753885
        ],
        "18": [
            68.96368149738791,
            16.490604780008354
        ],
        "19": [
            92.47388245358056,
            61.53041960738478
        ],
        "20": [
            59.42559975515827,
            71.69589752612399
        ],
        "21": [
            89.92276017125454,
            52.52857991764544
        ],
        "22": [
            61.92240114573872,
            77.79998782246686
        ],
        "23": [
            6.641223248206407,
            44.83439511106306
        ],
        "24": [
            45.922118504789125,
            62.852181827387454
        ],
        "25": [
            49.64031764948669,
            27.535153964823124
        ],
        "26": [
            21.596982446325164,
            57.87930491959642
        ],
        "27": [
            27.32630777820709,
            51.15875145567207
        ],
        "28": [
            85.04031322031122,
            12.63406647096349
        ],
        "29": [
            5.216398367814568,
            0.052955127223230924
        ],
        "30": [
            13.208179605435333,
            78.08072071923078
        ],
        "31": [
            82.42326172981141,
            12.676145512525693
        ],
        "32": [
            63.51881409149922,
            12.688443032162722
        ],
        "33": [
            23.97867077643766,
            3.877842784563046
        ],
        "34": [
            48.53620424092365,
            17.18842450462312
        ],
        "35": [
            72.0499442672967,
            59.9588777784775
        ],
        "36": [
            34.7848897019054,
            87.87661831110744
        ],
        "37": [
            38.12434909243928,
            58.62124010841876
        ],
        "38": [
            70.03037156423888,
            89.57056911918005
        ],
        "39": [
            37.425718652911314,
            98.34806828615592
        ],
        "40": [
            18.65961240885773,
            64.72720552129108
        ],
        "41": [
            98.87295496266736,
            20.8844304712698
        ],
        "42": [
            64.04576222210318,
            14.995628084343004
        ],
        "43": [
            20.300080300324417,
            48.18499610429664
        ],
        "44": [
            86.96601897935291,
            28.208835501245932
        ],
        "45": [
            46.08832033206881,
            58.880682538943255
        ],
        "46": [
            27.89209461428941,
            26.835324075078383
        ],
        "47": [
            74.95511551864873,
            10.789776393213902
        ],
        "48": [
            76.50983531557763,
            40.64807002445223
        ],
        "49": [
            7.297731612653591,
            54.83018475624615
        ],
        "50": [
            37.6370976950995,
            1.6206061118892223
        ]
    },
    "distance_matrix_str_keys": {
        "0,0": 0.0,
        "0,1": 29.179695004251542,
        "0,2": 43.118891815619776,
        "0,3": 37.72942693471952,
        "0,4": 22.55956960866626,
        "0,5": 13.456144070707063,
        "0,6": 11.065421407234268,
        "0,7": 52.23971873663406,
        "0,8": 42.19402312679075,
        "0,9": 51.43735175330037,
        "0,10": 64.93478491834881,
        "0,11": 27.42568690473845,
        "0,12": 24.6238793915588,
        "0,13": 14.118520493522974,
        "0,14": 35.20443918170946,
        "0,15": 6.361312669697633,
        "0,16": 28.231854912301447,
        "0,17": 12.046603949585018,
        "0,18": 38.50325679658763,
        "0,19": 44.0111493488064,
        "0,20": 23.654891676110303,
        "0,21": 40.00275610619133,
        "0,22": 30.24868545919339,
        "0,23": 43.66539814636397,
        "0,24": 13.483608389938192,
        "0,25": 22.467725269316272,
        "0,26": 29.475665423707355,
        "0,27": 22.703282227568206,
        "0,28": 51.22535055101031,
        "0,29": 67.08411337025673,
        "0,30": 46.28352756713063,
        "0,31": 49.44024691485682,
        "0,32": 39.68514354017992,
        "0,33": 52.95623627833178,
        "0,34": 32.84421082189533,
        "0,35": 24.19461280528257,
        "0,36": 40.8183512169282,
        "0,37": 14.675042265194879,
        "0,38": 44.3513892163174,
        "0,39": 49.956463629830104,
        "0,40": 34.628174610125946,
        "0,41": 56.88833022479422,
        "0,42": 37.71723067259177,
        "0,43": 29.75532673839419,
        "0,44": 42.910854214215306,
        "0,45": 9.704007428995398,
        "0,46": 32.02126935725963,
        "0,47": 46.47794558544158,
        "0,48": 28.11102920077093,
        "0,49": 42.97457865069112,
        "0,50": 49.93402754016027,
        "1,0": 29.179695004251542,
        "1,1": 0.0,
        "1,2": 13.94816047434295,
        "1,3": 54.92314838037159,
        "1,4": 47.32917615531329,
        "1,5": 39.810207539532925,
        "1,6": 25.57153522913221,
        "1,7": 48.136225222387075,
        "1,8": 50.48222380371074,
        "1,9": 63.4786084046569,
        "1,10": 43.967511440746605,
        "1,11": 55.08041830307363,
        "1,12": 46.44027617672648,
        "1,13": 23.06847184485901,
        "1,14": 48.32946222710918,
        "1,15": 26.88282620257992,
        "1,16": 29.189450097897947,
        "1,17": 34.800034880965256,
        "1,18": 66.28399418220812,
        "1,19": 48.74057540600188,
        "1,20": 14.441905992696228,
        "1,21": 50.45788348921957,
        "1,22": 14.9919174567156,
        "1,23": 52.878324962026966,
        "1,24": 16.20545554682906,
        "1,25": 51.556546197260566,
        "1,26": 33.036015683555405,
        "1,27": 34.09844883549273,
        "1,28": 76.52482461313065,
        "1,29": 89.33370632558142,
        "1,30": 33.7854201445385,
        "1,31": 75.220363796005,
        "1,32": 68.3651686348814,
        "1,33": 78.5867867376568,
        "1,34": 61.85418535532407,
        "1,35": 31.494786813973356,
        "1,36": 15.07042308942746,
        "1,37": 22.241046262578934,
        "1,38": 25.34854918340814,
        "1,39": 21.55805309593531,
        "1,40": 31.724456017889057,
        "1,41": 77.92900348715249,
        "1,42": 66.26261679275342,
        "1,43": 40.777781969712066,
        "1,44": 64.66010218782095,
        "1,45": 20.16210657313475,
        "1,46": 55.56908686429008,
        "1,47": 73.74523771829215,
        "1,48": 48.421304259754955,
        "1,49": 46.475939331470826,
        "1,50": 77.96432125657425,
        "2,0": 43.118891815619776,
        "2,1": 13.94816047434295,
        "2,2": 0.0,
        "2,3": 65.84302848522813,
        "2,4": 60.39470237812427,
        "2,5": 53.33646269802201,
        "2,6": 38.99429749037793,
        "2,7": 52.71956136087491,
        "2,8": 59.730226068240384,
        "2,9": 73.16448584419763,
        "2,10": 38.577389920087796,
        "2,11": 68.62715197880344,
        "2,12": 58.92451925126813,
        "2,13": 35.762100759638074,
        "2,14": 59.18593460785148,
        "2,15": 40.700538600492536,
        "2,16": 38.85216618226842,
        "2,17": 48.32381776964292,
        "2,18": 79.78858770367329,
        "2,19": 55.9776405730678,
        "2,20": 25.05987157351214,
        "2,21": 59.583911598786464,
        "2,22": 21.872216368745313,
        "2,23": 62.250432894175006,
        "2,24": 30.094664273095407,
        "2,25": 65.50431323108415,
        "2,26": 42.80397346420848,
        "2,27": 45.828410014761175,
        "2,28": 89.23573999076002,
        "2,29": 101.50914777060432,
        "2,30": 36.13414863606572,
        "2,31": 88.08811676293215,
        "2,32": 82.11700104074278,
        "2,33": 91.78452099615237,
        "2,34": 75.795404514471,
        "2,35": 41.94430770938232,
        "2,36": 12.438027531444645,
        "2,37": 35.248965447627896,
        "2,38": 24.124731774615764,
        "2,39": 10.255343834215237,
        "2,40": 39.39081407156462,
        "2,41": 89.2934958020093,
        "2,42": 79.97985220197452,
        "2,43": 51.68563240340825,
        "2,44": 76.53383611057035,
        "2,45": 34.065397135267204,
        "2,46": 68.58367107092552,
        "2,47": 87.06200004141537,
        "2,48": 60.47499444696894,
        "2,49": 54.42213796114743,
        "2,50": 91.72068275216641,
        "3,0": 37.72942693471952,
        "3,1": 54.92314838037159,
        "3,2": 65.84302848522813,
        "3,3": 0.0,
        "3,4": 18.888983637245936,
        "3,5": 26.161607574030747,
        "3,6": 48.664109649999695,
        "3,7": 89.89231331835997,
        "3,8": 78.97034721549345,
        "3,9": 86.22203127699024,
        "3,10": 97.96645807773888,
        "3,11": 26.04101222401779,
        "3,12": 14.028818344917918,
        "3,13": 32.69904704784012,
        "3,14": 70.99046492676472,
        "3,15": 44.044908104896045,
        "3,16": 65.75202341462102,
        "3,17": 47.85759279444167,
        "3,18": 30.254189159882365,
        "3,19": 21.30491865131946,
        "3,20": 41.0011418148429,
        "3,21": 11.948570334039069,
        "3,22": 44.30497198040041,
        "3,23": 80.09821223201992,
        "3,24": 46.20179315417895,
        "3,25": 39.39509967333895,
        "3,26": 67.19726555637773,
        "3,27": 60.180341178540104,
        "3,28": 28.44861040569036,
        "3,29": 91.16486623764439,
        "3,30": 82.25470460551584,
        "3,31": 28.67413142383133,
        "3,32": 36.58785669558415,
        "3,33": 72.85897538189305,
        "3,34": 44.95970259689549,
        "3,35": 23.899282583274108,
        "3,36": 69.8846334986528,
        "3,37": 51.61277853357265,
        "3,38": 51.29995547912056,
        "3,39": 75.54807319949187,
        "3,40": 71.99880056530367,
        "3,41": 23.57005369010842,
        "3,42": 34.48308950425777,
        "3,43": 66.73320671003462,
        "3,44": 12.8322076843801,
        "3,45": 44.31242887089206,
        "3,46": 60.44923088737836,
        "3,47": 32.42928418929254,
        "3,48": 10.147001882635287,
        "3,49": 80.54148982369024,
        "3,50": 62.89567707489101,
        "4,0": 22.55956960866626,
        "4,1": 47.32917615531329,
        "4,2": 60.39470237812427,
        "4,3": 18.888983637245936,
        "4,4": 0.0,
        "4,5": 9.142343653407927,
        "4,6": 33.45635019874735,
        "4,7": 74.07119549424307,
        "4,8": 61.220519596696604,
        "4,9": 67.66948957642029,
        "4,10": 87.00332684247478,
        "4,11": 10.441140666561314,
        "4,12": 5.654232485196708,
        "4,13": 24.655425726856116,
        "4,14": 52.86911291447042,
        "4,15": 28.755691762883682,
        "4,16": 50.46822480904223,
        "4,17": 30.46956586786354,
        "4,18": 20.26645545094815,
        "4,19": 34.65412860706156,
        "4,20": 36.04914162732038,
        "4,21": 26.807502174794273,
        "4,22": 41.54078987041709,
        "4,23": 62.142179153323575,
        "4,24": 34.35610945541963,
        "4,25": 20.76790381529379,
        "4,26": 51.22114365451572,
        "4,27": 43.39228324489429,
        "4,28": 29.378239180831102,
        "4,29": 72.9389722505232,
        "4,30": 68.83877902204357,
        "4,31": 27.929273912108272,
        "4,32": 24.517925929893565,
        "4,33": 55.14148868394464,
        "4,34": 27.771578765440264,
        "4,35": 23.522437274502824,
        "4,36": 61.11218065355384,
        "4,37": 37.23461181303567,
        "4,38": 52.85575662416706,
        "4,39": 68.8868641302405,
        "4,40": 56.94457613220329,
        "4,41": 34.482330545278124,
        "4,42": 22.15252149351643,
        "4,43": 49.30026481081915,
        "4,44": 20.566425887162662,
        "4,45": 31.326461894996868,
        "4,46": 41.561105378317556,
        "4,47": 26.80583194673753,
        "4,48": 9.1315835613442,
        "4,49": 63.58321022625366,
        "4,50": 46.59537683804045,
        "5,0": 13.456144070707063,
        "5,1": 39.810207539532925,
        "5,2": 53.33646269802201,
        "5,3": 26.161607574030747,
        "5,4": 9.142343653407927,
        "5,5": 0.0,
        "5,6": 24.31401500880302,
        "5,7": 65.0334406354973,
        "5,8": 52.86934487905004,
        "5,9": 60.188553080752285,
        "5,10": 78.18139885491009,
        "5,11": 15.29151597450673,
        "5,12": 12.211184648808363,
        "5,13": 18.40490473216411,
        "5,14": 44.82920722415532,
        "5,15": 19.614790347572097,
        "5,16": 41.34282127507418,
        "5,17": 21.8197316280577,
        "5,18": 26.477185903300818,
        "5,19": 37.69510671053019,
        "5,20": 30.1384702721033,
        "5,21": 31.401322495826033,
        "5,22": 36.25181990931019,
        "5,23": 53.95056787034936,
        "5,24": 25.787230069327038,
        "5,25": 17.74662962533691,
        "5,26": 42.1747784588702,
        "5,27": 34.523521460685394,
        "5,28": 37.95010134064505,
        "5,29": 69.13559634267841,
        "5,30": 59.73654104953457,
        "5,31": 36.27869528162049,
        "5,32": 29.045904198974686,
        "5,33": 52.48330379771347,
        "5,34": 27.161433760262675,
        "5,35": 21.713426670928996,
        "5,36": 52.95884087913361,
        "5,37": 28.122935352625262,
        "5,38": 48.932613402201085,
        "5,39": 61.27922051706343,
        "5,40": 47.81236037520608,
        "5,41": 43.60219449454449,
        "5,42": 26.817054294448035,
        "5,43": 40.73292514712341,
        "5,44": 29.65626178060998,
        "5,45": 22.515421656651473,
        "5,46": 35.779015967231636,
        "5,47": 34.01405999618105,
        "5,48": 16.043387767866207,
        "5,49": 54.821851603176206,
        "5,50": 46.031166954436465,
        "6,0": 11.065421407234268,
        "6,1": 25.57153522913221,
        "6,2": 38.99429749037793,
        "6,3": 48.664109649999695,
        "6,4": 33.45635019874735,
        "6,5": 24.31401500880302,
        "6,6": 0.0,
        "6,7": 41.23255356218789,
        "6,8": 32.81005675997933,
        "6,9": 43.53351741354335,
        "6,10": 55.21387243539598,
        "6,11": 37.148608050738446,
        "6,12": 35.688878033315696,
        "6,13": 20.861594916273727,
        "6,14": 27.127876614097108,
        "6,15": 4.719299038675803,
        "6,16": 17.168188369966778,
        "6,17": 9.345288159273514,
        "6,18": 47.831868706200964,
        "6,19": 53.07422831709039,
        "6,20": 26.065618908676647,
        "6,21": 50.08715048289095,
        "6,22": 32.10885530976428,
        "6,23": 34.59733295361139,
        "6,24": 10.345867647512756,
        "6,25": 28.64096855614243,
        "6,26": 18.593119230022875,
        "6,27": 12.973349564778772,
        "6,28": 61.55841715809644,
        "6,29": 64.50660146981075,
        "6,30": 35.62277958421143,
        "6,31": 59.63521000518161,
        "6,32": 47.99920907400312,
        "6,33": 53.01973538685608,
        "6,34": 38.26435175006613,
        "6,35": 32.64374038458737,
        "6,36": 33.802584249070925,
        "6,37": 4.514446290225111,
        "6,38": 46.28487334683203,
        "6,39": 43.95709274030409,
        "6,40": 23.567640085313766,
        "6,41": 67.8842854934395,
        "6,42": 46.2785024463649,
        "6,43": 20.553769598549017,
        "6,44": 53.915185340682264,
        "6,45": 7.627734098306809,
        "6,46": 30.110022413093784,
        "6,47": 56.01589494634178,
        "6,48": 39.15374784627424,
        "6,49": 32.577210906395216,
        "6,50": 52.88581673432469,
        "7,0": 52.23971873663406,
        "7,1": 48.136225222387075,
        "7,2": 52.71956136087491,
        "7,3": 89.89231331835997,
        "7,4": 74.07119549424307,
        "7,5": 65.0334406354973,
        "7,6": 41.23255356218789,
        "7,7": 0.0,
        "7,8": 20.921557762243012,
        "7,9": 30.922063697267568,
        "7,10": 33.921716109207736,
        "7,11": 75.58322644522663,
        "7,12": 76.80919573080092,
        "7,13": 59.889275133739446,
        "7,14": 28.748055822875337,
        "7,15": 45.886088891699366,
        "7,16": 24.190493437068593,
        "7,17": 44.07206905467864,
        "7,18": 84.87199492571136,
        "7,19": 92.1422778772437,
        "7,20": 59.17261401155837,
        "7,21": 90.55277252958773,
        "7,22": 62.46081419418069,
        "7,23": 22.63428104365031,
        "7,24": 45.605523029779874,
        "7,25": 62.80537112104552,
        "7,26": 22.85884182487122,
        "7,27": 30.983157231563187,
        "7,28": 100.32652207109817,
        "7,29": 66.72759323080177,
        "7,30": 17.139265862775467,
        "7,31": 98.10748636606039,
        "7,32": 82.96165958110724,
        "7,33": 66.9933097808672,
        "7,34": 68.94085361212097,
        "7,35": 71.88663325631916,
        "7,36": 40.36812761544939,
        "7,37": 38.491038748325394,
        "7,38": 73.24960403896024,
        "7,39": 48.7113013058093,
        "7,40": 18.285161372793837,
        "7,41": 108.50697430342049,
        "7,42": 81.88932209756977,
        "7,43": 27.06846669636518,
        "7,44": 94.63627169632024,
        "7,45": 46.26698070309693,
        "7,46": 48.31178214114972,
        "7,47": 93.07977367150781,
        "7,48": 80.34854269643976,
        "7,49": 13.616027168279127,
        "7,50": 74.86718084685045,
        "8,0": 42.19402312679075,
        "8,1": 50.48222380371074,
        "8,2": 59.730226068240384,
        "8,3": 78.97034721549345,
        "8,4": 61.220519596696604,
        "8,5": 52.86934487905004,
        "8,6": 32.81005675997933,
        "8,7": 20.921557762243012,
        "8,8": 0.0,
        "8,9": 13.51730462361838,
        "8,10": 52.59633034871564,
        "8,11": 60.33908255396286,
        "8,12": 65.08052894004013,
        "8,13": 53.66146208021978,
        "8,14": 9.149695606393236,
        "8,15": 36.53761685428072,
        "8,16": 21.30795667399654,
        "8,17": 31.118716360810744,
        "8,18": 68.27867409622127,
        "8,19": 85.79482339026,
        "8,20": 57.10588790533349,
        "8,21": 82.19633672889564,
        "8,22": 62.1500836157767,
        "8,23": 2.5582270951755386,
        "8,24": 41.164516632278804,
        "8,25": 46.071745770690974,
        "8,26": 17.449921300494225,
        "8,27": 19.846133273100154,
        "8,28": 84.46407627598138,
        "8,29": 47.08061345574704,
        "8,30": 31.473554592417553,
        "8,31": 82.06350924441813,
        "8,32": 65.37309609747237,
        "8,33": 46.072117350637086,
        "8,34": 50.42510824499097,
        "8,35": 65.42599515939624,
        "8,36": 48.87336702468908,
        "8,37": 32.353111777664886,
        "8,38": 75.27640676631843,
        "8,39": 59.17831447241441,
        "8,40": 20.684139850061246,
        "8,41": 94.65442969200994,
        "8,42": 64.64721688437011,
        "8,43": 12.442587755841666,
        "8,44": 81.272896322946,
        "8,45": 39.96859680433322,
        "8,46": 28.429387057305107,
        "8,47": 76.2265641975208,
        "8,48": 68.89974038334655,
        "8,49": 7.797640899611205,
        "8,50": 54.297291172868334,
        "9,0": 51.43735175330037,
        "9,1": 63.4786084046569,
        "9,2": 73.16448584419763,
        "9,3": 86.22203127699024,
        "9,4": 67.66948957642029,
        "9,5": 60.188553080752285,
        "9,6": 43.53351741354335,
        "9,7": 30.922063697267568,
        "9,8": 13.51730462361838,
        "9,9": 0.0,
        "9,10": 64.40763487545983,
        "9,11": 64.78695001153515,
        "9,12": 72.19414425434348,
        "9,13": 64.17137229041698,
        "9,14": 16.42430429564475,
        "9,15": 46.539542927150165,
        "9,16": 34.491129840828364,
        "9,17": 39.52682738004815,
        "9,18": 71.01490591860981,
        "9,19": 95.44513675015033,
        "9,20": 68.97589581369797,
        "9,21": 90.90265499689711,
        "9,22": 74.39436638241096,
        "9,23": 10.963585788014337,
        "9,24": 52.844048458348524,
        "9,25": 49.72028674169795,
        "9,26": 30.553668807194097,
        "9,27": 30.88592304201309,
        "9,28": 87.5377818061401,
        "9,29": 35.93549464460032,
        "9,30": 44.22807119241952,
        "9,31": 85.00452561550769,
        "9,32": 66.99762590560978,
        "9,33": 39.482620180237184,
        "9,34": 51.3889322736146,
        "9,35": 75.46546269448238,
        "9,36": 62.39009825740595,
        "9,37": 43.98213067377116,
        "9,38": 87.88992179771013,
        "9,39": 72.6820504474457,
        "9,40": 34.19883216625932,
        "9,41": 99.38856518750192,
        "9,42": 66.74176116360563,
        "9,43": 23.334215898332616,
        "9,44": 86.69607106962928,
        "9,45": 51.06477092977173,
        "9,46": 28.698876025559844,
        "9,47": 78.41995674250073,
        "9,48": 76.0782604656989,
        "9,49": 20.280589516360948,
        "9,50": 50.32845786464354,
        "10,0": 64.93478491834881,
        "10,1": 43.967511440746605,
        "10,2": 38.577389920087796,
        "10,3": 97.96645807773888,
        "10,4": 87.00332684247478,
        "10,5": 78.18139885491009,
        "10,6": 55.21387243539598,
        "10,7": 33.921716109207736,
        "10,8": 52.59633034871564,
        "10,9": 64.40763487545983,
        "10,10": 0.0,
        "10,11": 92.1948240096749,
        "10,12": 87.63226612210097,
        "10,13": 65.28122679415856,
        "10,14": 57.93325394865519,
        "10,15": 59.43325938451464,
        "10,16": 41.761502247736075,
        "10,17": 62.60454716913591,
        "10,18": 103.02335663732114,
        "10,19": 92.5380938346615,
        "10,20": 58.39902193416744,
        "10,21": 94.37662798463712,
        "10,22": 58.040316895685166,
        "10,23": 54.838730682925195,
        "10,24": 52.73290093993038,
        "10,25": 83.19905990656042,
        "10,26": 43.88307550705683,
        "10,27": 52.14634276522287,
        "10,28": 116.11993519678191,
        "10,29": 99.64261068975934,
        "10,30": 22.1559902639397,
        "10,31": 114.37189487867359,
        "10,32": 103.09263043305327,
        "10,33": 97.07315689889988,
        "10,34": 91.8210041070667,
        "10,35": 75.22229981353333,
        "10,36": 29.11919195500459,
        "10,37": 50.811734277511675,
        "10,38": 62.693365991120416,
        "10,39": 29.30182306417017,
        "10,40": 36.47124182133762,
        "10,41": 120.143651434092,
        "10,42": 101.44337220639913,
        "10,43": 52.88132955381089,
        "10,44": 106.37513210318276,
        "10,45": 55.690367722702625,
        "10,46": 75.44497525127994,
        "10,47": 111.1713849336312,
        "10,48": 90.3004055559419,
        "10,49": 44.83025865291679,
        "10,50": 102.36955606384237,
        "11,0": 27.42568690473845,
        "11,1": 55.08041830307363,
        "11,2": 68.62715197880344,
        "11,3": 26.04101222401779,
        "11,4": 10.441140666561314,
        "11,5": 15.29151597450673,
        "11,6": 37.148608050738446,
        "11,7": 75.58322644522663,
        "11,8": 60.33908255396286,
        "11,9": 64.78695001153515,
        "11,10": 92.1948240096749,
        "11,11": 0.0,
        "11,12": 15.548441862360066,
        "11,13": 33.42104151741049,
        "11,14": 51.44351954661396,
        "11,15": 32.774655435033175,
        "11,16": 53.16623176412303,
        "11,17": 31.61704399330492,
        "11,18": 11.216687517407077,
        "11,19": 44.342792601014025,
        "11,20": 45.11661626605465,
        "11,21": 35.902956361648066,
        "11,22": 50.98193833164684,
        "11,23": 60.84354939702112,
        "11,24": 40.59977735148269,
        "11,25": 15.154061031214534,
        "11,26": 53.14775562635109,
        "11,27": 44.625383732048505,
        "11,28": 24.777152145644813,
        "11,29": 65.33460420279378,
        "11,30": 72.65947672629756,
        "11,31": 22.660939097719297,
        "11,32": 14.265756589622663,
        "11,33": 46.8483563107311,
        "11,34": 18.925480556361034,
        "11,35": 33.850296331489034,
        "11,36": 67.95680161038408,
        "11,37": 41.435785188543576,
        "11,38": 62.89177298470118,
        "11,39": 76.50742955679023,
        "11,40": 59.650741334692505,
        "11,41": 34.61832212587132,
        "11,42": 11.92531175236333,
        "11,43": 49.31203318211093,
        "11,44": 22.223707753798866,
        "11,45": 37.0444543104111,
        "11,46": 36.88894790244803,
        "11,47": 19.052451351131282,
        "11,48": 18.072722043562383,
        "11,49": 63.910230954677395,
        "11,50": 37.09110818101735,
        "12,0": 24.6238793915588,
        "12,1": 46.44027617672648,
        "12,2": 58.92451925126813,
        "12,3": 14.028818344917918,
        "12,4": 5.654232485196708,
        "12,5": 12.211184648808363,
        "12,6": 35.688878033315696,
        "12,7": 76.80919573080092,
        "12,8": 65.08052894004013,
        "12,9": 72.19414425434348,
        "12,10": 87.63226612210097,
        "12,11": 15.548441862360066,
        "12,12": 0.0,
        "12,13": 23.376236280822084,
        "12,14": 57.00205888437591,
        "12,15": 30.982170538851463,
        "12,16": 52.85565987809148,
        "12,17": 34.01616957173272,
        "12,18": 24.106023231712964,
        "12,19": 29.043406221114335,
        "12,20": 34.04956844961272,
        "12,21": 21.16363824661813,
        "12,22": 38.98705083118082,
        "12,23": 66.15251722095834,
        "12,24": 34.95333055414533,
        "12,25": 26.31094500384368,
        "12,26": 53.97978568329276,
        "12,27": 46.59234920368419,
        "12,28": 30.331668917046887,
        "12,29": 78.52925569964599,
        "12,30": 70.41525972617595,
        "12,31": 29.319318489396913,
        "12,32": 29.092871003282816,
        "12,33": 60.79057525719565,
        "12,34": 33.40330785406581,
        "12,35": 19.652936044798412,
        "12,36": 60.78712939630256,
        "12,37": 39.069160009104145,
        "12,38": 49.32483058246742,
        "12,39": 67.8811453360568,
        "12,40": 59.24321904977831,
        "12,41": 32.64582637224407,
        "12,42": 26.7377240414062,
        "12,43": 52.92750092989625,
        "12,44": 18.75666538519244,
        "12,45": 32.39815309757293,
        "12,46": 46.73324437133855,
        "12,47": 29.615692693390816,
        "12,48": 3.8849913148529196,
        "12,49": 66.93429805723456,
        "12,50": 52.1764667842151,
        "13,0": 14.118520493522974,
        "13,1": 23.06847184485901,
        "13,2": 35.762100759638074,
        "13,3": 32.69904704784012,
        "13,4": 24.655425726856116,
        "13,5": 18.40490473216411,
        "13,6": 20.861594916273727,
        "13,7": 59.889275133739446,
        "13,8": 53.66146208021978,
        "13,9": 64.17137229041698,
        "13,10": 65.28122679415856,
        "13,11": 33.42104151741049,
        "13,12": 23.376236280822084,
        "13,13": 0.0,
        "13,14": 47.75149620549352,
        "13,15": 17.677305955335527,
        "13,16": 36.00081182831942,
        "13,17": 25.71945873405398,
        "13,18": 44.399671501944674,
        "13,19": 32.51896154416217,
        "13,20": 11.73515550180362,
        "13,21": 30.84284291664344,
        "13,22": 17.92976357986084,
        "13,23": 55.45758660624025,
        "13,24": 14.36132926679552,
        "13,25": 34.05095065206979,
        "13,26": 38.45230606856483,
        "13,27": 33.83451764647004,
        "13,28": 53.558559349112706,
        "13,29": 81.18477541670062,
        "13,30": 50.165520897008655,
        "13,31": 52.347696848630754,
        "13,32": 47.41731219885838,
        "13,33": 66.66182383826337,
        "13,34": 44.29312715058072,
        "13,35": 12.057785871683134,
        "13,36": 37.60238274710538,
        "13,37": 21.909647112169562,
        "13,38": 31.252154470040782,
        "13,39": 44.517199052950296,
        "13,40": 41.60491667495071,
        "13,41": 55.13386780989495,
        "13,42": 45.161089024973464,
        "13,43": 41.40594808625437,
        "13,44": 41.67302974640021,
        "13,45": 13.946801365364923,
        "13,46": 46.136914415051855,
        "13,47": 51.41030662513111,
        "13,48": 25.423245035433347,
        "13,49": 52.944942132257324,
        "13,50": 62.48933975461622,
        "14,0": 35.20443918170946,
        "14,1": 48.32946222710918,
        "14,2": 59.18593460785148,
        "14,3": 70.99046492676472,
        "14,4": 52.86911291447042,
        "14,5": 44.82920722415532,
        "14,6": 27.127876614097108,
        "14,7": 28.748055822875337,
        "14,8": 9.149695606393236,
        "14,9": 16.42430429564475,
        "14,10": 57.93325394865519,
        "14,11": 51.44351954661396,
        "14,12": 57.00205888437591,
        "14,13": 47.75149620549352,
        "14,14": 0.0,
        "14,15": 30.138931028793017,
        "14,16": 20.57363186964201,
        "14,17": 23.48679596674397,
        "14,18": 59.17586878627722,
        "14,19": 79.19840719567354,
        "14,20": 52.7653086079457,
        "14,21": 74.96789806766387,
        "14,22": 58.362343826070884,
        "14,23": 9.401484656759862,
        "14,24": 36.62559582841579,
        "14,25": 37.00525889183503,
        "14,26": 16.75461119483852,
        "14,27": 14.697207505443771,
        "14,28": 75.41280281762886,
        "14,29": 43.432089536003275,
        "14,30": 35.95639890608016,
        "14,31": 72.99557390367433,
        "14,32": 56.223525837087834,
        "14,33": 39.22122621764333,
        "14,34": 41.30726448844091,
        "14,35": 59.109482914519276,
        "14,36": 49.50758876059369,
        "14,37": 27.814321405600214,
        "14,38": 72.0996593583037,
        "14,39": 60.20808215901166,
        "14,40": 22.7163796219318,
        "14,41": 85.89347319958787,
        "14,42": 55.505836563625934,
        "14,43": 7.560961508722677,
        "14,44": 72.65892002185038,
        "14,45": 34.68889078119149,
        "14,46": 19.640570017379897,
        "14,47": 67.09721402719578,
        "14,48": 60.86126839709586,
        "14,49": 15.145146383415222,
        "14,50": 46.15193530303281,
        "15,0": 6.361312669697633,
        "15,1": 26.88282620257992,
        "15,2": 40.700538600492536,
        "15,3": 44.044908104896045,
        "15,4": 28.755691762883682,
        "15,5": 19.614790347572097,
        "15,6": 4.719299038675803,
        "15,7": 45.886088891699366,
        "15,8": 36.53761685428072,
        "15,9": 46.539542927150165,
        "15,10": 59.43325938451464,
        "15,11": 32.774655435033175,
        "15,12": 30.982170538851463,
        "15,13": 17.677305955335527,
        "15,14": 30.138931028793017,
        "15,15": 0.0,
        "15,16": 21.874541118672443,
        "15,17": 8.774383716138297,
        "15,18": 43.61160848548887,
        "15,19": 49.27797692428132,
        "15,20": 24.740772701308813,
        "15,21": 45.85491850266973,
        "15,22": 31.130299713983916,
        "15,23": 38.164203186203274,
        "15,24": 10.71533834031441,
        "15,25": 25.382365686464624,
        "15,26": 23.154091626649603,
        "15,27": 16.78085527390199,
        "15,28": 57.02592017884694,
        "15,29": 65.10811180687763,
        "15,30": 40.212962762752326,
        "15,31": 55.14541789956501,
        "15,32": 44.127844708009036,
        "15,33": 52.42278629834209,
        "15,34": 35.39310100879402,
        "15,35": 29.01118109786814,
        "15,36": 36.76946316968783,
        "15,37": 8.678148270177092,
        "15,38": 45.42287338182991,
        "15,39": 46.52630725981748,
        "15,40": 28.285732036285804,
        "15,41": 63.169412749545096,
        "15,42": 42.31537716947317,
        "15,43": 24.12165102854002,
        "15,44": 49.19869154500553,
        "15,45": 6.885232101497687,
        "15,46": 30.16689915139987,
        "15,47": 51.739288471124766,
        "15,48": 34.469924503768596,
        "15,49": 36.85774552029031,
        "15,50": 51.08425259016725,
        "16,0": 28.231854912301447,
        "16,1": 29.189450097897947,
        "16,2": 38.85216618226842,
        "16,3": 65.75202341462102,
        "16,4": 50.46822480904223,
        "16,5": 41.34282127507418,
        "16,6": 17.168188369966778,
        "16,7": 24.190493437068593,
        "16,8": 21.30795667399654,
        "16,9": 34.491129840828364,
        "16,10": 41.761502247736075,
        "16,11": 53.16623176412303,
        "16,12": 52.85565987809148,
        "16,13": 36.00081182831942,
        "16,14": 20.57363186964201,
        "16,15": 21.874541118672443,
        "16,16": 0.0,
        "16,17": 21.803924612437033,
        "16,18": 63.27517561008728,
        "16,19": 68.46935310585842,
        "16,20": 36.99399563825846,
        "16,21": 66.46060330603346,
        "16,22": 41.46431338509501,
        "16,23": 23.736604923960282,
        "16,24": 21.992371154959955,
        "16,25": 42.16782822128371,
        "16,26": 3.9560569080927004,
        "16,27": 10.402189408125006,
        "16,28": 77.88475787847875,
        "16,29": 63.79400553984227,
        "16,30": 20.193438146528464,
        "16,31": 75.82451402484466,
        "16,32": 62.42492558815684,
        "16,33": 57.139116067807564,
        "16,34": 50.2259738028492,
        "16,35": 48.05513929782374,
        "16,36": 28.94160207418294,
        "16,37": 14.319719918998427,
        "16,38": 54.161886694796564,
        "16,39": 39.669747685824845,
        "16,40": 6.508049073888005,
        "16,41": 84.9447594414156,
        "16,42": 61.000888619100955,
        "16,43": 13.356507988831728,
        "16,44": 70.99492412333758,
        "16,45": 22.18495973124082,
        "16,46": 34.40177163971684,
        "16,47": 71.54393908929171,
        "16,48": 56.31603976670642,
        "16,49": 17.817337531021103,
        "16,50": 60.94030148777161,
        "17,0": 12.046603949585018,
        "17,1": 34.800034880965256,
        "17,2": 48.32381776964292,
        "17,3": 47.85759279444167,
        "17,4": 30.46956586786354,
        "17,5": 21.8197316280577,
        "17,6": 9.345288159273514,
        "17,7": 44.07206905467864,
        "17,8": 31.118716360810744,
        "17,9": 39.52682738004815,
        "17,10": 62.60454716913591,
        "17,11": 31.61704399330492,
        "17,12": 34.01616957173272,
        "17,13": 25.71945873405398,
        "17,14": 23.48679596674397,
        "17,15": 8.774383716138297,
        "17,16": 21.803924612437033,
        "17,17": 0.0,
        "17,18": 41.49034494748486,
        "17,19": 55.95344422600536,
        "17,20": 33.507200000761635,
        "17,21": 51.483649081696804,
        "17,22": 39.90438766713519,
        "17,23": 32.329889448834564,
        "17,24": 19.011484819302332,
        "17,25": 20.601398846465035,
        "17,26": 21.532431151259914,
        "17,27": 13.098758064475808,
        "17,28": 56.39416177810234,
        "17,29": 56.335621291658455,
        "17,30": 41.804021320350984,
        "17,31": 54.25196489715517,
        "17,32": 40.70523628576677,
        "17,33": 43.91747563038528,
        "17,34": 29.560068390593703,
        "17,35": 36.24076852501663,
        "17,36": 42.923466443897304,
        "17,37": 13.49012267359096,
        "17,38": 54.19675459373372,
        "17,39": 53.21284911290576,
        "17,40": 28.203903739533406,
        "17,41": 64.63444817612064,
        "17,42": 39.224541859274666,
