{
    "num_robots": 5,
    "num_tasks": 40,
    "num_nodes": 41,
    "robot_capacity": [
        124,
        131,
        128,
        118,
        101
    ],
    "robot_speed": [
        1.14,
        0.95,
        0.99,
        1.1,
        0.84
    ],
    "task_demand": {
        "0": 0,
        "1": 11,
        "2": 12,
        "3": 7,
        "4": 5,
        "5": 8,
        "6": 5,
        "7": 7,
        "8": 13,
        "9": 8,
        "10": 11,
        "11": 14,
        "12": 7,
        "13": 12,
        "14": 6,
        "15": 7,
        "16": 12,
        "17": 11,
        "18": 12,
        "19": 9,
        "20": 13,
        "21": 14,
        "22": 12,
        "23": 14,
        "24": 6,
        "25": 15,
        "26": 8,
        "27": 11,
        "28": 6,
        "29": 11,
        "30": 14,
        "31": 9,
        "32": 12,
        "33": 12,
        "34": 5,
        "35": 15,
        "36": 12,
        "37": 6,
        "38": 10,
        "39": 13,
        "40": 15
    },
    "task_service_time": {
        "0": 0,
        "1": 21,
        "2": 76,
        "3": 95,
        "4": 76,
        "5": 59,
        "6": 11,
        "7": 62,
        "8": 42,
        "9": 99,
        "10": 20,
        "11": 95,
        "12": 15,
        "13": 66,
        "14": 88,
        "15": 50,
        "16": 58,
        "17": 67,
        "18": 83,
        "19": 35,
        "20": 18,
        "21": 59,
        "22": 97,
        "23": 99,
        "24": 34,
        "25": 58,
        "26": 43,
        "27": 59,
        "28": 59,
        "29": 33,
        "30": 24,
        "31": 78,
        "32": 43,
        "33": 68,
        "34": 95,
        "35": 17,
        "36": 33,
        "37": 11,
        "38": 89,
        "39": 91,
        "40": 39
    },
    "task_precedence": [],
    "coordinates": {
        "0": [
            100,
            0
        ],
        "1": [
            40.47716420008738,
            52.61461569386638
        ],
        "2": [
            82.1869826950861,
            97.30248681124704
        ],
        "3": [
            41.526534787009886,
            9.953388357122584
        ],
        "4": [
            91.37756756438607,
            18.841098488939135
        ],
        "5": [
            79.91445620842332,
            19.19921023630442
        ],
        "6": [
            14.628673652477097,
            87.82058821097198
        ],
        "7": [
            17.898563760443153,
            90.74955956443128
        ],
        "8": [
            70.7319526233615,
            97.62335092649
        ],
        "9": [
            60.34602211345772,
            76.95750108552005
        ],
        "10": [
            7.979198344089411,
            8.662399554990351
        ],
        "11": [
            76.74278958619692,
            90.77093393946865
        ],
        "12": [
            86.03596019387435,
            53.878711645045755
        ],
        "13": [
            12.720376852043403,
            50.032100023235095
        ],
        "14": [
            7.1724803220616025,
            9.19693823521327
        ],
        "15": [
            86.7198178733354,
            25.996173296269852
        ],
        "16": [
            7.3742508316963935,
            61.59770231631947
        ],
        "17": [
            67.694704970024,
            91.81250060543854
        ],
        "18": [
            24.34786682036031,
            2.8028070084124
        ],
        "19": [
            5.221522785189414,
            11.998302422492735
        ],
        "20": [
            53.95722796460842,
            70.3538686058191
        ],
        "21": [
            41.183731030253035,
            68.20248106712098
        ],
        "22": [
            48.67249735390525,
            49.59273054079506
        ],
        "23": [
            27.92840617930066,
            71.3262815688247
        ],
        "24": [
            13.995378422864524,
            85.12834176125757
        ],
        "25": [
            43.872976060594894,
            82.65204072451465
        ],
        "26": [
            5.590865504336606,
            41.520368574860434
        ],
        "27": [
            72.469520056423,
            13.144153205047681
        ],
        "28": [
            75.0269323775948,
            28.575763894362225
        ],
        "29": [
            54.14399541492465,
            10.819937230678322
        ],
        "30": [
            96.11283123735643,
            32.196156846503
        ],
        "31": [
            63.25906320266853,
            86.5662793591475
        ],
        "32": [
            50.210636846959055,
            54.35385802102971
        ],
        "33": [
            68.76799208555808,
            62.96799495708287
        ],
        "34": [
            67.57812195182133,
            53.254162085351055
        ],
        "35": [
            1.3250188848560551,
            70.41157054253698
        ],
        "36": [
            9.74598640148352,
            62.36779611493809
        ],
        "37": [
            10.310966828785794,
            68.73863354110878
        ],
        "38": [
            3.113669354685056,
            85.267238793575
        ],
        "39": [
            48.791238722840426,
            34.38037710589621
        ],
        "40": [
            64.30165082147332,
            31.27599974110966
        ]
    },
    "distance_matrix_str_keys": {
        "0,0": 0.0,
        "0,1": 79.44347529077896,
        "0,2": 98.91955077313112,
        "0,3": 59.31455195651796,
        "0,4": 20.720360358271563,
        "0,5": 27.78558516751377,
        "0,6": 122.47742271968482,
        "0,7": 122.37699291017196,
        "0,8": 101.9163247147275,
        "0,9": 86.57306125784281,
        "0,10": 92.4276208903309,
        "0,11": 93.7030430907945,
        "0,12": 55.658871496258804,
        "0,13": 100.60290080104213,
        "0,14": 93.28200299339831,
        "0,15": 29.191852688157283,
        "0,16": 111.23761207271308,
        "0,17": 97.33019754627772,
        "0,18": 75.7040354390461,
        "0,19": 95.53490987162736,
        "0,20": 84.08093532131939,
        "0,21": 90.06071240686816,
        "0,22": 71.37192340393224,
        "0,23": 101.39897967085828,
        "0,24": 121.01086522972946,
        "0,25": 99.90797091434388,
        "0,26": 103.13595727394262,
        "0,27": 30.50731206451104,
        "0,28": 37.95034108699892,
        "0,29": 47.11522257383775,
        "0,30": 32.429964487706336,
        "0,31": 94.04050807408194,
        "0,32": 73.71107491385298,
        "0,33": 70.28802677044631,
        "0,34": 62.34728506987142,
        "0,35": 121.22104258065379,
        "0,36": 109.70655843146153,
        "0,37": 113.00054164598508,
        "0,38": 129.06379460326525,
        "0,39": 61.67939332941554,
        "0,40": 47.46114509657251,
        "1,0": 79.44347529077896,
        "1,1": 0.0,
        "1,2": 61.12867399092968,
        "1,3": 42.67413146750656,
        "1,4": 61.08601744294537,
        "1,5": 51.690321365261596,
        "1,6": 43.676137242951015,
        "1,7": 44.31779712287422,
        "1,8": 54.232264103368365,
        "1,9": 31.42208751774594,
        "1,10": 54.66182478015241,
        "1,11": 52.64124055059221,
        "1,12": 45.57632972253566,
        "1,13": 27.87666822045975,
        "1,14": 54.72016706954451,
        "1,15": 53.35657873606706,
        "1,16": 34.30012709512451,
        "1,17": 47.720736657181014,
        "1,18": 52.358098881452314,
        "1,19": 53.78331670075983,
        "1,20": 22.279883594170244,
        "1,21": 15.603870788371722,
        "1,22": 8.734716674307142,
        "1,23": 22.529930485475067,
        "1,24": 41.933606579163644,
        "1,25": 30.228768427836734,
        "1,26": 36.6078701350777,
        "1,27": 50.80775769820644,
        "1,28": 42.0898191604339,
        "1,29": 43.97246210182148,
        "1,30": 59.264162091295425,
        "1,31": 40.88679967671936,
        "1,32": 9.887641459923374,
        "1,33": 30.1257930121902,
        "1,34": 27.108502921558202,
        "1,35": 43.007232934363614,
        "1,36": 32.241740294459596,
        "1,37": 34.20502032425232,
        "1,38": 49.62080755443256,
        "1,39": 20.040241816228455,
        "1,40": 31.983475320106177,
        "2,0": 98.91955077313112,
        "2,1": 61.12867399092968,
        "2,2": 0.0,
        "2,3": 96.34903748784264,
        "2,4": 78.99782470235367,
        "2,5": 78.13633078392256,
        "2,6": 68.22046263228185,
        "2,7": 64.62152632535243,
        "2,8": 11.45952301470553,
        "2,9": 29.848718620876834,
        "2,10": 115.60216402421206,
        "2,11": 8.502965454693612,
        "2,12": 43.59402341458032,
        "2,13": 84.02439404387816,
        "2,14": 115.71414458118915,
        "2,15": 71.45024102023304,
        "2,16": 82.89617895109922,
        "2,17": 15.497292092501144,
        "2,18": 110.79509379033094,
        "2,19": 114.89336749078471,
        "2,20": 39.02751689929618,
        "2,21": 50.2799858929754,
        "2,22": 58.30473026324844,
        "2,23": 60.1560999759442,
        "2,24": 69.26979645500232,
        "2,25": 41.01949140260138,
        "2,26": 94.7555269292364,
        "2,27": 84.71749639540911,
        "2,28": 69.09868857976443,
        "2,29": 90.91556807033008,
        "2,30": 66.57900163790667,
        "2,31": 21.76079701587142,
        "2,32": 53.54504093526231,
        "2,33": 36.863622175015124,
        "2,34": 46.40769034733448,
        "2,35": 85.21606989892065,
        "2,36": 80.42468873459516,
        "2,37": 77.34374810190312,
        "2,38": 79.98397387899732,
        "2,39": 71.23529746714046,
        "2,40": 68.40600917355351,
        "3,0": 59.31455195651796,
        "3,1": 42.67413146750656,
        "3,2": 96.34903748784264,
        "3,3": 0.0,
        "3,4": 50.637109518200475,
        "3,5": 39.48566490864969,
        "3,6": 82.38201106243967,
        "3,7": 84.18017757520482,
        "3,8": 92.40659482910388,
        "3,9": 69.59686936745163,
        "3,10": 33.5721675573939,
        "3,11": 88.15702057145448,
        "3,12": 62.53417446483001,
        "3,13": 49.35684211727505,
        "3,14": 34.36238168357324,
        "3,15": 47.95626950383533,
        "3,16": 61.915375018491666,
        "3,17": 85.94002204333893,
        "3,18": 18.607456750800587,
        "3,19": 36.3625572531289,
        "3,20": 61.6663615527037,
        "3,21": 58.250101424406424,
        "3,22": 40.27830966862619,
        "3,23": 62.86128476897996,
        "3,24": 80.05771786692952,
        "3,25": 72.73650969551196,
        "3,26": 47.83143910505642,
        "3,27": 31.10706218365648,
        "3,28": 38.32844256394002,
        "3,29": 12.64718228093673,
        "3,30": 58.94407951811013,
        "3,31": 79.63565695733013,
        "3,32": 45.24174327944437,
        "3,33": 59.6040729203733,
        "3,34": 50.53357497020183,
        "3,35": 72.60408854875796,
        "3,36": 61.296601833114146,
        "3,37": 66.5591220967936,
        "3,38": 84.544215049205,
        "3,39": 25.484381542583783,
        "3,40": 31.198712579460846,
        "4,0": 20.720360358271563,
        "4,1": 61.08601744294537,
        "4,2": 78.99782470235367,
        "4,3": 50.637109518200475,
        "4,4": 0.0,
        "4,5": 11.46870376209985,
        "4,6": 103.19187331865572,
        "4,7": 102.81046043212444,
        "4,8": 81.44252399960997,
        "4,9": 65.88226668718153,
        "4,10": 84.01722383293139,
        "4,11": 73.40352821500572,
        "4,12": 35.442447784791625,
        "4,13": 84.61579183267328,
        "4,14": 84.75556940099582,
        "4,15": 8.537548107213293,
        "4,16": 94.25860381389137,
        "4,17": 76.71833879530557,
        "4,18": 68.92174965457554,
        "4,19": 86.42735625947329,
        "4,20": 63.6698303820358,
        "4,21": 70.39863149269951,
        "4,22": 52.62495506444475,
        "4,23": 82.34373396561342,
        "4,24": 101.89210870807288,
        "4,25": 79.55201168376588,
        "4,26": 88.73391427165748,
        "4,27": 19.74764406533199,
        "4,28": 19.029108795923097,
        "4,29": 38.08776605342158,
        "4,30": 14.169696742926055,
        "4,31": 73.33041941406285,
        "4,32": 54.367934246921,
        "4,33": 49.582011811170965,
        "4,34": 41.84103915483121,
        "4,35": 103.77367253552339,
        "4,36": 92.51101798910597,
        "4,37": 95.192214803038,
        "4,38": 110.46695362389438,
        "4,39": 45.33282016525865,
        "4,40": 29.79483238114246,
        "5,0": 27.78558516751377,
        "5,1": 51.690321365261596,
        "5,2": 78.13633078392256,
        "5,3": 39.48566490864969,
        "5,4": 11.46870376209985,
        "5,5": 0.0,
        "5,6": 94.71603306243605,
        "5,7": 94.68591978270278,
        "5,8": 78.95988991306723,
        "5,9": 60.983143365618645,
        "5,10": 72.70285897639836,
        "5,11": 71.64196467856408,
        "5,12": 35.21563046436603,
        "5,13": 73.93044970216599,
        "5,14": 73.42642917257955,
        "5,15": 9.618297886257714,
        "5,16": 84.0221014183579,
        "5,17": 73.63431440952341,
        "5,18": 57.93520428058595,
        "5,19": 75.03923891345559,
        "5,20": 57.36354914929218,
        "5,21": 62.461104896930145,
        "5,22": 43.586994270847406,
        "5,23": 73.61916165874277,
        "5,24": 93.23076316180793,
        "5,25": 72.97431046753269,
        "5,26": 77.60302986819195,
        "5,27": 9.596394633357523,
        "5,28": 10.573913546996392,
        "5,29": 27.09850301422693,
        "5,30": 20.767955478725302,
        "5,31": 69.3954185690818,
        "5,32": 46.02353903739465,
        "5,33": 45.16580762453132,
        "5,34": 36.22050370068722,
        "5,35": 93.80301438104371,
        "5,36": 82.38410624512711,
        "5,37": 85.43301583810504,
        "5,38": 101.30816975346883,
        "5,39": 34.62834812949188,
        "5,40": 19.738503914789213,
        "6,0": 122.47742271968482,
        "6,1": 43.676137242951015,
        "6,2": 68.22046263228185,
        "6,3": 82.38201106243967,
        "6,4": 103.19187331865572,
        "6,5": 94.71603306243605,
        "6,6": 0.0,
        "6,7": 4.389880921797252,
        "6,8": 56.95324457958151,
        "6,9": 46.9902395418228,
        "6,10": 79.43698353520756,
        "6,11": 62.18414539209528,
        "6,12": 79.06359184872505,
        "6,13": 37.836641449701574,
        "6,14": 78.97640884777653,
        "6,15": 94.97047622612952,
        "6,16": 27.207837016319935,
        "6,17": 53.21596606620954,
        "6,18": 85.57152468222662,
        "6,19": 76.40362235934715,
        "6,20": 43.03279537802878,
        "6,21": 33.0157719922553,
        "6,22": 51.1893644643614,
        "6,23": 21.18832312596333,
        "6,24": 2.765728438196681,
        "6,25": 29.697526941770903,
        "6,26": 47.17406400210569,
        "6,27": 94.45704557056024,
        "6,28": 84.6043667036886,
        "6,29": 86.54802658280984,
        "6,30": 98.65974509361945,
        "6,31": 48.646562864185306,
        "6,32": 48.8477034708886,
        "6,33": 59.57111037945991,
        "6,34": 63.23355035345506,
        "6,35": 21.910297267630305,
        "6,36": 25.916891408402755,
        "6,37": 19.56434476894292,
        "6,38": 11.79469869159406,
        "6,39": 63.42662702006053,
        "6,40": 75.26416907172832,
        "7,0": 122.37699291017196,
        "7,1": 44.31779712287422,
        "7,2": 64.62152632535243,
        "7,3": 84.18017757520482,
        "7,4": 102.81046043212444,
        "7,5": 94.68591978270278,
        "7,6": 4.389880921797252,
        "7,7": 0.0,
        "7,8": 53.27866351955027,
        "7,9": 44.631912324217225,
        "7,10": 82.68431319590624,
        "7,11": 58.84422970773103,
        "7,12": 77.47363563833194,
        "7,13": 41.04540328888572,
        "7,14": 82.25496283868803,
        "7,15": 94.49532290470785,
        "7,16": 30.993417746942256,
        "7,17": 49.80748460845191,
        "7,18": 88.18290534513064,
        "7,19": 79.76507925981136,
        "7,20": 41.42718278941936,
        "7,21": 32.412493942103524,
        "7,22": 51.38987803153107,
        "7,23": 21.860042704480893,
        "7,24": 6.843460043735612,
        "7,25": 27.207350214621762,
        "7,26": 50.74438571754526,
        "7,27": 94.87143072212412,
        "7,28": 84.43477582655535,
        "7,29": 87.76375016050801,
        "7,30": 97.70349331931804,
        "7,31": 45.55298829850845,
        "7,32": 48.66946843745788,
        "7,33": 57.96131529008187,
        "7,34": 62.241170732922,
        "7,35": 26.23578066682584,
        "7,36": 29.529460105068107,
        "7,37": 23.28202078002405,
        "7,38": 15.768606267643923,
        "7,39": 64.27940647964903,
        "7,40": 75.43441394252201,
        "8,0": 101.9163247147275,
        "8,1": 54.232264103368365,
        "8,2": 11.45952301470553,
        "8,3": 92.40659482910388,
        "8,4": 81.44252399960997,
        "8,5": 78.95988991306723,
        "8,6": 56.95324457958151,
        "8,7": 53.27866351955027,
        "8,8": 0.0,
        "8,9": 23.12887593909544,
        "8,10": 108.86670307562835,
        "8,11": 9.115140128259547,
        "8,12": 46.34442915369646,
        "8,13": 75.03512568129636,
        "8,14": 108.89920560163742,
        "8,15": 73.38981135363706,
        "8,16": 72.88378238061637,
        "8,17": 6.556741169313301,
        "8,18": 105.55765706333321,
        "8,19": 107.81124871224688,
        "8,20": 32.01587189839379,
        "8,21": 41.69754168530046,
        "8,22": 52.85413949181157,
        "8,23": 50.2362363736649,
        "8,24": 58.09616257592011,
        "8,25": 30.749711399670353,
        "8,26": 85.97037780419282,
        "8,27": 84.49706496821639,
        "8,28": 69.18103877543712,
        "8,29": 88.37416451426944,
        "8,30": 70.17767967380107,
        "8,31": 13.345520144948972,
        "8,32": 47.889178500894154,
        "8,33": 34.71096135747859,
        "8,34": 44.48113719685454,
        "8,35": 74.55067700997608,
        "8,36": 70.4431843480005,
        "8,37": 66.97031000989665,
        "8,38": 68.7379497748088,
        "8,39": 66.9407847588959,
        "8,40": 66.65823122900545,
        "9,0": 86.57306125784281,
        "9,1": 31.42208751774594,
        "9,2": 29.848718620876834,
        "9,3": 69.59686936745163,
        "9,4": 65.88226668718153,
        "9,5": 60.983143365618645,
        "9,6": 46.9902395418228,
        "9,7": 44.631912324217225,
        "9,8": 23.12887593909544,
        "9,9": 0.0,
        "9,10": 86.06105463423881,
        "9,11": 21.439797358315325,
        "9,12": 34.53409099156062,
        "9,13": 54.70995621393762,
        "9,14": 86.1331493934346,
        "9,15": 57.3814781338643,
        "9,16": 55.15371221375375,
        "9,17": 16.57329630650372,
        "9,18": 82.43049094949866,
        "9,19": 85.19629051276178,
        "9,20": 9.18828888331948,
        "9,21": 21.067600126261038,
        "9,22": 29.75066129142902,
        "9,23": 32.90307669656023,
        "9,24": 47.06532489934191,
        "9,25": 17.42954468595839,
        "9,26": 65.22206325981591,
        "9,27": 64.95477326638337,
        "9,28": 50.560079309845925,
        "9,29": 66.42772378926276,
        "9,30": 57.29609561732098,
        "9,31": 10.040638839195712,
        "9,32": 24.771974372004355,
        "9,33": 16.32898833144728,
        "9,34": 24.782081184375766,
        "9,35": 59.38289340192314,
        "9,36": 52.66140052430897,
        "9,37": 50.70558688204637,
        "9,38": 57.83246443894003,
        "9,39": 44.11716792338721,
        "9,40": 45.85244337606281,
        "10,0": 92.4276208903309,
        "10,1": 54.66182478015241,
        "10,2": 115.60216402421206,
        "10,3": 33.5721675573939,
        "10,4": 84.01722383293139,
        "10,5": 72.70285897639836,
        "10,6": 79.43698353520756,
        "10,7": 82.68431319590624,
        "10,8": 108.86670307562835,
        "10,9": 86.06105463423881,
        "10,10": 0.0,
        "10,11": 107.09921988174658,
        "10,12": 90.20738855270854,
        "10,13": 41.640495800081126,
        "10,14": 0.9677425110632067,
        "10,15": 80.62595658944672,
        "10,16": 52.9387593349743,
        "10,17": 102.37129009781886,
        "10,18": 17.38586013109436,
        "10,19": 4.328166173977732,
        "10,20": 76.94034417283747,
        "10,21": 68.17303203890575,
        "10,22": 57.71686563656939,
        "10,23": 65.76270221254754,
        "10,24": 76.70224729584166,
        "10,25": 82.23642914886851,
        "10,26": 32.944654526405095,
        "10,27": 64.64586383010197,
        "10,28": 69.94241001238265,
        "10,29": 46.215186437072944,
        "10,30": 91.2215708000086,
        "10,31": 95.5242270176699,
        "10,32": 62.21899850347529,
        "10,33": 81.51303660469651,
        "10,34": 74.43424602133312,
        "10,35": 62.10666809550286,
        "10,36": 53.73445039917126,
        "10,37": 60.121468995867644,
        "10,38": 76.75919988585167,
        "10,39": 48.239371981667645,
        "10,40": 60.692615419380495,
        "11,0": 93.7030430907945,
        "11,1": 52.64124055059221,
        "11,2": 8.502965454693612,
        "11,3": 88.15702057145448,
        "11,4": 73.40352821500572,
        "11,5": 71.64196467856408,
        "11,6": 62.18414539209528,
        "11,7": 58.84422970773103,
        "11,8": 9.115140128259547,
        "11,9": 21.439797358315325,
        "11,10": 107.09921988174658,
        "11,11": 0.0,
        "11,12": 38.044698523769554,
        "11,13": 75.8849255198736,
        "11,14": 107.21168176213499,
        "11,15": 65.53861998719576,
        "11,16": 75.25338272976539,
        "11,17": 9.107837083582721,
        "11,18": 102.38954676819507,
        "11,19": 106.39745805671375,
        "11,20": 30.594744242266852,
        "11,21": 42.11628794702144,
        "11,22": 49.83558709545606,
        "11,23": 52.54463372420307,
        "11,24": 63.00060677636287,
        "11,25": 33.85765893034655,
        "11,26": 86.5344699485954,
        "11,27": 77.74431117235501,
        "11,28": 62.218834310038424,
        "11,29": 83.08349639203041,
        "11,30": 61.69443269095087,
        "11,31": 14.124092796554237,
        "11,32": 45.05728073716381,
        "11,33": 28.924052469086384,
        "11,34": 38.61993401344028,
        "11,35": 78.11750005913112,
        "11,36": 72.76887985430655,
        "11,37": 69.99006597879199,
        "11,38": 73.83453125960348,
        "11,39": 62.93793844468667,
        "11,40": 60.78181577602116,
        "12,0": 55.658871496258804,
        "12,1": 45.57632972253566,
        "12,2": 43.59402341458032,
        "12,3": 62.53417446483001,
        "12,4": 35.442447784791625,
        "12,5": 35.21563046436603,
        "12,6": 79.06359184872505,
        "12,7": 77.47363563833194,
        "12,8": 46.34442915369646,
        "12,9": 34.53409099156062,
        "12,10": 90.20738855270854,
        "12,11": 38.044698523769554,
        "12,12": 0.0,
        "12,13": 73.41642310629146,
        "12,14": 90.64165340801893,
        "12,15": 27.890923364003505,
        "12,16": 79.03953021598095,
        "12,17": 42.13518705402927,
        "12,18": 80.08850665675976,
        "12,19": 91.02165660067257,
        "12,20": 36.06211111844484,
        "12,21": 47.0838914216187,
        "12,22": 37.60848294493871,
        "12,23": 60.670466701697244,
        "12,24": 78.52633191678831,
        "12,25": 51.04529064799793,
        "12,26": 81.38883156213198,
        "12,27": 42.9342817490251,
        "12,28": 27.594163483125147,
        "12,29": 53.583164067915504,
        "12,30": 23.909757686324994,
        "12,31": 39.84048342593231,
        "12,32": 35.828474109144594,
        "12,33": 19.514040937650616,
        "12,34": 18.46840152049737,
        "12,35": 86.30920577078842,
        "12,36": 76.76082761656916,
        "12,37": 77.1692419225419,
        "12,38": 88.66423153996799,
        "12,39": 42.039913501998164,
        "12,40": 31.35702137173704,
        "13,0": 100.60290080104213,
        "13,1": 27.87666822045975,
        "13,2": 84.02439404387816,
        "13,3": 49.35684211727505,
        "13,4": 84.61579183267328,
        "13,5": 73.93044970216599,
        "13,6": 37.836641449701574,
        "13,7": 41.04540328888572,
        "13,8": 75.03512568129636,
        "13,9": 54.70995621393762,
        "13,10": 41.640495800081126,
        "13,11": 75.8849255198736,
        "13,12": 73.41642310629146,
        "13,13": 0.0,
        "13,14": 41.210309318922874,
        "13,15": 77.8051607869794,
        "13,16": 12.741437117814845,
        "13,17": 69.04910299803161,
        "13,18": 48.639537843644135,
        "13,19": 38.765997630013445,
        "13,20": 45.97229783254208,
        "13,21": 33.76870264541135,
        "13,22": 35.95480516040234,
        "13,23": 26.167275817617043,
        "13,24": 35.11939368980204,
        "13,25": 45.10593052807621,
        "13,26": 11.103130383199604,
        "13,27": 70.21880612854994,
        "13,28": 65.89750542724508,
        "13,29": 57.03954668221912,
        "13,30": 85.27849856446893,
        "13,31": 62.361086246115626,
        "13,32": 37.738537156040834,
        "13,33": 57.52106180438305,
        "13,34": 54.952287316947384,
        "13,35": 23.349025715164963,
        "13,36": 12.689223641312273,
        "13,37": 18.861061818346972,
        "13,38": 36.52127918220981,
        "13,39": 39.32026839154674,
        "13,40": 54.885509217848515,
        "14,0": 93.28200299339831,
        "14,1": 54.72016706954451,
        "14,2": 115.71414458118915,
        "14,3": 34.36238168357324,
        "14,4": 84.75556940099582,
        "14,5": 73.42642917257955,
        "14,6": 78.97640884777653,
        "14,7": 82.25496283868803,
        "14,8": 108.89920560163742,
        "14,9": 86.1331493934346,
        "14,10": 0.9677425110632067,
        "14,11": 107.21168176213499,
        "14,12": 90.64165340801893,
        "14,13": 41.210309318922874,
        "14,14": 0.0,
        "14,15": 81.30186473957978,
        "14,16": 52.40115254097287,
        "14,17": 102.4122591396509,
        "14,18": 18.326996903789,
        "14,19": 3.4137774708452118,
        "14,20": 76.99988795012575,
        "14,21": 68.10594144143042,
        "14,22": 57.914345801701096,
        "14,23": 65.50468503288121,
        "14,24": 76.23732668403919,
        "14,25": 82.11320520578812,
        "14,26": 32.36210213125331,
        "14,27": 65.41623578354883,
        "14,28": 70.56745388409833,
        "14,29": 46.99954633672906,
        "14,30": 91.86593534964787,
        "14,31": 95.56003204883771,
        "14,32": 62.3813299121158,
        "14,33": 81.76388940353529,
        "14,34": 74.76550350318061,
        "14,35": 61.493284298209716,
        "14,36": 53.23310117968628,
        "14,37": 59.62435389547622,
        "14,38": 76.17850466836683,
        "14,39": 48.64490357864658,
        "14,40": 61.24726180762704,
        "15,0": 29.191852688157283,
        "15,1": 53.35657873606706,
        "15,2": 71.45024102023304,
        "15,3": 47.95626950383533,
        "15,4": 8.537548107213293,
        "15,5": 9.618297886257714,
        "15,6": 94.97047622612952,
        "15,7": 94.49532290470785,
        "15,8": 73.38981135363706,
        "15,9": 57.3814781338643,
        "15,10": 80.62595658944672,
        "15,11": 65.53861998719576,
        "15,12": 27.890923364003505,
        "15,13": 77.8051607869794,
        "15,14": 81.30186473957978,
        "15,15": 0.0,
        "15,16": 86.96659058353768,
        "15,17": 68.51090323044478,
        "15,18": 66.54466558573604,
        "15,19": 82.69167123279986,
        "15,20": 55.14519408527117,
        "15,21": 62.08790236937102,
        "15,22": 44.77048260296515,
        "15,23": 74.23778556085189,
        "15,24": 93.73077104535572,
        "15,25": 71.03336657777709,
        "15,26": 82.60089316429386,
        "15,27": 19.18972142309202,
        "15,28": 11.97404939317804,
        "15,29": 35.937478347269426,
        "15,30": 11.254709950942287,
        "15,31": 64.95494406267674,
        "15,32": 46.228547264278134,
        "15,33": 41.099679390886614,
        "15,34": 33.30769393964981,
        "15,35": 96.25486588649171,
        "15,36": 85.13439773628825,
        "15,37": 87.55130167924293,
        "15,38": 102.48437576191044,
        "15,39": 38.844201496448804,
        "15,40": 23.03151712876997,
        "16,0": 111.23761207271308,
        "16,1": 34.30012709512451,
        "16,2": 82.89617895109922,
        "16,3": 61.915375018491666,
        "16,4": 94.25860381389137,
        "16,5": 84.0221014183579,
        "16,6": 27.207837016319935,
        "16,7": 30.993417746942256,
        "16,8": 72.88378238061637,
        "16,9": 55.15371221375375,
        "16,10": 52.9387593349743,
        "16,11": 75.25338272976539,
        "16,12": 79.03953021598095,
        "16,13": 12.741437117814845,
        "16,14": 52.40115254097287,
        "16,15": 86.96659058353768,
        "16,16": 0.0,
        "16,17": 67.4647405917064,
        "16,18": 61.1959423001099,
        "16,19": 49.646094588295234,
        "16,20": 47.39877853547256,
        "16,21": 34.44857114081269,
        "16,22": 43.0077262028612,
        "16,23": 22.74024090298351,
        "16,24": 24.444433379937543,
        "16,25": 42.13599540940542,
        "16,26": 20.15638344028441,
        "16,27": 81.14887859310234,
        "16,28": 75.28169589943016,
        "16,29": 69.034704572939,
        "16,30": 93.4825466513695,
        "16,31": 61.20900336782489,
        "16,32": 43.44455370956172,
        "16,33": 61.40903164085433,
        "16,34": 60.77927904668171,
        "16,35": 10.69006455807449,
        "16,36": 2.4936266905181137,
        "16,37": 7.721217494976539,
        "16,38": 24.04993787040587,
        "16,39": 49.55955687438209,
        "16,40": 64.49910477406287,
        "17,0": 97.33019754627772,
        "17,1": 47.720736657181014,
        "17,2": 15.497292092501144,
        "17,3": 85.94002204333893,
        "17,4": 76.71833879530557,
        "17,5": 73.63431440952341,
        "17,6": 53.21596606620954,
        "17,7": 49.80748460845191,
        "17,8": 6.556741169313301,
        "17,9": 16.57329630650372,
        "17,10": 102.37129009781886,
        "17,11": 9.107837083582721,
        "17,12": 42.13518705402927,
        "17,13": 69.04910299803161,
        "17,14": 102.4122591396509,
        "17,15": 68.51090323044478,
        "17,16": 67.4647405917064,
        "17,17": 0.0,
        "17,18": 99.00340363749933,
        "17,19": 101.35681883270648,
        "17,20": 25.479230007388633,
        "17,21": 35.5002079125595,
        "17,22": 46.30716323531482,
        "17,23": 44.73302683621135,
        "17,24": 54.113728859437416,
        "17,25": 25.522319515756145,
        "17,26": 79.91361223571973,
        "17,27": 78.81311909712676,
        "17,28": 63.66039921821351,
        "17,29": 82.11831130424694,
        "17,30": 66.04315516183053,
        "17,31": 6.8700622452306765,
        "17,32": 41.338148753886685,
        "17,33": 28.86446693307177,
        "17,34": 38.55851476690714,
        "17,35": 69.73474771303715,
        "17,36": 65.00034312423901,
        "17,37": 61.84898337373509,
        "17,38": 64.91186804687966,
        "17,39": 60.46312798578231,
        "17,40": 60.6315161723001,
        "18,0": 75.7040354390461,
        "18,1": 52.358098881452314,
        "18,2": 110.79509379033094,
        "18,3": 18.607456750800587,
        "18,4": 68.92174965457554,
        "18,5": 57.93520428058595,
        "18,6": 85.57152468222662,
        "18,7": 88.18290534513064,
        "18,8": 105.55765706333321,
        "18,9": 82.43049094949866,
        "18,10": 17.38586013109436,
        "18,11": 102.38954676819507,
        "18,12": 80.08850665675976,
        "18,13": 48.639537843644135,
        "18,14": 18.326996903789,
        "18,15": 66.54466558573604,
        "18,16": 61.1959423001099,
        "18,17": 99.00340363749933,
        "18,18": 0.0,
        "18,19": 21.222020923137592,
        "18,20": 73.75540787160725,
        "18,21": 67.53194570482378,
        "18,22": 52.73504143128821,
        "18,23": 68.61695729141881,
        "18,24": 82.97389763270255,
        "18,25": 82.20176406800412,
        "18,26": 43.021792989379335,
        "18,27": 49.22029003704189,
        "18,28": 56.856072607941364,
        "18,29": 30.855852868209375,
        "18,30": 77.5511388212778,
        "18,31": 92.36016730254943,
        "18,32": 57.674896913251665,
        "18,33": 74.78634480621916,
        "18,34": 66.43940237412251,
        "18,35": 71.42126037584694,
        "18,36": 61.32864615355292,
        "18,37": 67.41340951118919,
        "18,38": 85.15441064126405,
        "18,39": 39.9327104417476,
        "18,40": 49.06146716518899,
        "19,0": 95.53490987162736,
        "19,1": 53.78331670075983,
        "19,2": 114.89336749078471,
        "19,3": 36.3625572531289,
        "19,4": 86.42735625947329,
        "19,5": 75.03923891345559,
        "19,6": 76.40362235934715,
        "19,7": 79.76507925981136,
        "19,8": 107.81124871224688,
        "19,9": 85.19629051276178,
        "19,10": 4.328166173977732,
        "19,11": 106.39745805671375,
        "19,12": 91.02165660067257,
        "19,13": 38.765997630013445,
        "19,14": 3.4137774708452118,
        "19,15": 82.69167123279986,
        "19,16": 49.646094588295234,
        "19,17": 101.35681883270648,
        "19,18": 21.222020923137592,
        "19,19": 0.0,
        "19,20": 76.02986955080111,
        "19,21": 66.72473393711367,
        "19,22": 57.4571859432168,
        "19,23": 63.52489010664533,
        "19,24": 73.65448524319518,
        "19,25": 80.53499597287785,
        "19,26": 29.524376436242672,
        "19,27": 67.25775874207912,
        "19,28": 71.74682876068323,
        "19,29": 48.936661847049535,
        "19,30": 93.10844900158351,
        "19,31": 94.49200644570945,
        "19,32": 61.79007585465222,
        "19,33": 81.46203605123893,
        "19,34": 74.76892012159504,
        "19,35": 58.543083580466536,
        "19,36": 50.57229148306868,
        "19,37": 56.96812807283637,
        "19,38": 73.29925022150084,
        "19,39": 48.98241943821325,
        "19,40": 62.1457250556457,
        "20,0": 84.08093532131939,
        "20,1": 22.279883594170244,
        "20,2": 39.02751689929618,
        "20,3": 61.6663615527037,
        "20,4": 63.6698303820358,
        "20,5": 57.36354914929218,
        "20,6": 43.03279537802878,
        "20,7": 41.42718278941936,
        "20,8": 32.01587189839379,
        "20,9": 9.18828888331948,
        "20,10": 76.94034417283747,
        "20,11": 30.594744242266852,
        "20,12": 36.06211111844484,
        "20,13": 45.97229783254208,
        "20,14": 76.99988795012575,
        "20,15": 55.14519408527117,
        "20,16": 47.39877853547256,
        "20,17": 25.479230007388633,
        "20,18": 73.75540787160725,
        "20,19": 76.02986955080111,
        "20,20": 0.0,
        "20,21": 12.953404659534574,
        "20,22": 21.423193771767394,
        "20,23": 26.046979680990525,
        "20,24": 42.60556860103792,
        "20,25": 15.903998677208854,
        "20,26": 56.308753686027224,
        "20,27": 60.130329241822075,
        "20,28": 46.79041010006295,
        "20,29": 59.53422433407921,
        "20,30": 56.86040673435579,
        "20,31": 18.69134562386173,
        "20,32": 16.432811193347952,
        "20,33": 16.550222457764907,
        "20,34": 21.861580823376663,
        "20,35": 52.632240709742426,
        "20,36": 44.9267318462248,
        "20,37": 43.67613874246086,
        "20,38": 52.98562128047343,
        "20,39": 36.34253067056678,
        "20,40": 40.42384097595201,
        "21,0": 90.06071240686816,
        "21,1": 15.603870788371722,
        "21,2": 50.2799858929754,
        "21,3": 58.250101424406424,
        "21,4": 70.39863149269951,
        "21,5": 62.461104896930145,
        "21,6": 33.0157719922553,
        "21,7": 32.412493942103524,
        "21,8": 41.69754168530046,
        "21,9": 21.067600126261038,
        "21,10": 68.17303203890575,
        "21,11": 42.11628794702144,
        "21,12": 47.0838914216187,
        "21,13": 33.76870264541135,
        "21,14": 68.10594144143042,
        "21,15": 62.08790236937102,
        "21,16": 34.44857114081269,
        "21,17": 35.5002079125595,
        "21,18": 67.53194570482378,
        "21,19": 66.72473393711367,
        "21,20": 12.953404659534574,
        "21,21": 0.0,
        "21,22": 20.060020830057866,
        "21,23": 13.61843480282224,
        "21,24": 32.02641531206712,
        "21,25": 14.697680535574206,
        "21,26": 44.483561046701475,
        "21,27": 63.32629834403377,
        "21,28": 52.111793207742615,
        "21,29": 58.827925257158704,
        "21,30": 65.67847009060327,
        "21,31": 28.714967843142684,
        "21,32": 16.530861710643258,
        "21,33": 28.076525832150253,
        "21,34": 30.33341577371909,
        "21,35": 39.919882392111454,
        "21,36": 31.974604545403782,
        "21,37": 30.877419401801706,
        "21,38": 41.71972617652376,
        "21,39": 34.667115392785036,
        "21,40": 43.56607899035163,
        "22,0": 71.37192340393224,
        "22,1": 8.734716674307142,
        "22,2": 58.30473026324844,
        "22,3": 40.27830966862619,
        "22,4": 52.62495506444475,
        "22,5": 43.586994270847406,
        "22,6": 51.1893644643614,
        "22,7": 51.38987803153107,
        "22,8": 52.85413949181157,
        "22,9": 29.75066129142902,
        "22,10": 57.71686563656939,
        "22,11": 49.83558709545606,
        "22,12": 37.60848294493871,
        "22,13": 35.95480516040234,
        "22,14": 57.914345801701096,
        "22,15": 44.77048260296515,
        "22,16": 43.0077262028612,
        "22,17": 46.30716323531482,
        "22,18": 52.73504143128821,
        "22,19": 57.4571859432168,
        "22,20": 21.423193771767394,
        "22,21": 20.060020830057866,
        "22,22": 0.0,
        "22,23": 30.04437649458341,
        "22,24": 49.65160865641117,
        "22,25": 33.40588861964796,
        "22,26": 43.831381800381735,
        "22,27": 43.52926692817262,
        "22,28": 33.70859137423492,
        "22,29": 39.1569507508025,
        "22,30": 50.52945730239204,
        "22,31": 39.74683906279087,
        "22,32": 5.003419628927535,
        "22,33": 24.13973087496009,
        "22,34": 19.25691362583317,
        "22,35": 51.72241116184749,
        "22,36": 40.969202522781224,
        "22,37": 42.87391544898942,
        "22,38": 57.864301151402444,
        "22,39": 15.21281685096404,
        "22,40": 24.078477221388788,
        "23,0": 101.39897967085828,
        "23,1": 22.529930485475067,
        "23,2": 60.1560999759442,
        "23,3": 62.86128476897996,
        "23,4": 82.34373396561342,
        "23,5": 73.61916165874277,
