{
    "num_robots": 5,
    "num_tasks": 40,
    "num_nodes": 41,
    "robot_capacity": [
        85,
        116,
        112,
        89,
        95
    ],
    "robot_speed": [
        1.04,
        1.15,
        0.89,
        0.94,
        0.86
    ],
    "task_demand": {
        "0": 0,
        "1": 9,
        "2": 5,
        "3": 7,
        "4": 7,
        "5": 6,
        "6": 10,
        "7": 12,
        "8": 6,
        "9": 6,
        "10": 10,
        "11": 6,
        "12": 11,
        "13": 6,
        "14": 7,
        "15": 11,
        "16": 10,
        "17": 12,
        "18": 13,
        "19": 8,
        "20": 5,
        "21": 12,
        "22": 15,
        "23": 15,
        "24": 14,
        "25": 10,
        "26": 9,
        "27": 5,
        "28": 6,
        "29": 6,
        "30": 13,
        "31": 6,
        "32": 15,
        "33": 15,
        "34": 15,
        "35": 14,
        "36": 13,
        "37": 15,
        "38": 10,
        "39": 10,
        "40": 8
    },
    "task_service_time": {
        "0": 0,
        "1": 86,
        "2": 92,
        "3": 96,
        "4": 12,
        "5": 33,
        "6": 18,
        "7": 57,
        "8": 100,
        "9": 59,
        "10": 54,
        "11": 100,
        "12": 86,
        "13": 72,
        "14": 34,
        "15": 10,
        "16": 50,
        "17": 19,
        "18": 15,
        "19": 25,
        "20": 15,
        "21": 40,
        "22": 71,
        "23": 62,
        "24": 66,
        "25": 75,
        "26": 85,
        "27": 50,
        "28": 82,
        "29": 25,
        "30": 34,
        "31": 62,
        "32": 33,
        "33": 63,
        "34": 10,
        "35": 27,
        "36": 81,
        "37": 94,
        "38": 88,
        "39": 77,
        "40": 14
    },
    "task_precedence": [],
    "coordinates": {
        "0": [
            50.0,
            50.0
        ],
        "1": [
            36.39392345532192,
            96.32713612252572
        ],
        "2": [
            46.457067749259686,
            29.13918583521489
        ],
        "3": [
            21.049215539638123,
            55.19616286091382
        ],
        "4": [
            20.120723978952647,
            94.61299524751385
        ],
        "5": [
            50.30417666590513,
            4.103555152426619
        ],
        "6": [
            63.245690984625355,
            49.269613218451916
        ],
        "7": [
            9.280191042398588,
            41.5270520670142
        ],
        "8": [
            27.377044046162556,
            15.793055381233433
        ],
        "9": [
            30.889324561534124,
            85.02212541392474
        ],
        "10": [
            31.04444676255047,
            32.69261522123751
        ],
        "11": [
            37.590909905270586,
            81.96650193501893
        ],
        "12": [
            6.3119985247717665,
            54.00688511118285
        ],
        "13": [
            88.03488487214898,
            4.220729888811303
        ],
        "14": [
            50.21855023858445,
            0.054746464488042434
        ],
        "15": [
            26.54373913046263,
            48.81319397989453
        ],
        "16": [
            15.944278577116645,
            82.59431773663823
        ],
        "17": [
            56.02248745382423,
            53.83471867824235
        ],
        "18": [
            59.830124958624275,
            18.08803003695745
        ],
        "19": [
            14.038962205451854,
            49.03122765298497
        ],
        "20": [
            19.23263843571612,
            12.31844135482152
        ],
        "21": [
            16.577547023209217,
            34.22413187267775
        ],
        "22": [
            78.5600812786537,
            50.17671993359462
        ],
        "23": [
            84.02550171491052,
            19.03965599677634
        ],
        "24": [
            62.805140212928926,
            2.7363337112232933
        ],
        "25": [
            98.18051257332569,
            94.88852428216312
        ],
        "26": [
            10.406120943532027,
            49.52852384938885
        ],
        "27": [
            25.978082496907895,
            22.216290339536336
        ],
        "28": [
            52.956458087372724,
            34.43641745586583
        ],
        "29": [
            58.945078064168996,
            78.43254317749022
        ],
        "30": [
            38.70373059931228,
            16.169155829077997
        ],
        "31": [
            3.4983259411984213,
            85.2471126480028
        ],
        "32": [
            98.24493346789306,
            45.21463775484457
        ],
        "33": [
            67.72649664071754,
            59.65569830103254
        ],
        "34": [
            49.342365554714995,
            75.9602194048656
        ],
        "35": [
            15.491090063367974,
            1.1558523714089164
        ],
        "36": [
            41.54396703198512,
            1.865988480801184
        ],
        "37": [
            30.430677797866025,
            71.70334266213757
        ],
        "38": [
            49.02419343812178,
            80.1034535546811
        ],
        "39": [
            84.82226555943913,
            74.38144744638203
        ],
        "40": [
            86.11437344305347,
            25.438996868239126
        ]
    },
    "distance_matrix_str_keys": {
        "0,0": 0.0,
        "0,1": 48.28383642850541,
        "0,2": 21.15953535763569,
        "0,3": 29.41339880645334,
        "0,4": 53.69441759155814,
        "0,5": 45.89745279523065,
        "0,6": 13.265812998487714,
        "0,7": 41.59199067391034,
        "0,8": 41.011135027460924,
        "0,9": 39.89695707974552,
        "0,10": 25.668240423097235,
        "0,11": 34.29056375944671,
        "0,12": 43.87136425042836,
        "0,13": 59.51801440867128,
        "0,14": 49.945731698848455,
        "0,15": 23.486265827269108,
        "0,16": 47.14002238385092,
        "0,17": 7.139707450080226,
        "0,18": 33.39169333268826,
        "0,19": 35.974084548759,
        "0,20": 48.64699784732249,
        "0,21": 36.95860357422143,
        "0,22": 28.560628014422846,
        "0,23": 46.00301802870466,
        "0,24": 48.967599154232765,
        "0,25": 65.85090283404429,
        "0,26": 39.59668607975683,
        "0,27": 36.72855895651645,
        "0,28": 15.841898435177189,
        "0,29": 29.806441134659515,
        "0,30": 35.66695557080982,
        "0,31": 58.35036109821445,
        "0,32": 48.481680015638766,
        "0,33": 20.18566800564036,
        "0,34": 25.968547795600465,
        "0,35": 59.80481270414764,
        "0,36": 48.87113215883707,
        "0,37": 29.223166395192266,
        "0,38": 30.11926483772548,
        "0,39": 42.509353773878864,
        "0,40": 43.674830784133476,
        "1,0": 48.28383642850541,
        "1,1": 0.0,
        "1,2": 67.93737952622814,
        "1,3": 43.90007998244515,
        "1,4": 16.36323012540897,
        "1,5": 93.2667359315794,
        "1,6": 54.17958915786631,
        "1,7": 61.14085130132501,
        "1,8": 81.03728941125996,
        "1,9": 12.573936380587922,
        "1,10": 63.85897862652511,
        "1,11": 14.41043340183596,
        "1,12": 51.92230593098039,
        "1,13": 105.5953548473807,
        "1,14": 97.25992656878546,
        "1,15": 48.52422930008274,
        "1,16": 24.632869838175097,
        "1,17": 46.80690189387179,
        "1,18": 81.67382237885158,
        "1,19": 52.312974016417456,
        "1,20": 85.7436324172089,
        "1,21": 65.18797367425854,
        "1,22": 62.51276493640061,
        "1,23": 90.78613237542073,
        "1,24": 97.2460316239627,
        "1,25": 61.80333485228975,
        "1,26": 53.53014094959203,
        "1,27": 74.83920901199457,
        "1,28": 64.06854618698262,
        "1,29": 28.788383609724235,
        "1,30": 80.19125272601234,
        "1,31": 34.71148593775822,
        "1,32": 80.23736616415935,
        "1,33": 48.23405948408047,
        "1,34": 24.13448672305749,
        "1,35": 97.43973365443573,
        "1,36": 94.60143425251655,
        "1,37": 25.335577813640256,
        "1,38": 20.560437638839318,
        "1,39": 53.16876498870021,
        "1,40": 86.58667007061561,
        "2,0": 21.15953535763569,
        "2,1": 67.93737952622814,
        "2,2": 0.0,
        "2,3": 36.39402431201822,
        "2,4": 70.57211008710054,
        "2,5": 25.329489744199396,
        "2,6": 26.212439351781804,
        "2,7": 39.18646949463685,
        "2,8": 23.284469128701208,
        "2,9": 58.01084005525787,
        "2,10": 15.816944903532995,
        "2,11": 53.56616545192632,
        "2,12": 47.223183398823345,
        "2,13": 48.47312991191391,
        "2,14": 29.326666432224833,
        "2,15": 27.99298578496268,
        "2,16": 61.550641179943995,
        "2,17": 26.483326764693288,
        "2,18": 17.348391960129828,
        "2,19": 38.03454869890503,
        "2,20": 32.00167177387478,
        "2,21": 30.309114718552713,
        "2,22": 38.38204422134059,
        "2,23": 38.90228442635442,
        "2,24": 31.054308454041415,
        "2,25": 83.6557843228999,
        "2,26": 41.41733779766204,
        "2,27": 21.61747716571313,
        "2,28": 8.384672778945003,
        "2,29": 50.85061926563461,
        "2,30": 15.110788044335937,
        "2,31": 70.66507587883024,
        "2,32": 54.22548469226926,
        "2,33": 37.19739424267762,
        "2,34": 46.90985107582973,
        "2,35": 41.736779053847776,
        "2,36": 27.71219682000838,
        "2,37": 45.48134366156084,
        "2,38": 51.028881219206056,
        "2,39": 59.31905797218534,
        "2,40": 39.82955301384059,
        "3,0": 29.41339880645334,
        "3,1": 43.90007998244515,
        "3,2": 36.39402431201822,
        "3,3": 0.0,
        "3,4": 39.42776651005716,
        "3,5": 58.8753540367509,
        "3,6": 42.61063870260543,
        "3,7": 18.03758652127627,
        "3,8": 39.90797279571123,
        "3,9": 31.40725692855727,
        "3,10": 24.623450277543625,
        "3,11": 31.468694072499343,
        "3,12": 14.785125867210994,
        "3,13": 84.17585557995713,
        "3,14": 62.38129438367857,
        "3,15": 8.422118571130884,
        "3,16": 27.869683743908887,
        "3,17": 34.99976112270095,
        "3,18": 53.67469102886385,
        "3,19": 9.335420607954978,
        "3,20": 42.91618522106204,
        "3,21": 21.443458282011218,
        "3,22": 57.72949406803848,
        "3,23": 72.61752962643541,
        "3,24": 67.04916792724767,
        "3,25": 86.74514705327336,
        "3,26": 12.058092492041293,
        "3,27": 33.346150017787295,
        "3,28": 38.06624694243414,
        "3,29": 44.45251136544168,
        "3,30": 42.8344391798845,
        "3,31": 34.80076592264547,
        "3,32": 77.83835628982534,
        "3,33": 46.889828612726454,
        "3,34": 35.094848367475116,
        "3,35": 54.32538924491988,
        "3,36": 57.13267312270871,
        "3,37": 18.986806447964963,
        "3,38": 37.4562747496928,
        "3,39": 66.59637417647784,
        "3,40": 71.54693355352113,
        "4,0": 53.69441759155814,
        "4,1": 16.36323012540897,
        "4,2": 70.57211008710054,
        "4,3": 39.42776651005716,
        "4,4": 0.0,
        "4,5": 95.4096408253992,
        "4,6": 62.57623409149688,
        "4,7": 54.18149608225811,
        "4,8": 79.15325073199367,
        "4,9": 14.420386356544812,
        "4,10": 62.876555106425606,
        "4,11": 21.567132155274987,
        "4,12": 42.889824889742634,
        "4,13": 113.06234955326666,
        "4,14": 99.23276454109087,
        "4,15": 46.24799368394213,
        "4,16": 12.72365141399844,
        "4,17": 54.330511322512145,
        "4,18": 86.21430755182816,
        "4,19": 45.98570825062129,
        "4,20": 82.29934566161111,
        "4,21": 60.492717930709084,
        "4,22": 73.41485575397223,
        "4,23": 98.97045126192586,
        "4,24": 101.30784927284475,
        "4,25": 78.06027486274401,
        "4,26": 46.119226721446175,
        "4,27": 72.63326738031712,
        "4,28": 68.55221330601316,
        "4,29": 42.061116239640945,
        "4,30": 80.61491225423298,
        "4,31": 19.07940967098719,
        "4,32": 92.43154132245876,
        "4,33": 59.06201994960987,
        "4,34": 34.66742538779604,
        "4,35": 93.57174287549113,
        "4,36": 95.18908869767559,
        "4,37": 25.12264574703,
        "4,38": 32.34095463824738,
        "4,39": 67.7908917873257,
        "4,40": 95.60441318980268,
        "5,0": 45.89745279523065,
        "5,1": 93.2667359315794,
        "5,2": 25.329489744199396,
        "5,3": 58.8753540367509,
        "5,4": 95.4096408253992,
        "5,5": 0.0,
        "5,6": 46.98356727713648,
        "5,7": 55.529141158078595,
        "5,8": 25.735147673221903,
        "5,9": 83.21509175263587,
        "5,10": 34.47131490918574,
        "5,11": 78.89401519377662,
        "5,12": 66.5255896522061,
        "5,13": 37.73089015201687,
        "5,14": 4.049714024049427,
        "5,15": 50.63111884956021,
        "5,16": 85.68198414907887,
        "5,17": 50.058842414688904,
        "5,18": 16.920674592687856,
        "5,19": 57.73786916903062,
        "5,20": 32.13914814223295,
        "5,21": 45.2187426739854,
        "5,22": 54.0475037206845,
        "5,23": 36.88109097482425,
        "5,24": 12.575507308784955,
        "5,25": 102.63554043218838,
        "5,26": 60.458933430433476,
        "5,27": 30.328699831632807,
        "5,28": 30.44859819857173,
        "5,29": 74.8295639290018,
        "5,30": 16.73765421534152,
        "5,31": 93.67531470511003,
        "5,32": 63.15407568391912,
        "5,33": 58.22008108640825,
        "5,34": 71.86310094966227,
        "5,35": 34.937658056615234,
        "5,36": 9.041458811507905,
        "5,37": 70.46053667561739,
        "5,38": 76.01067631732012,
        "5,39": 78.29738569162262,
        "5,40": 41.6841848478163,
        "6,0": 13.265812998487714,
        "6,1": 54.17958915786631,
        "6,2": 26.212439351781804,
        "6,3": 42.61063870260543,
        "6,4": 62.57623409149688,
        "6,5": 46.98356727713648,
        "6,6": 0.0,
        "6,7": 54.518092750922875,
        "6,8": 49.06362968457115,
        "6,9": 48.22008478209862,
        "6,10": 36.21763371687004,
        "6,11": 41.56024932520481,
        "6,12": 57.13043919049501,
        "6,13": 51.41892669864678,
        "6,14": 50.909817379632955,
        "6,15": 36.70478972050656,
        "6,16": 57.86155499958194,
        "6,17": 8.544873147471895,
        "6,18": 31.36809240266981,
        "6,19": 49.20730621386386,
        "6,20": 57.46771177599293,
        "6,21": 49.03348008992937,
        "6,22": 15.341231784654273,
        "6,23": 36.683113930128805,
        "6,24": 46.53536490326798,
        "6,25": 57.45891406973434,
        "6,26": 52.84020436033929,
        "6,27": 46.0516766381491,
        "6,28": 18.05247933512479,
        "6,29": 29.478326873948763,
        "6,30": 41.206165787901625,
        "6,31": 69.74330143344126,
        "6,32": 35.23336203675472,
        "6,33": 11.311427083718103,
        "6,34": 30.09469914467025,
        "6,35": 67.7896444303627,
        "6,36": 52.135098166059024,
        "6,37": 39.750437823999846,
        "6,38": 33.95551063296326,
        "6,39": 33.108198209409444,
        "6,40": 33.02839555617933,
        "7,0": 41.59199067391034,
        "7,1": 61.14085130132501,
        "7,2": 39.18646949463685,
        "7,3": 18.03758652127627,
        "7,4": 54.18149608225811,
        "7,5": 55.529141158078595,
        "7,6": 54.518092750922875,
        "7,7": 0.0,
        "7,8": 31.4600488566629,
        "7,9": 48.567232337255476,
        "7,10": 23.48893572374408,
        "7,11": 49.36441945530651,
        "7,12": 12.827953836525115,
        "7,13": 87.14392391143285,
        "7,14": 58.274363022389686,
        "7,15": 18.73814175855042,
        "7,16": 41.604451351386246,
        "7,17": 48.335503837517976,
        "7,18": 55.71968747812814,
        "7,19": 8.885862603449763,
        "7,20": 30.85764328093074,
        "7,21": 10.32395504036703,
        "7,22": 69.8177623914553,
        "7,23": 78.0547528953239,
        "7,24": 66.1032526753877,
        "7,25": 103.68564936996022,
        "7,26": 8.080301283145575,
        "7,27": 25.528907096113596,
        "7,28": 44.24808924883321,
        "7,29": 61.875813344073656,
        "7,30": 38.84285753740582,
        "7,31": 44.10072177701618,
        "7,32": 89.04113478072743,
        "7,33": 61.1932876414585,
        "7,34": 52.82632714444352,
        "7,35": 40.84616299618752,
        "7,36": 51.12681493987135,
        "7,37": 36.85039489713149,
        "7,38": 55.38704251148385,
        "7,39": 82.3772803513319,
        "7,40": 78.50042742084872,
        "8,0": 41.011135027460924,
        "8,1": 81.03728941125996,
        "8,2": 23.284469128701208,
        "8,3": 39.90797279571123,
        "8,4": 79.15325073199367,
        "8,5": 25.735147673221903,
        "8,6": 49.06362968457115,
        "8,7": 31.4600488566629,
        "8,8": 0.0,
        "8,9": 69.318109120272,
        "8,10": 17.29291662704843,
        "8,11": 66.95706149910222,
        "8,12": 43.63522574076856,
        "8,13": 61.751861275375894,
        "8,14": 27.73857913984339,
        "8,15": 33.03065167624335,
        "8,16": 67.77253705259847,
        "8,17": 47.62068431285447,
        "8,18": 32.534126227412386,
        "8,19": 35.81452949790251,
        "8,20": 8.854619437333817,
        "8,21": 21.36196893037366,
        "8,22": 61.65987097287728,
        "8,23": 56.74141496125007,
        "8,24": 37.75748904217225,
        "8,25": 106.1566029794422,
        "8,26": 37.763660623955765,
        "8,27": 6.573814778791497,
        "8,28": 31.6525097288904,
        "8,29": 70.14446666088077,
        "8,30": 11.332929004461807,
        "8,31": 73.44425947037672,
        "8,32": 76.73256975012507,
        "8,33": 59.59873965605349,
        "8,34": 64.0512527248354,
        "8,35": 18.855333835069754,
        "8,36": 19.86617475346835,
        "8,37": 55.99361484064745,
        "8,38": 67.85592376517455,
        "8,39": 82.05213683682456,
        "8,40": 59.52409639675014,
        "9,0": 39.89695707974552,
        "9,1": 12.573936380587922,
        "9,2": 58.01084005525787,
        "9,3": 31.40725692855727,
        "9,4": 14.420386356544812,
        "9,5": 83.21509175263587,
        "9,6": 48.22008478209862,
        "9,7": 48.567232337255476,
        "9,8": 69.318109120272,
        "9,9": 0.0,
        "9,10": 52.32974010927061,
        "9,11": 7.365329657539017,
        "9,12": 39.57259261350136,
        "9,13": 98.96706816926498,
        "9,14": 87.13824906900253,
        "9,15": 36.46876510567697,
        "9,16": 15.140959335334216,
        "9,17": 40.0540911252181,
        "9,18": 72.92285685268486,
        "9,19": 39.740148882077605,
        "9,20": 73.63222125674152,
        "9,21": 52.775592124798294,
        "9,22": 59.04831351589495,
        "9,23": 84.71800040640667,
        "9,24": 88.25854522273856,
        "9,25": 68.01065953705681,
        "9,26": 40.97996318298198,
        "9,27": 62.99756517524015,
        "9,28": 55.189421374618654,
        "9,29": 28.81922793295029,
        "9,30": 69.2949952188114,
        "9,31": 27.39192261734708,
        "9,32": 78.23946654262285,
        "9,33": 44.72619893602678,
        "9,34": 20.558036443518528,
        "9,35": 85.26814985504453,
        "9,36": 83.83593809228555,
        "9,37": 13.326677411985576,
        "9,38": 18.79007190060599,
        "9,39": 54.97259455667389,
        "9,40": 81.24010851333162,
        "10,0": 25.668240423097235,
        "10,1": 63.85897862652511,
        "10,2": 15.816944903532995,
        "10,3": 24.623450277543625,
        "10,4": 62.876555106425606,
        "10,5": 34.47131490918574,
        "10,6": 36.21763371687004,
        "10,7": 23.48893572374408,
        "10,8": 17.29291662704843,
        "10,9": 52.32974010927061,
        "10,10": 0.0,
        "10,11": 49.70686161448495,
        "10,12": 32.649534403660844,
        "10,13": 63.70681510095136,
        "10,14": 37.85335812173685,
        "10,15": 16.737067506095492,
        "10,16": 52.13631165669412,
        "10,17": 32.72447181180506,
        "10,18": 32.27861796317821,
        "10,19": 23.58255205054305,
        "10,20": 23.55049419202964,
        "10,21": 14.547739732404851,
        "10,22": 50.63032136043152,
        "10,23": 54.71193178320242,
        "10,24": 43.6591393680193,
        "10,25": 91.51820822362986,
        "10,26": 26.634344593915277,
        "10,27": 11.637071362638075,
        "10,28": 21.98128946473872,
        "10,29": 53.57785210767639,
        "10,30": 18.212340299270302,
        "10,31": 59.33602592088894,
        "10,32": 68.35719758567558,
        "10,33": 45.52560414132102,
        "10,34": 46.97764791808715,
        "10,35": 35.16353673421281,
        "10,36": 32.56563897856839,
        "10,37": 39.01555545946005,
        "10,38": 50.70560996573891,
        "10,39": 68.0441953942233,
        "10,40": 55.54558311699437,
        "11,0": 34.29056375944671,
        "11,1": 14.41043340183596,
        "11,2": 53.56616545192632,
        "11,3": 31.468694072499343,
        "11,4": 21.567132155274987,
        "11,5": 78.89401519377662,
        "11,6": 41.56024932520481,
        "11,7": 49.36441945530651,
        "11,8": 66.95706149910222,
        "11,9": 7.365329657539017,
        "11,10": 49.70686161448495,
        "11,11": 0.0,
        "11,12": 41.95367051981073,
        "11,13": 92.6768562345526,
        "11,14": 82.87938817734829,
        "11,15": 34.94541186615327,
        "11,16": 21.655733664269576,
        "11,17": 33.63213166206688,
        "11,18": 67.63905571650703,
        "11,19": 40.48983245813453,
        "11,20": 72.0269288109156,
        "11,21": 52.162202012402865,
        "11,22": 51.856178443071904,
        "11,23": 78.2045986899952,
        "11,24": 83.14551681707553,
        "11,25": 61.952228474953856,
        "11,26": 42.32298634522474,
        "11,27": 60.86826386649583,
        "11,28": 49.95206703963243,
        "11,29": 21.644615086862242,
        "11,30": 65.80675591823432,
        "11,31": 34.25006113859441,
        "11,32": 70.91974404249599,
        "11,33": 37.49567370622839,
        "11,34": 13.19742928425396,
        "11,35": 83.77805870236631,
        "11,36": 80.19799820616714,
        "11,37": 12.514046591428276,
        "11,38": 11.584080525015597,
        "11,39": 47.83653424450971,
        "11,40": 74.49755259588976,
        "12,0": 43.87136425042836,
        "12,1": 51.92230593098039,
        "12,2": 47.223183398823345,
        "12,3": 14.785125867210994,
        "12,4": 42.889824889742634,
        "12,5": 66.5255896522061,
        "12,6": 57.13043919049501,
        "12,7": 12.827953836525115,
        "12,8": 43.63522574076856,
        "12,9": 39.57259261350136,
        "12,10": 32.649534403660844,
        "12,11": 41.95367051981073,
        "12,12": 0.0,
        "12,13": 95.69373754207956,
        "12,14": 69.56017932660816,
        "12,15": 20.887741752118238,
        "12,16": 30.166572942940537,
        "12,17": 49.71078706725613,
        "12,18": 64.4542784214751,
        "12,19": 9.190382737615955,
        "12,20": 43.64480815097701,
        "12,21": 22.287638090864522,
        "12,22": 72.34953784855423,
        "12,23": 85.21793056641955,
        "12,24": 76.28987153386808,
        "12,25": 100.55412619477919,
        "12,26": 6.067747355562236,
        "12,27": 37.381770620640054,
        "12,28": 50.58368128294861,
        "12,29": 58.02459679974245,
        "12,30": 49.808815123576984,
        "12,31": 31.366679294433382,
        "12,32": 92.35241275045937,
        "12,33": 61.67373565211797,
        "12,34": 48.30694953463541,
        "12,35": 53.642216426379925,
        "12,36": 62.928250462836,
        "12,37": 29.91446639556068,
        "12,38": 50.05359606304218,
        "12,39": 81.11094143335839,
        "12,40": 84.7616852195573,
        "13,0": 59.51801440867128,
        "13,1": 105.5953548473807,
        "13,2": 48.47312991191391,
        "13,3": 84.17585557995713,
        "13,4": 113.06234955326666,
        "13,5": 37.73089015201687,
        "13,6": 51.41892669864678,
        "13,7": 87.14392391143285,
        "13,8": 61.751861275375894,
        "13,9": 98.96706816926498,
        "13,10": 63.70681510095136,
        "13,11": 92.6768562345526,
        "13,12": 95.69373754207956,
        "13,13": 0.0,
        "13,14": 38.04511247203073,
        "13,15": 75.95820468086288,
        "13,16": 106.48697003918554,
        "13,17": 59.045249360694164,
        "13,18": 31.429452670677296,
        "13,19": 86.50651583070973,
        "13,20": 69.27713941616231,
        "13,21": 77.50067911356003,
        "13,22": 46.92254174841272,
        "13,23": 15.35173359249291,
        "13,24": 25.27337428167202,
        "13,25": 91.23367087652454,
        "13,26": 89.88337545207727,
        "13,27": 64.6133648479587,
        "13,28": 46.29777317371497,
        "13,29": 79.70953576404355,
        "13,30": 50.75753800511262,
        "13,31": 117.09698757408357,
        "13,32": 42.24624923536147,
        "13,33": 59.03783833629504,
        "13,34": 81.50868301692812,
        "13,35": 72.60850941491087,
        "13,36": 46.55051287278653,
        "13,37": 88.72512439761113,
        "13,38": 85.32304376375492,
        "13,39": 70.23423104898073,
        "13,40": 21.305004523809977,
        "14,0": 49.945731698848455,
        "14,1": 97.25992656878546,
        "14,2": 29.326666432224833,
        "14,3": 62.38129438367857,
        "14,4": 99.23276454109087,
        "14,5": 4.049714024049427,
        "14,6": 50.909817379632955,
        "14,7": 58.274363022389686,
        "14,8": 27.73857913984339,
        "14,9": 87.13824906900253,
        "14,10": 37.85335812173685,
        "14,11": 82.87938817734829,
        "14,12": 69.56017932660816,
        "14,13": 38.04511247203073,
        "14,14": 0.0,
        "14,15": 54.20224059130671,
        "14,16": 89.37285115578699,
        "14,17": 54.092246195833205,
        "14,18": 20.43481551186611,
        "14,19": 60.89054359959668,
        "14,20": 33.32453964600751,
        "14,21": 47.950641252336716,
        "14,22": 57.57998442282728,
        "14,23": 38.77288689370236,
        "14,24": 12.869077563839689,
        "14,25": 106.2722694129155,
        "14,26": 63.503418609585665,
        "14,27": 32.84409084235629,
        "14,28": 34.490512312051926,
        "14,29": 78.86210310076314,
        "14,30": 19.805687579444253,
        "14,31": 97.1623312521068,
        "14,32": 65.9238141148192,
        "14,33": 62.11925343274871,
        "14,34": 75.91052971691501,
        "14,35": 34.74491220940848,
        "14,36": 8.861658504471565,
        "14,37": 74.33089016569075,
        "14,38": 80.05761672057403,
        "14,39": 81.98704527459587,
        "14,40": 43.964420752317814,
        "15,0": 23.486265827269108,
        "15,1": 48.52422930008274,
        "15,2": 27.99298578496268,
        "15,3": 8.422118571130884,
        "15,4": 46.24799368394213,
        "15,5": 50.63111884956021,
        "15,6": 36.70478972050656,
        "15,7": 18.73814175855042,
        "15,8": 33.03065167624335,
        "15,9": 36.46876510567697,
        "15,10": 16.737067506095492,
        "15,11": 34.94541186615327,
        "15,12": 20.887741752118238,
        "15,13": 75.95820468086288,
        "15,14": 54.20224059130671,
        "15,15": 0.0,
        "15,16": 35.40498391879837,
        "15,17": 29.903382969293155,
        "15,18": 45.29921832462014,
        "15,19": 12.50667760146088,
        "15,20": 37.21987590702038,
        "15,21": 17.668212085180226,
        "15,22": 52.034210414919265,
        "15,23": 64.73497195370533,
        "15,24": 58.63417314742437,
        "15,25": 85.17489871885519,
        "15,26": 16.15346456861017,
        "15,27": 26.602918085833807,
        "15,28": 30.07197076878369,
        "15,29": 43.89934636855119,
        "15,30": 34.83530707937654,
        "15,31": 43.11057293261412,
        "15,32": 71.79144013264263,
        "15,33": 42.5861411271596,
        "15,34": 35.450505726387654,
        "15,35": 48.922216431681036,
        "15,36": 49.285362342907796,
        "15,37": 23.217820718132625,
        "15,38": 38.528576020095436,
        "15,39": 63.64057061387384,
        "15,40": 63.992292997039456,
        "16,0": 47.14002238385092,
        "16,1": 24.632869838175097,
        "16,2": 61.550641179943995,
        "16,3": 27.869683743908887,
        "16,4": 12.72365141399844,
        "16,5": 85.68198414907887,
        "16,6": 57.86155499958194,
        "16,7": 41.604451351386246,
        "16,8": 67.77253705259847,
        "16,9": 15.140959335334216,
        "16,10": 52.13631165669412,
        "16,11": 21.655733664269576,
        "16,12": 30.166572942940537,
        "16,13": 106.48697003918554,
        "16,14": 89.37285115578699,
        "16,15": 35.40498391879837,
        "16,16": 0.0,
        "16,17": 49.32927492640337,
        "16,18": 78.0194121063167,
        "16,19": 33.617127278212784,
        "16,20": 70.35276904139617,
        "16,21": 48.37433110068705,
        "16,22": 70.5098531786708,
        "16,23": 93.13564286999014,
        "16,24": 92.59178130835463,
        "16,25": 83.15013948553107,
        "16,26": 33.52637641273644,
        "16,27": 61.20607333807655,
        "16,28": 60.73783657286649,
        "16,29": 43.20172593782398,
        "16,30": 70.21605792691739,
        "16,31": 12.725527802699638,
        "16,32": 90.39158296540661,
        "16,33": 56.635486836416106,
        "16,34": 34.05060167513715,
        "16,35": 81.43972630646942,
        "16,36": 84.69006549427839,
        "16,37": 18.12371651886894,
        "16,38": 33.173561334054945,
        "16,39": 69.36590177559546,
        "16,40": 90.50178405459326,
        "17,0": 7.139707450080226,
        "17,1": 46.80690189387179,
        "17,2": 26.483326764693288,
        "17,3": 34.99976112270095,
        "17,4": 54.330511322512145,
        "17,5": 50.058842414688904,
        "17,6": 8.544873147471895,
        "17,7": 48.335503837517976,
        "17,8": 47.62068431285447,
        "17,9": 40.0540911252181,
        "17,10": 32.72447181180506,
        "17,11": 33.63213166206688,
        "17,12": 49.71078706725613,
        "17,13": 59.045249360694164,
        "17,14": 54.092246195833205,
        "17,15": 29.903382969293155,
        "17,16": 49.32927492640337,
        "17,17": 0.0,
        "17,18": 35.948906133357205,
        "17,19": 42.25742441643184,
        "17,20": 55.471562746783846,
        "17,21": 44.0508619715137,
        "17,22": 22.832522642687458,
        "17,23": 44.66391378634155,
        "17,24": 51.54657432544155,
        "17,25": 58.84483015984524,
        "17,26": 45.8191685597344,
        "17,27": 43.61641067104292,
        "17,28": 19.63910961296356,
        "17,29": 24.77083983177546,
        "17,30": 41.456410405750944,
        "17,31": 61.200702916844385,
        "17,32": 43.09339557910101,
        "17,33": 13.071634741524166,
        "17,34": 23.11194087459477,
        "17,35": 66.46696269423114,
        "17,36": 53.94790516730048,
        "17,37": 31.212632771758155,
        "17,38": 27.18496921349822,
        "17,39": 35.3778925602438,
        "17,40": 41.37437152996844,
        "18,0": 33.39169333268826,
        "18,1": 81.67382237885158,
        "18,2": 17.348391960129828,
        "18,3": 53.67469102886385,
        "18,4": 86.21430755182816,
        "18,5": 16.920674592687856,
        "18,6": 31.36809240266981,
        "18,7": 55.71968747812814,
        "18,8": 32.534126227412386,
        "18,9": 72.92285685268486,
        "18,10": 32.27861796317821,
        "18,11": 67.63905571650703,
        "18,12": 64.4542784214751,
        "18,13": 31.429452670677296,
        "18,14": 20.43481551186611,
        "18,15": 45.29921832462014,
        "18,16": 78.0194121063167,
        "18,17": 35.948906133357205,
        "18,18": 0.0,
        "18,19": 55.2658308993184,
        "18,20": 41.00541507580115,
        "18,21": 46.16448072394934,
        "18,22": 37.1550169295178,
        "18,23": 24.21408367760461,
        "18,24": 15.637304621989843,
        "18,25": 85.84327665289642,
        "18,26": 58.576760102052354,
        "18,27": 34.10283436835856,
        "18,28": 17.734629047591124,
        "18,29": 60.35100309169117,
        "18,30": 21.213359395692958,
        "18,31": 87.65622600646729,
        "18,32": 47.02712365309963,
        "18,33": 42.311035565842154,
        "18,34": 58.81482295773157,
        "18,35": 47.46207597588265,
        "18,36": 24.444594575644913,
        "18,37": 61.146784390137924,
        "18,38": 62.94982851532179,
        "18,39": 61.59184958614739,
        "18,40": 27.29282747803572,
        "19,0": 35.974084548759,
        "19,1": 52.312974016417456,
        "19,2": 38.03454869890503,
        "19,3": 9.335420607954978,
        "19,4": 45.98570825062129,
        "19,5": 57.73786916903062,
        "19,6": 49.20730621386386,
        "19,7": 8.885862603449763,
        "19,8": 35.81452949790251,
        "19,9": 39.740148882077605,
        "19,10": 23.58255205054305,
        "19,11": 40.48983245813453,
        "19,12": 9.190382737615955,
        "19,13": 86.50651583070973,
        "19,14": 60.89054359959668,
        "19,15": 12.50667760146088,
        "19,16": 33.617127278212784,
        "19,17": 42.25742441643184,
        "19,18": 55.2658308993184,
        "19,19": 0.0,
        "19,20": 37.078335326163575,
        "19,21": 15.02313210765784,
        "19,22": 64.53128666796617,
        "19,23": 76.14203886762236,
        "19,24": 67.24103897573194,
        "19,25": 95.82636459996739,
        "19,26": 3.666720488565362,
        "19,27": 29.352741889950195,
        "19,28": 41.56416690382788,
        "19,29": 53.674915892696475,
        "19,30": 41.088521079279516,
        "19,31": 37.71863384094991,
        "19,32": 84.29241931930571,
        "19,33": 54.72870115660579,
        "19,34": 44.40158651234907,
        "19,35": 47.897392764820495,
        "19,36": 54.59931388467183,
        "19,37": 27.977010902718625,
        "19,38": 46.79155508090556,
        "19,39": 75.18583428596192,
        "19,40": 75.83836930255093,
        "20,0": 48.64699784732249,
        "20,1": 85.7436324172089,
        "20,2": 32.00167177387478,
        "20,3": 42.91618522106204,
        "20,4": 82.29934566161111,
        "20,5": 32.13914814223295,
        "20,6": 57.46771177599293,
        "20,7": 30.85764328093074,
        "20,8": 8.854619437333817,
        "20,9": 73.63222125674152,
        "20,10": 23.55049419202964,
        "20,11": 72.0269288109156,
        "20,12": 43.64480815097701,
        "20,13": 69.27713941616231,
        "20,14": 33.32453964600751,
        "20,15": 37.21987590702038,
        "20,16": 70.35276904139617,
        "20,17": 55.471562746783846,
        "20,18": 41.00541507580115,
        "20,19": 37.078335326163575,
        "20,20": 0.0,
        "20,21": 22.066009776868682,
        "20,22": 70.37751580746522,
        "20,23": 65.14053928376403,
        "20,24": 44.613671649156124,
        "20,25": 114.23915889692077,
        "20,26": 38.24261563089452,
        "20,27": 11.977830776350428,
        "20,28": 40.32990055410287,
        "20,29": 77.12426544909013,
        "20,30": 19.848209793467625,
        "20,31": 74.60670000920841,
        "20,32": 85.58681267485467,
        "20,33": 67.76776651770653,
        "20,34": 70.40505365775705,
        "20,35": 11.772959569930812,
        "20,36": 24.638367535498507,
        "20,37": 60.43147018595466,
        "20,38": 74.04285670067352,
        "20,39": 90.29848233137751,
        "20,40": 68.15655107597777,
        "21,0": 36.95860357422143,
        "21,1": 65.18797367425854,
        "21,2": 30.309114718552713,
        "21,3": 21.443458282011218,
        "21,4": 60.492717930709084,
        "21,5": 45.2187426739854,
        "21,6": 49.03348008992937,
        "21,7": 10.32395504036703,
        "21,8": 21.36196893037366,
        "21,9": 52.775592124798294,
        "21,10": 14.547739732404851,
        "21,11": 52.162202012402865,
        "21,12": 22.287638090864522,
        "21,13": 77.50067911356003,
        "21,14": 47.950641252336716,
        "21,15": 17.668212085180226,
        "21,16": 48.37433110068705,
        "21,17": 44.0508619715137,
        "21,18": 46.16448072394934,
        "21,19": 15.02313210765784,
        "21,20": 22.066009776868682,
        "21,21": 0.0,
        "21,22": 64.00249697135773,
        "21,23": 69.13606077670048,
        "21,24": 55.932743587014535,
        "21,25": 101.68191822042658,
        "21,26": 16.501845764451282,
        "21,27": 15.249863129789173,
        "21,28": 36.379530444786496,
        "21,29": 61.23227348875886,
        "21,30": 28.55783884642488,
        "21,31": 52.672674047472704,
        "21,32": 82.40359960736711,
        "21,33": 57.12249660137613,
        "21,34": 53.06066656099366,
        "21,35": 33.08612243675018,
        "21,36": 40.870179493413666,
        "21,37": 39.957483324910555,
        "21,38": 56.19338948288402,
        "21,39": 79.18302597258653,
        "21,40": 70.08957715373778,
        "22,0": 28.560628014422846,
        "22,1": 62.51276493640061,
        "22,2": 38.38204422134059,
        "22,3": 57.72949406803848,
        "22,4": 73.41485575397223,
        "22,5": 54.0475037206845,
        "22,6": 15.341231784654273,
        "22,7": 69.8177623914553,
        "22,8": 61.65987097287728,
        "22,9": 59.04831351589495,
        "22,10": 50.63032136043152,
        "22,11": 51.856178443071904,
        "22,12": 72.34953784855423,
        "22,13": 46.92254174841272,
        "22,14": 57.57998442282728,
        "22,15": 52.034210414919265,
        "22,16": 70.5098531786708,
        "22,17": 22.832522642687458,
        "22,18": 37.1550169295178,
        "22,19": 64.53128666796617,
        "22,20": 70.37751580746522,
        "22,21": 64.00249697135773,
        "22,22": 0.0,
        "22,23": 31.613091768293767,
        "22,24": 49.988082708903924,
        "22,25": 48.827315841582084,
        "22,26": 68.1570426847066,
        "22,27": 59.553775858192296,
        "22,28": 30.054993638520305,
        "22,29": 34.39680069853177,
        "22,30": 52.39315895990092,
        "22,31": 82.85046505290607,
        "22,32": 20.300632139440157,
        "22,33": 14.395054254766888,
        "22,34": 38.96747049925008,
        "22,35": 79.87955376354539,
        "22,36": 60.86147786101111,
        "22,37": 52.72414025390531,
        "22,38": 42.04733113713579,
        "22,39": 25.001675662539178,
        "22,40": 25.865464862695447,
        "23,0": 46.00301802870466,
        "23,1": 90.78613237542073,
        "23,2": 38.90228442635442,
        "23,3": 72.61752962643541,
        "23,4": 98.97045126192586,
