{
    "num_robots": 3,
    "num_tasks": 30,
    "num_nodes": 31,
    "robot_capacity": [
        129,
        121,
        123
    ],
    "robot_speed": [
        1.1,
        1.03,
        0.89
    ],
    "task_demand": {
        "0": 0,
        "1": 14,
        "2": 12,
        "3": 9,
        "4": 15,
        "5": 12,
        "6": 9,
        "7": 5,
        "8": 13,
        "9": 11,
        "10": 8,
        "11": 10,
        "12": 9,
        "13": 13,
        "14": 13,
        "15": 9,
        "16": 7,
        "17": 12,
        "18": 7,
        "19": 6,
        "20": 12,
        "21": 10,
        "22": 13,
        "23": 5,
        "24": 6,
        "25": 7,
        "26": 10,
        "27": 13,
        "28": 10,
        "29": 15,
        "30": 8
    },
    "task_service_time": {
        "0": 0,
        "1": 32,
        "2": 37,
        "3": 63,
        "4": 96,
        "5": 66,
        "6": 86,
        "7": 24,
        "8": 98,
        "9": 38,
        "10": 20,
        "11": 58,
        "12": 83,
        "13": 33,
        "14": 28,
        "15": 10,
        "16": 66,
        "17": 67,
        "18": 93,
        "19": 16,
        "20": 89,
        "21": 55,
        "22": 39,
        "23": 87,
        "24": 74,
        "25": 84,
        "26": 88,
        "27": 88,
        "28": 28,
        "29": 81,
        "30": 81
    },
    "task_precedence": [],
    "coordinates": {
        "0": [
            50.0,
            50.0
        ],
        "1": [
            52.70918653987544,
            37.27742320991745
        ],
        "2": [
            96.23175813135335,
            93.253264803237
        ],
        "3": [
            29.76973158007219,
            36.16661873706634
        ],
        "4": [
            69.92257233050098,
            62.89137985381829
        ],
        "5": [
            23.60146931298408,
            53.30061011239944
        ],
        "6": [
            15.952743227145394,
            96.18595841139769
        ],
        "7": [
            38.806743596335465,
            18.182566530747867
        ],
        "8": [
            30.27042927313388,
            63.4962469242249
        ],
        "9": [
            29.795291704135106,
            69.93529701385647
        ],
        "10": [
            44.52180857939537,
            66.51057455554879
        ],
        "11": [
            24.634315076655543,
            63.41566623297851
        ],
        "12": [
            52.33375586486335,
            75.2450446314693
        ],
        "13": [
            31.999612232817576,
            85.16022489443766
        ],
        "14": [
            76.73433723615209,
            35.51205314325701
        ],
        "15": [
            60.011800925610636,
            34.66414918659374
        ],
        "16": [
            5.6939377271526315,
            13.625980541740468
        ],
        "17": [
            99.06487186284046,
            34.994877757450624
        ],
        "18": [
            20.194784608899717,
            50.388926375893185
        ],
        "19": [
            3.336801227667796,
            16.792339520198606
        ],
        "20": [
            27.601186036386103,
            2.938680731856713
        ],
        "21": [
            4.7038583640481635,
            70.36643519301663
        ],
        "22": [
            4.651387863564449,
            33.19170224299472
        ],
        "23": [
            14.01685181909511,
            31.70166426055161
        ],
        "24": [
            71.00812374653161,
            78.35743329918778
        ],
        "25": [
            90.43178995674178,
            28.57345734815696
        ],
        "26": [
            50.474400239149574,
            89.29152656885371
        ],
        "27": [
            52.043669352331335,
            23.293443153016323
        ],
        "28": [
            63.99862016344081,
            89.22681610649825
        ],
        "29": [
            35.98843141548899,
            7.1958482075555
        ],
        "30": [
            37.246953241680444,
            58.660816113248295
        ]
    },
    "distance_matrix_str_keys": {
        "0,0": 0.0,
        "0,1": 13.007830406620062,
        "0,2": 63.31050762752496,
        "0,3": 24.50767629760138,
        "0,4": 23.72965576656087,
        "0,5": 26.604068289406317,
        "0,6": 57.37907674523921,
        "0,7": 33.72889060565828,
        "0,8": 23.904071663757673,
        "0,9": 28.383909250694597,
        "0,10": 17.395679158777366,
        "0,11": 28.694913697466735,
        "0,12": 25.352686147263782,
        "0,13": 39.500068030275145,
        "0,14": 30.407653503355316,
        "0,15": 18.314597400573987,
        "0,16": 57.32448382388865,
        "0,17": 51.308043662088735,
        "0,18": 29.807752820964996,
        "0,19": 57.27305504517764,
        "0,20": 52.119810420172286,
        "0,21": 49.66419363661868,
        "0,22": 48.363369363486434,
        "0,23": 40.36850311619856,
        "0,24": 35.29143361592823,
        "0,25": 45.75834753481964,
        "0,26": 39.29439038460633,
        "0,27": 26.78463669798097,
        "0,28": 41.649783532850705,
        "0,29": 45.039088188695445,
        "0,30": 15.415898850452614,
        "1,0": 13.007830406620062,
        "1,1": 0.0,
        "1,2": 70.90492987103029,
        "1,3": 22.96633363055035,
        "1,4": 30.860580443869512,
        "1,5": 33.22652134474114,
        "1,6": 69.43523345237614,
        "1,7": 23.619726319252976,
        "1,8": 34.509774624556414,
        "1,9": 39.89465249801499,
        "1,10": 30.35803510546,
        "1,11": 38.35891234131801,
        "1,12": 37.969477539229096,
        "1,13": 52.16942749483305,
        "1,14": 24.089923151622195,
        "1,15": 7.756118745076376,
        "1,16": 52.62912084776162,
        "1,17": 46.41184736146938,
        "1,18": 35.058491812974914,
        "1,19": 53.453447832594314,
        "1,20": 42.53893421628936,
        "1,21": 58.30432443041045,
        "1,22": 48.23116346753819,
        "1,23": 39.09201777865062,
        "1,24": 44.97130564957723,
        "1,25": 38.71374213724202,
        "1,26": 52.062090027620066,
        "1,27": 13.999807547203106,
        "1,28": 53.1619293655169,
        "1,29": 34.416345049299224,
        "1,30": 26.38806833828558,
        "2,0": 63.31050762752496,
        "2,1": 70.90492987103029,
        "2,2": 0.0,
        "2,3": 87.61327600533745,
        "2,4": 40.174834351687245,
        "2,5": 82.89374807960513,
        "2,6": 80.33256454134518,
        "2,7": 94.5158295391101,
        "2,8": 72.36281515940367,
        "2,9": 70.40974146495273,
        "2,10": 58.21589443055768,
        "2,11": 77.56594704127957,
        "2,12": 47.448188550708885,
        "2,13": 64.73998657472987,
        "2,14": 60.94421174752562,
        "2,15": 68.88083745662668,
        "2,16": 120.57197569254838,
        "2,17": 58.327233729984066,
        "2,18": 87.28672780708517,
        "2,19": 120.31519485616094,
        "2,20": 113.43226843393778,
        "2,21": 94.34597715547348,
        "2,22": 109.518745041948,
        "2,23": 102.70292278849568,
        "2,24": 29.293643129119104,
        "2,25": 64.93933417623508,
        "2,26": 45.92854418673639,
        "2,27": 82.74638261140736,
        "2,28": 32.483649308012694,
        "2,29": 105.04826207471046,
        "2,30": 68.38014853919434,
        "3,0": 24.50767629760138,
        "3,1": 22.96633363055035,
        "3,2": 87.61327600533745,
        "3,3": 0.0,
        "3,4": 48.233426967993395,
        "3,5": 18.2104673154088,
        "3,6": 61.58920605177242,
        "3,7": 20.126940153477754,
        "3,8": 27.334214366397457,
        "3,9": 33.76868795024912,
        "3,10": 33.73987893440009,
        "3,11": 27.72874126421972,
        "3,12": 45.124921742968034,
        "3,13": 49.04432497271322,
        "3,14": 46.969166913494334,
        "3,15": 30.279368769022476,
        "3,16": 32.98066433383146,
        "3,17": 69.30504630783999,
        "3,18": 17.145076379946442,
        "3,19": 32.77289279554392,
        "3,20": 33.298625404858605,
        "3,21": 42.401950965757216,
        "3,22": 25.29389885342557,
        "3,23": 16.37342478656039,
        "3,24": 58.997201814069285,
        "3,25": 61.1354351123184,
        "3,26": 57.01700743127515,
        "3,27": 25.726386328053422,
        "3,28": 63.14270629721007,
        "3,29": 29.630689710443573,
        "3,30": 23.704382703952767,
        "4,0": 23.72965576656087,
        "4,1": 30.860580443869512,
        "4,2": 40.174834351687245,
        "4,3": 48.233426967993395,
        "4,4": 0.0,
        "4,5": 47.303566979587586,
        "4,6": 63.4134955255759,
        "4,7": 54.47084345382473,
        "4,8": 39.65675621145491,
        "4,9": 40.74083233593293,
        "4,10": 25.657306355666314,
        "4,11": 45.29129189256868,
        "4,12": 21.493708337568478,
        "4,13": 43.97786218102928,
        "4,14": 28.213962363580098,
        "4,15": 29.91654961690426,
        "4,16": 80.94687808920685,
        "4,17": 40.342142373022774,
        "4,18": 51.27537629947068,
        "4,19": 80.98633485372449,
        "4,20": 73.38546088881739,
        "4,21": 65.64569371833971,
        "4,22": 71.71051786107608,
        "4,23": 64.01755965895833,
        "4,24": 15.504103684246674,
        "4,25": 39.97934232506936,
        "4,26": 32.790229402525,
        "4,27": 43.44711454934059,
        "4,28": 26.993488323975217,
        "4,29": 65.2190015639595,
        "4,30": 32.94834976748788,
        "5,0": 26.604068289406317,
        "5,1": 33.22652134474114,
        "5,2": 82.89374807960513,
        "5,3": 18.2104673154088,
        "5,4": 47.303566979587586,
        "5,5": 0.0,
        "5,6": 43.56209486999657,
        "5,7": 38.26849031559419,
        "5,8": 12.183022488230565,
        "5,9": 17.750387154161736,
        "5,10": 24.741943246459442,
        "5,11": 10.167651188647168,
        "5,12": 36.15387250158753,
        "5,13": 32.947896117382335,
        "5,14": 56.03154837040684,
        "5,15": 40.902688468858805,
        "5,16": 43.528794137519576,
        "5,17": 77.65194757024894,
        "5,18": 4.48145097646704,
        "5,19": 41.75536605325586,
        "5,20": 50.520507368772876,
        "5,21": 25.462955155668112,
        "5,22": 27.631028982646395,
        "5,23": 23.63005193424714,
        "5,24": 53.621220359068346,
        "5,25": 71.25814929657977,
        "5,26": 44.91659475002455,
        "5,27": 41.34475555625573,
        "5,28": 54.061280728123506,
        "5,29": 47.73977273124834,
        "5,30": 14.660526594220512,
        "6,0": 57.37907674523921,
        "6,1": 69.43523345237614,
        "6,2": 80.33256454134518,
        "6,3": 61.58920605177242,
        "6,4": 63.4134955255759,
        "6,5": 43.56209486999657,
        "6,6": 0.0,
        "6,7": 81.2824364654577,
        "6,8": 35.68772016851301,
        "6,9": 29.67681539764958,
        "6,10": 41.192473852551124,
        "6,11": 33.900763107003485,
        "6,12": 41.97737426857698,
        "6,13": 19.469689377907862,
        "6,14": 85.88204090939519,
        "6,15": 75.67122025955351,
        "6,16": 83.19490991716363,
        "6,17": 103.20840216743103,
        "6,18": 45.99307620007105,
        "6,19": 80.38973014742086,
        "6,20": 93.97202250949788,
        "6,21": 28.16354363157692,
        "6,22": 63.999976119248004,
        "6,23": 64.51334643061547,
        "6,24": 57.87012382750802,
        "6,25": 100.5911462394983,
        "6,26": 35.2033804241289,
        "6,27": 81.33802142458956,
        "6,28": 48.547254836885315,
        "6,29": 91.21769847607705,
        "6,30": 43.14602744911153,
        "7,0": 33.72889060565828,
        "7,1": 23.619726319252976,
        "7,2": 94.5158295391101,
        "7,3": 20.126940153477754,
        "7,4": 54.47084345382473,
        "7,5": 38.26849031559419,
        "7,6": 81.2824364654577,
        "7,7": 0.0,
        "7,8": 46.1107177674202,
        "7,9": 52.53143228261267,
        "7,10": 48.66475446774411,
        "7,11": 47.40138224585202,
        "7,12": 58.64389540189343,
        "7,13": 67.32268382412673,
        "7,14": 41.69908231076785,
        "7,15": 26.856973455311863,
        "7,16": 33.42484687183186,
        "7,17": 62.55953828926556,
        "7,18": 37.197508408830004,
        "7,19": 35.49717654655743,
        "7,20": 18.919317495062383,
        "7,21": 62.33909631786039,
        "7,22": 37.3076732062022,
        "7,23": 28.236585093726788,
        "7,24": 68.24912801037783,
        "7,25": 52.660383816427114,
        "7,26": 72.0598252095822,
        "7,27": 14.189336253602459,
        "7,28": 75.37848527765586,
        "7,29": 11.342436381213629,
        "7,30": 40.50829094412242,
        "8,0": 23.904071663757673,
        "8,1": 34.509774624556414,
        "8,2": 72.36281515940367,
        "8,3": 27.334214366397457,
        "8,4": 39.65675621145491,
        "8,5": 12.183022488230565,
        "8,6": 35.68772016851301,
        "8,7": 46.1107177674202,
        "8,8": 0.0,
        "8,9": 6.456556494468116,
        "8,10": 14.566673717767582,
        "8,11": 5.636690206455063,
        "8,12": 24.99649231110373,
        "8,13": 21.732878668090066,
        "8,14": 54.24029724076545,
        "8,15": 41.422687596570356,
        "8,16": 55.597188829738904,
        "8,17": 74.46477943033999,
        "8,18": 16.532406580913413,
        "8,19": 53.913590925622636,
        "8,20": 60.616364808523265,
        "8,21": 26.473553499633397,
        "8,22": 39.68249880088084,
        "8,23": 35.70818207094267,
        "8,24": 43.36374766414086,
        "8,25": 69.56285324134916,
        "8,26": 32.76578848036785,
        "8,27": 45.72022981802118,
        "8,28": 42.42231784304977,
        "8,29": 56.59002071174676,
        "8,30": 8.48842021883027,
        "9,0": 28.383909250694597,
        "9,1": 39.89465249801499,
        "9,2": 70.40974146495273,
        "9,3": 33.76868795024912,
        "9,4": 40.74083233593293,
        "9,5": 17.750387154161736,
        "9,6": 29.67681539764958,
        "9,7": 52.53143228261267,
        "9,8": 6.456556494468116,
        "9,9": 0.0,
        "9,10": 15.119491499179539,
        "9,11": 8.315122685105836,
        "9,12": 23.155469904261857,
        "9,13": 15.383675047337338,
        "9,14": 58.20853643608922,
        "9,15": 46.444496967715516,
        "9,16": 61.250423550214926,
        "9,17": 77.58290812528699,
        "9,18": 21.776830384661086,
        "9,19": 59.36518886911788,
        "9,20": 67.03253458522036,
        "9,21": 25.095137122350142,
        "9,22": 44.5231137391486,
        "9,23": 41.361453537326355,
        "9,24": 42.06459205274048,
        "9,25": 73.400181885806,
        "9,26": 28.324709219842962,
        "9,27": 51.67642440758383,
        "9,28": 39.268694740173295,
        "9,29": 63.04437656129854,
        "9,30": 13.51448035435736,
        "10,0": 17.395679158777366,
        "10,1": 30.35803510546,
        "10,2": 58.21589443055768,
        "10,3": 33.73987893440009,
        "10,4": 25.657306355666314,
        "10,5": 24.741943246459442,
        "10,6": 41.192473852551124,
        "10,7": 48.66475446774411,
        "10,8": 14.566673717767582,
        "10,9": 15.119491499179539,
        "10,10": 0.0,
        "10,11": 20.1268689901493,
        "10,12": 11.71825447317481,
        "10,13": 22.463634147329415,
        "10,14": 44.70520475527077,
        "10,15": 35.41376387319245,
        "10,16": 65.60780318623519,
        "10,17": 62.99353059649499,
        "10,18": 29.18409901452609,
        "10,19": 64.56088386625585,
        "10,20": 65.78520465555893,
        "10,21": 40.00421003603798,
        "10,22": 51.95957756023081,
        "10,23": 46.28404285358993,
        "10,24": 29.015047013999595,
        "10,25": 59.55628641945096,
        "10,26": 23.54580901350126,
        "10,27": 43.86683070557058,
        "10,28": 29.922797657997982,
        "10,29": 59.92541437118986,
        "10,30": 10.702440272533511,
        "11,0": 28.694913697466735,
        "11,1": 38.35891234131801,
        "11,2": 77.56594704127957,
        "11,3": 27.72874126421972,
        "11,4": 45.29129189256868,
        "11,5": 10.167651188647168,
        "11,6": 33.900763107003485,
        "11,7": 47.40138224585202,
        "11,8": 5.636690206455063,
        "11,9": 8.315122685105836,
        "11,10": 20.1268689901493,
        "11,11": 0.0,
        "11,12": 30.119648292669535,
        "11,13": 22.958079919283467,
        "11,14": 59.10180989175296,
        "11,15": 45.58745701902632,
        "11,16": 53.27054247305763,
        "11,17": 79.67213440765973,
        "11,18": 13.76246279116887,
        "11,19": 51.25737693166166,
        "11,20": 60.54971592497019,
        "11,21": 21.107730666960528,
        "11,22": 36.2326562547039,
        "11,23": 33.444109303922914,
        "11,24": 48.72152023091161,
        "11,25": 74.45325527180874,
        "11,26": 36.568704507087254,
        "11,27": 48.590796316666356,
        "11,28": 47.0719021578564,
        "11,29": 57.354894269342374,
        "11,30": 13.479140964577125,
        "12,0": 25.352686147263782,
        "12,1": 37.969477539229096,
        "12,2": 47.448188550708885,
        "12,3": 45.124921742968034,
        "12,4": 21.493708337568478,
        "12,5": 36.15387250158753,
        "12,6": 41.97737426857698,
        "12,7": 58.64389540189343,
        "12,8": 24.99649231110373,
        "12,9": 23.155469904261857,
        "12,10": 11.71825447317481,
        "12,11": 30.119648292669535,
        "12,12": 0.0,
        "12,13": 22.62273628224104,
        "12,14": 46.62723435782175,
        "12,15": 41.30086501591447,
        "12,16": 77.27989192029735,
        "12,17": 61.67554730849774,
        "12,18": 40.62930085697809,
        "12,19": 76.27201517296216,
        "12,20": 76.41930561516313,
        "12,21": 47.879097380705915,
        "12,22": 63.57744744996897,
        "12,23": 58.00181988333668,
        "12,24": 18.93195655495822,
        "12,25": 60.24696889644966,
        "12,26": 14.169010486273912,
        "12,27": 51.952411362329954,
        "12,28": 18.20876142641669,
        "12,29": 69.98473237282342,
        "12,30": 22.41981821816255,
        "13,0": 39.500068030275145,
        "13,1": 52.16942749483305,
        "13,2": 64.73998657472987,
        "13,3": 49.04432497271322,
        "13,4": 43.97786218102928,
        "13,5": 32.947896117382335,
        "13,6": 19.469689377907862,
        "13,7": 67.32268382412673,
        "13,8": 21.732878668090066,
        "13,9": 15.383675047337338,
        "13,10": 22.463634147329415,
        "13,11": 22.958079919283467,
        "13,12": 22.62273628224104,
        "13,13": 0.0,
        "13,14": 66.82915964875433,
        "13,15": 57.74544464503627,
        "13,16": 76.21769234442473,
        "13,17": 83.7514841815761,
        "13,18": 36.72052771810541,
        "13,19": 74.13315375229915,
        "13,20": 82.33910661092155,
        "13,21": 31.046970753912714,
        "13,22": 58.72523071665661,
        "13,23": 56.40210436804832,
        "13,24": 39.59724667200944,
        "13,25": 81.34114367831982,
        "13,26": 18.931070899554033,
        "13,27": 65.03278333925894,
        "13,28": 32.25637413954174,
        "13,29": 78.06634813186858,
        "13,30": 27.013945535887018,
        "14,0": 30.407653503355316,
        "14,1": 24.089923151622195,
        "14,2": 60.94421174752562,
        "14,3": 46.969166913494334,
        "14,4": 28.213962363580098,
        "14,5": 56.03154837040684,
        "14,6": 85.88204090939519,
        "14,7": 41.69908231076785,
        "14,8": 54.24029724076545,
        "14,9": 58.20853643608922,
        "14,10": 44.70520475527077,
        "14,11": 59.10180989175296,
        "14,12": 46.62723435782175,
        "14,13": 66.82915964875433,
        "14,14": 0.0,
        "14,15": 16.74401868659679,
        "14,16": 74.33531150346451,
        "14,17": 22.336522717142266,
        "14,18": 58.464026276589664,
        "14,19": 75.74711856068234,
        "14,20": 58.94990362223538,
        "14,21": 80.02010893903616,
        "14,22": 72.12028576310122,
        "14,23": 62.83312852688619,
        "14,24": 43.22633597281797,
        "14,25": 15.354618935049158,
        "14,26": 59.84827527189905,
        "14,27": 27.54856639904783,
        "14,28": 55.203933279734166,
        "14,29": 49.61891074083543,
        "14,30": 45.77246685254897,
        "15,0": 18.314597400573987,
        "15,1": 7.756118745076376,
        "15,2": 68.88083745662668,
        "15,3": 30.279368769022476,
        "15,4": 29.91654961690426,
        "15,5": 40.902688468858805,
        "15,6": 75.67122025955351,
        "15,7": 26.856973455311863,
        "15,8": 41.422687596570356,
        "15,9": 46.444496967715516,
        "15,10": 35.41376387319245,
        "15,11": 45.58745701902632,
        "15,12": 41.30086501591447,
        "15,13": 57.74544464503627,
        "15,14": 16.74401868659679,
        "15,15": 0.0,
        "15,16": 58.249762251666624,
        "15,17": 39.0544713319216,
        "15,18": 42.80961814847612,
        "15,19": 59.426064748674676,
        "15,20": 45.353647109908785,
        "15,21": 65.83024940312404,
        "15,22": 55.37999128206945,
        "15,23": 46.09025558887671,
        "15,24": 45.055767578921234,
        "15,25": 31.023737036742357,
        "15,26": 55.45369574264601,
        "15,27": 13.884670556809203,
        "15,28": 54.708128729171264,
        "15,29": 36.49150368640453,
        "15,30": 33.07685465187612,
        "16,0": 57.32448382388865,
        "16,1": 52.62912084776162,
        "16,2": 120.57197569254838,
        "16,3": 32.98066433383146,
        "16,4": 80.94687808920685,
        "16,5": 43.528794137519576,
        "16,6": 83.19490991716363,
        "16,7": 33.42484687183186,
        "16,8": 55.597188829738904,
        "16,9": 61.250423550214926,
        "16,10": 65.60780318623519,
        "16,11": 53.27054247305763,
        "16,12": 77.27989192029735,
        "16,13": 76.21769234442473,
        "16,14": 74.33531150346451,
        "16,15": 58.249762251666624,
        "16,16": 0.0,
        "16,17": 95.78497329741519,
        "16,18": 39.519473006262636,
        "16,19": 3.9473942870792738,
        "16,20": 24.375108321990165,
        "16,21": 56.749092073607414,
        "16,22": 19.593477892120106,
        "16,23": 19.89977992050035,
        "16,24": 91.95707624464619,
        "16,25": 86.04609615410827,
        "16,26": 87.92362980660862,
        "16,27": 47.34720113234263,
        "16,28": 95.47210237596089,
        "16,29": 30.969387298876004,
        "16,30": 54.988446086544215,
        "17,0": 51.308043662088735,
        "17,1": 46.41184736146938,
        "17,2": 58.327233729984066,
        "17,3": 69.30504630783999,
        "17,4": 40.342142373022774,
        "17,5": 77.65194757024894,
        "17,6": 103.20840216743103,
        "17,7": 62.55953828926556,
        "17,8": 74.46477943033999,
        "17,9": 77.58290812528699,
        "17,10": 62.99353059649499,
        "17,11": 79.67213440765973,
        "17,12": 61.67554730849774,
        "17,13": 83.7514841815761,
        "17,14": 22.336522717142266,
        "17,15": 39.0544713319216,
        "17,16": 95.78497329741519,
        "17,17": 0.0,
        "17,18": 80.35836855182663,
        "17,19": 97.44329584846373,
        "17,20": 78.32405862597948,
        "17,21": 100.7727539761458,
        "17,22": 94.43070159020043,
        "17,23": 85.11175575969203,
        "17,24": 51.64777185873791,
        "17,25": 10.75940255173593,
        "17,26": 72.86398290487249,
        "17,27": 48.45530989825741,
        "17,28": 64.58130646975603,
        "17,29": 68.93056929566315,
        "17,30": 66.19313937949141,
        "18,0": 29.807752820964996,
        "18,1": 35.058491812974914,
        "18,2": 87.28672780708517,
        "18,3": 17.145076379946442,
        "18,4": 51.27537629947068,
        "18,5": 4.48145097646704,
        "18,6": 45.99307620007105,
        "18,7": 37.197508408830004,
        "18,8": 16.532406580913413,
        "18,9": 21.776830384661086,
        "18,10": 29.18409901452609,
        "18,11": 13.76246279116887,
        "18,12": 40.62930085697809,
        "18,13": 36.72052771810541,
        "18,14": 58.464026276589664,
        "18,15": 42.80961814847612,
        "18,16": 39.519473006262636,
        "18,17": 80.35836855182663,
        "18,18": 0.0,
        "18,19": 37.588858083667844,
        "18,20": 48.02479144967185,
        "18,21": 25.27982702594453,
        "18,22": 23.180632007347086,
        "18,23": 19.681987169054434,
        "18,24": 58.002006981089636,
        "18,25": 73.54693473648587,
        "18,26": 49.297742590193764,
        "18,27": 41.815268389448285,
        "18,28": 58.5419310239756,
        "18,29": 45.990012840913806,
        "18,30": 18.952588607041303,
        "19,0": 57.27305504517764,
        "19,1": 53.453447832594314,
        "19,2": 120.31519485616094,
        "19,3": 32.77289279554392,
        "19,4": 80.98633485372449,
        "19,5": 41.75536605325586,
        "19,6": 80.38973014742086,
        "19,7": 35.49717654655743,
        "19,8": 53.913590925622636,
        "19,9": 59.36518886911788,
        "19,10": 64.56088386625585,
        "19,11": 51.25737693166166,
        "19,12": 76.27201517296216,
        "19,13": 74.13315375229915,
        "19,14": 75.74711856068234,
        "19,15": 59.426064748674676,
        "19,16": 3.9473942870792738,
        "19,17": 97.44329584846373,
        "19,18": 37.588858083667844,
        "19,19": 0.0,
        "19,20": 27.940727119553678,
        "19,21": 53.59153452154908,
        "19,22": 16.451967533918637,
        "19,23": 18.339886718536434,
        "19,24": 91.48589324845561,
        "19,25": 87.8881778113175,
        "19,26": 86.47592360468391,
        "19,27": 49.13881715057863,
        "19,28": 94.48073705749601,
        "19,29": 34.03265489843351,
        "19,30": 53.878267806567386,
        "20,0": 52.119810420172286,
        "20,1": 42.53893421628936,
        "20,2": 113.43226843393778,
        "20,3": 33.298625404858605,
        "20,4": 73.38546088881739,
        "20,5": 50.520507368772876,
        "20,6": 93.97202250949788,
        "20,7": 18.919317495062383,
        "20,8": 60.616364808523265,
        "20,9": 67.03253458522036,
        "20,10": 65.78520465555893,
        "20,11": 60.54971592497019,
        "20,12": 76.41930561516313,
        "20,13": 82.33910661092155,
        "20,14": 58.94990362223538,
        "20,15": 45.353647109908785,
        "20,16": 24.375108321990165,
        "20,17": 78.32405862597948,
        "20,18": 48.02479144967185,
        "20,19": 27.940727119553678,
        "20,20": 0.0,
        "20,21": 71.20947750270946,
        "20,22": 37.97286592722002,
        "20,23": 31.80948534005284,
        "20,24": 87.01810432424254,
        "20,25": 67.85887238353013,
        "20,26": 89.33083405025205,
        "20,27": 31.808038981869228,
        "20,28": 93.65049662156497,
        "20,29": 9.405815220672277,
        "20,30": 56.55083727444593,
        "21,0": 49.66419363661868,
        "21,1": 58.30432443041045,
        "21,2": 94.34597715547348,
        "21,3": 42.401950965757216,
        "21,4": 65.64569371833971,
        "21,5": 25.462955155668112,
        "21,6": 28.16354363157692,
        "21,7": 62.33909631786039,
        "21,8": 26.473553499633397,
        "21,9": 25.095137122350142,
        "21,10": 40.00421003603798,
        "21,11": 21.107730666960528,
        "21,12": 47.879097380705915,
        "21,13": 31.046970753912714,
        "21,14": 80.02010893903616,
        "21,15": 65.83024940312404,
        "21,16": 56.749092073607414,
        "21,17": 100.7727539761458,
        "21,18": 25.27982702594453,
        "21,19": 53.59153452154908,
        "21,20": 71.20947750270946,
        "21,21": 0.0,
        "21,22": 37.17476997990526,
        "21,23": 39.77054636730226,
        "21,24": 66.78406740116706,
        "21,25": 95.37259172478478,
        "21,26": 49.528795534761336,
        "21,27": 66.76019984994284,
        "21,28": 62.22204388356538,
        "21,29": 70.49289021666404,
        "21,30": 34.58431063727037,
        "22,0": 48.363369363486434,
        "22,1": 48.23116346753819,
        "22,2": 109.518745041948,
        "22,3": 25.29389885342557,
        "22,4": 71.71051786107608,
        "22,5": 27.631028982646395,
        "22,6": 63.999976119248004,
        "22,7": 37.3076732062022,
        "22,8": 39.68249880088084,
        "22,9": 44.5231137391486,
        "22,10": 51.95957756023081,
        "22,11": 36.2326562547039,
        "22,12": 63.57744744996897,
        "22,13": 58.72523071665661,
        "22,14": 72.12028576310122,
        "22,15": 55.37999128206945,
        "22,16": 19.593477892120106,
        "22,17": 94.43070159020043,
        "22,18": 23.180632007347086,
        "22,19": 16.451967533918637,
        "22,20": 37.97286592722002,
        "22,21": 37.17476997990526,
        "22,22": 0.0,
        "22,23": 9.4832551527135,
        "22,24": 80.26929462055975,
        "22,25": 85.90463066200725,
        "22,26": 72.43575603640282,
        "22,27": 48.41491379443793,
        "22,28": 81.62124703379196,
        "22,29": 40.71602541514922,
        "22,30": 41.366008311837106,
        "23,0": 40.36850311619856,
        "23,1": 39.09201777865062,
        "23,2": 102.70292278849568,
        "23,3": 16.37342478656039,
        "23,4": 64.01755965895833,
        "23,5": 23.63005193424714,
        "23,6": 64.51334643061547,
        "23,7": 28.236585093726788,
        "23,8": 35.70818207094267,
        "23,9": 41.361453537326355,
        "23,10": 46.28404285358993,
        "23,11": 33.444109303922914,
        "23,12": 58.00181988333668,
        "23,13": 56.40210436804832,
        "23,14": 62.83312852688619,
        "23,15": 46.09025558887671,
        "23,16": 19.89977992050035,
        "23,17": 85.11175575969203,
        "23,18": 19.681987169054434,
        "23,19": 18.339886718536434,
        "23,20": 31.80948534005284,
        "23,21": 39.77054636730226,
        "23,22": 9.4832551527135,
        "23,23": 0.0,
        "23,24": 73.65300985359372,
        "23,25": 76.47894121303669,
        "23,26": 68.1597027391538,
        "23,27": 38.94530823987973,
        "23,28": 76.20577577668936,
        "23,29": 32.91330020499242,
        "23,30": 35.58698470958674,
        "24,0": 35.29143361592823,
        "24,1": 44.97130564957723,
        "24,2": 29.293643129119104,
        "24,3": 58.997201814069285,
        "24,4": 15.504103684246674,
        "24,5": 53.621220359068346,
        "24,6": 57.87012382750802,
        "24,7": 68.24912801037783,
        "24,8": 43.36374766414086,
        "24,9": 42.06459205274048,
        "24,10": 29.015047013999595,
        "24,11": 48.72152023091161,
        "24,12": 18.93195655495822,
        "24,13": 39.59724667200944,
        "24,14": 43.22633597281797,
        "24,15": 45.055767578921234,
        "24,16": 91.95707624464619,
        "24,17": 51.64777185873791,
        "24,18": 58.002006981089636,
        "24,19": 91.48589324845561,
        "24,20": 87.01810432424254,
        "24,21": 66.78406740116706,
        "24,22": 80.26929462055975,
        "24,23": 73.65300985359372,
        "24,24": 0.0,
        "24,25": 53.43896584458268,
        "24,26": 23.26345195166374,
        "24,27": 58.238248095966696,
        "24,28": 12.933546423669696,
        "24,29": 79.31172702516638,
        "24,30": 39.086741517131856,
        "25,0": 45.75834753481964,
        "25,1": 38.71374213724202,
        "25,2": 64.93933417623508,
        "25,3": 61.1354351123184,
        "25,4": 39.97934232506936,
        "25,5": 71.25814929657977,
        "25,6": 100.5911462394983,
        "25,7": 52.660383816427114,
        "25,8": 69.56285324134916,
        "25,9": 73.400181885806,
        "25,10": 59.55628641945096,
        "25,11": 74.45325527180874,
        "25,12": 60.24696889644966,
        "25,13": 81.34114367831982,
        "25,14": 15.354618935049158,
        "25,15": 31.023737036742357,
        "25,16": 86.04609615410827,
        "25,17": 10.75940255173593,
        "25,18": 73.54693473648587,
        "25,19": 87.8881778113175,
        "25,20": 67.85887238353013,
        "25,21": 95.37259172478478,
        "25,22": 85.90463066200725,
        "25,23": 76.47894121303669,
        "25,24": 53.43896584458268,
        "25,25": 0.0,
        "25,26": 72.68615358466057,
        "25,27": 38.74953358996271,
        "25,28": 66.16299867742947,
        "25,29": 58.490011641473714,
        "25,30": 61.10544995225102,
        "26,0": 39.29439038460633,
        "26,1": 52.062090027620066,
        "26,2": 45.92854418673639,
        "26,3": 57.01700743127515,
        "26,4": 32.790229402525,
        "26,5": 44.91659475002455,
        "26,6": 35.2033804241289,
        "26,7": 72.0598252095822,
        "26,8": 32.76578848036785,
        "26,9": 28.324709219842962,
        "26,10": 23.54580901350126,
        "26,11": 36.568704507087254,
        "26,12": 14.169010486273912,
        "26,13": 18.931070899554033,
        "26,14": 59.84827527189905,
        "26,15": 55.45369574264601,
        "26,16": 87.92362980660862,
        "26,17": 72.86398290487249,
        "26,18": 49.297742590193764,
        "26,19": 86.47592360468391,
        "26,20": 89.33083405025205,
        "26,21": 49.528795534761336,
        "26,22": 72.43575603640282,
        "26,23": 68.1597027391538,
        "26,24": 23.26345195166374,
        "26,25": 72.68615358466057,
        "26,26": 0.0,
        "26,27": 66.01673742403071,
        "26,28": 13.524374736176691,
        "26,29": 83.36392324238221,
        "26,30": 33.364738528662116,
        "27,0": 26.78463669798097,
        "27,1": 13.999807547203106,
        "27,2": 82.74638261140736,
        "27,3": 25.726386328053422,
        "27,4": 43.44711454934059,
        "27,5": 41.34475555625573,
        "27,6": 81.33802142458956,
        "27,7": 14.189336253602459,
        "27,8": 45.72022981802118,
        "27,9": 51.67642440758383,
        "27,10": 43.86683070557058,
        "27,11": 48.590796316666356,
        "27,12": 51.952411362329954,
        "27,13": 65.03278333925894,
        "27,14": 27.54856639904783,
        "27,15": 13.884670556809203,
        "27,16": 47.34720113234263,
        "27,17": 48.45530989825741,
        "27,18": 41.815268389448285,
        "27,19": 49.13881715057863,
        "27,20": 31.808038981869228,
        "27,21": 66.76019984994284,
        "27,22": 48.41491379443793,
        "27,23": 38.94530823987973,
        "27,24": 58.238248095966696,
        "27,25": 38.74953358996271,
        "27,26": 66.01673742403071,
        "27,27": 0.0,
        "27,28": 67.00843616977633,
        "27,29": 22.735505893574206,
        "27,30": 38.33789088835409,
        "28,0": 41.649783532850705,
        "28,1": 53.1619293655169,
        "28,2": 32.483649308012694,
        "28,3": 63.14270629721007,
        "28,4": 26.993488323975217,
        "28,5": 54.061280728123506,
        "28,6": 48.547254836885315,
        "28,7": 75.37848527765586,
        "28,8": 42.42231784304977,
        "28,9": 39.268694740173295,
        "28,10": 29.922797657997982,
        "28,11": 47.0719021578564,
        "28,12": 18.20876142641669,
        "28,13": 32.25637413954174,
        "28,14": 55.203933279734166,
        "28,15": 54.708128729171264,
        "28,16": 95.47210237596089,
        "28,17": 64.58130646975603,
        "28,18": 58.5419310239756,
        "28,19": 94.48073705749601,
        "28,20": 93.65049662156497,
        "28,21": 62.22204388356538,
        "28,22": 81.62124703379196,
        "28,23": 76.20577577668936,
        "28,24": 12.933546423669696,
        "28,25": 66.16299867742947,
        "28,26": 13.524374736176691,
        "28,27": 67.00843616977633,
        "28,28": 0.0,
        "28,29": 86.68131498848678,
        "28,30": 40.619355468546814,
        "29,0": 45.039088188695445,
        "29,1": 34.416345049299224,
        "29,2": 105.04826207471046,
        "29,3": 29.630689710443573,
        "29,4": 65.2190015639595,
        "29,5": 47.73977273124834,
        "29,6": 91.21769847607705,
        "29,7": 11.342436381213629,
        "29,8": 56.59002071174676,
        "29,9": 63.04437656129854,
        "29,10": 59.92541437118986,
        "29,11": 57.354894269342374,
        "29,12": 69.98473237282342,
        "29,13": 78.06634813186858,
        "29,14": 49.61891074083543,
        "29,15": 36.49150368640453,
        "29,16": 30.969387298876004,
        "29,17": 68.93056929566315,
        "29,18": 45.990012840913806,
        "29,19": 34.03265489843351,
        "29,20": 9.405815220672277,
        "29,21": 70.49289021666404,
        "29,22": 40.71602541514922,
        "29,23": 32.91330020499242,
        "29,24": 79.31172702516638,
        "29,25": 58.490011641473714,
        "29,26": 83.36392324238221,
        "29,27": 22.735505893574206,
        "29,28": 86.68131498848678,
        "29,29": 0.0,
        "29,30": 51.48035352171729,
        "30,0": 15.415898850452614,
        "30,1": 26.38806833828558,
        "30,2": 68.38014853919434,
        "30,3": 23.704382703952767,
        "30,4": 32.94834976748788,
        "30,5": 14.660526594220512,
        "30,6": 43.14602744911153,
        "30,7": 40.50829094412242,
        "30,8": 8.48842021883027,
        "30,9": 13.51448035435736,
        "30,10": 10.702440272533511,
        "30,11": 13.479140964577125,
        "30,12": 22.41981821816255,
        "30,13": 27.013945535887018,
        "30,14": 45.77246685254897,
        "30,15": 33.07685465187612,
        "30,16": 54.988446086544215,
        "30,17": 66.19313937949141,
        "30,18": 18.952588607041303,
        "30,19": 53.878267806567386,
        "30,20": 56.55083727444593,
        "30,21": 34.58431063727037,
        "30,22": 41.366008311837106,
        "30,23": 35.58698470958674,
        "30,24": 39.086741517131856,
        "30,25": 61.10544995225102,
        "30,26": 33.364738528662116,
        "30,27": 38.33789088835409,
        "30,28": 40.619355468546814,
        "30,29": 51.48035352171729,
        "30,30": 0.0
    }
}