{
    "num_robots": 3,
    "num_tasks": 40,
    "num_nodes": 41,
    "robot_capacity": [
        196,
        180,
        167
    ],
    "robot_speed": [
        0.91,
        0.93,
        1.0
    ],
    "task_demand": {
        "0": 0,
        "1": 15,
        "2": 11,
        "3": 10,
        "4": 7,
        "5": 7,
        "6": 15,
        "7": 11,
        "8": 6,
        "9": 10,
        "10": 14,
        "11": 5,
        "12": 15,
        "13": 13,
        "14": 9,
        "15": 15,
        "16": 14,
        "17": 7,
        "18": 12,
        "19": 14,
        "20": 7,
        "21": 8,
        "22": 12,
        "23": 10,
        "24": 8,
        "25": 9,
        "26": 12,
        "27": 10,
        "28": 10,
        "29": 11,
        "30": 13,
        "31": 7,
        "32": 7,
        "33": 12,
        "34": 15,
        "35": 8,
        "36": 14,
        "37": 11,
        "38": 14,
        "39": 8,
        "40": 6
    },
    "task_service_time": {
        "0": 0,
        "1": 23,
        "2": 23,
        "3": 57,
        "4": 54,
        "5": 64,
        "6": 91,
        "7": 47,
        "8": 94,
        "9": 47,
        "10": 15,
        "11": 27,
        "12": 34,
        "13": 85,
        "14": 54,
        "15": 47,
        "16": 50,
        "17": 46,
        "18": 65,
        "19": 75,
        "20": 97,
        "21": 23,
        "22": 70,
        "23": 17,
        "24": 40,
        "25": 10,
        "26": 45,
        "27": 62,
        "28": 62,
        "29": 51,
        "30": 96,
        "31": 30,
        "32": 63,
        "33": 15,
        "34": 34,
        "35": 32,
        "36": 41,
        "37": 72,
        "38": 15,
        "39": 89,
        "40": 52
    },
    "task_precedence": [],
    "coordinates": {
        "0": [
            50.0,
            50.0
        ],
        "1": [
            52.55766797365958,
            76.24684841539087
        ],
        "2": [
            12.890017902942185,
            25.624607386397415
        ],
        "3": [
            93.73391387259007,
            14.531151930387942
        ],
        "4": [
            99.40044023614377,
            66.22667235522105
        ],
        "5": [
            42.577065849819995,
            38.005277315309904
        ],
        "6": [
            93.72475040061092,
            61.89941605730527
        ],
        "7": [
            33.85596291377993,
            18.214460575580894
        ],
        "8": [
            0.45921119220243556,
            88.50891842201378
        ],
        "9": [
            66.91206061395178,
            54.207514602809766
        ],
        "10": [
            38.971322208597535,
            89.56103148475285
        ],
        "11": [
            94.0225988152404,
            93.51499493323517
        ],
        "12": [
            12.418466104017567,
            0.7855838794049497
        ],
        "13": [
            54.11411371791679,
            19.246584947703372
        ],
        "14": [
            77.76091973294493,
            18.086200056172032
        ],
        "15": [
            61.62266735766456,
            91.88522329137618
        ],
        "16": [
            52.77660912282225,
            45.97976809019807
        ],
        "17": [
            29.397221627445624,
            49.00961672736655
        ],
        "18": [
            33.009714805522385,
            61.06466381542277
        ],
        "19": [
            87.74296673453054,
            68.17596742762842
        ],
        "20": [
            3.1948834846831975,
            15.849429665538306
        ],
        "21": [
            10.543700940771139,
            76.47491537590348
        ],
        "22": [
            40.70915729235072,
            89.29769341968603
        ],
        "23": [
            2.5372942842525337,
            22.970141471567096
        ],
        "24": [
            9.582775493137262,
            22.32913445698552
        ],
        "25": [
            30.23083520803106,
            73.41345070628326
        ],
        "26": [
            23.45845152604632,
            89.61077826206724
        ],
        "27": [
            96.2499507957282,
            54.20104693628326
        ],
        "28": [
            87.07763166735492,
            11.89563780417824
        ],
        "29": [
            74.20405763868094,
            60.38814067177577
        ],
        "30": [
            97.40266011856559,
            5.267432359462843
        ],
        "31": [
            40.090304423533006,
            11.762556102077593
        ],
        "32": [
            34.33791536215781,
            32.56861708278599
        ],
        "33": [
            99.34053967302806,
            74.7790782897894
        ],
        "34": [
            19.89030359695676,
            89.50313756068809
        ],
        "35": [
            78.37724387661402,
            44.12370158939588
        ],
        "36": [
            13.619424567319028,
            54.20367217985237
        ],
        "37": [
            21.374405907268745,
            31.794044142491174
        ],
        "38": [
            39.71818603835761,
            52.72712684143499
        ],
        "39": [
            20.8857128395022,
            63.317677440297885
        ],
        "40": [
            11.421699210103142,
            66.60111124277923
        ]
    },
    "distance_matrix_str_keys": {
        "0,0": 0.0,
        "0,1": 26.371172086276147,
        "0,2": 44.39944297298361,
        "0,3": 56.30891941780049,
        "0,4": 51.997195994096714,
        "0,5": 14.105790430902047,
        "0,6": 45.31500744897411,
        "0,7": 35.65039200264915,
        "0,8": 62.747323080208865,
        "0,9": 17.42759229907667,
        "0,10": 41.06953793219714,
        "0,11": 61.89946680293045,
        "0,12": 61.92277807128781,
        "0,13": 31.02738256867272,
        "0,14": 42.29845495137719,
        "0,15": 43.46789995704143,
        "0,16": 4.885879944240281,
        "0,17": 20.626568684473586,
        "0,18": 20.27551667252924,
        "0,19": 41.891494719741004,
        "0,20": 57.9394544863981,
        "0,21": 47.51547831615036,
        "0,22": 40.38104092672593,
        "0,23": 54.619792071434546,
        "0,24": 48.98192357122913,
        "0,25": 30.643262726863473,
        "0,26": 47.680892922866825,
        "0,27": 46.440356845831126,
        "0,28": 53.16665485443307,
        "0,29": 26.33913196734454,
        "0,30": 65.17679643885147,
        "0,31": 39.50068584550163,
        "0,32": 23.434035196898392,
        "0,33": 55.2131467688373,
        "0,34": 49.66982680281945,
        "0,35": 28.979283169935318,
        "0,36": 36.62263137198985,
        "0,37": 33.924643931032946,
        "0,38": 10.637336092795959,
        "0,39": 32.01565631480552,
        "0,40": 41.99859743290111,
        "1,0": 26.371172086276147,
        "1,1": 0.0,
        "1,2": 64.31278060331707,
        "1,3": 74.19104001803852,
        "1,4": 47.90249723669694,
        "1,5": 39.5225274869528,
        "1,6": 43.59561320611567,
        "1,7": 60.971401579239206,
        "1,8": 53.52202873450033,
        "1,9": 26.301726615833715,
        "1,10": 19.02251986599842,
        "1,11": 44.91691634405481,
        "1,12": 85.4725568361092,
        "1,13": 57.02150961471124,
        "1,14": 63.38663042634957,
        "1,15": 18.075756764071016,
        "1,16": 30.26787218551165,
        "1,17": 35.75294484350865,
        "1,18": 24.75118587646244,
        "1,19": 36.09909096930797,
        "1,20": 78.00341456724937,
        "1,21": 42.01458604317213,
        "1,22": 17.627017918276085,
        "1,23": 73.07835032898598,
        "1,24": 68.9489757879903,
        "1,25": 22.505901535426652,
        "1,26": 32.02122762812091,
        "1,27": 48.939073765855596,
        "1,28": 73.0253805230941,
        "1,29": 26.834023120421968,
        "1,30": 83.9592211976577,
        "1,31": 65.67845239528607,
        "1,32": 47.325968321513216,
        "1,33": 46.80589101364464,
        "1,34": 35.25458689623235,
        "1,35": 41.21343302629444,
        "1,36": 44.74470268224422,
        "1,37": 54.29960995095581,
        "1,38": 26.796074325978267,
        "1,39": 34.209299965408015,
        "1,40": 42.25172389050408,
        "2,0": 44.39944297298361,
        "2,1": 64.31278060331707,
        "2,2": 0.0,
        "2,3": 81.60147222633739,
        "2,4": 95.5645376277282,
        "2,5": 32.165226622688365,
        "2,6": 88.60087878842191,
        "2,7": 22.23693157689088,
        "2,8": 64.10118196963231,
        "2,9": 61.117621711026864,
        "2,10": 69.05143561700193,
        "2,11": 105.79036065138656,
        "2,12": 24.84349914726171,
        "2,13": 41.71456874990668,
        "2,14": 65.30743823879672,
        "2,15": 82.25168899775845,
        "2,16": 44.780271620651924,
        "2,17": 28.62422814120014,
        "2,18": 40.75291159100411,
        "2,19": 86.1021613558153,
        "2,20": 13.767706085709788,
        "2,21": 50.90441067250063,
        "2,22": 69.48500846491936,
        "2,23": 10.687613186206288,
        "2,24": 4.668832207918687,
        "2,25": 50.837756546301954,
        "2,26": 64.85307897529904,
        "2,27": 88.1220251085849,
        "2,28": 75.4472440970986,
        "2,29": 70.48343575053191,
        "2,30": 86.92986408216235,
        "2,31": 30.52887244251493,
        "2,32": 22.543992017488087,
        "2,33": 99.44774871314333,
        "2,34": 64.26095717483197,
        "2,35": 68.04993205035673,
        "2,36": 28.588371386816245,
        "2,37": 10.49031885575463,
        "2,38": 38.13524834471135,
        "2,39": 38.531787755135106,
        "2,40": 41.002802685619116,
        "3,0": 56.30891941780049,
        "3,1": 74.19104001803852,
        "3,2": 81.60147222633739,
        "3,3": 0.0,
        "3,4": 52.005156984891286,
        "3,5": 56.285501349919876,
        "3,6": 47.36826501326201,
        "3,7": 59.99113079115466,
        "3,8": 119.04990590170254,
        "3,9": 47.891811065582736,
        "3,10": 92.88931193468756,
        "3,11": 78.98437057098407,
        "3,12": 82.46904077802559,
        "3,13": 39.89942196118933,
        "3,14": 16.36382928784638,
        "3,15": 83.75431038975353,
        "3,16": 51.6383217265281,
        "3,17": 72.99297571549553,
        "3,18": 76.50356907159,
        "3,19": 53.97830747016801,
        "3,20": 90.54862715563011,
        "3,21": 103.71905011826594,
        "3,22": 91.66057242165013,
        "3,23": 91.58624333826603,
        "3,24": 84.51167151372013,
        "3,25": 86.60118999766095,
        "3,26": 102.83769201088228,
        "3,27": 39.74960391723864,
        "3,28": 7.15905213734199,
        "3,29": 49.84253907000454,
        "3,30": 9.963744241303077,
        "3,31": 53.715006819170206,
        "3,32": 62.07442942287303,
        "3,33": 60.50823814551203,
        "3,34": 105.231541886877,
        "3,35": 33.33986065786961,
        "3,36": 89.39933030838962,
        "3,37": 74.39022678087555,
        "3,38": 66.15611349578519,
        "3,39": 87.6754553172453,
        "3,40": 97.3990828778044,
        "4,0": 51.997195994096714,
        "4,1": 47.90249723669694,
        "4,2": 95.5645376277282,
        "4,3": 52.005156984891286,
        "4,4": 0.0,
        "4,5": 63.44559097878306,
        "4,6": 7.137128426546826,
        "4,7": 81.24808297698404,
        "4,8": 101.41925504807634,
        "4,9": 34.64036610015847,
        "4,10": 64.77785595072653,
        "4,11": 27.813193406549686,
        "4,12": 108.85035546483742,
        "4,13": 65.25319901992138,
        "4,14": 52.780431229612645,
        "4,15": 45.66750879784473,
        "4,16": 50.83029372333523,
        "4,17": 72.08937244885558,
        "4,18": 66.59110117252236,
        "4,19": 11.819324841974948,
        "4,20": 108.5973099614981,
        "4,21": 89.44577465267312,
        "4,22": 63.06297413336418,
        "4,23": 106.08296992347967,
        "4,24": 99.97102947061282,
        "4,25": 69.5419588652233,
        "4,26": 79.46069505300824,
        "4,27": 12.431462119588861,
        "4,28": 55.71097671383642,
        "4,29": 25.86399327668336,
        "4,30": 60.99196722732132,
        "4,31": 80.52348830835795,
        "4,32": 73.25296463420668,
        "4,33": 8.55261570205872,
        "4,34": 82.84718257637677,
        "4,35": 30.50436201342797,
        "4,36": 86.61948500419562,
        "4,37": 85.2858013899551,
        "4,38": 61.18994357905509,
        "4,39": 78.56859849573483,
        "4,40": 87.97953783129142,
        "5,0": 14.105790430902047,
        "5,1": 39.5225274869528,
        "5,2": 32.165226622688365,
        "5,3": 56.285501349919876,
        "5,4": 63.44559097878306,
        "5,5": 0.0,
        "5,6": 56.4536579959965,
        "5,7": 21.627160323226548,
        "5,8": 65.76116974320747,
        "5,9": 29.235329026552314,
        "5,10": 51.6816909087372,
        "5,11": 75.68336417019239,
        "5,12": 47.90455842704597,
        "5,13": 22.022534205973123,
        "5,14": 40.43109215597062,
        "5,15": 57.147034176582004,
        "5,16": 12.946937324966937,
        "5,17": 17.169850891076436,
        "5,18": 24.96536624538903,
        "5,19": 54.3160118618907,
        "5,20": 45.18670017738385,
        "5,21": 50.060458646614016,
        "5,22": 51.32641651434016,
        "5,23": 42.76959921325689,
        "5,24": 36.528956336797826,
        "5,25": 37.498908703394044,
        "5,26": 55.03316401613645,
        "5,27": 56.06319231039509,
        "5,28": 51.594705479167196,
        "5,29": 38.746086017130814,
        "5,30": 63.85618434634339,
        "5,31": 26.360280709178767,
        "5,32": 9.871214476560167,
        "5,33": 67.63434333671509,
        "5,34": 56.2736065253547,
        "5,35": 36.31924919857058,
        "5,36": 33.18031019797193,
        "5,37": 22.093714177715597,
        "5,38": 14.996867914543243,
        "5,39": 33.33515254960916,
        "5,40": 42.289225441743284,
        "6,0": 45.31500744897411,
        "6,1": 43.59561320611567,
        "6,2": 88.60087878842191,
        "6,3": 47.36826501326201,
        "6,4": 7.137128426546826,
        "6,5": 56.4536579959965,
        "6,6": 0.0,
        "6,7": 74.1123947162927,
        "6,8": 96.98724874916603,
        "6,9": 27.894187236434853,
        "6,10": 61.344134738652656,
        "6,11": 31.616981850553707,
        "6,12": 101.71338333566054,
        "6,13": 58.208818404710954,
        "6,14": 46.63091019857826,
        "6,15": 43.9282639217063,
        "6,16": 43.93387605825782,
        "6,17": 65.60623358209565,
        "6,18": 60.720773699107255,
        "6,19": 8.670457481130477,
        "6,20": 101.56898173407818,
        "6,21": 84.44839944976322,
        "6,22": 59.67678539471234,
        "6,23": 99.14958685110385,
        "6,24": 92.98214413132517,
        "6,25": 64.5294526583047,
        "6,26": 75.53325329133618,
        "6,27": 8.101945702052413,
        "6,28": 50.44365199945283,
        "6,29": 19.57910618993045,
        "6,30": 56.751287187570604,
        "6,31": 73.41906102258596,
        "6,32": 66.23512621236637,
        "6,33": 14.050721987679976,
        "6,34": 78.82569996922295,
        "6,35": 23.484505133146207,
        "6,36": 80.47414305654465,
        "6,37": 78.36393154018349,
        "6,38": 54.77992226786908,
        "6,39": 72.85284385786936,
        "6,40": 82.43723778053491,
        "7,0": 35.65039200264915,
        "7,1": 60.971401579239206,
        "7,2": 22.23693157689088,
        "7,3": 59.99113079115466,
        "7,4": 81.24808297698404,
        "7,5": 21.627160323226548,
        "7,6": 74.1123947162927,
        "7,7": 0.0,
        "7,8": 77.82450661248434,
        "7,9": 48.869269826449454,
        "7,10": 71.5297146730824,
        "7,11": 96.3856553136782,
        "7,12": 27.628463807440987,
        "7,13": 20.2844264085204,
        "7,14": 43.90514416390842,
        "7,15": 78.72973488334034,
        "7,16": 33.599154071925746,
        "7,17": 31.11626610426328,
        "7,18": 42.85855869667673,
        "7,19": 73.48442928746731,
        "7,20": 30.752157045690893,
        "7,21": 62.75143147242637,
        "7,22": 71.4128298330191,
        "7,23": 31.677681504658636,
        "7,24": 24.619467271002414,
        "7,25": 55.317900017375614,
        "7,26": 72.14944505848769,
        "7,27": 72.02807870344034,
        "7,28": 53.595461991960256,
        "7,29": 58.36598359306359,
        "7,30": 64.85220324141402,
        "7,31": 8.971849608382996,
        "7,32": 14.362245200379913,
        "7,33": 86.5319927569706,
        "7,34": 72.64375476557171,
        "7,35": 51.511486374240505,
        "7,36": 41.288507313110884,
        "7,37": 18.444358355808646,
        "7,38": 35.00699633988264,
        "7,39": 46.93109372830547,
        "7,40": 53.334455567818395,
        "8,0": 62.747323080208865,
        "8,1": 53.52202873450033,
        "8,2": 64.10118196963231,
        "8,3": 119.04990590170254,
        "8,4": 101.41925504807634,
        "8,5": 65.76116974320747,
        "8,6": 96.98724874916603,
        "8,7": 77.82450661248434,
        "8,8": 0.0,
        "8,9": 74.78347076886574,
        "8,10": 38.52647968392553,
        "8,11": 93.69721610344172,
        "8,12": 88.53477961411686,
        "8,13": 87.61346587911294,
        "8,14": 104.57013629785784,
        "8,15": 61.25657356296781,
        "8,16": 67.42283555426161,
        "8,17": 48.96532734818594,
        "8,18": 42.57607774786385,
        "8,19": 89.62077257931315,
        "8,20": 72.71097035003888,
        "8,21": 15.700769497154566,
        "8,22": 40.257674138750176,
        "8,23": 65.57171427908428,
        "8,24": 66.80571256420446,
        "8,25": 33.37997516620595,
        "8,26": 23.025619449670273,
        "8,27": 101.74918102703275,
        "8,28": 115.63885822956543,
        "8,29": 78.92452419047564,
        "8,30": 127.7778435083338,
        "8,31": 86.37492506539925,
        "8,32": 65.39941827079933,
        "8,33": 99.82998363312186,
        "8,34": 19.456511088522717,
        "8,35": 89.67311353291765,
        "8,36": 36.74290592500717,
        "8,37": 60.448509779077206,
        "8,38": 53.11876989056715,
        "8,39": 32.4320920038474,
        "8,40": 24.497513321664663,
        "9,0": 17.42759229907667,
        "9,1": 26.301726615833715,
        "9,2": 61.117621711026864,
        "9,3": 47.891811065582736,
        "9,4": 34.64036610015847,
        "9,5": 29.235329026552314,
        "9,6": 27.894187236434853,
        "9,7": 48.869269826449454,
        "9,8": 74.78347076886574,
        "9,9": 0.0,
        "9,10": 45.06169125275118,
        "9,11": 47.749966403028075,
        "9,12": 76.31156219623207,
        "9,13": 37.22974680417568,
        "9,14": 37.71534314786097,
        "9,15": 38.047173522354186,
        "9,16": 16.355635161431977,
        "9,17": 37.87322651302658,
        "9,18": 34.58886448899948,
        "9,19": 25.08075605167336,
        "9,20": 74.3721812331568,
        "9,21": 60.607170445704135,
        "9,22": 43.79398122894884,
        "9,23": 71.55336484152133,
        "9,24": 65.59632652203419,
        "9,25": 41.4050755208908,
        "9,26": 56.050042109630944,
        "9,27": 29.337890894689128,
        "9,28": 46.87158173277731,
        "9,29": 9.558941322816091,
        "9,30": 57.66115077013566,
        "9,31": 50.20937270338222,
        "9,32": 39.106480598067925,
        "9,33": 38.40306610952318,
        "9,34": 58.79478406244918,
        "9,35": 15.268716780919265,
        "9,36": 53.29263618515296,
        "9,37": 50.75472051209292,
        "9,38": 27.23413964782393,
        "9,39": 46.91928981112277,
        "9,40": 56.85755399596431,
        "10,0": 41.06953793219714,
        "10,1": 19.02251986599842,
        "10,2": 69.05143561700193,
        "10,3": 92.88931193468756,
        "10,4": 64.77785595072653,
        "10,5": 51.6816909087372,
        "10,6": 61.344134738652656,
        "10,7": 71.5297146730824,
        "10,8": 38.52647968392553,
        "10,9": 45.06169125275118,
        "10,10": 0.0,
        "10,11": 55.19308727524705,
        "10,12": 92.66139576350228,
        "10,13": 71.92652866993026,
        "10,14": 81.32210280019142,
        "10,15": 22.7702723878336,
        "10,16": 45.71556043460065,
        "10,17": 41.666301020891936,
        "10,18": 29.1132913490392,
        "10,19": 53.25405406625195,
        "10,20": 81.93505849464215,
        "10,21": 31.294984993785548,
        "10,22": 1.757673950093295,
        "10,23": 75.90642280821929,
        "10,24": 73.37448232184742,
        "10,25": 18.361385514287097,
        "10,26": 15.512950446495022,
        "10,27": 67.31396437657249,
        "10,28": 91.35715836922888,
        "10,29": 45.742794014709425,
        "10,30": 102.5652577798348,
        "10,31": 77.80652217562528,
        "10,32": 57.18044909206427,
        "10,33": 62.1526230944905,
        "10,34": 19.081106439727893,
        "10,35": 60.144639083839806,
        "10,36": 43.50702898417329,
        "10,37": 60.3877163826965,
        "10,38": 36.84147576920931,
        "10,39": 31.871662927342204,
        "10,40": 35.86278941851792,
        "11,0": 61.89946680293045,
        "11,1": 44.91691634405481,
        "11,2": 105.79036065138656,
        "11,3": 78.98437057098407,
        "11,4": 27.813193406549686,
        "11,5": 75.68336417019239,
        "11,6": 31.616981850553707,
        "11,7": 96.3856553136782,
        "11,8": 93.69721610344172,
        "11,9": 47.749966403028075,
        "11,10": 55.19308727524705,
        "11,11": 0.0,
        "11,12": 123.5231887134601,
        "11,13": 84.311825413416,
        "11,14": 77.16181246692973,
        "11,15": 32.44089570372896,
        "11,16": 62.93512101145162,
        "11,17": 78.4676243167343,
        "11,18": 69.10568721052536,
        "11,19": 26.10555676477665,
        "11,20": 119.50570656048026,
        "11,21": 85.20029754441155,
        "11,22": 53.479983910532,
        "11,23": 115.52548331453026,
        "11,24": 110.44234013462443,
        "11,25": 66.8839381647506,
        "11,26": 70.67207221007816,
        "11,27": 39.37699333306216,
        "11,28": 81.9142968403303,
        "11,29": 38.602630061006906,
        "11,30": 88.31227046467608,
        "11,31": 97.93954070341536,
        "11,32": 85.30370690646681,
        "11,33": 19.47601261647455,
        "11,34": 74.24077177608285,
        "11,35": 51.8100085826357,
        "11,36": 89.4988856118457,
        "11,37": 95.32699355013409,
        "11,38": 67.91626778994973,
        "11,39": 79.12573585122217,
        "11,40": 86.875000724497,
        "12,0": 61.92277807128781,
        "12,1": 85.4725568361092,
        "12,2": 24.84349914726171,
        "12,3": 82.46904077802559,
        "12,4": 108.85035546483742,
        "12,5": 47.90455842704597,
        "12,6": 101.71338333566054,
        "12,7": 27.628463807440987,
        "12,8": 88.53477961411686,
        "12,9": 76.31156219623207,
        "12,10": 92.66139576350228,
        "12,11": 123.5231887134601,
        "12,12": 0.0,
        "12,13": 45.59973234994012,
        "12,14": 67.5939906082215,
        "12,15": 103.53838767336768,
        "12,16": 60.59120393592948,
        "12,17": 51.125683205661105,
        "12,18": 63.69903453758189,
        "12,19": 101.07049119309166,
        "12,20": 17.66334980132859,
        "12,21": 75.71254616511168,
        "12,22": 92.92339179767572,
        "12,23": 24.285636744620838,
        "12,24": 21.729374421032166,
        "12,25": 74.78026165319552,
        "12,26": 89.508638886067,
        "12,27": 99.40286474341293,
        "12,28": 75.48128444074854,
        "12,29": 85.8482620527408,
        "12,30": 85.10229255490441,
        "12,31": 29.769523932349504,
        "12,32": 38.6085930252244,
        "12,33": 114.15114580500743,
        "12,34": 89.03163868374122,
        "12,35": 78.92244808607873,
        "12,36": 53.4315867152097,
        "12,37": 32.27589604715656,
        "12,38": 58.67877464441308,
        "12,39": 63.10274948358306,
        "12,40": 65.82307487773473,
        "13,0": 31.02738256867272,
        "13,1": 57.02150961471124,
        "13,2": 41.71456874990668,
        "13,3": 39.89942196118933,
        "13,4": 65.25319901992138,
        "13,5": 22.022534205973123,
        "13,6": 58.208818404710954,
        "13,7": 20.2844264085204,
        "13,8": 87.61346587911294,
        "13,9": 37.22974680417568,
        "13,10": 71.92652866993026,
        "13,11": 84.311825413416,
        "13,12": 45.59973234994012,
        "13,13": 0.0,
        "13,14": 23.67525982558302,
        "13,15": 73.02568149756539,
        "13,16": 26.766620994665384,
        "13,17": 38.68801901531321,
        "13,18": 46.84172684306454,
        "13,19": 59.37157758624752,
        "13,20": 51.032427647097016,
        "13,21": 71.92678689591321,
        "13,22": 71.32216103655865,
        "13,23": 51.71105467962547,
        "13,24": 44.637900886655565,
        "13,25": 59.1984825691401,
        "13,26": 76.75212912488647,
        "13,27": 54.74708375026877,
        "13,28": 33.77321334297094,
        "13,29": 45.78464212087284,
        "13,30": 45.48972363695384,
        "13,31": 15.895845837431981,
        "13,32": 23.84480156374756,
        "13,33": 71.6190437066985,
        "13,34": 78.14891147198799,
        "13,35": 34.750113920709055,
        "13,36": 53.49596056862251,
        "13,37": 35.061762644959444,
        "13,38": 36.444333156926,
        "13,39": 55.194092242081894,
        "13,40": 63.758085111913516,
        "14,0": 42.29845495137719,
        "14,1": 63.38663042634957,
        "14,2": 65.30743823879672,
        "14,3": 16.36382928784638,
        "14,4": 52.780431229612645,
        "14,5": 40.43109215597062,
        "14,6": 46.63091019857826,
        "14,7": 43.90514416390842,
        "14,8": 104.57013629785784,
        "14,9": 37.71534314786097,
        "14,10": 81.32210280019142,
        "14,11": 77.16181246692973,
        "14,12": 67.5939906082215,
        "14,13": 23.67525982558302,
        "14,14": 0.0,
        "14,15": 75.54296142062769,
        "14,16": 37.446854531881954,
        "14,17": 57.40474713000823,
        "14,18": 62.04690717160201,
        "14,19": 51.07471054904258,
        "14,20": 74.59957710039312,
        "14,21": 89.03592858415979,
        "14,22": 80.2739676795412,
        "14,23": 75.38200520942762,
        "14,24": 68.31004204590732,
        "14,25": 72.93979434743211,
        "14,26": 89.80269116731667,
        "14,27": 40.57248371512945,
        "14,28": 11.18589210857087,
        "14,29": 42.45121255987486,
        "14,30": 23.454610860944097,
        "14,31": 38.19769273984824,
        "14,32": 45.77442202276458,
        "14,33": 60.661045483656146,
        "14,34": 91.9205481624367,
        "14,35": 26.044794903064673,
        "14,36": 73.61116216095787,
        "14,37": 58.02881983039123,
        "14,38": 51.45136922861468,
        "14,39": 72.66825789519523,
        "14,40": 82.18630534962998,
        "15,0": 43.46789995704143,
        "15,1": 18.075756764071016,
        "15,2": 82.25168899775845,
        "15,3": 83.75431038975353,
        "15,4": 45.66750879784473,
        "15,5": 57.147034176582004,
        "15,6": 43.9282639217063,
        "15,7": 78.72973488334034,
        "15,8": 61.25657356296781,
        "15,9": 38.047173522354186,
        "15,10": 22.7702723878336,
        "15,11": 32.44089570372896,
        "15,12": 103.53838767336768,
        "15,13": 73.02568149756539,
        "15,14": 75.54296142062769,
        "15,15": 0.0,
        "15,16": 46.7500113745611,
        "15,17": 53.63578088126462,
        "15,18": 42.05482065307045,
        "15,19": 35.27603794574672,
        "15,20": 95.89185492323541,
        "15,21": 53.35296055766546,
        "15,22": 21.072973546437918,
        "15,23": 90.77648271141189,
        "15,24": 86.86886576449206,
        "15,25": 36.4232550460026,
        "15,26": 38.23192998311344,
        "15,27": 51.177591833357496,
        "15,28": 83.94217649323465,
        "15,29": 33.9169219557021,
        "15,30": 93.71685861089657,
        "15,31": 82.96556183775449,
        "15,32": 65.29102130891559,
        "15,33": 41.41567443388284,
        "15,34": 41.80029327031553,
        "15,35": 50.615005577576184,
        "15,36": 61.02631082213017,
        "15,37": 72.32477003961236,
        "15,38": 44.86828300092131,
        "15,39": 49.75544331395601,
        "15,40": 56.20874954167262,
        "16,0": 4.885879944240281,
        "16,1": 30.26787218551165,
        "16,2": 44.780271620651924,
        "16,3": 51.6383217265281,
        "16,4": 50.83029372333523,
        "16,5": 12.946937324966937,
        "16,6": 43.93387605825782,
        "16,7": 33.599154071925746,
        "16,8": 67.42283555426161,
        "16,9": 16.355635161431977,
        "16,10": 45.71556043460065,
        "16,11": 62.93512101145162,
        "16,12": 60.59120393592948,
        "16,13": 26.766620994665384,
        "16,14": 37.446854531881954,
        "16,15": 46.7500113745611,
        "16,16": 0.0,
        "16,17": 23.574896445650076,
        "16,18": 24.86532103135216,
        "16,19": 41.416390833301904,
        "16,20": 58.01883151908718,
        "16,21": 52.09196235015941,
        "16,22": 44.967388722627035,
        "16,23": 55.2578652553439,
        "16,24": 49.24489552107254,
        "16,25": 35.509419360177844,
        "16,26": 52.56633346056334,
        "16,27": 44.24387937414969,
        "16,28": 48.3558485082716,
        "16,29": 25.821246103728896,
        "16,30": 60.40677700495852,
        "16,31": 36.49328600116992,
        "16,32": 22.80009646784802,
        "16,33": 54.75034151726065,
        "16,34": 54.55082750248023,
        "16,35": 25.667829722289554,
        "16,36": 40.01146961546867,
        "16,37": 34.457700601048,
        "16,38": 14.698614341861362,
        "16,39": 36.29920613988349,
        "16,40": 46.21112817607485,
        "17,0": 20.626568684473586,
        "17,1": 35.75294484350865,
        "17,2": 28.62422814120014,
        "17,3": 72.99297571549553,
        "17,4": 72.08937244885558,
        "17,5": 17.169850891076436,
        "17,6": 65.60623358209565,
        "17,7": 31.11626610426328,
        "17,8": 48.96532734818594,
        "17,9": 37.87322651302658,
        "17,10": 41.666301020891936,
        "17,11": 78.4676243167343,
        "17,12": 51.125683205661105,
        "17,13": 38.68801901531321,
        "17,14": 57.40474713000823,
        "17,15": 53.63578088126462,
        "17,16": 23.574896445650076,
        "17,17": 0.0,
        "17,18": 12.58468383619167,
        "17,19": 61.41314982368477,
        "17,20": 42.26299244165164,
        "17,21": 33.313628924753715,
        "17,22": 41.846015485983465,
        "17,23": 37.410024972980224,
        "17,24": 33.23342308263661,
        "17,25": 24.418067582678734,
        "17,26": 41.03319763659827,
        "17,27": 67.05399574120689,
        "17,28": 68.58919108637261,
        "17,29": 46.229031576393936,
        "17,30": 80.8586319303337,
        "17,31": 38.75158764370733,
        "17,32": 17.167321395410593,
        "17,33": 74.53947201612502,
        "17,34": 41.59455156528412,
        "17,35": 49.22311191162625,
        "17,36": 16.610752304276804,
        "17,37": 18.993196453073132,
        "17,38": 10.970058697177189,
        "17,39": 16.64831472588644,
        "17,40": 25.151144814146658,
        "18,0": 20.27551667252924,
        "18,1": 24.75118587646244,
        "18,2": 40.75291159100411,
        "18,3": 76.50356907159,
        "18,4": 66.59110117252236,
        "18,5": 24.96536624538903,
        "18,6": 60.720773699107255,
        "18,7": 42.85855869667673,
        "18,8": 42.57607774786385,
        "18,9": 34.58886448899948,
        "18,10": 29.1132913490392,
        "18,11": 69.10568721052536,
        "18,12": 63.69903453758189,
        "18,13": 46.84172684306454,
        "18,14": 62.04690717160201,
        "18,15": 42.05482065307045,
        "18,16": 24.86532103135216,
        "18,17": 12.58468383619167,
        "18,18": 0.0,
        "18,19": 55.193292217345075,
        "18,20": 54.160332032946144,
        "18,21": 27.243304354070073,
        "18,22": 29.26406286289009,
        "18,23": 48.78279455947175,
        "18,24": 45.268783065425225,
        "18,25": 12.657594933210708,
        "18,26": 30.10161590736936,
        "18,27": 63.61160809758334,
        "18,28": 73.08168548051198,
        "18,29": 41.199897633606945,
        "18,30": 85.2043569557246,
        "18,31": 49.80795693779228,
        "18,32": 28.526983648946583,
        "18,33": 67.73376921431749,
        "18,34": 31.31877614817639,
        "18,35": 48.42735688802368,
        "18,36": 20.568338818318104,
        "18,37": 31.498406137377657,
        "18,38": 10.701313427537343,
        "18,39": 12.331564947967237,
        "18,40": 22.286647739486224,
        "19,0": 41.891494719741004,
        "19,1": 36.09909096930797,
        "19,2": 86.1021613558153,
        "19,3": 53.97830747016801,
        "19,4": 11.819324841974948,
        "19,5": 54.3160118618907,
        "19,6": 8.670457481130477,
        "19,7": 73.48442928746731,
        "19,8": 89.62077257931315,
        "19,9": 25.08075605167336,
        "19,10": 53.25405406625195,
        "19,11": 26.10555676477665,
        "19,12": 101.07049119309166,
        "19,13": 59.37157758624752,
        "19,14": 51.07471054904258,
        "19,15": 35.27603794574672,
        "19,16": 41.416390833301904,
        "19,17": 61.41314982368477,
        "19,18": 55.193292217345075,
        "19,19": 0.0,
        "19,20": 99.43060361574075,
        "19,21": 77.6440543515322,
        "19,22": 51.558767823977774,
        "19,23": 96.45503262180658,
        "19,24": 90.61427916354684,
        "19,25": 57.75012124502913,
        "19,26": 67.76392853943766,
        "19,27": 16.360537294260535,
        "19,28": 56.28426221667846,
        "19,29": 15.618972600169755,
        "19,30": 63.64584401747052,
        "19,31": 73.84611839976256,
        "19,32": 64.18709302239914,
        "19,33": 13.345589950307865,
        "19,34": 71.12546717418127,
        "19,35": 25.81139780415443,
        "19,36": 75.42893700633337,
        "19,37": 75.68639381161955,
        "19,38": 50.448451278241656,
        "19,39": 67.03353921721035,
        "19,40": 76.33751403168807,
        "20,0": 57.9394544863981,
        "20,1": 78.00341456724937,
        "20,2": 13.767706085709788,
        "20,3": 90.54862715563011,
        "20,4": 108.5973099614981,
        "20,5": 45.18670017738385,
        "20,6": 101.56898173407818,
        "20,7": 30.752157045690893,
        "20,8": 72.71097035003888,
        "20,9": 74.3721812331568,
        "20,10": 81.93505849464215,
        "20,11": 119.50570656048026,
        "20,12": 17.66334980132859,
        "20,13": 51.032427647097016,
        "20,14": 74.59957710039312,
        "20,15": 95.89185492323541,
        "20,16": 58.01883151908718,
        "20,17": 42.26299244165164,
        "20,18": 54.160332032946144,
        "20,19": 99.43060361574075,
        "20,20": 0.0,
        "20,21": 61.06926097162626,
        "20,22": 82.47404554049413,
        "20,23": 7.151011129976015,
        "20,24": 9.098996565334845,
        "20,25": 63.596849009731,
        "20,26": 76.49410916237676,
        "20,27": 100.64835865300942,
        "20,28": 83.9758769692849,
        "20,29": 83.82123592580771,
        "20,30": 94.8002312512225,
        "20,31": 37.12108055779938,
        "20,32": 35.34713089367301,
        "20,33": 112.76830534713694,
        "20,34": 75.52222017015494,
        "20,35": 80.32323304577828,
        "20,36": 39.74567870385885,
        "20,37": 24.181103496985944,
        "20,38": 51.902949611986195,
        "20,39": 50.65767454263266,
        "20,40": 51.41413891039771,
        "21,0": 47.51547831615036,
        "21,1": 42.01458604317213,
        "21,2": 50.90441067250063,
        "21,3": 103.71905011826594,
        "21,4": 89.44577465267312,
        "21,5": 50.060458646614016,
        "21,6": 84.44839944976322,
        "21,7": 62.75143147242637,
        "21,8": 15.700769497154566,
        "21,9": 60.607170445704135,
        "21,10": 31.294984993785548,
        "21,11": 85.20029754441155,
        "21,12": 75.71254616511168,
        "21,13": 71.92678689591321,
        "21,14": 89.03592858415979,
        "21,15": 53.35296055766546,
        "21,16": 52.09196235015941,
        "21,17": 33.313628924753715,
        "21,18": 27.243304354070073,
        "21,19": 77.6440543515322,
        "21,20": 61.06926097162626,
        "21,21": 0.0,
        "21,22": 32.77771184294542,
        "21,23": 54.100493325881054,
        "21,24": 54.15430702202153,
        "21,25": 19.923750188668112,
        "21,26": 18.42122896128161,
        "21,27": 88.55329739465289,
        "21,28": 100.13953087640994,
        "21,29": 65.66144481570956,
        "21,30": 112.31644771353145,
        "21,31": 71.13853540910351,
        "21,32": 49.93923977930719,
        "21,33": 88.81303075711966,
        "21,34": 16.03413716134205,
        "21,35": 75.15311424478135,
        "21,36": 22.48262327497745,
        "21,37": 45.97482380877698,
        "21,38": 37.61792180579794,
        "21,39": 16.735295641476842,
        "21,40": 9.912763944544002,
        "22,0": 40.38104092672593,
        "22,1": 17.627017918276085,
        "22,2": 69.48500846491936,
        "22,3": 91.66057242165013,
        "22,4": 63.06297413336418,
        "22,5": 51.32641651434016,
        "22,6": 59.67678539471234,
        "22,7": 71.4128298330191,
        "22,8": 40.257674138750176,
        "22,9": 43.79398122894884,
        "22,10": 1.757673950093295,
        "22,11": 53.479983910532,
        "22,12": 92.92339179767572,
        "22,13": 71.32216103655865,
        "22,14": 80.2739676795412,
        "22,15": 21.072973546437918,
        "22,16": 44.967388722627035,
        "22,17": 41.846015485983465,
        "22,18": 29.26406286289009,
        "22,19": 51.558767823977774,
        "22,20": 82.47404554049413,
        "22,21": 32.77771184294542,
        "22,22": 0.0,
        "22,23": 76.52734983611695,
        "22,24": 73.84876121812134,
        "22,25": 19.029040971132257,
        "22,26": 17.253546636971098,
        "22,27": 65.70048962805198,
        "22,28": 90.22811994811586,
        "22,29": 44.245571408840426,
        "22,30": 101.3668488045046,
        "22,31": 77.53760698998673,
        "22,32": 57.08573224345011,
        "22,33": 60.4022283128633,
        "22,34": 20.819867350328884,
        "22,35": 58.81814588035463,
        "22,36": 44.33332771060107,
        "22,37": 60.6671434247366,
        "22,38": 36.58399054067957,
        "22,39": 32.679201034670875,
        "22,40": 37.05253086406504,
        "23,0": 54.619792071434546,
        "23,1": 73.07835032898598,
        "23,2": 10.687613186206288,
        "23,3": 91.58624333826603,
        "23,4": 106.08296992347967,
        "23,5": 42.76959921325689,
        "23,6": 99.14958685110385,
