{
    "num_robots": 2,
    "num_tasks": 50,
    "num_nodes": 51,
    "robot_capacity": [
        418,
        319
    ],
    "robot_speed": [
        0.91,
        1.01
    ],
    "task_demand": {
        "0": 0,
        "1": 13,
        "2": 9,
        "3": 6,
        "4": 5,
        "5": 11,
        "6": 6,
        "7": 10,
        "8": 10,
        "9": 7,
        "10": 15,
        "11": 11,
        "12": 7,
        "13": 5,
        "14": 9,
        "15": 15,
        "16": 11,
        "17": 10,
        "18": 8,
        "19": 6,
        "20": 11,
        "21": 12,
        "22": 9,
        "23": 10,
        "24": 13,
        "25": 14,
        "26": 12,
        "27": 6,
        "28": 13,
        "29": 6,
        "30": 14,
        "31": 12,
        "32": 10,
        "33": 13,
        "34": 7,
        "35": 5,
        "36": 9,
        "37": 7,
        "38": 13,
        "39": 13,
        "40": 14,
        "41": 8,
        "42": 15,
        "43": 6,
        "44": 12,
        "45": 11,
        "46": 7,
        "47": 5,
        "48": 14,
        "49": 13,
        "50": 13
    },
    "task_service_time": {
        "0": 0,
        "1": 39,
        "2": 17,
        "3": 78,
        "4": 63,
        "5": 15,
        "6": 66,
        "7": 66,
        "8": 32,
        "9": 88,
        "10": 82,
        "11": 78,
        "12": 23,
        "13": 34,
        "14": 22,
        "15": 75,
        "16": 18,
        "17": 93,
        "18": 41,
        "19": 12,
        "20": 53,
        "21": 64,
        "22": 88,
        "23": 41,
        "24": 55,
        "25": 79,
        "26": 18,
        "27": 99,
        "28": 57,
        "29": 40,
        "30": 49,
        "31": 82,
        "32": 58,
        "33": 83,
        "34": 49,
        "35": 14,
        "36": 17,
        "37": 66,
        "38": 95,
        "39": 14,
        "40": 59,
        "41": 92,
        "42": 100,
        "43": 20,
        "44": 87,
        "45": 59,
        "46": 33,
        "47": 73,
        "48": 42,
        "49": 98,
        "50": 48
    },
    "task_precedence": [],
    "coordinates": {
        "0": [
            50.0,
            50.0
        ],
        "1": [
            82.93733255167666,
            56.69395653155206
        ],
        "2": [
            46.11535777091341,
            99.11165959047146
        ],
        "3": [
            87.96334512939237,
            76.52429533527251
        ],
        "4": [
            31.933980797605432,
            20.78671163477589
        ],
        "5": [
            19.17267240400642,
            50.36100247399998
        ],
        "6": [
            78.32795423759448,
            57.53932932169803
        ],
        "7": [
            70.68445277621122,
            61.43124811162458
        ],
        "8": [
            41.557142525375646,
            94.37533975393748
        ],
        "9": [
            59.25315550255791,
            73.29596607330564
        ],
        "10": [
            6.313963596125527,
            53.48281439529969
        ],
        "11": [
            51.88938825410547,
            22.229784780870165
        ],
        "12": [
            89.04399031898139,
            63.85909982059687
        ],
        "13": [
            61.451910079289696,
            25.576856636087985
        ],
        "14": [
            65.05393232185844,
            83.14255695309788
        ],
        "15": [
            59.79154420330761,
            95.69941160272619
        ],
        "16": [
            22.47869125210944,
            43.48967038542334
        ],
        "17": [
            64.96250611879186,
            47.82603415497978
        ],
        "18": [
            10.440097914592473,
            7.015654409799654
        ],
        "19": [
            53.41426555689295,
            50.54213165637551
        ],
        "20": [
            46.65612026295813,
            96.1060069584714
        ],
        "21": [
            63.808240723527646,
            47.68011802825277
        ],
        "22": [
            12.221867379986884,
            7.493959091179702
        ],
        "23": [
            48.835153895308515,
            63.25175476444168
        ],
        "24": [
            58.91246045765608,
            97.93505287390074
        ],
        "25": [
            52.825431519667,
            6.905488388856695
        ],
        "26": [
            89.50626170853772,
            21.175365004932733
        ],
        "27": [
            70.6636624780473,
            89.09561867734418
        ],
        "28": [
            54.79803315945383,
            58.79920488718343
        ],
        "29": [
            55.16095932365756,
            36.93017140179807
        ],
        "30": [
            1.7535357491057946,
            68.5060283110248
        ],
        "31": [
            19.819443105899904,
            52.266131933084125
        ],
        "32": [
            28.689816291646643,
            55.39348200769779
        ],
        "33": [
            60.49293879756521,
            12.648375020962888
        ],
        "34": [
            53.02356478082832,
            31.0318818884299
        ],
        "35": [
            25.816874364664454,
            1.9695355615118149
        ],
        "36": [
            3.9815490582044255,
            96.37403242835536
        ],
        "37": [
            12.79176506490709,
            35.07599121141063
        ],
        "38": [
            48.67196892635762,
            96.88107182855549
        ],
        "39": [
            81.18463363599389,
            5.37064777627958
        ],
        "40": [
            85.27608614899545,
            51.04068676711518
        ],
        "41": [
            83.53397734950559,
            42.176979443579974
        ],
        "42": [
            61.78538711960078,
            1.7443133332254779
        ],
        "43": [
            94.98077596501837,
            12.759673528008852
        ],
        "44": [
            41.007819724012776,
            89.12465105546845
        ],
        "45": [
            25.41155778360298,
            49.37323002917202
        ],
        "46": [
            1.044722316553215,
            58.37650011192276
        ],
        "47": [
            85.173269508436,
            62.951445473866805
        ],
        "48": [
            60.641747133575564,
            92.21984011621213
        ],
        "49": [
            41.3242304541131,
            92.32078213273115
        ],
        "50": [
            44.14044558907116,
            77.253814916861
        ]
    },
    "distance_matrix_str_keys": {
        "0,0": 0.0,
        "0,1": 33.61066690302422,
        "0,2": 49.265054074651644,
        "0,3": 46.31148687362692,
        "0,4": 34.34817705397227,
        "0,5": 30.829441277729014,
        "0,6": 29.314066212456144,
        "0,7": 23.63302816062369,
        "0,8": 45.17136947906499,
        "0,9": 25.066370340420747,
        "0,10": 43.82464800534915,
        "0,11": 27.83441469281404,
        "0,12": 41.43075944109618,
        "0,13": 26.97473218103076,
        "0,14": 36.4012356897459,
        "0,15": 46.73660833565816,
        "0,16": 28.28085619084315,
        "0,17": 15.119613647517534,
        "0,18": 58.41780395414404,
        "0,19": 3.457038620818399,
        "0,20": 46.227106867620556,
        "0,21": 14.001762897639892,
        "0,22": 56.86783641037879,
        "0,23": 13.302851979350805,
        "0,24": 48.7565507950772,
        "0,25": 43.18703502528615,
        "0,26": 48.90403149825514,
        "0,27": 44.22051952172162,
        "0,28": 10.022331507481242,
        "0,29": 14.051900964881048,
        "0,30": 51.67392375813225,
        "0,31": 30.265514507045083,
        "0,32": 21.982119503158213,
        "0,33": 38.797495449887975,
        "0,34": 19.207588309788896,
        "0,35": 53.774985631530406,
        "0,36": 65.33183535420233,
        "0,37": 40.089634387294694,
        "0,38": 46.89987806302634,
        "0,39": 54.445022315360106,
        "0,40": 35.29143356309852,
        "0,41": 34.43439105753613,
        "0,42": 49.67400371664008,
        "0,43": 58.396165303516796,
        "0,44": 40.14470857196527,
        "0,45": 24.596429237298388,
        "0,46": 49.66673904323119,
        "0,47": 37.48198004075583,
        "0,48": 43.5403454452704,
        "0,49": 43.20089787885704,
        "0,50": 27.876599602841644,
        "1,0": 33.61066690302422,
        "1,1": 0.0,
        "1,2": 56.17044916635281,
        "1,3": 20.4573492784793,
        "1,4": 62.37525251433119,
        "1,5": 64.07837537612006,
        "1,6": 4.686259019372514,
        "1,7": 13.136780210791233,
        "1,8": 55.96612161089109,
        "1,9": 28.923467346057944,
        "1,10": 76.69062591945466,
        "1,11": 46.38700226966153,
        "1,12": 9.41437982235298,
        "1,13": 37.81398266146058,
        "1,14": 31.92717444495294,
        "1,15": 45.35584905584813,
        "1,16": 61.88376588749736,
        "1,17": 20.043313911857126,
        "1,18": 87.88505408614454,
        "1,19": 30.15719539468696,
        "1,20": 53.568984347223655,
        "1,21": 21.146428510112962,
        "1,22": 86.14706473572454,
        "1,23": 34.72698240236461,
        "1,24": 47.728634032967406,
        "1,25": 58.18606485884516,
        "1,26": 36.1209243279113,
        "1,27": 34.64838649758979,
        "1,28": 28.217941826505363,
        "1,29": 34.090088183477924,
        "1,30": 82.03861226888552,
        "1,31": 63.27300845355857,
        "1,32": 54.26310214473013,
        "1,33": 49.434442058099044,
        "1,34": 39.41288592881036,
        "1,35": 79.10441829632774,
        "1,36": 88.3658540967275,
        "1,37": 73.4012061387535,
        "1,38": 52.81211395380784,
        "1,39": 51.35322750400469,
        "1,40": 6.117943070875027,
        "1,41": 14.529232904303065,
        "1,42": 58.88011619540942,
        "1,43": 45.55508481262865,
        "1,44": 53.00786727712039,
        "1,45": 57.98972149605301,
        "1,46": 81.90989295574553,
        "1,47": 6.644966661902337,
        "1,48": 41.942598078882305,
        "1,49": 54.78066235998867,
        "1,50": 43.90792883766151,
        "2,0": 49.265054074651644,
        "2,1": 56.17044916635281,
        "2,2": 0.0,
        "2,3": 47.554632476263066,
        "2,4": 79.59842288086799,
        "2,5": 55.70040272805858,
        "2,6": 52.59191967499579,
        "2,7": 44.98281714826857,
        "2,8": 6.573435313334892,
        "2,9": 28.966390196395565,
        "2,10": 60.54867869823246,
        "2,11": 77.09839234549601,
        "2,12": 55.548271465236624,
        "2,13": 75.1170891491914,
        "2,14": 24.772602710750327,
        "2,15": 14.095442939598415,
        "2,16": 60.4358973396411,
        "2,17": 54.63909202353649,
        "2,18": 98.7643576198132,
        "2,19": 49.11489691131561,
        "2,20": 3.0539109052248614,
        "2,21": 54.38971938373222,
        "2,22": 97.68608772828276,
        "2,23": 35.962898452296486,
        "2,24": 12.851079353132786,
        "2,25": 92.45000323080147,
        "2,26": 89.20110177709698,
        "2,27": 26.513022075345003,
        "2,28": 41.23691133083824,
        "2,29": 62.8359799860648,
        "2,30": 53.895045404081245,
        "2,31": 53.721304801435295,
        "2,32": 47.063027388859936,
        "2,33": 87.65052432658779,
        "2,34": 68.42937568070626,
        "2,35": 99.24021709695894,
        "2,36": 42.22265315109778,
        "2,37": 72.18745497376155,
        "2,38": 3.392901761582712,
        "2,39": 100.08611994502324,
        "2,40": 62.00307311162712,
        "2,41": 68.13010270501756,
        "2,42": 98.62023087058333,
        "2,43": 99.21942648602894,
        "2,44": 11.217276156837746,
        "2,45": 53.87539985131342,
        "2,46": 60.751258406741066,
        "2,47": 53.22669963706935,
        "2,48": 16.078344553511855,
        "2,49": 8.31089150523791,
        "2,50": 21.946882509861624,
        "3,0": 46.31148687362692,
        "3,1": 20.4573492784793,
        "3,2": 47.554632476263066,
        "3,3": 0.0,
        "3,4": 79.03143617696685,
        "3,5": 73.59806075811966,
        "3,6": 21.29013133295142,
        "3,7": 22.942541172417855,
        "3,8": 49.72117684611053,
        "3,9": 28.89112490424117,
        "3,10": 84.8382658278215,
        "3,11": 65.18607398043056,
        "3,12": 12.711214397166856,
        "3,13": 57.432549120015366,
        "3,14": 23.846227836452037,
        "3,15": 34.078372192481794,
        "3,16": 73.34525437275913,
        "3,17": 36.77810204406773,
        "3,18": 104.12158768494312,
        "3,19": 43.228598505432615,
        "3,20": 45.713567529348275,
        "3,21": 37.62254155924368,
        "3,22": 102.47906505055653,
        "3,23": 41.317982555485294,
        "3,24": 36.088425271663596,
        "3,25": 77.9836601698512,
        "3,26": 55.37043146195457,
        "3,27": 21.38497581032453,
        "3,28": 37.60474370948813,
        "3,29": 51.41683736489056,
        "3,30": 86.58189094410842,
        "3,31": 72.33291003847842,
        "3,32": 62.927438314012775,
        "3,33": 69.53241272986091,
        "3,34": 57.36155447705691,
        "3,35": 97.05975496277716,
        "3,36": 86.29573647641642,
        "3,37": 85.8412975445704,
        "3,38": 44.25167333701499,
        "3,39": 71.475817522153,
        "3,40": 25.624903248261944,
        "3,41": 34.63173989122137,
        "3,42": 79.22961058713396,
        "3,43": 64.14960116599447,
        "3,44": 48.616770052840025,
        "3,45": 68.19022252060034,
        "3,46": 88.79295840971422,
        "3,47": 13.856650942089724,
        "3,48": 31.50904382896284,
        "3,49": 49.241608552484706,
        "3,50": 43.828971274044356,
        "4,0": 34.34817705397227,
        "4,1": 62.37525251433119,
        "4,2": 79.59842288086799,
        "4,3": 79.03143617696685,
        "4,4": 0.0,
        "4,5": 32.21008647240107,
        "4,6": 59.18746217224955,
        "4,7": 56.15672198394949,
        "4,8": 74.21516981115843,
        "4,9": 59.19087014269997,
        "4,10": 41.53818023374229,
        "4,11": 20.00751725876841,
        "4,12": 71.53169794966217,
        "4,13": 29.904073940052193,
        "4,14": 70.60582578181044,
        "4,15": 79.9246924009774,
        "4,16": 24.59322745031171,
        "4,17": 42.68499088958388,
        "4,18": 25.5270252572102,
        "4,19": 36.698605613863464,
        "4,20": 76.74462612128198,
        "4,21": 41.70400164576481,
        "4,22": 23.77529569898848,
        "4,23": 45.70480871946515,
        "4,24": 81.72946176695537,
        "4,25": 25.082684706294387,
        "4,26": 57.57359273772511,
        "4,27": 78.52448678226804,
        "4,28": 44.358928454930854,
        "4,29": 28.2861065666371,
        "4,30": 56.4623099719949,
        "4,31": 33.73004485323573,
        "4,32": 34.758497651450185,
        "4,33": 29.695902156412014,
        "4,34": 23.446408384052525,
        "4,35": 19.786487977510053,
        "4,36": 80.5902072518576,
        "4,37": 23.887401155763985,
        "4,38": 77.91348984546207,
        "4,39": 51.60699400175036,
        "4,40": 61.324409614989335,
        "4,41": 55.857883965367584,
        "4,42": 35.407900142139944,
        "4,43": 63.55573712615733,
        "4,44": 68.93771476578426,
        "4,45": 29.32117043855407,
        "4,46": 48.653247448304,
        "4,47": 67.91381775571558,
        "4,48": 76.98589281580124,
        "4,49": 72.14776525033868,
        "4,50": 57.77137297810188,
        "5,0": 30.829441277729014,
        "5,1": 64.07837537612006,
        "5,2": 55.70040272805858,
        "5,3": 73.59806075811966,
        "5,4": 32.21008647240107,
        "5,5": 0.0,
        "5,6": 59.58922507587774,
        "5,7": 52.68789097688016,
        "5,8": 49.37941260086604,
        "5,9": 46.178541344598,
        "5,10": 13.232237221189871,
        "5,11": 43.14798842257171,
        "5,12": 71.16319061954508,
        "5,13": 49.00803835411068,
        "5,14": 56.38900890878964,
        "5,15": 60.87252326437462,
        "5,16": 7.625284604230551,
        "5,17": 45.85994914962442,
        "5,18": 44.21625330147093,
        "5,19": 34.2420722128278,
        "5,20": 53.36614415057572,
        "5,21": 44.71600497157697,
        "5,22": 43.426916755239844,
        "5,23": 32.34245356857404,
        "5,24": 61.988232964017406,
        "5,25": 54.96262275856896,
        "5,26": 76.14863898280981,
        "5,27": 64.43362903969752,
        "5,28": 36.61105828737579,
        "5,29": 38.41281060663431,
        "5,30": 25.152898131793897,
        "5,31": 2.011922114968179,
        "5,32": 10.765773452712768,
        "5,33": 55.94288770028082,
        "5,34": 38.98073649020357,
        "5,35": 48.84546539481889,
        "5,36": 48.45584747053524,
        "5,37": 16.56344009460761,
        "5,38": 55.08471065609999,
        "5,39": 76.61341495889744,
        "5,40": 66.10690795582192,
        "5,41": 64.87954845134159,
        "5,42": 64.6484796297897,
        "5,43": 84.62108782107296,
        "5,44": 44.490382217215924,
        "5,45": 6.316596012292153,
        "5,46": 19.82096810846383,
        "5,47": 67.19075883686783,
        "5,48": 58.922376459912634,
        "5,49": 47.44802032810764,
        "5,50": 36.69622676662736,
        "6,0": 29.314066212456144,
        "6,1": 4.686259019372514,
        "6,2": 52.59191967499579,
        "6,3": 21.29013133295142,
        "6,4": 59.18746217224955,
        "6,5": 59.58922507587774,
        "6,6": 0.0,
        "6,7": 8.577304148597712,
        "6,8": 52.0479034980229,
        "6,9": 24.74104986665409,
        "6,10": 72.12815096380656,
        "6,11": 44.110789008404836,
        "6,12": 12.440776842960334,
        "6,13": 36.14416310569967,
        "6,14": 28.83964151935176,
        "6,15": 42.42393636443995,
        "6,16": 57.58934877429604,
        "6,17": 16.52220646318755,
        "6,18": 84.62507171480419,
        "6,19": 25.87764786155246,
        "6,20": 49.904846370425034,
        "6,21": 17.550673145477173,
        "6,22": 82.91292903483273,
        "6,23": 30.04092336245423,
        "6,24": 44.81936947375333,
        "6,25": 56.693602042829184,
        "6,26": 38.04329715923588,
        "6,27": 32.47369344673823,
        "6,28": 23.56362604490308,
        "6,29": 31.00720954084315,
        "6,30": 77.3557370436912,
        "6,31": 58.745659291107735,
        "6,32": 49.68449858291768,
        "6,33": 48.304094586036626,
        "6,34": 36.646376290257834,
        "6,35": 76.4553169372207,
        "6,36": 83.87801934046999,
        "6,37": 69.27909966458395,
        "6,38": 49.267130708578634,
        "6,39": 52.24683675948739,
        "6,40": 9.513616142690614,
        "6,41": 16.22049538144462,
        "6,42": 58.195707195696436,
        "6,43": 47.77587303740918,
        "6,44": 48.891972645186065,
        "6,45": 53.54278841572783,
        "6,46": 77.28776611530091,
        "6,47": 8.72635905757849,
        "6,48": 38.92993386450404,
        "6,49": 50.7841021727303,
        "6,50": 39.46449910837264,
        "7,0": 23.63302816062369,
        "7,1": 13.136780210791233,
        "7,2": 44.98281714826857,
        "7,3": 22.942541172417855,
        "7,4": 56.15672198394949,
        "7,5": 52.68789097688016,
        "7,6": 8.577304148597712,
        "7,7": 0.0,
        "7,8": 43.97400796590574,
        "7,9": 16.475621070808547,
        "7,10": 64.85936690892333,
        "7,11": 43.47423579158812,
        "7,12": 18.519370472700928,
        "7,13": 37.02400886899622,
        "7,14": 22.429527239706182,
        "7,15": 35.957787560283876,
        "7,16": 51.43632622402082,
        "7,17": 14.759489163126041,
        "7,18": 81.18151963725941,
        "7,19": 20.416469424616004,
        "7,20": 42.18648675173647,
        "7,21": 15.374520179936805,
        "7,22": 79.54310176304308,
        "7,23": 21.92501097057804,
        "7,24": 38.355020079130405,
        "7,25": 57.37598028432033,
        "7,26": 44.438683780965476,
        "7,27": 27.664378377869806,
        "7,28": 16.102980462480247,
        "7,29": 29.004854919690246,
        "7,30": 69.29302877683669,
        "7,31": 51.684122932744124,
        "7,32": 42.42645534329316,
        "7,33": 49.83608797002973,
        "7,34": 35.15719601386563,
        "7,35": 74.49023326523105,
        "7,36": 75.30123199668948,
        "7,37": 63.609455717800785,
        "7,38": 41.728161315849306,
        "7,39": 57.03546885971422,
        "7,40": 17.913110548973997,
        "7,41": 23.14815637801292,
        "7,42": 60.3466946302905,
        "7,43": 54.39883723889176,
        "7,44": 40.5909733305933,
        "7,45": 46.851156027236776,
        "7,46": 69.70669654943849,
        "7,47": 14.568349608660716,
        "7,48": 32.38507888286792,
        "7,49": 42.6167334135798,
        "7,50": 30.9020701225195,
        "8,0": 45.17136947906499,
        "8,1": 55.96612161089109,
        "8,2": 6.573435313334892,
        "8,3": 49.72117684611053,
        "8,4": 74.21516981115843,
        "8,5": 49.37941260086604,
        "8,6": 52.0479034980229,
        "8,7": 43.97400796590574,
        "8,8": 0.0,
        "8,9": 27.52251569272543,
        "8,10": 53.98407442242549,
        "8,11": 72.8816602731492,
        "8,12": 56.44680339082357,
        "8,13": 71.61726785727933,
        "8,14": 26.043704425272068,
        "8,15": 18.28241151524937,
        "8,16": 54.344628530040865,
        "8,17": 52.102292624079105,
        "8,18": 92.73610455877603,
        "8,19": 45.408605998298505,
        "8,20": 5.3846803935991465,
        "8,21": 51.72576826915827,
        "8,22": 91.70023268085356,
        "8,23": 31.963213106620564,
        "8,24": 17.716619825095684,
        "8,25": 88.19268243277439,
        "8,26": 87.5063102507243,
        "8,27": 29.58149689251537,
        "8,28": 37.96027603747229,
        "8,29": 59.033983420457545,
        "8,30": 47.47155344972743,
        "8,31": 47.38895398034539,
        "8,32": 41.05061896918581,
        "8,33": 83.89196114602842,
        "8,34": 64.37291739310619,
        "8,35": 93.73680541932295,
        "8,36": 37.62871239913601,
        "8,37": 65.90796369188865,
        "8,38": 7.5431722733793904,
        "8,39": 97.42778477292752,
        "8,40": 61.55678826135712,
        "8,41": 66.98300889734794,
        "8,42": 94.81397014743368,
        "8,43": 97.54589475418993,
        "8,44": 5.27934535225037,
        "8,45": 47.81077061012082,
        "8,46": 54.19568845164433,
        "8,47": 53.75711734019509,
        "8,48": 19.205944697919957,
        "8,49": 2.067717352975695,
        "8,50": 17.315313091755673,
        "9,0": 25.066370340420747,
        "9,1": 28.923467346057944,
        "9,2": 28.966390196395565,
        "9,3": 28.89112490424117,
        "9,4": 59.19087014269997,
        "9,5": 46.178541344598,
        "9,6": 24.74104986665409,
        "9,7": 16.475621070808547,
        "9,8": 27.52251569272543,
        "9,9": 0.0,
        "9,10": 56.52538384762855,
        "9,11": 51.594378956251305,
        "9,12": 31.24977253886727,
        "9,13": 47.76973861316235,
        "9,14": 11.428226619267846,
        "9,15": 22.40991374331478,
        "9,16": 47.336840658634834,
        "9,17": 26.101994490522085,
        "9,18": 82.31521308541646,
        "9,19": 23.491053966790446,
        "9,20": 26.05730726707294,
        "9,21": 26.017695371372454,
        "9,22": 80.88168015900783,
        "9,23": 14.47138342750138,
        "9,24": 24.641442155054172,
        "9,25": 66.70090826045431,
        "9,26": 60.264479511888005,
        "9,27": 19.48919423285616,
        "9,28": 15.165889356694006,
        "9,29": 36.59531515996077,
        "9,30": 57.69878487072413,
        "9,31": 44.69084467033003,
        "9,32": 35.42056802820317,
        "9,33": 60.660261811756,
        "9,34": 42.72072813689535,
        "9,35": 78.77464430821634,
        "9,36": 59.89614032329275,
        "9,37": 60.16167617215894,
        "9,38": 25.849926940838365,
        "9,39": 71.3781381017303,
        "9,40": 34.24164681241028,
        "9,41": 39.470870758373906,
        "9,42": 71.59644688669523,
        "9,43": 70.29299807974745,
        "9,44": 24.154493286682825,
        "9,45": 41.44334730700291,
        "9,46": 60.09003377052168,
        "9,47": 27.90808872907515,
        "9,48": 18.974751526950815,
        "9,49": 26.14172870121115,
        "9,50": 15.622373968050859,
        "10,0": 43.82464800534915,
        "10,1": 76.69062591945466,
        "10,2": 60.54867869823246,
        "10,3": 84.8382658278215,
        "10,4": 41.53818023374229,
        "10,5": 13.232237221189871,
        "10,6": 72.12815096380656,
        "10,7": 64.85936690892333,
        "10,8": 53.98407442242549,
        "10,9": 56.52538384762855,
        "10,10": 0.0,
        "10,11": 55.26184210497887,
        "10,12": 83.37820231206521,
        "10,13": 61.79753733636304,
        "10,14": 65.80337570744335,
        "10,15": 68.13290473311517,
        "10,16": 19.004245509734364,
        "10,17": 58.920715395523466,
        "10,18": 46.64999401427708,
        "10,19": 47.1920126691634,
        "10,20": 58.687529755549285,
        "10,21": 57.786358143861726,
        "10,22": 46.366778401164,
        "10,23": 43.628933294262254,
        "10,24": 68.86656211726311,
        "10,25": 65.82373391348365,
        "10,26": 89.2453346194387,
        "10,27": 73.54696169812325,
        "10,28": 48.7746759013717,
        "10,29": 51.57537185203662,
        "10,30": 15.700141989979256,
        "10,31": 13.560173044721756,
        "10,32": 22.457280213256606,
        "10,33": 67.84403284662996,
        "10,34": 51.82500567546531,
        "10,35": 55.08158879928183,
        "10,36": 42.954589300048326,
        "10,37": 19.513406970385883,
        "10,38": 60.64329611588665,
        "10,39": 88.9966168401653,
        "10,40": 78.99987838855697,
        "10,41": 78.04327279162331,
        "10,42": 75.85480419769745,
        "10,43": 97.57139856411642,
        "10,44": 49.73936241582405,
        "10,45": 19.534758442629734,
        "10,46": 7.1911795663458085,
        "10,47": 79.42572066700667,
        "10,48": 66.72379804683378,
        "10,49": 52.28868446845139,
        "10,50": 44.6755325179086,
        "11,0": 27.83441469281404,
        "11,1": 46.38700226966153,
        "11,2": 77.09839234549601,
        "11,3": 65.18607398043056,
        "11,4": 20.00751725876841,
        "11,5": 43.14798842257171,
        "11,6": 44.110789008404836,
        "11,7": 43.47423579158812,
        "11,8": 72.8816602731492,
        "11,9": 51.594378956251305,
        "11,10": 55.26184210497887,
        "11,11": 0.0,
        "11,12": 55.79842583152412,
        "11,13": 10.131372743173353,
        "11,14": 62.31910649405629,
        "11,15": 73.89337002727848,
        "11,16": 36.290106558977,
        "11,17": 28.741509924247012,
        "11,18": 44.15329469696656,
        "11,19": 28.353381392481104,
        "11,20": 74.0613481993237,
        "11,21": 28.10299817796456,
        "11,22": 42.31615260223423,
        "11,23": 41.13551225950028,
        "11,24": 76.03033052811173,
        "11,25": 15.352857613658772,
        "11,26": 37.63164850960768,
        "11,27": 69.45151629235045,
        "11,28": 36.68491109567307,
        "11,29": 15.060031343522706,
        "11,30": 68.22825237147191,
        "11,31": 43.93931647234883,
        "11,32": 40.472842166000646,
        "11,33": 12.877286008360334,
        "11,34": 8.874867316454965,
        "11,35": 33.01898967178744,
        "11,36": 88.27531090645859,
        "11,37": 41.15396893011174,
        "11,38": 74.72058916394113,
        "11,39": 33.80002814384347,
        "11,40": 44.099202595802886,
        "11,41": 37.406825499215444,
        "11,42": 22.750501840138607,
        "11,43": 44.11973143610221,
        "11,44": 67.77412240355083,
        "11,45": 37.918888780820446,
        "11,46": 62.38401304441258,
        "11,47": 52.59344446742315,
        "11,48": 70.53518010042413,
        "11,49": 70.88279388622689,
        "11,50": 55.56698664524123,
        "12,0": 41.43075944109618,
        "12,1": 9.41437982235298,
        "12,2": 55.548271465236624,
        "12,3": 12.711214397166856,
        "12,4": 71.53169794966217,
        "12,5": 71.16319061954508,
        "12,6": 12.440776842960334,
        "12,7": 18.519370472700928,
        "12,8": 56.44680339082357,
        "12,9": 31.24977253886727,
        "12,10": 83.37820231206521,
        "12,11": 55.79842583152412,
        "12,12": 0.0,
        "12,13": 47.18954370611631,
        "12,14": 30.779450964666783,
        "12,15": 43.23784289408528,
        "12,16": 69.61215910583881,
        "12,17": 28.930556094239996,
        "12,18": 97.00386171328971,
        "12,19": 38.037073069691665,
        "12,20": 53.25968970849357,
        "12,21": 29.976699442757962,
        "12,22": 95.28204270638297,
        "12,23": 40.21342306448082,
        "12,24": 45.48713739371723,
        "12,25": 67.49442833758235,
        "12,26": 42.68623797726313,
        "12,27": 31.220479425325603,
        "12,28": 34.617742828055384,
        "12,29": 43.28079222027786,
        "12,30": 87.41405724144525,
        "12,31": 70.18856631458608,
        "12,32": 60.94499985623006,
        "12,33": 58.63191006169258,
        "12,34": 48.73496992012628,
        "12,35": 88.47590833712903,
        "12,36": 91.06503036693178,
        "12,37": 81.50379866856694,
        "12,38": 52.15698176295168,
        "12,39": 59.01413822136881,
        "12,40": 13.360719106540152,
        "12,41": 22.371289345213043,
        "12,42": 67.83272181442389,
        "12,43": 51.44314134302673,
        "12,44": 54.275425052512006,
        "12,45": 65.26045428882333,
        "12,46": 88.16989320923969,
        "12,47": 3.9757157854060896,
        "12,48": 40.13750126849287,
        "12,49": 55.56296285834253,
        "12,50": 46.85879556519922,
        "13,0": 26.97473218103076,
        "13,1": 37.81398266146058,
        "13,2": 75.1170891491914,
        "13,3": 57.432549120015366,
        "13,4": 29.904073940052193,
        "13,5": 49.00803835411068,
        "13,6": 36.14416310569967,
        "13,7": 37.02400886899622,
        "13,8": 71.61726785727933,
        "13,9": 47.76973861316235,
        "13,10": 61.79753733636304,
        "13,11": 10.131372743173353,
        "13,12": 47.18954370611631,
        "13,13": 0.0,
        "13,14": 57.67828375761326,
        "13,15": 70.14220933140987,
        "13,16": 42.89266466623,
        "13,17": 22.52443528303714,
        "13,18": 54.2837287629684,
        "13,19": 26.227250833951445,
        "13,20": 72.06439093953696,
        "13,21": 22.228505534006043,
        "13,22": 52.44605121260159,
        "13,23": 39.73135393600192,
        "13,24": 72.40274419640899,
        "13,25": 20.567842000641363,
        "13,26": 28.397531123613916,
        "13,27": 64.183249477646,
        "13,28": 33.88212657702271,
        "13,29": 12.979746437395423,
        "13,30": 73.53101167781496,
        "13,31": 49.45280297586013,
        "13,32": 44.29882546864245,
        "13,33": 12.963998719214684,
        "13,34": 10.039636695308447,
        "13,35": 42.74530826536107,
        "13,36": 91.18707417202883,
        "13,37": 49.5786574092203,
        "13,38": 72.44044450502855,
        "13,39": 28.243074468823476,
        "13,40": 34.87116301963771,
        "13,41": 27.62574473476065,
        "13,42": 23.834876278664236,
        "13,43": 35.895195088050556,
        "13,44": 66.75539683068756,
        "13,45": 43.187664677084456,
        "13,46": 68.73750755987862,
        "13,47": 44.26694911511035,
        "13,48": 66.64790777759424,
        "13,49": 69.71280426001528,
        "13,50": 54.49949375864745,
        "14,0": 36.4012356897459,
        "14,1": 31.92717444495294,
        "14,2": 24.772602710750327,
        "14,3": 23.846227836452037,
        "14,4": 70.60582578181044,
        "14,5": 56.38900890878964,
        "14,6": 28.83964151935176,
        "14,7": 22.429527239706182,
        "14,8": 26.043704425272068,
        "14,9": 11.428226619267846,
        "14,10": 65.80337570744335,
        "14,11": 62.31910649405629,
        "14,12": 30.779450964666783,
        "14,13": 57.67828375761326,
        "14,14": 0.0,
        "14,15": 13.614967036396267,
        "14,16": 58.18077487706833,
        "14,17": 35.31664113842938,
        "14,18": 93.69085440693289,
        "14,19": 34.61603056282765,
        "14,20": 22.506233016576456,
        "14,21": 35.484310928303536,
        "14,22": 92.27100001894607,
        "14,23": 25.665010916767045,
        "14,24": 16.016729136304907,
        "14,25": 77.21157202866684,
        "14,26": 66.6171846476223,
        "14,27": 8.179732044385132,
        "14,28": 26.41556846699448,
        "14,29": 47.25944871753283,
        "14,30": 64.97051775196178,
        "14,31": 54.76780657142661,
        "14,32": 45.74232279830286,
        "14,33": 70.64157662601814,
        "14,34": 53.48132570222694,
        "14,35": 90.15878281662351,
        "14,36": 62.489262603706464,
        "14,37": 71.00513269189419,
        "14,38": 21.380259953393896,
        "14,39": 79.42713252971635,
        "14,40": 37.940289598869384,
        "14,41": 44.94096800150377,
        "14,42": 81.46384137848706,
        "14,43": 76.48114963618038,
        "14,44": 24.779043180031966,
        "14,45": 52.075764996073836,
        "14,46": 68.63334857752157,
        "14,47": 28.503836787245667,
        "14,48": 10.092791871383268,
        "14,49": 25.44284905784199,
        "14,50": 21.726739518202283,
        "15,0": 46.73660833565816,
        "15,1": 45.35584905584813,
        "15,2": 14.095442939598415,
        "15,3": 34.078372192481794,
        "15,4": 79.9246924009774,
        "15,5": 60.87252326437462,
        "15,6": 42.42393636443995,
        "15,7": 35.957787560283876,
        "15,8": 18.28241151524937,
        "15,9": 22.40991374331478,
        "15,10": 68.13290473311517,
        "15,11": 73.89337002727848,
        "15,12": 43.23784289408528,
        "15,13": 70.14220933140987,
        "15,14": 13.614967036396267,
        "15,15": 0.0,
        "15,16": 64.17247130456695,
        "15,17": 48.151833977386396,
        "15,18": 101.49075840017102,
        "15,19": 45.605368270490935,
        "15,20": 13.141715332330849,
        "15,21": 48.18699416156824,
        "15,22": 100.21514858464192,
        "15,23": 34.24752433207819,
        "15,24": 2.4022656233746744,
        "15,25": 89.06675881400271,
        "15,26": 80.22965759446889,
        "15,27": 12.720575332163802,
        "15,28": 37.236546673864325,
        "15,29": 58.95138598983089,
        "15,30": 64.09282736921024,
        "15,31": 59.027270384142994,
        "15,32": 50.910563143716814,
        "15,33": 83.05399828835598,
        "15,34": 65.02072704001775,
        "15,35": 99.69738137657488,
        "15,36": 55.81407234161304,
        "15,37": 76.70839809956016,
        "15,38": 11.182185619504997,
        "15,39": 92.82752743604067,
        "15,40": 51.41851400151838,
        "15,41": 58.552146638121556,
        "15,42": 93.97625178951535,
        "15,43": 90.09596097429736,
        "15,44": 19.901150257405646,
        "15,45": 57.689674686246796,
        "15,46": 69.60020692458028,
        "15,47": 41.432611129904856,
        "15,48": 3.5819356153339617,
        "15,49": 18.77383323156748,
        "15,50": 24.190843824268608,
        "16,0": 28.28085619084315,
        "16,1": 61.88376588749736,
        "16,2": 60.4358973396411,
        "16,3": 73.34525437275913,
        "16,4": 24.59322745031171,
        "16,5": 7.625284604230551,
        "16,6": 57.58934877429604,
        "16,7": 51.43632622402082,
        "16,8": 54.344628530040865,
        "16,9": 47.336840658634834,
        "16,10": 19.004245509734364,
        "16,11": 36.290106558977,
        "16,12": 69.61215910583881,
        "16,13": 42.89266466623,
        "16,14": 58.18077487706833,
        "16,15": 64.17247130456695,
        "16,16": 0.0,
        "16,17": 42.70454983217208,
        "16,18": 38.40939430577056,
        "16,19": 31.72927619005927,
        "16,20": 57.90532745734975,
        "16,21": 41.541443294109314,
        "16,22": 37.42851409717305,
        "16,23": 32.942421010997194,
        "16,24": 65.51121440516609,
        "16,25": 47.532378619468545,
        "16,26": 70.64434461374279,
        "16,27": 66.3452633701142,
        "16,28": 35.762014875904434,
        "16,29": 33.33403175760044,
        "16,30": 32.48615450442674,
        "16,31": 9.170489518051216,
        "16,32": 13.426794308224222,
        "16,33": 48.9516957439176,
        "16,34": 32.987661225392344,
        "16,35": 41.6541121894194,
        "16,36": 56.02588703474002,
        "16,37": 12.830687284768567,
        "16,38": 59.47040897271485,
        "16,39": 69.9960538591739,
        "16,40": 63.24974825429761,
        "16,41": 61.06939591926297,
        "16,42": 57.338391810679056,
        "16,43": 78.74569826075914,
        "16,44": 49.2532238811196,
        "16,45": 6.574038345880186,
        "16,46": 26.09660368009937,
        "16,47": 65.64579828391008,
        "16,48": 61.895462484768544,
        "16,49": 52.34149235828417,
        "16,50": 40.11544661218035,
        "17,0": 15.119613647517534,
        "17,1": 20.043313911857126,
        "17,2": 54.63909202353649,
        "17,3": 36.77810204406773,
        "17,4": 42.68499088958388,
        "17,5": 45.85994914962442,
        "17,6": 16.52220646318755,
        "17,7": 14.759489163126041,
        "17,8": 52.102292624079105,
        "17,9": 26.101994490522085,
        "17,10": 58.920715395523466,
        "17,11": 28.741509924247012,
        "17,12": 28.930556094239996,
        "17,13": 22.52443528303714,
        "17,14": 35.31664113842938,
        "17,15": 48.151833977386396,
        "17,16": 42.70454983217208,
        "17,17": 0.0,
        "17,18": 68.10418556396631,
        "17,19": 11.86334884054985,
        "17,20": 51.634092778014015,
        "17,21": 1.1634518119559034,
        "17,22": 66.39466283918566,
        "17,23": 22.316907179568386,
        "17,24": 50.47293145315615,
        "17,25": 42.68254497592776,
        "17,26": 36.230568648510754,
        "17,27": 41.66151450057064,
        "17,28": 14.9575060240404,
        "17,29": 14.655720545690688,
        "17,30": 66.50591021473136,
        "17,31": 45.36089291961812,
        "17,32": 37.05366775772529,
        "17,33": 35.460467202055575,
        "17,34": 20.60538450559458,
        "17,35": 60.29261106207358,
        "17,36": 77.94604069724701,
        "17,37": 53.70614319772326,
        "17,38": 51.68924765532979,
        "17,39": 45.449062187784314,
        "17,40": 20.566368786448294,
        "17,41": 19.41162957625186,
        "17,42": 46.19111471949043,
        "17,43": 46.16000619780773,
        "17,44": 47.74309120873451,
        "17,45": 39.58119918958871,
        "17,46": 64.78267838009118,
