{
    "num_robots": 5,
    "num_tasks": 30,
    "num_nodes": 31,
    "robot_capacity": [
        70,
        76,
        94,
        85,
        72
    ],
    "robot_speed": [
        1.07,
        1.17,
        1.01,
        1.2,
        1.05
    ],
    "task_demand": {
        "0": 0,
        "1": 5,
        "2": 7,
        "3": 10,
        "4": 6,
        "5": 14,
        "6": 7,
        "7": 15,
        "8": 12,
        "9": 8,
        "10": 8,
        "11": 13,
        "12": 15,
        "13": 6,
        "14": 11,
        "15": 15,
        "16": 6,
        "17": 14,
        "18": 7,
        "19": 13,
        "20": 15,
        "21": 6,
        "22": 12,
        "23": 14,
        "24": 8,
        "25": 10,
        "26": 7,
        "27": 11,
        "28": 5,
        "29": 5,
        "30": 6
    },
    "task_service_time": {
        "0": 0,
        "1": 94,
        "2": 27,
        "3": 18,
        "4": 16,
        "5": 56,
        "6": 82,
        "7": 85,
        "8": 46,
        "9": 90,
        "10": 64,
        "11": 44,
        "12": 34,
        "13": 52,
        "14": 49,
        "15": 21,
        "16": 32,
        "17": 41,
        "18": 22,
        "19": 59,
        "20": 66,
        "21": 88,
        "22": 99,
        "23": 62,
        "24": 72,
        "25": 97,
        "26": 59,
        "27": 10,
        "28": 79,
        "29": 16,
        "30": 65
    },
    "task_precedence": [],
    "coordinates": {
        "0": [
            50.0,
            50.0
        ],
        "1": [
            93.19381117615018,
            93.46878746744436
        ],
        "2": [
            37.43224373765569,
            95.17949153367002
        ],
        "3": [
            33.047075640092906,
            71.01474645853013
        ],
        "4": [
            81.63879819476139,
            24.72985723517307
        ],
        "5": [
            61.178233680833415,
            98.61452466650825
        ],
        "6": [
            20.294421310457288,
            42.15975438844315
        ],
        "7": [
            1.344181839135239,
            42.21301918266147
        ],
        "8": [
            88.43967987151228,
            59.15104237198191
        ],
        "9": [
            70.9905576485976,
            18.16039139383395
        ],
        "10": [
            86.71759854116382,
            12.84764137768425
        ],
        "11": [
            18.272644881276346,
            45.83175970718577
        ],
        "12": [
            17.038449723153914,
            99.78840297716135
        ],
        "13": [
            39.772285039341604,
            13.243229800750155
        ],
        "14": [
            10.568078754033984,
            49.272550274348504
        ],
        "15": [
            27.283087331702237,
            1.6720641041920614
        ],
        "16": [
            54.89677405969557,
            10.709948469413034
        ],
        "17": [
            51.82139701639685,
            50.757676996639134
        ],
        "18": [
            81.62127115213197,
            56.4276169346549
        ],
        "19": [
            36.58996885182296,
            18.43268466372968
        ],
        "20": [
            59.62771420143581,
            84.24777615934606
        ],
        "21": [
            10.418918898216688,
            54.46820102454177
        ],
        "22": [
            30.098578327710868,
            98.29677566128323
        ],
        "23": [
            30.84273870595139,
            55.586643220164845
        ],
        "24": [
            56.53442656731532,
            77.24248855045562
        ],
        "25": [
            69.48695780757897,
            64.30901604690226
        ],
        "26": [
            28.884002501493956,
            38.947502492730635
        ],
        "27": [
            59.03840786971356,
            79.3043420188483
        ],
        "28": [
            15.484914579673347,
            16.429411076076626
        ],
        "29": [
            20.32947653467292,
            83.96556590468242
        ],
        "30": [
            9.127070575563689,
            33.86011787978133
        ]
    },
    "distance_matrix_str_keys": {
        "0,0": 0.0,
        "0,1": 61.2800196459724,
        "0,2": 46.89493525649284,
        "0,3": 27.000392831754056,
        "0,4": 40.49189630733008,
        "0,5": 49.88311254095776,
        "0,6": 30.722806781447403,
        "0,7": 49.27500087420329,
        "0,8": 39.51392874820415,
        "0,9": 38.136127052873924,
        "0,10": 52.23485229069989,
        "0,11": 31.99998890575183,
        "0,12": 59.71054234948181,
        "0,13": 38.15319526326645,
        "0,14": 39.438630760352424,
        "0,15": 53.400819367575146,
        "0,16": 39.59402158745543,
        "0,17": 1.972704114299823,
        "0,18": 32.26792600610265,
        "0,19": 34.297584943179395,
        "0,20": 35.575315214418005,
        "0,21": 39.832484250692474,
        "0,22": 52.236434831012154,
        "0,23": 19.955230962278208,
        "0,24": 28.015208601496113,
        "0,25": 24.176216925418036,
        "0,26": 23.833653759025474,
        "0,27": 30.66654982186516,
        "0,28": 48.14847414271289,
        "0,29": 45.09988503235734,
        "0,30": 43.944193639086215,
        "1,0": 61.2800196459724,
        "1,1": 0.0,
        "1,2": 55.78780253424551,
        "1,3": 64.20135320438672,
        "1,4": 69.70336329386929,
        "1,5": 32.426467795312874,
        "1,6": 89.14559954530748,
        "1,7": 105.18321249995357,
        "1,8": 34.645481565405824,
        "1,9": 78.51330451833343,
        "1,10": 80.8808415319722,
        "1,11": 88.78326178292723,
        "1,12": 76.41712254610981,
        "1,13": 96.38464378581163,
        "1,14": 93.70335661180731,
        "1,15": 113.00823836308815,
        "1,16": 91.19039688586278,
        "1,17": 59.463565408201724,
        "1,18": 38.80685502648589,
        "1,19": 93.99155116204292,
        "1,20": 34.80962389426243,
        "1,21": 91.50261490533377,
        "1,22": 63.279679820607676,
        "1,23": 72.95692627129841,
        "1,24": 40.089939591398085,
        "1,25": 37.58067543215794,
        "1,26": 84.31086529662018,
        "1,27": 36.975979904413556,
        "1,28": 109.42457733531694,
        "1,29": 73.48144311876385,
        "1,30": 103.05537523689621,
        "2,0": 46.89493525649284,
        "2,1": 55.78780253424551,
        "2,2": 0.0,
        "2,3": 24.559409679191802,
        "2,4": 83.17073060735375,
        "2,5": 23.99315508650736,
        "2,6": 55.720709655343896,
        "2,7": 64.09208535304181,
        "2,8": 62.44844025230577,
        "2,9": 84.01251227582361,
        "2,10": 95.95613450017345,
        "2,11": 52.936649542221495,
        "2,12": 20.908106059609366,
        "2,13": 81.96966987892012,
        "2,14": 53.18957243721783,
        "2,15": 94.05660189604764,
        "2,16": 86.25609268251034,
        "2,17": 46.694168145941696,
        "2,18": 58.773956211702554,
        "2,19": 76.75142859722695,
        "2,20": 24.74148965066102,
        "2,21": 48.85825307764992,
        "2,22": 7.968695544271373,
        "2,23": 40.13745400668913,
        "2,24": 26.20361549247709,
        "2,25": 44.50270723095019,
        "2,26": 56.87801877467202,
        "2,27": 26.811316652103606,
        "2,28": 81.75121056746654,
        "2,29": 20.451326949904445,
        "2,30": 67.53701513274947,
        "3,0": 27.000392831754056,
        "3,1": 64.20135320438672,
        "3,2": 24.559409679191802,
        "3,3": 0.0,
        "3,4": 67.10772288826608,
        "3,5": 39.4095142046017,
        "3,6": 31.54743665998803,
        "3,7": 42.832382252547156,
        "3,8": 56.64881356385004,
        "3,9": 65.06374317724652,
        "3,10": 79.14503864400184,
        "3,11": 29.19703111560233,
        "3,12": 32.927183499362044,
        "3,13": 58.161641813173496,
        "3,14": 31.273445539545026,
        "3,15": 69.58183065509193,
        "3,16": 64.14107873692029,
        "3,17": 27.6192687507222,
        "3,18": 50.71722407021217,
        "3,19": 52.70128380696181,
        "3,20": 29.692480889804845,
        "3,21": 28.032510471485764,
        "3,22": 27.440895645386604,
        "3,23": 15.584783311065884,
        "3,24": 24.298979919783385,
        "3,25": 37.05174533991213,
        "3,26": 32.33634663222529,
        "3,27": 27.281252640305286,
        "3,28": 57.340983074299025,
        "3,29": 18.15106198912382,
        "3,30": 44.18860788836734,
        "4,0": 40.49189630733008,
        "4,1": 69.70336329386929,
        "4,2": 83.17073060735375,
        "4,3": 67.10772288826608,
        "4,4": 0.0,
        "4,5": 76.66536885496352,
        "4,6": 63.77251673014886,
        "4,7": 82.1759476208172,
        "4,8": 35.08660681518855,
        "4,9": 12.51171084102762,
        "4,10": 12.92212314763237,
        "4,11": 66.78742152296664,
        "4,12": 99.03024947739587,
        "4,13": 43.41367910705306,
        "4,14": 75.18903472872742,
        "4,15": 59.04409477246308,
        "4,16": 30.194265956314922,
        "4,17": 39.5793483342879,
        "4,18": 31.697764545205988,
        "4,19": 45.48682674757308,
        "4,20": 63.45762752912894,
        "4,21": 77.17927376147745,
        "4,22": 89.82475021205379,
        "4,23": 59.433836330110054,
        "4,24": 58.2048616737787,
        "4,25": 41.40262113731011,
        "4,26": 54.63707445780876,
        "4,27": 59.06904461939532,
        "4,28": 66.67258599903467,
        "4,29": 85.250818787852,
        "4,30": 73.0842821799544,
        "5,0": 49.88311254095776,
        "5,1": 32.426467795312874,
        "5,2": 23.99315508650736,
        "5,3": 39.4095142046017,
        "5,4": 76.66536885496352,
        "5,5": 0.0,
        "5,6": 69.70385355979411,
        "5,7": 82.22678140751603,
        "5,8": 47.96407909277185,
        "5,9": 81.05028847762108,
        "5,10": 89.4886441206248,
        "5,11": 68.02139242170625,
        "5,12": 44.155390589585345,
        "5,13": 88.0140478804287,
        "5,14": 70.68251706490926,
        "5,15": 102.69723270811755,
        "5,16": 88.12871978738204,
        "5,17": 48.76298043866885,
        "5,18": 46.879131444906534,
        "5,19": 83.86721787166147,
        "5,20": 14.45017554647826,
        "5,21": 67.27113740901086,
        "5,22": 31.081279595589375,
        "5,23": 52.646375346567545,
        "5,24": 21.870730949225706,
        "5,25": 35.297348601052526,
        "5,26": 67.84593504809769,
        "5,27": 19.428381517458472,
        "5,28": 94.03335741295525,
        "5,29": 43.39600158069487,
        "5,30": 83.08102538433369,
        "6,0": 30.722806781447403,
        "6,1": 89.14559954530748,
        "6,2": 55.720709655343896,
        "6,3": 31.54743665998803,
        "6,4": 63.77251673014886,
        "6,5": 69.70385355979411,
        "6,6": 0.0,
        "6,7": 18.950314328758648,
        "6,8": 70.23161774936263,
        "6,9": 56.089817826075425,
        "6,10": 72.60329498430048,
        "6,11": 4.191801878723007,
        "6,12": 57.72055517005445,
        "6,13": 34.86477548574837,
        "6,14": 12.049630900548083,
        "6,15": 41.0864274099117,
        "6,16": 46.75909652813428,
        "6,17": 32.67834864768156,
        "6,18": 62.96470767930957,
        "6,19": 28.78400089275852,
        "6,20": 57.606505763112374,
        "6,21": 15.78047548357962,
        "6,22": 56.986723473158754,
        "6,23": 17.074786779796003,
        "6,24": 50.439431175416075,
        "6,25": 53.94900776692317,
        "6,26": 9.170576169408307,
        "6,27": 53.67324179455419,
        "6,28": 26.17597986639088,
        "6,29": 41.8058262135802,
        "6,30": 13.913794903333914,
        "7,0": 49.27500087420329,
        "7,1": 105.18321249995357,
        "7,2": 64.09208535304181,
        "7,3": 42.832382252547156,
        "7,4": 82.1759476208172,
        "7,5": 82.22678140751603,
        "7,6": 18.950314328758648,
        "7,7": 0.0,
        "7,8": 88.72723599363246,
        "7,9": 73.68274266706378,
        "7,10": 90.28258798354896,
        "7,11": 17.310925566039842,
        "7,12": 59.676082843123176,
        "7,13": 48.124503243129816,
        "7,14": 11.615388651748788,
        "7,15": 48.12895029840976,
        "7,16": 62.13150245974702,
        "7,17": 51.19531647728667,
        "7,18": 81.525860055677,
        "7,19": 42.517876381306316,
        "7,20": 71.8602180536371,
        "7,21": 15.249273250519806,
        "7,22": 63.025415969873286,
        "7,23": 32.38855781169138,
        "7,24": 65.36839325962998,
        "7,25": 71.63568240835045,
        "7,26": 27.732748175525213,
        "7,27": 68.58855551041803,
        "7,28": 29.406712999471296,
        "7,29": 45.86629015356434,
        "7,30": 11.416843576894694,
        "8,0": 39.51392874820415,
        "8,1": 34.645481565405824,
        "8,2": 62.44844025230577,
        "8,3": 56.64881356385004,
        "8,4": 35.08660681518855,
        "8,5": 47.96407909277185,
        "8,6": 70.23161774936263,
        "8,7": 88.72723599363246,
        "8,8": 0.0,
        "8,9": 44.55003180652688,
        "8,10": 46.335413106468145,
        "8,11": 71.4199978299197,
        "8,12": 82.15552777296382,
        "8,13": 66.90323291759327,
        "8,14": 78.49567419114669,
        "8,15": 83.92831318327212,
        "8,16": 58.92084613087208,
        "8,17": 37.56790147960415,
        "8,18": 7.34218929047742,
        "8,19": 65.92705959833546,
        "8,20": 38.20962460647174,
        "8,21": 78.16116776211459,
        "8,22": 70.2571887005256,
        "8,23": 57.70712757487204,
        "8,24": 36.67759006850889,
        "8,25": 19.64205605490107,
        "8,26": 62.88928152439182,
        "8,27": 35.645340256198125,
        "8,28": 84.54309882758368,
        "8,29": 72.48972600817685,
        "8,30": 83.24734743523052,
        "9,0": 38.136127052873924,
        "9,1": 78.51330451833343,
        "9,2": 84.01251227582361,
        "9,3": 65.06374317724652,
        "9,4": 12.51171084102762,
        "9,5": 81.05028847762108,
        "9,6": 56.089817826075425,
        "9,7": 73.68274266706378,
        "9,8": 44.55003180652688,
        "9,9": 0.0,
        "9,10": 16.600154456225667,
        "9,11": 59.53891963141474,
        "9,12": 97.84662602587048,
        "9,13": 31.603148938647266,
        "9,14": 67.96206578651334,
        "9,15": 46.71410812926475,
        "9,16": 17.734682686094672,
        "9,17": 37.815866352815,
        "9,18": 39.716402407396956,
        "9,19": 34.40166643041594,
        "9,20": 67.05711473325965,
        "9,21": 70.6199721119059,
        "9,22": 89.96662745840882,
        "9,23": 54.88689908912179,
        "9,24": 60.82494496720649,
        "9,25": 46.17311306216742,
        "9,26": 46.9581300116812,
        "9,27": 62.30117641241674,
        "9,28": 55.532627394670264,
        "9,29": 83.04737281837926,
        "9,30": 63.82454421747946,
        "10,0": 52.23485229069989,
        "10,1": 80.8808415319722,
        "10,2": 95.95613450017345,
        "10,3": 79.14503864400184,
        "10,4": 12.92212314763237,
        "10,5": 89.4886441206248,
        "10,6": 72.60329498430048,
        "10,7": 90.28258798354896,
        "10,8": 46.335413106468145,
        "10,9": 16.600154456225667,
        "10,10": 0.0,
        "10,11": 75.97804777354247,
        "10,12": 111.41759200188937,
        "10,13": 46.94698020091213,
        "10,14": 84.41281509309334,
        "10,15": 60.47606675457168,
        "10,16": 31.892547744739407,
        "10,17": 51.52587390319137,
        "10,18": 43.8769509241738,
        "10,19": 50.437802953525726,
        "10,20": 76.36649186900831,
        "10,21": 86.91236678732608,
        "10,22": 102.50496573214356,
        "10,23": 70.3464444026576,
        "10,24": 71.11765050117653,
        "10,25": 54.26940264030466,
        "10,26": 63.45019764432912,
        "10,27": 71.99049004094772,
        "10,28": 71.32267758945892,
        "10,29": 97.28896100060135,
        "10,30": 80.38541035991393,
        "11,0": 31.99998890575183,
        "11,1": 88.78326178292723,
        "11,2": 52.936649542221495,
        "11,3": 29.19703111560233,
        "11,4": 66.78742152296664,
        "11,5": 68.02139242170625,
        "11,6": 4.191801878723007,
        "11,7": 17.310925566039842,
        "11,8": 71.4199978299197,
        "11,9": 59.53891963141474,
        "11,10": 75.97804777354247,
        "11,11": 0.0,
        "11,12": 53.97075681007016,
        "11,13": 39.04160355811401,
        "11,14": 8.437972442247393,
        "11,15": 45.069577199054116,
        "11,16": 50.74316173337327,
        "11,17": 33.908456629081314,
        "11,18": 64.22865902998014,
        "11,19": 32.95805926748266,
        "11,20": 56.44494732505155,
        "11,21": 11.67343695940147,
        "11,22": 53.78132204532723,
        "11,23": 15.911159954978919,
        "11,24": 49.503513251642374,
        "11,25": 54.445521857695894,
        "11,26": 12.648869828523333,
        "11,27": 52.74714398562695,
        "11,28": 29.534209744967974,
        "11,29": 38.1892358074713,
        "11,30": 15.065249331656316,
        "12,0": 59.71054234948181,
        "12,1": 76.41712254610981,
        "12,2": 20.908106059609366,
        "12,3": 32.927183499362044,
        "12,4": 99.03024947739587,
        "12,5": 44.155390589585345,
        "12,6": 57.72055517005445,
        "12,7": 59.676082843123176,
        "12,8": 82.15552777296382,
        "12,9": 97.84662602587048,
        "12,10": 111.41759200188937,
        "12,11": 53.97075681007016,
        "12,12": 0.0,
        "12,13": 89.48125093179323,
        "12,14": 50.928548720440816,
        "12,15": 98.6497265762345,
        "12,16": 96.78958507535698,
        "12,17": 60.115434894722114,
        "12,18": 77.7888076136361,
        "12,19": 83.67206703872658,
        "12,20": 45.33604008613504,
        "12,21": 45.80107960920264,
        "12,22": 13.145033709239415,
        "12,23": 46.307169638575616,
        "12,24": 45.47802155119406,
        "12,25": 63.32166214834415,
        "12,26": 61.98332269555127,
        "12,27": 46.728933624218804,
        "12,28": 83.37346701563476,
        "12,29": 16.16146746110484,
        "12,30": 66.40127028828852,
        "13,0": 38.15319526326645,
        "13,1": 96.38464378581163,
        "13,2": 81.96966987892012,
        "13,3": 58.161641813173496,
        "13,4": 43.41367910705306,
        "13,5": 88.0140478804287,
        "13,6": 34.86477548574837,
        "13,7": 48.124503243129816,
        "13,8": 66.90323291759327,
        "13,9": 31.603148938647266,
        "13,10": 46.94698020091213,
        "13,11": 39.04160355811401,
        "13,12": 89.48125093179323,
        "13,13": 0.0,
        "13,14": 46.37884861166838,
        "13,15": 17.02562583160182,
        "13,16": 15.335177939316804,
        "13,17": 39.40196502522125,
        "13,18": 60.13508901464667,
        "13,19": 6.087493580468488,
        "13,20": 73.72844546578298,
        "13,21": 50.60749308370634,
        "13,22": 85.60190573224672,
        "13,23": 43.274720770071184,
        "13,24": 66.157951216128,
        "13,25": 59.08194565737595,
        "13,26": 27.915306397166614,
        "13,27": 68.81318214126662,
        "13,28": 24.4954713154168,
        "13,29": 73.34624480194455,
        "13,30": 36.93487841585837,
        "14,0": 39.438630760352424,
        "14,1": 93.70335661180731,
        "14,2": 53.18957243721783,
        "14,3": 31.273445539545026,
        "14,4": 75.18903472872742,
        "14,5": 70.68251706490926,
        "14,6": 12.049630900548083,
        "14,7": 11.615388651748788,
        "14,8": 78.49567419114669,
        "14,9": 67.96206578651334,
        "14,10": 84.41281509309334,
        "14,11": 8.437972442247393,
        "14,12": 50.928548720440816,
        "14,13": 46.37884861166838,
        "14,14": 0.0,
        "14,15": 50.44995337348468,
        "14,16": 58.75463799112539,
        "14,17": 41.280042018353896,
        "14,18": 71.41254181776867,
        "14,19": 40.35140735020821,
        "14,20": 60.25042950833271,
        "14,21": 5.1977913944839385,
        "14,22": 52.77134722921492,
        "14,23": 21.235103152428792,
        "14,24": 53.80727254248068,
        "14,25": 60.80731544687237,
        "14,26": 21.025690818982863,
        "14,27": 57.02000806705749,
        "14,28": 33.209141315808715,
        "14,29": 36.04011959134509,
        "14,30": 15.479650412316229,
        "15,0": 53.400819367575146,
        "15,1": 113.00823836308815,
        "15,2": 94.05660189604764,
        "15,3": 69.58183065509193,
        "15,4": 59.04409477246308,
        "15,5": 102.69723270811755,
        "15,6": 41.0864274099117,
        "15,7": 48.12895029840976,
        "15,8": 83.92831318327212,
        "15,9": 46.71410812926475,
        "15,10": 60.47606675457168,
        "15,11": 45.069577199054116,
        "15,12": 98.6497265762345,
        "15,13": 17.02562583160182,
        "15,14": 50.44995337348468,
        "15,15": 0.0,
        "15,16": 29.05510365685968,
        "15,17": 54.87737270687386,
        "15,18": 77.14148550988902,
        "15,19": 19.171240053015865,
        "15,20": 88.68440172182477,
        "15,21": 55.424112538364426,
        "15,22": 96.66572232720176,
        "15,23": 54.03196238485775,
        "15,24": 81.03412798361778,
        "15,25": 75.52850079154204,
        "15,26": 37.309800809420096,
        "15,27": 83.87592596621671,
        "15,28": 18.89381300678366,
        "15,29": 82.58676129806686,
        "15,30": 36.95553747829153,
        "16,0": 39.59402158745543,
        "16,1": 91.19039688586278,
        "16,2": 86.25609268251034,
        "16,3": 64.14107873692029,
        "16,4": 30.194265956314922,
        "16,5": 88.12871978738204,
        "16,6": 46.75909652813428,
        "16,7": 62.13150245974702,
        "16,8": 58.92084613087208,
        "16,9": 17.734682686094672,
        "16,10": 31.892547744739407,
        "16,11": 50.74316173337327,
        "16,12": 96.78958507535698,
        "16,13": 15.335177939316804,
        "16,14": 58.75463799112539,
        "16,15": 29.05510365685968,
        "16,16": 0.0,
        "16,17": 40.165638351068786,
        "16,18": 52.95567915475555,
        "16,19": 19.869065686287314,
        "16,20": 73.68984934154099,
        "16,21": 62.39442496284362,
        "16,22": 91.02968092386327,
        "16,23": 50.91673937470201,
        "16,24": 66.55269187171358,
        "16,25": 55.549378997188235,
        "16,26": 38.39301683065506,
        "16,27": 68.71931283875801,
        "16,28": 39.824702386609744,
        "16,29": 81.00175025273208,
        "16,30": 51.29128679175544,
        "17,0": 1.972704114299823,
        "17,1": 59.463565408201724,
        "17,2": 46.694168145941696,
        "17,3": 27.6192687507222,
        "17,4": 39.5793483342879,
        "17,5": 48.76298043866885,
        "17,6": 32.67834864768156,
        "17,7": 51.19531647728667,
        "17,8": 37.56790147960415,
        "17,9": 37.815866352815,
        "17,10": 51.52587390319137,
        "17,11": 33.908456629081314,
        "17,12": 60.115434894722114,
        "17,13": 39.40196502522125,
        "17,14": 41.280042018353896,
        "17,15": 54.87737270687386,
        "17,16": 40.165638351068786,
        "17,17": 0.0,
        "17,18": 30.334480668149915,
        "17,19": 35.733759013784564,
        "17,20": 34.38786602744314,
        "17,21": 41.56841568893419,
        "17,22": 52.267071408567475,
        "17,23": 21.527262234069028,
        "17,24": 26.900890144919032,
        "17,25": 22.264564404500202,
        "17,26": 25.799307916009447,
        "17,27": 29.444818381968524,
        "17,28": 49.98769645609976,
        "17,29": 45.765761671321144,
        "17,30": 45.916587572947215,
        "18,0": 32.26792600610265,
        "18,1": 38.80685502648589,
        "18,2": 58.773956211702554,
        "18,3": 50.71722407021217,
        "18,4": 31.697764545205988,
        "18,5": 46.879131444906534,
        "18,6": 62.96470767930957,
        "18,7": 81.525860055677,
        "18,8": 7.34218929047742,
        "18,9": 39.716402407396956,
        "18,10": 43.8769509241738,
        "18,11": 64.22865902998014,
        "18,12": 77.7888076136361,
        "18,13": 60.13508901464667,
        "18,14": 71.41254181776867,
        "18,15": 77.14148550988902,
        "18,16": 52.95567915475555,
        "18,17": 30.334480668149915,
        "18,18": 0.0,
        "18,19": 58.91886849841916,
        "18,20": 35.46375341994533,
        "18,21": 71.22930771248193,
        "18,22": 66.38986615708191,
        "18,23": 50.78549590361678,
        "18,24": 32.597678622948145,
        "18,25": 14.469209111431429,
        "18,26": 55.55874283703994,
        "18,27": 32.145454804842394,
        "18,28": 77.2908411947017,
        "18,29": 67.19391877919178,
        "18,30": 75.92562894587986,
        "19,0": 34.297584943179395,
        "19,1": 93.99155116204292,
        "19,2": 76.75142859722695,
        "19,3": 52.70128380696181,
        "19,4": 45.48682674757308,
        "19,5": 83.86721787166147,
        "19,6": 28.78400089275852,
        "19,7": 42.517876381306316,
        "19,8": 65.92705959833546,
        "19,9": 34.40166643041594,
        "19,10": 50.437802953525726,
        "19,11": 32.95805926748266,
        "19,12": 83.67206703872658,
        "19,13": 6.087493580468488,
        "19,14": 40.35140735020821,
        "19,15": 19.171240053015865,
        "19,16": 19.869065686287314,
        "19,17": 35.733759013784564,
        "19,18": 58.91886849841916,
        "19,19": 0.0,
        "19,20": 69.73065308291585,
        "19,21": 44.53630311402722,
        "19,22": 80.12746833515986,
        "19,23": 37.59584140251308,
        "19,24": 62.09971358033971,
        "19,25": 56.452189182827965,
        "19,26": 21.914371265210836,
        "19,27": 64.8790496500906,
        "19,28": 21.19991558703404,
        "19,29": 67.52008689373046,
        "19,30": 31.499467890234243,
        "20,0": 35.575315214418005,
        "20,1": 34.80962389426243,
        "20,2": 24.74148965066102,
        "20,3": 29.692480889804845,
        "20,4": 63.45762752912894,
        "20,5": 14.45017554647826,
        "20,6": 57.606505763112374,
        "20,7": 71.8602180536371,
        "20,8": 38.20962460647174,
        "20,9": 67.05711473325965,
        "20,10": 76.36649186900831,
        "20,11": 56.44494732505155,
        "20,12": 45.33604008613504,
        "20,13": 73.72844546578298,
        "20,14": 60.25042950833271,
        "20,15": 88.68440172182477,
        "20,16": 73.68984934154099,
        "20,17": 34.38786602744314,
        "20,18": 35.46375341994533,
        "20,19": 69.73065308291585,
        "20,20": 0.0,
        "20,21": 57.518072206947046,
        "20,22": 32.70082953770959,
        "20,23": 40.620627218607254,
        "20,24": 7.657838002378782,
        "20,25": 22.243175117479403,
        "20,26": 54.74751686934662,
        "20,27": 4.978435803949543,
        "20,28": 80.91920291880471,
        "20,29": 39.29925096412423,
        "20,30": 71.33884715584858,
        "21,0": 39.832484250692474,
        "21,1": 91.50261490533377,
        "21,2": 48.85825307764992,
        "21,3": 28.032510471485764,
        "21,4": 77.17927376147745,
        "21,5": 67.27113740901086,
        "21,6": 15.78047548357962,
        "21,7": 15.249273250519806,
        "21,8": 78.16116776211459,
        "21,9": 70.6199721119059,
        "21,10": 86.91236678732608,
        "21,11": 11.67343695940147,
        "21,12": 45.80107960920264,
        "21,13": 50.60749308370634,
        "21,14": 5.1977913944839385,
        "21,15": 55.424112538364426,
        "21,16": 62.39442496284362,
        "21,17": 41.56841568893419,
        "21,18": 71.22930771248193,
        "21,19": 44.53630311402722,
        "21,20": 57.518072206947046,
        "21,21": 0.0,
        "21,22": 48.04407299500425,
        "21,23": 20.454420756495807,
        "21,24": 51.432559919682106,
        "21,25": 59.882174817738985,
        "21,26": 24.121596037397346,
        "21,27": 54.59568304672614,
        "21,28": 38.374651177411245,
        "21,29": 31.117739113529378,
        "21,30": 20.64853416080911,
        "22,0": 52.236434831012154,
        "22,1": 63.279679820607676,
        "22,2": 7.968695544271373,
        "22,3": 27.440895645386604,
        "22,4": 89.82475021205379,
        "22,5": 31.081279595589375,
        "22,6": 56.986723473158754,
        "22,7": 63.025415969873286,
        "22,8": 70.2571887005256,
        "22,9": 89.96662745840882,
        "22,10": 102.50496573214356,
        "22,11": 53.78132204532723,
        "22,12": 13.145033709239415,
        "22,13": 85.60190573224672,
        "22,14": 52.77134722921492,
        "22,15": 96.66572232720176,
        "22,16": 91.02968092386327,
        "22,17": 52.267071408567475,
        "22,18": 66.38986615708191,
        "22,19": 80.12746833515986,
        "22,20": 32.70082953770959,
        "22,21": 48.04407299500425,
        "22,22": 0.0,
        "22,23": 42.716614891707145,
        "22,24": 33.795518606651974,
        "22,25": 52.02511164481093,
        "22,26": 59.36169994258173,
        "22,27": 34.615405090544094,
        "22,28": 83.16143668953687,
        "22,29": 17.344132233421988,
        "22,30": 67.76346363232003,
        "23,0": 19.955230962278208,
        "23,1": 72.95692627129841,
        "23,2": 40.13745400668913,
        "23,3": 15.584783311065884,
        "23,4": 59.433836330110054,
        "23,5": 52.646375346567545,
        "23,6": 17.074786779796003,
        "23,7": 32.38855781169138,
        "23,8": 57.70712757487204,
        "23,9": 54.88689908912179,
        "23,10": 70.3464444026576,
        "23,11": 15.911159954978919,
        "23,12": 46.307169638575616,
        "23,13": 43.274720770071184,
        "23,14": 21.235103152428792,
        "23,15": 54.03196238485775,
        "23,16": 50.91673937470201,
        "23,17": 21.527262234069028,
        "23,18": 50.78549590361678,
        "23,19": 37.59584140251308,
        "23,20": 40.620627218607254,
        "23,21": 20.454420756495807,
        "23,22": 42.716614891707145,
        "23,23": 0.0,
        "23,24": 33.60116757101204,
        "23,25": 39.61635341248871,
        "23,26": 16.75403389234999,
        "23,27": 36.84460606245369,
        "23,28": 42.0612837545373,
        "23,29": 30.263706551178775,
        "23,30": 30.71827055215614,
        "24,0": 28.015208601496113,
        "24,1": 40.089939591398085,
        "24,2": 26.20361549247709,
        "24,3": 24.298979919783385,
        "24,4": 58.2048616737787,
        "24,5": 21.870730949225706,
        "24,6": 50.439431175416075,
        "24,7": 65.36839325962998,
        "24,8": 36.67759006850889,
        "24,9": 60.82494496720649,
        "24,10": 71.11765050117653,
        "24,11": 49.503513251642374,
        "24,12": 45.47802155119406,
        "24,13": 66.157951216128,
        "24,14": 53.80727254248068,
        "24,15": 81.03412798361778,
        "24,16": 66.55269187171358,
        "24,17": 26.900890144919032,
        "24,18": 32.597678622948145,
        "24,19": 62.09971358033971,
        "24,20": 7.657838002378782,
        "24,21": 51.432559919682106,
        "24,22": 33.795518606651974,
        "24,23": 33.60116757101204,
        "24,24": 0.0,
        "24,25": 18.3041737461754,
        "24,26": 47.23401219652111,
        "24,27": 3.243634086619962,
        "24,28": 73.37092630141986,
        "24,29": 36.82388051220363,
        "24,30": 64.26108843722187,
        "25,0": 24.176216925418036,
        "25,1": 37.58067543215794,
        "25,2": 44.50270723095019,
        "25,3": 37.05174533991213,
        "25,4": 41.40262113731011,
        "25,5": 35.297348601052526,
        "25,6": 53.94900776692317,
        "25,7": 71.63568240835045,
        "25,8": 19.64205605490107,
        "25,9": 46.17311306216742,
        "25,10": 54.26940264030466,
        "25,11": 54.445521857695894,
        "25,12": 63.32166214834415,
        "25,13": 59.08194565737595,
        "25,14": 60.80731544687237,
        "25,15": 75.52850079154204,
        "25,16": 55.549378997188235,
        "25,17": 22.264564404500202,
        "25,18": 14.469209111431429,
        "25,19": 56.452189182827965,
        "25,20": 22.243175117479403,
        "25,21": 59.882174817738985,
        "25,22": 52.02511164481093,
        "25,23": 39.61635341248871,
        "25,24": 18.3041737461754,
        "25,25": 0.0,
        "25,26": 47.872814303593735,
        "25,27": 18.276542255278677,
        "25,28": 72.1711662989514,
        "25,29": 52.94183522893315,
        "25,30": 67.60511361023885,
        "26,0": 23.833653759025474,
        "26,1": 84.31086529662018,
        "26,2": 56.87801877467202,
        "26,3": 32.33634663222529,
        "26,4": 54.63707445780876,
        "26,5": 67.84593504809769,
        "26,6": 9.170576169408307,
        "26,7": 27.732748175525213,
        "26,8": 62.88928152439182,
        "26,9": 46.9581300116812,
        "26,10": 63.45019764432912,
        "26,11": 12.648869828523333,
        "26,12": 61.98332269555127,
        "26,13": 27.915306397166614,
        "26,14": 21.025690818982863,
        "26,15": 37.309800809420096,
        "26,16": 38.39301683065506,
        "26,17": 25.799307916009447,
        "26,18": 55.55874283703994,
        "26,19": 21.914371265210836,
        "26,20": 54.74751686934662,
        "26,21": 24.121596037397346,
        "26,22": 59.36169994258173,
        "26,23": 16.75403389234999,
        "26,24": 47.23401219652111,
        "26,25": 47.872814303593735,
        "26,26": 0.0,
        "26,27": 50.37819627227363,
        "26,28": 26.203053222582017,
        "26,29": 45.8236396184276,
        "26,30": 20.40141763030001,
        "27,0": 30.66654982186516,
        "27,1": 36.975979904413556,
        "27,2": 26.811316652103606,
        "27,3": 27.281252640305286,
        "27,4": 59.06904461939532,
        "27,5": 19.428381517458472,
        "27,6": 53.67324179455419,
        "27,7": 68.58855551041803,
        "27,8": 35.645340256198125,
        "27,9": 62.30117641241674,
        "27,10": 71.99049004094772,
        "27,11": 52.74714398562695,
        "27,12": 46.728933624218804,
        "27,13": 68.81318214126662,
        "27,14": 57.02000806705749,
        "27,15": 83.87592596621671,
        "27,16": 68.71931283875801,
        "27,17": 29.444818381968524,
        "27,18": 32.145454804842394,
        "27,19": 64.8790496500906,
        "27,20": 4.978435803949543,
        "27,21": 54.59568304672614,
        "27,22": 34.615405090544094,
        "27,23": 36.84460606245369,
        "27,24": 3.243634086619962,
        "27,25": 18.276542255278677,
        "27,26": 50.37819627227363,
        "27,27": 0.0,
        "27,28": 76.48636295983674,
        "27,29": 38.98856721161681,
        "27,30": 67.5005118357791,
        "28,0": 48.14847414271289,
        "28,1": 109.42457733531694,
        "28,2": 81.75121056746654,
        "28,3": 57.340983074299025,
        "28,4": 66.67258599903467,
        "28,5": 94.03335741295525,
        "28,6": 26.17597986639088,
        "28,7": 29.406712999471296,
        "28,8": 84.54309882758368,
        "28,9": 55.532627394670264,
        "28,10": 71.32267758945892,
        "28,11": 29.534209744967974,
        "28,12": 83.37346701563476,
        "28,13": 24.4954713154168,
        "28,14": 33.209141315808715,
        "28,15": 18.89381300678366,
        "28,16": 39.824702386609744,
        "28,17": 49.98769645609976,
        "28,18": 77.2908411947017,
        "28,19": 21.19991558703404,
        "28,20": 80.91920291880471,
        "28,21": 38.374651177411245,
        "28,22": 83.16143668953687,
        "28,23": 42.0612837545373,
        "28,24": 73.37092630141986,
        "28,25": 72.1711662989514,
        "28,26": 26.203053222582017,
        "28,27": 76.48636295983674,
        "28,28": 0.0,
        "28,29": 67.70968903760556,
        "28,30": 18.554021668018784,
        "29,0": 45.09988503235734,
        "29,1": 73.48144311876385,
        "29,2": 20.451326949904445,
        "29,3": 18.15106198912382,
        "29,4": 85.250818787852,
        "29,5": 43.39600158069487,
        "29,6": 41.8058262135802,
        "29,7": 45.86629015356434,
        "29,8": 72.48972600817685,
        "29,9": 83.04737281837926,
        "29,10": 97.28896100060135,
        "29,11": 38.1892358074713,
        "29,12": 16.16146746110484,
        "29,13": 73.34624480194455,
        "29,14": 36.04011959134509,
        "29,15": 82.58676129806686,
        "29,16": 81.00175025273208,
        "29,17": 45.765761671321144,
        "29,18": 67.19391877919178,
        "29,19": 67.52008689373046,
        "29,20": 39.29925096412423,
        "29,21": 31.117739113529378,
        "29,22": 17.344132233421988,
        "29,23": 30.263706551178775,
        "29,24": 36.82388051220363,
        "29,25": 52.94183522893315,
        "29,26": 45.8236396184276,
        "29,27": 38.98856721161681,
        "29,28": 67.70968903760556,
        "29,29": 0.0,
        "29,30": 51.34247579781044,
        "30,0": 43.944193639086215,
        "30,1": 103.05537523689621,
        "30,2": 67.53701513274947,
        "30,3": 44.18860788836734,
        "30,4": 73.0842821799544,
        "30,5": 83.08102538433369,
        "30,6": 13.913794903333914,
        "30,7": 11.416843576894694,
        "30,8": 83.24734743523052,
        "30,9": 63.82454421747946,
        "30,10": 80.38541035991393,
        "30,11": 15.065249331656316,
        "30,12": 66.40127028828852,
        "30,13": 36.93487841585837,
        "30,14": 15.479650412316229,
        "30,15": 36.95553747829153,
        "30,16": 51.29128679175544,
        "30,17": 45.916587572947215,
        "30,18": 75.92562894587986,
        "30,19": 31.499467890234243,
        "30,20": 71.33884715584858,
        "30,21": 20.64853416080911,
        "30,22": 67.76346363232003,
        "30,23": 30.71827055215614,
        "30,24": 64.26108843722187,
        "30,25": 67.60511361023885,
        "30,26": 20.40141763030001,
        "30,27": 67.5005118357791,
        "30,28": 18.554021668018784,
        "30,29": 51.34247579781044,
        "30,30": 0.0
    }
}