{
    "num_robots": 2,
    "num_tasks": 30,
    "num_nodes": 31,
    "robot_capacity": [
        237,
        166
    ],
    "robot_speed": [
        1.06,
        1.19
    ],
    "task_demand": {
        "0": 0,
        "1": 14,
        "2": 7,
        "3": 8,
        "4": 7,
        "5": 6,
        "6": 12,
        "7": 14,
        "8": 6,
        "9": 11,
        "10": 5,
        "11": 13,
        "12": 9,
        "13": 8,
        "14": 8,
        "15": 6,
        "16": 9,
        "17": 12,
        "18": 12,
        "19": 9,
        "20": 7,
        "21": 7,
        "22": 7,
        "23": 10,
        "24": 12,
        "25": 14,
        "26": 7,
        "27": 13,
        "28": 13,
        "29": 12,
        "30": 11
    },
    "task_service_time": {
        "0": 0,
        "1": 23,
        "2": 42,
        "3": 41,
        "4": 12,
        "5": 79,
        "6": 93,
        "7": 85,
        "8": 59,
        "9": 42,
        "10": 80,
        "11": 12,
        "12": 37,
        "13": 79,
        "14": 38,
        "15": 25,
        "16": 38,
        "17": 26,
        "18": 89,
        "19": 92,
        "20": 90,
        "21": 10,
        "22": 83,
        "23": 33,
        "24": 40,
        "25": 37,
        "26": 74,
        "27": 36,
        "28": 92,
        "29": 42,
        "30": 46
    },
    "task_precedence": [],
    "coordinates": {
        "0": [
            50.0,
            50.0
        ],
        "1": [
            11.277250491248658,
            19.859738422246252
        ],
        "2": [
            12.325190356239634,
            76.87911762341075
        ],
        "3": [
            18.634979559333086,
            10.848491836411489
        ],
        "4": [
            56.018148318986896,
            22.222752949505775
        ],
        "5": [
            4.016681143197531,
            84.43785800262587
        ],
        "6": [
            47.42356802462926,
            95.18615167589346
        ],
        "7": [
            26.765026279102422,
            10.939258871766523
        ],
        "8": [
            48.360383713306376,
            1.1140567846850802
        ],
        "9": [
            74.05914357940179,
            4.287793033544562
        ],
        "10": [
            92.99035843961252,
            26.42618667090687
        ],
        "11": [
            36.87194806124706,
            63.05276496824403
        ],
        "12": [
            60.33791291159692,
            78.76160063457175
        ],
        "13": [
            48.433926124942204,
            22.784753102558632
        ],
        "14": [
            78.40494571348907,
            55.848683866862814
        ],
        "15": [
            48.063299635890665,
            70.69034248736074
        ],
        "16": [
            88.11934681568138,
            24.88452176691378
        ],
        "17": [
            12.970018775482595,
            13.706380158446397
        ],
        "18": [
            51.055664843364724,
            38.45388028033347
        ],
        "19": [
            65.98582934180092,
            97.20333869205425
        ],
        "20": [
            7.423312233414736,
            8.504260252773111
        ],
        "21": [
            73.19470435359656,
            19.764454469847937
        ],
        "22": [
            30.85343501928801,
            9.621664709164312
        ],
        "23": [
            66.98755493955755,
            55.97205497471142
        ],
        "24": [
            61.7798531745985,
            96.67050636364192
        ],
        "25": [
            42.07153810845924,
            24.035207679182058
        ],
        "26": [
            19.3250497019834,
            87.16161606907792
        ],
        "27": [
            16.69175094169497,
            96.94208478243411
        ],
        "28": [
            62.334382165559575,
            89.47087936011656
        ],
        "29": [
            93.56192194479144,
            65.01818635421346
        ],
        "30": [
            41.19058254406737,
            39.902566864544156
        ]
    },
    "distance_matrix_str_keys": {
        "0,0": 0.0,
        "0,1": 49.07022210560006,
        "0,2": 46.280430485322086,
        "0,3": 50.16577616988489,
        "0,4": 28.421709359106373,
        "0,5": 57.449383607619225,
        "0,6": 45.25954380018165,
        "0,7": 45.44893289503804,
        "0,8": 48.91343154613654,
        "0,9": 51.657025229085036,
        "0,10": 49.02953797091394,
        "0,11": 18.512709715836127,
        "0,12": 30.563084177326743,
        "0,13": 27.260268727047254,
        "0,14": 29.000828332321174,
        "0,15": 20.780786331239398,
        "0,16": 45.64944521602454,
        "0,17": 51.85022999651328,
        "0,18": 11.594279142852674,
        "0,19": 49.836752737532656,
        "0,20": 59.453097129946705,
        "0,21": 38.10751269181249,
        "0,22": 44.68781614064144,
        "0,23": 18.006733836136462,
        "0,24": 48.13419891359821,
        "0,25": 27.148313911343013,
        "0,26": 48.186494836741744,
        "0,27": 57.55865511850767,
        "0,28": 41.353201821224786,
        "0,29": 46.078052963357564,
        "0,30": 13.400148948347262,
        "1,0": 49.07022210560006,
        "1,1": 0.0,
        "1,2": 57.02900825410545,
        "1,3": 11.633518043569332,
        "1,4": 44.80325631121193,
        "1,5": 64.98499362003254,
        "1,6": 83.55013348213882,
        "1,7": 17.873056657028656,
        "1,8": 41.5518874375362,
        "1,9": 64.68424524504401,
        "1,10": 81.97652257313251,
        "1,11": 50.2068330598829,
        "1,12": 76.65753693671061,
        "1,13": 37.27162801686503,
        "1,14": 76.16647333351851,
        "1,15": 62.74522867355294,
        "1,16": 77.00620893924234,
        "1,17": 6.38194973239231,
        "1,18": 43.90972967130753,
        "1,19": 94.73679909382066,
        "1,20": 11.991652286177125,
        "1,21": 61.91752717791277,
        "1,22": 22.091744024190277,
        "1,23": 66.39079325108803,
        "1,24": 91.92609504128428,
        "1,25": 31.07607911830424,
        "1,26": 67.78133819072475,
        "1,27": 77.27227792371498,
        "1,28": 86.32810456322996,
        "1,29": 93.86188031273224,
        "1,30": 36.00725491438603,
        "2,0": 46.280430485322086,
        "2,1": 57.02900825410545,
        "2,2": 0.0,
        "2,3": 66.3314177566725,
        "2,4": 69.97422936268242,
        "2,5": 11.232358677659056,
        "2,6": 39.58590166652357,
        "2,7": 67.50239872527486,
        "2,8": 83.89803099106075,
        "2,9": 95.29208459400438,
        "2,10": 95.14393088167486,
        "2,11": 28.172883089477676,
        "2,12": 48.0496125839223,
        "2,13": 65.03876591486653,
        "2,14": 69.3456070134402,
        "2,15": 36.27000679030636,
        "2,16": 91.9140476297219,
        "2,17": 63.17602838504154,
        "2,18": 54.557753975669385,
        "2,19": 57.380642540719535,
        "2,20": 68.5503430304041,
        "2,21": 83.46965006168037,
        "2,22": 69.7628900118527,
        "2,23": 58.524177657069295,
        "2,24": 53.2678396665804,
        "2,25": 60.64094345233864,
        "2,26": 12.438963186107761,
        "2,27": 20.5326448021316,
        "2,28": 51.57006621146924,
        "2,29": 82.09804047456329,
        "2,30": 46.90923333609434,
        "3,0": 50.16577616988489,
        "3,1": 11.633518043569332,
        "3,2": 66.3314177566725,
        "3,3": 0.0,
        "3,4": 39.07524948585237,
        "3,5": 75.02725812215432,
        "3,6": 89.11578812435177,
        "3,7": 8.130553383401358,
        "3,8": 31.27872884075266,
        "3,9": 55.81111651011309,
        "3,10": 75.96964489048615,
        "3,11": 55.29803932656903,
        "3,12": 79.69520058832974,
        "3,13": 32.10064718091758,
        "3,14": 74.81621573460158,
        "3,15": 66.68637875802553,
        "3,16": 70.88785106931259,
        "3,17": 6.345022170472493,
        "3,18": 42.5811966180619,
        "3,19": 98.48483411461558,
        "3,20": 11.454121788456453,
        "3,21": 55.283432955150346,
        "3,22": 12.279892451770571,
        "3,23": 66.13703573790127,
        "3,24": 96.05674519152404,
        "3,25": 26.891666949904653,
        "3,26": 76.31624418793261,
        "3,27": 86.11552057449252,
        "3,28": 89.95063984246431,
        "3,29": 92.457571347001,
        "3,30": 36.781714230651566,
        "4,0": 28.421709359106373,
        "4,1": 44.80325631121193,
        "4,2": 69.97422936268242,
        "4,3": 39.07524948585237,
        "4,4": 0.0,
        "4,5": 81.08558370762012,
        "4,6": 73.46784578400262,
        "4,7": 31.353825726420556,
        "4,8": 22.454808227520655,
        "4,9": 25.43895235998228,
        "4,10": 37.21039070278494,
        "4,11": 45.09619569054342,
        "4,12": 56.70363007507242,
        "4,13": 7.605016138094088,
        "4,14": 40.3964345907081,
        "4,15": 49.116054943174596,
        "4,16": 32.21136380474298,
        "4,17": 43.88245734585319,
        "4,18": 16.97279401499249,
        "4,19": 75.64022014291227,
        "4,20": 50.49410991446362,
        "4,21": 17.35157942739432,
        "4,22": 28.143386795069883,
        "4,23": 35.48722684003315,
        "4,24": 74.6703772004347,
        "4,25": 14.063887389748267,
        "4,26": 74.58846713386508,
        "4,27": 84.43662759866675,
        "4,28": 67.54409904456553,
        "4,29": 56.92964129838187,
        "4,30": 23.07449949359573,
        "5,0": 57.449383607619225,
        "5,1": 64.98499362003254,
        "5,2": 11.232358677659056,
        "5,3": 75.02725812215432,
        "5,4": 81.08558370762012,
        "5,5": 0.0,
        "5,6": 44.717822460672366,
        "5,7": 76.93849024136753,
        "5,8": 94.38866355147312,
        "5,9": 106.44237623557188,
        "5,10": 106.21520259523106,
        "5,11": 39.20192301846233,
        "5,12": 56.606545960852884,
        "5,13": 75.98682119675108,
        "5,14": 79.69287787214536,
        "5,15": 46.142158418124666,
        "5,16": 103.0526963743374,
        "5,17": 71.29589197688283,
        "5,18": 65.78139702612646,
        "5,19": 63.270315517568264,
        "5,20": 76.00997567833633,
        "5,21": 94.70083431423421,
        "5,22": 79.48379795612726,
        "5,23": 69.10595407561584,
        "5,24": 59.0442353583607,
        "5,25": 71.39084188285466,
        "5,26": 15.54879435635401,
        "5,27": 17.80486118333011,
        "5,28": 58.53448177372517,
        "5,29": 91.62681811100717,
        "5,30": 58.01112912291306,
        "6,0": 45.25954380018165,
        "6,1": 83.55013348213882,
        "6,2": 39.58590166652357,
        "6,3": 89.11578812435177,
        "6,4": 73.46784578400262,
        "6,5": 44.717822460672366,
        "6,6": 0.0,
        "6,7": 86.74280543193038,
        "6,8": 94.07675940876719,
        "6,9": 94.72045971703834,
        "6,10": 82.48796988779631,
        "6,11": 33.82146101449473,
        "6,12": 20.893687581863805,
        "6,13": 72.40844797995437,
        "6,14": 50.07276841883523,
        "6,15": 24.50416136772387,
        "6,16": 81.23093979063269,
        "6,17": 88.46468347537764,
        "6,18": 56.848419019354814,
        "6,19": 18.671544892298954,
        "6,20": 95.4660712716943,
        "6,21": 79.70309829063505,
        "6,22": 87.15417797038913,
        "6,23": 43.82345221564752,
        "6,24": 14.432817886548285,
        "6,25": 71.35195201146735,
        "6,26": 29.22190793964548,
        "6,27": 30.781940846762367,
        "6,28": 15.968616595962633,
        "6,29": 55.12580007684452,
        "6,30": 55.63384633111885,
        "7,0": 45.44893289503804,
        "7,1": 17.873056657028656,
        "7,2": 67.50239872527486,
        "7,3": 8.130553383401358,
        "7,4": 31.353825726420556,
        "7,5": 76.93849024136753,
        "7,6": 86.74280543193038,
        "7,7": 0.0,
        "7,8": 23.725388484975703,
        "7,9": 47.75955955629731,
        "7,10": 68.01205446408511,
        "7,11": 53.08453056755789,
        "7,12": 75.67700284121379,
        "7,13": 24.69528202108177,
        "7,14": 68.43637726078232,
        "7,15": 63.43349620837722,
        "7,16": 62.919178361768566,
        "7,17": 14.069797164142921,
        "7,18": 36.70271806169671,
        "7,19": 94.76161068768276,
        "7,20": 19.49438689724948,
        "7,21": 47.26096786403721,
        "7,22": 4.29547906573287,
        "7,23": 60.38049798312816,
        "7,24": 92.6060737696764,
        "7,25": 20.144308862522152,
        "7,26": 76.58460020253817,
        "7,27": 86.59074396633751,
        "7,28": 86.21133623082108,
        "7,29": 85.9439100124302,
        "7,30": 32.35691399744676,
        "8,0": 48.91343154613654,
        "8,1": 41.5518874375362,
        "8,2": 83.89803099106075,
        "8,3": 31.27872884075266,
        "8,4": 22.454808227520655,
        "8,5": 94.38866355147312,
        "8,6": 94.07675940876719,
        "8,7": 23.725388484975703,
        "8,8": 0.0,
        "8,9": 25.89399274798232,
        "8,10": 51.30826993231878,
        "8,11": 62.99514048860895,
        "8,12": 78.56591036585763,
        "8,13": 21.670821105528226,
        "8,14": 62.438410514745534,
        "8,15": 69.57691996006581,
        "8,16": 46.32289015645913,
        "8,17": 37.56387278199257,
        "8,18": 37.436973155641525,
        "8,19": 97.6924072335045,
        "8,20": 41.598785182376396,
        "8,21": 31.057701387570063,
        "8,22": 19.464651170048057,
        "8,23": 57.9341995138365,
        "8,24": 96.49413047827456,
        "8,25": 23.76822958004876,
        "8,26": 90.81427795203896,
        "8,27": 100.92528549159795,
        "8,28": 89.4550206996223,
        "8,29": 78.27462446113348,
        "8,30": 39.4455899058659,
        "9,0": 51.657025229085036,
        "9,1": 64.68424524504401,
        "9,2": 95.29208459400438,
        "9,3": 55.81111651011309,
        "9,4": 25.43895235998228,
        "9,5": 106.44237623557188,
        "9,6": 94.72045971703834,
        "9,7": 47.75955955629731,
        "9,8": 25.89399274798232,
        "9,9": 0.0,
        "9,10": 29.129012494869567,
        "9,11": 69.54286043147408,
        "9,12": 75.72727507070306,
        "9,13": 31.60362797817746,
        "9,14": 51.743709373352814,
        "9,15": 71.30976424236647,
        "9,16": 24.938214642621958,
        "9,17": 61.81092907195444,
        "9,18": 41.188366703651916,
        "9,19": 93.26562618562987,
        "9,20": 66.76909925243608,
        "9,21": 15.500783992723424,
        "9,22": 43.533704634839744,
        "9,23": 52.16579624902052,
        "9,24": 93.195207468391,
        "9,25": 37.59211737786809,
        "9,26": 99.3171263031052,
        "9,27": 108.97630713846547,
        "9,28": 85.98620951252438,
        "9,29": 63.785100429901775,
        "9,30": 48.46394969012284,
        "10,0": 49.02953797091394,
        "10,1": 81.97652257313251,
        "10,2": 95.14393088167486,
        "10,3": 75.96964489048615,
        "10,4": 37.21039070278494,
        "10,5": 106.21520259523106,
        "10,6": 82.48796988779631,
        "10,7": 68.01205446408511,
        "10,8": 51.30826993231878,
        "10,9": 29.129012494869567,
        "10,10": 0.0,
        "10,11": 67.01329883810828,
        "10,12": 61.686122861695516,
        "10,13": 44.70498516993928,
        "10,14": 32.839269261623336,
        "10,15": 63.06945459488601,
        "10,16": 5.1091569673162605,
        "10,17": 81.02498526798482,
        "10,18": 43.625496450738844,
        "10,19": 75.75387673260794,
        "10,20": 87.42376589343763,
        "10,21": 20.886517101034958,
        "10,22": 64.36916350634021,
        "10,23": 39.3586600850211,
        "10,24": 76.86585775227277,
        "10,25": 50.97492564442972,
        "10,26": 95.47444734372877,
        "10,27": 103.89402962921676,
        "10,28": 70.10293972147092,
        "10,29": 38.59623199739565,
        "10,30": 53.524103037343465,
        "11,0": 18.512709715836127,
        "11,1": 50.2068330598829,
        "11,2": 28.172883089477676,
        "11,3": 55.29803932656903,
        "11,4": 45.09619569054342,
        "11,5": 39.20192301846233,
        "11,6": 33.82146101449473,
        "11,7": 53.08453056755789,
        "11,8": 62.99514048860895,
        "11,9": 69.54286043147408,
        "11,10": 67.01329883810828,
        "11,11": 0.0,
        "11,12": 28.238608753788583,
        "11,13": 41.895013024945435,
        "11,14": 42.15315739652747,
        "11,15": 13.549130615201658,
        "11,16": 63.89922275092154,
        "11,17": 54.83035580204009,
        "11,18": 28.395121933959828,
        "11,19": 44.87627178012431,
        "11,20": 61.99001144389346,
        "11,21": 56.50858740473844,
        "11,22": 53.768996402500015,
        "11,23": 30.936810301992267,
        "11,24": 41.839649540400885,
        "11,25": 39.36248865943693,
        "11,26": 29.818288740846775,
        "11,27": 39.44269708390179,
        "11,28": 36.69131121312673,
        "11,29": 56.72403388460106,
        "11,30": 23.549570612577075,
        "12,0": 30.563084177326743,
        "12,1": 76.65753693671061,
        "12,2": 48.0496125839223,
        "12,3": 79.69520058832974,
        "12,4": 56.70363007507242,
        "12,5": 56.606545960852884,
        "12,6": 20.893687581863805,
        "12,7": 75.67700284121379,
        "12,8": 78.56591036585763,
        "12,9": 75.72727507070306,
        "12,10": 61.686122861695516,
        "12,11": 28.238608753788583,
        "12,12": 0.0,
        "12,13": 57.22859740583455,
        "12,14": 29.179092327702794,
        "12,15": 14.690518682029728,
        "12,16": 60.61804761850097,
        "12,17": 80.47297127661818,
        "12,18": 41.36269393252421,
        "12,19": 19.287215003296005,
        "12,20": 87.95481136615207,
        "12,21": 60.3817881630286,
        "12,22": 75.16425464508711,
        "12,23": 23.739863741876853,
        "12,24": 17.966861054029092,
        "12,25": 57.69435444093668,
        "12,26": 41.86424737112101,
        "12,27": 47.28125906269407,
        "12,28": 10.893784480309161,
        "12,29": 35.95436291076991,
        "12,30": 43.320258144931046,
        "13,0": 27.260268727047254,
        "13,1": 37.27162801686503,
        "13,2": 65.03876591486653,
        "13,3": 32.10064718091758,
        "13,4": 7.605016138094088,
        "13,5": 75.98682119675108,
        "13,6": 72.40844797995437,
        "13,7": 24.69528202108177,
        "13,8": 21.670821105528226,
        "13,9": 31.60362797817746,
        "13,10": 44.70498516993928,
        "13,11": 41.895013024945435,
        "13,12": 57.22859740583455,
        "13,13": 0.0,
        "13,14": 44.62606337964128,
        "13,15": 47.90702305820777,
        "13,16": 39.740931592562816,
        "13,17": 36.607452517259986,
        "13,18": 15.886946227043065,
        "13,19": 76.46041582201251,
        "13,20": 43.425832493951354,
        "13,21": 24.944304807297353,
        "13,22": 21.962253153269554,
        "13,23": 38.021495864101944,
        "13,24": 75.08141117328861,
        "13,25": 6.484105020778468,
        "13,26": 70.65201463523238,
        "13,27": 80.66520642286252,
        "13,28": 68.1194694149631,
        "13,29": 61.80775753041291,
        "13,30": 18.587242243555703,
        "14,0": 29.000828332321174,
        "14,1": 76.16647333351851,
        "14,2": 69.3456070134402,
        "14,3": 74.81621573460158,
        "14,4": 40.3964345907081,
        "14,5": 79.69287787214536,
        "14,6": 50.07276841883523,
        "14,7": 68.43637726078232,
        "14,8": 62.438410514745534,
        "14,9": 51.743709373352814,
        "14,10": 32.839269261623336,
        "14,11": 42.15315739652747,
        "14,12": 29.179092327702794,
        "14,13": 44.62606337964128,
        "14,14": 0.0,
        "14,15": 33.77706792049368,
        "14,16": 32.452256059112365,
        "14,17": 77.83124967026197,
        "14,18": 32.41237967084311,
        "14,19": 43.17918395667363,
        "14,20": 85.32225230764824,
        "14,21": 36.458445197302744,
        "14,22": 66.31804784149593,
        "14,23": 11.41805730038645,
        "14,24": 44.07737394497562,
        "14,25": 48.29299923733636,
        "14,26": 66.86504195639783,
        "14,27": 74.14301051177561,
        "14,28": 37.26546715841105,
        "14,29": 17.714787730644545,
        "14,30": 40.48688026456529,
        "15,0": 20.780786331239398,
        "15,1": 62.74522867355294,
        "15,2": 36.27000679030636,
        "15,3": 66.68637875802553,
        "15,4": 49.116054943174596,
        "15,5": 46.142158418124666,
        "15,6": 24.50416136772387,
        "15,7": 63.43349620837722,
        "15,8": 69.57691996006581,
        "15,9": 71.30976424236647,
        "15,10": 63.06945459488601,
        "15,11": 13.549130615201658,
        "15,12": 14.690518682029728,
        "15,13": 47.90702305820777,
        "15,14": 33.77706792049368,
        "15,15": 0.0,
        "15,16": 60.849487487926694,
        "15,17": 66.92316732082107,
        "15,18": 32.37504818776334,
        "15,19": 32.00243801352216,
        "15,20": 74.28807037311104,
        "15,21": 56.78937905504325,
        "15,22": 63.4473233927088,
        "15,23": 23.974057355887286,
        "15,24": 29.378780710210968,
        "15,25": 47.03831215265842,
        "15,26": 33.1238563978818,
        "15,27": 40.90633252931917,
        "15,28": 23.58754675241921,
        "15,29": 45.850823190067196,
        "15,30": 31.545544345044025,
        "16,0": 45.64944521602454,
        "16,1": 77.00620893924234,
        "16,2": 91.9140476297219,
        "16,3": 70.88785106931259,
        "16,4": 32.21136380474298,
        "16,5": 103.0526963743374,
        "16,6": 81.23093979063269,
        "16,7": 62.919178361768566,
        "16,8": 46.32289015645913,
        "16,9": 24.938214642621958,
        "16,10": 5.1091569673162605,
        "16,11": 63.89922275092154,
        "16,12": 60.61804761850097,
        "16,13": 39.740931592562816,
        "16,14": 32.452256059112365,
        "16,15": 60.849487487926694,
        "16,16": 0.0,
        "16,17": 75.9761301641006,
        "16,18": 39.46953270322245,
        "16,19": 75.6300461273068,
        "16,20": 82.34174496920753,
        "16,21": 15.778467661580715,
        "16,22": 59.264993541192574,
        "16,23": 37.58972397932357,
        "16,24": 76.46565575335332,
        "16,25": 46.055640492306075,
        "16,26": 92.79596860903172,
        "16,27": 101.46030672175796,
        "16,28": 69.54323827062623,
        "16,29": 40.501020446920585,
        "16,30": 49.273223911321004,
        "17,0": 51.85022999651328,
        "17,1": 6.38194973239231,
        "17,2": 63.17602838504154,
        "17,3": 6.345022170472493,
        "17,4": 43.88245734585319,
        "17,5": 71.29589197688283,
        "17,6": 88.46468347537764,
        "17,7": 14.069797164142921,
        "17,8": 37.56387278199257,
        "17,9": 61.81092907195444,
        "17,10": 81.02498526798482,
        "17,11": 54.83035580204009,
        "17,12": 80.47297127661818,
        "17,13": 36.607452517259986,
        "17,14": 77.83124967026197,
        "17,15": 66.92316732082107,
        "17,16": 75.9761301641006,
        "17,17": 0.0,
        "17,18": 45.41976660762125,
        "17,19": 98.9061082763182,
        "17,20": 7.604472695514175,
        "17,21": 60.52861321181208,
        "17,22": 18.34397658226828,
        "17,23": 68.58776480474783,
        "17,24": 96.25718763323978,
        "17,25": 30.8801409556485,
        "17,26": 73.72962837803615,
        "17,27": 83.31886829865579,
        "17,28": 90.42731728956385,
        "17,29": 95.54033866133828,
        "17,30": 38.50507002145942,
        "18,0": 11.594279142852674,
        "18,1": 43.90972967130753,
        "18,2": 54.557753975669385,
        "18,3": 42.5811966180619,
        "18,4": 16.97279401499249,
        "18,5": 65.78139702612646,
        "18,6": 56.848419019354814,
        "18,7": 36.70271806169671,
        "18,8": 37.436973155641525,
        "18,9": 41.188366703651916,
        "18,10": 43.625496450738844,
        "18,11": 28.395121933959828,
        "18,12": 41.36269393252421,
        "18,13": 15.886946227043065,
        "18,14": 32.41237967084311,
        "18,15": 32.37504818776334,
        "18,16": 39.46953270322245,
        "18,17": 45.41976660762125,
        "18,18": 0.0,
        "18,19": 60.61690090742741,
        "18,20": 52.92222533184196,
        "18,21": 28.972947857635223,
        "18,22": 35.20549310274156,
        "18,23": 23.679348949240794,
        "18,24": 59.196146562825525,
        "18,25": 16.988603614424523,
        "18,26": 58.13153587267925,
        "18,27": 67.83618978481115,
        "18,28": 52.24886275834687,
        "18,29": 50.12428802446341,
        "18,30": 9.970884694508408,
        "19,0": 49.836752737532656,
        "19,1": 94.73679909382066,
        "19,2": 57.380642540719535,
        "19,3": 98.48483411461558,
        "19,4": 75.64022014291227,
        "19,5": 63.270315517568264,
        "19,6": 18.671544892298954,
        "19,7": 94.76161068768276,
        "19,8": 97.6924072335045,
        "19,9": 93.26562618562987,
        "19,10": 75.75387673260794,
        "19,11": 44.87627178012431,
        "19,12": 19.287215003296005,
        "19,13": 76.46041582201251,
        "19,14": 43.17918395667363,
        "19,15": 32.00243801352216,
        "19,16": 75.6300461273068,
        "19,17": 98.9061082763182,
        "19,18": 60.61690090742741,
        "19,19": 0.0,
        "19,20": 106.2877929305514,
        "19,21": 77.77370165111061,
        "19,22": 94.36543195724671,
        "19,23": 41.24345052433441,
        "19,24": 4.239592646620201,
        "19,25": 76.97706620227814,
        "19,26": 47.72907447072909,
        "19,27": 49.29477070563453,
        "19,28": 8.55125685504483,
        "19,29": 42.38307344045175,
        "19,30": 62.435428370348276,
        "20,0": 59.453097129946705,
        "20,1": 11.991652286177125,
        "20,2": 68.5503430304041,
        "20,3": 11.454121788456453,
        "20,4": 50.49410991446362,
        "20,5": 76.00997567833633,
        "20,6": 95.4660712716943,
        "20,7": 19.49438689724948,
        "20,8": 41.598785182376396,
        "20,9": 66.76909925243608,
        "20,10": 87.42376589343763,
        "20,11": 61.99001144389346,
        "20,12": 87.95481136615207,
        "20,13": 43.425832493951354,
        "20,14": 85.32225230764824,
        "20,15": 74.28807037311104,
        "20,16": 82.34174496920753,
        "20,17": 7.604472695514175,
        "20,18": 52.92222533184196,
        "20,19": 106.2877929305514,
        "20,20": 0.0,
        "20,21": 66.72831479389362,
        "20,22": 23.45675268404092,
        "20,23": 76.16489050028473,
        "20,24": 103.57567521562616,
        "20,25": 37.96985494112378,
        "20,26": 79.55269309573066,
        "20,27": 88.92217250848213,
        "20,28": 97.83056276423301,
        "20,29": 103.02273499770786,
        "20,30": 46.109458924601014,
        "21,0": 38.10751269181249,
        "21,1": 61.91752717791277,
        "21,2": 83.46965006168037,
        "21,3": 55.283432955150346,
        "21,4": 17.35157942739432,
        "21,5": 94.70083431423421,
        "21,6": 79.70309829063505,
        "21,7": 47.26096786403721,
        "21,8": 31.057701387570063,
        "21,9": 15.500783992723424,
        "21,10": 20.886517101034958,
        "21,11": 56.50858740473844,
        "21,12": 60.3817881630286,
        "21,13": 24.944304807297353,
        "21,14": 36.458445197302744,
        "21,15": 56.78937905504325,
        "21,16": 15.778467661580715,
        "21,17": 60.52861321181208,
        "21,18": 28.972947857635223,
        "21,19": 77.77370165111061,
        "21,20": 66.72831479389362,
        "21,21": 0.0,
        "21,22": 43.53916941065695,
        "21,23": 36.735800497171624,
        "21,24": 77.74856683778555,
        "21,25": 31.414818320300583,
        "21,26": 86.2804559788414,
        "21,27": 95.65025020842205,
        "21,28": 70.54737606042218,
        "21,29": 49.625838047020615,
        "21,30": 37.812793914502,
        "22,0": 44.68781614064144,
        "22,1": 22.091744024190277,
        "22,2": 69.7628900118527,
        "22,3": 12.279892451770571,
        "22,4": 28.143386795069883,
        "22,5": 79.48379795612726,
        "22,6": 87.15417797038913,
        "22,7": 4.29547906573287,
        "22,8": 19.464651170048057,
        "22,9": 43.533704634839744,
        "22,10": 64.36916350634021,
        "22,11": 53.768996402500015,
        "22,12": 75.16425464508711,
        "22,13": 21.962253153269554,
        "22,14": 66.31804784149593,
        "22,15": 63.4473233927088,
        "22,16": 59.264993541192574,
        "22,17": 18.34397658226828,
        "22,18": 35.20549310274156,
        "22,19": 94.36543195724671,
        "22,20": 23.45675268404092,
        "22,21": 43.53916941065695,
        "22,22": 0.0,
        "22,23": 58.771024324755004,
        "22,24": 92.37934927949772,
        "22,25": 18.26461217403263,
        "22,26": 78.39226827259188,
        "22,27": 88.46134216529757,
        "22,28": 85.8309216634669,
        "22,29": 83.67274910540726,
        "22,30": 31.996713179524228,
        "23,0": 18.006733836136462,
        "23,1": 66.39079325108803,
        "23,2": 58.524177657069295,
        "23,3": 66.13703573790127,
        "23,4": 35.48722684003315,
        "23,5": 69.10595407561584,
        "23,6": 43.82345221564752,
        "23,7": 60.38049798312816,
        "23,8": 57.9341995138365,
        "23,9": 52.16579624902052,
        "23,10": 39.3586600850211,
        "23,11": 30.936810301992267,
        "23,12": 23.739863741876853,
        "23,13": 38.021495864101944,
        "23,14": 11.41805730038645,
        "23,15": 23.974057355887286,
        "23,16": 37.58972397932357,
        "23,17": 68.58776480474783,
        "23,18": 23.679348949240794,
        "23,19": 41.24345052433441,
        "23,20": 76.16489050028473,
        "23,21": 36.735800497171624,
        "23,22": 58.771024324755004,
        "23,23": 0.0,
        "23,24": 41.03028275712826,
        "23,25": 40.50642060100517,
        "23,26": 56.96054008505366,
        "23,27": 64.87072715976826,
        "23,28": 33.8204561185814,
        "23,29": 28.071862686043378,
        "23,30": 30.392634517206464,
        "24,0": 48.13419891359821,
        "24,1": 91.92609504128428,
        "24,2": 53.2678396665804,
        "24,3": 96.05674519152404,
        "24,4": 74.6703772004347,
        "24,5": 59.0442353583607,
        "24,6": 14.432817886548285,
        "24,7": 92.6060737696764,
        "24,8": 96.49413047827456,
        "24,9": 93.195207468391,
        "24,10": 76.86585775227277,
        "24,11": 41.839649540400885,
        "24,12": 17.966861054029092,
        "24,13": 75.08141117328861,
        "24,14": 44.07737394497562,
        "24,15": 29.378780710210968,
        "24,16": 76.46565575335332,
        "24,17": 96.25718763323978,
        "24,18": 59.196146562825525,
        "24,19": 4.239592646620201,
        "24,20": 103.57567521562616,
        "24,21": 77.74856683778555,
        "24,22": 92.37934927949772,
        "24,23": 41.03028275712826,
        "24,24": 0.0,
        "24,25": 75.26157251696849,
        "24,26": 43.506658485023,
        "24,27": 45.08892012237945,
        "24,28": 7.2209508647897565,
        "24,29": 44.85498029530878,
        "24,30": 60.38639764111182,
        "25,0": 27.148313911343013,
        "25,1": 31.07607911830424,
        "25,2": 60.64094345233864,
        "25,3": 26.891666949904653,
        "25,4": 14.063887389748267,
        "25,5": 71.39084188285466,
        "25,6": 71.35195201146735,
        "25,7": 20.144308862522152,
        "25,8": 23.76822958004876,
        "25,9": 37.59211737786809,
        "25,10": 50.97492564442972,
        "25,11": 39.36248865943693,
        "25,12": 57.69435444093668,
        "25,13": 6.484105020778468,
        "25,14": 48.29299923733636,
        "25,15": 47.03831215265842,
        "25,16": 46.055640492306075,
        "25,17": 30.8801409556485,
        "25,18": 16.988603614424523,
        "25,19": 76.97706620227814,
        "25,20": 37.96985494112378,
        "25,21": 31.414818320300583,
        "25,22": 18.26461217403263,
        "25,23": 40.50642060100517,
        "25,24": 75.26157251696849,
        "25,25": 0.0,
        "25,26": 67.09952437263512,
        "25,27": 77.19809794016268,
        "25,28": 68.50116770988228,
        "25,29": 65.80930153626385,
        "25,30": 15.891795689088376,
        "26,0": 48.186494836741744,
        "26,1": 67.78133819072475,
        "26,2": 12.438963186107761,
        "26,3": 76.31624418793261,
        "26,4": 74.58846713386508,
        "26,5": 15.54879435635401,
        "26,6": 29.22190793964548,
        "26,7": 76.58460020253817,
        "26,8": 90.81427795203896,
        "26,9": 99.3171263031052,
        "26,10": 95.47444734372877,
        "26,11": 29.818288740846775,
        "26,12": 41.86424737112101,
        "26,13": 70.65201463523238,
        "26,14": 66.86504195639783,
        "26,15": 33.1238563978818,
        "26,16": 92.79596860903172,
        "26,17": 73.72962837803615,
        "26,18": 58.13153587267925,
        "26,19": 47.72907447072909,
        "26,20": 79.55269309573066,
        "26,21": 86.2804559788414,
        "26,22": 78.39226827259188,
        "26,23": 56.96054008505366,
        "26,24": 43.506658485023,
        "26,25": 67.09952437263512,
        "26,26": 0.0,
        "26,27": 10.128762541094336,
        "26,28": 43.07128249669106,
        "26,29": 77.46899173173834,
        "26,30": 52.07225036605194,
        "27,0": 57.55865511850767,
        "27,1": 77.27227792371498,
        "27,2": 20.5326448021316,
        "27,3": 86.11552057449252,
        "27,4": 84.43662759866675,
        "27,5": 17.80486118333011,
        "27,6": 30.781940846762367,
        "27,7": 86.59074396633751,
        "27,8": 100.92528549159795,
        "27,9": 108.97630713846547,
        "27,10": 103.89402962921676,
        "27,11": 39.44269708390179,
        "27,12": 47.28125906269407,
        "27,13": 80.66520642286252,
        "27,14": 74.14301051177561,
        "27,15": 40.90633252931917,
        "27,16": 101.46030672175796,
        "27,17": 83.31886829865579,
        "27,18": 67.83618978481115,
        "27,19": 49.29477070563453,
        "27,20": 88.92217250848213,
        "27,21": 95.65025020842205,
        "27,22": 88.46134216529757,
        "27,23": 64.87072715976826,
        "27,24": 45.08892012237945,
        "27,25": 77.19809794016268,
        "27,26": 10.128762541094336,
        "27,27": 0.0,
        "27,28": 46.25006697833169,
        "27,29": 83.2355601945505,
        "27,30": 62.07817131799784,
        "28,0": 41.353201821224786,
        "28,1": 86.32810456322996,
        "28,2": 51.57006621146924,
        "28,3": 89.95063984246431,
        "28,4": 67.54409904456553,
        "28,5": 58.53448177372517,
        "28,6": 15.968616595962633,
        "28,7": 86.21133623082108,
        "28,8": 89.4550206996223,
        "28,9": 85.98620951252438,
        "28,10": 70.10293972147092,
        "28,11": 36.69131121312673,
        "28,12": 10.893784480309161,
        "28,13": 68.1194694149631,
        "28,14": 37.26546715841105,
        "28,15": 23.58754675241921,
        "28,16": 69.54323827062623,
        "28,17": 90.42731728956385,
        "28,18": 52.24886275834687,
        "28,19": 8.55125685504483,
        "28,20": 97.83056276423301,
        "28,21": 70.54737606042218,
        "28,22": 85.8309216634669,
        "28,23": 33.8204561185814,
        "28,24": 7.2209508647897565,
        "28,25": 68.50116770988228,
        "28,26": 43.07128249669106,
        "28,27": 46.25006697833169,
        "28,28": 0.0,
        "28,29": 39.66224194248795,
        "28,30": 53.88949680682251,
        "29,0": 46.078052963357564,
        "29,1": 93.86188031273224,
        "29,2": 82.09804047456329,
        "29,3": 92.457571347001,
        "29,4": 56.92964129838187,
        "29,5": 91.62681811100717,
        "29,6": 55.12580007684452,
        "29,7": 85.9439100124302,
        "29,8": 78.27462446113348,
        "29,9": 63.785100429901775,
        "29,10": 38.59623199739565,
        "29,11": 56.72403388460106,
        "29,12": 35.95436291076991,
        "29,13": 61.80775753041291,
        "29,14": 17.714787730644545,
        "29,15": 45.850823190067196,
        "29,16": 40.501020446920585,
        "29,17": 95.54033866133828,
        "29,18": 50.12428802446341,
        "29,19": 42.38307344045175,
        "29,20": 103.02273499770786,
        "29,21": 49.625838047020615,
        "29,22": 83.67274910540726,
        "29,23": 28.071862686043378,
        "29,24": 44.85498029530878,
        "29,25": 65.80930153626385,
        "29,26": 77.46899173173834,
        "29,27": 83.2355601945505,
        "29,28": 39.66224194248795,
        "29,29": 0.0,
        "29,30": 58.082282436003574,
        "30,0": 13.400148948347262,
        "30,1": 36.00725491438603,
        "30,2": 46.90923333609434,
        "30,3": 36.781714230651566,
        "30,4": 23.07449949359573,
        "30,5": 58.01112912291306,
        "30,6": 55.63384633111885,
        "30,7": 32.35691399744676,
        "30,8": 39.4455899058659,
        "30,9": 48.46394969012284,
        "30,10": 53.524103037343465,
        "30,11": 23.549570612577075,
        "30,12": 43.320258144931046,
        "30,13": 18.587242243555703,
        "30,14": 40.48688026456529,
        "30,15": 31.545544345044025,
        "30,16": 49.273223911321004,
        "30,17": 38.50507002145942,
        "30,18": 9.970884694508408,
        "30,19": 62.435428370348276,
        "30,20": 46.109458924601014,
        "30,21": 37.812793914502,
        "30,22": 31.996713179524228,
        "30,23": 30.392634517206464,
        "30,24": 60.38639764111182,
        "30,25": 15.891795689088376,
        "30,26": 52.07225036605194,
        "30,27": 62.07817131799784,
        "30,28": 53.88949680682251,
        "30,29": 58.082282436003574,
        "30,30": 0.0
    }
}