{
    "num_robots": 2,
    "num_tasks": 50,
    "num_nodes": 51,
    "robot_capacity": [
        286,
        340
    ],
    "robot_speed": [
        1.13,
        1.17
    ],
    "task_demand": {
        "0": 0,
        "1": 12,
        "2": 9,
        "3": 8,
        "4": 10,
        "5": 9,
        "6": 8,
        "7": 13,
        "8": 10,
        "9": 5,
        "10": 5,
        "11": 9,
        "12": 7,
        "13": 7,
        "14": 7,
        "15": 13,
        "16": 10,
        "17": 14,
        "18": 9,
        "19": 8,
        "20": 11,
        "21": 10,
        "22": 9,
        "23": 6,
        "24": 5,
        "25": 5,
        "26": 6,
        "27": 13,
        "28": 13,
        "29": 13,
        "30": 10,
        "31": 14,
        "32": 15,
        "33": 13,
        "34": 11,
        "35": 8,
        "36": 6,
        "37": 11,
        "38": 9,
        "39": 15,
        "40": 14,
        "41": 8,
        "42": 5,
        "43": 6,
        "44": 14,
        "45": 14,
        "46": 14,
        "47": 15,
        "48": 11,
        "49": 12,
        "50": 5
    },
    "task_service_time": {
        "0": 0,
        "1": 56,
        "2": 68,
        "3": 59,
        "4": 41,
        "5": 89,
        "6": 41,
        "7": 32,
        "8": 26,
        "9": 65,
        "10": 12,
        "11": 34,
        "12": 61,
        "13": 75,
        "14": 82,
        "15": 25,
        "16": 15,
        "17": 77,
        "18": 88,
        "19": 96,
        "20": 26,
        "21": 60,
        "22": 79,
        "23": 42,
        "24": 21,
        "25": 77,
        "26": 31,
        "27": 31,
        "28": 12,
        "29": 67,
        "30": 45,
        "31": 84,
        "32": 57,
        "33": 68,
        "34": 97,
        "35": 23,
        "36": 92,
        "37": 76,
        "38": 70,
        "39": 44,
        "40": 38,
        "41": 32,
        "42": 11,
        "43": 72,
        "44": 74,
        "45": 67,
        "46": 23,
        "47": 47,
        "48": 73,
        "49": 24,
        "50": 12
    },
    "task_precedence": [],
    "coordinates": {
        "0": [
            0,
            100
        ],
        "1": [
            98.41428476176006,
            8.89403174851836
        ],
        "2": [
            50.52568341106274,
            25.80933217758502
        ],
        "3": [
            21.982671386488317,
            42.62472858591866
        ],
        "4": [
            71.33972988188543,
            91.98530027463138
        ],
        "5": [
            92.22309576626716,
            86.87430439373487
        ],
        "6": [
            18.632262452459457,
            70.1206775403587
        ],
        "7": [
            36.18466831154091,
            36.046275244995115
        ],
        "8": [
            19.682694213373896,
            59.41095709077013
        ],
        "9": [
            15.369987024854437,
            8.005652285160902
        ],
        "10": [
            97.390777142256,
            36.73088572691678
        ],
        "11": [
            72.59581143409774,
            93.62555215920601
        ],
        "12": [
            52.70025739878448,
            60.67023621140615
        ],
        "13": [
            75.82976086689004,
            14.645903513245607
        ],
        "14": [
            77.18410949677,
            0.18550804312895686
        ],
        "15": [
            52.46874475430283,
            3.4206861110525844
        ],
        "16": [
            7.561509787965271,
            73.20660890141642
        ],
        "17": [
            53.47509845678985,
            18.38402921807525
        ],
        "18": [
            57.211980966209765,
            82.2029880027261
        ],
        "19": [
            95.75010835641888,
            4.504830261148685
        ],
        "20": [
            52.5978571205375,
            36.04255557586997
        ],
        "21": [
            21.88246564144256,
            14.226197178519417
        ],
        "22": [
            90.8614084789135,
            7.11915282028942
        ],
        "23": [
            35.69764080452299,
            46.46260645694469
        ],
        "24": [
            69.48308716483162,
            1.4495517499901522
        ],
        "25": [
            73.7840995108852,
            0.10925577745972692
        ],
        "26": [
            99.42060631739757,
            39.01274320736137
        ],
        "27": [
            82.28256683983702,
            76.2015330265382
        ],
        "28": [
            36.25054175855822,
            38.97526483069355
        ],
        "29": [
            77.45259203477406,
            67.8799961537793
        ],
        "30": [
            48.57564931931804,
            52.72011898993488
        ],
        "31": [
            4.3788985281051795,
            23.136940515587657
        ],
        "32": [
            7.013858579913023,
            78.52140092521125
        ],
        "33": [
            40.94626054839088,
            9.708027061375757
        ],
        "34": [
            76.78934987273014,
            97.5296552813671
        ],
        "35": [
            26.974316212767025,
            17.357197922976965
        ],
        "36": [
            2.085990692856421,
            85.85659516789894
        ],
        "37": [
            61.331660858168625,
            54.515578227675
        ],
        "38": [
            53.89637642005945,
            47.68366489782008
        ],
        "39": [
            68.44947058422784,
            43.908315296671965
        ],
        "40": [
            97.24088857083878,
            47.15528550543184
        ],
        "41": [
            73.50031671218365,
            29.566717802658516
        ],
        "42": [
            16.91734507880682,
            33.52802830372613
        ],
        "43": [
            63.44206047975174,
            78.45772864639152
        ],
        "44": [
            50.24270964058925,
            82.34776623255785
        ],
        "45": [
            53.81102644746325,
            80.60777485262062
        ],
        "46": [
            92.88762618825317,
            69.91586525780184
        ],
        "47": [
            67.5477377802708,
            85.18701501371311
        ],
        "48": [
            24.629579501462786,
            26.80171898681841
        ],
        "49": [
            87.41804065892548,
            68.73044955490784
        ],
        "50": [
            9.180914134858165,
            12.91514463770611
        ]
    },
    "distance_matrix_str_keys": {
        "0,0": 0.0,
        "0,1": 134.11065914463614,
        "0,2": 89.76134956700942,
        "0,3": 61.44232752041406,
        "0,4": 71.78852604217613,
        "0,5": 93.15247327828936,
        "0,6": 35.21271240254797,
        "0,7": 73.4806718182078,
        "0,8": 45.10963151905018,
        "0,9": 93.26948328699433,
        "0,10": 116.13760929721705,
        "0,11": 72.87513583555148,
        "0,12": 65.75825004944038,
        "0,13": 114.17300215112112,
        "0,14": 126.17574871352123,
        "0,15": 109.91147823294895,
        "0,16": 27.83993959826696,
        "0,17": 97.57434520220652,
        "0,18": 59.91614475338896,
        "0,19": 135.23095316427367,
        "0,20": 82.8075435630001,
        "0,21": 88.52111360013015,
        "0,22": 129.9332417959035,
        "0,23": 64.34729261121034,
        "0,24": 120.5822965954516,
        "0,25": 124.1863685030091,
        "0,26": 116.6357683200578,
        "0,27": 85.65505143328792,
        "0,28": 70.97971597768591,
        "0,29": 83.84866522483455,
        "0,30": 67.78628810548103,
        "0,31": 76.98769165018362,
        "0,32": 22.59478768199727,
        "0,33": 99.14250667622825,
        "0,34": 76.82907559580187,
        "0,35": 86.93357504605656,
        "0,36": 14.296407150587978,
        "0,37": 76.3570903556714,
        "0,38": 75.11203838091683,
        "0,39": 88.49636781314042,
        "0,40": 110.67228316095546,
        "0,41": 101.79952749341051,
        "0,42": 68.59095848364902,
        "0,43": 66.99973502178183,
        "0,44": 53.25346213166788,
        "0,45": 57.19864476975169,
        "0,46": 97.6379345442917,
        "0,47": 69.15288427416591,
        "0,48": 77.23085218812217,
        "0,49": 92.84233203492742,
        "0,50": 87.56746666327219,
        "1,0": 134.11065914463614,
        "1,1": 0.0,
        "1,2": 50.78824202442522,
        "1,3": 83.54370971104662,
        "1,4": 87.39102028939796,
        "1,5": 78.22565910876185,
        "1,6": 100.56775446772797,
        "1,7": 67.8952832708823,
        "1,8": 93.54476519994782,
        "1,9": 83.04904939062664,
        "1,10": 27.855663827341452,
        "1,11": 88.5777856805982,
        "1,12": 69.06915119158221,
        "1,13": 23.305466061759446,
        "1,14": 22.946867474876054,
        "1,15": 46.27040262461543,
        "1,16": 111.31187852375172,
        "1,17": 45.9302788770656,
        "1,18": 84.0941906741611,
        "1,19": 5.134483967791196,
        "1,20": 53.2558671679249,
        "1,21": 76.71734696949505,
        "1,22": 7.758616845408536,
        "1,23": 73.10796970838031,
        "1,24": 29.873641840944074,
        "1,25": 26.149919968407218,
        "1,26": 30.135518296760416,
        "1,27": 69.2136695415229,
        "1,28": 69.05947819026926,
        "1,29": 62.59981276968238,
        "1,30": 66.3672773711329,
        "1,31": 95.10790878922587,
        "1,32": 114.89999323190038,
        "1,33": 57.47378876807879,
        "1,34": 91.23547318895032,
        "1,35": 71.9395182634525,
        "1,36": 123.29791728292638,
        "1,37": 58.7915512529229,
        "1,38": 59.04642074654029,
        "1,39": 46.0856826040858,
        "1,40": 38.27924238633511,
        "1,41": 32.37384364990285,
        "1,42": 85.13862204645379,
        "1,43": 77.85990237169746,
        "1,44": 87.84049043184113,
        "1,45": 84.4530141691406,
        "1,46": 61.27159309029617,
        "1,47": 82.30044360794035,
        "1,48": 75.92672778787266,
        "1,49": 60.83842766105916,
        "1,50": 89.32392614694916,
        "2,0": 89.76134956700942,
        "2,1": 50.78824202442522,
        "2,2": 0.0,
        "2,3": 33.12795031094438,
        "2,4": 69.37206414739917,
        "2,5": 73.94325546579017,
        "2,6": 54.59565576400452,
        "2,7": 17.619867123508868,
        "2,8": 45.61095459925316,
        "2,9": 39.40677614460698,
        "2,10": 48.12086182067453,
        "2,11": 71.31711045428555,
        "2,12": 34.92866161311312,
        "2,13": 27.657159569165856,
        "2,14": 36.97637143691429,
        "2,15": 22.472804900057586,
        "2,16": 63.97204120513205,
        "2,17": 7.989629099805951,
        "2,18": 56.78865196780457,
        "2,19": 49.99130337914376,
        "2,20": 10.440917823709032,
        "2,21": 30.89664934267895,
        "2,22": 44.45552295448928,
        "2,23": 25.42495990163638,
        "2,24": 30.867167987427102,
        "2,25": 34.661907715022814,
        "2,26": 50.64625898166267,
        "2,27": 59.564029006691584,
        "2,28": 19.419615130719215,
        "2,29": 49.949966720985415,
        "2,30": 26.981346886668014,
        "2,31": 46.2241001235186,
        "2,32": 68.35086752771416,
        "2,33": 18.735457529165032,
        "2,34": 76.37790860006976,
        "2,35": 25.02209963945628,
        "2,36": 77.14970915863633,
        "2,37": 30.672751928636394,
        "2,38": 22.132510099770553,
        "2,39": 25.472246398264762,
        "2,40": 51.36107589015811,
        "2,41": 23.279856572936243,
        "2,42": 34.48331009840975,
        "2,43": 54.20965271348998,
        "2,44": 56.53914218966615,
        "2,45": 54.89683778211627,
        "2,46": 61.15488906223457,
        "2,47": 61.76940629418495,
        "2,48": 25.915111986559857,
        "2,49": 56.5974234415477,
        "2,50": 43.30877530958545,
        "3,0": 61.44232752041406,
        "3,1": 83.54370971104662,
        "3,2": 33.12795031094438,
        "3,3": 0.0,
        "3,4": 69.80390577005416,
        "3,5": 83.01651749033505,
        "3,6": 27.6993221745658,
        "3,7": 15.651605828729252,
        "3,8": 16.943062368236017,
        "3,9": 35.244971817044835,
        "3,10": 75.63808430492969,
        "3,11": 71.85244568302812,
        "3,12": 35.625979788411996,
        "3,13": 60.68215304319407,
        "3,14": 69.6296360016538,
        "3,15": 49.662436667554616,
        "3,16": 33.811555798012975,
        "3,17": 39.74147038825344,
        "3,18": 52.9862517255935,
        "3,19": 83.03470000790921,
        "3,20": 31.314766469902693,
        "3,21": 28.39870819752866,
        "3,22": 77.49145974813139,
        "3,23": 14.2418289798234,
        "3,24": 62.862426667966524,
        "3,25": 67.01457590594651,
        "3,26": 77.52212719436075,
        "3,27": 69.01796279323514,
        "3,28": 14.727209873390546,
        "3,29": 60.948672148385235,
        "3,30": 28.44474262048211,
        "3,31": 26.26150610158683,
        "3,32": 38.89262708885614,
        "3,33": 37.98851080467979,
        "3,34": 77.5778511053693,
        "3,35": 25.75586581488601,
        "3,36": 47.59067335924643,
        "3,37": 41.106389742292684,
        "3,38": 32.312186641848584,
        "3,39": 46.48452454879009,
        "3,40": 75.3944639862093,
        "3,41": 53.1467724845063,
        "3,42": 10.41189159698332,
        "3,43": 54.798584263833476,
        "3,44": 48.74986648186395,
        "3,45": 49.55558484758212,
        "3,46": 75.97577743125582,
        "3,47": 62.35161185912855,
        "3,48": 16.04287241557248,
        "3,49": 70.45066514328259,
        "3,50": 32.350337975136426,
        "4,0": 71.78852604217613,
        "4,1": 87.39102028939796,
        "4,2": 69.37206414739917,
        "4,3": 69.80390577005416,
        "4,4": 0.0,
        "4,5": 21.49970347599008,
        "4,6": 57.06258713146534,
        "4,7": 66.06854679256224,
        "4,8": 61.06993669488975,
        "4,9": 100.92171912882552,
        "4,10": 61.08770244797848,
        "4,11": 2.065954285713672,
        "4,12": 36.44260105607417,
        "4,13": 77.46962417400353,
        "4,14": 91.98564359088809,
        "4,15": 90.55277445572293,
        "4,16": 66.48534130196656,
        "4,17": 75.73831366683021,
        "4,18": 17.183914653228573,
        "4,19": 90.8223497331456,
        "4,20": 58.99871591003786,
        "4,21": 92.1547562552295,
        "4,22": 87.08248342225764,
        "4,23": 57.81586431263904,
        "4,24": 90.55478387747313,
        "4,25": 91.90855507149182,
        "4,26": 59.95521181375043,
        "4,27": 19.206066469485368,
        "4,28": 63.571337731101686,
        "4,29": 24.868308556453663,
        "4,30": 45.386758258099235,
        "4,31": 96.04087451236641,
        "4,32": 65.71981667997282,
        "4,33": 87.71153097247127,
        "4,34": 7.774202884240266,
        "4,35": 86.81960372312815,
        "4,36": 69.52439440906579,
        "4,37": 38.78326334721782,
        "4,38": 47.6120308016171,
        "4,39": 48.16378393958091,
        "4,40": 51.77451347561841,
        "4,41": 62.455965073495875,
        "4,42": 79.8689464932069,
        "4,43": 15.66423876677571,
        "4,44": 23.194101092169692,
        "4,45": 20.897452687359415,
        "4,46": 30.844315476146303,
        "4,47": 7.784335976017896,
        "4,48": 80.19187875381533,
        "4,49": 28.271896990469333,
        "4,50": 100.57737264176507,
        "5,0": 93.15247327828936,
        "5,1": 78.22565910876185,
        "5,2": 73.94325546579017,
        "5,3": 83.01651749033505,
        "5,4": 21.49970347599008,
        "5,5": 0.0,
        "5,6": 75.47380181601294,
        "5,7": 75.65575919084915,
        "5,8": 77.56510363906092,
        "5,9": 110.12113606679999,
        "5,10": 50.40900084706642,
        "5,11": 20.755954245627986,
        "5,12": 47.420543458782646,
        "5,13": 74.06539895845967,
        "5,14": 87.98362643543939,
        "5,15": 92.43870849841052,
        "5,16": 85.75774041118474,
        "5,17": 78.69132791567847,
        "5,18": 35.321372515344095,
        "5,19": 82.44495185692011,
        "5,20": 64.45173562917866,
        "5,21": 101.12147016490032,
        "5,22": 79.76677500546077,
        "5,23": 69.48548329519296,
        "5,24": 88.39964001871463,
        "5,25": 88.70270708546938,
        "5,26": 48.3997231121275,
        "5,27": 14.584997908592502,
        "5,28": 73.66983638645937,
        "5,29": 24.061411554530544,
        "5,30": 55.42208911559033,
        "5,31": 108.53135280900376,
        "5,32": 85.61766814294134,
        "5,33": 92.64959895917413,
        "5,34": 18.754653151813702,
        "5,35": 95.34165577169273,
        "5,36": 90.14285020501315,
        "5,37": 44.73665063201912,
        "5,38": 54.81645409858002,
        "5,39": 49.10459727342261,
        "5,40": 40.03471875858482,
        "5,41": 60.288489252939016,
        "5,42": 92.2864088545728,
        "5,43": 29.98644259451952,
        "5,44": 42.22371806207505,
        "5,45": 38.919872325616055,
        "5,46": 16.971454227876,
        "5,47": 24.73297873667887,
        "5,48": 90.43007773142544,
        "5,49": 18.769337308413895,
        "5,50": 111.20234368897854,
        "6,0": 35.21271240254797,
        "6,1": 100.56775446772797,
        "6,2": 54.59565576400452,
        "6,3": 27.6993221745658,
        "6,4": 57.06258713146534,
        "6,5": 75.47380181601294,
        "6,6": 0.0,
        "6,7": 38.3295166057204,
        "6,8": 10.761111419954416,
        "6,9": 62.200633464776026,
        "6,10": 85.54403447048713,
        "6,11": 58.86037503738323,
        "6,12": 35.35447808941325,
        "6,13": 79.68063992105014,
        "6,14": 91.20990475220654,
        "6,15": 74.79168664519118,
        "6,16": 11.49280370160235,
        "6,17": 62.37550801755683,
        "6,18": 40.427427653874304,
        "6,19": 101.25513108497486,
        "6,20": 48.11423924144224,
        "6,21": 55.98889850398661,
        "6,22": 95.84488328942929,
        "6,23": 29.170729604981577,
        "6,24": 85.44898999546466,
        "6,25": 89.12532921780243,
        "6,26": 86.5705497435794,
        "6,27": 63.94011301248704,
        "6,28": 35.783243265012736,
        "6,29": 58.86299198348889,
        "6,30": 34.6321505963041,
        "6,31": 49.098166238393524,
        "6,32": 14.337345009952523,
        "6,33": 64.40188544538886,
        "6,34": 64.29229252419064,
        "6,35": 53.418860361053376,
        "6,36": 22.834145762943898,
        "6,37": 45.461607415138765,
        "6,38": 41.79685718138768,
        "6,39": 56.292469837787216,
        "6,40": 81.89459891553916,
        "6,41": 68.22849132624175,
        "6,42": 36.63281206450962,
        "6,43": 45.57877159809521,
        "6,44": 33.89280261826169,
        "6,45": 36.708645388423506,
        "6,46": 74.2556461934452,
        "6,47": 51.18318328715715,
        "6,48": 43.73213900496529,
        "6,49": 68.79982570705151,
        "6,50": 57.98103982938814,
        "7,0": 73.4806718182078,
        "7,1": 67.8952832708823,
        "7,2": 17.619867123508868,
        "7,3": 15.651605828729252,
        "7,4": 66.06854679256224,
        "7,5": 75.65575919084915,
        "7,6": 38.3295166057204,
        "7,7": 0.0,
        "7,8": 28.604606392867282,
        "7,9": 34.921733820672735,
        "7,10": 61.209937507804206,
        "7,11": 68.12594567016811,
        "7,12": 29.649690328467397,
        "7,13": 45.052294880275106,
        "7,14": 54.46970535818511,
        "7,15": 36.46368346630032,
        "7,16": 46.906029477267616,
        "7,17": 24.7166726992769,
        "7,18": 50.72070593038787,
        "7,19": 67.40107120372022,
        "7,20": 16.413189230485013,
        "7,21": 26.089630278017783,
        "7,22": 61.85729000776131,
        "7,23": 10.427710760738764,
        "7,24": 48.017892235280534,
        "7,25": 52.011408313217615,
        "7,26": 63.305479918031516,
        "7,27": 61.13477714220655,
        "7,28": 2.9297302442634225,
        "7,29": 52.11935643621238,
        "7,30": 20.77386520524672,
        "7,31": 34.325761676513444,
        "7,32": 51.5273950627139,
        "7,33": 26.76520274557916,
        "7,34": 73.68138289542702,
        "7,35": 20.835359294520497,
        "7,36": 60.36379532604792,
        "7,37": 31.200743369448393,
        "7,38": 21.19276862642158,
        "7,39": 33.208871397109455,
        "7,40": 62.05861859015542,
        "7,41": 37.874031739556465,
        "7,42": 19.43119430739823,
        "7,43": 50.4152438001688,
        "7,44": 48.38859983178459,
        "7,45": 47.92093225737792,
        "7,46": 66.04827446348483,
        "7,47": 58.29626430155914,
        "7,48": 14.79803695830588,
        "7,49": 60.770993840865465,
        "7,50": 35.556320715256426,
        "8,0": 45.10963151905018,
        "8,1": 93.54476519994782,
        "8,2": 45.61095459925316,
        "8,3": 16.943062368236017,
        "8,4": 61.06993669488975,
        "8,5": 77.56510363906092,
        "8,6": 10.761111419954416,
        "8,7": 28.604606392867282,
        "8,8": 0.0,
        "8,9": 51.585897350453244,
        "8,10": 80.95018091117215,
        "8,11": 63.01139968062207,
        "8,12": 33.04156870680098,
        "8,13": 71.8080992339515,
        "8,14": 82.54735958520007,
        "8,15": 64.88324556042606,
        "8,16": 18.36418037254472,
        "8,17": 53.15200273951815,
        "8,18": 43.90813178977373,
        "8,19": 93.81329467532838,
        "8,20": 40.36694363667761,
        "8,21": 45.238274974444884,
        "8,22": 88.3223763174293,
        "8,23": 20.59461819150444,
        "8,24": 76.41729939743878,
        "8,25": 80.27237279300186,
        "8,26": 82.30566053645579,
        "8,27": 64.81255660058629,
        "8,28": 26.308004303424923,
        "8,29": 58.38737634922287,
        "8,30": 29.657548267611272,
        "8,31": 39.370171969056244,
        "8,32": 22.928333124258653,
        "8,33": 54.06034134918629,
        "8,34": 68.6600704364779,
        "8,35": 42.681218486879935,
        "8,36": 31.765008233832987,
        "8,37": 41.935678804479394,
        "8,38": 36.167740215818,
        "8,39": 51.171577855299695,
        "8,40": 78.52053870165415,
        "8,41": 61.538728538299026,
        "8,42": 26.030235466304216,
        "8,43": 47.72485351184469,
        "8,44": 38.210100189850806,
        "8,45": 40.17521803686301,
        "8,46": 73.95481837611712,
        "8,47": 54.364212104176126,
        "8,48": 32.98232987182269,
        "8,49": 68.37346047910708,
        "8,50": 47.66705319702502,
        "9,0": 93.26948328699433,
        "9,1": 83.04904939062664,
        "9,2": 39.40677614460698,
        "9,3": 35.244971817044835,
        "9,4": 100.92171912882552,
        "9,5": 110.12113606679999,
        "9,6": 62.200633464776026,
        "9,7": 34.921733820672735,
        "9,8": 51.585897350453244,
        "9,9": 0.0,
        "9,10": 86.90540286867214,
        "9,11": 102.98331046222516,
        "9,12": 64.55313692079764,
        "9,13": 60.82332767452117,
        "9,14": 62.306824609661845,
        "9,15": 37.38100774305081,
        "9,16": 65.6668642500451,
        "9,17": 39.493166814043455,
        "9,18": 85.18214064329149,
        "9,19": 80.45632144288496,
        "9,20": 46.60453044494307,
        "9,21": 9.005973378919474,
        "9,22": 75.49662637797523,
        "9,23": 43.49886012709703,
        "9,24": 54.508807187338675,
        "9,25": 58.94541216530333,
        "9,26": 89.58764586100938,
        "9,27": 95.54041808359732,
        "9,28": 37.35123113376067,
        "9,29": 86.25072114779829,
        "9,30": 55.695597142918785,
        "9,31": 18.701869154061182,
        "9,32": 71.0091239831553,
        "9,33": 25.632866543354915,
        "9,34": 108.56742257741845,
        "9,35": 14.903417786454108,
        "9,36": 78.97616011354235,
        "9,37": 65.38844448935993,
        "9,38": 55.30485841878004,
        "9,39": 64.08145430815311,
        "9,40": 90.74986667336763,
        "9,41": 62.000119159622685,
        "9,42": 25.569239225682193,
        "9,43": 85.29020641235259,
        "9,44": 82.11489931067159,
        "9,45": 82.15096903379172,
        "9,46": 99.20614321595536,
        "9,47": 93.16372913602535,
        "9,48": 20.95309467085996,
        "9,49": 94.22538424389599,
        "9,50": 7.899856859297305,
        "10,0": 116.13760929721705,
        "10,1": 27.855663827341452,
        "10,2": 48.12086182067453,
        "10,3": 75.63808430492969,
        "10,4": 61.08770244797848,
        "10,5": 50.40900084706642,
        "10,6": 85.54403447048713,
        "10,7": 61.209937507804206,
        "10,8": 80.95018091117215,
        "10,9": 86.90540286867214,
        "10,10": 0.0,
        "10,11": 62.062818119307174,
        "10,12": 50.69847193516624,
        "10,13": 30.86460533045527,
        "10,14": 41.759717999357086,
        "10,15": 55.92457771242473,
        "10,16": 96.95244016790588,
        "10,17": 47.594054021076275,
        "10,18": 60.67987926436514,
        "10,19": 32.267792687873495,
        "10,20": 44.79820847387661,
        "10,21": 78.79064736606904,
        "10,22": 30.323050322737597,
        "10,23": 62.455980174466625,
        "10,24": 44.98457165592967,
        "10,25": 43.57085045011667,
        "10,26": 3.054026856679035,
        "10,27": 42.263341287612725,
        "10,28": 61.18141564507509,
        "10,29": 36.98375732352096,
        "10,30": 51.367035000172784,
        "10,31": 94.00002611564608,
        "10,32": 99.57125372999607,
        "10,33": 62.579695940240235,
        "10,34": 64.19430804110843,
        "10,35": 73.03299082578211,
        "10,36": 107.2209757848037,
        "10,37": 40.20640688417532,
        "10,38": 44.852271578478444,
        "10,39": 29.818026770974633,
        "10,40": 10.425477318863933,
        "10,41": 24.9415196330902,
        "10,42": 80.53714400041672,
        "10,43": 53.79260900028473,
        "10,44": 65.60365886296023,
        "10,45": 61.84154000321787,
        "10,46": 33.489121143735574,
        "10,47": 56.90872924094966,
        "10,48": 73.43555156921781,
        "10,49": 33.51757088673977,
        "10,50": 91.36831756912355,
        "11,0": 72.87513583555148,
        "11,1": 88.5777856805982,
        "11,2": 71.31711045428555,
        "11,3": 71.85244568302812,
        "11,4": 2.065954285713672,
        "11,5": 20.755954245627986,
        "11,6": 58.86037503738323,
        "11,7": 68.12594567016811,
        "11,8": 63.01139968062207,
        "11,9": 102.98331046222516,
        "11,10": 62.062818119307174,
        "11,11": 0.0,
        "11,12": 38.49527139261888,
        "11,13": 79.04583056160023,
        "11,14": 93.55262862969884,
        "11,15": 92.42303106855029,
        "11,16": 68.1644602000557,
        "11,17": 77.63303703489449,
        "11,18": 19.16082492414191,
        "11,19": 92.07944687930029,
        "11,20": 60.9567032593113,
        "11,21": 94.21306179524417,
        "11,22": 88.41373853642709,
        "11,23": 59.88170374265968,
        "11,24": 92.22854278267786,
        "11,25": 93.52384571601003,
        "11,26": 60.845119131626255,
        "11,27": 19.935638264830974,
        "11,28": 65.63255695824034,
        "11,29": 26.199655948727056,
        "11,30": 47.43651178982287,
        "11,31": 98.09277026299453,
        "11,32": 67.298795863432,
        "11,33": 89.6874856923301,
        "11,34": 5.729553719510399,
        "11,35": 88.8717203846804,
        "11,36": 70.93653158771411,
        "11,37": 40.69976841607627,
        "11,38": 49.601672098651434,
        "11,39": 49.88983647686785,
        "11,40": 52.60100293671967,
        "11,41": 64.0652198069879,
        "11,42": 81.92560032881808,
        "11,43": 17.715925791504056,
        "11,44": 25.03696497577644,
        "11,45": 22.85455475387648,
        "11,46": 31.207483060631088,
        "11,47": 9.833206840615386,
        "11,48": 82.25681786737448,
        "11,49": 28.973515714732844,
        "11,50": 102.64316383354368,
        "12,0": 65.75825004944038,
        "12,1": 69.06915119158221,
        "12,2": 34.92866161311312,
        "12,3": 35.625979788411996,
        "12,4": 36.44260105607417,
        "12,5": 47.420543458782646,
        "12,6": 35.35447808941325,
        "12,7": 29.649690328467397,
        "12,8": 33.04156870680098,
        "12,9": 64.55313692079764,
        "12,10": 50.69847193516624,
        "12,11": 38.49527139261888,
        "12,12": 0.0,
        "12,13": 51.50934993758004,
        "12,14": 65.25229003756431,
        "12,15": 57.250018207835076,
        "12,16": 46.847275012492155,
        "12,17": 42.293305386881244,
        "12,18": 22.000342025874357,
        "12,19": 70.76611119053916,
        "12,20": 24.627893521431115,
        "12,21": 55.73854187622061,
        "12,22": 65.75706794043337,
        "12,23": 22.15729483243193,
        "12,24": 61.55284593773643,
        "12,25": 64.12613156373018,
        "12,26": 51.49599990579074,
        "12,27": 33.41158799916455,
        "12,28": 27.226180926715433,
        "12,29": 25.780975706102705,
        "12,30": 8.956380722386351,
        "12,31": 61.18579907869737,
        "12,32": 49.05008785594965,
        "12,33": 52.300126227481556,
        "12,34": 44.03295527662556,
        "12,35": 50.3770119765093,
        "12,36": 56.53456174468962,
        "12,37": 10.600987716971195,
        "12,38": 13.041538835425534,
        "12,39": 22.999993667658828,
        "12,40": 46.54590978582211,
        "12,41": 37.41752697392261,
        "12,42": 44.91231751093386,
        "12,43": 20.77934600883626,
        "12,44": 21.816389453842802,
        "12,45": 19.968456498924073,
        "12,46": 41.23719518449718,
        "12,47": 28.662172222632897,
        "12,48": 43.9890829252825,
        "12,49": 35.6411491627429,
        "12,50": 64.61023146016369,
        "13,0": 114.17300215112112,
        "13,1": 23.305466061759446,
        "13,2": 27.657159569165856,
        "13,3": 60.68215304319407,
        "13,4": 77.46962417400353,
        "13,5": 74.06539895845967,
        "13,6": 79.68063992105014,
        "13,7": 45.052294880275106,
        "13,8": 71.8080992339515,
        "13,9": 60.82332767452117,
        "13,10": 30.86460533045527,
        "13,11": 79.04583056160023,
        "13,12": 51.50934993758004,
        "13,13": 0.0,
        "13,14": 14.52368057220441,
        "13,15": 25.917997213115374,
        "13,16": 89.94392876084106,
        "13,17": 22.66505052398195,
        "13,18": 70.07554061974108,
        "13,19": 22.35311188197235,
        "13,20": 31.583826100851,
        "13,21": 53.948927844295454,
        "13,22": 16.810782430510695,
        "13,23": 51.214154751473096,
        "13,24": 14.64322255994135,
        "13,25": 14.679879351608458,
        "13,26": 33.91564337807065,
        "13,27": 61.89292552224558,
        "13,28": 46.45893248171196,
        "13,29": 53.25882274572336,
        "13,30": 46.82341807699287,
        "13,31": 71.95362005021795,
        "13,32": 93.89199953774975,
        "13,33": 35.231253431075395,
        "13,34": 82.88930641656808,
        "13,35": 48.930620164967436,
        "13,36": 102.5139319576359,
        "13,37": 42.423883199175656,
        "13,38": 39.655605285968726,
        "13,39": 30.178757894240245,
        "13,40": 38.9268070494959,
        "13,41": 15.101556513453977,
        "13,42": 61.864427343920966,
        "13,43": 65.00310875415651,
        "13,44": 72.37568242249561,
        "13,45": 69.5398672419319,
        "13,46": 57.84236717637403,
        "13,47": 71.02563141661385,
        "13,48": 52.62340184442846,
        "13,49": 55.3120814024493,
        "13,50": 66.67131539871652,
        "14,0": 126.17574871352123,
        "14,1": 22.946867474876054,
        "14,2": 36.97637143691429,
        "14,3": 69.6296360016538,
        "14,4": 91.98564359088809,
        "14,5": 87.98362643543939,
        "14,6": 91.20990475220654,
        "14,7": 54.46970535818511,
        "14,8": 82.54735958520007,
        "14,9": 62.306824609661845,
        "14,10": 41.759717999357086,
        "14,11": 93.55262862969884,
        "14,12": 65.25229003756431,
        "14,13": 14.52368057220441,
        "14,14": 0.0,
        "14,15": 24.926203711844355,
        "14,16": 100.89295099643307,
        "14,17": 29.888181233538944,
        "14,18": 84.41417497650579,
        "14,19": 19.061816757055507,
        "14,20": 43.47656453393077,
        "14,21": 57.056224590294676,
        "14,22": 15.334403716571053,
        "14,23": 62.15059872724299,
        "14,24": 7.8040727476023175,
        "14,25": 3.4008649358855902,
        "14,26": 44.74389322971779,
        "14,27": 76.18681199234794,
        "14,28": 56.39328150956625,
        "14,29": 67.69502052172075,
        "14,30": 59.819138585047476,
        "14,31": 76.33719274855228,
        "14,32": 105.16832330777048,
        "14,33": 37.46812064753734,
        "14,34": 97.3449476691038,
        "14,35": 53.06496278102893,
        "14,36": 113.92656677450896,
        "14,37": 56.59555330675012,
        "14,38": 52.899843255391225,
        "14,39": 44.586744566776446,
        "14,40": 51.072834087059036,
        "14,41": 29.611244759605185,
        "14,42": 68.87529710090989,
        "14,43": 79.46939303500393,
        "14,44": 86.46661608387939,
        "14,45": 83.74987767159338,
        "14,46": 71.47673155486036,
        "14,47": 85.54598673888104,
        "14,48": 58.91011210332756,
        "14,49": 69.3047065781605,
        "14,50": 69.1843784915377,
        "15,0": 109.91147823294895,
        "15,1": 46.27040262461543,
        "15,2": 22.472804900057586,
        "15,3": 49.662436667554616,
        "15,4": 90.55277445572293,
        "15,5": 92.43870849841052,
        "15,6": 74.79168664519118,
        "15,7": 36.46368346630032,
        "15,8": 64.88324556042606,
        "15,9": 37.38100774305081,
        "15,10": 55.92457771242473,
        "15,11": 92.42303106855029,
        "15,12": 57.250018207835076,
        "15,13": 25.917997213115374,
        "15,14": 24.926203711844355,
        "15,15": 0.0,
        "15,16": 82.98635292639672,
        "15,17": 14.997145885567427,
        "15,18": 78.92496044416322,
        "15,19": 43.29493970196474,
        "15,20": 32.62212496730861,
        "15,21": 32.438858478666305,
        "15,22": 38.570393877563255,
        "15,23": 46.193904735976176,
        "15,24": 17.12814112307811,
        "15,25": 21.571043536491167,
        "15,26": 58.91750022350674,
        "15,27": 78.65059227420501,
        "15,28": 39.078871226563415,
        "15,29": 69.13172409334429,
        "15,30": 49.45290966409682,
        "15,31": 51.97464764482473,
        "15,32": 87.7853293137545,
        "15,33": 13.126244645788873,
        "15,34": 97.20077114727886,
        "15,35": 29.054986631271806,
        "15,36": 96.61315132446948,
        "15,37": 51.85787579792916,
        "15,38": 44.28599579156938,
        "15,39": 43.527367426981506,
        "15,40": 62.58801839102606,
        "15,41": 33.55505911539988,
        "15,42": 46.58705907002071,
        "15,43": 75.83515946090341,
        "15,44": 78.9584650866137,
        "15,45": 77.19875898317596,
        "15,46": 77.81577491826457,
        "15,47": 83.14510552579296,
        "15,48": 36.355079704390405,
        "15,49": 74.07306180603852,
        "15,50": 44.316825500616304,
        "16,0": 27.83993959826696,
        "16,1": 111.31187852375172,
        "16,2": 63.97204120513205,
        "16,3": 33.811555798012975,
        "16,4": 66.48534130196656,
        "16,5": 85.75774041118474,
        "16,6": 11.49280370160235,
        "16,7": 46.906029477267616,
        "16,8": 18.36418037254472,
        "16,9": 65.6668642500451,
        "16,10": 96.95244016790588,
        "16,11": 68.1644602000557,
        "16,12": 46.847275012492155,
        "16,13": 89.94392876084106,
        "16,14": 100.89295099643307,
        "16,15": 82.98635292639672,
        "16,16": 0.0,
        "16,17": 71.50925022391375,
        "16,18": 50.458935037871825,
        "16,19": 111.79071207307075,
        "16,20": 58.39040538174183,
        "16,21": 60.69414093271023,
        "16,22": 106.33167436468368,
        "16,23": 38.818597802223756,
        "16,24": 94.7805728821698,
        "16,25": 98.63394153808618,
        "16,26": 98.01690704315574,
        "16,27": 74.78105333213962,
        "16,28": 44.66369299887682,
        "16,29": 70.09376706236783,
        "16,30": 45.84600212003778,
        "16,31": 50.170715628723585,
        "16,32": 5.3429332863020385,
        "16,33": 71.73988764301265,
        "16,34": 73.37645690548848,
        "16,35": 59.127098355368815,
        "16,36": 13.784174327942106,
        "16,37": 56.92612558183837,
        "16,38": 52.899343440393174,
        "16,39": 67.57021368973919,
        "16,40": 93.38662875146673,
        "16,41": 79.07190622275903,
        "16,42": 40.766670359949195,
        "16,43": 56.126733418161656,
        "16,44": 43.64911887097275,
        "16,45": 46.83796588959052,
        "16,46": 85.3895493235763,
        "16,47": 61.17088914966346,
        "16,48": 49.4442394190746,
        "16,49": 79.98188248122167,
        "16,50": 60.31320861553456,
        "17,0": 97.57434520220652,
        "17,1": 45.9302788770656,
        "17,2": 7.989629099805951,
        "17,3": 39.74147038825344,
        "17,4": 75.73831366683021,
        "17,5": 78.69132791567847,
        "17,6": 62.37550801755683,
        "17,7": 24.7166726992769,
        "17,8": 53.15200273951815,
        "17,9": 39.493166814043455,
        "17,10": 47.594054021076275,
        "17,11": 77.63303703489449,
        "17,12": 42.293305386881244,
        "17,13": 22.66505052398195,
        "17,14": 29.888181233538944,
        "17,15": 14.997145885567427,
        "17,16": 71.50925022391375,
        "17,17": 0.0,
        "17,18": 63.928270673045525,
        "17,19": 44.49504046182769,
        "17,20": 17.680302754505103,
        "17,21": 31.86505947702774,
        "17,22": 39.04655704832035,
        "17,23": 33.23318372255807,
        "17,24": 23.303051937329464,
        "17,25": 27.320740621752414,
        "17,26": 50.36401029922989,
        "17,27": 64.59670255734336,
        "17,28": 26.845564577876846,
        "17,29": 54.997917607692955,
        "17,30": 34.683881885854085,
        "17,31": 49.32572364638351,
        "17,32": 75.99440957556635,
        "17,33": 15.239579809101997,
        "17,34": 82.50808714323763,
        "17,35": 26.520668205264148,
        "17,36": 84.81384057231739,
        "17,37": 36.975862486220215,
        "17,38": 29.30266414659447,
        "17,39": 29.592583537654125,
        "17,40": 52.37584913545306,
        "17,41": 22.936039112190358,
        "17,42": 39.5703176680656,
        "17,43": 60.89490697070528,
        "17,44": 64.04535885071603,
        "17,45": 62.22465241692815,
        "17,46": 64.8758619812379,
        "17,47": 68.26915913310324,
