{
    "num_robots": 3,
    "num_tasks": 30,
    "num_nodes": 31,
    "robot_capacity": [
        115,
        151,
        150
    ],
    "robot_speed": [
        0.84,
        0.83,
        0.99
    ],
    "task_demand": {
        "0": 0,
        "1": 9,
        "2": 15,
        "3": 8,
        "4": 14,
        "5": 10,
        "6": 10,
        "7": 9,
        "8": 9,
        "9": 9,
        "10": 13,
        "11": 12,
        "12": 5,
        "13": 8,
        "14": 11,
        "15": 7,
        "16": 7,
        "17": 9,
        "18": 9,
        "19": 11,
        "20": 13,
        "21": 9,
        "22": 13,
        "23": 14,
        "24": 6,
        "25": 12,
        "26": 13,
        "27": 9,
        "28": 14,
        "29": 5,
        "30": 11
    },
    "task_service_time": {
        "0": 0,
        "1": 99,
        "2": 35,
        "3": 93,
        "4": 78,
        "5": 17,
        "6": 38,
        "7": 95,
        "8": 69,
        "9": 12,
        "10": 70,
        "11": 49,
        "12": 38,
        "13": 16,
        "14": 28,
        "15": 80,
        "16": 88,
        "17": 97,
        "18": 41,
        "19": 76,
        "20": 91,
        "21": 80,
        "22": 93,
        "23": 43,
        "24": 47,
        "25": 66,
        "26": 66,
        "27": 71,
        "28": 97,
        "29": 95,
        "30": 30
    },
    "task_precedence": [],
    "coordinates": {
        "0": [
            50.0,
            50.0
        ],
        "1": [
            25.350038356163008,
            3.377016823336987
        ],
        "2": [
            68.8137792386883,
            26.31935303688926
        ],
        "3": [
            8.483766437585782,
            67.6573624512953
        ],
        "4": [
            54.90077118561915,
            71.5307347794812
        ],
        "5": [
            84.60457891493002,
            71.16447630184209
        ],
        "6": [
            80.50662998164186,
            43.3319144426493
        ],
        "7": [
            71.12682813389618,
            95.39695977761492
        ],
        "8": [
            70.14896776291914,
            32.33605332407734
        ],
        "9": [
            98.67753124759635,
            58.34954484741532
        ],
        "10": [
            45.99954097433747,
            87.99074501561012
        ],
        "11": [
            25.880386863587034,
            92.74662812622013
        ],
        "12": [
            91.27957369036032,
            70.23353453806858
        ],
        "13": [
            45.12716347300556,
            16.096122714817586
        ],
        "14": [
            66.74171657375646,
            53.64552105044012
        ],
        "15": [
            92.54502546322564,
            2.9651150306544416
        ],
        "16": [
            23.12893791247844,
            7.7308720808418885
        ],
        "17": [
            68.84318554892562,
            22.68983104780492
        ],
        "18": [
            33.25151529368179,
            22.895775916023776
        ],
        "19": [
            94.62796157681882,
            93.44913658109773
        ],
        "20": [
            1.6763738168491082,
            81.41144212410653
        ],
        "21": [
            71.62555738832924,
            63.899731979426036
        ],
        "22": [
            45.1298974932408,
            58.333811359973055
        ],
        "23": [
            24.39747041649789,
            90.84510881608124
        ],
        "24": [
            79.71129055813245,
            11.805219275387202
        ],
        "25": [
            66.72216621669601,
            11.99447776033864
        ],
        "26": [
            20.69231961860828,
            53.69838441052694
        ],
        "27": [
            60.07235180683811,
            75.40222671258505
        ],
        "28": [
            7.625748978020441,
            3.7173560692101093
        ],
        "29": [
            92.92920585868379,
            0.713938078131704
        ],
        "30": [
            80.35024843285082,
            6.826345743674578
        ]
    },
    "distance_matrix_str_keys": {
        "0,0": 0.0,
        "0,1": 52.738251481576796,
        "0,2": 30.24452561759871,
        "0,3": 45.11518699889586,
        "0,4": 22.081442397591605,
        "0,5": 40.563677582424084,
        "0,6": 31.22687685051067,
        "0,7": 50.07221608886084,
        "0,8": 26.795445771268557,
        "0,9": 49.38842928783744,
        "0,10": 38.20079029623746,
        "0,11": 49.081869911522105,
        "0,12": 45.971720915809776,
        "0,13": 34.252261688646485,
        "0,14": 17.13402747649232,
        "0,15": 63.42207498770508,
        "0,16": 50.08725539254063,
        "0,17": 33.17997844828533,
        "0,18": 31.86142970979444,
        "0,19": 62.285491281235814,
        "0,20": 57.63550592998209,
        "0,21": 25.7073390582495,
        "0,22": 9.652476895075077,
        "0,23": 48.20593775948786,
        "0,24": 48.390102926435524,
        "0,25": 41.52168787137878,
        "0,26": 29.540111316409114,
        "0,27": 27.326276601071804,
        "0,28": 62.75077910988849,
        "0,29": 65.36078805693431,
        "0,30": 52.7740656173133,
        "1,0": 52.738251481576796,
        "1,1": 0.0,
        "1,2": 49.14720299710831,
        "1,3": 66.45625600709964,
        "1,4": 74.28442018353209,
        "1,5": 90.03466132207382,
        "1,6": 68.10758726830346,
        "1,7": 102.777353457186,
        "1,8": 53.34388316426478,
        "1,9": 91.64551298946002,
        "1,10": 87.09698592358906,
        "1,11": 89.3711849197925,
        "1,12": 93.89620647461425,
        "1,13": 23.514045431740175,
        "1,14": 65.11676852316218,
        "1,15": 67.19624956353687,
        "1,16": 4.887672532426744,
        "1,17": 47.58821961368301,
        "1,18": 21.05742848290086,
        "1,19": 113.63281833794089,
        "1,20": 81.54639124290756,
        "1,21": 76.18676204933158,
        "1,22": 58.40797970504263,
        "1,23": 87.4732787914735,
        "1,24": 55.01072929473733,
        "1,25": 42.26007095011839,
        "1,26": 50.53646584084863,
        "1,27": 79.95792587953473,
        "1,28": 17.727556649533486,
        "1,29": 67.63161885343958,
        "1,30": 55.10826597236088,
        "2,0": 30.24452561759871,
        "2,1": 49.14720299710831,
        "2,2": 0.0,
        "2,3": 73.13372318518122,
        "2,4": 47.30370843981624,
        "2,5": 47.544026281584614,
        "2,6": 20.64340098146974,
        "2,7": 69.11632186551863,
        "2,8": 6.163068289503765,
        "2,9": 43.7924293853247,
        "2,10": 65.75598874760841,
        "2,11": 79.0939887515356,
        "2,12": 49.327145237316316,
        "2,13": 25.798647341463774,
        "2,14": 27.404614611269658,
        "2,15": 33.295532436371715,
        "2,16": 49.32176346456306,
        "2,17": 3.6296411117806855,
        "2,18": 35.72667766805113,
        "2,19": 71.92204007450381,
        "2,20": 86.84796766056351,
        "2,21": 37.68542129030084,
        "2,22": 39.822754754697854,
        "2,23": 78.33506014719153,
        "2,24": 18.149816302216045,
        "2,25": 14.476770935623005,
        "2,26": 55.36502718256018,
        "2,27": 49.855200749877774,
        "2,28": 65.22902202323274,
        "2,29": 35.173727073976,
        "2,30": 22.650992357978087,
        "3,0": 45.11518699889586,
        "3,1": 66.45625600709964,
        "3,2": 73.13372318518122,
        "3,3": 0.0,
        "3,4": 46.57833555390003,
        "3,5": 76.20156126859673,
        "3,6": 76.0198677577583,
        "3,7": 68.51013383809807,
        "3,8": 71.06470244048296,
        "3,9": 90.67276702048194,
        "3,10": 42.67176801585761,
        "3,11": 30.530536424264238,
        "3,12": 82.83587605174019,
        "3,13": 63.25582968753109,
        "3,14": 59.91928281873264,
        "3,15": 106.07253247334643,
        "3,16": 61.69007453107068,
        "3,17": 75.26844196595457,
        "3,18": 51.15702310097066,
        "3,19": 89.92239970635241,
        "3,20": 15.34650780923462,
        "3,21": 63.25350228430445,
        "3,22": 37.81358917506694,
        "3,23": 28.123256493622613,
        "3,24": 90.51420932475294,
        "3,25": 80.56095791976534,
        "3,26": 18.544590551330806,
        "3,27": 52.16670454251867,
        "3,28": 63.9457630347939,
        "3,29": 107.76109829538584,
        "3,30": 94.15521136962406,
        "4,0": 22.081442397591605,
        "4,1": 74.28442018353209,
        "4,2": 47.30370843981624,
        "4,3": 46.57833555390003,
        "4,4": 0.0,
        "4,5": 29.70606569191401,
        "4,6": 38.08980799466936,
        "4,7": 28.85968849018078,
        "4,8": 42.05627840466346,
        "4,9": 45.71814179895238,
        "4,10": 18.712665129470537,
        "4,11": 35.94853038301634,
        "4,12": 36.401923028121516,
        "4,13": 56.2896049238206,
        "4,14": 21.449681998070037,
        "4,15": 78.21978069297941,
        "4,16": 71.27321986483757,
        "4,17": 50.79197570094123,
        "4,18": 53.23579157225691,
        "4,19": 45.37252465882557,
        "4,20": 54.13376813874006,
        "4,21": 18.38343486024338,
        "4,22": 16.420376379753716,
        "4,23": 36.10396657207021,
        "4,24": 64.67378969693696,
        "4,25": 60.69852782671232,
        "4,26": 38.57733632968548,
        "4,27": 6.460162220088261,
        "4,28": 82.66548286214505,
        "4,29": 80.38146887637603,
        "4,30": 69.52937402748837,
        "5,0": 40.563677582424084,
        "5,1": 90.03466132207382,
        "5,2": 47.544026281584614,
        "5,3": 76.20156126859673,
        "5,4": 29.70606569191401,
        "5,5": 0.0,
        "5,6": 28.132626701138847,
        "5,7": 27.728379352556143,
        "5,8": 41.432006042651985,
        "5,9": 19.033403677197498,
        "5,10": 42.11261418176885,
        "5,11": 62.56452676599991,
        "5,12": 6.739599974743279,
        "5,13": 67.75684391085413,
        "5,14": 25.019904958259556,
        "5,15": 68.6600580336509,
        "5,16": 88.33502465686415,
        "5,17": 50.9726667277932,
        "5,18": 70.47697907986596,
        "5,19": 24.435103514175818,
        "5,20": 83.5588864774539,
        "5,21": 14.8738532283347,
        "5,22": 41.507546737844706,
        "5,23": 63.342112452163335,
        "5,24": 59.56060498077151,
        "5,25": 61.813181533646045,
        "5,26": 66.25587713038088,
        "5,27": 24.895555736451268,
        "5,28": 102.34673559098384,
        "5,29": 70.9406635841754,
        "5,30": 64.4786350008323,
        "6,0": 31.22687685051067,
        "6,1": 68.10758726830346,
        "6,2": 20.64340098146974,
        "6,3": 76.0198677577583,
        "6,4": 38.08980799466936,
        "6,5": 28.132626701138847,
        "6,6": 0.0,
        "6,7": 52.903210001237156,
        "6,8": 15.105963338234298,
        "6,9": 23.57352064905069,
        "6,10": 56.437136177365055,
        "6,11": 73.66030386593661,
        "6,12": 28.978500304699743,
        "6,13": 44.6485722221612,
        "6,14": 17.200096580741913,
        "6,15": 42.1236449104211,
        "6,16": 67.52506026973204,
        "6,17": 23.709313421412475,
        "6,18": 51.48477077788817,
        "6,19": 52.06868503136534,
        "6,20": 87.54575783811408,
        "6,21": 22.403316018701993,
        "6,22": 38.426164428341,
        "6,23": 73.52374736555743,
        "6,24": 31.536725780715656,
        "6,25": 34.235162904606355,
        "6,26": 60.705975190257966,
        "6,27": 38.027156791120376,
        "6,28": 82.95140776976993,
        "6,29": 44.39157916573192,
        "6,30": 36.505903648921844,
        "7,0": 50.07221608886084,
        "7,1": 102.777353457186,
        "7,2": 69.11632186551863,
        "7,3": 68.51013383809807,
        "7,4": 28.85968849018078,
        "7,5": 27.728379352556143,
        "7,6": 52.903210001237156,
        "7,7": 0.0,
        "7,8": 63.06848764356844,
        "7,9": 46.16873612163998,
        "7,10": 26.19604124862881,
        "7,11": 45.32399701581845,
        "7,12": 32.2386588314375,
        "7,13": 83.45421092634629,
        "7,14": 41.98108906619626,
        "7,15": 94.8808995539371,
        "7,16": 99.94568723944805,
        "7,17": 72.74298310895048,
        "7,18": 81.79829450591468,
        "7,19": 23.581715126490423,
        "7,20": 70.84462088882147,
        "7,21": 31.501176007257733,
        "7,22": 45.27159565735668,
        "7,23": 46.95052949495444,
        "7,24": 84.03137554095436,
        "7,25": 83.5187107973233,
        "7,26": 65.4401316993125,
        "7,27": 22.847117919056803,
        "7,28": 111.52370505901851,
        "7,29": 97.16078567302307,
        "7,30": 89.04956570562486,
        "8,0": 26.795445771268557,
        "8,1": 53.34388316426478,
        "8,2": 6.163068289503765,
        "8,3": 71.06470244048296,
        "8,4": 42.05627840466346,
        "8,5": 41.432006042651985,
        "8,6": 15.105963338234298,
        "8,7": 63.06848764356844,
        "8,8": 0.0,
        "8,9": 38.60803900399546,
        "8,10": 60.66827442326535,
        "8,11": 74.8942240948259,
        "8,12": 43.39033981459043,
        "8,13": 29.82995199654719,
        "8,14": 21.580147716059482,
        "8,15": 36.93555762069274,
        "8,16": 53.06880581988632,
        "8,17": 9.734201117381751,
        "8,18": 38.085966395256875,
        "8,19": 65.83335084378164,
        "8,20": 84.2430407070959,
        "8,21": 31.598198163502673,
        "8,22": 36.080982526146414,
        "8,23": 74.27320569361459,
        "8,24": 22.64846935169594,
        "8,25": 20.628200727462602,
        "8,26": 53.873084514600215,
        "8,27": 44.2293282727124,
        "8,28": 68.76178240701775,
        "8,29": 38.973034528088704,
        "8,30": 27.473829513636787,
        "9,0": 49.38842928783744,
        "9,1": 91.64551298946002,
        "9,2": 43.7924293853247,
        "9,3": 90.67276702048194,
        "9,4": 45.71814179895238,
        "9,5": 19.033403677197498,
        "9,6": 23.57352064905069,
        "9,7": 46.16873612163998,
        "9,8": 38.60803900399546,
        "9,9": 0.0,
        "9,10": 60.444779812987555,
        "9,11": 80.51449291000554,
        "9,12": 13.998535172875002,
        "9,13": 68.21285487875018,
        "9,14": 32.2803980577123,
        "9,15": 55.72290995024446,
        "9,16": 90.93866057714104,
        "9,17": 46.494121903074124,
        "9,18": 74.4146040441148,
        "9,19": 35.332426386956044,
        "9,20": 99.70494295121615,
        "9,21": 27.61546427063663,
        "9,22": 53.54763606578002,
        "9,23": 81.0770566480638,
        "9,24": 50.26024799825034,
        "9,25": 56.30219888161978,
        "9,26": 78.1237897584835,
        "9,27": 42.20371830120933,
        "9,28": 106.18428841012077,
        "9,29": 57.92155395394972,
        "9,30": 54.685732520058444,
        "10,0": 38.20079029623746,
        "10,1": 87.09698592358906,
        "10,2": 65.75598874760841,
        "10,3": 42.67176801585761,
        "10,4": 18.712665129470537,
        "10,5": 42.11261418176885,
        "10,6": 56.437136177365055,
        "10,7": 26.19604124862881,
        "10,8": 60.66827442326535,
        "10,9": 60.444779812987555,
        "10,10": 0.0,
        "10,11": 20.673625378581082,
        "10,12": 48.63743297818883,
        "10,13": 71.89991486975798,
        "10,14": 40.12271498558915,
        "10,15": 96.93214059662523,
        "10,16": 83.45484819900074,
        "10,17": 69.18122189207709,
        "10,18": 66.33149448663701,
        "10,19": 48.93380558237852,
        "10,20": 44.80882026352404,
        "10,21": 35.17200060218024,
        "10,22": 29.66968138755575,
        "10,23": 21.78983352601207,
        "10,24": 83.3109620177001,
        "10,25": 78.77093266979821,
        "10,26": 42.61949610937389,
        "10,27": 18.881599450071604,
        "10,28": 92.59887686515329,
        "10,29": 99.09406882028271,
        "10,30": 88.13416370553779,
        "11,0": 49.081869911522105,
        "11,1": 89.3711849197925,
        "11,2": 79.0939887515356,
        "11,3": 30.530536424264238,
        "11,4": 35.94853038301634,
        "11,5": 62.56452676599991,
        "11,6": 73.66030386593661,
        "11,7": 45.32399701581845,
        "11,8": 74.8942240948259,
        "11,9": 80.51449291000554,
        "11,10": 20.673625378581082,
        "11,11": 0.0,
        "11,12": 69.16569251089783,
        "11,13": 79.02998411790497,
        "11,14": 56.55567911567139,
        "11,15": 111.82528396274994,
        "11,16": 85.06026832368813,
        "11,17": 82.18124413613594,
        "11,18": 70.23870079111403,
        "11,19": 68.75116396891445,
        "11,20": 26.726778505258952,
        "11,21": 54.081087670660494,
        "11,22": 39.430769929947466,
        "11,23": 2.411393140049667,
        "11,24": 97.20739611433441,
        "11,25": 90.49287667790196,
        "11,26": 39.391387117218834,
        "11,27": 38.33951912945462,
        "11,28": 90.88147824135713,
        "11,29": 113.8664136878156,
        "11,30": 101.73131643732488,
        "12,0": 45.971720915809776,
        "12,1": 93.89620647461425,
        "12,2": 49.327145237316316,
        "12,3": 82.83587605174019,
        "12,4": 36.401923028121516,
        "12,5": 6.739599974743279,
        "12,6": 28.978500304699743,
        "12,7": 32.2386588314375,
        "12,8": 43.39033981459043,
        "12,9": 13.998535172875002,
        "12,10": 48.63743297818883,
        "12,11": 69.16569251089783,
        "12,12": 0.0,
        "12,13": 71.14003322877541,
        "12,14": 29.61872082552875,
        "12,15": 67.28032127758385,
        "12,16": 92.47211455985814,
        "12,17": 52.57181045392313,
        "12,18": 74.88737512189428,
        "12,19": 23.455828266306888,
        "12,20": 90.29772447617052,
        "12,21": 20.64939252502045,
        "12,22": 47.6591651711849,
        "12,23": 69.9860895646673,
        "12,24": 59.56251504984216,
        "12,25": 63.20485737811008,
        "12,26": 72.49808016168714,
        "12,27": 31.632358060731033,
        "12,28": 106.87546204393186,
        "12,29": 69.53916578621889,
        "12,30": 64.34222362797512,
        "13,0": 34.252261688646485,
        "13,1": 23.514045431740175,
        "13,2": 25.798647341463774,
        "13,3": 63.25582968753109,
        "13,4": 56.2896049238206,
        "13,5": 67.75684391085413,
        "13,6": 44.6485722221612,
        "13,7": 83.45421092634629,
        "13,8": 29.82995199654719,
        "13,9": 68.21285487875018,
        "13,10": 71.89991486975798,
        "13,11": 79.02998411790497,
        "13,12": 71.14003322877541,
        "13,13": 0.0,
        "13,14": 43.32604552820892,
        "13,15": 49.202408462646524,
        "13,16": 23.53506630500665,
        "13,17": 24.615578252115753,
        "13,18": 13.684527881361108,
        "13,19": 91.83581962998649,
        "13,20": 78.44783025221915,
        "13,21": 54.65665502768188,
        "13,22": 42.237688733641214,
        "13,23": 77.5701688626751,
        "13,24": 34.849299828930896,
        "13,25": 21.981074469474887,
        "13,26": 44.84408187064808,
        "13,27": 61.160220942437206,
        "13,28": 39.491644088225605,
        "13,29": 50.216002035598905,
        "13,30": 36.42244471727853,
        "14,0": 17.13402747649232,
        "14,1": 65.11676852316218,
        "14,2": 27.404614611269658,
        "14,3": 59.91928281873264,
        "14,4": 21.449681998070037,
        "14,5": 25.019904958259556,
        "14,6": 17.200096580741913,
        "14,7": 41.98108906619626,
        "14,8": 21.580147716059482,
        "14,9": 32.2803980577123,
        "14,10": 40.12271498558915,
        "14,11": 56.55567911567139,
        "14,12": 29.61872082552875,
        "14,13": 43.32604552820892,
        "14,14": 0.0,
        "14,15": 56.87103220423986,
        "14,16": 63.32637248855373,
        "14,17": 31.026938543672774,
        "14,18": 45.465815813768,
        "14,19": 48.600107712671054,
        "14,20": 70.74210345432844,
        "14,21": 11.35784939494362,
        "14,22": 22.11449275917043,
        "14,23": 56.36350337372708,
        "14,24": 43.80434569724445,
        "14,25": 41.6510478784192,
        "14,26": 46.04942729793336,
        "14,27": 22.75598092070349,
        "14,28": 77.37906230481883,
        "14,29": 59.05537292238999,
        "14,30": 48.75681814644624,
        "15,0": 63.42207498770508,
        "15,1": 67.19624956353687,
        "15,2": 33.295532436371715,
        "15,3": 106.07253247334643,
        "15,4": 78.21978069297941,
        "15,5": 68.6600580336509,
        "15,6": 42.1236449104211,
        "15,7": 94.8808995539371,
        "15,8": 36.93555762069274,
        "15,9": 55.72290995024446,
        "15,10": 96.93214059662523,
        "15,11": 111.82528396274994,
        "15,12": 67.28032127758385,
        "15,13": 49.202408462646524,
        "15,14": 56.87103220423986,
        "15,15": 0.0,
        "15,16": 69.57949159856237,
        "15,17": 30.835720151803464,
        "15,18": 62.55358975753023,
        "15,19": 90.50799290004389,
        "15,20": 120.04556670899348,
        "15,21": 64.42555150893263,
        "15,22": 72.89641207644131,
        "15,23": 111.20693578447991,
        "15,24": 15.583715688883366,
        "15,25": 27.355976512826057,
        "15,26": 87.95837628767268,
        "15,27": 79.38267873544412,
        "15,28": 84.92260821095176,
        "15,29": 2.2837233299644546,
        "15,30": 12.791469401117581,
        "16,0": 50.08725539254063,
        "16,1": 4.887672532426744,
        "16,2": 49.32176346456306,
        "16,3": 61.69007453107068,
        "16,4": 71.27321986483757,
        "16,5": 88.33502465686415,
        "16,6": 67.52506026973204,
        "16,7": 99.94568723944805,
        "16,8": 53.06880581988632,
        "16,9": 90.93866057714104,
        "16,10": 83.45484819900074,
        "16,11": 85.06026832368813,
        "16,12": 92.47211455985814,
        "16,13": 23.53506630500665,
        "16,14": 63.32637248855373,
        "16,15": 69.57949159856237,
        "16,16": 0.0,
        "16,17": 48.0995102921194,
        "16,18": 18.232961393277943,
        "16,19": 111.62316629575477,
        "16,20": 76.74007367847331,
        "16,21": 74.20824026273797,
        "16,22": 55.17879743308814,
        "16,23": 83.12391667140788,
        "16,24": 56.72885452729368,
        "16,25": 43.80123157371118,
        "16,26": 46.03204642952309,
        "16,27": 77.09882014573967,
        "16,28": 16.0142804369452,
        "16,29": 70.15208313486102,
        "16,30": 57.2284592275863,
        "17,0": 33.17997844828533,
        "17,1": 47.58821961368301,
        "17,2": 3.6296411117806855,
        "17,3": 75.26844196595457,
        "17,4": 50.79197570094123,
        "17,5": 50.9726667277932,
        "17,6": 23.709313421412475,
        "17,7": 72.74298310895048,
        "17,8": 9.734201117381751,
        "17,9": 46.494121903074124,
        "17,10": 69.18122189207709,
        "17,11": 82.18124413613594,
        "17,12": 52.57181045392313,
        "17,13": 24.615578252115753,
        "17,14": 31.026938543672774,
        "17,15": 30.835720151803464,
        "17,16": 48.0995102921194,
        "17,17": 0.0,
        "17,18": 35.59226608192788,
        "17,19": 75.31091550607056,
        "17,20": 89.2166363726443,
        "17,21": 41.30372292961899,
        "17,22": 42.81136955186221,
        "17,23": 81.36684509862611,
        "17,24": 15.381497974105152,
        "17,25": 10.903637234950889,
        "17,26": 57.271600916057636,
        "17,27": 53.43710491083581,
        "17,28": 64.09000972949065,
        "17,29": 32.60485004070124,
        "17,30": 19.59751673577467,
        "18,0": 31.86142970979444,
        "18,1": 21.05742848290086,
        "18,2": 35.72667766805113,
        "18,3": 51.15702310097066,
        "18,4": 53.23579157225691,
        "18,5": 70.47697907986596,
        "18,6": 51.48477077788817,
        "18,7": 81.79829450591468,
        "18,8": 38.085966395256875,
        "18,9": 74.4146040441148,
        "18,10": 66.33149448663701,
        "18,11": 70.23870079111403,
        "18,12": 74.88737512189428,
        "18,13": 13.684527881361108,
        "18,14": 45.465815813768,
        "18,15": 62.55358975753023,
        "18,16": 18.232961393277943,
        "18,17": 35.59226608192788,
        "18,18": 0.0,
        "18,19": 93.51387522439015,
        "18,20": 66.49114791502518,
        "18,21": 56.15951851228069,
        "18,22": 37.37579858418286,
        "18,23": 68.52376195342764,
        "18,24": 47.76516685014749,
        "18,25": 35.201175757201874,
        "18,26": 33.26460710831294,
        "18,27": 58.96002583545201,
        "18,28": 32.007681688706235,
        "18,29": 63.66679417905906,
        "18,30": 49.764618449041336,
        "19,0": 62.285491281235814,
        "19,1": 113.63281833794089,
        "19,2": 71.92204007450381,
        "19,3": 89.92239970635241,
        "19,4": 45.37252465882557,
        "19,5": 24.435103514175818,
        "19,6": 52.06868503136534,
        "19,7": 23.581715126490423,
        "19,8": 65.83335084378164,
        "19,9": 35.332426386956044,
        "19,10": 48.93380558237852,
        "19,11": 68.75116396891445,
        "19,12": 23.455828266306888,
        "19,13": 91.83581962998649,
        "19,14": 48.600107712671054,
        "19,15": 90.50799290004389,
        "19,16": 111.62316629575477,
        "19,17": 75.31091550607056,
        "19,18": 93.51387522439015,
        "19,19": 0.0,
        "19,20": 93.72781740198172,
        "19,21": 37.4470013587729,
        "19,22": 60.6889150785162,
        "19,23": 70.27875105051947,
        "19,24": 82.9953993140669,
        "19,25": 86.1022349203975,
        "19,26": 83.94403760779464,
        "19,27": 38.98437023189431,
        "19,28": 124.98470878839574,
        "19,29": 92.75075639785591,
        "19,30": 87.7915769597824,
        "20,0": 57.63550592998209,
        "20,1": 81.54639124290756,
        "20,2": 86.84796766056351,
        "20,3": 15.34650780923462,
        "20,4": 54.13376813874006,
        "20,5": 83.5588864774539,
        "20,6": 87.54575783811408,
        "20,7": 70.84462088882147,
        "20,8": 84.2430407070959,
        "20,9": 99.70494295121615,
        "20,10": 44.80882026352404,
        "20,11": 26.726778505258952,
        "20,12": 90.29772447617052,
        "20,13": 78.44783025221915,
        "20,14": 70.74210345432844,
        "20,15": 120.04556670899348,
        "20,16": 76.74007367847331,
        "20,17": 89.2166363726443,
        "20,18": 66.49114791502518,
        "20,19": 93.72781740198172,
        "20,20": 0.0,
        "20,21": 72.10789328851546,
        "20,22": 49.20148129457499,
        "20,23": 24.60167266561045,
        "20,24": 104.56803761228666,
        "20,25": 95.12975375982323,
        "20,26": 33.60981646143929,
        "20,27": 58.704351757508974,
        "20,28": 77.92153792574946,
        "20,29": 121.8161176318857,
        "20,30": 108.4090178406422,
        "21,0": 25.7073390582495,
        "21,1": 76.18676204933158,
        "21,2": 37.68542129030084,
        "21,3": 63.25350228430445,
        "21,4": 18.38343486024338,
        "21,5": 14.8738532283347,
        "21,6": 22.403316018701993,
        "21,7": 31.501176007257733,
        "21,8": 31.598198163502673,
        "21,9": 27.61546427063663,
        "21,10": 35.17200060218024,
        "21,11": 54.081087670660494,
        "21,12": 20.64939252502045,
        "21,13": 54.65665502768188,
        "21,14": 11.35784939494362,
        "21,15": 64.42555150893263,
        "21,16": 74.20824026273797,
        "21,17": 41.30372292961899,
        "21,18": 56.15951851228069,
        "21,19": 37.4470013587729,
        "21,20": 72.10789328851546,
        "21,21": 0.0,
        "21,22": 27.073962872439825,
        "21,23": 54.37412557355034,
        "21,24": 52.71828273724894,
        "21,25": 52.136346827622475,
        "21,26": 51.94479956577379,
        "21,27": 16.302881472137024,
        "21,28": 87.8515443618083,
        "21,29": 66.68050681485019,
        "21,30": 57.73639796729286,
        "22,0": 9.652476895075077,
        "22,1": 58.40797970504263,
        "22,2": 39.822754754697854,
        "22,3": 37.81358917506694,
        "22,4": 16.420376379753716,
        "22,5": 41.507546737844706,
        "22,6": 38.426164428341,
        "22,7": 45.27159565735668,
        "22,8": 36.080982526146414,
        "22,9": 53.54763606578002,
        "22,10": 29.66968138755575,
        "22,11": 39.430769929947466,
        "22,12": 47.6591651711849,
        "22,13": 42.237688733641214,
        "22,14": 22.11449275917043,
        "22,15": 72.89641207644131,
        "22,16": 55.17879743308814,
        "22,17": 42.81136955186221,
        "22,18": 37.37579858418286,
        "22,19": 60.6889150785162,
        "22,20": 49.20148129457499,
        "22,21": 27.073962872439825,
        "22,22": 0.0,
        "22,23": 38.559278971111596,
        "22,24": 57.97225739681284,
        "22,25": 51.122988049253436,
        "22,26": 24.87332698660113,
        "22,27": 22.684967347634064,
        "22,28": 66.25344024561753,
        "22,29": 74.86537034724508,
        "22,30": 62.39785360509973,
        "23,0": 48.20593775948786,
        "23,1": 87.4732787914735,
        "23,2": 78.33506014719153,
        "23,3": 28.123256493622613,
        "23,4": 36.10396657207021,
        "23,5": 63.342112452163335,
        "23,6": 73.52374736555743,
        "23,7": 46.95052949495444,
        "23,8": 74.27320569361459,
        "23,9": 81.0770566480638,
        "23,10": 21.78983352601207,
        "23,11": 2.411393140049667,
        "23,12": 69.9860895646673,
        "23,13": 77.5701688626751,
        "23,14": 56.36350337372708,
        "23,15": 111.20693578447991,
        "23,16": 83.12391667140788,
        "23,17": 81.36684509862611,
        "23,18": 68.52376195342764,
        "23,19": 70.27875105051947,
        "23,20": 24.60167266561045,
        "23,21": 54.37412557355034,
        "23,22": 38.559278971111596,
        "23,23": 0.0,
        "23,24": 96.47239417194025,
        "23,25": 89.49190964812489,
        "23,26": 37.331049764201715,
        "23,27": 38.87389573836568,
        "23,28": 88.72731224786307,
        "23,29": 113.22643993922607,
        "23,30": 100.94486572364377,
        "24,0": 48.390102926435524,
        "24,1": 55.01072929473733,
        "24,2": 18.149816302216045,
        "24,3": 90.51420932475294,
        "24,4": 64.67378969693696,
        "24,5": 59.56060498077151,
        "24,6": 31.536725780715656,
        "24,7": 84.03137554095436,
        "24,8": 22.64846935169594,
        "24,9": 50.26024799825034,
        "24,10": 83.3109620177001,
        "24,11": 97.20739611433441,
        "24,12": 59.56251504984216,
        "24,13": 34.849299828930896,
        "24,14": 43.80434569724445,
        "24,15": 15.583715688883366,
        "24,16": 56.72885452729368,
        "24,17": 15.381497974105152,
        "24,18": 47.76516685014749,
        "24,19": 82.9953993140669,
        "24,20": 104.56803761228666,
        "24,21": 52.71828273724894,
        "24,22": 57.97225739681284,
        "24,23": 96.47239417194025,
        "24,24": 0.0,
        "24,25": 12.990503066910945,
        "24,26": 72.3759367179485,
        "24,27": 66.56025293104052,
        "24,28": 72.53784416523482,
        "24,29": 17.25484869505214,
        "24,30": 5.019706048211704,
        "25,0": 41.52168787137878,
        "25,1": 42.26007095011839,
        "25,2": 14.476770935623005,
        "25,3": 80.56095791976534,
        "25,4": 60.69852782671232,
        "25,5": 61.813181533646045,
        "25,6": 34.235162904606355,
        "25,7": 83.5187107973233,
        "25,8": 20.628200727462602,
        "25,9": 56.30219888161978,
        "25,10": 78.77093266979821,
        "25,11": 90.49287667790196,
        "25,12": 63.20485737811008,
        "25,13": 21.981074469474887,
        "25,14": 41.6510478784192,
        "25,15": 27.355976512826057,
        "25,16": 43.80123157371118,
        "25,17": 10.903637234950889,
        "25,18": 35.201175757201874,
        "25,19": 86.1022349203975,
        "25,20": 95.12975375982323,
        "25,21": 52.136346827622475,
        "25,22": 51.122988049253436,
        "25,23": 89.49190964812489,
        "25,24": 12.990503066910945,
        "25,25": 0.0,
        "25,26": 62.11249960942732,
        "25,27": 63.755491205673096,
        "25,28": 59.67325425965456,
        "25,29": 28.53172799391169,
        "25,30": 14.57512310177664,
        "26,0": 29.540111316409114,
        "26,1": 50.53646584084863,
        "26,2": 55.36502718256018,
        "26,3": 18.544590551330806,
        "26,4": 38.57733632968548,
        "26,5": 66.25587713038088,
        "26,6": 60.705975190257966,
        "26,7": 65.4401316993125,
        "26,8": 53.873084514600215,
        "26,9": 78.1237897584835,
        "26,10": 42.61949610937389,
        "26,11": 39.391387117218834,
        "26,12": 72.49808016168714,
        "26,13": 44.84408187064808,
        "26,14": 46.04942729793336,
        "26,15": 87.95837628767268,
        "26,16": 46.03204642952309,
        "26,17": 57.271600916057636,
        "26,18": 33.26460710831294,
        "26,19": 83.94403760779464,
        "26,20": 33.60981646143929,
        "26,21": 51.94479956577379,
        "26,22": 24.87332698660113,
        "26,23": 37.331049764201715,
        "26,24": 72.3759367179485,
        "26,25": 62.11249960942732,
        "26,26": 0.0,
        "26,27": 44.96491638843137,
        "26,28": 51.660801991074315,
        "26,29": 89.58526266530718,
        "26,30": 75.86867917126364,
        "27,0": 27.326276601071804,
        "27,1": 79.95792587953473,
        "27,2": 49.855200749877774,
        "27,3": 52.16670454251867,
        "27,4": 6.460162220088261,
        "27,5": 24.895555736451268,
        "27,6": 38.027156791120376,
        "27,7": 22.847117919056803,
        "27,8": 44.2293282727124,
        "27,9": 42.20371830120933,
        "27,10": 18.881599450071604,
        "27,11": 38.33951912945462,
        "27,12": 31.632358060731033,
        "27,13": 61.160220942437206,
        "27,14": 22.75598092070349,
        "27,15": 79.38267873544412,
        "27,16": 77.09882014573967,
        "27,17": 53.43710491083581,
        "27,18": 58.96002583545201,
        "27,19": 38.98437023189431,
        "27,20": 58.704351757508974,
        "27,21": 16.302881472137024,
        "27,22": 22.684967347634064,
        "27,23": 38.87389573836568,
        "27,24": 66.56025293104052,
        "27,25": 63.755491205673096,
        "27,26": 44.96491638843137,
        "27,27": 0.0,
        "27,28": 88.82210776288268,
        "27,29": 81.59603738741055,
        "27,30": 71.5111497756639,
        "28,0": 62.75077910988849,
        "28,1": 17.727556649533486,
        "28,2": 65.22902202323274,
        "28,3": 63.9457630347939,
        "28,4": 82.66548286214505,
        "28,5": 102.34673559098384,
        "28,6": 82.95140776976993,
        "28,7": 111.52370505901851,
        "28,8": 68.76178240701775,
        "28,9": 106.18428841012077,
        "28,10": 92.59887686515329,
        "28,11": 90.88147824135713,
        "28,12": 106.87546204393186,
        "28,13": 39.491644088225605,
        "28,14": 77.37906230481883,
        "28,15": 84.92260821095176,
        "28,16": 16.0142804369452,
        "28,17": 64.09000972949065,
        "28,18": 32.007681688706235,
        "28,19": 124.98470878839574,
        "28,20": 77.92153792574946,
        "28,21": 87.8515443618083,
        "28,22": 66.25344024561753,
        "28,23": 88.72731224786307,
        "28,24": 72.53784416523482,
        "28,25": 59.67325425965456,
        "28,26": 51.660801991074315,
        "28,27": 88.82210776288268,
        "28,28": 0.0,
        "28,29": 85.35631362365835,
        "28,30": 72.7909241440961,
        "29,0": 65.36078805693431,
        "29,1": 67.63161885343958,
        "29,2": 35.173727073976,
        "29,3": 107.76109829538584,
        "29,4": 80.38146887637603,
        "29,5": 70.9406635841754,
        "29,6": 44.39157916573192,
        "29,7": 97.16078567302307,
        "29,8": 38.973034528088704,
        "29,9": 57.92155395394972,
        "29,10": 99.09406882028271,
        "29,11": 113.8664136878156,
        "29,12": 69.53916578621889,
        "29,13": 50.216002035598905,
        "29,14": 59.05537292238999,
        "29,15": 2.2837233299644546,
        "29,16": 70.15208313486102,
        "29,17": 32.60485004070124,
        "29,18": 63.66679417905906,
        "29,19": 92.75075639785591,
        "29,20": 121.8161176318857,
        "29,21": 66.68050681485019,
        "29,22": 74.86537034724508,
        "29,23": 113.22643993922607,
        "29,24": 17.25484869505214,
        "29,25": 28.53172799391169,
        "29,26": 89.58526266530718,
        "29,27": 81.59603738741055,
        "29,28": 85.35631362365835,
        "29,29": 0.0,
        "29,30": 13.985410161690133,
        "30,0": 52.7740656173133,
        "30,1": 55.10826597236088,
        "30,2": 22.650992357978087,
        "30,3": 94.15521136962406,
        "30,4": 69.52937402748837,
        "30,5": 64.4786350008323,
        "30,6": 36.505903648921844,
        "30,7": 89.04956570562486,
        "30,8": 27.473829513636787,
        "30,9": 54.685732520058444,
        "30,10": 88.13416370553779,
        "30,11": 101.73131643732488,
        "30,12": 64.34222362797512,
        "30,13": 36.42244471727853,
        "30,14": 48.75681814644624,
        "30,15": 12.791469401117581,
        "30,16": 57.2284592275863,
        "30,17": 19.59751673577467,
        "30,18": 49.764618449041336,
        "30,19": 87.7915769597824,
        "30,20": 108.4090178406422,
        "30,21": 57.73639796729286,
        "30,22": 62.39785360509973,
        "30,23": 100.94486572364377,
        "30,24": 5.019706048211704,
        "30,25": 14.57512310177664,
        "30,26": 75.86867917126364,
        "30,27": 71.5111497756639,
        "30,28": 72.7909241440961,
        "30,29": 13.985410161690133,
        "30,30": 0.0
    }
}