{
    "num_robots": 4,
    "num_tasks": 40,
    "num_nodes": 41,
    "robot_capacity": [
        132,
        136,
        144,
        136
    ],
    "robot_speed": [
        1.14,
        0.96,
        0.98,
        0.88
    ],
    "task_demand": {
        "0": 0,
        "1": 15,
        "2": 8,
        "3": 8,
        "4": 9,
        "5": 7,
        "6": 5,
        "7": 9,
        "8": 13,
        "9": 9,
        "10": 10,
        "11": 13,
        "12": 11,
        "13": 14,
        "14": 8,
        "15": 10,
        "16": 10,
        "17": 6,
        "18": 13,
        "19": 12,
        "20": 12,
        "21": 6,
        "22": 11,
        "23": 6,
        "24": 5,
        "25": 14,
        "26": 7,
        "27": 8,
        "28": 15,
        "29": 5,
        "30": 10,
        "31": 12,
        "32": 8,
        "33": 5,
        "34": 11,
        "35": 8,
        "36": 7,
        "37": 12,
        "38": 8,
        "39": 12,
        "40": 11
    },
    "task_service_time": {
        "0": 0,
        "1": 71,
        "2": 18,
        "3": 65,
        "4": 78,
        "5": 43,
        "6": 20,
        "7": 35,
        "8": 30,
        "9": 68,
        "10": 26,
        "11": 62,
        "12": 39,
        "13": 98,
        "14": 79,
        "15": 12,
        "16": 100,
        "17": 76,
        "18": 42,
        "19": 50,
        "20": 78,
        "21": 42,
        "22": 88,
        "23": 95,
        "24": 63,
        "25": 97,
        "26": 93,
        "27": 12,
        "28": 11,
        "29": 76,
        "30": 82,
        "31": 14,
        "32": 80,
        "33": 49,
        "34": 66,
        "35": 48,
        "36": 81,
        "37": 55,
        "38": 50,
        "39": 64,
        "40": 67
    },
    "task_precedence": [],
    "coordinates": {
        "0": [
            50.0,
            50.0
        ],
        "1": [
            25.49860195402439,
            6.367115773280741
        ],
        "2": [
            13.452648427142044,
            53.103433463417716
        ],
        "3": [
            97.06532073223751,
            22.48041925867511
        ],
        "4": [
            19.508574255704215,
            50.60481431036479
        ],
        "5": [
            82.35289051405441,
            43.66877701844953
        ],
        "6": [
            61.14674914439823,
            35.07282132719703
        ],
        "7": [
            65.41046560719735,
            62.382709441841754
        ],
        "8": [
            54.25962996713866,
            26.547343189135763
        ],
        "9": [
            55.863124618547886,
            87.56123483883904
        ],
        "10": [
            16.903938400536344,
            8.132277865084003
        ],
        "11": [
            86.6492947945343,
            23.122051231239315
        ],
        "12": [
            82.52390006248135,
            82.42385374543171
        ],
        "13": [
            98.45923998913001,
            42.65225875259764
        ],
        "14": [
            33.851148478202056,
            2.407683248850756
        ],
        "15": [
            59.768862678044,
            69.51316399680229
        ],
        "16": [
            30.53040696896937,
            5.880965711497543
        ],
        "17": [
            71.70693997581589,
            25.17718232089239
        ],
        "18": [
            49.74082309292835,
            62.79836220055357
        ],
        "19": [
            42.45571788862173,
            44.67691785883685
        ],
        "20": [
            6.691325510464019,
            76.85224286450767
        ],
        "21": [
            92.19471516399828,
            65.23351246154903
        ],
        "22": [
            9.694503495963469,
            4.815710822137831
        ],
        "23": [
            53.088298354017674,
            53.46975212299824
        ],
        "24": [
            80.94121952880568,
            52.875533337196515
        ],
        "25": [
            80.12134578908264,
            77.63355594558232
        ],
        "26": [
            34.861463547356394,
            10.557680794982726
        ],
        "27": [
            28.199010756372278,
            2.0539194349682655
        ],
        "28": [
            94.0672033075312,
            22.096458418573274
        ],
        "29": [
            87.46903191536927,
            67.51387067878149
        ],
        "30": [
            98.82148797418986,
            37.14031955160707
        ],
        "31": [
            55.72139630843296,
            51.45252402576821
        ],
        "32": [
            87.04974709939368,
            80.5867611711791
        ],
        "33": [
            95.40367554348819,
            52.825056219189634
        ],
        "34": [
            54.94498098343872,
            87.24814841349465
        ],
        "35": [
            58.23512273020688,
            11.93271628099495
        ],
        "36": [
            99.78523684331093,
            77.25854126744761
        ],
        "37": [
            9.50867081140575,
            62.34770497993184
        ],
        "38": [
            84.95904682333469,
            57.07940947353446
        ],
        "39": [
            95.92603218637962,
            92.03376162031628
        ],
        "40": [
            27.748660158787843,
            58.79887159170738
        ]
    },
    "distance_matrix_str_keys": {
        "0,0": 0.0,
        "0,1": 50.04145373737281,
        "0,2": 36.67887956647454,
        "0,3": 54.52037912383484,
        "0,4": 30.497423567736437,
        "0,5": 32.96655743411048,
        "0,6": 18.629833053946736,
        "0,7": 19.769014728905674,
        "0,8": 23.836349530603936,
        "0,9": 38.01608334522427,
        "0,10": 53.36904955273259,
        "0,11": 45.44881669474798,
        "0,12": 45.925051627400705,
        "0,13": 49.01313335997685,
        "0,14": 50.25747724682166,
        "0,15": 21.82187542784951,
        "0,16": 48.22400065676853,
        "0,17": 32.97519553609791,
        "0,18": 12.800986199731552,
        "0,19": 9.233168256759553,
        "0,20": 50.95767099166805,
        "0,21": 44.8603821839172,
        "0,22": 60.548765775576086,
        "0,23": 4.645079818310881,
        "0,24": 31.074551612261025,
        "0,25": 40.8767523947673,
        "0,26": 42.24774349238659,
        "0,27": 52.66981843095043,
        "0,28": 52.15866217737663,
        "0,29": 41.36017430848234,
        "0,30": 50.48672171223583,
        "0,31": 5.902897742938139,
        "0,32": 48.04408099934664,
        "0,33": 45.49147937251469,
        "0,34": 37.57495704801663,
        "0,35": 38.947854063154715,
        "0,36": 56.759121553929184,
        "0,37": 42.332181112370506,
        "0,38": 35.66865561371884,
        "0,39": 62.25783122096328,
        "0,40": 23.927855441231475,
        "1,0": 50.04145373737281,
        "1,1": 0.0,
        "1,2": 48.26373781220451,
        "1,3": 73.35825642620102,
        "1,4": 44.64139786884558,
        "1,5": 67.99870630619738,
        "1,6": 45.76907175653335,
        "1,7": 68.78011045579093,
        "1,8": 35.134574295510824,
        "1,9": 86.68615349337182,
        "1,10": 8.77405486693553,
        "1,11": 63.40453530367324,
        "1,12": 95.06057024509592,
        "1,13": 81.48537478295827,
        "1,14": 9.243491729539569,
        "1,15": 71.84618414599059,
        "1,16": 5.055235265642663,
        "1,17": 49.890170437288745,
        "1,18": 61.41800109970296,
        "1,19": 41.89492471235453,
        "1,20": 72.95112602483195,
        "1,21": 88.95855313784176,
        "1,22": 15.880062512298696,
        "1,23": 54.5879995835855,
        "1,24": 72.36654439617105,
        "1,25": 89.79170139218118,
        "1,26": 10.257875628852382,
        "1,27": 5.0887985175903845,
        "1,28": 70.34959354274305,
        "1,29": 87.05894454372468,
        "1,30": 79.51877567661977,
        "1,31": 54.27809259620621,
        "1,32": 96.42146665393601,
        "1,33": 83.93485297553076,
        "1,34": 86.07456464537755,
        "1,35": 33.20625997520492,
        "1,36": 102.68446003056731,
        "1,37": 58.21944920616741,
        "1,38": 78.1490961969304,
        "1,39": 110.89994201898698,
        "1,40": 52.48001314908314,
        "2,0": 36.67887956647454,
        "2,1": 48.26373781220451,
        "2,2": 0.0,
        "2,3": 89.04407879799277,
        "2,4": 6.55113236876262,
        "2,5": 69.54319594230415,
        "2,6": 50.98853025175961,
        "2,7": 52.779917855182454,
        "2,8": 48.68712019683888,
        "2,9": 54.6441997508408,
        "2,10": 45.10339497565558,
        "2,11": 79.09887685665998,
        "2,12": 75.03682328021557,
        "2,13": 85.64664419475365,
        "2,14": 54.645749094974086,
        "2,15": 49.137266496150836,
        "2,16": 50.21564793362818,
        "2,17": 64.60215156411813,
        "2,18": 37.56092735533506,
        "2,19": 30.202387379504625,
        "2,20": 24.692538054094282,
        "2,21": 79.67089738726699,
        "2,22": 48.43374661540151,
        "2,23": 39.637342676902456,
        "2,24": 67.48895589510805,
        "2,25": 71.03831442910243,
        "2,26": 47.62854642937533,
        "2,27": 53.13669244962278,
        "2,28": 86.37209595694017,
        "2,29": 75.40613851281776,
        "2,30": 86.84848744434781,
        "2,31": 42.30097575025256,
        "2,32": 78.56122602699978,
        "2,33": 81.95149992107653,
        "2,34": 53.735232575883806,
        "2,35": 60.83171835498076,
        "2,36": 89.64811797054037,
        "2,37": 10.050448512601978,
        "2,38": 71.61685134678882,
        "2,39": 91.19994231962147,
        "2,40": 15.388761058140126,
        "3,0": 54.52037912383484,
        "3,1": 73.35825642620102,
        "3,2": 89.04407879799277,
        "3,3": 0.0,
        "3,4": 82.49866981381437,
        "3,5": 25.795389267873052,
        "3,6": 38.06195442651428,
        "3,7": 50.93351170741046,
        "3,8": 42.99845383421854,
        "3,9": 77.02683636999672,
        "3,10": 81.43535091580101,
        "3,11": 10.435769637315815,
        "3,12": 61.68199294091342,
        "3,13": 20.2199436068281,
        "3,14": 66.3245528042441,
        "3,15": 60.025868265190844,
        "3,16": 68.5743144883741,
        "3,17": 25.501372621907905,
        "3,18": 62.170287114324516,
        "3,19": 58.948225357888695,
        "3,20": 105.46920979399111,
        "3,21": 43.029638355614686,
        "3,22": 89.13866517220387,
        "3,23": 53.79885917591808,
        "3,24": 34.40711553537788,
        "3,25": 57.69719900722157,
        "3,26": 63.33617876972604,
        "3,27": 71.83182125450983,
        "3,28": 3.0226038475227432,
        "3,29": 46.04454914388707,
        "3,30": 14.76471469349859,
        "3,31": 50.48468026438002,
        "3,32": 58.9631977223737,
        "3,33": 30.39009800903442,
        "3,34": 77.25918560550778,
        "3,35": 40.23727519331132,
        "3,36": 54.84560688386302,
        "3,37": 96.2058595727901,
        "3,38": 36.655858902027035,
        "3,39": 69.56267254833149,
        "3,40": 78.25490024862064,
        "4,0": 30.497423567736437,
        "4,1": 44.64139786884558,
        "4,2": 6.55113236876262,
        "4,3": 82.49866981381437,
        "4,4": 0.0,
        "4,5": 63.22591793951573,
        "4,6": 44.44075172733513,
        "4,7": 47.388843026311044,
        "4,8": 42.265799292193556,
        "4,9": 51.84043161820675,
        "4,10": 42.55232637628324,
        "4,11": 72.54776785633464,
        "4,12": 70.59307726048367,
        "4,13": 79.35017806943162,
        "4,14": 50.28591132602272,
        "4,15": 44.47939423727113,
        "4,16": 46.06195208470437,
        "4,17": 58.062327308182965,
        "4,18": 32.59864230157704,
        "4,19": 23.70045057060697,
        "4,20": 29.2097478781005,
        "4,21": 74.14360316128992,
        "4,22": 46.82902927813854,
        "4,23": 33.701717154903406,
        "4,24": 61.47459694987459,
        "4,25": 66.36611294433983,
        "4,26": 42.88920741166203,
        "4,27": 49.32254129476651,
        "4,28": 79.82302626273312,
        "4,29": 70.03242101042503,
        "4,30": 80.44769046793428,
        "4,31": 36.22274275623239,
        "4,32": 73.89673312580082,
        "4,33": 75.92756991776236,
        "4,34": 50.97521805708169,
        "4,35": 54.72912134084737,
        "4,36": 84.58583638474694,
        "4,37": 15.423798175958387,
        "4,38": 65.76993797969624,
        "4,39": 86.92517214131522,
        "4,40": 11.620739667513472,
        "5,0": 32.96655743411048,
        "5,1": 67.99870630619738,
        "5,2": 69.54319594230415,
        "5,3": 25.795389267873052,
        "5,4": 63.22591793951573,
        "5,5": 0.0,
        "5,6": 22.882108426362713,
        "5,7": 25.243950334125223,
        "5,8": 32.89946480610988,
        "5,9": 51.266514907036665,
        "5,10": 74.47421100511725,
        "5,11": 20.99111789105419,
        "5,12": 38.75545402107849,
        "5,13": 16.138395298110613,
        "5,14": 63.67807188959155,
        "5,15": 34.32157705561536,
        "5,16": 64.13648325368656,
        "5,17": 21.33718203796707,
        "5,18": 37.80857006975331,
        "5,19": 39.90990768540603,
        "5,20": 82.61848960341166,
        "5,21": 23.704415773672093,
        "5,22": 82.39418642674775,
        "5,23": 30.86220127102516,
        "5,24": 9.314353272416751,
        "5,25": 34.03800815894714,
        "5,26": 57.89456216651862,
        "5,27": 68.29669878188055,
        "5,28": 24.54770975056494,
        "5,29": 24.387771413318013,
        "5,30": 17.71540175102871,
        "5,31": 27.745687973052522,
        "5,32": 37.215561472110515,
        "5,33": 15.942410065181448,
        "5,34": 51.4815997811421,
        "5,35": 39.86030950716514,
        "5,36": 37.8438761340116,
        "5,37": 75.20094875650169,
        "5,38": 13.661519445280552,
        "5,39": 50.23347400285809,
        "5,40": 56.661642532552314,
        "6,0": 18.629833053946736,
        "6,1": 45.76907175653335,
        "6,2": 50.98853025175961,
        "6,3": 38.06195442651428,
        "6,4": 44.44075172733513,
        "6,5": 22.882108426362713,
        "6,6": 0.0,
        "6,7": 27.640717554172817,
        "6,8": 10.959753101431492,
        "6,9": 52.753675143057954,
        "6,10": 51.799799078289695,
        "6,11": 28.163819707626867,
        "6,12": 51.95289070347495,
        "6,13": 38.0745301313589,
        "6,14": 42.568310530321455,
        "6,15": 34.467894834381674,
        "6,16": 42.30277582488872,
        "6,17": 14.47208698630075,
        "6,18": 29.980006100929383,
        "6,19": 21.014121908694403,
        "6,20": 68.63609274385844,
        "6,21": 43.28560365359386,
        "6,22": 59.689415463566384,
        "6,23": 20.084463942223692,
        "6,24": 26.62250199943956,
        "6,25": 46.59883527605694,
        "6,26": 35.94312666188449,
        "6,27": 46.64548581646918,
        "6,28": 35.3856227392319,
        "6,29": 41.77659935067594,
        "6,30": 37.73142582517852,
        "6,31": 17.254828712227088,
        "6,32": 52.36873134971018,
        "6,33": 38.58340122349436,
        "6,34": 52.54261779626547,
        "6,35": 23.322564823043884,
        "6,36": 57.206360647538865,
        "6,37": 58.398719268443614,
        "6,38": 32.4239948586352,
        "6,39": 66.73939801938994,
        "6,40": 40.96776548757354,
        "7,0": 19.769014728905674,
        "7,1": 68.78011045579093,
        "7,2": 52.779917855182454,
        "7,3": 50.93351170741046,
        "7,4": 47.388843026311044,
        "7,5": 25.243950334125223,
        "7,6": 27.640717554172817,
        "7,7": 0.0,
        "7,8": 37.530182652595535,
        "7,9": 26.927864028191756,
        "7,10": 72.77357011934359,
        "7,11": 44.63728428543364,
        "7,12": 26.353692414017008,
        "7,13": 38.49041663256689,
        "7,14": 67.77163318452973,
        "7,15": 9.092363046567659,
        "7,16": 66.40079468783271,
        "7,17": 37.73455760734939,
        "7,18": 15.675154345039518,
        "7,19": 28.989920634666458,
        "7,20": 60.47565469814645,
        "7,21": 26.93553604772259,
        "7,22": 80.11384252463142,
        "7,23": 15.20778136293588,
        "7,24": 18.20963247455285,
        "7,25": 21.189580335779212,
        "7,26": 60.15874933124795,
        "7,27": 70.88198131971504,
        "7,28": 49.43875642788293,
        "7,29": 22.647497945942952,
        "7,30": 41.874510898377025,
        "7,31": 14.60640329122832,
        "7,32": 28.278012710636172,
        "7,33": 31.479221359603034,
        "7,34": 26.978073016120383,
        "7,35": 50.9577016292127,
        "7,36": 37.455510543027565,
        "7,37": 55.901805755298696,
        "7,38": 20.255172626214907,
        "7,39": 42.54861571119705,
        "7,40": 37.831937346241,
        "8,0": 23.836349530603936,
        "8,1": 35.134574295510824,
        "8,2": 48.68712019683888,
        "8,3": 42.99845383421854,
        "8,4": 42.265799292193556,
        "8,5": 32.89946480610988,
        "8,6": 10.959753101431492,
        "8,7": 37.530182652595535,
        "8,8": 0.0,
        "8,9": 61.03495858390362,
        "8,10": 41.64807706615297,
        "8,11": 32.5702780557345,
        "8,12": 62.618315179908315,
        "8,13": 47.04225580690572,
        "8,14": 31.610588395613085,
        "8,15": 43.31758768375058,
        "8,16": 31.467049148992007,
        "8,17": 17.501027608222152,
        "8,18": 36.53157531413867,
        "8,19": 21.63362702048885,
        "8,20": 69.23385385945322,
        "8,21": 54.18201160779111,
        "8,22": 49.58139109309249,
        "8,23": 26.947877848728915,
        "8,24": 37.48440766518395,
        "8,25": 57.25931783606848,
        "8,26": 25.13877809139816,
        "8,27": 35.76427939788222,
        "8,28": 40.055627201325365,
        "8,29": 52.7363323745503,
        "8,30": 45.803606159957205,
        "8,31": 24.94804187390075,
        "8,32": 63.209575836142065,
        "8,33": 48.81957280106608,
        "8,34": 60.70467412729516,
        "8,35": 15.145687913507308,
        "8,36": 68.14841518319824,
        "8,37": 57.308936909612676,
        "8,38": 43.29735865968511,
        "8,39": 77.61803960961156,
        "8,40": 41.749162919526576,
        "9,0": 38.01608334522427,
        "9,1": 86.68615349337182,
        "9,2": 54.6441997508408,
        "9,3": 77.02683636999672,
        "9,4": 51.84043161820675,
        "9,5": 51.266514907036665,
        "9,6": 52.753675143057954,
        "9,7": 26.927864028191756,
        "9,8": 61.03495858390362,
        "9,9": 0.0,
        "9,10": 88.46907593452262,
        "9,11": 71.41566115439068,
        "9,12": 27.151236284389416,
        "9,13": 61.89705306214945,
        "9,14": 87.9525692745354,
        "9,15": 18.46585093919513,
        "9,16": 85.51849477293321,
        "9,17": 64.36455929808832,
        "9,18": 25.508477752906984,
        "9,19": 44.93131645147929,
        "9,20": 50.32443081279759,
        "9,21": 42.64401081183145,
        "9,22": 94.7542258749404,
        "9,23": 34.20422275922666,
        "9,24": 42.80197113438754,
        "9,25": 26.21106832172614,
        "9,26": 79.81614562940445,
        "9,27": 89.87104196211621,
        "9,28": 75.79702223853792,
        "9,29": 37.427666048275405,
        "9,30": 66.23963828854734,
        "9,31": 36.10898895698779,
        "9,32": 31.95698209630688,
        "9,33": 52.63133356228005,
        "9,34": 0.9700571346196096,
        "9,35": 75.66570685783542,
        "9,36": 45.114270880849546,
        "9,37": 52.767958797972085,
        "9,38": 42.1392259842054,
        "9,39": 40.31178560420835,
        "9,40": 40.220599839125484,
        "10,0": 53.36904955273259,
        "10,1": 8.77405486693553,
        "10,2": 45.10339497565558,
        "10,3": 81.43535091580101,
        "10,4": 42.55232637628324,
        "10,5": 74.47421100511725,
        "10,6": 51.799799078289695,
        "10,7": 72.77357011934359,
        "10,8": 41.64807706615297,
        "10,9": 88.46907593452262,
        "10,10": 0.0,
        "10,11": 71.33798458110861,
        "10,12": 99.12223572589852,
        "10,13": 88.56012814851148,
        "10,14": 17.88795440895188,
        "10,15": 74.86664755170644,
        "10,16": 13.811192999135857,
        "10,17": 57.39248861626169,
        "10,18": 63.77022638249075,
        "10,19": 44.59152550968336,
        "10,20": 69.47467921167024,
        "10,21": 94.49471973653338,
        "10,22": 7.935714750016562,
        "10,23": 58.00684853816952,
        "10,24": 78.11998646021212,
        "10,25": 93.95141431480519,
        "10,26": 18.120576391799343,
        "10,27": 12.82673382933193,
        "10,28": 78.4166295478039,
        "10,29": 92.2258422994818,
        "10,30": 86.90196436582455,
        "10,31": 58.1673341821129,
        "10,32": 100.84684739331172,
        "10,33": 90.33079856019067,
        "10,34": 87.78634229438576,
        "10,35": 41.505543367679635,
        "10,36": 107.92474194332466,
        "10,37": 54.71747910823583,
        "10,38": 83.82910875784025,
        "10,39": 115.25602059167285,
        "10,40": 51.814203746391826,
        "11,0": 45.44881669474798,
        "11,1": 63.40453530367324,
        "11,2": 79.09887685665998,
        "11,3": 10.435769637315815,
        "11,4": 72.54776785633464,
        "11,5": 20.99111789105419,
        "11,6": 28.163819707626867,
        "11,7": 44.63728428543364,
        "11,8": 32.5702780557345,
        "11,9": 71.41566115439068,
        "11,10": 71.33798458110861,
        "11,11": 0.0,
        "11,12": 59.44512312315895,
        "11,13": 22.823317272620027,
        "11,14": 56.716217216512526,
        "11,15": 53.616163368861294,
        "11,16": 58.70761961344872,
        "11,17": 15.083021292968331,
        "11,18": 54.1889742981169,
        "11,19": 49.169955410517986,
        "11,20": 96.33384838663962,
        "11,21": 42.47501446763667,
        "11,22": 79.1022250191516,
        "11,23": 45.24735828195979,
        "11,24": 30.296069393053916,
        "11,25": 54.900986006078405,
        "11,26": 53.29017610916345,
        "11,27": 62.13132769808533,
        "11,28": 7.488471628081671,
        "11,29": 44.39938741481078,
        "11,30": 18.56540151746468,
        "11,31": 41.942229238896346,
        "11,32": 57.46610523195288,
        "11,33": 30.966234637292537,
        "11,34": 71.53544473937716,
        "11,35": 30.537950008636216,
        "11,36": 55.70738305601241,
        "11,37": 86.54090235558411,
        "11,38": 33.99939877409179,
        "11,39": 69.5333134934995,
        "11,40": 68.86305447427382,
        "12,0": 45.925051627400705,
        "12,1": 95.06057024509592,
        "12,2": 75.03682328021557,
        "12,3": 61.68199294091342,
        "12,4": 70.59307726048367,
        "12,5": 38.75545402107849,
        "12,6": 51.95289070347495,
        "12,7": 26.353692414017008,
        "12,8": 62.618315179908315,
        "12,9": 27.151236284389416,
        "12,10": 99.12223572589852,
        "12,11": 59.44512312315895,
        "12,12": 0.0,
        "12,13": 42.84524275636524,
        "12,14": 93.65695002359875,
        "12,15": 26.162523505054057,
        "12,16": 92.53181632628024,
        "12,17": 58.25966026939808,
        "12,18": 38.20850761243783,
        "12,19": 55.04807345897134,
        "12,20": 76.03697923376293,
        "12,21": 19.7239067677803,
        "12,22": 106.42906018680019,
        "12,23": 41.2891589730466,
        "12,24": 29.590676177123846,
        "12,25": 5.359031633408071,
        "12,26": 86.2348808145646,
        "12,27": 97.00783442170643,
        "12,28": 61.42184038866175,
        "12,29": 15.708657615794014,
        "12,30": 48.127017784433235,
        "12,31": 40.958484738694736,
        "12,32": 4.8844856973792306,
        "12,33": 32.27967520655403,
        "12,34": 27.99768912986716,
        "12,35": 74.55833397633647,
        "12,36": 18.017608067011516,
        "12,37": 75.72499885666296,
        "12,38": 25.461162487172498,
        "12,39": 16.491436408942505,
        "12,40": 59.652884995371096,
        "13,0": 49.01313335997685,
        "13,1": 81.48537478295827,
        "13,2": 85.64664419475365,
        "13,3": 20.2199436068281,
        "13,4": 79.35017806943162,
        "13,5": 16.138395298110613,
        "13,6": 38.0745301313589,
        "13,7": 38.49041663256689,
        "13,8": 47.04225580690572,
        "13,9": 61.89705306214945,
        "13,10": 88.56012814851148,
        "13,11": 22.823317272620027,
        "13,12": 42.84524275636524,
        "13,13": 0.0,
        "13,14": 76.1172210880115,
        "13,15": 47.10046206792817,
        "13,16": 77.24282715822436,
        "13,17": 31.954089758531804,
        "13,18": 52.719537450624976,
        "13,19": 56.04010824542184,
        "13,20": 97.9335950581753,
        "13,21": 23.434105281677013,
        "13,22": 96.49239764870222,
        "13,23": 46.642689756010334,
        "13,24": 20.2829086691344,
        "13,25": 39.49644942265125,
        "13,26": 71.23720307967766,
        "13,27": 81.14631826022075,
        "13,28": 21.019774346666658,
        "13,29": 27.182428535226993,
        "13,30": 5.523829953763644,
        "13,31": 43.634481220175736,
        "13,32": 39.61316702494648,
        "13,33": 10.621783389703017,
        "13,34": 62.307977911831536,
        "13,35": 50.612942010163756,
        "13,36": 34.631677076845534,
        "13,37": 91.104963416572,
        "13,38": 19.758489148677704,
        "13,39": 49.44643533407054,
        "13,40": 72.5306776896459,
        "14,0": 50.25747724682166,
        "14,1": 9.243491729539569,
        "14,2": 54.645749094974086,
        "14,3": 66.3245528042441,
        "14,4": 50.28591132602272,
        "14,5": 63.67807188959155,
        "14,6": 42.568310530321455,
        "14,7": 67.77163318452973,
        "14,8": 31.610588395613085,
        "14,9": 87.9525692745354,
        "14,10": 17.88795440895188,
        "14,11": 56.716217216512526,
        "14,12": 93.65695002359875,
        "14,13": 76.1172210880115,
        "14,14": 0.0,
        "14,15": 71.93659330103408,
        "14,16": 4.805311148767654,
        "14,17": 44.17591015364049,
        "14,18": 62.44610367036135,
        "14,19": 43.13614272570945,
        "14,20": 79.2442328501448,
        "14,21": 85.73830293330445,
        "14,22": 24.276369036402944,
        "14,23": 54.56558267857839,
        "14,24": 69.02520325280207,
        "14,25": 88.31683351531963,
        "14,26": 8.212380686555969,
        "14,27": 5.663197830073023,
        "14,28": 63.353146148337856,
        "14,29": 84.34271199068074,
        "14,30": 73.67157551432886,
        "14,31": 53.70013172226773,
        "14,32": 94.56246147411846,
        "14,33": 79.56522535224191,
        "14,34": 87.42341962604833,
        "14,35": 26.17832031635858,
        "14,36": 99.749460924148,
        "14,37": 64.69437706695189,
        "14,38": 74.83992865872587,
        "14,39": 109.02350715158566,
        "14,40": 56.72042389129436,
        "15,0": 21.82187542784951,
        "15,1": 71.84618414599059,
        "15,2": 49.137266496150836,
        "15,3": 60.025868265190844,
        "15,4": 44.47939423727113,
        "15,5": 34.32157705561536,
        "15,6": 34.467894834381674,
        "15,7": 9.092363046567659,
        "15,8": 43.31758768375058,
        "15,9": 18.46585093919513,
        "15,10": 74.86664755170644,
        "15,11": 53.616163368861294,
        "15,12": 26.162523505054057,
        "15,13": 47.10046206792817,
        "15,14": 71.93659330103408,
        "15,15": 0.0,
        "15,16": 70.02816541129619,
        "15,17": 45.91510601898024,
        "15,18": 12.06856002527027,
        "15,19": 30.275140044681923,
        "15,20": 53.582525420161325,
        "15,21": 32.70705316447911,
        "15,22": 81.81199114300979,
        "15,23": 17.378751515571256,
        "15,24": 26.927299318376676,
        "15,25": 21.912652376810172,
        "15,26": 64.00099632830262,
        "15,27": 74.4809051180879,
        "15,28": 58.521108480861734,
        "15,29": 27.772226225996786,
        "15,30": 50.72581788393341,
        "15,31": 18.50861151400737,
        "15,32": 29.442676664858546,
        "15,33": 39.348860582645116,
        "15,34": 18.379322807542955,
        "15,35": 57.60087080401141,
        "15,36": 40.759061206059094,
        "15,37": 50.76840247037265,
        "15,38": 28.09170035470508,
        "15,39": 42.5971621610494,
        "15,40": 33.76521036682657,
        "16,0": 48.22400065676853,
        "16,1": 5.055235265642663,
        "16,2": 50.21564793362818,
        "16,3": 68.5743144883741,
        "16,4": 46.06195208470437,
        "16,5": 64.13648325368656,
        "16,6": 42.30277582488872,
        "16,7": 66.40079468783271,
        "16,8": 31.467049148992007,
        "16,9": 85.51849477293321,
        "16,10": 13.811192999135857,
        "16,11": 58.70761961344872,
        "16,12": 92.53181632628024,
        "16,13": 77.24282715822436,
        "16,14": 4.805311148767654,
        "16,15": 70.02816541129619,
        "16,16": 0.0,
        "16,17": 45.473628026589274,
        "16,18": 60.0718745399881,
        "16,19": 40.587423465268415,
        "16,20": 74.86804382054223,
        "16,21": 85.58745066239884,
        "16,22": 20.863116773764272,
        "16,23": 52.66451419940252,
        "16,24": 68.91835321066038,
        "16,25": 87.22210395513683,
        "16,26": 6.374144260784136,
        "16,27": 4.481260035169648,
        "16,28": 65.57336877651711,
        "16,29": 83.90841427111495,
        "16,30": 75.10538560824222,
        "16,31": 52.070652685480525,
        "16,32": 93.67706060739935,
        "16,33": 80.07676697479761,
        "16,34": 84.9511026718793,
        "16,35": 28.357978777874393,
        "16,36": 99.45345520980834,
        "16,37": 60.25285084282367,
        "16,38": 74.72454402705085,
        "16,39": 108.16141659798359,
        "16,40": 52.99096977846982,
        "17,0": 32.97519553609791,
        "17,1": 49.890170437288745,
        "17,2": 64.60215156411813,
        "17,3": 25.501372621907905,
        "17,4": 58.062327308182965,
        "17,5": 21.33718203796707,
        "17,6": 14.47208698630075,
        "17,7": 37.73455760734939,
        "17,8": 17.501027608222152,
        "17,9": 64.36455929808832,
        "17,10": 57.39248861626169,
        "17,11": 15.083021292968331,
        "17,12": 58.25966026939808,
        "17,13": 31.954089758531804,
        "17,14": 44.17591015364049,
        "17,15": 45.91510601898024,
        "17,16": 45.473628026589274,
        "17,17": 0.0,
        "17,18": 43.56447482124053,
        "17,19": 35.154995088097074,
        "17,20": 83.05023784730285,
        "17,21": 44.99176054011201,
        "17,22": 65.2696851513957,
        "17,23": 33.86920905258918,
        "17,24": 29.197098621013033,
        "17,25": 53.12695510796193,
        "17,26": 39.63986576801489,
        "17,27": 49.27093657985071,
        "17,28": 22.571491665948283,
        "17,29": 45.17564303276663,
        "17,30": 29.636385838307582,
        "17,31": 30.75599434337627,
        "17,32": 57.49454894855208,
        "17,33": 36.41346190161452,
        "17,34": 64.29438623185631,
        "17,35": 18.891949094285764,
        "17,36": 59.168054765211856,
        "17,37": 72.45876373355108,
        "17,38": 34.545194068015135,
        "17,39": 71.10813331204768,
        "17,40": 55.34210290452804,
        "18,0": 12.800986199731552,
        "18,1": 61.41800109970296,
        "18,2": 37.56092735533506,
        "18,3": 62.170287114324516,
        "18,4": 32.59864230157704,
        "18,5": 37.80857006975331,
        "18,6": 29.980006100929383,
        "18,7": 15.675154345039518,
        "18,8": 36.53157531413867,
        "18,9": 25.508477752906984,
        "18,10": 63.77022638249075,
        "18,11": 54.1889742981169,
        "18,12": 38.20850761243783,
        "18,13": 52.719537450624976,
        "18,14": 62.44610367036135,
        "18,15": 12.06856002527027,
        "18,16": 60.0718745399881,
        "18,17": 43.56447482124053,
        "18,18": 0.0,
        "18,19": 19.530988271660814,
        "18,20": 45.2854369949023,
        "18,21": 42.523674685705146,
        "18,22": 70.46769170430623,
        "18,23": 9.911032065464823,
        "18,24": 32.74030040191107,
        "18,25": 33.809157527866404,
        "18,26": 54.31835908976594,
        "18,27": 64.451043479876,
        "18,28": 60.17867524636212,
        "18,29": 38.021753788560936,
        "18,30": 55.38273032057786,
        "18,31": 12.825572107100244,
        "18,32": 41.332589423581446,
        "18,33": 46.73930814763424,
        "18,34": 24.99750597975496,
        "18,35": 51.57002095347432,
        "18,36": 52.0916512146248,
        "18,37": 40.23467620267526,
        "18,38": 35.6795417994519,
        "18,39": 54.660608469343586,
        "18,40": 22.352878017204688,
        "19,0": 9.233168256759553,
        "19,1": 41.89492471235453,
        "19,2": 30.202387379504625,
        "19,3": 58.948225357888695,
        "19,4": 23.70045057060697,
        "19,5": 39.90990768540603,
        "19,6": 21.014121908694403,
        "19,7": 28.989920634666458,
        "19,8": 21.63362702048885,
        "19,9": 44.93131645147929,
        "19,10": 44.59152550968336,
        "19,11": 49.169955410517986,
        "19,12": 55.04807345897134,
        "19,13": 56.04010824542184,
        "19,14": 43.13614272570945,
        "19,15": 30.275140044681923,
        "19,16": 40.587423465268415,
        "19,17": 35.154995088097074,
        "19,18": 19.530988271660814,
        "19,19": 0.0,
        "19,20": 48.107622071760844,
        "19,21": 53.819526490114825,
        "19,22": 51.59663743796006,
        "19,23": 13.797307771812948,
        "19,24": 39.34909315675013,
        "19,25": 50.04837179286356,
        "19,26": 34.95418482555851,
        "19,27": 44.94411744484295,
        "19,28": 56.33491435761391,
        "19,29": 50.47499236028634,
        "19,30": 56.86739269021982,
        "19,31": 14.895874021594157,
        "19,32": 57.25508089216323,
        "19,33": 53.571245818638424,
        "19,34": 44.36542982536501,
        "19,35": 36.34793466106411,
        "19,36": 65.94115503626396,
        "19,37": 37.38669052734332,
        "19,38": 44.27589376607831,
        "19,39": 71.42650181935403,
        "19,40": 20.389387541120563,
        "20,0": 50.95767099166805,
        "20,1": 72.95112602483195,
        "20,2": 24.692538054094282,
        "20,3": 105.46920979399111,
        "20,4": 29.2097478781005,
        "20,5": 82.61848960341166,
        "20,6": 68.63609274385844,
        "20,7": 60.47565469814645,
        "20,8": 69.23385385945322,
        "20,9": 50.32443081279759,
        "20,10": 69.47467921167024,
        "20,11": 96.33384838663962,
        "20,12": 76.03697923376293,
        "20,13": 97.9335950581753,
        "20,14": 79.2442328501448,
        "20,15": 53.582525420161325,
        "20,16": 74.86804382054223,
        "20,17": 83.05023784730285,
        "20,18": 45.2854369949023,
        "20,19": 48.107622071760844,
        "20,20": 0.0,
        "20,21": 86.28919131861619,
        "20,22": 72.09910558879331,
        "20,23": 51.9559425121153,
        "20,24": 78.02518414904267,
        "20,25": 73.43417684054884,
        "20,26": 72.03142117859169,
        "20,27": 77.82910581849855,
        "20,28": 103.11517808304288,
        "20,29": 81.31569988087303,
        "20,30": 100.32449196882193,
        "20,31": 55.21859794979281,
        "20,32": 80.44515241608424,
        "20,33": 91.90857819850524,
        "20,34": 49.36081562016575,
        "20,35": 82.89335295219628,
        "20,36": 93.09479795155148,
        "20,37": 14.775623634548696,
        "20,38": 80.72670648438702,
        "20,39": 90.51691216159367,
        "20,40": 27.736898831792097,
        "21,0": 44.8603821839172,
        "21,1": 88.95855313784176,
        "21,2": 79.67089738726699,
        "21,3": 43.029638355614686,
        "21,4": 74.14360316128992,
        "21,5": 23.704415773672093,
        "21,6": 43.28560365359386,
        "21,7": 26.93553604772259,
        "21,8": 54.18201160779111,
        "21,9": 42.64401081183145,
        "21,10": 94.49471973653338,
        "21,11": 42.47501446763667,
        "21,12": 19.7239067677803,
        "21,13": 23.434105281677013,
        "21,14": 85.73830293330445,
        "21,15": 32.70705316447911,
        "21,16": 85.58745066239884,
        "21,17": 44.99176054011201,
        "21,18": 42.523674685705146,
        "21,19": 53.819526490114825,
        "21,20": 86.28919131861619,
        "21,21": 0.0,
        "21,22": 102.25749693890313,
        "21,23": 40.83745698520899,
        "21,24": 16.714090224993747,
        "21,25": 17.306857787278066,
        "21,26": 79.22466982807731,
        "21,27": 89.928366812884,
        "21,28": 43.177675288906904,
        "21,29": 5.247105465423051,
        "21,30": 28.864192449349893,
        "21,31": 38.989981156790286,
        "21,32": 16.192372967714117,
        "21,33": 12.816677144864178,
        "21,34": 43.26877503025761,
        "21,35": 63.19991132707537,
        "21,36": 14.220314242196126,
        "21,37": 82.73638749365274,
        "21,38": 10.901572908311419,
        "21,39": 27.05875240460132,
        "21,40": 64.76649294857987,
        "22,0": 60.548765775576086,
        "22,1": 15.880062512298696,
        "22,2": 48.43374661540151,
        "22,3": 89.13866517220387,
        "22,4": 46.82902927813854,
        "22,5": 82.39418642674775,
        "22,6": 59.689415463566384,
        "22,7": 80.11384252463142,
        "22,8": 49.58139109309249,
        "22,9": 94.7542258749404,
        "22,10": 7.935714750016562,
        "22,11": 79.1022250191516,
        "22,12": 106.42906018680019,
        "22,13": 96.49239764870222,
        "22,14": 24.276369036402944,
        "22,15": 81.81199114300979,
        "22,16": 20.863116773764272,
        "22,17": 65.2696851513957,
        "22,18": 70.46769170430623,
        "22,19": 51.59663743796006,
        "22,20": 72.09910558879331,
        "22,21": 102.25749693890313,
        "22,22": 0.0,
        "22,23": 65.19384301518605,
        "22,24": 85.9409162485681,
        "22,25": 101.30339917200126,
        "22,26": 25.813680431071038,
        "22,27": 18.709470345703703,
        "22,28": 86.12419352879091,
        "22,29": 99.89963223290766,
        "22,30": 94.80769848327343,
        "22,31": 65.52455423549914,
        "22,32": 108.28243525125845,
        "22,33": 98.23929671229132,
        "22,34": 94.03569790296365,
        "22,35": 49.0595911351206,
        "22,36": 115.60408261817904,
        "22,37": 57.53229428381154,
        "22,38": 91.63103010990183,
        "22,39": 122.64935762293946,
        "22,40": 56.92217686876529,
        "23,0": 4.645079818310881,
        "23,1": 54.5879995835855,
        "23,2": 39.637342676902456,
        "23,3": 53.79885917591808,
        "23,4": 33.701717154903406,
