{
    "num_robots": 3,
    "num_tasks": 60,
    "num_nodes": 61,
    "robot_capacity": [
        295,
        224,
        305
    ],
    "robot_speed": [
        1.03,
        0.95,
        1.08
    ],
    "task_demand": {
        "0": 0,
        "1": 14,
        "2": 15,
        "3": 10,
        "4": 12,
        "5": 9,
        "6": 6,
        "7": 8,
        "8": 15,
        "9": 15,
        "10": 11,
        "11": 8,
        "12": 11,
        "13": 7,
        "14": 11,
        "15": 15,
        "16": 12,
        "17": 8,
        "18": 7,
        "19": 10,
        "20": 14,
        "21": 12,
        "22": 15,
        "23": 15,
        "24": 15,
        "25": 12,
        "26": 5,
        "27": 11,
        "28": 15,
        "29": 10,
        "30": 7,
        "31": 6,
        "32": 7,
        "33": 6,
        "34": 15,
        "35": 10,
        "36": 5,
        "37": 15,
        "38": 6,
        "39": 15,
        "40": 13,
        "41": 10,
        "42": 5,
        "43": 10,
        "44": 7,
        "45": 8,
        "46": 13,
        "47": 11,
        "48": 8,
        "49": 13,
        "50": 15,
        "51": 7,
        "52": 6,
        "53": 9,
        "54": 7,
        "55": 5,
        "56": 5,
        "57": 8,
        "58": 13,
        "59": 12,
        "60": 10
    },
    "task_service_time": {
        "0": 0,
        "1": 98,
        "2": 97,
        "3": 78,
        "4": 79,
        "5": 61,
        "6": 33,
        "7": 24,
        "8": 98,
        "9": 23,
        "10": 94,
        "11": 62,
        "12": 28,
        "13": 30,
        "14": 56,
        "15": 100,
        "16": 90,
        "17": 14,
        "18": 80,
        "19": 80,
        "20": 49,
        "21": 99,
        "22": 83,
        "23": 95,
        "24": 45,
        "25": 84,
        "26": 56,
        "27": 63,
        "28": 80,
        "29": 32,
        "30": 26,
        "31": 96,
        "32": 92,
        "33": 87,
        "34": 43,
        "35": 90,
        "36": 53,
        "37": 34,
        "38": 46,
        "39": 25,
        "40": 64,
        "41": 48,
        "42": 35,
        "43": 23,
        "44": 65,
        "45": 75,
        "46": 50,
        "47": 74,
        "48": 96,
        "49": 55,
        "50": 69,
        "51": 50,
        "52": 84,
        "53": 86,
        "54": 88,
        "55": 72,
        "56": 43,
        "57": 30,
        "58": 66,
        "59": 18,
        "60": 45
    },
    "task_precedence": [],
    "coordinates": {
        "0": [
            50.0,
            50.0
        ],
        "1": [
            29.36836464590532,
            91.74805360910678
        ],
        "2": [
            16.0048280705818,
            58.81120299796344
        ],
        "3": [
            29.032926703575267,
            78.4413724760446
        ],
        "4": [
            34.95643680536434,
            64.48038565611023
        ],
        "5": [
            42.73749796163108,
            62.65910505683484
        ],
        "6": [
            85.76572985688098,
            64.34987623324426
        ],
        "7": [
            35.01501660195977,
            95.48970288697065
        ],
        "8": [
            87.58685883565593,
            31.906145254628292
        ],
        "9": [
            91.52493896699404,
            35.31198157468752
        ],
        "10": [
            4.183632758697275,
            0.8445031683430582
        ],
        "11": [
            78.53986884818968,
            93.37667570954862
        ],
        "12": [
            25.178901281595923,
            26.408197331534357
        ],
        "13": [
            71.96114677227473,
            15.8913769142763
        ],
        "14": [
            71.12836304658033,
            74.60456219589364
        ],
        "15": [
            82.11409836348757,
            59.46463553650448
        ],
        "16": [
            43.53129896507324,
            91.80777154911281
        ],
        "17": [
            5.264044887928765,
            87.34581090112158
        ],
        "18": [
            99.46309576510409,
            56.495211222324805
        ],
        "19": [
            43.64067954888152,
            48.09074663744815
        ],
        "20": [
            34.17332153564221,
            77.04632608793143
        ],
        "21": [
            50.56893415514999,
            3.074190607132521
        ],
        "22": [
            8.713387503890747,
            38.67430646630166
        ],
        "23": [
            47.584641923015305,
            8.0023831016516
        ],
        "24": [
            3.8020238178123167,
            97.38557321306422
        ],
        "25": [
            71.10592888007699,
            22.255977860662334
        ],
        "26": [
            2.3531245271670387,
            45.513732969861444
        ],
        "27": [
            12.854343167474946,
            70.22261364149666
        ],
        "28": [
            37.69170289872239,
            42.741699691150146
        ],
        "29": [
            80.99327527183591,
            72.06976755033213
        ],
        "30": [
            8.421973578266662,
            62.33235594980372
        ],
        "31": [
            67.23560359328074,
            75.71631087935927
        ],
        "32": [
            9.041140335601627,
            6.744902967128697
        ],
        "33": [
            9.846394848946938,
            34.544375455344145
        ],
        "34": [
            3.0895279459612457,
            71.67486351294593
        ],
        "35": [
            44.192727951718545,
            77.89807354491923
        ],
        "36": [
            84.30418345112656,
            85.63145025366815
        ],
        "37": [
            11.335873097252879,
            55.577173498361034
        ],
        "38": [
            51.07670877309578,
            67.62569794886068
        ],
        "39": [
            76.63650801152724,
            98.85201363778691
        ],
        "40": [
            74.99500378474927,
            67.02270866463222
        ],
        "41": [
            97.81507963646789,
            39.40521999284867
        ],
        "42": [
            0.5557506709368276,
            84.05125066854228
        ],
        "43": [
            79.91022288677856,
            13.993986800035529
        ],
        "44": [
            28.05600297913349,
            52.50382083351614
        ],
        "45": [
            30.846641886974467,
            32.888970160092
        ],
        "46": [
            8.944388294745409,
            2.554693420562726
        ],
        "47": [
            59.701946013471826,
            59.09168730615206
        ],
        "48": [
            46.193117989923785,
            3.934405031683863
        ],
        "49": [
            41.54289908961567,
            52.84732303212662
        ],
        "50": [
            20.693972456900134,
            21.36881877529786
        ],
        "51": [
            69.44579614076129,
            32.37006912699694
        ],
        "52": [
            46.34113995789908,
            15.723042620770533
        ],
        "53": [
            79.79624800160519,
            76.62400983417075
        ],
        "54": [
            84.05944441794375,
            81.29423250296855
        ],
        "55": [
            26.80491950160768,
            54.68240591254957
        ],
        "56": [
            1.6976892109478725,
            67.31018629934816
        ],
        "57": [
            40.98807384784118,
            74.0204410876402
        ],
        "58": [
            18.728581684989365,
            56.66987263388472
        ],
        "59": [
            17.97767664374773,
            91.5699333562159
        ],
        "60": [
            45.01775625424429,
            44.63200773101404
        ]
    },
    "distance_matrix_str_keys": {
        "0,0": 0.0,
        "0,1": 46.56784682088257,
        "0,2": 35.118499580449374,
        "0,3": 35.334541612121626,
        "0,4": 20.880382236460125,
        "0,5": 14.594412516346594,
        "0,6": 38.537077991264674,
        "0,7": 47.89428771977308,
        "0,8": 41.715219484957004,
        "0,9": 44.0460945087632,
        "0,10": 67.19674378983667,
        "0,11": 51.923598772458114,
        "0,12": 34.24412496672361,
        "0,13": 40.567106581038736,
        "0,14": 32.43134603866604,
        "0,15": 33.47976462788558,
        "0,16": 42.30524618746556,
        "0,17": 58.275340167617934,
        "0,18": 49.88773006953184,
        "0,19": 6.639744347671021,
        "0,20": 31.33667988266924,
        "0,21": 46.929258179185254,
        "0,22": 42.811864073211545,
        "0,23": 42.06701534195758,
        "0,24": 66.17889053210736,
        "0,25": 34.85958976177038,
        "0,26": 47.857615216278376,
        "0,27": 42.29366292972225,
        "0,28": 14.289055283914633,
        "0,29": 38.048097873632116,
        "0,30": 43.36841344110959,
        "0,31": 30.957950133504706,
        "0,32": 59.57039201088904,
        "0,33": 43.02543825101662,
        "0,34": 51.67583668057621,
        "0,35": 28.496085979665228,
        "0,36": 49.46086583783359,
        "0,37": 39.06430049780175,
        "0,38": 17.658554016864827,
        "0,39": 55.64191581456082,
        "0,40": 30.24107842786985,
        "0,41": 48.97480172539445,
        "0,42": 60.03516855815818,
        "0,43": 46.80870025639238,
        "0,44": 22.086378698603983,
        "0,45": 25.68342790960784,
        "0,46": 62.74249253025761,
        "0,47": 13.29610975139602,
        "0,48": 46.22262855381111,
        "0,49": 8.923553342570555,
        "0,50": 40.97057222786453,
        "0,51": 26.24792277752495,
        "0,52": 34.47168496005375,
        "0,53": 39.958156797119436,
        "0,54": 46.25337546610899,
        "0,55": 23.662981309564078,
        "0,56": 51.31038664130609,
        "0,57": 25.65533868450692,
        "0,58": 31.974815157943084,
        "0,59": 52.47369390821091,
        "0,60": 7.323803229334804,
        "1,0": 46.56784682088257,
        "1,1": 0.0,
        "1,2": 35.54462319368124,
        "1,3": 13.310908360819983,
        "1,4": 27.83437202550465,
        "1,5": 32.01406961775356,
        "1,6": 62.700262569301835,
        "1,7": 6.773818541365926,
        "1,8": 83.48920326142672,
        "1,9": 83.95516635685493,
        "1,10": 94.32775945058287,
        "1,11": 49.198467816196434,
        "1,12": 65.47402860413212,
        "1,13": 86.99643951592738,
        "1,14": 45.14196234391337,
        "1,15": 61.84117970945022,
        "1,16": 14.163060218802398,
        "1,17": 24.503019647683992,
        "1,18": 78.46039910056578,
        "1,19": 45.93102899682686,
        "1,20": 15.467010144792512,
        "1,21": 91.17301205515376,
        "1,22": 56.95130127148597,
        "1,23": 85.70396774117171,
        "1,24": 26.18051585861554,
        "1,25": 81.06277110998086,
        "1,26": 53.54844165468901,
        "1,27": 27.130379119895217,
        "1,28": 49.70815510560446,
        "1,29": 55.24822476194404,
        "1,30": 36.11141879713368,
        "1,31": 41.121096294364996,
        "1,32": 87.39983791303175,
        "1,33": 60.4430980267608,
        "1,34": 33.06826604070642,
        "1,35": 20.287525605680308,
        "1,36": 55.27528402828757,
        "1,37": 40.416621821203265,
        "1,38": 32.45212238581526,
        "1,39": 47.798991886043716,
        "1,40": 51.895403281307495,
        "1,41": 86.16684411058921,
        "1,42": 29.822935797409887,
        "1,43": 92.73712492734526,
        "1,44": 39.26616990857594,
        "1,45": 58.87764438273281,
        "1,46": 91.50188146544362,
        "1,47": 44.570892056313326,
        "1,48": 89.41090091015855,
        "1,49": 40.76133128767863,
        "1,50": 70.91178869300292,
        "1,51": 71.63759876198078,
        "1,52": 77.89658142414257,
        "1,53": 52.64701434879526,
        "1,54": 55.68120492904776,
        "1,55": 37.154185365489035,
        "1,56": 36.917145578662044,
        "1,57": 21.196364963097132,
        "1,58": 36.65629225638932,
        "1,59": 11.39208058200901,
        "1,60": 49.64700632362126,
        "2,0": 35.118499580449374,
        "2,1": 35.54462319368124,
        "2,2": 0.0,
        "2,3": 23.560027753149942,
        "2,4": 19.78138280423586,
        "2,5": 27.008183755270906,
        "2,6": 69.98042811561598,
        "2,7": 41.312221219712164,
        "2,8": 76.47136235627177,
        "2,9": 79.09172243229092,
        "2,10": 59.15977474381585,
        "2,11": 71.45210443949443,
        "2,12": 33.67667435332179,
        "2,13": 70.52106829664012,
        "2,14": 57.34138386021896,
        "2,15": 66.11249951970426,
        "2,16": 42.97068926670811,
        "2,17": 30.48915006299351,
        "2,18": 83.49039624097712,
        "2,19": 29.642342544211207,
        "2,20": 25.741287242409353,
        "2,21": 65.58423575586532,
        "2,22": 21.4163420654518,
        "2,23": 59.82324650343047,
        "2,24": 40.45850305094175,
        "2,25": 66.12424513941102,
        "2,26": 19.05758953240294,
        "2,27": 11.838321164761814,
        "2,28": 26.99165567984153,
        "2,29": 66.327127207648,
        "2,30": 8.36051435988704,
        "2,31": 53.947891832200455,
        "2,32": 52.52992048129538,
        "2,33": 25.036078341636546,
        "2,34": 18.228514452739788,
        "2,35": 34.04212577065711,
        "2,36": 73.37661485960692,
        "2,37": 5.679620352389011,
        "2,38": 36.16257923946749,
        "2,39": 72.65994170900116,
        "2,40": 59.55895949479043,
        "2,41": 84.08037486636445,
        "2,42": 29.592803160790858,
        "2,43": 78.0543551273457,
        "2,44": 13.601980975023224,
        "2,45": 29.870413332615346,
        "2,46": 56.69783664003761,
        "2,47": 43.698018123960516,
        "2,48": 62.632226555393274,
        "2,49": 26.2251965792466,
        "2,50": 37.73486731596465,
        "2,51": 59.62441302570882,
        "2,52": 52.69612304159846,
        "2,53": 66.23172460535964,
        "2,54": 71.67229187007734,
        "2,55": 11.562393363445162,
        "2,56": 16.6411219425273,
        "2,57": 29.248649418997495,
        "2,58": 3.4646976029840997,
        "2,59": 32.818082609703666,
        "2,60": 32.29240747000195,
        "3,0": 35.334541612121626,
        "3,1": 13.310908360819983,
        "3,2": 23.560027753149942,
        "3,3": 0.0,
        "3,4": 15.165656098975031,
        "3,5": 20.902039093317654,
        "3,6": 58.456661040403176,
        "3,7": 18.067400735923794,
        "3,8": 74.79365174048633,
        "3,9": 75.93020450554144,
        "3,10": 81.47859556911536,
        "3,11": 51.71073972770951,
        "3,12": 52.17571108832675,
        "3,13": 75.8639177939284,
        "3,14": 42.26992872047294,
        "3,15": 56.37133429023641,
        "3,16": 19.719620240093178,
        "3,17": 25.38205599300731,
        "3,18": 73.77020203178111,
        "3,19": 33.68303626432795,
        "3,20": 5.326332082636994,
        "3,21": 78.38374652832022,
        "3,22": 44.6576221076623,
        "3,23": 72.8410417393179,
        "3,24": 31.551247233592775,
        "3,25": 70.19213688320185,
        "3,26": 42.37972731886593,
        "3,27": 18.146475195338517,
        "3,28": 36.734738901293156,
        "3,29": 52.34954797001126,
        "3,30": 26.159354009156466,
        "3,31": 38.29974519817287,
        "3,32": 74.43154749315377,
        "3,33": 47.906882094789395,
        "3,34": 26.811295803154746,
        "3,35": 15.169533533097466,
        "3,36": 55.73696296805209,
        "3,37": 28.912926196359905,
        "3,38": 24.55416753641812,
        "3,39": 51.79474129654673,
        "3,40": 47.35924844055107,
        "3,41": 79.08732997626834,
        "3,42": 29.024477396303592,
        "3,43": 82.10946831751897,
        "3,44": 25.955942771785587,
        "3,45": 45.58849547331977,
        "3,46": 78.50055689912489,
        "3,47": 36.262915790167334,
        "3,48": 76.4575723047698,
        "3,49": 28.487800477348408,
        "3,50": 57.67854491795682,
        "3,51": 61.28429658915091,
        "3,52": 65.06276312832182,
        "3,53": 50.79584231193628,
        "3,54": 55.100421614565974,
        "3,55": 23.863204065198257,
        "3,56": 29.51471691340814,
        "3,57": 12.746378998838406,
        "3,58": 24.086878827262446,
        "3,59": 17.163264976969877,
        "3,60": 37.397699397509164,
        "4,0": 20.880382236460125,
        "4,1": 27.83437202550465,
        "4,2": 19.78138280423586,
        "4,3": 15.165656098975031,
        "4,4": 0.0,
        "4,5": 7.991368827607695,
        "4,6": 50.80946066535596,
        "4,7": 31.00937256244805,
        "4,8": 61.89541550729053,
        "4,9": 63.6458265204205,
        "4,10": 70.68586144973746,
        "4,11": 52.292553269887456,
        "4,12": 39.307654785557034,
        "4,13": 61.07569344877855,
        "4,14": 37.562044654260646,
        "4,15": 47.423652251727916,
        "4,16": 28.641129181704486,
        "4,17": 37.47620324170787,
        "4,18": 64.99901584551995,
        "4,19": 18.548216604039897,
        "4,20": 12.590318838764603,
        "4,21": 63.35985214542533,
        "4,22": 36.80558870321523,
        "4,23": 57.87258709471092,
        "4,24": 45.31389209455826,
        "4,25": 55.58494752121291,
        "4,26": 37.71882667356501,
        "4,27": 22.83584299766895,
        "4,28": 21.910092379646112,
        "4,29": 46.65821699898465,
        "4,30": 26.621265378816503,
        "4,31": 34.17880372606053,
        "4,32": 63.284978884766815,
        "4,33": 39.07273875470484,
        "4,34": 32.66895149658162,
        "4,35": 16.289365316724673,
        "4,36": 53.689548634947606,
        "4,37": 25.24278543692921,
        "4,38": 16.424255165229113,
        "4,39": 54.024412498995204,
        "4,40": 40.11920054091748,
        "4,41": 67.67549712863774,
        "4,42": 39.578099548288456,
        "4,43": 67.59969935220282,
        "4,44": 13.822231800255313,
        "4,45": 31.85761992543203,
        "4,46": 67.16709035361396,
        "4,47": 25.32544759476867,
        "4,48": 61.57985688369895,
        "4,49": 13.368232173155498,
        "4,50": 45.40952640371809,
        "4,51": 47.12311890108696,
        "4,52": 50.068852251046486,
        "4,53": 46.455099572517355,
        "4,54": 51.90193447638189,
        "4,55": 12.745494945613892,
        "4,56": 33.378916447805395,
        "4,57": 11.286864181376647,
        "4,58": 18.009647289112426,
        "4,59": 31.970641082436863,
        "4,60": 22.252825782579965,
        "5,0": 14.594412516346594,
        "5,1": 32.01406961775356,
        "5,2": 27.008183755270906,
        "5,3": 20.902039093317654,
        "5,4": 7.991368827607695,
        "5,5": 0.0,
        "5,6": 43.06143805311636,
        "5,7": 33.72661963841898,
        "5,8": 54.38023268987218,
        "5,9": 55.92923710010342,
        "5,10": 72.85221704738107,
        "5,11": 47.173921905043706,
        "5,12": 40.27943182668285,
        "5,13": 55.147457288836954,
        "5,14": 30.801544872504063,
        "5,15": 39.50596530555613,
        "5,16": 29.159473217311636,
        "5,17": 44.87419225690097,
        "5,18": 57.05950432105499,
        "5,19": 14.596328442977136,
        "5,20": 16.743274675316403,
        "5,21": 60.0973661888065,
        "5,22": 41.62824348767262,
        "5,23": 54.87123161975311,
        "5,24": 52.171819379906545,
        "5,25": 49.367808944743864,
        "5,26": 43.87324243425611,
        "5,27": 30.825470029859236,
        "5,28": 20.54660761093858,
        "5,29": 39.39625700716376,
        "5,30": 34.317079984815486,
        "5,31": 27.76054400459816,
        "5,32": 65.28278879298718,
        "5,33": 43.26965084830426,
        "5,34": 40.66012084220106,
        "5,35": 15.308293664052796,
        "5,36": 47.49229396886515,
        "5,37": 32.190305974346415,
        "5,38": 9.706156907508314,
        "5,39": 49.58900597826211,
        "5,40": 32.55130901168933,
        "5,41": 59.78530901247729,
        "5,42": 47.29612773122643,
        "5,43": 61.23810262662408,
        "5,44": 17.85150112952655,
        "5,45": 32.05703339297733,
        "5,46": 68.95298803605688,
        "5,47": 17.335482892365295,
        "5,48": 58.82628411538421,
        "5,49": 9.884236589914662,
        "5,50": 46.80603334922758,
        "5,51": 40.38265579657115,
        "5,52": 47.074198799760715,
        "5,53": 39.60264536574976,
        "5,54": 45.32958453231198,
        "5,55": 17.817822134684217,
        "5,56": 41.302523639810595,
        "5,57": 11.495235584135957,
        "5,58": 24.74467550393232,
        "5,59": 38.06421869222858,
        "5,60": 18.170740652919093,
        "6,0": 38.537077991264674,
        "6,1": 62.700262569301835,
        "6,2": 69.98042811561598,
        "6,3": 58.456661040403176,
        "6,4": 50.80946066535596,
        "6,5": 43.06143805311636,
        "6,6": 0.0,
        "6,7": 59.54262086864638,
        "6,8": 32.4948025162508,
        "6,9": 29.603510193479543,
        "6,10": 103.38554529067278,
        "6,11": 29.912675493083334,
        "6,12": 71.4866057012881,
        "6,13": 50.38643339616544,
        "6,14": 17.872075742113704,
        "6,15": 6.099179389772458,
        "6,16": 50.375422260583385,
        "6,17": 83.72176714624285,
        "6,18": 15.789667357405438,
        "6,19": 45.1539495356096,
        "6,20": 53.131689558097186,
        "6,21": 70.66487158850192,
        "6,22": 81.21759873906363,
        "6,23": 68.06493559850377,
        "6,24": 88.3708457728076,
        "6,25": 44.57360255667875,
        "6,26": 85.51294066355867,
        "6,27": 73.14751775445549,
        "6,28": 52.70697640206717,
        "6,29": 9.075959713108382,
        "6,30": 77.3700654218399,
        "6,31": 21.738477773509604,
        "6,32": 95.9426682044996,
        "6,33": 81.56048862450692,
        "6,34": 83.00005904252694,
        "6,35": 43.72491438302328,
        "6,36": 21.331702010926243,
        "6,37": 74.94507249001356,
        "6,38": 34.84335218752349,
        "6,39": 35.68949673200261,
        "6,40": 11.09741291144819,
        "6,41": 27.702395294673302,
        "6,42": 87.45790248747593,
        "6,43": 50.69519269601864,
        "6,44": 58.91300030415731,
        "6,45": 63.292138804041365,
        "6,46": 98.5908877039812,
        "6,47": 26.588895784311,
        "6,48": 72.22202413723541,
        "6,49": 45.69428291607965,
        "6,50": 77.98528650537389,
        "6,51": 35.90331877488942,
        "6,52": 62.600856510738815,
        "6,53": 13.648775376342726,
        "6,54": 17.030050481266173,
        "6,55": 59.74811411376945,
        "6,56": 84.12014558792524,
        "6,57": 45.810024036961345,
        "6,58": 67.47563775397997,
        "6,59": 73.04896760532912,
        "6,60": 45.26799853088735,
        "7,0": 47.89428771977308,
        "7,1": 6.773818541365926,
        "7,2": 41.312221219712164,
        "7,3": 18.067400735923794,
        "7,4": 31.00937256244805,
        "7,5": 33.72661963841898,
        "7,6": 59.54262086864638,
        "7,7": 0.0,
        "7,8": 82.50252964018765,
        "7,9": 82.5513747192681,
        "7,10": 99.54038406330112,
        "7,11": 43.57611326069214,
        "7,12": 69.77824571025894,
        "7,13": 87.75482911052339,
        "7,14": 41.717656850730116,
        "7,15": 59.29695591162083,
        "7,16": 9.278129319263506,
        "7,17": 30.845474459087995,
        "7,18": 75.32678997543337,
        "7,19": 48.17741291121853,
        "7,20": 18.462572906721352,
        "7,21": 93.71526695899847,
        "7,22": 62.60802635166004,
        "7,23": 88.38566967518206,
        "7,24": 31.27051715013046,
        "7,25": 81.6439368863095,
        "7,26": 59.70256914958696,
        "7,27": 33.60835083738309,
        "7,28": 52.815873472636675,
        "7,29": 51.599356987140546,
        "7,30": 42.504112661854805,
        "7,31": 37.80414339132619,
        "7,32": 92.4677336215875,
        "7,33": 65.93779232499672,
        "7,34": 39.82942882260413,
        "7,35": 19.841769289244734,
        "7,36": 50.26536694053887,
        "7,37": 46.40810100955574,
        "7,38": 32.16178985366562,
        "7,39": 41.75707940866738,
        "7,40": 49.079212862378526,
        "7,41": 84.19808274918886,
        "7,42": 36.308114763207236,
        "7,43": 93.04370633137293,
        "7,44": 43.545538537445886,
        "7,45": 62.73935834630941,
        "7,46": 96.52250330805897,
        "7,47": 43.98022307799827,
        "7,48": 92.23514794268985,
        "7,49": 43.13914474647652,
        "7,50": 75.49170661006924,
        "7,51": 71.89969920411883,
        "7,52": 80.56674971908289,
        "7,53": 48.59293220244125,
        "7,54": 51.05748994242024,
        "7,55": 41.62500667574488,
        "7,56": 43.636331875994834,
        "7,57": 22.284672200208966,
        "7,58": 42.09782872290587,
        "7,59": 17.482435357407216,
        "7,60": 51.83203601179098,
        "8,0": 41.715219484957004,
        "8,1": 83.48920326142672,
        "8,2": 76.47136235627177,
        "8,3": 74.79365174048633,
        "8,4": 61.89541550729053,
        "8,5": 54.38023268987218,
        "8,6": 32.4948025162508,
        "8,7": 82.50252964018765,
        "8,8": 0.0,
        "8,9": 5.206553193800539,
        "8,10": 88.99957151099528,
        "8,11": 62.132713945574615,
        "8,12": 62.64966558118573,
        "8,13": 22.374889552416505,
        "8,14": 45.7606478639579,
        "8,15": 28.09664559697461,
        "8,16": 74.35789929949995,
        "8,17": 99.25020011701271,
        "8,18": 27.306906979153077,
        "8,19": 46.83169862204546,
        "8,20": 69.93312443015301,
        "8,21": 46.92129960313188,
        "8,22": 79.16332791204513,
        "8,23": 46.60007728525815,
        "8,24": 106.33651331848,
        "8,25": 19.098345031239305,
        "8,26": 86.31312708735469,
        "8,27": 83.98274017759125,
        "8,28": 51.05816120776132,
        "8,29": 40.701251825036486,
        "8,30": 84.81057336843571,
        "8,31": 48.306357780386044,
        "8,32": 82.47737876618068,
        "8,33": 77.78521710107111,
        "8,34": 93.38816776975548,
        "8,35": 63.23217585242146,
        "8,36": 53.82549911445366,
        "8,37": 79.84065633619089,
        "8,38": 51.07717202691145,
        "8,39": 67.8355325529821,
        "8,40": 37.30586869852879,
        "8,41": 12.682768730824408,
        "8,42": 101.45701457763893,
        "8,43": 19.487846468864525,
        "8,44": 62.99354759229841,
        "8,45": 56.748728304502464,
        "8,46": 83.94132413504954,
        "8,47": 38.94383211416122,
        "8,48": 49.95858316949672,
        "8,49": 50.582399664347335,
        "8,50": 67.71774876214604,
        "8,51": 18.14699371960688,
        "8,52": 44.30690845230484,
        "8,53": 45.39142022146836,
        "8,54": 49.513895166144565,
        "8,55": 64.90918424048706,
        "8,56": 92.89992239565156,
        "8,57": 62.809718004867946,
        "8,58": 73.17584660167687,
        "8,59": 91.67990977339265,
        "8,60": 44.43057584991028,
        "9,0": 44.0460945087632,
        "9,1": 83.95516635685493,
        "9,2": 79.09172243229092,
        "9,3": 75.93020450554144,
        "9,4": 63.6458265204205,
        "9,5": 55.92923710010342,
        "9,6": 29.603510193479543,
        "9,7": 82.5513747192681,
        "9,8": 5.206553193800539,
        "9,9": 0.0,
        "9,10": 93.89627701811868,
        "9,11": 59.49891386374409,
        "9,12": 66.94082528921263,
        "9,13": 27.566317316866,
        "9,14": 44.271065055532404,
        "9,15": 25.921315828172737,
        "9,16": 74.12937181352845,
        "9,17": 100.73957137933529,
        "9,18": 22.621749526858437,
        "9,19": 49.560055857013815,
        "9,20": 70.92928544643793,
        "9,21": 52.12167971790207,
        "9,22": 82.87978212087056,
        "9,23": 51.73551848654397,
        "9,24": 107.4636711691839,
        "9,25": 24.236237453661406,
        "9,26": 89.75348584885086,
        "9,27": 86.06866372121408,
        "9,28": 54.34351862800528,
        "9,29": 38.23677248434035,
        "9,30": 87.38537342010652,
        "9,31": 47.14320353409467,
        "9,32": 87.29063533297565,
        "9,33": 81.68215097803326,
        "9,34": 95.61945986730278,
        "9,35": 63.6703496840688,
        "9,36": 50.83491160959015,
        "9,37": 82.71012204540028,
        "9,38": 51.770991797811725,
        "9,39": 65.26102244751763,
        "9,40": 35.76043861171401,
        "9,41": 7.50469655546973,
        "9,42": 103.20324399478294,
        "9,43": 24.276707578172662,
        "9,44": 65.75610369032324,
        "9,45": 60.72665576866861,
        "9,46": 88.84023455925917,
        "9,47": 39.72627952873226,
        "9,48": 55.13189914023641,
        "9,49": 52.968788076874326,
        "9,50": 72.19028747417707,
        "9,51": 22.274276571665848,
        "9,52": 49.247357515247224,
        "9,53": 42.944683846477844,
        "9,54": 46.58434296298813,
        "9,55": 67.55660040757549,
        "9,56": 95.35627878821819,
        "9,57": 63.6578319921229,
        "9,58": 75.86480833710588,
        "9,59": 92.59674364629232,
        "9,60": 47.43185566084991,
        "10,0": 67.19674378983667,
        "10,1": 94.32775945058287,
        "10,2": 59.15977474381585,
        "10,3": 81.47859556911536,
        "10,4": 70.68586144973746,
        "10,5": 72.85221704738107,
        "10,6": 103.38554529067278,
        "10,7": 99.54038406330112,
        "10,8": 88.99957151099528,
        "10,9": 93.89627701811868,
        "10,10": 0.0,
        "10,11": 118.70574038601407,
        "10,12": 33.08026238737836,
        "10,13": 69.42765886436574,
        "10,14": 99.60995543149869,
        "10,15": 97.51654930441381,
        "10,16": 99.10880400045362,
        "10,17": 86.50805471081777,
        "10,18": 110.34118622571879,
        "10,19": 61.55539020544622,
        "10,20": 81.89077633779229,
        "10,21": 46.43885971591522,
        "10,22": 38.10003537549331,
        "10,23": 43.98730318649779,
        "10,24": 96.54182425645126,
        "10,25": 70.26410866621353,
        "10,26": 44.706720428214794,
        "10,27": 69.91783343195063,
        "10,28": 53.648539970623254,
        "10,29": 104.75094018327663,
        "10,30": 61.63375351686288,
        "10,31": 97.88431241031708,
        "10,32": 7.642649909893348,
        "10,33": 34.17233188781463,
        "10,34": 70.83881006826374,
        "10,35": 86.82154344367655,
        "10,36": 116.65388565884913,
        "10,37": 55.198004885275445,
        "10,38": 81.6007877070166,
        "10,39": 121.88064342142393,
        "10,40": 96.92164437987148,
        "10,41": 101.26093386121072,
        "10,42": 83.28579925776425,
        "10,43": 76.8597773364363,
        "10,44": 56.908480576912545,
        "10,45": 41.686495661783326,
        "10,46": 5.058610873826937,
        "10,47": 80.46749385086567,
        "10,48": 42.12296692919096,
        "10,49": 64.03130526991946,
        "10,50": 26.340820945519933,
        "10,51": 72.47766054668607,
        "10,52": 44.70599903243627,
        "10,53": 107.05046106574345,
        "10,54": 113.36800359112759,
        "10,55": 58.39728063702635,
        "10,56": 66.51215640312509,
        "10,57": 81.91022386889865,
        "10,58": 57.68905801998051,
        "10,59": 91.76807358486549,
        "10,60": 59.872958816777356,
        "11,0": 51.923598772458114,
        "11,1": 49.198467816196434,
        "11,2": 71.45210443949443,
        "11,3": 51.71073972770951,
        "11,4": 52.292553269887456,
        "11,5": 47.173921905043706,
        "11,6": 29.912675493083334,
        "11,7": 43.57611326069214,
        "11,8": 62.132713945574615,
        "11,9": 59.49891386374409,
        "11,10": 118.70574038601407,
        "11,11": 0.0,
        "11,12": 85.62809092762512,
        "11,13": 77.7640734114717,
        "11,14": 20.182236348255294,
        "11,15": 34.0998766174628,
        "11,16": 35.04370735989102,
        "11,17": 73.52358606183918,
        "11,18": 42.403111293147376,
        "11,19": 57.173147417929165,
        "11,20": 47.276535820645385,
        "11,21": 94.53524212310653,
        "11,22": 88.70223614853381,
        "11,23": 90.81297215865067,
        "11,24": 74.8452853490345,
        "11,25": 71.50816125423785,
        "11,26": 89.9737811695132,
        "11,27": 69.64695882953568,
        "11,28": 65.05746273732943,
        "11,29": 21.447693078391318,
        "11,30": 76.68291221927595,
        "11,31": 20.96842623776831,
        "11,32": 111.06366333486714,
        "11,33": 90.44353444710964,
        "11,34": 78.5093790249235,
        "11,35": 37.673773539863376,
        "11,36": 9.654835068712993,
        "11,37": 77.10498954221774,
        "11,38": 37.6475499460679,
        "11,39": 5.796732519527283,
        "11,40": 26.591307739984135,
        "11,41": 57.31013682684993,
        "11,42": 78.53971122991965,
        "11,43": 79.39451598627961,
        "11,44": 64.95545380337258,
        "11,45": 77.02860780652699,
        "11,46": 114.42099186934935,
        "11,47": 39.11940396462887,
        "11,48": 95.11168211686275,
        "11,49": 54.87626262572638,
        "11,50": 92.36492402192148,
        "11,51": 61.68069556292497,
        "11,52": 84.06452803672312,
        "11,53": 16.799711381722823,
        "11,54": 13.283491570760255,
        "11,55": 64.60457800354676,
        "11,56": 81.14297530639503,
        "11,57": 42.24690670909014,
        "11,58": 70.17677296765918,
        "11,59": 60.589136340924156,
        "11,60": 59.1588935756808,
        "12,0": 34.24412496672361,
        "12,1": 65.47402860413212,
        "12,2": 33.67667435332179,
        "12,3": 52.17571108832675,
        "12,4": 39.307654785557034,
        "12,5": 40.27943182668285,
        "12,6": 71.4866057012881,
        "12,7": 69.77824571025894,
        "12,8": 62.64966558118573,
        "12,9": 66.94082528921263,
        "12,10": 33.08026238737836,
        "12,11": 85.62809092762512,
        "12,12": 0.0,
        "12,13": 47.94978628564462,
        "12,14": 66.59010904503918,
        "12,15": 65.83574085216063,
        "12,16": 67.9258037020767,
        "12,17": 64.10923687532653,
        "12,18": 80.14592912262158,
        "12,19": 28.47753853818482,
        "12,20": 51.430726999098965,
        "12,21": 34.48375906328349,
        "12,22": 20.53218393814503,
        "12,23": 28.996399968884184,
        "12,24": 74.12664013112692,
        "12,25": 46.11434473746677,
        "12,26": 29.766383328688296,
        "12,27": 45.51480868125271,
        "12,28": 20.575555974046903,
        "12,29": 72.11257406838683,
        "12,30": 39.640128638605354,
        "12,31": 64.80784112265174,
        "12,32": 25.437619259893918,
        "12,33": 17.357509843568675,
        "12,34": 50.368755012809274,
        "12,35": 54.88836814035524,
        "12,36": 83.68508038058903,
        "12,37": 32.28712746488016,
        "12,38": 48.67831950679976,
        "12,39": 88.85939348986317,
        "12,40": 64.27427634311425,
        "12,41": 73.78981639806057,
        "12,42": 62.68190443826944,
        "12,43": 56.12156615571511,
        "12,44": 26.25374792548975,
        "12,45": 8.609512182767837,
        "12,46": 28.853926262312324,
        "12,47": 47.53999510391266,
        "12,48": 30.767980827499635,
        "12,49": 31.0935329622189,
        "12,50": 6.746104268067859,
        "12,51": 44.66656350983287,
        "12,52": 23.70681077213423,
        "12,53": 74.19354680855768,
        "12,54": 80.49469061292943,
        "12,55": 28.320925234436896,
        "12,56": 47.162909386825476,
        "12,57": 50.168273766596364,
        "12,58": 30.9414869552717,
        "12,59": 65.55844322461472,
        "12,60": 26.93858630481486,
        "13,0": 40.567106581038736,
        "13,1": 86.99643951592738,
        "13,2": 70.52106829664012,
        "13,3": 75.8639177939284,
        "13,4": 61.07569344877855,
        "13,5": 55.147457288836954,
        "13,6": 50.38643339616544,
        "13,7": 87.75482911052339,
        "13,8": 22.374889552416505,
        "13,9": 27.566317316866,
        "13,10": 69.42765886436574,
        "13,11": 77.7640734114717,
        "13,12": 47.94978628564462,
        "13,13": 0.0,
        "13,14": 58.719091057741245,
        "13,15": 44.7404882960959,
        "13,16": 81.06512949901993,
        "13,17": 97.74579037560265,
        "13,18": 49.041090515195975,
        "13,19": 42.88179420594251,
        "13,20": 71.8877426585828,
        "13,21": 24.93806378787866,
        "13,22": 67.2260435504277,
        "13,23": 25.62128435581634,
        "13,24": 106.24015282512966,
        "13,25": 6.421802149698569,
        "13,26": 75.64893085271774,
        "13,27": 80.28385589074327,
        "13,28": 43.53544092604168,
        "13,29": 56.899832334461856,
        "13,30": 78.70191270837356,
        "13,31": 60.01127795892264,
        "13,32": 63.581327413453984,
        "13,33": 64.85504422224714,
        "13,34": 88.6289865498922,
        "13,35": 67.94052922106512,
        "13,36": 70.82392522191378,
        "13,37": 72.45954912007561,
        "13,38": 55.7906777468332,
        "13,39": 83.09227550312846,
        "13,40": 51.22125901358826,
        "13,41": 34.94748432820212,
        "13,42": 98.71422887601584,
        "13,43": 8.172386451936413,
        "13,44": 57.16758435718525,
        "13,45": 44.48955706807586,
        "13,46": 64.41256846009756,
        "13,47": 44.90606664136865,
        "13,48": 28.407049898382144,
        "13,49": 47.8645144710468,
        "13,50": 51.558952002769374,
        "13,51": 16.669561657135286,
        "13,52": 25.620559822201873,
        "13,53": 61.23594951216567,
        "13,54": 66.5124223365721,
        "13,55": 59.530066286415405,
        "13,56": 87.06806203798689,
        "13,57": 65.86591947322482,
        "13,58": 67.05663053663072,
        "13,59": 92.9594478912897,
        "13,60": 39.39505238416504,
        "14,0": 32.43134603866604,
        "14,1": 45.14196234391337,
        "14,2": 57.34138386021896,
        "14,3": 42.26992872047294,
        "14,4": 37.562044654260646,
        "14,5": 30.801544872504063,
        "14,6": 17.872075742113704,
        "14,7": 41.717656850730116,
        "14,8": 45.7606478639579,
        "14,9": 44.271065055532404,
        "14,10": 99.60995543149869,
        "14,11": 20.182236348255294,
        "14,12": 66.59010904503918,
        "14,13": 58.719091057741245,
        "14,14": 0.0,
        "14,15": 18.705714626948243,
        "14,16": 32.51996860345189,
        "14,17": 67.08537713296805,
        "14,18": 33.627454124778446,
        "14,19": 38.191035067629805,
        "14,20": 37.035622095215565,
        "14,21": 74.42636747798474,
        "14,22": 72.01813972040945,
        "14,23": 70.64104376667783,
        "14,24": 71.0760889252609,
