{
    "num_robots": 4,
    "num_tasks": 50,
    "num_nodes": 51,
    "robot_capacity": [
        190,
        129,
        189,
        137
    ],
    "robot_speed": [
        0.88,
        0.84,
        1.07,
        0.9
    ],
    "task_demand": {
        "0": 0,
        "1": 12,
        "2": 10,
        "3": 14,
        "4": 10,
        "5": 7,
        "6": 7,
        "7": 7,
        "8": 8,
        "9": 13,
        "10": 6,
        "11": 6,
        "12": 6,
        "13": 13,
        "14": 10,
        "15": 13,
        "16": 7,
        "17": 5,
        "18": 14,
        "19": 13,
        "20": 10,
        "21": 5,
        "22": 5,
        "23": 6,
        "24": 10,
        "25": 12,
        "26": 10,
        "27": 14,
        "28": 5,
        "29": 12,
        "30": 6,
        "31": 6,
        "32": 9,
        "33": 7,
        "34": 5,
        "35": 6,
        "36": 6,
        "37": 14,
        "38": 10,
        "39": 7,
        "40": 14,
        "41": 7,
        "42": 11,
        "43": 10,
        "44": 12,
        "45": 12,
        "46": 11,
        "47": 15,
        "48": 13,
        "49": 9,
        "50": 6
    },
    "task_service_time": {
        "0": 0,
        "1": 88,
        "2": 32,
        "3": 72,
        "4": 43,
        "5": 61,
        "6": 70,
        "7": 68,
        "8": 32,
        "9": 24,
        "10": 71,
        "11": 28,
        "12": 15,
        "13": 90,
        "14": 14,
        "15": 71,
        "16": 81,
        "17": 77,
        "18": 82,
        "19": 29,
        "20": 99,
        "21": 14,
        "22": 37,
        "23": 64,
        "24": 67,
        "25": 83,
        "26": 51,
        "27": 54,
        "28": 54,
        "29": 50,
        "30": 69,
        "31": 71,
        "32": 94,
        "33": 42,
        "34": 11,
        "35": 16,
        "36": 24,
        "37": 18,
        "38": 78,
        "39": 62,
        "40": 81,
        "41": 21,
        "42": 83,
        "43": 26,
        "44": 65,
        "45": 47,
        "46": 57,
        "47": 29,
        "48": 10,
        "49": 21,
        "50": 47
    },
    "task_precedence": [],
    "coordinates": {
        "0": [
            50.0,
            50.0
        ],
        "1": [
            71.25665091391853,
            29.27873990526262
        ],
        "2": [
            24.31750837818599,
            58.5435576078151
        ],
        "3": [
            96.0830109696913,
            79.35018551091623
        ],
        "4": [
            96.45886437298266,
            56.91189778997546
        ],
        "5": [
            11.64964869861922,
            89.911486233548
        ],
        "6": [
            83.07606391478211,
            29.795405183175394
        ],
        "7": [
            43.3278638743274,
            76.41930559025533
        ],
        "8": [
            91.90550042806113,
            39.923379002092
        ],
        "9": [
            86.91165666383354,
            50.999114021452584
        ],
        "10": [
            36.482857877481166,
            11.923470794566404
        ],
        "11": [
            24.095585057767387,
            14.122552185651882
        ],
        "12": [
            22.701780681468364,
            61.23291059047909
        ],
        "13": [
            55.033751925407714,
            82.0121360346108
        ],
        "14": [
            37.45690326111097,
            17.562439448762568
        ],
        "15": [
            17.622005011867202,
            61.193746740717046
        ],
        "16": [
            38.26271864969621,
            18.8552309828656
        ],
        "17": [
            96.62122858247749,
            58.20521249527174
        ],
        "18": [
            76.69331862743047,
            13.527874205252067
        ],
        "19": [
            89.2054840676381,
            98.106673238831
        ],
        "20": [
            0.7499796396125635,
            17.503527563572753
        ],
        "21": [
            35.216755813214775,
            6.768768294598438
        ],
        "22": [
            82.47788511371593,
            14.859211531947746
        ],
        "23": [
            97.40302867109914,
            38.464747977796
        ],
        "24": [
            83.20178728464465,
            70.18714933920091
        ],
        "25": [
            58.02356649027146,
            27.4901666294738
        ],
        "26": [
            83.1487000834271,
            6.2870414724039865
        ],
        "27": [
            92.63839509479445,
            89.65882078383044
        ],
        "28": [
            95.75368496461088,
            5.034809577748412
        ],
        "29": [
            15.904015721751074,
            32.439175237765525
        ],
        "30": [
            70.08393384519542,
            62.68722617725317
        ],
        "31": [
            6.009904663372145,
            70.10735934056449
        ],
        "32": [
            59.05941073731591,
            41.840954420430755
        ],
        "33": [
            75.76879969196555,
            52.931023370656504
        ],
        "34": [
            87.81114109807908,
            49.51235930106683
        ],
        "35": [
            45.22553946924924,
            4.076318586740857
        ],
        "36": [
            11.682448507701949,
            76.07085900453467
        ],
        "37": [
            97.54158932842412,
            68.2858349733892
        ],
        "38": [
            41.837414445622315,
            82.69074624654654
        ],
        "39": [
            54.616416183483494,
            41.85917463260671
        ],
        "40": [
            43.50451446303182,
            91.7597478114447
        ],
        "41": [
            52.71225190963107,
            89.26805635567439
        ],
        "42": [
            79.97110945105547,
            99.44155447265304
        ],
        "43": [
            20.91684472268751,
            42.75732212138165
        ],
        "44": [
            58.25584994085163,
            40.88556482499959
        ],
        "45": [
            6.399677263603332,
            38.044792470428455
        ],
        "46": [
            66.059442732487,
            86.801790937603
        ],
        "47": [
            43.323754204215646,
            24.80777203923218
        ],
        "48": [
            69.97008731235557,
            53.17876638600178
        ],
        "49": [
            29.154935397681882,
            86.04292922285576
        ],
        "50": [
            70.07400857826205,
            67.06518914249166
        ]
    },
    "distance_matrix_str_keys": {
        "0,0": 0.0,
        "0,1": 29.68527965153688,
        "0,2": 27.066265950489036,
        "0,3": 54.635860838444614,
        "0,4": 46.970207684087,
        "0,5": 55.3504848967921,
        "0,6": 38.758891312920795,
        "0,7": 27.248800126809293,
        "0,8": 43.09999137890531,
        "0,9": 36.92517605234388,
        "0,10": 40.4046433902418,
        "0,11": 44.25189233434698,
        "0,12": 29.518994872731543,
        "0,13": 32.40548583102826,
        "0,14": 34.77822034429484,
        "0,15": 34.25834972013197,
        "0,16": 33.283034877048756,
        "0,17": 47.337769979501346,
        "0,18": 45.196783285245466,
        "0,19": 62.059020223376734,
        "0,20": 59.004959336568085,
        "0,21": 45.688988864410604,
        "0,22": 47.85068479777614,
        "0,23": 48.78636250438034,
        "0,24": 38.85717021783742,
        "0,25": 23.897075502928427,
        "0,26": 54.860359645707106,
        "0,27": 58.231046721004184,
        "0,28": 64.15035492926135,
        "0,29": 38.35255806634683,
        "0,30": 23.755633158704995,
        "0,31": 48.367699835491386,
        "0,32": 12.191921410380038,
        "0,33": 25.934955862001747,
        "0,34": 37.81428545655862,
        "0,35": 46.17120301558343,
        "0,36": 46.34570575144195,
        "0,37": 50.936965717900335,
        "0,38": 33.6944015095777,
        "0,39": 9.358650332260652,
        "0,40": 42.26189619073455,
        "0,41": 39.3616127765837,
        "0,42": 57.81638790515596,
        "0,43": 29.97142478658125,
        "0,44": 12.29764151393041,
        "0,45": 45.209679602857975,
        "0,46": 40.15317567880613,
        "0,47": 26.061861168247756,
        "0,48": 20.221497051402498,
        "0,49": 41.636636094173184,
        "0,50": 26.34741924494985,
        "1,0": 29.68527965153688,
        "1,1": 0.0,
        "1,2": 55.314669457147126,
        "1,3": 55.88826190407784,
        "1,4": 37.39977243136247,
        "1,5": 85.02543525560397,
        "1,6": 11.830700177689552,
        "1,7": 54.79279221397598,
        "1,8": 23.231085376268055,
        "1,9": 26.774126629586387,
        "1,10": 38.86414862113496,
        "1,11": 49.53661432597412,
        "1,12": 58.12610813971656,
        "1,13": 55.17239816181801,
        "1,14": 35.772819818689904,
        "1,15": 62.411881099238904,
        "1,16": 34.601287613488914,
        "1,17": 38.47210179863986,
        "1,18": 16.66274665614622,
        "1,19": 71.12977589273142,
        "1,20": 71.48318907180155,
        "1,21": 42.492032909507145,
        "1,22": 18.27125872717956,
        "1,23": 27.713098241261967,
        "1,24": 42.61671321594353,
        "1,25": 13.353408468486114,
        "1,26": 25.88511213569537,
        "1,27": 64.05414234160669,
        "1,28": 34.46553111452286,
        "1,29": 55.442786493899355,
        "1,30": 33.42906251017303,
        "1,31": 76.96826658614509,
        "1,32": 17.509480330690295,
        "1,33": 24.078828869415062,
        "1,34": 26.14288620469691,
        "1,35": 36.23231711278031,
        "1,36": 75.7534685815595,
        "1,37": 47.03670325509874,
        "1,38": 60.978142770823084,
        "1,39": 20.860602815185896,
        "1,40": 68.36707852878476,
        "1,41": 62.790228719267,
        "1,42": 70.70192596820466,
        "1,43": 52.113033551381186,
        "1,44": 17.42811552230259,
        "1,45": 65.446701281676,
        "1,46": 57.757357738649844,
        "1,47": 28.288447681942664,
        "1,48": 23.934629967494796,
        "1,49": 70.67338705830984,
        "1,50": 37.80495190913188,
        "2,0": 27.066265950489036,
        "2,1": 55.314669457147126,
        "2,2": 0.0,
        "2,3": 74.72083462401542,
        "2,4": 72.1598056990811,
        "2,5": 33.829301132749805,
        "2,6": 65.4142501033037,
        "2,7": 26.09475008543653,
        "2,8": 70.10597492826851,
        "2,9": 63.04717304236123,
        "2,10": 48.1812019662736,
        "2,11": 44.42155977311017,
        "2,12": 3.1373867239000224,
        "2,13": 38.655682519222196,
        "2,14": 43.03598196225643,
        "2,15": 7.200921313869343,
        "2,16": 42.066996087257166,
        "2,17": 72.30451184259286,
        "2,18": 69.06256041781721,
        "2,19": 75.99795725878467,
        "2,20": 47.325600649920965,
        "2,21": 52.90956816189257,
        "2,22": 72.73892708924788,
        "2,23": 75.7934817292646,
        "2,24": 60.02442445155812,
        "2,25": 45.83024595950814,
        "2,26": 78.68832566568761,
        "2,27": 75.07265257240043,
        "2,28": 89.25420685341417,
        "2,29": 27.426732171398754,
        "2,30": 45.9536254199892,
        "2,31": 21.65386488119392,
        "2,32": 38.548368743262515,
        "2,33": 51.75650604917884,
        "2,34": 64.13270568769488,
        "2,35": 58.342316466555395,
        "2,36": 21.60673580581213,
        "2,37": 73.86933057280812,
        "2,38": 29.833434729616243,
        "2,39": 34.58890645072986,
        "2,40": 38.35956848223934,
        "2,41": 41.83606438856013,
        "2,42": 69.0649655030276,
        "2,43": 16.148366608761368,
        "2,44": 38.25723117453905,
        "2,45": 27.22587085858678,
        "2,46": 50.40750772017508,
        "2,47": 38.721319816463875,
        "2,48": 45.96671565594207,
        "2,49": 27.921607034536045,
        "2,50": 46.54326497542211,
        "3,0": 54.635860838444614,
        "3,1": 55.88826190407784,
        "3,2": 74.72083462401542,
        "3,3": 0.0,
        "3,4": 22.441435373622763,
        "3,5": 85.0913258643439,
        "3,6": 51.233357541936115,
        "3,7": 52.83649876896477,
        "3,8": 39.64750516501255,
        "3,9": 29.797600480647,
        "3,10": 89.99188911260232,
        "3,11": 97.14336641603414,
        "3,12": 75.58465855685205,
        "3,13": 41.13547919588753,
        "3,14": 85.17479714386907,
        "3,15": 80.5343760435859,
        "3,16": 83.68288790021886,
        "3,17": 21.151821718968964,
        "3,18": 68.61877902402006,
        "3,19": 19.97764270818463,
        "3,20": 113.63712404772254,
        "3,21": 94.72467018629571,
        "3,22": 65.91043297015214,
        "3,23": 40.90674087490601,
        "3,24": 15.807819441920827,
        "3,25": 64.32715501610191,
        "3,26": 74.19918742745719,
        "3,27": 10.868916216236203,
        "3,28": 74.31610562795711,
        "3,29": 92.8941018785201,
        "3,30": 30.880515298174576,
        "3,31": 90.54608945329893,
        "3,32": 52.70378915378087,
        "3,33": 33.326255535679564,
        "3,34": 30.963199190362452,
        "3,35": 90.84402814239768,
        "3,36": 84.46424643738688,
        "3,37": 11.160076327957551,
        "3,38": 54.34835865304968,
        "3,39": 55.902185823463824,
        "3,40": 54.023101830527104,
        "3,41": 44.490301230033275,
        "3,42": 25.753766274136698,
        "3,43": 83.60018061773164,
        "3,44": 53.94831930665878,
        "3,45": 98.73821873452401,
        "3,46": 30.934464164247142,
        "3,47": 75.88421470741811,
        "3,48": 36.970636469308744,
        "3,49": 67.26187715315646,
        "3,50": 28.764376252051377,
        "4,0": 46.970207684087,
        "4,1": 37.39977243136247,
        "4,2": 72.1598056990811,
        "4,3": 22.441435373622763,
        "4,4": 0.0,
        "4,5": 91.00316423479933,
        "4,6": 30.23910579694207,
        "4,7": 56.59895911652904,
        "4,8": 17.58814640094802,
        "4,9": 11.229879203933763,
        "4,10": 74.97386156968099,
        "4,11": 84.0676649520974,
        "4,12": 73.88354719624093,
        "4,13": 48.43616315555644,
        "4,14": 70.91975244453175,
        "4,15": 78.95305329346843,
        "4,16": 69.53489243188177,
        "4,17": 1.303466556326042,
        "4,18": 47.674419776430966,
        "4,19": 41.828471764285034,
        "4,20": 103.5046388371398,
        "4,21": 79.15130634699938,
        "4,22": 44.31586851867127,
        "4,23": 18.47129617581913,
        "4,24": 18.761193901810973,
        "4,25": 48.403619573473826,
        "4,26": 52.345358443607175,
        "4,27": 32.96903018092961,
        "4,28": 51.881880838855274,
        "4,29": 84.19024759638299,
        "4,30": 26.999840338907546,
        "4,31": 91.4064249278125,
        "4,32": 40.321860898207696,
        "4,33": 21.06955475673512,
        "4,34": 11.381400954546386,
        "4,35": 73.59654890300759,
        "4,36": 86.91436291996854,
        "4,37": 11.425355153402338,
        "4,38": 60.39910446284772,
        "4,39": 44.46768427682408,
        "4,40": 63.39192239950074,
        "4,41": 54.412196235286444,
        "4,42": 45.61378914223149,
        "4,43": 76.85667664688297,
        "4,44": 41.42841609337586,
        "4,45": 92.01426436124495,
        "4,46": 42.6325057726288,
        "4,47": 62.08071216462119,
        "4,48": 26.75054355049516,
        "4,49": 73.33782003752083,
        "4,50": 28.271008835860133,
        "5,0": 55.3504848967921,
        "5,1": 85.02543525560397,
        "5,2": 33.829301132749805,
        "5,3": 85.0913258643439,
        "5,4": 91.00316423479933,
        "5,5": 0.0,
        "5,6": 93.35778484672113,
        "5,7": 34.43179134505943,
        "5,8": 94.5505822372433,
        "5,9": 84.72628018583514,
        "5,10": 81.84631225798721,
        "5,11": 76.80406145492772,
        "5,12": 30.734513535788114,
        "5,13": 44.09739387263253,
        "5,14": 76.81405443485146,
        "5,15": 29.332193943012445,
        "5,16": 75.8765240536956,
        "5,17": 90.69430622881139,
        "5,18": 100.3251473175962,
        "5,19": 77.98761882400257,
        "5,20": 73.2237342966658,
        "5,21": 86.41828558833222,
        "5,22": 103.19633235516316,
        "5,23": 100.00204524838668,
        "5,24": 74.22100782228367,
        "5,25": 77.7622105682503,
        "5,26": 110.02346163676648,
        "5,27": 80.98914052299523,
        "5,28": 119.48865701967027,
        "5,29": 57.629559862656,
        "5,30": 64.46492081903263,
        "5,31": 20.591506860268822,
        "5,32": 67.51637997820798,
        "5,33": 74.01905266660229,
        "5,34": 86.21288987976048,
        "5,35": 92.16841349397725,
        "5,36": 13.840666093796974,
        "5,37": 88.57253670060454,
        "5,38": 31.03933450890684,
        "5,39": 64.46059073800323,
        "5,40": 31.90844000776401,
        "5,41": 41.06764400927744,
        "5,42": 68.98292687316685,
        "5,43": 48.056176660920755,
        "5,44": 67.64376515384572,
        "5,45": 52.131718962506,
        "5,46": 54.4985861435096,
        "5,47": 72.39987956809607,
        "5,48": 68.9243517742235,
        "5,49": 17.927654496931723,
        "5,50": 62.732440715461,
        "6,0": 38.758891312920795,
        "6,1": 11.830700177689552,
        "6,2": 65.4142501033037,
        "6,3": 51.233357541936115,
        "6,4": 30.23910579694207,
        "6,5": 93.35778484672113,
        "6,6": 0.0,
        "6,7": 61.26750766617909,
        "6,8": 13.436324006910706,
        "6,9": 21.54783145086786,
        "6,10": 49.903235242067446,
        "6,11": 61.02733164152552,
        "6,12": 68.06886823042262,
        "6,13": 59.270213788383266,
        "6,14": 47.23085082236795,
        "6,15": 72.59538332036206,
        "6,16": 46.12941930461428,
        "6,17": 31.473618117169593,
        "6,18": 17.47489632360961,
        "6,19": 68.58570649036045,
        "6,20": 83.23865933265388,
        "6,21": 53.11063338314769,
        "6,22": 14.948167067069395,
        "6,23": 16.745728518622006,
        "6,24": 40.39193981887416,
        "6,25": 25.15833364900356,
        "6,26": 23.508475926161385,
        "6,27": 60.622328435758604,
        "6,28": 27.817425657644016,
        "6,29": 67.22405505879894,
        "6,30": 35.36477530045277,
        "6,31": 86.97267702992201,
        "6,32": 26.8681016499834,
        "6,33": 24.262170952719003,
        "6,34": 20.27755497141644,
        "6,35": 45.76170469024051,
        "6,36": 85.07917458030978,
        "6,37": 41.11890819231588,
        "6,38": 67.07118096657156,
        "6,39": 30.910937907456688,
        "6,40": 73.52201903760445,
        "6,41": 66.77542449861252,
        "6,42": 69.71532724640991,
        "6,43": 63.49629769745492,
        "6,44": 27.185191972705287,
        "6,45": 77.1188735686418,
        "6,46": 59.491960912751416,
        "6,47": 40.0639814759262,
        "6,48": 26.80574945501801,
        "6,49": 77.91836793177883,
        "6,50": 39.472651790170346,
        "7,0": 27.248800126809293,
        "7,1": 54.79279221397598,
        "7,2": 26.09475008543653,
        "7,3": 52.83649876896477,
        "7,4": 56.59895911652904,
        "7,5": 34.43179134505943,
        "7,6": 61.26750766617909,
        "7,7": 0.0,
        "7,8": 60.759685900070735,
        "7,9": 50.45525872803783,
        "7,10": 64.85805125880411,
        "7,11": 65.19789899400037,
        "7,12": 25.61370533460497,
        "7,13": 12.973340643170296,
        "7,14": 59.148954940214594,
        "7,15": 29.87655974401131,
        "7,16": 57.78648961090936,
        "7,17": 56.31994237557977,
        "7,18": 71.1940005375168,
        "7,19": 50.745422947554154,
        "7,20": 72.69074993693566,
        "7,21": 70.12123372811362,
        "7,22": 72.95457040866083,
        "7,23": 66.06566348229249,
        "7,24": 40.358017043326136,
        "7,25": 51.08839706645467,
        "7,26": 80.6488280552669,
        "7,27": 51.05696085555389,
        "7,28": 88.56756171392566,
        "7,29": 51.829714578777676,
        "7,30": 30.074196336577025,
        "7,31": 37.84799525905575,
        "7,32": 37.988734334353815,
        "7,33": 40.05138846971027,
        "7,34": 51.98793813159375,
        "7,35": 72.36787230017356,
        "7,36": 31.647333675198524,
        "7,37": 54.82044665895746,
        "7,38": 6.446115683487969,
        "7,39": 36.35703597718571,
        "7,40": 15.341459284309915,
        "7,41": 15.910912451176628,
        "7,42": 43.2752976881669,
        "7,43": 40.439867834525565,
        "7,44": 38.54207442230814,
        "7,45": 53.25687020038096,
        "7,46": 24.990411748761115,
        "7,47": 51.61153371464345,
        "7,48": 35.35435945150561,
        "7,49": 17.131434073832082,
        "7,50": 28.334709298705263,
        "8,0": 43.09999137890531,
        "8,1": 23.231085376268055,
        "8,2": 70.10597492826851,
        "8,3": 39.64750516501255,
        "8,4": 17.58814640094802,
        "8,5": 94.5505822372433,
        "8,6": 13.436324006910706,
        "8,7": 60.759685900070735,
        "8,8": 0.0,
        "8,9": 12.149501296786022,
        "8,10": 62.09399461235535,
        "8,11": 72.55251399461176,
        "8,12": 72.4102959756513,
        "8,13": 55.95524377737377,
        "8,14": 58.86137401689214,
        "8,15": 77.26879211547212,
        "8,16": 57.63171781129999,
        "8,17": 18.880241733057964,
        "8,18": 30.46527775378781,
        "8,19": 58.245908153152676,
        "8,20": 93.87214021603296,
        "8,21": 65.67223140089514,
        "8,22": 26.778581394217163,
        "8,23": 5.687743071556531,
        "8,24": 31.490481379301816,
        "8,25": 36.0911376554878,
        "8,26": 34.75751364362648,
        "8,27": 49.740841406405856,
        "8,28": 35.100153855853435,
        "8,29": 76.36909704552909,
        "8,30": 31.533688435457957,
        "8,31": 91.0446376281665,
        "8,32": 32.90201670806057,
        "8,33": 20.726599399451793,
        "8,34": 10.426520104864258,
        "8,35": 58.85601494782021,
        "8,36": 87.99078571045742,
        "8,37": 28.91702624435243,
        "8,38": 65.8472545742564,
        "8,39": 37.33929710803791,
        "8,40": 70.92012812824154,
        "8,41": 63.01593379897315,
        "8,42": 60.702906844207455,
        "8,43": 71.04520020704737,
        "8,44": 33.66340415746991,
        "8,45": 85.52645720704486,
        "8,46": 53.531338522387124,
        "8,47": 50.878950854098605,
        "8,48": 25.629429241678054,
        "8,49": 77.87583915565473,
        "8,50": 34.832339773339164,
        "9,0": 36.92517605234388,
        "9,1": 26.774126629586387,
        "9,2": 63.04717304236123,
        "9,3": 29.797600480647,
        "9,4": 11.229879203933763,
        "9,5": 84.72628018583514,
        "9,6": 21.54783145086786,
        "9,7": 50.45525872803783,
        "9,8": 12.149501296786022,
        "9,9": 0.0,
        "9,10": 63.796313691539495,
        "9,11": 72.84050840602407,
        "9,12": 65.02029503075893,
        "9,13": 44.474805732018524,
        "9,14": 59.697435795887195,
        "9,15": 70.03560781724921,
        "9,16": 58.30907636639202,
        "9,17": 12.091469805515697,
        "9,18": 38.83951912150062,
        "9,19": 47.16337328454421,
        "9,20": 92.44343621795694,
        "9,21": 68.03444904658484,
        "9,22": 36.41086214455173,
        "9,23": 16.3456177219219,
        "9,24": 19.54338328350034,
        "9,25": 37.24503136466232,
        "9,26": 44.87013788542898,
        "9,27": 39.081561637295,
        "9,28": 46.80703737116109,
        "9,29": 73.39316316806298,
        "9,30": 20.488636387702517,
        "9,31": 83.12772411127062,
        "9,32": 29.31926824511496,
        "9,33": 11.309090822389239,
        "9,34": 1.737674263502609,
        "9,35": 62.765285773016444,
        "9,36": 79.29707533254475,
        "9,37": 20.29350116968125,
        "9,38": 55.100334523817445,
        "9,39": 33.56368647385767,
        "9,40": 59.54501877573362,
        "9,41": 51.32359333602588,
        "9,42": 48.937115081305144,
        "9,43": 66.50746076096505,
        "9,44": 30.388141376102126,
        "9,45": 81.54749091045304,
        "9,46": 41.43243295053879,
        "9,47": 50.85166305696191,
        "9,48": 17.081207700898155,
        "9,49": 67.55670089107394,
        "9,50": 23.272841744153634,
        "10,0": 40.4046433902418,
        "10,1": 38.86414862113496,
        "10,2": 48.1812019662736,
        "10,3": 89.99188911260232,
        "10,4": 74.97386156968099,
        "10,5": 81.84631225798721,
        "10,6": 49.903235242067446,
        "10,7": 64.85805125880411,
        "10,8": 62.09399461235535,
        "10,9": 63.796313691539495,
        "10,10": 0.0,
        "10,11": 12.580957311533895,
        "10,12": 51.199013092726716,
        "10,13": 72.50211490093517,
        "10,14": 5.722476028117325,
        "10,15": 52.75691293686704,
        "10,16": 7.156619570478763,
        "10,17": 75.88559313797558,
        "10,18": 40.24245598901033,
        "10,19": 101.03078588200785,
        "10,20": 36.165945593993214,
        "10,21": 5.307916003509816,
        "10,22": 46.088622285105224,
        "10,23": 66.45078332149748,
        "10,24": 74.68142073169223,
        "10,25": 26.576759523268848,
        "10,26": 47.00500148169317,
        "10,27": 95.89697074526613,
        "10,28": 59.66979635420689,
        "10,29": 29.058266866266372,
        "10,30": 60.87685247071636,
        "10,31": 65.68078687045706,
        "10,32": 37.48008225093395,
        "10,33": 56.789123892976605,
        "10,34": 63.62010057778935,
        "10,35": 11.74786274978652,
        "10,36": 68.7746153683829,
        "10,37": 83.09563636091018,
        "10,38": 70.96956073513387,
        "10,39": 34.99960429942097,
        "10,40": 80.14446199907475,
        "10,41": 79.02897029741902,
        "10,42": 97.72739122483043,
        "10,43": 34.54022514662224,
        "10,44": 36.233493814690945,
        "10,45": 39.841199805490994,
        "10,46": 80.50799462866058,
        "10,47": 14.587771629567875,
        "10,48": 53.135618464083265,
        "10,49": 74.48082011882565,
        "10,50": 64.56759642238892,
        "11,0": 44.25189233434698,
        "11,1": 49.53661432597412,
        "11,2": 44.42155977311017,
        "11,3": 97.14336641603414,
        "11,4": 84.0676649520974,
        "11,5": 76.80406145492772,
        "11,6": 61.02733164152552,
        "11,7": 65.19789899400037,
        "11,8": 72.55251399461176,
        "11,9": 72.84050840602407,
        "11,10": 12.580957311533895,
        "11,11": 0.0,
        "11,12": 47.130972403194306,
        "11,13": 74.60674074314453,
        "11,14": 13.797015927870483,
        "11,15": 47.51425675996072,
        "11,16": 14.936730659992312,
        "11,17": 84.8719618522316,
        "11,18": 52.60109522211145,
        "11,19": 106.26679414638706,
        "11,20": 23.589156128320635,
        "11,21": 13.332613265528082,
        "11,22": 58.386947401069826,
        "11,23": 77.24327663366496,
        "11,24": 81.4664482819415,
        "11,25": 36.466437171775056,
        "11,26": 59.57067753829244,
        "11,27": 101.99923863200232,
        "11,28": 72.23205900406458,
        "11,29": 20.064906882913352,
        "11,30": 66.88389779389841,
        "11,31": 58.83358282053682,
        "11,32": 44.61814573241307,
        "11,33": 64.62366862341726,
        "11,34": 72.88422688889808,
        "11,35": 23.39661904966592,
        "11,36": 63.179733117013164,
        "11,37": 91.25774896231952,
        "11,38": 70.82633512190407,
        "11,39": 41.241257950860316,
        "11,40": 80.0264998940736,
        "11,41": 80.40995223650754,
        "11,42": 101.98728537162972,
        "11,43": 28.81066537569094,
        "11,44": 43.39565119244512,
        "11,45": 29.755986505275594,
        "11,46": 83.92399595173741,
        "11,47": 21.99764560228597,
        "11,48": 60.24830142642886,
        "11,49": 72.098111341668,
        "11,50": 70.12088303332834,
        "12,0": 29.518994872731543,
        "12,1": 58.12610813971656,
        "12,2": 3.1373867239000224,
        "12,3": 75.58465855685205,
        "12,4": 73.88354719624093,
        "12,5": 30.734513535788114,
        "12,6": 68.06886823042262,
        "12,7": 25.61370533460497,
        "12,8": 72.4102959756513,
        "12,9": 65.02029503075893,
        "12,10": 51.199013092726716,
        "12,11": 47.130972403194306,
        "12,12": 0.0,
        "12,13": 38.433482467465424,
        "12,14": 46.0958099189045,
        "12,15": 5.079926639293142,
        "12,16": 45.14432986961457,
        "12,17": 73.98142830295807,
        "12,18": 72.04760000365106,
        "12,19": 76.04220496489194,
        "12,20": 48.92995512868477,
        "12,21": 55.883516340457376,
        "12,22": 75.65515597410528,
        "12,23": 78.09395418318819,
        "12,24": 61.15904831301322,
        "12,25": 48.84875968477524,
        "12,26": 81.68768939275694,
        "12,27": 75.49279704659727,
        "12,28": 92.16727877522747,
        "12,29": 29.58528019150177,
        "12,30": 47.40446679646153,
        "12,31": 18.904353086561517,
        "12,32": 41.205888261011246,
        "12,33": 53.71247376607341,
        "12,34": 66.15587756494398,
        "12,35": 61.43448314596558,
        "12,36": 18.48216423187442,
        "12,37": 75.17140879791998,
        "12,38": 28.75084678054941,
        "12,39": 37.33477740916425,
        "12,40": 36.94105471561326,
        "12,41": 41.06820888974986,
        "12,42": 68.84530837343853,
        "12,43": 18.561609996344476,
        "12,44": 40.96469602720126,
        "12,45": 28.345147694026704,
        "12,46": 50.335419941984,
        "12,47": 41.857574110911195,
        "12,48": 47.94957821105511,
        "12,49": 25.63552672230993,
        "12,50": 47.72990099522546,
        "13,0": 32.40548583102826,
        "13,1": 55.17239816181801,
        "13,2": 38.655682519222196,
        "13,3": 41.13547919588753,
        "13,4": 48.43616315555644,
        "13,5": 44.09739387263253,
        "13,6": 59.270213788383266,
        "13,7": 12.973340643170296,
        "13,8": 55.95524377737377,
        "13,9": 44.474805732018524,
        "13,10": 72.50211490093517,
        "13,11": 74.60674074314453,
        "13,12": 38.433482467465424,
        "13,13": 0.0,
        "13,14": 66.80351037913718,
        "13,15": 42.814064744134235,
        "13,16": 65.34571304110302,
        "13,17": 47.91959748485227,
        "13,18": 71.8277867404498,
        "13,19": 37.772230612162275,
        "13,20": 84.30948048971565,
        "13,21": 77.80923932136467,
        "13,22": 72.54443959200432,
        "13,23": 60.75796753121194,
        "13,24": 30.549443961320204,
        "13,25": 54.603883918151524,
        "13,26": 80.77586431839205,
        "13,27": 38.37422280060995,
        "13,28": 87.08399241630781,
        "13,29": 63.15548034441125,
        "13,30": 24.494083302171216,
        "13,31": 50.448600659547544,
        "13,32": 40.37238859851286,
        "13,33": 35.716289276113756,
        "13,34": 46.15834408540844,
        "13,35": 78.55057398168935,
        "13,36": 43.756534149337035,
        "13,37": 44.669089776987555,
        "13,38": 13.213774430499875,
        "13,39": 40.15513016380744,
        "13,40": 15.097657163140331,
        "13,41": 7.618250588479905,
        "13,42": 30.42460233840941,
        "13,43": 52.00868939361259,
        "13,44": 41.25259719193871,
        "13,45": 65.5621881750511,
        "13,46": 12.021091958015706,
        "13,47": 58.3906097480245,
        "13,48": 32.47240859691068,
        "13,49": 26.19084646593343,
        "13,50": 21.204257628588635,
        "14,0": 34.77822034429484,
        "14,1": 35.772819818689904,
        "14,2": 43.03598196225643,
        "14,3": 85.17479714386907,
        "14,4": 70.91975244453175,
        "14,5": 76.81405443485146,
        "14,6": 47.23085082236795,
        "14,7": 59.148954940214594,
        "14,8": 58.86137401689214,
        "14,9": 59.697435795887195,
        "14,10": 5.722476028117325,
        "14,11": 13.797015927870483,
        "14,12": 46.0958099189045,
        "14,13": 66.80351037913718,
        "14,14": 0.0,
        "14,15": 47.9282188753433,
        "14,16": 1.523367451119147,
        "14,17": 71.7791919127162,
        "14,18": 39.44330117399526,
        "14,19": 95.73551698465344,
        "14,20": 36.70697089606734,
        "14,21": 11.02368348477725,
        "14,22": 45.10206478802087,
        "14,23": 63.48578150667228,
        "14,24": 69.72771690927036,
        "14,25": 22.837412361218483,
        "14,26": 47.06245739840929,
        "14,27": 90.79033672479906,
        "14,28": 59.62764683576443,
        "14,29": 26.188627856764406,
        "14,30": 55.68455353171599,
        "14,31": 61.236282767996855,
        "14,32": 32.49791714078006,
        "14,33": 52.14152027672939,
        "14,34": 59.63511253205293,
        "14,35": 15.563648815090058,
        "14,36": 63.93401032900864,
        "14,37": 78.632260258467,
        "14,38": 65.27545652528141,
        "14,39": 29.74525549271546,
        "14,40": 74.44336215886905,
        "14,41": 73.31044371976411,
        "14,42": 92.25858878747606,
        "14,43": 30.13893908785636,
        "14,44": 31.250029764823687,
        "14,45": 37.20319975438148,
        "14,46": 74.91457173879334,
        "14,47": 9.322809894829417,
        "14,48": 48.22478493109552,
        "14,49": 68.98188276718092,
        "14,50": 59.28235645206862,
        "15,0": 34.25834972013197,
        "15,1": 62.411881099238904,
        "15,2": 7.200921313869343,
        "15,3": 80.5343760435859,
        "15,4": 78.95305329346843,
        "15,5": 29.332193943012445,
        "15,6": 72.59538332036206,
        "15,7": 29.87655974401131,
        "15,8": 77.26879211547212,
        "15,9": 70.03560781724921,
        "15,10": 52.75691293686704,
        "15,11": 47.51425675996072,
        "15,12": 5.079926639293142,
        "15,13": 42.814064744134235,
        "15,14": 47.9282188753433,
        "15,15": 0.0,
        "15,16": 47.10189991981954,
        "15,17": 79.05573136525565,
        "15,18": 75.90425216570824,
        "15,19": 80.54041604302247,
        "15,20": 46.834821360915974,
        "15,21": 57.19837003466092,
        "15,22": 79.70680232450717,
        "15,23": 82.95552495692974,
        "15,24": 66.19357320196056,
        "15,25": 52.613852569530295,
        "15,26": 85.48973067230116,
        "15,27": 80.23539880472853,
        "15,28": 96.22050527570632,
        "15,29": 28.805847835453573,
        "15,30": 52.48318261824973,
        "15,31": 14.638762382239765,
        "15,32": 45.73389513093741,
        "15,33": 58.73093162090704,
        "15,34": 71.1545475499914,
        "15,35": 63.4378098098012,
        "15,36": 16.01895130076886,
        "15,37": 80.23364426991496,
        "15,38": 32.380658452199974,
        "15,39": 41.74221048936348,
        "15,40": 40.05227480362819,
        "15,41": 44.938761528356714,
        "15,42": 73.1457833416797,
        "15,43": 18.72852694326051,
        "15,44": 45.426111504669066,
        "15,45": 25.725759928471806,
        "15,46": 54.79012046462926,
        "15,47": 44.547941215318595,
        "15,48": 52.95811203796049,
        "15,49": 27.39507899814631,
        "15,50": 52.77960320054003,
        "16,0": 33.283034877048756,
        "16,1": 34.601287613488914,
        "16,2": 42.066996087257166,
        "16,3": 83.68288790021886,
        "16,4": 69.53489243188177,
        "16,5": 75.8765240536956,
        "16,6": 46.12941930461428,
        "16,7": 57.78648961090936,
        "16,8": 57.63171781129999,
        "16,9": 58.30907636639202,
        "16,10": 7.156619570478763,
        "16,11": 14.936730659992312,
        "16,12": 45.14432986961457,
        "16,13": 65.34571304110302,
        "16,14": 1.523367451119147,
        "16,15": 47.10189991981954,
        "16,16": 0.0,
        "16,17": 70.38562869365617,
        "16,18": 38.79808944889701,
        "16,19": 94.21229456964772,
        "16,20": 37.53708419912739,
        "16,21": 12.46436801109869,
        "16,22": 44.39537269685984,
        "16,23": 62.306576107198474,
        "16,24": 68.2237915387153,
        "16,25": 21.56509264991534,
        "16,26": 46.612345111999154,
        "16,27": 89.27408648407051,
        "16,28": 59.12880225099841,
        "16,29": 26.161711299919414,
        "16,30": 54.16487366586472,
        "16,31": 60.55596313518978,
        "16,32": 30.997514154130098,
        "16,33": 50.67411313486507,
        "16,34": 58.265819172496556,
        "16,35": 16.336986422762635,
        "16,36": 63.08834163881148,
        "16,37": 77.18399523096298,
        "16,38": 63.93552579758028,
        "16,39": 28.224543334960526,
        "16,40": 73.09271507720366,
        "16,41": 71.88014321362769,
        "16,42": 90.73998786003654,
        "16,43": 29.53285125221755,
        "16,44": 29.74997324404263,
        "16,45": 37.195331379849584,
        "16,46": 73.41248449288123,
        "16,47": 7.813246822662114,
        "16,48": 46.727532677000355,
        "16,49": 67.80220136952525,
        "16,50": 57.759486083864786,
        "17,0": 47.337769979501346,
        "17,1": 38.47210179863986,
        "17,2": 72.30451184259286,
        "17,3": 21.151821718968964,
        "17,4": 1.303466556326042,
        "17,5": 90.69430622881139,
        "17,6": 31.473618117169593,
        "17,7": 56.31994237557977,
        "17,8": 18.880241733057964,
        "17,9": 12.091469805515697,
        "17,10": 75.88559313797558,
        "17,11": 84.8719618522316,
        "17,12": 73.98142830295807,
        "17,13": 47.91959748485227,
        "17,14": 71.7791919127162,
        "17,15": 79.05573136525565,
        "17,16": 70.38562869365617,
        "17,17": 0.0,
        "17,18": 48.920201878746575,
        "17,19": 40.58472417276199,
        "17,20": 104.15336542879481,
        "17,21": 80.10129254937216,
        "17,22": 45.59506512757542,
        "17,23": 19.755939632026802,
        "17,24": 17.990225548277287,
        "17,25": 49.327411867258846,
        "17,26": 53.637724658280106,
        "17,27": 31.704769940195085,
        "17,28": 53.177479992386566,
        "17,29": 84.72990692759562,
        "17,30": 26.913127997667743,
        "17,31": 91.38967732681819,
        "17,32": 40.97168659175623,
        "17,33": 21.509087882940694,
        "17,34": 12.3767256630642,
        "17,35": 74.64217316761751,
        "17,36": 86.79733685882894,
        "17,37": 10.122549750384362,
        "17,38": 60.00673007643651,
        "17,39": 45.073242821904415,
        "17,40": 62.82747933135004,
        "17,41": 53.78567189458848,
        "17,42": 44.47091596499992,
        "17,43": 77.26442294221937,
        "17,44": 42.09361559355153,
        "17,45": 92.44658380904264,
