{
    "num_robots": 5,
    "num_tasks": 40,
    "num_nodes": 41,
    "robot_capacity": [
        133,
        99,
        101,
        95,
        135
    ],
    "robot_speed": [
        1.02,
        0.84,
        0.82,
        1.19,
        0.84
    ],
    "task_demand": {
        "0": 0,
        "1": 8,
        "2": 9,
        "3": 7,
        "4": 11,
        "5": 12,
        "6": 10,
        "7": 8,
        "8": 11,
        "9": 15,
        "10": 10,
        "11": 10,
        "12": 5,
        "13": 10,
        "14": 10,
        "15": 14,
        "16": 10,
        "17": 14,
        "18": 14,
        "19": 5,
        "20": 7,
        "21": 10,
        "22": 6,
        "23": 10,
        "24": 13,
        "25": 8,
        "26": 15,
        "27": 9,
        "28": 12,
        "29": 10,
        "30": 14,
        "31": 5,
        "32": 6,
        "33": 9,
        "34": 12,
        "35": 9,
        "36": 14,
        "37": 11,
        "38": 8,
        "39": 7,
        "40": 13
    },
    "task_service_time": {
        "0": 0,
        "1": 34,
        "2": 30,
        "3": 35,
        "4": 91,
        "5": 11,
        "6": 44,
        "7": 64,
        "8": 89,
        "9": 62,
        "10": 51,
        "11": 45,
        "12": 73,
        "13": 36,
        "14": 92,
        "15": 75,
        "16": 51,
        "17": 92,
        "18": 44,
        "19": 28,
        "20": 98,
        "21": 44,
        "22": 92,
        "23": 52,
        "24": 60,
        "25": 16,
        "26": 68,
        "27": 12,
        "28": 76,
        "29": 83,
        "30": 89,
        "31": 93,
        "32": 80,
        "33": 78,
        "34": 52,
        "35": 54,
        "36": 44,
        "37": 52,
        "38": 64,
        "39": 63,
        "40": 88
    },
    "task_precedence": [],
    "coordinates": {
        "0": [
            50.0,
            50.0
        ],
        "1": [
            12.181849780731014,
            68.23473864885689
        ],
        "2": [
            11.008937821584786,
            61.12510814017236
        ],
        "3": [
            38.81486426205538,
            0.656305953301417
        ],
        "4": [
            80.77931502403229,
            69.93235510411971
        ],
        "5": [
            67.96704102088148,
            65.18137227549025
        ],
        "6": [
            64.72912693090346,
            25.936793162762008
        ],
        "7": [
            45.656599528572464,
            89.319413998614
        ],
        "8": [
            12.764068321637613,
            45.23260961020969
        ],
        "9": [
            96.08298692591721,
            70.91242924522192
        ],
        "10": [
            71.93762453599551,
            77.20301111694921
        ],
        "11": [
            42.45435537047256,
            8.7765249448161
        ],
        "12": [
            46.19408076577353,
            45.72599498043056
        ],
        "13": [
            93.54669565717514,
            48.610205779467464
        ],
        "14": [
            8.322327090637604,
            45.98942257311908
        ],
        "15": [
            36.59310561367221,
            97.15084985418594
        ],
        "16": [
            40.296629051825725,
            11.178573368061128
        ],
        "17": [
            32.59245147823662,
            80.92388310457441
        ],
        "18": [
            99.34398645240934,
            99.79742548068835
        ],
        "19": [
            13.786082291828839,
            50.43413953183408
        ],
        "20": [
            44.23911243594231,
            3.609669837989027
        ],
        "21": [
            94.43085677828472,
            7.565271716309729
        ],
        "22": [
            43.676228479360624,
            79.533113564874
        ],
        "23": [
            75.01267466499385,
            60.9855591398185
        ],
        "24": [
            71.7295901340662,
            68.94310526433975
        ],
        "25": [
            85.65644642312135,
            77.34710164429282
        ],
        "26": [
            84.39093341744565,
            58.71874907243813
        ],
        "27": [
            71.823362365105,
            84.38023804779651
        ],
        "28": [
            65.77403690876403,
            87.5234433576833
        ],
        "29": [
            80.8083092714704,
            89.83823427451902
        ],
        "30": [
            6.418377873972547,
            46.41549118736238
        ],
        "31": [
            79.08198177609265,
            53.74252970193266
        ],
        "32": [
            62.59622438887249,
            90.33755104041515
        ],
        "33": [
            27.191553419961956,
            71.38641886279059
        ],
        "34": [
            15.570133348977965,
            26.411025759768837
        ],
        "35": [
            50.05090306333724,
            99.66027499714727
        ],
        "36": [
            80.32436842441035,
            57.5850211712149
        ],
        "37": [
            80.83045031067891,
            74.67519162587469
        ],
        "38": [
            50.698657557458645,
            49.95761523308771
        ],
        "39": [
            61.644274750721216,
            40.563856243390504
        ],
        "40": [
            60.98277766900384,
            53.04422763137839
        ]
    },
    "distance_matrix_str_keys": {
        "0,0": 0.0,
        "0,1": 41.98473746016891,
        "0,2": 40.54714491714022,
        "0,3": 50.59552750639569,
        "0,4": 36.66967430105354,
        "0,5": 23.522088070855055,
        "0,6": 28.21320796078253,
        "0,7": 39.558582442367666,
        "0,8": 37.539880381859724,
        "0,9": 50.60604095313789,
        "0,10": 34.94657614289524,
        "0,11": 41.90837205738831,
        "0,12": 5.722948551643616,
        "0,13": 43.56886767674897,
        "0,14": 41.870194057787785,
        "0,15": 49.01986800327122,
        "0,16": 40.015729076163105,
        "0,17": 35.486748115358914,
        "0,18": 70.10429789620794,
        "0,19": 36.21651988951028,
        "0,20": 46.74666360357817,
        "0,21": 61.43945962134654,
        "0,22": 30.202564180562455,
        "0,23": 27.31879213126516,
        "0,24": 28.827353753863072,
        "0,25": 44.93602274198515,
        "0,26": 35.478907631314144,
        "0,27": 40.721737599737025,
        "0,28": 40.70416491977593,
        "0,29": 50.36106462613783,
        "0,30": 43.72878331904196,
        "0,31": 29.321804047412105,
        "0,32": 42.25852449853075,
        "0,33": 31.26666191279738,
        "0,34": 41.735541488202216,
        "0,35": 49.66030108561714,
        "0,36": 31.25859668166749,
        "0,37": 39.48900794060137,
        "0,38": 0.6999420340716006,
        "0,39": 14.987659706094346,
        "0,40": 11.396873571221937,
        "1,0": 41.98473746016891,
        "1,1": 0.0,
        "1,2": 7.205731637656659,
        "1,3": 72.63719450770489,
        "1,4": 68.61846791815674,
        "1,5": 55.868690766028934,
        "1,6": 67.4561526344461,
        "1,7": 39.561627940281554,
        "1,8": 23.00949627305978,
        "1,9": 83.94385529141013,
        "1,10": 60.42501574400993,
        "1,11": 66.72108940624634,
        "1,12": 40.78572542092157,
        "1,13": 83.69803124828715,
        "1,14": 22.577643869651787,
        "1,15": 37.842448369262016,
        "1,16": 63.60697139474462,
        "1,17": 24.033456860640865,
        "1,18": 92.70081590372654,
        "1,19": 17.87274156011373,
        "1,20": 72.13922378120387,
        "1,21": 102.20412599285349,
        "1,22": 33.45966475258799,
        "1,23": 63.24763362522874,
        "1,24": 59.551953489790364,
        "1,25": 74.03750070823939,
        "1,26": 72.83341140762637,
        "1,27": 61.78824462786753,
        "1,28": 56.957674202081066,
        "1,29": 71.94652156624458,
        "1,30": 22.567613258958705,
        "1,31": 68.45182087540199,
        "1,32": 55.04673907459407,
        "1,33": 15.337023554407281,
        "1,34": 41.96073671145113,
        "1,35": 49.21005518487649,
        "1,36": 68.96969863249933,
        "1,37": 68.9500528590772,
        "1,38": 42.63329358218345,
        "1,39": 56.67635500814303,
        "1,40": 51.1104899969521,
        "2,0": 40.54714491714022,
        "2,1": 7.205731637656659,
        "2,2": 0.0,
        "2,3": 66.55558265936666,
        "2,4": 70.32405800333031,
        "2,5": 57.10235370628078,
        "2,6": 64.21897094231892,
        "2,7": 44.66966917944677,
        "2,8": 15.989121070186478,
        "2,9": 85.63518835980753,
        "2,10": 63.014314475946335,
        "2,11": 61.06708153649586,
        "2,12": 38.40738171379986,
        "2,13": 83.4811610462177,
        "2,14": 15.372275524604206,
        "2,15": 44.18601257930502,
        "2,16": 57.900131203129824,
        "2,17": 29.288898099073474,
        "2,18": 96.42939875938102,
        "2,19": 11.04578386503564,
        "2,20": 66.42492113652035,
        "2,21": 99.13562750176716,
        "2,22": 37.49675376129851,
        "2,23": 64.00388897437296,
        "2,24": 61.22188086204755,
        "2,25": 76.38981354646837,
        "2,26": 73.42143993135664,
        "2,27": 65.10910304696256,
        "2,28": 60.79546183955378,
        "2,29": 75.47447162588162,
        "2,30": 15.409285237512364,
        "2,31": 68.47219711407779,
        "2,32": 59.28418807384822,
        "2,33": 19.161720834803955,
        "2,34": 35.01245521457406,
        "2,35": 54.85648671427203,
        "2,36": 69.4057716288992,
        "2,37": 71.12417569810023,
        "2,38": 41.23089558258468,
        "2,39": 54.65073124387342,
        "2,40": 50.622972047212855,
        "3,0": 50.59552750639569,
        "3,1": 72.63719450770489,
        "3,2": 66.55558265936666,
        "3,3": 0.0,
        "3,4": 80.99497585468481,
        "3,5": 70.8048980908857,
        "3,6": 36.20292865525874,
        "3,7": 88.92668929917427,
        "3,8": 51.630328459561255,
        "3,9": 90.63973043567958,
        "3,10": 83.40572713894011,
        "3,11": 8.898530889894325,
        "3,12": 45.66978985293091,
        "3,13": 72.76778048286057,
        "3,14": 54.63411283819188,
        "3,15": 96.52011818336837,
        "3,16": 10.626087635621925,
        "3,17": 80.50839932943515,
        "3,18": 116.15823782357592,
        "3,19": 55.71599988051216,
        "3,20": 6.1761498109496005,
        "3,21": 56.04348696752995,
        "3,22": 79.0264743047944,
        "3,23": 70.35552762939072,
        "3,24": 75.80544927230261,
        "3,25": 89.86440876714919,
        "3,26": 73.81344986260906,
        "3,27": 89.99587630765454,
        "3,28": 90.95436520930048,
        "3,29": 98.57416376946628,
        "3,30": 56.066347870878296,
        "3,31": 66.63023266340159,
        "3,32": 92.78081056908442,
        "3,33": 71.67879900724492,
        "3,34": 34.69327179052189,
        "3,35": 99.6395225519407,
        "3,36": 70.4550747084045,
        "3,37": 85.11230761305184,
        "3,38": 50.71334774779726,
        "3,39": 45.97602150486702,
        "3,40": 56.88506590104552,
        "4,0": 36.66967430105354,
        "4,1": 68.61846791815674,
        "4,2": 70.32405800333031,
        "4,3": 80.99497585468481,
        "4,4": 0.0,
        "4,5": 13.664779653172088,
        "4,6": 46.83180552104153,
        "4,7": 40.11811556334125,
        "4,8": 72.3612549051738,
        "4,9": 15.33502262804328,
        "4,10": 11.447179982123712,
        "4,11": 72.17228065483707,
        "4,12": 42.214763994796456,
        "4,13": 24.852365280880598,
        "4,14": 76.31041291045509,
        "4,15": 51.896700844230715,
        "4,16": 71.35022587078964,
        "4,17": 49.42456379338022,
        "4,18": 35.164889504177275,
        "4,19": 69.77301514492905,
        "4,20": 75.72242063014681,
        "4,21": 63.843697281486925,
        "4,22": 38.32510396806694,
        "4,23": 10.64421434664519,
        "4,24": 9.103633111542685,
        "4,25": 8.87495785561766,
        "4,26": 11.78086362086444,
        "4,27": 16.99854139575316,
        "4,28": 23.121521517002545,
        "4,29": 19.905900286420653,
        "4,30": 77.99097295401833,
        "4,31": 16.27855603878496,
        "4,32": 27.33124231067889,
        "4,33": 53.60748543952565,
        "4,34": 78.3986191372635,
        "4,35": 42.754935654172726,
        "4,36": 12.355712511189719,
        "4,37": 4.743112173418769,
        "4,38": 36.108671902144614,
        "4,39": 35.0522252017456,
        "4,40": 26.02137084752832,
        "5,0": 23.522088070855055,
        "5,1": 55.868690766028934,
        "5,2": 57.10235370628078,
        "5,3": 70.8048980908857,
        "5,4": 13.664779653172088,
        "5,5": 0.0,
        "5,6": 39.37792627080893,
        "5,7": 32.86945174183784,
        "5,8": 58.696859598356326,
        "5,9": 28.6941009290273,
        "5,10": 12.66038442879876,
        "5,11": 61.90641268473921,
        "5,12": 29.19886134703945,
        "5,13": 30.4782264961557,
        "5,14": 62.65638701041557,
        "5,15": 44.79253642729407,
        "5,16": 60.679106687339186,
        "5,17": 38.719352170644996,
        "5,18": 46.720272303553436,
        "5,19": 56.152089563923354,
        "5,20": 65.98552216951964,
        "5,21": 63.40306450075884,
        "5,22": 28.213756431299775,
        "5,23": 8.200353731182807,
        "5,24": 5.320470929205959,
        "5,25": 21.46904829189544,
        "5,26": 17.64963852656892,
        "5,27": 19.58233033254589,
        "5,28": 22.449441135082434,
        "5,29": 27.8003419749242,
        "5,30": 64.34591073398077,
        "5,31": 15.949577656304498,
        "5,32": 25.72312192070634,
        "5,33": 41.2449147440422,
        "5,34": 65.18109927369355,
        "5,35": 38.85592274291328,
        "5,36": 14.505450377614302,
        "5,37": 15.987492123988082,
        "5,38": 23.020856759163333,
        "5,39": 25.41651960630653,
        "5,40": 14.003221582210083,
        "6,0": 28.21320796078253,
        "6,1": 67.4561526344461,
        "6,2": 64.21897094231892,
        "6,3": 36.20292865525874,
        "6,4": 46.83180552104153,
        "6,5": 39.37792627080893,
        "6,6": 0.0,
        "6,7": 66.19001379010315,
        "6,8": 55.431902805496655,
        "6,9": 54.825836770712336,
        "6,10": 51.77052772619615,
        "6,11": 28.11832593489921,
        "6,12": 27.113842312072155,
        "6,13": 36.66791386185979,
        "6,14": 59.86514022775637,
        "6,15": 76.57073570244074,
        "6,16": 28.543861058375388,
        "6,17": 63.6894494356719,
        "6,18": 81.56948881841475,
        "6,19": 56.52710656158723,
        "6,20": 30.304143775453213,
        "6,21": 34.92428318783758,
        "6,22": 57.58289758128555,
        "6,23": 36.52625563226798,
        "6,24": 43.57234634073712,
        "6,25": 55.506508801180445,
        "6,26": 38.22621178691634,
        "6,27": 58.87244199475631,
        "6,28": 61.59551379031944,
        "6,29": 65.89335536228633,
        "6,30": 61.80226960527534,
        "6,31": 31.29158715522178,
        "6,32": 64.43606822634283,
        "6,33": 58.94690747920569,
        "6,34": 49.16128096931422,
        "6,35": 75.17048642712993,
        "6,36": 35.282033576819536,
        "6,37": 51.32917395915551,
        "6,38": 27.818230780792284,
        "6,39": 14.948822272616006,
        "6,40": 27.36508973605728,
        "7,0": 39.558582442367666,
        "7,1": 39.561627940281554,
        "7,2": 44.66966917944677,
        "7,3": 88.92668929917427,
        "7,4": 40.11811556334125,
        "7,5": 32.86945174183784,
        "7,6": 66.19001379010315,
        "7,7": 0.0,
        "7,8": 55.00513549097582,
        "7,9": 53.68088704239804,
        "7,10": 28.939583518627394,
        "7,11": 80.60652172610155,
        "7,12": 43.59673230616327,
        "7,13": 62.85460158999206,
        "7,14": 57.19559472025276,
        "7,15": 11.978243172743312,
        "7,16": 78.32445504413714,
        "7,17": 15.52922738818216,
        "7,18": 54.70031297285467,
        "7,19": 50.27717612689061,
        "7,20": 85.7214647199729,
        "7,21": 95.19804593885507,
        "7,22": 9.98466552629461,
        "7,23": 40.799344094905585,
        "7,24": 33.09070559460202,
        "7,25": 41.75313179507357,
        "7,26": 49.3634410848636,
        "7,27": 26.628836557695756,
        "7,28": 20.19744531590602,
        "7,29": 35.15553828812235,
        "7,30": 58.141075249855426,
        "7,31": 48.81568267116919,
        "7,32": 16.97019426652454,
        "7,33": 25.740051327349327,
        "7,34": 69.73278108597961,
        "7,35": 11.235804810810517,
        "7,36": 46.99921157146048,
        "7,37": 38.1005646643738,
        "7,38": 39.68341657700912,
        "7,39": 51.30994222401583,
        "7,40": 39.37995533732755,
        "8,0": 37.539880381859724,
        "8,1": 23.00949627305978,
        "8,2": 15.989121070186478,
        "8,3": 51.630328459561255,
        "8,4": 72.3612549051738,
        "8,5": 58.696859598356326,
        "8,6": 55.431902805496655,
        "8,7": 55.00513549097582,
        "8,8": 0.0,
        "8,9": 87.18655477694556,
        "8,10": 67.25783469273975,
        "8,11": 47.016584884193385,
        "8,12": 33.4336531228436,
        "8,13": 80.85320670891736,
        "8,14": 4.505755322250994,
        "8,15": 57.12553446836546,
        "8,16": 43.79177188403165,
        "8,17": 40.82930053594405,
        "8,18": 102.33963726000974,
        "8,19": 5.300983501277835,
        "8,20": 52.18378596153537,
        "8,21": 89.9349358193799,
        "8,22": 46.17451913296618,
        "8,23": 64.21093684546686,
        "8,24": 63.55407435229084,
        "8,25": 79.65324465391761,
        "8,26": 72.8854152834966,
        "8,27": 70.85574800395588,
        "8,28": 67.81276715091771,
        "8,29": 81.36141885520522,
        "8,30": 6.454997760120051,
        "8,31": 66.86168099083434,
        "8,32": 67.2138342882737,
        "8,33": 29.869282962313594,
        "8,34": 19.02960902322585,
        "8,35": 65.97483463054121,
        "8,36": 68.6802462237081,
        "8,37": 74.16129713554939,
        "8,38": 38.227722121867245,
        "8,39": 49.10266630795125,
        "8,40": 48.84736745449473,
        "9,0": 50.60604095313789,
        "9,1": 83.94385529141013,
        "9,2": 85.63518835980753,
        "9,3": 90.63973043567958,
        "9,4": 15.33502262804328,
        "9,5": 28.6941009290273,
        "9,6": 54.825836770712336,
        "9,7": 53.68088704239804,
        "9,8": 87.18655477694556,
        "9,9": 0.0,
        "9,10": 24.951351571118337,
        "9,11": 82.07862526711094,
        "9,12": 55.88612912727341,
        "9,13": 22.445978368437093,
        "9,14": 91.23096884447376,
        "9,15": 65.01923326676427,
        "9,16": 81.73280408018329,
        "9,17": 64.27501302847888,
        "9,18": 29.06849025034998,
        "9,19": 84.80649068283444,
        "9,20": 84.95556924628393,
        "9,21": 63.368698116795265,
        "9,22": 53.11105844374433,
        "9,23": 23.291646761497333,
        "9,24": 24.43289119697087,
        "9,25": 12.25225512874293,
        "9,26": 16.89348843196995,
        "9,27": 27.747274781035145,
        "9,28": 34.562381876639826,
        "9,29": 24.320811529515712,
        "9,30": 92.9507508880304,
        "9,31": 24.162773566604596,
        "9,32": 38.71302909836058,
        "9,33": 68.89306406789451,
        "9,34": 91.99290463550302,
        "9,35": 54.27146008822766,
        "9,36": 20.63864973895196,
        "9,37": 15.70981393691347,
        "9,38": 49.98841448283659,
        "9,39": 45.90273172190826,
        "9,40": 39.38651188912351,
        "10,0": 34.94657614289524,
        "10,1": 60.42501574400993,
        "10,2": 63.014314475946335,
        "10,3": 83.40572713894011,
        "10,4": 11.447179982123712,
        "10,5": 12.66038442879876,
        "10,6": 51.77052772619615,
        "10,7": 28.939583518627394,
        "10,8": 67.25783469273975,
        "10,9": 24.951351571118337,
        "10,10": 0.0,
        "10,11": 74.50803426847202,
        "10,12": 40.663651959803005,
        "10,13": 35.83992845678301,
        "10,14": 70.86038511640255,
        "10,15": 40.58511165608975,
        "10,16": 73.21460902911421,
        "10,17": 39.520722808335506,
        "10,18": 35.519237519037475,
        "10,19": 64.01698486585795,
        "10,20": 78.63324648746418,
        "10,21": 73.18032690236453,
        "10,22": 28.35728979447442,
        "10,23": 16.50641335743152,
        "10,24": 8.26252521971087,
        "10,25": 13.719578566805659,
        "10,26": 22.287952921409317,
        "10,27": 7.178136405821244,
        "10,28": 12.020862451344525,
        "10,29": 15.438196524133762,
        "10,30": 72.39228596040958,
        "10,31": 24.524192720627227,
        "10,32": 16.117626863461957,
        "10,33": 45.12254010771414,
        "10,34": 75.87568674643101,
        "10,35": 31.358527991705365,
        "10,36": 21.33548693048266,
        "10,37": 9.245118800660688,
        "10,38": 34.54569893899553,
        "10,39": 38.05759739724287,
        "10,40": 26.5265054121708,
        "11,0": 41.90837205738831,
        "11,1": 66.72108940624634,
        "11,2": 61.06708153649586,
        "11,3": 8.898530889894325,
        "11,4": 72.17228065483707,
        "11,5": 61.90641268473921,
        "11,6": 28.11832593489921,
        "11,7": 80.60652172610155,
        "11,8": 47.016584884193385,
        "11,9": 82.07862526711094,
        "11,10": 74.50803426847202,
        "11,11": 0.0,
        "11,12": 37.138240156811825,
        "11,13": 64.78541012302911,
        "11,14": 50.495495882207265,
        "11,15": 88.56847944894649,
        "11,16": 3.228872789967911,
        "11,17": 72.81825621238222,
        "11,18": 107.33701346227225,
        "11,19": 50.56902939934898,
        "11,20": 5.4664201702475435,
        "11,21": 51.990612931373164,
        "11,22": 70.76713790342471,
        "11,23": 61.529077734506366,
        "11,24": 66.91081196495236,
        "11,25": 81.04532472771132,
        "11,26": 65.21428010109057,
        "11,27": 81.1077062109917,
        "11,28": 82.12724704122314,
        "11,29": 89.67734663388025,
        "11,30": 52.108381801163176,
        "11,31": 57.99590157870388,
        "11,32": 84.01128415469775,
        "11,33": 64.44340105705571,
        "11,34": 32.15178086348537,
        "11,35": 91.20067741209257,
        "11,36": 61.777076594703026,
        "11,37": 76.2585007274664,
        "11,38": 41.998222770506864,
        "11,39": 37.13068053383577,
        "11,40": 47.98887302301008,
        "12,0": 5.722948551643616,
        "12,1": 40.78572542092157,
        "12,2": 38.40738171379986,
        "12,3": 45.66978985293091,
        "12,4": 42.214763994796456,
        "12,5": 29.19886134703945,
        "12,6": 27.113842312072155,
        "12,7": 43.59673230616327,
        "12,8": 33.4336531228436,
        "12,9": 55.88612912727341,
        "12,10": 40.663651959803005,
        "12,11": 37.138240156811825,
        "12,12": 0.0,
        "12,13": 47.44037108820577,
        "12,14": 37.87266983626532,
        "12,15": 52.31342487983432,
        "12,16": 35.047172165256875,
        "12,17": 37.734541837358094,
        "12,18": 75.8197340462395,
        "12,19": 32.748205908173226,
        "12,20": 42.161673883688444,
        "12,21": 61.506319676290076,
        "12,22": 33.90074994920932,
        "12,23": 32.60928782820403,
        "12,24": 34.51226519128185,
        "12,25": 50.56849503318819,
        "12,26": 40.346142459830425,
        "12,27": 46.378988587601164,
        "12,28": 46.15627122516007,
        "12,29": 56.071690455911174,
        "12,30": 39.78167851607318,
        "12,31": 33.85083251274033,
        "12,32": 47.53126602065122,
        "12,33": 31.930446275470523,
        "12,34": 36.206272818142565,
        "12,35": 54.07200420880098,
        "12,36": 36.1318839510896,
        "12,37": 45.14126805560343,
        "12,38": 6.180438660393476,
        "12,39": 16.289756613067098,
        "12,40": 16.500366214996944,
        "13,0": 43.56886767674897,
        "13,1": 83.69803124828715,
        "13,2": 83.4811610462177,
        "13,3": 72.76778048286057,
        "13,4": 24.852365280880598,
        "13,5": 30.4782264961557,
        "13,6": 36.66791386185979,
        "13,7": 62.85460158999206,
        "13,8": 80.85320670891736,
        "13,9": 22.445978368437093,
        "13,10": 35.83992845678301,
        "13,11": 64.78541012302911,
        "13,12": 47.44037108820577,
        "13,13": 0.0,
        "13,14": 85.26465564452664,
        "13,15": 74.8325166356972,
        "13,16": 65.08991241703121,
        "13,17": 68.98980812914898,
        "13,18": 51.51446438919425,
        "13,19": 79.78146513288209,
        "13,20": 66.75541924172968,
        "13,21": 41.05445594740049,
        "13,22": 58.67955114380333,
        "13,23": 22.285854368459113,
        "13,24": 29.823026252685864,
        "13,25": 29.800423099702847,
        "13,26": 13.638571394992896,
        "13,27": 41.84971227852904,
        "13,28": 47.807537405459044,
        "13,29": 43.15109293285966,
        "13,30": 87.15595522895458,
        "13,31": 15.348247343155798,
        "13,32": 51.95289226074291,
        "13,33": 70.15526198181954,
        "13,34": 81.0749521304277,
        "13,35": 67.06708239140914,
        "13,36": 15.980527174228635,
        "13,37": 29.001489321855452,
        "13,38": 42.86921834172465,
        "13,39": 32.901492375715634,
        "13,40": 32.86440786814163,
        "14,0": 41.870194057787785,
        "14,1": 22.577643869651787,
        "14,2": 15.372275524604206,
        "14,3": 54.63411283819188,
        "14,4": 76.31041291045509,
        "14,5": 62.65638701041557,
        "14,6": 59.86514022775637,
        "14,7": 57.19559472025276,
        "14,8": 4.505755322250994,
        "14,9": 91.23096884447376,
        "14,10": 70.86038511640255,
        "14,11": 50.495495882207265,
        "14,12": 37.87266983626532,
        "14,13": 85.26465564452664,
        "14,14": 0.0,
        "14,15": 58.45278915273733,
        "14,16": 47.26680873808303,
        "14,17": 42.53769470026954,
        "14,18": 105.73667126343345,
        "14,19": 7.043303893886233,
        "14,20": 55.55230788573466,
        "14,21": 94.29259914773401,
        "14,22": 48.734767350977386,
        "14,23": 68.35558917539622,
        "14,24": 67.43406079829235,
        "14,25": 83.44980556994464,
        "14,26": 77.12631601230004,
        "14,27": 74.20401736927649,
        "14,28": 70.89269245527933,
        "14,29": 84.71679821820959,
        "14,30": 1.9510400005337376,
        "14,31": 71.18313986721645,
        "14,32": 70.08860411287375,
        "14,33": 31.63945515973459,
        "14,34": 20.87688476136803,
        "14,35": 67.98407499283327,
        "14,36": 72.92977350217456,
        "14,37": 77.97628664562532,
        "14,38": 42.56171914784287,
        "14,39": 53.59726552971691,
        "14,40": 53.130907478854475,
        "15,0": 49.01986800327122,
        "15,1": 37.842448369262016,
        "15,2": 44.18601257930502,
        "15,3": 96.52011818336837,
        "15,4": 51.896700844230715,
        "15,5": 44.79253642729407,
        "15,6": 76.57073570244074,
        "15,7": 11.978243172743312,
        "15,8": 57.12553446836546,
        "15,9": 65.01923326676427,
        "15,10": 40.58511165608975,
        "15,11": 88.56847944894649,
        "15,12": 52.31342487983432,
        "15,13": 74.8325166356972,
        "15,14": 58.45278915273733,
        "15,15": 0.0,
        "15,16": 86.0520099129802,
        "15,17": 16.712859821238727,
        "15,18": 62.80666691191456,
        "15,19": 51.986645748169245,
        "15,20": 93.85315007578997,
        "15,21": 106.63386549345925,
        "15,22": 18.988292748169247,
        "15,23": 52.7635436503651,
        "15,24": 45.058288907790136,
        "15,25": 52.909355075874835,
        "15,26": 61.33236269097741,
        "15,27": 37.47345082430185,
        "15,28": 30.728060581458283,
        "15,29": 44.81582958192963,
        "15,30": 59.03042277687183,
        "15,31": 60.74196947733928,
        "15,32": 26.880908220573648,
        "15,33": 27.426175233915334,
        "15,34": 73.79761565085406,
        "15,35": 13.689759922815925,
        "15,36": 58.97353767913252,
        "15,37": 49.619531221462,
        "15,38": 49.25614671937789,
        "15,39": 61.88415727018701,
        "15,40": 50.40089509990953,
        "16,0": 40.015729076163105,
        "16,1": 63.60697139474462,
        "16,2": 57.900131203129824,
        "16,3": 10.626087635621925,
        "16,4": 71.35022587078964,
        "16,5": 60.679106687339186,
        "16,6": 28.543861058375388,
        "16,7": 78.32445504413714,
        "16,8": 43.79177188403165,
        "16,9": 81.73280408018329,
        "16,10": 73.21460902911421,
        "16,11": 3.228872789967911,
        "16,12": 35.047172165256875,
        "16,13": 65.08991241703121,
        "16,14": 47.26680873808303,
        "16,15": 86.0520099129802,
        "16,16": 0.0,
        "16,17": 70.16952744837013,
        "16,18": 106.4889260240329,
        "16,19": 47.36885648136692,
        "16,20": 8.534135918859816,
        "16,21": 54.25468238195364,
        "16,22": 68.43803663028551,
        "16,23": 60.71193996804592,
        "16,24": 65.76300014137003,
        "16,25": 80.22335798381769,
        "16,26": 64.84115964023904,
        "16,27": 79.7020616125521,
        "16,28": 80.48377156198072,
        "16,29": 88.47902852166547,
        "16,30": 48.88124671358025,
        "16,31": 57.58466779219554,
        "16,32": 82.23998843827911,
        "16,33": 61.61759218302906,
        "16,34": 29.041818049299025,
        "16,35": 89.01773634883261,
        "16,36": 61.28440516955677,
        "16,37": 75.33134272016636,
        "16,38": 40.14992260268361,
        "16,39": 36.321024580106446,
        "16,40": 46.697427675489735,
        "17,0": 35.486748115358914,
        "17,1": 24.033456860640865,
        "17,2": 29.288898099073474,
        "17,3": 80.50839932943515,
        "17,4": 49.42456379338022,
        "17,5": 38.719352170644996,
        "17,6": 63.6894494356719,
        "17,7": 15.52922738818216,
        "17,8": 40.82930053594405,
        "17,9": 64.27501302847888,
        "17,10": 39.520722808335506,
        "17,11": 72.81825621238222,
        "17,12": 37.734541837358094,
        "17,13": 68.98980812914898,
        "17,14": 42.53769470026954,
        "17,15": 16.712859821238727,
        "17,16": 70.16952744837013,
        "17,17": 0.0,
        "17,18": 69.36842237813379,
        "17,19": 35.82323247708013,
        "17,20": 78.18652239673276,
        "17,21": 95.94516264443693,
        "17,22": 11.170691676131964,
        "17,23": 46.87229563119195,
        "17,24": 40.92987490602296,
        "17,25": 53.184404905247995,
        "17,26": 56.35734831050607,
        "17,27": 39.38287392391449,
        "17,28": 33.831520911980945,
        "17,29": 49.03299500865143,
        "17,30": 43.31179102453901,
        "17,31": 53.85259882414755,
        "17,32": 31.445882606142302,
        "17,33": 10.960516593627332,
        "17,34": 57.108764041859736,
        "17,35": 25.60956682377451,
        "17,36": 53.132272412356365,
        "17,37": 48.64103901598607,
        "17,38": 35.871220281333144,
        "17,39": 49.72866581450948,
        "17,40": 39.790524129775825,
        "18,0": 70.10429789620794,
        "18,1": 92.70081590372654,
        "18,2": 96.42939875938102,
        "18,3": 116.15823782357592,
        "18,4": 35.164889504177275,
        "18,5": 46.720272303553436,
        "18,6": 81.56948881841475,
        "18,7": 54.70031297285467,
        "18,8": 102.33963726000974,
        "18,9": 29.06849025034998,
        "18,10": 35.519237519037475,
        "18,11": 107.33701346227225,
        "18,12": 75.8197340462395,
        "18,13": 51.51446438919425,
        "18,14": 105.73667126343345,
        "18,15": 62.80666691191456,
        "18,16": 106.4889260240329,
        "18,17": 69.36842237813379,
        "18,18": 0.0,
        "18,19": 98.77696575629074,
        "18,20": 110.85409995101821,
        "18,21": 92.3629202180764,
        "18,22": 59.24138431170683,
        "18,23": 45.80800914859725,
        "18,24": 41.40705205685984,
        "18,25": 26.29383563522808,
        "18,26": 43.71557446174269,
        "18,27": 31.544800181577212,
        "18,28": 35.74342106624294,
        "18,29": 21.041787424955622,
        "18,30": 107.16715746239525,
        "18,31": 50.31503014701599,
        "18,32": 37.94584616402765,
        "18,33": 77.54456067026258,
        "18,34": 111.37154990298858,
        "18,35": 49.29327418885006,
        "18,36": 46.2993838783783,
        "18,37": 31.20701290298551,
        "18,38": 69.64463158646733,
        "18,39": 70.21313258201886,
        "18,40": 60.47680421831785,
        "19,0": 36.21651988951028,
        "19,1": 17.87274156011373,
        "19,2": 11.04578386503564,
        "19,3": 55.71599988051216,
        "19,4": 69.77301514492905,
        "19,5": 56.152089563923354,
        "19,6": 56.52710656158723,
        "19,7": 50.27717612689061,
        "19,8": 5.300983501277835,
        "19,9": 84.80649068283444,
        "19,10": 64.01698486585795,
        "19,11": 50.56902939934898,
        "19,12": 32.748205908173226,
        "19,13": 79.78146513288209,
        "19,14": 7.043303893886233,
        "19,15": 51.986645748169245,
        "19,16": 47.36885648136692,
        "19,17": 35.82323247708013,
        "19,18": 98.77696575629074,
        "19,19": 0.0,
        "19,20": 55.85622621577739,
        "19,21": 91.33082436809725,
        "19,22": 41.71535842933095,
        "19,23": 62.12912416390132,
        "19,24": 60.82788763018564,
        "19,25": 76.744099252198,
        "19,26": 71.08923798797383,
        "19,27": 67.23587943025156,
        "19,28": 63.86206920808836,
        "19,29": 77.74742176947791,
        "19,30": 8.392413413638787,
        "19,31": 65.37965994846323,
        "19,32": 63.04531879177671,
        "19,33": 24.873774649812162,
        "19,34": 24.08926801461816,
        "19,35": 61.14204476821978,
        "19,36": 66.92143624939413,
        "19,37": 71.29218673650709,
        "19,38": 36.915650991795886,
        "19,39": 48.865418013422456,
        "19,40": 47.26881228054323,
        "20,0": 46.74666360357817,
        "20,1": 72.13922378120387,
        "20,2": 66.42492113652035,
        "20,3": 6.1761498109496005,
        "20,4": 75.72242063014681,
        "20,5": 65.98552216951964,
        "20,6": 30.304143775453213,
        "20,7": 85.7214647199729,
        "20,8": 52.18378596153537,
        "20,9": 84.95556924628393,
        "20,10": 78.63324648746418,
        "20,11": 5.4664201702475435,
        "20,12": 42.161673883688444,
        "20,13": 66.75541924172968,
        "20,14": 55.55230788573466,
        "20,15": 93.85315007578997,
        "20,16": 8.534135918859816,
        "20,17": 78.18652239673276,
        "20,18": 110.85409995101821,
        "20,19": 55.85622621577739,
        "20,20": 0.0,
        "20,21": 50.3473731821913,
        "20,22": 75.92553026287038,
        "20,23": 65.10764014646129,
        "20,24": 70.88147958867808,
        "20,25": 84.57307138797098,
        "20,26": 68.18489086446851,
        "20,27": 85.35089649845322,
        "20,28": 86.63298654880069,
        "20,29": 93.66254044163229,
        "20,30": 57.12045434169306,
        "20,31": 61.05185649914832,
        "20,32": 88.64935948507778,
        "20,33": 69.88781708405459,
        "20,34": 36.63075475280959,
        "20,35": 96.22627324040556,
        "20,36": 64.92676067153232,
        "20,37": 79.93268664599974,
        "20,38": 46.79591612014829,
        "20,39": 40.84790775656642,
        "20,40": 52.193158839686895,
        "21,0": 61.43945962134654,
        "21,1": 102.20412599285349,
        "21,2": 99.13562750176716,
        "21,3": 56.04348696752995,
        "21,4": 63.843697281486925,
        "21,5": 63.40306450075884,
        "21,6": 34.92428318783758,
        "21,7": 95.19804593885507,
        "21,8": 89.9349358193799,
        "21,9": 63.368698116795265,
        "21,10": 73.18032690236453,
        "21,11": 51.990612931373164,
        "21,12": 61.506319676290076,
        "21,13": 41.05445594740049,
        "21,14": 94.29259914773401,
        "21,15": 106.63386549345925,
        "21,16": 54.25468238195364,
        "21,17": 95.94516264443693,
        "21,18": 92.3629202180764,
        "21,19": 91.33082436809725,
        "21,20": 50.3473731821913,
        "21,21": 0.0,
        "21,22": 88.06476340797099,
        "21,23": 56.840064259246034,
        "21,24": 65.4414697137953,
        "21,25": 70.33131639020242,
        "21,26": 52.129438004983925,
        "21,27": 80.07270356463182,
        "21,28": 84.93834550581683,
        "21,29": 83.39313022473686,
        "21,30": 96.2056962753815,
        "21,31": 48.66135138797209,
        "21,32": 88.68311025148331,
        "21,33": 92.70524655706016,
        "21,34": 81.08129343603349,
        "21,35": 102.23047452222043,
        "21,36": 51.97084133636359,
        "21,37": 68.47417327980176,
        "21,38": 60.90661735422949,
        "21,39": 46.51737892273214,
        "21,40": 56.454489876585285,
        "22,0": 30.202564180562455,
        "22,1": 33.45966475258799,
        "22,2": 37.49675376129851,
        "22,3": 79.0264743047944,
        "22,4": 38.32510396806694,
        "22,5": 28.213756431299775,
        "22,6": 57.58289758128555,
        "22,7": 9.98466552629461,
        "22,8": 46.17451913296618,
        "22,9": 53.11105844374433,
        "22,10": 28.35728979447442,
        "22,11": 70.76713790342471,
        "22,12": 33.90074994920932,
        "22,13": 58.67955114380333,
        "22,14": 48.734767350977386,
        "22,15": 18.988292748169247,
        "22,16": 68.43803663028551,
        "22,17": 11.170691676131964,
        "22,18": 59.24138431170683,
        "22,19": 41.71535842933095,
        "22,20": 75.92553026287038,
        "22,21": 88.06476340797099,
        "22,22": 0.0,
        "22,23": 36.414071932365424,
        "22,24": 29.98565283489905,
        "22,25": 42.037094889187735,
        "22,26": 45.726633020804194,
        "22,27": 28.56143836950384,
        "22,28": 23.498053272142954,
        "22,29": 38.53552824073031,
        "22,30": 49.8490154734562,
        "22,31": 43.803214294164086,
        "22,32": 21.787659681086076,
        "22,33": 18.387853229317294,
        "22,34": 60.099158032799615,
        "22,35": 21.112534271668714,
        "22,36": 42.7177354403595,
        "22,37": 37.47046310704231,
        "22,38": 30.397773137689057,
        "22,39": 42.91216264647763,
        "22,40": 31.641392555500488,
        "23,0": 27.31879213126516,
        "23,1": 63.24763362522874,
        "23,2": 64.00388897437296,
        "23,3": 70.35552762939072,
        "23,4": 10.64421434664519,
