{
    "num_robots": 3,
    "num_tasks": 30,
    "num_nodes": 31,
    "robot_capacity": [
        156,
        141,
        123
    ],
    "robot_speed": [
        0.95,
        1.06,
        0.82
    ],
    "task_demand": {
        "0": 0,
        "1": 15,
        "2": 15,
        "3": 10,
        "4": 15,
        "5": 13,
        "6": 8,
        "7": 6,
        "8": 11,
        "9": 6,
        "10": 7,
        "11": 8,
        "12": 15,
        "13": 7,
        "14": 9,
        "15": 8,
        "16": 11,
        "17": 15,
        "18": 5,
        "19": 13,
        "20": 14,
        "21": 14,
        "22": 7,
        "23": 5,
        "24": 10,
        "25": 14,
        "26": 15,
        "27": 13,
        "28": 11,
        "29": 9,
        "30": 8
    },
    "task_service_time": {
        "0": 0,
        "1": 83,
        "2": 91,
        "3": 56,
        "4": 33,
        "5": 11,
        "6": 20,
        "7": 16,
        "8": 79,
        "9": 98,
        "10": 35,
        "11": 78,
        "12": 19,
        "13": 36,
        "14": 43,
        "15": 37,
        "16": 10,
        "17": 97,
        "18": 82,
        "19": 19,
        "20": 36,
        "21": 91,
        "22": 60,
        "23": 24,
        "24": 31,
        "25": 98,
        "26": 47,
        "27": 61,
        "28": 13,
        "29": 89,
        "30": 13
    },
    "task_precedence": [],
    "coordinates": {
        "0": [
            100,
            0
        ],
        "1": [
            31.309041063118492,
            52.873721445728265
        ],
        "2": [
            98.1622697512965,
            99.64982157730375
        ],
        "3": [
            0.09123988825688878,
            25.819996366794328
        ],
        "4": [
            83.84787657613248,
            88.31579493954975
        ],
        "5": [
            96.64607356915562,
            24.225360607605808
        ],
        "6": [
            1.600924911149093,
            45.68707352516651
        ],
        "7": [
            76.02489972356067,
            36.86308943528335
        ],
        "8": [
            44.84944460371811,
            35.0718807127013
        ],
        "9": [
            58.789425110833925,
            0.7889411633064225
        ],
        "10": [
            85.28685119644122,
            3.953723814566157
        ],
        "11": [
            52.95381191533599,
            10.657949251861309
        ],
        "12": [
            67.66173609512607,
            12.61407110254832
        ],
        "13": [
            37.26900028323523,
            80.98999376845799
        ],
        "14": [
            25.12676045613955,
            68.75153231806263
        ],
        "15": [
            40.726544158854416,
            43.34937740926759
        ],
        "16": [
            25.099869858469248,
            6.591263825634497
        ],
        "17": [
            99.46926378518883,
            22.749667044894096
        ],
        "18": [
            84.92443760514251,
            66.30175957254795
        ],
        "19": [
            94.50534971301559,
            65.26613117527926
        ],
        "20": [
            64.473052654778,
            59.45332088665766
        ],
        "21": [
            83.15768750940885,
            36.22306062308689
        ],
        "22": [
            0.23325361430622804,
            17.059295614072955
        ],
        "23": [
            34.751945017256105,
            7.669816052230094
        ],
        "24": [
            65.82774931416905,
            97.48958994099034
        ],
        "25": [
            92.90610863860398,
            72.00286845369997
        ],
        "26": [
            49.72156734420503,
            74.54100494090103
        ],
        "27": [
            65.05084262481986,
            90.14905389137333
        ],
        "28": [
            31.81848147562667,
            34.08274280748016
        ],
        "29": [
            72.94780351647242,
            16.26235944520643
        ],
        "30": [
            79.96003531241793,
            64.77906563916781
        ]
    },
    "distance_matrix_str_keys": {
        "0,0": 0.0,
        "0,1": 86.68378313842103,
        "0,2": 99.66676573891355,
        "0,3": 103.19124264901117,
        "0,4": 89.78068125662921,
        "0,5": 24.456428992640273,
        "0,6": 108.48818675614083,
        "0,7": 43.973773956518905,
        "0,8": 65.3576359520776,
        "0,9": 41.2181259988215,
        "0,10": 15.235113380527588,
        "0,11": 48.238321856723346,
        "0,12": 34.71135408135811,
        "0,13": 102.44294712706974,
        "0,14": 101.6502592021974,
        "0,15": 73.43371902010243,
        "0,16": 75.18958873432786,
        "0,17": 22.75585708302925,
        "0,18": 67.99408727188853,
        "0,19": 65.49701565999031,
        "0,20": 69.25937735875236,
        "0,21": 39.94713520309749,
        "0,22": 101.21473831036501,
        "0,23": 65.6972964231118,
        "0,24": 103.30519282106646,
        "0,25": 72.35147794073119,
        "0,26": 89.91263653081664,
        "0,27": 96.68658396460617,
        "0,28": 76.22567038452534,
        "0,29": 31.56399324085083,
        "0,30": 67.80801965669804,
        "1,0": 86.68378313842103,
        "1,1": 0.0,
        "1,2": 81.59263281420084,
        "1,3": 41.309262288737735,
        "1,4": 63.3756247354216,
        "1,5": 71.34182781094287,
        "1,6": 30.565013882428055,
        "1,7": 47.495771949874914,
        "1,8": 22.366225911546646,
        "1,9": 58.88969217510049,
        "1,10": 72.84758166900218,
        "1,11": 47.44120073490419,
        "1,12": 54.24350543470857,
        "1,13": 28.74101395621512,
        "1,14": 17.03893986141882,
        "1,15": 13.394121616704087,
        "1,16": 46.69710580329814,
        "1,17": 74.52029666518142,
        "1,18": 55.27135744934988,
        "1,19": 64.39988544926247,
        "1,20": 33.81039475745299,
        "1,21": 54.45664921883334,
        "1,22": 47.41706088756343,
        "1,23": 45.3348282279943,
        "1,24": 56.41025563590069,
        "1,25": 64.49901548978495,
        "1,26": 28.433998982061752,
        "1,27": 50.27881841852086,
        "1,28": 18.797883064776023,
        "1,29": 55.44527361443977,
        "1,30": 50.086489813218414,
        "2,0": 99.66676573891355,
        "2,1": 81.59263281420084,
        "2,2": 0.0,
        "2,3": 122.75491839030964,
        "2,4": 18.2582039587277,
        "2,5": 75.43969885565707,
        "2,6": 110.61677763647025,
        "2,7": 66.57504701326702,
        "2,8": 83.74107577245685,
        "2,9": 106.41284965319124,
        "2,10": 96.55837369165941,
        "2,11": 99.81662186176042,
        "2,12": 92.22529161794543,
        "2,13": 63.688142070292,
        "2,14": 79.30252137952925,
        "2,15": 80.4276232885721,
        "2,16": 118.3131837494037,
        "2,17": 76.91126055730146,
        "2,18": 35.87942919560992,
        "2,19": 34.577611684855455,
        "2,20": 52.4473261124861,
        "2,21": 65.17738483091308,
        "2,22": 128.1065462044856,
        "2,23": 111.71924945715057,
        "2,24": 32.406601374126566,
        "2,25": 28.14216137153161,
        "2,26": 54.56147287759828,
        "2,27": 34.447513596397535,
        "2,28": 93.27668551773888,
        "2,29": 87.11623355230097,
        "2,30": 39.33561945952981,
        "3,0": 103.19124264901117,
        "3,1": 41.309262288737735,
        "3,2": 122.75491839030964,
        "3,3": 0.0,
        "3,4": 104.50310535343533,
        "3,5": 96.56800075775877,
        "3,6": 19.924354536221713,
        "3,7": 76.73246119148621,
        "3,8": 45.70442268863238,
        "3,9": 63.81246487187296,
        "3,10": 87.95695573121861,
        "3,11": 54.99399234492414,
        "3,12": 68.84888103467894,
        "3,13": 66.52754678541811,
        "3,14": 49.69802882650295,
        "3,15": 44.255024041302505,
        "3,16": 31.546405946263715,
        "3,17": 99.42544219566787,
        "3,18": 93.9970456297373,
        "3,19": 102.32312390330331,
        "3,20": 72.63758210018985,
        "3,21": 83.71534188139073,
        "3,22": 8.761851720790489,
        "3,23": 39.125356554166096,
        "3,24": 97.25132037455057,
        "3,25": 103.66994518827357,
        "3,26": 69.54786898146354,
        "3,27": 91.42197563875258,
        "3,28": 32.78552786652051,
        "3,29": 73.4807953633949,
        "3,30": 88.86412977729587,
        "4,0": 89.78068125662921,
        "4,1": 63.3756247354216,
        "4,2": 18.2582039587277,
        "4,3": 104.50310535343533,
        "4,4": 0.0,
        "4,5": 65.35577724371002,
        "4,6": 92.6378375589975,
        "4,7": 52.04401858566112,
        "4,8": 65.99842496986595,
        "4,9": 91.04326510954341,
        "4,10": 84.37434261939279,
        "4,11": 83.57741458144241,
        "4,12": 77.41280343434478,
        "4,13": 47.15144832884133,
        "4,14": 61.89450581675413,
        "4,15": 62.30110765427098,
        "4,16": 100.64903019447284,
        "4,17": 67.40137139134197,
        "4,18": 22.040343390899995,
        "4,19": 25.394265756451972,
        "4,20": 34.76242526690793,
        "4,21": 52.09730635564004,
        "4,22": 109.8585175085211,
        "4,23": 94.41495859411198,
        "4,24": 20.22086796519412,
        "4,25": 18.659130168106064,
        "4,26": 36.801492106978614,
        "4,27": 18.886220472906707,
        "4,28": 75.15505237896062,
        "4,29": 72.8732403509232,
        "4,30": 23.85566884099666,
        "5,0": 24.456428992640273,
        "5,1": 71.34182781094287,
        "5,2": 75.43969885565707,
        "5,3": 96.56800075775877,
        "5,4": 65.35577724371002,
        "5,5": 0.0,
        "5,6": 97.438110638386,
        "5,7": 24.185636247412663,
        "5,8": 52.9201074316128,
        "5,9": 44.52405629394165,
        "5,10": 23.237280201901733,
        "5,11": 45.750282833244015,
        "5,12": 31.22361066210459,
        "5,13": 82.14536146300459,
        "5,14": 84.2472083534328,
        "5,15": 59.099253701715924,
        "5,16": 73.68731664762235,
        "5,17": 3.185604257740505,
        "5,18": 43.67860001797024,
        "5,19": 41.096563693533525,
        "5,20": 47.70862039694121,
        "5,21": 18.052184470535575,
        "5,22": 96.67876881269095,
        "5,23": 64.07003359390482,
        "5,24": 79.48217667943082,
        "5,25": 47.923664234544354,
        "5,26": 68.80096910022482,
        "5,27": 73.10398042923632,
        "5,28": 65.57274342651355,
        "5,29": 25.00034781762596,
        "5,30": 43.85233020595657,
        "6,0": 108.48818675614083,
        "6,1": 30.565013882428055,
        "6,2": 110.61677763647025,
        "6,3": 19.924354536221713,
        "6,4": 92.6378375589975,
        "6,5": 97.438110638386,
        "6,6": 0.0,
        "6,7": 74.94525149799007,
        "6,8": 44.532199294940995,
        "6,9": 72.70740570720743,
        "6,10": 93.51474074334278,
        "6,11": 62.16235638245583,
        "6,12": 73.87729193420375,
        "6,13": 50.1847365087535,
        "6,14": 32.945928390305525,
        "6,15": 39.195393921310426,
        "6,16": 45.614501528562215,
        "6,17": 100.52032814314286,
        "6,18": 85.83573293505559,
        "6,19": 94.94509806320758,
        "6,20": 64.36158802755689,
        "6,21": 82.10403805976678,
        "6,22": 28.660429042551055,
        "6,23": 50.44107453097179,
        "6,24": 82.51415442157823,
        "6,25": 95.02187978684131,
        "6,26": 56.108337939328905,
        "6,27": 77.47747902427228,
        "6,28": 32.36913987323174,
        "6,29": 77.17636221933594,
        "6,30": 80.65143734465819,
        "7,0": 43.973773956518905,
        "7,1": 47.495771949874914,
        "7,2": 66.57504701326702,
        "7,3": 76.73246119148621,
        "7,4": 52.04401858566112,
        "7,5": 24.185636247412663,
        "7,6": 74.94525149799007,
        "7,7": 0.0,
        "7,8": 31.226870330168715,
        "7,9": 39.98006701688385,
        "7,10": 34.18786466926586,
        "7,11": 34.913958020935034,
        "7,12": 25.650680224455858,
        "7,13": 58.72991935511034,
        "7,14": 60.06241229233198,
        "7,15": 35.889355486743995,
        "7,16": 59.24307632543608,
        "7,17": 27.364701676132025,
        "7,18": 30.754464293113365,
        "7,19": 33.88598252812945,
        "7,20": 25.37249943791907,
        "7,21": 7.161445278600305,
        "7,22": 78.33622322823251,
        "7,23": 50.553971169497196,
        "7,24": 61.47808097232904,
        "7,25": 38.984346652169144,
        "7,26": 45.95095876156801,
        "7,27": 54.404263961771484,
        "7,28": 44.29376639756444,
        "7,29": 20.82927260351958,
        "7,30": 28.191967287128694,
        "8,0": 65.3576359520776,
        "8,1": 22.366225911546646,
        "8,2": 83.74107577245685,
        "8,3": 45.70442268863238,
        "8,4": 65.99842496986595,
        "8,5": 52.9201074316128,
        "8,6": 44.532199294940995,
        "8,7": 31.226870330168715,
        "8,8": 0.0,
        "8,9": 37.008688178402544,
        "8,10": 51.02473459688117,
        "8,11": 25.723934747550054,
        "8,12": 32.01177682626886,
        "8,13": 46.539620139158785,
        "8,14": 39.02951706393079,
        "8,15": 9.247446114464418,
        "8,16": 34.65820596750568,
        "8,17": 55.99251375935582,
        "8,18": 50.80659797373676,
        "8,19": 58.11541682910349,
        "8,20": 31.29761361346637,
        "8,21": 38.32553573934068,
        "8,22": 48.115046714505084,
        "8,23": 29.203298538953533,
        "8,24": 65.84876379881226,
        "8,25": 60.60809198191019,
        "8,26": 39.768698084541725,
        "8,27": 58.6650789427612,
        "8,28": 13.068450322866289,
        "8,29": 33.81295408423081,
        "8,30": 45.99206905727462,
        "9,0": 41.2181259988215,
        "9,1": 58.88969217510049,
        "9,2": 106.41284965319124,
        "9,3": 63.81246487187296,
        "9,4": 91.04326510954341,
        "9,5": 44.52405629394165,
        "9,6": 72.70740570720743,
        "9,7": 39.98006701688385,
        "9,8": 37.008688178402544,
        "9,9": 0.0,
        "9,10": 26.685753472441743,
        "9,11": 11.465238855751387,
        "9,12": 14.78349080163228,
        "9,13": 83.03816907744664,
        "9,14": 75.84252625092968,
        "9,15": 46.234818067468474,
        "9,16": 34.18556832027074,
        "9,17": 46.22902503641814,
        "9,18": 70.53345485654253,
        "9,19": 73.70844796920348,
        "9,20": 58.93906234734162,
        "9,21": 43.00452341575003,
        "9,22": 60.77458065905795,
        "9,23": 25.002937597133865,
        "9,24": 96.95645146980286,
        "9,25": 78.96436876880279,
        "9,26": 74.30742194377487,
        "9,27": 89.57921129401215,
        "9,28": 42.847509011552965,
        "9,29": 20.973467820174324,
        "9,30": 67.40126680370071,
        "10,0": 15.235113380527588,
        "10,1": 72.84758166900218,
        "10,2": 96.55837369165941,
        "10,3": 87.95695573121861,
        "10,4": 84.37434261939279,
        "10,5": 23.237280201901733,
        "10,6": 93.51474074334278,
        "10,7": 34.18786466926586,
        "10,8": 51.02473459688117,
        "10,9": 26.685753472441743,
        "10,10": 0.0,
        "10,11": 33.02078236304478,
        "10,12": 19.637879149314145,
        "10,13": 90.77610310391043,
        "10,14": 88.41941248807939,
        "10,15": 59.47805045088246,
        "10,16": 60.24474533008977,
        "10,17": 23.546301381643303,
        "10,18": 62.34908905902102,
        "10,19": 62.00154845861601,
        "10,20": 59.27410467394214,
        "10,21": 32.33950271831539,
        "10,22": 86.05736734211538,
        "10,23": 50.67135368290321,
        "10,24": 95.53855189443156,
        "10,25": 68.47436870893887,
        "10,26": 79.04083547318034,
        "10,27": 88.53886700178894,
        "10,28": 61.37283068326807,
        "10,29": 17.428557276390112,
        "10,30": 61.058145857386776,
        "11,0": 48.238321856723346,
        "11,1": 47.44120073490419,
        "11,2": 99.81662186176042,
        "11,3": 54.99399234492414,
        "11,4": 83.57741458144241,
        "11,5": 45.750282833244015,
        "11,6": 62.16235638245583,
        "11,7": 34.913958020935034,
        "11,8": 25.723934747550054,
        "11,9": 11.465238855751387,
        "11,10": 33.02078236304478,
        "11,11": 0.0,
        "11,12": 14.837433955141604,
        "11,13": 72.05976548545672,
        "11,14": 64.41435543714148,
        "11,15": 34.90323125098234,
        "11,16": 28.149245433282495,
        "11,17": 48.06138680732113,
        "11,18": 64.17440715738846,
        "11,19": 68.61912143370175,
        "11,20": 50.13662533708375,
        "11,21": 39.570810205571945,
        "11,22": 53.10776311257403,
        "11,23": 18.445511611070984,
        "11,24": 87.78081845662571,
        "11,25": 73.20782147656195,
        "11,26": 63.96477318912775,
        "11,27": 80.40630490699125,
        "11,28": 31.550327191949464,
        "11,29": 20.764612054203777,
        "11,30": 60.48496789435762,
        "12,0": 34.71135408135811,
        "12,1": 54.24350543470857,
        "12,2": 92.22529161794543,
        "12,3": 68.84888103467894,
        "12,4": 77.41280343434478,
        "12,5": 31.22361066210459,
        "12,6": 73.87729193420375,
        "12,7": 25.650680224455858,
        "12,8": 32.01177682626886,
        "12,9": 14.78349080163228,
        "12,10": 19.637879149314145,
        "12,11": 14.837433955141604,
        "12,12": 0.0,
        "12,13": 74.82636694739263,
        "12,14": 70.4318017967207,
        "12,15": 40.867635341571344,
        "12,16": 42.98588913866868,
        "12,17": 33.383365960618846,
        "12,18": 56.394758237584945,
        "12,19": 59.10007632794572,
        "12,20": 46.94766258740617,
        "12,21": 28.240200006634375,
        "12,22": 67.57484939401706,
        "12,23": 33.27912268662813,
        "12,24": 84.89533088225437,
        "12,25": 64.53144656622892,
        "12,26": 64.47320985829106,
        "12,27": 77.57892961865791,
        "12,28": 41.78088996769224,
        "12,29": 6.422812204493782,
        "12,30": 53.59510069627244,
        "13,0": 102.44294712706974,
        "13,1": 28.74101395621512,
        "13,2": 63.688142070292,
        "13,3": 66.52754678541811,
        "13,4": 47.15144832884133,
        "13,5": 82.14536146300459,
        "13,6": 50.1847365087535,
        "13,7": 58.72991935511034,
        "13,8": 46.539620139158785,
        "13,9": 83.03816907744664,
        "13,10": 90.77610310391043,
        "13,11": 72.05976548545672,
        "13,12": 74.82636694739263,
        "13,13": 0.0,
        "13,14": 17.23989346520221,
        "13,15": 37.799082125781624,
        "13,16": 75.38739120303968,
        "13,17": 85.21037751694293,
        "13,18": 49.8676742001884,
        "13,19": 59.35688292773707,
        "13,20": 34.69709994007159,
        "13,21": 64.10811117622883,
        "13,22": 73.88356175653809,
        "13,23": 73.36336979413662,
        "13,24": 32.98240167223285,
        "13,25": 56.35828464006164,
        "13,26": 14.023404839977504,
        "13,27": 29.252677590741037,
        "13,28": 47.22285832082013,
        "13,29": 73.90969926363272,
        "13,30": 45.66528947325218,
        "14,0": 101.6502592021974,
        "14,1": 17.03893986141882,
        "14,2": 79.30252137952925,
        "14,3": 49.69802882650295,
        "14,4": 61.89450581675413,
        "14,5": 84.2472083534328,
        "14,6": 32.945928390305525,
        "14,7": 60.06241229233198,
        "14,8": 39.02951706393079,
        "14,9": 75.84252625092968,
        "14,10": 88.41941248807939,
        "14,11": 64.41435543714148,
        "14,12": 70.4318017967207,
        "14,13": 17.23989346520221,
        "14,14": 0.0,
        "14,15": 29.80977567144557,
        "14,16": 62.16027430887831,
        "14,17": 87.42413516781536,
        "14,18": 59.84783687754352,
        "14,19": 69.46608286351284,
        "14,20": 40.43003148160717,
        "14,21": 66.52585937417645,
        "14,22": 57.37398381100706,
        "14,23": 61.83542867818761,
        "14,24": 49.824155285967024,
        "14,25": 67.85728573046998,
        "14,26": 25.267024342249496,
        "14,27": 45.29664740896211,
        "14,28": 35.30869717692397,
        "14,29": 71.0067984650399,
        "14,30": 54.97698175581395,
        "15,0": 73.43371902010243,
        "15,1": 13.394121616704087,
        "15,2": 80.4276232885721,
        "15,3": 44.255024041302505,
        "15,4": 62.30110765427098,
        "15,5": 59.099253701715924,
        "15,6": 39.195393921310426,
        "15,7": 35.889355486743995,
        "15,8": 9.247446114464418,
        "15,9": 46.234818067468474,
        "15,10": 59.47805045088246,
        "15,11": 34.90323125098234,
        "15,12": 40.867635341571344,
        "15,13": 37.799082125781624,
        "15,14": 29.80977567144557,
        "15,15": 0.0,
        "15,16": 39.94185603996877,
        "15,17": 62.2499411742229,
        "15,18": 49.80226533059221,
        "15,19": 58.073264265686525,
        "15,20": 28.692048746472345,
        "15,21": 43.025414779782196,
        "15,22": 48.27913607266829,
        "15,23": 36.1763311231721,
        "15,24": 59.67606817836865,
        "15,25": 59.529232300859626,
        "15,26": 32.46271815755958,
        "15,27": 52.7435419240226,
        "15,28": 12.853952606547093,
        "15,29": 42.09413375728568,
        "15,30": 44.70456761593238,
        "16,0": 75.18958873432786,
        "16,1": 46.69710580329814,
        "16,2": 118.3131837494037,
        "16,3": 31.546405946263715,
        "16,4": 100.64903019447284,
        "16,5": 73.68731664762235,
        "16,6": 45.614501528562215,
        "16,7": 59.24307632543608,
        "16,8": 34.65820596750568,
        "16,9": 34.18556832027074,
        "16,10": 60.24474533008977,
        "16,11": 28.149245433282495,
        "16,12": 42.98588913866868,
        "16,13": 75.38739120303968,
        "16,14": 62.16027430887831,
        "16,15": 39.94185603996877,
        "16,16": 0.0,
        "16,17": 76.10453828533339,
        "16,18": 84.52409247320239,
        "16,19": 90.88377573768734,
        "16,20": 65.91391810713738,
        "16,21": 65.18246368338085,
        "16,22": 26.980146273847925,
        "16,23": 9.712148566427754,
        "16,24": 99.60555132888726,
        "16,25": 94.21445768844082,
        "16,26": 72.27306071221027,
        "16,27": 92.61740930110155,
        "16,28": 28.300550501208708,
        "16,29": 48.815518493851684,
        "16,30": 79.97160767125827,
        "17,0": 22.75585708302925,
        "17,1": 74.52029666518142,
        "17,2": 76.91126055730146,
        "17,3": 99.42544219566787,
        "17,4": 67.40137139134197,
        "17,5": 3.185604257740505,
        "17,6": 100.52032814314286,
        "17,7": 27.364701676132025,
        "17,8": 55.99251375935582,
        "17,9": 46.22902503641814,
        "17,10": 23.546301381643303,
        "17,11": 48.06138680732113,
        "17,12": 33.383365960618846,
        "17,13": 85.21037751694293,
        "17,14": 87.42413516781536,
        "17,15": 62.2499411742229,
        "17,16": 76.10453828533339,
        "17,17": 0.0,
        "17,18": 45.91662805722,
        "17,19": 42.805258614640415,
        "17,20": 50.71383439279953,
        "17,21": 21.15655584242093,
        "17,22": 99.39902434961937,
        "17,23": 66.4509838487826,
        "17,24": 81.96223258561375,
        "17,25": 49.68855858741065,
        "17,26": 71.81348050500432,
        "17,27": 75.67896050061663,
        "17,28": 68.5934906046943,
        "17,29": 27.303351711430384,
        "17,30": 46.33659829766436,
        "18,0": 67.99408727188853,
        "18,1": 55.27135744934988,
        "18,2": 35.87942919560992,
        "18,3": 93.9970456297373,
        "18,4": 22.040343390899995,
        "18,5": 43.67860001797024,
        "18,6": 85.83573293505559,
        "18,7": 30.754464293113365,
        "18,8": 50.80659797373676,
        "18,9": 70.53345485654253,
        "18,10": 62.34908905902102,
        "18,11": 64.17440715738846,
        "18,12": 56.394758237584945,
        "18,13": 49.8676742001884,
        "18,14": 59.84783687754352,
        "18,15": 49.80226533059221,
        "18,16": 84.52409247320239,
        "18,17": 45.91662805722,
        "18,18": 0.0,
        "18,19": 9.63672158962882,
        "18,20": 21.567574245204185,
        "18,21": 30.130541588114294,
        "18,22": 97.96640701011442,
        "18,23": 77.168541605056,
        "18,24": 36.56999134226505,
        "18,25": 9.808655104607784,
        "18,26": 36.15421467613872,
        "18,27": 31.042764435059368,
        "18,28": 62.11527684666455,
        "18,29": 51.452709639027574,
        "18,30": 5.192676279026241,
        "19,0": 65.49701565999031,
        "19,1": 64.39988544926247,
        "19,2": 34.577611684855455,
        "19,3": 102.32312390330331,
        "19,4": 25.394265756451972,
        "19,5": 41.096563693533525,
        "19,6": 94.94509806320758,
        "19,7": 33.88598252812945,
        "19,8": 58.11541682910349,
        "19,9": 73.70844796920348,
        "19,10": 62.00154845861601,
        "19,11": 68.61912143370175,
        "19,12": 59.10007632794572,
        "19,13": 59.35688292773707,
        "19,14": 69.46608286351284,
        "19,15": 58.073264265686525,
        "19,16": 90.88377573768734,
        "19,17": 42.805258614640415,
        "19,18": 9.63672158962882,
        "19,19": 0.0,
        "19,20": 30.589665412451495,
        "19,21": 31.18123449427217,
        "19,22": 105.88260998704877,
        "19,23": 82.99280022079502,
        "19,24": 43.1364817696275,
        "19,25": 6.923958490094275,
        "19,26": 45.73412781091607,
        "19,27": 38.558109791633754,
        "19,28": 70.0146210409565,
        "19,29": 53.53594532451237,
        "19,30": 14.553467073130761,
        "20,0": 69.25937735875236,
        "20,1": 33.81039475745299,
        "20,2": 52.4473261124861,
        "20,3": 72.63758210018985,
        "20,4": 34.76242526690793,
        "20,5": 47.70862039694121,
        "20,6": 64.36158802755689,
        "20,7": 25.37249943791907,
        "20,8": 31.29761361346637,
        "20,9": 58.93906234734162,
        "20,10": 59.27410467394214,
        "20,11": 50.13662533708375,
        "20,12": 46.94766258740617,
        "20,13": 34.69709994007159,
        "20,14": 40.43003148160717,
        "20,15": 28.692048746472345,
        "20,16": 65.91391810713738,
        "20,17": 50.71383439279953,
        "20,18": 21.567574245204185,
        "20,19": 30.589665412451495,
        "20,20": 0.0,
        "20,21": 29.812087675372904,
        "20,22": 76.96755913742328,
        "20,23": 59.706579303610624,
        "20,24": 38.0603857916936,
        "20,25": 31.079411460271253,
        "20,26": 21.100818206617486,
        "20,27": 30.70117043283972,
        "20,28": 41.351992103959184,
        "20,29": 44.0145493263843,
        "20,30": 16.377123954068654,
        "21,0": 39.94713520309749,
        "21,1": 54.45664921883334,
        "21,2": 65.17738483091308,
        "21,3": 83.71534188139073,
        "21,4": 52.09730635564004,
        "21,5": 18.052184470535575,
        "21,6": 82.10403805976678,
        "21,7": 7.161445278600305,
        "21,8": 38.32553573934068,
        "21,9": 43.00452341575003,
        "21,10": 32.33950271831539,
        "21,11": 39.570810205571945,
        "21,12": 28.240200006634375,
        "21,13": 64.10811117622883,
        "21,14": 66.52585937417645,
        "21,15": 43.025414779782196,
        "21,16": 65.18246368338085,
        "21,17": 21.15655584242093,
        "21,18": 30.130541588114294,
        "21,19": 31.18123449427217,
        "21,20": 29.812087675372904,
        "21,21": 0.0,
        "21,22": 85.10999721621398,
        "21,23": 56.199676882876865,
        "21,24": 63.6703570942739,
        "21,25": 37.084044586691725,
        "21,26": 50.85507829553559,
        "21,27": 56.88471307518252,
        "21,28": 51.3838013047978,
        "21,29": 22.42033279551973,
        "21,30": 28.734481064591364,
        "22,0": 101.21473831036501,
        "22,1": 47.41706088756343,
        "22,2": 128.1065462044856,
        "22,3": 8.761851720790489,
        "22,4": 109.8585175085211,
        "22,5": 96.67876881269095,
        "22,6": 28.660429042551055,
        "22,7": 78.33622322823251,
        "22,8": 48.115046714505084,
        "22,9": 60.77458065905795,
        "22,10": 86.05736734211538,
        "22,11": 53.10776311257403,
        "22,12": 67.57484939401706,
        "22,13": 73.88356175653809,
        "22,14": 57.37398381100706,
        "22,15": 48.27913607266829,
        "22,16": 26.980146273847925,
        "22,17": 99.39902434961937,
        "22,18": 97.96640701011442,
        "22,19": 105.88260998704877,
        "22,20": 76.96755913742328,
        "22,21": 85.10999721621398,
        "22,22": 0.0,
        "22,23": 35.77292806878339,
        "22,24": 103.78665671286403,
        "22,25": 107.7360397208748,
        "22,26": 75.85011603789967,
        "22,27": 97.69049396010881,
        "22,28": 35.88069638953871,
        "22,29": 72.71891689740617,
        "22,30": 92.91682394048078,
        "23,0": 65.6972964231118,
        "23,1": 45.3348282279943,
        "23,2": 111.71924945715057,
        "23,3": 39.125356554166096,
        "23,4": 94.41495859411198,
        "23,5": 64.07003359390482,
        "23,6": 50.44107453097179,
        "23,7": 50.553971169497196,
        "23,8": 29.203298538953533,
        "23,9": 25.002937597133865,
        "23,10": 50.67135368290321,
        "23,11": 18.445511611070984,
        "23,12": 33.27912268662813,
        "23,13": 73.36336979413662,
        "23,14": 61.83542867818761,
        "23,15": 36.1763311231721,
        "23,16": 9.712148566427754,
        "23,17": 66.4509838487826,
        "23,18": 77.168541605056,
        "23,19": 82.99280022079502,
        "23,20": 59.706579303610624,
        "23,21": 56.199676882876865,
        "23,22": 35.77292806878339,
        "23,23": 0.0,
        "23,24": 95.04366046258977,
        "23,25": 86.72167190379099,
        "23,26": 68.52623947070053,
        "23,27": 87.86835534343174,
        "23,28": 26.575325174459746,
        "23,29": 39.150420284491666,
        "23,30": 72.83706348088623,
        "24,0": 103.30519282106646,
        "24,1": 56.41025563590069,
        "24,2": 32.406601374126566,
        "24,3": 97.25132037455057,
        "24,4": 20.22086796519412,
        "24,5": 79.48217667943082,
        "24,6": 82.51415442157823,
        "24,7": 61.47808097232904,
        "24,8": 65.84876379881226,
        "24,9": 96.95645146980286,
        "24,10": 95.53855189443156,
        "24,11": 87.78081845662571,
        "24,12": 84.89533088225437,
        "24,13": 32.98240167223285,
        "24,14": 49.824155285967024,
        "24,15": 59.67606817836865,
        "24,16": 99.60555132888726,
        "24,17": 81.96223258561375,
        "24,18": 36.56999134226505,
        "24,19": 43.1364817696275,
        "24,20": 38.0603857916936,
        "24,21": 63.6703570942739,
        "24,22": 103.78665671286403,
        "24,23": 95.04366046258977,
        "24,24": 0.0,
        "24,25": 37.1861602733318,
        "24,26": 28.03652352121993,
        "24,27": 7.381534630392415,
        "24,28": 71.9517794243203,
        "24,29": 81.53869109728795,
        "24,30": 35.632848716267745,
        "25,0": 72.35147794073119,
        "25,1": 64.49901548978495,
        "25,2": 28.14216137153161,
        "25,3": 103.66994518827357,
        "25,4": 18.659130168106064,
        "25,5": 47.923664234544354,
        "25,6": 95.02187978684131,
        "25,7": 38.984346652169144,
        "25,8": 60.60809198191019,
        "25,9": 78.96436876880279,
        "25,10": 68.47436870893887,
        "25,11": 73.20782147656195,
        "25,12": 64.53144656622892,
        "25,13": 56.35828464006164,
        "25,14": 67.85728573046998,
        "25,15": 59.529232300859626,
        "25,16": 94.21445768844082,
        "25,17": 49.68855858741065,
        "25,18": 9.808655104607784,
        "25,19": 6.923958490094275,
        "25,20": 31.079411460271253,
        "25,21": 37.084044586691725,
        "25,22": 107.7360397208748,
        "25,23": 86.72167190379099,
        "25,24": 37.1861602733318,
        "25,25": 0.0,
        "25,26": 43.25906545032277,
        "25,27": 33.24454678044363,
        "25,28": 71.90016774269739,
        "25,29": 59.205897407893865,
        "25,30": 14.825118605604098,
        "26,0": 89.91263653081664,
        "26,1": 28.433998982061752,
        "26,2": 54.56147287759828,
        "26,3": 69.54786898146354,
        "26,4": 36.801492106978614,
        "26,5": 68.80096910022482,
        "26,6": 56.108337939328905,
        "26,7": 45.95095876156801,
        "26,8": 39.768698084541725,
        "26,9": 74.30742194377487,
        "26,10": 79.04083547318034,
        "26,11": 63.96477318912775,
        "26,12": 64.47320985829106,
        "26,13": 14.023404839977504,
        "26,14": 25.267024342249496,
        "26,15": 32.46271815755958,
        "26,16": 72.27306071221027,
        "26,17": 71.81348050500432,
        "26,18": 36.15421467613872,
        "26,19": 45.73412781091607,
        "26,20": 21.100818206617486,
        "26,21": 50.85507829553559,
        "26,22": 75.85011603789967,
        "26,23": 68.52623947070053,
        "26,24": 28.03652352121993,
        "26,25": 43.25906545032277,
        "26,26": 0.0,
        "26,27": 21.87687986595,
        "26,28": 44.24241696013326,
        "26,29": 62.73642137979172,
        "26,30": 31.775153878389975,
        "27,0": 96.68658396460617,
        "27,1": 50.27881841852086,
        "27,2": 34.447513596397535,
        "27,3": 91.42197563875258,
        "27,4": 18.886220472906707,
        "27,5": 73.10398042923632,
        "27,6": 77.47747902427228,
        "27,7": 54.404263961771484,
        "27,8": 58.6650789427612,
        "27,9": 89.57921129401215,
        "27,10": 88.53886700178894,
        "27,11": 80.40630490699125,
        "27,12": 77.57892961865791,
        "27,13": 29.252677590741037,
        "27,14": 45.29664740896211,
        "27,15": 52.7435419240226,
        "27,16": 92.61740930110155,
        "27,17": 75.67896050061663,
        "27,18": 31.042764435059368,
        "27,19": 38.558109791633754,
        "27,20": 30.70117043283972,
        "27,21": 56.88471307518252,
        "27,22": 97.69049396010881,
        "27,23": 87.86835534343174,
        "27,24": 7.381534630392415,
        "27,25": 33.24454678044363,
        "27,26": 21.87687986595,
        "27,27": 0.0,
        "27,28": 65.1753102494057,
        "27,29": 74.30750707368348,
        "27,30": 29.426524268302117,
        "28,0": 76.22567038452534,
        "28,1": 18.797883064776023,
        "28,2": 93.27668551773888,
        "28,3": 32.78552786652051,
        "28,4": 75.15505237896062,
        "28,5": 65.57274342651355,
        "28,6": 32.36913987323174,
        "28,7": 44.29376639756444,
        "28,8": 13.068450322866289,
        "28,9": 42.847509011552965,
        "28,10": 61.37283068326807,
        "28,11": 31.550327191949464,
        "28,12": 41.78088996769224,
        "28,13": 47.22285832082013,
        "28,14": 35.30869717692397,
        "28,15": 12.853952606547093,
        "28,16": 28.300550501208708,
        "28,17": 68.5934906046943,
        "28,18": 62.11527684666455,
        "28,19": 70.0146210409565,
        "28,20": 41.351992103959184,
        "28,21": 51.3838013047978,
        "28,22": 35.88069638953871,
        "28,23": 26.575325174459746,
        "28,24": 71.9517794243203,
        "28,25": 71.90016774269739,
        "28,26": 44.24241696013326,
        "28,27": 65.1753102494057,
        "28,28": 0.0,
        "28,29": 44.82395782076815,
        "28,30": 57.09530139344095,
        "29,0": 31.56399324085083,
        "29,1": 55.44527361443977,
        "29,2": 87.11623355230097,
        "29,3": 73.4807953633949,
        "29,4": 72.8732403509232,
        "29,5": 25.00034781762596,
        "29,6": 77.17636221933594,
        "29,7": 20.82927260351958,
        "29,8": 33.81295408423081,
        "29,9": 20.973467820174324,
        "29,10": 17.428557276390112,
        "29,11": 20.764612054203777,
        "29,12": 6.422812204493782,
        "29,13": 73.90969926363272,
        "29,14": 71.0067984650399,
        "29,15": 42.09413375728568,
        "29,16": 48.815518493851684,
        "29,17": 27.303351711430384,
        "29,18": 51.452709639027574,
        "29,19": 53.53594532451237,
        "29,20": 44.0145493263843,
        "29,21": 22.42033279551973,
        "29,22": 72.71891689740617,
        "29,23": 39.150420284491666,
        "29,24": 81.53869109728795,
        "29,25": 59.205897407893865,
        "29,26": 62.73642137979172,
        "29,27": 74.30750707368348,
        "29,28": 44.82395782076815,
        "29,29": 0.0,
        "29,30": 49.02083408787778,
        "30,0": 67.80801965669804,
        "30,1": 50.086489813218414,
        "30,2": 39.33561945952981,
        "30,3": 88.86412977729587,
        "30,4": 23.85566884099666,
        "30,5": 43.85233020595657,
        "30,6": 80.65143734465819,
        "30,7": 28.191967287128694,
        "30,8": 45.99206905727462,
        "30,9": 67.40126680370071,
        "30,10": 61.058145857386776,
        "30,11": 60.48496789435762,
        "30,12": 53.59510069627244,
        "30,13": 45.66528947325218,
        "30,14": 54.97698175581395,
        "30,15": 44.70456761593238,
        "30,16": 79.97160767125827,
        "30,17": 46.33659829766436,
        "30,18": 5.192676279026241,
        "30,19": 14.553467073130761,
        "30,20": 16.377123954068654,
        "30,21": 28.734481064591364,
        "30,22": 92.91682394048078,
        "30,23": 72.83706348088623,
        "30,24": 35.632848716267745,
        "30,25": 14.825118605604098,
        "30,26": 31.775153878389975,
        "30,27": 29.426524268302117,
        "30,28": 57.09530139344095,
        "30,29": 49.02083408787778,
        "30,30": 0.0
    }
}