{
    "num_robots": 6,
    "num_tasks": 60,
    "num_nodes": 61,
    "robot_capacity": [
        157,
        154,
        119,
        125,
        145,
        146
    ],
    "robot_speed": [
        1.13,
        0.88,
        1.12,
        0.85,
        0.99,
        0.9
    ],
    "task_demand": {
        "0": 0,
        "1": 8,
        "2": 9,
        "3": 8,
        "4": 5,
        "5": 12,
        "6": 6,
        "7": 7,
        "8": 11,
        "9": 11,
        "10": 7,
        "11": 14,
        "12": 13,
        "13": 14,
        "14": 6,
        "15": 14,
        "16": 8,
        "17": 5,
        "18": 8,
        "19": 13,
        "20": 8,
        "21": 10,
        "22": 7,
        "23": 9,
        "24": 12,
        "25": 12,
        "26": 7,
        "27": 9,
        "28": 5,
        "29": 11,
        "30": 12,
        "31": 13,
        "32": 7,
        "33": 12,
        "34": 9,
        "35": 9,
        "36": 14,
        "37": 12,
        "38": 7,
        "39": 11,
        "40": 7,
        "41": 13,
        "42": 6,
        "43": 10,
        "44": 13,
        "45": 9,
        "46": 10,
        "47": 7,
        "48": 13,
        "49": 9,
        "50": 12,
        "51": 7,
        "52": 8,
        "53": 9,
        "54": 9,
        "55": 10,
        "56": 13,
        "57": 13,
        "58": 13,
        "59": 12,
        "60": 14
    },
    "task_service_time": {
        "0": 0,
        "1": 98,
        "2": 22,
        "3": 55,
        "4": 19,
        "5": 96,
        "6": 98,
        "7": 51,
        "8": 49,
        "9": 52,
        "10": 97,
        "11": 24,
        "12": 95,
        "13": 44,
        "14": 61,
        "15": 48,
        "16": 72,
        "17": 24,
        "18": 80,
        "19": 54,
        "20": 75,
        "21": 12,
        "22": 54,
        "23": 37,
        "24": 12,
        "25": 37,
        "26": 38,
        "27": 46,
        "28": 84,
        "29": 94,
        "30": 40,
        "31": 53,
        "32": 48,
        "33": 97,
        "34": 95,
        "35": 69,
        "36": 80,
        "37": 38,
        "38": 85,
        "39": 73,
        "40": 55,
        "41": 81,
        "42": 30,
        "43": 10,
        "44": 46,
        "45": 38,
        "46": 28,
        "47": 51,
        "48": 55,
        "49": 94,
        "50": 89,
        "51": 64,
        "52": 48,
        "53": 54,
        "54": 99,
        "55": 64,
        "56": 28,
        "57": 43,
        "58": 52,
        "59": 56,
        "60": 47
    },
    "task_precedence": [],
    "coordinates": {
        "0": [
            50.0,
            50.0
        ],
        "1": [
            10.870549856928058,
            60.353779986796916
        ],
        "2": [
            31.557541647177,
            90.87320198136769
        ],
        "3": [
            12.452147686065128,
            1.0421948375523238
        ],
        "4": [
            50.07267819292923,
            9.44558577013489
        ],
        "5": [
            46.23964171391619,
            35.017127197487774
        ],
        "6": [
            85.49217423228355,
            22.863435437788592
        ],
        "7": [
            92.45368439032066,
            19.3863149980969
        ],
        "8": [
            57.9855632695512,
            40.443464453948586
        ],
        "9": [
            21.54360900311999,
            86.31859834019028
        ],
        "10": [
            41.31880938905167,
            52.812102150709116
        ],
        "11": [
            15.436932106876167,
            41.69236711408409
        ],
        "12": [
            87.14919424090235,
            47.35757891480851
        ],
        "13": [
            94.6162032690282,
            17.112454690268308
        ],
        "14": [
            48.04209426382052,
            38.7470836400073
        ],
        "15": [
            33.706840611532705,
            9.997226299489304
        ],
        "16": [
            19.03967728625835,
            20.347809567971442
        ],
        "17": [
            57.753013530375476,
            65.46545888202454
        ],
        "18": [
            44.3826015755275,
            1.4344751163161362
        ],
        "19": [
            47.52497171210861,
            94.8807300346842
        ],
        "20": [
            71.2710666649266,
            44.543652508563106
        ],
        "21": [
            16.72178485238898,
            84.31821329322531
        ],
        "22": [
            8.280510043745792,
            22.095214424482258
        ],
        "23": [
            53.44843064492052,
            46.75417010435567
        ],
        "24": [
            22.79501632387436,
            18.956673855309848
        ],
        "25": [
            73.49624786962306,
            98.6674120121438
        ],
        "26": [
            91.5858969826503,
            63.32135708740518
        ],
        "27": [
            74.02677033520679,
            36.15836054179833
        ],
        "28": [
            87.6069641451031,
            68.64134060074527
        ],
        "29": [
            87.17722090636599,
            18.989513064714135
        ],
        "30": [
            57.74422146568035,
            73.71250005189584
        ],
        "31": [
            19.417865273179856,
            12.375980192935277
        ],
        "32": [
            27.755217593788494,
            87.10784085564062
        ],
        "33": [
            85.79732321283609,
            84.58464329361793
        ],
        "34": [
            91.07171861128293,
            36.83720596960755
        ],
        "35": [
            32.16776055502021,
            14.020747122980303
        ],
        "36": [
            69.34811796663247,
            26.96276893555809
        ],
        "37": [
            53.87100065963829,
            49.17820770015145
        ],
        "38": [
            49.931677432965785,
            26.029329312260565
        ],
        "39": [
            57.08068138241317,
            56.5005567955457
        ],
        "40": [
            77.5846493093782,
            20.86639004998242
        ],
        "41": [
            84.91733103363134,
            65.83212100038192
        ],
        "42": [
            99.60811583014188,
            47.24401786141155
        ],
        "43": [
            6.475967638406344,
            73.35947005837198
        ],
        "44": [
            24.759224676986026,
            22.704873126754343
        ],
        "45": [
            57.56943309487418,
            56.63124398388818
        ],
        "46": [
            8.052829541412354,
            53.39716275505674
        ],
        "47": [
            78.29271660963786,
            70.12578417932534
        ],
        "48": [
            40.35350730513538,
            3.487129155630475
        ],
        "49": [
            14.360452131573231,
            1.9941574822461172
        ],
        "50": [
            28.87310631907902,
            13.287523714353721
        ],
        "51": [
            88.11922376315505,
            67.13061203185224
        ],
        "52": [
            53.654142233653346,
            98.67451820780207
        ],
        "53": [
            25.233861351887576,
            91.27523027248472
        ],
        "54": [
            76.43925362459159,
            49.663731213231145
        ],
        "55": [
            40.998826184831714,
            63.31423475000981
        ],
        "56": [
            75.24120964433588,
            92.8891035650917
        ],
        "57": [
            39.21446713226588,
            23.11462665896856
        ],
        "58": [
            94.93815495490368,
            50.08826119769354
        ],
        "59": [
            25.67387515436228,
            99.4073059110717
        ],
        "60": [
            45.24616244998755,
            29.762610924235876
        ]
    },
    "distance_matrix_str_keys": {
        "0,0": 0.0,
        "0,1": 40.476099472579484,
        "0,2": 44.84130807977495,
        "0,3": 61.6985242912118,
        "0,4": 40.55447935366959,
        "0,5": 15.447549056597285,
        "0,6": 44.67759581685031,
        "0,7": 52.34035754280537,
        "0,8": 12.453778236942775,
        "0,9": 46.13899407186275,
        "0,10": 9.125293909219595,
        "0,11": 35.54746722836718,
        "0,12": 37.243053338035494,
        "0,13": 55.42739602978745,
        "0,14": 11.421975375422411,
        "0,15": 43.19362159616012,
        "0,16": 42.86949941340945,
        "0,17": 17.299989515423896,
        "0,18": 48.88931756822734,
        "0,19": 44.94892316254158,
        "0,20": 21.959735995932668,
        "0,21": 47.803549732734226,
        "0,22": 50.191562042096464,
        "0,23": 4.735724403328959,
        "0,24": 41.277103034780254,
        "0,25": 54.04248935708389,
        "0,26": 43.66744075969834,
        "0,27": 27.728625563334695,
        "0,28": 41.97360279513857,
        "0,29": 48.41276747185882,
        "0,30": 24.94505211100319,
        "0,31": 48.485398120380296,
        "0,32": 43.26456052321863,
        "0,33": 49.774952545944686,
        "0,34": 43.12940083482427,
        "0,35": 40.155888748869984,
        "0,36": 30.084276357712408,
        "0,37": 3.957270358594477,
        "0,38": 23.97076805597219,
        "0,39": 9.612142710726252,
        "0,40": 40.12081886304344,
        "0,41": 38.338962712662536,
        "0,42": 49.68461123693122,
        "0,43": 49.39641924695583,
        "0,44": 37.176883811495664,
        "0,45": 10.063285455139871,
        "0,46": 42.08450812669851,
        "0,47": 34.72067110506449,
        "0,48": 47.50265229960404,
        "0,49": 59.78911513064288,
        "0,50": 42.357426168608015,
        "0,51": 41.7915432700364,
        "0,52": 48.81148920311102,
        "0,53": 48.13529118624055,
        "0,54": 26.441391962648908,
        "0,55": 16.071402459936095,
        "0,56": 49.76538826259147,
        "0,57": 28.968103474815486,
        "0,58": 44.93824162992976,
        "0,59": 55.07124682986371,
        "0,60": 20.78823917641332,
        "1,0": 40.476099472579484,
        "1,1": 0.0,
        "1,2": 36.869862329720156,
        "1,3": 59.33266878043851,
        "1,4": 64.25302408816013,
        "1,5": 43.50768476205176,
        "1,6": 83.50995604609072,
        "1,7": 91.29151673564198,
        "1,8": 51.14924391903794,
        "1,9": 28.072869174041045,
        "1,10": 31.368350500447015,
        "1,11": 19.211980045234615,
        "1,12": 77.3778575004527,
        "1,13": 94.25044657093041,
        "1,14": 42.99503506936528,
        "1,15": 55.29266384152183,
        "1,16": 40.831511264078564,
        "1,17": 47.160308112013354,
        "1,18": 67.78305169296189,
        "1,19": 50.355306782372416,
        "1,20": 62.435427135171565,
        "1,21": 24.668421406128957,
        "1,22": 38.34613598682139,
        "1,23": 44.69703929066322,
        "1,24": 43.080312169051545,
        "1,25": 73.416023118601,
        "1,26": 80.76988161111723,
        "1,27": 67.63228893968005,
        "1,28": 77.1826466165569,
        "1,29": 86.79695054924707,
        "1,30": 48.74009121721899,
        "1,31": 48.733211200215045,
        "1,32": 31.636557612325166,
        "1,33": 78.74741965373505,
        "1,34": 83.57784827973532,
        "1,35": 50.9933438585708,
        "1,36": 67.33933167955465,
        "1,37": 44.42895660681603,
        "1,38": 51.99941924310476,
        "1,39": 46.3705033891614,
        "1,40": 77.52435120511133,
        "1,41": 74.24916176558297,
        "1,42": 89.7007328723387,
        "1,43": 13.728085340396653,
        "1,44": 40.128985484478335,
        "1,45": 46.847016660234374,
        "1,46": 7.505602646384516,
        "1,47": 68.12665143370104,
        "1,48": 64.05513840939388,
        "1,49": 58.46387736680014,
        "1,50": 50.39171081315092,
        "1,51": 77.54536138827058,
        "1,52": 57.43617983867478,
        "1,53": 34.094586151931786,
        "1,54": 66.4344192158916,
        "1,55": 30.27337653608447,
        "1,56": 72.12578680202071,
        "1,57": 46.7988481384393,
        "1,58": 84.69204864046336,
        "1,59": 41.765013192619236,
        "1,60": 46.01632716506503,
        "2,0": 44.84130807977495,
        "2,1": 36.869862329720156,
        "2,2": 0.0,
        "2,3": 91.84021952762033,
        "2,4": 83.50608937767156,
        "2,5": 57.75348606475741,
        "2,6": 86.80018973137423,
        "2,7": 93.90801462895622,
        "2,8": 56.93503977303485,
        "2,9": 11.001057282276879,
        "2,10": 39.292870450603644,
        "2,11": 51.75546898825144,
        "2,12": 70.5977428036641,
        "2,13": 97.04144808524114,
        "2,14": 54.67058339096444,
        "2,15": 80.90452971579505,
        "2,16": 71.62770346187212,
        "2,17": 36.4932343946883,
        "2,18": 90.3535722891302,
        "2,19": 16.46265786489535,
        "2,20": 61.02123584202855,
        "2,21": 16.219357458782806,
        "2,22": 72.61013546773081,
        "2,23": 49.251395867288174,
        "2,24": 72.4483876131663,
        "2,25": 42.656825826782836,
        "2,26": 66.04928161110318,
        "2,27": 69.2628995863831,
        "2,28": 60.297540769074786,
        "2,29": 90.88901723069338,
        "2,30": 31.30865520313814,
        "2,31": 79.43038191377234,
        "2,32": 5.351225337631879,
        "2,33": 54.60311231660411,
        "2,34": 80.38548453979656,
        "2,35": 76.85487743062218,
        "2,36": 74.24736433476612,
        "2,37": 47.290199843217465,
        "2,38": 67.39685963457038,
        "2,39": 42.812491156376346,
        "2,40": 83.78214819723952,
        "2,41": 58.943386906955496,
        "2,42": 80.83555129770711,
        "2,43": 30.591112445087685,
        "2,44": 68.50648270388648,
        "2,45": 43.00151374298272,
        "2,46": 44.23714510755498,
        "2,47": 51.13347166215426,
        "2,48": 87.82764220768443,
        "2,49": 90.52747891598727,
        "2,50": 77.63210460359389,
        "2,51": 61.34276209382638,
        "2,52": 23.43331586317001,
        "2,53": 6.336446892690747,
        "2,54": 60.93101468885529,
        "2,55": 29.131332420265558,
        "2,56": 43.730157887678196,
        "2,57": 68.18983089585602,
        "2,58": 75.36918161948812,
        "2,59": 10.365734960998195,
        "2,60": 62.62493655753382,
        "3,0": 61.6985242912118,
        "3,1": 59.33266878043851,
        "3,2": 91.84021952762033,
        "3,3": 0.0,
        "3,4": 38.547649666143116,
        "3,5": 47.915454516724154,
        "3,6": 76.22999422278406,
        "3,7": 82.07772304046235,
        "3,8": 60.2142174414183,
        "3,9": 85.7596622149611,
        "3,10": 59.27400324836779,
        "3,11": 40.75960554458824,
        "3,12": 87.89063412127184,
        "3,13": 83.7208772145518,
        "3,14": 51.848847017199695,
        "3,15": 23.06414012791725,
        "3,16": 20.398585891007187,
        "3,17": 78.7561133905679,
        "3,18": 31.932863470164868,
        "3,19": 100.17870868156153,
        "3,20": 73.15765202181254,
        "3,21": 83.38540070876701,
        "3,22": 21.46234363592362,
        "3,23": 61.40260498737312,
        "3,24": 20.685828243912606,
        "3,25": 115.13932949086687,
        "3,26": 100.7017593107404,
        "3,27": 70.88426657695099,
        "3,28": 101.08358395360293,
        "3,29": 76.85013207097525,
        "3,30": 85.62911424979211,
        "3,31": 13.303229381820511,
        "3,32": 87.41555567009539,
        "3,33": 111.17038934485755,
        "3,34": 86.38471944973433,
        "3,35": 23.60398716793616,
        "3,36": 62.52221681720354,
        "3,37": 63.5027331376751,
        "3,38": 45.04522215847053,
        "3,39": 71.1852227007114,
        "3,40": 68.08260779032642,
        "3,41": 97.2056445366281,
        "3,42": 98.64467159385413,
        "3,43": 72.56378589438269,
        "3,44": 24.914569527124467,
        "3,45": 71.59407676374965,
        "3,46": 52.539477212671116,
        "3,47": 95.43334235225372,
        "3,48": 28.00827685546543,
        "3,49": 2.132570921127452,
        "3,50": 20.484041635580116,
        "3,51": 100.46484603732765,
        "3,52": 105.97016052348181,
        "3,53": 91.13381857486735,
        "3,54": 80.36419305834947,
        "3,55": 68.50342917088633,
        "3,56": 111.25790284022305,
        "3,57": 34.690257834895995,
        "3,58": 95.96592114161288,
        "3,59": 99.24973125279345,
        "3,60": 43.59254184523533,
        "4,0": 40.55447935366959,
        "4,1": 64.25302408816013,
        "4,2": 83.50608937767156,
        "4,3": 38.547649666143116,
        "4,4": 0.0,
        "4,5": 25.857221421109216,
        "4,6": 37.87584176471317,
        "4,7": 43.53122768642057,
        "4,8": 31.991908869779216,
        "4,9": 81.99614533886832,
        "4,10": 44.24121338776902,
        "4,11": 47.323248134315655,
        "4,12": 53.02817427045162,
        "4,13": 45.19852326396921,
        "4,14": 29.371772988896872,
        "4,15": 16.375131969369814,
        "4,16": 32.89233389426098,
        "4,17": 56.543909790249224,
        "4,18": 9.826233552060028,
        "4,19": 85.47312258141017,
        "4,20": 41.00299943400326,
        "4,21": 81.96458039192007,
        "4,22": 43.66461294575401,
        "4,23": 37.460995310332976,
        "4,24": 28.888261173120945,
        "4,25": 92.24531367152568,
        "4,26": 68.01430782794202,
        "4,27": 35.87995075752393,
        "4,28": 70.09251038381554,
        "4,29": 38.312317055712874,
        "4,30": 64.72317087013664,
        "4,31": 30.79455741877147,
        "4,32": 80.80529012732,
        "4,33": 83.19932828644502,
        "4,34": 49.307425124193614,
        "4,35": 18.4802104161418,
        "4,36": 26.046003235057903,
        "4,37": 39.913763277781,
        "4,38": 16.58434295006303,
        "4,39": 47.5739677439886,
        "4,40": 29.788308530544423,
        "4,41": 66.2841699567924,
        "4,42": 62.309558259299486,
        "4,43": 77.36703287567003,
        "4,44": 28.575857469360844,
        "4,45": 47.77748083694848,
        "4,46": 60.80632204103367,
        "4,47": 66.92127499696363,
        "4,48": 11.400240698032254,
        "4,49": 36.48132225930063,
        "4,50": 21.54489115316597,
        "4,51": 69.10211201289212,
        "4,52": 89.30077977621904,
        "4,53": 85.51641679492754,
        "4,54": 48.090493061265086,
        "4,55": 54.627521755813106,
        "4,56": 87.15661556885811,
        "4,57": 17.456901966228678,
        "4,58": 60.53708013266868,
        "4,59": 93.21165528211063,
        "4,60": 20.882451133170072,
        "5,0": 15.447549056597285,
        "5,1": 43.50768476205176,
        "5,2": 57.75348606475741,
        "5,3": 47.915454516724154,
        "5,4": 25.857221421109216,
        "5,5": 0.0,
        "5,6": 41.09103956454821,
        "5,7": 48.78585891945698,
        "5,8": 12.938771549570916,
        "5,9": 56.93623602819433,
        "5,10": 18.46282005423891,
        "5,11": 31.517705295274222,
        "5,12": 42.7302964715407,
        "5,13": 51.58361179179219,
        "5,14": 4.142633251658843,
        "5,15": 27.983326185740847,
        "5,16": 30.90351023074063,
        "5,17": 32.55239826734129,
        "5,18": 33.63395782361345,
        "5,19": 59.8773998922285,
        "5,20": 26.78295950003705,
        "5,21": 57.46216985040623,
        "5,22": 40.09827311576518,
        "5,23": 13.774063091529259,
        "5,24": 28.418103758619576,
        "5,25": 69.24074910133591,
        "5,26": 53.45476869801692,
        "5,27": 27.81055430160128,
        "5,28": 53.3089400768162,
        "5,29": 43.96327791381329,
        "5,30": 40.36938488020795,
        "5,31": 35.10027391799949,
        "5,32": 55.273107244558176,
        "5,33": 63.41725961842022,
        "5,34": 44.8690071838917,
        "5,35": 25.275795053435335,
        "5,36": 24.471909646242718,
        "5,37": 16.0864489667973,
        "5,38": 9.716565163494389,
        "5,39": 24.063787906076556,
        "5,40": 34.39117420178262,
        "5,41": 49.452274914151445,
        "5,42": 54.75117245138955,
        "5,43": 55.23843799425335,
        "5,44": 24.75883511764501,
        "5,45": 24.403569763298684,
        "5,46": 42.37992839771661,
        "5,47": 47.53964035769596,
        "5,48": 32.074715194335845,
        "5,49": 45.89988297632938,
        "5,50": 27.816761478546777,
        "5,51": 52.77476007359849,
        "5,52": 64.08773867283215,
        "5,53": 60.05178573710167,
        "5,54": 33.563962351745616,
        "5,55": 28.778332878207046,
        "5,56": 64.73219130475388,
        "5,57": 13.821092466665426,
        "5,58": 50.977291728129224,
        "5,59": 67.59471775922542,
        "5,60": 5.347610897749126,
        "6,0": 44.67759581685031,
        "6,1": 83.50995604609072,
        "6,2": 86.80018973137423,
        "6,3": 76.22999422278406,
        "6,4": 37.87584176471317,
        "6,5": 41.09103956454821,
        "6,6": 0.0,
        "6,7": 7.78158018866192,
        "6,8": 32.64461773193453,
        "6,9": 90.08871568536716,
        "6,10": 53.36861249325175,
        "6,11": 72.5414751526329,
        "6,12": 24.550127901536488,
        "6,13": 10.785253145926092,
        "6,14": 40.679217911067575,
        "6,15": 53.359723723075284,
        "6,16": 66.50009566818969,
        "6,17": 50.83692986392382,
        "6,18": 46.35943598104214,
        "6,19": 81.41252476286452,
        "6,20": 25.92820303604243,
        "6,21": 92.22828295443536,
        "6,22": 77.21548581915941,
        "6,23": 39.96959727093806,
        "6,24": 62.818758311943164,
        "6,25": 76.7472808233866,
        "6,26": 40.914262564109016,
        "6,27": 17.55592549666155,
        "6,28": 45.826727326790625,
        "6,29": 4.224530369927897,
        "6,30": 57.927335989731965,
        "6,31": 66.90142765244917,
        "6,32": 86.37650021486627,
        "6,33": 61.72196217784089,
        "6,34": 15.046513827234387,
        "6,35": 54.052624641702245,
        "6,36": 16.65638279562651,
        "6,37": 41.13837451007733,
        "6,38": 35.70114587290873,
        "6,39": 44.03031750049862,
        "6,40": 8.155804110406724,
        "6,41": 42.97253057105262,
        "6,42": 28.172195628122775,
        "6,43": 93.7731860229215,
        "6,44": 60.73315654313379,
        "6,45": 43.817169769769585,
        "6,46": 83.2415798146386,
        "6,47": 47.80754959864509,
        "6,48": 49.121690698712925,
        "6,49": 74.12994436392336,
        "6,50": 57.42313938383275,
        "6,51": 44.34505962164972,
        "6,52": 82.22518198403476,
        "6,53": 91.16599115731837,
        "6,54": 28.288004969958163,
        "6,55": 60.13256343670443,
        "6,56": 70.77200344527878,
        "6,57": 46.278388816645545,
        "6,58": 28.816968776561065,
        "6,59": 97.1452161025255,
        "6,60": 40.83307589165312,
        "7,0": 52.34035754280537,
        "7,1": 91.29151673564198,
        "7,2": 93.90801462895622,
        "7,3": 82.07772304046235,
        "7,4": 43.53122768642057,
        "7,5": 48.78585891945698,
        "7,6": 7.78158018866192,
        "7,7": 0.0,
        "7,8": 40.391272780170084,
        "7,9": 97.50984229709712,
        "7,10": 61.09057773640007,
        "7,11": 80.18191874288485,
        "7,12": 28.469794885871742,
        "7,13": 3.137981612483552,
        "7,14": 48.44820636483693,
        "7,15": 59.492408259874956,
        "7,16": 73.42030312443016,
        "7,17": 57.68382840281975,
        "7,18": 51.313717056239426,
        "7,19": 87.85212532794998,
        "7,20": 32.8876104987226,
        "7,21": 99.7570650321684,
        "7,22": 84.21675258332608,
        "7,23": 47.6488122922306,
        "7,24": 69.65999302542974,
        "7,25": 81.51611339598446,
        "7,26": 43.94361134879792,
        "7,27": 24.91691540529341,
        "7,28": 49.49291105050245,
        "7,29": 5.291362647923819,
        "7,30": 64.46767561357078,
        "7,31": 73.37149084073576,
        "7,32": 93.65947186641583,
        "7,33": 65.53723488716672,
        "7,34": 17.50552555949073,
        "7,35": 60.52422598677434,
        "7,36": 24.316041084558524,
        "7,37": 48.746080402762566,
        "7,38": 43.037782411034144,
        "7,39": 51.271008240495206,
        "7,40": 14.942517404959302,
        "7,41": 47.05326255552082,
        "7,42": 28.76173670082931,
        "7,43": 101.51487203869641,
        "7,44": 67.77575306799302,
        "7,45": 51.030341205997196,
        "7,46": 90.99583542324115,
        "7,47": 52.678522580634,
        "7,48": 54.4721264754824,
        "7,49": 80.00650015889231,
        "7,50": 63.872413160893764,
        "7,51": 47.940645053815324,
        "7,52": 88.27243986539912,
        "7,53": 98.42012369757705,
        "7,54": 34.251772587923156,
        "7,55": 67.65548437988951,
        "7,56": 75.49125256614508,
        "7,57": 53.36960335332229,
        "7,58": 30.802306641373566,
        "7,59": 104.22524602170718,
        "7,60": 48.334435394383576,
        "8,0": 12.453778236942775,
        "8,1": 51.14924391903794,
        "8,2": 56.93503977303485,
        "8,3": 60.2142174414183,
        "8,4": 31.991908869779216,
        "8,5": 12.938771549570916,
        "8,6": 32.64461773193453,
        "8,7": 40.391272780170084,
        "8,8": 0.0,
        "8,9": 58.587916329540725,
        "8,10": 20.754852044446658,
        "8,11": 42.56695633554101,
        "8,12": 29.972026127891723,
        "8,13": 43.429711067012974,
        "8,14": 10.087134565070237,
        "8,15": 38.9413635054428,
        "8,16": 43.82484889101095,
        "8,17": 25.023075041646152,
        "8,18": 41.31273188730804,
        "8,19": 55.43320178051401,
        "8,20": 13.903817553166277,
        "8,21": 60.23033284791208,
        "8,22": 52.98349361191615,
        "8,23": 7.772424220252521,
        "8,24": 41.23174462190068,
        "8,25": 60.2545384682546,
        "8,26": 40.64948212437142,
        "8,27": 16.60368753202626,
        "8,28": 40.89679216051343,
        "8,29": 36.227405452180015,
        "8,30": 33.26991096296739,
        "8,31": 47.699591208746604,
        "8,32": 55.60069985741993,
        "8,33": 52.172192406478175,
        "8,34": 33.28210894088722,
        "8,35": 36.94210237870465,
        "8,36": 17.630564395495604,
        "8,37": 9.65532832419384,
        "8,38": 16.51158287238376,
        "8,39": 16.082569001756127,
        "8,40": 27.701733083238103,
        "8,41": 37.01221414791472,
        "8,42": 42.17445208069561,
        "8,43": 61.12856833784421,
        "8,44": 37.6649332740813,
        "8,45": 16.19312725918648,
        "8,46": 51.58562006258476,
        "8,47": 35.96415689345828,
        "8,48": 40.94704038406201,
        "8,49": 58.150662321293794,
        "8,50": 39.8118106489203,
        "8,51": 40.25222156091002,
        "8,52": 58.39192435152649,
        "8,53": 60.469350870784034,
        "8,54": 20.628911915853475,
        "8,55": 28.48896928147069,
        "8,56": 55.211433540417005,
        "8,57": 25.546872010481753,
        "8,58": 38.19052417148178,
        "8,59": 67.23674433101287,
        "8,60": 16.6244688746641,
        "9,0": 46.13899407186275,
        "9,1": 28.072869174041045,
        "9,2": 11.001057282276879,
        "9,3": 85.7596622149611,
        "9,4": 81.99614533886832,
        "9,5": 56.93623602819433,
        "9,6": 90.08871568536716,
        "9,7": 97.50984229709712,
        "9,8": 58.587916329540725,
        "9,9": 0.0,
        "9,10": 38.906861055596195,
        "9,11": 45.0421138065368,
        "9,12": 76.30238429470538,
        "9,13": 100.64340192801352,
        "9,14": 54.45382201444898,
        "9,15": 77.2845135414268,
        "9,16": 66.01829023286972,
        "9,17": 41.784858519326576,
        "9,18": 87.90298036590303,
        "9,19": 27.35582766742549,
        "9,20": 64.94587088292951,
        "9,21": 5.220299653917758,
        "9,22": 65.57860043940077,
        "9,23": 50.82579685183116,
        "9,24": 67.37354740986385,
        "9,25": 53.400092549525716,
        "9,26": 73.72106354798645,
        "9,27": 72.59842752705515,
        "9,28": 68.38751592068947,
        "9,29": 94.02646827089833,
        "9,30": 38.33272827126475,
        "9,31": 73.97316787103378,
        "9,32": 6.261548133797356,
        "9,33": 64.2771062653524,
        "9,34": 85.33795296710768,
        "9,35": 73.07429019035062,
        "9,36": 76.21276508272315,
        "9,37": 49.23889588738371,
        "9,38": 66.63841526551852,
        "9,39": 46.38964447858242,
        "9,40": 86.16605926159332,
        "9,41": 66.60273566299662,
        "9,42": 87.29770939571497,
        "9,43": 19.873923168822316,
        "9,44": 63.69494657892844,
        "9,45": 46.681891672967424,
        "9,46": 35.57839304227398,
        "9,47": 59.01413766704088,
        "9,48": 84.94035884904679,
        "9,49": 84.62983557024184,
        "9,50": 73.39795223239649,
        "9,51": 69.28557785892794,
        "9,52": 34.405742255095014,
        "9,53": 6.179495328085104,
        "9,54": 66.00841675500126,
        "9,55": 30.128163232709554,
        "9,56": 54.0980947310898,
        "9,57": 65.62774766286802,
        "9,58": 81.84984242457323,
        "9,59": 13.72491764478558,
        "9,60": 61.32202501952464,
        "10,0": 9.125293909219595,
        "10,1": 31.368350500447015,
        "10,2": 39.292870450603644,
        "10,3": 59.27400324836779,
        "10,4": 44.24121338776902,
        "10,5": 18.46282005423891,
        "10,6": 53.36861249325175,
        "10,7": 61.09057773640007,
        "10,8": 20.754852044446658,
        "10,9": 38.906861055596195,
        "10,10": 0.0,
        "10,11": 28.169488439344057,
        "10,12": 46.153829737083825,
        "10,13": 64.14886610998762,
        "10,14": 15.589333058655217,
        "10,15": 43.4862698196257,
        "10,16": 39.37372245738663,
        "10,17": 20.741034263715726,
        "10,18": 51.46889723169808,
        "10,19": 42.52394505241133,
        "10,20": 31.072575937712447,
        "10,21": 39.97059738585064,
        "10,22": 45.1115995639222,
        "10,23": 13.5582540354229,
        "10,24": 38.591721062767235,
        "10,25": 56.01871999304469,
        "10,26": 51.35391449993844,
        "10,27": 36.70364857655945,
        "10,28": 48.91991476513701,
        "10,29": 56.98211508334359,
        "10,30": 26.582339895407813,
        "10,31": 45.98620784703279,
        "10,32": 36.880465231684205,
        "10,33": 54.66106990034511,
        "10,34": 52.254658013162405,
        "10,35": 39.85612775534184,
        "10,36": 38.129124917904356,
        "10,37": 13.067620080610881,
        "10,38": 28.133581657119564,
        "10,39": 16.18768996497431,
        "10,40": 48.32949065269843,
        "10,41": 45.501120650361095,
        "10,42": 58.554648048093014,
        "10,43": 40.4501909660927,
        "10,44": 34.36080740228528,
        "10,45": 16.693370395764262,
        "10,46": 33.27112428419431,
        "10,47": 40.82687105993483,
        "10,48": 49.33441769270668,
        "10,49": 57.52579009756239,
        "10,50": 41.43775845141164,
        "10,51": 48.941786959654166,
        "10,52": 47.492332465157006,
        "10,53": 41.69097957916549,
        "10,54": 35.26127965434075,
        "10,55": 10.507006157049553,
        "10,56": 52.5061451779516,
        "10,57": 29.771938245875514,
        "10,58": 53.68848599511424,
        "10,59": 49.15157149753672,
        "10,60": 23.381684025418473,
        "11,0": 35.54746722836718,
        "11,1": 19.211980045234615,
        "11,2": 51.75546898825144,
        "11,3": 40.75960554458824,
        "11,4": 47.323248134315655,
        "11,5": 31.517705295274222,
        "11,6": 72.5414751526329,
        "11,7": 80.18191874288485,
        "11,8": 42.56695633554101,
        "11,9": 45.0421138065368,
        "11,10": 28.169488439344057,
        "11,11": 0.0,
        "11,12": 71.93568770176839,
        "11,13": 82.90674928214261,
        "11,14": 32.73791829092538,
        "11,15": 36.58376016794219,
        "11,16": 21.64647568697676,
        "11,17": 48.53669374037689,
        "11,18": 49.58376396656836,
        "11,19": 62.1179864119921,
        "11,20": 55.90689054353899,
        "11,21": 42.64520616746342,
        "11,22": 20.862952099001415,
        "11,23": 38.34704513544779,
        "11,24": 23.89671842118726,
        "11,25": 81.34518970396633,
        "11,26": 79.16108929845461,
        "11,27": 58.85061063713829,
        "11,28": 77.03739803746925,
        "11,29": 75.24685122329836,
        "11,30": 53.05841729871636,
        "11,31": 29.585441875778738,
        "11,32": 47.0564067105329,
        "11,33": 82.40347075484776,
        "11,34": 75.79045797002433,
        "11,35": 32.33634446707421,
        "11,36": 55.88718120737549,
        "11,37": 39.156294957496065,
        "11,38": 37.88427389159167,
        "11,39": 44.19823905277149,
        "11,40": 65.54433670544431,
        "11,41": 73.55442578602644,
        "11,42": 84.35406922843765,
        "11,43": 32.910549875219424,
        "11,44": 21.15254279469986,
        "11,45": 44.70254670189184,
        "11,46": 13.839335666650388,
        "11,47": 68.98774421202342,
        "11,48": 45.612234401228044,
        "11,49": 39.71280218154571,
        "11,50": 31.422379063716214,
        "11,51": 77.00532335432885,
        "11,52": 68.6113743714666,
        "11,53": 50.54146952371332,
        "11,54": 61.520938518132965,
        "11,55": 33.48007749271364,
        "11,56": 78.72520203220465,
        "11,57": 30.174552396038468,
        "11,58": 79.94332662452145,
        "11,59": 58.615775720342555,
        "11,60": 32.107776260555546,
        "12,0": 37.243053338035494,
        "12,1": 77.3778575004527,
        "12,2": 70.5977428036641,
        "12,3": 87.89063412127184,
        "12,4": 53.02817427045162,
        "12,5": 42.7302964715407,
        "12,6": 24.550127901536488,
        "12,7": 28.469794885871742,
        "12,8": 29.972026127891723,
        "12,9": 76.30238429470538,
        "12,10": 46.153829737083825,
        "12,11": 71.93568770176839,
        "12,12": 0.0,
        "12,13": 31.153230381197734,
        "12,14": 40.04379973847196,
        "12,15": 65.20644990326944,
        "12,16": 73.26959765116959,
        "12,17": 34.52579843063815,
        "12,18": 62.75279205496117,
        "12,19": 61.87510729989814,
        "12,20": 16.125542382776676,
        "12,21": 79.53683729462888,
        "12,22": 82.8157980498462,
        "12,23": 33.7061651503814,
        "12,24": 70.34253068787864,
        "12,25": 53.095215576296816,
        "12,26": 16.568842589707582,
        "12,27": 17.251681115970666,
        "12,28": 21.2886839609437,
        "12,29": 28.36807969477785,
        "12,30": 39.48714084425004,
        "12,31": 76.23152348518299,
        "12,32": 71.46836913154428,
        "12,33": 37.25160234863121,
        "12,34": 11.227842372528473,
        "12,35": 64.29854122817798,
        "12,36": 27.070770040988975,
        "12,37": 33.327959091521095,
        "12,38": 42.89566165077334,
        "12,39": 31.427846093055418,
        "12,40": 28.164935775162526,
        "12,41": 18.608866667467776,
        "12,42": 12.459439123799582,
        "12,43": 84.76006036748318,
        "12,44": 67.08400856283683,
        "12,45": 30.999405369612273,
        "12,46": 79.32661269484608,
        "12,47": 24.430070957740995,
        "12,48": 64.14399954682335,
        "12,49": 85.76736548318762,
        "12,50": 67.504600471628,
        "12,51": 19.796812771801168,
        "12,52": 61.2808841921288,
        "12,53": 75.90960774191838,
        "12,54": 10.955417218363841,
        "12,55": 48.8310489049114,
        "12,56": 47.06293482276058,
        "12,57": 53.71646672165233,
        "12,58": 8.253758824579162,
        "12,59": 80.5505365418347,
        "12,60": 45.44718882240893,
        "13,0": 55.42739602978745,
        "13,1": 94.25044657093041,
        "13,2": 97.04144808524114,
        "13,3": 83.7208772145518,
        "13,4": 45.19852326396921,
        "13,5": 51.58361179179219,
        "13,6": 10.785253145926092,
        "13,7": 3.137981612483552,
        "13,8": 43.429711067012974,
        "13,9": 100.64340192801352,
        "13,10": 64.14886610998762,
        "13,11": 82.90674928214261,
        "13,12": 31.153230381197734,
        "13,13": 0.0,
        "13,14": 51.35372235215137,
        "13,15": 61.323543067856534,
        "13,16": 75.64574542437244,
        "13,17": 60.80220203311642,
        "13,18": 52.62331976056374,
        "13,19": 90.91473334719905,
        "13,20": 36.0203555897299,
        "13,21": 102.87931964134188,
        "13,22": 86.47936065477693,
        "13,23": 50.728855649619916,
        "13,24": 71.84486090556125,
        "13,25": 84.24525850067643,
        "13,26": 46.308157131734184,
        "13,27": 28.047660833689417,
        "13,28": 52.003418313331224,
        "13,29": 7.672144858713027,
        "13,30": 67.5507822089775,
        "13,31": 75.34735714012626,
        "13,32": 96.79744567861387,
        "13,33": 68.04607909623806,
        "13,34": 20.04068822472888,
        "13,35": 62.52492825334839,
        "13,36": 27.120192211341458,
        "13,37": 51.84962923465378,
        "13,38": 45.5655297589972,
        "13,39": 54.40898814310292,
        "13,40": 17.440351514960412,
        "13,41": 49.67568829928148,
        "13,42": 30.542270546807753,
        "13,43": 104.55825110837132,
        "13,44": 70.08047232987082,
        "13,45": 54.168236888144264,
        "13,46": 93.86052264106469,
        "13,47": 55.46953506416489,
        "13,48": 55.94720430186592,
        "13,49": 81.66730374579045,
        "13,50": 65.85427012381906,
        "13,51": 50.438346588158325,
        "13,52": 91.27026158340945,
        "13,53": 101.55799649444253,
        "13,54": 37.28253078387753,
        "13,55": 70.77730996638432,
        "13,56": 78.21439057267621,
        "13,57": 55.725922471586664,
        "13,58": 32.97737812051144,
        "13,59": 107.35682159660104,
        "13,60": 50.96496230958607,
        "14,0": 11.421975375422411,
        "14,1": 42.99503506936528,
        "14,2": 54.67058339096444,
        "14,3": 51.848847017199695,
        "14,4": 29.371772988896872,
        "14,5": 4.142633251658843,
        "14,6": 40.679217911067575,
        "14,7": 48.44820636483693,
        "14,8": 10.087134565070237,
        "14,9": 54.45382201444898,
        "14,10": 15.589333058655217,
        "14,11": 32.73791829092538,
        "14,12": 40.04379973847196,
        "14,13": 51.35372235215137,
        "14,14": 0.0,
        "14,15": 32.1255940703914,
        "14,16": 34.346375018599524,
        "14,17": 28.428393000217017,
        "14,18": 37.49163428790349,
        "14,19": 56.13602829997962,
        "14,20": 23.94129005419837,
        "14,21": 55.29637998547657,
        "14,22": 43.10763653995712,
