{
    "num_robots": 7,
    "num_tasks": 40,
    "num_nodes": 41,
    "robot_capacity": [
        79,
        85,
        98,
        88,
        98,
        74,
        72
    ],
    "robot_speed": [
        0.96,
        0.9,
        1.13,
        1.14,
        0.88,
        1.11,
        0.82
    ],
    "task_demand": {
        "0": 0,
        "1": 5,
        "2": 8,
        "3": 11,
        "4": 12,
        "5": 14,
        "6": 6,
        "7": 5,
        "8": 5,
        "9": 8,
        "10": 5,
        "11": 10,
        "12": 13,
        "13": 12,
        "14": 10,
        "15": 10,
        "16": 5,
        "17": 7,
        "18": 6,
        "19": 13,
        "20": 15,
        "21": 9,
        "22": 8,
        "23": 15,
        "24": 11,
        "25": 5,
        "26": 11,
        "27": 14,
        "28": 12,
        "29": 14,
        "30": 13,
        "31": 15,
        "32": 7,
        "33": 14,
        "34": 15,
        "35": 5,
        "36": 12,
        "37": 11,
        "38": 13,
        "39": 14,
        "40": 13
    },
    "task_service_time": {
        "0": 0,
        "1": 82,
        "2": 45,
        "3": 22,
        "4": 22,
        "5": 32,
        "6": 53,
        "7": 100,
        "8": 63,
        "9": 80,
        "10": 40,
        "11": 89,
        "12": 16,
        "13": 66,
        "14": 56,
        "15": 37,
        "16": 85,
        "17": 10,
        "18": 69,
        "19": 88,
        "20": 69,
        "21": 50,
        "22": 56,
        "23": 47,
        "24": 84,
        "25": 29,
        "26": 19,
        "27": 33,
        "28": 88,
        "29": 80,
        "30": 39,
        "31": 34,
        "32": 67,
        "33": 22,
        "34": 82,
        "35": 56,
        "36": 17,
        "37": 76,
        "38": 29,
        "39": 20,
        "40": 67
    },
    "task_precedence": [],
    "coordinates": {
        "0": [
            100,
            100
        ],
        "1": [
            70.3935905498819,
            21.932997194679682
        ],
        "2": [
            85.63177349038912,
            57.872937115201104
        ],
        "3": [
            23.703656133748108,
            84.05619365319085
        ],
        "4": [
            10.046081652567096,
            38.43423559857847
        ],
        "5": [
            51.47190854225059,
            84.31013089509554
        ],
        "6": [
            3.7420646854850137,
            45.05231366493422
        ],
        "7": [
            41.05945879232304,
            35.740169396174004
        ],
        "8": [
            43.283157649690594,
            44.85417229137085
        ],
        "9": [
            42.34612382386075,
            9.454251119244116
        ],
        "10": [
            27.37338007752942,
            99.3951310064692
        ],
        "11": [
            61.45834526441245,
            27.857873702604465
        ],
        "12": [
            73.43101177392701,
            39.63346656050781
        ],
        "13": [
            40.51961382533907,
            86.39157475717677
        ],
        "14": [
            81.59180146702516,
            59.94986122876408
        ],
        "15": [
            65.06840015429052,
            82.06197569921106
        ],
        "16": [
            11.713168121762862,
            22.114226586804886
        ],
        "17": [
            60.30585590465297,
            42.41570993140644
        ],
        "18": [
            97.29046941479731,
            22.163011171820457
        ],
        "19": [
            72.98106514210698,
            87.1923908395768
        ],
        "20": [
            75.5536147100758,
            19.480036289920022
        ],
        "21": [
            2.666805621041035,
            60.96799045917044
        ],
        "22": [
            47.51016701540872,
            86.06328609848892
        ],
        "23": [
            25.454138215335686,
            82.64579170932491
        ],
        "24": [
            51.225165915631244,
            41.53226056765293
        ],
        "25": [
            40.57255863174814,
            86.49955846089578
        ],
        "26": [
            63.41694352660095,
            93.67746762522926
        ],
        "27": [
            25.044825769506808,
            56.56504758447451
        ],
        "28": [
            81.34186959181473,
            71.29258262814727
        ],
        "29": [
            99.6459092693777,
            3.9179735405188265
        ],
        "30": [
            19.912278735770204,
            33.79328189402027
        ],
        "31": [
            69.70148293632408,
            59.71555906933054
        ],
        "32": [
            77.3553226399788,
            38.065820012752425
        ],
        "33": [
            27.766872967364854,
            95.15470295606352
        ],
        "34": [
            96.23901307824029,
            43.02013274591815
        ],
        "35": [
            93.77650050017138,
            88.48504790734685
        ],
        "36": [
            68.55276814193577,
            58.64149245275657
        ],
        "37": [
            80.12159929837505,
            20.9264913958906
        ],
        "38": [
            51.12060168471696,
            5.394075357211891
        ],
        "39": [
            13.238798656012118,
            20.09881533050909
        ],
        "40": [
            68.68406417926852,
            40.367254964954924
        ]
    },
    "distance_matrix_str_keys": {
        "0,0": 0.0,
        "0,1": 83.4924931208425,
        "0,2": 44.50994675722816,
        "0,3": 77.94444847570547,
        "0,4": 109.0048199502571,
        "0,5": 51.00144755848335,
        "0,6": 110.83698996539975,
        "0,7": 87.19697946079485,
        "0,8": 79.10665281668578,
        "0,9": 107.34291815723337,
        "0,10": 72.62913869696057,
        "0,11": 81.79208724850226,
        "0,12": 65.95475339093107,
        "0,13": 61.017256387650725,
        "0,14": 44.07806017538285,
        "0,15": 39.26817265415422,
        "0,16": 117.73172207721962,
        "0,17": 69.939799386087,
        "0,18": 77.88413436528839,
        "0,19": 29.900797535537784,
        "0,20": 84.14921455139091,
        "0,21": 104.86776671984398,
        "0,22": 54.30851278688139,
        "0,23": 76.5392321271543,
        "0,24": 76.14105984478107,
        "0,25": 60.94163362864326,
        "0,26": 37.12538803253008,
        "0,27": 86.63067144644876,
        "0,28": 34.238014581610884,
        "0,29": 96.08267892188452,
        "0,30": 103.91040669568005,
        "0,31": 50.40670905102274,
        "0,32": 65.94409801818685,
        "0,33": 72.39545251158242,
        "0,34": 57.10385534198577,
        "0,35": 13.089158403826588,
        "0,36": 51.95627525208327,
        "0,37": 81.53386153874062,
        "0,38": 106.48697834562213,
        "0,39": 117.94789260618475,
        "0,40": 67.3554163875695,
        "1,0": 83.4924931208425,
        "1,1": 0.0,
        "1,2": 39.03692483814593,
        "1,3": 77.71255699052534,
        "1,4": 62.562869970724606,
        "1,5": 65.18386962030924,
        "1,6": 70.5473507234974,
        "1,7": 32.421124134914585,
        "1,8": 35.50149067080073,
        "1,9": 30.698200164870617,
        "1,10": 88.60654989198649,
        "1,11": 10.721136597658996,
        "1,12": 17.959191058143453,
        "1,13": 71.04479366370894,
        "1,14": 39.63182911159774,
        "1,15": 60.364324801555554,
        "1,16": 58.680702283076556,
        "1,17": 22.83208074897732,
        "1,18": 26.89786235193446,
        "1,19": 65.31066898803785,
        "1,20": 5.713393609236466,
        "1,21": 78.1706344860799,
        "1,22": 68.09071175677428,
        "1,23": 75.53540755107161,
        "1,24": 27.414587863437205,
        "1,25": 71.1205650877887,
        "1,26": 72.08288729682972,
        "1,27": 57.06040116672049,
        "1,28": 50.559207748379634,
        "1,29": 34.354609992356764,
        "1,30": 51.855850158135354,
        "1,31": 37.788900417458095,
        "1,32": 17.570819154883285,
        "1,33": 84.72576495061192,
        "1,34": 33.35645591824288,
        "1,35": 70.54031423097553,
        "1,36": 36.75462217531083,
        "1,37": 9.779939065953075,
        "1,38": 25.396535892570878,
        "1,39": 57.18421512570069,
        "1,40": 18.513355718312543,
        "2,0": 44.50994675722816,
        "2,1": 39.03692483814593,
        "2,2": 0.0,
        "2,3": 67.23581368788574,
        "2,4": 78.04524282270215,
        "2,5": 43.195156999723395,
        "2,6": 82.88722937706099,
        "2,7": 49.7649539781546,
        "2,8": 44.3045539551101,
        "2,9": 64.9462594814244,
        "2,10": 71.54112795163071,
        "2,11": 38.53905374887457,
        "2,12": 21.94394842724096,
        "2,13": 53.37058780451345,
        "2,14": 4.542575010174606,
        "2,15": 31.748415875103024,
        "2,16": 82.11361396441116,
        "2,17": 29.670321430192498,
        "2,18": 37.56493047430732,
        "2,19": 31.932284422025045,
        "2,20": 39.6936281811209,
        "2,21": 83.02267912302021,
        "2,22": 47.412579090709926,
        "2,23": 65.07720116937234,
        "2,24": 38.08979331572931,
        "2,25": 53.383670661981974,
        "2,26": 42.13624420096738,
        "2,27": 60.60106277250846,
        "2,28": 14.088653631633507,
        "2,29": 55.74526074902887,
        "2,30": 69.99201230407171,
        "2,31": 16.036502511544516,
        "2,32": 21.46675398352934,
        "2,33": 68.83514201882923,
        "2,34": 18.251556900885685,
        "2,35": 31.677088016648295,
        "2,36": 17.096289100251646,
        "2,37": 37.35507824802801,
        "2,38": 62.809648230305854,
        "2,39": 81.6555391995882,
        "2,40": 24.365421367989754,
        "3,0": 77.94444847570547,
        "3,1": 77.71255699052534,
        "3,2": 67.23581368788574,
        "3,3": 0.0,
        "3,4": 47.62239386513259,
        "3,5": 27.769413496599633,
        "3,6": 43.81515476733702,
        "3,7": 51.338699690662565,
        "3,8": 43.81957734238642,
        "3,9": 76.89597799244889,
        "3,10": 15.771806267874323,
        "3,11": 67.70278957784221,
        "3,12": 66.67974641010437,
        "3,13": 16.977350735206944,
        "3,14": 62.70687867438129,
        "3,15": 41.412787314221845,
        "3,16": 63.09183058700076,
        "3,17": 55.44051688660036,
        "3,18": 96.1550057278986,
        "3,19": 49.37710776634232,
        "3,20": 82.81605100566445,
        "3,21": 31.23482361439485,
        "3,22": 23.89096859573922,
        "3,23": 2.2479815749289376,
        "3,24": 50.65292080164376,
        "3,25": 17.044937754962987,
        "3,26": 40.86213538708358,
        "3,27": 27.523841449975304,
        "3,28": 59.03451039041711,
        "3,29": 110.40543525634556,
        "3,30": 50.40570246593202,
        "3,31": 52.04100846932919,
        "3,32": 70.66552049254946,
        "3,33": 11.818910262073137,
        "3,34": 83.33868430597093,
        "3,35": 70.21266458129568,
        "3,36": 51.54948966799107,
        "3,37": 84.66607123294699,
        "3,38": 83.30316775582654,
        "3,39": 64.80786591101399,
        "3,40": 62.705346435897745,
        "4,0": 109.0048199502571,
        "4,1": 62.562869970724606,
        "4,2": 78.04524282270215,
        "4,3": 47.62239386513259,
        "4,4": 0.0,
        "4,5": 61.8117861151983,
        "4,6": 9.139999300527208,
        "4,7": 31.13017112570496,
        "4,8": 33.851422539946896,
        "4,9": 43.39507143316863,
        "4,10": 63.37559498450089,
        "4,11": 52.48885863350896,
        "4,12": 63.396273718490185,
        "4,13": 56.820265242761714,
        "4,14": 74.71085710944051,
        "4,15": 70.21990629154557,
        "4,16": 16.404934362567456,
        "4,17": 50.41722965151499,
        "4,18": 88.74872359844007,
        "4,19": 79.61262368075776,
        "4,20": 68.19456399679483,
        "4,21": 23.71125941123135,
        "4,22": 60.597723914329514,
        "4,23": 46.81954614020898,
        "4,24": 41.29545664420659,
        "4,25": 56.93980205988842,
        "4,26": 76.8131732317288,
        "4,27": 23.53059005535869,
        "4,28": 78.50325055304234,
        "4,29": 96.01823501514086,
        "4,30": 10.903224118234844,
        "4,31": 63.33767939380837,
        "4,32": 67.31024923698725,
        "4,33": 59.42421949066002,
        "4,34": 86.31484159978966,
        "4,35": 97.54930472926401,
        "4,36": 61.898025764445855,
        "4,37": 72.22949037889366,
        "4,38": 52.71402455368648,
        "4,39": 18.611315866182494,
        "4,40": 58.669835168274744,
        "5,0": 51.00144755848335,
        "5,1": 65.18386962030924,
        "5,2": 43.195156999723395,
        "5,3": 27.769413496599633,
        "5,4": 61.8117861151983,
        "5,5": 0.0,
        "5,6": 61.8006003876012,
        "5,7": 49.67353691656642,
        "5,8": 40.29675310145023,
        "5,9": 75.41009669628544,
        "5,10": 28.430552272601386,
        "5,11": 57.328755965334736,
        "5,12": 49.781588472093226,
        "5,13": 11.14832579884009,
        "5,14": 38.737974753673875,
        "5,15": 13.781102493670616,
        "5,16": 73.81793787792891,
        "5,17": 42.815664585341764,
        "5,18": 77.21143056782692,
        "5,19": 21.701411014602417,
        "5,20": 69.15829479151057,
        "5,21": 54.09984834803427,
        "5,22": 4.332314519132772,
        "5,23": 26.07094930587272,
        "5,24": 42.778581926885856,
        "5,25": 11.117077922613287,
        "5,26": 15.17994921576045,
        "5,27": 38.31684162076452,
        "5,28": 32.58329535183338,
        "5,29": 93.7210398479459,
        "5,30": 59.56477370493004,
        "5,31": 30.613891387436745,
        "5,32": 52.99516406557558,
        "5,33": 26.067862489895973,
        "5,34": 60.90121177526193,
        "5,35": 42.51009800959487,
        "5,36": 30.83236552954832,
        "5,37": 69.55782153422241,
        "5,38": 78.91683748203857,
        "5,39": 74.73194590071964,
        "5,40": 47.19358692327444,
        "6,0": 110.83698996539975,
        "6,1": 70.5473507234974,
        "6,2": 82.88722937706099,
        "6,3": 43.81515476733702,
        "6,4": 9.139999300527208,
        "6,5": 61.8006003876012,
        "6,6": 0.0,
        "6,7": 38.46172036983361,
        "6,8": 39.541589406697675,
        "6,9": 52.511859983874835,
        "6,10": 59.258593163976734,
        "6,11": 60.223067087982486,
        "6,12": 69.89930793818218,
        "6,13": 55.33102771851413,
        "6,14": 79.262339357173,
        "6,15": 71.62844760235883,
        "6,16": 24.283622645636797,
        "6,17": 56.625207781811056,
        "6,18": 96.30796538199986,
        "6,19": 81.05445878245644,
        "6,20": 76.22886649477984,
        "6,21": 15.951957556182823,
        "6,22": 59.97955186151741,
        "6,23": 43.41294424984013,
        "6,24": 47.613398074911586,
        "6,25": 55.4469060047726,
        "6,26": 76.97724834237883,
        "6,27": 24.214678856120457,
        "6,28": 81.91630751420742,
        "6,29": 104.35315684464237,
        "6,30": 19.70384781839553,
        "6,31": 67.56963535330549,
        "6,32": 73.9440520949915,
        "6,33": 55.5647444488045,
        "6,34": 92.51926945917616,
        "6,35": 99.9630033374394,
        "6,36": 66.22003520572456,
        "6,37": 80.09924224260268,
        "6,38": 61.78593394826759,
        "6,39": 26.699532490909295,
        "6,40": 65.11077540064186,
        "7,0": 87.19697946079485,
        "7,1": 32.421124134914585,
        "7,2": 49.7649539781546,
        "7,3": 51.338699690662565,
        "7,4": 31.13017112570496,
        "7,5": 49.67353691656642,
        "7,6": 38.46172036983361,
        "7,7": 0.0,
        "7,8": 9.38135839747711,
        "7,9": 26.31738981291303,
        "7,10": 65.10962208610708,
        "7,11": 21.868816947929698,
        "7,12": 32.60483407794928,
        "7,13": 50.65428212533465,
        "7,14": 47.21207452896406,
        "7,15": 52.174121981097834,
        "7,16": 32.3553873963086,
        "7,17": 20.371220956119277,
        "7,18": 57.84691678105192,
        "7,19": 60.550144866973895,
        "7,20": 38.134482048552,
        "7,21": 45.93951211230825,
        "7,22": 50.73487667486924,
        "7,23": 49.433424268348084,
        "7,24": 11.699996643401368,
        "7,25": 50.76172426139763,
        "7,26": 62.10143033558856,
        "7,27": 26.270592349869666,
        "7,28": 53.72752280196801,
        "7,29": 66.67101565580094,
        "7,30": 21.236609788059592,
        "7,31": 37.35217339118621,
        "7,32": 36.370295341637735,
        "7,33": 60.88332806321544,
        "7,34": 55.65771354957106,
        "7,35": 74.5728415415787,
        "7,36": 35.78201582828255,
        "7,37": 41.77673846545024,
        "7,38": 31.97048669824563,
        "7,39": 31.91615715319769,
        "7,40": 28.009440259406784,
        "8,0": 79.10665281668578,
        "8,1": 35.50149067080073,
        "8,2": 44.3045539551101,
        "8,3": 43.81957734238642,
        "8,4": 33.851422539946896,
        "8,5": 40.29675310145023,
        "8,6": 39.541589406697675,
        "8,7": 9.38135839747711,
        "8,8": 0.0,
        "8,9": 35.412320615621,
        "8,10": 56.814058119075646,
        "8,11": 24.883962918892983,
        "8,12": 30.596550077165645,
        "8,13": 41.62923225421592,
        "8,14": 41.17562404649069,
        "8,15": 43.11632434960931,
        "8,16": 38.9071891742397,
        "8,17": 17.196463431777545,
        "8,18": 58.580530187484904,
        "8,19": 51.71547601312176,
        "8,20": 41.05154292723099,
        "8,21": 43.696031719826614,
        "8,22": 41.42533848921307,
        "8,23": 41.786127269969484,
        "8,24": 8.608750942874591,
        "8,25": 41.73350615806117,
        "8,26": 52.81177426478337,
        "8,27": 21.67444001358176,
        "8,28": 46.34064194451074,
        "8,29": 69.66011870727611,
        "8,30": 25.85616517566615,
        "8,31": 30.31152797063344,
        "8,32": 34.741821394164766,
        "8,33": 52.639324420937086,
        "8,34": 52.98760539242872,
        "8,35": 66.73253313963863,
        "8,36": 28.78616701928794,
        "8,37": 43.927265976150395,
        "8,38": 40.23089334150302,
        "8,39": 38.929310366364255,
        "8,40": 25.7941559198677,
        "9,0": 107.34291815723337,
        "9,1": 30.698200164870617,
        "9,2": 64.9462594814244,
        "9,3": 76.89597799244889,
        "9,4": 43.39507143316863,
        "9,5": 75.41009669628544,
        "9,6": 52.511859983874835,
        "9,7": 26.31738981291303,
        "9,8": 35.412320615621,
        "9,9": 0.0,
        "9,10": 91.17864294987919,
        "9,11": 26.53243925053735,
        "9,12": 43.32499628988309,
        "9,13": 76.95900147054073,
        "9,14": 63.95334122627081,
        "9,15": 76.08011244942232,
        "9,16": 33.14593419841915,
        "9,17": 37.53677854371244,
        "9,18": 56.394979337616846,
        "9,19": 83.55667535721102,
        "9,20": 34.68794919343893,
        "9,21": 65.0239466183228,
        "9,22": 76.78288600030169,
        "9,23": 75.11551631818863,
        "9,24": 33.284171593110706,
        "9,25": 77.06571816871778,
        "9,26": 86.81894748014072,
        "9,27": 50.18726987946202,
        "9,28": 73.10709563239334,
        "9,29": 57.56662037614308,
        "9,30": 33.10084325952958,
        "9,31": 57.223375896789335,
        "9,32": 45.21355854491497,
        "9,33": 86.93170883269026,
        "9,34": 63.49103812004267,
        "9,35": 94.29183679422935,
        "9,36": 55.7330504854641,
        "9,37": 39.47909376227804,
        "9,38": 9.668323998979849,
        "9,39": 30.992630183232553,
        "9,40": 40.611585895282985,
        "10,0": 72.62913869696057,
        "10,1": 88.60654989198649,
        "10,2": 71.54112795163071,
        "10,3": 15.771806267874323,
        "10,4": 63.37559498450089,
        "10,5": 28.430552272601386,
        "10,6": 59.258593163976734,
        "10,7": 65.10962208610708,
        "10,8": 56.814058119075646,
        "10,9": 91.17864294987919,
        "10,10": 0.0,
        "10,11": 79.2424383417773,
        "10,12": 75.45039413305071,
        "10,13": 18.490969062776607,
        "10,14": 67.04898601623194,
        "10,15": 41.489189091773696,
        "10,16": 78.85163553421593,
        "10,17": 65.81187119474254,
        "10,18": 104.17869127393108,
        "10,19": 47.21194557027258,
        "10,20": 93.31536514852337,
        "10,21": 45.684351281547784,
        "10,22": 24.15011960285055,
        "10,23": 16.858939949369855,
        "10,24": 62.5860964039611,
        "10,25": 18.453024299130323,
        "10,26": 36.49424804881473,
        "10,27": 42.89333527601269,
        "10,28": 60.84694804022177,
        "10,29": 119.74642405334885,
        "10,30": 66.02477292807994,
        "10,31": 58.01841708233053,
        "10,32": 79.11686905635244,
        "10,33": 4.258646111737671,
        "10,34": 88.99784175734675,
        "10,35": 67.29341955268468,
        "10,36": 57.936180895236994,
        "10,37": 94.54999753202141,
        "10,38": 96.95426239849202,
        "10,39": 80.54621078451187,
        "10,40": 72.04764236896344,
        "11,0": 81.79208724850226,
        "11,1": 10.721136597658996,
        "11,2": 38.53905374887457,
        "11,3": 67.70278957784221,
        "11,4": 52.48885863350896,
        "11,5": 57.328755965334736,
        "11,6": 60.223067087982486,
        "11,7": 21.868816947929698,
        "11,8": 24.883962918892983,
        "11,9": 26.53243925053735,
        "11,10": 79.2424383417773,
        "11,11": 0.0,
        "11,12": 16.793133433137363,
        "11,13": 62.16610518139028,
        "11,14": 37.88471620642959,
        "11,15": 54.32418586197554,
        "11,16": 50.07566406094301,
        "11,17": 14.603384107424487,
        "11,18": 36.28184918624079,
        "11,19": 60.443014462032586,
        "11,20": 16.39709670823546,
        "11,21": 67.47388357928972,
        "11,22": 59.853334983449,
        "11,23": 65.55927764049808,
        "11,24": 17.07942668005376,
        "11,25": 62.25000622133299,
        "11,26": 65.84872854726866,
        "11,27": 46.36859103196684,
        "11,28": 47.76953505242673,
        "11,29": 45.07115335116182,
        "11,30": 41.96790100065874,
        "11,31": 32.90686000826273,
        "11,32": 18.892222144314616,
        "11,33": 75.25940826974357,
        "11,34": 37.94191551401151,
        "11,35": 68.70311062750211,
        "11,36": 31.590536863431787,
        "11,37": 19.90881995041512,
        "11,38": 24.728347668657474,
        "11,39": 48.839816358594916,
        "11,40": 14.446301720625716,
        "12,0": 65.95475339093107,
        "12,1": 17.959191058143453,
        "12,2": 21.94394842724096,
        "12,3": 66.67974641010437,
        "12,4": 63.396273718490185,
        "12,5": 49.781588472093226,
        "12,6": 69.89930793818218,
        "12,7": 32.60483407794928,
        "12,8": 30.596550077165645,
        "12,9": 43.32499628988309,
        "12,10": 75.45039413305071,
        "12,11": 16.793133433137363,
        "12,12": 0.0,
        "12,13": 57.1793738778392,
        "12,14": 21.894163165814962,
        "12,15": 43.24478767243406,
        "12,16": 64.15618438100235,
        "12,17": 13.416802702866585,
        "12,18": 29.571786053679602,
        "12,19": 47.56105266448277,
        "12,20": 20.26490056467072,
        "12,21": 73.91031580524299,
        "12,22": 53.17535458579187,
        "12,23": 64.43477718720398,
        "12,24": 22.286879749394295,
        "12,25": 57.23730001417236,
        "12,26": 54.96394831110403,
        "12,27": 51.26306108715611,
        "12,28": 32.63251908141788,
        "12,29": 44.303693890666366,
        "12,30": 53.83644251757515,
        "12,31": 20.425470003978504,
        "12,32": 4.225840918929803,
        "12,33": 71.88755986842337,
        "12,34": 23.05806651367278,
        "12,35": 52.91895607054781,
        "12,36": 19.624023778355507,
        "12,37": 19.86743267842891,
        "12,38": 40.86673841060801,
        "12,39": 63.28273950067408,
        "12,40": 4.803327689106282,
        "13,0": 61.017256387650725,
        "13,1": 71.04479366370894,
        "13,2": 53.37058780451345,
        "13,3": 16.977350735206944,
        "13,4": 56.820265242761714,
        "13,5": 11.14832579884009,
        "13,6": 55.33102771851413,
        "13,7": 50.65428212533465,
        "13,8": 41.62923225421592,
        "13,9": 76.95900147054073,
        "13,10": 18.490969062776607,
        "13,11": 62.16610518139028,
        "13,12": 57.1793738778392,
        "13,13": 0.0,
        "13,14": 48.84760804781043,
        "13,15": 24.927662109135923,
        "13,16": 70.43712658739206,
        "13,17": 48.22211176209143,
        "13,18": 85.72186666538055,
        "13,19": 32.47132778296452,
        "13,20": 75.52837346353299,
        "13,21": 45.598176800275766,
        "13,22": 6.998257450724144,
        "13,23": 15.524156853020433,
        "13,24": 46.11905154176931,
        "13,25": 0.12026484438342479,
        "13,26": 24.028565132629698,
        "13,27": 33.60194620192222,
        "13,28": 43.525120668138875,
        "13,29": 101.47814400441143,
        "13,30": 56.491084886131866,
        "13,31": 39.53721408734914,
        "13,32": 60.76387097194499,
        "13,33": 15.473358239915763,
        "13,34": 70.60972620850599,
        "13,35": 53.29801692489519,
        "13,36": 39.44521274933397,
        "13,37": 76.51140041135503,
        "13,38": 81.68828467192826,
        "13,39": 71.6866293579564,
        "13,40": 53.95807887680639,
        "14,0": 44.07806017538285,
        "14,1": 39.63182911159774,
        "14,2": 4.542575010174606,
        "14,3": 62.70687867438129,
        "14,4": 74.71085710944051,
        "14,5": 38.737974753673875,
        "14,6": 79.262339357173,
        "14,7": 47.21207452896406,
        "14,8": 41.17562404649069,
        "14,9": 63.95334122627081,
        "14,10": 67.04898601623194,
        "14,11": 37.88471620642959,
        "14,12": 21.894163165814962,
        "14,13": 48.84760804781043,
        "14,14": 0.0,
        "14,15": 27.60377505515925,
        "14,16": 79.46419726494081,
        "14,17": 27.577852349356373,
        "14,18": 40.91814038492401,
        "14,19": 28.570967775930754,
        "14,20": 40.91780089267363,
        "14,21": 78.93156248560153,
        "14,22": 42.93563514518416,
        "14,23": 60.55198176557508,
        "14,24": 35.51535680270357,
        "14,25": 48.86168955221757,
        "14,26": 38.31288157251396,
        "14,27": 56.64818994409531,
        "14,28": 11.3454746346846,
        "14,29": 58.868694961304314,
        "14,30": 66.99649369071597,
        "14,31": 11.892626802496103,
        "14,32": 22.29033451512357,
        "14,33": 64.31565757292503,
        "14,34": 22.386525288364876,
        "14,35": 31.02779027436408,
        "14,36": 13.104511395196049,
        "14,37": 39.05105488370222,
        "14,38": 62.48862127008398,
        "14,39": 79.12167119359387,
        "14,40": 23.453958087562125,
        "15,0": 39.26817265415422,
        "15,1": 60.364324801555554,
        "15,2": 31.748415875103024,
        "15,3": 41.412787314221845,
        "15,4": 70.21990629154557,
        "15,5": 13.781102493670616,
        "15,6": 71.62844760235883,
        "15,7": 52.174121981097834,
        "15,8": 43.11632434960931,
        "15,9": 76.08011244942232,
        "15,10": 41.489189091773696,
        "15,11": 54.32418586197554,
        "15,12": 43.24478767243406,
        "15,13": 24.927662109135923,
        "15,14": 27.60377505515925,
        "15,15": 0.0,
        "15,16": 80.2528093520025,
        "15,17": 39.93129370632953,
        "15,18": 68.01579007026601,
        "15,19": 9.430346055257496,
        "15,20": 63.45422652990916,
        "15,21": 65.87044264007281,
        "15,22": 18.008387930925302,
        "15,23": 39.61856370568966,
        "15,24": 42.82864628763837,
        "15,25": 24.894545440001767,
        "15,26": 11.732304192976486,
        "15,27": 47.45502976315954,
        "15,28": 19.51424184161689,
        "15,29": 85.45226275518766,
        "15,30": 66.09797351828128,
        "15,31": 22.821651830254897,
        "15,32": 45.67964732084103,
        "15,33": 39.53256173712098,
        "15,34": 49.95870906302817,
        "15,35": 29.417866714975975,
        "15,36": 23.678257025608588,
        "15,37": 62.96146635421549,
        "15,38": 77.92629867380174,
        "15,39": 80.7820576263555,
        "15,40": 41.85119787352721,
        "16,0": 117.73172207721962,
        "16,1": 58.680702283076556,
        "16,2": 82.11361396441116,
        "16,3": 63.09183058700076,
        "16,4": 16.404934362567456,
        "16,5": 73.81793787792891,
        "16,6": 24.283622645636797,
        "16,7": 32.3553873963086,
        "16,8": 38.9071891742397,
        "16,9": 33.14593419841915,
        "16,10": 78.85163553421593,
        "16,11": 50.07566406094301,
        "16,12": 64.15618438100235,
        "16,13": 70.43712658739206,
        "16,14": 79.46419726494081,
        "16,15": 80.2528093520025,
        "16,16": 0.0,
        "16,17": 52.6630756028982,
        "16,18": 85.57731519821436,
        "16,19": 89.38077347957027,
        "16,20": 63.89476957557199,
        "16,21": 39.89300241325544,
        "16,22": 73.28647448349926,
        "16,23": 62.0716089310914,
        "16,24": 44.02565176512472,
        "16,25": 70.55731982682344,
        "16,26": 88.28690649828866,
        "16,27": 36.9403866120825,
        "16,28": 85.24474629755572,
        "16,29": 89.79571588142672,
        "16,30": 14.269749392674127,
        "16,31": 69.11226272879581,
        "16,32": 67.55254090424778,
        "16,33": 74.78390620660258,
        "16,34": 87.0728165269742,
        "16,35": 105.5437181636712,
        "16,36": 67.5646452080906,
        "16,37": 68.41874137200291,
        "16,38": 42.80781794437905,
        "16,39": 2.5277323946647257,
        "16,40": 59.82354087287599,
        "17,0": 69.939799386087,
        "17,1": 22.83208074897732,
        "17,2": 29.670321430192498,
        "17,3": 55.44051688660036,
        "17,4": 50.41722965151499,
        "17,5": 42.815664585341764,
        "17,6": 56.625207781811056,
        "17,7": 20.371220956119277,
        "17,8": 17.196463431777545,
        "17,9": 37.53677854371244,
        "17,10": 65.81187119474254,
        "17,11": 14.603384107424487,
        "17,12": 13.416802702866585,
        "17,13": 48.22211176209143,
        "17,14": 27.577852349356373,
        "17,15": 39.93129370632953,
        "17,16": 52.6630756028982,
        "17,17": 0.0,
        "17,18": 42.16673384957966,
        "17,19": 46.53613738123683,
        "17,20": 27.541591711030872,
        "17,21": 60.55119511931698,
        "17,22": 45.484509004842465,
        "17,23": 53.22688893551716,
        "17,24": 9.123563637912321,
        "17,25": 48.298951566589864,
        "17,26": 51.35607722608533,
        "17,27": 37.99399955535368,
        "17,28": 35.726567825502535,
        "17,29": 55.04285154279038,
        "17,30": 41.30359962228947,
        "17,31": 19.686609345268224,
        "17,32": 17.595620428487013,
        "17,33": 61.96924072350697,
        "17,34": 35.93824023794755,
        "17,35": 56.94442862283308,
        "17,36": 18.20130709261278,
        "17,37": 29.23098013260926,
        "17,38": 38.1440732176055,
        "17,39": 52.08984222163086,
        "17,40": 8.624995167674953,
        "18,0": 77.88413436528839,
        "18,1": 26.89786235193446,
        "18,2": 37.56493047430732,
        "18,3": 96.1550057278986,
        "18,4": 88.74872359844007,
        "18,5": 77.21143056782692,
        "18,6": 96.30796538199986,
        "18,7": 57.84691678105192,
        "18,8": 58.580530187484904,
        "18,9": 56.394979337616846,
        "18,10": 104.17869127393108,
        "18,11": 36.28184918624079,
        "18,12": 29.571786053679602,
        "18,13": 85.72186666538055,
        "18,14": 40.91814038492401,
        "18,15": 68.01579007026601,
        "18,16": 85.57731519821436,
        "18,17": 42.16673384957966,
        "18,18": 0.0,
        "18,19": 69.42454433459608,
        "18,20": 21.90180829682979,
        "18,21": 102.27152178023697,
        "18,22": 81.00199776967472,
        "18,23": 93.9075354896862,
        "18,24": 49.971792129442775,
        "18,25": 85.76778369920348,
        "18,26": 79.1311142214288,
        "18,27": 80.01832999419496,
        "18,28": 51.65338931566798,
        "18,29": 18.396453328730466,
        "18,30": 78.24734877190113,
        "18,31": 46.59770411194276,
        "18,32": 25.5011647962359,
        "18,33": 100.8033607203221,
        "18,34": 20.88360794461477,
        "18,35": 66.41506255572955,
        "18,36": 46.438508492541345,
        "18,37": 17.213340240372965,
        "18,38": 49.120809180708505,
        "18,39": 84.07701387308254,
        "18,40": 33.9075347464124,
        "19,0": 29.900797535537784,
        "19,1": 65.31066898803785,
        "19,2": 31.932284422025045,
        "19,3": 49.37710776634232,
        "19,4": 79.61262368075776,
        "19,5": 21.701411014602417,
        "19,6": 81.05445878245644,
        "19,7": 60.550144866973895,
        "19,8": 51.71547601312176,
        "19,9": 83.55667535721102,
        "19,10": 47.21194557027258,
        "19,11": 60.443014462032586,
        "19,12": 47.56105266448277,
        "19,13": 32.47132778296452,
        "19,14": 28.570967775930754,
        "19,15": 9.430346055257496,
        "19,16": 89.38077347957027,
        "19,17": 46.53613738123683,
        "19,18": 69.42454433459608,
        "19,19": 0.0,
        "19,20": 67.7612054935424,
        "19,21": 75.04541469875205,
        "19,22": 25.495912003632828,
        "19,23": 47.743903765338096,
        "19,24": 50.578321913658094,
        "19,25": 32.415911385258326,
        "19,26": 11.555459453955004,
        "19,27": 56.88512283587936,
        "19,28": 17.964046097872682,
        "19,29": 87.43936464104304,
        "19,30": 75.28453311816985,
        "19,31": 27.67186194629668,
        "19,32": 49.320929531596214,
        "19,33": 45.90992908135302,
        "19,34": 49.92114308880236,
        "19,35": 20.835572802932266,
        "19,36": 28.89227600962339,
        "19,37": 66.64950605306511,
        "19,38": 84.66902785744256,
        "19,39": 89.83699838867359,
        "19,40": 47.02188391537961,
        "20,0": 84.14921455139091,
        "20,1": 5.713393609236466,
        "20,2": 39.6936281811209,
        "20,3": 82.81605100566445,
        "20,4": 68.19456399679483,
        "20,5": 69.15829479151057,
        "20,6": 76.22886649477984,
        "20,7": 38.134482048552,
        "20,8": 41.05154292723099,
        "20,9": 34.68794919343893,
        "20,10": 93.31536514852337,
        "20,11": 16.39709670823546,
        "20,12": 20.26490056467072,
        "20,13": 75.52837346353299,
        "20,14": 40.91780089267363,
        "20,15": 63.45422652990916,
        "20,16": 63.89476957557199,
        "20,17": 27.541591711030872,
        "20,18": 21.90180829682979,
        "20,19": 67.7612054935424,
        "20,20": 0.0,
        "20,21": 83.86737911924531,
        "20,22": 72.24793501321555,
        "20,23": 80.62177251060098,
        "20,24": 32.83556024098483,
        "20,25": 75.59954124451428,
        "20,26": 75.1834928968701,
        "20,27": 62.661278497651,
        "20,28": 52.134862161771565,
        "20,29": 28.681291012582886,
        "20,30": 57.45282646422933,
        "20,31": 40.65888266578187,
        "20,32": 18.672908398441233,
        "20,33": 89.49987632067702,
        "20,34": 31.337227809864697,
        "20,35": 71.37061856842828,
        "20,36": 39.78230135957958,
        "20,37": 4.791525390992699,
        "20,38": 28.202595995672716,
        "20,39": 62.31788818110628,
        "20,40": 21.987874578367993,
        "21,0": 104.86776671984398,
        "21,1": 78.1706344860799,
        "21,2": 83.02267912302021,
        "21,3": 31.23482361439485,
        "21,4": 23.71125941123135,
        "21,5": 54.09984834803427,
        "21,6": 15.951957556182823,
        "21,7": 45.93951211230825,
        "21,8": 43.696031719826614,
        "21,9": 65.0239466183228,
        "21,10": 45.684351281547784,
        "21,11": 67.47388357928972,
        "21,12": 73.91031580524299,
        "21,13": 45.598176800275766,
        "21,14": 78.93156248560153,
        "21,15": 65.87044264007281,
        "21,16": 39.89300241325544,
        "21,17": 60.55119511931698,
        "21,18": 102.27152178023697,
        "21,19": 75.04541469875205,
        "21,20": 83.86737911924531,
        "21,21": 0.0,
        "21,22": 51.38775072301436,
        "21,23": 31.451384608697314,
        "21,24": 52.30355581521453,
        "21,25": 45.702374948523804,
        "21,26": 68.99629810374954,
        "21,27": 22.80705355198202,
        "21,28": 79.34962441159398,
        "21,29": 112.51511442847693,
        "21,30": 32.18495189605994,
        "21,31": 67.04637609260011,
        "21,32": 78.12095740353504,
        "21,33": 42.411610345932594,
        "21,34": 95.27792821481944,
        "21,35": 95.17439230998258,
        "21,36": 65.92702518905728,
        "21,37": 87.19269872433712,
        "21,38": 73.73079677271902,
        "21,39": 42.21441119367494,
        "21,40": 69.15684153029612,
        "22,0": 54.30851278688139,
        "22,1": 68.09071175677428,
        "22,2": 47.412579090709926,
        "22,3": 23.89096859573922,
        "22,4": 60.597723914329514,
        "22,5": 4.332314519132772,
        "22,6": 59.97955186151741,
        "22,7": 50.73487667486924,
        "22,8": 41.42533848921307,
        "22,9": 76.78288600030169,
        "22,10": 24.15011960285055,
        "22,11": 59.853334983449,
        "22,12": 53.17535458579187,
        "22,13": 6.998257450724144,
        "22,14": 42.93563514518416,
        "22,15": 18.008387930925302,
        "22,16": 73.28647448349926,
        "22,17": 45.484509004842465,
        "22,18": 81.00199776967472,
        "22,19": 25.495912003632828,
        "22,20": 72.24793501321555,
        "22,21": 51.38775072301436,
        "22,22": 0.0,
        "22,23": 22.319222081641165,
        "22,24": 44.68571865436004,
        "22,25": 6.951312369562863,
        "22,26": 17.63522892675825,
        "22,27": 37.07880301094554,
        "22,28": 36.91554930144152,
        "22,29": 97.29330909995242,
        "22,30": 59.10834777787803,
        "22,31": 34.44789139998143,
        "22,32": 56.5198201068106,
        "22,33": 21.735949952687044,
        "22,34": 65.0170246100824,
        "22,35": 46.32967239666296,
        "22,36": 34.56509552886039,
        "22,37": 72.84440637190296,
        "22,38": 80.74996470662948,
        "22,39": 74.3359811459102,
        "22,40": 50.36329201375361,
        "23,0": 76.5392321271543,
        "23,1": 75.53540755107161,
        "23,2": 65.07720116937234,
        "23,3": 2.2479815749289376,
