{
    "num_robots": 6,
    "num_tasks": 50,
    "num_nodes": 51,
    "robot_capacity": [
        128,
        109,
        99,
        113,
        133,
        101
    ],
    "robot_speed": [
        0.84,
        0.94,
        0.87,
        0.96,
        0.83,
        0.89
    ],
    "task_demand": {
        "0": 0,
        "1": 10,
        "2": 14,
        "3": 9,
        "4": 12,
        "5": 6,
        "6": 11,
        "7": 7,
        "8": 5,
        "9": 9,
        "10": 10,
        "11": 12,
        "12": 11,
        "13": 8,
        "14": 6,
        "15": 6,
        "16": 8,
        "17": 14,
        "18": 14,
        "19": 15,
        "20": 15,
        "21": 6,
        "22": 6,
        "23": 10,
        "24": 13,
        "25": 8,
        "26": 7,
        "27": 6,
        "28": 9,
        "29": 8,
        "30": 8,
        "31": 10,
        "32": 13,
        "33": 7,
        "34": 11,
        "35": 6,
        "36": 15,
        "37": 10,
        "38": 14,
        "39": 6,
        "40": 10,
        "41": 15,
        "42": 9,
        "43": 6,
        "44": 11,
        "45": 8,
        "46": 9,
        "47": 14,
        "48": 14,
        "49": 9,
        "50": 14
    },
    "task_service_time": {
        "0": 0,
        "1": 29,
        "2": 76,
        "3": 72,
        "4": 11,
        "5": 37,
        "6": 17,
        "7": 85,
        "8": 61,
        "9": 52,
        "10": 24,
        "11": 23,
        "12": 89,
        "13": 21,
        "14": 81,
        "15": 53,
        "16": 24,
        "17": 37,
        "18": 46,
        "19": 12,
        "20": 36,
        "21": 31,
        "22": 98,
        "23": 25,
        "24": 63,
        "25": 30,
        "26": 43,
        "27": 73,
        "28": 34,
        "29": 55,
        "30": 92,
        "31": 62,
        "32": 13,
        "33": 18,
        "34": 21,
        "35": 26,
        "36": 11,
        "37": 17,
        "38": 78,
        "39": 51,
        "40": 90,
        "41": 73,
        "42": 72,
        "43": 21,
        "44": 43,
        "45": 45,
        "46": 97,
        "47": 76,
        "48": 16,
        "49": 92,
        "50": 46
    },
    "task_precedence": [],
    "coordinates": {
        "0": [
            0,
            100
        ],
        "1": [
            37.78388876802672,
            31.26450732009006
        ],
        "2": [
            87.8045699008506,
            69.84362903050888
        ],
        "3": [
            93.24554597163703,
            20.22900513733986
        ],
        "4": [
            76.92671201356275,
            48.69830598645392
        ],
        "5": [
            84.31498563240403,
            50.25604211298749
        ],
        "6": [
            26.546448121860887,
            55.44162025411714
        ],
        "7": [
            36.05060642912883,
            31.80155286154672
        ],
        "8": [
            81.85447975143686,
            89.38759560245144
        ],
        "9": [
            30.74491814541973,
            38.623147566443706
        ],
        "10": [
            67.86180990148921,
            14.120349486116023
        ],
        "11": [
            68.7291358052357,
            94.01883101081013
        ],
        "12": [
            9.68098349304627,
            63.326961049901186
        ],
        "13": [
            83.32228528597182,
            26.998032695136743
        ],
        "14": [
            39.27833467969112,
            78.8223774661906
        ],
        "15": [
            20.969189813682775,
            27.16875724138402
        ],
        "16": [
            19.675119935195085,
            74.11139203999527
        ],
        "17": [
            56.045828509719506,
            0.922303585132489
        ],
        "18": [
            34.48904614948919,
            77.04915073438346
        ],
        "19": [
            43.74079898351722,
            40.33066542065591
        ],
        "20": [
            38.495760429881784,
            64.52070950754695
        ],
        "21": [
            49.26121106475341,
            46.81082524330185
        ],
        "22": [
            20.129072821270235,
            77.73802918810856
        ],
        "23": [
            24.88422423088803,
            57.91911387767988
        ],
        "24": [
            42.28203331082911,
            36.68126280020996
        ],
        "25": [
            38.2461115599653,
            53.67866976636997
        ],
        "26": [
            35.81607925935846,
            3.2269655217675886
        ],
        "27": [
            55.57856616810398,
            95.41725503792881
        ],
        "28": [
            16.88857103683562,
            82.45351496011325
        ],
        "29": [
            26.876188774657315,
            9.592683565044801
        ],
        "30": [
            26.410038547176285,
            48.43616452974058
        ],
        "31": [
            97.82724485657698,
            3.6525081768161605
        ],
        "32": [
            29.153578054452634,
            69.42676039068691
        ],
        "33": [
            56.80748117816293,
            46.637623522621666
        ],
        "34": [
            49.35849859124648,
            4.525274382669576
        ],
        "35": [
            61.697467832049234,
            45.94541767672163
        ],
        "36": [
            38.47229132812363,
            79.60102458652094
        ],
        "37": [
            10.987869428266283,
            86.42945173069624
        ],
        "38": [
            16.990526378820913,
            95.4113267068911
        ],
        "39": [
            87.35963700542233,
            24.39196927049483
        ],
        "40": [
            73.75504301146727,
            33.45530297566914
        ],
        "41": [
            22.21569108955588,
            48.030252963106825
        ],
        "42": [
            52.018469330382665,
            44.50231276052443
        ],
        "43": [
            72.56662004380098,
            27.55429072335489
        ],
        "44": [
            60.01854127558026,
            64.6632104623257
        ],
        "45": [
            82.66384323176602,
            49.22823174013465
        ],
        "46": [
            68.23707048939906,
            96.93932697968035
        ],
        "47": [
            50.515118271094,
            10.168017027209364
        ],
        "48": [
            9.917369900303274,
            96.84801013853355
        ],
        "49": [
            51.38974901971795,
            45.593587666378
        ],
        "50": [
            49.28279997646183,
            71.49650822585168
        ]
    },
    "distance_matrix_str_keys": {
        "0,0": 0.0,
        "0,1": 78.43589869686309,
        "0,2": 92.83883457650104,
        "0,3": 122.7116272605299,
        "0,4": 92.46395421934501,
        "0,5": 97.89524068338243,
        "0,6": 51.86678237046284,
        "0,7": 77.14061456849012,
        "0,8": 82.5395601059001,
        "0,9": 68.64668969745813,
        "0,10": 109.45565136388669,
        "0,11": 68.98890121615055,
        "0,12": 37.929318834222414,
        "0,13": 110.77856496478549,
        "0,14": 44.623752323110814,
        "0,15": 75.78982018191302,
        "0,16": 32.51661677621353,
        "0,17": 113.83112412788314,
        "0,18": 41.427476224296434,
        "0,19": 73.98436986862947,
        "0,20": 52.351729913372694,
        "0,21": 72.49658769117868,
        "0,22": 30.012912505678397,
        "0,23": 48.88788799296601,
        "0,24": 76.13824808513877,
        "0,25": 60.07021461648293,
        "0,26": 103.18823448260856,
        "0,27": 55.76718182488426,
        "0,28": 24.353705445398088,
        "0,29": 94.31761441014682,
        "0,30": 57.933748924675335,
        "0,31": 137.30625993321334,
        "0,32": 42.24516651151387,
        "0,33": 77.93993290426157,
        "0,34": 107.47876355302293,
        "0,35": 82.02728452795952,
        "0,36": 43.545785076810134,
        "0,37": 17.46118709888111,
        "0,38": 17.599258769059002,
        "0,39": 115.53475878934854,
        "0,40": 99.33782296629705,
        "0,41": 56.51894848336476,
        "0,42": 76.06519861544182,
        "0,43": 102.53923706161248,
        "0,44": 69.64850315461503,
        "0,45": 97.01073873587119,
        "0,46": 68.30567698451226,
        "0,47": 103.0609641851189,
        "0,48": 10.40621284744016,
        "0,49": 74.83958850318258,
        "0,50": 56.93191913890561,
        "1,0": 78.43589869686309,
        "1,1": 0.0,
        "1,2": 63.16974887506638,
        "1,3": 56.54889679026695,
        "1,4": 42.84971350628363,
        "1,5": 50.25755036998817,
        "1,6": 26.6610739112437,
        "1,7": 1.8145758677811823,
        "1,8": 72.94182874802499,
        "1,9": 10.18315735423841,
        "1,10": 34.620853362489534,
        "1,11": 69.96937512993496,
        "1,12": 42.635363538626045,
        "1,13": 45.73782202019424,
        "1,14": 47.581344888687745,
        "1,15": 17.30633611231551,
        "1,16": 46.51648136780963,
        "1,17": 35.41394881431456,
        "1,18": 45.90304521984278,
        "1,19": 10.848041390954908,
        "1,20": 33.263820363812165,
        "1,21": 19.323998759897385,
        "1,22": 49.71398958976277,
        "1,23": 29.611980614451028,
        "1,24": 7.040919276582555,
        "1,25": 22.418927897596088,
        "1,26": 28.106512134291673,
        "1,27": 66.57496213683854,
        "1,28": 55.289499963897136,
        "1,29": 24.26202514249573,
        "1,30": 20.596851219836545,
        "1,31": 66.08802544383214,
        "1,32": 39.12594819856907,
        "1,33": 24.458736066353303,
        "1,34": 29.136886769890292,
        "1,35": 28.06044177397619,
        "1,36": 48.34141908894192,
        "1,37": 61.32860461711228,
        "1,38": 67.43276916226793,
        "1,39": 50.04984108407106,
        "1,40": 36.03780685904589,
        "1,41": 22.879226514947582,
        "1,42": 19.438692771505895,
        "1,43": 34.980052918733755,
        "1,44": 40.1229752600033,
        "1,45": 48.34155259925584,
        "1,46": 72.39183803630512,
        "1,47": 24.64033496804336,
        "1,48": 71.25825366750136,
        "1,49": 19.759604671119472,
        "1,50": 41.84302637071892,
        "2,0": 92.83883457650104,
        "2,1": 63.16974887506638,
        "2,2": 0.0,
        "2,3": 49.91207393670883,
        "2,4": 23.779244707380265,
        "2,5": 19.895998583083106,
        "2,6": 62.928334958783054,
        "2,7": 64.23139648394256,
        "2,8": 20.42964028443376,
        "2,9": 65.04246552291112,
        "2,10": 59.1844368020401,
        "2,11": 30.7946842283617,
        "2,12": 78.3949087300135,
        "2,13": 43.07941504596404,
        "2,14": 49.34990808715408,
        "2,15": 79.2976211094282,
        "2,16": 68.26298963367996,
        "2,17": 75.88653870019525,
        "2,18": 53.80022877188339,
        "2,19": 53.03424298028341,
        "2,20": 49.59528368395762,
        "2,21": 44.90100845936681,
        "2,22": 68.13438528978303,
        "2,23": 64.04033073663521,
        "2,24": 56.32090084136009,
        "2,25": 52.12817569353961,
        "2,26": 84.50197048718674,
        "2,27": 41.1403167677448,
        "2,28": 72.02838411375481,
        "2,29": 85.68806250663503,
        "2,30": 65.01975097221576,
        "2,31": 66.9456383428846,
        "2,32": 58.65247329848168,
        "2,33": 38.72128873002889,
        "2,34": 75.79305939889268,
        "2,35": 35.393576879726325,
        "2,36": 50.28797547340338,
        "2,37": 78.58686268160083,
        "2,38": 75.28835185080621,
        "2,39": 45.453837464195644,
        "2,40": 39.00640304986905,
        "2,41": 69.1210850550005,
        "2,42": 43.850054781436974,
        "2,43": 44.950898214639494,
        "2,44": 28.264821303272367,
        "2,45": 21.24668623871041,
        "2,46": 33.42250559981838,
        "2,47": 70.36818791766846,
        "2,48": 82.43574784614196,
        "2,49": 43.75047069423405,
        "2,50": 38.557214211376056,
        "3,0": 122.7116272605299,
        "3,1": 56.54889679026695,
        "3,2": 49.91207393670883,
        "3,3": 0.0,
        "3,4": 32.81471366001179,
        "3,5": 31.326950976907906,
        "3,6": 75.42345734144189,
        "3,7": 58.35396276261119,
        "3,8": 70.09042034938875,
        "3,9": 65.1511546664638,
        "3,10": 26.10842260160794,
        "3,11": 77.75598221284514,
        "3,12": 94.02377308999772,
        "3,13": 12.012112083804515,
        "3,14": 79.65954541357154,
        "3,15": 72.6087585538896,
        "3,16": 91.19166192975663,
        "3,17": 41.91142689139202,
        "3,18": 81.7364986833868,
        "3,19": 53.430297776669775,
        "3,20": 70.42225566456966,
        "3,21": 51.39275121402459,
        "3,22": 93.0231503079755,
        "3,23": 78.06288879487394,
        "3,24": 53.553304332541394,
        "3,25": 64.37249295621825,
        "3,26": 59.893346858780575,
        "3,27": 84.09562587098796,
        "3,28": 98.50013829370145,
        "3,29": 67.21623993745523,
        "3,30": 72.54397903116045,
        "3,31": 17.198029426492777,
        "3,32": 80.79727392347857,
        "3,33": 45.00164098022272,
        "3,34": 46.61201655564606,
        "3,35": 40.701536926720706,
        "3,36": 80.77837654791719,
        "3,37": 105.58799401197865,
        "3,38": 107.0850572661199,
        "3,39": 7.209313055520706,
        "3,40": 23.554504031046378,
        "3,41": 76.27679637503937,
        "3,42": 47.8420872386815,
        "3,43": 21.938044271210902,
        "3,44": 55.48362320482304,
        "3,45": 30.8695250438881,
        "3,46": 80.68393472743603,
        "3,47": 43.89889444192783,
        "3,48": 113.19919105165083,
        "3,49": 48.94149349327895,
        "3,50": 67.53576762254845,
        "4,0": 92.46395421934501,
        "4,1": 42.84971350628363,
        "4,2": 23.779244707380265,
        "4,3": 32.81471366001179,
        "4,4": 0.0,
        "4,5": 7.550703868300879,
        "4,6": 50.829551218852885,
        "4,7": 44.23071640742269,
        "4,8": 40.986597618403955,
        "4,9": 47.26803255973274,
        "4,10": 35.74643375276385,
        "4,11": 46.05594689260691,
        "4,12": 68.81849717350943,
        "4,13": 22.62311248260519,
        "4,14": 48.216802034040626,
        "4,15": 59.95636546619885,
        "4,16": 62.63840465938216,
        "4,17": 52.1397900010361,
        "4,18": 51.03651518189656,
        "4,19": 34.22458520239703,
        "4,20": 41.560636337904256,
        "4,21": 27.729812951124288,
        "4,22": 63.79088760510047,
        "4,23": 52.85303995776158,
        "4,24": 36.669648066973565,
        "4,25": 38.99990865157434,
        "4,26": 61.30030121546284,
        "4,27": 51.36539235237365,
        "4,28": 68.8766470205742,
        "4,29": 63.51617574645083,
        "4,30": 50.51735361489992,
        "4,31": 49.6583947931131,
        "4,32": 52.07630123447177,
        "4,33": 20.22448668384067,
        "4,34": 52.06979078474686,
        "4,35": 15.476054806895197,
        "4,36": 49.33275268143524,
        "4,37": 75.97085178317907,
        "4,38": 75.98981940543239,
        "4,39": 26.45078313463231,
        "4,40": 15.569477353002158,
        "4,41": 54.71509942775505,
        "4,42": 25.25919461733173,
        "4,43": 21.588881013867898,
        "4,44": 23.254341801660996,
        "4,45": 5.761553255789334,
        "4,46": 49.01740483019662,
        "4,47": 46.7135467642963,
        "4,48": 82.51451957313117,
        "4,49": 25.72500252276011,
        "4,50": 35.83216289959977,
        "5,0": 97.89524068338243,
        "5,1": 50.25755036998817,
        "5,2": 19.895998583083106,
        "5,3": 31.326950976907906,
        "5,4": 7.550703868300879,
        "5,5": 0.0,
        "5,6": 58.000811604362845,
        "5,7": 51.6722214870726,
        "5,8": 39.20883277641726,
        "5,9": 54.81857683387139,
        "5,10": 39.705103869100974,
        "5,11": 46.45535929201745,
        "5,12": 75.76993597194753,
        "5,13": 23.2791850385412,
        "5,14": 53.33231144951585,
        "5,15": 67.42189978523072,
        "5,16": 68.90130592008543,
        "5,17": 56.85915055258731,
        "5,18": 56.572916797289274,
        "5,19": 41.77053656231128,
        "5,20": 47.98835415011498,
        "5,21": 35.22267211213306,
        "5,22": 69.82185200204583,
        "5,23": 59.92276753984874,
        "5,24": 44.17062048758658,
        "5,25": 46.19583897231347,
        "5,26": 67.55647981063154,
        "5,27": 53.52865547050561,
        "5,28": 74.71946629195689,
        "5,29": 70.37559316172076,
        "5,30": 57.933538225806906,
        "5,31": 48.52288660705502,
        "5,32": 58.3977510291603,
        "5,33": 27.744472501656954,
        "5,34": 57.5609164578093,
        "5,35": 23.02463017031758,
        "5,36": 54.43051182423042,
        "5,37": 81.76418246509694,
        "5,38": 81.06529800441001,
        "5,39": 26.04266050128113,
        "5,40": 19.84382079433538,
        "5,41": 62.13917057749594,
        "5,42": 32.80503569131006,
        "5,43": 25.561565096060882,
        "5,44": 28.246835366646053,
        "5,45": 1.944907553003105,
        "5,46": 49.374370287533424,
        "5,47": 52.435491691411904,
        "5,48": 87.78278140452622,
        "5,49": 33.253716897033826,
        "5,50": 40.968419941756785,
        "6,0": 51.86678237046284,
        "6,1": 26.6610739112437,
        "6,2": 62.928334958783054,
        "6,3": 75.42345734144189,
        "6,4": 50.829551218852885,
        "6,5": 58.000811604362845,
        "6,6": 0.0,
        "6,7": 25.479046517773803,
        "6,8": 64.89458841142222,
        "6,9": 17.33459471936796,
        "6,10": 58.43292339823531,
        "6,11": 57.16275299493062,
        "6,12": 18.617800530982525,
        "6,13": 63.50223113333124,
        "6,14": 26.62256079214363,
        "6,15": 28.817713184305834,
        "6,16": 19.894107911279633,
        "6,17": 61.98846129176466,
        "6,18": 23.021082443797535,
        "6,19": 22.890754848467694,
        "6,20": 15.007195817552473,
        "6,21": 24.299199124055868,
        "6,22": 23.201563677916262,
        "6,23": 2.9834481591800723,
        "6,24": 24.485907233297418,
        "6,25": 11.831742009829538,
        "6,26": 53.031087394506045,
        "6,27": 49.40561966638702,
        "6,28": 28.686530731290546,
        "6,29": 45.850122403508045,
        "6,30": 7.006783675714981,
        "6,31": 88.10825224058841,
        "6,32": 14.226077151657464,
        "6,33": 31.515717984567445,
        "6,34": 55.79304547628378,
        "6,35": 36.41115282515761,
        "6,36": 26.942578827516392,
        "6,37": 34.67441521620289,
        "6,38": 41.09614427510232,
        "6,39": 68.28121826968584,
        "6,40": 52.077342279724206,
        "6,41": 8.583928098202877,
        "6,42": 27.72169390363361,
        "6,43": 53.81040208065953,
        "6,44": 34.71914091764649,
        "6,45": 56.460324394630376,
        "6,46": 58.823189788326914,
        "6,47": 51.22690989968273,
        "6,48": 44.620795216568965,
        "6,49": 26.72402187827718,
        "6,50": 27.833453315051695,
        "7,0": 77.14061456849012,
        "7,1": 1.8145758677811823,
        "7,2": 64.23139648394256,
        "7,3": 58.35396276261119,
        "7,4": 44.23071640742269,
        "7,5": 51.6722214870726,
        "7,6": 25.479046517773803,
        "7,7": 0.0,
        "7,8": 73.58088834665796,
        "7,9": 8.642018426372772,
        "7,10": 36.39474713695996,
        "7,11": 70.27713698271928,
        "7,12": 41.09998023397989,
        "7,13": 47.51510736527493,
        "7,14": 47.13147755120946,
        "7,15": 15.776942745248553,
        "7,16": 45.36826037241439,
        "7,17": 36.78772814305159,
        "7,18": 45.274535710141606,
        "7,19": 11.484111744907608,
        "7,20": 32.810394537598896,
        "7,21": 19.994957671085555,
        "7,22": 48.6174360669806,
        "7,23": 28.404490575059206,
        "7,24": 7.914685721332568,
        "7,25": 21.98700722806159,
        "7,26": 28.575549769549955,
        "7,27": 66.54546396983929,
        "7,28": 54.15537706276375,
        "7,29": 24.02922834232894,
        "7,30": 19.226306312917888,
        "7,31": 67.88756713904705,
        "7,32": 38.25212728740659,
        "7,33": 25.513855882784522,
        "7,34": 30.34955290372181,
        "7,35": 29.28840063456097,
        "7,36": 47.86077783463855,
        "7,37": 60.10281291946686,
        "7,38": 66.40399069468644,
        "7,39": 51.841282272642594,
        "7,40": 37.740686631691545,
        "7,41": 21.325468094265315,
        "7,42": 20.40298869393205,
        "7,43": 36.7621882642674,
        "7,44": 40.67370699941887,
        "7,45": 49.76427415281121,
        "7,46": 72.65602580493972,
        "7,47": 26.023681052493504,
        "7,48": 70.09984062577043,
        "7,49": 20.627882088864634,
        "7,50": 41.84232817910882,
        "8,0": 82.5395601059001,
        "8,1": 72.94182874802499,
        "8,2": 20.42964028443376,
        "8,3": 70.09042034938875,
        "8,4": 40.986597618403955,
        "8,5": 39.20883277641726,
        "8,6": 64.89458841142222,
        "8,7": 73.58088834665796,
        "8,8": 0.0,
        "8,9": 72.03621639119999,
        "8,10": 76.55686218404358,
        "8,11": 13.91844082912,
        "8,12": 76.734413631965,
        "8,13": 62.40682665264266,
        "8,14": 43.86743625329743,
        "8,15": 87.0528711634775,
        "8,16": 64.02839356441218,
        "8,17": 92.15310288116247,
        "8,18": 48.94610834441147,
        "8,19": 62.12274189490068,
        "8,20": 49.98340289798551,
        "8,21": 53.61998263612269,
        "8,22": 62.815111703608764,
        "8,23": 65.08360282082505,
        "8,24": 65.9085429573087,
        "8,25": 56.36326073507205,
        "8,26": 97.6892445245097,
        "8,27": 26.958865472171084,
        "8,28": 65.33491233229252,
        "8,29": 96.90118918663951,
        "8,30": 68.92826537318125,
        "8,31": 87.21028861886256,
        "8,32": 56.354414042082034,
        "8,33": 49.547071057286644,
        "8,34": 90.87135056976366,
        "8,35": 47.890791938003076,
        "8,36": 44.47236495449397,
        "8,37": 70.92832349535769,
        "8,38": 65.1430562956904,
        "8,39": 65.2283542539166,
        "8,40": 56.515681310524556,
        "8,41": 72.57558062630058,
        "8,42": 53.89690282052431,
        "8,43": 62.52696962287578,
        "8,44": 32.98641280404199,
        "8,45": 40.16751890606695,
        "8,46": 15.57120681911509,
        "8,47": 85.19329320806041,
        "8,48": 72.32292554082865,
        "8,49": 53.348054787977055,
        "8,50": 37.16188007731369,
        "9,0": 68.64668969745813,
        "9,1": 10.18315735423841,
        "9,2": 65.04246552291112,
        "9,3": 65.1511546664638,
        "9,4": 47.26803255973274,
        "9,5": 54.81857683387139,
        "9,6": 17.33459471936796,
        "9,7": 8.642018426372772,
        "9,8": 72.03621639119999,
        "9,9": 0.0,
        "9,10": 44.47528265674192,
        "9,11": 67.16757056419956,
        "9,12": 32.46486937698834,
        "9,13": 53.84721748803264,
        "9,14": 41.094978796442774,
        "9,15": 15.058815429333926,
        "9,16": 37.174667829446115,
        "9,17": 45.403630935922976,
        "9,18": 38.60798122115909,
        "9,19": 13.107575518778559,
        "9,20": 27.032559453590117,
        "9,21": 20.245769168265443,
        "9,22": 40.529867212009485,
        "9,23": 20.166359340351697,
        "9,24": 11.699399248903752,
        "9,25": 16.82072089284209,
        "9,26": 35.757605881593584,
        "9,27": 61.98613326863654,
        "9,28": 45.96846159115636,
        "9,29": 29.28711162065521,
        "9,30": 10.727836830098576,
        "9,31": 75.65040764134592,
        "9,32": 30.844690407118684,
        "9,33": 27.266995006561817,
        "9,34": 38.84752672526279,
        "9,35": 31.806854161817665,
        "9,36": 41.70010433293117,
        "9,37": 51.72797784426726,
        "9,38": 58.43013420279493,
        "9,39": 58.37596103952568,
        "9,40": 43.319481283914264,
        "9,41": 12.698084348216009,
        "9,42": 22.070989180336436,
        "9,43": 43.261696008014525,
        "9,44": 39.17945745908383,
        "9,45": 52.99096708357669,
        "9,46": 69.32848093490121,
        "9,47": 34.649029813460544,
        "9,48": 61.837863703732545,
        "9,49": 21.78981590135972,
        "9,50": 37.74004377084363,
        "10,0": 109.45565136388669,
        "10,1": 34.620853362489534,
        "10,2": 59.1844368020401,
        "10,3": 26.10842260160794,
        "10,4": 35.74643375276385,
        "10,5": 39.705103869100974,
        "10,6": 58.43292339823531,
        "10,7": 36.39474713695996,
        "10,8": 76.55686218404358,
        "10,9": 44.47528265674192,
        "10,10": 0.0,
        "10,11": 79.90318894872216,
        "10,12": 76.19907599937552,
        "10,13": 20.12115861341207,
        "10,14": 70.73448579363179,
        "10,15": 48.67421045735704,
        "10,16": 76.94726945518666,
        "10,17": 17.714565528262785,
        "10,18": 71.23043862697148,
        "10,19": 35.62027272626249,
        "10,20": 58.33147651018915,
        "10,21": 37.61182636241334,
        "10,22": 79.53378753608195,
        "10,23": 61.362892959031726,
        "10,24": 34.10747396090985,
        "10,25": 49.41609344789705,
        "10,26": 33.846634494181565,
        "10,27": 82.21961401584245,
        "10,28": 85.25076295288926,
        "10,29": 41.234947530523655,
        "10,30": 53.8128656597889,
        "10,31": 31.74118765459605,
        "10,32": 67.50649079806455,
        "10,33": 34.344887454882716,
        "10,34": 20.843176237909,
        "10,35": 32.416571047625695,
        "10,36": 71.77369026028262,
        "10,37": 91.99593128159995,
        "10,38": 95.8963527187154,
        "10,39": 22.037954414366844,
        "10,40": 20.213129963756824,
        "10,41": 56.86343039609875,
        "10,42": 34.26477977252403,
        "10,43": 14.233973993259458,
        "10,44": 51.14780208766185,
        "10,45": 38.10070323593335,
        "10,46": 82.81982765973588,
        "10,47": 17.791251849876957,
        "10,48": 101.00209881023557,
        "10,49": 35.52314050368125,
        "10,50": 60.30922982033189,
        "11,0": 68.98890121615055,
        "11,1": 69.96937512993496,
        "11,2": 30.7946842283617,
        "11,3": 77.75598221284514,
        "11,4": 46.05594689260691,
        "11,5": 46.45535929201745,
        "11,6": 57.16275299493062,
        "11,7": 70.27713698271928,
        "11,8": 13.91844082912,
        "11,9": 67.16757056419956,
        "11,10": 79.90318894872216,
        "11,11": 0.0,
        "11,12": 66.54829203804458,
        "11,13": 68.59116137402309,
        "11,14": 33.140336257650695,
        "11,15": 82.15804771350012,
        "11,16": 52.93961276166379,
        "11,17": 93.95653092080637,
        "11,18": 38.21457560038713,
        "11,19": 59.21854525021255,
        "11,20": 42.23974619725282,
        "11,21": 51.0646247635893,
        "11,22": 51.25456691881703,
        "11,23": 56.79406525381314,
        "11,24": 63.14305946543036,
        "11,25": 50.56227226267798,
        "11,26": 96.57345458340252,
        "11,27": 13.224714421894843,
        "11,28": 53.11497614476721,
        "11,29": 94.23079935816372,
        "11,30": 62.198757835358045,
        "11,31": 94.93562162276797,
        "11,32": 46.59393424761096,
        "11,33": 48.858005199618745,
        "11,34": 91.5659230501729,
        "11,35": 48.58495059249576,
        "11,36": 33.51641060436547,
        "11,37": 58.237895915576836,
        "11,38": 51.75734488594542,
        "11,39": 72.07631685078766,
        "11,40": 60.77170946508711,
        "11,41": 65.40986049647486,
        "11,42": 52.260233004308866,
        "11,43": 66.57523113669225,
        "11,44": 30.620694225419925,
        "11,45": 46.908142726921454,
        "11,46": 2.961659159869106,
        "11,47": 85.80623194411021,
        "11,48": 58.87977635311906,
        "11,49": 51.43596530702283,
        "11,50": 29.755923793344287,
        "12,0": 37.929318834222414,
        "12,1": 42.635363538626045,
        "12,2": 78.3949087300135,
        "12,3": 94.02377308999772,
        "12,4": 68.81849717350943,
        "12,5": 75.76993597194753,
        "12,6": 18.617800530982525,
        "12,7": 41.09998023397989,
        "12,8": 76.734413631965,
        "12,9": 32.46486937698834,
        "12,10": 76.19907599937552,
        "12,11": 66.54829203804458,
        "12,12": 0.0,
        "12,13": 82.11475120319336,
        "12,14": 33.40824938813464,
        "12,15": 37.87927275695144,
        "12,16": 14.703289257998991,
        "12,17": 77.74342497417541,
        "12,18": 28.350281524226695,
        "12,19": 41.096236371626176,
        "12,20": 28.83949384610832,
        "12,21": 42.88796050886727,
        "12,22": 17.80004088463291,
        "12,23": 16.136397986256824,
        "12,24": 42.10488907995313,
        "12,25": 30.15055664778595,
        "12,26": 65.53665152566148,
        "12,27": 56.003348682483264,
        "12,28": 20.43952990363614,
        "12,29": 56.41850460173761,
        "12,30": 22.396363633611152,
        "12,31": 106.44624802251093,
        "12,32": 20.405624002974342,
        "12,33": 49.99440739887579,
        "12,34": 70.93619357760316,
        "12,35": 54.84371151757932,
        "12,36": 33.07241374390632,
        "12,37": 23.139425803245384,
        "12,38": 32.906472567116836,
        "12,39": 86.89019965656779,
        "12,40": 70.69512754973987,
        "12,41": 19.776455011518006,
        "12,42": 46.33389785292616,
        "12,43": 72.34837404313508,
        "12,44": 50.35529054629864,
        "12,45": 74.33217327504767,
        "12,46": 67.51745306009265,
        "12,47": 67.03208107077872,
        "12,48": 33.52188256252976,
        "12,49": 45.322109983079166,
        "12,50": 40.43569425453463,
        "13,0": 110.77856496478549,
        "13,1": 45.73782202019424,
        "13,2": 43.07941504596404,
        "13,3": 12.012112083804515,
        "13,4": 22.62311248260519,
        "13,5": 23.2791850385412,
        "13,6": 63.50223113333124,
        "13,7": 47.51510736527493,
        "13,8": 62.40682665264266,
        "13,9": 53.84721748803264,
        "13,10": 20.12115861341207,
        "13,11": 68.59116137402309,
        "13,12": 82.11475120319336,
        "13,13": 0.0,
        "13,14": 68.01200111713779,
        "13,15": 62.353329196179125,
        "13,16": 79.18731139486226,
        "13,17": 37.7352453667004,
        "13,18": 69.92710248208134,
        "13,19": 41.76665121008608,
        "13,20": 58.45826379428527,
        "13,21": 39.404359221537604,
        "13,22": 81.04276245116344,
        "13,23": 66.11444805316856,
        "13,24": 42.16713444675843,
        "13,25": 52.38051004241926,
        "13,26": 53.12158926090092,
        "13,27": 73.83023727771408,
        "13,28": 86.53755775486736,
        "13,29": 59.06867181260319,
        "13,30": 60.81609429596245,
        "13,31": 27.484675133251947,
        "13,32": 68.80730903761012,
        "13,33": 32.99618712437103,
        "13,34": 40.72546712826465,
        "13,35": 28.751280450718422,
        "13,36": 69.12739481525432,
        "13,37": 93.61816749998768,
        "13,38": 95.29050864202131,
        "13,39": 4.80539025260242,
        "13,40": 11.542463524521702,
        "13,41": 64.62484153702712,
        "13,42": 35.865425049606294,
        "13,43": 10.770039823306085,
        "13,44": 44.29142243297008,
        "13,45": 22.23994819056404,
        "13,46": 71.54962160386224,
        "13,47": 36.872206808445405,
        "13,48": 101.3276909419148,
        "13,49": 36.952422614546855,
        "13,50": 56.02500231766155,
        "14,0": 44.623752323110814,
        "14,1": 47.581344888687745,
        "14,2": 49.34990808715408,
        "14,3": 79.65954541357154,
        "14,4": 48.216802034040626,
        "14,5": 53.33231144951585,
        "14,6": 26.62256079214363,
        "14,7": 47.13147755120946,
        "14,8": 43.86743625329743,
        "14,9": 41.094978796442774,
        "14,10": 70.73448579363179,
        "14,11": 33.140336257650695,
        "14,12": 33.40824938813464,
        "14,13": 68.01200111713779,
        "14,14": 0.0,
        "14,15": 54.80256625426429,
        "14,16": 20.16133457895711,
        "14,17": 79.68419140591409,
        "14,18": 5.107016513378354,
        "14,19": 38.74952236943422,
        "14,20": 14.323062830824943,
        "14,21": 33.53203388758529,
        "14,22": 19.179938501219247,
        "14,23": 25.379851147378712,
        "14,24": 42.248026590102754,
        "14,25": 25.164886676933712,
        "14,26": 75.67465572860334,
        "14,27": 23.261287758781243,
        "14,28": 22.68229872571792,
        "14,29": 70.33181172624582,
        "14,30": 32.99871182293907,
        "14,31": 95.28107961123597,
        "14,32": 13.812614413998793,
        "14,33": 36.648729355503754,
        "14,34": 74.97779158582341,
        "14,35": 39.79336648615598,
        "14,36": 1.1207128189705298,
        "14,37": 29.295358045393133,
        "14,38": 27.78380167951961,
        "14,39": 72.6256219917491,
        "14,40": 56.98082892713027,
        "14,41": 35.20353302862364,
        "14,42": 36.60843990555817,
        "14,43": 61.12713522449206,
        "14,44": 25.112510425751946,
        "14,45": 52.51776664689008,
        "14,46": 34.158926203421515,
        "14,47": 69.56785545613415,
        "14,48": 34.452716671036136,
        "14,49": 35.367199901546314,
        "14,50": 12.399906693230937,
        "15,0": 75.78982018191302,
        "15,1": 17.30633611231551,
        "15,2": 79.2976211094282,
        "15,3": 72.6087585538896,
        "15,4": 59.95636546619885,
        "15,5": 67.42189978523072,
        "15,6": 28.817713184305834,
        "15,7": 15.776942745248553,
        "15,8": 87.0528711634775,
        "15,9": 15.058815429333926,
        "15,10": 48.67421045735704,
        "15,11": 82.15804771350012,
        "15,12": 37.87927275695144,
        "15,13": 62.353329196179125,
        "15,14": 54.80256625426429,
        "15,15": 0.0,
        "15,16": 46.960468254545724,
        "15,17": 43.80921035287056,
        "15,18": 51.68017192654553,
        "15,19": 26.30174920234912,
        "15,20": 41.25953242171226,
        "15,21": 34.44197006361565,
        "15,22": 50.57624997746196,
        "15,23": 30.998579447247035,
        "15,24": 23.339345747911338,
        "15,25": 31.642810986218922,
        "15,26": 28.17160834878992,
        "15,27": 76.52232604362565,
        "15,28": 55.435150271470796,
        "15,29": 18.54214126256886,
        "15,30": 21.95234492507804,
        "15,31": 80.37521132192029,
        "15,32": 43.04326940466006,
        "15,33": 40.78504483511187,
        "15,34": 36.313636128054576,
        "15,35": 44.8481393978092,
        "15,36": 55.276588367741475,
        "15,37": 60.095396395996346,
        "15,38": 68.35845265936368,
        "15,39": 66.44849155364201,
        "15,40": 53.1588840654816,
        "15,41": 20.89870257164813,
        "15,42": 35.559948051723616,
        "15,43": 51.59887055370143,
        "15,44": 54.135809515811054,
        "15,45": 65.5198494773793,
        "15,46": 84.2744619987587,
        "15,47": 34.08793124025449,
        "15,48": 70.55027291019286,
        "15,49": 35.565218944885956,
        "15,50": 52.59857438933872,
        "16,0": 32.51661677621353,
        "16,1": 46.51648136780963,
        "16,2": 68.26298963367996,
        "16,3": 91.19166192975663,
        "16,4": 62.63840465938216,
        "16,5": 68.90130592008543,
        "16,6": 19.894107911279633,
        "16,7": 45.36826037241439,
        "16,8": 64.02839356441218,
        "16,9": 37.174667829446115,
        "16,10": 76.94726945518666,
        "16,11": 52.93961276166379,
        "16,12": 14.703289257998991,
        "16,13": 79.18731139486226,
        "16,14": 20.16133457895711,
        "16,15": 46.960468254545724,
        "16,16": 0.0,
        "16,17": 81.72803136664136,
        "16,18": 15.102411596463776,
        "16,19": 41.47643184975527,
        "16,20": 21.123392248132163,
        "16,21": 40.25739355382125,
        "16,22": 3.6549377870014763,
        "16,23": 17.009545545052124,
        "16,24": 43.72741825537442,
        "16,25": 27.61119101810693,
        "16,26": 72.69891670941402,
        "16,27": 41.749218549406336,
        "16,28": 8.795218563361924,
        "16,29": 64.91932790553457,
        "16,30": 26.543858732545836,
        "16,31": 105.22456436104757,
        "16,32": 10.572934408584066,
        "16,33": 46.191126940403706,
        "16,34": 75.65269816112114,
        "16,35": 50.5885346160257,
        "16,36": 19.582382844562233,
        "16,37": 15.073251670220563,
        "16,38": 21.46844799646581,
        "16,39": 83.9834200992208,
        "16,40": 67.65763562187149,
        "16,41": 26.20458580741866,
        "16,42": 43.84962743145225,
        "16,43": 70.46328452993498,
        "16,44": 41.43500670414403,
        "16,45": 67.72555595224404,
        "16,46": 53.659832791758184,
        "16,47": 70.99197634510551,
        "16,48": 24.742018678802463,
        "16,49": 42.6507076642436,
        "16,50": 29.722926080510568,
        "17,0": 113.83112412788314,
        "17,1": 35.41394881431456,
        "17,2": 75.88653870019525,
        "17,3": 41.91142689139202,
        "17,4": 52.1397900010361,
        "17,5": 56.85915055258731,
        "17,6": 61.98846129176466,
        "17,7": 36.78772814305159,
        "17,8": 92.15310288116247,
        "17,9": 45.403630935922976,
        "17,10": 17.714565528262785,
        "17,11": 93.95653092080637,
        "17,12": 77.74342497417541,
        "17,13": 37.7352453667004,
        "17,14": 79.68419140591409,
        "17,15": 43.80921035287056,
        "17,16": 81.72803136664136,
        "17,17": 0.0,
        "17,18": 79.12010947042324,
        "17,19": 41.28477605849702,
        "17,20": 65.97546608762337,
        "17,21": 46.38736308356853,
        "17,22": 84.79781270230657,
        "17,23": 64.95907915568942,
        "17,24": 38.31638321165728,
        "17,25": 55.67821922565578,
        "17,26": 20.36060464167648,
        "17,27": 94.49610671430982,
        "17,28": 90.44683101728614,
        "17,29": 30.430960735234493,
        "17,30": 55.99863416698243,
        "17,31": 41.87052386896897,
        "17,32": 73.59384306294157,
        "17,33": 45.7216643591891,
        "17,34": 7.596168771585416,
        "17,35": 45.376445756955846,
        "17,36": 80.61743203232945,
        "17,37": 96.65242914988376,
        "17,38": 102.24232056756149,
        "17,39": 39.13284822100513,
        "17,40": 37.040684761672146,
        "17,41": 57.996871402386425,
        "17,42": 43.765703715199585,
        "17,43": 31.34005889980141,
