{
    "num_robots": 2,
    "num_tasks": 40,
    "num_nodes": 41,
    "robot_capacity": [
        252,
        264
    ],
    "robot_speed": [
        1.15,
        1.03
    ],
    "task_demand": {
        "0": 0,
        "1": 6,
        "2": 14,
        "3": 6,
        "4": 13,
        "5": 10,
        "6": 5,
        "7": 15,
        "8": 6,
        "9": 15,
        "10": 7,
        "11": 9,
        "12": 11,
        "13": 8,
        "14": 7,
        "15": 13,
        "16": 14,
        "17": 14,
        "18": 10,
        "19": 15,
        "20": 5,
        "21": 8,
        "22": 10,
        "23": 11,
        "24": 7,
        "25": 8,
        "26": 14,
        "27": 9,
        "28": 7,
        "29": 15,
        "30": 13,
        "31": 8,
        "32": 7,
        "33": 11,
        "34": 11,
        "35": 14,
        "36": 6,
        "37": 11,
        "38": 11,
        "39": 8,
        "40": 10
    },
    "task_service_time": {
        "0": 0,
        "1": 79,
        "2": 19,
        "3": 53,
        "4": 40,
        "5": 43,
        "6": 29,
        "7": 57,
        "8": 84,
        "9": 88,
        "10": 50,
        "11": 26,
        "12": 65,
        "13": 22,
        "14": 92,
        "15": 64,
        "16": 50,
        "17": 94,
        "18": 58,
        "19": 53,
        "20": 54,
        "21": 23,
        "22": 38,
        "23": 91,
        "24": 79,
        "25": 64,
        "26": 51,
        "27": 78,
        "28": 37,
        "29": 42,
        "30": 42,
        "31": 91,
        "32": 28,
        "33": 56,
        "34": 78,
        "35": 63,
        "36": 52,
        "37": 64,
        "38": 63,
        "39": 35,
        "40": 99
    },
    "task_precedence": [],
    "coordinates": {
        "0": [
            50.0,
            50.0
        ],
        "1": [
            7.348055877639814,
            67.59602459917942
        ],
        "2": [
            34.724216300633316,
            89.35405913078179
        ],
        "3": [
            65.99364578836686,
            8.234458814029155
        ],
        "4": [
            28.799494081515974,
            91.29277582371893
        ],
        "5": [
            17.059829569980344,
            52.589184530272995
        ],
        "6": [
            13.180582638850858,
            21.121166493827882
        ],
        "7": [
            31.476050143698963,
            9.280106338460003
        ],
        "8": [
            78.19555167432914,
            42.41199713318673
        ],
        "9": [
            5.608433565100757,
            33.13772583371497
        ],
        "10": [
            49.87624328227015,
            57.511276129745404
        ],
        "11": [
            64.8139547026497,
            32.187824212648565
        ],
        "12": [
            41.84149155776774,
            97.78697945159921
        ],
        "13": [
            4.195356755261848,
            46.27272545831986
        ],
        "14": [
            40.9102794259351,
            67.00053220354091
        ],
        "15": [
            78.56694630568329,
            34.74632774576749
        ],
        "16": [
            85.75868720740387,
            33.73614820949549
        ],
        "17": [
            56.015772146681996,
            68.76797751462036
        ],
        "18": [
            97.17855801233057,
            36.71305374410142
        ],
        "19": [
            78.14991234372181,
            42.751302824777426
        ],
        "20": [
            54.7269627622662,
            48.224912948422684
        ],
        "21": [
            77.68777798327527,
            19.49797139781562
        ],
        "22": [
            7.1566331755342105,
            12.982726530956711
        ],
        "23": [
            27.914227070639175,
            25.389748021398706
        ],
        "24": [
            82.1620802665133,
            60.64214975387057
        ],
        "25": [
            29.862273710918462,
            44.20127834883806
        ],
        "26": [
            2.361547746291104,
            90.30494782015862
        ],
        "27": [
            74.37870727825874,
            44.84509549212152
        ],
        "28": [
            47.01421611177615,
            81.88742441460684
        ],
        "29": [
            84.82458102376108,
            6.635342188600257
        ],
        "30": [
            20.343607226129844,
            26.399618705983563
        ],
        "31": [
            83.21508916667824,
            14.887008679300473
        ],
        "32": [
            57.86274015650372,
            32.2016527052435
        ],
        "33": [
            51.734225791372914,
            19.473076420105116
        ],
        "34": [
            83.82078090840521,
            82.1301882527562
        ],
        "35": [
            17.742734450265697,
            40.20810331403535
        ],
        "36": [
            56.19446845999669,
            14.278721041442
        ],
        "37": [
            87.04508229035542,
            68.98332713179694
        ],
        "38": [
            92.58646066828565,
            7.119557801544641
        ],
        "39": [
            28.25939712978428,
            73.47980878345648
        ],
        "40": [
            99.13781299113911,
            21.99937143523709
        ]
    },
    "distance_matrix_str_keys": {
        "0,0": 0.0,
        "0,1": 46.139011900038156,
        "0,2": 42.21482604131997,
        "0,3": 44.7231163511754,
        "0,4": 46.41718201730456,
        "0,5": 33.04177211486312,
        "0,6": 46.79376581866114,
        "0,7": 44.735293204425076,
        "0,8": 29.19874863288718,
        "0,9": 47.48628707956684,
        "0,10": 7.512295576085006,
        "0,11": 23.16736627697818,
        "0,12": 48.478414424458435,
        "0,13": 45.95604332714897,
        "0,14": 19.27799562501793,
        "0,15": 32.384331681715075,
        "0,16": 39.283540902780715,
        "0,17": 19.708538619341876,
        "0,18": 49.01386821023187,
        "0,19": 29.068215901518638,
        "0,20": 5.049268362498544,
        "0,21": 41.19449961462837,
        "0,22": 56.620072553271,
        "0,23": 33.06729303008543,
        "0,24": 33.877053568063616,
        "0,25": 20.955982269548233,
        "0,26": 62.401209538875214,
        "0,27": 24.917752889142548,
        "0,28": 32.02690651974432,
        "0,29": 55.61694877085845,
        "0,30": 37.90091858492375,
        "0,31": 48.33388364116737,
        "0,32": 19.457745223778172,
        "0,33": 30.57614433423883,
        "0,34": 46.649696873740766,
        "0,35": 33.71071671523287,
        "0,36": 36.25439573261445,
        "0,37": 41.62577123480144,
        "0,38": 60.43458410038504,
        "0,39": 31.999300518419336,
        "0,40": 56.555811952212096,
        "1,0": 46.139011900038156,
        "1,1": 0.0,
        "1,2": 34.96950423131385,
        "1,3": 83.44519583799833,
        "1,4": 31.964045732861045,
        "1,5": 17.875228588887275,
        "1,6": 46.83941507248785,
        "1,7": 63.11027198399553,
        "1,8": 75.19044420715831,
        "1,9": 34.50218311354069,
        "1,10": 43.70753797247232,
        "1,11": 67.49866800447987,
        "1,12": 45.839839222230836,
        "1,13": 21.555106077373512,
        "1,14": 33.5675060244131,
        "1,15": 78.42979623308175,
        "1,16": 85.40912325189184,
        "1,17": 48.68182495018036,
        "1,18": 94.99093115980219,
        "1,19": 75.03441263241236,
        "1,20": 51.18594322827489,
        "1,21": 85.21208381244554,
        "1,22": 54.61363354089727,
        "1,23": 46.950369328684495,
        "1,24": 75.13650657718375,
        "1,25": 32.468510233181064,
        "1,26": 23.24995606878291,
        "1,27": 70.78638995192276,
        "1,28": 42.16216759613502,
        "1,29": 98.58405930311989,
        "1,30": 43.197548696288116,
        "1,31": 92.37990636129763,
        "1,32": 61.68058762333203,
        "1,33": 65.46716903194039,
        "1,34": 77.84163144962987,
        "1,35": 29.29415598629623,
        "1,36": 72.30979795873967,
        "1,37": 79.70910002845407,
        "1,38": 104.51310294685264,
        "1,39": 21.723330989762776,
        "1,40": 102.49104492934028,
        "2,0": 42.21482604131997,
        "2,1": 34.96950423131385,
        "2,2": 0.0,
        "2,3": 86.9377177986519,
        "2,4": 6.233855611832522,
        "2,5": 40.78831404901661,
        "2,6": 71.55316756761482,
        "2,7": 80.13980595914887,
        "2,8": 63.97901361976751,
        "2,9": 63.30880613050321,
        "2,10": 35.263958242139275,
        "2,11": 64.60163134021441,
        "2,12": 11.034933267721794,
        "2,13": 52.801634218450296,
        "2,14": 23.193696192653327,
        "2,15": 70.0299171876819,
        "2,16": 75.48423170425826,
        "2,17": 29.616162929263297,
        "2,18": 81.67998681906087,
        "2,19": 63.699356136020256,
        "2,20": 45.73528759828926,
        "2,21": 82.01061288524825,
        "2,22": 81.19453234320864,
        "2,23": 64.32580391266467,
        "2,24": 55.45019997901989,
        "2,25": 45.41378753295029,
        "2,26": 32.37663517504243,
        "2,27": 59.61146281448023,
        "2,28": 14.380359152075442,
        "2,29": 96.70797628919331,
        "2,30": 64.57602873011905,
        "2,31": 88.86341403667988,
        "2,32": 61.65864778324769,
        "2,33": 71.92143051611907,
        "2,34": 49.62516465209467,
        "2,35": 51.99707394629008,
        "2,36": 78.08506974457616,
        "2,37": 56.14659152690326,
        "2,38": 100.55124331469113,
        "2,39": 17.14017826632311,
        "2,40": 93.19745379124636,
        "3,0": 44.7231163511754,
        "3,1": 83.44519583799833,
        "3,2": 86.9377177986519,
        "3,3": 0.0,
        "3,4": 91.00598302130669,
        "3,5": 66.04437949635117,
        "3,6": 54.36255029024438,
        "3,7": 34.533430003898324,
        "3,8": 36.29036556453194,
        "3,9": 65.31880711940978,
        "3,10": 51.84568823258117,
        "3,11": 23.982397398456605,
        "3,12": 92.7522533770531,
        "3,13": 72.56678480352666,
        "3,14": 63.89543528056958,
        "3,15": 29.342240544178317,
        "3,16": 32.26442350824029,
        "3,17": 61.35034513908014,
        "3,18": 42.23184958781061,
        "3,19": 36.5949086216535,
        "3,20": 41.54725704887938,
        "3,21": 16.23636176971643,
        "3,22": 59.028299141295314,
        "3,23": 41.7653693586986,
        "3,24": 54.84509406610631,
        "3,25": 50.981252982331945,
        "3,26": 103.84897239232346,
        "3,27": 37.558593878958646,
        "3,28": 76.05904346367059,
        "3,29": 18.89871148574248,
        "3,30": 49.13144669795502,
        "3,31": 18.461704464710355,
        "3,32": 25.308852392262395,
        "3,33": 18.15592422175945,
        "3,34": 76.01569295789953,
        "3,35": 57.88319607252243,
        "3,36": 11.513339315184524,
        "3,37": 64.29298547031975,
        "3,38": 26.616175673925607,
        "3,39": 75.37127579164884,
        "3,40": 35.88883724829788,
        "4,0": 46.41718201730456,
        "4,1": 31.964045732861045,
        "4,2": 6.233855611832522,
        "4,3": 91.00598302130669,
        "4,4": 0.0,
        "4,5": 40.44487238023521,
        "4,6": 71.8888388458227,
        "4,7": 82.05633374976199,
        "4,8": 69.49317255029663,
        "4,9": 62.60858668917461,
        "4,10": 39.817321336893386,
        "4,11": 69.21298056562917,
        "4,12": 14.569433033956086,
        "4,13": 51.30466361328412,
        "4,14": 27.14376948326589,
        "4,15": 75.32795026493973,
        "4,16": 80.97601536180069,
        "4,17": 35.32835023866819,
        "4,18": 87.49081349686215,
        "4,19": 69.22238354435382,
        "4,20": 50.27001536539057,
        "4,21": 86.85941656154917,
        "4,22": 81.24578295782817,
        "4,23": 65.90897337384295,
        "4,24": 61.538820941133864,
        "4,25": 47.10348856472718,
        "4,26": 26.45639451226958,
        "4,27": 65.07573805820715,
        "4,28": 20.499676430825247,
        "4,29": 101.51695147398115,
        "4,30": 65.44175932245543,
        "4,31": 93.8024426195791,
        "4,32": 65.85159909841303,
        "4,33": 75.39277910402669,
        "4,34": 55.77898363256878,
        "4,35": 52.26753962991626,
        "4,36": 81.74135584393721,
        "4,37": 62.371949197785995,
        "4,38": 105.61206246707881,
        "4,39": 17.821153147166047,
        "4,40": 98.73730297500292,
        "5,0": 33.04177211486312,
        "5,1": 17.875228588887275,
        "5,2": 40.78831404901661,
        "5,3": 66.04437949635117,
        "5,4": 40.44487238023521,
        "5,5": 0.0,
        "5,6": 31.706225191509514,
        "5,7": 45.64541235934538,
        "5,8": 61.977025263686,
        "5,9": 22.571967479253445,
        "5,10": 33.18348979010133,
        "5,11": 51.92949036911669,
        "5,12": 51.54581880838841,
        "5,13": 14.331514784149311,
        "5,14": 27.866304026390313,
        "5,15": 64.04289927362568,
        "5,16": 71.2388238195967,
        "5,17": 42.18197250567645,
        "5,18": 81.67657054479385,
        "5,19": 61.87715353629244,
        "5,20": 37.91912168504894,
        "5,21": 69.07080798269895,
        "5,22": 40.82578614158674,
        "5,23": 29.285274311547642,
        "5,24": 65.59842448296071,
        "5,25": 15.305539719016613,
        "5,26": 40.47861520738176,
        "5,27": 57.83964606364213,
        "5,28": 41.90050278236871,
        "5,29": 81.87684144833626,
        "5,30": 26.394631154077825,
        "5,31": 76.14441828659633,
        "5,32": 45.61281581144067,
        "5,33": 47.94778795400733,
        "5,34": 73.00476371130378,
        "5,35": 12.399900449543544,
        "5,36": 54.765057963824276,
        "5,37": 71.87978512748818,
        "5,38": 88.15758027480896,
        "5,39": 23.703343545042554,
        "5,40": 87.5929907451118,
        "6,0": 46.79376581866114,
        "6,1": 46.83941507248785,
        "6,2": 71.55316756761482,
        "6,3": 54.36255029024438,
        "6,4": 71.8888388458227,
        "6,5": 31.706225191509514,
        "6,6": 0.0,
        "6,7": 21.792999720644097,
        "6,8": 68.41232102478371,
        "6,9": 14.203349603671734,
        "6,10": 51.67989540789618,
        "6,11": 52.806022608640156,
        "6,12": 81.84799677777353,
        "6,13": 26.70833582467157,
        "6,14": 53.60832287834811,
        "6,15": 66.79087941263104,
        "6,16": 73.66626790092222,
        "6,17": 64.07083627223011,
        "6,18": 85.4328204782503,
        "6,19": 68.47537221509417,
        "6,20": 49.60559215687564,
        "6,21": 64.52761434861395,
        "6,22": 10.125323311670172,
        "6,23": 15.339526280165426,
        "6,24": 79.50066120980235,
        "6,25": 28.47754168223938,
        "6,26": 70.0246179183862,
        "6,27": 65.63562497985816,
        "6,28": 69.5503620096609,
        "6,29": 73.09378640061644,
        "6,30": 8.897807538600421,
        "6,31": 70.31142743717217,
        "6,32": 46.03555555343841,
        "6,33": 38.588853328689545,
        "6,34": 93.33883622342492,
        "6,35": 19.62458627153671,
        "6,36": 43.55471769169727,
        "6,37": 88.01562775838092,
        "6,38": 80.63087815221472,
        "6,39": 54.48667790263293,
        "6,40": 85.96171644258543,
        "7,0": 44.735293204425076,
        "7,1": 63.11027198399553,
        "7,2": 80.13980595914887,
        "7,3": 34.533430003898324,
        "7,4": 82.05633374976199,
        "7,5": 45.64541235934538,
        "7,6": 21.792999720644097,
        "7,7": 0.0,
        "7,8": 57.27507320732339,
        "7,9": 35.189765492792624,
        "7,10": 51.62182529679209,
        "7,11": 40.44971469102256,
        "7,12": 89.11177791949736,
        "7,13": 45.96400875795036,
        "7,14": 58.48634237320798,
        "7,15": 53.53579115045183,
        "7,16": 59.53740564206464,
        "7,17": 64.35063925910246,
        "7,18": 71.19962179385708,
        "7,19": 57.43492323397316,
        "7,20": 45.35750102776433,
        "7,21": 47.32788349683801,
        "7,22": 24.599663370894813,
        "7,23": 16.49870112331444,
        "7,24": 72.16046807925626,
        "7,25": 34.95844002459792,
        "7,26": 86.09691740697258,
        "7,27": 55.7270710041866,
        "7,28": 74.25131136796354,
        "7,29": 53.414048006768084,
        "7,30": 20.420797952448552,
        "7,31": 52.04195915682936,
        "7,32": 34.95217729521948,
        "7,33": 22.67796991922607,
        "7,34": 89.70565909545088,
        "7,35": 33.83999049729031,
        "7,36": 25.21876985517634,
        "7,37": 81.56219655461763,
        "7,38": 61.148591516599,
        "7,39": 64.2802353032253,
        "7,40": 68.84688704818339,
        "8,0": 29.19874863288718,
        "8,1": 75.19044420715831,
        "8,2": 63.97901361976751,
        "8,3": 36.29036556453194,
        "8,4": 69.49317255029663,
        "8,5": 61.977025263686,
        "8,6": 68.41232102478371,
        "8,7": 57.27507320732339,
        "8,8": 0.0,
        "8,9": 73.17719469574709,
        "8,10": 32.09316833876737,
        "8,11": 16.840452767711632,
        "8,12": 66.24202860513145,
        "8,13": 74.10083718326291,
        "8,14": 44.663044942579766,
        "8,15": 7.674660978141979,
        "8,16": 11.509620916362625,
        "8,17": 34.446775201193354,
        "8,18": 19.820002153900024,
        "8,19": 0.34236136003370066,
        "8,20": 24.177771936190148,
        "8,21": 22.919651164940888,
        "8,22": 76.89349718706848,
        "8,23": 53.08454171155108,
        "8,24": 18.65668281463884,
        "8,25": 48.36638590960671,
        "8,26": 89.69130881675441,
        "8,27": 4.526396885831505,
        "8,28": 50.30492069882646,
        "8,29": 36.38561623965759,
        "8,30": 60.02702507482358,
        "8,31": 27.978933968678472,
        "8,32": 22.752458275022622,
        "8,33": 35.019935050840026,
        "8,34": 40.114559822420475,
        "8,35": 60.492976933625236,
        "8,36": 35.71454726380158,
        "8,37": 28.00624519672406,
        "8,38": 38.113705351880654,
        "8,39": 58.81180537471457,
        "8,40": 29.244719129206036,
        "9,0": 47.48628707956684,
        "9,1": 34.50218311354069,
        "9,2": 63.30880613050321,
        "9,3": 65.31880711940978,
        "9,4": 62.60858668917461,
        "9,5": 22.571967479253445,
        "9,6": 14.203349603671734,
        "9,7": 35.189765492792624,
        "9,8": 73.17719469574709,
        "9,9": 0.0,
        "9,10": 50.53423523898074,
        "9,11": 59.213140824131756,
        "9,12": 74.11046137253153,
        "9,13": 13.210791089441813,
        "9,14": 48.91737908374111,
        "9,15": 72.97624395259874,
        "9,16": 80.15248759873494,
        "9,17": 61.728555934209496,
        "9,18": 91.63989666596065,
        "9,19": 73.17572689049433,
        "9,20": 51.383393480063155,
        "9,21": 73.35853592340473,
        "9,22": 20.214374067181307,
        "9,23": 23.61312313295014,
        "9,24": 81.34466275339962,
        "9,25": 26.658037363500057,
        "9,26": 57.25935327234943,
        "9,27": 69.75968069666925,
        "9,28": 63.96070621897776,
        "9,29": 83.53187629321552,
        "9,30": 16.20269824706583,
        "9,31": 79.72378359255347,
        "9,32": 52.26269023165747,
        "9,33": 48.1072900099153,
        "9,34": 92.28993797175764,
        "9,35": 14.043913118712187,
        "9,36": 53.98711872421609,
        "9,37": 88.97659741764448,
        "9,38": 90.78613477019834,
        "9,39": 46.266076202034306,
        "9,40": 94.1902742034757,
        "10,0": 7.512295576085006,
        "10,1": 43.70753797247232,
        "10,2": 35.263958242139275,
        "10,3": 51.84568823258117,
        "10,4": 39.817321336893386,
        "10,5": 33.18348979010133,
        "10,6": 51.67989540789618,
        "10,7": 51.62182529679209,
        "10,8": 32.09316833876737,
        "10,9": 50.53423523898074,
        "10,10": 0.0,
        "10,11": 29.400891814297964,
        "10,12": 41.069325698681496,
        "10,13": 47.04304853097435,
        "10,14": 13.055056059135536,
        "10,15": 36.6251186332941,
        "10,16": 43.04423875113385,
        "10,17": 12.822134796717425,
        "10,18": 51.672768778384544,
        "10,19": 31.894469334978062,
        "10,20": 10.476928013928479,
        "10,21": 47.10087896279396,
        "10,22": 61.70702404948176,
        "10,23": 38.91172990365821,
        "10,24": 32.43728779388569,
        "10,25": 24.03570300471259,
        "10,26": 57.732756688169644,
        "10,27": 27.58265530763192,
        "10,28": 24.54358989084928,
        "10,29": 61.723147726578915,
        "10,30": 42.896524568756774,
        "10,31": 54.113832063450964,
        "10,32": 26.539803507415765,
        "10,33": 38.0835494164424,
        "10,34": 41.93235586957435,
        "10,35": 36.49605703835464,
        "10,36": 43.69180459605264,
        "10,37": 38.89897874498292,
        "10,38": 66.05670250042327,
        "10,39": 26.87530600184638,
        "10,40": 60.727239565236275,
        "11,0": 23.16736627697818,
        "11,1": 67.49866800447987,
        "11,2": 64.60163134021441,
        "11,3": 23.982397398456605,
        "11,4": 69.21298056562917,
        "11,5": 51.92949036911669,
        "11,6": 52.806022608640156,
        "11,7": 40.44971469102256,
        "11,8": 16.840452767711632,
        "11,9": 59.213140824131756,
        "11,10": 29.400891814297964,
        "11,11": 0.0,
        "11,12": 69.50527484304271,
        "11,13": 62.23342237260753,
        "11,14": 42.229259162265166,
        "11,15": 13.988949866308568,
        "11,16": 21.001883889187607,
        "11,17": 37.623338925245484,
        "11,18": 32.67943160009579,
        "11,19": 17.012784798303116,
        "11,20": 18.945596362333248,
        "11,21": 18.07671680153508,
        "11,22": 60.77172453242133,
        "11,23": 37.52071080374943,
        "11,24": 33.325757344513825,
        "11,25": 36.95866724369366,
        "11,26": 85.31062765595638,
        "11,27": 15.864772550364249,
        "11,28": 52.79091734510704,
        "11,29": 32.45542332727256,
        "11,30": 44.84545827249179,
        "11,31": 25.257077576041883,
        "11,32": 6.951228301081677,
        "11,33": 18.241275169803185,
        "11,34": 53.43687086956375,
        "11,35": 47.749603693775164,
        "11,36": 19.87539985721559,
        "11,37": 42.98990659322148,
        "11,38": 37.412966582047005,
        "11,39": 55.14765334213026,
        "11,40": 35.804075435707695,
        "12,0": 48.478414424458435,
        "12,1": 45.839839222230836,
        "12,2": 11.034933267721794,
        "12,3": 92.7522533770531,
        "12,4": 14.569433033956086,
        "12,5": 51.54581880838841,
        "12,6": 81.84799677777353,
        "12,7": 89.11177791949736,
        "12,8": 66.24202860513145,
        "12,9": 74.11046137253153,
        "12,10": 41.069325698681496,
        "12,11": 69.50527484304271,
        "12,12": 0.0,
        "12,13": 63.803995408223,
        "12,14": 30.80052743366497,
        "12,15": 72.95808929746705,
        "12,16": 77.66098799611598,
        "12,17": 32.295707201293084,
        "12,18": 82.41489747079507,
        "12,19": 65.9335053045263,
        "12,20": 51.209704199763266,
        "12,21": 86.10531361388168,
        "12,22": 91.6231450803993,
        "12,23": 73.7246757527793,
        "12,24": 54.822333469974474,
        "12,25": 54.908369333797644,
        "12,26": 40.18266741632802,
        "12,27": 62.14107726794385,
        "12,28": 16.719836413254495,
        "12,29": 100.7778098381133,
        "12,30": 74.55410320673937,
        "12,31": 92.65084852904494,
        "12,32": 67.51381703835699,
        "12,33": 78.93626288749046,
        "12,34": 44.803971308676566,
        "12,35": 62.4185635159229,
        "12,36": 84.73273965034714,
        "12,37": 53.600513076642635,
        "12,38": 103.90203673988398,
        "12,39": 27.844421971750062,
        "12,40": 95.00857844762213,
        "13,0": 45.95604332714897,
        "13,1": 21.555106077373512,
        "13,2": 52.801634218450296,
        "13,3": 72.56678480352666,
        "13,4": 51.30466361328412,
        "13,5": 14.331514784149311,
        "13,6": 26.70833582467157,
        "13,7": 45.96400875795036,
        "13,8": 74.10083718326291,
        "13,9": 13.210791089441813,
        "13,10": 47.04304853097435,
        "13,11": 62.23342237260753,
        "13,12": 63.803995408223,
        "13,13": 0.0,
        "13,14": 42.16192025015877,
        "13,15": 75.25949226831317,
        "13,16": 82.52116482188711,
        "13,17": 56.49240494452175,
        "13,18": 93.47332795667528,
        "13,19": 74.03834621093746,
        "13,20": 50.56930137587064,
        "13,21": 78.21779486124782,
        "13,22": 33.42144800305787,
        "13,23": 31.60195493428604,
        "13,24": 79.27982296691569,
        "13,25": 25.75036930096253,
        "13,26": 44.07039211992327,
        "13,27": 70.19786904140493,
        "13,28": 55.69435786809918,
        "13,29": 89.84538918948815,
        "13,30": 25.60676405287562,
        "13,31": 85.02459249008294,
        "13,32": 55.48137642090596,
        "13,33": 54.572568730123045,
        "13,34": 87.32677601756734,
        "13,35": 14.84287991476162,
        "13,36": 61.05345147253096,
        "13,37": 85.90604431360855,
        "13,38": 96.67449399155147,
        "13,39": 36.322216647770446,
        "13,40": 97.99625355916102,
        "14,0": 19.27799562501793,
        "14,1": 33.5675060244131,
        "14,2": 23.193696192653327,
        "14,3": 63.89543528056958,
        "14,4": 27.14376948326589,
        "14,5": 27.866304026390313,
        "14,6": 53.60832287834811,
        "14,7": 58.48634237320798,
        "14,8": 44.663044942579766,
        "14,9": 48.91737908374111,
        "14,10": 13.055056059135536,
        "14,11": 42.229259162265166,
        "14,12": 30.80052743366497,
        "14,13": 42.16192025015877,
        "14,14": 0.0,
        "14,15": 49.58183402917015,
        "14,16": 55.83814935182051,
        "14,17": 15.20854277254051,
        "14,18": 63.90188202633176,
        "14,19": 44.43889496055668,
        "14,20": 23.311469641136224,
        "14,21": 60.075599732643425,
        "14,22": 63.696404646402705,
        "14,23": 43.593058358807646,
        "14,24": 41.73895183119725,
        "14,25": 25.33504305522734,
        "14,26": 45.04553808471205,
        "14,27": 40.13725250661663,
        "14,28": 16.089673793108783,
        "14,29": 74.64865739157479,
        "14,30": 45.51287930037362,
        "14,31": 67.1231425166614,
        "14,32": 38.70849957255506,
        "14,33": 48.74440345484104,
        "14,34": 45.499644280418565,
        "14,35": 35.41990098798805,
        "14,36": 54.89258425908682,
        "14,37": 46.17739177418365,
        "14,38": 79.09588360417244,
        "14,39": 14.213579699361615,
        "14,40": 73.5904214934368,
        "15,0": 32.384331681715075,
        "15,1": 78.42979623308175,
        "15,2": 70.0299171876819,
        "15,3": 29.342240544178317,
        "15,4": 75.32795026493973,
        "15,5": 64.04289927362568,
        "15,6": 66.79087941263104,
        "15,7": 53.53579115045183,
        "15,8": 7.674660978141979,
        "15,9": 72.97624395259874,
        "15,10": 36.6251186332941,
        "15,11": 13.988949866308568,
        "15,12": 72.95808929746705,
        "15,13": 75.25949226831317,
        "15,14": 49.58183402917015,
        "15,15": 0.0,
        "15,16": 7.262341212927373,
        "15,17": 40.81700759418914,
        "15,18": 18.715237147082394,
        "15,19": 8.015830795432215,
        "15,20": 27.386439608237385,
        "15,21": 15.273680245875576,
        "15,22": 74.65311218685565,
        "15,23": 51.50964521371388,
        "15,24": 26.144188372785052,
        "15,25": 49.61392166992789,
        "15,26": 94.30812814474874,
        "15,27": 10.932815563506166,
        "15,28": 56.726164843309796,
        "15,29": 28.799053825779716,
        "15,30": 58.81857500286338,
        "15,31": 20.39602377523518,
        "15,32": 20.859998162262404,
        "15,33": 30.875023825997935,
        "15,34": 47.67423847927225,
        "15,35": 61.068942517378254,
        "15,36": 30.32244530308674,
        "15,37": 35.27110597548047,
        "15,38": 30.980400263944766,
        "15,39": 63.49119669200219,
        "15,40": 24.20011263141903,
        "16,0": 39.283540902780715,
        "16,1": 85.40912325189184,
        "16,2": 75.48423170425826,
        "16,3": 32.26442350824029,
        "16,4": 80.97601536180069,
        "16,5": 71.2388238195967,
        "16,6": 73.66626790092222,
        "16,7": 59.53740564206464,
        "16,8": 11.509620916362625,
        "16,9": 80.15248759873494,
        "16,10": 43.04423875113385,
        "16,11": 21.001883889187607,
        "16,12": 77.66098799611598,
        "16,13": 82.52116482188711,
        "16,14": 55.83814935182051,
        "16,15": 7.262341212927373,
        "16,16": 0.0,
        "16,17": 45.95508743080271,
        "16,18": 11.80150057251978,
        "16,19": 11.796883811568168,
        "16,20": 34.24751415356938,
        "16,21": 16.366589584418083,
        "16,22": 81.29567890974403,
        "16,23": 58.44351088541501,
        "16,24": 27.1453218915005,
        "16,25": 56.86763570435694,
        "16,26": 100.77257543442884,
        "16,27": 15.903227751494668,
        "16,28": 61.803555242889175,
        "16,29": 27.116899552576267,
        "16,30": 65.82520303130389,
        "16,31": 19.019988223485935,
        "16,32": 27.938119806443567,
        "16,33": 36.89307782660973,
        "16,34": 48.43282556833144,
        "16,35": 68.32317346505818,
        "16,36": 35.39257693563225,
        "16,37": 35.27064550430249,
        "16,38": 27.47838014472001,
        "16,39": 69.89797504397724,
        "16,40": 17.797554207974216,
        "17,0": 19.708538619341876,
        "17,1": 48.68182495018036,
        "17,2": 29.616162929263297,
        "17,3": 61.35034513908014,
        "17,4": 35.32835023866819,
        "17,5": 42.18197250567645,
        "17,6": 64.07083627223011,
        "17,7": 64.35063925910246,
        "17,8": 34.446775201193354,
        "17,9": 61.728555934209496,
        "17,10": 12.822134796717425,
        "17,11": 37.623338925245484,
        "17,12": 32.295707201293084,
        "17,13": 56.49240494452175,
        "17,14": 15.20854277254051,
        "17,15": 40.81700759418914,
        "17,16": 45.95508743080271,
        "17,17": 0.0,
        "17,18": 52.17176514317891,
        "17,19": 34.158271680214256,
        "17,20": 20.58345285418179,
        "17,21": 53.82573120479934,
        "17,22": 74.15665639922203,
        "17,23": 51.6852747852565,
        "17,24": 27.379892349944114,
        "17,25": 35.88214302869234,
        "17,26": 57.815368942428606,
        "17,27": 30.157945402644614,
        "17,28": 15.910622175487509,
        "17,29": 68.48658147018489,
        "17,30": 55.3857488733019,
        "17,31": 60.35695195242194,
        "17,32": 36.61294034756229,
        "17,33": 49.48049022706525,
        "17,34": 30.84910352100783,
        "17,35": 47.754495378598065,
        "17,36": 54.4895494876972,
        "17,37": 31.030057419377954,
        "17,38": 71.6794455340141,
        "17,39": 28.15346706863376,
        "17,40": 63.61456532272741,
        "18,0": 49.01386821023187,
        "18,1": 94.99093115980219,
        "18,2": 81.67998681906087,
        "18,3": 42.23184958781061,
        "18,4": 87.49081349686215,
        "18,5": 81.67657054479385,
        "18,6": 85.4328204782503,
        "18,7": 71.19962179385708,
        "18,8": 19.820002153900024,
        "18,9": 91.63989666596065,
        "18,10": 51.672768778384544,
        "18,11": 32.67943160009579,
        "18,12": 82.41489747079507,
        "18,13": 93.47332795667528,
        "18,14": 63.90188202633176,
        "18,15": 18.715237147082394,
        "18,16": 11.80150057251978,
        "18,17": 52.17176514317891,
        "18,18": 0.0,
        "18,19": 19.963712278575535,
        "18,20": 43.98477965859786,
        "18,21": 26.00479890963247,
        "18,22": 93.09712874715702,
        "18,23": 70.1837929531451,
        "18,24": 28.25059715714652,
        "18,25": 67.73149666056055,
        "18,26": 108.91444599523777,
        "18,27": 24.206678757886166,
        "18,28": 67.50692530246019,
        "18,29": 32.51598806510472,
        "18,30": 77.52403888216456,
        "18,31": 25.910513413945026,
        "18,32": 39.57380791642323,
        "18,33": 48.60456922081171,
        "18,34": 47.340746890341656,
        "18,35": 79.51267469076735,
        "18,36": 46.722530756021094,
        "18,37": 33.82392459080509,
        "18,38": 29.947660344663138,
        "18,39": 78.11302716498855,
        "18,40": 14.843555071416459,
        "19,0": 29.068215901518638,
        "19,1": 75.03441263241236,
        "19,2": 63.699356136020256,
        "19,3": 36.5949086216535,
        "19,4": 69.22238354435382,
        "19,5": 61.87715353629244,
        "19,6": 68.47537221509417,
        "19,7": 57.43492323397316,
        "19,8": 0.34236136003370066,
        "19,9": 73.17572689049433,
        "19,10": 31.894469334978062,
        "19,11": 17.012784798303116,
        "19,12": 65.9335053045263,
        "19,13": 74.03834621093746,
        "19,14": 44.43889496055668,
        "19,15": 8.015830795432215,
        "19,16": 11.796883811568168,
        "19,17": 34.158271680214256,
        "19,18": 19.963712278575535,
        "19,19": 0.0,
        "19,20": 24.054001223935355,
        "19,21": 23.257923179407808,
        "19,22": 76.98190580658057,
        "19,23": 53.15117740978966,
        "19,24": 18.33520916927098,
        "19,25": 48.309403574796676,
        "19,26": 89.47192498599675,
        "19,27": 4.313462110601899,
        "19,28": 50.010674789907675,
        "19,29": 36.72756205715533,
        "19,30": 60.074507778832064,
        "19,31": 28.32092697058972,
        "19,32": 22.866229969070492,
        "19,33": 35.20886707321224,
        "19,34": 39.785114902784855,
        "19,35": 60.460689747993214,
        "19,36": 35.95454671582062,
        "19,37": 27.69915427632325,
        "19,38": 38.44522312236126,
        "19,39": 58.59440747003681,
        "19,40": 29.51498992007365,
        "20,0": 5.049268362498544,
        "20,1": 51.18594322827489,
        "20,2": 45.73528759828926,
        "20,3": 41.54725704887938,
        "20,4": 50.27001536539057,
        "20,5": 37.91912168504894,
        "20,6": 49.60559215687564,
        "20,7": 45.35750102776433,
        "20,8": 24.177771936190148,
        "20,9": 51.383393480063155,
        "20,10": 10.476928013928479,
        "20,11": 18.945596362333248,
        "20,12": 51.209704199763266,
        "20,13": 50.56930137587064,
        "20,14": 23.311469641136224,
        "20,15": 27.386439608237385,
        "20,16": 34.24751415356938,
        "20,17": 20.58345285418179,
        "20,18": 43.98477965859786,
        "20,19": 24.054001223935355,
        "20,20": 0.0,
        "20,21": 36.775483769290055,
        "20,22": 59.20260096037784,
        "20,23": 35.218852231630656,
        "20,24": 30.114339480626423,
        "20,25": 25.188140006979207,
        "20,26": 67.17786856250964,
        "20,27": 19.940266511753578,
        "20,28": 34.534781584738965,
        "20,29": 51.3376959066235,
        "20,30": 40.72540492976594,
        "20,31": 43.85190083783046,
        "20,32": 16.32721558278869,
        "20,33": 28.907171745572896,
        "20,34": 44.67681667020666,
        "20,35": 37.84312857769802,
        "20,36": 33.97789749172883,
        "20,37": 38.410579392146325,
        "20,38": 55.88373469487222,
        "20,39": 36.5833540582072,
        "20,40": 51.576182930798616,
        "21,0": 41.19449961462837,
        "21,1": 85.21208381244554,
        "21,2": 82.01061288524825,
        "21,3": 16.23636176971643,
        "21,4": 86.85941656154917,
        "21,5": 69.07080798269895,
        "21,6": 64.52761434861395,
        "21,7": 47.32788349683801,
        "21,8": 22.919651164940888,
        "21,9": 73.35853592340473,
        "21,10": 47.10087896279396,
        "21,11": 18.07671680153508,
        "21,12": 86.10531361388168,
        "21,13": 78.21779486124782,
        "21,14": 60.075599732643425,
        "21,15": 15.273680245875576,
        "21,16": 16.366589584418083,
        "21,17": 53.82573120479934,
        "21,18": 26.00479890963247,
        "21,19": 23.257923179407808,
        "21,20": 36.775483769290055,
        "21,21": 0.0,
        "21,22": 70.83142525437187,
        "21,23": 50.12104749738355,
        "21,24": 41.38674659255847,
        "21,25": 53.828730555546755,
        "21,26": 103.3811823872671,
        "21,27": 25.56221134375783,
        "21,28": 69.52201986147327,
        "21,29": 14.709901013006437,
        "21,30": 57.758000791154416,
        "21,31": 7.198065442166259,
        "21,32": 23.54603243847284,
        "21,33": 25.953564131689404,
        "21,34": 62.93177506668595,
        "21,35": 63.42174554647353,
        "21,36": 22.117932284595767,
        "21,37": 50.362283268473625,
        "21,38": 19.369973384312495,
        "21,39": 73.19292043174346,
        "21,40": 21.59539311950113,
        "22,0": 56.620072553271,
        "22,1": 54.61363354089727,
        "22,2": 81.19453234320864,
        "22,3": 59.028299141295314,
        "22,4": 81.24578295782817,
        "22,5": 40.82578614158674,
        "22,6": 10.125323311670172,
        "22,7": 24.599663370894813,
        "22,8": 76.89349718706848,
        "22,9": 20.214374067181307,
        "22,10": 61.70702404948176,
        "22,11": 60.77172453242133,
        "22,12": 91.6231450803993,
        "22,13": 33.42144800305787,
        "22,14": 63.696404646402705,
        "22,15": 74.65311218685565,
        "22,16": 81.29567890974403,
        "22,17": 74.15665639922203,
        "22,18": 93.09712874715702,
        "22,19": 76.98190580658057,
        "22,20": 59.20260096037784,
        "22,21": 70.83142525437187,
        "22,22": 0.0,
        "22,23": 24.182884165839035,
        "22,24": 88.86640374887736,
        "22,25": 38.60238450831538,
        "22,26": 77.47076060921339,
        "22,27": 74.39097930858007,
        "22,28": 79.60203708421352,
        "22,29": 77.92688503298768,
        "22,30": 18.812476717523914,
        "22,31": 76.08229109495385,
        "22,32": 54.226159816625504,
        "22,33": 45.04760154666668,
        "22,34": 103.24128539579114,
        "22,35": 29.21107120903766,
        "22,36": 49.054957865207484,
        "22,37": 97.5614245981792,
        "22,38": 85.63078986550822,
        "22,39": 64.07201891289613,
        "22,40": 92.4220608166715,
        "23,0": 33.06729303008543,
        "23,1": 46.950369328684495,
        "23,2": 64.32580391266467,
        "23,3": 41.7653693586986,
        "23,4": 65.90897337384295,
        "23,5": 29.285274311547642,
