{
    "num_robots": 2,
    "num_tasks": 60,
    "num_nodes": 61,
    "robot_capacity": [
        381,
        429
    ],
    "robot_speed": [
        1.12,
        0.87
    ],
    "task_demand": {
        "0": 0,
        "1": 9,
        "2": 15,
        "3": 15,
        "4": 5,
        "5": 5,
        "6": 6,
        "7": 6,
        "8": 5,
        "9": 7,
        "10": 8,
        "11": 7,
        "12": 14,
        "13": 10,
        "14": 12,
        "15": 9,
        "16": 10,
        "17": 6,
        "18": 10,
        "19": 15,
        "20": 9,
        "21": 15,
        "22": 11,
        "23": 8,
        "24": 7,
        "25": 11,
        "26": 15,
        "27": 9,
        "28": 13,
        "29": 8,
        "30": 6,
        "31": 11,
        "32": 9,
        "33": 7,
        "34": 13,
        "35": 12,
        "36": 5,
        "37": 11,
        "38": 12,
        "39": 9,
        "40": 13,
        "41": 11,
        "42": 9,
        "43": 10,
        "44": 10,
        "45": 14,
        "46": 10,
        "47": 13,
        "48": 7,
        "49": 5,
        "50": 11,
        "51": 9,
        "52": 10,
        "53": 10,
        "54": 10,
        "55": 5,
        "56": 6,
        "57": 8,
        "58": 8,
        "59": 6,
        "60": 13
    },
    "task_service_time": {
        "0": 0,
        "1": 17,
        "2": 30,
        "3": 62,
        "4": 20,
        "5": 30,
        "6": 53,
        "7": 31,
        "8": 97,
        "9": 64,
        "10": 39,
        "11": 70,
        "12": 48,
        "13": 79,
        "14": 39,
        "15": 32,
        "16": 48,
        "17": 23,
        "18": 59,
        "19": 80,
        "20": 24,
        "21": 63,
        "22": 46,
        "23": 24,
        "24": 94,
        "25": 99,
        "26": 95,
        "27": 48,
        "28": 12,
        "29": 91,
        "30": 68,
        "31": 83,
        "32": 77,
        "33": 88,
        "34": 64,
        "35": 58,
        "36": 61,
        "37": 85,
        "38": 89,
        "39": 50,
        "40": 88,
        "41": 97,
        "42": 95,
        "43": 54,
        "44": 93,
        "45": 81,
        "46": 12,
        "47": 38,
        "48": 57,
        "49": 38,
        "50": 55,
        "51": 37,
        "52": 67,
        "53": 53,
        "54": 83,
        "55": 74,
        "56": 91,
        "57": 23,
        "58": 85,
        "59": 23,
        "60": 75
    },
    "task_precedence": [],
    "coordinates": {
        "0": [
            100,
            100
        ],
        "1": [
            87.50689403727976,
            56.988951712959135
        ],
        "2": [
            6.717721894326923,
            2.473880246945015
        ],
        "3": [
            46.9864618193519,
            23.68167160741439
        ],
        "4": [
            51.75355769810578,
            26.104029896352753
        ],
        "5": [
            12.910813888441341,
            78.89258321733266
        ],
        "6": [
            69.55873013264838,
            84.05068057364257
        ],
        "7": [
            8.070417684436293,
            21.05152836560028
        ],
        "8": [
            7.703700367593269,
            90.49724230249277
        ],
        "9": [
            77.6692223665147,
            88.90103028887569
        ],
        "10": [
            35.24446859143379,
            1.7195314533645312
        ],
        "11": [
            42.21207238994625,
            94.6277448459256
        ],
        "12": [
            28.448517535766772,
            14.961056908841886
        ],
        "13": [
            87.61841911136318,
            26.856765347348187
        ],
        "14": [
            22.167215941274044,
            97.17199771795909
        ],
        "15": [
            26.611946344572758,
            80.95607747454447
        ],
        "16": [
            75.2413331243897,
            95.3277487625931
        ],
        "17": [
            58.45753384622684,
            99.8448895060723
        ],
        "18": [
            95.21183388230074,
            17.827607105088063
        ],
        "19": [
            43.57463977244909,
            71.91796101620676
        ],
        "20": [
            35.946137430946145,
            33.651940614333384
        ],
        "21": [
            62.03696812450217,
            9.393085851339212
        ],
        "22": [
            26.415683560362236,
            35.935804914429795
        ],
        "23": [
            90.79315124467713,
            86.87991837828713
        ],
        "24": [
            30.289609587878495,
            98.80623598973563
        ],
        "25": [
            78.31556364189957,
            87.32880821533178
        ],
        "26": [
            13.771720118711483,
            18.95331019568386
        ],
        "27": [
            27.558714663108262,
            76.01558119782902
        ],
        "28": [
            93.1234321985366,
            37.10966251885891
        ],
        "29": [
            78.61633941672993,
            82.61097955114974
        ],
        "30": [
            73.9417571304034,
            34.059254404625996
        ],
        "31": [
            87.37171730313908,
            48.35233973022477
        ],
        "32": [
            41.36184099663045,
            99.61144325393707
        ],
        "33": [
            68.87478575421457,
            95.74985643347634
        ],
        "34": [
            37.667079994021194,
            59.30918616423209
        ],
        "35": [
            35.13113338320484,
            8.277112128659104
        ],
        "36": [
            12.252701390785825,
            31.558267597154067
        ],
        "37": [
            70.43307860845313,
            34.97179697995053
        ],
        "38": [
            48.65726673621814,
            85.49679029604623
        ],
        "39": [
            68.30361597132763,
            25.41164291136172
        ],
        "40": [
            54.46693829323051,
            1.3856186453722996
        ],
        "41": [
            45.684452539285736,
            32.042072065605446
        ],
        "42": [
            63.39947467866818,
            3.7996314677130383
        ],
        "43": [
            66.14211323975788,
            44.95998098111043
        ],
        "44": [
            70.61666895780988,
            19.149487363399665
        ],
        "45": [
            60.64608383626704,
            38.61545193320938
        ],
        "46": [
            95.53536740345734,
            51.75631441123666
        ],
        "47": [
            11.140776396520558,
            89.13836553951062
        ],
        "48": [
            51.33192306582214,
            86.8282196950807
        ],
        "49": [
            95.33854951525545,
            80.63257661442313
        ],
        "50": [
            31.837669954548275,
            6.309503501812863
        ],
        "51": [
            18.106947644681636,
            98.31141111160522
        ],
        "52": [
            56.48959283948229,
            48.74953047749491
        ],
        "53": [
            25.293421931821946,
            9.189863110093787
        ],
        "54": [
            50.62298996963237,
            78.09845843485806
        ],
        "55": [
            24.422190632982044,
            6.432963992703755
        ],
        "56": [
            70.9388156309521,
            34.43994984006722
        ],
        "57": [
            59.35071222804795,
            78.84114591078773
        ],
        "58": [
            79.0559449123476,
            69.80330237970486
        ],
        "59": [
            39.428557235162586,
            79.39195026058422
        ],
        "60": [
            89.03084492949489,
            84.82229742890823
        ]
    },
    "distance_matrix_str_keys": {
        "0,0": 0.0,
        "0,1": 44.78870361314242,
        "0,2": 134.95527941755876,
        "0,3": 92.92428358114779,
        "0,4": 88.25153592062371,
        "0,5": 89.61054279944369,
        "0,6": 34.36643276950508,
        "0,7": 121.17718134253504,
        "0,8": 92.78420840688644,
        "0,9": 24.93693562498452,
        "0,10": 117.69591898512033,
        "0,11": 58.03710625888658,
        "0,12": 111.13611692375574,
        "0,13": 74.18380093224357,
        "0,14": 77.88414390130698,
        "0,15": 75.81871407830273,
        "0,16": 25.19566464856391,
        "0,17": 41.542755727114624,
        "0,18": 82.31177733985858,
        "0,19": 63.02715438837587,
        "0,20": 92.22235246543639,
        "0,21": 98.23850915360458,
        "0,22": 97.56471041237575,
        "0,23": 16.02818161126826,
        "0,24": 69.72061104094402,
        "0,25": 25.115212151450187,
        "0,26": 118.33799972757215,
        "0,27": 76.30853272432185,
        "0,28": 63.265169984913044,
        "0,29": 27.561548797392184,
        "0,30": 70.90284868130983,
        "0,31": 53.16911072431017,
        "0,32": 58.63944634501046,
        "0,33": 31.41405230437657,
        "0,34": 74.4388020261535,
        "0,35": 112.34348230140517,
        "0,36": 111.28278908940668,
        "0,37": 71.43437567859526,
        "0,38": 53.3518448670026,
        "0,39": 81.04371520158298,
        "0,40": 108.61885618228733,
        "0,41": 86.99688882421869,
        "0,42": 102.92768995535303,
        "0,43": 64.62012217157366,
        "0,44": 86.02433107403978,
        "0,45": 72.91634562144658,
        "0,46": 48.44983120104303,
        "0,47": 89.52059384614498,
        "0,48": 50.41901931684228,
        "0,49": 19.920497213119834,
        "0,50": 115.86204025176627,
        "0,51": 81.9104593840428,
        "0,52": 67.22920613506643,
        "0,53": 117.5906193904101,
        "0,54": 54.01635532381526,
        "0,55": 120.27799256683652,
        "0,56": 71.71242998187063,
        "0,57": 45.82643017665182,
        "0,58": 36.74906788867109,
        "0,59": 63.981179988151275,
        "0,60": 18.726585868687163,
        "1,0": 44.78870361314242,
        "1,1": 0.0,
        "1,2": 97.4617019782042,
        "1,3": 52.45264850469329,
        "1,4": 47.245946439879766,
        "1,5": 77.7453808701926,
        "1,6": 32.472661678351216,
        "1,7": 87.1874542133394,
        "1,8": 86.5526155475045,
        "1,9": 33.39401956843838,
        "1,10": 76.06622068509974,
        "1,11": 58.89227128044899,
        "1,12": 72.48610747350425,
        "1,13": 30.13239275288406,
        "1,14": 76.7069144206022,
        "1,15": 65.44171278144522,
        "1,16": 40.25304142199492,
        "1,17": 51.773513804229246,
        "1,18": 39.912116074092395,
        "1,19": 46.39955046728564,
        "1,20": 56.59618104461605,
        "1,21": 53.98225239020411,
        "1,22": 64.61711064149699,
        "1,23": 30.071072056395337,
        "1,24": 70.86961904828073,
        "1,25": 31.70153698200772,
        "1,26": 82.96737851970609,
        "1,27": 62.89512572395703,
        "1,28": 20.657483868552923,
        "1,29": 27.120661348905088,
        "1,30": 26.641770923759537,
        "1,31": 8.63766978355643,
        "1,32": 62.81753501439764,
        "1,33": 43.00654826680327,
        "1,34": 49.893792717886946,
        "1,35": 71.526663698089,
        "1,36": 79.43496211035468,
        "1,37": 27.861627300552307,
        "1,38": 48.187035622776605,
        "1,39": 36.9579804592962,
        "1,40": 64.67897126418856,
        "1,41": 48.69767363019185,
        "1,42": 58.397529539213444,
        "1,43": 24.51836037327604,
        "1,44": 41.4379628540875,
        "1,45": 32.54364175705131,
        "1,46": 9.583155937518717,
        "1,47": 82.85752067804789,
        "1,48": 46.89360765066671,
        "1,49": 24.906943329257302,
        "1,50": 75.28259414339831,
        "1,51": 80.77065191050676,
        "1,52": 32.09300602764265,
        "1,53": 78.45552232112887,
        "1,54": 42.497454668642355,
        "1,55": 80.84298174844137,
        "1,56": 27.981399313506532,
        "1,57": 35.641113413221674,
        "1,58": 15.350118049139502,
        "1,59": 53.04168939223851,
        "1,60": 27.875034709672114,
        "2,0": 134.95527941755876,
        "2,1": 97.4617019782042,
        "2,2": 0.0,
        "2,3": 45.511996545290124,
        "2,4": 50.85873060742211,
        "2,5": 76.6692412387386,
        "2,6": 102.9745923417552,
        "2,7": 18.626829991202346,
        "2,8": 88.02888401605344,
        "2,9": 111.82024719890964,
        "2,10": 28.536718788663734,
        "2,11": 98.75314515311966,
        "2,12": 25.06306166842836,
        "2,13": 84.49525368931701,
        "2,14": 95.95009285488283,
        "2,15": 80.96440852713357,
        "2,16": 115.40072007717303,
        "2,17": 110.26387252839898,
        "2,18": 89.81617217948288,
        "2,19": 78.61878114905109,
        "2,20": 42.736070514891715,
        "2,21": 55.750286184652346,
        "2,22": 38.82924279778094,
        "2,23": 119.13461752771656,
        "2,24": 99.17437497858492,
        "2,25": 111.02526623895375,
        "2,26": 17.925693916415376,
        "2,27": 76.43774433051809,
        "2,28": 93.08911959387322,
        "2,29": 107.66320581575101,
        "2,30": 74.27453651219881,
        "2,31": 92.78954693263479,
        "2,32": 103.13060232206512,
        "2,33": 112.08884119854443,
        "2,34": 64.71564544601806,
        "2,35": 28.999990563950924,
        "2,36": 29.6063774474896,
        "2,37": 71.52455014324597,
        "2,38": 93.01467096413423,
        "2,39": 65.71882002373947,
        "2,40": 47.76161617892323,
        "2,41": 48.915069912879304,
        "2,42": 56.697254915952904,
        "2,43": 73.0501679831647,
        "2,44": 66.03901353385096,
        "2,45": 64.91903746740459,
        "2,46": 101.57427071332235,
        "2,47": 86.77728056441211,
        "2,48": 95.42579069571258,
        "2,49": 118.16273907658862,
        "2,50": 25.41109592877689,
        "2,51": 96.51189970893351,
        "2,52": 67.96083387982665,
        "2,53": 19.752494974081138,
        "2,54": 87.44569395267105,
        "2,55": 18.141735237400738,
        "2,56": 71.73686978089252,
        "2,57": 92.74799694031942,
        "2,58": 98.82342634282759,
        "2,59": 83.5846172648913,
        "2,60": 116.43329436281253,
        "3,0": 92.92428358114779,
        "3,1": 52.45264850469329,
        "3,2": 45.511996545290124,
        "3,3": 0.0,
        "3,4": 5.3472444115844,
        "3,5": 64.87984696891306,
        "3,6": 64.4509467763817,
        "3,7": 39.004822068343806,
        "3,8": 77.50777918754214,
        "3,9": 72.0763244180475,
        "3,10": 24.904015843044352,
        "3,11": 71.1065405035839,
        "3,12": 20.486690776752244,
        "3,13": 40.755823800252095,
        "3,14": 77.56818289602182,
        "3,15": 60.790447014845675,
        "3,16": 77.01621987730941,
        "3,17": 77.02221273193986,
        "3,18": 48.57938432923212,
        "3,19": 48.356800407062785,
        "3,20": 14.875988258652143,
        "3,21": 20.752865415409083,
        "3,22": 23.944116214356843,
        "3,23": 76.89632262546128,
        "3,24": 76.95768348952032,
        "3,25": 70.9399085099104,
        "3,26": 33.549612037700285,
        "3,27": 55.82361017154503,
        "3,28": 48.05133687721501,
        "3,29": 66.8813314128293,
        "3,30": 28.88394311756927,
        "3,31": 47.32452563012771,
        "3,32": 76.13781308714134,
        "3,33": 75.31880235904516,
        "3,34": 36.82622260159955,
        "3,35": 19.438345224412146,
        "3,36": 35.61565495529467,
        "3,37": 26.023273617716658,
        "3,38": 61.83769471414556,
        "3,39": 21.387235956326315,
        "3,40": 23.517472354877707,
        "3,41": 8.461177458646025,
        "3,42": 25.781437338456854,
        "3,43": 28.630498269202757,
        "3,44": 24.06090986284861,
        "3,45": 20.238652832243904,
        "3,46": 56.08192045549612,
        "3,47": 74.62902882895307,
        "3,48": 63.29588903580176,
        "3,49": 74.70829917532376,
        "3,50": 23.04947113606773,
        "3,51": 80.0226490278119,
        "3,52": 26.80871215698432,
        "3,53": 26.088321009313333,
        "3,54": 54.538161186560274,
        "3,55": 28.401835302490888,
        "3,56": 26.257490429347026,
        "3,57": 56.52824332661899,
        "3,58": 56.17523093808719,
        "3,59": 56.220610716333745,
        "3,60": 74.20179429741842,
        "4,0": 88.25153592062371,
        "4,1": 47.245946439879766,
        "4,2": 50.85873060742211,
        "4,3": 5.3472444115844,
        "4,4": 0.0,
        "4,5": 65.53922572311305,
        "4,6": 60.62044613939794,
        "4,7": 43.974361771060515,
        "4,8": 78.01843201975268,
        "4,9": 67.93441641394989,
        "4,10": 29.44747506065895,
        "4,11": 69.18482096801391,
        "4,12": 25.831971352737117,
        "4,13": 35.87275978861042,
        "4,14": 76.98056682595237,
        "4,15": 60.339437725026144,
        "4,16": 73.09992372190156,
        "4,17": 74.04497060688824,
        "4,18": 44.239359659940064,
        "4,19": 46.53827438882275,
        "4,20": 17.51700578607018,
        "4,21": 19.621523408575886,
        "4,22": 27.17851478330295,
        "4,23": 72.23433037725219,
        "4,24": 75.80443152826388,
        "4,25": 66.73839704372784,
        "4,26": 38.6490980249866,
        "4,27": 55.46668714470033,
        "4,28": 42.808766223788425,
        "4,29": 62.567119167756225,
        "4,30": 23.57120682155336,
        "4,31": 41.99572102147541,
        "4,32": 74.23831621559373,
        "4,33": 71.71943672525876,
        "4,34": 36.06953363826538,
        "4,35": 24.374248443813023,
        "4,36": 39.875636144247046,
        "4,37": 20.677567421944104,
        "4,38": 59.47341427575908,
        "4,39": 16.564535266165,
        "4,40": 24.866891422664725,
        "4,41": 8.49084107922409,
        "4,42": 25.161748182144606,
        "4,43": 23.718714591772912,
        "4,44": 20.10429377617202,
        "4,45": 15.349680859946984,
        "4,46": 50.743340074419315,
        "4,47": 74.98483496697631,
        "4,48": 60.72565357799845,
        "4,49": 69.80697614770165,
        "4,50": 28.07963425328258,
        "4,51": 79.66178676160847,
        "4,52": 23.135443056722792,
        "4,53": 31.404264405388624,
        "4,54": 52.00671862783116,
        "4,55": 33.674240294834156,
        "4,56": 20.917975123272797,
        "4,57": 53.28151801958907,
        "4,58": 51.52714588613122,
        "4,59": 54.694680666004665,
        "4,60": 69.55164329730998,
        "5,0": 89.61054279944369,
        "5,1": 77.7453808701926,
        "5,2": 76.6692412387386,
        "5,3": 64.87984696891306,
        "5,4": 65.53922572311305,
        "5,5": 0.0,
        "5,6": 56.8822677391458,
        "5,7": 58.04323441860266,
        "5,8": 12.719360978515699,
        "5,9": 65.52724991480173,
        "5,10": 80.33972896989759,
        "5,11": 33.25896963602387,
        "5,12": 65.79255497976467,
        "5,13": 91.0436852260613,
        "5,14": 20.489460057536835,
        "5,15": 13.855650079660782,
        "5,16": 64.4609051652476,
        "5,17": 50.13484654140367,
        "5,18": 102.48116509690279,
        "5,19": 31.44702804229967,
        "5,20": 50.76752774993272,
        "5,21": 85.10910153532916,
        "5,22": 45.02961588799437,
        "5,23": 78.29084234470811,
        "5,24": 26.430590358571408,
        "5,25": 65.94657824731591,
        "5,26": 59.94545528979719,
        "5,27": 14.927763989449852,
        "5,28": 90.44267022957679,
        "5,29": 65.81065685923464,
        "5,30": 75.7284847691532,
        "5,31": 80.48063499740034,
        "5,32": 35.19562621587113,
        "5,33": 58.44770147128776,
        "5,34": 31.565521564353567,
        "5,35": 74.02896295048755,
        "5,36": 47.338890431549544,
        "5,37": 72.37296734436781,
        "5,38": 36.35140220592406,
        "5,39": 76.99723046061227,
        "5,40": 87.9445338421066,
        "5,41": 57.17588465073573,
        "5,42": 90.48787913782314,
        "5,43": 63.12679878744959,
        "5,44": 83.06144238754341,
        "5,45": 62.45721176509798,
        "5,46": 86.96662537015244,
        "5,47": 10.397552025176868,
        "5,48": 39.23207815967923,
        "5,49": 82.44609861955797,
        "5,50": 75.01019491733528,
        "5,51": 20.102006934635114,
        "5,52": 52.98786279272198,
        "5,53": 70.79405463952519,
        "5,54": 37.720536302508975,
        "5,55": 73.36830523279765,
        "5,56": 73.09778109082659,
        "5,57": 46.43992682584138,
        "5,58": 66.76670865270351,
        "5,59": 26.52244482785222,
        "5,60": 76.35064267130905,
        "6,0": 34.36643276950508,
        "6,1": 32.472661678351216,
        "6,2": 102.9745923417552,
        "6,3": 64.4509467763817,
        "6,4": 60.62044613939794,
        "6,5": 56.8822677391458,
        "6,6": 0.0,
        "6,7": 88.03241304576987,
        "6,8": 62.19005439264167,
        "6,9": 9.450183947186847,
        "6,10": 89.19577714546995,
        "6,11": 29.320879562463617,
        "6,12": 80.39543319060225,
        "6,13": 59.9774649757762,
        "6,14": 49.17443015382049,
        "6,15": 43.058132868026945,
        "6,16": 12.627915255495958,
        "6,17": 19.30527375591713,
        "6,18": 71.01814691761533,
        "6,19": 28.677096012434504,
        "6,20": 60.579199215709295,
        "6,21": 75.03554726545872,
        "6,22": 64.62479189320425,
        "6,23": 21.42207334779252,
        "6,24": 41.94985392104556,
        "6,25": 9.350307692474695,
        "6,26": 85.73131351157657,
        "6,27": 42.7617132657335,
        "6,28": 52.52384562723489,
        "6,29": 9.171315335176693,
        "6,30": 50.18320053638752,
        "6,31": 39.89578988952215,
        "6,32": 32.205618952930124,
        "6,33": 11.719150810195613,
        "6,34": 40.36358376278659,
        "6,35": 83.22795860063425,
        "6,36": 77.71379768263417,
        "6,37": 49.08667130759953,
        "6,38": 20.95142967535971,
        "6,39": 58.652468400880956,
        "6,40": 84.03139082824393,
        "6,41": 57.22653658528715,
        "6,42": 80.48706299989891,
        "6,43": 39.239725605900674,
        "6,44": 64.9098152413875,
        "6,45": 46.30113676372147,
        "6,46": 41.44528645974991,
        "6,47": 58.639081311257684,
        "6,48": 18.43722374497924,
        "6,49": 26.005432549293904,
        "6,50": 86.40931080313874,
        "6,51": 53.391519520101895,
        "6,52": 37.64270909085012,
        "6,53": 86.96872714616974,
        "6,54": 19.84921166975389,
        "6,55": 89.78762233873822,
        "6,56": 49.62992282788626,
        "6,57": 11.460492177220353,
        "6,58": 17.122642143455227,
        "6,59": 30.488212262482627,
        "6,60": 19.48739713848155,
        "7,0": 121.17718134253504,
        "7,1": 87.1874542133394,
        "7,2": 18.626829991202346,
        "7,3": 39.004822068343806,
        "7,4": 43.974361771060515,
        "7,5": 58.04323441860266,
        "7,6": 88.03241304576987,
        "7,7": 0.0,
        "7,8": 69.44668217989377,
        "7,9": 97.19850062840811,
        "7,10": 33.34899019926666,
        "7,11": 81.11172675754084,
        "7,12": 21.268775143773183,
        "7,13": 79.75954681060203,
        "7,14": 77.41476329174805,
        "7,15": 62.70839887128812,
        "7,16": 100.14433981760538,
        "7,17": 93.5267621321011,
        "7,18": 87.20103259287366,
        "7,19": 62.031796336021266,
        "7,20": 30.59127555732161,
        "7,21": 55.2114829384115,
        "7,22": 23.623938461663183,
        "7,23": 105.71862456228328,
        "7,24": 80.8670949555922,
        "7,25": 96.57669674856841,
        "7,26": 6.075143532101906,
        "7,27": 58.31672849940185,
        "7,28": 86.55564077759352,
        "7,29": 93.62848446559919,
        "7,30": 67.14338610103135,
        "7,31": 83.86912675342506,
        "7,32": 85.32279351623706,
        "7,33": 96.31724348475258,
        "7,34": 48.36952346369372,
        "7,35": 29.924372079029578,
        "7,36": 11.308539529058041,
        "7,37": 63.89738144728281,
        "7,38": 76.160909272644,
        "7,39": 60.390800414633766,
        "7,40": 50.392312208574275,
        "7,41": 39.18683029901183,
        "7,42": 57.95629814305165,
        "7,43": 62.80076377830169,
        "7,44": 62.57516526806812,
        "7,45": 55.43186883370951,
        "7,46": 92.69790351167164,
        "7,47": 68.15603053998561,
        "7,48": 78.7282094939128,
        "7,49": 105.66753590232807,
        "7,50": 27.9680098962309,
        "7,51": 77.90905862330347,
        "7,52": 55.78168017983631,
        "7,53": 20.912459872983717,
        "7,54": 71.16933074304988,
        "7,55": 21.933602141128397,
        "7,56": 64.27818673499931,
        "7,57": 77.2613001734931,
        "7,58": 86.11434575810735,
        "7,59": 66.23396215664248,
        "7,60": 103.05970001231412,
        "8,0": 92.78420840688644,
        "8,1": 86.5526155475045,
        "8,2": 88.02888401605344,
        "8,3": 77.50777918754214,
        "8,4": 78.01843201975268,
        "8,5": 12.719360978515699,
        "8,6": 62.19005439264167,
        "8,7": 69.44668217989377,
        "8,8": 0.0,
        "8,9": 69.98372783278963,
        "8,10": 92.95147044544656,
        "8,11": 34.754694515912796,
        "8,12": 78.33302460115365,
        "8,13": 102.15905529601446,
        "8,14": 15.929395550566358,
        "8,15": 21.17913105394172,
        "8,16": 67.71015899444464,
        "8,17": 51.60746187344863,
        "8,18": 113.74774420159613,
        "8,19": 40.396955168697744,
        "8,20": 63.474589997063426,
        "8,21": 97.62165834893992,
        "8,22": 57.680922018098705,
        "8,23": 83.1681542384341,
        "8,24": 24.065798790017478,
        "8,25": 70.68291313771675,
        "8,26": 71.80080142312929,
        "8,27": 24.575192797319726,
        "8,28": 100.73114841608897,
        "8,29": 71.34981091142683,
        "8,30": 87.0214148452725,
        "8,31": 90.1287175947177,
        "8,32": 34.87031817444962,
        "8,33": 61.39618589608252,
        "8,34": 43.24926547723944,
        "8,35": 86.67418235915476,
        "8,36": 59.11426350404411,
        "8,37": 83.77380242505104,
        "8,38": 41.25771586719431,
        "8,39": 88.92966332603832,
        "8,40": 100.63638453411384,
        "8,41": 69.71043295627275,
        "8,42": 103.04608192730622,
        "8,43": 74.08569543217799,
        "8,44": 95.12383377304799,
        "8,45": 74.12567800206867,
        "8,46": 95.99615215296078,
        "8,47": 3.6959488207494733,
        "8,48": 43.78222861732775,
        "8,49": 88.18831223167209,
        "8,50": 87.57867236031598,
        "8,51": 13.011102493084609,
        "8,52": 64.21008290682845,
        "8,53": 83.18826970098397,
        "8,54": 44.674324408322285,
        "8,55": 85.71062247177746,
        "8,56": 84.5050284929139,
        "8,57": 52.94599528960302,
        "8,58": 74.29254303833177,
        "8,59": 33.61240923533803,
        "8,60": 81.52490074762844,
        "9,0": 24.93693562498452,
        "9,1": 33.39401956843838,
        "9,2": 111.82024719890964,
        "9,3": 72.0763244180475,
        "9,4": 67.93441641394989,
        "9,5": 65.52724991480173,
        "9,6": 9.450183947186847,
        "9,7": 97.19850062840811,
        "9,8": 69.98372783278963,
        "9,9": 0.0,
        "9,10": 96.95603886340693,
        "9,11": 35.91663603511325,
        "9,12": 88.82453178866591,
        "9,13": 62.8369105542448,
        "9,14": 56.11489659119415,
        "9,15": 51.67173027877737,
        "9,16": 6.870033224988583,
        "9,17": 22.11011149601874,
        "9,18": 73.20638429710587,
        "9,19": 38.09022452262303,
        "9,20": 69.23350147440388,
        "9,21": 81.03012156827427,
        "9,22": 73.703733549391,
        "9,23": 13.278644605312273,
        "9,24": 48.40393379705678,
        "9,25": 1.6998939063379397,
        "9,26": 94.73950780821869,
        "9,27": 51.74067819975993,
        "9,28": 54.04792666718396,
        "9,29": 6.360956609659835,
        "9,30": 54.968303405005045,
        "9,31": 41.69334136305758,
        "9,32": 37.85417926491569,
        "9,33": 11.146682685298368,
        "9,34": 49.757900207770476,
        "9,35": 91.15758440117472,
        "9,36": 86.99145733741375,
        "9,37": 54.412535152994074,
        "9,38": 29.210998261324036,
        "9,39": 64.17645123190903,
        "9,40": 90.53890468383868,
        "9,41": 65.23776997366178,
        "9,42": 86.2894766492032,
        "9,43": 45.42785554137041,
        "9,44": 70.1071768798827,
        "9,45": 53.08885604327766,
        "9,46": 41.218067107903046,
        "9,47": 66.52886930651704,
        "9,48": 26.418741041389723,
        "9,49": 19.50826614683619,
        "9,50": 94.45576474471498,
        "9,51": 60.30107658465071,
        "9,52": 45.395150005321646,
        "9,53": 95.37869072375905,
        "9,54": 29.123774575548776,
        "9,55": 98.16429262752136,
        "9,56": 54.87538299162653,
        "9,57": 20.8990212065926,
        "9,58": 19.148008008976905,
        "9,59": 39.405216312978936,
        "9,60": 12.071558681736125,
        "10,0": 117.69591898512033,
        "10,1": 76.06622068509974,
        "10,2": 28.536718788663734,
        "10,3": 24.904015843044352,
        "10,4": 29.44747506065895,
        "10,5": 80.33972896989759,
        "10,6": 89.19577714546995,
        "10,7": 33.34899019926666,
        "10,8": 92.95147044544656,
        "10,9": 96.95603886340693,
        "10,10": 0.0,
        "10,11": 93.16911300689038,
        "10,12": 14.883646970385866,
        "10,13": 58.09398609929305,
        "10,14": 96.34411166682514,
        "10,15": 79.70539922558018,
        "10,16": 101.79512522846753,
        "10,17": 100.83368629329875,
        "10,18": 62.09311556952125,
        "10,19": 70.69095603395346,
        "10,20": 31.940117313245267,
        "10,21": 27.86972314767669,
        "10,22": 35.33696102789928,
        "10,23": 101.67569840287926,
        "10,24": 97.2130589245999,
        "10,25": 95.83354056150365,
        "10,26": 27.533289972540793,
        "10,27": 74.69252854923788,
        "10,28": 67.84125444790362,
        "10,29": 91.78532319626517,
        "10,30": 50.43151614647944,
        "10,31": 69.94189635717912,
        "10,32": 98.08286619545198,
        "10,33": 99.8634079547392,
        "10,34": 57.640587919667304,
        "10,35": 6.558559993048864,
        "10,36": 37.6692385596986,
        "10,37": 48.414372221277986,
        "10,38": 84.84416452099944,
        "10,39": 40.67214490070205,
        "10,40": 19.225369676545476,
        "10,41": 32.06945172609607,
        "10,42": 28.23174071575995,
        "10,43": 53.14509309593549,
        "10,44": 39.433436596178446,
        "10,45": 44.794542135192984,
        "10,46": 78.34967854646798,
        "10,47": 90.68098218705099,
        "10,48": 86.61578958649027,
        "10,49": 99.18955216488328,
        "10,50": 5.716128091446337,
        "10,51": 98.10038654415396,
        "10,52": 51.60596973727674,
        "10,53": 12.443037598725772,
        "10,54": 77.9117411345943,
        "10,55": 11.804158017956732,
        "10,56": 48.4222282632516,
        "10,57": 80.80132671427636,
        "10,58": 80.96199924018909,
        "10,59": 77.78503224363102,
        "10,60": 98.99012068062915,
        "11,0": 58.03710625888658,
        "11,1": 58.89227128044899,
        "11,2": 98.75314515311966,
        "11,3": 71.1065405035839,
        "11,4": 69.18482096801391,
        "11,5": 33.25896963602387,
        "11,6": 29.320879562463617,
        "11,7": 81.11172675754084,
        "11,8": 34.754694515912796,
        "11,9": 35.91663603511325,
        "11,10": 93.16911300689038,
        "11,11": 0.0,
        "11,12": 80.84687136240146,
        "11,13": 81.5759890211705,
        "11,14": 20.2056797144943,
        "11,15": 20.743153601736356,
        "11,16": 33.03667764995745,
        "11,17": 17.062638023834282,
        "11,18": 93.31257083189853,
        "11,19": 22.750623540123467,
        "11,20": 61.2969056527316,
        "11,21": 87.5098485018083,
        "11,22": 60.78050438238991,
        "11,23": 49.19502045595895,
        "11,24": 12.633483585519398,
        "11,25": 36.83390498599482,
        "11,26": 80.84227666849591,
        "11,27": 23.68825718228782,
        "11,28": 76.81338654260057,
        "11,29": 38.3363183666233,
        "11,30": 68.37627459921023,
        "11,31": 64.6591574899325,
        "11,32": 5.055704030517978,
        "11,33": 26.686315188876268,
        "11,34": 35.60979560782742,
        "11,35": 86.64047245883098,
        "11,36": 69.8235123085243,
        "11,37": 65.99437330388811,
        "11,38": 11.17653171396109,
        "11,39": 73.97051719080422,
        "11,40": 94.04401010541494,
        "11,41": 62.68192611324922,
        "11,42": 93.2665652610279,
        "11,43": 55.1319655227772,
        "11,44": 80.6460690844977,
        "11,45": 58.96770078053753,
        "11,46": 68.42026993964808,
        "11,47": 31.55247565375447,
        "11,48": 12.000177870720753,
        "11,49": 54.938941613158676,
        "11,50": 88.92547430297203,
        "11,51": 24.38496332049065,
        "11,52": 48.04849783107272,
        "11,53": 87.0969136584654,
        "11,54": 18.546181380310482,
        "11,55": 89.9711023755661,
        "11,56": 66.69180193173601,
        "11,57": 23.301280682380167,
        "11,58": 44.426612364726445,
        "11,59": 15.487975763915312,
        "11,60": 47.83455091414454,
        "12,0": 111.13611692375574,
        "12,1": 72.48610747350425,
        "12,2": 25.06306166842836,
        "12,3": 20.486690776752244,
        "12,4": 25.831971352737117,
        "12,5": 65.79255497976467,
        "12,6": 80.39543319060225,
        "12,7": 21.268775143773183,
        "12,8": 78.33302460115365,
        "12,9": 88.82453178866591,
        "12,10": 14.883646970385866,
        "12,11": 80.84687136240146,
        "12,12": 0.0,
        "12,13": 60.35383278400566,
        "12,14": 82.45055208087541,
        "12,15": 66.02057053076588,
        "12,16": 92.99662762824616,
        "12,17": 90.03225031240804,
        "12,18": 66.82482711997817,
        "12,19": 58.93121837714382,
        "12,20": 20.138605656420136,
        "12,21": 34.04682532409016,
        "12,22": 21.073027021988867,
        "12,23": 95.17970365240406,
        "12,24": 83.86539020985647,
        "12,25": 87.885230366138,
        "12,26": 15.21007786724254,
        "12,27": 61.061007896256605,
        "12,28": 68.36230918499345,
        "12,29": 84.22186406029186,
        "12,30": 49.33939598741546,
        "12,31": 67.72681329638391,
        "12,32": 85.62967844841396,
        "12,33": 90.33888028253095,
        "12,34": 45.29611972619216,
        "12,35": 9.451585707645204,
        "12,36": 23.18990865083883,
        "12,37": 46.50949458615525,
        "12,38": 73.37358672381716,
        "12,39": 41.202471031532916,
        "12,40": 29.34707383637582,
        "12,41": 24.26599543046023,
        "12,42": 36.68987357681693,
        "12,43": 48.174086421951685,
        "12,44": 42.37565272683152,
        "12,45": 39.95264296193597,
        "12,46": 76.51494233048598,
        "12,47": 76.16975133891825,
        "12,48": 75.42240605812519,
        "12,49": 93.73913205624194,
        "12,50": 9.291702237610073,
        "12,51": 83.9894613242537,
        "12,52": 43.90857376741139,
        "12,53": 6.5773327521678935,
        "12,54": 66.91814925098912,
        "12,55": 9.430783483591034,
        "12,56": 46.74240796154869,
        "12,57": 70.9620420203377,
        "12,58": 74.6242828706735,
        "12,59": 65.35978342913863,
        "12,60": 92.47059705356844,
        "13,0": 74.18380093224357,
        "13,1": 30.13239275288406,
        "13,2": 84.49525368931701,
        "13,3": 40.755823800252095,
        "13,4": 35.87275978861042,
        "13,5": 91.0436852260613,
        "13,6": 59.9774649757762,
        "13,7": 79.75954681060203,
        "13,8": 102.15905529601446,
        "13,9": 62.8369105542448,
        "13,10": 58.09398609929305,
        "13,11": 81.5759890211705,
        "13,12": 60.35383278400566,
        "13,13": 0.0,
        "13,14": 96.06295800018493,
        "13,15": 81.53848963576004,
        "13,16": 69.58065699157834,
        "13,17": 78.59785937069644,
        "13,18": 11.79769665855444,
        "13,19": 63.01083917519362,
        "13,20": 52.11716704665948,
        "13,21": 30.97403325581763,
        "13,22": 61.87248013767015,
        "13,23": 60.10705302952234,
        "13,24": 91.99629735538143,
        "13,25": 61.183421680329175,
        "13,26": 74.26842906272944,
        "13,27": 77.61286796809675,
        "13,28": 11.637313671957257,
        "13,29": 56.47627679222414,
        "13,30": 15.457261450905113,
        "13,31": 21.496990017952772,
        "13,32": 86.21435017545434,
        "13,33": 71.3973514272677,
        "13,34": 59.56757420351965,
        "13,35": 55.6787093675498,
        "13,36": 75.51222107012,
        "13,37": 19.00499057087631,
        "13,38": 70.40329481198447,
        "13,39": 19.368789306338137,
        "13,40": 41.806697965141844,
        "13,41": 42.25334256873073,
        "13,42": 33.439328524618844,
        "13,43": 28.088398497836113,
        "13,44": 18.667127315302356,
        "13,45": 29.424030662312525,
        "13,46": 26.127870442205616,
        "13,47": 98.6297498613653,
        "13,48": 70.094829565705,
        "13,49": 54.327141383337725,
        "13,50": 59.444780644262615,
        "13,51": 99.68756726271707,
        "13,52": 38.05649734419486,
        "13,53": 64.78058897610092,
        "13,54": 63.201051319225556,
        "13,55": 66.41456885101134,
        "13,56": 18.322495990294435,
        "13,57": 59.17295898470464,
        "13,58": 43.79179155367351,
        "13,59": 71.28960963222617,
        "13,60": 57.982737570677806,
        "14,0": 77.88414390130698,
        "14,1": 76.7069144206022,
        "14,2": 95.95009285488283,
        "14,3": 77.56818289602182,
        "14,4": 76.98056682595237,
        "14,5": 20.489460057536835,
        "14,6": 49.17443015382049,
        "14,7": 77.41476329174805,
        "14,8": 15.929395550566358,
        "14,9": 56.11489659119415,
        "14,10": 96.34411166682514,
        "14,11": 20.2056797144943,
        "14,12": 82.45055208087541,
        "14,13": 96.06295800018493,
        "14,14": 0.0,
        "14,15": 16.814032761321474,
        "14,16": 53.10615001086467,
        "14,17": 36.388618057759494,
        "14,18": 107.84733901157884,
        "14,19": 33.10655773137725,
        "14,20": 64.99735634521159,
        "14,21": 96.40920343846766,
        "14,22": 61.38339177808158,
        "14,23": 69.39341390507437,
        "14,24": 8.285168271033458,
        "14,25": 57.00460796369862,
        "14,26": 78.6679568046228,
