{
    "num_robots": 7,
    "num_tasks": 30,
    "num_nodes": 31,
    "robot_capacity": [
        62,
        76,
        69,
        55,
        74,
        64,
        52
    ],
    "robot_speed": [
        0.83,
        0.87,
        1.05,
        0.81,
        1.1,
        1.07,
        1.04
    ],
    "task_demand": {
        "0": 0,
        "1": 14,
        "2": 8,
        "3": 6,
        "4": 11,
        "5": 7,
        "6": 15,
        "7": 12,
        "8": 13,
        "9": 10,
        "10": 6,
        "11": 9,
        "12": 6,
        "13": 14,
        "14": 10,
        "15": 11,
        "16": 9,
        "17": 12,
        "18": 15,
        "19": 6,
        "20": 5,
        "21": 13,
        "22": 15,
        "23": 8,
        "24": 14,
        "25": 10,
        "26": 9,
        "27": 7,
        "28": 11,
        "29": 5,
        "30": 15
    },
    "task_service_time": {
        "0": 0,
        "1": 56,
        "2": 62,
        "3": 30,
        "4": 24,
        "5": 30,
        "6": 71,
        "7": 40,
        "8": 75,
        "9": 42,
        "10": 91,
        "11": 51,
        "12": 86,
        "13": 77,
        "14": 98,
        "15": 72,
        "16": 13,
        "17": 90,
        "18": 50,
        "19": 59,
        "20": 65,
        "21": 67,
        "22": 50,
        "23": 70,
        "24": 65,
        "25": 57,
        "26": 40,
        "27": 42,
        "28": 31,
        "29": 42,
        "30": 39
    },
    "task_precedence": [],
    "coordinates": {
        "0": [
            50.0,
            50.0
        ],
        "1": [
            59.80927962677448,
            52.87729127113361
        ],
        "2": [
            96.5138542590307,
            69.86632635102943
        ],
        "3": [
            70.22153472522841,
            28.50479478258803
        ],
        "4": [
            76.25084190890367,
            70.07413319953866
        ],
        "5": [
            36.80917112053833,
            88.28586818424886
        ],
        "6": [
            34.33735912584856,
            71.37235935284608
        ],
        "7": [
            26.92292797478818,
            81.856057338234
        ],
        "8": [
            99.33847211174192,
            8.897777082437063
        ],
        "9": [
            50.92139199525223,
            5.482513957104085
        ],
        "10": [
            5.072907274594107,
            18.89000917078866
        ],
        "11": [
            36.97528734904907,
            79.41138758981225
        ],
        "12": [
            67.54029298274459,
            70.2184551060503
        ],
        "13": [
            13.856564500274748,
            36.970686489354875
        ],
        "14": [
            81.85925479095933,
            11.485277902329539
        ],
        "15": [
            37.42330907917154,
            48.58322432893356
        ],
        "16": [
            20.11435725004793,
            21.71482191949442
        ],
        "17": [
            19.271424480002352,
            38.68008854698155
        ],
        "18": [
            35.58303940321497,
            36.29350320432588
        ],
        "19": [
            79.78859616709909,
            88.60943950152216
        ],
        "20": [
            77.61216259377079,
            95.00501469643494
        ],
        "21": [
            64.14674537671465,
            80.29163762671584
        ],
        "22": [
            3.4751321306782934,
            44.23370351756988
        ],
        "23": [
            43.06419420810214,
            79.8813271391306
        ],
        "24": [
            64.14126865929025,
            79.24691310054966
        ],
        "25": [
            98.42322532999953,
            8.517557219867589
        ],
        "26": [
            14.47412887507441,
            94.34166413068058
        ],
        "27": [
            60.522762756735816,
            43.41343209351001
        ],
        "28": [
            28.782756855568802,
            21.816122377598813
        ],
        "29": [
            90.89716830352017,
            78.25312762564
        ],
        "30": [
            1.15876515740867,
            87.9807199455231
        ]
    },
    "distance_matrix_str_keys": {
        "0,0": 0.0,
        "0,1": 10.222561902732338,
        "0,2": 50.578746136257216,
        "0,3": 29.51193511076956,
        "0,4": 33.04659626404924,
        "0,5": 40.49451406238774,
        "0,6": 26.497095377792387,
        "0,7": 39.33649250242917,
        "0,8": 64.21586687950395,
        "0,9": 44.52702018761583,
        "0,10": 54.646822324366056,
        "0,11": 32.166331149169054,
        "0,12": 26.766542638075066,
        "0,13": 38.4201892275595,
        "0,14": 49.98395676710729,
        "0,15": 12.656239876842363,
        "0,16": 41.14854726018497,
        "0,17": 32.747301397098006,
        "0,18": 19.89263198420654,
        "0,19": 48.765246643775015,
        "0,20": 52.80040597316615,
        "0,21": 33.43222569410933,
        "0,22": 46.88084369314539,
        "0,23": 30.67570885209773,
        "0,24": 32.486264870023575,
        "0,25": 63.762071879502685,
        "0,26": 56.81787304240547,
        "0,27": 12.414161784887058,
        "0,28": 35.277505077377555,
        "0,29": 49.7073193390788,
        "0,30": 61.87084376771836,
        "1,0": 10.222561902732338,
        "1,1": 0.0,
        "1,2": 40.4456810040429,
        "1,3": 26.503464704061738,
        "1,4": 23.791938605075526,
        "1,5": 42.22288846479637,
        "1,6": 31.478346166097573,
        "1,7": 43.83241959725508,
        "1,8": 59.13336390555984,
        "1,9": 48.22094423792439,
        "1,10": 64.42985179902996,
        "1,11": 35.00642042237594,
        "1,12": 18.986430171562287,
        "1,13": 48.62789429104394,
        "1,14": 46.89882914811865,
        "1,15": 22.794093275720396,
        "1,16": 50.46569486875414,
        "1,17": 42.95204611064938,
        "1,18": 29.358691081422673,
        "1,19": 40.93848441963806,
        "1,20": 45.73497264605337,
        "1,21": 27.755359756914135,
        "1,22": 56.993401226505846,
        "1,23": 31.774452612731213,
        "1,24": 26.72308149155431,
        "1,25": 58.81175739484973,
        "1,26": 61.43753014497659,
        "1,27": 9.490715921922318,
        "1,28": 43.90263463967553,
        "1,29": 40.12966350554689,
        "1,30": 68.35300689961811,
        "2,0": 50.578746136257216,
        "2,1": 40.4456810040429,
        "2,2": 0.0,
        "2,3": 49.010839210880036,
        "2,4": 20.264077901244058,
        "2,5": 62.481426920433684,
        "2,6": 62.19473195093924,
        "2,7": 70.61622101361986,
        "2,8": 61.03394519388887,
        "2,9": 78.89200158222782,
        "2,10": 104.69017001930533,
        "2,11": 60.29883202638732,
        "2,12": 28.975700987048064,
        "2,13": 88.96263638276427,
        "2,14": 60.1922262716627,
        "2,15": 62.80655189815723,
        "2,16": 90.30753303155669,
        "2,17": 83.30050652030124,
        "2,18": 69.56794271094645,
        "2,19": 25.120480664467735,
        "2,20": 31.451988800964283,
        "2,21": 34.004659277732166,
        "2,22": 96.50510436551615,
        "2,23": 54.379834500902035,
        "2,24": 33.70429803716133,
        "2,25": 61.37847482460971,
        "2,26": 85.6128419134827,
        "2,27": 44.66670216308863,
        "2,28": 83.04410669858234,
        "2,29": 10.09383954412981,
        "2,30": 97.0604155816083,
        "3,0": 29.51193511076956,
        "3,1": 26.503464704061738,
        "3,2": 49.010839210880036,
        "3,3": 0.0,
        "3,4": 42.00431455860322,
        "3,5": 68.48476311346033,
        "3,6": 55.90440188958622,
        "3,7": 68.71045453794305,
        "3,8": 35.103150654381174,
        "3,9": 30.04198601632219,
        "3,10": 65.85429189553561,
        "3,11": 60.801267715719916,
        "3,12": 41.799742999961474,
        "3,13": 56.997203359907196,
        "3,14": 20.617965058795683,
        "3,15": 38.45603903910573,
        "3,16": 50.565135874540886,
        "3,17": 51.95623482501782,
        "3,18": 35.50337078436352,
        "3,19": 60.86129296541296,
        "3,20": 66.90964526046507,
        "3,21": 52.141923222980644,
        "3,22": 68.57463692435532,
        "3,23": 58.11255648262271,
        "3,24": 51.105109400397694,
        "3,25": 34.56624102149174,
        "3,26": 86.26857263557567,
        "3,27": 17.785770834164953,
        "3,28": 41.97511941462769,
        "3,29": 53.87372684831512,
        "3,30": 91.14302943376867,
        "4,0": 33.04659626404924,
        "4,1": 23.791938605075526,
        "4,2": 20.264077901244058,
        "4,3": 42.00431455860322,
        "4,4": 0.0,
        "4,5": 43.443212193979264,
        "4,6": 41.93358355960755,
        "4,7": 50.71544961351991,
        "4,8": 65.38795925970962,
        "4,9": 69.38053263911874,
        "4,10": 87.67047924698775,
        "4,11": 40.37020566621873,
        "4,12": 8.71174445261741,
        "4,13": 70.63203265826999,
        "4,14": 58.8566755779913,
        "4,15": 44.37833333653461,
        "4,16": 74.09404765117209,
        "4,17": 65.05566885509465,
        "4,18": 52.8677701772561,
        "4,19": 18.869904210136546,
        "4,20": 24.96802047058061,
        "4,21": 15.840029974085763,
        "4,22": 77.22714380237859,
        "4,23": 34.60541342891144,
        "4,24": 15.191499445418291,
        "4,25": 65.42802635654773,
        "4,26": 66.37224819725499,
        "4,27": 30.954247806752704,
        "4,28": 67.6908760995239,
        "4,29": 16.7753040711588,
        "4,30": 77.19757664424371,
        "5,0": 40.49451406238774,
        "5,1": 42.22288846479637,
        "5,2": 62.481426920433684,
        "5,3": 68.48476311346033,
        "5,4": 43.443212193979264,
        "5,5": 0.0,
        "5,6": 17.093175115438093,
        "5,7": 11.793229882115508,
        "5,8": 101.05633325644713,
        "5,9": 83.9973228697363,
        "5,10": 76.30842477155083,
        "5,11": 8.876035174694076,
        "5,12": 35.64874845275822,
        "5,13": 56.21450011380115,
        "5,14": 89.03842264080812,
        "5,15": 39.70739344925878,
        "5,16": 68.63250695519139,
        "5,17": 52.61469310609684,
        "5,18": 52.006820852593435,
        "5,19": 42.98064303532808,
        "5,20": 41.3525216040921,
        "5,21": 28.482462822216565,
        "5,22": 55.24265894395117,
        "5,23": 10.47671818868073,
        "5,24": 28.787953467952182,
        "5,25": 100.79322948609521,
        "5,26": 23.141451481086424,
        "5,27": 50.75302896385375,
        "5,28": 66.95259840778083,
        "5,29": 55.010610998084786,
        "5,30": 35.65171189134609,
        "6,0": 26.497095377792387,
        "6,1": 31.478346166097573,
        "6,2": 62.19473195093924,
        "6,3": 55.90440188958622,
        "6,4": 41.93358355960755,
        "6,5": 17.093175115438093,
        "6,6": 0.0,
        "6,7": 12.840627427919605,
        "6,8": 90.15663103325778,
        "6,9": 67.94484434074629,
        "6,10": 60.0899760591273,
        "6,11": 8.460770668532346,
        "6,12": 33.22297867013411,
        "6,13": 40.03670870965294,
        "6,14": 76.45124650564225,
        "6,15": 22.997125086682686,
        "6,16": 51.65428158733552,
        "6,17": 35.996763148884526,
        "6,18": 35.100966767911004,
        "6,19": 48.60999774359002,
        "6,20": 49.30731197070221,
        "6,21": 31.11515761779216,
        "6,22": 41.097246813466555,
        "6,23": 12.188526709199914,
        "6,24": 30.82663815927791,
        "6,25": 89.76482829211125,
        "6,26": 30.366706735705147,
        "6,27": 38.30635687200401,
        "6,28": 49.86656424426953,
        "6,29": 56.97681095181191,
        "6,30": 37.103325178465916,
        "7,0": 39.33649250242917,
        "7,1": 43.83241959725508,
        "7,2": 70.61622101361986,
        "7,3": 68.71045453794305,
        "7,4": 50.71544961351991,
        "7,5": 11.793229882115508,
        "7,6": 12.840627427919605,
        "7,7": 0.0,
        "7,8": 102.79553341723806,
        "7,9": 80.05525844022264,
        "7,10": 66.64943080345064,
        "7,11": 10.345353506194904,
        "7,12": 42.2516760129594,
        "7,13": 46.74854404887393,
        "7,14": 89.27511748785255,
        "7,15": 34.89039151116083,
        "7,16": 60.52540650839155,
        "7,17": 43.848714767868906,
        "7,18": 46.378269363550814,
        "7,19": 53.29528163039325,
        "7,20": 52.3669130832251,
        "7,21": 37.25667713317641,
        "7,22": 44.33103469302625,
        "7,23": 16.261612311636636,
        "7,24": 37.30968395685902,
        "7,25": 102.42474369748392,
        "7,26": 17.631306701450768,
        "7,27": 51.056677654156736,
        "7,28": 60.068733576987356,
        "7,29": 64.07561570638437,
        "7,30": 26.482136955570002,
        "8,0": 64.21586687950395,
        "8,1": 59.13336390555984,
        "8,2": 61.03394519388887,
        "8,3": 35.103150654381174,
        "8,4": 65.38795925970962,
        "8,5": 101.05633325644713,
        "8,6": 90.15663103325778,
        "8,7": 102.79553341723806,
        "8,8": 0.0,
        "8,9": 48.53738424371302,
        "8,10": 94.79367814455773,
        "8,11": 94.1346699177916,
        "8,12": 69.07495746792354,
        "8,13": 89.97357818528963,
        "8,14": 17.66969718586288,
        "8,15": 73.54197533724687,
        "8,16": 80.25420246924158,
        "8,17": 85.4266831419457,
        "8,18": 69.39222585849981,
        "8,19": 82.0740322822335,
        "8,20": 88.80590574271608,
        "8,21": 79.59611142517429,
        "8,22": 102.16852572761394,
        "8,23": 90.5839871733807,
        "8,24": 78.66285063082944,
        "8,25": 0.9910821436097839,
        "8,26": 120.42680177976958,
        "8,27": 51.942176827465694,
        "8,28": 71.72860378172162,
        "8,29": 69.86716152065475,
        "8,30": 126.06889667766941,
        "9,0": 44.52702018761583,
        "9,1": 48.22094423792439,
        "9,2": 78.89200158222782,
        "9,3": 30.04198601632219,
        "9,4": 69.38053263911874,
        "9,5": 83.9973228697363,
        "9,6": 67.94484434074629,
        "9,7": 80.05525844022264,
        "9,8": 48.53738424371302,
        "9,9": 0.0,
        "9,10": 47.76865582246789,
        "9,11": 75.2327866784408,
        "9,12": 66.83509517066541,
        "9,13": 48.63441627750077,
        "9,14": 31.514830308096155,
        "9,15": 45.16491422515622,
        "9,16": 34.82184962890549,
        "9,17": 45.867193094485856,
        "9,18": 34.417758768259056,
        "9,19": 87.99659781586058,
        "9,20": 93.41667610103796,
        "9,21": 75.9691710911724,
        "9,22": 61.260119714932266,
        "9,23": 74.8125588384763,
        "9,24": 74.93965385565863,
        "9,25": 47.59869386620767,
        "9,26": 96.04348785066946,
        "9,27": 39.12723950357602,
        "9,28": 27.51192341298736,
        "9,29": 83.0278561998561,
        "9,30": 96.34455366604841,
        "10,0": 54.646822324366056,
        "10,1": 64.42985179902996,
        "10,2": 104.69017001930533,
        "10,3": 65.85429189553561,
        "10,4": 87.67047924698775,
        "10,5": 76.30842477155083,
        "10,6": 60.0899760591273,
        "10,7": 66.64943080345064,
        "10,8": 94.79367814455773,
        "10,9": 47.76865582246789,
        "10,10": 0.0,
        "10,11": 68.41490407910864,
        "10,12": 80.85037810264043,
        "10,13": 20.10133146227798,
        "10,14": 77.14255122863194,
        "10,15": 43.91167866690469,
        "10,16": 15.304404086057398,
        "10,17": 24.35662399735007,
        "10,18": 35.12477426377668,
        "10,19": 102.19213830977212,
        "10,20": 105.14484118790548,
        "10,21": 85.2049196065302,
        "10,22": 25.39400969822579,
        "10,23": 71.85595834987889,
        "10,24": 84.45133017696915,
        "10,25": 93.92480844015344,
        "10,26": 76.0350919231898,
        "10,27": 60.63072442942651,
        "10,28": 23.889728036365646,
        "10,29": 104.35412600298059,
        "10,30": 69.2014943759998,
        "11,0": 32.166331149169054,
        "11,1": 35.00642042237594,
        "11,2": 60.29883202638732,
        "11,3": 60.801267715719916,
        "11,4": 40.37020566621873,
        "11,5": 8.876035174694076,
        "11,6": 8.460770668532346,
        "11,7": 10.345353506194904,
        "11,8": 94.1346699177916,
        "11,9": 75.2327866784408,
        "11,10": 68.41490407910864,
        "11,11": 0.0,
        "11,12": 31.917543405450935,
        "11,13": 48.32896084188862,
        "11,14": 81.41576573737049,
        "11,15": 30.83141861008106,
        "11,16": 60.10977170105291,
        "11,17": 44.412447379113345,
        "11,18": 43.140355912102166,
        "11,19": 43.79022232097286,
        "11,20": 43.52604778745108,
        "11,21": 27.185712635071038,
        "11,22": 48.57705071678837,
        "11,23": 6.1070148123479315,
        "11,24": 27.166479205189457,
        "11,25": 93.81782488756186,
        "11,26": 27.003986562315664,
        "11,27": 43.01553670465322,
        "11,28": 58.17501294156974,
        "11,29": 53.93431942476662,
        "11,30": 36.82739087862324,
        "12,0": 26.766542638075066,
        "12,1": 18.986430171562287,
        "12,2": 28.975700987048064,
        "12,3": 41.799742999961474,
        "12,4": 8.71174445261741,
        "12,5": 35.64874845275822,
        "12,6": 33.22297867013411,
        "12,7": 42.2516760129594,
        "12,8": 69.07495746792354,
        "12,9": 66.83509517066541,
        "12,10": 80.85037810264043,
        "12,11": 31.917543405450935,
        "12,12": 0.0,
        "12,13": 63.14552099530782,
        "12,14": 60.45344300954889,
        "12,15": 37.08255560539453,
        "12,16": 67.83672908106522,
        "12,17": 57.65893019948607,
        "12,18": 46.60652763165986,
        "12,19": 22.09636254975823,
        "12,20": 26.754739650932915,
        "12,21": 10.629448313484257,
        "12,22": 69.13430516115834,
        "12,23": 26.314454338894038,
        "12,24": 9.647093868615237,
        "12,25": 68.9982341102022,
        "12,26": 58.291911846740675,
        "12,27": 27.70839203518965,
        "12,28": 62.007519061844924,
        "12,29": 24.70019407306966,
        "12,30": 68.71684865193848,
        "13,0": 38.4201892275595,
        "13,1": 48.62789429104394,
        "13,2": 88.96263638276427,
        "13,3": 56.997203359907196,
        "13,4": 70.63203265826999,
        "13,5": 56.21450011380115,
        "13,6": 40.03670870965294,
        "13,7": 46.74854404887393,
        "13,8": 89.97357818528963,
        "13,9": 48.63441627750077,
        "13,10": 20.10133146227798,
        "13,11": 48.32896084188862,
        "13,12": 63.14552099530782,
        "13,13": 0.0,
        "13,14": 72.62142891473833,
        "13,15": 26.27246629311013,
        "13,16": 16.489432187708505,
        "13,17": 5.678271215314917,
        "13,18": 21.737025760430377,
        "13,19": 83.74720062406112,
        "13,20": 86.2134533510083,
        "13,21": 66.37625403734876,
        "13,22": 12.669867970766157,
        "13,23": 51.90769417074646,
        "13,24": 65.6949831329669,
        "13,25": 89.22500035929315,
        "13,26": 57.37430140122419,
        "13,27": 47.10884238262696,
        "13,28": 21.270919858919207,
        "13,29": 87.40420230480615,
        "13,30": 52.56669688453986,
        "14,0": 49.98395676710729,
        "14,1": 46.89882914811865,
        "14,2": 60.1922262716627,
        "14,3": 20.617965058795683,
        "14,4": 58.8566755779913,
        "14,5": 89.03842264080812,
        "14,6": 76.45124650564225,
        "14,7": 89.27511748785255,
        "14,8": 17.66969718586288,
        "14,9": 31.514830308096155,
        "14,10": 77.14255122863194,
        "14,11": 81.41576573737049,
        "14,12": 60.45344300954889,
        "14,13": 72.62142891473833,
        "14,14": 0.0,
        "14,15": 57.88618920236617,
        "14,16": 62.586547621168236,
        "14,17": 68.24070800505827,
        "14,18": 52.506534386183965,
        "14,19": 77.15195350420457,
        "14,20": 83.6276522825319,
        "14,21": 71.04961736892997,
        "14,22": 84.95016224527716,
        "14,23": 78.63253955475732,
        "14,24": 70.03974755307647,
        "14,25": 16.8277296765578,
        "14,26": 106.79857645830934,
        "14,27": 38.40120990779169,
        "14,28": 54.07255293268217,
        "14,29": 67.3767737231095,
        "14,30": 111.19407214630824,
        "15,0": 12.656239876842363,
        "15,1": 22.794093275720396,
        "15,2": 62.80655189815723,
        "15,3": 38.45603903910573,
        "15,4": 44.37833333653461,
        "15,5": 39.70739344925878,
        "15,6": 22.997125086682686,
        "15,7": 34.89039151116083,
        "15,8": 73.54197533724687,
        "15,9": 45.16491422515622,
        "15,10": 43.91167866690469,
        "15,11": 30.83141861008106,
        "15,12": 37.08255560539453,
        "15,13": 26.27246629311013,
        "15,14": 57.88618920236617,
        "15,15": 0.0,
        "15,16": 31.96108354637678,
        "15,17": 20.677596882068617,
        "15,18": 12.426738824038814,
        "15,19": 58.283063158046886,
        "15,20": 61.40135639985619,
        "15,21": 41.467644271308934,
        "15,22": 34.22567821701556,
        "15,23": 31.802371366856505,
        "15,24": 40.67076558423006,
        "15,25": 72.98114457517448,
        "15,26": 51.19081641398416,
        "15,27": 23.670900108770336,
        "15,28": 28.12715573252928,
        "15,29": 61.15355085341625,
        "15,30": 53.54698690601237,
        "16,0": 41.14854726018497,
        "16,1": 50.46569486875414,
        "16,2": 90.30753303155669,
        "16,3": 50.565135874540886,
        "16,4": 74.09404765117209,
        "16,5": 68.63250695519139,
        "16,6": 51.65428158733552,
        "16,7": 60.52540650839155,
        "16,8": 80.25420246924158,
        "16,9": 34.82184962890549,
        "16,10": 15.304404086057398,
        "16,11": 60.10977170105291,
        "16,12": 67.83672908106522,
        "16,13": 16.489432187708505,
        "16,14": 62.586547621168236,
        "16,15": 31.96108354637678,
        "16,16": 0.0,
        "16,17": 16.986194611994335,
        "16,18": 21.256012691951504,
        "16,19": 89.64320750494728,
        "16,20": 93.15283128614905,
        "16,21": 73.2809289142489,
        "16,22": 27.999354296147672,
        "16,23": 62.530291426373786,
        "16,24": 72.44522374803273,
        "16,25": 79.41313880911191,
        "16,26": 72.84552412942327,
        "16,27": 45.865770669169144,
        "16,28": 8.668991492890425,
        "16,29": 90.59131499626841,
        "16,30": 68.92375289244312,
        "17,0": 32.747301397098006,
        "17,1": 42.95204611064938,
        "17,2": 83.30050652030124,
        "17,3": 51.95623482501782,
        "17,4": 65.05566885509465,
        "17,5": 52.61469310609684,
        "17,6": 35.996763148884526,
        "17,7": 43.848714767868906,
        "17,8": 85.4266831419457,
        "17,9": 45.867193094485856,
        "17,10": 24.35662399735007,
        "17,11": 44.412447379113345,
        "17,12": 57.65893019948607,
        "17,13": 5.678271215314917,
        "17,14": 68.24070800505827,
        "17,15": 20.677596882068617,
        "17,16": 16.986194611994335,
        "17,17": 0.0,
        "17,18": 16.485283467412728,
        "17,19": 78.45551705104765,
        "17,20": 81.09339695314712,
        "17,21": 61.19898236407235,
        "17,22": 16.7441181083644,
        "17,23": 47.57770436729345,
        "17,24": 60.4894219763551,
        "17,25": 84.70410777439749,
        "17,26": 55.867924980089434,
        "17,27": 41.52201164142891,
        "17,28": 19.361270581255354,
        "17,29": 81.83075583295825,
        "17,30": 52.52257309035041,
        "18,0": 19.89263198420654,
        "18,1": 29.358691081422673,
        "18,2": 69.56794271094645,
        "18,3": 35.50337078436352,
        "18,4": 52.8677701772561,
        "18,5": 52.006820852593435,
        "18,6": 35.100966767911004,
        "18,7": 46.378269363550814,
        "18,8": 69.39222585849981,
        "18,9": 34.417758768259056,
        "18,10": 35.12477426377668,
        "18,11": 43.140355912102166,
        "18,12": 46.60652763165986,
        "18,13": 21.737025760430377,
        "18,14": 52.506534386183965,
        "18,15": 12.426738824038814,
        "18,16": 21.256012691951504,
        "18,17": 16.485283467412728,
        "18,18": 0.0,
        "18,19": 68.4915209311144,
        "18,20": 72.2044927816474,
        "18,21": 52.456850187475396,
        "18,22": 33.07513401992883,
        "18,23": 44.22517464732301,
        "18,24": 51.58069289914172,
        "18,25": 68.70511001842874,
        "18,26": 61.767103628201774,
        "18,27": 25.936136727299846,
        "18,28": 15.994949150588305,
        "18,29": 69.42811345252959,
        "18,30": 62.10152197653437,
        "19,0": 48.765246643775015,
        "19,1": 40.93848441963806,
        "19,2": 25.120480664467735,
        "19,3": 60.86129296541296,
        "19,4": 18.869904210136546,
        "19,5": 42.98064303532808,
        "19,6": 48.60999774359002,
        "19,7": 53.29528163039325,
        "19,8": 82.0740322822335,
        "19,9": 87.99659781586058,
        "19,10": 102.19213830977212,
        "19,11": 43.79022232097286,
        "19,12": 22.09636254975823,
        "19,13": 83.74720062406112,
        "19,14": 77.15195350420457,
        "19,15": 58.283063158046886,
        "19,16": 89.64320750494728,
        "19,17": 78.45551705104765,
        "19,18": 68.4915209311144,
        "19,19": 0.0,
        "19,20": 6.755756447126719,
        "19,21": 17.715905965464533,
        "19,22": 88.27769105133827,
        "19,23": 37.747339570577836,
        "19,24": 18.234466231440344,
        "19,25": 82.2311316440266,
        "19,26": 65.56552475836743,
        "19,27": 49.130961954972534,
        "19,28": 84.04131636457535,
        "19,29": 15.187283186291376,
        "19,30": 78.632344572018,
        "20,0": 52.80040597316615,
        "20,1": 45.73497264605337,
        "20,2": 31.451988800964283,
        "20,3": 66.90964526046507,
        "20,4": 24.96802047058061,
        "20,5": 41.3525216040921,
        "20,6": 49.30731197070221,
        "20,7": 52.3669130832251,
        "20,8": 88.80590574271608,
        "20,9": 93.41667610103796,
        "20,10": 105.14484118790548,
        "20,11": 43.52604778745108,
        "20,12": 26.754739650932915,
        "20,13": 86.2134533510083,
        "20,14": 83.6276522825319,
        "20,15": 61.40135639985619,
        "20,16": 93.15283128614905,
        "20,17": 81.09339695314712,
        "20,18": 72.2044927816474,
        "20,19": 6.755756447126719,
        "20,20": 0.0,
        "20,21": 19.94494737082873,
        "20,22": 89.85558037599364,
        "20,23": 37.713234346952035,
        "20,24": 20.731202311980528,
        "20,25": 88.9560601250544,
        "20,26": 63.141518320644835,
        "20,27": 54.3483116781421,
        "20,28": 87.98252567188636,
        "20,29": 21.380296937618528,
        "20,30": 76.77540424061621,
        "21,0": 33.43222569410933,
        "21,1": 27.755359756914135,
        "21,2": 34.004659277732166,
        "21,3": 52.141923222980644,
        "21,4": 15.840029974085763,
        "21,5": 28.482462822216565,
        "21,6": 31.11515761779216,
        "21,7": 37.25667713317641,
        "21,8": 79.59611142517429,
        "21,9": 75.9691710911724,
        "21,10": 85.2049196065302,
        "21,11": 27.185712635071038,
        "21,12": 10.629448313484257,
        "21,13": 66.37625403734876,
        "21,14": 71.04961736892997,
        "21,15": 41.467644271308934,
        "21,16": 73.2809289142489,
        "21,17": 61.19898236407235,
        "21,18": 52.456850187475396,
        "21,19": 17.715905965464533,
        "21,20": 19.94494737082873,
        "21,21": 0.0,
        "21,22": 70.57775333698379,
        "21,23": 21.0865435402151,
        "21,24": 1.044738881255451,
        "21,25": 79.53864278598586,
        "21,26": 51.62143038391258,
        "21,27": 37.055840206090075,
        "21,28": 68.33738045735623,
        "21,29": 26.827982588846464,
        "21,30": 63.455556407717964,
        "22,0": 46.88084369314539,
        "22,1": 56.993401226505846,
        "22,2": 96.50510436551615,
        "22,3": 68.57463692435532,
        "22,4": 77.22714380237859,
        "22,5": 55.24265894395117,
        "22,6": 41.097246813466555,
        "22,7": 44.33103469302625,
        "22,8": 102.16852572761394,
        "22,9": 61.260119714932266,
        "22,10": 25.39400969822579,
        "22,11": 48.57705071678837,
        "22,12": 69.13430516115834,
        "22,13": 12.669867970766157,
        "22,14": 84.95016224527716,
        "22,15": 34.22567821701556,
        "22,16": 27.999354296147672,
        "22,17": 16.7441181083644,
        "22,18": 33.07513401992883,
        "22,19": 88.27769105133827,
        "22,20": 89.85558037599364,
        "22,21": 70.57775333698379,
        "22,22": 0.0,
        "22,23": 53.27332264871953,
        "22,24": 70.04502099799709,
        "22,25": 101.4434990945495,
        "22,26": 51.300932215587366,
        "22,27": 57.05352754437035,
        "22,28": 33.80863518959433,
        "22,29": 93.80796141719752,
        "22,30": 43.80829832694331,
        "23,0": 30.67570885209773,
        "23,1": 31.774452612731213,
        "23,2": 54.379834500902035,
        "23,3": 58.11255648262271,
        "23,4": 34.60541342891144,
        "23,5": 10.47671818868073,
        "23,6": 12.188526709199914,
        "23,7": 16.261612311636636,
        "23,8": 90.5839871733807,
        "23,9": 74.8125588384763,
        "23,10": 71.85595834987889,
        "23,11": 6.1070148123479315,
        "23,12": 26.314454338894038,
        "23,13": 51.90769417074646,
        "23,14": 78.63253955475732,
        "23,15": 31.802371366856505,
        "23,16": 62.530291426373786,
        "23,17": 47.57770436729345,
        "23,18": 44.22517464732301,
        "23,19": 37.747339570577836,
        "23,20": 37.713234346952035,
        "23,21": 21.0865435402151,
        "23,22": 53.27332264871953,
        "23,23": 0.0,
        "23,24": 21.0866201320476,
        "23,25": 90.31838120695429,
        "23,26": 32.03893228021157,
        "23,27": 40.43153453463942,
        "23,28": 59.79571436861465,
        "23,29": 47.86067743428487,
        "23,30": 42.68096938630784,
        "24,0": 32.486264870023575,
        "24,1": 26.72308149155431,
        "24,2": 33.70429803716133,
        "24,3": 51.105109400397694,
        "24,4": 15.191499445418291,
        "24,5": 28.787953467952182,
        "24,6": 30.82663815927791,
        "24,7": 37.30968395685902,
        "24,8": 78.66285063082944,
        "24,9": 74.93965385565863,
        "24,10": 84.45133017696915,
        "24,11": 27.166479205189457,
        "24,12": 9.647093868615237,
        "24,13": 65.6949831329669,
        "24,14": 70.03974755307647,
        "24,15": 40.67076558423006,
        "24,16": 72.44522374803273,
        "24,17": 60.4894219763551,
        "24,18": 51.58069289914172,
        "24,19": 18.234466231440344,
        "24,20": 20.731202311980528,
        "24,21": 1.044738881255451,
        "24,22": 70.04502099799709,
        "24,23": 21.0866201320476,
        "24,24": 0.0,
        "24,25": 78.5995822919471,
        "24,26": 51.91027145957217,
        "24,27": 36.01571804155365,
        "24,28": 67.44271702739508,
        "24,29": 26.774349204831193,
        "24,30": 63.585180108023835,
        "25,0": 63.762071879502685,
        "25,1": 58.81175739484973,
        "25,2": 61.37847482460971,
        "25,3": 34.56624102149174,
        "25,4": 65.42802635654773,
        "25,5": 100.79322948609521,
        "25,6": 89.76482829211125,
        "25,7": 102.42474369748392,
        "25,8": 0.9910821436097839,
        "25,9": 47.59869386620767,
        "25,10": 93.92480844015344,
        "25,11": 93.81782488756186,
        "25,12": 68.9982341102022,
        "25,13": 89.22500035929315,
        "25,14": 16.8277296765578,
        "25,15": 72.98114457517448,
        "25,16": 79.41313880911191,
        "25,17": 84.70410777439749,
        "25,18": 68.70511001842874,
        "25,19": 82.2311316440266,
        "25,20": 88.9560601250544,
        "25,21": 79.53864278598586,
        "25,22": 101.4434990945495,
        "25,23": 90.31838120695429,
        "25,24": 78.5995822919471,
        "25,25": 0.0,
        "25,26": 120.05510452553436,
        "25,27": 51.51860971012583,
        "25,28": 70.89884825998658,
        "25,29": 70.14051121986681,
        "25,30": 125.59764903464364,
        "26,0": 56.81787304240547,
        "26,1": 61.43753014497659,
        "26,2": 85.6128419134827,
        "26,3": 86.26857263557567,
        "26,4": 66.37224819725499,
        "26,5": 23.141451481086424,
        "26,6": 30.366706735705147,
        "26,7": 17.631306701450768,
        "26,8": 120.42680177976958,
        "26,9": 96.04348785066946,
        "26,10": 76.0350919231898,
        "26,11": 27.003986562315664,
        "26,12": 58.291911846740675,
        "26,13": 57.37430140122419,
        "26,14": 106.79857645830934,
        "26,15": 51.19081641398416,
        "26,16": 72.84552412942327,
        "26,17": 55.867924980089434,
        "26,18": 61.767103628201774,
        "26,19": 65.56552475836743,
        "26,20": 63.141518320644835,
        "26,21": 51.62143038391258,
        "26,22": 51.300932215587366,
        "26,23": 32.03893228021157,
        "26,24": 51.91027145957217,
        "26,25": 120.05510452553436,
        "26,26": 0.0,
        "26,27": 68.65975168029071,
        "26,28": 73.92354862465812,
        "26,29": 78.09815594721682,
        "26,30": 14.756711078706457,
        "27,0": 12.414161784887058,
        "27,1": 9.490715921922318,
        "27,2": 44.66670216308863,
        "27,3": 17.785770834164953,
        "27,4": 30.954247806752704,
        "27,5": 50.75302896385375,
        "27,6": 38.30635687200401,
        "27,7": 51.056677654156736,
        "27,8": 51.942176827465694,
        "27,9": 39.12723950357602,
        "27,10": 60.63072442942651,
        "27,11": 43.01553670465322,
        "27,12": 27.70839203518965,
        "27,13": 47.10884238262696,
        "27,14": 38.40120990779169,
        "27,15": 23.670900108770336,
        "27,16": 45.865770669169144,
        "27,17": 41.52201164142891,
        "27,18": 25.936136727299846,
        "27,19": 49.130961954972534,
        "27,20": 54.3483116781421,
        "27,21": 37.055840206090075,
        "27,22": 57.05352754437035,
        "27,23": 40.43153453463942,
        "27,24": 36.01571804155365,
        "27,25": 51.51860971012583,
        "27,26": 68.65975168029071,
        "27,27": 0.0,
        "27,28": 38.39103751621085,
        "27,29": 46.22130349840907,
        "27,30": 74.23157924668661,
        "28,0": 35.277505077377555,
        "28,1": 43.90263463967553,
        "28,2": 83.04410669858234,
        "28,3": 41.97511941462769,
        "28,4": 67.6908760995239,
        "28,5": 66.95259840778083,
        "28,6": 49.86656424426953,
        "28,7": 60.068733576987356,
        "28,8": 71.72860378172162,
        "28,9": 27.51192341298736,
        "28,10": 23.889728036365646,
        "28,11": 58.17501294156974,
        "28,12": 62.007519061844924,
        "28,13": 21.270919858919207,
        "28,14": 54.07255293268217,
        "28,15": 28.12715573252928,
        "28,16": 8.668991492890425,
        "28,17": 19.361270581255354,
        "28,18": 15.994949150588305,
        "28,19": 84.04131636457535,
        "28,20": 87.98252567188636,
        "28,21": 68.33738045735623,
        "28,22": 33.80863518959433,
        "28,23": 59.79571436861465,
        "28,24": 67.44271702739508,
        "28,25": 70.89884825998658,
        "28,26": 73.92354862465812,
        "28,27": 38.39103751621085,
        "28,28": 0.0,
        "28,29": 83.92458323335792,
        "28,30": 71.69964357418657,
        "29,0": 49.7073193390788,
        "29,1": 40.12966350554689,
        "29,2": 10.09383954412981,
        "29,3": 53.87372684831512,
        "29,4": 16.7753040711588,
        "29,5": 55.010610998084786,
        "29,6": 56.97681095181191,
        "29,7": 64.07561570638437,
        "29,8": 69.86716152065475,
        "29,9": 83.0278561998561,
        "29,10": 104.35412600298059,
        "29,11": 53.93431942476662,
        "29,12": 24.70019407306966,
        "29,13": 87.40420230480615,
        "29,14": 67.3767737231095,
        "29,15": 61.15355085341625,
        "29,16": 90.59131499626841,
        "29,17": 81.83075583295825,
        "29,18": 69.42811345252959,
        "29,19": 15.187283186291376,
        "29,20": 21.380296937618528,
        "29,21": 26.827982588846464,
        "29,22": 93.80796141719752,
        "29,23": 47.86067743428487,
        "29,24": 26.774349204831193,
        "29,25": 70.14051121986681,
        "29,26": 78.09815594721682,
        "29,27": 46.22130349840907,
        "29,28": 83.92458323335792,
        "29,29": 0.0,
        "29,30": 90.26409613769965,
        "30,0": 61.87084376771836,
        "30,1": 68.35300689961811,
        "30,2": 97.0604155816083,
        "30,3": 91.14302943376867,
        "30,4": 77.19757664424371,
        "30,5": 35.65171189134609,
        "30,6": 37.103325178465916,
        "30,7": 26.482136955570002,
        "30,8": 126.06889667766941,
        "30,9": 96.34455366604841,
        "30,10": 69.2014943759998,
        "30,11": 36.82739087862324,
        "30,12": 68.71684865193848,
        "30,13": 52.56669688453986,
        "30,14": 111.19407214630824,
        "30,15": 53.54698690601237,
        "30,16": 68.92375289244312,
        "30,17": 52.52257309035041,
        "30,18": 62.10152197653437,
        "30,19": 78.632344572018,
        "30,20": 76.77540424061621,
        "30,21": 63.455556407717964,
        "30,22": 43.80829832694331,
        "30,23": 42.68096938630784,
        "30,24": 63.585180108023835,
        "30,25": 125.59764903464364,
        "30,26": 14.756711078706457,
        "30,27": 74.23157924668661,
        "30,28": 71.69964357418657,
        "30,29": 90.26409613769965,
        "30,30": 0.0
    }
}