{
    "num_robots": 4,
    "num_tasks": 50,
    "num_nodes": 51,
    "robot_capacity": [
        188,
        169,
        208,
        157
    ],
    "robot_speed": [
        1.09,
        1.06,
        1.17,
        1.03
    ],
    "task_demand": {
        "0": 0,
        "1": 14,
        "2": 10,
        "3": 15,
        "4": 5,
        "5": 13,
        "6": 15,
        "7": 5,
        "8": 5,
        "9": 12,
        "10": 6,
        "11": 15,
        "12": 9,
        "13": 12,
        "14": 5,
        "15": 8,
        "16": 14,
        "17": 11,
        "18": 11,
        "19": 5,
        "20": 11,
        "21": 10,
        "22": 10,
        "23": 15,
        "24": 14,
        "25": 9,
        "26": 15,
        "27": 7,
        "28": 12,
        "29": 11,
        "30": 5,
        "31": 13,
        "32": 5,
        "33": 9,
        "34": 8,
        "35": 6,
        "36": 6,
        "37": 13,
        "38": 5,
        "39": 6,
        "40": 9,
        "41": 13,
        "42": 12,
        "43": 14,
        "44": 7,
        "45": 7,
        "46": 5,
        "47": 6,
        "48": 15,
        "49": 13,
        "50": 12
    },
    "task_service_time": {
        "0": 0,
        "1": 20,
        "2": 30,
        "3": 15,
        "4": 62,
        "5": 29,
        "6": 71,
        "7": 19,
        "8": 87,
        "9": 33,
        "10": 50,
        "11": 71,
        "12": 18,
        "13": 92,
        "14": 91,
        "15": 15,
        "16": 86,
        "17": 29,
        "18": 13,
        "19": 21,
        "20": 71,
        "21": 40,
        "22": 77,
        "23": 88,
        "24": 78,
        "25": 21,
        "26": 15,
        "27": 14,
        "28": 84,
        "29": 37,
        "30": 71,
        "31": 57,
        "32": 37,
        "33": 14,
        "34": 53,
        "35": 85,
        "36": 90,
        "37": 88,
        "38": 41,
        "39": 15,
        "40": 100,
        "41": 33,
        "42": 34,
        "43": 92,
        "44": 37,
        "45": 66,
        "46": 58,
        "47": 16,
        "48": 80,
        "49": 20,
        "50": 45
    },
    "task_precedence": [],
    "coordinates": {
        "0": [
            100,
            100
        ],
        "1": [
            13.338985550335991,
            25.238868526054425
        ],
        "2": [
            3.9288535632901245,
            71.91389180214198
        ],
        "3": [
            18.996909044415066,
            95.4720911115927
        ],
        "4": [
            85.8516446081856,
            33.69602168717268
        ],
        "5": [
            59.24316198624867,
            85.11180120305943
        ],
        "6": [
            93.53477147015673,
            90.49393899298771
        ],
        "7": [
            46.03389673738302,
            27.034010682836794
        ],
        "8": [
            24.5948839906591,
            41.160806782203174
        ],
        "9": [
            0.1587507842108038,
            66.21645755124068
        ],
        "10": [
            32.468842286873326,
            23.114916366728256
        ],
        "11": [
            2.998927239489013,
            47.98790564564743
        ],
        "12": [
            93.78987917281087,
            19.029112709984318
        ],
        "13": [
            36.33793130899993,
            42.43447585307746
        ],
        "14": [
            34.345666098780214,
            10.105347537176812
        ],
        "15": [
            93.32403412691701,
            5.971248175165744
        ],
        "16": [
            22.92123940089472,
            7.229047220662599
        ],
        "17": [
            6.565021084954859,
            92.53940829912115
        ],
        "18": [
            0.9864285099639547,
            21.70530876030967
        ],
        "19": [
            65.4147749845606,
            80.4330208115424
        ],
        "20": [
            73.32246169415939,
            12.031623452083128
        ],
        "21": [
            79.62796432710071,
            59.29237777931152
        ],
        "22": [
            18.136598465947163,
            44.466023322905976
        ],
        "23": [
            94.66526842222136,
            87.77185801579957
        ],
        "24": [
            74.16096762620408,
            55.16720155589895
        ],
        "25": [
            29.60013120729673,
            92.74158274838571
        ],
        "26": [
            92.62185573454052,
            98.36692943175646
        ],
        "27": [
            4.183622323685743,
            54.45240300086274
        ],
        "28": [
            28.73066219663035,
            72.33956739383297
        ],
        "29": [
            76.49762645236409,
            78.70259524184134
        ],
        "30": [
            46.08419964280381,
            5.227056319637901
        ],
        "31": [
            70.2033664020554,
            75.5548241503092
        ],
        "32": [
            27.8523483359811,
            23.827204066795794
        ],
        "33": [
            85.32246178400311,
            65.37703512250262
        ],
        "34": [
            62.03357706449797,
            27.90500701785399
        ],
        "35": [
            41.42535484225627,
            20.381049087802182
        ],
        "36": [
            3.4945147451404424,
            59.74826186177449
        ],
        "37": [
            48.17607351730218,
            91.7481626529289
        ],
        "38": [
            66.50200663722349,
            31.708708879322543
        ],
        "39": [
            81.65543872965839,
            13.364840660329113
        ],
        "40": [
            55.09359349628229,
            54.57395342866307
        ],
        "41": [
            17.11535104122387,
            38.05950259207275
        ],
        "42": [
            70.66582880556396,
            35.78991132229914
        ],
        "43": [
            7.5476742389477325,
            2.0713336907075885
        ],
        "44": [
            37.189357764791644,
            14.661842771728761
        ],
        "45": [
            16.20580073421316,
            38.99488735105039
        ],
        "46": [
            36.380619579084716,
            90.72441679989126
        ],
        "47": [
            56.45556736410629,
            81.523471872547
        ],
        "48": [
            18.949694716472855,
            65.74816030533592
        ],
        "49": [
            84.46001467844656,
            83.7546378778478
        ],
        "50": [
            35.70229765447973,
            59.40346812516958
        ]
    },
    "distance_matrix_str_keys": {
        "0,0": 0.0,
        "0,1": 114.45242769251097,
        "0,2": 100.09243053980427,
        "0,3": 81.12954272803763,
        "0,4": 67.79670715013349,
        "0,5": 43.39099340066309,
        "0,6": 11.496276606455629,
        "0,7": 90.75448142314414,
        "0,8": 95.64508444715489,
        "0,9": 105.40210047886356,
        "0,10": 102.33168300858918,
        "0,11": 110.06573524860507,
        "0,12": 81.20868296691377,
        "0,13": 85.82918245170191,
        "0,14": 111.3172947094234,
        "0,15": 94.26544801821525,
        "0,16": 120.61336996817657,
        "0,17": 93.7323621455373,
        "0,18": 126.22894285991197,
        "0,19": 39.73668914152396,
        "0,20": 91.92456865569555,
        "0,21": 45.52065843460716,
        "0,22": 98.92238915583059,
        "0,23": 13.341170015883687,
        "0,24": 51.74587336535603,
        "0,25": 70.77306088497492,
        "0,26": 7.556714384095506,
        "0,27": 106.09129004496982,
        "0,28": 76.44879359997202,
        "0,29": 31.716573140953543,
        "0,30": 109.03588575326071,
        "0,31": 38.54096516814891,
        "0,32": 104.91700758654042,
        "0,33": 37.605582364729656,
        "0,34": 81.48090134266494,
        "0,35": 98.84415207646104,
        "0,36": 104.56343102358584,
        "0,37": 52.47677748953899,
        "0,38": 76.06455154841669,
        "0,39": 88.55604870369659,
        "0,40": 63.87574697941631,
        "0,41": 103.47217138999737,
        "0,42": 70.59340682856077,
        "0,43": 134.67537348656015,
        "0,44": 105.96120920939173,
        "0,45": 103.64888614888935,
        "0,46": 64.29200579265884,
        "0,47": 47.302216705207876,
        "0,48": 87.99057056879398,
        "0,49": 22.481168436581626,
        "0,50": 76.0412580588804,
        "1,0": 114.45242769251097,
        "1,1": 0.0,
        "1,2": 47.614161568139984,
        "1,3": 70.46075257201427,
        "1,4": 73.00417223166461,
        "1,5": 75.44508918150056,
        "1,6": 103.39046523225508,
        "1,7": 32.74415601129383,
        "1,8": 19.498804259017557,
        "1,9": 43.045108790746944,
        "1,10": 19.247404800012628,
        "1,11": 24.988707364334314,
        "1,12": 80.69019365418566,
        "1,13": 28.71655302008119,
        "1,14": 25.890231462564874,
        "1,15": 82.27301617045534,
        "1,16": 20.400324808901765,
        "1,17": 67.6405887638804,
        "1,18": 12.84802358550664,
        "1,19": 75.88334660326558,
        "1,20": 61.42026320963278,
        "1,21": 74.52429268183651,
        "1,22": 19.81667407185501,
        "1,23": 102.58820136976031,
        "1,24": 67.78656667498733,
        "1,25": 69.43371864921697,
        "1,26": 107.8586426600738,
        "1,27": 30.614559809389934,
        "1,28": 49.55178648461868,
        "1,29": 82.74892141249748,
        "1,30": 38.376055995196204,
        "1,31": 75.92926445074632,
        "1,32": 14.581855022365376,
        "1,33": 82.41779703684847,
        "1,34": 48.76752543638595,
        "1,35": 28.503377864680946,
        "1,36": 35.88609527148068,
        "1,37": 75.08068262391625,
        "1,38": 53.55525786775395,
        "1,39": 69.34068295566874,
        "1,40": 51.029349309617295,
        "1,41": 13.365238276047245,
        "1,42": 58.28972003447661,
        "1,43": 23.88040948251145,
        "1,44": 26.090491152443768,
        "1,45": 14.051572268331824,
        "1,46": 69.4209905679817,
        "1,47": 70.90131311319665,
        "1,48": 40.89599953303422,
        "1,49": 92.09938136097242,
        "1,50": 40.83304536812312,
        "2,0": 100.09243053980427,
        "2,1": 47.614161568139984,
        "2,2": 0.0,
        "2,3": 27.964889606184112,
        "2,4": 90.39883455393809,
        "2,5": 56.86701617691057,
        "2,6": 91.51195920504694,
        "2,7": 61.53891768608863,
        "2,8": 37.051815770195724,
        "2,9": 6.831868851797788,
        "2,10": 56.532034811143745,
        "2,11": 23.94405096320309,
        "2,12": 104.26794226041511,
        "2,13": 43.810778183289806,
        "2,14": 68.88743447809118,
        "2,15": 111.08524004798227,
        "2,16": 67.4154273021731,
        "2,17": 20.79329964121712,
        "2,18": 50.294728116006475,
        "2,19": 62.07329612725149,
        "2,20": 91.65892707297586,
        "2,21": 76.74410717872853,
        "2,22": 30.90704611043272,
        "2,23": 92.11173689539018,
        "2,24": 72.20111827354039,
        "2,25": 33.05763461029716,
        "2,26": 92.55383208697103,
        "2,27": 17.463347281620262,
        "2,28": 24.805461317907216,
        "2,29": 72.88561787498396,
        "2,30": 78.89364505303412,
        "2,31": 66.37444870113494,
        "2,32": 53.709060124858496,
        "2,33": 81.65567925403023,
        "2,34": 72.88992271300985,
        "2,35": 63.73085191949338,
        "2,36": 12.173380880220478,
        "2,37": 48.489326390878006,
        "2,38": 74.37644936047477,
        "2,39": 97.31091116227059,
        "2,40": 54.02318090604041,
        "2,41": 36.33185082709667,
        "2,42": 75.88653260095587,
        "2,43": 69.93624801654472,
        "2,44": 66.21222136372513,
        "2,45": 35.13380545697581,
        "2,46": 37.50937173873792,
        "2,47": 53.3984989661917,
        "2,48": 16.237053730275523,
        "2,49": 81.39699735361636,
        "2,50": 34.14765658128392,
        "3,0": 81.12954272803763,
        "3,1": 70.46075257201427,
        "3,2": 27.964889606184112,
        "3,3": 0.0,
        "3,4": 91.02658084775263,
        "3,5": 41.558350338372506,
        "3,6": 74.70391511503773,
        "3,7": 73.58511776359785,
        "3,8": 54.599019487593075,
        "3,9": 34.79609606915836,
        "3,10": 73.60063669798042,
        "3,11": 50.1067190224528,
        "3,12": 106.9463291914962,
        "3,13": 55.80053481366569,
        "3,14": 86.73560544328956,
        "3,15": 116.33968544465323,
        "3,16": 88.33026188053223,
        "3,17": 12.773114996551849,
        "3,18": 75.93362619777488,
        "3,19": 48.79335932201407,
        "3,20": 99.56694890342783,
        "3,21": 70.60521596523962,
        "3,22": 51.013322628069716,
        "3,23": 76.05914935534314,
        "3,24": 68.31952489085182,
        "3,25": 10.949155043060092,
        "3,26": 73.68183537360957,
        "3,27": 43.61247844564784,
        "3,28": 25.097003884547213,
        "3,29": 59.896147573566196,
        "3,30": 94.22254303807924,
        "3,31": 54.94359651794623,
        "3,32": 72.19008688669325,
        "3,33": 72.83399852540256,
        "3,34": 80.10908592164303,
        "3,35": 78.36899752533125,
        "3,36": 38.94247302471108,
        "3,37": 29.41583387397073,
        "3,38": 79.51416987556897,
        "3,39": 103.28451926103469,
        "3,40": 54.54931983397723,
        "3,41": 57.44341198981035,
        "3,42": 78.9407363386332,
        "3,43": 94.09987494373067,
        "3,44": 82.83273161736255,
        "3,45": 56.54613010816119,
        "3,46": 18.02037189747133,
        "3,47": 39.9714280678993,
        "3,48": 29.72396830451655,
        "3,49": 66.5035105053663,
        "3,50": 39.749409715743056,
        "4,0": 67.79670715013349,
        "4,1": 73.00417223166461,
        "4,2": 90.39883455393809,
        "4,3": 91.02658084775263,
        "4,4": 0.0,
        "4,5": 57.892950612904485,
        "4,6": 57.31521480946699,
        "4,7": 40.37122039429445,
        "4,8": 61.709916041653585,
        "4,9": 91.65615528002458,
        "4,10": 54.42135034596844,
        "4,11": 84.07633865993229,
        "4,12": 16.677343521920392,
        "4,13": 50.278905973415675,
        "4,14": 56.6514406618456,
        "4,15": 28.714102309000165,
        "4,16": 68.26958793609874,
        "4,17": 98.73658297549983,
        "4,18": 85.70812155153266,
        "4,19": 51.00992773141698,
        "4,20": 25.02651744413668,
        "4,21": 26.342126744755024,
        "4,22": 68.56617540215568,
        "4,23": 54.7893788920424,
        "4,24": 24.44756620304419,
        "4,25": 81.55127859772534,
        "4,26": 65.02431904452277,
        "4,27": 84.26442445718637,
        "4,28": 68.9647029751013,
        "4,29": 45.9683512733624,
        "4,30": 48.90737846350552,
        "4,31": 44.68811871699606,
        "4,32": 58.8329153560761,
        "4,33": 31.685432721535708,
        "4,34": 24.51196019121951,
        "4,35": 46.378698965023844,
        "4,36": 86.37948863818087,
        "4,37": 69.20621162679143,
        "4,38": 19.451424158748473,
        "4,39": 20.759698112479143,
        "4,40": 37.17453082427252,
        "4,41": 68.87465440153562,
        "4,42": 15.329493644450325,
        "4,43": 84.44899446683924,
        "4,44": 52.25244614191647,
        "4,45": 69.84712983538812,
        "4,46": 75.49582880240649,
        "4,47": 56.13906259080517,
        "4,48": 74.18362682769826,
        "4,49": 50.07795611630597,
        "4,50": 56.354501171118955,
        "5,0": 43.39099340066309,
        "5,1": 75.44508918150056,
        "5,2": 56.86701617691057,
        "5,3": 41.558350338372506,
        "5,4": 57.892950612904485,
        "5,5": 0.0,
        "5,6": 34.71140861714815,
        "5,7": 59.56101443163768,
        "5,8": 55.965999308882125,
        "5,9": 62.03226304764179,
        "5,10": 67.5313106993613,
        "5,11": 67.39137603288897,
        "5,12": 74.56807216792663,
        "5,13": 48.43556225962687,
        "5,14": 79.0307117075299,
        "5,15": 86.16689027363954,
        "5,16": 85.93605429724474,
        "5,17": 53.19920935493337,
        "5,18": 86.10592476258155,
        "5,19": 7.744662223297854,
        "5,20": 74.42404893836041,
        "5,21": 32.89654681589526,
        "5,22": 57.808553207387526,
        "5,23": 35.521845765787326,
        "5,24": 33.45474515132658,
        "5,25": 30.609195353541942,
        "5,26": 35.914281570170075,
        "5,27": 63.02024758737625,
        "5,28": 33.07782640816965,
        "5,29": 18.40637023059552,
        "5,30": 80.96129170810914,
        "5,31": 14.541729306484273,
        "5,32": 68.85626353339221,
        "5,33": 32.704600138137295,
        "5,34": 57.274808749199465,
        "5,35": 67.13824931309564,
        "5,36": 61.24721052530012,
        "5,37": 12.90433029927559,
        "5,38": 53.89416568984579,
        "5,39": 75.16605946797587,
        "5,40": 30.818485773073387,
        "5,41": 63.155928142948,
        "5,42": 50.6273260075518,
        "5,43": 97.81688350229373,
        "5,44": 73.82118207949921,
        "5,45": 63.07918996604055,
        "5,46": 23.54139543776388,
        "5,47": 4.54387402572,
        "5,48": 44.704743522768204,
        "5,49": 25.253347342309038,
        "5,50": 34.85815088512982,
        "6,0": 11.496276606455629,
        "6,1": 103.39046523225508,
        "6,2": 91.51195920504694,
        "6,3": 74.70391511503773,
        "6,4": 57.31521480946699,
        "6,5": 34.71140861714815,
        "6,6": 0.0,
        "6,7": 79.26850321223527,
        "6,8": 84.7730264849176,
        "6,9": 96.48045058091598,
        "6,10": 90.9339342439761,
        "6,11": 100.01750827472625,
        "6,12": 71.4652816100224,
        "6,13": 74.70736591339111,
        "6,14": 99.82823163270591,
        "6,15": 84.5229535292808,
        "6,16": 109.17560676796676,
        "6,17": 86.99380108229927,
        "6,18": 115.31292830366233,
        "6,19": 29.86563706006747,
        "6,20": 81.0239003413274,
        "6,21": 34.160455311440685,
        "6,22": 88.3371581686035,
        "6,23": 2.94749863528331,
        "6,24": 40.29047844507388,
        "6,25": 63.97413639895812,
        "6,26": 7.925742462967105,
        "6,27": 96.34635525263289,
        "6,28": 67.29898800795851,
        "6,29": 20.719558340249318,
        "6,30": 97.58072579958392,
        "6,31": 27.704360933516618,
        "6,32": 93.5875753211719,
        "6,33": 26.425383448882656,
        "6,34": 70.06924899534047,
        "6,35": 87.3567892733975,
        "6,36": 95.14486057251673,
        "6,37": 45.37603505119688,
        "6,38": 64.70296480092112,
        "6,39": 78.0385568547266,
        "6,40": 52.61149614827904,
        "6,41": 92.67846534862129,
        "6,42": 59.29181378564744,
        "6,43": 123.33830718269245,
        "6,44": 94.47387185322204,
        "6,45": 92.90813761506224,
        "6,46": 57.15461659749985,
        "6,47": 38.1488749178407,
        "6,48": 78.58299585286345,
        "6,49": 11.303512301458158,
        "6,50": 65.65982338099619,
        "7,0": 90.75448142314414,
        "7,1": 32.74415601129383,
        "7,2": 61.53891768608863,
        "7,3": 73.58511776359785,
        "7,4": 40.37122039429445,
        "7,5": 59.56101443163768,
        "7,6": 79.26850321223527,
        "7,7": 0.0,
        "7,8": 25.67484441213352,
        "7,9": 60.33069831205459,
        "7,10": 14.11984428043904,
        "7,11": 47.86516806402301,
        "7,12": 48.42222888228785,
        "7,13": 18.19851843003149,
        "7,14": 20.57168858796963,
        "7,15": 51.76868801481794,
        "7,16": 30.437337381774725,
        "7,17": 76.47711593760808,
        "7,18": 45.361541617095355,
        "7,19": 56.8073298471027,
        "7,20": 31.140606930849692,
        "7,21": 46.57428072395154,
        "7,22": 32.89580999958794,
        "7,23": 77.80807419921913,
        "7,24": 39.78201283852934,
        "7,25": 67.73148216484825,
        "7,26": 85.1987278118682,
        "7,27": 50.03212673679732,
        "7,28": 48.497375129645796,
        "7,29": 59.98067570875159,
        "7,30": 21.807012380904748,
        "7,31": 54.20731134650352,
        "7,32": 18.462185974179896,
        "7,33": 54.89789491959878,
        "7,34": 16.023370593775912,
        "7,35": 8.093241401573533,
        "7,36": 53.66396603383464,
        "7,37": 64.7495975783989,
        "7,38": 20.99515006138738,
        "7,39": 38.154167046492574,
        "7,40": 28.99183595094659,
        "7,41": 30.94905098741272,
        "7,42": 26.141879684131702,
        "7,43": 45.872917552870376,
        "7,44": 15.208432149907464,
        "7,45": 32.13686172989724,
        "7,46": 64.41780492418421,
        "7,47": 55.477135825462746,
        "7,48": 47.247638883892634,
        "7,49": 68.51128439473271,
        "7,50": 33.978282986649596,
        "8,0": 95.64508444715489,
        "8,1": 19.498804259017557,
        "8,2": 37.051815770195724,
        "8,3": 54.599019487593075,
        "8,4": 61.709916041653585,
        "8,5": 55.965999308882125,
        "8,6": 84.7730264849176,
        "8,7": 25.67484441213352,
        "8,8": 0.0,
        "8,9": 34.998717712842776,
        "8,10": 19.688915158988582,
        "8,11": 22.649384691193063,
        "8,12": 72.6481881450893,
        "8,13": 11.811917423640137,
        "8,14": 32.550258073317146,
        "8,15": 77.21399557988437,
        "8,16": 33.97300977474689,
        "8,17": 54.45031359168408,
        "8,18": 30.592083509690326,
        "8,19": 56.64424326902275,
        "8,20": 56.77046899868277,
        "8,21": 57.94302199696195,
        "8,22": 7.254923038850179,
        "8,23": 84.1572865026426,
        "8,24": 51.507045552258695,
        "8,25": 51.823054222741185,
        "8,26": 88.88312186933229,
        "8,27": 24.35746564972516,
        "8,28": 31.45186440652293,
        "8,29": 64.05685408911599,
        "8,30": 41.869142688899444,
        "8,31": 57.123393619323984,
        "8,32": 17.637030845826125,
        "8,33": 65.37785878778969,
        "8,34": 39.71614239159728,
        "8,35": 26.74066339723978,
        "8,36": 28.119727392567498,
        "8,37": 55.813556359390944,
        "8,38": 42.95985432098007,
        "8,39": 63.470643921191666,
        "8,40": 33.317919870061345,
        "8,41": 8.097005670086183,
        "8,42": 46.38295456500401,
        "8,43": 42.64497938667107,
        "8,44": 29.339663653077736,
        "8,45": 8.66417479427942,
        "8,46": 50.9456082635761,
        "8,47": 51.42225080855869,
        "8,48": 25.22709089873217,
        "8,49": 73.47154768800078,
        "8,50": 21.358120965417115,
        "9,0": 105.40210047886356,
        "9,1": 43.045108790746944,
        "9,2": 6.831868851797788,
        "9,3": 34.79609606915836,
        "9,4": 91.65615528002458,
        "9,5": 62.03226304764179,
        "9,6": 96.48045058091598,
        "9,7": 60.33069831205459,
        "9,8": 34.998717712842776,
        "9,9": 0.0,
        "9,10": 53.86728938224612,
        "9,11": 18.448487929150833,
        "9,12": 104.84957661569337,
        "9,13": 43.295678270897334,
        "9,14": 65.70541717191908,
        "9,15": 110.9470832112942,
        "9,16": 63.226936233955335,
        "9,17": 27.091290763666766,
        "9,18": 44.51884339362499,
        "9,19": 66.78667056659434,
        "9,20": 91.04353266689378,
        "9,21": 79.77028758763174,
        "9,22": 28.218511590600013,
        "9,23": 96.93357088878498,
        "9,24": 74.82255111649152,
        "9,25": 39.627984404219774,
        "9,26": 97.89320006617172,
        "9,27": 12.433526063572769,
        "9,28": 29.22065358447003,
        "9,29": 77.35326478375947,
        "9,30": 76.34693127724697,
        "9,31": 70.6643705681314,
        "9,32": 50.63382423171235,
        "9,33": 85.16784781400791,
        "9,34": 72.77541734121385,
        "9,35": 61.67509448305486,
        "9,36": 7.277697209987925,
        "9,37": 54.383189018789864,
        "9,38": 74.78109597740975,
        "9,39": 97.13394645571316,
        "9,40": 56.15500731051747,
        "9,41": 32.868532137117825,
        "9,42": 76.79207489403511,
        "9,43": 64.56928917761982,
        "9,44": 63.47553984342403,
        "9,45": 31.5993939223802,
        "9,46": 43.73401245628599,
        "9,47": 58.34069115517121,
        "9,48": 18.79677834566174,
        "9,49": 86.10627656178245,
        "9,50": 36.19061410143189,
        "10,0": 102.33168300858918,
        "10,1": 19.247404800012628,
        "10,2": 56.532034811143745,
        "10,3": 73.60063669798042,
        "10,4": 54.42135034596844,
        "10,5": 67.5313106993613,
        "10,6": 90.9339342439761,
        "10,7": 14.11984428043904,
        "10,8": 19.688915158988582,
        "10,9": 53.86728938224612,
        "10,10": 0.0,
        "10,11": 38.56347350238664,
        "10,12": 61.45700412717801,
        "10,13": 19.70317813470015,
        "10,14": 13.144251547797511,
        "10,15": 63.22388577864312,
        "10,16": 18.534226700735797,
        "10,17": 74.09971682086137,
        "10,18": 31.513955175836088,
        "10,19": 66.11202294943911,
        "10,20": 42.330339007704666,
        "10,21": 59.43729053266149,
        "10,22": 25.71542302192629,
        "10,23": 89.71574849167351,
        "10,24": 52.58880395253724,
        "10,25": 69.68573867500233,
        "10,26": 96.3392469203201,
        "10,27": 42.21482840081744,
        "10,28": 49.36638794896108,
        "10,29": 70.91208555538374,
        "10,30": 22.480068794244865,
        "10,31": 64.60524931110265,
        "10,32": 4.671120868302596,
        "10,33": 67.672681162154,
        "10,34": 29.950267292918944,
        "10,35": 9.364461941484675,
        "10,36": 46.70667681022751,
        "10,37": 70.40766725796584,
        "10,38": 35.101417997674496,
        "10,39": 50.14364611698984,
        "10,40": 38.74984361454689,
        "10,41": 21.42592707158761,
        "10,42": 40.24506524075693,
        "10,43": 32.61743381560641,
        "10,44": 9.681824186574763,
        "10,45": 22.73015615886666,
        "10,46": 67.72257046513909,
        "10,47": 63.14208055019304,
        "10,48": 44.725393679196294,
        "10,49": 79.87651614583864,
        "10,50": 36.432323866854524,
        "11,0": 110.06573524860507,
        "11,1": 24.988707364334314,
        "11,2": 23.94405096320309,
        "11,3": 50.1067190224528,
        "11,4": 84.07633865993229,
        "11,5": 67.39137603288897,
        "11,6": 100.01750827472625,
        "11,7": 47.86516806402301,
        "11,8": 22.649384691193063,
        "11,9": 18.448487929150833,
        "11,10": 38.56347350238664,
        "11,11": 0.0,
        "11,12": 95.29747447466471,
        "11,13": 33.79836941048886,
        "11,14": 49.17017638725989,
        "11,15": 99.61939790631682,
        "11,16": 45.36720249215782,
        "11,17": 44.693997516413155,
        "11,18": 26.359534331499603,
        "11,19": 70.34503214772273,
        "11,20": 78.98261661517958,
        "11,21": 77.45837859906027,
        "11,22": 15.541967226048886,
        "11,23": 99.92737849068006,
        "11,24": 71.52327091071425,
        "11,25": 52.062612945885355,
        "11,26": 102.81203893353373,
        "11,27": 6.572155544272031,
        "11,28": 35.427752028637265,
        "11,29": 79.65833881631744,
        "11,30": 60.70280828058558,
        "11,31": 72.63863737018853,
        "11,32": 34.66167971956757,
        "11,33": 84.14003900560446,
        "11,34": 62.35713830232797,
        "11,35": 47.31520756919657,
        "11,36": 11.77079374154335,
        "11,37": 62.89622118339268,
        "11,38": 65.55648968905895,
        "11,39": 85.93953356157294,
        "11,40": 52.50933514916029,
        "11,41": 17.258233053948988,
        "11,42": 68.75754964413228,
        "11,43": 46.14133374056554,
        "11,44": 47.74528255421604,
        "11,45": 15.977981272757967,
        "11,46": 54.22865265790982,
        "11,47": 63.105043978842204,
        "11,48": 23.871607165873687,
        "11,49": 88.96722936737666,
        "11,50": 34.63849741579395,
        "12,0": 81.20868296691377,
        "12,1": 80.69019365418566,
        "12,2": 104.26794226041511,
        "12,3": 106.9463291914962,
        "12,4": 16.677343521920392,
        "12,5": 74.56807216792663,
        "12,6": 71.4652816100224,
        "12,7": 48.42222888228785,
        "12,8": 72.6481881450893,
        "12,9": 104.84957661569337,
        "12,10": 61.45700412717801,
        "12,11": 95.29747447466471,
        "12,12": 0.0,
        "12,13": 62.036580637605375,
        "12,14": 60.110299058066325,
        "12,15": 13.06617150570344,
        "12,16": 71.84431535392272,
        "12,17": 114.06988834065233,
        "12,18": 92.84202970762347,
        "12,19": 67.64308144842789,
        "12,20": 21.630534763612545,
        "12,21": 42.68126457990731,
        "12,22": 79.81513204425138,
        "12,23": 68.74831880503092,
        "12,24": 41.12487852796325,
        "12,25": 97.74380790126017,
        "12,26": 79.34641416554284,
        "12,27": 96.35398674441669,
        "12,28": 84.11127327625243,
        "12,29": 62.128467884116084,
        "12,30": 49.662144738442755,
        "12,31": 61.24932357601908,
        "12,32": 66.11187225851485,
        "12,33": 47.11504079583398,
        "12,34": 32.973386592203596,
        "12,35": 52.381973429176114,
        "12,36": 99.05201635893913,
        "12,37": 85.84101287253655,
        "12,38": 30.089867838459522,
        "12,39": 13.391363736413101,
        "12,40": 52.543679228578526,
        "12,41": 79.00087976260656,
        "12,42": 28.559518124603333,
        "12,43": 87.89359579128089,
        "12,44": 56.768759633915145,
        "12,45": 80.11193034863359,
        "12,46": 91.84791622918871,
        "12,47": 72.79694887403566,
        "12,48": 88.22540800515137,
        "12,49": 65.3944950262553,
        "12,50": 70.74076407447453,
        "13,0": 85.82918245170191,
        "13,1": 28.71655302008119,
        "13,2": 43.810778183289806,
        "13,3": 55.80053481366569,
        "13,4": 50.278905973415675,
        "13,5": 48.43556225962687,
        "13,6": 74.70736591339111,
        "13,7": 18.19851843003149,
        "13,8": 11.811917423640137,
        "13,9": 43.295678270897334,
        "13,10": 19.70317813470015,
        "13,11": 33.79836941048886,
        "13,12": 62.036580637605375,
        "13,13": 0.0,
        "13,14": 32.39045628474259,
        "13,15": 67.6534026274026,
        "13,16": 37.675321192380984,
        "13,17": 58.28319173339471,
        "13,18": 40.980814029373974,
        "13,19": 47.84717606184794,
        "13,20": 47.87680985537184,
        "13,21": 46.4566014260921,
        "13,22": 18.31435782073065,
        "13,23": 73.87527648738848,
        "13,24": 39.90870055609222,
        "13,25": 50.75630950321825,
        "13,26": 79.34935105009396,
        "13,27": 34.326813997988964,
        "13,28": 30.857495741050972,
        "13,29": 54.11263806178347,
        "13,30": 38.462732804259865,
        "13,31": 47.36903171241623,
        "13,32": 20.450811272918752,
        "13,33": 54.09108292211945,
        "13,34": 29.519005325819744,
        "13,35": 22.632620491186838,
        "13,36": 37.127580011928494,
        "13,37": 50.71470513310542,
        "13,38": 32.014270530218816,
        "13,39": 53.83976382805656,
        "13,40": 22.341481148115477,
        "13,41": 19.714156923023605,
        "13,42": 34.965050898551326,
        "13,43": 49.57884778188548,
        "13,44": 27.7856811196135,
        "13,45": 20.423845145896035,
        "13,46": 48.28995981500882,
        "13,47": 43.962130183327346,
        "13,48": 29.083993098217707,
        "13,49": 63.427838506205184,
        "13,50": 16.980893052872126,
        "14,0": 111.3172947094234,
        "14,1": 25.890231462564874,
        "14,2": 68.88743447809118,
        "14,3": 86.73560544328956,
        "14,4": 56.6514406618456,
        "14,5": 79.0307117075299,
        "14,6": 99.82823163270591,
        "14,7": 20.57168858796963,
        "14,8": 32.550258073317146,
        "14,9": 65.70541717191908,
        "14,10": 13.144251547797511,
        "14,11": 49.17017638725989,
        "14,12": 60.110299058066325,
        "14,13": 32.39045628474259,
        "14,14": 0.0,
        "14,15": 59.12308071132059,
        "14,16": 11.780943463328333,
        "14,17": 86.9893017047965,
        "14,18": 35.318519687060466,
        "14,19": 76.88479144240684,
        "14,20": 39.02436589855519,
        "14,21": 66.85694037928472,
        "14,22": 37.99197170426603,
        "14,23": 98.33891027657417,
        "14,24": 60.13176301526761,
        "14,25": 82.77238350614611,
        "14,26": 105.76493330493187,
        "14,27": 53.63217516556597,
        "14,28": 62.487009769933564,
        "14,29": 80.51316758335378,
        "14,30": 12.711840738747652,
        "14,31": 74.62847084037341,
        "14,32": 15.180662771701687,
        "14,33": 75.1903793504383,
        "14,34": 32.9157757203681,
        "14,35": 12.478462848525304,
        "14,36": 58.44837450677764,
        "14,37": 82.80597459958541,
        "14,38": 38.73932702182173,
        "14,39": 47.42192406266606,
        "14,40": 49.07069798998526,
        "14,41": 32.83776091355525,
        "14,42": 44.48427852488182,
        "14,43": 27.976378361126503,
        "14,44": 5.3710549349115295,
        "14,45": 34.112464380369914,
        "14,46": 80.64474790371257,
        "14,47": 74.76226466302947,
        "14,48": 57.73351320989601,
        "14,49": 89.08235460094642,
        "14,50": 49.31678358009772,
        "15,0": 94.26544801821525,
        "15,1": 82.27301617045534,
        "15,2": 111.08524004798227,
        "15,3": 116.33968544465323,
        "15,4": 28.714102309000165,
        "15,5": 86.16689027363954,
        "15,6": 84.5229535292808,
        "15,7": 51.76868801481794,
        "15,8": 77.21399557988437,
        "15,9": 110.9470832112942,
        "15,10": 63.22388577864312,
        "15,11": 99.61939790631682,
        "15,12": 13.06617150570344,
        "15,13": 67.6534026274026,
        "15,14": 59.12308071132059,
        "15,15": 0.0,
        "15,16": 70.4140295940609,
        "15,17": 122.56089380900477,
        "15,18": 93.66853299571282,
        "15,19": 79.52032652112702,
        "15,20": 20.899546604649615,
        "15,21": 55.052022580678646,
        "15,22": 84.4689185141349,
        "15,23": 81.8116047986745,
        "15,24": 52.796448239914966,
        "15,25": 107.65605772671468,
        "15,26": 92.39834938657849,
        "15,27": 101.47135255668398,
        "15,28": 92.61240464017365,
        "15,29": 74.6523733136695,
        "15,30": 47.24569592676401,
        "15,31": 73.32420692739895,
        "15,32": 67.86292655869534,
        "15,33": 59.94224455916933,
        "15,34": 38.21233413630074,
        "15,35": 53.86200213354394,
        "15,36": 104.69627382772836,
        "15,37": 96.93305630450753,
        "15,38": 37.17308222566284,
        "15,39": 13.813809336370236,
        "15,40": 61.83679769175327,
        "15,41": 82.68868997136043,
        "15,42": 37.45059332329467,
        "15,43": 85.86497102204432,
        "15,44": 56.80341824857344,
        "15,45": 83.8914934068441,
        "15,46": 102.1060823472208,
        "15,47": 84.06796266747291,
        "15,48": 95.41918877541367,
        "15,49": 78.28682235486485,
        "15,50": 78.58286481723988,
        "16,0": 120.61336996817657,
        "16,1": 20.400324808901765,
        "16,2": 67.4154273021731,
        "16,3": 88.33026188053223,
        "16,4": 68.26958793609874,
        "16,5": 85.93605429724474,
        "16,6": 109.17560676796676,
        "16,7": 30.437337381774725,
        "16,8": 33.97300977474689,
        "16,9": 63.226936233955335,
        "16,10": 18.534226700735797,
        "16,11": 45.36720249215782,
        "16,12": 71.84431535392272,
        "16,13": 37.675321192380984,
        "16,14": 11.780943463328333,
        "16,15": 70.4140295940609,
        "16,16": 0.0,
        "16,17": 86.86416743937436,
        "16,18": 26.28113538234526,
        "16,19": 84.64350132109675,
        "16,20": 50.629516560141916,
        "16,21": 76.98209558537322,
        "16,22": 37.54311092751132,
        "16,23": 107.8626444650519,
        "16,24": 70.16820070140395,
        "16,25": 85.77296385307979,
        "16,26": 114.73573763746548,
        "16,27": 50.8049566959315,
        "16,28": 65.36917645527163,
        "16,29": 89.32467361387108,
        "16,30": 23.249316005767717,
        "16,31": 83.09038047086868,
        "16,32": 17.315156540399137,
        "16,33": 85.29420292105836,
        "16,34": 44.24104735476763,
        "16,35": 22.701925939895013,
        "16,36": 55.997013646887204,
        "16,37": 88.21160649086953,
        "16,38": 49.98536893761546,
        "16,39": 59.05382402457268,
        "16,40": 57.24159774048382,
        "16,41": 31.372365515744495,
        "16,42": 55.6351397558468,
        "16,43": 16.215687301058537,
        "16,44": 16.088059278549466,
        "16,45": 32.46791825287413,
        "16,46": 84.57323250268395,
        "16,47": 81.5120401308835,
        "16,48": 58.65372761723796,
        "16,49": 98.199729572398,
        "16,50": 53.71708896433414,
        "17,0": 93.7323621455373,
        "17,1": 67.6405887638804,
        "17,2": 20.79329964121712,
        "17,3": 12.773114996551849,
        "17,4": 98.73658297549983,
        "17,5": 53.19920935493337,
        "17,6": 86.99380108229927,
        "17,7": 76.47711593760808,
        "17,8": 54.45031359168408,
        "17,9": 27.091290763666766,
        "17,10": 74.09971682086137,
        "17,11": 44.693997516413155,
        "17,12": 114.06988834065233,
        "17,13": 58.28319173339471,
        "17,14": 86.9893017047965,
        "17,15": 122.56089380900477,
        "17,16": 86.86416743937436,
        "17,17": 0.0,
        "17,18": 71.0534330809708,
        "17,19": 60.08209510364601,
        "17,20": 104.58517723687442,
        "17,21": 80.27178030659454,
        "17,22": 49.446453322313054,
        "17,23": 88.22915117233947,
        "17,24": 77.23919876374667,
        "17,25": 23.03599732714762,
        "17,26": 86.25392044688425,
        "17,27": 38.16138143004965,
        "17,28": 29.98915168007512,
        "17,29": 71.28833487363765,
        "17,30": 95.83951315650722,
        "17,31": 65.865887175431,
        "17,32": 71.93411785764161,
        "17,33": 83.30983724657003,
        "17,34": 85.1725691255323,
        "17,35": 80.13782923027169,
        "17,36": 32.934591144545166,
        "17,37": 41.6185746296071,
        "17,38": 85.39798726547801,
        "17,39": 109.12003932754816,
        "17,40": 61.61491786736585,
        "17,41": 55.49206779383007,
        "17,42": 85.61202577650425,
        "17,43": 90.47341118016129,
        "17,44": 83.68252630957846,
        "17,45": 54.40551769631406,
