{
    "num_robots": 5,
    "num_tasks": 50,
    "num_nodes": 51,
    "robot_capacity": [
        124,
        133,
        135,
        129,
        176
    ],
    "robot_speed": [
        1.16,
        0.96,
        0.87,
        0.82,
        0.93
    ],
    "task_demand": {
        "0": 0,
        "1": 9,
        "2": 5,
        "3": 7,
        "4": 12,
        "5": 11,
        "6": 10,
        "7": 9,
        "8": 7,
        "9": 14,
        "10": 15,
        "11": 14,
        "12": 14,
        "13": 8,
        "14": 5,
        "15": 13,
        "16": 6,
        "17": 13,
        "18": 10,
        "19": 5,
        "20": 14,
        "21": 5,
        "22": 12,
        "23": 6,
        "24": 9,
        "25": 9,
        "26": 6,
        "27": 6,
        "28": 13,
        "29": 10,
        "30": 12,
        "31": 7,
        "32": 15,
        "33": 8,
        "34": 12,
        "35": 15,
        "36": 11,
        "37": 6,
        "38": 5,
        "39": 10,
        "40": 10,
        "41": 12,
        "42": 6,
        "43": 14,
        "44": 7,
        "45": 6,
        "46": 14,
        "47": 15,
        "48": 12,
        "49": 11,
        "50": 6
    },
    "task_service_time": {
        "0": 0,
        "1": 21,
        "2": 46,
        "3": 86,
        "4": 98,
        "5": 53,
        "6": 18,
        "7": 59,
        "8": 75,
        "9": 91,
        "10": 11,
        "11": 80,
        "12": 84,
        "13": 37,
        "14": 54,
        "15": 75,
        "16": 70,
        "17": 72,
        "18": 43,
        "19": 72,
        "20": 93,
        "21": 49,
        "22": 22,
        "23": 35,
        "24": 23,
        "25": 95,
        "26": 34,
        "27": 40,
        "28": 21,
        "29": 83,
        "30": 10,
        "31": 18,
        "32": 59,
        "33": 73,
        "34": 13,
        "35": 44,
        "36": 79,
        "37": 71,
        "38": 84,
        "39": 45,
        "40": 86,
        "41": 74,
        "42": 13,
        "43": 23,
        "44": 80,
        "45": 23,
        "46": 89,
        "47": 30,
        "48": 36,
        "49": 51,
        "50": 84
    },
    "task_precedence": [],
    "coordinates": {
        "0": [
            100,
            0
        ],
        "1": [
            40.39990312956616,
            23.099396548914807
        ],
        "2": [
            12.856147489538316,
            11.67597801750656
        ],
        "3": [
            84.89790815438562,
            70.08248528573704
        ],
        "4": [
            40.81183009244602,
            64.28945156795925
        ],
        "5": [
            35.79308266230501,
            67.22017276237801
        ],
        "6": [
            47.44500742159653,
            73.59877126131393
        ],
        "7": [
            63.743067651735444,
            47.368686879794744
        ],
        "8": [
            94.13623449292281,
            49.14313531380947
        ],
        "9": [
            8.308115522249093,
            47.09323474251419
        ],
        "10": [
            60.744552159028444,
            2.6909184573184586
        ],
        "11": [
            98.11998089266166,
            45.980110448787094
        ],
        "12": [
            93.64721877640248,
            19.17993998745421
        ],
        "13": [
            3.192597215243087,
            98.9399355968765
        ],
        "14": [
            40.39024474925949,
            89.63164696329423
        ],
        "15": [
            86.91510012489411,
            94.56472845966466
        ],
        "16": [
            84.37309475246425,
            33.88533927523664
        ],
        "17": [
            97.58699277231032,
            91.56200322506204
        ],
        "18": [
            16.399800092312667,
            57.83790595471794
        ],
        "19": [
            9.455628121853687,
            66.52032206879258
        ],
        "20": [
            99.47580888460091,
            35.86651774970465
        ],
        "21": [
            75.20832820703198,
            83.7920013783779
        ],
        "22": [
            57.01039669610234,
            50.59560775577796
        ],
        "23": [
            83.18185410517948,
            7.718127501594552
        ],
        "24": [
            59.93949305127485,
            26.956373598391025
        ],
        "25": [
            53.401098553364555,
            96.64653333926448
        ],
        "26": [
            50.580366993577165,
            9.694339283012276
        ],
        "27": [
            2.761070276154798,
            31.651480269865917
        ],
        "28": [
            18.799573532259917,
            91.63473758820984
        ],
        "29": [
            5.0962088258531875,
            5.757307772841491
        ],
        "30": [
            66.71973171814291,
            45.17324559251797
        ],
        "31": [
            54.9985927240378,
            87.07573193875359
        ],
        "32": [
            83.06662022094868,
            91.59608298802527
        ],
        "33": [
            58.03285792553582,
            86.86305635361927
        ],
        "34": [
            16.25268834521958,
            71.94078493853628
        ],
        "35": [
            10.758745038077066,
            38.77714652363208
        ],
        "36": [
            65.05676424941818,
            31.566166429100484
        ],
        "37": [
            69.28150541063862,
            28.161944199491785
        ],
        "38": [
            9.752004638412682,
            15.660770742989582
        ],
        "39": [
            60.31139685447501,
            6.459862127498717
        ],
        "40": [
            21.379776608931643,
            51.416475452621434
        ],
        "41": [
            51.53759803442581,
            98.57407889528427
        ],
        "42": [
            60.757257749646676,
            89.22392877903947
        ],
        "43": [
            59.070660242434336,
            10.519444408145873
        ],
        "44": [
            95.68507932704249,
            62.93334141935244
        ],
        "45": [
            94.69354245089535,
            20.788356713359434
        ],
        "46": [
            15.964440710292438,
            19.47668368692218
        ],
        "47": [
            34.26264176954549,
            41.779221005005176
        ],
        "48": [
            64.76297571778848,
            2.781816575510798
        ],
        "49": [
            42.816183842951204,
            56.924146190050195
        ],
        "50": [
            10.27863173562018,
            94.71875229802247
        ]
    },
    "distance_matrix_str_keys": {
        "0,0": 0.0,
        "0,1": 63.919900405813486,
        "0,2": 87.92257669694625,
        "0,3": 71.69119835753145,
        "0,4": 87.38634355501124,
        "0,5": 92.95740885057815,
        "0,6": 90.43675345837694,
        "0,7": 59.651970965112895,
        "0,8": 49.491731576025664,
        "0,9": 103.07848678359011,
        "0,10": 39.34756952264238,
        "0,11": 46.01852918908445,
        "0,12": 20.204651127827923,
        "0,13": 138.42248404736938,
        "0,14": 107.64364848148635,
        "0,15": 95.46571360122785,
        "0,16": 37.31509594538589,
        "0,17": 91.59379366784168,
        "0,18": 101.65734990561225,
        "0,19": 112.35317764506684,
        "0,20": 35.87034808606326,
        "0,21": 87.38264407354775,
        "0,22": 66.39293272934272,
        "0,23": 18.50458114820053,
        "0,24": 48.28550812163923,
        "0,25": 107.29403535393197,
        "0,26": 50.361496608258896,
        "0,27": 102.26057723831123,
        "0,28": 122.43542947775755,
        "0,29": 95.07826340450949,
        "0,30": 56.108808348371895,
        "0,31": 98.0168850223608,
        "0,32": 93.1481710474811,
        "0,33": 96.46984799920801,
        "0,34": 110.40420620146521,
        "0,35": 97.30194591936055,
        "0,36": 47.089835291179455,
        "0,37": 41.673984821851555,
        "0,38": 91.5967270542434,
        "0,39": 40.21088208867431,
        "0,40": 93.94037190703214,
        "0,41": 109.84285791223122,
        "0,42": 97.47257196819407,
        "0,43": 42.259549969756144,
        "0,44": 63.08109068983111,
        "0,45": 21.454935715641888,
        "0,46": 86.26306528621839,
        "0,47": 77.89033043262926,
        "0,48": 35.346660149509894,
        "0,49": 80.68672288393773,
        "0,50": 130.4667235739696,
        "1,0": 63.919900405813486,
        "1,1": 0.0,
        "1,2": 29.818668073897722,
        "1,3": 64.71076478022006,
        "1,4": 41.19211473443255,
        "1,5": 44.36063219224988,
        "1,6": 50.98843340237941,
        "1,7": 33.673458139514054,
        "1,8": 59.714902974438004,
        "1,9": 40.06977792668407,
        "1,10": 28.81684788708107,
        "1,11": 62.08972898592488,
        "1,12": 53.39137349170741,
        "1,13": 84.47586031812533,
        "1,14": 66.53225111542523,
        "1,15": 85.26990803693766,
        "1,16": 45.27668430880965,
        "1,17": 89.20477416988452,
        "1,18": 42.222849045698666,
        "1,19": 53.31908597074514,
        "1,20": 60.43973878611162,
        "1,21": 69.96583978884924,
        "1,22": 32.12398056369052,
        "1,23": 45.46293838706242,
        "1,24": 19.916622360950814,
        "1,25": 74.68743142260418,
        "1,26": 16.832629170410666,
        "1,27": 38.59818486065369,
        "1,28": 71.85866134353424,
        "1,29": 39.33317778424754,
        "1,30": 34.350956151639245,
        "1,31": 65.62082922204559,
        "1,32": 80.69848078182075,
        "1,33": 66.15682433828572,
        "1,34": 54.484577649709436,
        "1,35": 33.531926536875226,
        "1,36": 26.07004013206902,
        "1,37": 29.32194296148214,
        "1,38": 31.53770498632747,
        "1,39": 25.948828260994276,
        "1,40": 34.111906579663525,
        "1,41": 76.29204364204115,
        "1,42": 69.18725063030405,
        "1,43": 22.513381954556593,
        "1,44": 68.14098525210116,
        "1,45": 54.3428024293568,
        "1,46": 24.702547887296674,
        "1,47": 19.662192622176057,
        "1,48": 31.723230634893685,
        "1,49": 33.910943672675415,
        "1,50": 77.6957084291339,
        "2,0": 87.92257669694625,
        "2,1": 29.818668073897722,
        "2,2": 0.0,
        "2,3": 92.74338451320935,
        "2,4": 59.579340285359834,
        "2,5": 60.093764776188785,
        "2,6": 70.92828458742575,
        "2,7": 62.156641716890476,
        "2,8": 89.49994647564688,
        "2,9": 35.70807567904749,
        "2,10": 48.724024844926056,
        "2,11": 91.90590181516312,
        "2,12": 81.13881096568761,
        "2,13": 87.79739458729915,
        "2,14": 82.67534597867147,
        "2,15": 111.15427753941023,
        "2,16": 74.88611001570646,
        "2,17": 116.45210674691651,
        "2,18": 46.297743623738796,
        "2,19": 54.94966429729877,
        "2,20": 89.93413118905609,
        "2,21": 95.33370477230353,
        "2,22": 58.85860431542273,
        "2,23": 70.43699022314583,
        "2,24": 49.50082745161144,
        "2,25": 94.14822530699125,
        "2,26": 37.776231009233214,
        "2,27": 22.381494011307396,
        "2,28": 80.17934612611177,
        "2,29": 9.759472605076517,
        "2,30": 63.4299033653993,
        "2,31": 86.37770882425276,
        "2,32": 106.38013752419596,
        "2,33": 87.71563095901844,
        "2,34": 60.36044601403558,
        "2,35": 27.182207994215723,
        "2,36": 55.86165039775101,
        "2,37": 58.78442053365702,
        "2,38": 5.051165796650985,
        "2,39": 47.741057353878496,
        "2,40": 40.644303287857475,
        "2,41": 95.11852896476589,
        "2,42": 91.14933368634239,
        "2,43": 46.22898180770554,
        "2,44": 97.4061047997034,
        "2,45": 82.3431518680077,
        "2,46": 8.397171886238784,
        "2,47": 36.93837077788305,
        "2,48": 52.66331668698195,
        "2,49": 54.26785882332758,
        "2,50": 83.08276564767455,
        "3,0": 71.69119835753145,
        "3,1": 64.71076478022006,
        "3,2": 92.74338451320935,
        "3,3": 0.0,
        "3,4": 44.465059524740795,
        "3,5": 49.18817662395169,
        "3,6": 37.617602799250676,
        "3,7": 31.039392950223025,
        "3,8": 22.886743996999066,
        "3,9": 79.96562996670973,
        "3,10": 71.58916039057632,
        "3,11": 27.49086539702052,
        "3,12": 51.649003419274926,
        "3,13": 86.65166053874472,
        "3,14": 48.6117457419426,
        "3,15": 24.565204950767455,
        "3,16": 36.200950379959934,
        "3,17": 24.947596263901623,
        "3,18": 69.58391000135768,
        "3,19": 75.52633066216787,
        "3,20": 37.19203710644032,
        "3,21": 16.78805501094563,
        "3,22": 34.02134170198914,
        "3,23": 62.38796328882945,
        "3,24": 49.82754252146728,
        "3,25": 41.20312687203591,
        "3,26": 69.45805791245667,
        "3,27": 90.68297681022985,
        "3,28": 69.52330126747395,
        "3,29": 102.49897403285078,
        "3,30": 30.836931115813226,
        "3,31": 34.39097984957238,
        "3,32": 21.59139878727299,
        "3,33": 31.67520306427204,
        "3,34": 68.67036828391352,
        "3,35": 80.4775729169112,
        "3,36": 43.32641007196099,
        "3,37": 44.7348164142705,
        "3,38": 92.78270220792345,
        "3,39": 68.20802530080925,
        "3,40": 66.20402524103473,
        "3,41": 43.87118869727016,
        "3,42": 30.808535521363435,
        "3,43": 64.92151086728488,
        "3,44": 12.941148323485976,
        "3,45": 50.25799004119695,
        "3,46": 85.51473609457301,
        "3,47": 58.00866289450803,
        "3,48": 70.24809971145096,
        "3,49": 44.0909674284955,
        "3,50": 78.5810541133214,
        "4,0": 87.38634355501124,
        "4,1": 41.19211473443255,
        "4,2": 59.579340285359834,
        "4,3": 44.465059524740795,
        "4,4": 0.0,
        "4,5": 5.81179425710876,
        "4,6": 11.43076876824291,
        "4,7": 28.498314575300775,
        "4,8": 55.433771301764324,
        "4,9": 36.77229030083049,
        "4,10": 64.7432829748873,
        "4,11": 60.16191586343028,
        "4,12": 69.47263009571807,
        "4,13": 51.14550543016928,
        "4,14": 25.34570183792367,
        "4,15": 55.15527081389646,
        "4,16": 53.122441802769565,
        "4,17": 62.98580134613194,
        "4,18": 25.250141574398036,
        "4,19": 31.435460633050493,
        "4,20": 65.18685123982658,
        "4,21": 39.540719918263704,
        "4,22": 21.21119794744053,
        "4,23": 70.67908913859362,
        "4,24": 41.94789864758916,
        "4,25": 34.719885096814636,
        "4,26": 55.46215465157054,
        "4,27": 50.13080383409234,
        "4,28": 35.104189299865176,
        "4,29": 68.56834152661882,
        "4,30": 32.1970293279098,
        "4,31": 26.841736290739025,
        "4,32": 50.310231646407104,
        "4,33": 28.392453797571402,
        "4,34": 25.723420179052134,
        "4,35": 39.4216391079815,
        "4,36": 40.726284173184396,
        "4,37": 45.99694773984439,
        "4,38": 57.7014848683445,
        "4,39": 61.028636874495646,
        "4,40": 23.30918738721325,
        "4,41": 35.92322046975693,
        "4,42": 31.93036545701448,
        "4,43": 56.78554876385808,
        "4,44": 54.89000379210495,
        "4,45": 69.25015653576214,
        "4,46": 51.24038372483237,
        "4,47": 23.443599290342945,
        "4,48": 66.00641286368037,
        "4,49": 7.63316168222711,
        "4,50": 43.10705910657671,
        "5,0": 92.95740885057815,
        "5,1": 44.36063219224988,
        "5,2": 60.093764776188785,
        "5,3": 49.18817662395169,
        "5,4": 5.81179425710876,
        "5,5": 0.0,
        "5,6": 13.283593994353268,
        "5,7": 34.28240295918285,
        "5,8": 61.079478128480034,
        "5,9": 34.06636248185875,
        "5,10": 69.18526209542728,
        "5,11": 65.84665891374034,
        "5,12": 75.19950153144222,
        "5,13": 45.48554721734067,
        "5,14": 22.87811345177012,
        "5,15": 57.975731092650115,
        "5,16": 58.91713416566916,
        "5,17": 66.41545028799752,
        "5,18": 21.543591606082973,
        "5,19": 26.346751273423678,
        "5,20": 70.98268311185223,
        "5,21": 42.75730446402336,
        "5,22": 26.954602138919505,
        "5,23": 76.0670036814999,
        "5,24": 46.94914970252848,
        "5,25": 34.29216995788898,
        "5,26": 59.396004035537636,
        "5,27": 48.54117559253863,
        "5,28": 29.746433873452307,
        "5,29": 68.70212395590863,
        "5,30": 37.98058213687715,
        "5,31": 27.624171425363546,
        "5,32": 53.18808468667873,
        "5,33": 29.67238580798767,
        "5,34": 20.10251699128441,
        "5,35": 37.8909461732196,
        "5,36": 46.12560273476478,
        "5,37": 51.449195101981616,
        "5,38": 57.76252834877784,
        "5,39": 65.52070725559204,
        "5,40": 21.38925524759141,
        "5,41": 35.084999559556,
        "5,42": 33.27724923475821,
        "5,43": 61.29288877104231,
        "5,44": 60.04521785664926,
        "5,45": 75.0011846900917,
        "5,46": 51.69734800508904,
        "5,47": 25.486943238591845,
        "5,48": 70.65094798876882,
        "5,49": 12.463230454889073,
        "5,50": 37.51211914259673,
        "6,0": 90.43675345837694,
        "6,1": 50.98843340237941,
        "6,2": 70.92828458742575,
        "6,3": 37.617602799250676,
        "6,4": 11.43076876824291,
        "6,5": 13.283593994353268,
        "6,6": 0.0,
        "6,7": 30.881128443223254,
        "6,8": 52.708147520312494,
        "6,9": 47.267745595602854,
        "6,10": 72.144310097859,
        "6,11": 57.71259274517616,
        "6,12": 71.38664813035399,
        "6,13": 50.994611665874686,
        "6,14": 17.516357487735583,
        "6,15": 44.69294775744804,
        "6,16": 54.229515155761625,
        "6,17": 53.26252338647334,
        "6,18": 34.81680303145137,
        "6,19": 38.64320616293162,
        "6,20": 64.27228995412354,
        "6,21": 29.575393847832565,
        "6,22": 24.91269160960438,
        "6,23": 74.94919234442067,
        "6,24": 48.28690744804925,
        "6,25": 23.804922986049363,
        "6,26": 63.981301222427426,
        "6,27": 61.288085794377714,
        "6,28": 33.850509066383005,
        "6,29": 79.97427655665648,
        "6,30": 34.34422085672134,
        "6,31": 15.449437530943051,
        "6,32": 39.909930190560225,
        "6,33": 16.971854268279625,
        "6,34": 31.23635202787014,
        "6,35": 50.580899527829395,
        "6,36": 45.573170259960364,
        "6,37": 50.41168414039916,
        "6,38": 69.11999973144138,
        "6,39": 68.3606399671418,
        "6,40": 34.22645913123108,
        "6,41": 25.308403531943213,
        "6,42": 20.527093224575324,
        "6,43": 64.14169688868125,
        "6,44": 49.40501929112466,
        "6,45": 70.8615830132356,
        "6,46": 62.61171171494193,
        "6,47": 34.442104214146575,
        "6,48": 72.90372484913924,
        "6,49": 17.305176364008545,
        "6,50": 42.74801844088287,
        "7,0": 59.651970965112895,
        "7,1": 33.673458139514054,
        "7,2": 62.156641716890476,
        "7,3": 31.039392950223025,
        "7,4": 28.498314575300775,
        "7,5": 34.28240295918285,
        "7,6": 30.881128443223254,
        "7,7": 0.0,
        "7,8": 30.444921709231387,
        "7,9": 55.435636475811975,
        "7,10": 44.77827694733712,
        "7,11": 34.40494598860632,
        "7,12": 41.095786959825496,
        "7,13": 79.53586086992232,
        "7,14": 48.285734254890194,
        "7,15": 52.577651428586364,
        "7,16": 24.645459638686958,
        "7,17": 55.6638165881567,
        "7,18": 48.48700373545296,
        "7,19": 57.56658076630076,
        "7,20": 37.53836291997989,
        "7,21": 38.18520706587221,
        "7,22": 7.466048254376734,
        "7,23": 44.15918112676886,
        "7,24": 20.76366329045623,
        "7,25": 50.35139001571588,
        "7,26": 39.90755762333081,
        "7,27": 62.9748726678706,
        "7,28": 63.08249288818023,
        "7,29": 71.90939383227722,
        "7,30": 3.698714832224961,
        "7,31": 40.65852025191425,
        "7,32": 48.26450300593048,
        "7,33": 39.9050337081946,
        "7,34": 53.47077827828168,
        "7,35": 53.676372907637884,
        "7,36": 15.85703160573799,
        "7,37": 19.98932858293684,
        "7,38": 62.61331193162727,
        "7,39": 41.05250670878501,
        "7,40": 42.55623362455384,
        "7,41": 52.63996257634524,
        "7,42": 41.96160548901463,
        "7,43": 37.144287067230984,
        "7,44": 35.53238777230184,
        "7,45": 40.79762054397466,
        "7,46": 55.3241451314053,
        "7,47": 30.005626788333092,
        "7,48": 44.598533787493935,
        "7,49": 23.005244371149452,
        "7,50": 71.41760709334108,
        "8,0": 49.491731576025664,
        "8,1": 59.714902974438004,
        "8,2": 89.49994647564688,
        "8,3": 22.886743996999066,
        "8,4": 55.433771301764324,
        "8,5": 61.079478128480034,
        "8,6": 52.708147520312494,
        "8,7": 30.444921709231387,
        "8,8": 0.0,
        "8,9": 85.85259517566325,
        "8,10": 57.208503738257136,
        "8,11": 5.086743720120179,
        "8,12": 29.96718556248354,
        "8,13": 103.68445630722978,
        "8,14": 67.29005118972957,
        "8,15": 45.99202001944168,
        "8,16": 18.114061873208065,
        "8,17": 42.558995377887555,
        "8,18": 78.22117532879679,
        "8,19": 86.44519486292752,
        "8,20": 14.31012329184348,
        "8,21": 39.481762320441916,
        "8,22": 37.154239439268586,
        "8,23": 42.84891739497561,
        "8,24": 40.76358081233395,
        "8,25": 62.57734513367512,
        "8,26": 58.76496491873363,
        "8,27": 93.03428739888126,
        "8,28": 86.49363415042575,
        "8,29": 99.04774708294497,
        "8,30": 27.70243037711186,
        "8,31": 54.50354933341767,
        "8,32": 43.872418742987016,
        "8,33": 52.21346802134516,
        "8,34": 81.15158401998832,
        "8,35": 84.01939937532877,
        "8,36": 33.978896756912214,
        "8,37": 32.52641908248228,
        "8,38": 90.78417805648786,
        "8,39": 54.46082492181504,
        "8,40": 72.79196548529045,
        "8,41": 65.25382756189964,
        "8,42": 52.15962129109636,
        "8,43": 52.16688601682836,
        "8,44": 13.876912652082726,
        "8,45": 28.360254964308044,
        "8,46": 83.61176768448645,
        "8,47": 60.32474069196049,
        "8,48": 54.88315047649078,
        "8,49": 51.90656730098637,
        "8,50": 95.44230929568529,
        "9,0": 103.07848678359011,
        "9,1": 40.06977792668407,
        "9,2": 35.70807567904749,
        "9,3": 79.96562996670973,
        "9,4": 36.77229030083049,
        "9,5": 34.06636248185875,
        "9,6": 47.267745595602854,
        "9,7": 55.435636475811975,
        "9,8": 85.85259517566325,
        "9,9": 0.0,
        "9,10": 68.71059291443738,
        "9,11": 89.81876311220499,
        "9,12": 89.7881649679172,
        "9,13": 52.098454075251084,
        "9,14": 53.28019829170687,
        "9,15": 91.82919331050408,
        "9,16": 77.20317071187941,
        "9,17": 99.74061005120203,
        "9,18": 13.450773904863798,
        "9,19": 19.46094825924723,
        "9,20": 91.85634157448492,
        "9,21": 76.30490108677665,
        "9,22": 48.828053496541294,
        "9,23": 84.59595616587663,
        "9,24": 55.41924144448824,
        "9,25": 66.99930238788431,
        "9,26": 56.44130248360638,
        "9,27": 16.407848492589462,
        "9,28": 45.76042140244049,
        "9,29": 41.46052584167822,
        "9,30": 58.44316268779871,
        "9,31": 61.470324087140156,
        "9,32": 87.00193978727415,
        "9,33": 63.67251147907032,
        "9,34": 26.086720531399088,
        "9,35": 8.669654450327139,
        "9,36": 58.83450503547255,
        "9,37": 63.84471815354729,
        "9,38": 31.46560993944319,
        "9,39": 65.99554711788763,
        "9,40": 13.768033040438977,
        "9,41": 67.22399477085837,
        "9,42": 67.27486826734845,
        "9,43": 62.565790060472665,
        "9,44": 88.80114179039474,
        "9,45": 90.30165332801604,
        "9,46": 28.658213614794402,
        "9,47": 26.492945753993308,
        "9,48": 71.76805013144035,
        "9,49": 35.88110364963066,
        "9,50": 47.66626539364276,
        "10,0": 39.34756952264238,
        "10,1": 28.81684788708107,
        "10,2": 48.724024844926056,
        "10,3": 71.58916039057632,
        "10,4": 64.7432829748873,
        "10,5": 69.18526209542728,
        "10,6": 72.144310097859,
        "10,7": 44.77827694733712,
        "10,8": 57.208503738257136,
        "10,9": 68.71059291443738,
        "10,10": 0.0,
        "10,11": 57.19157994230556,
        "10,12": 36.803169721578875,
        "10,13": 112.1432156582931,
        "10,14": 89.29159032787557,
        "10,15": 95.52850121916958,
        "10,16": 39.133105106229145,
        "10,17": 96.20517209661166,
        "10,18": 70.76473179414184,
        "10,19": 81.88251641399127,
        "10,20": 50.99735910761632,
        "10,21": 82.38074088362741,
        "10,22": 48.05000701147963,
        "10,23": 22.993593659921984,
        "10,24": 24.278806259171436,
        "10,25": 94.24215552873935,
        "10,26": 12.343361103821833,
        "10,27": 64.81356580037793,
        "10,28": 98.33811160271887,
        "10,29": 55.732762888280575,
        "10,30": 42.90047656595167,
        "10,31": 84.58021515771377,
        "10,32": 91.66462241668292,
        "10,33": 84.21580661401894,
        "10,34": 82.31081310066746,
        "10,35": 61.650602345694516,
        "10,36": 29.195464006321345,
        "10,37": 26.863594755330748,
        "10,38": 52.61612842992522,
        "10,39": 3.7937527471956596,
        "10,40": 62.639966942935224,
        "10,41": 96.32418418977255,
        "10,42": 86.53301125449816,
        "10,43": 8.005481416580603,
        "10,44": 69.64186932525092,
        "10,45": 38.4714337303471,
        "10,46": 47.822801002289594,
        "10,47": 47.21426663558481,
        "10,48": 4.019451500576735,
        "10,49": 57.11978099386643,
        "10,50": 104.95680695216485,
        "11,0": 46.01852918908445,
        "11,1": 62.08972898592488,
        "11,2": 91.90590181516312,
        "11,3": 27.49086539702052,
        "11,4": 60.16191586343028,
        "11,5": 65.84665891374034,
        "11,6": 57.71259274517616,
        "11,7": 34.40494598860632,
        "11,8": 5.086743720120179,
        "11,9": 89.81876311220499,
        "11,10": 57.19157994230556,
        "11,11": 0.0,
        "11,12": 27.170843522149678,
        "11,13": 108.70120170244687,
        "11,14": 72.37526563173488,
        "11,15": 49.85994845848495,
        "11,16": 18.31011655593974,
        "11,17": 45.585008779249584,
        "11,18": 82.5759969016554,
        "11,19": 91.01245928806061,
        "11,20": 10.2040691308252,
        "11,21": 44.2117962138861,
        "11,22": 41.36787072360432,
        "11,23": 41.074651197181765,
        "11,24": 42.657381724144805,
        "11,25": 67.57858274773591,
        "11,26": 59.805284706027464,
        "11,27": 96.42941188647391,
        "11,28": 91.52088287959089,
        "11,29": 101.34740265367235,
        "11,30": 31.410614115584362,
        "11,31": 59.56764409673871,
        "11,32": 48.035618224534254,
        "11,33": 57.25725014038748,
        "11,34": 85.88486600683021,
        "11,35": 87.65767632870177,
        "11,36": 36.06851919611771,
        "11,37": 33.899037104536916,
        "11,38": 93.42463051822608,
        "11,39": 54.69313534941035,
        "11,40": 76.93252249837859,
        "11,41": 70.25698477519802,
        "11,42": 57.148936161939695,
        "11,43": 52.74759026998443,
        "11,44": 17.127194340451403,
        "11,45": 25.423708161117005,
        "11,46": 86.3247612958091,
        "11,47": 63.995368832467406,
        "11,48": 54.57822265151602,
        "11,49": 56.37625285899735,
        "11,50": 100.45674607032277,
        "12,0": 20.204651127827923,
        "12,1": 53.39137349170741,
        "12,2": 81.13881096568761,
        "12,3": 51.649003419274926,
        "12,4": 69.47263009571807,
        "12,5": 75.19950153144222,
        "12,6": 71.38664813035399,
        "12,7": 41.095786959825496,
        "12,8": 29.96718556248354,
        "12,9": 89.7881649679172,
        "12,10": 36.803169721578875,
        "12,11": 27.170843522149678,
        "12,12": 0.0,
        "12,13": 120.59724483331958,
        "12,14": 88.31618367172241,
        "12,15": 75.68479209549236,
        "12,16": 17.38557288744033,
        "12,17": 72.48920538722915,
        "12,18": 86.38056509470859,
        "12,19": 96.5884864388619,
        "12,20": 17.67524653477341,
        "12,21": 67.19160038735284,
        "12,22": 48.26179558898803,
        "12,23": 15.520857036990284,
        "12,24": 34.593116269942186,
        "12,25": 87.2973268693948,
        "12,26": 44.09909685252016,
        "12,27": 91.7378401000639,
        "12,28": 104.1722981121156,
        "12,29": 89.56253914908308,
        "12,30": 37.42648120717437,
        "12,31": 78.12525110634623,
        "12,32": 73.18501781697418,
        "12,33": 76.48128489932414,
        "12,34": 93.66760432836648,
        "12,35": 85.173643709135,
        "12,36": 31.158188258037317,
        "12,37": 25.968526864025705,
        "12,38": 83.96899134460499,
        "12,39": 35.68021025686074,
        "12,40": 79.1313933671443,
        "12,41": 89.87018110557544,
        "12,42": 77.38158632502461,
        "12,43": 35.644671182831026,
        "12,44": 43.8008334679226,
        "12,45": 1.9188010829619475,
        "12,46": 77.68334483588926,
        "12,47": 63.5394010736139,
        "12,48": 33.214423802053496,
        "12,49": 63.312077949391536,
        "12,50": 112.50081542134596,
        "13,0": 138.42248404736938,
        "13,1": 84.47586031812533,
        "13,2": 87.79739458729915,
        "13,3": 86.65166053874472,
        "13,4": 51.14550543016928,
        "13,5": 45.48554721734067,
        "13,6": 50.994611665874686,
        "13,7": 79.53586086992232,
        "13,8": 103.68445630722978,
        "13,9": 52.098454075251084,
        "13,10": 112.1432156582931,
        "13,11": 108.70120170244687,
        "13,12": 120.59724483331958,
        "13,13": 0.0,
        "13,14": 38.34461134698059,
        "13,15": 83.83674570825154,
        "13,16": 104.03063819357396,
        "13,17": 94.6822887274444,
        "13,18": 43.17183165608051,
        "13,19": 33.01903840888588,
        "13,20": 115.10305334043184,
        "13,21": 73.59161243898427,
        "13,22": 72.34313772134568,
        "13,23": 121.32476865824506,
        "13,24": 91.66156983717461,
        "13,25": 50.26085256474829,
        "13,26": 101.0464110494856,
        "13,27": 67.28983902339385,
        "13,28": 17.232052335858064,
        "13,29": 93.20207007012598,
        "13,30": 83.22592007406293,
        "13,31": 53.14715889959382,
        "13,32": 80.21092021823785,
        "13,33": 56.154298206184485,
        "13,34": 29.992000876817862,
        "13,35": 60.6366867659231,
        "13,36": 91.46802684383806,
        "13,37": 96.83629408805193,
        "13,38": 83.53708831713017,
        "13,39": 108.69738387435197,
        "13,40": 50.884700631730254,
        "13,41": 48.346385132012486,
        "13,42": 58.37885688265382,
        "13,43": 104.59704197407854,
        "13,44": 99.2538869337944,
        "13,45": 120.33325500876482,
        "13,46": 80.48309381706753,
        "13,47": 65.05916508271304,
        "13,48": 114.18097636066103,
        "13,49": 57.7525339420035,
        "13,50": 8.248046657633553,
        "14,0": 107.64364848148635,
        "14,1": 66.53225111542523,
        "14,2": 82.67534597867147,
        "14,3": 48.6117457419426,
        "14,4": 25.34570183792367,
        "14,5": 22.87811345177012,
        "14,6": 17.516357487735583,
        "14,7": 48.285734254890194,
        "14,8": 67.29005118972957,
        "14,9": 53.28019829170687,
        "14,10": 89.29159032787557,
        "14,11": 72.37526563173488,
        "14,12": 88.31618367172241,
        "14,13": 38.34461134698059,
        "14,14": 0.0,
        "14,15": 46.785654433528556,
        "14,16": 71.0080412013738,
        "14,17": 57.229312941094406,
        "14,18": 39.82942884549632,
        "14,19": 38.614554824104644,
        "14,20": 79.88612525680243,
        "14,21": 35.304396273408265,
        "14,22": 42.42689957735413,
        "14,23": 92.41724136692196,
        "14,24": 65.65335483080202,
        "14,25": 14.781439293234213,
        "14,26": 80.58419045027505,
        "14,27": 69.12057943424004,
        "14,28": 21.683391239660796,
        "14,29": 90.99765791710142,
        "14,30": 51.670023577405516,
        "14,31": 14.830257319577505,
        "14,32": 42.72156401977643,
        "14,33": 17.858524397376726,
        "14,34": 29.926380140892935,
        "14,35": 58.85750580938171,
        "14,36": 63.08753612179304,
        "14,37": 67.92075750809892,
        "14,38": 80.06492544110394,
        "14,39": 85.524254419264,
        "14,40": 42.6825167077172,
        "14,41": 14.290926286374289,
        "14,42": 20.37109355620637,
        "14,43": 81.28775132899463,
        "14,44": 61.40291727517561,
        "14,45": 87.68264796246324,
        "14,46": 74.28552197608315,
        "14,47": 48.24315690717737,
        "14,48": 90.2048948408624,
        "14,49": 32.797344211354385,
        "14,50": 30.538301835069227,
        "15,0": 95.46571360122785,
        "15,1": 85.26990803693766,
        "15,2": 111.15427753941023,
        "15,3": 24.565204950767455,
        "15,4": 55.15527081389646,
        "15,5": 57.975731092650115,
        "15,6": 44.69294775744804,
        "15,7": 52.577651428586364,
        "15,8": 45.99202001944168,
        "15,9": 91.82919331050408,
        "15,10": 95.52850121916958,
        "15,11": 49.85994845848495,
        "15,12": 75.68479209549236,
        "15,13": 83.83674570825154,
        "15,14": 46.785654433528556,
        "15,15": 0.0,
        "15,16": 60.73261119949267,
        "15,17": 11.086282132098914,
        "15,18": 79.50639615776106,
        "15,19": 82.37996438944478,
        "15,20": 60.02708842761774,
        "15,21": 15.909121833235625,
        "15,22": 53.17494581696298,
        "15,23": 86.92680382835883,
        "15,24": 72.79129772189943,
        "15,25": 33.57859754208342,
        "15,26": 92.32115570507366,
        "15,27": 105.07129740121097,
        "15,28": 68.17851428051704,
        "15,29": 120.75217986624781,
        "15,30": 53.36076728177782,
        "15,31": 32.7833572649162,
        "15,32": 4.8604170096152135,
        "15,33": 29.891464796684527,
        "15,34": 74.19581699103725,
        "15,35": 94.40362661666613,
        "15,36": 66.68287385201661,
        "15,37": 68.70424601179815,
        "15,38": 110.3629369326981,
        "15,39": 92.03382258229492,
        "15,40": 78.46432543456724,
        "15,41": 35.60396810857874,
        "15,42": 26.697506605614997,
        "15,43": 88.53769030005468,
        "15,44": 32.824642896765035,
        "15,45": 74.18528960021624,
        "15,46": 103.30639156973872,
        "15,47": 74.55595997710466,
        "15,48": 94.41832200204703,
        "15,49": 57.97868445245566,
        "15,50": 76.63662316753631,
        "16,0": 37.31509594538589,
        "16,1": 45.27668430880965,
        "16,2": 74.88611001570646,
        "16,3": 36.200950379959934,
        "16,4": 53.122441802769565,
        "16,5": 58.91713416566916,
        "16,6": 54.229515155761625,
        "16,7": 24.645459638686958,
        "16,8": 18.114061873208065,
        "16,9": 77.20317071187941,
        "16,10": 39.133105106229145,
        "16,11": 18.31011655593974,
        "16,12": 17.38557288744033,
        "16,13": 104.03063819357396,
        "16,14": 71.0080412013738,
        "16,15": 60.73261119949267,
        "16,16": 0.0,
        "16,17": 59.17097823477301,
        "16,18": 72.0700647806757,
        "16,19": 81.71700501293681,
        "16,20": 15.232105642514945,
        "16,21": 50.74118512716658,
        "16,22": 32.061664298900716,
        "16,23": 26.194312861504432,
        "16,24": 25.39707576559298,
        "16,25": 69.98737049568021,
        "16,26": 41.55902946424588,
        "16,27": 81.64259099990403,
        "16,28": 87.3777986145624,
        "16,29": 84.11902756463985,
        "16,30": 20.953712211664623,
        "16,31": 60.76248218363983,
        "16,32": 57.7255300156237,
        "16,33": 59.16457202529087,
        "16,34": 78.02952462831318,
        "16,35": 73.77670541592076,
        "16,36": 19.455055558727235,
        "16,37": 16.14042502709782,
        "16,38": 76.81433452159808,
        "16,39": 36.484546077965604,
        "16,40": 65.38729896854835,
        "16,41": 72.54517818815138,
        "16,42": 60.16699465333169,
        "16,43": 34.44093835937534,
        "16,44": 31.172863576836374,
        "16,45": 16.674609228469713,
        "16,46": 69.90960809305267,
        "16,47": 50.728402960441066,
        "16,48": 36.769360789746045,
        "16,49": 47.51592857557627,
        "16,50": 95.86810517453301,
        "17,0": 91.59379366784168,
        "17,1": 89.20477416988452,
        "17,2": 116.45210674691651,
        "17,3": 24.947596263901623,
        "17,4": 62.98580134613194,
        "17,5": 66.41545028799752,
        "17,6": 53.26252338647334,
        "17,7": 55.6638165881567,
        "17,8": 42.558995377887555,
        "17,9": 99.74061005120203,
        "17,10": 96.20517209661166,
        "17,11": 45.585008779249584,
        "17,12": 72.48920538722915,
        "17,13": 94.6822887274444,
        "17,14": 57.229312941094406,
        "17,15": 11.086282132098914,
        "17,16": 59.17097823477301,
        "17,17": 0.0,
        "17,18": 87.91288296921387,
        "17,19": 91.619993616481,
        "17,20": 55.72750423840812,
        "17,21": 23.689186487144706,
        "17,22": 57.66026107188136,
        "17,23": 85.0723428403822,
        "17,24": 74.77447167786582,
        "17,25": 44.477474011122716,
        "17,26": 94.40305750573049,
        "17,27": 112.16606589344202,
        "17,28": 78.78745281321797,
        "17,29": 126.16255734836122,
        "17,30": 55.71987652244966,
        "17,31": 42.824040546474066,
        "17,32": 14.52041254443483,
        "17,33": 39.832269395271254,
        "17,34": 83.66756410752117,
        "17,35": 101.61390506022234,
        "17,36": 68.2474629608987,
        "17,37": 69.43175137664,
        "17,38": 116.08609836142978,
        "17,39": 92.90772018739519,
        "17,40": 86.13479665907226,
        "17,41": 46.580209970870975,
        "17,42": 36.90387478239597,
        "17,43": 89.7296172461763,
