{
    "num_robots": 3,
    "num_tasks": 30,
    "num_nodes": 31,
    "robot_capacity": [
        106,
        146,
        146
    ],
    "robot_speed": [
        1.03,
        1.13,
        0.84
    ],
    "task_demand": {
        "0": 0,
        "1": 15,
        "2": 11,
        "3": 11,
        "4": 8,
        "5": 12,
        "6": 7,
        "7": 8,
        "8": 7,
        "9": 11,
        "10": 9,
        "11": 11,
        "12": 15,
        "13": 12,
        "14": 6,
        "15": 7,
        "16": 8,
        "17": 8,
        "18": 14,
        "19": 14,
        "20": 11,
        "21": 13,
        "22": 9,
        "23": 9,
        "24": 12,
        "25": 8,
        "26": 12,
        "27": 8,
        "28": 15,
        "29": 12,
        "30": 11
    },
    "task_service_time": {
        "0": 0,
        "1": 86,
        "2": 64,
        "3": 49,
        "4": 28,
        "5": 94,
        "6": 64,
        "7": 47,
        "8": 53,
        "9": 20,
        "10": 12,
        "11": 65,
        "12": 33,
        "13": 28,
        "14": 17,
        "15": 76,
        "16": 64,
        "17": 45,
        "18": 49,
        "19": 87,
        "20": 45,
        "21": 98,
        "22": 64,
        "23": 97,
        "24": 33,
        "25": 84,
        "26": 10,
        "27": 53,
        "28": 16,
        "29": 33,
        "30": 26
    },
    "task_precedence": [],
    "coordinates": {
        "0": [
            50.0,
            50.0
        ],
        "1": [
            76.82319662975671,
            54.191553722143794
        ],
        "2": [
            20.622022658018324,
            98.96717567349484
        ],
        "3": [
            23.116017122779688,
            53.63187553224395
        ],
        "4": [
            22.714269372201347,
            52.18284817620999
        ],
        "5": [
            41.72938334508449,
            27.55301240047353
        ],
        "6": [
            30.71101340518171,
            85.21742655143422
        ],
        "7": [
            52.15682622576705,
            49.18273986375738
        ],
        "8": [
            1.823699049797689,
            46.02582498985238
        ],
        "9": [
            92.50721040112902,
            93.87556202261639
        ],
        "10": [
            9.083908688155606,
            5.201816608589738
        ],
        "11": [
            51.12021038632844,
            46.721757929022786
        ],
        "12": [
            36.33837937659208,
            56.49538899784435
        ],
        "13": [
            13.158364508537279,
            54.851807193373645
        ],
        "14": [
            86.87869122202846,
            69.97780722336319
        ],
        "15": [
            90.04896877860094,
            47.34943146043833
        ],
        "16": [
            99.56325923023876,
            28.41189067949752
        ],
        "17": [
            86.86162896078477,
            42.834345230031154
        ],
        "18": [
            25.750363963201007,
            88.36226896092808
        ],
        "19": [
            1.5969700732752612,
            82.00698343138873
        ],
        "20": [
            99.7881747866202,
            91.54662244351888
        ],
        "21": [
            76.86599062262559,
            40.989415098188516
        ],
        "22": [
            79.38327942116234,
            21.976633429723424
        ],
        "23": [
            20.576900257346566,
            17.3492397572813
        ],
        "24": [
            54.01252757898508,
            14.055604132389321
        ],
        "25": [
            24.318033789454894,
            84.23261016677326
        ],
        "26": [
            89.37110201344962,
            19.30266978272406
        ],
        "27": [
            99.61923704822053,
            19.073692421827772
        ],
        "28": [
            26.451853742956,
            66.33584291826621
        ],
        "29": [
            75.87691644038973,
            80.44645062377398
        ],
        "30": [
            85.96506988515819,
            68.17332806970396
        ]
    },
    "distance_matrix_str_keys": {
        "0,0": 0.0,
        "0,1": 27.148720044307968,
        "0,2": 57.10385141253516,
        "0,3": 27.12819668213107,
        "0,4": 27.372904888834373,
        "0,5": 23.92217281406229,
        "0,6": 40.15385581436412,
        "0,7": 2.3064720892410215,
        "0,8": 48.33994249330201,
        "0,9": 61.08950710953812,
        "0,10": 60.671276263233615,
        "0,11": 3.464353097702814,
        "0,12": 15.127126504767588,
        "0,13": 37.15973814126626,
        "0,14": 41.942229884730516,
        "0,15": 40.1365844811472,
        "0,16": 54.060735562493164,
        "0,17": 37.551648404896206,
        "0,18": 45.384011807549655,
        "0,19": 58.02844383976365,
        "0,20": 64.84584940493377,
        "0,21": 28.336762207559264,
        "0,22": 40.60401683915271,
        "0,23": 43.952143780407724,
        "0,24": 36.167664727759565,
        "0,25": 42.79526828131643,
        "0,26": 49.92403986279495,
        "0,27": 58.46798427915241,
        "0,28": 28.659639844097892,
        "0,29": 39.95749191389294,
        "0,30": 40.29585716886293,
        "1,0": 27.148720044307968,
        "1,1": 0.0,
        "1,2": 71.85699880270477,
        "1,3": 53.710095608469196,
        "1,4": 54.14619937662923,
        "1,5": 44.05891072877052,
        "1,6": 55.57821719483342,
        "1,7": 25.169784368857453,
        "1,8": 75.44271842249354,
        "1,9": 42.67093627719662,
        "1,10": 83.59787959805129,
        "1,11": 26.766422081047576,
        "1,12": 40.55031547349168,
        "1,13": 63.66825569834095,
        "1,14": 18.716804510919275,
        "1,15": 14.890791986233276,
        "1,16": 34.37588506011481,
        "1,17": 15.157714484642629,
        "1,18": 61.44975196464249,
        "1,19": 80.20401044733998,
        "1,20": 43.849645163032655,
        "1,21": 13.202207980938546,
        "1,22": 32.31648361665992,
        "1,23": 67.23839642569193,
        "1,24": 46.165149972843615,
        "1,25": 60.49179446169558,
        "1,26": 37.07673329807266,
        "1,27": 41.86793093846972,
        "1,28": 51.81463060081297,
        "1,29": 26.271944303991262,
        "1,30": 16.705204593895765,
        "2,0": 57.10385141253516,
        "2,1": 71.85699880270477,
        "2,2": 0.0,
        "2,3": 45.40384837530364,
        "2,4": 46.831087919097214,
        "2,5": 74.46813675095981,
        "2,6": 17.05412956488707,
        "2,7": 58.931603447983385,
        "2,8": 56.17974352636183,
        "2,9": 72.06528114447403,
        "2,10": 94.47259197540905,
        "2,11": 60.49564554582124,
        "2,12": 45.286383515659764,
        "2,13": 44.742283458817624,
        "2,14": 72.32101777725876,
        "2,15": 86.51296067800945,
        "2,16": 105.87618746505493,
        "2,17": 86.82499695790457,
        "2,18": 11.779810309367734,
        "2,19": 25.487266364626763,
        "2,20": 79.51317031214289,
        "2,21": 80.77626293491988,
        "2,22": 96.852614272275,
        "2,23": 81.61794838915141,
        "2,24": 91.240894342709,
        "2,25": 15.19104732912028,
        "2,26": 105.22770267871499,
        "2,27": 112.35447720271753,
        "2,28": 33.148013633721135,
        "2,29": 58.276243386722385,
        "2,30": 72.23555129694607,
        "3,0": 27.12819668213107,
        "3,1": 53.710095608469196,
        "3,2": 45.40384837530364,
        "3,3": 0.0,
        "3,4": 1.5036893075464568,
        "3,5": 32.04004532411357,
        "3,6": 32.48585848820332,
        "3,7": 29.37964263827511,
        "3,8": 22.610060012623826,
        "3,9": 80.21653200512111,
        "3,10": 50.421926524773596,
        "3,11": 28.844142657262953,
        "3,12": 13.528879219607127,
        "3,13": 10.032102413938732,
        "3,14": 65.8245249974335,
        "3,15": 67.22714571418209,
        "3,16": 80.49986622230637,
        "3,17": 64.6536131181299,
        "3,18": 34.83015950274737,
        "3,19": 35.61202232683358,
        "3,20": 85.53448307071746,
        "3,21": 55.21676789763046,
        "3,22": 64.56050773595405,
        "3,23": 36.37137299078668,
        "3,24": 50.20832218154039,
        "3,25": 30.62433353135781,
        "3,26": 74.62057786738688,
        "3,27": 83.94647508295643,
        "3,28": 13.1346333523866,
        "3,29": 59.18389928132724,
        "3,30": 64.50935804228281,
        "4,0": 27.372904888834373,
        "4,1": 54.14619937662923,
        "4,2": 46.831087919097214,
        "4,3": 1.5036893075464568,
        "4,4": 0.0,
        "4,5": 31.11596647609525,
        "4,6": 33.98869346647263,
        "4,7": 29.595013160360242,
        "4,8": 21.779000503068033,
        "4,9": 81.29782903218083,
        "4,10": 48.91834072753194,
        "4,11": 28.926129910273012,
        "4,12": 14.290359748795774,
        "4,13": 9.92162587475953,
        "4,14": 66.58628686758581,
        "4,15": 67.50795257818511,
        "4,16": 80.4414424442479,
        "4,17": 64.82498167775861,
        "4,18": 36.306588364692004,
        "4,19": 36.543390283327845,
        "4,20": 86.54417149871178,
        "4,21": 55.29649047141955,
        "4,22": 64.21675878803059,
        "4,23": 34.89912065104785,
        "4,24": 49.32816340748522,
        "4,25": 32.08986294700871,
        "4,26": 74.32522767506899,
        "4,27": 83.72926757124714,
        "4,28": 14.638196511086347,
        "4,29": 60.20878894821507,
        "4,30": 65.24077875649628,
        "5,0": 23.92217281406229,
        "5,1": 44.05891072877052,
        "5,2": 74.46813675095981,
        "5,3": 32.04004532411357,
        "5,4": 31.11596647609525,
        "5,5": 0.0,
        "5,6": 58.70765823558344,
        "5,7": 24.01201106042209,
        "5,8": 43.97395188105583,
        "5,9": 83.52884716620461,
        "5,10": 39.563909929420646,
        "5,11": 21.345454730617373,
        "5,12": 29.440178105649075,
        "5,13": 39.516165230234655,
        "5,14": 61.954202581676086,
        "5,15": 52.217626756341886,
        "5,16": 57.8402530405738,
        "5,17": 47.64912095058641,
        "5,18": 62.87364108942469,
        "5,19": 67.6449965337795,
        "5,20": 86.40604949882326,
        "5,21": 37.618055351537194,
        "5,22": 38.064575291647415,
        "5,23": 23.48498492507494,
        "5,24": 18.24981266276871,
        "5,25": 59.29360755003739,
        "5,26": 48.350817066373374,
        "5,27": 58.50755531613634,
        "5,28": 41.68346019365167,
        "5,29": 62.958476979490754,
        "5,30": 60.056689958235154,
        "6,0": 40.15385581436412,
        "6,1": 55.57821719483342,
        "6,2": 17.05412956488707,
        "6,3": 32.48585848820332,
        "6,4": 33.98869346647263,
        "6,5": 58.70765823558344,
        "6,6": 0.0,
        "6,7": 41.93353708208523,
        "6,8": 48.68735527453262,
        "6,9": 62.3997858409728,
        "6,10": 82.88684752701508,
        "6,11": 43.5712270208421,
        "6,12": 29.268117278123885,
        "6,13": 35.07372695177254,
        "6,14": 58.19840228564368,
        "6,15": 70.39160461382863,
        "6,16": 89.26085738358093,
        "6,17": 70.35067312805043,
        "6,18": 5.873506334956541,
        "6,19": 29.290518332033212,
        "6,20": 69.3665116980642,
        "6,21": 63.924947548286625,
        "6,22": 79.80217662315613,
        "6,23": 68.62063121262554,
        "6,24": 74.8796736958144,
        "6,25": 6.468388646223668,
        "6,26": 88.23696025707177,
        "6,27": 95.51616015233819,
        "6,28": 19.355997559533026,
        "6,29": 45.417188467452796,
        "6,30": 57.823110004109516,
        "7,0": 2.3064720892410215,
        "7,1": 25.169784368857453,
        "7,2": 58.931603447983385,
        "7,3": 29.37964263827511,
        "7,4": 29.595013160360242,
        "7,5": 24.01201106042209,
        "7,6": 41.93353708208523,
        "7,7": 0.0,
        "7,8": 50.43203151602549,
        "7,9": 60.21297082541851,
        "7,10": 61.55970951506205,
        "7,11": 2.670394068609542,
        "7,12": 17.42693599226314,
        "7,13": 39.40835369179939,
        "7,14": 40.472740644897605,
        "7,15": 37.936466453083966,
        "7,16": 51.7571064303515,
        "7,17": 35.28066676385266,
        "7,18": 47.247611045431384,
        "7,19": 60.280428166593595,
        "7,20": 63.745148152289275,
        "7,21": 26.032160415629466,
        "7,22": 38.48963472028585,
        "7,23": 44.84042208989486,
        "7,24": 35.1761182082715,
        "7,25": 44.76038172949718,
        "7,26": 47.72547443922542,
        "7,27": 56.2070741005055,
        "7,28": 30.902662583354747,
        "7,29": 39.24362738427498,
        "7,30": 38.776794345853276,
        "8,0": 48.33994249330201,
        "8,1": 75.44271842249354,
        "8,2": 56.17974352636183,
        "8,3": 22.610060012623826,
        "8,4": 21.779000503068033,
        "8,5": 43.97395188105583,
        "8,6": 48.68735527453262,
        "8,7": 50.43203151602549,
        "8,8": 0.0,
        "8,9": 102.533392439301,
        "8,10": 41.46456685299278,
        "8,11": 49.30142343389821,
        "8,12": 36.067643790220735,
        "8,13": 14.365674467925912,
        "8,14": 88.36316623080376,
        "8,15": 88.23519792468913,
        "8,16": 99.31400860984091,
        "8,17": 85.09779707256412,
        "8,18": 48.62982399715546,
        "8,19": 35.98187278093982,
        "8,20": 108.0239857957862,
        "8,21": 75.21110921332146,
        "8,22": 81.20253765787096,
        "8,23": 34.264107986809265,
        "8,24": 61.2026865825667,
        "8,25": 44.336819111604406,
        "8,26": 91.53510140871818,
        "8,27": 101.44153341883855,
        "8,28": 31.92245027942916,
        "8,29": 81.66185446662881,
        "8,30": 87.00736853120942,
        "9,0": 61.08950710953812,
        "9,1": 42.67093627719662,
        "9,2": 72.06528114447403,
        "9,3": 80.21653200512111,
        "9,4": 81.29782903218083,
        "9,5": 83.52884716620461,
        "9,6": 62.3997858409728,
        "9,7": 60.21297082541851,
        "9,8": 102.533392439301,
        "9,9": 0.0,
        "9,10": 121.74760939930364,
        "9,11": 62.740457527197776,
        "9,12": 67.47010385366899,
        "9,13": 88.42563421010402,
        "9,14": 24.55163767643072,
        "9,15": 46.591026785890534,
        "9,16": 65.84284388450018,
        "9,17": 51.35249167730077,
        "9,18": 66.98412458725694,
        "9,19": 91.68170457754522,
        "9,20": 7.644370604953553,
        "9,21": 55.15063274951267,
        "9,22": 73.0868900499457,
        "9,23": 105.0249852027538,
        "9,24": 88.61752808093378,
        "9,25": 68.86762902461645,
        "9,26": 74.63880648055586,
        "9,27": 75.13920826574049,
        "9,28": 71.56637668336265,
        "9,29": 21.37539964967019,
        "9,30": 26.52177280464019,
        "10,0": 60.671276263233615,
        "10,1": 83.59787959805129,
        "10,2": 94.47259197540905,
        "10,3": 50.421926524773596,
        "10,4": 48.91834072753194,
        "10,5": 39.563909929420646,
        "10,6": 82.88684752701508,
        "10,7": 61.55970951506205,
        "10,8": 41.46456685299278,
        "10,9": 121.74760939930364,
        "10,10": 0.0,
        "10,11": 59.08431422731427,
        "10,12": 58.08473759051121,
        "10,13": 49.816892268600746,
        "10,14": 101.23219423492601,
        "10,15": 91.27848811822636,
        "10,16": 93.40888829706833,
        "10,17": 86.4035935667664,
        "10,18": 84.81410004757832,
        "10,19": 77.16921601585032,
        "10,20": 125.2305449286742,
        "10,21": 76.64961080803957,
        "10,22": 72.27306555584393,
        "10,23": 16.722701467252893,
        "10,24": 45.7926888155084,
        "10,25": 80.48568132306677,
        "10,26": 81.51605653054881,
        "10,27": 91.59189167083882,
        "10,28": 63.55324294053593,
        "10,29": 100.61342272614043,
        "10,30": 99.37869088842304,
        "11,0": 3.464353097702814,
        "11,1": 26.766422081047576,
        "11,2": 60.49564554582124,
        "11,3": 28.844142657262953,
        "11,4": 28.926129910273012,
        "11,5": 21.345454730617373,
        "11,6": 43.5712270208421,
        "11,7": 2.670394068609542,
        "11,8": 49.30142343389821,
        "11,9": 62.740457527197776,
        "11,10": 59.08431422731427,
        "11,11": 0.0,
        "11,12": 17.720789831997827,
        "11,13": 38.82266662002936,
        "11,14": 42.655747332076096,
        "11,15": 38.933818256445974,
        "11,16": 51.7878385336627,
        "11,17": 35.95220409386292,
        "11,18": 48.7602426832691,
        "11,19": 60.80788164257354,
        "11,20": 66.16524191455056,
        "11,21": 26.376219484716266,
        "11,22": 37.56490726400922,
        "11,23": 42.37497631131433,
        "11,24": 32.79394917676504,
        "11,25": 46.10228525715775,
        "11,26": 47.06311830982163,
        "11,27": 55.82625827906673,
        "11,28": 31.515712739043064,
        "11,29": 41.835982025077406,
        "11,30": 40.918627726180524,
        "12,0": 15.127126504767588,
        "12,1": 40.55031547349168,
        "12,2": 45.286383515659764,
        "12,3": 13.528879219607127,
        "12,4": 14.290359748795774,
        "12,5": 29.440178105649075,
        "12,6": 29.268117278123885,
        "12,7": 17.42693599226314,
        "12,8": 36.067643790220735,
        "12,9": 67.47010385366899,
        "12,10": 58.08473759051121,
        "12,11": 17.720789831997827,
        "12,12": 0.0,
        "12,13": 23.238210998939415,
        "12,14": 52.30773100261337,
        "12,15": 54.48372191019278,
        "12,16": 69.18141593162608,
        "12,17": 52.33758558982956,
        "12,18": 33.5798169884202,
        "12,19": 43.10228498493138,
        "12,20": 72.4876920838124,
        "12,21": 43.39265490709723,
        "12,22": 55.17615341629683,
        "12,23": 42.20006190032009,
        "12,24": 45.972936104911305,
        "12,25": 30.229822133255865,
        "12,26": 64.77474842014162,
        "12,27": 73.51768713911196,
        "12,28": 13.94911905693292,
        "12,29": 46.227148583428544,
        "12,30": 50.9821799435751,
        "13,0": 37.15973814126626,
        "13,1": 63.66825569834095,
        "13,2": 44.742283458817624,
        "13,3": 10.032102413938732,
        "13,4": 9.92162587475953,
        "13,5": 39.516165230234655,
        "13,6": 35.07372695177254,
        "13,7": 39.40835369179939,
        "13,8": 14.365674467925912,
        "13,9": 88.42563421010402,
        "13,10": 49.816892268600746,
        "13,11": 38.82266662002936,
        "13,12": 23.238210998939415,
        "13,13": 0.0,
        "13,14": 75.25611236073205,
        "13,15": 77.25574843759958,
        "13,16": 90.35969796944352,
        "13,17": 74.67657318703311,
        "13,18": 35.798177301937855,
        "13,19": 29.513885508441053,
        "13,20": 94.0809943349821,
        "13,21": 65.19837068281015,
        "13,22": 73.93589388906193,
        "13,23": 38.22927199091052,
        "13,24": 57.735542124239274,
        "13,25": 31.428805287843566,
        "13,26": 84.09591267495655,
        "13,27": 93.5711279024105,
        "13,28": 17.567012624695614,
        "13,29": 67.73996256832305,
        "13,30": 74.01539884548745,
        "14,0": 41.942229884730516,
        "14,1": 18.716804510919275,
        "14,2": 72.32101777725876,
        "14,3": 65.8245249974335,
        "14,4": 66.58628686758581,
        "14,5": 61.954202581676086,
        "14,6": 58.19840228564368,
        "14,7": 40.472740644897605,
        "14,8": 88.36316623080376,
        "14,9": 24.55163767643072,
        "14,10": 101.23219423492601,
        "14,11": 42.655747332076096,
        "14,12": 52.30773100261337,
        "14,13": 75.25611236073205,
        "14,14": 0.0,
        "14,15": 22.849377441274676,
        "14,16": 43.45829821434012,
        "14,17": 27.143467355962823,
        "14,18": 63.833070009535774,
        "14,19": 86.12591388390273,
        "14,20": 25.13699576134118,
        "14,21": 30.668893871415897,
        "14,22": 48.58285586121685,
        "14,23": 84.65041995558148,
        "14,24": 64.86507158062368,
        "14,25": 64.1641275585609,
        "14,26": 50.736393902019266,
        "14,27": 52.474283336480134,
        "14,28": 60.53648975388181,
        "14,29": 15.186557970483847,
        "14,30": 2.022584723361512,
        "15,0": 40.1365844811472,
        "15,1": 14.890791986233276,
        "15,2": 86.51296067800945,
        "15,3": 67.22714571418209,
        "15,4": 67.50795257818511,
        "15,5": 52.217626756341886,
        "15,6": 70.39160461382863,
        "15,7": 37.936466453083966,
        "15,8": 88.23519792468913,
        "15,9": 46.591026785890534,
        "15,10": 91.27848811822636,
        "15,11": 38.933818256445974,
        "15,12": 54.48372191019278,
        "15,13": 77.25574843759958,
        "15,14": 22.849377441274676,
        "15,15": 0.0,
        "15,16": 21.193210554984887,
        "15,17": 5.526765671009482,
        "15,18": 76.2650865143976,
        "15,19": 94.99948412273649,
        "15,20": 45.25752782092207,
        "15,21": 14.636964206727042,
        "15,22": 27.523368423520203,
        "15,23": 75.67284722308284,
        "15,24": 49.06224650872924,
        "15,25": 75.3719091308611,
        "15,26": 28.05495221806301,
        "15,27": 29.851422963270824,
        "15,28": 66.37075305360783,
        "15,29": 36.00360738836047,
        "15,30": 21.22057728162095,
        "16,0": 54.060735562493164,
        "16,1": 34.37588506011481,
        "16,2": 105.87618746505493,
        "16,3": 80.49986622230637,
        "16,4": 80.4414424442479,
        "16,5": 57.8402530405738,
        "16,6": 89.26085738358093,
        "16,7": 51.7571064303515,
        "16,8": 99.31400860984091,
        "16,9": 65.84284388450018,
        "16,10": 93.40888829706833,
        "16,11": 51.7878385336627,
        "16,12": 69.18141593162608,
        "16,13": 90.35969796944352,
        "16,14": 43.45829821434012,
        "16,15": 21.193210554984887,
        "16,16": 0.0,
        "16,17": 19.218184273341695,
        "16,18": 95.09148943932524,
        "16,19": 111.66838307358805,
        "16,20": 63.135132390155256,
        "16,21": 25.94918346979169,
        "16,22": 21.181220950773866,
        "16,23": 79.7573015417485,
        "16,24": 47.75952383961971,
        "16,25": 93.68989633739335,
        "16,26": 13.669600362774373,
        "16,27": 9.338366035643086,
        "16,28": 82.36202866451437,
        "16,29": 57.17200594130605,
        "16,30": 42.022406604095984,
        "17,0": 37.551648404896206,
        "17,1": 15.157714484642629,
        "17,2": 86.82499695790457,
        "17,3": 64.6536131181299,
        "17,4": 64.82498167775861,
        "17,5": 47.64912095058641,
        "17,6": 70.35067312805043,
        "17,7": 35.28066676385266,
        "17,8": 85.09779707256412,
        "17,9": 51.35249167730077,
        "17,10": 86.4035935667664,
        "17,11": 35.95220409386292,
        "17,12": 52.33758558982956,
        "17,13": 74.67657318703311,
        "17,14": 27.143467355962823,
        "17,15": 5.526765671009482,
        "17,16": 19.218184273341695,
        "17,17": 0.0,
        "17,18": 76.2061582081873,
        "17,19": 93.83260434869008,
        "17,20": 50.39822951563973,
        "17,21": 10.164475046880609,
        "17,22": 22.15783954679398,
        "17,23": 71.0151804915371,
        "17,24": 43.67241006352699,
        "17,25": 75.00345083213097,
        "17,26": 23.66510520490975,
        "17,27": 26.96896709154041,
        "17,28": 64.82022319815565,
        "17,29": 39.18334316142182,
        "17,30": 25.354839173722265,
        "18,0": 45.384011807549655,
        "18,1": 61.44975196464249,
        "18,2": 11.779810309367734,
        "18,3": 34.83015950274737,
        "18,4": 36.306588364692004,
        "18,5": 62.87364108942469,
        "18,6": 5.873506334956541,
        "18,7": 47.247611045431384,
        "18,8": 48.62982399715546,
        "18,9": 66.98412458725694,
        "18,10": 84.81410004757832,
        "18,11": 48.7602426832691,
        "18,12": 33.5798169884202,
        "18,13": 35.798177301937855,
        "18,14": 63.833070009535774,
        "18,15": 76.2650865143976,
        "18,16": 95.09148943932524,
        "18,17": 76.2061582081873,
        "18,18": 0.0,
        "18,19": 24.97550981589514,
        "18,20": 74.10625843089433,
        "18,21": 69.69214139260004,
        "18,22": 85.34367126742772,
        "18,23": 71.20122922670495,
        "18,24": 79.49987629038266,
        "18,25": 4.37100119912633,
        "18,26": 93.89795817115807,
        "18,27": 101.27940190219076,
        "18,28": 22.037593610100757,
        "18,29": 50.74772352722021,
        "18,30": 63.509087094502675,
        "19,0": 58.02844383976365,
        "19,1": 80.20401044733998,
        "19,2": 25.487266364626763,
        "19,3": 35.61202232683358,
        "19,4": 36.543390283327845,
        "19,5": 67.6449965337795,
        "19,6": 29.290518332033212,
        "19,7": 60.280428166593595,
        "19,8": 35.98187278093982,
        "19,9": 91.68170457754522,
        "19,10": 77.16921601585032,
        "19,11": 60.80788164257354,
        "19,12": 43.10228498493138,
        "19,13": 29.513885508441053,
        "19,14": 86.12591388390273,
        "19,15": 94.99948412273649,
        "19,16": 111.66838307358805,
        "19,17": 93.83260434869008,
        "19,18": 24.97550981589514,
        "19,19": 0.0,
        "19,20": 98.65352196216702,
        "19,21": 85.71969649052235,
        "19,22": 98.25656641307808,
        "19,23": 67.38591519612093,
        "19,24": 85.81830001387151,
        "19,25": 22.82980838202443,
        "19,26": 107.870891291401,
        "19,27": 116.4858958853025,
        "19,28": 29.382816189320458,
        "19,29": 74.29633702239327,
        "19,30": 85.49471496258532,
        "20,0": 64.84584940493377,
        "20,1": 43.849645163032655,
        "20,2": 79.51317031214289,
        "20,3": 85.53448307071746,
        "20,4": 86.54417149871178,
        "20,5": 86.40604949882326,
        "20,6": 69.3665116980642,
        "20,7": 63.745148152289275,
        "20,8": 108.0239857957862,
        "20,9": 7.644370604953553,
        "20,10": 125.2305449286742,
        "20,11": 66.16524191455056,
        "20,12": 72.4876920838124,
        "20,13": 94.0809943349821,
        "20,14": 25.13699576134118,
        "20,15": 45.25752782092207,
        "20,16": 63.135132390155256,
        "20,17": 50.39822951563973,
        "20,18": 74.10625843089433,
        "20,19": 98.65352196216702,
        "20,20": 0.0,
        "20,21": 55.51087948687908,
        "20,22": 72.50064224718913,
        "20,23": 108.5342232203278,
        "20,24": 90.00148774422394,
        "20,25": 75.82372292176373,
        "20,26": 72.99112344125618,
        "20,27": 72.47312692224887,
        "20,28": 77.54869043697826,
        "20,29": 26.362133641418993,
        "20,30": 27.15490966661152,
        "21,0": 28.336762207559264,
        "21,1": 13.202207980938546,
        "21,2": 80.77626293491988,
        "21,3": 55.21676789763046,
        "21,4": 55.29649047141955,
        "21,5": 37.618055351537194,
        "21,6": 63.924947548286625,
        "21,7": 26.032160415629466,
        "21,8": 75.21110921332146,
        "21,9": 55.15063274951267,
        "21,10": 76.64961080803957,
        "21,11": 26.376219484716266,
        "21,12": 43.39265490709723,
        "21,13": 65.19837068281015,
        "21,14": 30.668893871415897,
        "21,15": 14.636964206727042,
        "21,16": 25.94918346979169,
        "21,17": 10.164475046880609,
        "21,18": 69.69214139260004,
        "21,19": 85.71969649052235,
        "21,20": 55.51087948687908,
        "21,21": 0.0,
        "21,22": 19.178701980790066,
        "21,23": 61.05177789630197,
        "21,24": 35.32295211655514,
        "21,25": 68.0533738111524,
        "21,26": 25.03383177371647,
        "21,27": 31.591282394530953,
        "21,28": 56.42717962613823,
        "21,29": 39.46943019863954,
        "21,30": 28.666328119743138,
        "22,0": 40.60401683915271,
        "22,1": 32.31648361665992,
        "22,2": 96.852614272275,
        "22,3": 64.56050773595405,
        "22,4": 64.21675878803059,
        "22,5": 38.064575291647415,
        "22,6": 79.80217662315613,
        "22,7": 38.48963472028585,
        "22,8": 81.20253765787096,
        "22,9": 73.0868900499457,
        "22,10": 72.27306555584393,
        "22,11": 37.56490726400922,
        "22,12": 55.17615341629683,
        "22,13": 73.93589388906193,
        "22,14": 48.58285586121685,
        "22,15": 27.523368423520203,
        "22,16": 21.181220950773866,
        "22,17": 22.15783954679398,
        "22,18": 85.34367126742772,
        "22,19": 98.25656641307808,
        "22,20": 72.50064224718913,
        "22,21": 19.178701980790066,
        "22,22": 0.0,
        "22,23": 58.98815985058547,
        "22,24": 26.578520541342517,
        "22,25": 83.11430632547183,
        "22,26": 10.339568739578949,
        "22,27": 20.443117364517,
        "22,28": 69.06138784281637,
        "22,29": 58.574858976002865,
        "22,30": 46.663203505241185,
        "23,0": 43.952143780407724,
        "23,1": 67.23839642569193,
        "23,2": 81.61794838915141,
        "23,3": 36.37137299078668,
        "23,4": 34.89912065104785,
        "23,5": 23.48498492507494,
        "23,6": 68.62063121262554,
        "23,7": 44.84042208989486,
        "23,8": 34.264107986809265,
        "23,9": 105.0249852027538,
        "23,10": 16.722701467252893,
        "23,11": 42.37497631131433,
        "23,12": 42.20006190032009,
        "23,13": 38.22927199091052,
        "23,14": 84.65041995558148,
        "23,15": 75.67284722308284,
        "23,16": 79.7573015417485,
        "23,17": 71.0151804915371,
        "23,18": 71.20122922670495,
        "23,19": 67.38591519612093,
        "23,20": 108.5342232203278,
        "23,21": 61.05177789630197,
        "23,22": 58.98815985058547,
        "23,23": 0.0,
        "23,24": 33.597458386328235,
        "23,25": 66.98791919024184,
        "23,26": 68.82193025572381,
        "23,27": 79.06114559222,
        "23,28": 49.337636422004365,
        "23,29": 83.90083318403626,
        "23,30": 82.81727283643433,
        "24,0": 36.167664727759565,
        "24,1": 46.165149972843615,
        "24,2": 91.240894342709,
        "24,3": 50.20832218154039,
        "24,4": 49.32816340748522,
        "24,5": 18.24981266276871,
        "24,6": 74.8796736958144,
        "24,7": 35.1761182082715,
        "24,8": 61.2026865825667,
        "24,9": 88.61752808093378,
        "24,10": 45.7926888155084,
        "24,11": 32.79394917676504,
        "24,12": 45.972936104911305,
        "24,13": 57.735542124239274,
        "24,14": 64.86507158062368,
        "24,15": 49.06224650872924,
        "24,16": 47.75952383961971,
        "24,17": 43.67241006352699,
        "24,18": 79.49987629038266,
        "24,19": 85.81830001387151,
        "24,20": 90.00148774422394,
        "24,21": 35.32295211655514,
        "24,22": 26.578520541342517,
        "24,23": 33.597458386328235,
        "24,24": 0.0,
        "24,25": 76.20088672296673,
        "24,26": 35.74577575010076,
        "24,27": 45.88194806993105,
        "24,28": 59.10003476990757,
        "24,29": 69.89846921160233,
        "24,30": 62.84658307325212,
        "25,0": 42.79526828131643,
        "25,1": 60.49179446169558,
        "25,2": 15.19104732912028,
        "25,3": 30.62433353135781,
        "25,4": 32.08986294700871,
        "25,5": 59.29360755003739,
        "25,6": 6.468388646223668,
        "25,7": 44.76038172949718,
        "25,8": 44.336819111604406,
        "25,9": 68.86762902461645,
        "25,10": 80.48568132306677,
        "25,11": 46.10228525715775,
        "25,12": 30.229822133255865,
        "25,13": 31.428805287843566,
        "25,14": 64.1641275585609,
        "25,15": 75.3719091308611,
        "25,16": 93.68989633739335,
        "25,17": 75.00345083213097,
        "25,18": 4.37100119912633,
        "25,19": 22.82980838202443,
        "25,20": 75.82372292176373,
        "25,21": 68.0533738111524,
        "25,22": 83.11430632547183,
        "25,23": 66.98791919024184,
        "25,24": 76.20088672296673,
        "25,25": 0.0,
        "25,26": 91.91190806218688,
        "25,27": 99.5788922107015,
        "25,28": 18.02352533610431,
        "25,29": 51.697711596335814,
        "25,30": 63.7044551099701,
        "26,0": 49.92403986279495,
        "26,1": 37.07673329807266,
        "26,2": 105.22770267871499,
        "26,3": 74.62057786738688,
        "26,4": 74.32522767506899,
        "26,5": 48.350817066373374,
        "26,6": 88.23696025707177,
        "26,7": 47.72547443922542,
        "26,8": 91.53510140871818,
        "26,9": 74.63880648055586,
        "26,10": 81.51605653054881,
        "26,11": 47.06311830982163,
        "26,12": 64.77474842014162,
        "26,13": 84.09591267495655,
        "26,14": 50.736393902019266,
        "26,15": 28.05495221806301,
        "26,16": 13.669600362774373,
        "26,17": 23.66510520490975,
        "26,18": 93.89795817115807,
        "26,19": 107.870891291401,
        "26,20": 72.99112344125618,
        "26,21": 25.03383177371647,
        "26,22": 10.339568739578949,
        "26,23": 68.82193025572381,
        "26,24": 35.74577575010076,
        "26,25": 91.91190806218688,
        "26,26": 0.0,
        "26,27": 10.250692772817944,
        "26,28": 78.55540196652231,
        "26,29": 62.61513379222727,
        "26,30": 48.98920591581078,
        "27,0": 58.46798427915241,
        "27,1": 41.86793093846972,
        "27,2": 112.35447720271753,
        "27,3": 83.94647508295643,
        "27,4": 83.72926757124714,
        "27,5": 58.50755531613634,
        "27,6": 95.51616015233819,
        "27,7": 56.2070741005055,
        "27,8": 101.44153341883855,
        "27,9": 75.13920826574049,
        "27,10": 91.59189167083882,
        "27,11": 55.82625827906673,
        "27,12": 73.51768713911196,
        "27,13": 93.5711279024105,
        "27,14": 52.474283336480134,
        "27,15": 29.851422963270824,
        "27,16": 9.338366035643086,
        "27,17": 26.96896709154041,
        "27,18": 101.27940190219076,
        "27,19": 116.4858958853025,
        "27,20": 72.47312692224887,
        "27,21": 31.591282394530953,
        "27,22": 20.443117364517,
        "27,23": 79.06114559222,
        "27,24": 45.88194806993105,
        "27,25": 99.5788922107015,
        "27,26": 10.250692772817944,
        "27,27": 0.0,
        "27,28": 87.10440200866715,
        "27,29": 65.80511558503322,
        "27,30": 50.96283451370267,
        "28,0": 28.659639844097892,
        "28,1": 51.81463060081297,
        "28,2": 33.148013633721135,
        "28,3": 13.1346333523866,
        "28,4": 14.638196511086347,
        "28,5": 41.68346019365167,
        "28,6": 19.355997559533026,
        "28,7": 30.902662583354747,
        "28,8": 31.92245027942916,
        "28,9": 71.56637668336265,
        "28,10": 63.55324294053593,
        "28,11": 31.515712739043064,
        "28,12": 13.94911905693292,
        "28,13": 17.567012624695614,
        "28,14": 60.53648975388181,
        "28,15": 66.37075305360783,
        "28,16": 82.36202866451437,
        "28,17": 64.82022319815565,
        "28,18": 22.037593610100757,
        "28,19": 29.382816189320458,
        "28,20": 77.54869043697826,
        "28,21": 56.42717962613823,
        "28,22": 69.06138784281637,
        "28,23": 49.337636422004365,
        "28,24": 59.10003476990757,
        "28,25": 18.02352533610431,
        "28,26": 78.55540196652231,
        "28,27": 87.10440200866715,
        "28,28": 0.0,
        "28,29": 51.39986451795365,
        "28,30": 59.5415757875976,
        "29,0": 39.95749191389294,
        "29,1": 26.271944303991262,
        "29,2": 58.276243386722385,
        "29,3": 59.18389928132724,
        "29,4": 60.20878894821507,
        "29,5": 62.958476979490754,
        "29,6": 45.417188467452796,
        "29,7": 39.24362738427498,
        "29,8": 81.66185446662881,
        "29,9": 21.37539964967019,
        "29,10": 100.61342272614043,
        "29,11": 41.835982025077406,
        "29,12": 46.227148583428544,
        "29,13": 67.73996256832305,
        "29,14": 15.186557970483847,
        "29,15": 36.00360738836047,
        "29,16": 57.17200594130605,
        "29,17": 39.18334316142182,
        "29,18": 50.74772352722021,
        "29,19": 74.29633702239327,
        "29,20": 26.362133641418993,
        "29,21": 39.46943019863954,
        "29,22": 58.574858976002865,
        "29,23": 83.90083318403626,
        "29,24": 69.89846921160233,
        "29,25": 51.697711596335814,
        "29,26": 62.61513379222727,
        "29,27": 65.80511558503322,
        "29,28": 51.39986451795365,
        "29,29": 0.0,
        "29,30": 15.887113556351764,
        "30,0": 40.29585716886293,
        "30,1": 16.705204593895765,
        "30,2": 72.23555129694607,
        "30,3": 64.50935804228281,
        "30,4": 65.24077875649628,
        "30,5": 60.056689958235154,
        "30,6": 57.823110004109516,
        "30,7": 38.776794345853276,
        "30,8": 87.00736853120942,
        "30,9": 26.52177280464019,
        "30,10": 99.37869088842304,
        "30,11": 40.918627726180524,
        "30,12": 50.9821799435751,
        "30,13": 74.01539884548745,
        "30,14": 2.022584723361512,
        "30,15": 21.22057728162095,
        "30,16": 42.022406604095984,
        "30,17": 25.354839173722265,
        "30,18": 63.509087094502675,
        "30,19": 85.49471496258532,
        "30,20": 27.15490966661152,
        "30,21": 28.666328119743138,
        "30,22": 46.663203505241185,
        "30,23": 82.81727283643433,
        "30,24": 62.84658307325212,
        "30,25": 63.7044551099701,
        "30,26": 48.98920591581078,
        "30,27": 50.96283451370267,
        "30,28": 59.5415757875976,
        "30,29": 15.887113556351764,
        "30,30": 0.0
    }
}