{
    "num_robots": 6,
    "num_tasks": 40,
    "num_nodes": 41,
    "robot_capacity": [
        91,
        93,
        66,
        91,
        85,
        84
    ],
    "robot_speed": [
        1.09,
        1.18,
        1.04,
        0.98,
        1.07,
        0.85
    ],
    "task_demand": {
        "0": 0,
        "1": 6,
        "2": 11,
        "3": 9,
        "4": 15,
        "5": 6,
        "6": 15,
        "7": 10,
        "8": 7,
        "9": 6,
        "10": 10,
        "11": 9,
        "12": 9,
        "13": 6,
        "14": 14,
        "15": 13,
        "16": 13,
        "17": 14,
        "18": 10,
        "19": 6,
        "20": 10,
        "21": 7,
        "22": 10,
        "23": 15,
        "24": 12,
        "25": 6,
        "26": 11,
        "27": 14,
        "28": 11,
        "29": 9,
        "30": 11,
        "31": 15,
        "32": 14,
        "33": 6,
        "34": 10,
        "35": 11,
        "36": 8,
        "37": 13,
        "38": 9,
        "39": 9,
        "40": 7
    },
    "task_service_time": {
        "0": 0,
        "1": 35,
        "2": 93,
        "3": 93,
        "4": 74,
        "5": 69,
        "6": 82,
        "7": 23,
        "8": 96,
        "9": 25,
        "10": 20,
        "11": 60,
        "12": 62,
        "13": 11,
        "14": 30,
        "15": 27,
        "16": 70,
        "17": 29,
        "18": 44,
        "19": 87,
        "20": 71,
        "21": 91,
        "22": 87,
        "23": 43,
        "24": 16,
        "25": 27,
        "26": 91,
        "27": 74,
        "28": 87,
        "29": 81,
        "30": 31,
        "31": 89,
        "32": 66,
        "33": 25,
        "34": 79,
        "35": 52,
        "36": 68,
        "37": 73,
        "38": 74,
        "39": 54,
        "40": 67
    },
    "task_precedence": [],
    "coordinates": {
        "0": [
            50.0,
            50.0
        ],
        "1": [
            34.698963498039745,
            46.60879514602151
        ],
        "2": [
            63.88534718292074,
            25.969887595384044
        ],
        "3": [
            16.600375977417514,
            98.47480966950548
        ],
        "4": [
            72.14698247976206,
            36.83572024229643
        ],
        "5": [
            98.05235232970423,
            15.322167873788839
        ],
        "6": [
            69.5879020272728,
            12.405986400616042
        ],
        "7": [
            99.15474494199837,
            61.75145109363106
        ],
        "8": [
            51.92906949275719,
            45.155707824929756
        ],
        "9": [
            50.72579922923662,
            55.288857732754714
        ],
        "10": [
            11.770779631631878,
            90.88248071375024
        ],
        "11": [
            49.374579236702075,
            72.54637642070021
        ],
        "12": [
            59.6815454430301,
            9.729897952609024
        ],
        "13": [
            68.31604777897967,
            80.61245747266376
        ],
        "14": [
            75.08230173746507,
            86.95775130508969
        ],
        "15": [
            12.629605145373745,
            25.543519429387686
        ],
        "16": [
            19.969471105643688,
            96.2092830639554
        ],
        "17": [
            20.687176637964033,
            40.078577421732334
        ],
        "18": [
            24.459260867736333,
            46.720850071901246
        ],
        "19": [
            71.74239256614896,
            75.8336785976779
        ],
        "20": [
            92.08217152276103,
            23.49123786579713
        ],
        "21": [
            81.10776110720353,
            3.5168535910228615
        ],
        "22": [
            62.17251060973288,
            47.948562608222055
        ],
        "23": [
            35.7545472073823,
            29.75509679151339
        ],
        "24": [
            0.6695571491040164,
            6.245403905078939
        ],
        "25": [
            38.49736991941363,
            83.22823513478812
        ],
        "26": [
            74.17287700373384,
            4.8166958435389535
        ],
        "27": [
            32.040614093774124,
            17.58407558347449
        ],
        "28": [
            26.66065274702918,
            82.21045494869298
        ],
        "29": [
            82.89746406177062,
            41.585626519946054
        ],
        "30": [
            65.83144589246814,
            35.77059909126547
        ],
        "31": [
            60.11506809347189,
            71.95012082429506
        ],
        "32": [
            77.20945071776724,
            31.091778161523433
        ],
        "33": [
            48.94684915243135,
            27.25575394544405
        ],
        "34": [
            19.32784184926174,
            88.03855486122264
        ],
        "35": [
            96.80749466953095,
            31.383248155707165
        ],
        "36": [
            83.50833555073777,
            53.2816295377549
        ],
        "37": [
            1.5587254118178961,
            78.40510859189708
        ],
        "38": [
            98.84944970161497,
            19.238664738328648
        ],
        "39": [
            28.18919504000126,
            94.01471585686807
        ],
        "40": [
            64.74215280824708,
            35.3364279535058
        ]
    },
    "distance_matrix_str_keys": {
        "0,0": 0.0,
        "0,1": 15.672331938673562,
        "0,2": 27.75336319383153,
        "0,3": 58.867156015427234,
        "0,4": 25.764065954308755,
        "0,5": 59.258590983854106,
        "0,6": 42.390986829050156,
        "0,7": 50.5399401772392,
        "0,8": 5.214256973465471,
        "0,9": 5.338426794335557,
        "0,10": 55.97187257260036,
        "0,11": 22.555049120653024,
        "0,12": 41.41754991634271,
        "0,13": 35.67352181601241,
        "0,14": 44.66539199400473,
        "0,15": 44.66168216146156,
        "0,16": 55.11016700173866,
        "0,17": 30.946344524523102,
        "0,18": 25.750382126743183,
        "0,19": 33.76552360601937,
        "0,20": 49.735536892234585,
        "0,21": 55.931884477292996,
        "0,22": 12.344165014955214,
        "0,23": 24.754575964610883,
        "0,24": 65.93904208657565,
        "0,25": 35.16285126299598,
        "0,26": 51.24313570745759,
        "0,27": 37.05849022702678,
        "0,28": 39.7773621322045,
        "0,29": 33.95651370145829,
        "0,30": 21.28639305442896,
        "0,31": 24.168624427896688,
        "0,32": 33.13419776387602,
        "0,33": 22.768615577103468,
        "0,34": 48.86422967318879,
        "0,35": 50.373852408468316,
        "0,36": 33.66864481686042,
        "0,37": 56.15520704124527,
        "0,38": 57.72805629182015,
        "0,39": 49.12236176085123,
        "0,40": 20.79306169337343,
        "1,0": 15.672331938673562,
        "1,1": 0.0,
        "1,2": 35.74646132814894,
        "1,3": 54.93307139412353,
        "1,4": 38.70228828802317,
        "1,5": 70.65766004141153,
        "1,6": 48.857651987906536,
        "1,7": 66.2106320064915,
        "1,8": 17.291269917270846,
        "1,9": 18.22643547335503,
        "1,10": 49.85840800869917,
        "1,11": 29.801540558995217,
        "1,12": 44.54416301649909,
        "1,13": 47.81586982557285,
        "1,14": 57.08635800684992,
        "1,15": 30.509054707024127,
        "1,16": 51.741340800512305,
        "1,17": 15.458781146610843,
        "1,18": 10.240315730652865,
        "1,19": 47.183783759750966,
        "1,20": 61.86480435443801,
        "1,21": 63.330023863154715,
        "1,22": 27.506195079494248,
        "1,23": 16.886722748721226,
        "1,24": 52.79397549844477,
        "1,25": 36.81591064244933,
        "1,26": 57.48712387625234,
        "1,27": 29.146203307457714,
        "1,28": 36.49784405187471,
        "1,29": 48.459546836902575,
        "1,30": 32.96510205900663,
        "1,31": 35.89096209268112,
        "1,32": 45.253942808951095,
        "1,33": 24.032112876979138,
        "1,34": 44.1893241722572,
        "1,35": 63.947532598485495,
        "1,36": 49.26338923580268,
        "1,37": 45.92690855217491,
        "1,38": 69.74531467194917,
        "1,39": 47.850793136794955,
        "1,40": 32.08830762212088,
        "2,0": 27.75336319383153,
        "2,1": 35.74646132814894,
        "2,2": 0.0,
        "2,3": 86.56114732880849,
        "2,4": 13.649942743056522,
        "2,5": 35.787681902715875,
        "2,6": 14.713889607247706,
        "2,7": 50.241921785169744,
        "2,8": 22.606376845588237,
        "2,9": 32.13682797448038,
        "2,10": 83.24405622270224,
        "2,11": 48.784543635088035,
        "2,12": 16.77525596423934,
        "2,13": 54.821907578679834,
        "2,14": 62.0071875766847,
        "2,15": 51.25751536733455,
        "2,16": 82.8382571486455,
        "2,17": 45.44377918975566,
        "2,18": 44.55354897013476,
        "2,19": 50.479013612337454,
        "2,20": 28.305557887697447,
        "2,21": 28.297531294802543,
        "2,22": 22.045316156644247,
        "2,23": 28.384321656897413,
        "2,24": 66.22153249849111,
        "2,25": 62.63439751826096,
        "2,26": 23.522134067818893,
        "2,27": 32.93036393084771,
        "2,28": 67.44389736712711,
        "2,29": 24.603087009054974,
        "2,30": 9.99205914778352,
        "2,31": 46.134551609367435,
        "2,32": 14.274645283817621,
        "2,33": 14.99373788210105,
        "2,34": 76.40609097262097,
        "2,35": 33.36423635700624,
        "2,36": 33.63023818545063,
        "2,37": 81.44974022273657,
        "2,38": 35.60614871183214,
        "2,39": 76.8395336460686,
        "2,40": 9.40564692936719,
        "3,0": 58.867156015427234,
        "3,1": 54.93307139412353,
        "3,2": 86.56114732880849,
        "3,3": 0.0,
        "3,4": 82.9747120473568,
        "3,5": 116.39925381762649,
        "3,6": 101.07185689288298,
        "3,7": 90.35390915855496,
        "3,8": 63.96126333190302,
        "3,9": 55.04153846686285,
        "3,10": 8.998247598039596,
        "3,11": 41.790334409031104,
        "3,12": 98.64910804545866,
        "3,13": 54.713566287447456,
        "3,14": 59.605186636509025,
        "3,15": 73.03930528892585,
        "3,16": 4.05997694371441,
        "3,17": 58.539062858700625,
        "3,18": 52.34724831115511,
        "3,19": 59.609251041122896,
        "3,20": 106.3956648514916,
        "3,21": 114.7964117857591,
        "3,22": 68.04205388613522,
        "3,23": 71.33919829617152,
        "3,24": 93.59516160678277,
        "3,25": 26.682135947830457,
        "3,26": 109.93832434534782,
        "3,27": 82.35114943986373,
        "3,28": 19.124288304812907,
        "3,29": 87.35950462249995,
        "3,30": 79.72149189033576,
        "3,31": 50.96162819504725,
        "3,32": 90.63075016840034,
        "3,33": 78.2205102584281,
        "3,34": 10.786773591092087,
        "3,35": 104.56796600895781,
        "3,36": 80.74093500007238,
        "3,37": 25.080752641859835,
        "3,38": 114.20716611510386,
        "3,39": 12.417454009692603,
        "3,40": 79.39827405016234,
        "4,0": 25.764065954308755,
        "4,1": 38.70228828802317,
        "4,2": 13.649942743056522,
        "4,3": 82.9747120473568,
        "4,4": 0.0,
        "4,5": 33.67374530067619,
        "4,6": 24.563403435551365,
        "4,7": 36.745242917590424,
        "4,8": 21.862895483564678,
        "4,9": 28.273404023823318,
        "4,10": 81.03294507678505,
        "4,11": 42.353669429657415,
        "4,12": 29.834756954211034,
        "4,13": 43.944041498459015,
        "4,14": 50.20790870972674,
        "4,15": 60.57913835606294,
        "4,16": 79.04247374249958,
        "4,17": 51.561882626236304,
        "4,18": 48.70148441571579,
        "4,19": 39.000057036961685,
        "4,20": 23.98930953730863,
        "4,21": 34.5027887066446,
        "4,22": 14.932694148609444,
        "4,23": 37.07485095730162,
        "4,24": 77.74824618929246,
        "4,25": 57.311097210851074,
        "4,26": 32.08305116522563,
        "4,27": 44.48760060041584,
        "4,28": 64.24852326887185,
        "4,29": 11.753061894313353,
        "4,30": 6.4047236827065115,
        "4,31": 37.11856802238041,
        "4,32": 7.656464934164209,
        "4,33": 25.100237860521336,
        "4,34": 73.56352282182847,
        "4,35": 25.256094577681154,
        "4,36": 19.988703713793363,
        "4,37": 81.91896046490143,
        "4,38": 31.979338925998018,
        "4,39": 72.12298257899762,
        "4,40": 7.555089664019589,
        "5,0": 59.258590983854106,
        "5,1": 70.65766004141153,
        "5,2": 35.787681902715875,
        "5,3": 116.39925381762649,
        "5,4": 33.67374530067619,
        "5,5": 0.0,
        "5,6": 28.613441690996645,
        "5,7": 46.44236869260614,
        "5,8": 54.9308412977021,
        "5,9": 61.944644051395976,
        "5,10": 114.69032506591643,
        "5,11": 75.12746260266088,
        "5,12": 38.77618217418743,
        "5,13": 71.74308136843857,
        "5,14": 75.22818645795532,
        "5,15": 86.03209729014623,
        "5,16": 112.42625024449592,
        "5,17": 81.22961420269911,
        "5,18": 80.01137640803108,
        "5,19": 65.98376249386843,
        "5,20": 10.118140313413496,
        "5,21": 20.651503989117266,
        "5,22": 48.49582121396903,
        "5,23": 63.947837807097834,
        "5,24": 97.80488965961979,
        "5,25": 90.32181298415894,
        "5,26": 26.088202015891998,
        "5,27": 66.05047926711882,
        "5,28": 97.83055615255243,
        "5,29": 30.322267370234076,
        "5,30": 38.161828453220046,
        "5,31": 68.16129833406512,
        "5,32": 26.136318719971076,
        "5,33": 50.53474961670198,
        "5,34": 107.16912562343471,
        "5,35": 16.109251081795136,
        "5,36": 40.65032784474152,
        "5,37": 115.28433304405502,
        "5,38": 3.9967876989223683,
        "5,39": 105.23011857141948,
        "5,40": 38.860519794488546,
        "6,0": 42.390986829050156,
        "6,1": 48.857651987906536,
        "6,2": 14.713889607247706,
        "6,3": 101.07185689288298,
        "6,4": 24.563403435551365,
        "6,5": 28.613441690996645,
        "6,6": 0.0,
        "6,7": 57.52541252102109,
        "6,8": 37.20723880983672,
        "6,9": 46.84783426853845,
        "6,10": 97.4750214249369,
        "6,11": 63.44639414500753,
        "6,12": 10.261449710237112,
        "6,13": 68.21832825077864,
        "6,14": 74.7539569424072,
        "6,15": 58.45376256297466,
        "6,16": 97.39086825143384,
        "6,17": 56.18766090008155,
        "6,18": 56.69306943256026,
        "6,19": 63.464273153699075,
        "6,20": 25.07737945204705,
        "6,21": 14.550733154313852,
        "6,22": 36.307888307484994,
        "6,23": 38.022197854991894,
        "6,24": 69.19314299430638,
        "6,25": 77.34605421425685,
        "6,26": 8.866754011165156,
        "6,27": 37.90265741009054,
        "6,28": 81.94762083213666,
        "6,29": 32.07172959233348,
        "6,30": 23.66465906952322,
        "6,31": 60.29293927984044,
        "6,32": 20.18035723602464,
        "6,33": 25.427714406085105,
        "6,34": 90.80946570179584,
        "6,35": 33.18196328326156,
        "6,36": 43.1809758036561,
        "6,37": 94.78318944304628,
        "6,38": 30.048688250312136,
        "6,39": 91.50867534655774,
        "6,40": 23.436860611101082,
        "7,0": 50.5399401772392,
        "7,1": 66.2106320064915,
        "7,2": 50.241921785169744,
        "7,3": 90.35390915855496,
        "7,4": 36.745242917590424,
        "7,5": 46.44236869260614,
        "7,6": 57.52541252102109,
        "7,7": 0.0,
        "7,8": 50.0567989016248,
        "7,9": 48.85824286440997,
        "7,10": 92.11174887109459,
        "7,11": 50.93717022434361,
        "7,12": 65.30218579718085,
        "7,13": 36.14917432448894,
        "7,14": 34.85455626149414,
        "7,15": 93.79559761645508,
        "7,16": 86.35768510464823,
        "7,17": 81.40560624887193,
        "7,18": 76.19274445879188,
        "7,19": 30.8179524669221,
        "7,20": 38.908420823901615,
        "7,21": 60.966892423873205,
        "7,22": 39.474110335094736,
        "7,23": 71.01655976893741,
        "7,24": 113.04978323331471,
        "7,25": 64.34725633141623,
        "7,26": 62.17443269602691,
        "7,27": 80.34341055100751,
        "7,28": 75.32572098502698,
        "7,29": 25.902889073523383,
        "7,30": 42.254549226246006,
        "7,31": 40.34983559709428,
        "7,32": 37.70426345775615,
        "7,33": 60.91622051108769,
        "7,34": 84.04371649246177,
        "7,35": 30.458780893537547,
        "7,36": 17.791795975317175,
        "7,37": 99.00670349125316,
        "7,38": 42.51388254294575,
        "7,39": 77.95529184138543,
        "7,40": 43.38179278058105,
        "8,0": 5.214256973465471,
        "8,1": 17.291269917270846,
        "8,2": 22.606376845588237,
        "8,3": 63.96126333190302,
        "8,4": 21.862895483564678,
        "8,5": 54.9308412977021,
        "8,6": 37.20723880983672,
        "8,7": 50.0567989016248,
        "8,8": 0.0,
        "8,9": 10.20434154571111,
        "8,10": 60.85742356850089,
        "8,11": 27.50952828733358,
        "8,12": 36.264154318960436,
        "8,13": 39.06039110064328,
        "8,14": 47.78580335721649,
        "8,15": 43.92135962892654,
        "8,16": 60.2319140800991,
        "8,17": 31.651747539139883,
        "8,18": 27.514360907506564,
        "8,19": 36.51993513061309,
        "8,20": 45.62478341035778,
        "8,21": 50.84476596704431,
        "8,22": 10.617350128798938,
        "8,23": 22.33369632109013,
        "8,24": 64.35487049823261,
        "8,25": 40.37236541482885,
        "8,26": 46.065419353569034,
        "8,27": 33.99625806784321,
        "8,28": 44.85027501857516,
        "8,29": 31.173497441036265,
        "8,30": 16.773679843789242,
        "8,31": 28.01697951370667,
        "8,32": 28.929082122650914,
        "8,33": 18.146679780223398,
        "8,34": 53.86815955461171,
        "8,35": 46.94415503220442,
        "8,36": 32.60798442780061,
        "8,37": 60.35473646860388,
        "8,38": 53.60238055624499,
        "8,39": 54.32112208798366,
        "8,40": 16.14290436207305,
        "9,0": 5.338426794335557,
        "9,1": 18.22643547335503,
        "9,2": 32.13682797448038,
        "9,3": 55.04153846686285,
        "9,4": 28.273404023823318,
        "9,5": 61.944644051395976,
        "9,6": 46.84783426853845,
        "9,7": 48.85824286440997,
        "9,8": 10.20434154571111,
        "9,9": 0.0,
        "9,10": 52.767409911450294,
        "9,11": 17.3103364130514,
        "9,12": 46.430854035811244,
        "9,13": 30.8334485231357,
        "9,14": 39.95194656746049,
        "9,15": 48.33327171273534,
        "9,16": 51.19016437688479,
        "9,17": 33.67003822868021,
        "9,18": 27.628640805740154,
        "9,19": 29.390251102379708,
        "9,20": 52.167405134663625,
        "9,21": 60.02836013423767,
        "9,22": 13.59805625608383,
        "9,23": 29.599177943083788,
        "9,24": 70.07772637958657,
        "9,25": 30.49825065472761,
        "9,26": 55.6525343711724,
        "9,27": 42.080716967171426,
        "9,28": 36.10960636544404,
        "9,29": 34.96847957473413,
        "9,30": 24.680822140084135,
        "9,31": 19.124749870532224,
        "9,32": 35.8731439372471,
        "9,33": 28.08949218704206,
        "9,34": 45.36931109947669,
        "9,35": 51.913397345023284,
        "9,36": 32.84392870375504,
        "9,37": 54.330122414276794,
        "9,38": 60.1290458075214,
        "9,39": 44.806144844554716,
        "9,40": 24.38355227910196,
        "10,0": 55.97187257260036,
        "10,1": 49.85840800869917,
        "10,2": 83.24405622270224,
        "10,3": 8.998247598039596,
        "10,4": 81.03294507678505,
        "10,5": 114.69032506591643,
        "10,6": 97.4750214249369,
        "10,7": 92.11174887109459,
        "10,8": 60.85742356850089,
        "10,9": 52.767409911450294,
        "10,10": 0.0,
        "10,11": 41.836090464859225,
        "10,12": 94.24002954922351,
        "10,13": 57.47034650346142,
        "10,14": 63.43305394105356,
        "10,15": 65.34460530895021,
        "10,16": 9.777185953237522,
        "10,17": 51.58041028606923,
        "10,18": 45.94830983862269,
        "10,19": 61.83090491895004,
        "10,20": 104.84035139240194,
        "10,21": 111.53640572786628,
        "10,22": 66.20918221425988,
        "10,23": 65.66413155067352,
        "10,24": 85.36200508026687,
        "10,25": 27.80104501262517,
        "10,26": 106.30776585820429,
        "10,27": 76.04947326421588,
        "10,28": 17.231144833192257,
        "10,29": 86.54007783350862,
        "10,30": 77.20022754199819,
        "10,31": 51.91921106744062,
        "10,32": 88.6405538408254,
        "10,33": 73.69138690691068,
        "10,34": 8.074472342871925,
        "10,35": 103.78536303079034,
        "10,36": 80.99445004693959,
        "10,37": 16.123612078427684,
        "10,38": 112.7631639706737,
        "10,39": 16.714522473393114,
        "10,40": 76.7550021396657,
        "11,0": 22.555049120653024,
        "11,1": 29.801540558995217,
        "11,2": 48.784543635088035,
        "11,3": 41.790334409031104,
        "11,4": 42.353669429657415,
        "11,5": 75.12746260266088,
        "11,6": 63.44639414500753,
        "11,7": 50.93717022434361,
        "11,8": 27.50952828733358,
        "11,9": 17.3103364130514,
        "11,10": 41.836090464859225,
        "11,11": 0.0,
        "11,12": 63.65644915882877,
        "11,13": 20.587396486077033,
        "11,14": 29.471591783184156,
        "11,15": 59.66122431125737,
        "11,16": 37.74378803202782,
        "11,17": 43.32580108549018,
        "11,18": 35.884967613464994,
        "11,19": 22.60808326116445,
        "11,20": 65.04110283130953,
        "11,21": 75.97413937465345,
        "11,22": 27.72795505950894,
        "11,23": 44.90655725818842,
        "11,24": 82.26784385815992,
        "11,25": 15.245189015549869,
        "11,26": 72.126730157596,
        "11,27": 57.63090196151666,
        "11,28": 24.684344641360745,
        "11,29": 45.63279348683203,
        "11,30": 40.290026784675035,
        "11,31": 10.757026616060827,
        "11,32": 49.932592434172264,
        "11,33": 45.29264219739415,
        "11,34": 33.80553239431074,
        "11,35": 62.80353966949765,
        "11,36": 39.19494600799857,
        "11,37": 48.17344309530416,
        "11,38": 72.72877650786354,
        "11,39": 30.161400857857057,
        "11,40": 40.258447342242505,
        "12,0": 41.41754991634271,
        "12,1": 44.54416301649909,
        "12,2": 16.77525596423934,
        "12,3": 98.64910804545866,
        "12,4": 29.834756954211034,
        "12,5": 38.77618217418743,
        "12,6": 10.261449710237112,
        "12,7": 65.30218579718085,
        "12,8": 36.264154318960436,
        "12,9": 46.430854035811244,
        "12,10": 94.24002954922351,
        "12,11": 63.65644915882877,
        "12,12": 0.0,
        "12,13": 71.40652543503025,
        "12,14": 78.74848968629708,
        "12,15": 49.63824845806965,
        "12,16": 95.16161462173002,
        "12,17": 49.41258082740768,
        "12,18": 51.077782541871834,
        "12,19": 67.19504333578949,
        "12,20": 35.201918222802064,
        "12,21": 22.30884662923452,
        "12,22": 38.29975503211387,
        "12,23": 31.20111910022379,
        "12,24": 59.114773628677135,
        "12,25": 76.49035796203782,
        "12,26": 15.30157656474714,
        "12,27": 28.73515603074863,
        "12,28": 79.6480413877415,
        "12,29": 39.417842658722904,
        "12,30": 26.757043770394766,
        "12,31": 62.22173314920381,
        "12,32": 27.63254221710639,
        "12,33": 20.55211260997239,
        "12,34": 88.09464876236622,
        "12,35": 42.9791074940689,
        "12,36": 49.64342102334759,
        "12,37": 89.96969914772009,
        "12,38": 40.3055997324798,
        "12,39": 89.97610051042031,
        "12,40": 26.101803109971442,
        "13,0": 35.67352181601241,
        "13,1": 47.81586982557285,
        "13,2": 54.821907578679834,
        "13,3": 54.713566287447456,
        "13,4": 43.944041498459015,
        "13,5": 71.74308136843857,
        "13,6": 68.21832825077864,
        "13,7": 36.14917432448894,
        "13,8": 39.06039110064328,
        "13,9": 30.8334485231357,
        "13,10": 57.47034650346142,
        "13,11": 20.587396486077033,
        "13,12": 71.40652543503025,
        "13,13": 0.0,
        "13,14": 9.276041529151426,
        "13,15": 78.31709794419136,
        "13,16": 50.80012248563899,
        "13,17": 62.54202425690081,
        "13,18": 55.42615637391452,
        "13,19": 5.880184192401915,
        "13,20": 61.86810460310396,
        "13,21": 78.14960056037614,
        "13,22": 33.2366225219293,
        "13,23": 60.388098619899885,
        "13,24": 100.53112130510573,
        "13,25": 29.933189640769033,
        "13,26": 76.02170696259749,
        "13,27": 72.72196375662051,
        "13,28": 41.68603520606441,
        "13,29": 41.66186787728134,
        "13,30": 44.91063915857619,
        "13,31": 11.928627079919249,
        "13,32": 50.31292374001373,
        "13,33": 56.7635769373839,
        "13,34": 49.54786819467424,
        "13,35": 56.87950066491293,
        "13,36": 31.269470148173365,
        "13,37": 66.79380569120597,
        "13,38": 68.54947897370421,
        "13,39": 42.30584877452092,
        "13,40": 45.41686442591002,
        "14,0": 44.66539199400473,
        "14,1": 57.08635800684992,
        "14,2": 62.0071875766847,
        "14,3": 59.605186636509025,
        "14,4": 50.20790870972674,
        "14,5": 75.22818645795532,
        "14,6": 74.7539569424072,
        "14,7": 34.85455626149414,
        "14,8": 47.78580335721649,
        "14,9": 39.95194656746049,
        "14,10": 63.43305394105356,
        "14,11": 29.471591783184156,
        "14,12": 78.74848968629708,
        "14,13": 9.276041529151426,
        "14,14": 0.0,
        "14,15": 87.59022313310035,
        "14,16": 55.88394170186217,
        "14,17": 71.80868038459155,
        "14,18": 64.66606906057912,
        "14,19": 11.614645361457455,
        "14,20": 65.70383475001228,
        "14,21": 83.65817098135561,
        "14,22": 41.08989547017001,
        "14,23": 69.41769197962445,
        "14,24": 109.78041528429685,
        "14,25": 36.7745363940324,
        "14,26": 82.14608965546611,
        "14,27": 81.64125034775546,
        "14,28": 48.65380677448003,
        "14,29": 46.04027008689122,
        "14,30": 52.016371323133676,
        "14,31": 21.195448936079593,
        "14,32": 55.90645506613763,
        "14,33": 65.17200603445993,
        "14,34": 55.76493462519456,
        "14,35": 59.67000425872461,
        "14,36": 34.71425100892679,
        "14,37": 74.01934864001976,
        "14,38": 71.7687397672989,
        "14,39": 47.42113668423377,
        "14,40": 52.6467444809951,
        "15,0": 44.66168216146156,
        "15,1": 30.509054707024127,
        "15,2": 51.25751536733455,
        "15,3": 73.03930528892585,
        "15,4": 60.57913835606294,
        "15,5": 86.03209729014623,
        "15,6": 58.45376256297466,
        "15,7": 93.79559761645508,
        "15,8": 43.92135962892654,
        "15,9": 48.33327171273534,
        "15,10": 65.34460530895021,
        "15,11": 59.66122431125737,
        "15,12": 49.63824845806965,
        "15,13": 78.31709794419136,
        "15,14": 87.59022313310035,
        "15,15": 0.0,
        "15,16": 71.04592727504738,
        "15,17": 16.61903634989182,
        "15,18": 24.257371820788208,
        "15,19": 77.61070638659157,
        "15,20": 79.47906745533308,
        "15,21": 71.93352383894225,
        "15,22": 54.373573008363714,
        "15,23": 23.50532555078577,
        "15,24": 22.703744423831104,
        "15,25": 63.2192034149271,
        "15,26": 64.9397838538974,
        "15,27": 20.979514168138525,
        "15,28": 58.37817981017415,
        "15,29": 72.07580174094215,
        "15,30": 54.17590808920131,
        "15,31": 66.39609811141781,
        "15,32": 64.81774162305342,
        "15,33": 36.35758461870282,
        "15,34": 62.85296992638946,
        "15,35": 84.38020808423155,
        "15,36": 76.11305522878568,
        "15,37": 54.00844366264212,
        "15,38": 86.45005950245361,
        "15,39": 70.21684682396096,
        "15,40": 53.02469878534899,
        "16,0": 55.11016700173866,
        "16,1": 51.741340800512305,
        "16,2": 82.8382571486455,
        "16,3": 4.05997694371441,
        "16,4": 79.04247374249958,
        "16,5": 112.42625024449592,
        "16,6": 97.39086825143384,
        "16,7": 86.35768510464823,
        "16,8": 60.2319140800991,
        "16,9": 51.19016437688479,
        "16,10": 9.777185953237522,
        "16,11": 37.74378803202782,
        "16,12": 95.16161462173002,
        "16,13": 50.80012248563899,
        "16,14": 55.88394170186217,
        "16,15": 71.04592727504738,
        "16,16": 0.0,
        "16,17": 56.13529386335316,
        "16,18": 49.691681518306716,
        "16,19": 55.63812230765732,
        "16,20": 102.41169688512296,
        "16,21": 111.03952893411157,
        "16,22": 64.11079224506707,
        "16,23": 68.30320271165986,
        "16,24": 92.01079410614149,
        "16,25": 22.62279027424857,
        "16,26": 106.25730191283111,
        "16,27": 79.54643765995158,
        "16,28": 15.515769409174514,
        "16,29": 83.32872344950603,
        "16,30": 75.86933011235837,
        "16,31": 46.906032768496665,
        "16,32": 86.69893142775504,
        "16,33": 74.7949036790866,
        "16,34": 8.195882348202527,
        "16,35": 100.53107314223753,
        "16,36": 76.6809672098465,
        "16,37": 25.61140733412005,
        "16,38": 110.21128394465875,
        "16,39": 8.507642845317015,
        "16,40": 75.56518719715069,
        "17,0": 30.946344524523102,
        "17,1": 15.458781146610843,
        "17,2": 45.44377918975566,
        "17,3": 58.539062858700625,
        "17,4": 51.561882626236304,
        "17,5": 81.22961420269911,
        "17,6": 56.18766090008155,
        "17,7": 81.40560624887193,
        "17,8": 31.651747539139883,
        "17,9": 33.67003822868021,
        "17,10": 51.58041028606923,
        "17,11": 43.32580108549018,
        "17,12": 49.41258082740768,
        "17,13": 62.54202425690081,
        "17,14": 71.80868038459155,
        "17,15": 16.61903634989182,
        "17,16": 56.13529386335316,
        "17,17": 0.0,
        "17,18": 7.638612792626606,
        "17,19": 62.330268197527374,
        "17,20": 73.2965560455884,
        "17,21": 70.62157373690829,
        "17,22": 42.22522470733301,
        "17,23": 18.2647175778515,
        "17,24": 39.3114324364906,
        "17,25": 46.68078775552601,
        "17,26": 64.06340949443327,
        "17,27": 25.197284675424395,
        "17,28": 42.553231613737445,
        "17,29": 62.228538937830244,
        "17,30": 45.34935196691279,
        "17,31": 50.69865780756675,
        "17,32": 57.232246400920566,
        "17,33": 31.032787379302384,
        "17,34": 47.97923745813594,
        "17,35": 76.6153481247164,
        "17,36": 64.19360242518236,
        "17,37": 42.83480638276145,
        "17,38": 80.89278639735822,
        "17,39": 54.455369885793914,
        "17,40": 44.30946746399926,
        "18,0": 25.750382126743183,
        "18,1": 10.240315730652865,
        "18,2": 44.55354897013476,
        "18,3": 52.34724831115511,
        "18,4": 48.70148441571579,
        "18,5": 80.01137640803108,
        "18,6": 56.69306943256026,
        "18,7": 76.19274445879188,
        "18,8": 27.514360907506564,
        "18,9": 27.628640805740154,
        "18,10": 45.94830983862269,
        "18,11": 35.884967613464994,
        "18,12": 51.077782541871834,
        "18,13": 55.42615637391452,
        "18,14": 64.66606906057912,
        "18,15": 24.257371820788208,
        "18,16": 49.691681518306716,
        "18,17": 7.638612792626606,
        "18,18": 0.0,
        "18,19": 55.527032407474366,
        "18,20": 71.50155892498732,
        "18,21": 71.24351122243111,
        "18,22": 37.73322785257103,
        "18,23": 20.38186149166911,
        "18,24": 46.94903348764103,
        "18,25": 39.11339501854422,
        "18,26": 65.0184725359777,
        "18,27": 30.10695176080418,
        "18,28": 35.55781461953218,
        "18,29": 58.66339670932629,
        "18,30": 42.79679532698164,
        "18,31": 43.67897310624884,
        "18,32": 55.01681941001374,
        "18,33": 31.281495284160435,
        "18,34": 41.63513168227854,
        "18,35": 73.9561286627334,
        "18,36": 59.412431764052954,
        "18,37": 39.09381999919816,
        "18,38": 79.30429184759772,
        "18,39": 47.44072248412628,
        "18,40": 41.860679044428764,
        "19,0": 33.76552360601937,
        "19,1": 47.183783759750966,
        "19,2": 50.479013612337454,
        "19,3": 59.609251041122896,
        "19,4": 39.000057036961685,
        "19,5": 65.98376249386843,
        "19,6": 63.464273153699075,
        "19,7": 30.8179524669221,
        "19,8": 36.51993513061309,
        "19,9": 29.390251102379708,
        "19,10": 61.83090491895004,
        "19,11": 22.60808326116445,
        "19,12": 67.19504333578949,
        "19,13": 5.880184192401915,
        "19,14": 11.614645361457455,
        "19,15": 77.61070638659157,
        "19,16": 55.63812230765732,
        "19,17": 62.330268197527374,
        "19,18": 55.527032407474366,
        "19,19": 0.0,
        "19,20": 56.15547800325708,
        "19,21": 72.92073303905373,
        "19,22": 29.481559226152612,
        "19,23": 58.46674879650739,
        "19,24": 99.46796423427477,
        "19,25": 34.057466100144104,
        "19,26": 71.05856101908489,
        "19,27": 70.4928894654051,
        "19,28": 45.53050122445037,
        "19,29": 36.01894905728738,
        "19,30": 40.496785429416775,
        "19,31": 12.258739550709018,
        "19,32": 45.074675589203466,
        "19,33": 53.660521457071155,
        "19,34": 53.8167644090722,
        "19,35": 51.03038418363557,
        "19,36": 25.436830209713012,
        "19,37": 70.23075812950547,
        "19,38": 62.75179790480391,
        "19,39": 47.195668557312544,
        "19,40": 41.09781826818801,
        "20,0": 49.735536892234585,
        "20,1": 61.86480435443801,
        "20,2": 28.305557887697447,
        "20,3": 106.3956648514916,
        "20,4": 23.98930953730863,
        "20,5": 10.118140313413496,
        "20,6": 25.07737945204705,
        "20,7": 38.908420823901615,
        "20,8": 45.62478341035778,
        "20,9": 52.167405134663625,
        "20,10": 104.84035139240194,
        "20,11": 65.04110283130953,
        "20,12": 35.201918222802064,
        "20,13": 61.86810460310396,
        "20,14": 65.70383475001228,
        "20,15": 79.47906745533308,
        "20,16": 102.41169688512296,
        "20,17": 73.2965560455884,
        "20,18": 71.50155892498732,
        "20,19": 56.15547800325708,
        "20,20": 0.0,
        "20,21": 22.79064964246185,
        "20,22": 38.636104222459515,
        "20,23": 56.67483735888194,
        "20,24": 93.02518398599159,
        "20,25": 80.24861248386503,
        "20,26": 25.87433767095003,
        "20,27": 60.33144441108656,
        "20,28": 87.90859783747938,
        "20,29": 20.29201202225561,
        "20,30": 28.980740298040203,
        "20,31": 58.053070885563585,
        "20,32": 16.702276399648472,
        "20,33": 43.299279639575815,
        "20,34": 97.26021086522569,
        "20,35": 9.198505599141932,
        "20,36": 30.999646759984394,
        "20,37": 105.87741729908055,
        "20,38": 7.992523516040463,
        "20,39": 95.16235280710308,
        "20,40": 29.79572371203499,
        "21,0": 55.931884477292996,
        "21,1": 63.330023863154715,
        "21,2": 28.297531294802543,
        "21,3": 114.7964117857591,
        "21,4": 34.5027887066446,
        "21,5": 20.651503989117266,
        "21,6": 14.550733154313852,
        "21,7": 60.966892423873205,
        "21,8": 50.84476596704431,
        "21,9": 60.02836013423767,
        "21,10": 111.53640572786628,
        "21,11": 75.97413937465345,
        "21,12": 22.30884662923452,
        "21,13": 78.14960056037614,
        "21,14": 83.65817098135561,
        "21,15": 71.93352383894225,
        "21,16": 111.03952893411157,
        "21,17": 70.62157373690829,
        "21,18": 71.24351122243111,
        "21,19": 72.92073303905373,
        "21,20": 22.79064964246185,
        "21,21": 0.0,
        "21,22": 48.29824507775643,
        "21,23": 52.396177506484435,
        "21,24": 80.48446833284761,
        "21,25": 90.3855618159903,
        "21,26": 7.055650743197444,
        "21,27": 51.043820885807605,
        "21,28": 95.69310583017185,
        "21,29": 38.11081879177488,
        "21,30": 35.68851223201069,
        "21,31": 71.58076015375376,
        "21,32": 27.84911648439108,
        "21,33": 39.97323664403155,
        "21,34": 104.69324910960924,
        "21,35": 31.984646003398833,
        "21,36": 49.82264226922725,
        "21,37": 109.25337439704872,
        "21,38": 23.705333997491316,
        "21,39": 104.83433459175835,
        "21,40": 35.7815378037956,
        "22,0": 12.344165014955214,
        "22,1": 27.506195079494248,
        "22,2": 22.045316156644247,
        "22,3": 68.04205388613522,
        "22,4": 14.932694148609444,
        "22,5": 48.49582121396903,
        "22,6": 36.307888307484994,
        "22,7": 39.474110335094736,
        "22,8": 10.617350128798938,
        "22,9": 13.59805625608383,
        "22,10": 66.20918221425988,
        "22,11": 27.72795505950894,
        "22,12": 38.29975503211387,
        "22,13": 33.2366225219293,
        "22,14": 41.08989547017001,
        "22,15": 54.373573008363714,
        "22,16": 64.11079224506707,
        "22,17": 42.22522470733301,
        "22,18": 37.73322785257103,
        "22,19": 29.481559226152612,
        "22,20": 38.636104222459515,
        "22,21": 48.29824507775643,
        "22,22": 0.0,
        "22,23": 32.07664241705608,
        "22,24": 74.30859122739322,
        "22,25": 42.48726374206923,
        "22,26": 44.77015439102977,
        "22,27": 42.777719199654754,
        "22,28": 49.34540825255063,
        "22,29": 21.679729040110626,
        "22,30": 12.71576198360014,
        "22,31": 24.089580040076658,
        "22,32": 22.58895193883667,
        "22,33": 24.558307175729595,
        "22,34": 58.676001227419526,
        "22,35": 38.39260037732747,
        "22,36": 21.992249288967308,
        "22,37": 67.83533112821584,
        "22,38": 46.57742046152126,
        "22,39": 57.24470466549463,
        "22,40": 12.871247087096092,
        "23,0": 24.754575964610883,
        "23,1": 16.886722748721226,
