{
    "num_robots": 7,
    "num_tasks": 50,
    "num_nodes": 51,
    "robot_capacity": [
        74,
        99,
        89,
        75,
        106,
        96,
        96
    ],
    "robot_speed": [
        0.84,
        1.01,
        1.15,
        0.81,
        1.0,
        0.86,
        1.1
    ],
    "task_demand": {
        "0": 0,
        "1": 8,
        "2": 10,
        "3": 6,
        "4": 6,
        "5": 12,
        "6": 6,
        "7": 14,
        "8": 10,
        "9": 11,
        "10": 10,
        "11": 15,
        "12": 10,
        "13": 9,
        "14": 13,
        "15": 7,
        "16": 13,
        "17": 6,
        "18": 8,
        "19": 8,
        "20": 13,
        "21": 5,
        "22": 15,
        "23": 6,
        "24": 9,
        "25": 10,
        "26": 10,
        "27": 7,
        "28": 9,
        "29": 11,
        "30": 13,
        "31": 5,
        "32": 15,
        "33": 12,
        "34": 15,
        "35": 13,
        "36": 14,
        "37": 13,
        "38": 7,
        "39": 6,
        "40": 7,
        "41": 7,
        "42": 5,
        "43": 10,
        "44": 9,
        "45": 12,
        "46": 9,
        "47": 6,
        "48": 6,
        "49": 13,
        "50": 5
    },
    "task_service_time": {
        "0": 0,
        "1": 63,
        "2": 40,
        "3": 22,
        "4": 97,
        "5": 50,
        "6": 70,
        "7": 72,
        "8": 15,
        "9": 89,
        "10": 88,
        "11": 40,
        "12": 76,
        "13": 84,
        "14": 22,
        "15": 10,
        "16": 78,
        "17": 54,
        "18": 13,
        "19": 68,
        "20": 38,
        "21": 44,
        "22": 69,
        "23": 37,
        "24": 82,
        "25": 36,
        "26": 79,
        "27": 34,
        "28": 70,
        "29": 23,
        "30": 89,
        "31": 27,
        "32": 78,
        "33": 16,
        "34": 72,
        "35": 22,
        "36": 88,
        "37": 35,
        "38": 31,
        "39": 49,
        "40": 77,
        "41": 87,
        "42": 50,
        "43": 60,
        "44": 45,
        "45": 94,
        "46": 67,
        "47": 51,
        "48": 20,
        "49": 55,
        "50": 21
    },
    "task_precedence": [],
    "coordinates": {
        "0": [
            100,
            0
        ],
        "1": [
            17.46543370045036,
            85.21447988289299
        ],
        "2": [
            30.342791787297628,
            81.17180768697908
        ],
        "3": [
            65.47041055904097,
            51.8189446505116
        ],
        "4": [
            97.62472341972722,
            28.280601947338702
        ],
        "5": [
            57.11626259137742,
            84.84110124962689
        ],
        "6": [
            57.93429487269026,
            71.88199046882112
        ],
        "7": [
            58.879453260659744,
            18.021378380706963
        ],
        "8": [
            2.454644148904861,
            72.17750148458785
        ],
        "9": [
            17.242778861183382,
            72.48233819493424
        ],
        "10": [
            65.5076325988679,
            60.998666596908414
        ],
        "11": [
            77.57558602010822,
            15.656981445654228
        ],
        "12": [
            72.00970306272997,
            40.59944309719727
        ],
        "13": [
            15.290596107903232,
            20.957731761911013
        ],
        "14": [
            84.95401118628831,
            57.5566543956874
        ],
        "15": [
            87.9790034134844,
            97.21240632781898
        ],
        "16": [
            57.728555200744225,
            64.20067233684486
        ],
        "17": [
            46.86896211532684,
            48.62988117732889
        ],
        "18": [
            90.65736855522763,
            69.40761295118291
        ],
        "19": [
            87.5721105238169,
            46.81031935761039
        ],
        "20": [
            44.73185353509642,
            18.274695801813003
        ],
        "21": [
            78.9571182067761,
            96.38094018591941
        ],
        "22": [
            20.126171650288384,
            60.46542215459528
        ],
        "23": [
            26.14563239317389,
            7.334213181038118
        ],
        "24": [
            75.94816535939808,
            16.66263138721298
        ],
        "25": [
            43.9731598600702,
            74.97025075875653
        ],
        "26": [
            14.47742954386121,
            79.92114701471019
        ],
        "27": [
            64.8674764489008,
            67.02151566422818
        ],
        "28": [
            39.81182086353955,
            63.088461186961695
        ],
        "29": [
            62.686771608554295,
            16.147359133329697
        ],
        "30": [
            52.68573217737874,
            83.68016998744308
        ],
        "31": [
            28.946767501366143,
            9.797509692321816
        ],
        "32": [
            55.86266175756215,
            38.463952945604085
        ],
        "33": [
            63.736162189758716,
            49.62963538005675
        ],
        "34": [
            68.06135999326295,
            5.541056913165143
        ],
        "35": [
            78.28181573084868,
            69.43751093767771
        ],
        "36": [
            62.67090972528684,
            9.155565618954164
        ],
        "37": [
            7.171456468157844,
            5.858283580843294
        ],
        "38": [
            48.815238744629866,
            3.553144045271639
        ],
        "39": [
            48.1841619379522,
            12.857828596959775
        ],
        "40": [
            65.99647995338802,
            78.29740713172401
        ],
        "41": [
            40.98627542810043,
            34.658794720084195
        ],
        "42": [
            16.285736555274887,
            31.02402310907919
        ],
        "43": [
            52.288081962335994,
            95.77308102144329
        ],
        "44": [
            54.04896940557582,
            21.25178962986499
        ],
        "45": [
            99.67787675947307,
            61.85205094113252
        ],
        "46": [
            52.752260965198396,
            71.61733952934226
        ],
        "47": [
            8.835020179286502,
            65.29097923514634
        ],
        "48": [
            91.51348680873782,
            67.50472617243108
        ],
        "49": [
            38.53559685986281,
            52.2803342971426
        ],
        "50": [
            54.815640391668566,
            39.925650033270465
        ]
    },
    "distance_matrix_str_keys": {
        "0,0": 0.0,
        "0,1": 118.63162401302078,
        "0,2": 106.96255895947743,
        "0,3": 62.26953967755,
        "0,4": 28.380175921523282,
        "0,5": 95.06328100471357,
        "0,6": 83.28591778696722,
        "0,7": 44.89620744431403,
        "0,8": 121.3453261097207,
        "0,9": 110.01112216873265,
        "0,10": 70.07539322426575,
        "0,11": 27.3495047547689,
        "0,12": 49.312995269392296,
        "0,13": 87.26344955569081,
        "0,14": 59.490757640216174,
        "0,15": 97.95282692693458,
        "0,16": 76.86742726226399,
        "0,17": 72.02619336063583,
        "0,18": 70.03357407625333,
        "0,19": 48.43199805081034,
        "0,20": 58.21110306732587,
        "0,21": 98.65134821828524,
        "0,22": 100.17931788334664,
        "0,23": 74.21764141758428,
        "0,24": 29.259768186453456,
        "0,25": 93.59244261635703,
        "0,26": 117.05340574956433,
        "0,27": 75.67151229491137,
        "0,28": 87.19386929538925,
        "0,29": 40.65727757699617,
        "0,30": 96.13017626488627,
        "0,31": 71.72553969595529,
        "0,32": 58.54554042221331,
        "0,33": 61.466792991702974,
        "0,34": 32.41573749268832,
        "0,35": 72.75470742961532,
        "0,36": 38.43547010953112,
        "0,37": 93.01321401154081,
        "0,38": 51.30793912617899,
        "0,39": 53.38730963722706,
        "0,40": 85.36230631321584,
        "0,41": 68.4386713729669,
        "0,42": 89.2780371310073,
        "0,43": 106.99958023830145,
        "0,44": 50.62742117826805,
        "0,45": 61.8528897385283,
        "0,46": 85.79855572888046,
        "0,47": 112.13369482539764,
        "0,48": 68.03608573220808,
        "0,49": 80.6914258617004,
        "0,50": 60.296632441573415,
        "1,0": 118.63162401302078,
        "1,1": 0.0,
        "1,2": 13.497020033344622,
        "1,3": 58.478539453812,
        "1,4": 98.32079223175309,
        "1,5": 39.65258684299621,
        "1,6": 42.60849678825063,
        "1,7": 78.93056382426569,
        "1,8": 19.881816031707526,
        "1,9": 12.734088390603622,
        "1,10": 53.800171822186385,
        "1,11": 91.93190958932018,
        "1,12": 70.46686333060309,
        "1,13": 64.29354242563771,
        "1,14": 72.93602266193759,
        "1,15": 71.52701414607468,
        "1,16": 45.41694684288867,
        "1,17": 46.936130493380155,
        "1,18": 74.8793454163613,
        "1,19": 79.93638521266541,
        "1,20": 72.2799581033414,
        "1,21": 62.497336736252734,
        "1,22": 24.89167300275979,
        "1,23": 78.36250245428104,
        "1,24": 90.10874449501087,
        "1,25": 28.418370405447234,
        "1,26": 6.078448954558919,
        "1,27": 50.773394645104645,
        "1,28": 31.44712582375977,
        "1,29": 82.55444609973271,
        "1,30": 35.25370238229169,
        "1,31": 76.28591232051664,
        "1,32": 60.49759409583184,
        "1,33": 58.37175235696052,
        "1,34": 94.38115323061528,
        "1,35": 62.82949205879069,
        "1,36": 88.47877430006172,
        "1,37": 80.02107134241832,
        "1,38": 87.47219013545302,
        "1,39": 78.60741218131808,
        "1,40": 49.021509012368625,
        "1,41": 55.759369597030144,
        "1,42": 54.20329593953597,
        "1,43": 36.38819712453479,
        "1,44": 73.6856894457329,
        "1,45": 85.46747264188791,
        "1,46": 37.81590147287676,
        "1,47": 21.71243688780808,
        "1,48": 76.1363877893677,
        "1,49": 39.09743880393782,
        "1,50": 58.703628925516874,
        "2,0": 106.96255895947743,
        "2,1": 13.497020033344622,
        "2,2": 0.0,
        "2,3": 45.77707034106217,
        "2,4": 85.58234612806484,
        "2,5": 27.02373871517044,
        "2,6": 29.113428971146895,
        "2,7": 69.29875734536473,
        "2,8": 29.3026675025187,
        "2,9": 15.719962427357714,
        "2,10": 40.54037062907757,
        "2,11": 80.7658919870883,
        "2,12": 58.157099855829564,
        "2,13": 62.06692786243445,
        "2,14": 59.49840963602221,
        "2,15": 59.82669717922846,
        "2,16": 32.21799920556591,
        "2,17": 36.49782578004485,
        "2,18": 61.451154980815915,
        "2,19": 66.75257900078061,
        "2,20": 64.52202555311688,
        "2,21": 50.93790773667413,
        "2,22": 23.089688799108053,
        "2,23": 73.9567881225479,
        "2,24": 79.00179697655707,
        "2,25": 14.974853659827293,
        "2,26": 15.914580460465114,
        "2,27": 37.31199023520811,
        "2,28": 20.41249451405697,
        "2,29": 72.6244582794533,
        "2,30": 22.483301952896216,
        "2,31": 71.38794924941497,
        "2,32": 49.751629319144875,
        "2,33": 45.93501736883902,
        "2,34": 84.51450082748411,
        "2,35": 49.35426766614034,
        "2,36": 78.9395105825524,
        "2,37": 78.79744725406725,
        "2,38": 79.78651666864502,
        "2,39": 70.60534135576614,
        "2,40": 35.76936759850339,
        "2,41": 47.71523990582641,
        "2,42": 52.08071715968965,
        "2,43": 26.35892531675696,
        "2,44": 64.43905198894714,
        "2,45": 71.97643370449435,
        "2,46": 24.36128425618363,
        "2,47": 26.735462439593405,
        "2,48": 62.678888363876936,
        "2,49": 30.030639180554896,
        "2,50": 47.96004420355601,
        "3,0": 62.26953967755,
        "3,1": 58.478539453812,
        "3,2": 45.77707034106217,
        "3,3": 0.0,
        "3,4": 39.84913314935352,
        "3,5": 34.06251039958902,
        "3,6": 21.431725248930576,
        "3,7": 34.43423011874842,
        "3,8": 66.22278801608364,
        "3,9": 52.46789772761899,
        "3,10": 9.179797410259567,
        "3,11": 38.13427402970565,
        "3,12": 12.986129583275597,
        "3,13": 58.91034068231263,
        "3,14": 20.310883942407784,
        "3,15": 50.66757459496434,
        "3,16": 14.602859476393647,
        "3,17": 18.872837890474848,
        "3,18": 30.7204183840766,
        "3,19": 22.66211527324107,
        "3,20": 39.437347505363704,
        "3,21": 46.55816501187717,
        "3,22": 46.161256216037465,
        "3,23": 59.37448535950287,
        "3,24": 36.684461396122366,
        "3,25": 31.592954311555904,
        "3,26": 58.22386014799133,
        "3,27": 15.214522502144655,
        "3,28": 28.02436846973387,
        "3,29": 35.78003156952615,
        "3,30": 34.33053569773222,
        "3,31": 55.675645466844955,
        "3,32": 16.451888659678747,
        "3,33": 2.7929719812518186,
        "3,34": 46.35036043442528,
        "3,35": 21.784076305675384,
        "3,36": 42.75512969584497,
        "3,37": 74.23712288371514,
        "3,38": 51.05861588637452,
        "3,39": 42.623736996284435,
        "3,40": 26.483687892297823,
        "3,41": 29.8988899249605,
        "3,42": 53.400008602724704,
        "3,43": 45.888341562383424,
        "3,44": 32.63127769607418,
        "3,45": 35.64847774719983,
        "3,46": 23.5314208850521,
        "3,47": 58.215660773685116,
        "3,48": 30.40206510257017,
        "3,49": 26.938765179856592,
        "3,50": 15.967923602398212,
        "4,0": 28.380175921523282,
        "4,1": 98.32079223175309,
        "4,2": 85.58234612806484,
        "4,3": 39.84913314935352,
        "4,4": 0.0,
        "4,5": 69.57029164813162,
        "4,6": 58.96109903358913,
        "4,7": 40.08051431667583,
        "4,8": 104.8059243430349,
        "4,9": 91.73358435335892,
        "4,10": 45.84734754823609,
        "4,11": 23.692270997929892,
        "4,12": 28.423284735667558,
        "4,13": 82.65913711110386,
        "4,14": 31.90037923694767,
        "4,15": 69.60340199722737,
        "4,16": 53.68384948328934,
        "4,17": 54.68309126932545,
        "4,18": 41.71300837770142,
        "4,19": 21.08092629225642,
        "4,20": 53.830974748982136,
        "4,21": 70.61257361543834,
        "4,22": 83.9159590193297,
        "4,23": 74.48497604437624,
        "4,24": 24.59370670067382,
        "4,25": 71.12252511356334,
        "4,26": 97.87858996601275,
        "4,27": 50.73357492555784,
        "4,28": 67.48272939661419,
        "4,29": 36.9848084751502,
        "4,30": 71.3345994094733,
        "4,31": 71.12163052427731,
        "4,32": 42.98570031799354,
        "4,33": 40.05266296700679,
        "4,34": 37.297176373640035,
        "4,35": 45.47569939538616,
        "4,36": 39.84389672644577,
        "4,37": 93.1909537623709,
        "4,38": 54.715746988842824,
        "4,39": 51.790260256638355,
        "4,40": 59.17792312694643,
        "4,41": 56.996448432744614,
        "4,42": 81.38523910271587,
        "4,43": 81.30587795605241,
        "4,44": 44.13899115856752,
        "4,45": 33.63417348738347,
        "4,46": 62.38277575568867,
        "4,47": 96.19448751623659,
        "4,48": 39.69734416986829,
        "4,49": 63.777049402350826,
        "4,50": 44.364678908190946,
        "5,0": 95.06328100471357,
        "5,1": 39.65258684299621,
        "5,2": 27.02373871517044,
        "5,3": 34.06251039958902,
        "5,4": 69.57029164813162,
        "5,5": 0.0,
        "5,6": 12.984903890382336,
        "5,7": 66.84298172295657,
        "5,8": 56.109351179278065,
        "5,9": 41.744864702428785,
        "5,10": 25.276011963356908,
        "5,11": 72.14586854568913,
        "5,12": 46.68124768202071,
        "5,13": 76.3575227066125,
        "5,14": 38.9792417442786,
        "5,15": 33.249931735121656,
        "5,16": 20.649508661057617,
        "5,17": 37.63322503016269,
        "5,18": 36.92151608935412,
        "5,19": 48.722674850648424,
        "5,20": 67.70863993550631,
        "5,21": 24.702041548994792,
        "5,22": 44.29944197361856,
        "5,23": 83.46554758072713,
        "5,24": 70.73149450311556,
        "5,25": 16.436996039994987,
        "5,26": 42.921743130115715,
        "5,27": 19.432419990840362,
        "5,28": 27.79606182911535,
        "5,29": 68.91923372071683,
        "5,30": 4.580104927278743,
        "5,31": 80.15647876151871,
        "5,32": 46.39408798396481,
        "5,33": 35.828346310938656,
        "5,34": 80.05180940429491,
        "5,35": 26.177303799248616,
        "5,36": 75.8890928163203,
        "5,37": 93.44928649051477,
        "5,38": 81.71070299147696,
        "5,39": 72.53532907398387,
        "5,40": 11.03078388444045,
        "5,41": 52.71091323921891,
        "5,42": 67.5530144106883,
        "5,43": 11.95071169085983,
        "5,44": 63.663245595577756,
        "5,45": 48.37341661160937,
        "5,46": 13.925242699075598,
        "5,47": 52.08920847580777,
        "5,48": 38.51907234963715,
        "5,49": 37.48926090976287,
        "5,50": 44.97433290750055,
        "6,0": 83.28591778696722,
        "6,1": 42.60849678825063,
        "6,2": 29.113428971146895,
        "6,3": 21.431725248930576,
        "6,4": 58.96109903358913,
        "6,5": 12.984903890382336,
        "6,6": 0.0,
        "6,7": 53.86890437798654,
        "6,8": 55.480437734337144,
        "6,9": 40.695944425789776,
        "6,10": 13.259041549663023,
        "6,11": 59.556963972258,
        "6,12": 34.30327806163905,
        "6,13": 66.42111990316188,
        "6,14": 30.582353135027766,
        "6,15": 39.297766843563,
        "6,16": 7.684072947157623,
        "6,17": 25.750770387207428,
        "6,18": 32.816491209947536,
        "6,19": 38.81995374648051,
        "6,20": 55.20911608410375,
        "6,21": 32.282466420289126,
        "6,22": 39.49420481125945,
        "6,23": 71.95091809719905,
        "6,24": 58.083363773936696,
        "6,25": 14.298623795981129,
        "6,26": 44.19419851267014,
        "6,27": 8.467185015977158,
        "6,28": 20.143242575197817,
        "6,29": 55.93688555173652,
        "6,30": 12.912956683898793,
        "6,31": 68.51831504343036,
        "6,32": 33.482187737166115,
        "6,33": 22.996281685553527,
        "6,34": 67.1094398202837,
        "6,35": 20.493830419210827,
        "6,36": 62.905006912866995,
        "6,37": 83.28262504336833,
        "6,38": 68.93466789823337,
        "6,39": 59.82404848320409,
        "6,40": 10.30322275960671,
        "6,41": 40.899898103088,
        "6,42": 58.34360210587692,
        "6,43": 24.549214407443746,
        "6,44": 50.77906055628089,
        "6,45": 42.93164701787752,
        "6,46": 5.1887874824627795,
        "6,47": 49.53968312878823,
        "6,48": 33.86329242407437,
        "6,49": 27.577788331655206,
        "6,50": 32.10815628161801,
        "7,0": 44.89620744431403,
        "7,1": 78.93056382426569,
        "7,2": 69.29875734536473,
        "7,3": 34.43423011874842,
        "7,4": 40.08051431667583,
        "7,5": 66.84298172295657,
        "7,6": 53.86890437798654,
        "7,7": 0.0,
        "7,8": 78.20898128054526,
        "7,9": 68.55369281763666,
        "7,10": 43.48540058178029,
        "7,11": 18.845045848323352,
        "7,12": 26.118431541859284,
        "7,13": 43.68764858701737,
        "7,14": 47.3594829004461,
        "7,15": 84.3682566278161,
        "7,16": 46.193633291090144,
        "7,17": 32.88057695666139,
        "7,18": 60.418382995580984,
        "7,19": 40.645684929554754,
        "7,20": 14.149867409647175,
        "7,21": 80.89087436783842,
        "7,22": 57.47446117583439,
        "7,23": 34.43426387465928,
        "7,24": 17.122707907978373,
        "7,25": 58.867407349702745,
        "7,26": 76.17821911209442,
        "7,27": 49.364662214045765,
        "7,28": 48.93481948365119,
        "7,29": 4.243538752239096,
        "7,30": 65.95027745289842,
        "7,31": 31.041869997930533,
        "7,32": 20.663975556860798,
        "7,33": 31.979204683026975,
        "7,34": 15.494058060411719,
        "7,35": 54.9551667865778,
        "7,36": 9.642498537703878,
        "7,37": 53.11927905576145,
        "7,38": 17.62436434626044,
        "7,39": 11.876510550107678,
        "7,40": 60.69474203700384,
        "7,41": 24.432957974780063,
        "7,42": 44.53418319348461,
        "7,43": 78.03059296920567,
        "7,44": 5.811121330080211,
        "7,45": 59.88020722315317,
        "7,46": 53.9450603565478,
        "7,47": 68.83938151504601,
        "7,48": 59.27547430678065,
        "7,49": 39.84405292814132,
        "7,50": 22.278054036730303,
        "8,0": 121.3453261097207,
        "8,1": 19.881816031707526,
        "8,2": 29.3026675025187,
        "8,3": 66.22278801608364,
        "8,4": 104.8059243430349,
        "8,5": 56.109351179278065,
        "8,6": 55.480437734337144,
        "8,7": 78.20898128054526,
        "8,8": 0.0,
        "8,9": 14.791276269763598,
        "8,10": 64.03628426069997,
        "8,11": 94.00917557923913,
        "8,12": 76.38769529199799,
        "8,13": 52.80365965667301,
        "8,14": 83.78493140873196,
        "8,15": 89.11320041456547,
        "8,16": 55.846531192357254,
        "8,17": 50.270488982675204,
        "8,18": 88.2462060101465,
        "8,19": 88.81709864180166,
        "8,20": 68.50456111792023,
        "8,21": 80.23985905984865,
        "8,22": 21.20036996055006,
        "8,23": 69.03560647960849,
        "8,24": 92.10428036658027,
        "8,25": 41.61233705725566,
        "8,26": 14.3007487478579,
        "8,27": 62.62544072090165,
        "8,28": 38.44696744374407,
        "8,29": 82.26351579052348,
        "8,30": 51.531287459279234,
        "8,31": 67.77238357712677,
        "8,32": 63.15868665494131,
        "8,33": 65.29801466552684,
        "8,34": 93.512870285339,
        "8,35": 75.87665977304684,
        "8,36": 87.1651480823466,
        "8,37": 66.4867429027728,
        "8,38": 82.81670824917035,
        "8,39": 74.90001594601962,
        "8,40": 63.83586877715182,
        "8,41": 53.78047941694732,
        "8,42": 43.41552601958204,
        "8,43": 55.13730949171513,
        "8,44": 72.49415512026756,
        "8,45": 97.76999482547801,
        "8,46": 50.300735966929935,
        "8,47": 9.387938377573725,
        "8,48": 89.18134493842749,
        "8,49": 41.20354851970315,
        "8,50": 61.496795441490754,
        "9,0": 110.01112216873265,
        "9,1": 12.734088390603622,
        "9,2": 15.719962427357714,
        "9,3": 52.46789772761899,
        "9,4": 91.73358435335892,
        "9,5": 41.744864702428785,
        "9,6": 40.695944425789776,
        "9,7": 68.55369281763666,
        "9,8": 14.791276269763598,
        "9,9": 0.0,
        "9,10": 49.612204342191696,
        "9,11": 82.88044877628835,
        "9,12": 63.37140511548761,
        "9,13": 51.56157567006795,
        "9,14": 69.33676528263656,
        "9,15": 74.93456968429642,
        "9,16": 41.32413429464661,
        "9,17": 38.03485822222558,
        "9,18": 73.47894878990465,
        "9,19": 74.86833404916004,
        "9,20": 60.779254028397574,
        "9,21": 66.18007901163683,
        "9,22": 12.358002471953895,
        "9,23": 65.75362342744553,
        "9,24": 81.0071729663783,
        "9,25": 26.845911742216433,
        "9,26": 7.936185072438177,
        "9,27": 47.93675419793673,
        "9,28": 24.445993171581968,
        "9,29": 72.37946077924677,
        "9,30": 37.16980463531286,
        "9,31": 63.7681038960032,
        "9,32": 51.46596826935109,
        "9,33": 51.806184179911924,
        "9,34": 84.04560266856728,
        "9,35": 61.1149326679077,
        "9,36": 77.935840270674,
        "9,37": 67.3809779386262,
        "9,38": 75.81592200332143,
        "9,39": 67.17478196095843,
        "9,40": 49.0992708390629,
        "9,41": 44.6584154467786,
        "9,42": 41.46936001113756,
        "9,43": 42.07887796581843,
        "9,44": 63.08141381316721,
        "9,45": 83.11767785855753,
        "9,46": 35.520016075261545,
        "9,47": 11.06372675645662,
        "9,48": 74.4373204815803,
        "9,49": 29.351406436681618,
        "9,50": 49.71577081414741,
        "10,0": 70.07539322426575,
        "10,1": 53.800171822186385,
        "10,2": 40.54037062907757,
        "10,3": 9.179797410259567,
        "10,4": 45.84734754823609,
        "10,5": 25.276011963356908,
        "10,6": 13.259041549663023,
        "10,7": 43.48540058178029,
        "10,8": 64.03628426069997,
        "10,9": 49.612204342191696,
        "10,10": 0.0,
        "10,11": 46.92018661655865,
        "10,12": 21.41040026968657,
        "10,13": 64.22637477232686,
        "10,14": 19.74864775519168,
        "10,15": 42.61921458199493,
        "10,16": 8.412305624772827,
        "10,17": 22.36932922887112,
        "10,18": 26.518287981385225,
        "10,19": 26.232620598854734,
        "10,20": 47.50758545965908,
        "10,21": 37.85226475978624,
        "10,22": 45.384593723671316,
        "10,23": 66.55254030175834,
        "10,24": 45.54875127200588,
        "10,25": 25.669800936696543,
        "10,26": 54.42556282664706,
        "10,27": 6.056773958474529,
        "10,28": 25.780651313844924,
        "10,29": 44.93992699058539,
        "10,30": 26.05478317839969,
        "10,31": 62.91466701052958,
        "10,32": 24.51201301149948,
        "10,33": 11.506214765077921,
        "10,34": 55.51637592133783,
        "10,35": 15.30992646935694,
        "10,36": 51.92065211138877,
        "10,37": 80.27185861004833,
        "10,38": 59.82160206660812,
        "10,39": 51.16290569423228,
        "10,40": 17.30564635680776,
        "10,41": 35.98730064875476,
        "10,42": 57.63049802273741,
        "10,43": 37.20237112874837,
        "10,44": 41.365628132673066,
        "10,45": 34.18089891788012,
        "10,46": 16.596858749746104,
        "10,47": 56.834927168462784,
        "10,48": 26.807336018061537,
        "10,49": 28.346076095207742,
        "10,50": 23.630292517236654,
        "11,0": 27.3495047547689,
        "11,1": 91.93190958932018,
        "11,2": 80.7658919870883,
        "11,3": 38.13427402970565,
        "11,4": 23.692270997929892,
        "11,5": 72.14586854568913,
        "11,6": 59.556963972258,
        "11,7": 18.845045848323352,
        "11,8": 94.00917557923913,
        "11,9": 82.88044877628835,
        "11,10": 46.92018661655865,
        "11,11": 0.0,
        "11,12": 25.555927812034707,
        "11,13": 62.51014255525877,
        "11,14": 42.54437390834024,
        "11,15": 82.21629048534858,
        "11,16": 52.44420423349227,
        "11,17": 45.05672944571945,
        "11,18": 55.319647698980226,
        "11,19": 32.717899767707785,
        "11,20": 32.947886001949485,
        "11,21": 80.7357798369647,
        "11,22": 72.85761161472388,
        "11,23": 52.09902687819722,
        "11,24": 1.9130681670717746,
        "11,25": 68.17027915777822,
        "11,26": 90.06253564600539,
        "11,27": 52.913244319025345,
        "11,28": 60.62876569129979,
        "11,29": 14.896887757456781,
        "11,30": 72.43382499705639,
        "11,31": 48.980561447954564,
        "11,32": 31.489824214031216,
        "11,33": 36.68338680251212,
        "11,34": 13.887131670611982,
        "11,35": 53.78516629003522,
        "11,36": 16.260928116349216,
        "11,37": 71.08274008374792,
        "11,38": 31.203532736230613,
        "11,39": 29.52441474860247,
        "11,40": 63.70163755694502,
        "11,41": 41.229195448307216,
        "11,42": 63.18695764876934,
        "11,43": 84.01218526326758,
        "11,44": 24.18271217099736,
        "11,45": 51.21030854837219,
        "11,46": 61.218944319845164,
        "11,47": 84.78678628585737,
        "11,48": 53.68848770124466,
        "11,49": 53.529344547796406,
        "11,50": 33.27136005673769,
        "12,0": 49.312995269392296,
        "12,1": 70.46686333060309,
        "12,2": 58.157099855829564,
        "12,3": 12.986129583275597,
        "12,4": 28.423284735667558,
        "12,5": 46.68124768202071,
        "12,6": 34.30327806163905,
        "12,7": 26.118431541859284,
        "12,8": 76.38769529199799,
        "12,9": 63.37140511548761,
        "12,10": 21.41040026968657,
        "12,11": 25.555927812034707,
        "12,12": 0.0,
        "12,13": 60.023777937845495,
        "12,14": 21.333122786391584,
        "12,15": 58.822157045150355,
        "12,16": 27.585670299601134,
        "12,17": 26.392135024345045,
        "12,18": 34.31684832055787,
        "12,19": 16.755999221385082,
        "12,20": 35.24876475360499,
        "12,21": 56.21247187807025,
        "12,22": 55.556799365467306,
        "12,23": 56.657642906822055,
        "12,24": 24.258657013559457,
        "12,25": 44.35538494999799,
        "12,26": 69.6861456476571,
        "12,27": 27.370373028892693,
        "12,28": 39.27415884210245,
        "12,29": 26.16909362349579,
        "12,30": 47.21615062846452,
        "12,31": 52.945023568231186,
        "12,32": 16.28764136080934,
        "12,33": 12.247279340414373,
        "12,34": 35.28002061823297,
        "12,35": 29.512261080671667,
        "12,36": 32.801379420174335,
        "12,37": 73.55913529942626,
        "12,38": 43.70825377944451,
        "12,39": 36.56847802367859,
        "12,40": 38.1745379082864,
        "12,41": 31.58709175187852,
        "12,42": 56.54068545103453,
        "12,43": 58.59242835574664,
        "12,44": 26.399235750210742,
        "12,45": 34.8884103375497,
        "12,46": 36.50971069749874,
        "12,47": 67.82855235279085,
        "12,48": 33.230886803838125,
        "12,49": 35.45361766175336,
        "12,50": 17.207259753644188,
        "13,0": 87.26344955569081,
        "13,1": 64.29354242563771,
        "13,2": 62.06692786243445,
        "13,3": 58.91034068231263,
        "13,4": 82.65913711110386,
        "13,5": 76.3575227066125,
        "13,6": 66.42111990316188,
        "13,7": 43.68764858701737,
        "13,8": 52.80365965667301,
        "13,9": 51.56157567006795,
        "13,10": 64.22637477232686,
        "13,11": 62.51014255525877,
        "13,12": 60.023777937845495,
        "13,13": 0.0,
        "13,14": 78.6922647935394,
        "13,15": 105.34884882985006,
        "13,16": 60.58821899951265,
        "13,17": 41.98739159519222,
        "13,18": 89.59654779276566,
        "13,19": 76.76570596074295,
        "13,20": 29.563259645334053,
        "13,21": 98.70200811096845,
        "13,22": 39.802517395138594,
        "13,23": 17.4193016874366,
        "13,24": 60.80944494672373,
        "13,25": 61.15588010798079,
        "13,26": 58.969022190764754,
        "13,27": 67.6737707811894,
        "13,28": 48.74719300024631,
        "13,29": 47.63965928629549,
        "13,30": 73.02397180796368,
        "13,31": 17.636370765273124,
        "13,32": 44.18778441167442,
        "13,33": 56.2943241373379,
        "13,34": 54.976607611204415,
        "13,35": 79.48699729211847,
        "13,36": 48.82811940007093,
        "13,37": 17.143913318213965,
        "13,38": 37.77328867740302,
        "13,39": 33.8761731058476,
        "13,40": 76.54361520118667,
        "13,41": 29.120217408361412,
        "13,42": 10.115360893021464,
        "13,43": 83.46346772315866,
        "13,44": 38.75948878289605,
        "13,45": 93.77397547773506,
        "13,46": 63.006128218057356,
        "13,47": 44.800795663618096,
        "13,48": 89.311543237391,
        "13,49": 39.00558279962879,
        "13,50": 43.84074644873856,
        "14,0": 59.490757640216174,
        "14,1": 72.93602266193759,
        "14,2": 59.49840963602221,
        "14,3": 20.310883942407784,
        "14,4": 31.90037923694767,
        "14,5": 38.9792417442786,
        "14,6": 30.582353135027766,
        "14,7": 47.3594829004461,
        "14,8": 83.78493140873196,
        "14,9": 69.33676528263656,
        "14,10": 19.74864775519168,
        "14,11": 42.54437390834024,
        "14,12": 21.333122786391584,
        "14,13": 78.6922647935394,
        "14,14": 0.0,
        "14,15": 39.770959748003996,
        "14,16": 28.024425560985556,
        "14,17": 39.11723715741625,
        "14,18": 13.151939171160528,
        "14,19": 11.060658248574962,
        "14,20": 56.22183060954345,
        "14,21": 39.28470303476067,
        "14,22": 64.89306364150653,
        "14,23": 77.33510857193733,
        "14,24": 41.87393433719062,
        "14,25": 44.527109873845255,
        "14,26": 73.93996950302332,
        "14,27": 22.204784993081972,
        "14,28": 45.4798662433308,
        "14,29": 47.01658954600306,
        "14,30": 41.5172241012033,
        "14,31": 73.60534795773516,
        "14,32": 34.79709557199077,
        "14,33": 22.650270340852494,
        "14,34": 54.689889795034304,
        "14,35": 13.626185980197954,
        "14,36": 53.28416280185416,
        "14,37": 93.39618495092873,
        "14,38": 64.97992000424004,
        "14,39": 57.87924361574158,
        "14,40": 28.099231564293717,
        "14,41": 49.57291362655063,
        "14,42": 73.61597967691105,
        "14,43": 50.274826664107415,
        "14,44": 47.67771820391827,
        "14,45": 15.337622009289348,
        "14,46": 35.137666167935045,
        "14,47": 76.51091799636372,
        "14,48": 11.915991461760681,
        "14,49": 46.71732807387439,
        "14,50": 34.91666806815269,
        "15,0": 97.95282692693458,
        "15,1": 71.52701414607468,
        "15,2": 59.82669717922846,
        "15,3": 50.66757459496434,
        "15,4": 69.60340199722737,
        "15,5": 33.249931735121656,
        "15,6": 39.297766843563,
        "15,7": 84.3682566278161,
        "15,8": 89.11320041456547,
        "15,9": 74.93456968429642,
        "15,10": 42.61921458199493,
        "15,11": 82.21629048534858,
        "15,12": 58.822157045150355,
        "15,13": 105.34884882985006,
        "15,14": 39.770959748003996,
        "15,15": 0.0,
        "15,16": 44.7757099124348,
        "15,17": 63.64194564541709,
        "15,18": 27.933495566253974,
        "15,19": 50.40372935384973,
        "15,20": 90.00821137924734,
        "15,21": 9.06011857693637,
        "15,22": 77.16441941796579,
        "15,23": 109.09379164308766,
        "15,24": 81.44327662407701,
        "15,25": 49.30748169604632,
        "15,26": 75.50807248198598,
        "15,27": 38.02147495423566,
        "15,28": 59.02983234582282,
        "15,29": 84.91901357363434,
        "15,30": 37.79862980211206,
        "15,31": 105.48065713948999,
        "15,32": 66.95401538490582,
        "15,33": 53.40257897953974,
        "15,34": 93.81017441044784,
        "15,35": 29.419045920722052,
        "15,36": 91.62154114484748,
        "15,37": 121.96489407280546,
        "15,38": 101.51777122429559,
        "15,39": 93.27016775054233,
        "15,40": 29.000147107591737,
        "15,41": 78.23855065554079,
        "15,42": 97.5747230890931,
        "15,43": 35.719931850013644,
        "15,44": 83.19412537500061,
        "15,45": 37.245380527499655,
        "15,46": 43.54343610621882,
        "15,47": 85.33901563650599,
        "15,48": 29.917199619719597,
        "15,49": 66.80974141992021,
        "15,50": 66.19351247416726,
        "16,0": 76.86742726226399,
        "16,1": 45.41694684288867,
        "16,2": 32.21799920556591,
        "16,3": 14.602859476393647,
        "16,4": 53.68384948328934,
        "16,5": 20.649508661057617,
        "16,6": 7.684072947157623,
        "16,7": 46.193633291090144,
        "16,8": 55.846531192357254,
        "16,9": 41.32413429464661,
        "16,10": 8.412305624772827,
        "16,11": 52.44420423349227,
        "16,12": 27.585670299601134,
        "16,13": 60.58821899951265,
        "16,14": 28.024425560985556,
        "16,15": 44.7757099124348,
        "16,16": 0.0,
        "16,17": 18.983685082567764,
        "16,18": 33.33795103925327,
        "16,19": 34.54073205743718,
        "16,20": 47.72954614158979,
        "16,21": 38.55154375818492,
        "16,22": 37.78744953816793,
        "16,23": 65.04825278197704,
        "16,24": 50.90991584811548,
        "16,25": 17.469823134878677,
        "16,26": 46.01948711888138,
        "16,27": 7.676024600339973,
        "16,28": 17.951222324730242,
        "16,29": 48.30843425098563,
        "16,30": 20.121652336839702,
        "16,31": 61.5475053019901,
        "16,32": 25.804268704320588,
        "16,33": 15.760915573993179,
        "16,34": 59.562717672503005,
        "16,35": 21.209926849226107,
        "16,36": 55.266541793658874,
        "16,37": 77.20009428759079,
        "16,38": 61.29902036838773,
        "16,39": 52.222438147343205,
        "16,40": 16.342475687377863,
        "16,41": 33.956243389237606,
        "16,42": 53.08669580284184,
        "16,43": 32.03772368950613,
        "16,44": 43.106216226919294,
        "16,45": 42.01501638340785,
        "16,46": 8.931430823949425,
        "16,47": 48.90569022135355,
        "16,48": 33.946109872933256,
        "16,49": 22.593452787380294,
        "16,50": 24.44916727669813,
        "17,0": 72.02619336063583,
        "17,1": 46.936130493380155,
        "17,2": 36.49782578004485,
        "17,3": 18.872837890474848,
        "17,4": 54.68309126932545,
        "17,5": 37.63322503016269,
        "17,6": 25.750770387207428,
        "17,7": 32.88057695666139,
        "17,8": 50.270488982675204,
        "17,9": 38.03485822222558,
        "17,10": 22.36932922887112,
        "17,11": 45.05672944571945,
        "17,12": 26.392135024345045,
        "17,13": 41.98739159519222,
        "17,14": 39.11723715741625,
        "17,15": 63.64194564541709,
        "17,16": 18.983685082567764,
        "17,17": 0.0,
        "17,18": 48.467913883436005,
        "17,19": 40.74379824684175,
        "17,20": 30.43032225044007,
        "17,21": 57.53097772323278,
        "17,22": 29.244775124481695,
        "17,23": 46.20377246538362,
        "17,24": 43.21464011713703,
        "17,25": 26.499070557054413,
        "17,26": 45.037259019993485,
        "17,27": 25.733222443284685,
        "17,28": 16.08893341842868,
        "17,29": 36.129175682582776,
        "17,30": 35.529671538408564,
        "17,31": 42.76865832511317,
        "17,32": 13.573235799444547,
        "17,33": 16.89680285784227,
        "17,34": 48.01837673521188,
        "17,35": 37.6792360394151,
        "17,36": 42.519679409304885,
        "17,37": 58.3549613620188,
        "17,38": 45.11873472506028,
        "17,39": 35.796221817199175,
        "17,40": 35.29906563777654,
        "17,41": 15.159065256666617,
        "17,42": 35.28880734703807,
        "17,43": 47.453642130592634,
