{
    "num_robots": 5,
    "num_tasks": 60,
    "num_nodes": 61,
    "robot_capacity": [
        165,
        176,
        210,
        164,
        180
    ],
    "robot_speed": [
        1.18,
        0.81,
        1.06,
        0.9,
        0.84
    ],
    "task_demand": {
        "0": 0,
        "1": 10,
        "2": 6,
        "3": 13,
        "4": 6,
        "5": 15,
        "6": 11,
        "7": 10,
        "8": 6,
        "9": 12,
        "10": 14,
        "11": 9,
        "12": 13,
        "13": 7,
        "14": 5,
        "15": 15,
        "16": 13,
        "17": 14,
        "18": 10,
        "19": 14,
        "20": 11,
        "21": 11,
        "22": 12,
        "23": 8,
        "24": 11,
        "25": 10,
        "26": 7,
        "27": 14,
        "28": 10,
        "29": 9,
        "30": 8,
        "31": 12,
        "32": 11,
        "33": 15,
        "34": 6,
        "35": 5,
        "36": 10,
        "37": 5,
        "38": 6,
        "39": 9,
        "40": 15,
        "41": 9,
        "42": 13,
        "43": 7,
        "44": 13,
        "45": 14,
        "46": 12,
        "47": 14,
        "48": 6,
        "49": 7,
        "50": 12,
        "51": 9,
        "52": 14,
        "53": 12,
        "54": 6,
        "55": 13,
        "56": 10,
        "57": 12,
        "58": 9,
        "59": 6,
        "60": 10
    },
    "task_service_time": {
        "0": 0,
        "1": 31,
        "2": 57,
        "3": 100,
        "4": 77,
        "5": 42,
        "6": 81,
        "7": 47,
        "8": 35,
        "9": 88,
        "10": 50,
        "11": 97,
        "12": 54,
        "13": 79,
        "14": 67,
        "15": 84,
        "16": 59,
        "17": 25,
        "18": 58,
        "19": 63,
        "20": 51,
        "21": 20,
        "22": 79,
        "23": 95,
        "24": 89,
        "25": 49,
        "26": 34,
        "27": 46,
        "28": 45,
        "29": 65,
        "30": 72,
        "31": 73,
        "32": 81,
        "33": 25,
        "34": 87,
        "35": 91,
        "36": 40,
        "37": 34,
        "38": 78,
        "39": 39,
        "40": 42,
        "41": 13,
        "42": 13,
        "43": 64,
        "44": 15,
        "45": 56,
        "46": 74,
        "47": 98,
        "48": 53,
        "49": 66,
        "50": 80,
        "51": 36,
        "52": 47,
        "53": 87,
        "54": 26,
        "55": 49,
        "56": 36,
        "57": 49,
        "58": 31,
        "59": 100,
        "60": 48
    },
    "task_precedence": [],
    "coordinates": {
        "0": [
            50.0,
            50.0
        ],
        "1": [
            31.615109000418794,
            17.775360325897605
        ],
        "2": [
            78.17139738766717,
            54.190097970224
        ],
        "3": [
            47.685952654981435,
            42.589658494576575
        ],
        "4": [
            35.34686732586309,
            88.78250456498586
        ],
        "5": [
            59.16915350440709,
            55.44644126870031
        ],
        "6": [
            60.074917030932674,
            57.148315145696294
        ],
        "7": [
            31.860665982770943,
            2.965064776010351
        ],
        "8": [
            20.97119542543825,
            48.148303395887226
        ],
        "9": [
            63.126260652955764,
            2.8185029211559076
        ],
        "10": [
            31.124707644321592,
            83.23035682868958
        ],
        "11": [
            25.261620173331355,
            10.058530626361062
        ],
        "12": [
            86.72650283736732,
            46.42427189525736
        ],
        "13": [
            46.95163994866114,
            12.220062360051054
        ],
        "14": [
            67.04020426025275,
            72.24697414498466
        ],
        "15": [
            29.03262722762253,
            10.260045638042536
        ],
        "16": [
            70.45182989255193,
            55.255773022630684
        ],
        "17": [
            23.267646018237464,
            64.63154833139595
        ],
        "18": [
            54.4594742903861,
            50.3863796427938
        ],
        "19": [
            68.61684144840743,
            35.651974247316446
        ],
        "20": [
            7.774576479651496,
            11.356816626834298
        ],
        "21": [
            82.83968641428334,
            8.125052146171097
        ],
        "22": [
            95.4766579782541,
            48.42876375184775
        ],
        "23": [
            55.12861632713268,
            3.8770131115272055
        ],
        "24": [
            85.1642813259014,
            9.365224764712021
        ],
        "25": [
            14.721547462925322,
            34.49390458264303
        ],
        "26": [
            13.854950937804611,
            11.072832781776686
        ],
        "27": [
            66.71975738475378,
            29.493134242687614
        ],
        "28": [
            23.081379269749547,
            7.393441491702668
        ],
        "29": [
            84.70159281843462,
            74.09585913876437
        ],
        "30": [
            37.907137849959746,
            6.109814459877427
        ],
        "31": [
            23.057740157507546,
            15.175568910799186
        ],
        "32": [
            29.993443368359284,
            40.0392054856267
        ],
        "33": [
            67.23393643350313,
            76.98427224541253
        ],
        "34": [
            64.85922950997714,
            81.75224296870842
        ],
        "35": [
            53.166138656285646,
            49.05194945870364
        ],
        "36": [
            50.88576531831042,
            20.20835279964277
        ],
        "37": [
            27.80051832405077,
            20.251008186163787
        ],
        "38": [
            44.69391291185855,
            29.60880672419508
        ],
        "39": [
            40.37289407337672,
            72.87293419560024
        ],
        "40": [
            5.981022095699973,
            6.986400577632457
        ],
        "41": [
            3.636699654842568,
            51.80546814002803
        ],
        "42": [
            72.79765783022981,
            59.99254732586532
        ],
        "43": [
            34.51202272797252,
            82.11330156183195
        ],
        "44": [
            74.65011743222028,
            87.4976486737212
        ],
        "45": [
            72.07099194619747,
            78.15372766483574
        ],
        "46": [
            81.54713272716815,
            65.55494638420939
        ],
        "47": [
            43.17654245004021,
            8.20654176491422
        ],
        "48": [
            82.78709911443867,
            42.93579873333242
        ],
        "49": [
            5.649070244838805,
            20.557267165473448
        ],
        "50": [
            3.725856445013964,
            97.33108335947453
        ],
        "51": [
            97.51477314834789,
            68.42343930340128
        ],
        "52": [
            0.45024221787820506,
            21.971161061502475
        ],
        "53": [
            91.81744835918548,
            12.875781648974904
        ],
        "54": [
            73.73339317119165,
            56.74785063249941
        ],
        "55": [
            91.34678027591019,
            47.657865770307964
        ],
        "56": [
            58.95959300511544,
            83.1897585469094
        ],
        "57": [
            69.28174677018062,
            10.374391898202695
        ],
        "58": [
            22.631846542874314,
            13.758932859058138
        ],
        "59": [
            44.54604914516027,
            92.92446936866367
        ],
        "60": [
            86.58807073491928,
            51.411097719091636
        ]
    },
    "distance_matrix_str_keys": {
        "0,0": 0.0,
        "0,1": 37.10029136263239,
        "0,2": 28.48130179212207,
        "0,3": 7.763245219751118,
        "0,4": 41.45837620432098,
        "0,5": 10.664759654149863,
        "0,6": 12.353232880601267,
        "0,7": 50.41151227758899,
        "0,8": 29.087802862055085,
        "0,9": 48.97338445860474,
        "0,10": 38.21692395358852,
        "0,11": 46.982000938379194,
        "0,12": 36.90016046228249,
        "0,13": 37.90272004858002,
        "0,14": 28.023140791830453,
        "0,15": 44.93211205436818,
        "0,16": 21.116356125508325,
        "0,17": 30.474595255396434,
        "0,18": 4.4761814278445025,
        "0,19": 23.50431084960398,
        "0,20": 57.238815612177994,
        "0,21": 53.216127833104835,
        "0,22": 45.50379329482993,
        "0,23": 46.40724754761012,
        "0,24": 53.737432387391856,
        "0,25": 38.53580424102771,
        "0,26": 53.120513169057695,
        "0,27": 26.45905951075094,
        "0,28": 50.39772782517118,
        "0,29": 42.24702322970942,
        "0,30": 45.525659816484385,
        "0,31": 44.02983495434519,
        "0,32": 22.34904328181894,
        "0,33": 32.01811227428262,
        "0,34": 35.05711960749298,
        "0,35": 3.3050315913283796,
        "0,36": 29.804812079757763,
        "0,37": 37.11899110456128,
        "0,38": 21.070247350189632,
        "0,39": 24.816371355189776,
        "0,40": 61.54543160143693,
        "0,41": 46.39844107402674,
        "0,42": 24.891448423181338,
        "0,43": 35.65307247882008,
        "0,44": 44.87429047327741,
        "0,45": 35.7737482927754,
        "0,46": 35.173540343860644,
        "0,47": 42.346814805649345,
        "0,48": 33.53948132985978,
        "0,49": 53.23419471460568,
        "0,50": 66.19311001704772,
        "0,51": 50.96152257443916,
        "0,52": 56.92797474447141,
        "0,53": 55.91874976649364,
        "0,54": 24.67402357899678,
        "0,55": 41.41306354200678,
        "0,56": 34.37781812767441,
        "0,57": 44.06784060907222,
        "0,58": 45.41399312070055,
        "0,59": 43.269569566941065,
        "0,60": 36.615271634610096,
        "1,0": 37.10029136263239,
        "1,1": 0.0,
        "1,2": 59.10601581989569,
        "1,3": 29.563853087402205,
        "1,4": 71.10513731925568,
        "1,5": 46.672644106874436,
        "1,6": 48.58178922575425,
        "1,7": 14.812331096305945,
        "1,8": 32.183979973342105,
        "1,9": 34.88065741775748,
        "1,10": 65.45683356740204,
        "1,11": 9.995813167900558,
        "1,12": 62.113008820699086,
        "1,13": 16.311668124864916,
        "1,14": 64.97764297221057,
        "1,15": 7.9466450131055355,
        "1,16": 53.97288416946866,
        "1,17": 47.59393335967825,
        "1,18": 39.816373596655424,
        "1,19": 41.09381376129503,
        "1,20": 24.6894449935706,
        "1,21": 52.125672937552544,
        "1,22": 70.83733887888864,
        "1,23": 27.313899064297377,
        "1,24": 54.205573854556235,
        "1,25": 23.767670131627003,
        "1,26": 18.982810379096637,
        "1,27": 37.00868227528233,
        "1,28": 13.439076672000938,
        "1,29": 77.39621018299657,
        "1,30": 13.25422903814764,
        "1,31": 8.943571820902857,
        "1,32": 22.322826898011723,
        "1,33": 69.09700513336824,
        "1,34": 72.09863425298724,
        "1,35": 37.98252107233554,
        "1,36": 19.423636304760162,
        "1,37": 4.547519582835722,
        "1,38": 17.637617906488146,
        "1,39": 55.78925923250337,
        "1,40": 27.812012942042912,
        "1,41": 44.05496143852549,
        "1,42": 58.97705660941389,
        "1,43": 64.40312718823077,
        "1,44": 81.93417750354416,
        "1,45": 72.67892202996889,
        "1,46": 69.10930355134742,
        "1,47": 15.007632460286501,
        "1,48": 57.022979868502745,
        "1,49": 26.114635251528227,
        "1,50": 84.30257098982425,
        "1,51": 83.11434075369485,
        "1,52": 31.446043715965356,
        "1,53": 60.40138686718595,
        "1,54": 57.38296665551674,
        "1,55": 66.78949531923848,
        "1,56": 70.89967771506596,
        "1,57": 38.38684585305472,
        "1,58": 9.840258836916364,
        "1,59": 76.25351010247613,
        "1,60": 64.44679473679639,
        "2,0": 28.48130179212207,
        "2,1": 59.10601581989569,
        "2,2": 0.0,
        "2,3": 32.61797873225433,
        "2,4": 55.05065820707038,
        "2,5": 19.043730492803174,
        "2,6": 18.336675002817078,
        "2,7": 69.05568672459012,
        "2,8": 57.51840041411324,
        "2,9": 53.52940236217475,
        "2,10": 55.287680819268466,
        "2,11": 68.89876458323879,
        "2,12": 11.554128434551911,
        "2,13": 52.3082894355145,
        "2,14": 21.212124778777756,
        "2,15": 65.91258021614613,
        "2,16": 7.7927777864482835,
        "2,17": 55.88779652196865,
        "2,18": 24.015069645657913,
        "2,19": 20.855492570598077,
        "2,20": 82.40389787259586,
        "2,21": 46.30098669799725,
        "2,22": 18.239106778676256,
        "2,23": 55.33874110424045,
        "2,24": 45.36705504728999,
        "2,25": 66.43661256741835,
        "2,26": 77.43193037286962,
        "2,27": 27.222785972702614,
        "2,28": 72.28303503451708,
        "2,29": 20.949529351825202,
        "2,30": 62.71303101074902,
        "2,31": 67.52517079587604,
        "2,32": 50.213175677277945,
        "2,33": 25.28245306554586,
        "2,34": 30.60858785571921,
        "2,35": 25.527701313470644,
        "2,36": 43.58055440517744,
        "2,37": 60.737857000489974,
        "2,38": 41.53290076734474,
        "2,39": 42.163671830435455,
        "2,40": 86.2533438906946,
        "2,41": 74.57283436715134,
        "2,42": 7.9085710059371275,
        "2,43": 51.825151176759476,
        "2,44": 33.493168652587485,
        "2,45": 24.727929446089714,
        "2,46": 11.855604942609293,
        "2,47": 57.78518247260657,
        "2,48": 12.164043478384148,
        "2,49": 79.94157392841598,
        "2,50": 86.04233368871269,
        "2,51": 24.015707179377895,
        "2,52": 84.13464123923387,
        "2,53": 43.50962468476952,
        "2,54": 5.122302227205206,
        "2,55": 14.705807416304177,
        "2,56": 34.78611420087612,
        "2,57": 44.708410692964065,
        "2,58": 68.69731304998534,
        "2,59": 51.29342620708937,
        "2,60": 8.863590278783077,
        "3,0": 7.763245219751118,
        "3,1": 29.563853087402205,
        "3,2": 32.61797873225433,
        "3,3": 0.0,
        "3,4": 47.81246756698288,
        "3,5": 17.23835157575268,
        "3,6": 19.116509142460643,
        "3,7": 42.667881663132526,
        "3,8": 27.286934363762757,
        "3,9": 42.66319170804665,
        "3,10": 43.885546565896625,
        "3,11": 39.51107398724786,
        "3,12": 39.22841850592592,
        "3,13": 30.378472386294394,
        "3,14": 35.41388748482843,
        "3,15": 37.324930233723485,
        "3,16": 26.052171188480887,
        "3,17": 32.89526723686153,
        "3,18": 10.328090627427354,
        "3,19": 22.050704487554295,
        "3,20": 50.679466841553186,
        "3,21": 49.23001206551176,
        "3,22": 48.146097095209846,
        "3,23": 39.42159503483457,
        "3,24": 50.08480924028426,
        "3,25": 33.94397208737721,
        "3,26": 46.23685737805529,
        "3,27": 23.104213251513666,
        "3,28": 42.943669181645994,
        "3,29": 48.60862367669,
        "3,30": 37.767767206798,
        "3,31": 36.852152698697275,
        "3,32": 17.875393573515314,
        "3,33": 39.561510649551046,
        "3,34": 42.76247725087782,
        "3,35": 8.473112952978317,
        "3,36": 22.60888422037843,
        "3,37": 29.907286672837888,
        "3,38": 13.321216705280463,
        "3,39": 31.153773655886255,
        "3,40": 54.83514573022427,
        "3,41": 45.002975871506976,
        "3,42": 30.55254942689383,
        "3,43": 41.66138249061767,
        "3,44": 52.38123484669141,
        "3,45": 43.121145128360496,
        "3,46": 40.91434911781892,
        "3,47": 34.67756474209248,
        "3,48": 35.10285310103943,
        "3,49": 47.460781182392026,
        "3,50": 70.20764669912292,
        "3,51": 56.12749399927397,
        "3,52": 51.53964277035248,
        "3,53": 53.202475415019585,
        "3,54": 29.64664503885472,
        "3,55": 43.954005432204156,
        "3,56": 42.1362443865564,
        "3,57": 38.78403956966724,
        "3,58": 38.19579785457117,
        "3,59": 50.43264993812147,
        "3,60": 39.88975534015269,
        "4,0": 41.45837620432098,
        "4,1": 71.10513731925568,
        "4,2": 55.05065820707038,
        "4,3": 47.81246756698288,
        "4,4": 0.0,
        "4,5": 40.973094035798724,
        "4,6": 40.15219025696959,
        "4,7": 85.88822137952918,
        "4,8": 43.10218378736094,
        "4,9": 90.34104422820072,
        "4,10": 6.975168590227368,
        "4,11": 79.36735023179824,
        "4,12": 66.58893917309301,
        "4,13": 77.43693113760916,
        "4,14": 35.74760652557781,
        "4,15": 78.77592388510419,
        "4,16": 48.54276593604631,
        "4,17": 27.003264143347042,
        "4,18": 42.89002394521262,
        "4,19": 62.68767366836608,
        "4,20": 82.18861463246664,
        "4,21": 93.60124195574961,
        "4,22": 72.41557927348437,
        "4,23": 87.1794704761538,
        "4,24": 93.74902169370193,
        "4,25": 58.07457195271721,
        "4,26": 80.62689103943791,
        "4,27": 67.07822048818723,
        "4,28": 82.30809064242429,
        "4,29": 51.49355767785561,
        "4,30": 82.71232480333177,
        "4,31": 74.62575710141634,
        "4,32": 49.036398248735914,
        "4,33": 33.99975679533659,
        "4,34": 30.338162432791123,
        "4,35": 43.543580925327525,
        "4,36": 70.31267055912461,
        "4,37": 68.94572778046263,
        "4,38": 59.90737665212762,
        "4,39": 16.684584927565783,
        "4,40": 86.90774127539977,
        "4,41": 48.71176404624342,
        "4,42": 47.237943935276796,
        "4,43": 6.721252427926227,
        "4,44": 39.324246001470705,
        "4,45": 38.231299056179274,
        "4,46": 51.710579016216606,
        "4,47": 80.95547908393036,
        "4,48": 65.97344941541213,
        "4,49": 74.40861623283638,
        "4,50": 32.75616779375085,
        "4,51": 65.4166649461649,
        "4,52": 75.37592496724463,
        "4,53": 94.6084409875202,
        "4,54": 49.997444125157514,
        "4,55": 69.47824239577149,
        "4,56": 24.26601784443285,
        "4,57": 85.43657398835305,
        "4,58": 76.0934166996483,
        "4,59": 10.088648005525494,
        "4,60": 63.42147094202106,
        "5,0": 10.664759654149863,
        "5,1": 46.672644106874436,
        "5,2": 19.043730492803174,
        "5,3": 17.23835157575268,
        "5,4": 40.973094035798724,
        "5,5": 0.0,
        "5,6": 1.9278958112889286,
        "5,7": 59.16120662466941,
        "5,8": 38.88890353061204,
        "5,9": 52.776496584161684,
        "5,10": 39.47704279000494,
        "5,11": 56.65494902543806,
        "5,12": 28.99667295504599,
        "5,13": 44.91978930314515,
        "5,14": 18.552933593591334,
        "5,15": 54.31409178216694,
        "5,16": 11.284287343898162,
        "5,17": 37.05785249488528,
        "5,18": 6.912691368559216,
        "5,19": 21.933529860646296,
        "5,20": 67.71482517598471,
        "5,21": 52.91132200884193,
        "5,22": 36.979489975511534,
        "5,23": 51.72747684875781,
        "5,24": 52.90770440061891,
        "5,25": 49.13856404494685,
        "5,26": 63.42234688497315,
        "5,27": 27.029350057749937,
        "5,28": 60.09507664343019,
        "5,29": 31.618131573778406,
        "5,30": 53.723142634836854,
        "5,31": 54.09045511342089,
        "5,32": 32.99401425134423,
        "5,33": 22.998236603593398,
        "5,34": 26.914162963564618,
        "5,35": 8.770730458455617,
        "5,36": 36.19858282854029,
        "5,37": 47.1456231578881,
        "5,38": 29.61614338612601,
        "5,39": 25.631660584712247,
        "5,40": 71.95382454414671,
        "5,41": 55.65168565171883,
        "5,42": 14.366739729039463,
        "5,43": 36.31935484035472,
        "5,44": 35.59410260498106,
        "5,45": 26.116628623430266,
        "5,46": 24.555158923627406,
        "5,47": 49.87355725696801,
        "5,48": 26.726831676915364,
        "5,49": 63.88782185766234,
        "5,50": 69.48584339193391,
        "5,51": 40.481959239523114,
        "5,52": 67.59071628282734,
        "5,53": 53.648599398148946,
        "5,54": 14.622268750222203,
        "5,55": 33.106820640772966,
        "5,56": 27.74410872964274,
        "5,57": 46.192577077010355,
        "5,58": 55.433051128413084,
        "5,59": 40.22981197275307,
        "5,60": 27.71427465507706,
        "6,0": 12.353232880601267,
        "6,1": 48.58178922575425,
        "6,2": 18.336675002817078,
        "6,3": 19.116509142460643,
        "6,4": 40.15219025696959,
        "6,5": 1.9278958112889286,
        "6,6": 0.0,
        "6,7": 61.0890217865106,
        "6,8": 40.126067025023936,
        "6,9": 54.415431581983064,
        "6,10": 38.96649229635667,
        "6,11": 58.561194012527594,
        "6,12": 28.728246198385197,
        "6,13": 46.805643887771836,
        "6,14": 16.627829977592416,
        "6,15": 56.23285137404172,
        "6,16": 10.548082111228409,
        "6,17": 37.5602712758248,
        "6,18": 8.789594354563269,
        "6,19": 23.131302271450465,
        "6,20": 69.51393355567592,
        "6,21": 54.05104106488381,
        "6,22": 36.45975642556078,
        "6,23": 53.500444026831026,
        "6,24": 53.96943511917615,
        "6,25": 50.696651261514646,
        "6,26": 65.26281744391498,
        "6,27": 28.442273715473338,
        "6,28": 62.00055877500582,
        "6,29": 29.894688620885688,
        "6,30": 55.64475704028826,
        "6,31": 55.96412073978746,
        "6,32": 34.606598952690845,
        "6,33": 21.088308440179908,
        "6,34": 25.06477429016927,
        "6,35": 10.643418434295556,
        "6,36": 38.065750055994435,
        "6,37": 49.02089424680813,
        "6,38": 31.543617608145574,
        "6,39": 25.207803412528108,
        "6,40": 73.77240095318662,
        "6,41": 56.69054943036606,
        "6,42": 13.036786035707149,
        "6,43": 35.73110846170533,
        "6,44": 33.6677666668431,
        "6,45": 24.189526007589844,
        "6,46": 23.059217152496856,
        "6,47": 51.776947043370384,
        "6,48": 26.79251458460074,
        "6,49": 65.58260128017442,
        "6,50": 69.20889747884851,
        "6,51": 39.10078325129071,
        "6,52": 69.228130236383,
        "6,53": 54.47610042342815,
        "6,54": 13.664345659428912,
        "6,55": 32.68023959764347,
        "6,56": 26.06531645887214,
        "6,57": 47.6714338971456,
        "6,58": 57.31162205687199,
        "6,59": 39.00101215095987,
        "6,60": 27.12679456056972,
        "7,0": 50.41151227758899,
        "7,1": 14.812331096305945,
        "7,2": 69.05568672459012,
        "7,3": 42.667881663132526,
        "7,4": 85.88822137952918,
        "7,5": 59.16120662466941,
        "7,6": 61.0890217865106,
        "7,7": 0.0,
        "7,8": 46.47693644378627,
        "7,9": 31.265938182910617,
        "7,10": 80.26866600970658,
        "7,11": 9.688377746825003,
        "7,12": 69.99259058778148,
        "7,13": 17.702894552015355,
        "7,14": 77.70188465685744,
        "7,15": 7.823972710716546,
        "7,16": 64.98919987847789,
        "7,17": 62.262309515448536,
        "7,18": 52.530821815567975,
        "7,19": 49.187909954032584,
        "7,20": 25.506101361793572,
        "7,21": 51.23949642430902,
        "7,22": 78.19170264251147,
        "7,23": 23.28581463024937,
        "7,24": 53.68647368312982,
        "7,25": 35.88616896785753,
        "7,26": 19.74694093564507,
        "7,27": 43.80519059427374,
        "7,28": 9.832924057752093,
        "7,29": 88.61012050284302,
        "7,30": 6.815370321184882,
        "7,31": 15.052837417270688,
        "7,32": 37.121131847617505,
        "7,33": 82.0372557852775,
        "7,34": 85.41852634193019,
        "7,35": 50.77326171911502,
        "7,36": 25.67655324596917,
        "7,37": 17.756368958479037,
        "7,38": 29.57331925476738,
        "7,39": 70.42420204626339,
        "7,40": 26.19021018149754,
        "7,41": 56.40901768370005,
        "7,42": 70.19950902601047,
        "7,43": 79.19263273117524,
        "7,44": 94.74542150293229,
        "7,45": 85.26549912534637,
        "7,46": 79.913942821453,
        "7,47": 12.4708516648907,
        "7,48": 64.73917797285694,
        "7,49": 31.56791624483018,
        "7,50": 98.47087371918953,
        "7,51": 92.71062821207309,
        "7,52": 36.713027893426826,
        "7,53": 60.770371579156865,
        "7,54": 68.16093702907015,
        "7,55": 74.40459834185194,
        "7,56": 84.67793890026422,
        "7,57": 38.147547964469446,
        "7,58": 14.20136248563678,
        "7,59": 90.84939967133148,
        "7,60": 73.08971842077096,
        "8,0": 29.087802862055085,
        "8,1": 32.183979973342105,
        "8,2": 57.51840041411324,
        "8,3": 27.286934363762757,
        "8,4": 43.10218378736094,
        "8,5": 38.88890353061204,
        "8,6": 40.126067025023936,
        "8,7": 46.47693644378627,
        "8,8": 0.0,
        "8,9": 61.901860516588734,
        "8,10": 36.5218329693488,
        "8,11": 38.330647452808186,
        "8,12": 65.77790462953695,
        "8,13": 44.33759129174029,
        "8,14": 51.9913406914615,
        "8,15": 38.736375135344645,
        "8,16": 49.98849179324376,
        "8,17": 16.642447203736047,
        "8,18": 33.562982683657296,
        "8,19": 49.25713985947111,
        "8,20": 39.08662495378303,
        "8,21": 73.6856215135267,
        "8,22": 74.50599041835703,
        "8,23": 55.91669291095086,
        "8,24": 74.99919643260293,
        "8,25": 15.016680945084582,
        "8,26": 37.75223777295262,
        "8,27": 49.405933423828984,
        "8,28": 40.80945533434557,
        "8,29": 68.81016785983707,
        "8,30": 45.32174641195687,
        "8,31": 33.03868775152912,
        "8,32": 12.130887307272062,
        "8,33": 54.513799216988,
        "8,34": 55.27553066791367,
        "8,35": 32.207622480467734,
        "8,36": 40.93314465315504,
        "8,37": 28.72105031630932,
        "8,38": 30.10781064408695,
        "8,39": 31.428224235669678,
        "8,40": 43.80647828889063,
        "8,41": 17.716083020424858,
        "8,42": 53.1626590725868,
        "8,43": 36.56467016738543,
        "8,44": 66.5567249915768,
        "8,45": 59.25803481404526,
        "8,46": 63.02725918288067,
        "8,47": 45.69925337101763,
        "8,48": 62.03528152386295,
        "8,49": 31.5599873307637,
        "8,50": 52.11859132302394,
        "8,51": 79.18333427364165,
        "8,52": 33.26187459151254,
        "8,53": 79.1412809167181,
        "8,54": 53.4584111589253,
        "8,55": 70.37729372539526,
        "8,56": 51.68193039905458,
        "8,57": 61.32518048133158,
        "8,58": 34.42944333057348,
        "8,59": 50.60314977477107,
        "8,60": 65.69794633149134,
        "9,0": 48.97338445860474,
        "9,1": 34.88065741775748,
        "9,2": 53.52940236217475,
        "9,3": 42.66319170804665,
        "9,4": 90.34104422820072,
        "9,5": 52.776496584161684,
        "9,6": 54.415431581983064,
        "9,7": 31.265938182910617,
        "9,8": 61.901860516588734,
        "9,9": 0.0,
        "9,10": 86.54574307157435,
        "9,11": 38.55060310583156,
        "9,12": 49.58260298719287,
        "9,13": 18.708492050693845,
        "9,14": 69.53870556056619,
        "9,15": 34.89630923390392,
        "9,16": 52.94649431623532,
        "9,17": 73.54972293277098,
        "9,18": 48.35096774273875,
        "9,19": 33.28938745001459,
        "9,20": 56.00635447659309,
        "9,21": 20.41515662259006,
        "9,22": 55.91819113802244,
        "9,23": 8.067388585254216,
        "9,24": 22.98986563853895,
        "9,25": 57.84762164018196,
        "9,26": 49.95794153579873,
        "9,27": 26.915593526821645,
        "9,28": 40.30536673842991,
        "9,29": 74.47117877019669,
        "9,30": 25.432988157067097,
        "9,31": 41.93069775911859,
        "9,32": 49.831358406201,
        "9,33": 74.27943416435627,
        "9,34": 78.95276118638284,
        "9,35": 47.29413926618008,
        "9,36": 21.26585537507918,
        "9,37": 39.39289670616668,
        "9,38": 32.51879181500855,
        "9,39": 73.65690077576267,
        "9,40": 57.29703012059645,
        "9,41": 77.0631599994655,
        "9,42": 57.986268003314954,
        "9,43": 84.29970168092476,
        "9,44": 85.45968055435965,
        "9,45": 75.8643810037955,
        "9,46": 65.3849360813896,
        "9,47": 20.664515938138706,
        "9,48": 44.67601137400474,
        "9,49": 60.15223332617344,
        "9,50": 111.62901003402528,
        "9,51": 74.07143490823033,
        "9,52": 65.53707043128466,
        "9,53": 30.402847027920714,
        "9,54": 54.96258549986897,
        "9,55": 52.98080962487713,
        "9,56": 80.47918892575753,
        "9,57": 9.745843604983873,
        "9,58": 41.94628209203899,
        "9,59": 92.00168177329047,
        "9,60": 53.96014085895714,
        "10,0": 38.21692395358852,
        "10,1": 65.45683356740204,
        "10,2": 55.287680819268466,
        "10,3": 43.885546565896625,
        "10,4": 6.975168590227368,
        "10,5": 39.47704279000494,
        "10,6": 38.96649229635667,
        "10,7": 80.26866600970658,
        "10,8": 36.5218329693488,
        "10,9": 86.54574307157435,
        "10,10": 0.0,
        "10,11": 73.40634812110089,
        "10,12": 66.68018833818955,
        "10,13": 72.75268865608268,
        "10,14": 37.557390648788044,
        "10,15": 73.00029531262051,
        "10,16": 48.26178491777388,
        "10,17": 20.190321813063942,
        "10,18": 40.28943002592525,
        "10,19": 60.57526381488558,
        "10,20": 75.57138616272037,
        "10,21": 91.18796971438462,
        "10,22": 73.15958168597605,
        "10,23": 82.90440754957994,
        "10,24": 91.52231016815375,
        "10,25": 51.42281051700422,
        "10,26": 74.19536894768501,
        "10,27": 64.45693645591109,
        "10,28": 76.26226366408562,
        "10,29": 54.349992391971334,
        "10,30": 77.41821113119383,
        "10,31": 68.53123465240033,
        "10,32": 43.20596386150216,
        "10,33": 36.645463244048486,
        "10,34": 33.76688890151802,
        "10,35": 40.669253883048796,
        "10,36": 66.04750102942506,
        "10,37": 63.06701665747174,
        "10,38": 55.311788681992255,
        "10,39": 13.885429623421482,
        "10,40": 80.28291093240875,
        "10,41": 41.75061930468135,
        "10,42": 47.71405000297855,
        "10,43": 3.5667514554764645,
        "10,44": 43.73409513063213,
        "10,45": 41.25979110220189,
        "10,46": 53.43071294317635,
        "10,47": 75.98565357294689,
        "10,48": 65.5183493726127,
        "10,49": 67.65296940152335,
        "10,50": 30.81440467926946,
        "10,51": 68.02121436897163,
        "10,52": 68.50994011996089,
        "10,53": 92.91595677923044,
        "10,54": 50.16795009524464,
        "10,55": 69.94354975366187,
        "10,56": 27.834914967878362,
        "10,57": 82.24324446910319,
        "10,58": 69.9886236331074,
        "10,59": 16.556214108902356,
        "10,60": 63.94255152559371,
        "11,0": 46.982000938379194,
        "11,1": 9.995813167900558,
        "11,2": 68.89876458323879,
        "11,3": 39.51107398724786,
        "11,4": 79.36735023179824,
        "11,5": 56.65494902543806,
        "11,6": 58.561194012527594,
        "11,7": 9.688377746825003,
        "11,8": 38.330647452808186,
        "11,9": 38.55060310583156,
        "11,10": 73.40634812110089,
        "11,11": 0.0,
        "11,12": 71.41707736207088,
        "11,13": 21.79745804652336,
        "11,14": 74.91897353526008,
        "11,15": 3.7763874938155895,
        "11,16": 63.91358051849615,
        "11,17": 54.60943319945038,
        "11,18": 49.78805169247944,
        "11,19": 50.3457999061474,
        "11,20": 17.5351716183131,
        "11,21": 57.61052031600489,
        "11,22": 80.01516308832299,
        "11,23": 30.499977344866686,
        "11,24": 59.906673135615044,
        "11,25": 26.61166347908355,
        "11,26": 11.45167725318842,
        "11,27": 45.78734496304478,
        "11,28": 3.4432761279521924,
        "11,29": 87.37213395045406,
        "11,30": 13.247697032819339,
        "11,31": 5.571460125366869,
        "11,32": 30.35178768649397,
        "11,33": 78.99829253537014,
        "11,34": 81.9021309527711,
        "11,35": 47.94944070581039,
        "11,36": 27.56112669250289,
        "11,37": 10.503932721928896,
        "11,38": 27.564965020426868,
        "11,39": 64.6065004054657,
        "11,40": 19.52381738460653,
        "11,41": 47.01535897130821,
        "11,42": 68.94259133412697,
        "11,43": 72.6461283344549,
        "11,44": 91.8479213996934,
        "11,45": 82.6321556385835,
        "11,46": 79.04372894427537,
        "11,47": 18.010394302275625,
        "11,48": 66.25779565893706,
        "11,49": 22.245799235255777,
        "11,50": 89.89041984503122,
        "11,51": 92.88154111399307,
        "11,52": 27.522994748620725,
        "11,53": 66.61542740859171,
        "11,54": 67.30085720250291,
        "11,55": 76.03261398275293,
        "11,56": 80.52161119934726,
        "11,57": 44.02125979507726,
        "11,58": 4.539679066982237,
        "11,59": 85.08027388538757,
        "11,60": 73.96599450856908,
        "12,0": 36.90016046228249,
        "12,1": 62.113008820699086,
        "12,2": 11.554128434551911,
        "12,3": 39.22841850592592,
        "12,4": 66.58893917309301,
        "12,5": 28.99667295504599,
        "12,6": 28.728246198385197,
        "12,7": 69.99259058778148,
        "12,8": 65.77790462953695,
        "12,9": 49.58260298719287,
        "12,10": 66.68018833818955,
        "12,11": 71.41707736207088,
        "12,12": 0.0,
        "12,13": 52.459200029581794,
        "12,14": 32.47094552281123,
        "12,15": 68.09136908342886,
        "12,16": 18.516489721961406,
        "12,17": 66.01917466927915,
        "12,18": 32.5093744795988,
        "12,19": 21.071360474317224,
        "12,20": 86.3894269838447,
        "12,21": 38.49594232247802,
        "12,22": 8.976814724206156,
        "12,23": 52.99712880829839,
        "12,24": 37.091960183776585,
        "12,25": 72.98662386142601,
        "12,26": 80.99374867015844,
        "12,27": 26.209412160823785,
        "12,28": 74.65994559285711,
        "12,29": 27.745576244868182,
        "12,30": 63.31339412859476,
        "12,31": 70.92385197798545,
        "12,32": 57.09123496447941,
        "12,33": 36.24739668459707,
        "12,34": 41.5480827829803,
        "12,35": 33.66307670644899,
        "12,36": 44.4053249052154,
        "12,37": 64.47721600727948,
        "12,38": 45.27138704264748,
        "12,39": 53.36842496198182,
        "12,40": 89.86199616227381,
        "12,41": 83.26387371444733,
        "12,42": 19.445071905079164,
        "12,43": 63.24601783224005,
        "12,44": 42.81193016484191,
        "12,45": 34.950570280251924,
        "12,46": 19.819399111493375,
        "12,47": 57.94129741430976,
        "12,48": 5.261971749610091,
        "12,49": 85.10377200504493,
        "12,50": 97.3684279168655,
        "12,51": 24.50204364852708,
        "12,52": 89.67467745093879,
        "12,53": 33.93256436096496,
        "12,54": 16.595094960297867,
        "12,55": 4.782124784828459,
        "12,56": 46.072793385741335,
        "12,57": 40.04888715115177,
        "12,58": 71.93851082597577,
        "12,59": 62.7810404401377,
        "12,60": 4.9887468611113714,
        "13,0": 37.90272004858002,
        "13,1": 16.311668124864916,
        "13,2": 52.3082894355145,
        "13,3": 30.378472386294394,
        "13,4": 77.43693113760916,
        "13,5": 44.91978930314515,
        "13,6": 46.805643887771836,
        "13,7": 17.702894552015355,
        "13,8": 44.33759129174029,
        "13,9": 18.708492050693845,
        "13,10": 72.75268865608268,
        "13,11": 21.79745804652336,
        "13,12": 52.459200029581794,
        "13,13": 0.0,
        "13,14": 63.29913549596988,
        "13,15": 18.025889227644125,
        "13,16": 49.033981274542825,
        "13,17": 57.51430630913345,
        "13,18": 38.89775509498938,
        "13,19": 31.912935476342163,
        "13,20": 39.18657289494358,
        "13,21": 36.120921745858574,
        "13,22": 60.54541626954613,
        "13,23": 11.682012389026815,
        "13,24": 38.319134368110866,
        "13,25": 39.177836961680335,
        "13,26": 33.11656623484112,
        "13,27": 26.251428136958175,
        "13,28": 24.35334913078628,
        "13,29": 72.48222657086872,
        "13,30": 10.91504226354576,
        "13,31": 24.075993566231173,
        "13,32": 32.58044130298766,
        "13,33": 67.86585616327393,
        "13,34": 71.80115531167657,
        "13,35": 37.35248186446193,
        "13,36": 8.90450035495482,
        "13,37": 20.766837755001998,
        "13,38": 17.534701649422495,
        "13,39": 61.008612172308325,
        "13,40": 41.30354395092665,
        "13,41": 58.67868781271871,
        "13,42": 54.31599175328862,
        "13,43": 70.9916119179908,
        "13,44": 80.21172393184983,
        "13,45": 70.55657350877733,
        "13,46": 63.57246239102392,
        "13,47": 5.5099644909637595,
        "13,48": 47.19784523233057,
        "13,49": 42.135629200317645,
        "13,50": 95.45865207024704,
        "13,51": 75.60059536012648,
        "13,52": 47.512776353333756,
        "13,53": 44.870599863560365,
        "13,54": 51.961391764544885,
        "13,55": 56.804633571744404,
        "13,56": 71.97839060065866,
        "13,57": 22.406252924445226,
        "13,58": 24.368431909190765,
        "13,59": 80.74025128599543,
        "13,60": 55.740325599940675,
        "14,0": 28.023140791830453,
        "14,1": 64.97764297221057,
        "14,2": 21.212124778777756,
        "14,3": 35.41388748482843,
        "14,4": 35.74760652557781,
        "14,5": 18.552933593591334,
        "14,6": 16.627829977592416,
        "14,7": 77.70188465685744,
        "14,8": 51.9913406914615,
        "14,9": 69.53870556056619,
        "14,10": 37.557390648788044,
        "14,11": 74.91897353526008,
        "14,12": 32.47094552281123,
        "14,13": 63.29913549596988,
        "14,14": 0.0,
        "14,15": 72.71145176391457,
        "14,16": 17.330323281325246,
        "14,17": 44.430075009759925,
        "14,18": 25.22221954079217,
        "14,19": 36.628947600680654,
        "14,20": 84.9707356612495,
        "14,21": 66.03971923893576,
