{
    "num_robots": 7,
    "num_tasks": 60,
    "num_nodes": 61,
    "robot_capacity": [
        126,
        135,
        125,
        116,
        126,
        124,
        145
    ],
    "robot_speed": [
        1.18,
        0.96,
        1.18,
        0.83,
        0.88,
        1.11,
        0.96
    ],
    "task_demand": {
        "0": 0,
        "1": 8,
        "2": 13,
        "3": 13,
        "4": 13,
        "5": 5,
        "6": 14,
        "7": 10,
        "8": 9,
        "9": 14,
        "10": 14,
        "11": 7,
        "12": 10,
        "13": 5,
        "14": 7,
        "15": 8,
        "16": 14,
        "17": 5,
        "18": 11,
        "19": 9,
        "20": 12,
        "21": 11,
        "22": 9,
        "23": 7,
        "24": 10,
        "25": 11,
        "26": 8,
        "27": 6,
        "28": 5,
        "29": 12,
        "30": 8,
        "31": 15,
        "32": 12,
        "33": 8,
        "34": 12,
        "35": 12,
        "36": 8,
        "37": 9,
        "38": 6,
        "39": 11,
        "40": 12,
        "41": 12,
        "42": 7,
        "43": 7,
        "44": 7,
        "45": 14,
        "46": 14,
        "47": 15,
        "48": 11,
        "49": 12,
        "50": 15,
        "51": 10,
        "52": 7,
        "53": 15,
        "54": 13,
        "55": 7,
        "56": 7,
        "57": 8,
        "58": 11,
        "59": 11,
        "60": 8
    },
    "task_service_time": {
        "0": 0,
        "1": 95,
        "2": 42,
        "3": 52,
        "4": 71,
        "5": 55,
        "6": 31,
        "7": 91,
        "8": 85,
        "9": 75,
        "10": 36,
        "11": 65,
        "12": 32,
        "13": 57,
        "14": 96,
        "15": 23,
        "16": 65,
        "17": 68,
        "18": 90,
        "19": 73,
        "20": 34,
        "21": 25,
        "22": 75,
        "23": 92,
        "24": 32,
        "25": 76,
        "26": 53,
        "27": 24,
        "28": 20,
        "29": 43,
        "30": 18,
        "31": 32,
        "32": 65,
        "33": 68,
        "34": 53,
        "35": 85,
        "36": 51,
        "37": 69,
        "38": 66,
        "39": 23,
        "40": 92,
        "41": 67,
        "42": 40,
        "43": 33,
        "44": 45,
        "45": 73,
        "46": 88,
        "47": 28,
        "48": 92,
        "49": 93,
        "50": 66,
        "51": 54,
        "52": 66,
        "53": 43,
        "54": 75,
        "55": 69,
        "56": 73,
        "57": 51,
        "58": 65,
        "59": 78,
        "60": 41
    },
    "task_precedence": [],
    "coordinates": {
        "0": [
            50.0,
            50.0
        ],
        "1": [
            12.360229291291802,
            4.220717975357369
        ],
        "2": [
            40.51650360626427,
            40.4533679780653
        ],
        "3": [
            13.632002382541064,
            31.161524863319478
        ],
        "4": [
            33.00096427690965,
            94.05745598769998
        ],
        "5": [
            26.238054436835657,
            59.26737327278466
        ],
        "6": [
            19.804306996986764,
            74.28652566486026
        ],
        "7": [
            56.89202914672794,
            27.20082488158496
        ],
        "8": [
            61.09723359730877,
            27.3196670193111
        ],
        "9": [
            69.00534243780184,
            84.80944469323533
        ],
        "10": [
            76.11624756164291,
            20.391267241365064
        ],
        "11": [
            84.51439955708474,
            63.03172018099659
        ],
        "12": [
            44.602368866162124,
            53.75441420024859
        ],
        "13": [
            78.17831278278786,
            70.73732376506476
        ],
        "14": [
            26.550934111178425,
            55.17685377977439
        ],
        "15": [
            98.81378493699017,
            25.6138618718874
        ],
        "16": [
            60.369040144221884,
            40.05285114949786
        ],
        "17": [
            9.778472898871037,
            4.627360851884699
        ],
        "18": [
            99.98249581490873,
            38.669345986519964
        ],
        "19": [
            34.40773746711228,
            24.191310776761867
        ],
        "20": [
            69.84978910279492,
            66.57737273440114
        ],
        "21": [
            30.14126804392504,
            88.94977957385747
        ],
        "22": [
            65.93851647084449,
            26.821303639607596
        ],
        "23": [
            70.1423410115753,
            56.242543997268946
        ],
        "24": [
            15.11559090944986,
            12.657401503893585
        ],
        "25": [
            45.87679221910963,
            78.9918590456263
        ],
        "26": [
            43.33511949305058,
            55.24991777190793
        ],
        "27": [
            2.190825875349378,
            30.99915526323397
        ],
        "28": [
            73.40189975657786,
            16.540941859486313
        ],
        "29": [
            98.8141797279814,
            15.288374258894388
        ],
        "30": [
            17.378642009051415,
            3.730580329180111
        ],
        "31": [
            74.37659478670903,
            92.09549440927603
        ],
        "32": [
            10.136910426792422,
            16.11742985465634
        ],
        "33": [
            46.25101752903793,
            13.359663675130895
        ],
        "34": [
            1.7803074353512693,
            16.839638692873628
        ],
        "35": [
            4.3509801397053405,
            63.39821568762165
        ],
        "36": [
            49.57925062405858,
            40.28692993100681
        ],
        "37": [
            17.474984350769674,
            58.02052157277774
        ],
        "38": [
            92.71409440748288,
            33.01524991386861
        ],
        "39": [
            31.05416924197065,
            33.328546912881706
        ],
        "40": [
            16.024221979778886,
            72.82137992606907
        ],
        "41": [
            0.07550604693687957,
            17.097634110873962
        ],
        "42": [
            35.73253425930895,
            76.31046025018583
        ],
        "43": [
            5.025280374146135,
            20.453546868546347
        ],
        "44": [
            70.050193109807,
            35.26506520920343
        ],
        "45": [
            51.98690766064287,
            42.623406721583514
        ],
        "46": [
            71.63978867943189,
            46.572770466791155
        ],
        "47": [
            51.67713662064977,
            20.818890668231226
        ],
        "48": [
            59.52188738294283,
            49.009078092377464
        ],
        "49": [
            83.57939050039256,
            31.026798131530242
        ],
        "50": [
            2.8951600191964078,
            81.71345139388623
        ],
        "51": [
            81.04774883409021,
            7.330888573051297
        ],
        "52": [
            94.88345752414182,
            69.71631469755259
        ],
        "53": [
            48.143709960923545,
            63.285676100106855
        ],
        "54": [
            24.001881332811216,
            82.80834731123447
        ],
        "55": [
            75.37553624015897,
            28.20108667669816
        ],
        "56": [
            60.12540698150857,
            0.6009963844666566
        ],
        "57": [
            69.97725875963884,
            38.834396399543515
        ],
        "58": [
            60.904050621477644,
            46.65961435397038
        ],
        "59": [
            2.6707014992574662,
            96.8835746460105
        ],
        "60": [
            27.83290871195282,
            41.49853132239072
        ]
    },
    "distance_matrix_str_keys": {
        "0,0": 0.0,
        "0,1": 59.266305787486836,
        "0,2": 13.456406905716976,
        "0,3": 40.95753161725972,
        "0,4": 47.22315791667287,
        "0,5": 25.50518112705552,
        "0,6": 38.750680055995645,
        "0,7": 23.81811184455021,
        "0,8": 25.249675198468655,
        "0,9": 39.659809392248995,
        "0,10": 39.48082372840365,
        "0,11": 36.89267552864505,
        "0,12": 6.574956109663716,
        "0,13": 34.98648179256876,
        "0,14": 24.013714958653523,
        "0,15": 54.56619221347698,
        "0,16": 14.3688121905233,
        "0,17": 60.633716904144485,
        "0,18": 51.250693734432126,
        "0,19": 30.153061043883795,
        "0,20": 25.861620486750283,
        "0,21": 43.72018485499938,
        "0,22": 28.1298466447766,
        "0,23": 21.087514243846446,
        "0,24": 51.10177746456836,
        "0,25": 29.283591537341493,
        "0,26": 8.484236487964557,
        "0,27": 51.446566758063184,
        "0,28": 40.83083986237847,
        "0,29": 59.897588466533904,
        "0,30": 56.61282711407441,
        "0,31": 48.644105737044846,
        "0,32": 52.317248302789245,
        "0,33": 36.83163199706338,
        "0,34": 58.52134920734829,
        "0,35": 47.574627668722826,
        "0,36": 9.722178778572552,
        "0,37": 33.49933446028548,
        "0,38": 45.96711429423975,
        "0,39": 25.236518205724757,
        "0,40": 40.92882692930899,
        "0,41": 59.79147746603491,
        "0,42": 29.929933131204976,
        "0,43": 53.811878782229414,
        "0,44": 24.882293845816932,
        "0,45": 7.639498049420564,
        "0,46": 21.90950379090698,
        "0,47": 29.22926494246763,
        "0,48": 9.573310062901552,
        "0,49": 38.56887158732491,
        "0,50": 56.78564034093036,
        "0,51": 52.76945875816915,
        "0,52": 49.023033612521075,
        "0,53": 13.414730789178178,
        "0,54": 41.86036105348132,
        "0,55": 33.4531083989582,
        "0,56": 50.4260391538802,
        "0,57": 22.885837789167642,
        "0,58": 11.404231505013728,
        "0,59": 66.61930702251735,
        "0,60": 23.741417519789945,
        "1,0": 59.266305787486836,
        "1,1": 0.0,
        "1,2": 45.886607082227265,
        "1,3": 26.97080797028692,
        "1,4": 92.17743453494892,
        "1,5": 56.76907864501651,
        "1,6": 70.46014263447688,
        "1,7": 50.11154070457494,
        "1,8": 53.93382088875113,
        "1,9": 98.50488169319195,
        "1,10": 65.77474081479703,
        "1,11": 93.08575759576081,
        "1,12": 59.102814028311904,
        "1,13": 93.5760597603729,
        "1,14": 52.895216035132556,
        "1,15": 89.0611244570913,
        "1,16": 59.90649119520987,
        "1,17": 2.6135846071699884,
        "1,18": 94.15078099828602,
        "1,19": 29.74755777542721,
        "1,20": 84.81392503627556,
        "1,21": 86.57470310942492,
        "1,22": 58.14997273827162,
        "1,23": 77.74987342439447,
        "1,24": 8.875226566544253,
        "1,25": 81.93951139373745,
        "1,26": 59.69441393369473,
        "1,27": 28.644396824107176,
        "1,28": 62.27257381663004,
        "1,29": 87.1595006968265,
        "1,30": 5.042291256757349,
        "1,31": 107.55466481084102,
        "1,32": 12.102681533953213,
        "1,33": 35.10136544180526,
        "1,34": 16.467298095096513,
        "1,35": 59.71703532039441,
        "1,36": 51.82689643224626,
        "1,37": 54.04238694246823,
        "1,38": 85.35730026581776,
        "1,39": 34.59377250800736,
        "1,40": 68.69844002957498,
        "1,41": 17.796892828567625,
        "1,42": 75.78387414726953,
        "1,43": 17.813090958412786,
        "1,44": 65.51246767262853,
        "1,45": 55.18188236665654,
        "1,46": 72.85439253393848,
        "1,47": 42.67690872928574,
        "1,48": 65.04013526989061,
        "1,49": 76.09687810066224,
        "1,50": 78.06863178640153,
        "1,51": 68.7578977433798,
        "1,52": 105.35538139064127,
        "1,53": 69.05886450784084,
        "1,54": 79.44522356245858,
        "1,55": 67.42393486672364,
        "1,56": 47.902135486568255,
        "1,57": 67.21479613008836,
        "1,58": 64.47916341867084,
        "1,59": 93.1680844237908,
        "1,60": 40.361357464669155,
        "2,0": 13.456406905716976,
        "2,1": 45.886607082227265,
        "2,2": 0.0,
        "2,3": 28.444942512113187,
        "2,4": 54.12838056653585,
        "2,5": 23.61865588710934,
        "2,6": 39.66960609132513,
        "2,7": 21.066270083962344,
        "2,8": 24.414351268019793,
        "2,9": 52.716937311753725,
        "2,10": 40.86354922982126,
        "2,11": 49.452976010537895,
        "2,12": 13.914457428397863,
        "2,13": 48.32731989835371,
        "2,14": 20.293303463832633,
        "2,15": 60.15632927655322,
        "2,16": 19.856576258784084,
        "2,17": 47.20518317275967,
        "2,18": 59.49274715311843,
        "2,19": 17.37157241476185,
        "2,20": 39.279832771156656,
        "2,21": 49.5938247228676,
        "2,22": 28.846350136797763,
        "2,23": 33.57064672197009,
        "2,24": 37.6539787813249,
        "2,25": 38.90948454782559,
        "2,26": 15.062618674019086,
        "2,27": 39.47454510936414,
        "2,28": 40.66021892267131,
        "2,29": 63.49721214414487,
        "2,30": 43.40419071929451,
        "2,31": 61.75285416144898,
        "2,32": 38.92502493379551,
        "2,33": 27.69392465479263,
        "2,34": 45.366299215891246,
        "2,35": 42.83002596339346,
        "2,36": 9.064275212726512,
        "2,37": 28.974411038389487,
        "2,38": 52.72489057161133,
        "2,39": 11.844781417678245,
        "2,40": 40.59014728646828,
        "2,41": 46.70079858063021,
        "2,42": 36.174817607335264,
        "2,43": 40.738431129890145,
        "2,44": 29.985951732653902,
        "2,45": 11.673869851898944,
        "2,46": 31.719173390312086,
        "2,47": 22.584783118555304,
        "2,48": 20.842379616036645,
        "2,49": 44.082563976339785,
        "2,50": 55.83690515041744,
        "2,51": 52.3438676604408,
        "2,52": 61.74209041663695,
        "2,53": 24.072568848305313,
        "2,54": 45.460719562585226,
        "2,55": 36.94956770056675,
        "2,56": 44.415319577978224,
        "2,57": 29.50520569626905,
        "2,58": 21.31125447682446,
        "2,59": 67.94610335927828,
        "2,60": 12.726584218058083,
        "3,0": 40.95753161725972,
        "3,1": 26.97080797028692,
        "3,2": 28.444942512113187,
        "3,3": 0.0,
        "3,4": 65.81075016187187,
        "3,5": 30.803429406665444,
        "3,6": 43.564469908245194,
        "3,7": 43.44096062454739,
        "3,8": 47.620458271261185,
        "3,9": 77.0993261381228,
        "3,10": 63.40567281281211,
        "3,11": 77.71758860641937,
        "3,12": 38.33539159471994,
        "3,13": 75.71307710690664,
        "3,14": 27.269668497704707,
        "3,15": 85.36224366674037,
        "3,16": 47.57527069669773,
        "3,17": 26.812525976998785,
        "3,18": 86.67626603650706,
        "3,19": 21.91380963494776,
        "3,20": 66.44337306422327,
        "3,21": 60.100234901106404,
        "3,22": 52.486273789826654,
        "3,23": 61.82617481913027,
        "3,24": 18.563502261643045,
        "3,25": 57.684203553448015,
        "3,26": 38.242984180097366,
        "3,27": 11.44232859848671,
        "3,28": 61.53212233845722,
        "3,29": 86.64848670011963,
        "3,30": 27.685628519612266,
        "3,31": 86.03984048669582,
        "3,32": 15.444755174777683,
        "3,33": 37.16054911987882,
        "3,34": 18.589757841361255,
        "3,35": 33.54611168486833,
        "3,36": 37.087432828205536,
        "3,37": 27.132530561059355,
        "3,38": 79.10381517729977,
        "3,39": 17.55641998361555,
        "3,40": 41.72848234061133,
        "3,41": 19.53385819529701,
        "3,42": 50.26788115490314,
        "3,43": 13.738138755535092,
        "3,44": 56.56722804158299,
        "3,45": 40.030906742477924,
        "3,46": 60.02007799158778,
        "3,47": 39.425909263948746,
        "3,48": 49.23836615500312,
        "3,49": 69.94751786733832,
        "3,50": 51.679561336055585,
        "3,51": 71.50372085156555,
        "3,52": 89.93481406991091,
        "3,53": 47.14890298469065,
        "3,54": 52.677591615503,
        "3,55": 61.814465681453676,
        "3,56": 55.63795981261414,
        "3,57": 56.86528707227526,
        "3,58": 49.747736858721225,
        "3,59": 66.62985775680743,
        "3,60": 17.56472154950392,
        "4,0": 47.22315791667287,
        "4,1": 92.17743453494892,
        "4,2": 54.12838056653585,
        "4,3": 65.81075016187187,
        "4,4": 0.0,
        "4,5": 35.441314941965956,
        "4,6": 23.770600522374792,
        "4,7": 70.99712743113635,
        "4,8": 72.41086124410903,
        "4,9": 37.17312146773629,
        "4,10": 85.355931352973,
        "4,11": 60.13510037168097,
        "4,12": 41.939572789485844,
        "4,13": 50.841138705803644,
        "4,14": 39.41197936148083,
        "4,15": 94.95184536767053,
        "4,16": 60.54344655211926,
        "4,17": 92.39602817115056,
        "4,18": 86.91586907279236,
        "4,19": 69.88030664961741,
        "4,20": 45.967280392220445,
        "4,21": 5.853735635768791,
        "4,22": 74.8704382724188,
        "4,23": 53.00423977938376,
        "4,24": 83.34179893942829,
        "4,25": 19.81815219484798,
        "4,26": 40.15992761947478,
        "4,27": 70.18271809057048,
        "4,28": 87.41307425220705,
        "4,29": 102.64476394053642,
        "4,30": 91.66788652123778,
        "4,31": 41.422120821110234,
        "4,32": 81.22445833664011,
        "4,33": 81.77834429301421,
        "4,34": 83.29058002796913,
        "4,35": 41.962013855867376,
        "4,36": 56.26818862040597,
        "4,37": 39.23922393081072,
        "4,38": 85.39208881594868,
        "4,39": 60.7601054008764,
        "4,40": 27.187877914956182,
        "4,41": 83.70722778211253,
        "4,42": 17.95598318878948,
        "4,43": 78.74118571273847,
        "4,44": 69.49237778752314,
        "4,45": 54.826339200056196,
        "4,46": 61.21890320994453,
        "4,47": 75.58231845787198,
        "4,48": 52.275383436144274,
        "4,49": 80.81485648707071,
        "4,50": 32.5381913974308,
        "4,51": 99.14631108524274,
        "4,52": 66.4976249936842,
        "4,53": 34.29584791634699,
        "4,54": 14.405760648077385,
        "4,55": 78.31133843764681,
        "4,56": 97.31312981096565,
        "4,57": 66.45925566804513,
        "4,58": 55.00125106839415,
        "4,59": 30.46164451949836,
        "4,60": 52.812397789687,
        "5,0": 25.50518112705552,
        "5,1": 56.76907864501651,
        "5,2": 23.61865588710934,
        "5,3": 30.803429406665444,
        "5,4": 35.441314941965956,
        "5,5": 0.0,
        "5,6": 16.33915679269137,
        "5,7": 44.361353577634084,
        "5,8": 47.28444042811755,
        "5,9": 49.81403753366103,
        "5,10": 63.23911581894349,
        "5,11": 58.39779711786862,
        "5,12": 19.17396052448805,
        "5,13": 53.19163657323973,
        "5,14": 4.10246796615328,
        "5,15": 79.99872178504717,
        "5,16": 39.16787006953634,
        "5,17": 57.06530278339903,
        "5,18": 76.56710365587666,
        "5,19": 36.014911926035396,
        "5,20": 44.22012542613223,
        "5,21": 29.937941149727287,
        "5,22": 51.27254743383394,
        "5,23": 44.00836252103549,
        "5,24": 47.91866716859777,
        "5,25": 27.834068345894885,
        "5,26": 17.56273276679828,
        "5,27": 37.11281922629764,
        "5,28": 63.639423682650175,
        "5,29": 84.86133581637662,
        "5,30": 56.23899500370167,
        "5,31": 58.266668039013,
        "5,32": 46.056101174761054,
        "5,33": 50.080300440715824,
        "5,34": 48.972380480960865,
        "5,35": 22.27347930486656,
        "5,36": 30.08435920708415,
        "5,37": 8.851329645602101,
        "5,38": 71.47193764709918,
        "5,39": 26.382146894167594,
        "5,40": 16.971548833801364,
        "5,41": 49.626261588370525,
        "5,42": 19.50927883901949,
        "5,43": 44.23228349941998,
        "5,44": 49.95612362342306,
        "5,45": 30.659828194213183,
        "5,46": 47.143084462487955,
        "5,47": 46.10241552183027,
        "5,48": 34.82881214731181,
        "5,49": 63.91837690259828,
        "5,50": 32.383902525971884,
        "5,51": 75.50828459769215,
        "5,52": 69.43609826248141,
        "5,53": 22.271158513918124,
        "5,54": 23.646943329532686,
        "5,55": 58.13438122868526,
        "5,56": 67.75025047694749,
        "5,57": 48.27654232330991,
        "5,58": 36.88748942973151,
        "5,59": 44.38917357008861,
        "5,60": 17.8402719827064,
        "6,0": 38.750680055995645,
        "6,1": 70.46014263447688,
        "6,2": 39.66960609132513,
        "6,3": 43.564469908245194,
        "6,4": 23.770600522374792,
        "6,5": 16.33915679269137,
        "6,6": 0.0,
        "6,7": 59.93798755804648,
        "6,8": 62.5379212818157,
        "6,9": 50.313752725533,
        "6,10": 77.94699180015029,
        "6,11": 65.68155544455426,
        "6,12": 32.19489825520011,
        "6,13": 58.481803884680666,
        "6,14": 20.265649187074853,
        "6,15": 92.7983071238676,
        "6,16": 53.079582196266095,
        "6,17": 70.37696066046212,
        "6,18": 87.73326307827337,
        "6,19": 52.180367344246875,
        "6,20": 50.63577113175991,
        "6,21": 17.94056239045034,
        "6,22": 66.1914842384148,
        "6,23": 53.474320405913005,
        "6,24": 61.807224524301155,
        "6,25": 26.493671845970436,
        "6,26": 30.267004754268765,
        "6,27": 46.73361909278874,
        "6,28": 78.78613075057335,
        "6,29": 98.6070071459896,
        "6,30": 70.597629371284,
        "6,31": 57.4046510514945,
        "6,32": 58.96695908576336,
        "6,33": 66.41920663393711,
        "6,34": 60.208050815236035,
        "6,35": 18.90398384252402,
        "6,36": 45.19424496615438,
        "6,37": 16.43193942034309,
        "6,38": 83.7803992730885,
        "6,39": 42.47487991717741,
        "6,40": 4.054096048839676,
        "6,41": 60.49623875994519,
        "6,42": 16.056298917429903,
        "6,43": 55.82480840990873,
        "6,44": 63.61857784762947,
        "6,45": 45.14723564840321,
        "6,46": 58.77898764379671,
        "6,47": 62.246809238320004,
        "6,48": 47.079035116434774,
        "6,49": 77.06273614480824,
        "6,50": 18.468310082435387,
        "6,51": 90.74037969076775,
        "6,52": 75.21812063701742,
        "6,53": 30.399678476897154,
        "6,54": 9.49953022403656,
        "6,55": 72.19438486702971,
        "6,56": 83.99612091813258,
        "6,57": 61.43434347351765,
        "6,58": 49.52206734960339,
        "6,59": 28.358192114595788,
        "6,60": 33.756644064530036,
        "7,0": 23.81811184455021,
        "7,1": 50.11154070457494,
        "7,2": 21.066270083962344,
        "7,3": 43.44096062454739,
        "7,4": 70.99712743113635,
        "7,5": 44.361353577634084,
        "7,6": 59.93798755804648,
        "7,7": 0.0,
        "7,8": 4.206883398061341,
        "7,9": 58.8683738138823,
        "7,10": 20.394623039414896,
        "7,11": 45.24210875991915,
        "7,12": 29.259679689223603,
        "7,13": 48.461661197961725,
        "7,14": 41.27033124253521,
        "7,15": 41.95178256203821,
        "7,16": 13.314059661418714,
        "7,17": 52.2422095687017,
        "7,18": 44.59052919641052,
        "7,19": 22.684808738033553,
        "7,20": 41.45378226271006,
        "7,21": 67.2944026288038,
        "7,22": 9.054444725023917,
        "7,23": 31.92165743989493,
        "7,24": 44.23552820229335,
        "7,25": 52.94947274857855,
        "7,26": 31.153513627325204,
        "7,27": 54.8329185163879,
        "7,28": 19.652199205147834,
        "7,29": 43.58179882927425,
        "7,30": 45.95824346558069,
        "7,31": 67.20883995968866,
        "7,32": 48.05083528762233,
        "7,33": 17.458776354340035,
        "7,34": 56.0772328956179,
        "7,35": 63.802922597035476,
        "7,36": 14.990759656739158,
        "7,37": 50.035558601695456,
        "7,38": 36.29087899186009,
        "7,39": 26.55454728950776,
        "7,40": 61.24877717311372,
        "7,41": 57.7078136901622,
        "7,42": 53.47411065111456,
        "7,43": 52.30377987128034,
        "7,44": 15.432733100162794,
        "7,45": 16.183826723142662,
        "7,46": 24.346841417125344,
        "7,47": 8.241613213571778,
        "7,48": 21.966248256100286,
        "7,49": 26.960217494122126,
        "7,50": 76.7286669038725,
        "7,51": 31.277998058053612,
        "7,52": 57.016800194747994,
        "7,53": 37.130170697689685,
        "7,54": 64.6061790696932,
        "7,55": 18.510552615513078,
        "7,56": 26.7956266636658,
        "7,57": 17.508946863990904,
        "7,58": 19.86808506234233,
        "7,59": 88.29291017168872,
        "7,60": 32.38606011712792,
        "8,0": 25.249675198468655,
        "8,1": 53.93382088875113,
        "8,2": 24.414351268019793,
        "8,3": 47.620458271261185,
        "8,4": 72.41086124410903,
        "8,5": 47.28444042811755,
        "8,6": 62.5379212818157,
        "8,7": 4.206883398061341,
        "8,8": 0.0,
        "8,9": 58.0311358016567,
        "8,10": 16.540057555640683,
        "8,11": 42.704969296450045,
        "8,12": 31.15888991955439,
        "8,13": 46.65679139667338,
        "8,14": 44.378707308716656,
        "8,15": 37.75510582901073,
        "8,16": 12.753989328769197,
        "8,17": 56.11199478560476,
        "8,18": 40.507762594226435,
        "8,19": 26.872212719909584,
        "8,20": 40.22156990831199,
        "8,21": 68.96769226839719,
        "8,22": 4.866866129227283,
        "8,23": 30.304237010980877,
        "8,24": 48.262754731972464,
        "8,25": 53.86721883067279,
        "8,26": 33.09972212203032,
        "8,27": 59.021212326102585,
        "8,28": 16.358047724655343,
        "8,29": 39.58939290909771,
        "8,30": 49.67655645609267,
        "8,31": 66.1229857738826,
        "8,32": 52.177051039098004,
        "8,33": 20.37871008958383,
        "8,34": 60.23561009092587,
        "8,35": 67.24432284948836,
        "8,36": 17.34398567784004,
        "8,37": 53.34269490417872,
        "8,38": 32.12577706451159,
        "8,39": 30.63808664773871,
        "8,40": 64.04671930491841,
        "8,41": 61.8719741887471,
        "8,42": 55.167615445091066,
        "8,43": 56.49077397403293,
        "8,44": 11.970164427791989,
        "8,45": 17.810179323836028,
        "8,46": 21.95056855798884,
        "8,47": 11.445449760337926,
        "8,48": 21.746546125570628,
        "8,49": 22.785745546241433,
        "8,50": 79.66282161322043,
        "8,51": 28.241358359447037,
        "8,52": 54.212403208002556,
        "8,53": 38.22757622186206,
        "8,54": 66.7462268608979,
        "8,55": 14.305482409665574,
        "8,56": 26.736338707169242,
        "8,57": 14.541108609167416,
        "8,58": 19.340912144196967,
        "8,59": 90.8449057311448,
        "8,60": 36.160136932866514,
        "9,0": 39.659809392248995,
        "9,1": 98.50488169319195,
        "9,2": 52.716937311753725,
        "9,3": 77.0993261381228,
        "9,4": 37.17312146773629,
        "9,5": 49.81403753366103,
        "9,6": 50.313752725533,
        "9,7": 58.8683738138823,
        "9,8": 58.0311358016567,
        "9,9": 0.0,
        "9,10": 64.80946349030299,
        "9,11": 26.735746439180335,
        "9,12": 39.495823045715646,
        "9,13": 16.797856183663708,
        "9,14": 51.77322889880638,
        "9,15": 66.27714741739025,
        "9,16": 45.582215643224465,
        "9,17": 99.68444534892548,
        "9,18": 55.57420930624423,
        "9,19": 69.79650728527463,
        "9,20": 18.251617410030438,
        "9,21": 39.08399482417946,
        "9,22": 58.06918222574717,
        "9,23": 28.589518728547493,
        "9,24": 90.05566420933306,
        "9,25": 23.848986099745083,
        "9,26": 39.15004441690857,
        "9,27": 85.78885051109353,
        "9,28": 68.40992760863647,
        "9,29": 75.64222375716484,
        "9,30": 96.12022910774195,
        "9,31": 9.051898820703736,
        "9,32": 90.46593386473383,
        "9,33": 74.98553533574774,
        "9,34": 95.59863941922767,
        "9,35": 68.10746869253295,
        "9,36": 48.57599575828415,
        "9,37": 58.07774278096171,
        "9,38": 56.962650331623735,
        "9,39": 63.95759832272624,
        "9,40": 54.32046411665968,
        "9,41": 96.62407379743931,
        "9,42": 34.341119676649754,
        "9,43": 90.74761664358489,
        "9,44": 49.55539578476345,
        "9,45": 45.48943747739758,
        "9,46": 38.327321363477246,
        "9,47": 66.2952315122932,
        "9,48": 37.035147745531546,
        "9,49": 55.72231104424863,
        "9,50": 66.18263664988652,
        "9,51": 78.40884012840564,
        "9,52": 29.9579607698594,
        "9,53": 29.97466136674253,
        "9,54": 45.047928944188484,
        "9,55": 56.96565251454632,
        "9,56": 84.67535662917814,
        "9,57": 45.98532034186506,
        "9,58": 39.000519022289204,
        "9,59": 67.42454451134329,
        "9,60": 59.75788245851954,
        "10,0": 39.48082372840365,
        "10,1": 65.77474081479703,
        "10,2": 40.86354922982126,
        "10,3": 63.40567281281211,
        "10,4": 85.355931352973,
        "10,5": 63.23911581894349,
        "10,6": 77.94699180015029,
        "10,7": 20.394623039414896,
        "10,8": 16.540057555640683,
        "10,9": 64.80946349030299,
        "10,10": 0.0,
        "10,11": 43.45960404600431,
        "10,12": 45.893617480359254,
        "10,13": 50.38826768667305,
        "10,14": 60.55375569082367,
        "10,15": 23.29063540524489,
        "10,16": 25.190323999977178,
        "10,17": 68.18505035464149,
        "10,18": 30.061370033659433,
        "10,19": 41.88126245920095,
        "10,20": 46.6092784993538,
        "10,21": 82.54676465434058,
        "10,22": 12.03875318458388,
        "10,23": 36.345585763574576,
        "10,24": 61.48896479242417,
        "10,25": 65.94280869983257,
        "10,26": 47.85110107677741,
        "10,27": 74.6826302414479,
        "10,28": 4.710911753917832,
        "10,29": 23.264471655686744,
        "10,30": 61.05476880996011,
        "10,31": 71.72532736436075,
        "10,32": 66.11761198623472,
        "10,33": 30.681841757187385,
        "10,34": 74.42073675936078,
        "10,35": 83.66511353486102,
        "10,36": 33.166995648164495,
        "10,37": 69.67609728238985,
        "10,38": 20.853140253535663,
        "10,39": 46.88244989105533,
        "10,40": 79.74940911794997,
        "10,41": 76.11203839935312,
        "10,42": 68.97681093558076,
        "10,43": 71.09099446769405,
        "10,44": 16.063215201220174,
        "10,45": 32.80995382389131,
        "10,46": 26.561434360123002,
        "10,47": 24.44285182586875,
        "10,48": 33.08098982262698,
        "10,49": 12.992806465112398,
        "10,50": 95.50778989241836,
        "10,51": 13.960415314735256,
        "10,52": 52.774695416758874,
        "10,53": 51.20930746616834,
        "10,54": 81.3129697642466,
        "10,55": 7.844866657520767,
        "10,56": 25.443305662760757,
        "10,57": 19.43800907131138,
        "10,58": 30.355180707330565,
        "10,59": 106.04395941537055,
        "10,60": 52.69532623924202,
        "11,0": 36.89267552864505,
        "11,1": 93.08575759576081,
        "11,2": 49.452976010537895,
        "11,3": 77.71758860641937,
        "11,4": 60.13510037168097,
        "11,5": 58.39779711786862,
        "11,6": 65.68155544455426,
        "11,7": 45.24210875991915,
        "11,8": 42.704969296450045,
        "11,9": 26.735746439180335,
        "11,10": 43.45960404600431,
        "11,11": 0.0,
        "11,12": 40.97607350800674,
        "11,13": 9.976087519976165,
        "11,14": 58.49326672942644,
        "11,15": 40.05706607683124,
        "11,16": 33.33206868982326,
        "11,17": 94.85002858252557,
        "11,18": 28.858053957829675,
        "11,19": 63.39759450079513,
        "11,20": 15.087161820751136,
        "11,21": 60.23440240625971,
        "11,22": 40.69714607358315,
        "11,23": 15.894935674272032,
        "11,24": 85.75410558039405,
        "11,25": 41.80419516486129,
        "11,26": 41.90810846753,
        "11,27": 88.33604020411367,
        "11,28": 47.8004196713384,
        "11,29": 49.83884822880121,
        "11,30": 89.57586242550506,
        "11,31": 30.78113152492372,
        "11,32": 87.93725903251075,
        "11,33": 62.70087401102292,
        "11,34": 94.75567735715296,
        "11,35": 80.16425719510572,
        "11,36": 41.68680983823,
        "11,37": 67.22644794049232,
        "11,38": 31.11628967176234,
        "11,39": 61.15778550226208,
        "11,40": 69.18628377427987,
        "11,41": 96.12422691660788,
        "11,42": 50.556852352133575,
        "11,43": 90.17439165918708,
        "11,44": 31.308152236631226,
        "11,45": 38.399700354700066,
        "11,46": 20.896234850941934,
        "11,47": 53.480920080252545,
        "11,48": 28.657636956318367,
        "11,49": 32.01857706595522,
        "11,50": 83.7299668210483,
        "11,51": 55.80860425643984,
        "11,52": 12.336983706520828,
        "11,53": 36.371576200505245,
        "11,54": 63.662232465501056,
        "11,55": 36.00960778786972,
        "11,56": 67.02550434431745,
        "11,57": 28.228335777180355,
        "11,58": 28.73141879671919,
        "11,59": 88.56827288877933,
        "11,60": 60.633898331273095,
        "12,0": 6.574956109663716,
        "12,1": 59.102814028311904,
        "12,2": 13.914457428397863,
        "12,3": 38.33539159471994,
        "12,4": 41.939572789485844,
        "12,5": 19.17396052448805,
        "12,6": 32.19489825520011,
        "12,7": 29.259679689223603,
        "12,8": 31.15888991955439,
        "12,9": 39.495823045715646,
        "12,10": 45.893617480359254,
        "12,11": 40.97607350800674,
        "12,12": 0.0,
        "12,13": 37.62662922956454,
        "12,14": 18.107391614223044,
        "12,15": 61.080015698669136,
        "12,16": 20.888292252457887,
        "12,17": 60.21769757333556,
        "12,18": 57.39788971619197,
        "12,19": 31.27151408854815,
        "12,20": 28.317141348902624,
        "12,21": 38.05045572358803,
        "12,22": 34.36020429334646,
        "12,23": 25.66088398857883,
        "12,24": 50.5809700068397,
        "12,25": 25.269601841066272,
        "12,26": 1.960217311039124,
        "12,27": 48.130455931272266,
        "12,28": 47.05587639354611,
        "12,29": 66.47222476860183,
        "12,30": 56.9518679162574,
        "12,31": 48.544237152960214,
        "12,32": 51.033424498717274,
        "12,33": 40.428380036802096,
        "12,34": 56.53697547573648,
        "12,35": 41.39054483256038,
        "12,36": 14.357662921741731,
        "12,37": 27.46078408858534,
        "12,38": 52.39132628461351,
        "12,39": 24.510605204646957,
        "12,40": 34.354907385252965,
        "12,41": 57.674613471118086,
        "12,42": 24.237350914648644,
        "12,43": 51.723241377049234,
        "12,44": 31.455488946257102,
        "12,45": 13.35779700015272,
        "12,46": 27.974954457037114,
        "12,47": 33.68680823568786,
        "12,48": 15.655997175179479,
        "12,49": 45.119316790509274,
        "12,50": 50.21154280242371,
        "12,51": 59.020415558226105,
        "12,52": 52.75386378377842,
        "12,53": 10.167893102955784,
        "12,54": 35.61616368770488,
        "12,55": 39.999504718857004,
        "12,56": 55.37373509010913,
        "12,57": 29.436235633644177,
        "12,58": 17.778667354735454,
        "12,59": 60.15304820975418,
        "12,60": 20.77068749414384,
        "13,0": 34.98648179256876,
        "13,1": 93.5760597603729,
        "13,2": 48.32731989835371,
        "13,3": 75.71307710690664,
        "13,4": 50.841138705803644,
        "13,5": 53.19163657323973,
        "13,6": 58.481803884680666,
        "13,7": 48.461661197961725,
        "13,8": 46.65679139667338,
        "13,9": 16.797856183663708,
        "13,10": 50.38826768667305,
        "13,11": 9.976087519976165,
        "13,12": 37.62662922956454,
        "13,13": 0.0,
        "13,14": 53.92137289298998,
        "13,15": 49.61803627968249,
        "13,16": 35.47826167683881,
        "13,17": 95.12657511193969,
        "13,18": 38.77857135717445,
        "13,19": 63.893619310323075,
        "13,20": 9.309645496243263,
        "13,21": 51.3736431823823,
        "13,22": 45.589795321074,
        "13,23": 16.57333650248579,
        "13,24": 85.73321561645562,
        "13,25": 33.33954983834908,
        "13,26": 38.13014375822445,
        "13,27": 85.7509195425217,
        "13,28": 54.40645120803469,
        "13,29": 59.16438967755489,
        "13,30": 90.4792994672108,
        "13,31": 21.693881925302296,
        "13,32": 87.25230796577665,
        "13,33": 65.66237933258367,
        "13,34": 93.49660783797476,
        "13,35": 74.19122288090921,
        "13,36": 41.774787144976514,
        "13,37": 62.02105401170817,
        "13,38": 40.42578141577374,
        "13,39": 60.16727923075772,
        "13,40": 62.18902068396723,
        "13,41": 94.74842862135283,
        "13,42": 42.81009185631363,
        "13,43": 88.7683748277427,
        "13,44": 36.391584967849035,
        "13,45": 38.42371707422471,
        "13,46": 25.03353617760129,
        "13,47": 56.51692048245128,
        "13,48": 28.638765139451053,
        "13,49": 40.076146104674386,
        "13,50": 76.07909349979417,
        "13,51": 63.47132964584495,
        "13,52": 16.736317406930596,
        "13,53": 30.945184109806366,
        "13,54": 55.504912702446454,
        "13,55": 42.628476655701,
        "13,56": 72.42245388212345,
        "13,57": 32.940158797132916,
        "13,58": 29.63336335454982,
        "13,59": 79.9063564234666,
        "13,60": 58.21998535349718,
        "14,0": 24.013714958653523,
        "14,1": 52.895216035132556,
        "14,2": 20.293303463832633,
        "14,3": 27.269668497704707,
        "14,4": 39.41197936148083,
        "14,5": 4.10246796615328,
        "14,6": 20.265649187074853,
        "14,7": 41.27033124253521,
        "14,8": 44.378707308716656,
        "14,9": 51.77322889880638,
        "14,10": 60.55375569082367,
        "14,11": 58.49326672942644,
        "14,12": 18.107391614223044,
        "14,13": 53.92137289298998,
        "14,14": 0.0,
        "14,15": 78.07618138727915,
        "14,16": 37.045914096196654,
        "14,17": 53.25942818304685,
        "14,18": 75.26414862199071,
        "14,19": 31.9661263553367,
        "14,20": 44.77457622378839,
