{
    "num_robots": 7,
    "num_tasks": 60,
    "num_nodes": 61,
    "robot_capacity": [
        119,
        110,
        99,
        129,
        113,
        120,
        123
    ],
    "robot_speed": [
        1.05,
        0.81,
        1.18,
        1.04,
        0.84,
        0.98,
        1.01
    ],
    "task_demand": {
        "0": 0,
        "1": 9,
        "2": 7,
        "3": 15,
        "4": 15,
        "5": 5,
        "6": 10,
        "7": 13,
        "8": 13,
        "9": 5,
        "10": 9,
        "11": 9,
        "12": 15,
        "13": 11,
        "14": 10,
        "15": 7,
        "16": 8,
        "17": 13,
        "18": 8,
        "19": 9,
        "20": 5,
        "21": 12,
        "22": 5,
        "23": 8,
        "24": 8,
        "25": 5,
        "26": 8,
        "27": 10,
        "28": 15,
        "29": 15,
        "30": 9,
        "31": 13,
        "32": 6,
        "33": 10,
        "34": 12,
        "35": 15,
        "36": 10,
        "37": 5,
        "38": 8,
        "39": 12,
        "40": 5,
        "41": 9,
        "42": 12,
        "43": 9,
        "44": 6,
        "45": 9,
        "46": 12,
        "47": 14,
        "48": 11,
        "49": 5,
        "50": 8,
        "51": 9,
        "52": 10,
        "53": 10,
        "54": 12,
        "55": 6,
        "56": 12,
        "57": 10,
        "58": 13,
        "59": 8,
        "60": 13
    },
    "task_service_time": {
        "0": 0,
        "1": 10,
        "2": 68,
        "3": 32,
        "4": 51,
        "5": 73,
        "6": 73,
        "7": 96,
        "8": 55,
        "9": 20,
        "10": 34,
        "11": 19,
        "12": 18,
        "13": 92,
        "14": 34,
        "15": 38,
        "16": 81,
        "17": 13,
        "18": 81,
        "19": 78,
        "20": 20,
        "21": 62,
        "22": 43,
        "23": 15,
        "24": 55,
        "25": 50,
        "26": 88,
        "27": 82,
        "28": 87,
        "29": 13,
        "30": 40,
        "31": 73,
        "32": 40,
        "33": 20,
        "34": 67,
        "35": 69,
        "36": 41,
        "37": 14,
        "38": 30,
        "39": 97,
        "40": 14,
        "41": 71,
        "42": 57,
        "43": 52,
        "44": 50,
        "45": 76,
        "46": 17,
        "47": 22,
        "48": 10,
        "49": 50,
        "50": 83,
        "51": 42,
        "52": 60,
        "53": 10,
        "54": 68,
        "55": 80,
        "56": 89,
        "57": 14,
        "58": 100,
        "59": 46,
        "60": 73
    },
    "task_precedence": [],
    "coordinates": {
        "0": [
            50.0,
            50.0
        ],
        "1": [
            40.73047937766406,
            83.87142750361971
        ],
        "2": [
            0.4400778188838661,
            99.90139850360293
        ],
        "3": [
            19.728916906920535,
            65.81145786493747
        ],
        "4": [
            3.621737078533771,
            15.10039427804003
        ],
        "5": [
            43.15994890880637,
            7.577906000801471
        ],
        "6": [
            75.43718034995689,
            26.262251361325895
        ],
        "7": [
            98.31077185525713,
            73.69426144620601
        ],
        "8": [
            27.95068507096388,
            73.90324018740971
        ],
        "9": [
            91.11275046842017,
            13.226662021360037
        ],
        "10": [
            0.8700712419039913,
            77.28709741164201
        ],
        "11": [
            67.96491350162933,
            17.980803331747076
        ],
        "12": [
            28.173479311197646,
            14.275611907344931
        ],
        "13": [
            98.56781276120171,
            24.473278601448033
        ],
        "14": [
            25.072780223214885,
            26.819794270220775
        ],
        "15": [
            61.055593296291455,
            50.10384650852379
        ],
        "16": [
            59.64470484249529,
            41.669455601996134
        ],
        "17": [
            13.44960460397997,
            72.18882388665311
        ],
        "18": [
            4.77056103675173,
            55.801546249975964
        ],
        "19": [
            67.779698991308,
            89.54806872124622
        ],
        "20": [
            80.90440058358,
            45.39194991933597
        ],
        "21": [
            27.305290934445814,
            69.7658999970426
        ],
        "22": [
            4.6369404103817065,
            74.80023575691848
        ],
        "23": [
            46.32284605259842,
            80.37162161310552
        ],
        "24": [
            50.155634868331056,
            78.71253235638076
        ],
        "25": [
            59.60447873229069,
            89.48614231946081
        ],
        "26": [
            96.43467104729098,
            58.69518782400579
        ],
        "27": [
            63.32341572575713,
            97.78387552867723
        ],
        "28": [
            44.30276036433361,
            70.6224823588865
        ],
        "29": [
            68.19373504530596,
            79.92325243916913
        ],
        "30": [
            47.96272783912943,
            20.390017674365858
        ],
        "31": [
            66.91219050228206,
            38.21119341486966
        ],
        "32": [
            11.878136965987785,
            62.94184418718761
        ],
        "33": [
            73.45761205816068,
            48.44706030819969
        ],
        "34": [
            72.28236916801826,
            66.54739913030892
        ],
        "35": [
            98.96410207712242,
            63.463130317797464
        ],
        "36": [
            68.03763126533985,
            16.725625420106706
        ],
        "37": [
            97.0302371107288,
            6.5046640673091405
        ],
        "38": [
            55.423775852589976,
            8.589934439388081
        ],
        "39": [
            71.28086567413438,
            60.04887129864731
        ],
        "40": [
            96.40389259062395,
            20.01569073839793
        ],
        "41": [
            10.743920488129344,
            49.22883911831427
        ],
        "42": [
            63.53533756230373,
            2.869836601653686
        ],
        "43": [
            19.17065337186986,
            33.03668406143121
        ],
        "44": [
            71.00299107437866,
            39.33975762927149
        ],
        "45": [
            54.20643068550309,
            54.13143602619146
        ],
        "46": [
            24.641799276343946,
            93.62738886106854
        ],
        "47": [
            73.90134639593626,
            98.24835137985643
        ],
        "48": [
            74.39448197502752,
            78.09467886990997
        ],
        "49": [
            60.219362637229125,
            97.51040795917237
        ],
        "50": [
            48.08156159760865,
            54.333068968973365
        ],
        "51": [
            17.327083415352142,
            56.09628510005409
        ],
        "52": [
            23.923850756428255,
            94.98125901423185
        ],
        "53": [
            46.66670211729619,
            15.0102387979411
        ],
        "54": [
            34.28229658848137,
            51.9215043036193
        ],
        "55": [
            13.424010655683304,
            23.378058346884245
        ],
        "56": [
            70.1188915923623,
            49.23908252100304
        ],
        "57": [
            25.303699661022637,
            93.48234357988996
        ],
        "58": [
            90.03012392964116,
            21.126715307486123
        ],
        "59": [
            76.78165576247396,
            75.83416738198399
        ],
        "60": [
            2.4724327859218076,
            82.64432715392444
        ]
    },
    "distance_matrix_str_keys": {
        "0,0": 0.0,
        "0,1": 35.1169134990659,
        "0,2": 70.33018881827115,
        "0,3": 34.15173013835191,
        "0,4": 58.04244783915398,
        "0,5": 42.969993695682284,
        "0,6": 34.7926839233352,
        "0,7": 53.80844452994222,
        "0,8": 32.51979674439577,
        "0,9": 55.15919358701564,
        "0,10": 56.19907103260719,
        "0,11": 36.71467107848418,
        "0,12": 41.864411019066694,
        "0,13": 54.86753085173816,
        "0,14": 34.03950974199007,
        "0,15": 11.056081006863922,
        "0,16": 12.744343900961148,
        "0,17": 42.75833613552227,
        "0,18": 45.600000962947476,
        "0,19": 43.36089754377707,
        "0,20": 31.24605736691091,
        "0,21": 30.095524954106313,
        "0,22": 51.69969892494537,
        "0,23": 30.59341204512091,
        "0,24": 28.712954158854025,
        "0,25": 40.63743898170427,
        "0,26": 47.24177141645793,
        "0,27": 49.60657382990153,
        "0,28": 21.394983479984113,
        "0,29": 35.02018034558125,
        "0,30": 29.6799853635716,
        "0,31": 20.61548321740463,
        "0,32": 40.25876019140963,
        "0,33": 23.508959678334,
        "0,34": 27.754646344668117,
        "0,35": 50.78128759861117,
        "0,36": 37.84891207614051,
        "0,37": 64.06003005454338,
        "0,38": 41.76375072037131,
        "0,39": 23.534125397331604,
        "0,40": 55.24834883919664,
        "0,41": 39.263653265427976,
        "0,42": 49.03526960138317,
        "0,43": 35.188104540442374,
        "0,44": 23.553479604362174,
        "0,45": 5.896000572460513,
        "0,46": 50.46174197128075,
        "0,47": 53.844013320076996,
        "0,48": 37.20754939032277,
        "0,49": 48.59705996413964,
        "0,50": 4.738764880604416,
        "0,51": 33.23678940825209,
        "0,52": 51.99306897922493,
        "0,53": 35.148175823959114,
        "0,54": 15.83472068971511,
        "0,55": 45.238598275117546,
        "0,56": 20.133275796925584,
        "0,57": 50.006214150169086,
        "0,58": 49.356634718722326,
        "0,59": 37.21103720269055,
        "0,60": 57.65866578946454,
        "1,0": 35.1169134990659,
        "1,1": 0.0,
        "1,2": 43.362154328723804,
        "1,3": 27.6988831825882,
        "1,4": 78.14418574620281,
        "1,5": 76.33219337542802,
        "1,6": 67.25602031174597,
        "1,7": 58.47276965191006,
        "1,8": 16.207649456124614,
        "1,9": 86.7701338612884,
        "1,10": 40.400563603859425,
        "1,11": 71.2971861703642,
        "1,12": 70.71955740231921,
        "1,13": 82.90535100898516,
        "1,14": 59.1612406682746,
        "1,15": 39.41268554749276,
        "1,16": 46.246668607802405,
        "1,17": 29.677084689851092,
        "1,18": 45.61835113941257,
        "1,19": 27.638461194878342,
        "1,20": 55.62925615374106,
        "1,21": 19.473099162042093,
        "1,22": 37.21599219271401,
        "1,23": 6.597212009492667,
        "1,24": 10.744661705398444,
        "1,25": 19.691441646097722,
        "1,26": 61.12937112364153,
        "1,27": 26.532941466767525,
        "1,28": 13.72208945080415,
        "1,29": 27.74560322295794,
        "1,30": 63.892055935914726,
        "1,31": 52.63400967485185,
        "1,32": 35.64414566853983,
        "1,33": 48.228114255927316,
        "1,34": 35.99505116570798,
        "1,35": 61.706186130141866,
        "1,36": 72.48613165050881,
        "1,37": 95.68322112790636,
        "1,38": 76.70199579724131,
        "1,39": 38.74068000180986,
        "1,40": 84.7176726345234,
        "1,41": 45.818147540785986,
        "1,42": 84.15057507510565,
        "1,43": 55.21772576114709,
        "1,44": 53.84695521778047,
        "1,45": 32.65070223944278,
        "1,46": 18.815536383814536,
        "1,47": 36.152487589196454,
        "1,48": 34.15605210870192,
        "1,49": 23.787357116163676,
        "1,50": 30.439333677426323,
        "1,51": 36.320482900246624,
        "1,52": 20.146739731438757,
        "1,53": 69.11658303456274,
        "1,54": 32.59411992627867,
        "1,55": 66.37085916271981,
        "1,56": 45.42111944344832,
        "1,57": 18.17567716072469,
        "1,58": 79.79570077094957,
        "1,59": 36.93622705409299,
        "1,60": 38.277720730003544,
        "2,0": 70.33018881827115,
        "2,1": 43.362154328723804,
        "2,2": 0.0,
        "2,3": 39.16865285035862,
        "2,4": 84.86066976702726,
        "2,5": 101.72814091417592,
        "2,6": 105.10608631234544,
        "2,7": 101.31873856255109,
        "2,8": 37.851522389621856,
        "2,9": 125.43541569140757,
        "2,10": 22.618388718511884,
        "2,11": 106.16302250450893,
        "2,12": 90.0050936812011,
        "2,13": 123.76774069556107,
        "2,14": 77.12127401090466,
        "2,15": 78.44766982705382,
        "2,16": 83.04304326733778,
        "2,17": 30.614287172366836,
        "2,18": 44.31196287338175,
        "2,19": 68.13087418511395,
        "2,20": 97.18943987358935,
        "2,21": 40.37187072682491,
        "2,22": 25.44959777378521,
        "2,23": 49.866227109952604,
        "2,24": 54.042618934890044,
        "2,25": 60.07415331757615,
        "2,26": 104.46489232109843,
        "2,27": 62.91898036252131,
        "2,28": 52.73698750111005,
        "2,29": 70.63769806362146,
        "2,30": 92.63078293050705,
        "2,31": 90.68750282417285,
        "2,32": 38.68898877356065,
        "2,33": 89.32585978041799,
        "2,34": 79.20734877830219,
        "2,35": 105.04632665837804,
        "2,36": 107.1804014733278,
        "2,37": 134.35999730346666,
        "2,38": 106.5879473440228,
        "2,39": 81.28124721345223,
        "2,40": 124.86304517627535,
        "2,41": 51.7095489093472,
        "2,42": 115.74167705377967,
        "2,43": 69.43863836495706,
        "2,44": 92.98837063038569,
        "2,45": 70.60956143300615,
        "2,46": 25.001730310102506,
        "2,47": 73.47986490014222,
        "2,48": 77.10244428857446,
        "2,49": 59.827081904237986,
        "2,50": 65.92559164099394,
        "2,51": 46.947405874158,
        "2,52": 23.993652576817286,
        "2,53": 96.66131485862763,
        "2,54": 58.71427440317151,
        "2,55": 77.61703486124289,
        "2,56": 86.14991206960043,
        "2,57": 25.678862070242207,
        "2,58": 119.29722157190497,
        "2,59": 80.04541296525782,
        "2,60": 17.376333856137155,
        "3,0": 34.15173013835191,
        "3,1": 27.6988831825882,
        "3,2": 39.16865285035862,
        "3,3": 0.0,
        "3,4": 53.20764242229066,
        "3,5": 62.7706923921221,
        "3,6": 68.31947270657213,
        "3,7": 78.9762402208555,
        "3,8": 11.535788351801141,
        "3,9": 88.66122290971742,
        "3,10": 22.075922694709785,
        "3,11": 67.92998513586004,
        "3,12": 52.22311799159868,
        "3,13": 89.0191921123899,
        "3,14": 39.35615206072351,
        "3,15": 44.211121179132334,
        "3,16": 46.648755608072115,
        "3,17": 8.949891640282242,
        "3,18": 17.998631639042863,
        "3,19": 53.593883549012624,
        "3,20": 64.49338034103742,
        "3,21": 8.546289018113521,
        "3,22": 17.566043452167797,
        "3,23": 30.318895688642797,
        "3,24": 33.048795574680035,
        "3,25": 46.374034921604206,
        "3,26": 77.03514793611043,
        "3,27": 54.062147742483965,
        "3,28": 25.04036219687768,
        "3,29": 50.47753305473721,
        "3,30": 53.48135477660782,
        "3,31": 54.66292989667144,
        "3,32": 8.358793473969858,
        "3,33": 56.46498902119204,
        "3,34": 52.55860494824377,
        "3,35": 79.26997673283901,
        "3,36": 68.87053673208413,
        "3,37": 97.43094937342087,
        "3,38": 67.44201730591942,
        "3,39": 51.87302599262384,
        "3,40": 89.31015722080411,
        "3,41": 18.86036598641579,
        "3,42": 76.68539742276258,
        "3,43": 32.77952800217793,
        "3,44": 57.704259765609635,
        "3,45": 36.402223373111894,
        "3,46": 28.246458722418936,
        "3,47": 63.14114488699562,
        "3,48": 56.028577730230104,
        "3,49": 51.42275403472533,
        "3,50": 30.58800210218701,
        "3,51": 10.007666359983796,
        "3,52": 29.46989598032409,
        "3,53": 57.501375033413666,
        "3,54": 20.11794398270467,
        "3,55": 42.89924518561614,
        "3,56": 53.045199343010374,
        "3,57": 28.226868742483568,
        "3,58": 83.30057578598799,
        "3,59": 57.92641640031835,
        "3,60": 24.106674028542425,
        "4,0": 58.04244783915398,
        "4,1": 78.14418574620281,
        "4,2": 84.86066976702726,
        "4,3": 53.20764242229066,
        "4,4": 0.0,
        "4,5": 40.24745985297333,
        "4,6": 72.67767845644694,
        "4,7": 111.35194015673102,
        "4,8": 63.63703636609301,
        "4,9": 87.51107527941252,
        "4,10": 62.24755185148423,
        "4,11": 64.40761685181558,
        "4,12": 24.5655920469705,
        "4,13": 95.4075900967994,
        "4,14": 24.443641057986774,
        "4,15": 67.2598655075508,
        "4,16": 62.003934848669175,
        "4,17": 57.928194994107066,
        "4,18": 40.71736200111201,
        "4,19": 98.27868694077371,
        "4,20": 83.00715885755838,
        "4,21": 59.575399610579105,
        "4,22": 59.708472685274835,
        "4,23": 77.99819116774917,
        "4,24": 78.81565678473528,
        "4,25": 93.09837203062698,
        "4,26": 102.5414391170919,
        "4,27": 101.98455032513895,
        "4,28": 68.83057402373645,
        "4,29": 91.49615216826713,
        "4,30": 44.65538687892187,
        "4,31": 67.3779676995866,
        "4,32": 48.54866083128378,
        "4,33": 77.38894991855804,
        "4,34": 85.79671734511132,
        "4,35": 106.90706618729818,
        "4,36": 64.43639344462834,
        "4,37": 93.80316868912399,
        "4,38": 52.20955188908944,
        "4,39": 81.22883274298653,
        "4,40": 92.91226248866666,
        "4,41": 34.86368086900119,
        "4,42": 61.149211474917756,
        "4,43": 23.737718700223816,
        "4,44": 71.60851992413743,
        "4,45": 63.892358285298116,
        "4,46": 81.29164712959627,
        "4,47": 108.87059408312342,
        "4,48": 94.74735516849896,
        "4,49": 99.97350435893856,
        "4,50": 59.294845978984824,
        "4,51": 43.226144663879495,
        "4,52": 82.42043660884067,
        "4,53": 43.045059451682384,
        "4,54": 47.91517560208721,
        "4,55": 12.829820330695146,
        "4,56": 74.7483885671538,
        "4,57": 81.32550324336283,
        "4,58": 86.6182767281858,
        "4,59": 95.08398864836333,
        "4,60": 67.55371025116973,
        "5,0": 42.969993695682284,
        "5,1": 76.33219337542802,
        "5,2": 101.72814091417592,
        "5,3": 62.7706923921221,
        "5,4": 40.24745985297333,
        "5,5": 0.0,
        "5,6": 37.29509929008027,
        "5,7": 86.09869760370266,
        "5,8": 68.04683432353312,
        "5,9": 48.28436208541536,
        "5,10": 81.53407336957213,
        "5,11": 26.898076907641478,
        "5,12": 16.41503991498643,
        "5,13": 57.9265482486248,
        "5,14": 26.40825505848233,
        "5,15": 46.13794213128349,
        "5,16": 37.867940693996125,
        "5,17": 71.11452220723692,
        "5,18": 61.63817469777036,
        "5,19": 85.58761400191635,
        "5,20": 53.427947272024014,
        "5,21": 64.17722942571203,
        "5,22": 77.47815047876293,
        "5,23": 72.86239737331736,
        "5,24": 71.47779157746947,
        "5,25": 83.54269410276885,
        "5,26": 73.83205618107651,
        "5,27": 92.43204169844093,
        "5,28": 63.05493340091082,
        "5,29": 76.55416121684983,
        "5,30": 13.68272235300563,
        "5,31": 38.76296271581605,
        "5,32": 63.59023045981083,
        "5,33": 50.87471047695179,
        "5,34": 65.76865881029642,
        "5,35": 78.97633701175207,
        "5,36": 26.50622285439613,
        "5,37": 53.88097808323444,
        "5,38": 12.30551310866722,
        "5,39": 59.53140481300814,
        "5,40": 54.67738131962201,
        "5,41": 52.7787753564789,
        "5,42": 20.912254308138582,
        "5,43": 34.980504294519314,
        "5,44": 42.23801860768069,
        "5,45": 47.84616930818788,
        "5,46": 88.01951696260133,
        "5,47": 95.74008139070023,
        "5,48": 77.12464788728892,
        "5,49": 91.53621417368036,
        "5,50": 47.013482487887366,
        "5,51": 54.966990549071284,
        "5,52": 89.49510372147883,
        "5,53": 8.21808304123845,
        "5,54": 45.22352729677596,
        "5,55": 33.672998648070724,
        "5,56": 49.62296060960741,
        "5,57": 87.74062931720108,
        "5,58": 48.78917441515679,
        "5,59": 76.08768881685305,
        "5,60": 85.38408255048488,
        "6,0": 34.7926839233352,
        "6,1": 67.25602031174597,
        "6,2": 105.10608631234544,
        "6,3": 68.31947270657213,
        "6,4": 72.67767845644694,
        "6,5": 37.29509929008027,
        "6,6": 0.0,
        "6,7": 52.65925150477846,
        "6,8": 67.26537779726557,
        "6,9": 20.387498325667387,
        "6,10": 90.35368656115104,
        "6,11": 11.154243735871566,
        "6,12": 48.7599934503784,
        "6,13": 23.19971075853564,
        "6,14": 50.367486082013556,
        "6,15": 27.843342208597146,
        "6,16": 22.06318710357825,
        "6,17": 77.14732406757454,
        "6,18": 76.59204284830173,
        "6,19": 63.747405434819456,
        "6,20": 19.89562424261352,
        "6,21": 64.87870392761312,
        "6,22": 85.84060755078686,
        "6,23": 61.44484039056914,
        "6,24": 58.225325403983184,
        "6,25": 65.17618298427873,
        "6,26": 38.63664042300861,
        "6,27": 72.54023722670313,
        "6,28": 54.19577660665188,
        "6,29": 54.14767341777265,
        "6,30": 28.094993668694457,
        "6,31": 14.678306036525662,
        "6,32": 73.38354397108574,
        "6,33": 22.272953073878114,
        "6,34": 40.408488766130354,
        "6,35": 44.01614977585185,
        "6,36": 12.07064873974848,
        "6,37": 29.268111588461085,
        "6,38": 26.699197459186593,
        "6,39": 34.04130782554429,
        "6,40": 21.877443676052565,
        "6,41": 68.64897686600577,
        "6,42": 26.24612219034541,
        "6,43": 56.672877080522845,
        "6,44": 13.80880895370087,
        "6,45": 35.034785359683354,
        "6,46": 84.36961828035486,
        "6,47": 72.00248177536803,
        "6,48": 51.84291428279957,
        "6,49": 72.8552111693396,
        "6,50": 39.19567168050113,
        "6,51": 65.32115227759483,
        "6,52": 85.88320638292251,
        "6,53": 30.892526676569734,
        "6,54": 48.49867749719733,
        "6,55": 62.0802044525896,
        "6,56": 23.58429488980893,
        "6,57": 83.85646477082135,
        "6,58": 15.470220841349896,
        "6,59": 49.590144908984094,
        "6,60": 92.2105897268079,
        "7,0": 53.80844452994222,
        "7,1": 58.47276965191006,
        "7,2": 101.31873856255109,
        "7,3": 78.9762402208555,
        "7,4": 111.35194015673102,
        "7,5": 86.09869760370266,
        "7,6": 52.65925150477846,
        "7,7": 0.0,
        "7,8": 70.36039713082604,
        "7,9": 60.89451610850517,
        "7,10": 97.5069156844562,
        "7,11": 63.441788548952594,
        "7,12": 91.92287918920391,
        "7,13": 49.22165399731391,
        "7,14": 86.95412061154784,
        "7,15": 44.09598628438235,
        "7,16": 50.20610448535844,
        "7,17": 84.8745194360177,
        "7,18": 95.23612915833905,
        "7,19": 34.401883892279635,
        "7,20": 33.22653455615659,
        "7,21": 71.11406572873594,
        "7,22": 93.68036014415662,
        "7,23": 52.41499373329394,
        "7,24": 48.41590917412913,
        "7,25": 41.80383509722607,
        "7,26": 15.115950640493429,
        "7,27": 42.47851922530795,
        "7,28": 54.09529676381322,
        "7,29": 30.75445065356183,
        "7,30": 73.32303826450246,
        "7,31": 47.380576483363285,
        "7,32": 87.09887973340285,
        "7,33": 35.427400655466656,
        "7,34": 26.99176517776215,
        "7,35": 10.251969788557364,
        "7,36": 64.51270054687741,
        "7,37": 67.20179882391699,
        "7,38": 77.96068125115038,
        "7,39": 30.278911810687486,
        "7,40": 53.71243004894715,
        "7,41": 90.92035167131037,
        "7,42": 78.90139406135458,
        "7,43": 88.97301249459595,
        "7,44": 43.88561066778363,
        "7,45": 48.24828544551639,
        "7,46": 76.31806528843487,
        "7,47": 34.622584879294244,
        "7,48": 24.31774239393967,
        "7,49": 44.923983471441495,
        "7,50": 53.83149020088065,
        "7,51": 82.87367835936405,
        "7,52": 77.37280075080992,
        "7,53": 78.17240212045068,
        "7,54": 67.62912537197398,
        "7,55": 98.67868321621276,
        "7,56": 37.32074341463592,
        "7,57": 75.64126377119561,
        "7,58": 53.21574989713527,
        "7,59": 21.635203654010585,
        "7,60": 96.25534225039856,
        "8,0": 32.51979674439577,
        "8,1": 16.207649456124614,
        "8,2": 37.851522389621856,
        "8,3": 11.535788351801141,
        "8,4": 63.63703636609301,
        "8,5": 68.04683432353312,
        "8,6": 67.26537779726557,
        "8,7": 70.36039713082604,
        "8,8": 0.0,
        "8,9": 87.58477974633082,
        "8,10": 27.29120984992528,
        "8,11": 68.76377986103621,
        "8,12": 59.628044505744626,
        "8,13": 86.19802680809462,
        "8,14": 47.17131772326858,
        "8,15": 40.77187864312799,
        "8,16": 45.20539523084683,
        "8,17": 14.602073755540415,
        "8,18": 29.41070338577412,
        "8,19": 42.79148291097319,
        "8,20": 60.1414138455477,
        "8,21": 4.187375961420096,
        "8,22": 23.330994216932595,
        "8,23": 19.477583459027493,
        "8,24": 22.719795040231393,
        "8,25": 35.28157439813218,
        "8,26": 70.15227146638803,
        "8,27": 42.67920826677957,
        "8,28": 16.677941669446174,
        "8,29": 40.69082966404995,
        "8,30": 57.132712516433436,
        "8,31": 52.83863272538212,
        "8,32": 19.454536870880673,
        "8,33": 52.14304841357817,
        "8,34": 44.93780827475184,
        "8,35": 71.77674615765291,
        "8,36": 69.83010014076237,
        "8,37": 96.51192969281871,
        "8,38": 70.85618268598743,
        "8,39": 45.49118693119888,
        "8,40": 87.11893941818471,
        "8,41": 30.081536123138175,
        "8,42": 79.44817126848368,
        "8,43": 41.79909528009962,
        "8,44": 55.209921017498196,
        "8,45": 32.867741290891324,
        "8,46": 19.999769151228598,
        "8,47": 52.001420318823094,
        "8,48": 46.63254688621532,
        "8,49": 39.98207000743883,
        "8,50": 28.075679711272024,
        "8,51": 20.73520102676163,
        "8,52": 21.459223477576966,
        "8,53": 61.79542787891797,
        "8,54": 22.875445719668043,
        "8,55": 52.57202934627625,
        "8,56": 48.8515948012414,
        "8,57": 19.75722200649356,
        "8,58": 81.48139853616557,
        "8,59": 48.8691331875844,
        "8,60": 26.935997120144357,
        "9,0": 55.15919358701564,
        "9,1": 86.7701338612884,
        "9,2": 125.43541569140757,
        "9,3": 88.66122290971742,
        "9,4": 87.51107527941252,
        "9,5": 48.28436208541536,
        "9,6": 20.387498325667387,
        "9,7": 60.89451610850517,
        "9,8": 87.58477974633082,
        "9,9": 0.0,
        "9,10": 110.66833574411602,
        "9,11": 23.63100116034565,
        "9,12": 62.94801148301423,
        "9,13": 13.49312188816077,
        "9,14": 67.4244088911621,
        "9,15": 47.57477727714928,
        "9,16": 42.41733610430958,
        "9,17": 97.50949060163495,
        "9,18": 96.26834600705554,
        "9,19": 79.8084482488101,
        "9,20": 33.746350216445535,
        "9,21": 85.25301943656096,
        "9,22": 106.15729229667738,
        "9,23": 80.71295519404293,
        "9,24": 77.23913860093347,
        "9,25": 82.51229922341393,
        "9,26": 45.77892175787534,
        "9,27": 89.00656987864325,
        "9,28": 74.06386005173036,
        "9,29": 70.52458040517456,
        "9,30": 43.7405774666928,
        "9,31": 34.78352931529397,
        "9,32": 93.53995571231184,
        "9,33": 39.39772033721035,
        "9,34": 56.54807039820337,
        "9,35": 50.84630241209713,
        "9,36": 23.338891813925848,
        "9,37": 8.955551610937514,
        "9,38": 35.988917068992116,
        "9,39": 50.84902099450796,
        "9,40": 8.607386123447947,
        "9,41": 88.06421286834596,
        "9,42": 29.45806401257071,
        "9,43": 74.61971795629879,
        "9,44": 32.95900764759409,
        "9,45": 55.09334784078082,
        "9,46": 104.32000876501499,
        "9,47": 86.74629727843704,
        "9,48": 66.98776090660833,
        "9,49": 89.76720582149184,
        "9,50": 59.50983034573571,
        "9,51": 85.33539268893949,
        "9,52": 105.82137011953206,
        "9,53": 44.48182055793592,
        "9,54": 68.75311852889853,
        "9,55": 78.34916171248416,
        "9,56": 41.68496780316546,
        "9,57": 103.78730939086334,
        "9,58": 7.973890025959738,
        "9,59": 64.22678571243743,
        "9,60": 112.58738007126321,
        "10,0": 56.19907103260719,
        "10,1": 40.400563603859425,
        "10,2": 22.618388718511884,
        "10,3": 22.075922694709785,
        "10,4": 62.24755185148423,
        "10,5": 81.53407336957213,
        "10,6": 90.35368656115104,
        "10,7": 97.5069156844562,
        "10,8": 27.29120984992528,
        "10,9": 110.66833574411602,
        "10,10": 0.0,
        "10,11": 89.54861459201034,
        "10,12": 68.672581119808,
        "10,13": 111.05921013264731,
        "10,14": 55.970704912499826,
        "10,15": 66.03958051518072,
        "10,16": 68.72462413839736,
        "10,17": 13.573395026417868,
        "10,18": 21.83672890705658,
        "10,19": 68.02374367100617,
        "10,20": 86.15564001693573,
        "10,21": 27.48434555783215,
        "10,22": 4.513732847894548,
        "10,23": 45.55731585092686,
        "10,24": 49.30617250158719,
        "10,25": 59.98789311110845,
        "10,26": 97.35631380695662,
        "10,27": 65.73080062191394,
        "10,28": 43.94104662166152,
        "10,29": 67.37525525920219,
        "10,30": 73.85794465062077,
        "10,31": 76.73648278079318,
        "10,32": 18.082140389330785,
        "10,33": 78.10697037959967,
        "10,34": 72.2153544217722,
        "10,35": 99.06331789170238,
        "10,36": 90.43878045000041,
        "10,37": 119.40238846046937,
        "10,38": 87.72346828065108,
        "10,39": 72.49025046239349,
        "10,40": 111.38547950168932,
        "10,41": 29.744894644161707,
        "10,42": 97.28753419358746,
        "10,43": 47.885388042284255,
        "10,44": 79.74099974785241,
        "10,45": 58.1459533664592,
        "10,46": 28.846146681932755,
        "10,47": 75.97987443095676,
        "10,48": 73.52884577813519,
        "10,49": 62.70024464568752,
        "10,50": 52.49583072353113,
        "10,51": 26.830649938120523,
        "10,52": 29.061316293706717,
        "10,53": 77.30290109903909,
        "10,54": 41.94985239940943,
        "10,55": 55.35147593055148,
        "10,56": 74.71338741641658,
        "10,57": 29.31361793047239,
        "10,58": 105.37316315535404,
        "10,59": 75.92548761841917,
        "10,60": 5.591732560606114,
        "11,0": 36.71467107848418,
        "11,1": 71.2971861703642,
        "11,2": 106.16302250450893,
        "11,3": 67.92998513586004,
        "11,4": 64.40761685181558,
        "11,5": 26.898076907641478,
        "11,6": 11.154243735871566,
        "11,7": 63.441788548952594,
        "11,8": 68.76377986103621,
        "11,9": 23.63100116034565,
        "11,10": 89.54861459201034,
        "11,11": 0.0,
        "11,12": 39.96356688814098,
        "11,13": 31.28401633772771,
        "11,14": 43.79341112523307,
        "11,15": 32.857702424803705,
        "11,16": 25.107331967222343,
        "11,17": 76.87931058930772,
        "11,18": 73.64736776247975,
        "11,19": 71.5675050546394,
        "11,20": 30.31173507389926,
        "11,21": 65.83996615992311,
        "11,22": 85.08160833555277,
        "11,23": 66.03781711478578,
        "11,24": 63.28912478269856,
        "11,25": 71.99243275011771,
        "11,26": 49.680863511942256,
        "11,27": 79.93793738689953,
        "11,28": 57.715196108903626,
        "11,29": 61.94287175070609,
        "11,30": 20.146755198438196,
        "11,31": 20.257761688514833,
        "11,32": 71.88338957619892,
        "11,33": 30.957431282135943,
        "11,34": 48.7581239476266,
        "11,35": 55.04172744750104,
        "11,36": 1.25728257087615,
        "11,37": 31.248916923926334,
        "11,38": 15.667436040578817,
        "11,39": 42.1985530709061,
        "11,40": 28.51168704903342,
        "11,41": 65.1972528713411,
        "11,42": 15.746823759737756,
        "11,43": 51.06426701870016,
        "11,44": 21.573939001067448,
        "11,45": 38.680280423108,
        "11,46": 87.17395326829038,
        "11,47": 80.48677223720772,
        "11,48": 60.45673976466028,
        "11,49": 79.90589196290595,
        "11,50": 41.43470646569837,
        "11,51": 63.37964804475347,
        "11,52": 88.70561077540158,
        "11,53": 21.504373085985176,
        "11,54": 47.817254883356995,
        "11,55": 54.80730284322835,
        "11,56": 31.33240558094495,
        "11,57": 86.72059585932232,
        "11,58": 22.28834389073223,
        "11,59": 58.521335220784295,
        "11,60": 92.0360600167055,
        "12,0": 41.864411019066694,
        "12,1": 70.71955740231921,
        "12,2": 90.0050936812011,
        "12,3": 52.22311799159868,
        "12,4": 24.5655920469705,
        "12,5": 16.41503991498643,
        "12,6": 48.7599934503784,
        "12,7": 91.92287918920391,
        "12,8": 59.628044505744626,
        "12,9": 62.94801148301423,
        "12,10": 68.672581119808,
        "12,11": 39.96356688814098,
        "12,12": 0.0,
        "12,13": 71.12914021604915,
        "12,14": 12.921719931468198,
        "12,15": 48.63019447592012,
        "12,16": 41.723622910873665,
        "12,17": 59.755607336501306,
        "12,18": 47.66654808971275,
        "12,19": 85.05642475527523,
        "12,20": 61.22725332326009,
        "12,21": 55.49707941266071,
        "12,22": 64.93996270065136,
        "12,23": 68.54255621245726,
        "12,24": 68.08327165973579,
        "12,25": 81.51399640233913,
        "12,26": 81.44132256936705,
        "12,27": 90.60434936026806,
        "12,28": 58.60992677843796,
        "12,29": 76.88454705868428,
        "12,30": 20.71232278582074,
        "12,31": 45.536796185608054,
        "12,32": 51.32192851465338,
        "12,33": 56.730420097658794,
        "12,34": 68.39542312087815,
        "12,35": 86.20164870213374,
        "12,36": 39.93936876361036,
        "12,37": 69.29387220379483,
        "12,38": 27.83712610639703,
        "12,39": 62.87637103353656,
        "12,40": 68.47143785015776,
        "12,41": 39.057875175544886,
        "12,42": 37.15578998346336,
        "12,43": 20.809341730690686,
        "12,44": 49.62437383627555,
        "12,45": 47.604634999644524,
        "12,46": 79.43032965802222,
        "12,47": 95.61620575319756,
        "12,48": 78.79882229590825,
        "12,49": 89.19063802852253,
        "12,50": 44.731774015421266,
        "12,51": 43.20431703222256,
        "12,52": 80.81745367057091,
        "12,53": 18.507808255555013,
        "12,54": 38.13831227045985,
        "12,55": 17.332090376082224,
        "12,56": 54.60642717472928,
        "12,57": 79.258702850142,
        "12,58": 62.2348945628724,
        "12,59": 78.43602852033386,
        "12,60": 73.03988647966443,
        "13,0": 54.86753085173816,
        "13,1": 82.90535100898516,
        "13,2": 123.76774069556107,
        "13,3": 89.0191921123899,
        "13,4": 95.4075900967994,
        "13,5": 57.9265482486248,
        "13,6": 23.19971075853564,
        "13,7": 49.22165399731391,
        "13,8": 86.19802680809462,
        "13,9": 13.49312188816077,
        "13,10": 111.05921013264731,
        "13,11": 31.28401633772771,
        "13,12": 71.12914021604915,
        "13,13": 0.0,
        "13,14": 73.53248223434007,
        "13,15": 45.43228610165697,
        "13,16": 42.552518532813615,
        "13,17": 97.58013436023025,
        "13,18": 98.89077199070516,
        "13,19": 71.9905289509926,
        "13,20": 27.378585417482444,
        "13,21": 84.4379569269267,
        "13,22": 106.56364951105326,
        "13,23": 76.51249112290085,
        "13,24": 72.70237696405076,
        "13,25": 75.79455024911356,
        "13,26": 34.288326940937345,
        "13,27": 81.34255432563403,
        "13,28": 71.23513823304067,
        "13,29": 63.22407923960008,
        "13,30": 50.76955426009552,
        "13,31": 34.50809649952078,
        "13,32": 94.84160704935175,
        "13,33": 34.716917902803274,
        "13,34": 49.610040951077046,
        "13,35": 38.99186558866901,
        "13,36": 31.497906469932474,
        "13,37": 18.03427977928131,
        "13,38": 45.97486859733364,
        "13,39": 44.83525707620546,
        "13,40": 4.955062064338332,
        "13,41": 91.24622639044557,
        "13,42": 41.15802503522102,
        "13,43": 79.857628515797,
        "13,44": 31.318231005455353,
        "13,45": 53.36233242182146,
        "13,46": 101.22917778764739,
        "13,47": 77.78943325676198,
        "13,48": 58.81840263088081,
        "13,49": 82.49258082838584,
        "13,50": 58.655508158620194,
        "13,51": 87.17838404476457,
        "13,52": 102.67958105514246,
        "13,53": 52.75674751530537,
        "13,54": 69.90016225868452,
        "13,55": 85.150845823102,
        "13,56": 37.718512158523495,
        "13,57": 100.6473115267102,
        "13,58": 9.170148115763826,
        "13,59": 55.79047887498187,
        "13,60": 112.33073017784578,
        "14,0": 34.03950974199007,
        "14,1": 59.1612406682746,
        "14,2": 77.12127401090466,
        "14,3": 39.35615206072351,
        "14,4": 24.443641057986774,
        "14,5": 26.40825505848233,
        "14,6": 50.367486082013556,
        "14,7": 86.95412061154784,
        "14,8": 47.17131772326858,
        "14,9": 67.4244088911621,
        "14,10": 55.970704912499826,
        "14,11": 43.79341112523307,
        "14,12": 12.921719931468198,
        "14,13": 73.53248223434007,
        "14,14": 0.0,
        "14,15": 42.85918717484028,
        "14,16": 37.6261931843979,
        "14,17": 46.83425092613622,
        "14,18": 35.385336676527984,
        "14,19": 75.88621301835845,
        "14,20": 58.83956829820303,
        "14,21": 43.00409400481678,
        "14,22": 52.15118708250274,
