{
    "num_robots": 5,
    "num_tasks": 40,
    "num_nodes": 41,
    "robot_capacity": [
        119,
        132,
        111,
        109,
        129
    ],
    "robot_speed": [
        1.01,
        0.88,
        1.17,
        1.17,
        0.91
    ],
    "task_demand": {
        "0": 0,
        "1": 12,
        "2": 9,
        "3": 11,
        "4": 15,
        "5": 6,
        "6": 7,
        "7": 6,
        "8": 13,
        "9": 14,
        "10": 14,
        "11": 9,
        "12": 9,
        "13": 9,
        "14": 5,
        "15": 7,
        "16": 15,
        "17": 9,
        "18": 12,
        "19": 9,
        "20": 14,
        "21": 11,
        "22": 10,
        "23": 8,
        "24": 6,
        "25": 6,
        "26": 7,
        "27": 11,
        "28": 9,
        "29": 15,
        "30": 13,
        "31": 8,
        "32": 7,
        "33": 9,
        "34": 12,
        "35": 13,
        "36": 14,
        "37": 7,
        "38": 14,
        "39": 13,
        "40": 6
    },
    "task_service_time": {
        "0": 0,
        "1": 89,
        "2": 89,
        "3": 59,
        "4": 78,
        "5": 43,
        "6": 70,
        "7": 45,
        "8": 17,
        "9": 37,
        "10": 81,
        "11": 46,
        "12": 62,
        "13": 58,
        "14": 23,
        "15": 61,
        "16": 70,
        "17": 94,
        "18": 41,
        "19": 37,
        "20": 20,
        "21": 68,
        "22": 57,
        "23": 70,
        "24": 78,
        "25": 71,
        "26": 43,
        "27": 72,
        "28": 37,
        "29": 17,
        "30": 78,
        "31": 69,
        "32": 52,
        "33": 39,
        "34": 16,
        "35": 21,
        "36": 16,
        "37": 81,
        "38": 57,
        "39": 65,
        "40": 32
    },
    "task_precedence": [],
    "coordinates": {
        "0": [
            0,
            100
        ],
        "1": [
            35.47049771334305,
            77.83813210966865
        ],
        "2": [
            8.283834872592655,
            34.029705150531164
        ],
        "3": [
            8.350094645447948,
            3.2576054246744923
        ],
        "4": [
            65.52324909387758,
            34.49154866307883
        ],
        "5": [
            50.78747919320612,
            0.7259852569113434
        ],
        "6": [
            60.70282240288765,
            44.461544491846325
        ],
        "7": [
            31.49227659132131,
            64.29795165369086
        ],
        "8": [
            55.65521769029984,
            61.94656494500986
        ],
        "9": [
            62.76117433180448,
            93.40626302321222
        ],
        "10": [
            23.355824647314627,
            90.63530829043066
        ],
        "11": [
            92.36967173593028,
            11.541619889834209
        ],
        "12": [
            68.45881228312756,
            48.528529564080316
        ],
        "13": [
            54.30170935987396,
            83.71723919962496
        ],
        "14": [
            78.16853762251303,
            66.46993507143691
        ],
        "15": [
            69.68226575898096,
            74.68810304099975
        ],
        "16": [
            13.151393169619086,
            2.8042560295483576
        ],
        "17": [
            10.609170594600393,
            71.3418845465286
        ],
        "18": [
            27.139046379499344,
            13.711116611592578
        ],
        "19": [
            72.24338696986958,
            43.96755385204435
        ],
        "20": [
            15.642789774602871,
            40.43925851578809
        ],
        "21": [
            29.32159325030771,
            16.785013466970046
        ],
        "22": [
            93.05616840788521,
            3.91501836516307
        ],
        "23": [
            76.8418778132903,
            95.59476025880005
        ],
        "24": [
            82.32421232807052,
            2.5815096613070576
        ],
        "25": [
            22.203693790728394,
            53.42462333770095
        ],
        "26": [
            94.72936102679535,
            47.895050902944945
        ],
        "27": [
            56.07728225000786,
            23.320634052799072
        ],
        "28": [
            41.99966145279333,
            24.76695927519218
        ],
        "29": [
            50.323843339534534,
            49.839223883599324
        ],
        "30": [
            11.272001418532918,
            30.40774854204408
        ],
        "31": [
            15.091786198226965,
            88.68604454592356
        ],
        "32": [
            83.81929669370484,
            79.49809593425607
        ],
        "33": [
            66.30222948273521,
            22.736542963217932
        ],
        "34": [
            70.79360711196354,
            68.87840161698242
        ],
        "35": [
            38.30621098780105,
            41.8449754712561
        ],
        "36": [
            21.576597022707467,
            96.4958159710409
        ],
        "37": [
            7.109855834423673,
            10.112207307804733
        ],
        "38": [
            59.94360452680723,
            10.439999273626821
        ],
        "39": [
            8.735663246684954,
            80.38346184689709
        ],
        "40": [
            92.55912070407221,
            19.450858460417674
        ]
    },
    "distance_matrix_str_keys": {
        "0,0": 0.0,
        "0,1": 41.82468883830189,
        "0,2": 66.48835779835623,
        "0,3": 97.10208539859434,
        "0,4": 92.65340451586276,
        "0,5": 111.51097724444588,
        "0,6": 82.27607603615819,
        "0,7": 47.60671949448396,
        "0,8": 67.42082152895362,
        "0,9": 63.10659530370984,
        "0,10": 25.163306534940638,
        "0,11": 127.89464909963236,
        "0,12": 85.64999269148977,
        "0,13": 56.690421930749935,
        "0,14": 85.05636677025355,
        "0,15": 74.13710467079422,
        "0,16": 98.08145486416629,
        "0,17": 30.558829854067216,
        "0,18": 90.45606245469007,
        "0,19": 91.42615589754318,
        "0,20": 61.58066902918108,
        "0,21": 88.22975583344231,
        "0,22": 133.7601367168995,
        "0,23": 76.96804741611992,
        "0,24": 127.54465177069264,
        "0,25": 51.59718722166415,
        "0,26": 108.1137251275324,
        "0,27": 94.99677229575646,
        "0,28": 86.16253233772697,
        "0,29": 71.05344938186806,
        "0,30": 70.49921615852745,
        "0,31": 18.861802635745605,
        "0,32": 86.29022290241396,
        "0,33": 101.81172539376765,
        "0,34": 77.33232631853834,
        "0,35": 69.6374373320898,
        "0,36": 21.859296530060632,
        "0,37": 90.16853844363543,
        "0,38": 107.76933447773642,
        "0,39": 21.473713732645884,
        "0,40": 122.70026498860823,
        "1,0": 41.82468883830189,
        "1,1": 0.0,
        "1,2": 51.55863563992673,
        "1,3": 79.35849811567896,
        "1,4": 52.74556059074919,
        "1,5": 78.61865627124186,
        "1,6": 41.84097047450946,
        "1,7": 14.112502615629266,
        "1,8": 25.689780604299056,
        "1,9": 31.418907212611142,
        "1,10": 17.621947159670437,
        "1,11": 87.36557409510523,
        "1,12": 44.12801490590093,
        "1,13": 19.727605841855617,
        "1,14": 44.18550119649129,
        "1,15": 34.3564805523207,
        "1,16": 78.28298018880304,
        "1,17": 25.69604674860964,
        "1,18": 64.6659663039121,
        "1,19": 49.99461426772504,
        "1,20": 42.329821027202996,
        "1,21": 61.36197782091911,
        "1,22": 93.70558262464068,
        "1,23": 45.02098327003572,
        "1,24": 88.65004114795192,
        "1,25": 27.78538279167749,
        "1,26": 66.39428434251606,
        "1,27": 58.282048379593746,
        "1,28": 53.47129477732352,
        "1,29": 31.694806169827796,
        "1,30": 53.246676030546084,
        "1,31": 23.086123261409202,
        "1,32": 48.37728643425934,
        "1,33": 63.14095984671125,
        "1,34": 36.441718237323585,
        "1,35": 36.10468937094237,
        "1,36": 23.262623314496462,
        "1,37": 73.42429365034465,
        "1,38": 71.70384415697644,
        "1,39": 26.85572708810598,
        "1,40": 81.65895296395935,
        "2,0": 66.48835779835623,
        "2,1": 51.55863563992673,
        "2,2": 0.0,
        "2,3": 30.772171062431838,
        "2,4": 57.241277412597256,
        "2,5": 53.997199365206946,
        "2,6": 53.44692250957236,
        "2,7": 38.14182105494786,
        "2,8": 54.98544326316143,
        "2,9": 80.58136347420563,
        "2,10": 58.57780452185899,
        "2,11": 87.0410359525908,
        "2,12": 61.89704205964381,
        "2,13": 67.72367246544616,
        "2,14": 77.04699991411708,
        "2,15": 73.64015639805677,
        "2,16": 31.602559968806904,
        "2,17": 37.384567905743424,
        "2,18": 27.71938024532426,
        "2,19": 64.72700472985326,
        "2,20": 9.758923690238415,
        "2,21": 27.20232837130311,
        "2,22": 89.96245268554938,
        "2,23": 92.14369898339619,
        "2,24": 80.44231780150352,
        "2,25": 23.87310880023405,
        "2,26": 87.55042435597284,
        "2,27": 48.978544445440974,
        "2,28": 34.96506003337154,
        "2,29": 44.91439852065012,
        "2,30": 4.695498799918901,
        "2,31": 55.078704027568854,
        "2,32": 88.16450846565311,
        "2,33": 59.10727218648464,
        "2,34": 71.5674735534857,
        "2,35": 31.022919233834838,
        "2,36": 63.86479880669576,
        "2,37": 23.946292611568996,
        "2,38": 56.7908973699603,
        "2,39": 46.3559587188694,
        "2,40": 85.52699324068053,
        "3,0": 97.10208539859434,
        "3,1": 79.35849811567896,
        "3,2": 30.772171062431838,
        "3,3": 0.0,
        "3,4": 65.14851341207913,
        "3,5": 42.512829921426416,
        "3,6": 66.62261401578151,
        "3,7": 65.28004636161114,
        "3,8": 75.38016075777593,
        "3,9": 105.29646745951848,
        "3,10": 88.65683781291376,
        "3,11": 84.42697572531233,
        "3,12": 75.24968111880696,
        "3,13": 92.65691319087962,
        "3,14": 94.1828731729535,
        "3,15": 94.14855922007273,
        "3,16": 4.822654164696985,
        "3,17": 68.12174753840787,
        "3,18": 21.501176791039473,
        "3,19": 75.76049567560332,
        "3,20": 37.89008747462477,
        "3,21": 24.955851459655655,
        "3,22": 84.70862485025822,
        "3,23": 114.96640606878171,
        "3,24": 73.97720724928547,
        "3,25": 52.04471054357044,
        "3,26": 97.23106087771201,
        "3,27": 51.77267188752966,
        "3,28": 39.936770642964866,
        "3,29": 62.70281299660472,
        "3,30": 27.306918729220456,
        "3,31": 85.69404072446211,
        "3,32": 107.2763387282686,
        "3,33": 61.138195425033615,
        "3,34": 90.58300691668555,
        "3,35": 48.850322756645305,
        "3,36": 94.17167446225113,
        "3,37": 6.965899746951828,
        "3,38": 52.09104571113337,
        "3,39": 77.12682018602578,
        "3,40": 85.75186011756051,
        "4,0": 92.65340451586276,
        "4,1": 52.74556059074919,
        "4,2": 57.241277412597256,
        "4,3": 65.14851341207913,
        "4,4": 0.0,
        "4,5": 36.84095800466448,
        "4,6": 11.07417402377484,
        "4,7": 45.238575891693436,
        "4,8": 29.174577337522724,
        "4,9": 58.97942543910875,
        "4,10": 70.21547856100146,
        "4,11": 35.318969964775604,
        "4,12": 14.340654240764609,
        "4,13": 50.48852902196328,
        "4,14": 34.38779608021863,
        "4,15": 40.41114207094079,
        "4,16": 61.21189269573589,
        "4,17": 66.13246760969867,
        "4,18": 43.64829176800529,
        "4,19": 11.617010261407346,
        "4,20": 50.233808081747426,
        "4,21": 40.299891742625256,
        "4,22": 41.14590928647725,
        "4,23": 62.1426892192428,
        "4,24": 36.06276410220518,
        "4,25": 47.276264534091716,
        "4,26": 32.13488519556616,
        "4,27": 14.629272806453773,
        "4,28": 25.45440657864114,
        "4,29": 21.600302543245437,
        "4,30": 54.40473598649435,
        "4,31": 74.02956054030754,
        "4,32": 48.583275466438614,
        "4,33": 11.780788150628421,
        "4,34": 34.788393606376694,
        "4,35": 28.19290777998683,
        "4,36": 75.99893020735026,
        "4,37": 63.29673606909438,
        "4,38": 24.69027058434328,
        "4,39": 73.01299611728986,
        "4,40": 30.938014084542587,
        "5,0": 111.51097724444588,
        "5,1": 78.61865627124186,
        "5,2": 53.997199365206946,
        "5,3": 42.512829921426416,
        "5,4": 36.84095800466448,
        "5,5": 0.0,
        "5,6": 44.84543647416406,
        "5,7": 66.43568133917982,
        "5,8": 61.413795318502416,
        "5,9": 93.45053912156301,
        "5,10": 94.00096829007059,
        "5,11": 42.965761824655985,
        "5,12": 50.964293926373635,
        "5,13": 83.06562492781413,
        "5,14": 71.21790012296049,
        "5,15": 76.33746017830009,
        "5,16": 37.693423572013735,
        "5,17": 81.24593352486119,
        "5,18": 26.978917896067085,
        "5,19": 48.27203365395206,
        "5,20": 53.0310594582486,
        "5,21": 26.808145149655257,
        "5,22": 42.38881951756447,
        "5,23": 98.38148279942332,
        "5,24": 31.591272649815203,
        "5,25": 59.95147407282783,
        "5,26": 64.46557013629017,
        "5,27": 23.20560644734931,
        "5,28": 25.596760974513312,
        "5,29": 49.115426971643096,
        "5,30": 49.42145339298861,
        "5,31": 94.92710112775144,
        "5,32": 85.41748291743383,
        "5,33": 26.929020165782035,
        "5,34": 71.02814238045487,
        "5,35": 42.97154188835485,
        "5,36": 100.12560168204628,
        "5,37": 44.67477976062484,
        "5,38": 13.349033651974842,
        "5,39": 90.07590577443126,
        "5,40": 45.776532317331565,
        "6,0": 82.27607603615819,
        "6,1": 41.84097047450946,
        "6,2": 53.44692250957236,
        "6,3": 66.62261401578151,
        "6,4": 11.07417402377484,
        "6,5": 44.84543647416406,
        "6,6": 0.0,
        "6,7": 35.309191943459886,
        "6,8": 18.19901792905556,
        "6,9": 48.98798102369506,
        "6,10": 59.38699103913443,
        "6,11": 45.67834040859832,
        "6,12": 8.75761078149503,
        "6,13": 39.77416014424138,
        "6,14": 28.096627271558148,
        "6,15": 31.53213035477762,
        "6,16": 63.21762494872495,
        "6,17": 56.85003634955107,
        "6,18": 45.52049951139445,
        "6,19": 11.551132294147216,
        "6,20": 45.23920119691862,
        "6,21": 41.84222643093544,
        "6,22": 51.87253395257358,
        "6,23": 53.61972458163033,
        "6,24": 47.13196176379656,
        "6,25": 39.52871976541343,
        "6,26": 34.19933182094846,
        "6,27": 21.641019289712773,
        "6,28": 27.160355601154873,
        "6,29": 11.689424367264934,
        "6,30": 51.38983599687785,
        "6,31": 63.53088248006591,
        "6,32": 41.97536564003507,
        "6,33": 22.43499612357339,
        "6,34": 26.419819225616,
        "6,35": 22.548938696042875,
        "6,36": 65.10320207847828,
        "6,37": 63.65597403693923,
        "6,38": 34.03001543958971,
        "6,39": 63.17412268666023,
        "6,40": 40.50133525226983,
        "7,0": 47.60671949448396,
        "7,1": 14.112502615629266,
        "7,2": 38.14182105494786,
        "7,3": 65.28004636161114,
        "7,4": 45.238575891693436,
        "7,5": 66.43568133917982,
        "7,6": 35.309191943459886,
        "7,7": 0.0,
        "7,8": 24.2770826502376,
        "7,9": 42.720460632930916,
        "7,10": 27.565525658836112,
        "7,11": 80.55611572544304,
        "7,12": 40.18954384033093,
        "7,13": 29.956284015458166,
        "7,14": 46.7267680866001,
        "7,15": 39.57815708793372,
        "7,16": 64.17057430164665,
        "7,17": 22.03908134812072,
        "7,18": 50.77379730583071,
        "7,19": 45.54094939565728,
        "7,20": 28.64338441249463,
        "7,21": 47.56249742498923,
        "7,22": 86.23347034724034,
        "7,23": 55.10060398812745,
        "7,24": 79.95501799727316,
        "7,25": 14.300595760693975,
        "7,26": 65.32980943595422,
        "7,27": 47.78664103075258,
        "7,28": 40.903600025621365,
        "7,29": 23.742003178376212,
        "7,30": 39.46397591490189,
        "7,31": 29.38971180624525,
        "7,32": 54.49001210263445,
        "7,33": 54.21331490177458,
        "7,34": 39.567348945298086,
        "7,35": 23.464139477264286,
        "7,36": 33.690104896036,
        "7,37": 59.41882977881779,
        "7,38": 60.911058896277666,
        "7,39": 27.867671038194473,
        "7,40": 75.76556749458919,
        "8,0": 67.42082152895362,
        "8,1": 25.689780604299056,
        "8,2": 54.98544326316143,
        "8,3": 75.38016075777593,
        "8,4": 29.174577337522724,
        "8,5": 61.413795318502416,
        "8,6": 18.19901792905556,
        "8,7": 24.2770826502376,
        "8,8": 0.0,
        "8,9": 32.25224368881323,
        "8,10": 43.20063408891897,
        "8,11": 62.35871728863564,
        "8,12": 18.546582110495837,
        "8,13": 21.81270827524846,
        "8,14": 22.96324131456272,
        "8,15": 18.950062547987866,
        "8,16": 72.83122821109569,
        "8,17": 46.01541469293366,
        "8,18": 56.03419047467974,
        "8,19": 24.46246512370816,
        "8,20": 45.4264088119377,
        "8,21": 52.27834645482,
        "8,22": 69.03978210443728,
        "8,23": 39.76274154333534,
        "8,24": 65.08029704777422,
        "8,25": 34.51996436791299,
        "8,26": 41.52389341518138,
        "8,27": 38.62823676771185,
        "8,28": 39.60804582302492,
        "8,29": 13.229182138186617,
        "8,30": 54.447835831430616,
        "8,31": 48.58386299729335,
        "8,32": 33.18541224960914,
        "8,33": 40.62984966648122,
        "8,34": 16.649960778597734,
        "8,35": 26.553002333722564,
        "8,36": 48.528374514971766,
        "8,37": 71.01727106401401,
        "8,38": 51.684780824920054,
        "8,39": 50.411940614879725,
        "8,40": 56.28306252572374,
        "9,0": 63.10659530370984,
        "9,1": 31.418907212611142,
        "9,2": 80.58136347420563,
        "9,3": 105.29646745951848,
        "9,4": 58.97942543910875,
        "9,5": 93.45053912156301,
        "9,6": 48.98798102369506,
        "9,7": 42.720460632930916,
        "9,8": 32.25224368881323,
        "9,9": 0.0,
        "9,10": 39.50265527642477,
        "9,11": 87.05448244568144,
        "9,12": 45.23797120399239,
        "9,13": 12.862337667211238,
        "9,14": 31.031477681500522,
        "9,15": 19.95672868140057,
        "9,16": 103.29498563938058,
        "9,17": 56.62745174707837,
        "9,18": 87.29405685050897,
        "9,19": 50.33982837698992,
        "9,20": 70.89178887409898,
        "9,21": 83.60036762159565,
        "9,22": 94.47999543033741,
        "9,23": 14.249762478150373,
        "9,24": 92.9077406834019,
        "9,25": 56.95121368137658,
        "9,26": 55.61686245395144,
        "9,27": 70.40362065646568,
        "9,28": 71.7104904183363,
        "9,29": 45.30755016113584,
        "9,30": 81.36306136157077,
        "9,31": 47.90251587863626,
        "9,32": 25.236513808034005,
        "9,33": 70.75838045729914,
        "9,34": 25.80960986785719,
        "9,35": 57.06672941541382,
        "9,36": 41.300299581799955,
        "9,37": 100.17469225317502,
        "9,38": 83.01409290097556,
        "9,39": 55.572917851109885,
        "9,40": 79.73280047791596,
        "10,0": 25.163306534940638,
        "10,1": 17.621947159670437,
        "10,2": 58.57780452185899,
        "10,3": 88.65683781291376,
        "10,4": 70.21547856100146,
        "10,5": 94.00096829007059,
        "10,6": 59.38699103913443,
        "10,7": 27.565525658836112,
        "10,8": 43.20063408891897,
        "10,9": 39.50265527642477,
        "10,10": 0.0,
        "10,11": 104.9701035284879,
        "10,12": 61.703000805358926,
        "10,13": 31.70973763039005,
        "10,14": 59.90324504160641,
        "10,15": 48.994412960460764,
        "10,16": 88.42185342457385,
        "10,17": 23.12387055190674,
        "10,18": 77.0171671260213,
        "10,19": 67.58604185897573,
        "10,20": 50.7851781519575,
        "10,21": 74.09086610734492,
        "10,22": 111.25891696877234,
        "10,23": 53.71549168629232,
        "10,24": 105.9751961483732,
        "10,25": 37.22851702877786,
        "10,26": 83.19201462196709,
        "10,27": 74.84623674817132,
        "10,28": 68.45605928493539,
        "10,29": 48.90393169381404,
        "10,30": 61.42782543009251,
        "10,31": 8.49081625249593,
        "10,32": 61.48063883021336,
        "10,33": 80.34074944415033,
        "10,34": 52.18913865126046,
        "10,35": 51.029507427914936,
        "10,36": 6.124638864019401,
        "10,37": 82.14561031806628,
        "10,38": 88.14733816066632,
        "10,39": 17.856356707969674,
        "10,40": 99.27901129000468,
        "11,0": 127.89464909963236,
        "11,1": 87.36557409510523,
        "11,2": 87.0410359525908,
        "11,3": 84.42697572531233,
        "11,4": 35.318969964775604,
        "11,5": 42.965761824655985,
        "11,6": 45.67834040859832,
        "11,7": 80.55611572544304,
        "11,8": 62.35871728863564,
        "11,9": 87.05448244568144,
        "11,10": 104.9701035284879,
        "11,11": 0.0,
        "11,12": 44.04271434667175,
        "11,13": 81.59956974284043,
        "11,14": 56.73439890222464,
        "11,15": 67.09841074364839,
        "11,16": 79.69866489619955,
        "11,17": 101.29585973716843,
        "11,18": 65.2666928870827,
        "11,19": 38.164231052206205,
        "11,20": 81.98834022996009,
        "11,21": 63.26573620004728,
        "11,22": 7.657436156881841,
        "11,23": 85.47539289169164,
        "11,24": 13.460862900361,
        "11,25": 81.71566825781072,
        "11,26": 36.429933845320456,
        "11,27": 38.15603109927996,
        "11,28": 52.077322682538345,
        "11,29": 56.87317607802832,
        "11,30": 83.26321481441254,
        "11,31": 109.19310348505267,
        "11,32": 68.49227364994387,
        "11,33": 28.369664225059818,
        "11,34": 61.2620037501568,
        "11,35": 61.97702112524127,
        "11,36": 110.58424326799935,
        "11,37": 85.27179737690805,
        "11,38": 32.44477465837324,
        "11,39": 108.3228811471537,
        "11,40": 7.911507168544766,
        "12,0": 85.64999269148977,
        "12,1": 44.12801490590093,
        "12,2": 61.89704205964381,
        "12,3": 75.24968111880696,
        "12,4": 14.340654240764609,
        "12,5": 50.964293926373635,
        "12,6": 8.75761078149503,
        "12,7": 40.18954384033093,
        "12,8": 18.546582110495837,
        "12,9": 45.23797120399239,
        "12,10": 61.703000805358926,
        "12,11": 44.04271434667175,
        "12,12": 0.0,
        "12,13": 37.92978841220008,
        "12,14": 20.400313667826527,
        "12,15": 26.188167612529224,
        "12,16": 71.76085143905402,
        "12,17": 62.185450139451255,
        "12,18": 54.033094479538164,
        "12,19": 5.926677400138332,
        "12,20": 53.43190563430922,
        "12,21": 50.392189154971376,
        "12,22": 50.94502242441421,
        "12,23": 47.80696455006928,
        "12,24": 47.99351994126025,
        "12,25": 46.51352191552446,
        "12,26": 26.278185373186236,
        "12,27": 28.084520328264787,
        "12,28": 35.5626051528308,
        "12,29": 18.182272085311638,
        "12,30": 59.989116027088684,
        "12,31": 66.7882136507889,
        "12,32": 34.569618489134484,
        "12,33": 25.881990305886692,
        "12,34": 20.483372756024462,
        "12,35": 30.88445013573389,
        "12,36": 67.0731143825285,
        "12,37": 72.38444772907356,
        "12,38": 39.02877019353917,
        "12,39": 67.68745261547356,
        "12,40": 37.7668614369454,
        "13,0": 56.690421930749935,
        "13,1": 19.727605841855617,
        "13,2": 67.72367246544616,
        "13,3": 92.65691319087962,
        "13,4": 50.48852902196328,
        "13,5": 83.06562492781413,
        "13,6": 39.77416014424138,
        "13,7": 29.956284015458166,
        "13,8": 21.81270827524846,
        "13,9": 12.862337667211238,
        "13,10": 31.70973763039005,
        "13,11": 81.59956974284043,
        "13,12": 37.92978841220008,
        "13,13": 0.0,
        "13,14": 29.446476716383568,
        "13,15": 17.834988503419464,
        "13,16": 90.7758743722089,
        "13,17": 45.4113129797504,
        "13,18": 75.0910611191241,
        "13,19": 43.61125176709197,
        "13,20": 58.03012730962266,
        "13,21": 71.44178778820196,
        "13,22": 88.71472564471021,
        "13,23": 25.478121995538306,
        "13,24": 85.83861182659967,
        "13,25": 44.13530536016717,
        "13,26": 54.01503673667852,
        "13,27": 60.42269914816595,
        "13,28": 60.22022821176527,
        "13,29": 34.11075108860311,
        "13,30": 68.50881373726897,
        "13,31": 39.52350061560422,
        "13,32": 29.817597688345735,
        "13,33": 62.15028396311753,
        "13,34": 22.184990247223954,
        "13,35": 44.82345856701669,
        "13,36": 35.131538562709395,
        "13,37": 87.4343854496812,
        "13,38": 73.49411454155332,
        "13,39": 45.68783897085556,
        "13,40": 74.79169215946341,
        "14,0": 85.05636677025355,
        "14,1": 44.18550119649129,
        "14,2": 77.04699991411708,
        "14,3": 94.1828731729535,
        "14,4": 34.38779608021863,
        "14,5": 71.21790012296049,
        "14,6": 28.096627271558148,
        "14,7": 46.7267680866001,
        "14,8": 22.96324131456272,
        "14,9": 31.031477681500522,
        "14,10": 59.90324504160641,
        "14,11": 56.73439890222464,
        "14,12": 20.400313667826527,
        "14,13": 29.446476716383568,
        "14,14": 0.0,
        "14,15": 11.813343934624296,
        "14,16": 90.99751513460818,
        "14,17": 67.73480615532944,
        "14,18": 73.39960423462527,
        "14,19": 23.269391285536287,
        "14,20": 67.7278765788892,
        "14,21": 69.67507021412564,
        "14,22": 64.30209292496178,
        "14,23": 29.1550247546434,
        "14,24": 64.0234373776052,
        "14,25": 57.46515381817395,
        "14,26": 24.88548158466535,
        "14,27": 48.47562008195727,
        "14,28": 55.202588649833174,
        "14,29": 32.43312433802518,
        "14,30": 75.99755162747773,
        "14,31": 66.87474927372476,
        "14,32": 14.200846930664014,
        "14,33": 45.31466489073253,
        "14,34": 7.758241497687841,
        "14,35": 46.85502875938723,
        "14,36": 64.06404033971886,
        "14,37": 90.69470621894433,
        "14,38": 58.91945257595044,
        "14,39": 70.81320689970885,
        "14,40": 49.1719680995194,
        "15,0": 74.13710467079422,
        "15,1": 34.3564805523207,
        "15,2": 73.64015639805677,
        "15,3": 94.14855922007273,
        "15,4": 40.41114207094079,
        "15,5": 76.33746017830009,
        "15,6": 31.53213035477762,
        "15,7": 39.57815708793372,
        "15,8": 18.950062547987866,
        "15,9": 19.95672868140057,
        "15,10": 48.994412960460764,
        "15,11": 67.09841074364839,
        "15,12": 26.188167612529224,
        "15,13": 17.834988503419464,
        "15,14": 11.813343934624296,
        "15,15": 0.0,
        "15,16": 91.44958729748548,
        "15,17": 59.16779318609664,
        "15,18": 74.35131733320402,
        "15,19": 30.827122543758314,
        "15,20": 63.978498856868285,
        "15,21": 70.58152497339853,
        "15,22": 74.53300503517622,
        "15,23": 22.098605403753716,
        "15,24": 73.20641790089212,
        "15,25": 52.02259475686635,
        "15,26": 36.67730393891422,
        "15,27": 53.138615399097375,
        "15,28": 57.08280981223144,
        "15,29": 31.499449422947304,
        "15,30": 73.29739950962927,
        "15,31": 56.35656860604954,
        "15,32": 14.93290578830913,
        "15,33": 52.061398749400794,
        "15,34": 5.9150410175313395,
        "15,35": 45.42166709365187,
        "15,36": 52.81791086178215,
        "15,37": 89.9185898105131,
        "15,38": 64.98200027929398,
        "15,39": 61.212134987433,
        "15,40": 59.78715314374644,
        "16,0": 98.08145486416629,
        "16,1": 78.28298018880304,
        "16,2": 31.602559968806904,
        "16,3": 4.822654164696985,
        "16,4": 61.21189269573589,
        "16,5": 37.693423572013735,
        "16,6": 63.21762494872495,
        "16,7": 64.17057430164665,
        "16,8": 72.83122821109569,
        "16,9": 103.29498563938058,
        "16,10": 88.42185342457385,
        "16,11": 79.69866489619955,
        "16,12": 71.76085143905402,
        "16,13": 90.7758743722089,
        "16,14": 90.99751513460818,
        "16,15": 91.44958729748548,
        "16,16": 0.0,
        "16,17": 68.5847608317804,
        "16,18": 17.737363109437194,
        "16,19": 72.01583727842332,
        "16,20": 37.71737622346756,
        "16,21": 21.37608357893289,
        "16,22": 79.9124952610294,
        "16,23": 112.5457929434259,
        "16,24": 69.1731777950991,
        "16,25": 51.423396746492934,
        "16,26": 93.21021736924129,
        "16,27": 47.57681915108203,
        "16,28": 36.257177452115755,
        "16,29": 59.95064013558534,
        "16,30": 27.66739800272982,
        "16,31": 85.90370611258206,
        "16,32": 104.28757197201607,
        "16,33": 56.7653720430845,
        "16,34": 87.68362186454459,
        "16,35": 46.442896485814295,
        "16,36": 94.06961498930664,
        "16,37": 9.48189460276421,
        "16,38": 47.41113390950755,
        "16,39": 77.70477363716371,
        "16,40": 81.13381887152465,
        "17,0": 30.558829854067216,
        "17,1": 25.69604674860964,
        "17,2": 37.384567905743424,
        "17,3": 68.12174753840787,
        "17,4": 66.13246760969867,
        "17,5": 81.24593352486119,
        "17,6": 56.85003634955107,
        "17,7": 22.03908134812072,
        "17,8": 46.01541469293366,
        "17,9": 56.62745174707837,
        "17,10": 23.12387055190674,
        "17,11": 101.29585973716843,
        "17,12": 62.185450139451255,
        "17,13": 45.4113129797504,
        "17,14": 67.73480615532944,
        "17,15": 59.16779318609664,
        "17,16": 68.5847608317804,
        "17,17": 0.0,
        "17,18": 59.95450113406532,
        "17,19": 67.4398295457846,
        "17,20": 31.30989648090664,
        "17,21": 57.67674525870372,
        "17,22": 106.50769799157038,
        "17,23": 70.53349194412243,
        "17,24": 99.35308935906104,
        "17,25": 21.341537371307403,
        "17,26": 87.32674530897525,
        "17,27": 66.13160875474087,
        "17,28": 56.165706443958015,
        "17,29": 45.16214838581421,
        "17,30": 40.93950213589305,
        "17,31": 17.914065109139486,
        "17,32": 73.66305958652593,
        "17,33": 73.92020047826956,
        "17,34": 60.234833336340195,
        "17,35": 40.4622502035846,
        "17,36": 27.440931262714255,
        "17,37": 61.32958974711221,
        "17,38": 78.37682056070514,
        "17,39": 9.23364228575224,
        "17,40": 96.99728300944498,
        "18,0": 90.45606245469007,
        "18,1": 64.6659663039121,
        "18,2": 27.71938024532426,
        "18,3": 21.501176791039473,
        "18,4": 43.64829176800529,
        "18,5": 26.978917896067085,
        "18,6": 45.52049951139445,
        "18,7": 50.77379730583071,
        "18,8": 56.03419047467974,
        "18,9": 87.29405685050897,
        "18,10": 77.0171671260213,
        "18,11": 65.2666928870827,
        "18,12": 54.033094479538164,
        "18,13": 75.0910611191241,
        "18,14": 73.39960423462527,
        "18,15": 74.35131733320402,
        "18,16": 17.737363109437194,
        "18,17": 59.95450113406532,
        "18,18": 0.0,
        "18,19": 54.31255411576145,
        "18,20": 29.095660940704505,
        "18,21": 3.7699274158496574,
        "18,22": 66.64105729472494,
        "18,23": 95.78779958574421,
        "18,24": 56.29627600151881,
        "18,25": 40.01899950848525,
        "18,26": 75.74293364899442,
        "18,27": 30.49203700558619,
        "18,28": 18.52213641454143,
        "18,29": 42.92755461397357,
        "18,30": 23.033467685398627,
        "18,31": 75.93665976742325,
        "18,32": 86.83649822558223,
        "18,33": 40.189715495462174,
        "18,34": 70.35019550513215,
        "18,35": 30.269119242627028,
        "18,36": 82.97136428239033,
        "18,37": 20.349953859108364,
        "18,38": 32.967245014997,
        "18,39": 69.16564269858837,
        "18,40": 65.67138464448418,
        "19,0": 91.42615589754318,
        "19,1": 49.99461426772504,
        "19,2": 64.72700472985326,
        "19,3": 75.76049567560332,
        "19,4": 11.617010261407346,
        "19,5": 48.27203365395206,
        "19,6": 11.551132294147216,
        "19,7": 45.54094939565728,
        "19,8": 24.46246512370816,
        "19,9": 50.33982837698992,
        "19,10": 67.58604185897573,
        "19,11": 38.164231052206205,
        "19,12": 5.926677400138332,
        "19,13": 43.61125176709197,
        "19,14": 23.269391285536287,
        "19,15": 30.827122543758314,
        "19,16": 72.01583727842332,
        "19,17": 67.4398295457846,
        "19,18": 54.31255411576145,
        "19,19": 0.0,
        "19,20": 56.71046174067604,
        "19,21": 50.80522490739329,
        "19,22": 45.137317932222025,
        "19,23": 51.831598078804994,
        "19,24": 42.59609951228172,
        "19,25": 50.92550497264731,
        "19,26": 22.82639398533136,
        "19,27": 26.2228571862412,
        "19,28": 35.82381561554958,
        "19,29": 22.692353379974108,
        "19,30": 62.46101324902484,
        "19,31": 72.56754702137714,
        "19,32": 37.36871828936874,
        "19,33": 22.04661370025788,
        "19,34": 24.95299977967198,
        "19,35": 34.003488830125626,
        "19,36": 72.98179173459539,
        "19,37": 73.4068209896237,
        "19,38": 35.712484709908246,
        "19,39": 73.20757698209884,
        "19,40": 31.840185145266158,
        "20,0": 61.58066902918108,
        "20,1": 42.329821027202996,
        "20,2": 9.758923690238415,
        "20,3": 37.89008747462477,
        "20,4": 50.233808081747426,
        "20,5": 53.0310594582486,
        "20,6": 45.23920119691862,
        "20,7": 28.64338441249463,
        "20,8": 45.4264088119377,
        "20,9": 70.89178887409898,
        "20,10": 50.7851781519575,
        "20,11": 81.98834022996009,
        "20,12": 53.43190563430922,
        "20,13": 58.03012730962266,
        "20,14": 67.7278765788892,
        "20,15": 63.978498856868285,
        "20,16": 37.71737622346756,
        "20,17": 31.30989648090664,
        "20,18": 29.095660940704505,
        "20,19": 56.71046174067604,
        "20,20": 0.0,
        "20,21": 27.324585511156208,
        "20,22": 85.5970286283377,
        "20,23": 82.38602884767786,
        "20,24": 76.67868844785403,
        "20,25": 14.548716818571458,
        "20,26": 79.43723681340195,
        "20,27": 43.90894538984544,
        "20,28": 30.664403600060144,
        "20,29": 35.93236459363215,
        "20,30": 10.942348157817053,
        "20,31": 48.24993230232406,
        "20,32": 78.57244349116726,
        "20,33": 53.663441647709334,
        "20,34": 62.05157140080443,
        "20,35": 22.70697472684839,
        "20,36": 56.36974101582974,
        "20,37": 31.504618655033852,
        "20,38": 53.502502210527744,
        "20,39": 40.53699269346021,
        "20,40": 79.72850745207711,
        "21,0": 88.22975583344231,
        "21,1": 61.36197782091911,
        "21,2": 27.20232837130311,
        "21,3": 24.955851459655655,
        "21,4": 40.299891742625256,
        "21,5": 26.808145149655257,
        "21,6": 41.84222643093544,
        "21,7": 47.56249742498923,
        "21,8": 52.27834645482,
        "21,9": 83.60036762159565,
        "21,10": 74.09086610734492,
        "21,11": 63.26573620004728,
        "21,12": 50.392189154971376,
        "21,13": 71.44178778820196,
        "21,14": 69.67507021412564,
        "21,15": 70.58152497339853,
        "21,16": 21.37608357893289,
        "21,17": 57.67674525870372,
        "21,18": 3.7699274158496574,
        "21,19": 50.80522490739329,
        "21,20": 27.324585511156208,
        "21,21": 0.0,
        "21,22": 65.0210184820065,
        "21,23": 92.0280046200025,
        "21,24": 54.87273593926138,
        "21,25": 37.32459650412903,
        "21,26": 72.42934843535936,
        "21,27": 27.54235339056174,
        "21,28": 14.981484313387373,
        "21,29": 39.16216713969276,
        "21,30": 22.61341805697059,
        "21,31": 73.2956047724288,
        "21,32": 83.0838756507728,
        "21,33": 37.456483544238885,
        "21,34": 66.58565177791101,
        "21,35": 26.621890457763147,
        "21,36": 80.08618484113556,
        "21,37": 23.19240438311598,
        "21,38": 31.272460404192547,
        "21,39": 66.84716262077472,
        "21,40": 63.293693271879064,
        "22,0": 133.7601367168995,
        "22,1": 93.70558262464068,
        "22,2": 89.96245268554938,
        "22,3": 84.70862485025822,
        "22,4": 41.14590928647725,
        "22,5": 42.38881951756447,
        "22,6": 51.87253395257358,
        "22,7": 86.23347034724034,
        "22,8": 69.03978210443728,
        "22,9": 94.47999543033741,
        "22,10": 111.25891696877234,
        "22,11": 7.657436156881841,
        "22,12": 50.94502242441421,
        "22,13": 88.71472564471021,
        "22,14": 64.30209292496178,
        "22,15": 74.53300503517622,
        "22,16": 79.9124952610294,
        "22,17": 106.50769799157038,
        "22,18": 66.64105729472494,
        "22,19": 45.137317932222025,
        "22,20": 85.5970286283377,
        "22,21": 65.0210184820065,
        "22,22": 0.0,
        "22,23": 93.1025149669431,
        "22,24": 10.814486893160087,
        "22,25": 86.43653246117407,
        "22,26": 44.01184880875067,
        "22,27": 41.76141690236908,
        "22,28": 55.150433744175494,
        "22,29": 62.73024994567423,
        "22,30": 85.96810293572426,
        "22,31": 115.17192267680895,
        "22,32": 76.14539653767493,
        "22,33": 32.711206584377784,
        "22,34": 68.67213990387538,
        "22,35": 66.60510103266179,
        "22,36": 116.96381154335401,
        "22,37": 86.16944815748766,
        "22,38": 33.74932981015011,
        "22,39": 113.83044601142153,
        "22,40": 15.543789238315938,
        "23,0": 76.96804741611992,
        "23,1": 45.02098327003572,
        "23,2": 92.14369898339619,
        "23,3": 114.96640606878171,
        "23,4": 62.1426892192428,
