{
    "num_robots": 6,
    "num_tasks": 40,
    "num_nodes": 41,
    "robot_capacity": [
        86,
        122,
        90,
        106,
        97,
        107
    ],
    "robot_speed": [
        1.03,
        0.97,
        0.93,
        1.15,
        1.11,
        0.91
    ],
    "task_demand": {
        "0": 0,
        "1": 14,
        "2": 15,
        "3": 15,
        "4": 14,
        "5": 6,
        "6": 14,
        "7": 12,
        "8": 15,
        "9": 6,
        "10": 7,
        "11": 15,
        "12": 12,
        "13": 10,
        "14": 10,
        "15": 14,
        "16": 9,
        "17": 14,
        "18": 6,
        "19": 7,
        "20": 15,
        "21": 13,
        "22": 8,
        "23": 15,
        "24": 5,
        "25": 6,
        "26": 7,
        "27": 11,
        "28": 5,
        "29": 6,
        "30": 9,
        "31": 14,
        "32": 7,
        "33": 12,
        "34": 8,
        "35": 9,
        "36": 15,
        "37": 10,
        "38": 14,
        "39": 12,
        "40": 9
    },
    "task_service_time": {
        "0": 0,
        "1": 95,
        "2": 40,
        "3": 63,
        "4": 32,
        "5": 65,
        "6": 70,
        "7": 20,
        "8": 41,
        "9": 62,
        "10": 23,
        "11": 42,
        "12": 59,
        "13": 36,
        "14": 60,
        "15": 39,
        "16": 36,
        "17": 20,
        "18": 29,
        "19": 24,
        "20": 44,
        "21": 25,
        "22": 80,
        "23": 87,
        "24": 62,
        "25": 24,
        "26": 100,
        "27": 29,
        "28": 100,
        "29": 40,
        "30": 87,
        "31": 69,
        "32": 38,
        "33": 12,
        "34": 81,
        "35": 93,
        "36": 67,
        "37": 43,
        "38": 82,
        "39": 13,
        "40": 42
    },
    "task_precedence": [],
    "coordinates": {
        "0": [
            50.0,
            50.0
        ],
        "1": [
            85.25737746863936,
            74.60166945822748
        ],
        "2": [
            27.07897156551754,
            15.062755957612817
        ],
        "3": [
            4.800347106040926,
            7.659825005565857
        ],
        "4": [
            43.00079928111008,
            52.748177396406895
        ],
        "5": [
            98.85208021886412,
            98.7717438643599
        ],
        "6": [
            58.07139989002188,
            5.833772292556705
        ],
        "7": [
            53.43680887439975,
            31.249489733652414
        ],
        "8": [
            4.518544258788005,
            47.34103292530507
        ],
        "9": [
            68.44468734981798,
            85.32124820700368
        ],
        "10": [
            93.65970195393702,
            75.94495960631164
        ],
        "11": [
            74.92753634161932,
            24.358312787645097
        ],
        "12": [
            7.061013652660408,
            90.45522689259994
        ],
        "13": [
            66.87553957471408,
            99.84595019155998
        ],
        "14": [
            45.93143260859737,
            79.24226051128979
        ],
        "15": [
            29.277450331994903,
            58.12653691911542
        ],
        "16": [
            16.63430175256517,
            78.41881043122751
        ],
        "17": [
            85.18791163900514,
            74.28849384049053
        ],
        "18": [
            92.26448223946673,
            5.559235299792753
        ],
        "19": [
            12.053482497323643,
            97.44139804177475
        ],
        "20": [
            84.17375112015644,
            54.39166592231023
        ],
        "21": [
            23.828377606607276,
            77.7706734846884
        ],
        "22": [
            3.815235228586178,
            11.46156106814572
        ],
        "23": [
            51.11834713033032,
            55.56120797705486
        ],
        "24": [
            44.53910596267271,
            83.27843576603115
        ],
        "25": [
            49.459471995924446,
            53.553783846809054
        ],
        "26": [
            91.04243677048677,
            99.67487103695008
        ],
        "27": [
            87.58767654061835,
            93.84968990171107
        ],
        "28": [
            19.904876383705183,
            44.225931838166474
        ],
        "29": [
            19.954120067009285,
            54.472304112214445
        ],
        "30": [
            55.318086594537576,
            71.31378118593943
        ],
        "31": [
            91.47276152206886,
            9.744808004798934
        ],
        "32": [
            82.31235015040642,
            3.143544235917284
        ],
        "33": [
            24.64805204357693,
            14.8695966384088
        ],
        "34": [
            7.060136758211755,
            46.69644857038623
        ],
        "35": [
            24.808318823325457,
            72.24922891265349
        ],
        "36": [
            16.03620011597834,
            75.4130539621624
        ],
        "37": [
            54.44628340630565,
            26.69817753675382
        ],
        "38": [
            94.77876271348748,
            81.36067910350675
        ],
        "39": [
            88.10761510405071,
            86.30582169519472
        ],
        "40": [
            5.574377296698286,
            66.05975839843951
        ]
    },
    "distance_matrix_str_keys": {
        "0,0": 0.0,
        "0,1": 42.992148191245356,
        "0,2": 41.78498014564172,
        "0,3": 61.93302059720396,
        "0,4": 7.519394237931065,
        "0,5": 69.03049138808925,
        "0,6": 44.897696667984846,
        "0,7": 19.062877287743294,
        "0,8": 45.55911459021276,
        "0,9": 39.847171371796215,
        "0,10": 50.78691272050069,
        "0,11": 35.761406448278805,
        "0,12": 58.99476189856822,
        "0,13": 52.62511364773685,
        "0,14": 29.523940123711856,
        "0,15": 22.259035626924277,
        "0,16": 43.82805729056356,
        "0,17": 42.756520655380506,
        "0,18": 61.32917760829167,
        "0,19": 60.75050978172144,
        "0,20": 34.45478189156876,
        "0,21": 38.1597186113251,
        "0,22": 60.15183930932693,
        "0,23": 5.672542152155126,
        "0,24": 33.72351776906997,
        "0,25": 3.5946557767094838,
        "0,26": 64.43659231055773,
        "0,27": 57.75490223520747,
        "0,28": 30.64402598578662,
        "0,29": 30.3769057841615,
        "0,30": 21.96723272215019,
        "0,31": 57.79680294650298,
        "0,32": 56.9176195831652,
        "0,33": 43.322817377604636,
        "0,34": 43.06675408330166,
        "0,35": 33.610251229570935,
        "0,36": 42.418899257826666,
        "0,37": 23.722233584505343,
        "0,38": 54.66836181909919,
        "0,39": 52.6336681020974,
        "0,40": 47.23930347065211,
        "1,0": 42.992148191245356,
        "1,1": 0.0,
        "1,2": 83.24427388272466,
        "1,3": 104.66395880861964,
        "1,4": 47.57303348972851,
        "1,5": 27.731001418357515,
        "1,6": 73.94660950640916,
        "1,7": 53.77694740809082,
        "1,8": 85.21679114041022,
        "1,9": 19.939305845057103,
        "1,10": 8.50902375000637,
        "1,11": 51.294254134716,
        "1,12": 79.78725836476579,
        "1,13": 31.22764278811082,
        "1,14": 39.59880079569109,
        "1,15": 58.35393932208289,
        "1,16": 68.72915746567688,
        "1,17": 0.3207872644474661,
        "1,18": 69.39709815108371,
        "1,19": 76.68417985961335,
        "1,20": 20.23903379573526,
        "1,21": 61.51068696226099,
        "1,22": 103.05093798777538,
        "1,23": 39.08980130233464,
        "1,24": 41.63248620961584,
        "1,25": 41.52714202717046,
        "1,26": 25.73193246791132,
        "1,27": 19.38856840402686,
        "1,28": 72.06687750984575,
        "1,29": 68.33525280919669,
        "1,30": 30.119285305848873,
        "1,31": 65.15399816220682,
        "1,32": 71.51878666610965,
        "1,33": 85.09647966768803,
        "1,34": 83.02716307042996,
        "1,35": 60.49481521275241,
        "1,36": 69.22593256072305,
        "1,37": 56.95672089919387,
        "1,38": 11.676514392822448,
        "1,39": 12.046204139247378,
        "1,40": 80.1395330717299,
        "2,0": 41.78498014564172,
        "2,1": 83.24427388272466,
        "2,2": 0.0,
        "2,3": 23.47638163105986,
        "2,4": 40.91082481232237,
        "2,5": 110.26592303217265,
        "2,6": 32.33735847188838,
        "2,7": 30.931309993886195,
        "2,8": 39.38096042842633,
        "2,9": 81.53145512932562,
        "2,10": 90.21993338601533,
        "2,11": 48.74312800706544,
        "2,12": 78.0047646793694,
        "2,13": 93.65872543346838,
        "2,14": 66.89113612532145,
        "2,15": 43.11986247179977,
        "2,16": 64.21121993830387,
        "2,17": 82.97190454747624,
        "2,18": 65.87463629286431,
        "2,19": 83.73772144839425,
        "2,20": 69.32948154576152,
        "2,21": 62.79211161975856,
        "2,22": 23.540816319452148,
        "2,23": 47.09581927854284,
        "2,24": 70.41473755465806,
        "2,25": 44.52466762910563,
        "2,26": 106.06853868714474,
        "2,27": 99.34125194538012,
        "2,28": 30.032623413844654,
        "2,29": 40.04842062585815,
        "2,30": 62.94144466772321,
        "2,31": 64.6130076331174,
        "2,32": 56.50481145856753,
        "2,33": 2.4385816051031255,
        "2,34": 37.4358685669457,
        "2,35": 57.2315346021162,
        "2,36": 61.352271926349225,
        "2,37": 29.738069754361685,
        "2,38": 94.7558775746265,
        "2,39": 93.808686952983,
        "2,40": 55.34565775755328,
        "3,0": 61.93302059720396,
        "3,1": 104.66395880861964,
        "3,2": 23.47638163105986,
        "3,3": 0.0,
        "3,4": 59.09512727543961,
        "3,5": 130.9469749923884,
        "3,6": 53.302340785601274,
        "3,7": 54.05532069397573,
        "3,8": 39.68220854254831,
        "3,9": 100.408658484906,
        "3,10": 112.06625072440981,
        "3,11": 72.08787806761183,
        "3,12": 82.8262590418672,
        "3,13": 111.13780273530062,
        "3,14": 82.55792673965193,
        "3,15": 56.08937148604193,
        "3,16": 71.74173472285842,
        "3,17": 104.4104402933708,
        "3,18": 87.48935599117283,
        "3,19": 90.07407412713377,
        "3,20": 92.1086435697319,
        "3,21": 72.64707164912406,
        "3,22": 3.9272945523124005,
        "3,23": 66.63257174108868,
        "3,24": 85.42448857797328,
        "3,25": 64.03665273928625,
        "3,26": 126.11291260552218,
        "3,27": 119.50914076222377,
        "3,28": 39.562949505730465,
        "3,29": 49.204116037817265,
        "3,30": 81.26418731791104,
        "3,31": 86.6974888610436,
        "3,32": 77.64346339480241,
        "3,33": 21.116633213778133,
        "3,34": 39.10197729800307,
        "3,35": 67.61737963950219,
        "3,36": 68.67855871307952,
        "3,37": 53.17121268347878,
        "3,38": 116.30963489751119,
        "3,39": 114.56567416376224,
        "3,40": 58.405062648953034,
        "4,0": 7.519394237931065,
        "4,1": 47.57303348972851,
        "4,2": 40.91082481232237,
        "4,3": 59.09512727543961,
        "4,4": 0.0,
        "4,5": 72.3708107790566,
        "4,6": 49.27559648509085,
        "4,7": 23.897779550659212,
        "4,8": 38.86027744283872,
        "4,9": 41.33275192973591,
        "4,10": 55.717278513121094,
        "4,11": 42.723540956183854,
        "4,12": 52.091167895596946,
        "4,13": 52.803441425260345,
        "4,14": 26.655675789566878,
        "4,15": 14.739642381506082,
        "4,16": 36.799097710829656,
        "4,17": 47.36810827559954,
        "4,18": 68.21808202243069,
        "4,19": 54.36193877863045,
        "4,20": 41.205740105902805,
        "4,21": 31.52311950542028,
        "4,22": 56.921815834981025,
        "4,23": 8.591142190188727,
        "4,24": 30.56898859240443,
        "4,25": 6.508721455863439,
        "4,26": 67.15737866157433,
        "4,27": 60.64094288496948,
        "4,28": 24.618089362048806,
        "4,29": 23.111080366997715,
        "4,30": 22.27997331307708,
        "4,31": 64.79830941097165,
        "4,32": 63.29310912521219,
        "4,33": 42.09050025130332,
        "4,34": 36.44659990134276,
        "4,35": 26.669408606982255,
        "4,36": 35.22479578190846,
        "4,37": 28.453498898167673,
        "4,38": 59.15769393023535,
        "4,39": 56.22046179611702,
        "4,40": 39.723233142947194,
        "5,0": 69.03049138808925,
        "5,1": 27.731001418357515,
        "5,2": 110.26592303217265,
        "5,3": 130.9469749923884,
        "5,4": 72.3708107790566,
        "5,5": 0.0,
        "5,6": 101.49152894682649,
        "5,7": 81.37445344936684,
        "5,8": 107.44270116870476,
        "5,9": 33.24944171743454,
        "5,10": 23.4098883297116,
        "5,11": 78.16484199653445,
        "5,12": 92.16704593238741,
        "5,13": 31.994578772041613,
        "5,14": 56.40918066704989,
        "5,15": 80.57705611100833,
        "5,16": 84.69949819961703,
        "5,17": 28.0381710300459,
        "5,18": 93.44500093658121,
        "5,19": 86.80879210329724,
        "5,20": 46.74446131117966,
        "5,21": 77.90764346804663,
        "5,22": 129.05452307305796,
        "5,23": 64.38679745285879,
        "5,24": 56.4795694776744,
        "5,25": 66.96486881353263,
        "5,26": 7.861689988841706,
        "5,27": 12.29281926320012,
        "5,28": 95.95783763188373,
        "5,29": 90.48385755745407,
        "5,30": 51.4698777474013,
        "5,31": 89.33224307589761,
        "5,32": 97.04800479615598,
        "5,33": 112.00807161345111,
        "5,34": 105.53481541291555,
        "5,35": 78.65063509573812,
        "5,36": 86.04707078781112,
        "5,37": 84.65502792946242,
        "5,38": 17.881193797010035,
        "5,39": 16.45730069395119,
        "5,40": 98.84737657398102,
        "6,0": 44.897696667984846,
        "6,1": 73.94660950640916,
        "6,2": 32.33735847188838,
        "6,3": 53.302340785601274,
        "6,4": 49.27559648509085,
        "6,5": 101.49152894682649,
        "6,6": 0.0,
        "6,7": 25.834823919038076,
        "6,8": 67.75515501786326,
        "6,9": 80.16148651299669,
        "6,10": 78.62636854349117,
        "6,11": 25.045716931823723,
        "6,12": 98.80713578842358,
        "6,13": 94.42352709415918,
        "6,14": 74.40554379986703,
        "6,15": 59.69610341922555,
        "6,16": 83.58002670282843,
        "6,17": 73.62984525067198,
        "6,18": 34.194184463389576,
        "6,19": 102.51636852995719,
        "6,20": 55.128955853523706,
        "6,21": 79.67121392466007,
        "6,22": 54.54725850371832,
        "6,23": 50.21118204578494,
        "6,24": 78.61805695548497,
        "6,25": 48.490873417490754,
        "6,26": 99.46477309343226,
        "6,27": 92.83325018492026,
        "6,28": 54.13539905767556,
        "6,29": 61.7950952639261,
        "6,30": 65.53786919621794,
        "6,31": 33.62955782072096,
        "6,32": 24.389772375386514,
        "6,33": 34.62320468809249,
        "6,34": 65.35982924464737,
        "6,35": 74.27950888438599,
        "6,36": 81.29104783247708,
        "6,37": 21.176989297692703,
        "6,38": 83.97466366639094,
        "6,39": 85.89484827068543,
        "6,40": 79.89434763229447,
        "7,0": 19.062877287743294,
        "7,1": 53.77694740809082,
        "7,2": 30.931309993886195,
        "7,3": 54.05532069397573,
        "7,4": 23.897779550659212,
        "7,5": 81.37445344936684,
        "7,6": 25.834823919038076,
        "7,7": 0.0,
        "7,8": 51.496935591274124,
        "7,9": 56.11587547863221,
        "7,10": 60.129578036318165,
        "7,11": 22.56855526549026,
        "7,12": 75.20660672429705,
        "7,13": 69.90045686681059,
        "7,14": 48.57609205984065,
        "7,15": 36.139317516938185,
        "7,16": 59.82783086092435,
        "7,17": 53.4835339265924,
        "7,18": 46.55724854220638,
        "7,19": 78.06374592281924,
        "7,20": 38.4749260865549,
        "7,21": 55.14417230983929,
        "7,22": 53.42155643518899,
        "7,23": 24.422016886516577,
        "7,24": 52.784281205161214,
        "7,25": 22.656141430770457,
        "7,26": 78.07826878178483,
        "7,27": 71.30965448967332,
        "7,28": 35.955229748289796,
        "7,29": 40.74787795006874,
        "7,30": 40.108436212773064,
        "7,31": 43.69422193007917,
        "7,32": 40.29567044117795,
        "7,33": 33.1224005421687,
        "7,34": 48.88153285113058,
        "7,35": 50.005690229718624,
        "7,36": 57.87249727518448,
        "7,37": 4.661918225816979,
        "7,38": 64.96374717713461,
        "7,39": 65.06354196993543,
        "7,40": 59.18249032479804,
        "8,0": 45.55911459021276,
        "8,1": 85.21679114041022,
        "8,2": 39.38096042842633,
        "8,3": 39.68220854254831,
        "8,4": 38.86027744283872,
        "8,5": 107.44270116870476,
        "8,6": 67.75515501786326,
        "8,7": 51.496935591274124,
        "8,8": 0.0,
        "8,9": 74.35757206457868,
        "8,10": 93.6180037001635,
        "8,11": 74.06504972688671,
        "8,12": 43.18909436499338,
        "8,13": 81.51785817823416,
        "8,14": 52.27538276250657,
        "8,15": 27.006120164554932,
        "8,16": 33.35595650488285,
        "8,17": 85.05123446076422,
        "8,18": 97.18574095477372,
        "8,19": 50.6638123226245,
        "8,20": 79.96663933032234,
        "8,21": 36.03932142110642,
        "8,22": 35.88636432324475,
        "8,23": 47.31926569113275,
        "8,24": 53.78793807194202,
        "8,25": 45.3683288196421,
        "8,26": 101.11980313900868,
        "8,27": 95.20260454318058,
        "8,28": 15.69850537603343,
        "8,29": 17.003294659347343,
        "8,30": 56.171933923351446,
        "8,31": 94.73390115551634,
        "8,32": 89.47230991514282,
        "8,33": 38.204597343668496,
        "8,34": 2.622056716345625,
        "8,35": 32.126207046956395,
        "8,36": 30.342952419605297,
        "8,37": 54.02690639834198,
        "8,38": 96.4585059058044,
        "8,39": 92.22465792105963,
        "8,40": 18.74847905144615,
        "9,0": 39.847171371796215,
        "9,1": 19.939305845057103,
        "9,2": 81.53145512932562,
        "9,3": 100.408658484906,
        "9,4": 41.33275192973591,
        "9,5": 33.24944171743454,
        "9,6": 80.16148651299669,
        "9,7": 56.11587547863221,
        "9,8": 74.35757206457868,
        "9,9": 0.0,
        "9,10": 26.901891186483592,
        "9,11": 61.30666216648387,
        "9,12": 61.59799618253236,
        "9,13": 14.609216011829222,
        "9,14": 23.319535382329843,
        "9,15": 47.68254164410626,
        "9,16": 52.26815189945483,
        "9,17": 20.05136475429644,
        "9,18": 83.24278546273557,
        "9,19": 57.678991120973,
        "9,20": 34.699315661796504,
        "9,21": 45.2507046767162,
        "9,22": 98.14387125919058,
        "9,23": 34.43634794645924,
        "9,24": 23.992705227348143,
        "9,25": 37.00824494501125,
        "9,26": 26.770968738984685,
        "9,27": 20.95682115443855,
        "9,28": 63.599829214242256,
        "9,29": 57.471666646896786,
        "9,30": 19.196790870734894,
        "9,31": 79.00690168409413,
        "9,32": 83.33958904092539,
        "9,33": 82.9552920125689,
        "9,34": 72.52543138997731,
        "9,35": 45.55228146439792,
        "9,36": 53.336871368060564,
        "9,37": 60.2712180711063,
        "9,38": 26.630239069204755,
        "9,39": 19.687562389026844,
        "9,40": 65.75470230957498,
        "10,0": 50.78691272050069,
        "10,1": 8.50902375000637,
        "10,2": 90.21993338601533,
        "10,3": 112.06625072440981,
        "10,4": 55.717278513121094,
        "10,5": 23.4098883297116,
        "10,6": 78.62636854349117,
        "10,7": 60.129578036318165,
        "10,8": 93.6180037001635,
        "10,9": 26.901891186483592,
        "10,10": 0.0,
        "10,11": 54.88238477436214,
        "10,12": 87.80592617939402,
        "10,13": 35.89775348559726,
        "10,14": 47.842030558487565,
        "10,15": 66.80247383870345,
        "10,16": 77.0651167136301,
        "10,17": 8.632213503702912,
        "10,18": 70.39955130684378,
        "10,19": 84.3899989300308,
        "10,20": 23.548412512305738,
        "10,21": 69.85518657385195,
        "10,22": 110.58994930912398,
        "10,23": 47.172706099091165,
        "10,24": 49.665006021565986,
        "10,25": 49.54820965720283,
        "10,26": 23.87380936395459,
        "10,27": 18.90631798026739,
        "10,28": 80.28618198327585,
        "10,29": 76.76970584324778,
        "10,30": 38.62029624341916,
        "10,31": 66.23626484423625,
        "10,32": 73.68044837598221,
        "10,33": 92.15643105617308,
        "10,34": 91.40547078762475,
        "10,35": 68.95049952218119,
        "10,36": 77.6253242260659,
        "10,37": 62.951868426586366,
        "10,38": 5.530127905922696,
        "10,39": 11.754706785519371,
        "10,40": 88.6382627474798,
        "11,0": 35.761406448278805,
        "11,1": 51.294254134716,
        "11,2": 48.74312800706544,
        "11,3": 72.08787806761183,
        "11,4": 42.723540956183854,
        "11,5": 78.16484199653445,
        "11,6": 25.045716931823723,
        "11,7": 22.56855526549026,
        "11,8": 74.06504972688671,
        "11,9": 61.30666216648387,
        "11,10": 54.88238477436214,
        "11,11": 0.0,
        "11,12": 94.73471885264004,
        "11,13": 75.91586166776466,
        "11,14": 62.072713404747596,
        "11,15": 56.7822447044789,
        "11,16": 79.50244401479918,
        "11,17": 50.97350567905969,
        "11,18": 25.572935057579233,
        "11,19": 96.40686696017963,
        "11,20": 31.424429799796503,
        "11,21": 73.91890352715612,
        "11,22": 72.27230157193767,
        "11,23": 39.2491803621458,
        "11,24": 66.29507970192223,
        "11,25": 38.7427132746654,
        "11,26": 77.02125656176524,
        "11,27": 70.63519408246603,
        "11,28": 58.49970423498641,
        "11,29": 62.68116918499365,
        "11,30": 50.885622054628975,
        "11,31": 22.074849904587108,
        "11,32": 22.463345247176168,
        "11,33": 51.16700377624108,
        "11,34": 71.44911641484511,
        "11,35": 69.3215393073368,
        "11,36": 77.94084987244138,
        "11,37": 20.614477651505414,
        "11,38": 60.36009405289917,
        "11,39": 63.33410089386945,
        "11,40": 80.92509645060768,
        "12,0": 58.99476189856822,
        "12,1": 79.78725836476579,
        "12,2": 78.0047646793694,
        "12,3": 82.8262590418672,
        "12,4": 52.091167895596946,
        "12,5": 92.16704593238741,
        "12,6": 98.80713578842358,
        "12,7": 75.20660672429705,
        "12,8": 43.18909436499338,
        "12,9": 61.59799618253236,
        "12,10": 87.80592617939402,
        "12,11": 94.73471885264004,
        "12,12": 0.0,
        "12,13": 60.54719808015613,
        "12,14": 40.455408598584874,
        "12,15": 39.22644840064618,
        "12,16": 15.37930968136656,
        "12,17": 79.78204965120214,
        "12,18": 120.27867827569806,
        "12,19": 8.586695085450252,
        "12,20": 85.12904739035184,
        "12,21": 21.024804139926655,
        "12,22": 79.0603207555075,
        "12,23": 56.20178991136342,
        "12,24": 38.159058348866516,
        "12,25": 56.20805786315023,
        "12,26": 84.48598266602473,
        "12,27": 80.59817501030061,
        "12,28": 47.98033483713705,
        "12,29": 38.22306796727481,
        "12,30": 51.9147381064249,
        "12,31": 116.78833372992736,
        "12,32": 115.26531817089761,
        "12,33": 77.60471261648269,
        "12,34": 43.758778330999874,
        "12,35": 25.4248933776826,
        "12,36": 17.516304933418848,
        "12,37": 79.4375549232825,
        "12,38": 88.18794872195593,
        "12,39": 81.15275208095382,
        "12,40": 24.44072361253738,
        "13,0": 52.62511364773685,
        "13,1": 31.22764278811082,
        "13,2": 93.65872543346838,
        "13,3": 111.13780273530062,
        "13,4": 52.803441425260345,
        "13,5": 31.994578772041613,
        "13,6": 94.42352709415918,
        "13,7": 69.90045686681059,
        "13,8": 81.51785817823416,
        "13,9": 14.609216011829222,
        "13,10": 35.89775348559726,
        "13,11": 75.91586166776466,
        "13,12": 60.54719808015613,
        "13,13": 0.0,
        "13,14": 29.379714856495987,
        "13,15": 56.16160395234896,
        "13,16": 54.61963288242193,
        "13,17": 31.440842001413504,
        "13,18": 97.64518940897956,
        "13,19": 54.87476481259571,
        "13,20": 48.63455645012752,
        "13,21": 48.37743270568797,
        "13,22": 108.57440870179946,
        "13,23": 47.00454772396514,
        "13,24": 27.81004855704566,
        "13,25": 49.45992392633715,
        "13,26": 24.167502728833778,
        "13,27": 21.562647220552414,
        "13,28": 72.79992886146955,
        "13,29": 65.27164290219551,
        "13,30": 30.78407685077278,
        "13,31": 93.39828237653177,
        "13,32": 97.92676058340604,
        "13,33": 94.89015421202821,
        "13,34": 80.0171977557299,
        "13,35": 50.311331597282454,
        "13,36": 56.40571650778914,
        "13,37": 74.19624689469897,
        "13,38": 33.4708098009444,
        "13,39": 25.182059307799623,
        "13,40": 69.99528021600563,
        "14,0": 29.523940123711856,
        "14,1": 39.59880079569109,
        "14,2": 66.89113612532145,
        "14,3": 82.55792673965193,
        "14,4": 26.655675789566878,
        "14,5": 56.40918066704989,
        "14,6": 74.40554379986703,
        "14,7": 48.57609205984065,
        "14,8": 52.27538276250657,
        "14,9": 23.319535382329843,
        "14,10": 47.842030558487565,
        "14,11": 62.072713404747596,
        "14,12": 40.455408598584874,
        "14,13": 29.379714856495987,
        "14,14": 0.0,
        "14,15": 26.892915581812584,
        "14,16": 29.308700865610344,
        "14,17": 39.567801936594435,
        "14,18": 87.0398741521075,
        "14,19": 38.456782374445446,
        "14,20": 45.6073127531688,
        "14,21": 22.151988822628564,
        "14,22": 79.79973244788414,
        "14,23": 24.24244895601429,
        "14,24": 4.269576580404472,
        "14,25": 25.929614252049763,
        "14,26": 49.522664199206076,
        "14,27": 44.143172200468086,
        "14,28": 43.62940410630968,
        "14,29": 35.89389233414848,
        "14,30": 12.286987322540671,
        "14,31": 83.08976196919176,
        "14,32": 84.34800400687352,
        "14,33": 67.79986830640902,
        "14,34": 50.69721408500536,
        "14,35": 22.250582619901664,
        "14,36": 30.13947160425386,
        "14,37": 53.22953446858383,
        "14,38": 48.893244479252495,
        "14,39": 42.76358575340184,
        "14,40": 42.455509364545186,
        "15,0": 22.259035626924277,
        "15,1": 58.35393932208289,
        "15,2": 43.11986247179977,
        "15,3": 56.08937148604193,
        "15,4": 14.739642381506082,
        "15,5": 80.57705611100833,
        "15,6": 59.69610341922555,
        "15,7": 36.139317516938185,
        "15,8": 27.006120164554932,
        "15,9": 47.68254164410626,
        "15,10": 66.80247383870345,
        "15,11": 56.7822447044789,
        "15,12": 39.22644840064618,
        "15,13": 56.16160395234896,
        "15,14": 26.892915581812584,
        "15,15": 0.0,
        "15,16": 23.90869235846875,
        "15,17": 58.199557859927715,
        "15,18": 82.04076662275725,
        "15,19": 42.922294592248676,
        "15,20": 55.02320511917751,
        "15,21": 20.38588960466147,
        "15,22": 53.159612198960225,
        "15,23": 21.991036481632964,
        "15,24": 29.41999572051091,
        "15,25": 20.693575551450955,
        "15,26": 74.4390866260079,
        "15,27": 68.38293748822706,
        "15,28": 16.76520098396267,
        "15,29": 10.013885591369027,
        "15,30": 29.18934991244127,
        "15,31": 78.79751535910601,
        "15,32": 76.39260489831176,
        "15,33": 43.5039562679238,
        "15,34": 24.985114410295658,
        "15,35": 14.81295262890307,
        "15,36": 21.77508619415115,
        "15,37": 40.26427612399601,
        "15,38": 69.49998048015831,
        "15,39": 65.23082383044546,
        "15,40": 24.9954330699953,
        "16,0": 43.82805729056356,
        "16,1": 68.72915746567688,
        "16,2": 64.21121993830387,
        "16,3": 71.74173472285842,
        "16,4": 36.799097710829656,
        "16,5": 84.69949819961703,
        "16,6": 83.58002670282843,
        "16,7": 59.82783086092435,
        "16,8": 33.35595650488285,
        "16,9": 52.26815189945483,
        "16,10": 77.0651167136301,
        "16,11": 79.50244401479918,
        "16,12": 15.37930968136656,
        "16,13": 54.61963288242193,
        "16,14": 29.308700865610344,
        "16,15": 23.90869235846875,
        "16,16": 0.0,
        "16,17": 68.67792180607913,
        "16,18": 105.01638866774314,
        "16,19": 19.566367686674415,
        "16,20": 71.68598812968834,
        "16,21": 7.223213197406032,
        "16,22": 68.17332109275677,
        "16,23": 41.37172193139615,
        "16,24": 28.324795787420967,
        "16,25": 41.17962297726092,
        "16,26": 77.38469273260316,
        "16,27": 72.6119372765011,
        "16,28": 34.34893891953096,
        "16,29": 24.1755322284216,
        "16,30": 39.33086129588841,
        "16,31": 101.57220914175659,
        "16,32": 99.89980851895558,
        "16,33": 64.0525000871322,
        "16,34": 33.13567378776626,
        "16,35": 10.241010262049866,
        "16,36": 3.0646855497774417,
        "16,37": 64.06847761253361,
        "16,38": 78.19981694453031,
        "16,39": 71.90715867086938,
        "16,40": 16.585176999919046,
        "17,0": 42.756520655380506,
        "17,1": 0.3207872644474661,
        "17,2": 82.97190454747624,
        "17,3": 104.4104402933708,
        "17,4": 47.36810827559954,
        "17,5": 28.0381710300459,
        "17,6": 73.62984525067198,
        "17,7": 53.4835339265924,
        "17,8": 85.05123446076422,
        "17,9": 20.05136475429644,
        "17,10": 8.632213503702912,
        "17,11": 50.97350567905969,
        "17,12": 79.78204965120214,
        "17,13": 31.440842001413504,
        "17,14": 39.567801936594435,
        "17,15": 58.199557859927715,
        "17,16": 68.67792180607913,
        "17,17": 0.0,
        "17,18": 69.09261053844611,
        "17,19": 76.71180938312872,
        "17,20": 19.922657522621584,
        "17,21": 61.4582621927065,
        "17,22": 102.80435763028477,
        "17,23": 38.87732580337274,
        "17,24": 41.63105161699412,
        "17,25": 41.309195076294266,
        "17,26": 26.052708336679153,
        "17,27": 19.70784774978041,
        "17,28": 71.87233352471807,
        "17,29": 68.1771878138548,
        "17,30": 30.017584239312928,
        "17,31": 64.84895310881359,
        "17,32": 71.20303861572187,
        "17,33": 84.82735375187485,
        "17,34": 82.8569259024942,
        "17,35": 60.41402014460868,
        "17,36": 69.16085483878268,
        "17,37": 56.655855057418506,
        "17,38": 11.9163848849944,
        "17,39": 12.366925126774577,
        "17,40": 80.03765949507105,
        "18,0": 61.32917760829167,
        "18,1": 69.39709815108371,
        "18,2": 65.87463629286431,
        "18,3": 87.48935599117283,
        "18,4": 68.21808202243069,
        "18,5": 93.44500093658121,
        "18,6": 34.194184463389576,
        "18,7": 46.55724854220638,
        "18,8": 97.18574095477372,
        "18,9": 83.24278546273557,
        "18,10": 70.39955130684378,
        "18,11": 25.572935057579233,
        "18,12": 120.27867827569806,
        "18,13": 97.64518940897956,
        "18,14": 87.0398741521075,
        "18,15": 82.04076662275725,
        "18,16": 105.01638866774314,
        "18,17": 69.09261053844611,
        "18,18": 0.0,
        "18,19": 121.96776750346028,
        "18,20": 49.49814350607463,
        "18,21": 99.48865373524106,
        "18,22": 88.64596294399156,
        "18,23": 64.75493576583159,
        "18,24": 91.20299151822228,
        "18,25": 64.30976280613748,
        "18,26": 94.12356923394661,
        "18,27": 88.4142346308454,
        "18,28": 82.04283016078762,
        "18,29": 87.29992427351047,
        "18,30": 75.42344765286859,
        "18,31": 4.2597934883336475,
        "18,32": 10.241117928927086,
        "18,33": 68.25440982596828,
        "18,34": 94.61527786018148,
        "18,35": 94.8572044227984,
        "18,36": 103.39394071807766,
        "18,37": 43.32517792095126,
        "18,38": 75.84313079659655,
        "18,39": 80.85351420248608,
        "18,40": 105.71417875667434,
        "19,0": 60.75050978172144,
        "19,1": 76.68417985961335,
        "19,2": 83.73772144839425,
        "19,3": 90.07407412713377,
        "19,4": 54.36193877863045,
        "19,5": 86.80879210329724,
        "19,6": 102.51636852995719,
        "19,7": 78.06374592281924,
        "19,8": 50.6638123226245,
        "19,9": 57.678991120973,
        "19,10": 84.3899989300308,
        "19,11": 96.40686696017963,
        "19,12": 8.586695085450252,
        "19,13": 54.87476481259571,
        "19,14": 38.456782374445446,
        "19,15": 42.922294592248676,
        "19,16": 19.566367686674415,
        "19,17": 76.71180938312872,
        "19,18": 121.96776750346028,
        "19,19": 0.0,
        "19,20": 83.99174115225387,
        "19,21": 22.925652868247646,
        "19,22": 86.37361335542636,
        "19,23": 57.27140620459915,
        "19,24": 35.43875325623877,
        "19,25": 57.66568069567538,
        "19,26": 79.02052454133694,
        "19,27": 75.61954004841273,
        "19,28": 53.79154421678638,
        "19,29": 43.6893935313241,
        "19,30": 50.54184731738631,
        "19,31": 118.3136246800162,
        "19,32": 117.59419082711639,
        "19,33": 83.5267955152855,
        "19,34": 50.99003234480324,
        "19,35": 28.23705429277894,
        "19,36": 22.385485979083303,
        "19,37": 82.4727398376615,
        "19,38": 84.27372964580599,
        "19,39": 76.86502551311708,
        "19,40": 32.043503411844966,
        "20,0": 34.45478189156876,
        "20,1": 20.23903379573526,
        "20,2": 69.32948154576152,
        "20,3": 92.1086435697319,
        "20,4": 41.205740105902805,
        "20,5": 46.74446131117966,
        "20,6": 55.128955853523706,
        "20,7": 38.4749260865549,
        "20,8": 79.96663933032234,
        "20,9": 34.699315661796504,
        "20,10": 23.548412512305738,
        "20,11": 31.424429799796503,
        "20,12": 85.12904739035184,
        "20,13": 48.63455645012752,
        "20,14": 45.6073127531688,
        "20,15": 55.02320511917751,
        "20,16": 71.68598812968834,
        "20,17": 19.922657522621584,
        "20,18": 49.49814350607463,
        "20,19": 83.99174115225387,
        "20,20": 0.0,
        "20,21": 64.71585662796636,
        "20,22": 91.10699742108346,
        "20,23": 33.07608745828969,
        "20,24": 49.044373466930466,
        "20,25": 34.72438943289767,
        "20,26": 45.8011736532766,
        "20,27": 39.60543577762335,
        "20,28": 65.0678907707879,
        "20,29": 64.21968168030743,
        "20,30": 33.45156738047728,
        "20,31": 45.239556526934116,
        "20,32": 51.28191484289101,
        "20,33": 71.45140174298196,
        "20,34": 77.49661857175495,
        "20,35": 61.99312145507516,
        "20,36": 71.30655377992274,
        "20,37": 40.628212311631295,
        "20,38": 28.979198450996495,
        "20,39": 32.15569350114715,
        "20,40": 79.46071952525489,
        "21,0": 38.1597186113251,
        "21,1": 61.51068696226099,
        "21,2": 62.79211161975856,
        "21,3": 72.64707164912406,
        "21,4": 31.52311950542028,
        "21,5": 77.90764346804663,
        "21,6": 79.67121392466007,
        "21,7": 55.14417230983929,
        "21,8": 36.03932142110642,
        "21,9": 45.2507046767162,
        "21,10": 69.85518657385195,
        "21,11": 73.91890352715612,
        "21,12": 21.024804139926655,
        "21,13": 48.37743270568797,
        "21,14": 22.151988822628564,
        "21,15": 20.38588960466147,
        "21,16": 7.223213197406032,
        "21,17": 61.4582621927065,
        "21,18": 99.48865373524106,
        "21,19": 22.925652868247646,
        "21,20": 64.71585662796636,
        "21,21": 0.0,
        "21,22": 69.26344098666077,
        "21,23": 35.18526388618531,
        "21,24": 21.430578955933846,
        "21,25": 35.2620297675462,
        "21,26": 70.69316529689415,
        "21,27": 65.7554786272252,
        "21,28": 33.773414899562894,
        "21,29": 23.61829559683265,
        "21,30": 32.144878756999255,
        "21,31": 95.93373259490312,
        "21,32": 94.81341394769329,
        "21,33": 62.90641727681042,
        "21,34": 35.30979120830988,
        "21,35": 5.607729928436004,
        "21,36": 8.141031866935545,
        "21,37": 59.547090591489,
        "21,38": 71.04115206806372,
        "21,39": 64.84342008429265,
        "21,40": 21.68764762420049,
        "22,0": 60.15183930932693,
        "22,1": 103.05093798777538,
        "22,2": 23.540816319452148,
        "22,3": 3.9272945523124005,
        "22,4": 56.921815834981025,
        "22,5": 129.05452307305796,
        "22,6": 54.54725850371832,
        "22,7": 53.42155643518899,
        "22,8": 35.88636432324475,
        "22,9": 98.14387125919058,
        "22,10": 110.58994930912398,
        "22,11": 72.27230157193767,
        "22,12": 79.0603207555075,
        "22,13": 108.57440870179946,
        "22,14": 79.79973244788414,
        "22,15": 53.159612198960225,
        "22,16": 68.17332109275677,
        "22,17": 102.80435763028477,
        "22,18": 88.64596294399156,
        "22,19": 86.37361335542636,
        "22,20": 91.10699742108346,
        "22,21": 69.26344098666077,
        "22,22": 0.0,
        "22,23": 64.67119337911888,
        "22,24": 82.55965805972288,
        "22,25": 62.08986687472811,
        "22,26": 124.05713500030421,
        "22,27": 117.49734335751613,
        "22,28": 36.50178823641233,
        "22,29": 45.93895537592022,
        "22,30": 78.9609520703247,
        "22,31": 87.67433579430823,
        "22,32": 78.93659769125276,
        "22,33": 21.10973621093214,
        "22,34": 35.3839890802678,
        "22,35": 64.31057549726884,
        "22,36": 65.10872004695176,
        "22,37": 52.87397772993829,
        "22,38": 114.71813298087504,
        "22,39": 112.72474730013484,
        "22,40": 54.62652956699247,
        "23,0": 5.672542152155126,
        "23,1": 39.08980130233464,
        "23,2": 47.09581927854284,
        "23,3": 66.63257174108868,
        "23,4": 8.591142190188727,
