{
    "num_robots": 4,
    "num_tasks": 40,
    "num_nodes": 41,
    "robot_capacity": [
        128,
        147,
        161,
        165
    ],
    "robot_speed": [
        1.19,
        1.05,
        0.84,
        1.18
    ],
    "task_demand": {
        "0": 0,
        "1": 13,
        "2": 6,
        "3": 11,
        "4": 8,
        "5": 14,
        "6": 5,
        "7": 12,
        "8": 6,
        "9": 8,
        "10": 9,
        "11": 5,
        "12": 14,
        "13": 13,
        "14": 15,
        "15": 10,
        "16": 5,
        "17": 14,
        "18": 9,
        "19": 7,
        "20": 10,
        "21": 15,
        "22": 8,
        "23": 13,
        "24": 11,
        "25": 7,
        "26": 12,
        "27": 7,
        "28": 10,
        "29": 12,
        "30": 11,
        "31": 11,
        "32": 13,
        "33": 5,
        "34": 11,
        "35": 12,
        "36": 10,
        "37": 12,
        "38": 10,
        "39": 15,
        "40": 5
    },
    "task_service_time": {
        "0": 0,
        "1": 96,
        "2": 44,
        "3": 84,
        "4": 88,
        "5": 58,
        "6": 64,
        "7": 86,
        "8": 33,
        "9": 81,
        "10": 78,
        "11": 76,
        "12": 24,
        "13": 77,
        "14": 67,
        "15": 73,
        "16": 49,
        "17": 18,
        "18": 61,
        "19": 88,
        "20": 91,
        "21": 61,
        "22": 69,
        "23": 98,
        "24": 40,
        "25": 25,
        "26": 89,
        "27": 12,
        "28": 95,
        "29": 13,
        "30": 20,
        "31": 61,
        "32": 93,
        "33": 35,
        "34": 82,
        "35": 36,
        "36": 69,
        "37": 40,
        "38": 43,
        "39": 17,
        "40": 77
    },
    "task_precedence": [],
    "coordinates": {
        "0": [
            100,
            0
        ],
        "1": [
            24.876750544803638,
            77.55526467952075
        ],
        "2": [
            19.985305707926827,
            13.196555686525935
        ],
        "3": [
            81.97427529304576,
            38.01085267317587
        ],
        "4": [
            86.5572184529227,
            88.3357713225001
        ],
        "5": [
            42.350672149497825,
            23.343584941511242
        ],
        "6": [
            97.2772319536407,
            95.17667672763804
        ],
        "7": [
            55.37365487296092,
            40.46787480908789
        ],
        "8": [
            60.30166035907085,
            23.578402677619003
        ],
        "9": [
            82.17926383404715,
            18.812653330766892
        ],
        "10": [
            25.670971359248927,
            25.07693724629574
        ],
        "11": [
            86.26742616174435,
            29.134299704192156
        ],
        "12": [
            97.61271771758595,
            63.22552356894363
        ],
        "13": [
            3.2744746271751057,
            78.3858184123877
        ],
        "14": [
            81.09179146197273,
            0.23065589061025404
        ],
        "15": [
            15.182559113039861,
            4.310194182774807
        ],
        "16": [
            76.44041070289877,
            2.327684426664278
        ],
        "17": [
            98.68854131302193,
            57.613766519055396
        ],
        "18": [
            53.95333229815491,
            1.277762200770971
        ],
        "19": [
            30.45926946388544,
            38.28868029238093
        ],
        "20": [
            80.94405514682816,
            34.72173981102844
        ],
        "21": [
            95.56069534182377,
            32.98548777135781
        ],
        "22": [
            38.65743643419726,
            53.99120048936581
        ],
        "23": [
            22.032299957894562,
            92.24439215188562
        ],
        "24": [
            26.64776175461907,
            88.42534977408278
        ],
        "25": [
            77.31918389276109,
            9.36365477923884
        ],
        "26": [
            1.286460389377464,
            83.93123528064815
        ],
        "27": [
            13.650511736757442,
            72.87679062535705
        ],
        "28": [
            60.536970678545266,
            58.70217246790237
        ],
        "29": [
            83.80466815644604,
            20.141341992193908
        ],
        "30": [
            2.814289994939967,
            79.7898906768199
        ],
        "31": [
            52.47479989060771,
            63.65027202423226
        ],
        "32": [
            22.52796711148849,
            98.31456831327989
        ],
        "33": [
            4.688730534650453,
            26.535236347691583
        ],
        "34": [
            21.99298488978395,
            23.52719848319942
        ],
        "35": [
            11.570482868785136,
            95.22285638474817
        ],
        "36": [
            21.031586551359062,
            55.38137647292665
        ],
        "37": [
            34.147904667432904,
            85.31184545125922
        ],
        "38": [
            23.373415856418823,
            50.468857009889646
        ],
        "39": [
            62.1814363207062,
            36.33942677568547
        ],
        "40": [
            26.022638943300226,
            26.552523460512724
        ]
    },
    "distance_matrix_str_keys": {
        "0,0": 0.0,
        "0,1": 107.97370831928566,
        "0,2": 81.09562494143262,
        "0,3": 42.06841656341229,
        "0,4": 89.35276644213917,
        "0,5": 62.196205346759186,
        "0,6": 95.21561457424718,
        "0,7": 60.242506346944225,
        "0,8": 46.172494442844624,
        "0,9": 25.913212128952956,
        "0,10": 78.44525020887019,
        "0,11": 32.20855481819752,
        "0,12": 63.270577263550976,
        "0,13": 124.49965376188325,
        "0,14": 18.90961533869477,
        "0,15": 84.9268865113175,
        "0,16": 23.674297510976373,
        "0,17": 57.62869091346669,
        "0,18": 46.06439278538102,
        "0,19": 79.38473557321115,
        "0,20": 39.60717422073788,
        "0,21": 33.28287591784251,
        "0,22": 81.7187850809558,
        "0,23": 120.78075232969276,
        "0,24": 114.88948314913775,
        "0,25": 24.53767409750057,
        "0,26": 129.5716603204322,
        "0,27": 112.99230387586579,
        "0,28": 70.73383727522035,
        "0,29": 25.844969157833145,
        "0,30": 125.74374291950474,
        "0,31": 79.4355196004693,
        "0,32": 125.17056452099746,
        "0,33": 98.93612512689349,
        "0,34": 81.47774834194509,
        "0,35": 129.95065170336852,
        "0,36": 96.45261625602247,
        "0,37": 107.77109739623627,
        "0,38": 91.75368616790288,
        "0,39": 52.44804760093751,
        "0,40": 78.59825984736811,
        "1,0": 107.97370831928566,
        "1,1": 0.0,
        "1,2": 64.54432318831145,
        "1,3": 69.45421407879924,
        "1,4": 62.61548885734125,
        "1,5": 56.958266794763944,
        "1,6": 74.51405149903535,
        "1,7": 48.01599380417179,
        "1,8": 64.56334770534525,
        "1,9": 82.0626127864247,
        "1,10": 52.48433706250727,
        "1,11": 78.18826575546,
        "1,12": 74.13408393482872,
        "1,13": 21.61823638330687,
        "1,14": 95.59929889741373,
        "1,15": 73.88381216199504,
        "1,16": 91.20306946369452,
        "1,17": 76.45811798164455,
        "1,18": 81.63151959173,
        "1,19": 39.6614317305147,
        "1,20": 70.5567395646649,
        "1,21": 83.56246206109297,
        "1,22": 27.297846522022112,
        "1,23": 14.961997361340224,
        "1,24": 11.013411400120832,
        "1,25": 86.02502238446198,
        "1,26": 24.43675082173647,
        "1,27": 12.162095101205441,
        "1,28": 40.33720845480879,
        "1,29": 82.27306966675583,
        "1,30": 22.17534033249763,
        "1,31": 30.903092861994633,
        "1,32": 20.891756052932013,
        "1,33": 54.86892966799149,
        "1,34": 54.10497242645218,
        "1,35": 22.117878653444045,
        "1,36": 22.504812914908126,
        "1,37": 12.087962774349059,
        "1,38": 27.128094213024838,
        "1,39": 55.59123019824306,
        "1,40": 51.01561204253957,
        "2,0": 81.09562494143262,
        "2,1": 64.54432318831145,
        "2,2": 0.0,
        "2,3": 66.7711141525021,
        "2,4": 100.38785430975585,
        "2,5": 24.559556566991958,
        "2,6": 112.67112366834841,
        "2,7": 44.677288450743994,
        "2,8": 41.6316129798413,
        "2,9": 62.44700937709713,
        "2,10": 13.170810905344528,
        "2,11": 68.1713369109557,
        "2,12": 92.35211271377256,
        "2,13": 67.29704191233705,
        "2,14": 62.466928520034834,
        "2,15": 10.101177932798153,
        "2,16": 57.49183631139949,
        "2,17": 90.37194206639847,
        "2,18": 35.9983953613285,
        "2,19": 27.190414377072088,
        "2,20": 64.64752651686288,
        "2,21": 78.12324462906943,
        "2,22": 44.86481372354958,
        "2,23": 79.07433613577574,
        "2,24": 75.52324000228097,
        "2,25": 57.4618544521363,
        "2,26": 73.16448396271353,
        "2,27": 60.0154984734047,
        "2,28": 60.95242973452963,
        "2,29": 64.19611421392153,
        "2,30": 68.77147697806956,
        "2,31": 60.00953861289211,
        "2,32": 85.15598158991186,
        "2,33": 20.295457960150827,
        "2,34": 10.523923046550857,
        "2,35": 82.45679626112886,
        "2,36": 42.19779388053455,
        "2,37": 73.49281752075673,
        "2,38": 37.42597675836844,
        "2,39": 48.12593813049459,
        "2,40": 14.657123448163963,
        "3,0": 42.06841656341229,
        "3,1": 69.45421407879924,
        "3,2": 66.7711141525021,
        "3,3": 0.0,
        "3,4": 50.53316539726919,
        "3,5": 42.25113807685791,
        "3,6": 59.178644141123854,
        "3,7": 26.713853419336502,
        "3,8": 26.038391865677916,
        "3,9": 19.19929369255063,
        "3,10": 57.76978623927209,
        "3,11": 9.86024020967953,
        "3,12": 29.670532685604687,
        "3,13": 88.45222712453489,
        "3,14": 37.79050206919044,
        "3,15": 74.81221646868313,
        "3,16": 36.10972380690464,
        "3,17": 25.761229004756455,
        "3,18": 46.200575558934396,
        "3,19": 51.51575500528372,
        "3,20": 3.4466820232821385,
        "3,21": 14.486031276311047,
        "3,22": 46.17055387419404,
        "3,23": 80.83512362499759,
        "3,24": 74.85081574876163,
        "3,25": 29.0229533838201,
        "3,26": 92.83967370012283,
        "3,27": 76.70573834975413,
        "3,28": 29.794105859758993,
        "3,29": 17.963010605466863,
        "3,30": 89.5086101383898,
        "3,31": 39.08450938259776,
        "3,32": 84.67822433435416,
        "3,33": 78.13286887508768,
        "3,34": 61.70519781294968,
        "3,35": 90.71883683343466,
        "3,36": 63.36991721742909,
        "3,37": 67.266229603054,
        "3,38": 59.91045483690545,
        "3,39": 19.863286211394268,
        "3,40": 57.11286123597675,
        "4,0": 89.35276644213917,
        "4,1": 62.61548885734125,
        "4,2": 100.38785430975585,
        "4,3": 50.53316539726919,
        "4,4": 0.0,
        "4,5": 78.60154595590369,
        "4,6": 12.716787181423681,
        "4,7": 57.12924079807344,
        "4,8": 69.8775437793048,
        "4,9": 69.660824154882,
        "4,10": 87.79985862080103,
        "4,11": 59.20218088335383,
        "4,12": 27.436264436616682,
        "4,13": 83.87500808976743,
        "4,14": 88.27447115366955,
        "4,15": 110.24808211278892,
        "4,16": 86.6010439344272,
        "4,17": 33.030449186755625,
        "4,18": 92.96295146256992,
        "4,19": 75.17773075421778,
        "4,20": 53.9070679708511,
        "4,21": 56.07777175745152,
        "4,22": 58.94012778365509,
        "4,23": 64.64319317281542,
        "4,24": 59.90952366848617,
        "4,25": 79.51060604634566,
        "4,26": 85.38443721472689,
        "4,27": 74.52763224731869,
        "4,28": 39.436068203044904,
        "4,29": 68.24995769098145,
        "4,30": 84.17784828996894,
        "4,31": 42.08307415887787,
        "4,32": 64.80217138898782,
        "4,33": 102.5756083930133,
        "4,34": 91.48055186247223,
        "4,35": 75.30234029709835,
        "4,36": 73.34576045008195,
        "4,37": 52.49647892135901,
        "4,38": 73.6620398177552,
        "4,39": 57.426462548100105,
        "4,40": 86.4962717854508,
        "5,0": 62.196205346759186,
        "5,1": 56.958266794763944,
        "5,2": 24.559556566991958,
        "5,3": 42.25113807685791,
        "5,4": 78.60154595590369,
        "5,5": 0.0,
        "5,6": 90.42632386353102,
        "5,7": 21.51370220311712,
        "5,8": 17.952523974901705,
        "5,9": 40.08548436573761,
        "5,10": 16.76952380554473,
        "5,11": 44.29688093347998,
        "5,12": 68.15029500340943,
        "5,13": 67.50256793830924,
        "5,14": 45.11188108353939,
        "5,15": 33.17192080263835,
        "5,16": 40.047201513828355,
        "5,17": 65.94240553122252,
        "5,18": 24.930348087241097,
        "5,19": 19.09872594907776,
        "5,20": 40.2357008067878,
        "5,21": 54.07654628679673,
        "5,22": 30.869342863395534,
        "5,23": 71.83423614654572,
        "5,24": 66.94936525906527,
        "5,25": 37.65946442636638,
        "5,26": 73.19243718511855,
        "5,27": 57.24716301298436,
        "5,28": 39.76142811883265,
        "5,29": 41.57749565390551,
        "5,30": 68.91524464902653,
        "5,31": 41.55871732985391,
        "5,32": 77.54732737337847,
        "5,33": 37.79693750687674,
        "5,34": 20.358515282235288,
        "5,35": 78.19238911407578,
        "5,36": 38.48276883166283,
        "5,37": 62.50880501952355,
        "5,38": 33.10463171818645,
        "5,39": 23.70972611805026,
        "5,40": 16.64037123388246,
        "6,0": 95.21561457424718,
        "6,1": 74.51405149903535,
        "6,2": 112.67112366834841,
        "6,3": 59.178644141123854,
        "6,4": 12.716787181423681,
        "6,5": 90.42632386353102,
        "6,6": 0.0,
        "6,7": 68.91271856137755,
        "6,8": 80.5822917376193,
        "6,9": 77.84222961027098,
        "6,10": 100.206936045685,
        "6,11": 66.95380038864296,
        "6,12": 31.95291440335541,
        "6,13": 95.49058229972833,
        "6,14": 96.31570669778964,
        "6,15": 122.45918895240658,
        "6,16": 95.15833379763254,
        "6,17": 37.58941363530322,
        "6,18": 103.41163585729842,
        "6,19": 87.754682209556,
        "6,20": 62.62245653273149,
        "6,21": 62.21487347680986,
        "6,22": 71.64163509939347,
        "6,23": 75.30204568189137,
        "6,24": 70.95140926174959,
        "6,25": 88.10333942772444,
        "6,26": 96.64723575374644,
        "6,27": 86.54890671988628,
        "6,28": 51.77099824762656,
        "6,29": 76.2352374832638,
        "6,30": 95.70789198632741,
        "6,31": 54.782954577912385,
        "6,32": 74.81509846311407,
        "6,33": 115.25744198292838,
        "6,34": 103.92961843801845,
        "6,35": 85.70676152588615,
        "6,36": 86.00618794699079,
        "6,37": 63.89543692409154,
        "6,38": 86.37455167841209,
        "6,39": 68.50939244379012,
        "6,40": 98.92669728995892,
        "7,0": 60.242506346944225,
        "7,1": 48.01599380417179,
        "7,2": 44.677288450743994,
        "7,3": 26.713853419336502,
        "7,4": 57.12924079807344,
        "7,5": 21.51370220311712,
        "7,6": 68.91271856137755,
        "7,7": 0.0,
        "7,8": 17.59373487781357,
        "7,9": 34.459966469075404,
        "7,10": 33.453405909974315,
        "7,11": 32.907066552671814,
        "7,12": 47.97967285287746,
        "7,13": 64.43675216354332,
        "7,14": 47.754123758106616,
        "7,15": 54.062020371584346,
        "7,16": 43.571577015363346,
        "7,17": 46.58498674299815,
        "7,18": 39.21584172842736,
        "7,19": 25.00950797304095,
        "7,20": 26.208079624072298,
        "7,21": 40.87767529383749,
        "7,22": 21.501448703455463,
        "7,23": 61.58290100118258,
        "7,24": 55.90256112616407,
        "7,25": 38.066766970996554,
        "7,26": 69.38651389561063,
        "7,27": 52.83141582004163,
        "7,28": 18.951238514103622,
        "7,29": 34.94982764881646,
        "7,30": 65.6407477736437,
        "7,31": 23.362938617593624,
        "7,32": 66.5212684326755,
        "7,33": 52.56500708338425,
        "7,34": 37.43334934125305,
        "7,35": 70.1200818951198,
        "7,36": 37.440488625055245,
        "7,37": 49.61364907707754,
        "7,38": 33.52663034211128,
        "7,39": 7.961781923964578,
        "7,40": 32.482597483229206,
        "8,0": 46.172494442844624,
        "8,1": 64.56334770534525,
        "8,2": 41.6316129798413,
        "8,3": 26.038391865677916,
        "8,4": 69.8775437793048,
        "8,5": 17.952523974901705,
        "8,6": 80.5822917376193,
        "8,7": 17.59373487781357,
        "8,8": 0.0,
        "8,9": 22.39066548017982,
        "8,10": 34.66309603102277,
        "8,11": 26.553511735534588,
        "8,12": 54.44271481274343,
        "8,13": 79.0945809270389,
        "8,14": 31.26254678215013,
        "8,15": 49.06115730239536,
        "8,16": 26.684307913863275,
        "8,17": 51.302618073464515,
        "8,18": 23.186630519474914,
        "8,19": 33.271016844160485,
        "8,20": 23.458099348464955,
        "8,21": 36.492366295923276,
        "8,22": 37.32841679000413,
        "8,23": 78.61019053529391,
        "8,24": 73.05964302547811,
        "8,25": 22.173298469875977,
        "8,26": 84.41124469329993,
        "8,27": 67.87238556310554,
        "8,28": 35.124558007571764,
        "8,29": 23.752994793894384,
        "8,30": 80.40229557958565,
        "8,31": 40.82908837734237,
        "8,32": 83.739753734313,
        "8,33": 55.691478962300714,
        "8,34": 38.308709689581946,
        "8,35": 86.64672761612353,
        "8,36": 50.532839214595455,
        "8,37": 67.04503630742693,
        "8,38": 45.68141609280061,
        "8,39": 12.898732251557712,
        "8,40": 34.40780004089337,
        "9,0": 25.913212128952956,
        "9,1": 82.0626127864247,
        "9,2": 62.44700937709713,
        "9,3": 19.19929369255063,
        "9,4": 69.660824154882,
        "9,5": 40.08548436573761,
        "9,6": 77.84222961027098,
        "9,7": 34.459966469075404,
        "9,8": 22.39066548017982,
        "9,9": 0.0,
        "9,10": 56.85444900262152,
        "9,11": 11.101777113401509,
        "9,12": 47.01802358211629,
        "9,13": 98.86823432034657,
        "9,14": 18.613791258795533,
        "9,15": 68.54837536231635,
        "9,16": 17.455332567159004,
        "9,17": 42.16731705394783,
        "9,18": 33.229138087071796,
        "9,19": 55.265481485816046,
        "9,20": 15.956966288659698,
        "9,21": 19.491843044661454,
        "9,22": 55.96141206592354,
        "9,23": 94.92037468221561,
        "9,24": 89.04872390611091,
        "9,25": 10.625627071494197,
        "9,26": 103.84640275089632,
        "9,27": 87.28757532100478,
        "9,28": 45.382403969166084,
        "9,29": 2.099369612592723,
        "9,30": 100.08507654410346,
        "9,31": 53.784451547521506,
        "9,32": 99.39231200937758,
        "9,33": 77.87439270696242,
        "9,34": 60.370647745000916,
        "9,35": 104.0390267166653,
        "9,36": 71.24822769245351,
        "9,37": 82.03142090729897,
        "9,38": 66.78505063067661,
        "9,39": 26.591368762116012,
        "9,40": 56.68749517085218,
        "10,0": 78.44525020887019,
        "10,1": 52.48433706250727,
        "10,2": 13.170810905344528,
        "10,3": 57.76978623927209,
        "10,4": 87.79985862080103,
        "10,5": 16.76952380554473,
        "10,6": 100.206936045685,
        "10,7": 33.453405909974315,
        "10,8": 34.66309603102277,
        "10,9": 56.85444900262152,
        "10,10": 0.0,
        "10,11": 60.7321374952802,
        "10,12": 81.43051950898887,
        "10,13": 57.8224859120594,
        "10,14": 60.73553324096496,
        "10,15": 23.26508991843193,
        "10,16": 55.63330365096119,
        "10,17": 79.93879396812817,
        "10,18": 36.96339639597643,
        "10,19": 14.052684905549048,
        "10,20": 56.108252582854774,
        "10,21": 70.33575683653342,
        "10,22": 31.696733176029444,
        "10,23": 67.26594181353208,
        "10,24": 63.35594280939376,
        "10,25": 53.98560089316744,
        "10,26": 63.705829971488164,
        "10,27": 49.28810640099401,
        "10,28": 48.438562656643185,
        "10,29": 58.342838496432094,
        "10,30": 59.295321536190805,
        "10,31": 46.971772159769,
        "10,32": 73.30504130007105,
        "10,33": 21.032856826655262,
        "10,34": 3.9911495466106937,
        "10,35": 71.54910025603402,
        "10,36": 30.657510144110617,
        "10,37": 60.82846837437036,
        "10,38": 25.495653562310885,
        "10,39": 38.2080845123308,
        "10,40": 1.5169129062868745,
        "11,0": 32.20855481819752,
        "11,1": 78.18826575546,
        "11,2": 68.1713369109557,
        "11,3": 9.86024020967953,
        "11,4": 59.20218088335383,
        "11,5": 44.29688093347998,
        "11,6": 66.95380038864296,
        "11,7": 32.907066552671814,
        "11,8": 26.553511735534588,
        "11,9": 11.101777113401509,
        "11,10": 60.7321374952802,
        "11,11": 0.0,
        "11,12": 35.929475157364195,
        "11,13": 96.50669458375981,
        "11,14": 29.36337549138197,
        "11,15": 75.2947178643393,
        "11,16": 28.551092018796428,
        "11,17": 31.070309487679616,
        "11,18": 42.66365366332776,
        "11,19": 56.553983396098474,
        "11,20": 7.717367809683074,
        "11,21": 10.05964718974245,
        "11,22": 53.70825484505251,
        "11,23": 90.05018160548553,
        "11,24": 84.08289363722277,
        "11,25": 21.701369552472975,
        "11,26": 101.11611489853861,
        "11,27": 84.77394512817051,
        "11,28": 39.19585997454127,
        "11,29": 9.324079868944157,
        "11,30": 97.62384356734455,
        "11,31": 48.30418134590927,
        "11,32": 94.06714731958641,
        "11,33": 81.62008766565455,
        "11,34": 64.51855070384907,
        "11,35": 99.73630563355869,
        "11,36": 70.31801908882072,
        "11,37": 76.63133280166674,
        "11,38": 66.41400355133308,
        "11,39": 25.140580000050893,
        "11,40": 60.30008255025889,
        "12,0": 63.270577263550976,
        "12,1": 74.13408393482872,
        "12,2": 92.35211271377256,
        "12,3": 29.670532685604687,
        "12,4": 27.436264436616682,
        "12,5": 68.15029500340943,
        "12,6": 31.95291440335541,
        "12,7": 47.97967285287746,
        "12,8": 54.44271481274343,
        "12,9": 47.01802358211629,
        "12,10": 81.43051950898887,
        "12,11": 35.929475157364195,
        "12,12": 0.0,
        "12,13": 95.54861929471093,
        "12,14": 65.12522059965818,
        "12,15": 101.32002311612149,
        "12,16": 64.47335415908732,
        "12,17": 5.713949036827952,
        "12,18": 75.78698485710123,
        "12,19": 71.63401262642127,
        "12,20": 33.019842525605284,
        "12,21": 30.309578698324074,
        "12,22": 59.674097512585014,
        "12,23": 80.95983129035986,
        "12,24": 75.30641550090567,
        "12,25": 57.55804396101978,
        "12,26": 98.52651596574628,
        "12,27": 84.51508142906381,
        "12,28": 37.35065894581012,
        "12,29": 45.24277770894749,
        "12,30": 96.23471388418125,
        "12,31": 45.13991622727395,
        "12,32": 82.87919422056349,
        "12,33": 99.90517789560424,
        "12,34": 85.40668011087647,
        "12,35": 91.79921287844225,
        "12,36": 76.98181794659568,
        "12,37": 67.19812579068056,
        "12,38": 75.32732892206107,
        "12,39": 44.477386413786995,
        "12,40": 80.43661054433738,
        "13,0": 124.49965376188325,
        "13,1": 21.61823638330687,
        "13,2": 67.29704191233705,
        "13,3": 88.45222712453489,
        "13,4": 83.87500808976743,
        "13,5": 67.50256793830924,
        "13,6": 95.49058229972833,
        "13,7": 64.43675216354332,
        "13,8": 79.0945809270389,
        "13,9": 98.86823432034657,
        "13,10": 57.8224859120594,
        "13,11": 96.50669458375981,
        "13,12": 95.54861929471093,
        "13,13": 0.0,
        "13,14": 110.28945655942242,
        "13,15": 75.0266658004293,
        "13,16": 105.53716855794048,
        "13,17": 97.64897470731842,
        "13,18": 92.27133329246563,
        "13,19": 48.44371533779107,
        "13,20": 89.10171433931308,
        "13,21": 102.84909603933176,
        "13,22": 42.97733553685488,
        "13,23": 23.322008430469314,
        "13,24": 25.43821418858636,
        "13,25": 101.22587635000416,
        "13,26": 5.890997271470565,
        "13,27": 11.747831002261895,
        "13,28": 60.55113022645438,
        "13,29": 99.38576911874426,
        "13,30": 1.4775617819546907,
        "13,31": 51.35959825957604,
        "13,32": 27.710143367651895,
        "13,33": 51.86986582033557,
        "13,34": 57.9642200584682,
        "13,35": 18.769912104950564,
        "13,36": 29.060615493035087,
        "13,37": 31.64077326795083,
        "13,38": 34.39947924729616,
        "13,39": 72.37353926422338,
        "13,40": 56.60538353656388,
        "14,0": 18.90961533869477,
        "14,1": 95.59929889741373,
        "14,2": 62.466928520034834,
        "14,3": 37.79050206919044,
        "14,4": 88.27447115366955,
        "14,5": 45.11188108353939,
        "14,6": 96.31570669778964,
        "14,7": 47.754123758106616,
        "14,8": 31.26254678215013,
        "14,9": 18.613791258795533,
        "14,10": 60.73553324096496,
        "14,11": 29.36337549138197,
        "14,12": 65.12522059965818,
        "14,13": 110.28945655942242,
        "14,14": 0.0,
        "14,15": 66.03536583909305,
        "14,16": 5.1022418256006175,
        "14,17": 60.02055473516364,
        "14,18": 27.158652348947392,
        "14,19": 63.340867575780536,
        "14,20": 34.491400319849916,
        "14,21": 35.80821401606627,
        "14,22": 68.48993095468909,
        "14,23": 109.33687025646849,
        "14,24": 103.64582191277484,
        "14,25": 9.88150983255919,
        "14,26": 115.648942311785,
        "14,27": 99.12510833726095,
        "14,28": 61.9791812489272,
        "14,29": 20.09465404019718,
        "14,30": 111.61110641727618,
        "14,31": 69.57715082648573,
        "14,32": 114.23736428459955,
        "14,33": 80.80444710588141,
        "14,34": 63.524781267040225,
        "14,35": 117.7146146543738,
        "14,36": 81.5403592992675,
        "14,37": 97.1727190338608,
        "14,38": 76.51985189638677,
        "14,39": 40.76082514375391,
        "14,40": 61.03648311864223,
        "15,0": 84.9268865113175,
        "15,1": 73.88381216199504,
        "15,2": 10.101177932798153,
        "15,3": 74.81221646868313,
        "15,4": 110.24808211278892,
        "15,5": 33.17192080263835,
        "15,6": 122.45918895240658,
        "15,7": 54.062020371584346,
        "15,8": 49.06115730239536,
        "15,9": 68.54837536231635,
        "15,10": 23.26508991843193,
        "15,11": 75.2947178643393,
        "15,12": 101.32002311612149,
        "15,13": 75.0266658004293,
        "15,14": 66.03536583909305,
        "15,15": 0.0,
        "15,16": 61.289923530204,
        "15,17": 99.06825872595532,
        "15,18": 38.889182263157906,
        "15,19": 37.25473657730422,
        "15,20": 72.45299488703905,
        "15,21": 85.34000964380292,
        "15,22": 54.94790489981328,
        "15,23": 88.20057892163999,
        "15,24": 84.89293416864811,
        "15,25": 62.341780556989875,
        "15,26": 80.82457389462074,
        "15,27": 68.58371028810781,
        "15,28": 70.82026510980482,
        "15,29": 70.4245631191902,
        "15,30": 76.48632991463838,
        "15,31": 70.08534840066307,
        "15,32": 94.29091883278923,
        "15,33": 24.577895301773722,
        "15,34": 20.38811304518097,
        "15,35": 90.98439010865779,
        "15,36": 51.405026821198426,
        "15,37": 83.19225829498018,
        "15,38": 46.87976416512598,
        "15,39": 56.87500504854543,
        "15,40": 24.743252462555017,
        "16,0": 23.674297510976373,
        "16,1": 91.20306946369452,
        "16,2": 57.49183631139949,
        "16,3": 36.10972380690464,
        "16,4": 86.6010439344272,
        "16,5": 40.047201513828355,
        "16,6": 95.15833379763254,
        "16,7": 43.571577015363346,
        "16,8": 26.684307913863275,
        "16,9": 17.455332567159004,
        "16,10": 55.63330365096119,
        "16,11": 28.551092018796428,
        "16,12": 64.47335415908732,
        "16,13": 105.53716855794048,
        "16,14": 5.1022418256006175,
        "16,15": 61.289923530204,
        "16,16": 0.0,
        "16,17": 59.59471611453241,
        "16,18": 22.51157550820294,
        "16,19": 58.37344064980394,
        "16,20": 32.705620885752786,
        "16,21": 36.13151243160758,
        "16,22": 64.00525007021206,
        "16,23": 105.09641688936651,
        "16,24": 99.45911656335325,
        "16,25": 7.090636157745577,
        "16,26": 110.93807173241277,
        "16,27": 94.44441644487337,
        "16,28": 58.57475827111799,
        "16,29": 19.275857534856332,
        "16,30": 106.87001004792957,
        "16,31": 65.8392759017564,
        "16,32": 110.09102348629348,
        "16,33": 75.7252215379779,
        "16,34": 58.428944658515555,
        "16,35": 113.3032237419796,
        "16,36": 76.71265888753885,
        "16,37": 93.13982525061887,
        "16,38": 71.64969253056303,
        "16,39": 36.87976366584018,
        "16,40": 55.93562849757604,
        "17,0": 57.62869091346669,
        "17,1": 76.45811798164455,
        "17,2": 90.37194206639847,
        "17,3": 25.761229004756455,
        "17,4": 33.030449186755625,
        "17,5": 65.94240553122252,
        "17,6": 37.58941363530322,
        "17,7": 46.58498674299815,
        "17,8": 51.302618073464515,
        "17,9": 42.16731705394783,
        "17,10": 79.93879396812817,
        "17,11": 31.070309487679616,
        "17,12": 5.713949036827952,
        "17,13": 97.64897470731842,
        "17,14": 60.02055473516364,
        "17,15": 99.06825872595532,
        "17,16": 59.59471611453241,
        "17,17": 0.0,
        "17,18": 71.9373637837362,
        "17,19": 70.91327446065209,
        "17,20": 28.963972036018493,
        "17,21": 24.826105906763413,
        "17,22": 60.140307096089124,
        "17,23": 84.11575102450657,
        "17,24": 78.3532231759733,
        "17,25": 52.7704720412812,
        "17,26": 100.8948687014042,
        "17,27": 86.39691186080195,
        "17,28": 38.16709275523808,
        "17,29": 40.32012252042856,
        "17,30": 98.4055514107986,
        "17,31": 46.60632247851995,
        "17,32": 86.35385532447309,
        "17,33": 99.00423962630093,
        "17,34": 83.92915164311574,
        "17,35": 94.8894079843436,
        "17,36": 77.68903518626684,
        "17,37": 70.23302182842869,
        "17,38": 75.65327391751154,
        "17,39": 42.25359447947942,
        "17,40": 79.02616141220446,
        "18,0": 46.06439278538102,
        "18,1": 81.63151959173,
        "18,2": 35.9983953613285,
        "18,3": 46.200575558934396,
        "18,4": 92.96295146256992,
        "18,5": 24.930348087241097,
        "18,6": 103.41163585729842,
        "18,7": 39.21584172842736,
        "18,8": 23.186630519474914,
        "18,9": 33.229138087071796,
        "18,10": 36.96339639597643,
        "18,11": 42.66365366332776,
        "18,12": 75.78698485710123,
        "18,13": 92.27133329246563,
        "18,14": 27.158652348947392,
        "18,15": 38.889182263157906,
        "18,16": 22.51157550820294,
        "18,17": 71.9373637837362,
        "18,18": 0.0,
        "18,19": 43.83810039730808,
        "18,20": 42.97672344757444,
        "18,21": 52.312068591361474,
        "18,22": 54.887803804547815,
        "18,23": 96.4047720309061,
        "18,24": 91.32522215990532,
        "18,25": 24.72538532625289,
        "18,26": 98.0071222351802,
        "18,27": 82.1628761457928,
        "18,28": 57.800581215516985,
        "18,29": 35.31199364340504,
        "18,30": 93.69821751522075,
        "18,31": 62.39003157362514,
        "18,32": 101.99850644804559,
        "18,33": 55.3619091722734,
        "18,34": 38.94228063878139,
        "18,35": 103.06302269480057,
        "18,36": 63.332791035346595,
        "18,37": 86.33644717838322,
        "18,38": 57.92145628437931,
        "18,39": 36.01419190499405,
        "18,40": 37.66878267239155,
        "19,0": 79.38473557321115,
        "19,1": 39.6614317305147,
        "19,2": 27.190414377072088,
        "19,3": 51.51575500528372,
        "19,4": 75.17773075421778,
        "19,5": 19.09872594907776,
        "19,6": 87.754682209556,
        "19,7": 25.00950797304095,
        "19,8": 33.271016844160485,
        "19,9": 55.265481485816046,
        "19,10": 14.052684905549048,
        "19,11": 56.553983396098474,
        "19,12": 71.63401262642127,
        "19,13": 48.44371533779107,
        "19,14": 63.340867575780536,
        "19,15": 37.25473657730422,
        "19,16": 58.37344064980394,
        "19,17": 70.91327446065209,
        "19,18": 43.83810039730808,
        "19,19": 0.0,
        "19,20": 50.61063771432019,
        "19,21": 65.3170689962106,
        "19,22": 17.713810493787882,
        "19,23": 54.609821985800274,
        "19,24": 50.28134065172895,
        "19,25": 55.0682184314825,
        "19,26": 54.16913895526393,
        "19,27": 38.45610111198761,
        "19,28": 36.350774037954466,
        "19,29": 56.347648123499184,
        "19,30": 49.86577336422128,
        "19,31": 33.584131895034055,
        "19,32": 60.54760762988607,
        "19,33": 28.324267356176588,
        "19,34": 17.01703028417313,
        "19,35": 59.985720520403206,
        "19,36": 19.52028349741837,
        "19,37": 47.16761697631114,
        "19,38": 14.091345791520023,
        "19,39": 31.781998983140234,
        "19,40": 12.54675526016169,
        "20,0": 39.60717422073788,
        "20,1": 70.5567395646649,
        "20,2": 64.64752651686288,
        "20,3": 3.4466820232821385,
        "20,4": 53.9070679708511,
        "20,5": 40.2357008067878,
        "20,6": 62.62245653273149,
        "20,7": 26.208079624072298,
        "20,8": 23.458099348464955,
        "20,9": 15.956966288659698,
        "20,10": 56.108252582854774,
        "20,11": 7.717367809683074,
        "20,12": 33.019842525605284,
        "20,13": 89.10171433931308,
        "20,14": 34.491400319849916,
        "20,15": 72.45299488703905,
        "20,16": 32.705620885752786,
        "20,17": 28.963972036018493,
        "20,18": 42.97672344757444,
        "20,19": 50.61063771432019,
        "20,20": 0.0,
        "20,21": 14.719400182589702,
        "20,22": 46.47010046235554,
        "20,23": 82.337418175262,
        "20,24": 76.36861396671225,
        "20,25": 25.61585774648262,
        "20,26": 93.63176195563533,
        "20,27": 77.35779784434838,
        "20,28": 31.488255698061437,
        "20,29": 14.858368259882035,
        "20,30": 90.19644352828409,
        "20,31": 40.587664023126614,
        "20,32": 86.35095354580237,
        "20,33": 76.69350279302557,
        "20,34": 60.004553493809404,
        "20,35": 92.04932176438719,
        "20,36": 63.374478145423176,
        "20,37": 68.91471895306485,
        "20,38": 59.68542710227593,
        "20,39": 18.832227067714737,
        "20,40": 55.52565221213232,
        "21,0": 33.28287591784251,
        "21,1": 83.56246206109297,
        "21,2": 78.12324462906943,
        "21,3": 14.486031276311047,
        "21,4": 56.07777175745152,
        "21,5": 54.07654628679673,
        "21,6": 62.21487347680986,
        "21,7": 40.87767529383749,
        "21,8": 36.492366295923276,
        "21,9": 19.491843044661454,
        "21,10": 70.33575683653342,
        "21,11": 10.05964718974245,
        "21,12": 30.309578698324074,
        "21,13": 102.84909603933176,
        "21,14": 35.80821401606627,
        "21,15": 85.34000964380292,
        "21,16": 36.13151243160758,
        "21,17": 24.826105906763413,
        "21,18": 52.312068591361474,
        "21,19": 65.3170689962106,
        "21,20": 14.719400182589702,
        "21,21": 0.0,
        "21,22": 60.65658118539042,
        "21,23": 94.4353888969382,
        "21,24": 88.44529786526627,
        "21,25": 29.845330185036406,
        "21,26": 107.1592299578035,
        "21,27": 91.10759694781312,
        "21,28": 43.4512273827867,
        "21,29": 17.411957270213886,
        "21,30": 103.88718802674997,
        "21,31": 52.884056010374785,
        "21,32": 97.98810212071133,
        "21,33": 91.1006022556638,
        "21,34": 74.17322466640951,
        "21,35": 104.53633742955223,
        "21,36": 77.82135881513494,
        "21,37": 80.68195936181475,
        "21,38": 74.27429918508022,
        "21,39": 33.547337295881015,
        "21,40": 69.83497918313464,
        "22,0": 81.7187850809558,
        "22,1": 27.297846522022112,
        "22,2": 44.86481372354958,
        "22,3": 46.17055387419404,
        "22,4": 58.94012778365509,
        "22,5": 30.869342863395534,
        "22,6": 71.64163509939347,
        "22,7": 21.501448703455463,
        "22,8": 37.32841679000413,
        "22,9": 55.96141206592354,
        "22,10": 31.696733176029444,
        "22,11": 53.70825484505251,
        "22,12": 59.674097512585014,
        "22,13": 42.97733553685488,
        "22,14": 68.48993095468909,
        "22,15": 54.94790489981328,
        "22,16": 64.00525007021206,
        "22,17": 60.140307096089124,
        "22,18": 54.887803804547815,
        "22,19": 17.713810493787882,
        "22,20": 46.47010046235554,
        "22,21": 60.65658118539042,
        "22,22": 0.0,
        "22,23": 41.70973309942375,
        "22,24": 36.46838250966823,
        "22,25": 59.04530931970158,
        "22,26": 47.885232941332674,
        "22,27": 31.337067469820383,
        "22,28": 22.380957882364058,
        "22,29": 56.427701109127135,
        "22,30": 44.16224136130641,
        "22,31": 16.85874241461131,
        "22,32": 47.16694516169333,
        "22,33": 43.677258927716686,
        "22,34": 34.72404589773215,
        "22,35": 49.33307715245433,
        "22,36": 17.68058747207277,
        "22,37": 31.643619855895686,
        "22,38": 15.684648182517927,
        "22,39": 29.41026497499553,
        "22,40": 30.207931156067076,
        "23,0": 120.78075232969276,
        "23,1": 14.961997361340224,
        "23,2": 79.07433613577574,
        "23,3": 80.83512362499759,
        "23,4": 64.64319317281542,
        "23,5": 71.83423614654572,
