{
    "num_robots": 7,
    "num_tasks": 40,
    "num_nodes": 41,
    "robot_capacity": [
        80,
        72,
        78,
        73,
        65,
        81,
        61
    ],
    "robot_speed": [
        0.82,
        1.09,
        0.97,
        1.2,
        0.91,
        1.14,
        0.87
    ],
    "task_demand": {
        "0": 0,
        "1": 10,
        "2": 14,
        "3": 8,
        "4": 7,
        "5": 14,
        "6": 5,
        "7": 9,
        "8": 11,
        "9": 9,
        "10": 6,
        "11": 7,
        "12": 14,
        "13": 8,
        "14": 13,
        "15": 9,
        "16": 11,
        "17": 5,
        "18": 10,
        "19": 15,
        "20": 5,
        "21": 8,
        "22": 14,
        "23": 5,
        "24": 9,
        "25": 9,
        "26": 6,
        "27": 10,
        "28": 15,
        "29": 11,
        "30": 14,
        "31": 13,
        "32": 9,
        "33": 13,
        "34": 9,
        "35": 15,
        "36": 11,
        "37": 6,
        "38": 5,
        "39": 9,
        "40": 10
    },
    "task_service_time": {
        "0": 0,
        "1": 94,
        "2": 66,
        "3": 34,
        "4": 34,
        "5": 30,
        "6": 37,
        "7": 33,
        "8": 27,
        "9": 64,
        "10": 72,
        "11": 22,
        "12": 27,
        "13": 34,
        "14": 63,
        "15": 54,
        "16": 26,
        "17": 69,
        "18": 22,
        "19": 86,
        "20": 91,
        "21": 75,
        "22": 67,
        "23": 37,
        "24": 37,
        "25": 87,
        "26": 99,
        "27": 34,
        "28": 88,
        "29": 87,
        "30": 74,
        "31": 79,
        "32": 91,
        "33": 62,
        "34": 13,
        "35": 63,
        "36": 81,
        "37": 92,
        "38": 50,
        "39": 45,
        "40": 90
    },
    "task_precedence": [],
    "coordinates": {
        "0": [
            100,
            100
        ],
        "1": [
            28.855723618014373,
            72.5579338292545
        ],
        "2": [
            42.51251326128135,
            11.483640906087732
        ],
        "3": [
            46.61471421754931,
            80.85833915171173
        ],
        "4": [
            13.71650043260708,
            68.37309093522546
        ],
        "5": [
            8.695038503000385,
            46.30234750744064
        ],
        "6": [
            7.006542725395981,
            51.30222868074426
        ],
        "7": [
            25.663081880408644,
            86.3849341757437
        ],
        "8": [
            59.97260130716191,
            30.97708046298323
        ],
        "9": [
            81.4980955948435,
            75.02425258119435
        ],
        "10": [
            32.6871769606354,
            83.40215712756164
        ],
        "11": [
            49.910722554369116,
            85.7716226278659
        ],
        "12": [
            42.73045081307745,
            77.74098509282456
        ],
        "13": [
            89.78788488412945,
            56.54277844989459
        ],
        "14": [
            45.01178601020365,
            70.22800910772867
        ],
        "15": [
            26.425872487724156,
            68.8051707919667
        ],
        "16": [
            22.296574093240928,
            25.51837179721137
        ],
        "17": [
            4.313095419968082,
            87.89147198413836
        ],
        "18": [
            85.35207961026336,
            81.48559782264164
        ],
        "19": [
            69.36492955358898,
            86.30136119111039
        ],
        "20": [
            78.79334026105401,
            10.237618928141645
        ],
        "21": [
            34.50569097687779,
            85.0464541636768
        ],
        "22": [
            43.94274373814956,
            62.478754706780904
        ],
        "23": [
            69.62978448313265,
            19.322303896559156
        ],
        "24": [
            35.3387759203524,
            58.479426954111545
        ],
        "25": [
            80.18197000853519,
            34.310212651716384
        ],
        "26": [
            54.06901945636312,
            60.905674899715414
        ],
        "27": [
            56.28683308385207,
            74.05446437195722
        ],
        "28": [
            37.7954487652551,
            14.13392022284511
        ],
        "29": [
            79.13095371071054,
            5.773933125040697
        ],
        "30": [
            33.953475236841435,
            1.8147625867950268
        ],
        "31": [
            6.736790626408484,
            96.80597368670334
        ],
        "32": [
            38.4328508289858,
            53.90815710621215
        ],
        "33": [
            26.76861062129102,
            29.21561649178659
        ],
        "34": [
            94.17683621708929,
            32.77278016994968
        ],
        "35": [
            75.32943599586893,
            51.23592976008206
        ],
        "36": [
            67.60847619995268,
            37.51133366036067
        ],
        "37": [
            21.291236147629533,
            10.971265477776704
        ],
        "38": [
            19.308414734605183,
            25.32908482973889
        ],
        "39": [
            61.14180737320037,
            29.396991703467247
        ],
        "40": [
            25.41013055939787,
            22.20483221978685
        ]
    },
    "distance_matrix_str_keys": {
        "0,0": 0.0,
        "0,1": 76.2533609596058,
        "0,2": 105.54599451791991,
        "0,3": 56.71324288122504,
        "0,4": 91.8972451958589,
        "0,5": 105.92466132671962,
        "0,6": 104.97264418574075,
        "0,7": 75.57345706607354,
        "0,8": 79.78944834706472,
        "0,9": 31.082284757487287,
        "0,10": 69.32895883789809,
        "0,11": 52.070936592971364,
        "0,12": 61.44318520968131,
        "0,13": 44.64098341204792,
        "0,14": 62.53059346813464,
        "0,15": 79.91413897747378,
        "0,16": 107.63519562571359,
        "0,17": 96.44998786323946,
        "0,18": 23.608148163908037,
        "0,19": 33.558311138568676,
        "0,20": 92.23344010158651,
        "0,21": 67.17970711081767,
        "0,22": 67.45561376164838,
        "0,23": 86.20464395321243,
        "0,24": 76.84420528274958,
        "0,25": 68.61415651748057,
        "0,26": 60.316011379622005,
        "0,27": 50.83317598640721,
        "0,28": 106.03013652076815,
        "0,29": 96.50942322772843,
        "0,30": 118.33209319190608,
        "0,31": 93.31788696039146,
        "0,32": 76.90885409620621,
        "0,33": 101.8492284652855,
        "0,34": 67.47894725409189,
        "0,35": 54.64953133052083,
        "0,36": 70.38497165585709,
        "0,37": 118.83259265789303,
        "0,38": 109.94033611467091,
        "0,39": 80.5899740336336,
        "0,40": 107.77632742452113,
        "1,0": 76.2533609596058,
        "1,1": 0.0,
        "1,2": 62.58256274255012,
        "1,3": 19.603022104549257,
        "1,4": 15.706972614265265,
        "1,5": 33.103006470847404,
        "1,6": 30.482645997989827,
        "1,7": 14.190803354515014,
        "1,8": 51.93483843999825,
        "1,9": 52.70011437874699,
        "1,10": 11.501183141756732,
        "1,11": 24.85788711609351,
        "1,12": 14.811214505847184,
        "1,13": 63.00169425011438,
        "1,14": 16.32320131678495,
        "1,15": 4.470727785205239,
        "1,16": 47.49466115949001,
        "1,17": 28.93886644661149,
        "1,18": 57.197390017218,
        "1,19": 42.77706816953918,
        "1,20": 79.85979717831155,
        "1,21": 13.707124837087514,
        "1,22": 18.14409071538917,
        "1,23": 67.05636683987031,
        "1,24": 15.499494281695053,
        "1,25": 64.00993472747139,
        "1,26": 27.775626459057907,
        "1,27": 27.471901466626093,
        "1,28": 59.10401045267671,
        "1,29": 83.59247281265205,
        "1,30": 70.92660536785331,
        "1,31": 32.82094809135744,
        "1,32": 20.965102848172755,
        "1,33": 43.392539829363095,
        "1,34": 76.48337206789147,
        "1,35": 51.131534298369715,
        "1,36": 52.24978484238221,
        "1,37": 62.04948983935746,
        "1,38": 48.184180855694436,
        "1,39": 53.900446467839586,
        "1,40": 50.47085251131547,
        "2,0": 105.54599451791991,
        "2,1": 62.58256274255012,
        "2,2": 0.0,
        "2,3": 69.49587620396618,
        "2,4": 63.762213570789186,
        "2,5": 48.53827282071404,
        "2,6": 53.34973173375088,
        "2,7": 76.77308819713943,
        "2,8": 26.16961712230883,
        "2,9": 74.54719955795555,
        "2,10": 72.58657044467108,
        "2,11": 74.65546014217297,
        "2,12": 66.25770261227137,
        "2,13": 65.30916197801113,
        "2,14": 58.797509808523934,
        "2,15": 59.53602102790536,
        "2,16": 24.610117180382765,
        "2,17": 85.42454081507938,
        "2,18": 82.07010672051001,
        "2,19": 79.49052477738009,
        "2,20": 36.30221726777798,
        "2,21": 73.99727493269562,
        "2,22": 51.01516628182849,
        "2,23": 28.227487242006355,
        "2,24": 47.54015580231378,
        "2,25": 44.04588913044621,
        "2,26": 50.755199531715505,
        "2,27": 64.06902399577716,
        "2,28": 5.410607906372748,
        "2,29": 37.060908568103685,
        "2,30": 12.912952406676672,
        "2,31": 92.51920233753351,
        "2,32": 42.620220792202645,
        "2,33": 23.712727141965654,
        "2,34": 55.87870539908858,
        "2,35": 51.54798625455017,
        "2,36": 36.155886739644444,
        "2,37": 21.227461716228326,
        "2,38": 27.020853167112687,
        "2,39": 25.84451074983541,
        "2,40": 20.18503002887587,
        "3,0": 56.71324288122504,
        "3,1": 19.603022104549257,
        "3,2": 69.49587620396618,
        "3,3": 0.0,
        "3,4": 35.18769519685875,
        "3,5": 51.30320033697201,
        "3,6": 49.42034920074787,
        "3,7": 21.668275200171642,
        "3,8": 51.63887213980077,
        "3,9": 35.36787896419641,
        "3,10": 14.157941373553653,
        "3,11": 5.916419987917962,
        "3,12": 4.98050183453231,
        "3,13": 49.549663547287686,
        "3,14": 10.750502113013763,
        "3,15": 23.513149467910257,
        "3,16": 60.447364921083725,
        "3,17": 42.88230299709234,
        "3,18": 38.7424435343061,
        "3,19": 23.392280495017026,
        "3,20": 77.60637924129357,
        "3,21": 12.812835408158895,
        "3,22": 18.572790598376084,
        "3,23": 65.69914074212173,
        "3,24": 25.05917986746754,
        "3,25": 57.38892525563659,
        "3,26": 21.29965908990796,
        "3,27": 11.8255061364184,
        "3,28": 67.30473627103018,
        "3,29": 81.82281991690711,
        "3,30": 80.05119592298698,
        "3,31": 42.94852543688227,
        "3,32": 28.164786539128677,
        "3,33": 55.32484642259174,
        "3,34": 67.63413658565948,
        "3,35": 41.255573986694365,
        "3,36": 48.16327363501181,
        "3,37": 74.3335833137602,
        "3,38": 61.87998122984989,
        "3,39": 53.47248560467245,
        "3,40": 62.36880825804597,
        "4,0": 91.8972451958589,
        "4,1": 15.706972614265265,
        "4,2": 63.762213570789186,
        "4,3": 35.18769519685875,
        "4,4": 0.0,
        "4,5": 22.634769611498065,
        "4,6": 18.342242789365557,
        "4,7": 21.613590752347438,
        "4,8": 59.48183308672525,
        "4,9": 68.1071405505922,
        "4,10": 24.202466786356855,
        "4,11": 40.15881746340724,
        "4,12": 30.488797247979065,
        "4,13": 76.98578976585156,
        "4,14": 31.35020926261907,
        "4,15": 12.716714632246505,
        "4,16": 43.705201251338195,
        "4,17": 21.665438481652902,
        "4,18": 72.8257786844109,
        "4,19": 58.4651224064484,
        "4,20": 87.26240993431114,
        "4,21": 26.649418095595777,
        "4,22": 30.795600074358113,
        "4,23": 74.37926486882854,
        "4,24": 23.77829649573625,
        "4,25": 74.68559648892,
        "4,26": 41.037642400727485,
        "4,27": 42.94777323872865,
        "4,28": 59.34377298734107,
        "4,29": 90.54117989190111,
        "4,30": 69.5668471454952,
        "4,31": 29.277041697173452,
        "4,32": 28.637951874991064,
        "4,33": 41.275481646688455,
        "4,34": 87.98436088951172,
        "4,35": 63.951826571768066,
        "4,36": 62.103084578793954,
        "4,37": 57.89944893520014,
        "4,38": 43.4057135314011,
        "4,39": 61.38644842091249,
        "4,40": 47.626138814288346,
        "5,0": 105.92466132671962,
        "5,1": 33.103006470847404,
        "5,2": 48.53827282071404,
        "5,3": 51.30320033697201,
        "5,4": 22.634769611498065,
        "5,5": 0.0,
        "5,6": 5.277293789258262,
        "5,7": 43.526178905109894,
        "5,8": 53.51870941193053,
        "5,9": 78.26386748036342,
        "5,10": 44.18165435584719,
        "5,11": 57.06624475426844,
        "5,12": 46.33354318786833,
        "5,13": 81.73687148454219,
        "5,14": 43.48957843568332,
        "5,15": 28.648901018511054,
        "5,16": 24.83898984934735,
        "5,17": 41.819334044448766,
        "5,18": 84.34549812564211,
        "5,19": 72.6688157035512,
        "5,20": 78.83169766573374,
        "5,21": 46.55422195372915,
        "5,22": 38.78242996800007,
        "5,23": 66.64057338370006,
        "5,24": 29.294538866746795,
        "5,25": 72.48581015947121,
        "5,26": 47.66608142570655,
        "5,27": 55.09227624529386,
        "5,28": 43.377892887919884,
        "5,29": 81.26358670092809,
        "5,30": 51.15793035599766,
        "5,31": 50.5415768650018,
        "5,32": 30.695045554426123,
        "5,33": 24.871879420670382,
        "5,34": 86.54586606402478,
        "5,35": 66.81678803325691,
        "5,36": 59.56572055916247,
        "5,37": 37.50932620681692,
        "5,38": 23.50577593659633,
        "5,39": 55.10403451457176,
        "5,40": 29.32719805048806,
        "6,0": 104.97264418574075,
        "6,1": 30.482645997989827,
        "6,2": 53.34973173375088,
        "6,3": 49.42034920074787,
        "6,4": 18.342242789365557,
        "6,5": 5.277293789258262,
        "6,6": 0.0,
        "6,7": 39.73490503438236,
        "6,8": 56.7319575879505,
        "6,9": 78.17752788899904,
        "6,10": 41.10839793782952,
        "6,11": 55.03551367870324,
        "6,12": 44.44328351589732,
        "6,13": 82.9470552309378,
        "6,14": 42.456844935862165,
        "6,15": 26.143132003775847,
        "6,16": 29.976529736115033,
        "6,17": 36.68824585479779,
        "6,18": 83.95867389694861,
        "6,19": 71.50879445419788,
        "6,20": 82.7021551989977,
        "6,21": 43.53017238651794,
        "6,22": 38.590124115701066,
        "6,23": 70.31632809988069,
        "6,24": 29.227172508961875,
        "6,25": 75.12237860185695,
        "6,26": 48.03231095141577,
        "6,27": 54.27901294941025,
        "6,28": 48.26427134799417,
        "6,29": 85.29218226886952,
        "6,30": 56.348438063323194,
        "6,31": 45.50454456163971,
        "6,32": 31.5341672472957,
        "6,33": 29.637101165724335,
        "6,34": 89.11790240766518,
        "6,35": 68.32292543791812,
        "6,36": 62.15129223369242,
        "6,37": 42.785968015768034,
        "6,38": 28.739176335378556,
        "6,39": 58.39919764447525,
        "6,40": 34.42891990710657,
        "7,0": 75.57345706607354,
        "7,1": 14.190803354515014,
        "7,2": 76.77308819713943,
        "7,3": 21.668275200171642,
        "7,4": 21.613590752347438,
        "7,5": 43.526178905109894,
        "7,6": 39.73490503438236,
        "7,7": 0.0,
        "7,8": 65.1703412324151,
        "7,9": 56.97906495182122,
        "7,10": 7.631177537918205,
        "7,11": 24.255395880262654,
        "7,12": 19.13146460760197,
        "7,13": 70.7286690008502,
        "7,14": 25.207510372026007,
        "7,15": 17.59630444554183,
        "7,16": 60.959591455822824,
        "7,17": 21.403074032229995,
        "7,18": 59.889731563060366,
        "7,19": 43.701927583272784,
        "7,20": 92.85062183427652,
        "7,21": 8.94333631122421,
        "7,22": 30.09404350424858,
        "7,23": 80.19019464821729,
        "7,24": 29.535341346447428,
        "7,25": 75.3928762187262,
        "7,26": 38.15874660971054,
        "7,27": 33.01294629917925,
        "7,28": 73.26256440673139,
        "7,29": 96.73131245081932,
        "7,30": 84.97555262890972,
        "7,31": 21.605614203725498,
        "7,32": 34.89710658241017,
        "7,33": 57.18000593079829,
        "7,34": 86.99653780724842,
        "7,35": 60.84570027976094,
        "7,36": 64.40531757517607,
        "7,37": 75.54028370080393,
        "7,38": 61.385654137558795,
        "7,39": 67.12946856497793,
        "7,40": 64.18060042916252,
        "8,0": 79.78944834706472,
        "8,1": 51.93483843999825,
        "8,2": 26.16961712230883,
        "8,3": 51.63887213980077,
        "8,4": 59.48183308672525,
        "8,5": 53.51870941193053,
        "8,6": 56.7319575879505,
        "8,7": 65.1703412324151,
        "8,8": 0.0,
        "8,9": 49.0255063812739,
        "8,10": 59.100617975254245,
        "8,11": 55.710710416355376,
        "8,12": 49.841293421113704,
        "8,13": 39.27538730977651,
        "8,14": 42.00549242449846,
        "8,15": 50.56033457585727,
        "8,16": 38.06941721279546,
        "8,17": 79.60671176370683,
        "8,18": 56.52635000429898,
        "8,19": 56.1158789289917,
        "8,20": 28.00616859775227,
        "8,21": 59.76671895090097,
        "8,22": 35.3456052974789,
        "8,23": 15.135884635776005,
        "8,24": 36.921598227946454,
        "8,25": 20.48239130315635,
        "8,26": 30.50529533748981,
        "8,27": 43.23477641710539,
        "8,28": 27.84812635963097,
        "8,29": 31.65819171330854,
        "8,30": 39.08242194868528,
        "8,31": 84.66105788316706,
        "8,32": 31.461009625880205,
        "8,33": 33.25068048610772,
        "8,34": 34.251338998805494,
        "8,35": 25.421513458070056,
        "8,36": 10.050027374380116,
        "8,37": 43.548600939954426,
        "8,38": 41.054548155848096,
        "8,39": 1.9656356002092301,
        "8,40": 35.65833315552351,
        "9,0": 31.082284757487287,
        "9,1": 52.70011437874699,
        "9,2": 74.54719955795555,
        "9,3": 35.36787896419641,
        "9,4": 68.1071405505922,
        "9,5": 78.26386748036342,
        "9,6": 78.17752788899904,
        "9,7": 56.97906495182122,
        "9,8": 49.0255063812739,
        "9,9": 0.0,
        "9,10": 49.52469144278767,
        "9,11": 33.36567245715544,
        "9,12": 38.86271886351934,
        "9,13": 20.255505239975182,
        "9,14": 36.80020025166907,
        "9,15": 55.4222584911643,
        "9,16": 77.17287334486547,
        "9,17": 78.25017308069688,
        "9,18": 7.523441707110203,
        "9,19": 16.56462787944524,
        "9,20": 64.84306903216815,
        "9,21": 48.049251985213246,
        "9,22": 39.59537813933588,
        "9,23": 56.95229491346325,
        "9,24": 49.034824847677775,
        "9,25": 40.7353069699746,
        "9,26": 30.8494481888819,
        "9,27": 25.22990777963521,
        "9,28": 74.9503429920235,
        "9,29": 69.29076493645418,
        "9,30": 87.29330071790503,
        "9,31": 77.86973799173543,
        "9,32": 47.96357779452861,
        "9,33": 71.37049576570207,
        "9,34": 44.1127802873992,
        "9,35": 24.575122866213157,
        "9,36": 40.001757622584144,
        "9,37": 87.90705933750239,
        "9,38": 79.60631949376628,
        "9,39": 49.96223979533716,
        "9,40": 77.04382512007332,
        "10,0": 69.32895883789809,
        "10,1": 11.501183141756732,
        "10,2": 72.58657044467108,
        "10,3": 14.157941373553653,
        "10,4": 24.202466786356855,
        "10,5": 44.18165435584719,
        "10,6": 41.10839793782952,
        "10,7": 7.631177537918205,
        "10,8": 59.100617975254245,
        "10,9": 49.52469144278767,
        "10,10": 0.0,
        "10,11": 17.385766867658045,
        "10,12": 11.528929632972668,
        "10,13": 63.10243314100093,
        "10,14": 18.04034823037429,
        "10,15": 15.883196900625627,
        "10,16": 58.80898938187918,
        "10,17": 28.727033455578358,
        "10,18": 52.69976442702629,
        "10,19": 36.79215839648458,
        "10,20": 86.4802170685253,
        "10,21": 2.4516741158333284,
        "10,22": 23.758715292393514,
        "10,23": 73.9660992662726,
        "10,24": 25.063388764127087,
        "10,25": 68.30647391779424,
        "10,26": 31.036670265025354,
        "10,27": 25.383520815427826,
        "10,28": 69.45633941346036,
        "10,29": 90.46085098315396,
        "10,30": 81.59722090411557,
        "10,31": 29.2076162883374,
        "10,32": 30.04844098220086,
        "10,33": 54.50881225623725,
        "10,34": 79.65118961189954,
        "10,35": 53.413747656238726,
        "10,36": 57.66684332491024,
        "10,37": 73.32190349545229,
        "10,38": 59.59423633883398,
        "10,39": 61.04280370690281,
        "10,40": 61.628467287395004,
        "11,0": 52.070936592971364,
        "11,1": 24.85788711609351,
        "11,2": 74.65546014217297,
        "11,3": 5.916419987917962,
        "11,4": 40.15881746340724,
        "11,5": 57.06624475426844,
        "11,6": 55.03551367870324,
        "11,7": 24.255395880262654,
        "11,8": 55.710710416355376,
        "11,9": 33.36567245715544,
        "11,10": 17.385766867658045,
        "11,11": 0.0,
        "11,12": 10.772531805383844,
        "11,13": 49.44202066516076,
        "11,14": 16.29734642594164,
        "11,15": 28.97237771658862,
        "11,16": 66.27967585085942,
        "11,17": 45.64687679985515,
        "11,18": 35.6995770086199,
        "11,19": 19.461418060200124,
        "11,20": 80.86773967720666,
        "11,21": 15.422090234626413,
        "11,22": 24.045258724745626,
        "11,23": 69.31344287513933,
        "11,24": 30.938739040224746,
        "11,25": 59.70448173432792,
        "11,26": 25.211243316112853,
        "11,27": 13.339662030133754,
        "11,28": 72.65493971407254,
        "11,29": 85.1672016366656,
        "11,30": 85.45986244962431,
        "11,31": 44.56170218258999,
        "11,32": 33.86771286039213,
        "11,33": 61.1076032485922,
        "11,34": 69.05335705582955,
        "11,35": 42.8815237005284,
        "11,36": 51.4029763275131,
        "11,37": 80.08850374408583,
        "11,38": 67.74807465436635,
        "11,39": 57.48248670743069,
        "11,40": 68.1250016578987,
        "12,0": 61.44318520968131,
        "12,1": 14.811214505847184,
        "12,2": 66.25770261227137,
        "12,3": 4.98050183453231,
        "12,4": 30.488797247979065,
        "12,5": 46.33354318786833,
        "12,6": 44.44328351589732,
        "12,7": 19.13146460760197,
        "12,8": 49.841293421113704,
        "12,9": 38.86271886351934,
        "12,10": 11.528929632972668,
        "12,11": 10.772531805383844,
        "12,12": 0.0,
        "12,13": 51.61168536511636,
        "12,14": 7.851706721106847,
        "12,15": 18.592688121597586,
        "12,16": 56.078022943258546,
        "12,17": 39.735696540153945,
        "12,18": 42.785807995425486,
        "12,19": 27.976338157858763,
        "12,20": 76.53258416452589,
        "12,21": 11.00075237010368,
        "12,22": 15.310301450097388,
        "12,23": 64.31420111144861,
        "12,24": 20.6311531342958,
        "12,25": 57.34848110350492,
        "12,26": 20.297556704606244,
        "12,27": 14.048698704746887,
        "12,28": 63.79822055971299,
        "12,29": 80.64895027298432,
        "12,30": 76.43184260699822,
        "12,31": 40.731036860336935,
        "12,32": 24.217205773224958,
        "12,33": 51.08318451481593,
        "12,34": 68.32913013586366,
        "12,35": 42.01442363212425,
        "12,36": 47.30053912512575,
        "12,37": 70.12727987697271,
        "12,38": 57.407308448044276,
        "12,39": 51.73122603625595,
        "12,40": 58.174373822392255,
        "13,0": 44.64098341204792,
        "13,1": 63.00169425011438,
        "13,2": 65.30916197801113,
        "13,3": 49.549663547287686,
        "13,4": 76.98578976585156,
        "13,5": 81.73687148454219,
        "13,6": 82.9470552309378,
        "13,7": 70.7286690008502,
        "13,8": 39.27538730977651,
        "13,9": 20.255505239975182,
        "13,10": 63.10243314100093,
        "13,11": 49.44202066516076,
        "13,12": 51.61168536511636,
        "13,13": 0.0,
        "13,14": 46.820770695554565,
        "13,15": 64.53767024671039,
        "13,16": 74.28048761568114,
        "13,17": 91.04218923250171,
        "13,18": 25.33417862669212,
        "13,19": 36.092524865947496,
        "13,20": 47.59251842258177,
        "13,21": 62.197913891025564,
        "13,22": 46.227835562755224,
        "13,23": 42.32862787466844,
        "13,24": 54.483539481004286,
        "13,25": 24.21901283222515,
        "13,26": 35.984332880834955,
        "13,27": 37.80184672152718,
        "13,28": 67.09489302247387,
        "13,29": 51.87529120548555,
        "13,30": 78.18335514016296,
        "13,31": 92.29631167106426,
        "13,32": 51.42257045723746,
        "13,33": 68.68917461506956,
        "13,34": 24.17179579658231,
        "13,35": 15.40160339935446,
        "13,36": 29.225366727499146,
        "13,37": 82.27122025775091,
        "13,38": 77.08210156690483,
        "13,39": 39.46506676599784,
        "13,40": 72.96293444754855,
        "14,0": 62.53059346813464,
        "14,1": 16.32320131678495,
        "14,2": 58.797509808523934,
        "14,3": 10.750502113013763,
        "14,4": 31.35020926261907,
        "14,5": 43.48957843568332,
        "14,6": 42.456844935862165,
        "14,7": 25.207510372026007,
        "14,8": 42.00549242449846,
        "14,9": 36.80020025166907,
        "14,10": 18.04034823037429,
        "14,11": 16.29734642594164,
        "14,12": 7.851706721106847,
        "14,13": 46.820770695554565,
        "14,14": 0.0,
        "14,15": 18.640296412286112,
        "14,16": 50.14910289198128,
        "14,17": 44.366443812255596,
        "14,18": 41.881649817230866,
        "14,19": 29.17924343846293,
        "14,20": 68.8479507429396,
        "14,21": 18.164920773992602,
        "14,22": 7.822646300967905,
        "14,23": 56.545881121967014,
        "14,24": 15.218288564048681,
        "14,25": 50.26957275263064,
        "14,26": 12.99766874420655,
        "14,27": 11.906655550662844,
        "14,28": 56.556364195889124,
        "14,29": 72.9276731793729,
        "14,30": 69.30121598279713,
        "14,31": 46.59789129124593,
        "14,32": 17.596021069266442,
        "14,33": 44.88685549640126,
        "14,34": 61.80692790154695,
        "14,35": 35.775116751739816,
        "14,36": 39.761680797721716,
        "14,37": 63.828098447382224,
        "14,38": 51.73564241653833,
        "14,39": 43.901589623131294,
        "14,40": 51.86955190497266,
        "15,0": 79.91413897747378,
        "15,1": 4.470727785205239,
        "15,2": 59.53602102790536,
        "15,3": 23.513149467910257,
        "15,4": 12.716714632246505,
        "15,5": 28.648901018511054,
        "15,6": 26.143132003775847,
        "15,7": 17.59630444554183,
        "15,8": 50.56033457585727,
        "15,9": 55.4222584911643,
        "15,10": 15.883196900625627,
        "15,11": 28.97237771658862,
        "15,12": 18.592688121597586,
        "15,13": 64.53767024671039,
        "15,14": 18.640296412286112,
        "15,15": 0.0,
        "15,16": 43.48330797493485,
        "15,17": 29.2106453685394,
        "15,18": 60.2751284986491,
        "15,19": 46.366790919673136,
        "15,20": 78.56532194494324,
        "15,21": 18.14008689003048,
        "15,22": 18.62429378223179,
        "15,23": 65.68966530509668,
        "15,24": 13.640411775469245,
        "15,25": 63.871904291046214,
        "15,26": 28.74970625382925,
        "15,27": 30.318839865872736,
        "15,28": 55.84096080407529,
        "15,29": 82.16302397396352,
        "15,30": 67.41201372636817,
        "15,31": 34.230175390895695,
        "15,32": 19.133440507161396,
        "15,33": 39.59103786357603,
        "15,34": 76.73673344751764,
        "15,35": 51.96380234578306,
        "15,36": 51.72340950612153,
        "15,37": 58.06139073632077,
        "15,38": 44.05483237355983,
        "15,39": 52.51857494300345,
        "15,40": 46.61140725945477,
        "16,0": 107.63519562571359,
        "16,1": 47.49466115949001,
        "16,2": 24.610117180382765,
        "16,3": 60.447364921083725,
        "16,4": 43.705201251338195,
        "16,5": 24.83898984934735,
        "16,6": 29.976529736115033,
        "16,7": 60.959591455822824,
        "16,8": 38.06941721279546,
        "16,9": 77.17287334486547,
        "16,10": 58.80898938187918,
        "16,11": 66.27967585085942,
        "16,12": 56.078022943258546,
        "16,13": 74.28048761568114,
        "16,14": 50.14910289198128,
        "16,15": 43.48330797493485,
        "16,16": 0.0,
        "16,17": 64.91385932233956,
        "16,18": 84.31089588534121,
        "16,19": 76.87653663765373,
        "16,20": 58.52679724422081,
        "16,21": 60.7672208127622,
        "16,22": 42.832540960327854,
        "16,23": 47.73703031445554,
        "16,24": 35.44756952959293,
        "16,25": 58.54925726156831,
        "16,26": 47.557854295805626,
        "16,27": 59.25445121400688,
        "16,28": 19.23072681278305,
        "16,29": 60.166349107966944,
        "16,30": 26.414852524135153,
        "16,31": 72.9659444171691,
        "16,32": 32.65515788943146,
        "16,33": 5.802476112814163,
        "16,34": 72.24540486308872,
        "16,35": 58.93960662539941,
        "16,36": 46.87216238642274,
        "16,37": 14.581803957460892,
        "16,38": 2.9941486116519522,
        "16,39": 39.03838932322481,
        "16,40": 4.54684268466662,
        "17,0": 96.44998786323946,
        "17,1": 28.93886644661149,
        "17,2": 85.42454081507938,
        "17,3": 42.88230299709234,
        "17,4": 21.665438481652902,
        "17,5": 41.819334044448766,
        "17,6": 36.68824585479779,
        "17,7": 21.403074032229995,
        "17,8": 79.60671176370683,
        "17,9": 78.25017308069688,
        "17,10": 28.727033455578358,
        "17,11": 45.64687679985515,
        "17,12": 39.735696540153945,
        "17,13": 91.04218923250171,
        "17,14": 44.366443812255596,
        "17,15": 29.2106453685394,
        "17,16": 64.91385932233956,
        "17,17": 0.0,
        "17,18": 81.29177192291885,
        "17,19": 65.07126536715134,
        "17,20": 107.59845615077587,
        "17,21": 30.326340907895027,
        "17,22": 47.07775722399748,
        "17,23": 94.69952841697162,
        "17,24": 42.75115487750305,
        "17,25": 92.8818468969259,
        "17,26": 56.602872904095285,
        "17,27": 53.784125784601095,
        "17,28": 81.00150879680271,
        "17,29": 111.09006304566145,
        "17,30": 91.03709143180711,
        "17,31": 9.23810798046635,
        "17,32": 48.15623946347425,
        "17,33": 62.82599924168491,
        "17,34": 105.42088074646169,
        "17,35": 79.91839215432151,
        "17,36": 80.89785884438609,
        "17,37": 78.77166642613065,
        "17,38": 64.33437563080018,
        "17,39": 81.554317639039,
        "17,40": 68.99144537698874,
        "18,0": 23.608148163908037,
        "18,1": 57.197390017218,
        "18,2": 82.07010672051001,
        "18,3": 38.7424435343061,
        "18,4": 72.8257786844109,
        "18,5": 84.34549812564211,
        "18,6": 83.95867389694861,
        "18,7": 59.889731563060366,
        "18,8": 56.52635000429898,
        "18,9": 7.523441707110203,
        "18,10": 52.69976442702629,
        "18,11": 35.6995770086199,
        "18,12": 42.785807995425486,
        "18,13": 25.33417862669212,
        "18,14": 41.881649817230866,
        "18,15": 60.2751284986491,
        "18,16": 84.31089588534121,
        "18,17": 81.29177192291885,
        "18,18": 0.0,
        "18,19": 16.69672254532934,
        "18,20": 71.54922472257812,
        "18,21": 50.97092244543718,
        "18,22": 45.563068186860214,
        "18,23": 64.1207117537315,
        "18,24": 55.051016739123575,
        "18,25": 47.457844444507124,
        "18,26": 37.44546808501831,
        "18,27": 30.00017166622458,
        "18,28": 82.44926690295873,
        "18,29": 75.96682551443122,
        "18,30": 94.81170032603026,
        "18,31": 80.09417943041267,
        "18,32": 54.423609453049394,
        "18,33": 78.51225246488487,
        "18,34": 49.50570606338359,
        "18,35": 31.86684488486738,
        "18,36": 47.41910343518166,
        "18,37": 95.26837214514657,
        "18,38": 86.69094313554503,
        "18,39": 57.44005718339071,
        "18,40": 84.30448639590402,
        "19,0": 33.558311138568676,
        "19,1": 42.77706816953918,
        "19,2": 79.49052477738009,
        "19,3": 23.392280495017026,
        "19,4": 58.4651224064484,
        "19,5": 72.6688157035512,
        "19,6": 71.50879445419788,
        "19,7": 43.701927583272784,
        "19,8": 56.1158789289917,
        "19,9": 16.56462787944524,
        "19,10": 36.79215839648458,
        "19,11": 19.461418060200124,
        "19,12": 27.976338157858763,
        "19,13": 36.092524865947496,
        "19,14": 29.17924343846293,
        "19,15": 46.366790919673136,
        "19,16": 76.87653663765373,
        "19,17": 65.07126536715134,
        "19,18": 16.69672254532934,
        "19,19": 0.0,
        "19,20": 76.64585974151493,
        "19,21": 34.88181912967803,
        "19,22": 34.839691608020104,
        "19,23": 66.97958094972289,
        "19,24": 43.95269224701153,
        "19,25": 53.10449972129739,
        "19,26": 29.646344596144775,
        "19,27": 17.917117205921517,
        "19,28": 78.77037294029422,
        "19,29": 81.11745742300796,
        "19,30": 91.60762217497953,
        "19,31": 63.50299732425855,
        "19,32": 44.78965466612705,
        "19,33": 71.22660061001382,
        "19,34": 58.99948896742426,
        "19,35": 35.56908515191456,
        "19,36": 48.82163367642275,
        "19,37": 89.36276247895543,
        "19,38": 78.8877250306447,
        "19,39": 57.49545203909445,
        "19,40": 77.71994197624868,
        "20,0": 92.23344010158651,
        "20,1": 79.85979717831155,
        "20,2": 36.30221726777798,
        "20,3": 77.60637924129357,
        "20,4": 87.26240993431114,
        "20,5": 78.83169766573374,
        "20,6": 82.7021551989977,
        "20,7": 92.85062183427652,
        "20,8": 28.00616859775227,
        "20,9": 64.84306903216815,
        "20,10": 86.4802170685253,
        "20,11": 80.86773967720666,
        "20,12": 76.53258416452589,
        "20,13": 47.59251842258177,
        "20,14": 68.8479507429396,
        "20,15": 78.56532194494324,
        "20,16": 58.52679724422081,
        "20,17": 107.59845615077587,
        "20,18": 71.54922472257812,
        "20,19": 76.64585974151493,
        "20,20": 0.0,
        "20,21": 86.9353651192404,
        "20,22": 62.79888809082931,
        "20,23": 12.90357529797331,
        "20,24": 64.92743028685726,
        "20,25": 24.11261207658514,
        "20,26": 56.37857691705071,
        "20,27": 67.6692886597553,
        "20,28": 41.1826209811907,
        "20,29": 4.47643538881038,
        "20,30": 45.62409455908758,
        "20,31": 112.63314960904862,
        "20,32": 59.464989800372486,
        "20,33": 55.37812641843482,
        "20,34": 27.285260490302097,
        "20,35": 41.144381436968644,
        "20,36": 29.478071500011282,
        "20,37": 57.506784075714926,
        "20,38": 61.36944441614439,
        "20,39": 26.05106866205044,
        "20,40": 54.70814630398954,
        "21,0": 67.17970711081767,
        "21,1": 13.707124837087514,
        "21,2": 73.99727493269562,
        "21,3": 12.812835408158895,
        "21,4": 26.649418095595777,
        "21,5": 46.55422195372915,
        "21,6": 43.53017238651794,
        "21,7": 8.94333631122421,
        "21,8": 59.76671895090097,
        "21,9": 48.049251985213246,
        "21,10": 2.4516741158333284,
        "21,11": 15.422090234626413,
        "21,12": 11.00075237010368,
        "21,13": 62.197913891025564,
        "21,14": 18.164920773992602,
        "21,15": 18.14008689003048,
        "21,16": 60.7672208127622,
        "21,17": 30.326340907895027,
        "21,18": 50.97092244543718,
        "21,19": 34.88181912967803,
        "21,20": 86.9353651192404,
        "21,21": 0.0,
        "21,22": 24.461378203114528,
        "21,23": 74.52090896500656,
        "21,24": 26.580085877905372,
        "21,25": 68.26777181758462,
        "21,26": 31.0725126867389,
        "21,27": 24.397581664285408,
        "21,28": 70.98880176630534,
        "21,29": 90.97003169112675,
        "21,30": 83.2335234444194,
        "21,31": 30.156228644953874,
        "21,32": 31.384966594580288,
        "21,33": 56.36439343746867,
        "21,34": 79.32958191671553,
        "21,35": 53.006883683363995,
        "21,36": 57.9256598649494,
        "21,37": 75.24463698687066,
        "21,38": 61.62078712049929,
        "21,39": 61.695586299092064,
        "21,40": 63.49644610406805,
        "22,0": 67.45561376164838,
        "22,1": 18.14409071538917,
        "22,2": 51.01516628182849,
        "22,3": 18.572790598376084,
        "22,4": 30.795600074358113,
        "22,5": 38.78242996800007,
        "22,6": 38.590124115701066,
        "22,7": 30.09404350424858,
        "22,8": 35.3456052974789,
        "22,9": 39.59537813933588,
        "22,10": 23.758715292393514,
        "22,11": 24.045258724745626,
        "22,12": 15.310301450097388,
        "22,13": 46.227835562755224,
        "22,14": 7.822646300967905,
        "22,15": 18.62429378223179,
        "22,16": 42.832540960327854,
        "22,17": 47.07775722399748,
        "22,18": 45.563068186860214,
        "22,19": 34.839691608020104,
        "22,20": 62.79888809082931,
        "22,21": 24.461378203114528,
        "22,22": 0.0,
        "22,23": 50.22253785671838,
        "22,24": 9.488039032537788,
        "22,25": 45.89932768771397,
        "22,26": 10.247733407962896,
        "22,27": 16.92257651857845,
        "22,28": 48.734097475616814,
        "22,29": 66.73564948129321,
        "22,30": 61.4809354607177,
        "22,31": 50.62253361743782,
        "22,32": 10.188918642394194,
        "22,33": 37.43510668110073,
        "22,34": 58.360165955603094,
        "22,35": 33.339549541991346,
        "22,36": 34.40114833349128,
        "22,37": 56.26821698614032,
        "22,38": 44.575196437346975,
        "22,39": 37.285531152579004,
        "22,40": 44.33335746051325,
        "23,0": 86.20464395321243,
        "23,1": 67.05636683987031,
        "23,2": 28.227487242006355,
