{
    "num_robots": 2,
    "num_tasks": 50,
    "num_nodes": 51,
    "robot_capacity": [
        360,
        271
    ],
    "robot_speed": [
        1.09,
        1.1
    ],
    "task_demand": {
        "0": 0,
        "1": 15,
        "2": 5,
        "3": 13,
        "4": 10,
        "5": 10,
        "6": 7,
        "7": 5,
        "8": 9,
        "9": 11,
        "10": 9,
        "11": 13,
        "12": 9,
        "13": 12,
        "14": 8,
        "15": 12,
        "16": 15,
        "17": 12,
        "18": 15,
        "19": 13,
        "20": 7,
        "21": 7,
        "22": 12,
        "23": 12,
        "24": 6,
        "25": 5,
        "26": 15,
        "27": 6,
        "28": 8,
        "29": 11,
        "30": 6,
        "31": 5,
        "32": 9,
        "33": 14,
        "34": 15,
        "35": 6,
        "36": 9,
        "37": 11,
        "38": 8,
        "39": 8,
        "40": 7,
        "41": 12,
        "42": 14,
        "43": 14,
        "44": 13,
        "45": 8,
        "46": 15,
        "47": 13,
        "48": 5,
        "49": 11,
        "50": 6
    },
    "task_service_time": {
        "0": 0,
        "1": 56,
        "2": 85,
        "3": 37,
        "4": 34,
        "5": 87,
        "6": 75,
        "7": 16,
        "8": 95,
        "9": 68,
        "10": 81,
        "11": 82,
        "12": 68,
        "13": 39,
        "14": 30,
        "15": 46,
        "16": 11,
        "17": 15,
        "18": 47,
        "19": 78,
        "20": 58,
        "21": 28,
        "22": 82,
        "23": 54,
        "24": 12,
        "25": 85,
        "26": 57,
        "27": 28,
        "28": 78,
        "29": 33,
        "30": 14,
        "31": 20,
        "32": 17,
        "33": 87,
        "34": 68,
        "35": 89,
        "36": 20,
        "37": 34,
        "38": 87,
        "39": 97,
        "40": 23,
        "41": 20,
        "42": 67,
        "43": 99,
        "44": 86,
        "45": 25,
        "46": 85,
        "47": 24,
        "48": 35,
        "49": 59,
        "50": 71
    },
    "task_precedence": [],
    "coordinates": {
        "0": [
            50.0,
            50.0
        ],
        "1": [
            59.18542200907881,
            81.45951720653221
        ],
        "2": [
            27.12980721594619,
            0.8087249018746023
        ],
        "3": [
            89.16859344772345,
            39.7961718762144
        ],
        "4": [
            14.716370575663529,
            11.146605158434376
        ],
        "5": [
            69.41231290374901,
            69.3846624505626
        ],
        "6": [
            36.37341841779633,
            67.21213969177559
        ],
        "7": [
            21.690783058329256,
            16.464425327342337
        ],
        "8": [
            86.50219026533242,
            89.0489864122751
        ],
        "9": [
            86.6775735408406,
            28.406308518442593
        ],
        "10": [
            0.4951648015113497,
            7.999790773786419
        ],
        "11": [
            46.6822928863019,
            10.412511312138728
        ],
        "12": [
            50.639712714004105,
            72.28829465180759
        ],
        "13": [
            86.37470124892587,
            38.520162103964125
        ],
        "14": [
            89.6247141633251,
            10.226328308745202
        ],
        "15": [
            61.998634156628455,
            68.93100621491281
        ],
        "16": [
            86.04678748691474,
            84.55341335362105
        ],
        "17": [
            24.07416314598384,
            49.388706204639
        ],
        "18": [
            23.571159478771687,
            39.45954341732939
        ],
        "19": [
            66.3243909283981,
            24.28516873003954
        ],
        "20": [
            21.08756988066557,
            77.98844185953034
        ],
        "21": [
            82.3537524942818,
            49.67435157477389
        ],
        "22": [
            26.9268569635408,
            2.535751773877748
        ],
        "23": [
            12.831798622779523,
            33.57163192956578
        ],
        "24": [
            14.840543752966584,
            91.12608774465504
        ],
        "25": [
            89.66196292363121,
            87.17713975123863
        ],
        "26": [
            52.90417370177231,
            15.424052407644396
        ],
        "27": [
            82.75111910502474,
            17.455104105864926
        ],
        "28": [
            74.30848125252642,
            84.87062894025236
        ],
        "29": [
            76.60764258855252,
            71.93630387325098
        ],
        "30": [
            46.24955954379318,
            32.16129551711341
        ],
        "31": [
            7.9351769741785265,
            34.26555923871932
        ],
        "32": [
            90.12596812635229,
            84.21727924425369
        ],
        "33": [
            52.83928518691944,
            96.6460968555126
        ],
        "34": [
            45.352186464711885,
            71.6135689209688
        ],
        "35": [
            62.7329835661119,
            45.41638117315685
        ],
        "36": [
            8.064566274098993,
            22.330197055501742
        ],
        "37": [
            36.56738473146903,
            21.544095772928806
        ],
        "38": [
            43.279750571425126,
            26.50997892939556
        ],
        "39": [
            55.606750772355504,
            37.123084337298586
        ],
        "40": [
            67.76178643597602,
            45.74155851103063
        ],
        "41": [
            67.07884033884993,
            32.960811814550794
        ],
        "42": [
            34.18693817143538,
            27.462034721660878
        ],
        "43": [
            18.405210001541395,
            24.390033641113707
        ],
        "44": [
            33.609915362935205,
            14.70301463547713
        ],
        "45": [
            17.49477403309211,
            98.62292488704372
        ],
        "46": [
            8.574478897682447,
            72.43156821551644
        ],
        "47": [
            14.242180294746598,
            81.71566861914482
        ],
        "48": [
            60.26183002470255,
            38.572171891062865
        ],
        "49": [
            99.74690126897345,
            12.692925602452876
        ],
        "50": [
            7.412147511557199,
            48.62604749273402
        ]
    },
    "distance_matrix_str_keys": {
        "0,0": 0.0,
        "0,1": 32.773056011805885,
        "0,2": 54.24783188072348,
        "0,3": 40.47587949696464,
        "0,4": 52.483528807317256,
        "0,5": 27.433611329814237,
        "0,6": 21.95316556639723,
        "0,7": 43.886746660876746,
        "0,8": 53.45309377381793,
        "0,9": 42.562094786845904,
        "0,10": 64.92107734068526,
        "0,11": 39.72626890489248,
        "0,12": 22.29747319411447,
        "0,13": 38.14322441886463,
        "0,14": 56.1432358555235,
        "0,15": 22.413170635447333,
        "0,16": 49.93304779915793,
        "0,17": 25.93304256513897,
        "0,18": 28.453204323374262,
        "0,19": 30.45879653606988,
        "0,20": 40.24029688172923,
        "0,21": 32.355391318265625,
        "0,22": 52.77522893604399,
        "0,23": 40.63700863837392,
        "0,24": 54.10676904757964,
        "0,25": 54.36185264538566,
        "0,26": 34.697699877648766,
        "0,27": 46.17148526300196,
        "0,28": 42.50721142927625,
        "0,29": 34.48431631538836,
        "0,30": 18.228691155519392,
        "0,31": 44.91126765371839,
        "0,32": 52.73438647558417,
        "0,33": 46.732428700277524,
        "0,34": 22.107657771918667,
        "0,35": 13.532864886810428,
        "0,36": 50.241403212557664,
        "0,37": 31.467024618362306,
        "0,38": 24.432413762862264,
        "0,39": 14.044593664739255,
        "0,40": 18.2651411522659,
        "0,41": 24.12510562337664,
        "0,42": 27.53203231295553,
        "0,43": 40.670642138402336,
        "0,44": 38.916732265614094,
        "0,45": 58.48742206432797,
        "0,46": 47.108906283270095,
        "0,47": 47.79649888886022,
        "0,48": 15.359049799492817,
        "0,49": 62.181765703211646,
        "0,50": 42.61000968164154,
        "1,0": 32.773056011805885,
        "1,1": 0.0,
        "1,2": 86.78774532809757,
        "1,3": 51.330545619859436,
        "1,4": 83.19496460766888,
        "1,5": 15.823761081021482,
        "1,6": 26.89563670740437,
        "1,7": 75.03472475082053,
        "1,8": 28.351470346188115,
        "1,9": 59.75333754651149,
        "1,10": 94.02594162604423,
        "1,11": 72.13879181424385,
        "1,12": 12.535568216248352,
        "1,13": 50.82366694962907,
        "1,14": 77.46429956695772,
        "1,15": 12.840473132024728,
        "1,16": 27.038956131900633,
        "1,17": 47.55352160745216,
        "1,18": 55.066990964382306,
        "1,19": 57.618321747014,
        "1,20": 38.25564926730437,
        "1,21": 39.33278901514482,
        "1,22": 85.26180721088353,
        "1,23": 66.64764029835392,
        "1,24": 45.386240354516254,
        "1,25": 31.00823686829229,
        "1,26": 66.33352615007884,
        "1,27": 68.20488967793104,
        "1,28": 15.502986942545922,
        "1,29": 19.8551092193174,
        "1,30": 50.96715804770625,
        "1,31": 69.66962957275581,
        "1,32": 31.063204044203562,
        "1,33": 16.45921182804305,
        "1,34": 16.979431771055406,
        "1,35": 36.21730039803271,
        "1,36": 78.16404795428444,
        "1,37": 64.04243386894075,
        "1,38": 57.205263225975095,
        "1,39": 44.48062687719914,
        "1,40": 36.73318118753812,
        "1,41": 49.136854576040726,
        "1,42": 59.50338065089165,
        "1,43": 70.14236698175556,
        "1,44": 71.4880212044383,
        "1,45": 45.085393331600045,
        "1,46": 51.409837829051575,
        "1,47": 44.943971668501604,
        "1,48": 42.900851301861245,
        "1,49": 79.83782136677515,
        "1,50": 61.30667733324507,
        "2,0": 54.24783188072348,
        "2,1": 86.78774532809757,
        "2,2": 0.0,
        "2,3": 73.27231413493854,
        "2,4": 16.15441665369816,
        "2,5": 80.5634501366509,
        "2,6": 67.04370100024767,
        "2,7": 16.573591632447425,
        "2,8": 106.35517674465551,
        "2,9": 65.63202797230703,
        "2,10": 27.588323706216478,
        "2,11": 21.783764810138752,
        "2,12": 75.2465583808532,
        "2,13": 70.22898237071453,
        "2,14": 63.200511455926126,
        "2,15": 76.52764404783389,
        "2,16": 102.39327813938654,
        "2,17": 48.67598529109847,
        "2,18": 38.814298211250964,
        "2,19": 45.68762203496024,
        "2,20": 77.41587267272592,
        "2,21": 73.73963386293543,
        "2,22": 1.7389107572191222,
        "2,23": 35.7469037349447,
        "2,24": 91.14961342395799,
        "2,25": 106.62914039343096,
        "2,26": 29.629812112914042,
        "2,27": 58.05886906291917,
        "2,28": 96.39621877650244,
        "2,29": 86.64403432140102,
        "2,30": 36.72258995852208,
        "2,31": 38.57192753754022,
        "2,32": 104.52513203500574,
        "2,33": 99.2258994442475,
        "2,34": 73.11211282717869,
        "2,35": 57.07389214201065,
        "2,36": 28.75164648902798,
        "2,37": 22.782086702531565,
        "2,38": 30.354161641731114,
        "2,39": 46.148337082933864,
        "2,40": 60.57984212165824,
        "2,41": 51.28042453310175,
        "2,42": 27.57176130885438,
        "2,43": 25.143522394623123,
        "2,44": 15.331115053966753,
        "2,45": 98.28759628342408,
        "2,46": 73.98737658093474,
        "2,47": 81.92694592946549,
        "2,48": 50.23752446035915,
        "2,49": 73.58312697213833,
        "2,50": 51.72313258085205,
        "3,0": 40.47587949696464,
        "3,1": 51.330545619859436,
        "3,2": 73.27231413493854,
        "3,3": 0.0,
        "3,4": 79.77425125757942,
        "3,5": 35.57793410810295,
        "3,6": 59.48920740524728,
        "3,7": 71.39765606774384,
        "3,8": 49.3249373608792,
        "3,9": 11.659080902249524,
        "3,10": 94.20184074149353,
        "3,11": 51.65738324325251,
        "3,12": 50.400522745874284,
        "3,13": 3.0714873526322997,
        "3,14": 29.573361234594227,
        "3,15": 39.83773663027506,
        "3,16": 44.86598195876059,
        "3,17": 65.79742830194839,
        "3,18": 65.59829770680271,
        "3,19": 27.61247557435945,
        "3,20": 78.0619962364324,
        "3,21": 12.000853777033457,
        "3,22": 72.54221299883983,
        "3,23": 76.59015042218554,
        "3,24": 90.32950367674695,
        "3,25": 47.38353648909962,
        "3,26": 43.69334442338765,
        "3,27": 23.244510880174364,
        "3,28": 47.460821885757994,
        "3,29": 34.507471238464305,
        "3,30": 43.592829780429206,
        "3,31": 81.4214690859261,
        "3,32": 44.43142295806149,
        "3,33": 67.46652954510374,
        "3,34": 54.15001639523714,
        "3,35": 27.026435620595567,
        "3,36": 82.96338650403432,
        "3,37": 55.67787209018578,
        "3,38": 47.77351592195925,
        "3,39": 33.66812559019073,
        "3,40": 22.217088213257163,
        "3,41": 23.123134294112756,
        "3,42": 56.34814421316743,
        "3,43": 72.42102962586506,
        "3,44": 60.96255613766122,
        "3,45": 92.72390877911856,
        "3,46": 86.95102296309378,
        "3,47": 85.85576040750637,
        "3,48": 28.932665752711937,
        "3,49": 29.094441993915037,
        "3,50": 82.23188648885834,
        "4,0": 52.483528807317256,
        "4,1": 83.19496460766888,
        "4,2": 16.15441665369816,
        "4,3": 79.77425125757942,
        "4,4": 0.0,
        "4,5": 79.8956658669196,
        "4,6": 60.10301060467525,
        "4,7": 8.770498322627272,
        "4,8": 105.93387047368942,
        "4,9": 74.00210870151531,
        "4,10": 14.56520286306396,
        "4,11": 31.974350391289224,
        "4,12": 70.91398102273162,
        "4,13": 76.70872163404088,
        "4,14": 74.91399634599152,
        "4,15": 74.66357515412578,
        "4,16": 102.35520439204758,
        "4,17": 39.3703768615093,
        "4,18": 29.665295538231344,
        "4,19": 53.2541981204616,
        "4,20": 67.1447936489497,
        "4,21": 77.84088049814694,
        "4,22": 14.941310981264879,
        "4,23": 22.504076011504168,
        "4,24": 79.97957897949661,
        "4,25": 106.75899963401379,
        "4,26": 38.426616590173765,
        "4,27": 68.32659925990134,
        "4,28": 94.79689518916503,
        "4,29": 86.75204332585828,
        "4,30": 37.894052532962625,
        "4,31": 24.092957984173406,
        "4,32": 105.00443235460526,
        "4,33": 93.6136726067077,
        "4,34": 67.78500514012903,
        "4,35": 58.99163221316852,
        "4,36": 13.012272214585096,
        "4,37": 24.19864935726191,
        "4,38": 32.4330068049284,
        "4,39": 48.44378869535274,
        "4,40": 63.32951082443163,
        "4,41": 56.72466704826361,
        "4,42": 25.402681833501877,
        "4,43": 13.747579215474742,
        "4,44": 19.225350009740794,
        "4,45": 87.52043212321419,
        "4,46": 61.59195994845403,
        "4,47": 70.5706566084254,
        "4,48": 53.16531375840752,
        "4,49": 85.04458981558737,
        "4,50": 38.18455541525022,
        "5,0": 27.433611329814237,
        "5,1": 15.823761081021482,
        "5,2": 80.5634501366509,
        "5,3": 35.57793410810295,
        "5,4": 79.8956658669196,
        "5,5": 0.0,
        "5,6": 33.11024620855849,
        "5,7": 71.25935663451607,
        "5,8": 26.052822209986026,
        "5,9": 44.467007048516315,
        "5,10": 92.2912551291835,
        "5,11": 63.20101597194981,
        "5,12": 18.99583106484466,
        "5,13": 35.21846106827738,
        "5,14": 62.51599525811799,
        "5,15": 7.427545795594327,
        "5,16": 22.512146690554037,
        "5,17": 49.55185253496011,
        "5,18": 54.744169520465704,
        "5,19": 45.20508374036435,
        "5,20": 49.08467997619246,
        "5,21": 23.579169058634033,
        "5,22": 79.20726497681109,
        "5,23": 66.96213669975624,
        "5,24": 58.74323418117947,
        "5,25": 26.955900549282095,
        "5,26": 56.42930175109139,
        "5,27": 53.61532225726664,
        "5,28": 16.24154003225568,
        "5,29": 7.634372483904211,
        "5,30": 43.84167183258804,
        "5,31": 70.80105686009911,
        "5,32": 25.47669589309742,
        "5,33": 31.90377804458576,
        "5,34": 24.16314773195479,
        "5,35": 24.881558387558023,
        "5,36": 77.31538482184976,
        "5,37": 58.03024320713602,
        "5,38": 50.21104760003545,
        "5,39": 35.091351756836076,
        "5,40": 23.700645592817324,
        "5,41": 36.49852037227858,
        "5,42": 54.757042841336855,
        "5,43": 68.01647718146307,
        "5,44": 65.35972978404602,
        "5,45": 59.58445126617105,
        "5,46": 60.91408442462399,
        "5,47": 56.53138283488671,
        "5,48": 32.14250941353184,
        "5,49": 64.29728048792524,
        "5,50": 65.38302993611204,
        "6,0": 21.95316556639723,
        "6,1": 26.89563670740437,
        "6,2": 67.04370100024767,
        "6,3": 59.48920740524728,
        "6,4": 60.10301060467525,
        "6,5": 33.11024620855849,
        "6,6": 0.0,
        "6,7": 52.82906675603098,
        "6,8": 54.67852998789303,
        "6,9": 63.53267313513987,
        "6,10": 69.23403315523485,
        "6,11": 57.7275556114431,
        "6,12": 15.142473448029154,
        "6,13": 57.64857207822311,
        "6,14": 77.99412283986585,
        "6,15": 25.682799375964674,
        "6,16": 52.61333829830478,
        "6,17": 21.655171703581324,
        "6,18": 30.563122123144442,
        "6,19": 52.34296122957272,
        "6,20": 18.702562763184577,
        "6,21": 49.21143295843007,
        "6,22": 65.36262446854033,
        "6,23": 41.05961062981998,
        "6,24": 32.17983223708731,
        "6,25": 56.905801135953645,
        "6,26": 54.36241215037731,
        "6,27": 68.01950978455906,
        "6,28": 41.843652264274084,
        "6,29": 40.51062233336087,
        "6,30": 36.41565378922993,
        "6,31": 43.52253140564334,
        "6,32": 56.378288120251,
        "6,33": 33.72658599347431,
        "6,34": 9.999542734540821,
        "6,35": 34.203534381847646,
        "6,36": 53.063922626389896,
        "6,37": 45.66845583446586,
        "6,38": 41.28393530833605,
        "6,39": 35.7109552600559,
        "6,40": 38.02914018333369,
        "6,41": 45.99974344170927,
        "6,42": 39.81019393324861,
        "6,43": 46.43909215632997,
        "6,44": 52.58179497993785,
        "6,45": 36.64751888446747,
        "6,46": 28.284686184530827,
        "6,47": 26.46023530141344,
        "6,48": 37.29482490543203,
        "6,49": 83.59750614465628,
        "6,50": 34.412178596186656,
        "7,0": 43.886746660876746,
        "7,1": 75.03472475082053,
        "7,2": 16.573591632447425,
        "7,3": 71.39765606774384,
        "7,4": 8.770498322627272,
        "7,5": 71.25935663451607,
        "7,6": 52.82906675603098,
        "7,7": 0.0,
        "7,8": 97.30897703729248,
        "7,9": 66.07489319982068,
        "7,10": 22.823327351944222,
        "7,11": 25.713833372896218,
        "7,12": 62.883582233872325,
        "7,13": 68.34079892163555,
        "7,14": 68.21973944388641,
        "7,15": 66.16241357594684,
        "7,16": 93.68994394520065,
        "7,17": 33.01043428871168,
        "7,18": 23.07187186716773,
        "7,19": 45.31360699469756,
        "7,20": 61.526973567620324,
        "7,21": 69.15847787615887,
        "7,22": 14.880336585568926,
        "7,23": 19.264945444004503,
        "7,24": 74.97526000926905,
        "7,25": 98.08348114477147,
        "7,26": 31.23072415542456,
        "7,27": 61.06837219525009,
        "7,28": 86.30197480930852,
        "7,29": 78.05761186504691,
        "7,30": 29.146616205273293,
        "7,31": 22.496601238255973,
        "7,32": 96.30069454152911,
        "7,33": 86.01935615840296,
        "7,34": 60.01074945599335,
        "7,35": 50.226267727345885,
        "7,36": 14.835129315840582,
        "7,37": 15.719934133991462,
        "7,38": 23.81169178057774,
        "7,39": 39.71237915396807,
        "7,40": 54.58651738001392,
        "7,41": 48.29292402449016,
        "7,42": 16.646360112673634,
        "7,43": 8.579642035353933,
        "7,44": 12.048580103900964,
        "7,45": 82.26557932477789,
        "7,46": 57.48354997649238,
        "7,47": 65.6750061610629,
        "7,48": 44.45759915029005,
        "7,49": 78.14718037324764,
        "7,50": 35.18876771623234,
        "8,0": 53.45309377381793,
        "8,1": 28.351470346188115,
        "8,2": 106.35517674465551,
        "8,3": 49.3249373608792,
        "8,4": 105.93387047368942,
        "8,5": 26.052822209986026,
        "8,6": 54.67852998789303,
        "8,7": 97.30897703729248,
        "8,8": 0.0,
        "8,9": 60.64293150424417,
        "8,10": 118.17859595874533,
        "8,11": 88.14374307601696,
        "8,12": 39.58583186455642,
        "8,13": 50.52898514149539,
        "8,14": 78.88448254250962,
        "8,15": 31.70421721465244,
        "8,16": 4.518580398342673,
        "8,17": 73.96077606517075,
        "8,18": 80.12132982176485,
        "8,19": 67.83432513749534,
        "8,20": 66.34310970909732,
        "8,21": 39.59256754148237,
        "8,22": 105.04170650564448,
        "8,23": 92.22290098000232,
        "8,24": 71.69174241715882,
        "8,25": 3.6725976058596452,
        "8,26": 80.92871940288865,
        "8,27": 71.69208128206213,
        "8,28": 12.889732761116285,
        "8,29": 19.767295652402517,
        "8,30": 69.68847577173766,
        "8,31": 95.78099743880641,
        "8,32": 6.039632451029388,
        "8,33": 34.50952427091673,
        "8,34": 44.691348109977994,
        "8,35": 49.68681341224248,
        "8,36": 102.97503440457601,
        "8,37": 83.96663065727274,
        "8,38": 76.02175182168007,
        "8,39": 60.42207781733634,
        "8,40": 47.188304134698924,
        "8,41": 59.35612733384308,
        "8,42": 80.80741438871836,
        "8,43": 93.90409413071629,
        "8,44": 91.24097908169989,
        "8,45": 69.66838445786092,
        "8,46": 79.6797765215599,
        "8,47": 72.63116817733419,
        "8,48": 56.88994032135111,
        "8,49": 77.49626050309293,
        "8,50": 88.8214436591015,
        "9,0": 42.562094786845904,
        "9,1": 59.75333754651149,
        "9,2": 65.63202797230703,
        "9,3": 11.659080902249524,
        "9,4": 74.00210870151531,
        "9,5": 44.467007048516315,
        "9,6": 63.53267313513987,
        "9,7": 66.07489319982068,
        "9,8": 60.64293150424417,
        "9,9": 0.0,
        "9,10": 88.56541956416049,
        "9,11": 43.85657547662501,
        "9,12": 56.78341412757139,
        "9,13": 10.118387518501969,
        "9,14": 18.41731028879318,
        "9,15": 47.44787848281434,
        "9,16": 56.15064801423353,
        "9,17": 66.02611608847336,
        "9,18": 64.06710152256974,
        "9,19": 20.76621861608392,
        "9,20": 82.22187377331642,
        "9,21": 21.70311230880554,
        "9,22": 65.11093485563357,
        "9,23": 74.02620508435128,
        "9,24": 95.36419430230997,
        "9,25": 58.846556261024375,
        "9,26": 36.18261337183835,
        "9,27": 11.633826650014973,
        "9,28": 57.80323455251995,
        "9,29": 44.6795703311199,
        "9,30": 40.602022647962364,
        "9,31": 78.96009014726704,
        "9,32": 55.917402287434,
        "9,33": 76.16888125088376,
        "9,34": 59.78841834739882,
        "9,35": 29.37151614705199,
        "9,36": 78.84747327613518,
        "9,37": 50.57787051938386,
        "9,38": 43.439234620271804,
        "9,39": 32.270392129424216,
        "9,40": 25.657706329718653,
        "9,41": 20.12098017982901,
        "9,42": 52.499128130733205,
        "9,43": 68.39039469934718,
        "9,44": 54.80836257114354,
        "9,45": 98.57298292120731,
        "9,46": 89.65666112583557,
        "9,47": 89.93761209339851,
        "9,48": 28.30435096625909,
        "9,49": 20.43814399425397,
        "9,50": 81.803701675366,
        "10,0": 64.92107734068526,
        "10,1": 94.02594162604423,
        "10,2": 27.588323706216478,
        "10,3": 94.20184074149353,
        "10,4": 14.56520286306396,
        "10,5": 92.2912551291835,
        "10,6": 69.23403315523485,
        "10,7": 22.823327351944222,
        "10,8": 118.17859595874533,
        "10,9": 88.56541956416049,
        "10,10": 0.0,
        "10,11": 46.25010293088044,
        "10,12": 81.5321250564624,
        "10,13": 91.14158132573043,
        "10,14": 89.15735549484727,
        "10,15": 86.57534151159201,
        "10,16": 114.80216580797331,
        "10,17": 47.63414199364677,
        "10,18": 39.015606707289024,
        "10,19": 67.81371946474256,
        "10,20": 72.95518095204741,
        "10,21": 91.85639551501131,
        "10,22": 26.990555250694864,
        "10,23": 28.392104433036817,
        "10,24": 84.35503035000282,
        "10,25": 119.24667910867845,
        "10,26": 52.93225741186188,
        "10,27": 82.79761451025908,
        "10,28": 106.57171972860665,
        "10,29": 99.4031537839763,
        "10,30": 51.742081033665045,
        "10,31": 27.29916434953457,
        "10,32": 117.65537154504307,
        "10,33": 102.94695003183523,
        "10,34": 77.83871249353872,
        "10,35": 72.61919389314043,
        "10,36": 16.206677107051835,
        "10,37": 38.53119837981982,
        "10,38": 46.61703385093438,
        "10,39": 62.33340305332491,
        "10,40": 77.13131282460009,
        "10,41": 71.1086381493772,
        "10,42": 38.90905463124101,
        "10,43": 24.27776308305797,
        "10,44": 33.78638653193415,
        "10,45": 92.20379141085179,
        "10,46": 64.9363477612132,
        "10,47": 74.98673937092512,
        "10,48": 67.13214400777777,
        "10,49": 99.3626323439883,
        "10,50": 41.21088915329186,
        "11,0": 39.72626890489248,
        "11,1": 72.13879181424385,
        "11,2": 21.783764810138752,
        "11,3": 51.65738324325251,
        "11,4": 31.974350391289224,
        "11,5": 63.20101597194981,
        "11,6": 57.7275556114431,
        "11,7": 25.713833372896218,
        "11,8": 88.14374307601696,
        "11,9": 43.85657547662501,
        "11,10": 46.25010293088044,
        "11,11": 0.0,
        "11,12": 62.002207505784284,
        "11,13": 48.63668692109388,
        "11,14": 42.9428248866337,
        "11,15": 60.48970619531149,
        "11,16": 83.94305683429901,
        "11,17": 45.058531918530356,
        "11,18": 37.11946337840347,
        "11,19": 24.047092117962162,
        "11,20": 72.26061330407558,
        "11,21": 53.046631668489766,
        "11,22": 21.267829915670877,
        "11,23": 41.01464164974865,
        "11,24": 86.7673810161279,
        "11,25": 87.97761201527788,
        "11,26": 7.989201777015076,
        "11,27": 36.74994337484988,
        "11,28": 79.41799269918702,
        "11,29": 68.4156678393536,
        "11,30": 21.753088804587616,
        "11,31": 45.50062512642299,
        "11,32": 85.64167611552399,
        "11,33": 86.45310769345566,
        "11,34": 61.21550976290317,
        "11,35": 38.50838319828596,
        "11,36": 40.41484927811067,
        "11,37": 15.040729356929724,
        "11,38": 16.453138238438264,
        "11,39": 28.162042892736704,
        "11,40": 41.13984229785385,
        "11,41": 30.404687196732016,
        "11,42": 21.138120492186168,
        "11,43": 31.54305861720784,
        "11,44": 13.758469132901403,
        "11,45": 92.91387581982714,
        "11,46": 72.79126943648959,
        "11,47": 78.33582288391716,
        "11,48": 31.26292233322753,
        "11,49": 53.11358538210129,
        "11,50": 54.794330593403984,
        "12,0": 22.29747319411447,
        "12,1": 12.535568216248352,
        "12,2": 75.2465583808532,
        "12,3": 50.400522745874284,
        "12,4": 70.91398102273162,
        "12,5": 18.99583106484466,
        "12,6": 15.142473448029154,
        "12,7": 62.883582233872325,
        "12,8": 39.58583186455642,
        "12,9": 56.78341412757139,
        "12,10": 81.5321250564624,
        "12,11": 62.002207505784284,
        "12,12": 0.0,
        "12,13": 49.16580296669338,
        "12,14": 73.2906406328323,
        "12,15": 11.844681590833018,
        "12,16": 37.47124338401461,
        "12,17": 35.073060529423984,
        "12,18": 42.54918896834422,
        "12,19": 50.5005864218447,
        "12,20": 30.09685738132391,
        "12,21": 38.95087599369695,
        "12,22": 73.67303961273569,
        "12,23": 54.114862471203296,
        "12,24": 40.45297204050456,
        "12,25": 41.766179138360194,
        "12,26": 56.90931232731597,
        "12,27": 63.54385262050875,
        "12,28": 26.805330445199083,
        "12,29": 25.970315351910017,
        "12,30": 40.366440323784566,
        "12,31": 57.17871790314782,
        "12,32": 41.24881864848996,
        "12,33": 24.456914099256743,
        "12,34": 5.33040229708886,
        "12,35": 29.467726989140697,
        "12,36": 65.63881938168439,
        "12,37": 52.65932144176606,
        "12,38": 46.36618631202088,
        "12,39": 35.5142715473197,
        "12,40": 31.589469895341306,
        "12,41": 42.625060978029076,
        "12,42": 47.7502604126268,
        "12,43": 57.73479516693832,
        "12,44": 60.05063257266872,
        "12,45": 42.33319867182291,
        "12,46": 42.06547780943263,
        "12,47": 37.59861361979892,
        "12,48": 35.06225998931688,
        "12,49": 77.22126637074852,
        "12,50": 49.28006020642511,
        "13,0": 38.14322441886463,
        "13,1": 50.82366694962907,
        "13,2": 70.22898237071453,
        "13,3": 3.0714873526322997,
        "13,4": 76.70872163404088,
        "13,5": 35.21846106827738,
        "13,6": 57.64857207822311,
        "13,7": 68.34079892163555,
        "13,8": 50.52898514149539,
        "13,9": 10.118387518501969,
        "13,10": 91.14158132573043,
        "13,11": 48.63668692109388,
        "13,12": 49.16580296669338,
        "13,13": 0.0,
        "13,14": 28.47988087712507,
        "13,15": 38.97450559569175,
        "13,16": 46.03441916706843,
        "13,17": 63.241460283459986,
        "13,18": 62.81056675534302,
        "13,19": 24.589631560988042,
        "13,20": 76.28993792866866,
        "13,21": 11.856811191808573,
        "13,22": 69.49045961125468,
        "13,23": 73.70920212270497,
        "13,24": 88.79481460744546,
        "13,25": 48.7678947985799,
        "13,26": 40.66579025900271,
        "13,27": 21.37444773595056,
        "13,28": 47.8952966474096,
        "13,29": 34.8142781861157,
        "13,30": 40.62588068123995,
        "13,31": 78.55482552962374,
        "13,32": 45.85082897962722,
        "13,33": 67.10624725905294,
        "13,34": 52.706928329934264,
        "13,35": 24.626990324523547,
        "13,36": 79.96619415756909,
        "13,37": 52.62086664761271,
        "13,38": 44.73722469915755,
        "13,39": 30.799652641138632,
        "13,40": 19.96469794166997,
        "13,41": 20.080752573083434,
        "13,42": 53.346460015970365,
        "13,43": 69.42270716995219,
        "13,44": 57.89109727004746,
        "13,45": 91.41546076795595,
        "13,46": 84.86965336541411,
        "13,47": 84.07706204612604,
        "13,48": 26.112923018896694,
        "13,49": 29.08370469319814,
        "13,50": 79.60661914827051,
        "14,0": 56.1432358555235,
        "14,1": 77.46429956695772,
        "14,2": 63.200511455926126,
        "14,3": 29.573361234594227,
        "14,4": 74.91399634599152,
        "14,5": 62.51599525811799,
        "14,6": 77.99412283986585,
        "14,7": 68.21973944388641,
        "14,8": 78.88448254250962,
        "14,9": 18.41731028879318,
        "14,10": 89.15735549484727,
        "14,11": 42.9428248866337,
        "14,12": 73.2906406328323,
        "14,13": 28.47988087712507,
        "14,14": 0.0,
        "14,15": 64.880193469219,
        "14,16": 74.413151596811,
        "14,17": 76.35814678957217,
        "14,18": 72.23332300296063,
        "14,19": 27.213159626245137,
        "14,20": 96.37968758660503,
        "14,21": 40.11250955985972,
        "14,22": 63.16776286115567,
        "14,23": 80.26303681250582,
        "14,24": 110.17006499387037,
        "14,25": 76.95082045779839,
        "14,26": 37.086580155048175,
        "14,27": 9.975044288148045,
        "14,28": 76.19946592558672,
        "14,29": 63.06794143266967,
        "14,30": 48.606036916215345,
        "14,31": 85.15318614051728,
        "14,32": 73.99264879618971,
        "14,33": 93.9230758687929,
        "14,34": 75.68652468443447,
        "14,35": 44.28888116799948,
        "14,36": 82.45338902890009,
        "14,37": 54.251009822987,
        "14,38": 49.12242795169983,
        "14,39": 43.36654607100812,
        "14,40": 41.70514578721211,
        "14,41": 32.01832548377415,
        "14,42": 58.055289013828585,
        "14,43": 72.61424324326798,
        "14,44": 56.19340179341441,
        "14,45": 114.09069440501031,
        "14,46": 102.16962615413148,
        "14,47": 103.89057796770365,
        "14,48": 40.81256930568561,
        "14,49": 10.41838634391525,
        "14,50": 90.73833009748735,
        "15,0": 22.413170635447333,
        "15,1": 12.840473132024728,
        "15,2": 76.52764404783389,
        "15,3": 39.83773663027506,
        "15,4": 74.66357515412578,
        "15,5": 7.427545795594327,
        "15,6": 25.682799375964674,
        "15,7": 66.16241357594684,
        "15,8": 31.70421721465244,
        "15,9": 47.44787848281434,
        "15,10": 86.57534151159201,
        "15,11": 60.48970619531149,
        "15,12": 11.844681590833018,
        "15,13": 38.97450559569175,
        "15,14": 64.880193469219,
        "15,15": 0.0,
        "15,16": 28.67705151169697,
        "15,17": 42.663415136727764,
        "15,18": 48.42765665966779,
        "15,19": 44.854910281642816,
        "15,20": 41.9016983026745,
        "15,21": 28.020520881479985,
        "15,22": 75.08900963370985,
        "15,23": 60.56123402196995,
        "15,24": 52.1201221663174,
        "15,25": 33.138816326126005,
        "15,26": 54.274333866921836,
        "15,27": 55.50165879929802,
        "15,28": 20.139610426980667,
        "15,29": 14.91492344530274,
        "15,30": 40.00056219555566,
        "15,31": 64.2226643528426,
        "15,32": 32.01276400706341,
        "15,33": 29.189380308008786,
        "15,34": 16.8612088366059,
        "15,35": 23.52608892080418,
        "15,36": 71.27776015468743,
        "15,37": 53.77980781446959,
        "15,38": 46.36744718695428,
        "15,39": 32.44379859650461,
        "15,40": 23.894861560721285,
        "15,41": 36.32717137424432,
        "15,42": 49.9316135357245,
        "15,43": 62.324031218986896,
        "15,44": 61.20943085413178,
        "15,45": 53.499566356445584,
        "15,46": 53.53871776062664,
        "15,47": 49.438107551283096,
        "15,48": 30.40847431384292,
        "15,49": 67.73221819015298,
        "15,50": 58.24067198240356,
        "16,0": 49.93304779915793,
        "16,1": 27.038956131900633,
        "16,2": 102.39327813938654,
        "16,3": 44.86598195876059,
        "16,4": 102.35520439204758,
        "16,5": 22.512146690554037,
        "16,6": 52.61333829830478,
        "16,7": 93.68994394520065,
        "16,8": 4.518580398342673,
        "16,9": 56.15064801423353,
        "16,10": 114.80216580797331,
        "16,11": 83.94305683429901,
        "16,12": 37.47124338401461,
        "16,13": 46.03441916706843,
        "16,14": 74.413151596811,
        "16,15": 28.67705151169697,
        "16,16": 0.0,
        "16,17": 71.25421248302314,
        "16,18": 77.04973199721759,
        "16,19": 63.41320237946709,
        "16,20": 65.2901125955091,
        "16,21": 35.074028254955955,
        "16,22": 101.10421848814154,
        "16,23": 89.21645942058893,
        "16,24": 71.50894486250643,
        "16,25": 4.466926644550301,
        "16,26": 76.6635597484896,
        "16,27": 67.17919718179807,
        "16,28": 11.742591663712124,
        "16,29": 15.75718591792081,
        "16,30": 65.79326229448786,
        "16,31": 92.89936473612207,
        "16,32": 4.09300633137091,
        "16,33": 35.3407866816956,
        "16,34": 42.70234333496834,
        "16,35": 45.55481029652448,
        "16,36": 99.76450005772129,
        "16,37": 80.11482633707783,
        "16,38": 72.09757087648804,
        "16,39": 56.358069038783746,
        "16,40": 42.903395433871424,
        "16,41": 54.968896228513216,
        "16,42": 77.12891471505394,
        "16,43": 90.5263235923182,
        "16,44": 87.34245107180278,
        "16,45": 69.98092385330584,
        "16,46": 78.41490756034483,
        "16,47": 71.86065967690257,
        "16,48": 52.71753596068554,
        "16,49": 73.15478670242396,
        "16,50": 86.45335286590179,
        "17,0": 25.93304256513897,
        "17,1": 47.55352160745216,
        "17,2": 48.67598529109847,
        "17,3": 65.79742830194839,
        "17,4": 39.3703768615093,
        "17,5": 49.55185253496011,
        "17,6": 21.655171703581324,
        "17,7": 33.01043428871168,
        "17,8": 73.96077606517075,
        "17,9": 66.02611608847336,
        "17,10": 47.63414199364677,
        "17,11": 45.058531918530356,
        "17,12": 35.073060529423984,
        "17,13": 63.241460283459986,
        "17,14": 76.35814678957217,
        "17,15": 42.663415136727764,
        "17,16": 71.25421248302314,
        "17,17": 0.0,
        "17,18": 9.941895510722427,
        "17,19": 49.145389828594396,
        "17,20": 28.755253761045257,
        "17,21": 58.28028935998624,
        "17,22": 46.939718798771246,
        "17,23": 19.40542704234529,
        "17,24": 42.746564129903774,
        "17,25": 75.69494824344976,
        "17,26": 44.55072632625168,
        "17,27": 66.80374318570819,
        "17,28": 61.50165490980993,
        "17,29": 57.16782856614709,
        "17,30": 28.08080989566801,
        "17,31": 22.117333673083852,
        "17,32": 74.67175129284435,
        "17,33": 55.32353221875113,
        "17,34": 30.768470860802314,
        "17,35": 38.862369490696906,
        "17,36": 31.439944487454326,
        "17,37": 30.518894404577264,
        "17,38": 29.871236166105287,
        "17,39": 33.83414787174914,
        "17,40": 43.83959528813262,
        "17,41": 46.03561636987723,
        "17,42": 24.146369106717522,
        "17,43": 25.633389547467893,
        "17,44": 35.972597487172365,
        "17,45": 49.67188994155234,
        "17,46": 27.770734622068982,
