{
    "num_robots": 6,
    "num_tasks": 50,
    "num_nodes": 51,
    "robot_capacity": [
        137,
        127,
        144,
        140,
        101,
        119
    ],
    "robot_speed": [
        0.95,
        1.04,
        0.81,
        1.17,
        0.91,
        1.18
    ],
    "task_demand": {
        "0": 0,
        "1": 15,
        "2": 9,
        "3": 7,
        "4": 15,
        "5": 13,
        "6": 15,
        "7": 11,
        "8": 12,
        "9": 7,
        "10": 11,
        "11": 13,
        "12": 13,
        "13": 12,
        "14": 15,
        "15": 15,
        "16": 8,
        "17": 15,
        "18": 13,
        "19": 11,
        "20": 5,
        "21": 10,
        "22": 13,
        "23": 10,
        "24": 9,
        "25": 9,
        "26": 6,
        "27": 9,
        "28": 12,
        "29": 7,
        "30": 6,
        "31": 5,
        "32": 5,
        "33": 13,
        "34": 10,
        "35": 12,
        "36": 11,
        "37": 12,
        "38": 10,
        "39": 14,
        "40": 12,
        "41": 14,
        "42": 15,
        "43": 6,
        "44": 5,
        "45": 6,
        "46": 11,
        "47": 14,
        "48": 7,
        "49": 13,
        "50": 15
    },
    "task_service_time": {
        "0": 0,
        "1": 23,
        "2": 58,
        "3": 82,
        "4": 20,
        "5": 54,
        "6": 40,
        "7": 35,
        "8": 29,
        "9": 92,
        "10": 34,
        "11": 15,
        "12": 64,
        "13": 45,
        "14": 53,
        "15": 65,
        "16": 15,
        "17": 11,
        "18": 66,
        "19": 20,
        "20": 68,
        "21": 29,
        "22": 28,
        "23": 20,
        "24": 67,
        "25": 97,
        "26": 60,
        "27": 13,
        "28": 65,
        "29": 19,
        "30": 36,
        "31": 65,
        "32": 42,
        "33": 38,
        "34": 84,
        "35": 83,
        "36": 51,
        "37": 11,
        "38": 83,
        "39": 18,
        "40": 20,
        "41": 22,
        "42": 77,
        "43": 74,
        "44": 100,
        "45": 92,
        "46": 57,
        "47": 19,
        "48": 90,
        "49": 90,
        "50": 99
    },
    "task_precedence": [],
    "coordinates": {
        "0": [
            50.0,
            50.0
        ],
        "1": [
            96.54350469718403,
            62.2959344036618
        ],
        "2": [
            89.73804684877695,
            80.65105198733802
        ],
        "3": [
            72.07570357678156,
            73.10805948671924
        ],
        "4": [
            11.918475078987834,
            48.39554659802342
        ],
        "5": [
            60.236754807809675,
            0.6344602789795983
        ],
        "6": [
            58.0805130873306,
            11.841220458953849
        ],
        "7": [
            68.37787499854852,
            42.194752778032054
        ],
        "8": [
            13.837285056035299,
            17.335395953351995
        ],
        "9": [
            44.94167142602027,
            61.23878752171989
        ],
        "10": [
            67.72880394325075,
            92.43123076241207
        ],
        "11": [
            26.299128425964525,
            18.934773656813874
        ],
        "12": [
            86.07914232323763,
            18.22807702594009
        ],
        "13": [
            96.76577580174482,
            89.30383164412713
        ],
        "14": [
            7.3672154590770695,
            35.82765765999875
        ],
        "15": [
            4.873534074191821,
            27.148365480614846
        ],
        "16": [
            13.04226843883579,
            42.25458520819259
        ],
        "17": [
            32.35784408826727,
            13.516220511165367
        ],
        "18": [
            29.547090850291546,
            68.68418867298234
        ],
        "19": [
            54.80594300558773,
            63.97765933108281
        ],
        "20": [
            55.930593053410284,
            81.18898336235034
        ],
        "21": [
            69.83515445034631,
            84.03039275388032
        ],
        "22": [
            28.346019456858894,
            79.32587513365057
        ],
        "23": [
            27.17961400080894,
            25.64844906774748
        ],
        "24": [
            99.09333037435147,
            94.59238324015287
        ],
        "25": [
            64.00363826732682,
            35.254171062656056
        ],
        "26": [
            40.2748428205534,
            90.88374409836223
        ],
        "27": [
            33.34614749171798,
            46.620804281012184
        ],
        "28": [
            11.383706370226554,
            66.68318257860494
        ],
        "29": [
            53.54222262752489,
            71.23145814805216
        ],
        "30": [
            5.777619390869948,
            78.04485086301437
        ],
        "31": [
            34.50628200336864,
            96.17918182562836
        ],
        "32": [
            69.4443447993073,
            51.74276338201932
        ],
        "33": [
            3.8532979718998606,
            26.44007553936021
        ],
        "34": [
            6.184164897728072,
            96.12080184321209
        ],
        "35": [
            47.60170163858739,
            87.02896027796908
        ],
        "36": [
            81.81753200308574,
            0.10916052042674318
        ],
        "37": [
            0.3458053839317743,
            2.95172399252156
        ],
        "38": [
            97.36338251599922,
            94.4790349960491
        ],
        "39": [
            11.565930820314396,
            77.33943373483677
        ],
        "40": [
            92.62666480745135,
            89.85416435936159
        ],
        "41": [
            32.04926047236849,
            59.98351880997516
        ],
        "42": [
            26.228191233870646,
            51.73675444691319
        ],
        "43": [
            7.7090549408357685,
            3.029488413424908
        ],
        "44": [
            23.747774545944576,
            6.575781764466482
        ],
        "45": [
            17.98392973729842,
            30.434460681246065
        ],
        "46": [
            42.07544325607279,
            84.43457167942017
        ],
        "47": [
            6.090416915613139,
            37.72063381543491
        ],
        "48": [
            5.168881214206767,
            62.00337622907869
        ],
        "49": [
            31.50684468569479,
            32.850579108828256
        ],
        "50": [
            21.945905907445795,
            93.0182388579657
        ]
    },
    "distance_matrix_str_keys": {
        "0,0": 0.0,
        "0,1": 48.14029323088867,
        "0,2": 50.18564889772862,
        "0,3": 31.95808351030583,
        "0,4": 38.11530940486755,
        "0,5": 50.415748144234236,
        "0,6": 39.004963117745454,
        "0,7": 19.966676580200147,
        "0,8": 48.73108155625875,
        "0,9": 12.324651432016509,
        "0,10": 45.98608303901614,
        "0,11": 39.0740271935503,
        "0,12": 48.07452132107019,
        "0,13": 61.08869754912893,
        "0,14": 44.92671371372437,
        "0,15": 50.5825575387473,
        "0,16": 37.760632574736114,
        "0,17": 40.52544670949102,
        "0,18": 27.702353673538813,
        "0,19": 14.780799996913698,
        "0,20": 31.747828542155837,
        "0,21": 39.38909726120215,
        "0,22": 36.45410574567971,
        "0,23": 33.37316361926396,
        "0,24": 66.32221143992325,
        "0,25": 20.33571625912277,
        "0,26": 42.02450729830524,
        "0,27": 16.993227094193646,
        "0,28": 42.065980490795035,
        "0,29": 21.524919424598078,
        "0,30": 52.3653760290851,
        "0,31": 48.70905594900791,
        "0,32": 19.5222890276744,
        "0,33": 51.813011383834024,
        "0,34": 63.61568806804121,
        "0,35": 37.106545706893364,
        "0,36": 59.173061495446824,
        "0,37": 68.40379608067266,
        "0,38": 64.97441463789127,
        "0,39": 47.16590199127321,
        "0,40": 58.35569354732937,
        "0,41": 20.54019711244272,
        "0,42": 23.83516746369316,
        "0,43": 63.20405835626248,
        "0,44": 50.742901677552865,
        "0,45": 37.52118180308225,
        "0,46": 35.33466182564718,
        "0,47": 45.59423560648115,
        "0,48": 46.41023866004908,
        "0,49": 25.221011684339167,
        "0,50": 51.35758045113569,
        "1,0": 48.14029323088867,
        "1,1": 0.0,
        "1,2": 19.57612316157174,
        "1,3": 26.750240007881203,
        "1,4": 85.75906027369774,
        "1,5": 71.55639369587067,
        "1,6": 63.44351726395663,
        "1,7": 34.602892929164376,
        "1,8": 94.13696821691107,
        "1,9": 51.61266081568536,
        "1,10": 41.69440089710404,
        "1,11": 82.54975868557491,
        "1,12": 45.29325483729875,
        "1,13": 27.00881185456808,
        "1,14": 93.02139665720809,
        "1,15": 98.17706002534702,
        "1,16": 85.87265067672726,
        "1,17": 80.61798506063556,
        "1,18": 67.30029168550149,
        "1,19": 41.77142868865412,
        "1,20": 44.79236420574801,
        "1,21": 34.43432375820876,
        "1,22": 70.29164868155601,
        "1,23": 78.44990448677886,
        "1,24": 32.39694767153269,
        "1,25": 42.30957187048707,
        "1,26": 63.11438166160699,
        "1,27": 65.11233110645993,
        "1,28": 85.2727341981985,
        "1,29": 43.91985706057059,
        "1,30": 92.12206198887772,
        "1,31": 70.68727930413115,
        "1,32": 29.081504187072667,
        "1,33": 99.38368597346664,
        "1,34": 96.48280648020504,
        "1,35": 54.83632605787529,
        "1,36": 63.9065655296225,
        "1,37": 113.0297866161154,
        "1,38": 32.1935422620361,
        "1,39": 86.2988698311044,
        "1,40": 27.835187676985946,
        "1,41": 64.53568628292473,
        "1,42": 71.1037241556518,
        "1,43": 106.7898454153148,
        "1,44": 91.6730807728599,
        "1,45": 84.77476231545609,
        "1,46": 58.79531424850341,
        "1,47": 93.73209956158176,
        "1,48": 91.37509183000243,
        "1,49": 71.39184893171647,
        "1,50": 80.67627740654434,
        "2,0": 50.18564889772862,
        "2,1": 19.57612316157174,
        "2,2": 0.0,
        "2,3": 19.2056008945878,
        "2,4": 84.23955946200965,
        "2,5": 85.28177519674747,
        "2,6": 75.74293603248904,
        "2,7": 43.990270405476686,
        "2,8": 98.84228821578617,
        "2,9": 48.82162699767039,
        "2,10": 24.963561149146173,
        "2,11": 88.50647084607415,
        "2,12": 62.53011582716223,
        "2,13": 11.147177670842355,
        "2,14": 93.77681239440012,
        "2,15": 100.32209622961643,
        "2,16": 85.77022261268077,
        "2,17": 88.31519272566473,
        "2,18": 61.36902314357038,
        "2,19": 38.70728486449315,
        "2,20": 33.81173320446727,
        "2,21": 20.1877455363377,
        "2,22": 61.40632802068175,
        "2,23": 83.29972297867425,
        "2,24": 16.789343255309245,
        "2,25": 52.18368119179374,
        "2,26": 50.51055870386593,
        "2,27": 65.86428525422987,
        "2,28": 79.58959760953704,
        "2,29": 37.40142295625781,
        "2,30": 84.00086703847104,
        "2,31": 57.3730830983771,
        "2,32": 35.32029859671415,
        "2,33": 101.5628872033847,
        "2,34": 84.9739039334614,
        "2,35": 42.61630323991001,
        "2,36": 80.93040736638196,
        "2,37": 118.44052686878445,
        "2,38": 15.79110059897708,
        "2,39": 78.24222990059596,
        "2,40": 9.645796547889113,
        "2,41": 61.27922161075714,
        "2,42": 69.78207765954281,
        "2,43": 112.93300069108282,
        "2,44": 99.20615755684423,
        "2,45": 87.58058783115608,
        "2,46": 47.812538130658034,
        "2,47": 94.02099126179213,
        "2,48": 86.60069045517211,
        "2,49": 75.33762746972387,
        "2,50": 68.91096926108595,
        "3,0": 31.95808351030583,
        "3,1": 26.750240007881203,
        "3,2": 19.2056008945878,
        "3,3": 0.0,
        "3,4": 65.03537832449139,
        "3,5": 73.43421062473826,
        "3,6": 62.84497530662364,
        "3,7": 31.13368702642463,
        "3,8": 80.63686123234085,
        "3,9": 29.616470379463976,
        "3,10": 19.806071911758544,
        "3,11": 70.92418297130412,
        "3,12": 56.63840368178798,
        "3,13": 29.527998615696436,
        "3,14": 74.6794268513146,
        "3,15": 81.41514023195901,
        "3,16": 66.60993423838336,
        "3,17": 71.61491209823348,
        "3,18": 42.758081498313295,
        "3,19": 19.534810907413643,
        "3,20": 18.0545264267889,
        "3,21": 11.149772391708424,
        "3,22": 44.16952008622508,
        "3,23": 65.33049426060032,
        "3,24": 34.51852147637729,
        "3,25": 38.70497522517651,
        "3,26": 36.43171294695891,
        "3,27": 46.92071187522991,
        "3,28": 61.0311196702543,
        "3,29": 18.628245990450818,
        "3,30": 66.4816356283093,
        "3,31": 44.08784552841901,
        "3,32": 21.52672586942326,
        "3,33": 82.6571070884286,
        "3,34": 69.79456411683881,
        "3,35": 28.156140532937965,
        "3,36": 73.64606215799002,
        "3,37": 100.33488777454738,
        "3,38": 33.108689197147754,
        "3,39": 60.65753973799901,
        "3,40": 26.509885626121218,
        "3,41": 42.12326810168374,
        "3,42": 50.58386172622459,
        "3,43": 95.15288529675843,
        "3,44": 82.23218775710997,
        "3,45": 68.89815695729658,
        "3,46": 32.067202836569585,
        "3,47": 74.87541620182986,
        "3,48": 67.82209720223685,
        "3,49": 57.153276704850335,
        "3,50": 53.93896418141296,
        "4,0": 38.11530940486755,
        "4,1": 85.75906027369774,
        "4,2": 84.23955946200965,
        "4,3": 65.03537832449139,
        "4,4": 0.0,
        "4,5": 67.93951370393985,
        "4,6": 58.88253147211953,
        "4,7": 56.798888046113476,
        "4,8": 31.119363582787162,
        "4,9": 35.43275792820492,
        "4,10": 71.09102818051633,
        "4,11": 32.78323249741271,
        "4,12": 80.06173109853994,
        "4,13": 94.19422607225577,
        "4,14": 13.366592553315645,
        "4,15": 22.384680011048175,
        "4,16": 6.242941478744728,
        "4,17": 40.426911751590296,
        "4,18": 26.877445772581357,
        "4,19": 45.63044096193797,
        "4,20": 54.8860275790696,
        "4,21": 68.0013530009244,
        "4,22": 35.02212782811396,
        "4,23": 27.39220340248314,
        "4,24": 98.65902448082072,
        "4,25": 53.71740849405763,
        "4,26": 51.08160645792864,
        "4,27": 21.50104312165033,
        "4,28": 18.295453187339472,
        "4,29": 47.4764701331626,
        "4,30": 30.278562581144772,
        "4,31": 52.85342767709501,
        "4,32": 57.62316849391599,
        "4,33": 23.38995064502048,
        "4,34": 48.06851673885213,
        "4,35": 52.5911904245333,
        "4,36": 84.95559569159057,
        "4,37": 46.894218160357376,
        "4,38": 97.07996760326205,
        "4,39": 28.946034098696718,
        "4,40": 90.73383534231542,
        "4,41": 23.22777691771887,
        "4,42": 14.694612833375254,
        "4,43": 45.56093121423066,
        "4,44": 43.46061500500135,
        "4,45": 18.957593400056865,
        "4,46": 46.99206378157123,
        "4,47": 12.162237658899372,
        "4,48": 15.18980067701074,
        "4,49": 25.00700378072302,
        "4,50": 45.735478936434255,
        "5,0": 50.415748144234236,
        "5,1": 71.55639369587067,
        "5,2": 85.28177519674747,
        "5,3": 73.43421062473826,
        "5,4": 67.93951370393985,
        "5,5": 0.0,
        "5,6": 11.412311426200699,
        "5,7": 42.35015644087813,
        "5,8": 49.313609132219774,
        "5,9": 62.504592280896006,
        "5,10": 92.10199710883495,
        "5,11": 38.55728146745634,
        "5,12": 31.262826851333767,
        "5,13": 95.89904479746292,
        "5,14": 63.51180467319881,
        "5,15": 61.38463471456513,
        "5,16": 62.92498981131867,
        "5,17": 30.711128432340924,
        "5,18": 74.64999000886021,
        "5,19": 63.575581656682644,
        "5,20": 80.66953711435538,
        "5,21": 83.94647597758971,
        "5,22": 84.90793704392019,
        "5,23": 41.45448339394038,
        "5,24": 101.67558582047188,
        "5,25": 34.82404034202505,
        "5,26": 92.43057481211747,
        "5,27": 53.271461370057445,
        "5,28": 82.15262661082645,
        "5,29": 70.91370015193611,
        "5,30": 94.647588457041,
        "5,31": 98.94872938126456,
        "5,32": 51.93109241604404,
        "5,33": 62.008257383462194,
        "5,34": 109.72385292774187,
        "5,35": 87.31353960677843,
        "5,36": 21.5871694343766,
        "5,37": 59.935761728800934,
        "5,38": 100.92170573672517,
        "5,39": 90.84328296844791,
        "5,40": 94.91713157262927,
        "5,41": 65.70270607384498,
        "5,42": 61.38425584454594,
        "5,43": 52.58227280252989,
        "5,44": 36.96951421840282,
        "5,45": 51.704363939751794,
        "5,46": 85.74550663449078,
        "5,47": 65.62933928291521,
        "5,48": 82.45371154175751,
        "5,49": 43.16579720199464,
        "5,50": 100.00475815700786,
        "6,0": 39.004963117745454,
        "6,1": 63.44351726395663,
        "6,2": 75.74293603248904,
        "6,3": 62.84497530662364,
        "6,4": 58.88253147211953,
        "6,5": 11.412311426200699,
        "6,6": 0.0,
        "6,7": 32.05265334689044,
        "6,8": 44.583059462002375,
        "6,9": 51.115054454841896,
        "6,10": 81.16550546353997,
        "6,11": 32.56339828649008,
        "6,12": 28.717854653456328,
        "6,13": 86.58525095481666,
        "6,14": 56.09980147853908,
        "6,15": 55.365072964990766,
        "6,16": 54.345342361493216,
        "6,17": 25.777147352069086,
        "6,18": 63.6025095411982,
        "6,19": 52.23917177260265,
        "6,20": 69.38108082076805,
        "6,21": 73.1399220002298,
        "6,22": 73.74495730572788,
        "6,23": 33.84531173162517,
        "6,24": 92.35694951360756,
        "6,25": 24.15056247521587,
        "6,26": 81.0232215906997,
        "6,27": 42.67796026350143,
        "6,28": 72.02938682723753,
        "6,29": 59.56338147775995,
        "6,30": 84.37128283782766,
        "6,31": 87.57074910429121,
        "6,32": 41.48818866640677,
        "6,33": 56.15796852481317,
        "6,34": 98.97615265164771,
        "6,35": 75.91443675922415,
        "6,36": 26.478053127224253,
        "6,37": 58.4150633058256,
        "6,38": 91.4994656925229,
        "6,39": 80.33444034664127,
        "6,40": 85.31972816809585,
        "6,41": 54.72939797972129,
        "6,42": 51.05119038417049,
        "6,43": 51.13639034431627,
        "6,44": 34.734158697118,
        "6,45": 44.19778929211214,
        "6,46": 74.33678027545596,
        "6,47": 58.07507327261879,
        "6,48": 72.91009984208802,
        "6,49": 33.87555170324389,
        "6,50": 88.8561655272052,
        "7,0": 19.966676580200147,
        "7,1": 34.602892929164376,
        "7,2": 43.990270405476686,
        "7,3": 31.13368702642463,
        "7,4": 56.798888046113476,
        "7,5": 42.35015644087813,
        "7,6": 32.05265334689044,
        "7,7": 0.0,
        "7,8": 59.93883192901028,
        "7,9": 30.198193608422596,
        "7,10": 50.24067091022893,
        "7,11": 48.0795958992924,
        "7,12": 29.79490579790477,
        "7,13": 55.0012565640466,
        "7,14": 61.34199603602235,
        "7,15": 65.26250904570558,
        "7,16": 55.335638907046345,
        "7,17": 46.04238090889013,
        "7,18": 47.00553171278042,
        "7,19": 25.665002550564733,
        "7,20": 40.93268677578773,
        "7,21": 41.861013312979246,
        "7,22": 54.60100461986592,
        "7,23": 44.39681154892598,
        "7,24": 60.73673416465453,
        "7,25": 8.204000336944212,
        "7,26": 56.217419839304405,
        "7,27": 35.31022322245868,
        "7,28": 62.03239840382754,
        "7,29": 32.6071593368575,
        "7,30": 72.13890444725055,
        "7,31": 63.73070995702212,
        "7,32": 9.607385925931348,
        "7,33": 66.42010911887033,
        "7,34": 82.31692622957384,
        "7,35": 49.41412289650164,
        "7,36": 44.17942344658896,
        "7,37": 78.53902090240535,
        "7,38": 59.78131658885947,
        "7,39": 66.80378433042834,
        "7,40": 53.473575899456335,
        "7,41": 40.45007330439578,
        "7,42": 43.216265888103756,
        "7,43": 72.21235115923518,
        "7,44": 57.101286872317885,
        "7,45": 51.747987296083295,
        "7,46": 49.759624359410715,
        "7,47": 62.44793971721487,
        "7,48": 66.24015744436534,
        "7,49": 38.036646249263626,
        "7,50": 68.84006457720918,
        "8,0": 48.73108155625875,
        "8,1": 94.13696821691107,
        "8,2": 98.84228821578617,
        "8,3": 80.63686123234085,
        "8,4": 31.119363582787162,
        "8,5": 49.313609132219774,
        "8,6": 44.583059462002375,
        "8,7": 59.93883192901028,
        "8,8": 0.0,
        "8,9": 53.80511725346153,
        "8,10": 92.43203023649724,
        "8,11": 12.564057832363716,
        "8,12": 72.24737241528021,
        "8,13": 109.80250595108686,
        "8,14": 19.59146609155622,
        "8,15": 13.29071866407115,
        "8,16": 24.93186805155575,
        "8,17": 18.910240821432993,
        "8,18": 53.69819840419984,
        "8,19": 62.08004242254538,
        "8,20": 76.47958683962973,
        "8,21": 87.08607222125016,
        "8,22": 63.66571198782492,
        "8,23": 15.720197001097187,
        "8,24": 115.0531848666159,
        "8,25": 53.270493670866934,
        "8,26": 78.15563943447627,
        "8,27": 35.18850457823093,
        "8,28": 49.40874510832013,
        "8,29": 66.94227055942213,
        "8,30": 61.24211072507687,
        "8,31": 81.50797510355807,
        "8,32": 65.39122285645941,
        "8,33": 13.512038649295597,
        "8,34": 79.15624062187068,
        "8,35": 77.44177642222354,
        "8,36": 70.12886112131389,
        "8,37": 19.72080228640717,
        "8,38": 113.7002638591544,
        "8,39": 60.04701158380807,
        "8,40": 107.08285639044797,
        "8,41": 46.373898172988945,
        "8,42": 36.564846808245115,
        "8,43": 15.563232147782836,
        "8,44": 14.6282978990472,
        "8,45": 13.739729213423615,
        "8,46": 72.79899011420503,
        "8,47": 21.807610797122795,
        "8,48": 45.50131522360355,
        "8,49": 23.51455391569372,
        "8,50": 76.11598020282185,
        "9,0": 12.324651432016509,
        "9,1": 51.61266081568536,
        "9,2": 48.82162699767039,
        "9,3": 29.616470379463976,
        "9,4": 35.43275792820492,
        "9,5": 62.504592280896006,
        "9,6": 51.115054454841896,
        "9,7": 30.198193608422596,
        "9,8": 53.80511725346153,
        "9,9": 0.0,
        "9,10": 38.629288418007725,
        "9,11": 46.229579260372766,
        "9,12": 59.51649123706125,
        "9,13": 58.93542649322781,
        "9,14": 45.36039309861644,
        "9,15": 52.60810304302609,
        "9,16": 37.12104320220176,
        "9,17": 49.353785189620936,
        "9,18": 17.100500267706334,
        "9,19": 10.237444631527204,
        "9,20": 22.77645083441291,
        "9,21": 33.75118910706779,
        "9,22": 24.54706504988297,
        "9,23": 39.77641104027376,
        "9,24": 63.59924932108121,
        "9,25": 32.226679512225914,
        "9,26": 30.010043979704754,
        "9,27": 18.658553248754007,
        "9,28": 33.996741847143326,
        "9,29": 13.184193081719723,
        "9,30": 42.61768103549939,
        "9,31": 36.465442634294035,
        "9,32": 26.278422268084615,
        "9,33": 53.84426421390202,
        "9,34": 52.14306507499726,
        "9,35": 25.92698924921572,
        "9,36": 71.39089851386099,
        "9,37": 73.39055145521597,
        "9,38": 62.07213421299344,
        "9,39": 37.05632023635535,
        "9,40": 55.61203453702595,
        "9,41": 12.953376383650934,
        "9,42": 20.987686233996754,
        "9,43": 69.09840977194615,
        "9,44": 58.627855694889625,
        "9,45": 40.93441570427735,
        "9,46": 23.37219858320607,
        "9,47": 45.41501437613861,
        "9,48": 39.78013872681125,
        "9,49": 31.406765934052107,
        "9,50": 39.22676075102397,
        "10,0": 45.98608303901614,
        "10,1": 41.69440089710404,
        "10,2": 24.963561149146173,
        "10,3": 19.806071911758544,
        "10,4": 71.09102818051633,
        "10,5": 92.10199710883495,
        "10,6": 81.16550546353997,
        "10,7": 50.24067091022893,
        "10,8": 92.43203023649724,
        "10,9": 38.629288418007725,
        "10,10": 0.0,
        "10,11": 84.36911295339463,
        "10,12": 76.43849124033332,
        "10,13": 29.20490301226878,
        "10,14": 82.74953687056488,
        "10,15": 90.62360316006814,
        "10,16": 74.218009435375,
        "10,17": 86.47938276847971,
        "10,18": 44.964043665024164,
        "10,19": 31.25069698441834,
        "10,20": 16.296806644411813,
        "10,21": 8.660877074773282,
        "10,22": 41.506072568455544,
        "10,23": 78.12923099497046,
        "10,24": 31.43889467330651,
        "10,25": 57.2982810843619,
        "10,26": 27.497539822718498,
        "10,27": 57.277938502287874,
        "10,28": 61.94943103684869,
        "10,29": 25.50861517856794,
        "10,30": 63.59966347436864,
        "10,31": 33.433263394682434,
        "10,32": 40.72461734865147,
        "10,33": 91.8417815091204,
        "10,34": 61.65513384953398,
        "10,35": 20.83950031957266,
        "10,36": 93.3908823821151,
        "10,37": 112.01361804096886,
        "10,38": 29.705247842152474,
        "10,39": 58.15522895617021,
        "10,40": 25.030875870788524,
        "10,41": 48.22741785788344,
        "10,42": 58.123500048144564,
        "10,43": 107.68027584171382,
        "10,44": 96.4649629113366,
        "10,45": 79.48680400080873,
        "10,46": 26.87082937008169,
        "10,47": 82.41686825925522,
        "10,48": 69.56722118473363,
        "10,49": 69.72721408404142,
        "10,50": 45.78666106041321,
        "11,0": 39.0740271935503,
        "11,1": 82.54975868557491,
        "11,2": 88.50647084607415,
        "11,3": 70.92418297130412,
        "11,4": 32.78323249741271,
        "11,5": 38.55728146745634,
        "11,6": 32.56339828649008,
        "11,7": 48.0795958992924,
        "11,8": 12.564057832363716,
        "11,9": 46.229579260372766,
        "11,10": 84.36911295339463,
        "11,11": 0.0,
        "11,12": 59.784190900991995,
        "11,13": 99.58590620366127,
        "11,14": 25.37295525812594,
        "11,15": 22.946005839246286,
        "11,16": 26.824577303475834,
        "11,17": 8.128268799003262,
        "11,18": 49.85532623863582,
        "11,19": 53.30572227577711,
        "11,20": 68.94643081428131,
        "11,21": 78.31235654496683,
        "11,22": 60.42578009821589,
        "11,23": 6.771166248947344,
        "11,24": 104.99080781271992,
        "11,25": 41.084702677118095,
        "11,26": 73.29375785452618,
        "11,27": 28.568807630650937,
        "11,28": 50.02379803316988,
        "11,29": 58.96718910081449,
        "11,30": 62.571028123249285,
        "11,31": 77.6791861645931,
        "11,32": 54.2021575743231,
        "11,33": 23.66737968429903,
        "11,34": 79.7639937875088,
        "11,35": 71.34856604779011,
        "11,36": 58.62334727489567,
        "11,37": 30.480040247600442,
        "11,38": 103.71626502465118,
        "11,39": 60.23430443291046,
        "11,40": 97.10253374684962,
        "11,41": 41.44952951723655,
        "11,42": 32.80205749399367,
        "11,43": 24.46566841220681,
        "11,44": 12.61959140448697,
        "11,45": 14.1910299447182,
        "11,46": 67.37295934290637,
        "11,47": 27.59167560710791,
        "11,48": 47.972824335843434,
        "11,49": 14.85832931456872,
        "11,50": 74.21125495843614,
        "12,0": 48.07452132107019,
        "12,1": 45.29325483729875,
        "12,2": 62.53011582716223,
        "12,3": 56.63840368178798,
        "12,4": 80.06173109853994,
        "12,5": 31.262826851333767,
        "12,6": 28.717854653456328,
        "12,7": 29.79490579790477,
        "12,8": 72.24737241528021,
        "12,9": 59.51649123706125,
        "12,10": 76.43849124033332,
        "12,11": 59.784190900991995,
        "12,12": 0.0,
        "12,13": 71.87466194458716,
        "12,14": 80.65551852888737,
        "12,15": 81.69407785887604,
        "12,16": 76.88730741961163,
        "12,17": 53.927539123034855,
        "12,18": 75.77395361388119,
        "12,19": 55.416940340084516,
        "12,20": 69.80695344861736,
        "12,21": 67.77766517942447,
        "12,22": 84.059826370954,
        "12,23": 59.36511061089179,
        "12,24": 77.46532355969225,
        "12,25": 27.878589588959294,
        "12,26": 85.88876417011858,
        "12,27": 59.890864953530205,
        "12,28": 89.03541658424625,
        "12,29": 62.193324028074954,
        "12,30": 100.13181820746723,
        "12,31": 93.46729193180201,
        "12,32": 37.41591493213178,
        "12,33": 82.6348981900192,
        "12,34": 111.58173684470924,
        "12,35": 78.82940427213755,
        "12,36": 18.613340856885124,
        "12,37": 87.08370699935885,
        "12,38": 77.08140286792441,
        "12,39": 95.11241338776867,
        "12,40": 71.92472757943688,
        "12,41": 68.28429578899397,
        "12,42": 68.59276790452935,
        "12,43": 79.8302429667966,
        "12,44": 63.41116142958373,
        "12,45": 69.1805881665137,
        "12,46": 79.49607201550835,
        "12,47": 82.3295570407617,
        "12,48": 91.99319090593532,
        "12,49": 56.49737371422351,
        "12,50": 98.52228336789818,
        "13,0": 61.08869754912893,
        "13,1": 27.00881185456808,
        "13,2": 11.147177670842355,
        "13,3": 29.527998615696436,
        "13,4": 94.19422607225577,
        "13,5": 95.89904479746292,
        "13,6": 86.58525095481666,
        "13,7": 55.0012565640466,
        "13,8": 109.80250595108686,
        "13,9": 58.93542649322781,
        "13,10": 29.20490301226878,
        "13,11": 99.58590620366127,
        "13,12": 71.87466194458716,
        "13,13": 0.0,
        "13,14": 104.17199131879153,
        "13,15": 110.9391097121234,
        "13,16": 96.03779087076286,
        "13,17": 99.45925632563828,
        "13,18": 70.31017908425643,
        "13,19": 49.010637338352105,
        "13,20": 41.63367522482413,
        "13,21": 27.442075797970695,
        "13,22": 69.14349336285026,
        "13,23": 94.30928716267177,
        "13,24": 5.778086904182778,
        "13,25": 63.20382476398362,
        "13,26": 56.5130217954102,
        "13,27": 76.44534047188473,
        "13,28": 88.32775070471408,
        "13,29": 46.84961294169089,
        "13,30": 91.6821097885476,
        "13,31": 62.63796778431043,
        "13,32": 46.44668385376588,
        "13,33": 112.18101607705758,
        "13,34": 90.83776371455816,
        "13,35": 49.216676320664014,
        "13,36": 90.43859435843318,
        "13,37": 129.43530117879905,
        "13,38": 5.2095934120299905,
        "13,39": 86.03580883673732,
        "13,40": 4.1755366027061065,
        "13,41": 71.04863194369008,
        "13,42": 79.91768343621725,
        "13,43": 123.99339430141788,
        "13,44": 110.34291433655206,
        "13,45": 98.34725266568168,
        "13,46": 54.90666777869598,
        "13,47": 104.32088480914442,
        "13,48": 95.578794530741,
        "13,49": 86.28845700453562,
        "13,50": 74.91201340205755,
        "14,0": 44.92671371372437,
        "14,1": 93.02139665720809,
        "14,2": 93.77681239440012,
        "14,3": 74.6794268513146,
        "14,4": 13.366592553315645,
        "14,5": 63.51180467319881,
        "14,6": 56.09980147853908,
        "14,7": 61.34199603602235,
        "14,8": 19.59146609155622,
        "14,9": 45.36039309861644,
        "14,10": 82.74953687056488,
        "14,11": 25.37295525812594,
        "14,12": 80.65551852888737,
        "14,13": 104.17199131879153,
        "14,14": 0.0,
        "14,15": 9.030424108780153,
        "14,16": 8.573892000299583,
        "14,17": 33.50122008119172,
        "14,18": 39.642130399071064,
        "14,19": 55.16208358387222,
        "14,20": 66.45337849082324,
        "14,21": 78.90340342689824,
        "14,22": 48.29290983739182,
        "14,23": 22.274366961621627,
        "14,24": 108.93563755704992,
        "14,25": 56.63932622650241,
        "14,26": 64.14113027122563,
        "14,27": 28.1317778240066,
        "14,28": 31.1158419015471,
        "14,29": 58.18556845132733,
        "14,30": 42.24710898512238,
        "14,31": 66.1727693391327,
        "14,32": 64.08479209037637,
        "14,33": 10.02368765367428,
        "14,34": 60.304749764247106,
        "14,35": 65.1182560262956,
        "14,36": 82.5751819338759,
        "14,37": 33.617364768103286,
        "14,38": 107.42110662413229,
        "14,39": 41.72357563263466,
        "14,40": 100.93580697316635,
        "14,41": 34.53561891634611,
        "14,42": 24.674597620888605,
        "14,43": 32.79995061213037,
        "14,44": 33.52603405423879,
        "14,45": 11.908030723718182,
        "14,46": 59.7268211718954,
        "14,47": 2.2833250416095985,
        "14,48": 26.26786851002277,
        "14,49": 24.322514177165484,
        "14,50": 59.019495024530734,
        "15,0": 50.5825575387473,
        "15,1": 98.17706002534702,
        "15,2": 100.32209622961643,
        "15,3": 81.41514023195901,
        "15,4": 22.384680011048175,
        "15,5": 61.38463471456513,
        "15,6": 55.365072964990766,
        "15,7": 65.26250904570558,
        "15,8": 13.29071866407115,
        "15,9": 52.60810304302609,
        "15,10": 90.62360316006814,
        "15,11": 22.946005839246286,
        "15,12": 81.69407785887604,
        "15,13": 110.9391097121234,
        "15,14": 9.030424108780153,
        "15,15": 0.0,
        "15,16": 17.173412461650546,
        "15,17": 30.679352558649192,
        "15,18": 48.311582588971675,
        "15,19": 62.04548611475506,
        "15,20": 74.34521943371439,
        "15,21": 86.34568401843909,
        "15,22": 57.21407242656439,
        "15,23": 22.356452109809823,
        "15,24": 115.87090034341003,
        "15,25": 59.683107375746204,
        "15,26": 72.90714058652162,
        "15,27": 34.4944283567522,
        "15,28": 40.0672448053967,
        "15,29": 65.66551838390677,
        "15,30": 50.904514480944044,
        "15,31": 75.12225605699764,
        "15,32": 69.09612149629888,
        "15,33": 1.2419969183948845,
        "15,34": 68.98488769975734,
        "15,35": 73.5620957878172,
        "15,36": 81.55671291905217,
        "15,37": 24.616616063056295,
        "15,38": 114.40188425976702,
        "15,39": 50.6352792695713,
        "15,40": 107.85466687404109,
        "15,41": 42.62238143782158,
        "15,42": 32.56701175062588,
        "15,43": 24.284983211182052,
        "15,44": 27.918956895691547,
        "15,45": 13.515949693262991,
        "15,46": 68.30586700590925,
        "15,47": 10.642070362160956,
        "15,48": 34.85626205158328,
        "15,49": 27.236895461681744,
        "15,50": 68.04635257499933,
        "16,0": 37.760632574736114,
        "16,1": 85.87265067672726,
        "16,2": 85.77022261268077,
        "16,3": 66.60993423838336,
        "16,4": 6.242941478744728,
        "16,5": 62.92498981131867,
        "16,6": 54.345342361493216,
        "16,7": 55.335638907046345,
        "16,8": 24.93186805155575,
        "16,9": 37.12104320220176,
        "16,10": 74.218009435375,
        "16,11": 26.824577303475834,
        "16,12": 76.88730741961163,
        "16,13": 96.03779087076286,
        "16,14": 8.573892000299583,
        "16,15": 17.173412461650546,
        "16,16": 0.0,
        "16,17": 34.62636377282851,
        "16,18": 31.159799456025368,
        "16,19": 47.07543374910257,
        "16,20": 57.92491474203133,
        "16,21": 70.5028368054135,
        "16,22": 40.105926394474494,
        "16,23": 21.80890407731757,
        "16,24": 100.71757722991663,
        "16,25": 51.43993597396155,
        "16,26": 55.735161270253336,
        "16,27": 20.768037307023544,
        "16,28": 24.48483607503115,
        "16,29": 49.79864912483753,
        "16,30": 36.52010735790391,
        "16,31": 58.039348709747046,
        "16,32": 57.194577914613035,
        "16,33": 18.290322422194027,
        "16,34": 54.30103938923643,
        "16,35": 56.56057890419011,
        "16,36": 80.66147593767542,
        "16,37": 41.30272477504167,
        "16,38": 99.18388697191875,
        "16,39": 35.11589624232063,
        "16,40": 92.73292878328232,
        "16,41": 25.99193784270789,
        "16,42": 16.24130824251418,
        "16,43": 39.585999858209256,
        "16,44": 37.250300350270805,
        "16,45": 12.811532313554304,
        "16,46": 51.206215430172016,
        "16,47": 8.299696068701698,
        "16,48": 21.260408584398913,
        "16,49": 20.721387663304576,
        "16,50": 51.53856121436219,
        "17,0": 40.52544670949102,
        "17,1": 80.61798506063556,
        "17,2": 88.31519272566473,
        "17,3": 71.61491209823348,
        "17,4": 40.426911751590296,
        "17,5": 30.711128432340924,
        "17,6": 25.777147352069086,
        "17,7": 46.04238090889013,
        "17,8": 18.910240821432993,
        "17,9": 49.353785189620936,
        "17,10": 86.47938276847971,
        "17,11": 8.128268799003262,
        "17,12": 53.927539123034855,
        "17,13": 99.45925632563828,
        "17,14": 33.50122008119172,
        "17,15": 30.679352558649192,
        "17,16": 34.62636377282851,
        "17,17": 0.0,
        "17,18": 55.239524299798624,
        "17,19": 55.229285282158735,
        "17,20": 71.6608493229488,
        "17,21": 79.854851318194,
        "17,22": 65.93182371513745,
        "17,23": 13.191096868259487,
        "17,24": 105.00937716555315,
        "17,25": 38.39263970349595,
        "17,26": 77.77154090631407,
        "17,27": 33.1193328766157,
        "17,28": 57.15453007851519,
        "17,29": 61.480293993904034,
        "17,30": 69.7886271540693,
        "17,31": 82.69087590993006,
        "17,32": 53.26046483882025,
        "17,33": 31.297526708829782,
        "17,34": 86.65205329022496,
        "17,35": 75.07661487464824,
        "17,36": 51.24460933821727,
        "17,37": 33.71022409745018,
        "17,38": 103.8301370296362,
        "17,39": 67.12455738056154,
        "17,40": 97.26156703370305,
        "17,41": 46.46832292044305,
        "17,42": 38.70893770757684,
        "17,43": 26.78683177466714,
