{
    "num_robots": 4,
    "num_tasks": 40,
    "num_nodes": 41,
    "robot_capacity": [
        139,
        149,
        138,
        129
    ],
    "robot_speed": [
        0.97,
        0.96,
        0.91,
        0.9
    ],
    "task_demand": {
        "0": 0,
        "1": 12,
        "2": 9,
        "3": 10,
        "4": 8,
        "5": 6,
        "6": 12,
        "7": 9,
        "8": 11,
        "9": 13,
        "10": 15,
        "11": 5,
        "12": 6,
        "13": 14,
        "14": 12,
        "15": 13,
        "16": 10,
        "17": 9,
        "18": 6,
        "19": 10,
        "20": 14,
        "21": 12,
        "22": 11,
        "23": 14,
        "24": 8,
        "25": 12,
        "26": 12,
        "27": 14,
        "28": 9,
        "29": 7,
        "30": 10,
        "31": 9,
        "32": 8,
        "33": 5,
        "34": 7,
        "35": 14,
        "36": 9,
        "37": 14,
        "38": 7,
        "39": 5,
        "40": 8
    },
    "task_service_time": {
        "0": 0,
        "1": 29,
        "2": 81,
        "3": 49,
        "4": 39,
        "5": 22,
        "6": 43,
        "7": 15,
        "8": 100,
        "9": 45,
        "10": 48,
        "11": 38,
        "12": 86,
        "13": 23,
        "14": 35,
        "15": 53,
        "16": 89,
        "17": 53,
        "18": 47,
        "19": 45,
        "20": 89,
        "21": 73,
        "22": 71,
        "23": 14,
        "24": 31,
        "25": 74,
        "26": 51,
        "27": 91,
        "28": 43,
        "29": 35,
        "30": 79,
        "31": 81,
        "32": 89,
        "33": 92,
        "34": 88,
        "35": 45,
        "36": 55,
        "37": 11,
        "38": 19,
        "39": 48,
        "40": 89
    },
    "task_precedence": [],
    "coordinates": {
        "0": [
            100,
            100
        ],
        "1": [
            97.22685751588261,
            40.79125352563512
        ],
        "2": [
            87.70276993027373,
            19.914991606793798
        ],
        "3": [
            38.87349447611067,
            70.12549904720777
        ],
        "4": [
            54.260103433157795,
            48.47950508290189
        ],
        "5": [
            96.01333587168541,
            59.54925292903246
        ],
        "6": [
            50.02840299748444,
            59.057602228606534
        ],
        "7": [
            47.81815583272374,
            24.051170596222484
        ],
        "8": [
            99.38713482882746,
            68.33711233837172
        ],
        "9": [
            64.09319713863104,
            6.349170299839901
        ],
        "10": [
            74.3119862498076,
            61.12356339546464
        ],
        "11": [
            6.158407257134546,
            89.5266570153941
        ],
        "12": [
            61.147931609117535,
            11.157853575243182
        ],
        "13": [
            31.687480920627408,
            65.11243276147582
        ],
        "14": [
            84.1298776322904,
            40.89235049675924
        ],
        "15": [
            34.297789020878675,
            6.518291607887605
        ],
        "16": [
            47.57139873635781,
            33.18031171261241
        ],
        "17": [
            91.01038491312791,
            30.511821076179935
        ],
        "18": [
            3.7142652779021845,
            2.576626600212961
        ],
        "19": [
            68.4613236122536,
            14.486024089646698
        ],
        "20": [
            88.88294139987723,
            14.621366398300884
        ],
        "21": [
            68.25650702325675,
            58.52728637676753
        ],
        "22": [
            84.76813356402349,
            74.01906235498026
        ],
        "23": [
            63.38120674505375,
            94.36542975829305
        ],
        "24": [
            63.62790116463211,
            85.34380520490627
        ],
        "25": [
            94.02413995666534,
            57.51924895609529
        ],
        "26": [
            46.69795989163475,
            68.80594151175322
        ],
        "27": [
            76.46361121536103,
            46.644316672021176
        ],
        "28": [
            60.08851468847705,
            99.04980638761948
        ],
        "29": [
            25.178885206128488,
            44.19748690691596
        ],
        "30": [
            16.836536440496342,
            95.13802391819486
        ],
        "31": [
            91.03494284633032,
            72.99054064077248
        ],
        "32": [
            82.50224376823363,
            5.410809941590122
        ],
        "33": [
            75.81345013681768,
            91.59634750623094
        ],
        "34": [
            94.32436904480731,
            3.183478553570118
        ],
        "35": [
            68.09010119926779,
            32.009252429636206
        ],
        "36": [
            11.34158891150847,
            8.990543992856026
        ],
        "37": [
            43.603700944025626,
            89.82658951758927
        ],
        "38": [
            83.74059456296821,
            61.504096985484026
        ],
        "39": [
            0.22876644086518017,
            38.3749838567304
        ],
        "40": [
            8.786182682683952,
            37.48100980045403
        ]
    },
    "distance_matrix_str_keys": {
        "0,0": 0.0,
        "0,1": 59.273653323401895,
        "0,2": 81.0236412211133,
        "0,3": 68.0362806504034,
        "0,4": 68.89484403384738,
        "0,5": 40.64672716801906,
        "0,6": 64.60217056920632,
        "0,7": 92.14754228139785,
        "0,8": 31.668818399032958,
        "0,9": 100.2984366540855,
        "0,10": 46.59668843916411,
        "0,11": 94.4242312216044,
        "0,12": 96.96602600709045,
        "0,13": 76.70555788723651,
        "0,14": 61.201103043687326,
        "0,15": 114.2611497030067,
        "0,16": 84.93308526884931,
        "0,17": 70.0672547596875,
        "0,18": 136.97538609388377,
        "0,19": 91.14454555423204,
        "0,20": 86.09936159816604,
        "0,21": 52.2267682480852,
        "0,22": 30.116754075395168,
        "0,23": 37.049755751654104,
        "0,24": 39.213946748083174,
        "0,25": 42.89901062392622,
        "0,26": 61.75902172704761,
        "0,27": 58.31629738261198,
        "0,28": 39.922794587464956,
        "0,29": 93.3387362593983,
        "0,30": 83.30546490256769,
        "0,31": 28.45844592816563,
        "0,32": 96.19400370632417,
        "0,33": 25.604893468246175,
        "0,34": 96.98273873079972,
        "0,35": 75.10648039050892,
        "0,36": 127.05524365193367,
        "0,37": 57.30655135370231,
        "0,38": 41.788788138312874,
        "0,39": 117.26867297181147,
        "0,40": 110.58293089427332,
        "1,0": 59.273653323401895,
        "1,1": 0.0,
        "1,2": 22.946166478137773,
        "1,3": 65.31166004911624,
        "1,4": 43.64918290659248,
        "1,5": 18.797211931528306,
        "1,6": 50.60981726763935,
        "1,7": 52.16752034071582,
        "1,8": 27.630438574153015,
        "1,9": 47.79222266151319,
        "1,10": 30.634851881208064,
        "1,11": 103.28892576573581,
        "1,12": 46.68862053226389,
        "1,13": 69.90657797315339,
        "1,14": 13.09737006687944,
        "1,15": 71.65684601114026,
        "1,16": 50.23535629301642,
        "1,17": 12.012962295109068,
        "1,18": 101.01961501666891,
        "1,19": 38.97975162107658,
        "1,20": 27.46787083864253,
        "1,21": 33.96833921406868,
        "1,22": 35.48671698126125,
        "1,23": 63.36971228519818,
        "1,24": 55.80161045191585,
        "1,25": 17.031829933557194,
        "1,26": 57.77536012939487,
        "1,27": 21.57245338694016,
        "1,28": 69.08918504034139,
        "1,29": 72.12844612075634,
        "1,30": 97.03697838816552,
        "1,31": 32.78923448325788,
        "1,32": 38.32218728388614,
        "1,33": 55.13339813542211,
        "1,34": 37.71961263950365,
        "1,35": 30.431465819179987,
        "1,36": 91.58364750343635,
        "1,37": 72.66296922486531,
        "1,38": 24.71641504400177,
        "1,39": 97.02818163456556,
        "1,40": 88.5026026649594,
        "2,0": 81.0236412211133,
        "2,1": 22.946166478137773,
        "2,2": 0.0,
        "2,3": 70.0385122543476,
        "2,4": 43.98117065931831,
        "2,5": 40.496174841903965,
        "2,6": 54.327726715529835,
        "2,7": 40.09850892917435,
        "2,8": 49.811907805524406,
        "2,9": 27.22945895782873,
        "2,10": 43.329660469926104,
        "2,11": 107.21598315888996,
        "2,12": 27.961525437042518,
        "2,13": 71.97583823593267,
        "2,14": 21.279453596636376,
        "2,15": 55.059636366339575,
        "2,16": 42.26695720552522,
        "2,17": 11.101041017762789,
        "2,18": 85.75947653083514,
        "2,19": 19.99267227539853,
        "2,20": 5.423584842671655,
        "2,21": 43.23270114684214,
        "2,22": 54.18360049061787,
        "2,23": 78.32245001736642,
        "2,24": 69.71749389457005,
        "2,25": 38.13187498410034,
        "2,26": 63.81002608457483,
        "2,27": 28.99612917376371,
        "2,28": 83.81447370803376,
        "2,29": 67.07365905479332,
        "2,30": 103.3466382576121,
        "2,31": 53.18004589694124,
        "2,32": 15.408334048147259,
        "2,33": 72.66066823758806,
        "2,34": 17.994140820939084,
        "2,35": 23.04187317913018,
        "2,36": 77.13866424984495,
        "2,37": 82.65808737137952,
        "2,38": 41.77741638542387,
        "2,39": 89.4006297535581,
        "2,40": 80.8479606297305,
        "3,0": 68.0362806504034,
        "3,1": 65.31166004911624,
        "3,2": 70.0385122543476,
        "3,3": 0.0,
        "3,4": 26.55742438377354,
        "3,5": 58.11039886856444,
        "3,6": 15.714016803714461,
        "3,7": 46.93453642035638,
        "3,8": 60.54006108155404,
        "3,9": 68.58172869561017,
        "3,10": 36.56393776212443,
        "3,11": 38.03527129194341,
        "3,12": 63.03438555343885,
        "3,13": 8.761827686318167,
        "3,14": 53.87687064549628,
        "3,15": 63.77157610285123,
        "3,16": 37.9552421374014,
        "3,17": 65.4789953102049,
        "3,18": 76.15130705820177,
        "3,19": 63.01738495480952,
        "3,20": 74.71046461325531,
        "3,21": 31.58923809613812,
        "3,22": 46.05950208416725,
        "3,23": 34.4703089852052,
        "3,24": 29.058174285563073,
        "3,25": 56.573061065152714,
        "3,26": 7.9349537571499,
        "3,27": 44.321358307335785,
        "3,28": 35.870498152851304,
        "3,29": 29.322416963896433,
        "3,30": 33.33547539611779,
        "3,31": 52.2400723526676,
        "3,32": 78.04779786023221,
        "3,33": 42.726545118524825,
        "3,34": 86.92544850734986,
        "3,35": 48.02560113759291,
        "3,36": 67.04840455608009,
        "3,37": 20.260992546054137,
        "3,38": 45.68791135206321,
        "3,39": 50.01509991771308,
        "3,40": 44.394920983557284,
        "4,0": 68.89484403384738,
        "4,1": 43.64918290659248,
        "4,2": 43.98117065931831,
        "4,3": 26.55742438377354,
        "4,4": 0.0,
        "4,5": 43.19573748001795,
        "4,6": 11.393130728699765,
        "4,7": 25.263456111146557,
        "4,8": 49.302875458721914,
        "4,9": 43.26262637373626,
        "4,10": 23.705489134462994,
        "4,11": 63.23481522689497,
        "4,12": 37.95191494826932,
        "4,13": 28.038858219511443,
        "4,14": 30.81831152774586,
        "4,15": 46.46759551548161,
        "4,16": 16.697427595366413,
        "4,17": 40.90746701303377,
        "4,18": 68.2785179087376,
        "4,19": 36.84062166432537,
        "4,20": 48.426381901349835,
        "4,21": 17.22954504292818,
        "4,22": 39.78704422446558,
        "4,23": 46.783678873533994,
        "4,24": 38.035933770883396,
        "4,25": 40.77861657702207,
        "4,26": 21.68755479160187,
        "4,27": 22.27922068515392,
        "4,28": 50.90506607216078,
        "4,29": 29.394777312093648,
        "4,30": 59.81254673024389,
        "4,31": 44.19479243060006,
        "4,32": 51.50272800426564,
        "4,33": 48.20382614156634,
        "4,34": 60.47210429898011,
        "4,35": 21.506698042075467,
        "4,36": 58.32132488821032,
        "4,37": 42.698247098207084,
        "4,38": 32.22947954099847,
        "4,39": 54.96805187001663,
        "4,40": 46.785087013902235,
        "5,0": 40.64672716801906,
        "5,1": 18.797211931528306,
        "5,2": 40.496174841903965,
        "5,3": 58.11039886856444,
        "5,4": 43.19573748001795,
        "5,5": 0.0,
        "5,6": 45.987561055746355,
        "5,7": 59.85724039992894,
        "5,8": 9.413234959434792,
        "5,9": 62.041470392716796,
        "5,10": 21.758378359971914,
        "5,11": 94.72356070209273,
        "5,12": 59.64330595976555,
        "5,13": 64.56597079756997,
        "5,14": 22.120049459592256,
        "5,15": 81.37009021587038,
        "5,16": 55.15380616329256,
        "5,17": 29.465267127633275,
        "5,18": 108.46657818553822,
        "5,19": 52.81863282000709,
        "5,20": 45.49019139816719,
        "5,21": 27.775636146718767,
        "5,22": 18.325663965147157,
        "5,23": 47.718151895725214,
        "5,24": 41.40260025985807,
        "5,25": 2.8421499816992886,
        "5,26": 50.17661399069521,
        "5,27": 23.424967746736005,
        "5,28": 53.3936934532552,
        "5,29": 72.47893570610036,
        "5,30": 86.80740860482928,
        "5,31": 14.33361826143969,
        "5,32": 55.798930266919115,
        "5,33": 37.88207563665984,
        "5,34": 56.391073140062005,
        "5,35": 39.21936590611393,
        "5,36": 98.61788774142975,
        "5,37": 60.5267456926881,
        "5,38": 12.427453259446908,
        "5,39": 98.09706117817122,
        "5,40": 89.97546114491205,
        "6,0": 64.60217056920632,
        "6,1": 50.60981726763935,
        "6,2": 54.327726715529835,
        "6,3": 15.714016803714461,
        "6,4": 11.393130728699765,
        "6,5": 45.987561055746355,
        "6,6": 0.0,
        "6,7": 35.07613787408915,
        "6,8": 50.2234379137437,
        "6,9": 54.552701405358995,
        "6,10": 24.37130712775734,
        "6,11": 53.412918155242,
        "6,12": 49.173466804775025,
        "6,13": 19.31451255950064,
        "6,14": 38.63789516458804,
        "6,15": 54.84369951581835,
        "6,16": 25.99367296840433,
        "6,17": 49.94381306364545,
        "6,18": 73.0417686029276,
        "6,19": 48.23274966439073,
        "6,20": 59.027571602002695,
        "6,21": 18.235816715384267,
        "6,22": 37.824518092750345,
        "6,23": 37.74837814777199,
        "6,24": 29.59579053361275,
        "6,25": 44.02262374475744,
        "6,26": 10.301551827789954,
        "6,27": 29.20462106982079,
        "6,28": 41.2381163577026,
        "6,29": 28.953783204218045,
        "6,30": 49.025471286214284,
        "6,31": 43.30892613737028,
        "6,32": 62.70987687031649,
        "6,33": 41.5167267522352,
        "6,34": 71.30252663488753,
        "6,35": 32.52442418828905,
        "6,36": 63.272268052480165,
        "6,37": 31.432584610007797,
        "6,38": 33.80084609508028,
        "6,39": 53.923784213350956,
        "6,40": 46.54535505617236,
        "7,0": 92.14754228139785,
        "7,1": 52.16752034071582,
        "7,2": 40.09850892917435,
        "7,3": 46.93453642035638,
        "7,4": 25.263456111146557,
        "7,5": 59.85724039992894,
        "7,6": 35.07613787408915,
        "7,7": 0.0,
        "7,8": 67.97502652216932,
        "7,9": 24.046575307143385,
        "7,10": 45.56627434880429,
        "7,11": 77.60524449551352,
        "7,12": 18.545094932418365,
        "7,13": 44.116050636059875,
        "7,14": 40.02707184508215,
        "7,15": 22.140509577388595,
        "7,16": 9.132475381164081,
        "7,17": 43.67274501972925,
        "7,18": 49.054145613884934,
        "7,19": 22.751536292437013,
        "7,20": 42.13357118602026,
        "7,21": 40.079031409218324,
        "7,22": 62.145724399659876,
        "7,23": 72.01599541220408,
        "7,24": 63.29877648685969,
        "7,25": 57.053529583756074,
        "7,26": 44.768787772823025,
        "7,27": 36.48304213852021,
        "7,28": 75.99577012584041,
        "7,29": 30.30529055123433,
        "7,30": 77.54483513029385,
        "7,31": 65.2897589223366,
        "7,32": 39.37574127877402,
        "7,33": 73.11694350133335,
        "7,34": 50.973409131769415,
        "7,35": 21.778035618747996,
        "7,36": 39.463431275599,
        "7,37": 65.91029786224735,
        "7,38": 51.89550365347283,
        "7,39": 49.69830589679936,
        "7,40": 41.27778469148922,
        "8,0": 31.668818399032958,
        "8,1": 27.630438574153015,
        "8,2": 49.811907805524406,
        "8,3": 60.54006108155404,
        "8,4": 49.302875458721914,
        "8,5": 9.413234959434792,
        "8,6": 50.2234379137437,
        "8,7": 67.97502652216932,
        "8,8": 0.0,
        "8,9": 71.33138857369768,
        "8,10": 26.092113072950553,
        "8,11": 95.60644564178956,
        "8,12": 68.78738471245353,
        "8,13": 67.77640959554965,
        "8,14": 31.400618619767833,
        "8,15": 89.76741911303048,
        "8,16": 62.616859846560914,
        "8,17": 38.74174232297529,
        "8,18": 116.0936667205707,
        "8,19": 62.099480714214806,
        "8,20": 54.73316582741252,
        "8,21": 32.63967942498725,
        "8,22": 15.684379298256525,
        "8,23": 44.428596251581745,
        "8,24": 39.59735337755743,
        "8,25": 12.074265284332398,
        "8,26": 52.691260720881495,
        "8,27": 31.560502509928295,
        "8,28": 49.87635833436773,
        "8,29": 78.03579837507776,
        "8,30": 86.79222405135746,
        "8,31": 9.561041045726858,
        "8,32": 65.15227608809475,
        "8,33": 33.11662166574476,
        "8,34": 65.35003896515967,
        "8,35": 47.95015870212008,
        "8,36": 106.17925094041534,
        "8,37": 59.7795042252457,
        "8,38": 17.073497623625737,
        "8,39": 103.58624988150318,
        "8,40": 95.7111884453342,
        "9,0": 100.2984366540855,
        "9,1": 47.79222266151319,
        "9,2": 27.22945895782873,
        "9,3": 68.58172869561017,
        "9,4": 43.26262637373626,
        "9,5": 62.041470392716796,
        "9,6": 54.552701405358995,
        "9,7": 24.046575307143385,
        "9,8": 71.33138857369768,
        "9,9": 0.0,
        "9,10": 55.71945611626808,
        "9,11": 101.36534997191764,
        "9,12": 5.638973655062036,
        "9,13": 67.10626989139608,
        "9,14": 39.933693334349,
        "9,15": 29.795888087456955,
        "9,16": 31.509997968225168,
        "9,17": 36.17137943494676,
        "9,18": 60.49667345076201,
        "9,19": 9.235199970019893,
        "9,20": 26.133515814550883,
        "9,21": 52.34394851874241,
        "9,22": 70.7578072508495,
        "9,23": 88.01913916517412,
        "9,24": 78.99600524158262,
        "9,25": 59.281011189619576,
        "9,26": 64.83396138673443,
        "9,27": 42.15122733189715,
        "9,28": 92.78709723127194,
        "9,29": 54.28460871342429,
        "9,30": 100.58157140947985,
        "9,31": 71.8813599112848,
        "9,32": 18.432946535288846,
        "9,33": 86.04908803699979,
        "9,34": 30.396469516264254,
        "9,35": 25.9695024399357,
        "9,36": 52.817696139967936,
        "9,37": 85.95521492943068,
        "9,38": 58.54986048872046,
        "9,39": 71.44451163196827,
        "9,40": 63.46697786031992,
        "10,0": 46.59668843916411,
        "10,1": 30.634851881208064,
        "10,2": 43.329660469926104,
        "10,3": 36.56393776212443,
        "10,4": 23.705489134462994,
        "10,5": 21.758378359971914,
        "10,6": 24.37130712775734,
        "10,7": 45.56627434880429,
        "10,8": 26.092113072950553,
        "10,9": 55.71945611626808,
        "10,10": 0.0,
        "10,11": 73.83526296217143,
        "10,12": 51.67073148719349,
        "10,13": 42.81074086460561,
        "10,14": 22.487618071974047,
        "10,15": 67.69691046769253,
        "10,16": 38.676663961304776,
        "10,17": 34.869976853182216,
        "10,18": 91.71576753500027,
        "10,19": 47.00308847086736,
        "10,20": 48.73158174683402,
        "10,21": 6.588587331211735,
        "10,22": 16.60195500751199,
        "10,23": 34.992908136730925,
        "10,24": 26.47205672808771,
        "10,25": 20.038964203287343,
        "10,26": 28.662752575973833,
        "10,27": 14.63824018353098,
        "10,28": 40.505642208906565,
        "10,29": 51.966851775575,
        "10,30": 66.78630739481731,
        "10,31": 20.505668149802794,
        "10,32": 56.31155490332638,
        "10,33": 30.509751969909004,
        "10,34": 61.298849064395455,
        "10,35": 29.771714035256498,
        "10,36": 81.75036790728245,
        "10,37": 42.03406350792978,
        "10,38": 9.436284254733659,
        "10,39": 77.49723432671773,
        "10,40": 69.66061493850182,
        "11,0": 94.4242312216044,
        "11,1": 103.28892576573581,
        "11,2": 107.21598315888996,
        "11,3": 38.03527129194341,
        "11,4": 63.23481522689497,
        "11,5": 94.72356070209273,
        "11,6": 53.412918155242,
        "11,7": 77.60524449551352,
        "11,8": 95.60644564178956,
        "11,9": 101.36534997191764,
        "11,10": 73.83526296217143,
        "11,11": 0.0,
        "11,12": 95.7367073859256,
        "11,13": 35.32404206820981,
        "11,14": 91.89584301268657,
        "11,15": 87.64823748183335,
        "11,16": 69.92815235824929,
        "11,17": 103.35670744110205,
        "11,18": 86.98437571895064,
        "11,19": 97.53332751552017,
        "11,20": 111.5981680475311,
        "11,21": 69.40558316557976,
        "11,22": 80.12474375744165,
        "11,23": 57.42701892743544,
        "11,24": 57.621514898971554,
        "11,25": 93.51396234520202,
        "11,26": 45.52805046109745,
        "11,27": 82.35117981506211,
        "11,28": 54.76446714359467,
        "11,29": 49.15803336313925,
        "11,30": 12.062747671008076,
        "11,31": 86.47236228055208,
        "11,32": 113.59514559248122,
        "11,33": 69.68578490121466,
        "11,34": 123.40332768947424,
        "11,35": 84.5209237101904,
        "11,36": 80.7027315079314,
        "11,37": 37.446494880073864,
        "11,38": 82.48793643792632,
        "11,39": 51.4942162494073,
        "11,40": 52.11194294697828,
        "12,0": 96.96602600709045,
        "12,1": 46.68862053226389,
        "12,2": 27.961525437042518,
        "12,3": 63.03438555343885,
        "12,4": 37.95191494826932,
        "12,5": 59.64330595976555,
        "12,6": 49.173466804775025,
        "12,7": 18.545094932418365,
        "12,8": 68.78738471245353,
        "12,9": 5.638973655062036,
        "12,10": 51.67073148719349,
        "12,11": 95.7367073859256,
        "12,12": 0.0,
        "12,13": 61.4736916894732,
        "12,14": 37.580715136725104,
        "12,15": 27.248040154434786,
        "12,16": 25.871043799145514,
        "12,17": 35.58570183882167,
        "12,18": 58.071193242797804,
        "12,19": 8.035074459174565,
        "12,20": 27.950432718815303,
        "12,21": 47.89984351077397,
        "12,22": 67.15240509200127,
        "12,23": 83.23754112232557,
        "12,24": 74.22739163001076,
        "12,25": 56.83506010352296,
        "12,26": 59.43150448517727,
        "12,27": 38.65047354069662,
        "12,28": 87.89833748931046,
        "12,29": 48.84045116327001,
        "12,30": 94.9535083744718,
        "12,31": 68.67688570717922,
        "12,32": 22.114139330213273,
        "12,33": 81.76447113246603,
        "12,34": 34.12135193556259,
        "12,35": 21.976682024441036,
        "12,36": 49.853475342623646,
        "12,37": 80.60130299440901,
        "12,38": 55.18308295908735,
        "12,39": 66.72268628852004,
        "12,40": 58.60598351953259,
        "13,0": 76.70555788723651,
        "13,1": 69.90657797315339,
        "13,2": 71.97583823593267,
        "13,3": 8.761827686318167,
        "13,4": 28.038858219511443,
        "13,5": 64.56597079756997,
        "13,6": 19.31451255950064,
        "13,7": 44.116050636059875,
        "13,8": 67.77640959554965,
        "13,9": 67.10626989139608,
        "13,10": 42.81074086460561,
        "13,11": 35.32404206820981,
        "13,12": 61.4736916894732,
        "13,13": 0.0,
        "13,14": 57.76519157566328,
        "13,15": 58.652255590939184,
        "13,16": 35.66453700605327,
        "13,17": 68.67611860829109,
        "13,18": 68.50713718754746,
        "13,19": 62.57274775264007,
        "13,20": 76.29330561670508,
        "13,21": 37.157204187113194,
        "13,22": 53.822706507242465,
        "13,23": 43.130384764452394,
        "13,24": 37.808714290602666,
        "13,25": 62.797416348744335,
        "13,26": 15.458217420758109,
        "13,27": 48.43524704246418,
        "13,28": 44.25340718772971,
        "13,29": 21.904263929061027,
        "13,30": 33.49756224357797,
        "13,31": 59.86807012741094,
        "13,32": 78.39913195046458,
        "13,33": 51.463568662458975,
        "13,34": 88.08277427037542,
        "13,35": 49.203366868875676,
        "13,36": 59.696077933178,
        "13,37": 27.43694304786495,
        "13,38": 52.178029159165725,
        "13,39": 41.28609803133585,
        "13,40": 35.888229210064324,
        "14,0": 61.201103043687326,
        "14,1": 13.09737006687944,
        "14,2": 21.279453596636376,
        "14,3": 53.87687064549628,
        "14,4": 30.81831152774586,
        "14,5": 22.120049459592256,
        "14,6": 38.63789516458804,
        "14,7": 40.02707184508215,
        "14,8": 31.400618619767833,
        "14,9": 39.933693334349,
        "14,10": 22.487618071974047,
        "14,11": 91.89584301268657,
        "14,12": 37.580715136725104,
        "14,13": 57.76519157566328,
        "14,14": 0.0,
        "14,15": 60.537698831977465,
        "14,16": 37.36305556820178,
        "14,17": 12.453785428261181,
        "14,18": 89.07730018387177,
        "14,19": 30.70501033052718,
        "14,20": 26.6974946517496,
        "14,21": 23.726669761762547,
        "14,22": 33.13285996064924,
        "14,23": 57.357454173778834,
        "14,24": 48.951638019078196,
        "14,25": 19.34813115834748,
        "14,26": 46.693865004897205,
        "14,27": 9.58419301019635,
        "14,28": 62.93073023486631,
        "14,29": 59.04357234042621,
        "14,30": 86.43487058878641,
        "14,31": 32.8325103537846,
        "14,32": 35.518852911707825,
        "14,33": 51.3814974385135,
        "14,34": 39.06259948323609,
        "14,35": 18.33531726727063,
        "14,36": 79.47238660762865,
        "14,37": 63.536845574172,
        "14,38": 20.6154222518851,
        "14,39": 83.9388681955876,
        "14,40": 75.42088314257279,
        "15,0": 114.2611497030067,
        "15,1": 71.65684601114026,
        "15,2": 55.059636366339575,
        "15,3": 63.77157610285123,
        "15,4": 46.46759551548161,
        "15,5": 81.37009021587038,
        "15,6": 54.84369951581835,
        "15,7": 22.140509577388595,
        "15,8": 89.76741911303048,
        "15,9": 29.795888087456955,
        "15,10": 67.69691046769253,
        "15,11": 87.64823748183335,
        "15,12": 27.248040154434786,
        "15,13": 58.652255590939184,
        "15,14": 60.537698831977465,
        "15,15": 0.0,
        "15,16": 29.783418724914902,
        "15,17": 61.57928214248179,
        "15,18": 30.836482412394794,
        "15,19": 35.08036283559436,
        "15,20": 55.18331886809204,
        "15,21": 62.113847612544625,
        "15,22": 84.28291481525368,
        "15,23": 92.53628946383834,
        "15,24": 84.10539264636321,
        "15,25": 78.53874614824484,
        "15,26": 63.509964321911546,
        "15,27": 58.206996562133114,
        "15,28": 96.05853818319878,
        "15,29": 38.76694681252299,
        "15,30": 90.32359767207252,
        "15,31": 87.39373270265338,
        "15,32": 48.2171750845171,
        "15,33": 94.66691984708874,
        "15,34": 60.11914243796525,
        "15,35": 42.32858899110184,
        "15,36": 23.088940108121697,
        "15,37": 83.82644270952318,
        "15,38": 73.94612777485912,
        "15,39": 46.64276085948333,
        "15,40": 40.118972766352094,
        "16,0": 84.93308526884931,
        "16,1": 50.23535629301642,
        "16,2": 42.26695720552522,
        "16,3": 37.9552421374014,
        "16,4": 16.697427595366413,
        "16,5": 55.15380616329256,
        "16,6": 25.99367296840433,
        "16,7": 9.132475381164081,
        "16,8": 62.616859846560914,
        "16,9": 31.509997968225168,
        "16,10": 38.676663961304776,
        "16,11": 69.92815235824929,
        "16,12": 25.871043799145514,
        "16,13": 35.66453700605327,
        "16,14": 37.36305556820178,
        "16,15": 29.783418724914902,
        "16,16": 0.0,
        "16,17": 43.520872720366626,
        "16,18": 53.47928288273588,
        "16,19": 28.033290050415747,
        "16,20": 45.28882873755283,
        "16,21": 32.71609434920459,
        "16,22": 55.239484391775214,
        "16,23": 63.19468885543864,
        "16,24": 54.57876256887621,
        "16,25": 52.44274051785486,
        "16,26": 35.63633530542809,
        "16,27": 31.875372491609465,
        "16,28": 67.04825516372208,
        "16,29": 24.956017540134095,
        "16,30": 69.16205507426271,
        "16,31": 58.940088173602526,
        "16,32": 44.62408725399023,
        "16,33": 64.88487269886208,
        "16,34": 55.54862943614523,
        "16,35": 20.552093095489642,
        "16,36": 43.563103450976925,
        "16,37": 56.78506330831984,
        "16,38": 45.93960751821277,
        "16,39": 47.62677242214821,
        "16,40": 39.02292900812194,
        "17,0": 70.0672547596875,
        "17,1": 12.012962295109068,
        "17,2": 11.101041017762789,
        "17,3": 65.4789953102049,
        "17,4": 40.90746701303377,
        "17,5": 29.465267127633275,
        "17,6": 49.94381306364545,
        "17,7": 43.67274501972925,
        "17,8": 38.74174232297529,
        "17,9": 36.17137943494676,
        "17,10": 34.869976853182216,
        "17,11": 103.35670744110205,
        "17,12": 35.58570183882167,
        "17,13": 68.67611860829109,
        "17,14": 12.453785428261181,
        "17,15": 61.57928214248179,
        "17,16": 43.520872720366626,
        "17,17": 0.0,
        "17,18": 91.65690150652998,
        "17,19": 27.663809112343248,
        "17,20": 16.032235208223483,
        "17,21": 36.09162305903678,
        "17,22": 43.95276721205553,
        "17,23": 69.57481460968198,
        "17,24": 61.28904388004053,
        "17,25": 27.17505989232179,
        "17,26": 58.566463707651366,
        "17,27": 21.722477739978913,
        "17,28": 75.19054121856853,
        "17,29": 67.2390050707418,
        "17,30": 98.37838121771553,
        "17,31": 42.478726663347395,
        "17,32": 26.503758709289606,
        "17,33": 62.94653442230976,
        "17,34": 27.528545109723957,
        "17,35": 22.96914683182976,
        "17,36": 82.52443531248703,
        "17,37": 75.9317814897316,
        "17,38": 31.833488934983325,
        "17,39": 91.1215209561216,
        "17,40": 82.51902219432495,
        "18,0": 136.97538609388377,
        "18,1": 101.01961501666891,
        "18,2": 85.75947653083514,
        "18,3": 76.15130705820177,
        "18,4": 68.2785179087376,
        "18,5": 108.46657818553822,
        "18,6": 73.0417686029276,
        "18,7": 49.054145613884934,
        "18,8": 116.0936667205707,
        "18,9": 60.49667345076201,
        "18,10": 91.71576753500027,
        "18,11": 86.98437571895064,
        "18,12": 58.071193242797804,
        "18,13": 68.50713718754746,
        "18,14": 89.07730018387177,
        "18,15": 30.836482412394794,
        "18,16": 53.47928288273588,
        "18,17": 91.65690150652998,
        "18,18": 0.0,
        "18,19": 65.83323865277505,
        "18,20": 86.01615632643396,
        "18,21": 85.41766385793719,
        "18,22": 108.04513497015012,
        "18,23": 109.47752412818471,
        "18,24": 102.17656100764428,
        "18,25": 105.70981608079263,
        "18,26": 78.95517814746916,
        "18,27": 85.05544452057731,
        "18,28": 111.73688028085876,
        "18,29": 46.82975465805149,
        "18,30": 93.48693103274894,
        "18,31": 112.17406126872956,
        "18,32": 78.83893803068044,
        "18,33": 114.5548042096245,
        "18,34": 90.61213590873248,
        "18,35": 70.78508115266534,
        "18,36": 9.965661148735602,
        "18,37": 95.93603653917198,
        "18,38": 99.38138731597992,
        "18,39": 35.9676394055579,
        "18,40": 35.27095565405337,
        "19,0": 91.14454555423204,
        "19,1": 38.97975162107658,
        "19,2": 19.99267227539853,
        "19,3": 63.01738495480952,
        "19,4": 36.84062166432537,
        "19,5": 52.81863282000709,
        "19,6": 48.23274966439073,
        "19,7": 22.751536292437013,
        "19,8": 62.099480714214806,
        "19,9": 9.235199970019893,
        "19,10": 47.00308847086736,
        "19,11": 97.53332751552017,
        "19,12": 8.035074459174565,
        "19,13": 62.57274775264007,
        "19,14": 30.70501033052718,
        "19,15": 35.08036283559436,
        "19,16": 28.033290050415747,
        "19,17": 27.663809112343248,
        "19,18": 65.83323865277505,
        "19,19": 0.0,
        "19,20": 20.42206626676884,
        "19,21": 44.04173854059464,
        "19,22": 61.72596451984215,
        "19,23": 80.04078358787211,
        "19,24": 71.02244094041832,
        "19,25": 50.05313198856245,
        "19,26": 58.517496778146786,
        "19,27": 33.138985933435684,
        "19,28": 84.97727464335983,
        "19,29": 52.498957105089126,
        "19,30": 95.7594054225138,
        "19,31": 62.708426405117436,
        "19,32": 16.71846137237792,
        "19,33": 77.46002673536472,
        "19,34": 28.224894236142365,
        "19,35": 17.527159996283324,
        "19,36": 57.383485374955484,
        "19,37": 79.33537800828894,
        "19,38": 49.43839903985185,
        "19,39": 72.2935976203988,
        "19,40": 63.952261983484455,
        "20,0": 86.09936159816604,
        "20,1": 27.46787083864253,
        "20,2": 5.423584842671655,
        "20,3": 74.71046461325531,
        "20,4": 48.426381901349835,
        "20,5": 45.49019139816719,
        "20,6": 59.027571602002695,
        "20,7": 42.13357118602026,
        "20,8": 54.73316582741252,
        "20,9": 26.133515814550883,
        "20,10": 48.73158174683402,
        "20,11": 111.5981680475311,
        "20,12": 27.950432718815303,
        "20,13": 76.29330561670508,
        "20,14": 26.6974946517496,
        "20,15": 55.18331886809204,
        "20,16": 45.28882873755283,
        "20,17": 16.032235208223483,
        "20,18": 86.01615632643396,
        "20,19": 20.42206626676884,
        "20,20": 0.0,
        "20,21": 48.50958260229156,
        "20,22": 59.54005314482117,
        "20,23": 83.72248271263501,
        "20,24": 75.09647400536123,
        "20,25": 43.204863737114614,
        "20,26": 68.66979572618602,
        "20,27": 34.346893694556975,
        "20,28": 89.20359011087037,
        "20,29": 70.23498900032959,
        "20,30": 108.04451215007175,
        "20,31": 58.40883162650616,
        "20,32": 11.204804884901769,
        "20,33": 78.07662466091487,
        "20,34": 12.666270688866916,
        "20,35": 27.104995558877807,
        "20,36": 77.7455304611597,
        "20,37": 87.7840258855834,
        "20,38": 47.16390736889243,
        "20,39": 91.78124579686487,
        "20,40": 83.29498216263619,
        "21,0": 52.2267682480852,
        "21,1": 33.96833921406868,
        "21,2": 43.23270114684214,
        "21,3": 31.58923809613812,
        "21,4": 17.22954504292818,
        "21,5": 27.775636146718767,
        "21,6": 18.235816715384267,
        "21,7": 40.079031409218324,
        "21,8": 32.63967942498725,
        "21,9": 52.34394851874241,
        "21,10": 6.588587331211735,
        "21,11": 69.40558316557976,
        "21,12": 47.89984351077397,
        "21,13": 37.157204187113194,
        "21,14": 23.726669761762547,
        "21,15": 62.113847612544625,
        "21,16": 32.71609434920459,
        "21,17": 36.09162305903678,
        "21,18": 85.41766385793719,
        "21,19": 44.04173854059464,
        "21,20": 48.50958260229156,
        "21,21": 0.0,
        "21,22": 22.641310341516938,
        "21,23": 36.1682329377235,
        "21,24": 27.21304235572374,
        "21,25": 25.787342756328318,
        "21,26": 23.88350279607944,
        "21,27": 14.441659469187579,
        "21,28": 41.337522020688624,
        "21,29": 45.3985093837417,
        "21,30": 63.12178291255105,
        "21,31": 26.982269408838448,
        "21,32": 54.99364585382516,
        "21,33": 33.921529936100825,
        "21,34": 61.17573452559115,
        "21,35": 26.51855605645727,
        "21,36": 75.45327527468258,
        "21,37": 39.84227936101584,
        "21,38": 15.767636739144361,
        "21,39": 70.94990335162028,
        "21,40": 63.08458793476904,
        "22,0": 30.116754075395168,
        "22,1": 35.48671698126125,
        "22,2": 54.18360049061787,
        "22,3": 46.05950208416725,
        "22,4": 39.78704422446558,
        "22,5": 18.325663965147157,
        "22,6": 37.824518092750345,
        "22,7": 62.145724399659876,
        "22,8": 15.684379298256525,
        "22,9": 70.7578072508495,
        "22,10": 16.60195500751199,
        "22,11": 80.12474375744165,
        "22,12": 67.15240509200127,
        "22,13": 53.822706507242465,
        "22,14": 33.13285996064924,
        "22,15": 84.28291481525368,
        "22,16": 55.239484391775214,
        "22,17": 43.95276721205553,
        "22,18": 108.04513497015012,
        "22,19": 61.72596451984215,
        "22,20": 59.54005314482117,
        "22,21": 22.641310341516938,
        "22,22": 0.0,
        "22,23": 29.51906680893818,
        "22,24": 23.982477489142514,
        "22,25": 18.918707581086267,
        "22,26": 38.42544407514282,
        "22,27": 28.60667391791855,
        "22,28": 35.151411560131294,
        "22,29": 66.63486236245622,
        "22,30": 71.13868444989502,
        "22,31": 6.350650005897354,
        "22,32": 68.64565940965328,
        "22,33": 19.726816990326945,
        "22,34": 71.47728008990543,
        "22,35": 45.19934616256494,
        "22,36": 98.08244317909761,
        "22,37": 44.0952200121846,
        "22,38": 12.557077470429965,
        "22,39": 91.74641641815519,
        "22,40": 84.31065261407727,
        "23,0": 37.049755751654104,
        "23,1": 63.36971228519818,
        "23,2": 78.32245001736642,
        "23,3": 34.4703089852052,
        "23,4": 46.783678873533994,
