{
    "num_robots": 6,
    "num_tasks": 50,
    "num_nodes": 51,
    "robot_capacity": [
        128,
        128,
        114,
        131,
        109,
        115
    ],
    "robot_speed": [
        1.03,
        0.84,
        0.95,
        0.97,
        0.88,
        0.85
    ],
    "task_demand": {
        "0": 0,
        "1": 11,
        "2": 11,
        "3": 7,
        "4": 6,
        "5": 15,
        "6": 8,
        "7": 10,
        "8": 5,
        "9": 9,
        "10": 7,
        "11": 15,
        "12": 10,
        "13": 12,
        "14": 13,
        "15": 7,
        "16": 6,
        "17": 15,
        "18": 11,
        "19": 6,
        "20": 14,
        "21": 9,
        "22": 14,
        "23": 13,
        "24": 7,
        "25": 9,
        "26": 15,
        "27": 5,
        "28": 10,
        "29": 12,
        "30": 8,
        "31": 11,
        "32": 9,
        "33": 11,
        "34": 6,
        "35": 5,
        "36": 8,
        "37": 15,
        "38": 9,
        "39": 12,
        "40": 13,
        "41": 13,
        "42": 5,
        "43": 5,
        "44": 5,
        "45": 11,
        "46": 9,
        "47": 12,
        "48": 5,
        "49": 15,
        "50": 15
    },
    "task_service_time": {
        "0": 0,
        "1": 28,
        "2": 23,
        "3": 39,
        "4": 18,
        "5": 15,
        "6": 42,
        "7": 49,
        "8": 34,
        "9": 21,
        "10": 77,
        "11": 29,
        "12": 89,
        "13": 81,
        "14": 62,
        "15": 72,
        "16": 27,
        "17": 95,
        "18": 72,
        "19": 90,
        "20": 95,
        "21": 20,
        "22": 86,
        "23": 23,
        "24": 80,
        "25": 67,
        "26": 33,
        "27": 46,
        "28": 64,
        "29": 28,
        "30": 50,
        "31": 19,
        "32": 25,
        "33": 71,
        "34": 56,
        "35": 59,
        "36": 48,
        "37": 82,
        "38": 33,
        "39": 64,
        "40": 76,
        "41": 89,
        "42": 35,
        "43": 29,
        "44": 67,
        "45": 100,
        "46": 23,
        "47": 23,
        "48": 29,
        "49": 12,
        "50": 75
    },
    "task_precedence": [],
    "coordinates": {
        "0": [
            100,
            0
        ],
        "1": [
            17.876647979352512,
            31.461926374559525
        ],
        "2": [
            81.55824787882835,
            13.212930991602123
        ],
        "3": [
            9.325064978227104,
            42.99676132925497
        ],
        "4": [
            27.535661640530474,
            61.56439047978607
        ],
        "5": [
            23.538487187852642,
            91.41765459173294
        ],
        "6": [
            91.36719462830955,
            10.652248822654686
        ],
        "7": [
            59.60796290547928,
            20.25897469844863
        ],
        "8": [
            0.12917160387695414,
            4.583672536801142
        ],
        "9": [
            66.26886394936481,
            68.51270103859679
        ],
        "10": [
            43.59681894882581,
            20.2840971300945
        ],
        "11": [
            32.29038569539174,
            22.875353133693622
        ],
        "12": [
            81.61794398748015,
            18.712629701777452
        ],
        "13": [
            20.389826807127342,
            23.759837704294185
        ],
        "14": [
            72.82361173941834,
            82.04313176404654
        ],
        "15": [
            14.176289037657408,
            49.376311422031485
        ],
        "16": [
            66.65753984500796,
            25.989088437277054
        ],
        "17": [
            26.23036174108776,
            96.81369093870123
        ],
        "18": [
            75.68697906363792,
            11.324690250714053
        ],
        "19": [
            92.30179568811033,
            81.13495644147021
        ],
        "20": [
            73.30502114142534,
            51.9362718368779
        ],
        "21": [
            41.434504850482526,
            86.28189689367602
        ],
        "22": [
            16.120559032463667,
            99.3803536833746
        ],
        "23": [
            84.74184000044977,
            54.615821777302465
        ],
        "24": [
            24.196681706580303,
            96.68091706543859
        ],
        "25": [
            90.18235695174927,
            33.62011189768784
        ],
        "26": [
            57.27280775062034,
            3.0330457819324086
        ],
        "27": [
            69.08398188659825,
            34.30644137456657
        ],
        "28": [
            30.239369409283302,
            80.77463443224386
        ],
        "29": [
            95.36691290218022,
            48.16053800507996
        ],
        "30": [
            77.14268378548496,
            72.42624024253738
        ],
        "31": [
            96.66997726899339,
            91.41600103008064
        ],
        "32": [
            85.32728903894547,
            95.82062553270941
        ],
        "33": [
            80.17199937860947,
            5.905799759606123
        ],
        "34": [
            98.7884248640696,
            50.09743948457535
        ],
        "35": [
            47.27800315398032,
            60.49013551606567
        ],
        "36": [
            15.56225055933923,
            56.91738774235671
        ],
        "37": [
            98.00962502995715,
            59.55434228401907
        ],
        "38": [
            64.60792388142342,
            94.00813941153173
        ],
        "39": [
            9.925820412758913,
            88.46513219735411
        ],
        "40": [
            93.7970906753754,
            73.35515911596315
        ],
        "41": [
            45.856920039402546,
            69.11480299244872
        ],
        "42": [
            56.85431935775242,
            53.481403000147445
        ],
        "43": [
            52.352292511183975,
            22.037945040952334
        ],
        "44": [
            21.628306156182077,
            88.25829319069459
        ],
        "45": [
            6.37333302974451,
            76.669094023027
        ],
        "46": [
            32.231237598697206,
            99.73080432397775
        ],
        "47": [
            85.37429214807646,
            91.68397238638724
        ],
        "48": [
            73.99007214237561,
            86.81296998468844
        ],
        "49": [
            21.24766808141514,
            6.053864584176316
        ],
        "50": [
            73.06845093639197,
            45.877452166869226
        ]
    },
    "distance_matrix_str_keys": {
        "0,0": 0.0,
        "0,1": 87.94371926582018,
        "0,2": 22.686554755792663,
        "0,3": 100.35270462726778,
        "0,4": 95.08551156208426,
        "0,5": 119.17864956683964,
        "0,6": 13.711153619051741,
        "0,7": 45.187860277706434,
        "0,8": 99.97595920246268,
        "0,9": 76.36609026832919,
        "0,10": 59.93966490625922,
        "0,11": 71.46938960331198,
        "0,12": 26.230945343301315,
        "0,13": 83.0801394048757,
        "0,14": 86.42703019624464,
        "0,15": 99.01378435850818,
        "0,16": 42.27472491912679,
        "0,17": 121.71626958638326,
        "0,18": 26.821103562802904,
        "0,19": 81.49934666233138,
        "0,20": 58.39519011505848,
        "0,21": 104.28078899624367,
        "0,22": 130.0469734951915,
        "0,23": 56.707137425388886,
        "0,24": 122.85496648043053,
        "0,25": 35.02424930010517,
        "0,26": 42.83470933986535,
        "0,27": 46.18151248903351,
        "0,28": 106.72903610581834,
        "0,29": 48.382878345492585,
        "0,30": 75.94746329009332,
        "0,31": 91.47663251191926,
        "0,32": 96.9375093780853,
        "0,33": 20.68883948998655,
        "0,34": 50.11208793515487,
        "0,35": 80.24129514273619,
        "0,36": 101.82987065698151,
        "0,37": 59.58759331776603,
        "0,38": 100.44963577634866,
        "0,39": 126.25148491407893,
        "0,40": 73.61695085384743,
        "0,41": 87.79709050022471,
        "0,42": 68.71542930773988,
        "0,43": 52.497381368672194,
        "0,44": 118.0324053507499,
        "0,45": 121.01282058637788,
        "0,46": 120.57710598829186,
        "0,47": 92.84321258292195,
        "0,48": 90.62564816166139,
        "0,49": 78.98467610251058,
        "0,50": 53.19820440850331,
        "1,0": 87.94371926582018,
        "1,1": 0.0,
        "1,2": 66.2447884610112,
        "1,3": 14.359038590978193,
        "1,4": 31.61415648271001,
        "1,5": 60.22246897358555,
        "1,6": 76.37999166389574,
        "1,7": 43.20889690469831,
        "1,8": 32.20890322667067,
        "1,9": 60.9472433313729,
        "1,10": 28.044091379778283,
        "1,11": 16.777516948807595,
        "1,12": 65.00382590622155,
        "1,13": 8.10174288070199,
        "1,14": 74.68351334199173,
        "1,15": 18.29256263967599,
        "1,16": 49.08693681924477,
        "1,17": 65.88351588417251,
        "1,18": 61.21717617451987,
        "1,19": 89.47911782923785,
        "1,20": 59.088944596297814,
        "1,21": 59.66742652467466,
        "1,22": 67.94112610556424,
        "1,23": 70.76055946881263,
        "1,24": 65.52449597707918,
        "1,25": 72.33791063303651,
        "1,26": 48.58249331264414,
        "1,27": 51.28627800370606,
        "1,28": 50.838765299095094,
        "1,29": 79.26906577093598,
        "1,30": 72.04538854672086,
        "1,31": 99.00949352635624,
        "1,32": 93.2289179207787,
        "1,33": 67.33369448883995,
        "1,34": 83.03010289958583,
        "1,35": 41.316783660730835,
        "1,36": 25.56045674210809,
        "1,37": 84.91453257613084,
        "1,38": 78.0758663909776,
        "1,39": 57.555027000858814,
        "1,40": 86.71191710881214,
        "1,41": 46.91092348436985,
        "1,42": 44.76735659995292,
        "1,43": 35.74047411634851,
        "1,44": 56.92013898954166,
        "1,45": 46.64776802406005,
        "1,46": 69.76169392734353,
        "1,47": 90.45787303589648,
        "1,48": 78.81912458299531,
        "1,49": 25.630711665352592,
        "1,50": 57.043338765515955,
        "2,0": 22.686554755792663,
        "2,1": 66.2447884610112,
        "2,2": 0.0,
        "2,3": 78.13263890035843,
        "2,4": 72.50036867845449,
        "2,5": 97.37695530263281,
        "2,6": 10.137678703950083,
        "2,7": 23.053454021686754,
        "2,8": 81.8850326034716,
        "2,9": 57.3744701778851,
        "2,10": 38.61439468599495,
        "2,11": 50.20642036411363,
        "2,12": 5.500022684325251,
        "2,13": 62.07103171054228,
        "2,14": 69.38220526088007,
        "2,15": 76.47299171229811,
        "2,16": 19.628074255663357,
        "2,17": 100.25099524794393,
        "2,18": 6.167434685165073,
        "2,19": 68.76645519977642,
        "2,20": 39.593091288738584,
        "2,21": 83.36059340361709,
        "2,22": 108.19850209173983,
        "2,23": 41.52510835879276,
        "2,24": 101.27810213938326,
        "2,25": 22.154644881725062,
        "2,26": 26.332729921199366,
        "2,27": 24.505988907227092,
        "2,28": 84.84227165259755,
        "2,29": 37.57678093844158,
        "2,30": 59.3777163480486,
        "2,31": 79.64976163558026,
        "2,32": 82.69363257629661,
        "2,33": 7.4374627223247645,
        "2,34": 40.71051419118839,
        "2,35": 58.39751061512321,
        "2,36": 79.15523483682297,
        "2,37": 49.174934781264646,
        "2,38": 82.55409854899311,
        "2,39": 103.89465073329175,
        "2,40": 61.37488799795299,
        "2,41": 66.32951155177608,
        "2,42": 47.242289553719,
        "2,43": 30.510140968341396,
        "2,44": 96.03855633271856,
        "2,45": 98.38422661958958,
        "2,46": 99.5916479888407,
        "2,47": 78.56377365839131,
        "2,48": 73.98812758653688,
        "2,49": 60.73399597693272,
        "2,50": 33.749779195326234,
        "3,0": 100.35270462726778,
        "3,1": 14.359038590978193,
        "3,2": 78.13263890035843,
        "3,3": 0.0,
        "3,4": 26.007358248556248,
        "3,5": 50.46389080565787,
        "3,6": 88.18774589936268,
        "3,7": 55.184932407592356,
        "3,8": 39.49847902805068,
        "3,9": 62.3991940694438,
        "3,10": 41.114696098172416,
        "3,11": 30.53321180967759,
        "3,12": 76.26256882866689,
        "3,13": 22.192074821495673,
        "3,14": 74.54317195366826,
        "3,15": 8.014551407349025,
        "3,16": 59.80195324193499,
        "3,17": 56.40967090161473,
        "3,18": 73.53246716576015,
        "3,19": 91.32173764070565,
        "3,20": 64.60146777559059,
        "3,21": 53.89451817894185,
        "3,22": 56.79162109146649,
        "3,23": 76.3065693138404,
        "3,24": 55.70595624546671,
        "3,25": 81.39915982277655,
        "3,26": 62.418623801834165,
        "3,27": 60.387497141183644,
        "3,28": 43.180734431230185,
        "3,29": 86.19665993370316,
        "3,30": 73.9278273033495,
        "3,31": 99.86769485818559,
        "3,32": 92.55646218152805,
        "3,33": 79.96891611178215,
        "3,34": 89.74470676496311,
        "3,35": 41.79047327576371,
        "3,36": 15.254059253404607,
        "3,37": 90.21698664133312,
        "3,38": 75.22203920636356,
        "3,39": 45.47233946577992,
        "3,40": 89.76165908424203,
        "3,41": 44.90800078528384,
        "3,42": 48.67193989189912,
        "3,43": 47.860362403346485,
        "3,44": 46.9039018625001,
        "3,45": 33.80146018348559,
        "3,46": 61.183693731629404,
        "3,47": 90.29911114542101,
        "3,48": 78.11160792402023,
        "3,49": 38.819145851933584,
        "3,50": 63.80844484167816,
        "4,0": 95.08551156208426,
        "4,1": 31.61415648271001,
        "4,2": 72.50036867845449,
        "4,3": 26.007358248556248,
        "4,4": 0.0,
        "4,5": 30.11967432995907,
        "4,6": 81.64870342929972,
        "4,7": 52.295027309475586,
        "4,8": 63.22909072117986,
        "4,9": 39.351492738125835,
        "4,10": 44.29473324356292,
        "4,11": 38.98011046168562,
        "4,12": 69.00120771139343,
        "4,13": 38.473980376628944,
        "4,14": 49.70288994361425,
        "4,15": 18.083752582372703,
        "4,16": 52.87838376559666,
        "4,17": 35.273460145984565,
        "4,18": 69.58862585716052,
        "4,19": 67.65840059837146,
        "4,20": 46.77109083316393,
        "4,21": 28.35723833336951,
        "4,22": 39.501286568513876,
        "4,23": 57.626638367685764,
        "4,24": 35.27490930449237,
        "4,25": 68.59658255985204,
        "4,26": 65.6522366025088,
        "4,27": 49.6916361643742,
        "4,28": 19.399574954409577,
        "4,29": 69.14290931747625,
        "4,30": 50.7822451882406,
        "4,31": 75.30386610169752,
        "4,32": 67.18155875951646,
        "4,33": 76.60589253728214,
        "4,34": 72.1695727583051,
        "4,35": 19.771547035089668,
        "4,36": 12.84356676943244,
        "4,37": 70.5026227140775,
        "4,38": 49.26407892576176,
        "4,39": 32.152082561206335,
        "4,40": 67.30229715820737,
        "4,41": 19.81608534573903,
        "4,42": 30.412470746975046,
        "4,43": 46.67124443165591,
        "4,44": 27.339738308146078,
        "4,45": 25.999927333746246,
        "4,46": 38.45417505687802,
        "4,47": 65.21116770321542,
        "4,48": 52.87251669903103,
        "4,49": 55.86552915892444,
        "4,50": 48.1592663429851,
        "5,0": 119.17864956683964,
        "5,1": 60.22246897358555,
        "5,2": 97.37695530263281,
        "5,3": 50.46389080565787,
        "5,4": 30.11967432995907,
        "5,5": 0.0,
        "5,6": 105.46935252520969,
        "5,7": 79.77822260930212,
        "5,8": 89.93406749183751,
        "5,9": 48.48218224721433,
        "5,10": 73.90750753598368,
        "5,11": 69.09879026908506,
        "5,12": 93.05505868242116,
        "5,13": 67.73104345990355,
        "5,14": 50.168766980165636,
        "5,15": 43.07116540930977,
        "5,16": 78.35910904980062,
        "5,17": 6.030207033606526,
        "5,18": 95.57378375815496,
        "5,19": 69.52788273168562,
        "5,20": 63.52548690082958,
        "5,21": 18.61836338979105,
        "5,22": 10.882565641545346,
        "5,23": 71.41586164154664,
        "5,24": 5.30425790206333,
        "5,25": 88.21542562713837,
        "5,26": 94.60361228987527,
        "5,27": 73.04849596323051,
        "5,28": 12.576792145089165,
        "5,29": 83.84808212469719,
        "5,30": 56.86900484323994,
        "5,31": 73.13149009983493,
        "5,32": 61.945477537110776,
        "5,33": 102.56525737252032,
        "5,34": 85.8481991469612,
        "5,35": 38.98815274518394,
        "5,36": 35.41029177276301,
        "5,37": 81.00136444972172,
        "5,38": 41.151053958906395,
        "5,39": 13.92918106778174,
        "5,40": 72.54326369022247,
        "5,41": 31.5520147440514,
        "5,42": 50.48865078404256,
        "5,43": 75.12509217672557,
        "5,44": 3.691931206851646,
        "5,45": 22.63100872962592,
        "5,46": 12.027982714319151,
        "5,47": 61.83637845351708,
        "5,48": 50.661282502062676,
        "5,49": 85.3945226383557,
        "5,50": 67.28393081434217,
        "6,0": 13.711153619051741,
        "6,1": 76.37999166389574,
        "6,2": 10.137678703950083,
        "6,3": 88.18774589936268,
        "6,4": 81.64870342929972,
        "6,5": 105.46935252520969,
        "6,6": 0.0,
        "6,7": 33.18038549620961,
        "6,8": 91.43962195648075,
        "6,9": 63.069470693061774,
        "6,10": 48.73172780003334,
        "6,11": 60.32805013171747,
        "6,12": 12.649807428346108,
        "6,13": 72.1775285605809,
        "6,14": 73.75989854594903,
        "6,15": 86.3596487377376,
        "6,16": 29.08239482701844,
        "6,17": 108.01204148656157,
        "6,18": 15.694627667732066,
        "6,19": 70.48890375385629,
        "6,20": 45.06231981721774,
        "6,21": 90.6262499268024,
        "6,22": 116.33887037731168,
        "6,23": 44.4599940495221,
        "6,24": 109.14581790336801,
        "6,25": 22.998403739243916,
        "6,26": 34.93536133405947,
        "6,27": 32.49711364683467,
        "6,28": 93.02558776803154,
        "6,29": 37.72094250761473,
        "6,30": 63.390557062242124,
        "6,31": 80.93764991866787,
        "6,32": 85.38227480545494,
        "6,33": 12.159818065539541,
        "6,34": 40.13723613513307,
        "6,35": 66.54075258760857,
        "6,36": 88.80795361091846,
        "6,37": 49.35115628376654,
        "6,38": 87.54577697850421,
        "6,39": 112.63899082112698,
        "6,40": 62.74997493266619,
        "6,41": 74.08815919709313,
        "6,42": 55.004318075951815,
        "6,43": 40.64230143070452,
        "6,44": 104.33700536138657,
        "6,45": 107.62053874445134,
        "6,46": 106.92076722513009,
        "6,47": 81.25303135173945,
        "6,48": 78.11798662159828,
        "6,49": 70.27014402123646,
        "6,50": 39.69457105630135,
        "7,0": 45.187860277706434,
        "7,1": 43.20889690469831,
        "7,2": 23.053454021686754,
        "7,3": 55.184932407592356,
        "7,4": 52.295027309475586,
        "7,5": 79.77822260930212,
        "7,6": 33.18038549620961,
        "7,7": 0.0,
        "7,8": 61.509687956926875,
        "7,9": 48.71128933241599,
        "7,10": 16.01116366593174,
        "7,11": 27.442584804378566,
        "7,12": 22.06423463614285,
        "7,13": 39.374080825011696,
        "7,14": 63.18176507829191,
        "7,15": 53.961618659067625,
        "7,16": 9.084643002685619,
        "7,17": 83.51460254419455,
        "7,18": 18.394461101303254,
        "7,19": 69.09972398783759,
        "7,20": 34.51174522268089,
        "7,21": 68.47846984909766,
        "7,22": 90.2848099521235,
        "7,23": 42.56882332206082,
        "7,24": 84.22750210763128,
        "7,25": 33.36635368980979,
        "7,26": 17.383485744640918,
        "7,27": 16.94480025692752,
        "7,28": 67.26558820794843,
        "7,29": 45.356363829351594,
        "7,30": 55.03535255349217,
        "7,31": 80.23038891244325,
        "7,32": 79.81883746057908,
        "7,33": 25.077743656342875,
        "7,34": 49.24878252384994,
        "7,35": 42.078191598576915,
        "7,36": 57.30500870758755,
        "7,37": 54.94373092180452,
        "7,38": 73.91846119636439,
        "7,39": 84.382434211348,
        "7,40": 63.15141532353012,
        "7,41": 50.754144049501015,
        "7,42": 33.33635095581783,
        "7,43": 7.470574833984409,
        "7,44": 77.88685153608624,
        "7,45": 77.56305422183712,
        "7,46": 84.05508189605273,
        "7,47": 75.93045513731597,
        "7,48": 68.09022950954747,
        "7,49": 40.90595766325149,
        "7,50": 28.939438934269567,
        "8,0": 99.97595920246268,
        "8,1": 32.20890322667067,
        "8,2": 81.8850326034716,
        "8,3": 39.49847902805068,
        "8,4": 63.22909072117986,
        "8,5": 89.93406749183751,
        "8,6": 91.43962195648075,
        "8,7": 61.509687956926875,
        "8,8": 0.0,
        "8,9": 91.98575753201789,
        "8,10": 46.21622764911185,
        "8,11": 36.99904418899199,
        "8,12": 82.70457940861816,
        "8,13": 27.89658509201387,
        "8,14": 106.22828931314436,
        "8,15": 46.94360453247139,
        "8,16": 69.88716341861269,
        "8,17": 95.85222178433663,
        "8,18": 75.85791710787738,
        "8,19": 119.81607445592033,
        "8,20": 87.16061963992426,
        "8,21": 91.54632935120557,
        "8,22": 96.13602461250555,
        "8,23": 98.2981160084576,
        "8,24": 95.190059839835,
        "8,25": 94.61866096102129,
        "8,26": 57.164670867628644,
        "8,27": 75.08800735476555,
        "8,28": 81.92488441513666,
        "8,29": 104.73380815974853,
        "8,30": 102.63379098257109,
        "8,31": 129.8459873466815,
        "8,32": 124.83148964286735,
        "8,33": 80.05374631189207,
        "8,34": 108.65151280877379,
        "8,35": 73.13374678896125,
        "8,36": 54.5618701408019,
        "8,37": 112.26022312178412,
        "8,38": 110.24629141653243,
        "8,39": 84.45160509232221,
        "8,40": 116.20325481453882,
        "8,41": 79.09041518962029,
        "8,42": 74.89145767151997,
        "8,43": 55.06274589909566,
        "8,44": 86.3924471702885,
        "8,45": 72.3553560060285,
        "8,46": 100.41672832980642,
        "8,47": 121.87367562555465,
        "8,48": 110.53094583478021,
        "8,49": 21.16960930503815,
        "8,50": 83.81715042688626,
        "9,0": 76.36609026832919,
        "9,1": 60.9472433313729,
        "9,2": 57.3744701778851,
        "9,3": 62.3991940694438,
        "9,4": 39.351492738125835,
        "9,5": 48.48218224721433,
        "9,6": 63.069470693061774,
        "9,7": 48.71128933241599,
        "9,8": 91.98575753201789,
        "9,9": 0.0,
        "9,10": 53.29183670572509,
        "9,11": 56.89731547488766,
        "9,12": 52.111815964987876,
        "9,13": 64.0913787159987,
        "9,14": 15.034536048957618,
        "9,15": 55.49628607833893,
        "9,16": 42.52538885911536,
        "9,17": 49.030885046142295,
        "9,18": 57.958342541697064,
        "9,19": 28.931554855720268,
        "9,20": 18.007929173310956,
        "9,21": 30.536694536056164,
        "9,22": 58.88687855403061,
        "9,23": 23.116532988035868,
        "9,24": 50.631185180725325,
        "9,25": 42.30068468159076,
        "9,26": 66.09473715556015,
        "9,27": 34.321903927427954,
        "9,28": 38.05889498348581,
        "9,29": 35.50925221689821,
        "9,30": 11.55663216206088,
        "9,31": 38.06295891773001,
        "9,32": 33.30084544078894,
        "9,33": 64.13206111237344,
        "9,34": 37.371696512042575,
        "9,35": 20.61587619561625,
        "9,36": 52.01549703620531,
        "9,37": 32.98072324178116,
        "9,38": 25.54948335558699,
        "9,39": 59.77154895192878,
        "9,40": 27.95089742583759,
        "9,41": 20.42082223972086,
        "9,42": 17.73622199308943,
        "9,43": 48.51364659180527,
        "9,44": 48.8125783945437,
        "9,45": 60.44833637627801,
        "9,46": 46.185820121812014,
        "9,47": 30.032069567864635,
        "9,48": 19.862449482858437,
        "9,49": 76.99359927046099,
        "9,50": 23.634484861726794,
        "10,0": 59.93966490625922,
        "10,1": 28.044091379778283,
        "10,2": 38.61439468599495,
        "10,3": 41.114696098172416,
        "10,4": 44.29473324356292,
        "10,5": 73.90750753598368,
        "10,6": 48.73172780003334,
        "10,7": 16.01116366593174,
        "10,8": 46.21622764911185,
        "10,9": 53.29183670572509,
        "10,10": 0.0,
        "10,11": 11.599570707166203,
        "10,12": 38.0535866783047,
        "10,13": 23.465831687881693,
        "10,14": 68.3255719020479,
        "10,15": 41.375409516546625,
        "10,16": 23.755920821274017,
        "10,17": 78.47529907211909,
        "10,18": 33.31740307743939,
        "10,19": 77.94229813206104,
        "10,20": 43.41010759241578,
        "10,21": 66.03321267281864,
        "10,22": 83.73268573104407,
        "10,23": 53.587126015399306,
        "10,24": 78.82156698043595,
        "10,25": 48.456801802257786,
        "10,26": 22.014346284269593,
        "10,27": 29.089888496297814,
        "10,28": 61.94777285184793,
        "10,29": 58.798287252229564,
        "10,30": 62.00103334621028,
        "10,31": 88.74969231785784,
        "10,32": 86.29715671481547,
        "10,33": 39.299863342579485,
        "10,34": 62.729169816354606,
        "10,35": 40.374207606422026,
        "10,36": 46.12954591004836,
        "10,37": 67.10369304346922,
        "10,38": 76.6596434951518,
        "10,39": 76.04202578350149,
        "10,40": 73.05206979769517,
        "10,41": 48.882981618917036,
        "10,42": 35.74664227759778,
        "10,43": 8.929406463789915,
        "10,44": 71.4360335153447,
        "10,45": 67.56371643555475,
        "10,46": 80.25556506172647,
        "10,47": 82.72423740070543,
        "10,48": 73.14260566174788,
        "10,49": 26.49498184194872,
        "10,50": 39.033279570757756,
        "11,0": 71.46938960331198,
        "11,1": 16.777516948807595,
        "11,2": 50.20642036411363,
        "11,3": 30.53321180967759,
        "11,4": 38.98011046168562,
        "11,5": 69.09879026908506,
        "11,6": 60.32805013171747,
        "11,7": 27.442584804378566,
        "11,8": 36.99904418899199,
        "11,9": 56.89731547488766,
        "11,10": 11.599570707166203,
        "11,11": 0.0,
        "11,12": 49.502891566352,
        "11,13": 11.933382370840182,
        "11,14": 71.72007000544968,
        "11,15": 32.100175823910455,
        "11,16": 34.50792129184639,
        "11,17": 74.18626347036326,
        "11,18": 44.90748410905637,
        "11,19": 83.63940881482638,
        "11,20": 50.26666207979322,
        "11,21": 64.06250624748505,
        "11,22": 78.19513030499934,
        "11,23": 61.307523261272806,
        "11,24": 74.24802564069563,
        "11,25": 58.88064348190632,
        "11,26": 31.903582444410993,
        "11,27": 38.52841158226212,
        "11,28": 57.93559737065401,
        "11,29": 67.95578605570618,
        "11,30": 66.83576181383704,
        "11,31": 94.03484580324606,
        "11,32": 90.18828017896824,
        "11,33": 50.799750694515296,
        "11,34": 71.85423577336185,
        "11,35": 40.490746236124075,
        "11,36": 37.93007547352694,
        "11,37": 75.26198684464542,
        "11,38": 78.12999781168696,
        "11,39": 69.29785637305775,
        "11,40": 79.56937582702481,
        "11,41": 48.188562723405134,
        "11,42": 39.2443260280606,
        "11,43": 20.07937641958334,
        "11,44": 66.24657568959934,
        "11,45": 59.71147442278301,
        "11,46": 76.8554739505228,
        "11,47": 86.90527721456012,
        "11,48": 76.33402058297065,
        "11,49": 20.122228736488683,
        "11,50": 46.818235386773054,
        "12,0": 26.230945343301315,
        "12,1": 65.00382590622155,
        "12,2": 5.500022684325251,
        "12,3": 76.26256882866689,
        "12,4": 69.00120771139343,
        "12,5": 93.05505868242116,
        "12,6": 12.649807428346108,
        "12,7": 22.06423463614285,
        "12,8": 82.70457940861816,
        "12,9": 52.111815964987876,
        "12,10": 38.0535866783047,
        "12,11": 49.502891566352,
        "12,12": 0.0,
        "12,13": 61.435792841564954,
        "12,14": 63.93819493189003,
        "12,15": 74.08534402303866,
        "12,16": 16.63612165847339,
        "12,17": 95.74737611775375,
        "12,18": 9.474069572281268,
        "12,19": 63.33002102287682,
        "12,20": 34.247847858890076,
        "12,21": 78.61497726086914,
        "12,22": 103.90952376137983,
        "12,23": 36.038839153223144,
        "12,24": 96.83106524434363,
        "12,25": 17.192504030650284,
        "12,26": 28.957468989722283,
        "12,27": 20.006678095894824,
        "12,28": 80.569537400011,
        "12,29": 32.499437682167695,
        "12,30": 53.89972088239416,
        "12,31": 74.24516084169338,
        "12,32": 77.19716485580187,
        "12,33": 12.888198050139449,
        "12,34": 35.774735479605305,
        "12,35": 54.07949267986114,
        "12,36": 76.30830997481037,
        "12,37": 44.008325281118495,
        "12,38": 77.1929696699133,
        "12,39": 100.02585759216728,
        "12,40": 55.983369270037855,
        "12,41": 61.79991833520361,
        "12,42": 42.686118369740576,
        "12,43": 29.453965411078148,
        "12,44": 91.84419392233791,
        "12,45": 94.97738275400759,
        "12,46": 94.88409448925142,
        "12,47": 73.06796154744137,
        "12,48": 68.52620502795706,
        "12,49": 61.68317880327673,
        "12,50": 28.478437650098712,
        "13,0": 83.0801394048757,
        "13,1": 8.10174288070199,
        "13,2": 62.07103171054228,
        "13,3": 22.192074821495673,
        "13,4": 38.473980376628944,
        "13,5": 67.73104345990355,
        "13,6": 72.1775285605809,
        "13,7": 39.374080825011696,
        "13,8": 27.89658509201387,
        "13,9": 64.0913787159987,
        "13,10": 23.465831687881693,
        "13,11": 11.933382370840182,
        "13,12": 61.435792841564954,
        "13,13": 0.0,
        "13,14": 78.3979857444138,
        "13,15": 26.359282565050123,
        "13,16": 46.32138629819031,
        "13,17": 73.28695191307315,
        "13,18": 56.67810811832019,
        "13,19": 91.99584511511654,
        "13,20": 59.949388919857654,
        "13,21": 65.96882869377811,
        "13,22": 75.74093400714132,
        "13,23": 71.3671728117857,
        "13,24": 73.02038043875018,
        "13,25": 70.4856174773043,
        "13,26": 42.30785017784464,
        "13,27": 49.823203308111026,
        "13,28": 57.859316755394765,
        "13,29": 78.84768617070344,
        "13,30": 74.76165802883345,
        "13,31": 101.96086401384805,
        "13,32": 97.00325326276786,
        "13,33": 62.39130410799915,
        "13,34": 82.70434961252438,
        "13,35": 45.5202021590512,
        "13,36": 33.50714277515808,
        "13,37": 85.47560841702597,
        "13,38": 83.00640940085859,
        "13,39": 65.54594240115092,
        "13,40": 88.59075738782995,
        "13,41": 52.01582176598866,
        "13,42": 47.04285982601675,
        "13,43": 32.00881328989044,
        "13,44": 64.51034483886448,
        "13,45": 54.734372217216304,
        "13,46": 76.8882746500647,
        "13,47": 94.00355742183449,
        "13,48": 82.75677489104864,
        "13,49": 17.726741826466817,
        "13,50": 57.13340799976359,
        "14,0": 86.42703019624464,
        "14,1": 74.68351334199173,
        "14,2": 69.38220526088007,
        "14,3": 74.54317195366826,
        "14,4": 49.70288994361425,
        "14,5": 50.168766980165636,
        "14,6": 73.75989854594903,
        "14,7": 63.18176507829191,
        "14,8": 106.22828931314436,
        "14,9": 15.034536048957618,
        "14,10": 68.3255719020479,
        "14,11": 71.72007000544968,
        "14,12": 63.93819493189003,
        "14,13": 78.3979857444138,
        "14,14": 0.0,
        "14,15": 67.13143534397257,
        "14,16": 56.392164490169975,
        "14,17": 48.87842431726813,
        "14,18": 70.77638619276938,
        "14,19": 19.49934440835432,
        "14,20": 30.110708555038908,
        "14,21": 31.67401397216969,
        "14,22": 59.29431212323581,
        "14,23": 29.90487415106439,
        "14,24": 50.78231072871906,
        "14,25": 51.44040132351604,
        "14,26": 80.52590385459254,
        "14,27": 47.88294519739959,
        "14,28": 42.60313110925599,
        "14,29": 40.696812985172954,
        "14,30": 10.542247667152811,
        "14,31": 25.62225257951127,
        "14,32": 18.60540998086993,
        "14,33": 76.49112448938244,
        "14,34": 41.16671927434499,
        "14,35": 33.423192026882795,
        "14,36": 62.53132412510511,
        "14,37": 33.76508429943855,
        "14,38": 14.514094356327726,
        "14,39": 63.22479136649956,
        "14,40": 22.701711111959813,
        "14,41": 29.905587204905785,
        "14,42": 32.72293766081636,
        "14,43": 63.40108315019293,
        "14,44": 51.57118910128247,
        "14,45": 66.66723199770058,
        "14,46": 44.278602043962835,
        "14,47": 15.82609827549575,
        "14,48": 4.910395760299116,
        "14,49": 91.83924374006584,
        "14,50": 36.166508360056845,
        "15,0": 99.01378435850818,
        "15,1": 18.29256263967599,
        "15,2": 76.47299171229811,
        "15,3": 8.014551407349025,
        "15,4": 18.083752582372703,
        "15,5": 43.07116540930977,
        "15,6": 86.3596487377376,
        "15,7": 53.961618659067625,
        "15,8": 46.94360453247139,
        "15,9": 55.49628607833893,
        "15,10": 41.375409516546625,
        "15,11": 32.100175823910455,
        "15,12": 74.08534402303866,
        "15,13": 26.359282565050123,
        "15,14": 67.13143534397257,
        "15,15": 0.0,
        "15,16": 57.45645207670465,
        "15,17": 48.94492460049502,
        "15,18": 72.32904576473902,
        "15,19": 84.33389782798305,
        "15,20": 59.184122512078666,
        "15,21": 45.88063391348696,
        "15,22": 50.04182678806692,
        "15,23": 70.75980109811952,
        "15,24": 48.35425507975143,
        "15,25": 77.62203413472537,
        "15,26": 63.285134078751476,
        "15,27": 56.938174516233914,
        "15,28": 35.268643848026606,
        "15,29": 81.19972603717198,
        "15,30": 67.0527112514448,
        "15,31": 92.58803432598607,
        "15,32": 84.96787107133265,
        "15,33": 79.02606638065636,
        "15,34": 84.6152087676312,
        "15,35": 34.917625397954914,
        "15,36": 7.667380348499246,
        "15,37": 84.44892264455119,
        "15,38": 67.34500621946137,
        "15,39": 39.31923693482034,
        "15,40": 83.15321515228143,
        "15,41": 37.326537880496865,
        "15,42": 42.875004943062905,
        "15,43": 46.95522886321427,
        "15,44": 39.58965856626494,
        "15,45": 28.386301354114938,
        "15,46": 53.49351477472713,
        "15,47": 82.81964635994356,
        "15,48": 70.56339032129358,
        "15,49": 43.89577202418569,
        "15,50": 58.996006213931096,
        "16,0": 42.27472491912679,
        "16,1": 49.08693681924477,
        "16,2": 19.628074255663357,
        "16,3": 59.80195324193499,
        "16,4": 52.87838376559666,
        "16,5": 78.35910904980062,
        "16,6": 29.08239482701844,
        "16,7": 9.084643002685619,
        "16,8": 69.88716341861269,
        "16,9": 42.52538885911536,
        "16,10": 23.755920821274017,
        "16,11": 34.50792129184639,
        "16,12": 16.63612165847339,
        "16,13": 46.32138629819031,
        "16,14": 56.392164490169975,
        "16,15": 57.45645207670465,
        "16,16": 0.0,
        "16,17": 81.55048159839906,
        "16,18": 17.22136309288568,
        "16,19": 60.81689416340154,
        "16,20": 26.785170037891127,
        "16,21": 65.35613395768655,
        "16,22": 89.10816036744622,
        "16,23": 33.860475097568184,
        "16,24": 82.46368357431675,
        "16,25": 24.731549465388706,
        "16,26": 24.800263927576093,
        "16,27": 8.664062607382021,
        "16,28": 65.78555455304844,
        "16,29": 36.27397520638613,
        "16,30": 47.60616883595353,
        "16,31": 71.9821317519494,
        "16,32": 72.28418297300784,
        "16,33": 24.207005196761088,
        "16,34": 40.16971947036634,
        "16,35": 39.57131147550805,
        "16,36": 59.726780300722424,
        "16,37": 45.930159059604186,
        "16,38": 68.04992447487679,
        "16,39": 84.39042619663968,
        "16,40": 54.59029099402552,
        "16,41": 47.87998579982548,
        "16,42": 29.187848361014247,
        "16,43": 14.840877178260007,
        "16,44": 76.84455574226406,
        "16,45": 78.75689530140902,
        "16,46": 81.38188341559334,
        "16,47": 68.30911062121564,
        "16,48": 61.2642685126124,
        "16,49": 49.593039871126884,
        "16,50": 20.896095158239206,
        "17,0": 121.71626958638326,
        "17,1": 65.88351588417251,
        "17,2": 100.25099524794393,
        "17,3": 56.40967090161473,
        "17,4": 35.273460145984565,
        "17,5": 6.030207033606526,
        "17,6": 108.01204148656157,
        "17,7": 83.51460254419455,
        "17,8": 95.85222178433663,
        "17,9": 49.030885046142295,
        "17,10": 78.47529907211909,
        "17,11": 74.18626347036326,
        "17,12": 95.74737611775375,
        "17,13": 73.28695191307315,
        "17,14": 48.87842431726813,
        "17,15": 48.94492460049502,
        "17,16": 81.55048159839906,
        "17,17": 0.0,
        "17,18": 98.76399260671796,
        "17,19": 67.90623755775627,
        "17,20": 65.03849862118966,
        "17,21": 18.49553063574508,
        "17,22": 10.430525799411898,
        "17,23": 72.14051046297304,
        "17,24": 2.03800966243426,
        "17,25": 89.90709718057457,
        "17,26": 98.78483112439142,
        "17,27": 75.78646981914855,
        "17,28": 16.53249757601625,
        "17,29": 84.53988405973061,
        "17,30": 56.45185813957089,
        "17,31": 70.64612156423584,
        "17,32": 59.10527044984107,
        "17,33": 105.70688222461155,
        "17,34": 86.29646965017592,
        "17,35": 41.980994361579704,
        "17,36": 41.29798548259706,
        "17,37": 80.8734919517143,
        "17,38": 38.47997395018515,
        "17,39": 18.31765544454057,
        "17,40": 71.52318207516998,
        "17,41": 33.94746211568991,
        "17,42": 53.06141684969416,
        "17,43": 79.20711736783765,
