{
    "num_robots": 7,
    "num_tasks": 50,
    "num_nodes": 51,
    "robot_capacity": [
        110,
        110,
        88,
        105,
        102,
        116,
        114
    ],
    "robot_speed": [
        1.13,
        0.92,
        0.98,
        0.9,
        0.93,
        1.02,
        1.17
    ],
    "task_demand": {
        "0": 0,
        "1": 11,
        "2": 13,
        "3": 5,
        "4": 9,
        "5": 12,
        "6": 8,
        "7": 11,
        "8": 5,
        "9": 12,
        "10": 8,
        "11": 10,
        "12": 11,
        "13": 12,
        "14": 9,
        "15": 15,
        "16": 12,
        "17": 13,
        "18": 5,
        "19": 8,
        "20": 15,
        "21": 12,
        "22": 11,
        "23": 12,
        "24": 14,
        "25": 12,
        "26": 13,
        "27": 6,
        "28": 5,
        "29": 15,
        "30": 10,
        "31": 15,
        "32": 10,
        "33": 14,
        "34": 15,
        "35": 6,
        "36": 6,
        "37": 9,
        "38": 7,
        "39": 8,
        "40": 5,
        "41": 7,
        "42": 11,
        "43": 12,
        "44": 10,
        "45": 15,
        "46": 7,
        "47": 8,
        "48": 11,
        "49": 12,
        "50": 8
    },
    "task_service_time": {
        "0": 0,
        "1": 60,
        "2": 87,
        "3": 64,
        "4": 54,
        "5": 36,
        "6": 30,
        "7": 13,
        "8": 74,
        "9": 71,
        "10": 57,
        "11": 54,
        "12": 56,
        "13": 74,
        "14": 79,
        "15": 13,
        "16": 20,
        "17": 93,
        "18": 66,
        "19": 58,
        "20": 89,
        "21": 22,
        "22": 80,
        "23": 98,
        "24": 78,
        "25": 35,
        "26": 72,
        "27": 49,
        "28": 97,
        "29": 70,
        "30": 35,
        "31": 93,
        "32": 97,
        "33": 66,
        "34": 63,
        "35": 17,
        "36": 94,
        "37": 60,
        "38": 22,
        "39": 56,
        "40": 23,
        "41": 41,
        "42": 41,
        "43": 39,
        "44": 32,
        "45": 18,
        "46": 13,
        "47": 10,
        "48": 24,
        "49": 41,
        "50": 44
    },
    "task_precedence": [],
    "coordinates": {
        "0": [
            0,
            100
        ],
        "1": [
            52.21627519409794,
            32.75092418104267
        ],
        "2": [
            16.10540355161031,
            44.919857577502576
        ],
        "3": [
            20.000517709585573,
            37.61896126860923
        ],
        "4": [
            62.444471074798315,
            50.66231410699944
        ],
        "5": [
            74.8348826301909,
            91.35195664199793
        ],
        "6": [
            86.9642887215895,
            95.82181092285545
        ],
        "7": [
            13.779406158702123,
            50.119096395131656
        ],
        "8": [
            71.44269930479096,
            85.98111984168952
        ],
        "9": [
            48.50382187233999,
            0.49442873985088287
        ],
        "10": [
            48.01628404802268,
            83.48340822089632
        ],
        "11": [
            62.54588723230975,
            72.96729097594681
        ],
        "12": [
            39.390051899300985,
            31.950193780624936
        ],
        "13": [
            55.8083805527739,
            40.37844287623766
        ],
        "14": [
            66.96460114596734,
            73.48352728021669
        ],
        "15": [
            50.25027788972059,
            98.69134220239279
        ],
        "16": [
            22.35266147452588,
            49.243558738074164
        ],
        "17": [
            31.076958872091065,
            83.27641108986411
        ],
        "18": [
            96.29858623694399,
            87.7901071706329
        ],
        "19": [
            68.94280626686987,
            45.22109362011268
        ],
        "20": [
            2.3859447441817783,
            57.20506450488351
        ],
        "21": [
            53.38729707187986,
            20.113815053726302
        ],
        "22": [
            83.60110322825275,
            81.95818383631466
        ],
        "23": [
            68.65097032288952,
            88.76600090196429
        ],
        "24": [
            23.247143458159325,
            29.35663061636418
        ],
        "25": [
            63.299357605927455,
            29.713952519740662
        ],
        "26": [
            13.753448953582936,
            93.91338926436987
        ],
        "27": [
            63.3742384578724,
            68.57701257823236
        ],
        "28": [
            38.22315512068625,
            74.52124657611206
        ],
        "29": [
            27.953336011602413,
            6.244153036890221
        ],
        "30": [
            38.9760310534493,
            50.83334077154805
        ],
        "31": [
            53.889673506813885,
            0.9745325796912119
        ],
        "32": [
            98.80780820021468,
            87.97497069614957
        ],
        "33": [
            4.145139337267434,
            67.52312281052035
        ],
        "34": [
            43.904101263528304,
            44.07955798626849
        ],
        "35": [
            8.878381242129995,
            5.370451492180961
        ],
        "36": [
            98.16953964398749,
            37.236875787140335
        ],
        "37": [
            34.95358504178739,
            7.577035032976442
        ],
        "38": [
            99.07901464309886,
            73.83828638119189
        ],
        "39": [
            63.98631177778851,
            85.12142391313479
        ],
        "40": [
            69.30731810828436,
            68.56670633717646
        ],
        "41": [
            75.31355168842461,
            18.626808215471378
        ],
        "42": [
            8.738959791260935,
            10.167168120702975
        ],
        "43": [
            2.0572826163655966,
            70.7016667372946
        ],
        "44": [
            34.687755980115966,
            97.50939818815876
        ],
        "45": [
            83.39619545242812,
            55.58567739517104
        ],
        "46": [
            19.223389342692975,
            23.452000365138836
        ],
        "47": [
            73.83722712919007,
            91.33092949931458
        ],
        "48": [
            71.41775998281781,
            58.395217177029544
        ],
        "49": [
            89.7086501044441,
            10.6606314587109
        ],
        "50": [
            43.78441918152111,
            51.174095589801425
        ]
    },
    "distance_matrix_str_keys": {
        "0,0": 0.0,
        "0,1": 85.14092784113666,
        "0,2": 57.38646280128113,
        "0,3": 65.50889025055089,
        "0,4": 79.58341043890812,
        "0,5": 75.33291652522377,
        "0,6": 87.06460116957034,
        "0,7": 51.74916983415913,
        "0,8": 72.80513913761754,
        "0,9": 110.69769395986665,
        "0,10": 50.777567269198244,
        "0,11": 68.13776755116017,
        "0,12": 78.62793597140981,
        "0,13": 81.66581545411327,
        "0,14": 72.02347625696432,
        "0,15": 50.26731555618801,
        "0,16": 55.46041655604546,
        "0,17": 35.29101583651085,
        "0,18": 97.0695585347887,
        "0,19": 88.0558863457044,
        "0,20": 42.86139564168985,
        "0,21": 96.08332859508667,
        "0,22": 85.5257364274941,
        "0,23": 69.56406013171546,
        "0,24": 74.37012381889016,
        "0,25": 94.58825055851469,
        "0,26": 15.040086049152096,
        "0,27": 70.73682378099713,
        "0,28": 45.93665707705911,
        "0,29": 97.83428761915532,
        "0,30": 62.741464569821474,
        "0,31": 112.7392571754916,
        "0,32": 99.53684891078717,
        "0,33": 32.74033799620745,
        "0,34": 71.09617389683679,
        "0,35": 95.04513193359395,
        "0,36": 116.51810277751386,
        "0,37": 98.8117278493253,
        "0,38": 102.47480862202147,
        "0,39": 65.69337958498554,
        "0,40": 76.1022752212851,
        "0,41": 110.8770824342284,
        "0,42": 90.25689503681878,
        "0,43": 29.37047401279301,
        "0,44": 34.77705439397101,
        "0,45": 94.48575272698744,
        "0,46": 78.92486899526324,
        "0,47": 74.34439382679406,
        "0,48": 82.65261275186593,
        "0,49": 126.6063374200433,
        "0,50": 65.5823475070617,
        "1,0": 85.14092784113666,
        "1,1": 0.0,
        "1,2": 38.10614111646172,
        "1,3": 32.5814796377764,
        "1,4": 20.626048580705945,
        "1,5": 62.814667139434974,
        "1,6": 72.00945214695993,
        "1,7": 42.178742362740294,
        "1,8": 56.5960167693362,
        "1,9": 32.469428818718974,
        "1,10": 50.906039548182456,
        "1,11": 41.52176589503677,
        "1,12": 12.851193453611426,
        "1,13": 8.431029732682578,
        "1,14": 43.32041174339673,
        "1,15": 65.96971937359757,
        "1,16": 34.11513475018972,
        "1,17": 54.769476188250636,
        "1,18": 70.51639391687456,
        "1,19": 20.86341217460654,
        "1,20": 55.50735817642504,
        "1,21": 12.691249715215069,
        "1,22": 58.36404572607033,
        "1,23": 58.37626250478066,
        "1,24": 29.167307423507292,
        "1,25": 11.49164533993963,
        "1,26": 72.25120163344876,
        "1,27": 37.523442726367605,
        "1,28": 44.05186990783652,
        "1,29": 35.934650885488644,
        "1,30": 22.411556274756222,
        "1,31": 31.82042308196797,
        "1,32": 72.25279414225277,
        "1,33": 59.329081402746375,
        "1,34": 14.050984995542011,
        "1,35": 51.262689520327754,
        "1,36": 46.17170427235422,
        "1,37": 30.524173471755237,
        "1,38": 62.32405379330839,
        "1,39": 53.676838611923436,
        "1,40": 39.68468217524481,
        "1,41": 27.07350796007568,
        "1,42": 48.99288716161457,
        "1,43": 62.898198678371706,
        "1,44": 67.08881383334531,
        "1,45": 38.647294622857814,
        "1,46": 34.278280308933546,
        "1,47": 62.44263435881232,
        "1,48": 32.03633532967624,
        "1,49": 43.516194789713154,
        "1,50": 20.261032564342177,
        "2,0": 57.38646280128113,
        "2,1": 38.10614111646172,
        "2,2": 0.0,
        "2,3": 8.274962309090705,
        "2,4": 46.69352188378746,
        "2,5": 74.86715926477073,
        "2,6": 87.24672178314081,
        "2,7": 5.695818479775906,
        "2,8": 68.90750002723455,
        "2,9": 54.98432719506757,
        "2,10": 50.05448763379669,
        "2,11": 54.252898952382964,
        "2,12": 26.653086644508036,
        "2,13": 39.96186720166852,
        "2,14": 58.33130554708681,
        "2,15": 63.69650698688388,
        "2,16": 7.597540607417606,
        "2,17": 41.174903352174,
        "2,18": 90.93296899024352,
        "2,19": 52.8382614101551,
        "2,20": 18.416021807580943,
        "2,21": 44.780345355391276,
        "2,22": 76.99030514872453,
        "2,23": 68.43625407446116,
        "2,24": 17.123623516554545,
        "2,25": 49.58315084690229,
        "2,26": 49.049952472792995,
        "2,27": 52.858336486537446,
        "2,28": 36.9518222164802,
        "2,29": 40.44976669017113,
        "2,30": 23.622762027631996,
        "2,31": 57.95552299143684,
        "2,32": 93.23856766553735,
        "2,33": 25.572554023230467,
        "2,34": 27.81139510850944,
        "2,35": 40.204295456622546,
        "2,36": 82.42299825764191,
        "2,37": 41.82989769385796,
        "2,38": 87.86862729117622,
        "2,39": 62.51997527512256,
        "2,40": 58.22041883015388,
        "2,41": 64.78371130573761,
        "2,42": 35.5248352305136,
        "2,43": 29.36071159497325,
        "2,44": 55.7760127959775,
        "2,45": 68.13083286605365,
        "2,46": 21.693103251582777,
        "2,47": 74.07395662798363,
        "2,48": 56.93015097739954,
        "2,49": 81.18578987344853,
        "2,50": 28.37681094406717,
        "3,0": 65.50889025055089,
        "3,1": 32.5814796377764,
        "3,2": 8.274962309090705,
        "3,3": 0.0,
        "3,4": 44.40290790629704,
        "3,5": 76.77266680298871,
        "3,6": 88.72270473798059,
        "3,7": 13.962650432846024,
        "3,8": 70.60592347049823,
        "3,9": 46.80458592566898,
        "3,10": 53.74412207645653,
        "3,11": 55.313767553148935,
        "3,12": 20.20121186778087,
        "3,13": 35.914033192325064,
        "3,14": 59.09223492321455,
        "3,15": 68.15338365684312,
        "3,16": 11.860179029763339,
        "3,17": 46.981807894192976,
        "3,18": 91.31560185492744,
        "3,19": 49.529183574073336,
        "3,20": 26.341765710284644,
        "3,21": 37.697575256121574,
        "3,22": 77.53064643239998,
        "3,23": 70.58956157064107,
        "3,24": 8.877313025816441,
        "3,25": 44.014528279748,
        "3,26": 56.63999021373594,
        "3,27": 53.288653505597466,
        "3,28": 41.156326064564915,
        "3,29": 32.36704976549511,
        "3,30": 23.12336334339881,
        "3,31": 49.91281433245386,
        "3,32": 93.52174463696093,
        "3,33": 33.84747997789628,
        "3,34": 24.761272517149656,
        "3,35": 34.1125827577024,
        "3,36": 78.16995573425993,
        "3,37": 33.55758564897902,
        "3,38": 86.97843519444709,
        "3,39": 64.73974078651307,
        "3,40": 58.21446117921345,
        "3,41": 58.48276331995621,
        "3,42": 29.67193343520461,
        "3,43": 37.63542329691996,
        "3,44": 61.66505819692278,
        "3,45": 65.89244907306752,
        "3,46": 14.188259573995957,
        "3,47": 76.04845042699576,
        "3,48": 55.45615937437816,
        "3,49": 74.73938231025446,
        "3,50": 27.37545681248625,
        "4,0": 79.58341043890812,
        "4,1": 20.626048580705945,
        "4,2": 46.69352188378746,
        "4,3": 44.40290790629704,
        "4,4": 0.0,
        "4,5": 42.53433093558619,
        "4,6": 51.386784391448366,
        "4,7": 48.668096621609756,
        "4,8": 36.44703211242053,
        "4,9": 52.06878548993975,
        "4,10": 35.85243087592379,
        "4,11": 22.305207426995196,
        "4,12": 29.69258645905164,
        "4,13": 12.239105559941544,
        "4,14": 23.264551286403766,
        "4,15": 49.55285952619768,
        "4,16": 40.11690496313681,
        "4,17": 45.25041595162072,
        "4,18": 50.24514037384919,
        "4,19": 8.475567276320314,
        "4,20": 60.41385741511935,
        "4,21": 31.862881152321613,
        "4,22": 37.776110786988795,
        "4,23": 38.60584904240982,
        "4,24": 44.61348048840459,
        "4,25": 20.965797961719584,
        "4,26": 65.12657781180577,
        "4,27": 17.938809567577874,
        "4,28": 33.99883534938513,
        "4,29": 56.23710012792078,
        "4,30": 23.469063192970506,
        "4,31": 50.41884761212522,
        "4,32": 52.10111926471957,
        "4,33": 60.68854052602848,
        "4,34": 19.674297722756794,
        "4,35": 70.14755020013945,
        "4,36": 38.16441953382246,
        "4,37": 51.108610700804995,
        "4,38": 43.34991895392479,
        "4,39": 34.49358667034629,
        "4,40": 19.17461682894997,
        "4,41": 34.52371465480129,
        "4,42": 67.26171861228067,
        "4,43": 63.62537374157881,
        "4,44": 54.45258965149938,
        "4,45": 21.522412979577425,
        "4,46": 51.07311504131913,
        "4,47": 42.234241658196396,
        "4,48": 11.84557739062418,
        "4,49": 48.40940066614092,
        "4,50": 18.667068782911183,
        "5,0": 75.33291652522377,
        "5,1": 62.814667139434974,
        "5,2": 74.86715926477073,
        "5,3": 76.77266680298871,
        "5,4": 42.53433093558619,
        "5,5": 0.0,
        "5,6": 12.926797338171491,
        "5,7": 73.67441870349657,
        "5,8": 6.35238503624178,
        "5,9": 94.59606301069334,
        "5,10": 27.949083780451478,
        "5,11": 22.11369122380122,
        "5,12": 69.17301104173673,
        "5,13": 54.40870230882285,
        "5,14": 19.524909692438484,
        "5,15": 25.65676072011601,
        "5,16": 67.28670530994444,
        "5,17": 44.496857502348035,
        "5,18": 21.757236593262682,
        "5,19": 46.50562425142948,
        "5,20": 80.0928139313043,
        "5,21": 74.39671863215277,
        "5,22": 12.848719434195704,
        "5,23": 6.702830634426507,
        "5,24": 80.65181511848436,
        "5,25": 62.70814851166324,
        "5,26": 61.13511656215935,
        "5,27": 25.495969131455837,
        "5,28": 40.295054194679174,
        "5,29": 97.16592843088812,
        "5,30": 54.107443743535484,
        "5,31": 92.77273611013104,
        "5,32": 24.209609547953416,
        "5,33": 74.59794319274218,
        "5,34": 56.49241462903221,
        "5,35": 108.36548944743102,
        "5,36": 58.93172485070585,
        "5,37": 92.78337883442538,
        "5,38": 29.90830291179274,
        "5,39": 12.510436747972854,
        "5,40": 23.446142561138004,
        "5,41": 72.72672368344134,
        "5,42": 104.68830356432933,
        "5,43": 75.65060169569465,
        "5,44": 40.61657130595275,
        "5,45": 36.77666119160633,
        "5,46": 87.76697697918507,
        "5,47": 0.9978770662795362,
        "5,48": 33.13341822615039,
        "5,49": 82.05070943455105,
        "5,50": 50.77786721699512,
        "6,0": 87.06460116957034,
        "6,1": 72.00945214695993,
        "6,2": 87.24672178314081,
        "6,3": 88.72270473798059,
        "6,4": 51.386784391448366,
        "6,5": 12.926797338171491,
        "6,6": 0.0,
        "6,7": 86.28305251291374,
        "6,8": 18.378219146005712,
        "6,9": 102.79356645299761,
        "6,10": 40.85563913694038,
        "6,11": 33.44528985216459,
        "6,12": 79.64227197655066,
        "6,13": 63.597623180244625,
        "6,14": 29.98310222811305,
        "6,15": 36.82597997510494,
        "6,16": 79.650461091588,
        "6,17": 57.27809960775809,
        "6,18": 12.31411284943495,
        "6,19": 53.71411752433301,
        "6,20": 92.97714436285214,
        "6,21": 82.81977424966061,
        "6,22": 14.265734213746523,
        "6,23": 19.625546764945714,
        "6,24": 92.07331205998543,
        "6,25": 70.2159377018872,
        "6,26": 73.23570940984533,
        "6,27": 36.038444864947714,
        "6,28": 53.192218850042856,
        "6,29": 107.2681188987453,
        "6,30": 65.77868439379807,
        "6,31": 100.44867535568171,
        "6,32": 14.207105799001559,
        "6,33": 87.52043906209491,
        "6,34": 67.31597494560346,
        "6,35": 119.49417295311005,
        "6,36": 59.64689659227752,
        "6,37": 102.43170294944409,
        "6,38": 25.1006361558271,
        "6,39": 25.347301761482395,
        "6,40": 32.4747492248273,
        "6,41": 78.0692520548839,
        "6,42": 115.99965482630725,
        "6,43": 88.5450243077266,
        "6,44": 52.303764933782425,
        "6,45": 40.39403088124636,
        "6,46": 99.12728649984108,
        "6,47": 13.873995891989901,
        "6,48": 40.52708323134726,
        "6,49": 85.20538719543465,
        "6,50": 62.112153544686834,
        "7,0": 51.74916983415913,
        "7,1": 42.178742362740294,
        "7,2": 5.695818479775906,
        "7,3": 13.962650432846024,
        "7,4": 48.668096621609756,
        "7,5": 73.67441870349657,
        "7,6": 86.28305251291374,
        "7,7": 0.0,
        "7,8": 67.90537609153816,
        "7,9": 60.56725754523322,
        "7,10": 47.80524146173835,
        "7,11": 53.85359479092665,
        "7,12": 31.400863005113152,
        "7,13": 43.14296025532651,
        "7,14": 58.09097689329502,
        "7,15": 60.740328839918206,
        "7,16": 8.617846186793196,
        "7,17": 37.39803267068991,
        "7,18": 90.71119078500315,
        "7,19": 55.38042201606895,
        "7,20": 13.417224267954388,
        "7,21": 49.69005867341148,
        "7,22": 76.7384966673142,
        "7,23": 67.11536174218817,
        "7,24": 22.819247024957324,
        "7,25": 53.55927079330861,
        "7,26": 43.7943005617524,
        "7,27": 52.91825829149325,
        "7,28": 34.539279042441265,
        "7,29": 46.10760178282788,
        "7,30": 25.2067461429641,
        "7,31": 63.43517714444327,
        "7,32": 93.07468169608512,
        "7,33": 19.892692946259054,
        "7,34": 30.72414814687092,
        "7,35": 45.016233359569696,
        "7,36": 85.3677119141496,
        "7,37": 47.52023607174394,
        "7,38": 88.53599935159815,
        "7,39": 61.203727856409266,
        "7,40": 58.512078394587796,
        "7,41": 69.12463584615716,
        "7,42": 40.26863137018869,
        "7,43": 23.686502110524593,
        "7,44": 51.79768137946721,
        "7,45": 69.83108805823544,
        "7,46": 27.21710792094623,
        "7,47": 72.83788195389957,
        "7,48": 58.22949430272011,
        "7,49": 85.56997453143678,
        "7,50": 30.023554583031817,
        "8,0": 72.80513913761754,
        "8,1": 56.5960167693362,
        "8,2": 68.90750002723455,
        "8,3": 70.60592347049823,
        "8,4": 36.44703211242053,
        "8,5": 6.35238503624178,
        "8,6": 18.378219146005712,
        "8,7": 67.90537609153816,
        "8,8": 0.0,
        "8,9": 88.51082675809883,
        "8,10": 23.5591913087693,
        "8,11": 15.76429531567731,
        "8,12": 62.82287144597015,
        "8,13": 48.20825727253606,
        "8,14": 13.27566130001216,
        "8,15": 24.711707304280996,
        "8,16": 61.314600300570575,
        "8,17": 40.456253535297904,
        "8,18": 24.921628163911226,
        "8,19": 40.83661595657355,
        "8,20": 74.81241014157436,
        "8,21": 68.29714042200196,
        "8,22": 12.806670139790144,
        "8,23": 3.9432617499052225,
        "8,24": 74.35821665017777,
        "8,25": 56.85339156515325,
        "8,26": 58.23204018646733,
        "8,27": 19.18340454862432,
        "8,28": 35.1406717503064,
        "8,29": 90.82570448323867,
        "8,30": 47.848207081416874,
        "8,31": 86.79993428912364,
        "8,32": 27.43764979163174,
        "8,33": 69.78294370392435,
        "8,34": 50.14095399971874,
        "8,35": 102.04103952038251,
        "8,36": 55.59069457172087,
        "8,37": 86.47922279016159,
        "8,38": 30.18632687041888,
        "8,39": 7.505783905922909,
        "8,40": 17.54484683776296,
        "8,41": 67.46544888176159,
        "8,42": 98.38452228136653,
        "8,43": 71.04785525401749,
        "8,44": 38.52047585938863,
        "8,45": 32.66142972484814,
        "8,46": 81.46623297680098,
        "8,47": 5.8612478939761505,
        "8,48": 27.58591393798427,
        "8,49": 77.50368332450896,
        "8,50": 44.45795088225266,
        "9,0": 110.69769395986665,
        "9,1": 32.469428818718974,
        "9,2": 54.98432719506757,
        "9,3": 46.80458592566898,
        "9,4": 52.06878548993975,
        "9,5": 94.59606301069334,
        "9,6": 102.79356645299761,
        "9,7": 60.56725754523322,
        "9,8": 88.51082675809883,
        "9,9": 0.0,
        "9,10": 82.99041154516297,
        "9,11": 73.82069737049225,
        "9,12": 32.749442093291464,
        "9,13": 40.54739401179073,
        "9,14": 75.28750810808403,
        "9,15": 98.21244280736829,
        "9,16": 55.320528429651446,
        "9,17": 84.59640746407229,
        "9,18": 99.52323835847847,
        "9,19": 49.17546781059719,
        "9,20": 73.0955183282949,
        "9,21": 20.21802783056753,
        "9,22": 88.70266373110071,
        "9,23": 90.54158184314915,
        "9,24": 38.35265964281939,
        "9,25": 32.751922807178936,
        "9,26": 99.6729181045399,
        "9,27": 69.68764245931641,
        "9,28": 74.73728565998069,
        "9,29": 21.339676628391995,
        "9,30": 51.23265425901223,
        "9,31": 5.40720792328116,
        "9,32": 100.91251786296256,
        "9,33": 80.3774753588762,
        "9,34": 43.82717103699547,
        "9,35": 39.92431769009381,
        "9,36": 61.77937306897677,
        "9,37": 15.289611835082207,
        "9,38": 89.0908052355164,
        "9,39": 86.03159771695125,
        "9,40": 71.18019691547856,
        "9,41": 32.36579673450601,
        "9,42": 40.92439545622056,
        "9,43": 84.18038534056775,
        "9,44": 97.99381599771685,
        "9,45": 65.21137487014629,
        "9,46": 37.20744312706044,
        "9,47": 94.30297605129886,
        "9,48": 62.2699756012296,
        "9,49": 42.44042350587657,
        "9,50": 50.89893313007734,
        "10,0": 50.777567269198244,
        "10,1": 50.906039548182456,
        "10,2": 50.05448763379669,
        "10,3": 53.74412207645653,
        "10,4": 35.85243087592379,
        "10,5": 27.949083780451478,
        "10,6": 40.85563913694038,
        "10,7": 47.80524146173835,
        "10,8": 23.5591913087693,
        "10,9": 82.99041154516297,
        "10,10": 0.0,
        "10,11": 17.935944095652435,
        "10,12": 52.25020642667965,
        "10,13": 43.80359352043597,
        "10,14": 21.425133364159706,
        "10,15": 15.371141287175107,
        "10,16": 42.79005510864892,
        "10,17": 16.940589872498723,
        "10,18": 48.47399674573964,
        "10,19": 43.611054226941654,
        "10,20": 52.65623622554653,
        "10,21": 63.596801170146016,
        "10,22": 35.61749100530514,
        "10,23": 21.30014232572756,
        "10,24": 59.52493913823767,
        "10,25": 55.899254948298456,
        "10,26": 35.81516959719708,
        "10,27": 21.402509075121394,
        "10,28": 13.275003409968516,
        "10,29": 79.8024086434245,
        "10,30": 33.878504669670484,
        "10,31": 82.71765992404819,
        "10,32": 50.98973484116,
        "10,33": 46.6841305864497,
        "10,34": 39.61784270459551,
        "10,35": 87.36938505532508,
        "10,36": 68.22089715784027,
        "10,37": 77.02215003407308,
        "10,38": 51.96566973616401,
        "10,39": 16.053812042549545,
        "10,40": 25.996463729572813,
        "10,41": 70.36703336716293,
        "10,42": 83.17439066924388,
        "10,43": 47.70327795810979,
        "10,44": 19.34885151678837,
        "10,45": 45.0557600780211,
        "10,46": 66.5792814218996,
        "10,47": 26.987120850807948,
        "10,48": 34.308109912677395,
        "10,49": 83.91311103002757,
        "10,50": 32.58527831616846,
        "11,0": 68.13776755116017,
        "11,1": 41.52176589503677,
        "11,2": 54.252898952382964,
        "11,3": 55.313767553148935,
        "11,4": 22.305207426995196,
        "11,5": 22.11369122380122,
        "11,6": 33.44528985216459,
        "11,7": 53.85359479092665,
        "11,8": 15.76429531567731,
        "11,9": 73.82069737049225,
        "11,10": 17.935944095652435,
        "11,11": 0.0,
        "11,12": 47.10196357159539,
        "11,13": 33.27802603404695,
        "11,14": 4.4487675341151895,
        "11,15": 28.51155591346047,
        "11,16": 46.67237799930981,
        "11,17": 33.114519620005815,
        "11,18": 36.864082384332924,
        "11,19": 28.47405908618605,
        "11,20": 62.19056571136778,
        "11,21": 53.64111940281882,
        "11,22": 22.894503162602756,
        "11,23": 16.93727471789149,
        "11,24": 58.70503350842412,
        "11,25": 43.25990066113238,
        "11,26": 53.098409267054755,
        "11,27": 4.467741058110836,
        "11,28": 24.372321911978062,
        "11,29": 75.15731325953338,
        "11,30": 32.333417263613974,
        "11,31": 72.51129082813996,
        "11,32": 39.24483867805763,
        "11,33": 58.65395401602293,
        "11,34": 34.380478492726155,
        "11,35": 86.31068246399158,
        "11,36": 50.45500154308318,
        "11,37": 70.97338030881915,
        "11,38": 36.5435087451781,
        "11,39": 12.239189937494043,
        "11,40": 8.067347312070083,
        "11,41": 55.8202590669863,
        "11,42": 82.69849376669451,
        "11,43": 60.531019664092796,
        "11,44": 37.12668182426436,
        "11,45": 27.145088755525265,
        "11,46": 65.79211827923325,
        "11,47": 21.557309119734725,
        "11,48": 17.060347619620728,
        "11,49": 67.97010745205986,
        "11,50": 28.7564957628615,
        "12,0": 78.62793597140981,
        "12,1": 12.851193453611426,
        "12,2": 26.653086644508036,
        "12,3": 20.20121186778087,
        "12,4": 29.69258645905164,
        "12,5": 69.17301104173673,
        "12,6": 79.64227197655066,
        "12,7": 31.400863005113152,
        "12,8": 62.82287144597015,
        "12,9": 32.749442093291464,
        "12,10": 52.25020642667965,
        "12,11": 47.10196357159539,
        "12,12": 0.0,
        "12,13": 18.455267502562688,
        "12,14": 49.853521016525384,
        "12,15": 67.61897219878037,
        "12,16": 24.276184709252632,
        "12,17": 51.995077641583435,
        "12,18": 79.72877277283455,
        "12,19": 32.3957107231741,
        "12,20": 44.80080849322429,
        "12,21": 18.330922884237474,
        "12,22": 66.74890357916878,
        "12,23": 63.90803772485225,
        "12,24": 16.34992546851798,
        "12,25": 24.013655997157166,
        "12,26": 67.05723678435601,
        "12,27": 43.780875506425474,
        "12,28": 42.58704244495142,
        "12,29": 28.13536921766775,
        "12,30": 18.8876852351369,
        "12,31": 34.20132473451995,
        "12,32": 81.66544797078548,
        "12,33": 50.0763131757058,
        "12,34": 12.942106385586087,
        "12,35": 40.46535241922114,
        "12,36": 59.01675343634013,
        "12,37": 24.773637308959916,
        "12,38": 72.92039889594793,
        "12,39": 58.5846030439263,
        "12,40": 47.284371722835374,
        "12,41": 38.31462436220545,
        "12,42": 37.6030537897705,
        "12,43": 53.80903565986278,
        "12,44": 65.72762637932688,
        "12,45": 49.951744274969116,
        "12,46": 21.884093995390963,
        "12,47": 68.64895961201123,
        "12,48": 41.53448383595679,
        "12,49": 54.637045941277734,
        "12,50": 19.719758228231548,
        "13,0": 81.66581545411327,
        "13,1": 8.431029732682578,
        "13,2": 39.96186720166852,
        "13,3": 35.914033192325064,
        "13,4": 12.239105559941544,
        "13,5": 54.40870230882285,
        "13,6": 63.597623180244625,
        "13,7": 43.14296025532651,
        "13,8": 48.20825727253606,
        "13,9": 40.54739401179073,
        "13,10": 43.80359352043597,
        "13,11": 33.27802603404695,
        "13,12": 18.455267502562688,
        "13,13": 0.0,
        "13,14": 34.93433656617181,
        "13,15": 58.577186114009805,
        "13,16": 34.61033687045582,
        "13,17": 49.51645075331081,
        "13,18": 62.34839747347827,
        "13,19": 13.998728694644333,
        "13,20": 56.00974775123307,
        "13,21": 20.40874288157797,
        "13,22": 50.0131012038164,
        "13,23": 50.06283934912741,
        "13,24": 34.37607462500047,
        "13,25": 13.032501362926869,
        "13,26": 68.07795352823717,
        "13,27": 29.19591647950779,
        "13,28": 38.40535376722234,
        "13,29": 44.057385864656396,
        "13,30": 19.814966052677928,
        "13,31": 39.45059674309751,
        "13,32": 64.14343488245031,
        "13,33": 58.36029593504692,
        "13,34": 12.466359470754085,
        "13,35": 58.54899056382804,
        "13,36": 42.47749101967309,
        "13,37": 38.86971639084882,
        "13,38": 54.69834459976664,
        "13,39": 45.48420507373087,
        "13,40": 31.253791963070142,
        "13,41": 29.2161823557848,
        "13,42": 55.930774115675845,
        "13,43": 61.714491286059626,
        "13,44": 60.90998963381858,
        "13,45": 31.501547781837992,
        "13,46": 40.31086749157393,
        "13,47": 54.04808231520139,
        "13,48": 23.838139239394355,
        "13,49": 45.08188761713047,
        "13,50": 16.15926250078437,
        "14,0": 72.02347625696432,
        "14,1": 43.32041174339673,
        "14,2": 58.33130554708681,
        "14,3": 59.09223492321455,
        "14,4": 23.264551286403766,
        "14,5": 19.524909692438484,
        "14,6": 29.98310222811305,
        "14,7": 58.09097689329502,
        "14,8": 13.27566130001216,
        "14,9": 75.28750810808403,
        "14,10": 21.425133364159706,
        "14,11": 4.4487675341151895,
        "14,12": 49.853521016525384,
        "14,13": 34.93433656617181,
        "14,14": 0.0,
        "14,15": 30.245702753697007,
        "14,16": 50.77205172309261,
        "14,17": 37.199777435986974,
        "14,18": 32.63680299107898,
        "14,19": 28.33158046936572,
        "14,20": 66.59873281818346,
        "14,21": 55.06967740107645,
        "14,22": 18.670645550641826,
        "14,23": 15.375234664885097,
        "14,24": 62.11601336102955,
        "14,25": 43.92276954975294,
        "14,26": 56.998298030139836,
        "14,27": 6.0798512114074565,
        "14,28": 28.76017352105546,
        "14,29": 77.7368140331068,
        "14,30": 36.0054302113066,
        "14,31": 73.67840962758311,
        "14,32": 34.98559371765545,
        "14,33": 63.10159430138894,
        "14,34": 37.36816914256597,
        "14,35": 89.5175962368497,
        "14,36": 47.828526332365236,
        "14,37": 73.26916726944293,
        "14,38": 32.11637290050774,
        "14,39": 12.012944917841482,
        "14,40": 5.44641634025962,
        "14,41": 55.48841862685212,
        "14,42": 86.01852503027142,
        "14,43": 64.96690501157839,
        "14,44": 40.23726142203815,
        "14,45": 24.296714221469188,
        "14,46": 69.154732230696,
        "14,47": 19.12492493777501,
        "14,48": 15.73174260519663,
        "14,49": 66.81323224051772,
        "14,50": 32.171906661777804,
        "15,0": 50.26731555618801,
        "15,1": 65.96971937359757,
        "15,2": 63.69650698688388,
        "15,3": 68.15338365684312,
        "15,4": 49.55285952619768,
        "15,5": 25.65676072011601,
        "15,6": 36.82597997510494,
        "15,7": 60.740328839918206,
        "15,8": 24.711707304280996,
        "15,9": 98.21244280736829,
        "15,10": 15.371141287175107,
        "15,11": 28.51155591346047,
        "15,12": 67.61897219878037,
        "15,13": 58.577186114009805,
        "15,14": 30.245702753697007,
        "15,15": 0.0,
        "15,16": 56.77464479134576,
        "15,17": 24.60155001937477,
        "15,18": 47.321069587009895,
        "15,19": 56.643429456392894,
        "15,20": 63.3411842694939,
        "15,21": 78.64012119871545,
        "15,22": 37.3132166888025,
        "15,23": 20.90688599361636,
        "15,24": 74.40746938209054,
        "15,25": 70.20084592704255,
        "15,26": 36.808251203658905,
        "15,27": 32.849827848970385,
        "15,28": 26.997133267904186,
        "15,29": 95.09803574058927,
        "15,30": 49.168047985250645,
        "15,31": 97.78455953419753,
        "15,32": 49.72599288213734,
        "15,33": 55.65196942607508,
        "15,34": 54.97927730553897,
        "15,35": 102.08047058652413,
        "15,36": 77.92885915665221,
        "15,37": 92.38942462775037,
        "15,38": 54.789779307663224,
        "15,39": 19.308581236105592,
        "15,40": 35.64638085281359,
        "15,41": 83.89575255072033,
        "15,42": 97.77381514043945,
        "15,43": 55.731380083927014,
        "15,44": 15.60734057550189,
        "15,45": 54.376007480747965,
        "15,46": 81.3856644195575,
        "15,47": 24.708699876459402,
        "15,48": 45.51746906651662,
        "15,49": 96.46952457576151,
        "15,50": 47.955146277289415,
        "16,0": 55.46041655604546,
        "16,1": 34.11513475018972,
        "16,2": 7.597540607417606,
        "16,3": 11.860179029763339,
        "16,4": 40.11690496313681,
        "16,5": 67.28670530994444,
        "16,6": 79.650461091588,
        "16,7": 8.617846186793196,
        "16,8": 61.314600300570575,
        "16,9": 55.320528429651446,
        "16,10": 42.79005510864892,
        "16,11": 46.67237799930981,
        "16,12": 24.276184709252632,
        "16,13": 34.61033687045582,
        "16,14": 50.77205172309261,
        "16,15": 56.77464479134576,
        "16,16": 0.0,
        "16,17": 35.13329481104636,
        "16,18": 83.38966473750088,
        "16,19": 46.7634666956674,
        "16,20": 21.49547280393575,
        "16,21": 42.56395862436146,
        "16,22": 69.43787376193269,
        "16,23": 60.87328508316688,
        "16,24": 19.907034137136158,
        "16,25": 45.36559757261561,
        "16,26": 45.49000126652363,
        "16,27": 45.34922508257614,
        "16,28": 29.84684356862725,
        "16,29": 43.362615764334,
        "16,30": 16.699216241232186,
        "16,31": 57.6583212919292,
        "16,32": 85.70596089603539,
        "16,33": 25.800316375142025,
        "16,34": 22.16148597778692,
        "16,35": 45.895596381251885,
        "16,36": 76.76170562752776,
        "16,37": 43.53024778720467,
        "16,38": 80.5719175543671,
        "16,39": 54.959822116653434,
        "16,40": 50.775228337555035,
        "16,41": 61.17386128741533,
        "16,42": 41.37991272589039,
        "16,43": 29.535619206349264,
        "16,44": 49.817123705440686,
        "16,45": 61.372106934437255,
        "16,46": 25.98070105635328,
        "16,47": 66.49817499934522,
        "16,48": 49.91128874124264,
        "16,49": 77.62391050287472,
        "16,50": 21.51853180277935,
        "17,0": 35.29101583651085,
        "17,1": 54.769476188250636,
        "17,2": 41.174903352174,
        "17,3": 46.981807894192976,
        "17,4": 45.25041595162072,
        "17,5": 44.496857502348035,
        "17,6": 57.27809960775809,
        "17,7": 37.39803267068991,
        "17,8": 40.456253535297904,
        "17,9": 84.59640746407229,
        "17,10": 16.940589872498723,
        "17,11": 33.114519620005815,
        "17,12": 51.995077641583435,
        "17,13": 49.51645075331081,
        "17,14": 37.199777435986974,
        "17,15": 24.60155001937477,
        "17,16": 35.13329481104636,
        "17,17": 0.0,
        "17,18": 65.37762712449327,
        "17,19": 53.68453768682603,
        "17,20": 38.76711756685129,
        "17,21": 66.98704896182012,
        "17,22": 52.54068388819194,
        "17,23": 37.97291051275695,
        "17,24": 54.48530752163071,
        "17,25": 62.50775910427866,
        "17,26": 20.328534147389018,
        "17,27": 35.48501916648616,
        "17,28": 11.301372769991222,
        "17,29": 77.09556278097027,
        "17,30": 33.39083935760687,
        "17,31": 85.40503003517156,
        "17,32": 67.89362571760915,
        "17,33": 31.200785167498868,
        "17,34": 41.24231898372181,
        "17,35": 81.00688482857026,
        "17,36": 81.36985440274668,
        "17,37": 75.7985736400209,
        "17,38": 68.65389855718102,
        "17,39": 32.961031248881916,
        "17,40": 40.962614433647076,
        "17,41": 78.335479163753,
        "17,42": 76.44571675678765,
