{
    "num_robots": 2,
    "num_tasks": 30,
    "num_nodes": 31,
    "robot_capacity": [
        187,
        250
    ],
    "robot_speed": [
        1.14,
        0.97
    ],
    "task_demand": {
        "0": 0,
        "1": 10,
        "2": 9,
        "3": 11,
        "4": 5,
        "5": 10,
        "6": 9,
        "7": 9,
        "8": 8,
        "9": 9,
        "10": 5,
        "11": 15,
        "12": 7,
        "13": 14,
        "14": 10,
        "15": 14,
        "16": 10,
        "17": 6,
        "18": 11,
        "19": 11,
        "20": 9,
        "21": 11,
        "22": 10,
        "23": 12,
        "24": 11,
        "25": 9,
        "26": 11,
        "27": 11,
        "28": 12,
        "29": 14,
        "30": 10
    },
    "task_service_time": {
        "0": 0,
        "1": 29,
        "2": 54,
        "3": 43,
        "4": 98,
        "5": 88,
        "6": 24,
        "7": 32,
        "8": 25,
        "9": 96,
        "10": 51,
        "11": 48,
        "12": 91,
        "13": 92,
        "14": 58,
        "15": 30,
        "16": 86,
        "17": 43,
        "18": 19,
        "19": 40,
        "20": 98,
        "21": 56,
        "22": 76,
        "23": 78,
        "24": 26,
        "25": 20,
        "26": 52,
        "27": 25,
        "28": 20,
        "29": 50,
        "30": 78
    },
    "task_precedence": [],
    "coordinates": {
        "0": [
            100,
            0
        ],
        "1": [
            24.957121127553005,
            94.32270144083186
        ],
        "2": [
            14.74196082831546,
            63.36151959957187
        ],
        "3": [
            67.26198795422937,
            83.62579507435834
        ],
        "4": [
            88.09948529523804,
            18.956634147775276
        ],
        "5": [
            31.713395983082314,
            70.28878643329439
        ],
        "6": [
            24.563986259675552,
            48.39588870590593
        ],
        "7": [
            89.69575308840918,
            32.89599555070999
        ],
        "8": [
            75.55062479380013,
            95.88093229112175
        ],
        "9": [
            46.355127148551524,
            23.433724125019285
        ],
        "10": [
            72.94609501606256,
            85.68802419020966
        ],
        "11": [
            42.927651507636476,
            70.87674311257464
        ],
        "12": [
            94.13017354680824,
            94.95775859423316
        ],
        "13": [
            7.799176304187294,
            54.88147997755607
        ],
        "14": [
            13.86238311074205,
            93.48501193039142
        ],
        "15": [
            51.85127130460033,
            12.672892857943163
        ],
        "16": [
            59.430873168507425,
            16.6025329873536
        ],
        "17": [
            0.43057085571198694,
            65.23108907497455
        ],
        "18": [
            98.45865987653009,
            40.51590806911327
        ],
        "19": [
            1.3214368033436785,
            95.38701358953662
        ],
        "20": [
            93.05270496745898,
            45.065400799617784
        ],
        "21": [
            48.50928047871669,
            52.90767452208838
        ],
        "22": [
            91.10220488906603,
            94.61509382164421
        ],
        "23": [
            7.765396334451779,
            24.091434590041814
        ],
        "24": [
            24.223473905266278,
            85.21340809655386
        ],
        "25": [
            33.5676569527297,
            59.11357009283796
        ],
        "26": [
            31.441523057821364,
            77.23193186615276
        ],
        "27": [
            82.76706465344337,
            5.92953975621302
        ],
        "28": [
            39.89201959240521,
            34.47341267483489
        ],
        "29": [
            39.74626560688448,
            78.14442649813952
        ],
        "30": [
            96.12242362354192,
            1.739608767854084
        ]
    },
    "distance_matrix_str_keys": {
        "0,0": 0.0,
        "0,1": 120.53300658558658,
        "0,2": 106.22436353947914,
        "0,3": 89.80562919175834,
        "0,4": 22.38249826205411,
        "0,5": 97.9978254168356,
        "0,6": 89.62563368068788,
        "0,7": 34.472076057112666,
        "0,8": 98.94910370987812,
        "0,9": 58.539830966749335,
        "0,10": 89.85739404468545,
        "0,11": 90.99871250012104,
        "0,12": 95.13900766684111,
        "0,13": 107.29850294721369,
        "0,14": 127.1185922632327,
        "0,15": 49.788575882145,
        "0,16": 43.834896526236896,
        "0,17": 119.03430682801768,
        "0,18": 40.54521594517726,
        "0,19": 137.24482211029652,
        "0,20": 45.59775496117501,
        "0,21": 73.82761150243658,
        "0,22": 95.0325561937313,
        "0,23": 95.32900573250004,
        "0,24": 114.03248145338105,
        "0,25": 88.9250829174259,
        "0,26": 103.2716614585497,
        "0,27": 18.224530237542794,
        "0,28": 69.29203049506678,
        "0,29": 98.67656206536202,
        "0,30": 4.249922025221236,
        "1,0": 120.53300658558658,
        "1,1": 0.0,
        "1,2": 32.60282627237532,
        "1,3": 43.63628722790155,
        "1,4": 98.32091462098025,
        "1,5": 24.965502608859943,
        "1,6": 45.92849532712013,
        "1,7": 89.24309869493955,
        "1,8": 50.617493977965324,
        "1,9": 74.04810440893459,
        "1,10": 48.759606910786964,
        "1,11": 29.540699451297307,
        "1,12": 69.17596749294597,
        "1,13": 43.011684704006065,
        "1,14": 11.12631724235707,
        "1,15": 85.96503100312323,
        "1,16": 85.02272733933114,
        "1,17": 38.0509340001326,
        "1,18": 91.09142227133243,
        "1,19": 23.65963511602736,
        "1,20": 84.04338287430255,
        "1,21": 47.64355848152879,
        "1,22": 66.14573001427931,
        "1,23": 72.30481481083132,
        "1,24": 9.138788950341096,
        "1,25": 36.2467137472756,
        "1,26": 18.279547944302255,
        "1,27": 105.61884587075264,
        "1,28": 61.68458930682068,
        "1,29": 21.919292291310125,
        "1,30": 116.77383837246593,
        "2,0": 106.22436353947914,
        "2,1": 32.60282627237532,
        "2,2": 0.0,
        "2,3": 56.2938194638165,
        "2,4": 85.7503367218014,
        "2,5": 18.33075658553264,
        "2,6": 17.900901977825942,
        "2,7": 80.90870861496349,
        "2,8": 68.95800037030199,
        "2,9": 50.92760681839084,
        "2,10": 62.33934587225825,
        "2,11": 29.1703915558354,
        "2,12": 85.44478121713703,
        "2,13": 10.959622664098955,
        "2,14": 30.136331016999996,
        "2,15": 62.820679755773604,
        "2,16": 64.67999470586689,
        "2,17": 14.432989051866306,
        "2,18": 86.77792153382083,
        "2,19": 34.723806392820954,
        "2,20": 80.41965313757848,
        "2,21": 35.348475968228094,
        "2,22": 82.50862242621663,
        "2,23": 39.884985004293995,
        "2,24": 23.82024603384531,
        "2,25": 19.299013176340033,
        "2,26": 21.70860923924096,
        "2,27": 89.02722650485867,
        "2,28": 38.30206492517348,
        "2,29": 29.047368105067427,
        "2,30": 102.07859530438992,
        "3,0": 89.80562919175834,
        "3,1": 43.63628722790155,
        "3,2": 56.2938194638165,
        "3,3": 0.0,
        "3,4": 67.94337105549621,
        "3,5": 37.96812071492234,
        "3,6": 55.35580955453587,
        "3,7": 55.46878741963893,
        "3,8": 14.79492780854267,
        "3,9": 63.71955927278731,
        "3,10": 6.046640556263193,
        "3,11": 27.471771989084353,
        "3,12": 29.1601233579873,
        "3,13": 66.04590539702393,
        "3,14": 54.30213581853739,
        "3,15": 72.60719331159501,
        "3,16": 67.47921175866297,
        "3,17": 69.31669005513584,
        "3,18": 53.2136702044941,
        "3,19": 66.98121040295065,
        "3,20": 46.39035557828734,
        "3,21": 35.98981755894213,
        "3,22": 26.251107223451957,
        "3,23": 84.1675976409398,
        "3,24": 43.06778618237811,
        "3,25": 41.667218711875805,
        "3,26": 36.38663480070729,
        "3,27": 79.22824934271193,
        "3,28": 56.25897140613431,
        "3,29": 28.056378557549692,
        "3,30": 86.82322416753512,
        "4,0": 22.38249826205411,
        "4,1": 98.32091462098025,
        "4,2": 85.7503367218014,
        "4,3": 67.94337105549621,
        "4,4": 0.0,
        "4,5": 76.25208801194974,
        "4,6": 70.02449104874935,
        "4,7": 14.030462116022463,
        "4,8": 77.94114154110784,
        "4,9": 41.98375604615637,
        "4,10": 68.43028316431638,
        "4,11": 68.81999914742329,
        "4,12": 76.24001651307275,
        "4,13": 87.9700754345007,
        "4,14": 105.1932813237597,
        "4,15": 36.788835563369005,
        "4,16": 28.76510235591774,
        "4,17": 99.13205202059693,
        "4,18": 23.918921171762157,
        "4,19": 115.63750516883864,
        "4,20": 26.574462952271304,
        "4,21": 52.15417011047485,
        "4,22": 75.71802193125234,
        "4,23": 80.4980249741658,
        "4,24": 92.03317296057628,
        "4,25": 67.72222535381323,
        "4,26": 81.27813364652307,
        "4,27": 14.07621746733513,
        "4,28": 50.643165040779415,
        "4,29": 76.4279308730782,
        "4,30": 18.994565074057842,
        "5,0": 97.9978254168356,
        "5,1": 24.965502608859943,
        "5,2": 18.33075658553264,
        "5,3": 37.96812071492234,
        "5,4": 76.25208801194974,
        "5,5": 0.0,
        "5,6": 23.030697564230092,
        "5,7": 68.99401818620464,
        "5,8": 50.76081716650687,
        "5,9": 49.089481107811835,
        "5,10": 44.01445209290166,
        "5,11": 11.229658054754108,
        "5,12": 67.11491867622884,
        "5,13": 28.44775905183896,
        "5,14": 29.26984007268629,
        "5,15": 61.03380387089767,
        "5,16": 60.41913894277501,
        "5,17": 31.689043067249408,
        "5,18": 73.08457113710325,
        "5,19": 39.41563381666258,
        "5,20": 66.32292220270452,
        "5,21": 24.170328654376192,
        "5,22": 64.17787667431772,
        "5,23": 52.035584021898714,
        "5,24": 16.698600675601234,
        "5,25": 11.32800706212536,
        "5,26": 6.9484662616517054,
        "5,27": 82.14980047172614,
        "5,28": 36.737322733170465,
        "5,29": 11.2355718689083,
        "5,30": 94.06121730127455,
        "6,0": 89.62563368068788,
        "6,1": 45.92849532712013,
        "6,2": 17.900901977825942,
        "6,3": 55.35580955453587,
        "6,4": 70.02449104874935,
        "6,5": 23.030697564230092,
        "6,6": 0.0,
        "6,7": 66.95068138603979,
        "6,8": 69.67400285113037,
        "6,9": 33.13553201326506,
        "6,10": 61.08626536869418,
        "6,11": 29.027797301776168,
        "6,12": 83.71058559803494,
        "6,13": 17.975587528271298,
        "6,14": 46.34170198762774,
        "6,15": 44.952512248778056,
        "6,16": 47.18598595515066,
        "6,17": 29.425256337489294,
        "6,18": 74.31363861215306,
        "6,19": 52.425012380151216,
        "6,20": 68.56964882459158,
        "6,21": 24.366643726363918,
        "6,22": 81.01573587830487,
        "6,23": 29.544866108107072,
        "6,24": 36.819093996787075,
        "6,25": 13.99767052979714,
        "6,26": 29.644862920065385,
        "6,27": 72.04851926048283,
        "6,28": 20.707098895910534,
        "6,29": 33.39875906306456,
        "6,30": 85.42492853737863,
        "7,0": 34.472076057112666,
        "7,1": 89.24309869493955,
        "7,2": 80.90870861496349,
        "7,3": 55.46878741963893,
        "7,4": 14.030462116022463,
        "7,5": 68.99401818620464,
        "7,6": 66.95068138603979,
        "7,7": 0.0,
        "7,8": 64.55375210368969,
        "7,9": 44.361519782262924,
        "7,10": 55.385461390280746,
        "7,11": 60.24775938429214,
        "7,12": 62.21998486718143,
        "7,13": 84.79629009842967,
        "7,14": 97.06559075196036,
        "7,15": 42.90895808578009,
        "7,16": 34.372079932258515,
        "7,17": 94.94119776082232,
        "7,18": 11.612562256686276,
        "7,19": 108.23653317795129,
        "7,20": 12.623927678436713,
        "7,21": 45.79075039003464,
        "7,22": 61.73512126856807,
        "7,23": 82.4020852378194,
        "7,24": 83.80770249164112,
        "7,25": 61.949369574581745,
        "7,26": 73.20676584458322,
        "7,27": 27.842350144077063,
        "7,28": 49.828707738857425,
        "7,29": 67.39712013781666,
        "7,30": 31.81230157549217,
        "8,0": 98.94910370987812,
        "8,1": 50.617493977965324,
        "8,2": 68.95800037030199,
        "8,3": 14.79492780854267,
        "8,4": 77.94114154110784,
        "8,5": 50.76081716650687,
        "8,6": 69.67400285113037,
        "8,7": 64.55375210368969,
        "8,8": 0.0,
        "8,9": 78.10873865206312,
        "8,10": 10.520406404543555,
        "8,11": 41.1031368937496,
        "8,12": 18.602469769899702,
        "8,13": 79.19099609458772,
        "8,14": 61.73475193375564,
        "8,15": 86.51726522561522,
        "8,16": 80.90062415475442,
        "8,17": 81.13220934274916,
        "8,18": 59.91714260923306,
        "8,19": 74.2308312320851,
        "8,20": 53.745149094306306,
        "8,21": 50.7733708320679,
        "8,22": 15.603012224896831,
        "8,23": 98.73484277325512,
        "8,24": 52.42396866678459,
        "8,25": 55.80688588126148,
        "8,26": 47.889435920727,
        "8,27": 90.24040128023081,
        "8,28": 71.0099964113054,
        "8,29": 39.9566737170421,
        "8,30": 96.3627921025741,
        "9,0": 58.539830966749335,
        "9,1": 74.04810440893459,
        "9,2": 50.92760681839084,
        "9,3": 63.71955927278731,
        "9,4": 41.98375604615637,
        "9,5": 49.089481107811835,
        "9,6": 33.13553201326506,
        "9,7": 44.361519782262924,
        "9,8": 78.10873865206312,
        "9,9": 0.0,
        "9,10": 67.69547583655621,
        "9,11": 47.566665217593346,
        "9,12": 86.01245587186123,
        "9,13": 49.754624847081224,
        "9,14": 77.22021327539625,
        "9,15": 12.083173843926627,
        "9,16": 14.752637267204625,
        "9,17": 62.097379875916964,
        "9,18": 54.83228183319928,
        "9,19": 84.8840923310881,
        "9,20": 51.46448493774407,
        "9,21": 29.552565516021634,
        "9,22": 84.0778707996536,
        "9,23": 38.59533530571382,
        "9,24": 65.62422896235586,
        "9,25": 37.90212134295781,
        "9,26": 55.82707894143485,
        "9,27": 40.40081265614976,
        "9,28": 12.792438491516984,
        "9,29": 55.10842045492749,
        "9,30": 54.290132064304125,
        "10,0": 89.85739404468545,
        "10,1": 48.759606910786964,
        "10,2": 62.33934587225825,
        "10,3": 6.046640556263193,
        "10,4": 68.43028316431638,
        "10,5": 44.01445209290166,
        "10,6": 61.08626536869418,
        "10,7": 55.385461390280746,
        "10,8": 10.520406404543555,
        "10,9": 67.69547583655621,
        "10,10": 0.0,
        "10,11": 33.47358656955178,
        "10,12": 23.12343311703383,
        "10,13": 72.06361206585376,
        "10,14": 59.595956493133464,
        "10,15": 76.00132229695608,
        "10,16": 70.39507309697558,
        "10,17": 75.34578580490965,
        "10,18": 51.878811094871665,
        "10,19": 72.27836508566762,
        "10,20": 45.32629804949281,
        "10,21": 40.88654092848816,
        "10,22": 20.2320759667676,
        "10,23": 89.68089724681863,
        "10,24": 48.72493271768129,
        "10,25": 47.50645213948372,
        "10,26": 42.357230679422315,
        "10,27": 80.36085666433901,
        "10,28": 60.95496972998663,
        "10,29": 34.04606495526806,
        "10,30": 87.08891238065988,
        "11,0": 90.99871250012104,
        "11,1": 29.540699451297307,
        "11,2": 29.1703915558354,
        "11,3": 27.471771989084353,
        "11,4": 68.81999914742329,
        "11,5": 11.229658054754108,
        "11,6": 29.027797301776168,
        "11,7": 60.24775938429214,
        "11,8": 41.1031368937496,
        "11,9": 47.566665217593346,
        "11,10": 33.47358656955178,
        "11,11": 0.0,
        "11,12": 56.58262604191985,
        "11,13": 38.598681491442534,
        "11,14": 36.82286851838374,
        "11,15": 58.883946664131905,
        "11,16": 56.72782571106077,
        "11,17": 42.870447553628885,
        "11,18": 63.28880781783146,
        "11,19": 48.289030440396544,
        "11,20": 56.380372261512264,
        "11,21": 18.816004038594436,
        "11,22": 53.70565042792973,
        "11,23": 58.52562927822935,
        "11,24": 23.566633672288937,
        "11,25": 15.032688966387404,
        "11,26": 13.127054919488145,
        "11,27": 76.1926378570455,
        "11,28": 36.529680098298705,
        "11,29": 7.933500995293276,
        "11,30": 87.2331767498069,
        "12,0": 95.13900766684111,
        "12,1": 69.17596749294597,
        "12,2": 85.44478121713703,
        "12,3": 29.1601233579873,
        "12,4": 76.24001651307275,
        "12,5": 67.11491867622884,
        "12,6": 83.71058559803494,
        "12,7": 62.21998486718143,
        "12,8": 18.602469769899702,
        "12,9": 86.01245587186123,
        "12,10": 23.12343311703383,
        "12,11": 56.58262604191985,
        "12,12": 0.0,
        "12,13": 95.17956289386369,
        "12,14": 80.28130021508181,
        "12,15": 92.51110584165257,
        "12,16": 85.69470710988247,
        "12,17": 98.30203672954345,
        "12,18": 54.61365106368631,
        "12,19": 92.80972942406794,
        "12,20": 49.90399087092536,
        "12,21": 62.04414118032973,
        "12,22": 3.0472960700664737,
        "12,23": 111.71799595771037,
        "12,24": 70.58256882116424,
        "12,25": 70.37488376922259,
        "12,26": 65.14654122303257,
        "12,27": 89.75045399992621,
        "12,28": 81.24120534358752,
        "12,29": 56.92361178800617,
        "12,30": 93.23943649240648,
        "13,0": 107.29850294721369,
        "13,1": 43.011684704006065,
        "13,2": 10.959622664098955,
        "13,3": 66.04590539702393,
        "13,4": 87.9700754345007,
        "13,5": 28.44775905183896,
        "13,6": 17.975587528271298,
        "13,7": 84.79629009842967,
        "13,8": 79.19099609458772,
        "13,9": 49.754624847081224,
        "13,10": 72.06361206585376,
        "13,11": 38.598681491442534,
        "13,12": 95.17956289386369,
        "13,13": 0.0,
        "13,14": 39.07678538483728,
        "13,15": 61.00944107725761,
        "13,16": 64.27371082929456,
        "13,17": 12.704753233521199,
        "13,18": 91.79058567119252,
        "13,19": 41.02023113333317,
        "13,20": 85.81677901183917,
        "13,21": 40.757925485444794,
        "13,22": 92.29384941871389,
        "13,23": 30.79006391762679,
        "13,24": 34.4932372372449,
        "13,25": 26.113697204305847,
        "13,26": 32.5346470649913,
        "13,27": 89.5347794713343,
        "13,28": 38.03208910058073,
        "13,29": 39.51937747148903,
        "13,30": 103.0779049685452,
        "14,0": 127.1185922632327,
        "14,1": 11.12631724235707,
        "14,2": 30.136331016999996,
        "14,3": 54.30213581853739,
        "14,4": 105.1932813237597,
        "14,5": 29.26984007268629,
        "14,6": 46.34170198762774,
        "14,7": 97.06559075196036,
        "14,8": 61.73475193375564,
        "14,9": 77.22021327539625,
        "14,10": 59.595956493133464,
        "14,11": 36.82286851838374,
        "14,12": 80.28130021508181,
        "14,13": 39.07678538483728,
        "14,14": 0.0,
        "14,15": 89.29588016916021,
        "14,16": 89.37227117272624,
        "14,17": 31.284145140537625,
        "14,18": 99.81110161951267,
        "14,19": 12.684358265061736,
        "14,20": 92.82007227871436,
        "14,21": 53.35660979086131,
        "14,22": 77.24808834805033,
        "14,23": 69.66090599354376,
        "14,24": 13.257889441247086,
        "14,25": 39.61936182196835,
        "14,26": 23.941361132014862,
        "14,27": 111.41730496715677,
        "14,28": 64.4973706600969,
        "14,29": 30.088352139629173,
        "14,30": 123.22310362356563,
        "15,0": 49.788575882145,
        "15,1": 85.96503100312323,
        "15,2": 62.820679755773604,
        "15,3": 72.60719331159501,
        "15,4": 36.788835563369005,
        "15,5": 61.03380387089767,
        "15,6": 44.952512248778056,
        "15,7": 42.90895808578009,
        "15,8": 86.51726522561522,
        "15,9": 12.083173843926627,
        "15,10": 76.00132229695608,
        "15,11": 58.883946664131905,
        "15,12": 92.51110584165257,
        "15,13": 61.00944107725761,
        "15,14": 89.29588016916021,
        "15,15": 0.0,
        "15,16": 8.53770671562433,
        "15,17": 73.52858236252266,
        "15,18": 54.290718963228876,
        "15,19": 96.9272404596613,
        "15,20": 52.410234750727795,
        "15,21": 40.373339696410135,
        "15,22": 90.85791152138434,
        "15,23": 45.54061338158775,
        "15,24": 77.62358881307769,
        "15,25": 49.91018989949453,
        "15,26": 67.70839933981917,
        "15,27": 31.642678291241104,
        "15,28": 24.865364783214638,
        "15,29": 66.5811751183553,
        "15,30": 45.601223981835425,
        "16,0": 43.834896526236896,
        "16,1": 85.02272733933114,
        "16,2": 64.67999470586689,
        "16,3": 67.47921175866297,
        "16,4": 28.76510235591774,
        "16,5": 60.41913894277501,
        "16,6": 47.18598595515066,
        "16,7": 34.372079932258515,
        "16,8": 80.90062415475442,
        "16,9": 14.752637267204625,
        "16,10": 70.39507309697558,
        "16,11": 56.72782571106077,
        "16,12": 85.69470710988247,
        "16,13": 64.27371082929456,
        "16,14": 89.37227117272624,
        "16,15": 8.53770671562433,
        "16,16": 0.0,
        "16,17": 76.45764932410721,
        "16,18": 45.771362696863584,
        "16,19": 97.89637878099867,
        "16,20": 44.05181514552396,
        "16,21": 37.912326343009,
        "16,22": 84.19639482114157,
        "16,23": 52.205412973226125,
        "16,24": 77.11687977434998,
        "16,25": 49.76036805338096,
        "16,26": 66.7781979992205,
        "16,27": 25.66107202619504,
        "16,28": 26.478956548036283,
        "16,29": 64.61337656977862,
        "16,30": 39.58757874825041,
        "17,0": 119.03430682801768,
        "17,1": 38.0509340001326,
        "17,2": 14.432989051866306,
        "17,3": 69.31669005513584,
        "17,4": 99.13205202059693,
        "17,5": 31.689043067249408,
        "17,6": 29.425256337489294,
        "17,7": 94.94119776082232,
        "17,8": 81.13220934274916,
        "17,9": 62.097379875916964,
        "17,10": 75.34578580490965,
        "17,11": 42.870447553628885,
        "17,12": 98.30203672954345,
        "17,13": 12.704753233521199,
        "17,14": 31.284145140537625,
        "17,15": 73.52858236252266,
        "17,16": 76.45764932410721,
        "17,17": 0.0,
        "17,18": 101.09572893661692,
        "17,19": 30.1690806201418,
        "17,20": 94.79195488559832,
        "17,21": 49.63294133189662,
        "17,22": 95.31403334887676,
        "17,23": 41.78840552046963,
        "17,24": 31.070811206108868,
        "17,25": 33.69704012963106,
        "17,26": 33.25205834501207,
        "17,27": 101.46906899400115,
        "17,28": 50.03239544469539,
        "17,29": 41.38209923592429,
        "17,30": 114.83944774218267,
        "18,0": 40.54521594517726,
        "18,1": 91.09142227133243,
        "18,2": 86.77792153382083,
        "18,3": 53.2136702044941,
        "18,4": 23.918921171762157,
        "18,5": 73.08457113710325,
        "18,6": 74.31363861215306,
        "18,7": 11.612562256686276,
        "18,8": 59.91714260923306,
        "18,9": 54.83228183319928,
        "18,10": 51.878811094871665,
        "18,11": 63.28880781783146,
        "18,12": 54.61365106368631,
        "18,13": 91.79058567119252,
        "18,14": 99.81110161951267,
        "18,15": 54.290718963228876,
        "18,16": 45.771362696863584,
        "18,17": 101.09572893661692,
        "18,18": 0.0,
        "18,19": 111.56378591372477,
        "18,20": 7.065566685257698,
        "18,21": 51.46354416528058,
        "18,22": 54.597063374044495,
        "18,23": 92.16849451400186,
        "18,24": 86.65292461822149,
        "18,25": 67.5034465283467,
        "18,26": 76.41572502333729,
        "18,27": 37.97950807634018,
        "18,28": 58.87752631318639,
        "18,29": 69.7355765734957,
        "18,30": 38.84661358896822,
        "19,0": 137.24482211029652,
        "19,1": 23.65963511602736,
        "19,2": 34.723806392820954,
        "19,3": 66.98121040295065,
        "19,4": 115.63750516883864,
        "19,5": 39.41563381666258,
        "19,6": 52.425012380151216,
        "19,7": 108.23653317795129,
        "19,8": 74.2308312320851,
        "19,9": 84.8840923310881,
        "19,10": 72.27836508566762,
        "19,11": 48.289030440396544,
        "19,12": 92.80972942406794,
        "19,13": 41.02023113333317,
        "19,14": 12.684358265061736,
        "19,15": 96.9272404596613,
        "19,16": 97.89637878099867,
        "19,17": 30.1690806201418,
        "19,18": 111.56378591372477,
        "19,19": 0.0,
        "19,20": 104.62738777574138,
        "19,21": 63.491628096455955,
        "19,22": 89.78408644180952,
        "19,23": 71.58620117949943,
        "19,24": 25.0600389493849,
        "19,25": 48.534332353817945,
        "19,26": 35.16854543992291,
        "19,27": 120.97946073832827,
        "19,28": 72.0982429264639,
        "19,29": 42.11619971205655,
        "19,30": 133.25563227090814,
        "20,0": 45.59775496117501,
        "20,1": 84.04338287430255,
        "20,2": 80.41965313757848,
        "20,3": 46.39035557828734,
        "20,4": 26.574462952271304,
        "20,5": 66.32292220270452,
        "20,6": 68.56964882459158,
        "20,7": 12.623927678436713,
        "20,8": 53.745149094306306,
        "20,9": 51.46448493774407,
        "20,10": 45.32629804949281,
        "20,11": 56.380372261512264,
        "20,12": 49.90399087092536,
        "20,13": 85.81677901183917,
        "20,14": 92.82007227871436,
        "20,15": 52.410234750727795,
        "20,16": 44.05181514552396,
        "20,17": 94.79195488559832,
        "20,18": 7.065566685257698,
        "20,19": 104.62738777574138,
        "20,20": 0.0,
        "20,21": 45.22850784983338,
        "20,22": 49.588068415021624,
        "20,23": 87.82842519607338,
        "20,24": 79.68265519250438,
        "20,25": 61.1213710399695,
        "20,26": 69.50268669020514,
        "20,27": 40.464923282739456,
        "20,28": 54.205614856590245,
        "20,29": 62.73594199871449,
        "20,30": 43.43440373490976,
        "21,0": 73.82761150243658,
        "21,1": 47.64355848152879,
        "21,2": 35.348475968228094,
        "21,3": 35.98981755894213,
        "21,4": 52.15417011047485,
        "21,5": 24.170328654376192,
        "21,6": 24.366643726363918,
        "21,7": 45.79075039003464,
        "21,8": 50.7733708320679,
        "21,9": 29.552565516021634,
        "21,10": 40.88654092848816,
        "21,11": 18.816004038594436,
        "21,12": 62.04414118032973,
        "21,13": 40.757925485444794,
        "21,14": 53.35660979086131,
        "21,15": 40.373339696410135,
        "21,16": 37.912326343009,
        "21,17": 49.63294133189662,
        "21,18": 51.46354416528058,
        "21,19": 63.491628096455955,
        "21,20": 45.22850784983338,
        "21,21": 0.0,
        "21,22": 59.61263317833473,
        "21,23": 49.90430621682418,
        "21,24": 40.41609608444875,
        "21,25": 16.179161085401713,
        "21,26": 29.714943020621757,
        "21,27": 58.142419305038395,
        "21,28": 20.348935968149767,
        "21,29": 26.71486627225886,
        "21,30": 69.89407952866438,
        "22,0": 95.0325561937313,
        "22,1": 66.14573001427931,
        "22,2": 82.50862242621663,
        "22,3": 26.251107223451957,
        "22,4": 75.71802193125234,
        "22,5": 64.17787667431772,
        "22,6": 81.01573587830487,
        "22,7": 61.73512126856807,
        "22,8": 15.603012224896831,
        "22,9": 84.0778707996536,
        "22,10": 20.2320759667676,
        "22,11": 53.70565042792973,
        "22,12": 3.0472960700664737,
        "22,13": 92.29384941871389,
        "22,14": 77.24808834805033,
        "22,15": 90.85791152138434,
        "22,16": 84.19639482114157,
        "22,17": 95.31403334887676,
        "22,18": 54.597063374044495,
        "22,19": 89.78408644180952,
        "22,20": 49.588068415021624,
        "22,21": 59.61263317833473,
        "22,22": 0.0,
        "22,23": 109.17238740397502,
        "22,24": 67.53633357295038,
        "22,25": 67.60608251707517,
        "22,26": 62.14154227358581,
        "22,27": 89.07638330466732,
        "22,28": 78.99053670714495,
        "22,29": 53.93250765203379,
        "22,30": 93.01106557888032,
        "23,0": 95.32900573250004,
        "23,1": 72.30481481083132,
        "23,2": 39.884985004293995,
        "23,3": 84.1675976409398,
        "23,4": 80.4980249741658,
        "23,5": 52.035584021898714,
        "23,6": 29.544866108107072,
        "23,7": 82.4020852378194,
        "23,8": 98.73484277325512,
        "23,9": 38.59533530571382,
        "23,10": 89.68089724681863,
        "23,11": 58.52562927822935,
        "23,12": 111.71799595771037,
        "23,13": 30.79006391762679,
        "23,14": 69.66090599354376,
        "23,15": 45.54061338158775,
        "23,16": 52.205412973226125,
        "23,17": 41.78840552046963,
        "23,18": 92.16849451400186,
        "23,19": 71.58620117949943,
        "23,20": 87.82842519607338,
        "23,21": 49.90430621682418,
        "23,22": 109.17238740397502,
        "23,23": 0.0,
        "23,24": 63.29900443654472,
        "23,25": 43.50065089386307,
        "23,26": 58.17621014962569,
        "23,27": 77.16932469956625,
        "23,28": 33.76248496351532,
        "23,29": 62.80526995115383,
        "23,30": 91.14037737989918,
        "24,0": 114.03248145338105,
        "24,1": 9.138788950341096,
        "24,2": 23.82024603384531,
        "24,3": 43.06778618237811,
        "24,4": 92.03317296057628,
        "24,5": 16.698600675601234,
        "24,6": 36.819093996787075,
        "24,7": 83.80770249164112,
        "24,8": 52.42396866678459,
        "24,9": 65.62422896235586,
        "24,10": 48.72493271768129,
        "24,11": 23.566633672288937,
        "24,12": 70.58256882116424,
        "24,13": 34.4932372372449,
        "24,14": 13.257889441247086,
        "24,15": 77.62358881307769,
        "24,16": 77.11687977434998,
        "24,17": 31.070811206108868,
        "24,18": 86.65292461822149,
        "24,19": 25.0600389493849,
        "24,20": 79.68265519250438,
        "24,21": 40.41609608444875,
        "24,22": 67.53633357295038,
        "24,23": 63.29900443654472,
        "24,24": 0.0,
        "24,25": 27.722108517295645,
        "24,26": 10.761235820534692,
        "24,27": 98.55599320537817,
        "24,28": 53.10414728951047,
        "24,29": 17.05659881249915,
        "24,30": 110.1695699590371,
        "25,0": 88.9250829174259,
        "25,1": 36.2467137472756,
        "25,2": 19.299013176340033,
        "25,3": 41.667218711875805,
        "25,4": 67.72222535381323,
        "25,5": 11.32800706212536,
        "25,6": 13.99767052979714,
        "25,7": 61.949369574581745,
        "25,8": 55.80688588126148,
        "25,9": 37.90212134295781,
        "25,10": 47.50645213948372,
        "25,11": 15.032688966387404,
        "25,12": 70.37488376922259,
        "25,13": 26.113697204305847,
        "25,14": 39.61936182196835,
        "25,15": 49.91018989949453,
        "25,16": 49.76036805338096,
        "25,17": 33.69704012963106,
        "25,18": 67.5034465283467,
        "25,19": 48.534332353817945,
        "25,20": 61.1213710399695,
        "25,21": 16.179161085401713,
        "25,22": 67.60608251707517,
        "25,23": 43.50065089386307,
        "25,24": 27.722108517295645,
        "25,25": 0.0,
        "25,26": 18.242682880755044,
        "25,27": 72.45083022952936,
        "25,28": 25.43884667948009,
        "25,29": 20.008715611463018,
        "25,30": 84.88150724015512,
        "26,0": 103.2716614585497,
        "26,1": 18.279547944302255,
        "26,2": 21.70860923924096,
        "26,3": 36.38663480070729,
        "26,4": 81.27813364652307,
        "26,5": 6.9484662616517054,
        "26,6": 29.644862920065385,
        "26,7": 73.20676584458322,
        "26,8": 47.889435920727,
        "26,9": 55.82707894143485,
        "26,10": 42.357230679422315,
        "26,11": 13.127054919488145,
        "26,12": 65.14654122303257,
        "26,13": 32.5346470649913,
        "26,14": 23.941361132014862,
        "26,15": 67.70839933981917,
        "26,16": 66.7781979992205,
        "26,17": 33.25205834501207,
        "26,18": 76.41572502333729,
        "26,19": 35.16854543992291,
        "26,20": 69.50268669020514,
        "26,21": 29.714943020621757,
        "26,22": 62.14154227358581,
        "26,23": 58.17621014962569,
        "26,24": 10.761235820534692,
        "26,25": 18.242682880755044,
        "26,26": 0.0,
        "26,27": 87.85409689185543,
        "26,28": 43.58556934485671,
        "26,29": 8.354722931349906,
        "26,30": 99.41181893905045,
        "27,0": 18.224530237542794,
        "27,1": 105.61884587075264,
        "27,2": 89.02722650485867,
        "27,3": 79.22824934271193,
        "27,4": 14.07621746733513,
        "27,5": 82.14980047172614,
        "27,6": 72.04851926048283,
        "27,7": 27.842350144077063,
        "27,8": 90.24040128023081,
        "27,9": 40.40081265614976,
        "27,10": 80.36085666433901,
        "27,11": 76.1926378570455,
        "27,12": 89.75045399992621,
        "27,13": 89.5347794713343,
        "27,14": 111.41730496715677,
        "27,15": 31.642678291241104,
        "27,16": 25.66107202619504,
        "27,17": 101.46906899400115,
        "27,18": 37.97950807634018,
        "27,19": 120.97946073832827,
        "27,20": 40.464923282739456,
        "27,21": 58.142419305038395,
        "27,22": 89.07638330466732,
        "27,23": 77.16932469956625,
        "27,24": 98.55599320537817,
        "27,25": 72.45083022952936,
        "27,26": 87.85409689185543,
        "27,27": 0.0,
        "27,28": 51.507496252297955,
        "27,29": 84.05818828498313,
        "27,30": 13.99718310616112,
        "28,0": 69.29203049506678,
        "28,1": 61.68458930682068,
        "28,2": 38.30206492517348,
        "28,3": 56.25897140613431,
        "28,4": 50.643165040779415,
        "28,5": 36.737322733170465,
        "28,6": 20.707098895910534,
        "28,7": 49.828707738857425,
        "28,8": 71.0099964113054,
        "28,9": 12.792438491516984,
        "28,10": 60.95496972998663,
        "28,11": 36.529680098298705,
        "28,12": 81.24120534358752,
        "28,13": 38.03208910058073,
        "28,14": 64.4973706600969,
        "28,15": 24.865364783214638,
        "28,16": 26.478956548036283,
        "28,17": 50.03239544469539,
        "28,18": 58.87752631318639,
        "28,19": 72.0982429264639,
        "28,20": 54.205614856590245,
        "28,21": 20.348935968149767,
        "28,22": 78.99053670714495,
        "28,23": 33.76248496351532,
        "28,24": 53.10414728951047,
        "28,25": 25.43884667948009,
        "28,26": 43.58556934485671,
        "28,27": 51.507496252297955,
        "28,28": 0.0,
        "28,29": 43.6712570528896,
        "28,30": 65.06427787753852,
        "29,0": 98.67656206536202,
        "29,1": 21.919292291310125,
        "29,2": 29.047368105067427,
        "29,3": 28.056378557549692,
        "29,4": 76.4279308730782,
        "29,5": 11.2355718689083,
        "29,6": 33.39875906306456,
        "29,7": 67.39712013781666,
        "29,8": 39.9566737170421,
        "29,9": 55.10842045492749,
        "29,10": 34.04606495526806,
        "29,11": 7.933500995293276,
        "29,12": 56.92361178800617,
        "29,13": 39.51937747148903,
        "29,14": 30.088352139629173,
        "29,15": 66.5811751183553,
        "29,16": 64.61337656977862,
        "29,17": 41.38209923592429,
        "29,18": 69.7355765734957,
        "29,19": 42.11619971205655,
        "29,20": 62.73594199871449,
        "29,21": 26.71486627225886,
        "29,22": 53.93250765203379,
        "29,23": 62.80526995115383,
        "29,24": 17.05659881249915,
        "29,25": 20.008715611463018,
        "29,26": 8.354722931349906,
        "29,27": 84.05818828498313,
        "29,28": 43.6712570528896,
        "29,29": 0.0,
        "29,30": 94.95244791535008,
        "30,0": 4.249922025221236,
        "30,1": 116.77383837246593,
        "30,2": 102.07859530438992,
        "30,3": 86.82322416753512,
        "30,4": 18.994565074057842,
        "30,5": 94.06121730127455,
        "30,6": 85.42492853737863,
        "30,7": 31.81230157549217,
        "30,8": 96.3627921025741,
        "30,9": 54.290132064304125,
        "30,10": 87.08891238065988,
        "30,11": 87.2331767498069,
        "30,12": 93.23943649240648,
        "30,13": 103.0779049685452,
        "30,14": 123.22310362356563,
        "30,15": 45.601223981835425,
        "30,16": 39.58757874825041,
        "30,17": 114.83944774218267,
        "30,18": 38.84661358896822,
        "30,19": 133.25563227090814,
        "30,20": 43.43440373490976,
        "30,21": 69.89407952866438,
        "30,22": 93.01106557888032,
        "30,23": 91.14037737989918,
        "30,24": 110.1695699590371,
        "30,25": 84.88150724015512,
        "30,26": 99.41181893905045,
        "30,27": 13.99718310616112,
        "30,28": 65.06427787753852,
        "30,29": 94.95244791535008,
        "30,30": 0.0
    }
}