{
    "num_robots": 5,
    "num_tasks": 50,
    "num_nodes": 51,
    "robot_capacity": [
        116,
        125,
        108,
        129,
        108
    ],
    "robot_speed": [
        0.83,
        0.88,
        0.84,
        1.18,
        0.96
    ],
    "task_demand": {
        "0": 0,
        "1": 14,
        "2": 7,
        "3": 8,
        "4": 13,
        "5": 5,
        "6": 10,
        "7": 13,
        "8": 9,
        "9": 6,
        "10": 11,
        "11": 5,
        "12": 15,
        "13": 15,
        "14": 14,
        "15": 6,
        "16": 14,
        "17": 15,
        "18": 10,
        "19": 5,
        "20": 8,
        "21": 15,
        "22": 15,
        "23": 9,
        "24": 13,
        "25": 6,
        "26": 14,
        "27": 14,
        "28": 9,
        "29": 5,
        "30": 8,
        "31": 11,
        "32": 9,
        "33": 7,
        "34": 5,
        "35": 15,
        "36": 13,
        "37": 5,
        "38": 13,
        "39": 11,
        "40": 8,
        "41": 7,
        "42": 11,
        "43": 5,
        "44": 6,
        "45": 13,
        "46": 9,
        "47": 9,
        "48": 9,
        "49": 6,
        "50": 5
    },
    "task_service_time": {
        "0": 0,
        "1": 61,
        "2": 96,
        "3": 19,
        "4": 68,
        "5": 18,
        "6": 11,
        "7": 65,
        "8": 85,
        "9": 30,
        "10": 75,
        "11": 38,
        "12": 23,
        "13": 14,
        "14": 31,
        "15": 92,
        "16": 21,
        "17": 48,
        "18": 48,
        "19": 13,
        "20": 12,
        "21": 21,
        "22": 15,
        "23": 82,
        "24": 27,
        "25": 49,
        "26": 26,
        "27": 43,
        "28": 62,
        "29": 26,
        "30": 54,
        "31": 12,
        "32": 69,
        "33": 13,
        "34": 22,
        "35": 28,
        "36": 75,
        "37": 14,
        "38": 98,
        "39": 71,
        "40": 15,
        "41": 63,
        "42": 80,
        "43": 87,
        "44": 34,
        "45": 52,
        "46": 82,
        "47": 96,
        "48": 18,
        "49": 54,
        "50": 38
    },
    "task_precedence": [],
    "coordinates": {
        "0": [
            100,
            0
        ],
        "1": [
            85.20365308638065,
            78.74147577119312
        ],
        "2": [
            13.186074217647292,
            70.63152372227187
        ],
        "3": [
            71.73237548273623,
            49.77119681970268
        ],
        "4": [
            95.70852328442291,
            0.6885505717529661
        ],
        "5": [
            19.32300216282632,
            96.93985978611316
        ],
        "6": [
            19.64161401933441,
            94.15457293209624
        ],
        "7": [
            10.58859938725466,
            42.8966566775832
        ],
        "8": [
            98.22917159859665,
            52.61658963384932
        ],
        "9": [
            99.69962173433406,
            17.941609332057606
        ],
        "10": [
            94.84066070705151,
            64.3177928323596
        ],
        "11": [
            86.13614348360127,
            83.05191543340439
        ],
        "12": [
            78.81680757217944,
            78.97969050848974
        ],
        "13": [
            71.6101453224295,
            67.93194400159231
        ],
        "14": [
            4.9002690187681335,
            19.268249078993005
        ],
        "15": [
            83.5753707979598,
            81.53973519555485
        ],
        "16": [
            54.3271784177085,
            29.147170544965817
        ],
        "17": [
            77.46675892870873,
            80.37096312954203
        ],
        "18": [
            5.577409531705846,
            16.58521387908738
        ],
        "19": [
            17.34242603864241,
            79.84559202658482
        ],
        "20": [
            73.56123996642081,
            67.33009121010876
        ],
        "21": [
            16.89299554712408,
            42.219238089658226
        ],
        "22": [
            77.81517159561237,
            77.82283152499832
        ],
        "23": [
            57.97419268247287,
            74.73432151784255
        ],
        "24": [
            48.18884110963062,
            15.047373997547432
        ],
        "25": [
            11.24787619576334,
            0.02063154794331723
        ],
        "26": [
            66.01351557974633,
            84.08440931751727
        ],
        "27": [
            54.86592369776949,
            41.37682237599491
        ],
        "28": [
            83.14729596371296,
            33.433328618449764
        ],
        "29": [
            81.04775673412303,
            1.705826892497908
        ],
        "30": [
            57.35370374772945,
            74.43350631150415
        ],
        "31": [
            55.891394345823706,
            66.34427879073522
        ],
        "32": [
            25.04236354598406,
            44.515894293486504
        ],
        "33": [
            12.57930299665093,
            71.32804272628573
        ],
        "34": [
            51.42482136449442,
            60.79400248375497
        ],
        "35": [
            15.536063617135587,
            79.63267193881715
        ],
        "36": [
            40.50464529718268,
            45.157908653917175
        ],
        "37": [
            2.867666095381538,
            69.98980479731136
        ],
        "38": [
            35.28783166898574,
            20.590982580396023
        ],
        "39": [
            95.64076472854738,
            78.55990157831603
        ],
        "40": [
            10.98437497366106,
            68.91131094475271
        ],
        "41": [
            34.715312734750604,
            69.38397977805637
        ],
        "42": [
            14.49988670434469,
            23.74199474059927
        ],
        "43": [
            58.24046956260651,
            0.7430149384272555
        ],
        "44": [
            19.8101782469549,
            86.22715289413898
        ],
        "45": [
            38.45185353043452,
            29.48407745368893
        ],
        "46": [
            34.99693255784776,
            72.86831960201513
        ],
        "47": [
            21.610440006846666,
            23.988409548504286
        ],
        "48": [
            74.25004095269459,
            35.860966363424815
        ],
        "49": [
            13.256493598662944,
            35.336697190318255
        ],
        "50": [
            28.430663705581726,
            78.87421445047443
        ]
    },
    "distance_matrix_str_keys": {
        "0,0": 0.0,
        "0,1": 80.11960988805154,
        "0,2": 111.91724555703512,
        "0,3": 57.23836675442962,
        "0,4": 4.346363340794424,
        "0,5": 126.11944495346705,
        "0,6": 123.78430353418426,
        "0,7": 99.16915706835105,
        "0,8": 52.646380102758414,
        "0,9": 17.944123621025938,
        "0,10": 64.5243927268292,
        "0,11": 84.20111148117135,
        "0,12": 81.77113888317136,
        "0,13": 73.62562641125062,
        "0,14": 97.03207848579143,
        "0,15": 83.17750212759287,
        "0,16": 54.18084700394739,
        "0,17": 83.46998662721309,
        "0,18": 95.86811206109292,
        "0,19": 114.92429290299386,
        "0,20": 72.33497919039411,
        "0,21": 93.21608366586521,
        "0,22": 80.9231716994607,
        "0,23": 85.7402314752076,
        "0,24": 53.95201247205862,
        "0,25": 88.75212620226809,
        "0,26": 90.69326884352516,
        "0,27": 61.230109207727196,
        "0,28": 37.44063428741475,
        "0,29": 19.028856250341168,
        "0,30": 85.78492551643997,
        "0,31": 79.66889242997189,
        "0,32": 87.1797689118369,
        "0,33": 112.82760275621479,
        "0,34": 77.81682798383704,
        "0,35": 116.0841030865288,
        "0,36": 74.69226161530776,
        "0,37": 119.72160650995309,
        "0,38": 67.90915471221606,
        "0,39": 78.68075411526365,
        "0,40": 112.57242235536275,
        "0,41": 95.26923449447442,
        "0,42": 88.73528997998788,
        "0,43": 41.76614003652144,
        "0,44": 117.75198261182003,
        "0,45": 68.24577025086766,
        "0,46": 97.64830146249558,
        "0,47": 81.97784401036026,
        "0,48": 44.14826496541615,
        "0,49": 93.66492444410048,
        "0,50": 106.50498393410031,
        "1,0": 80.11960988805154,
        "1,1": 0.0,
        "1,2": 72.47277411794055,
        "1,3": 31.949215683669326,
        "1,4": 78.75665959185366,
        "1,5": 68.34794325263721,
        "1,6": 67.34942116098948,
        "1,7": 82.77836247702099,
        "1,8": 29.192016172256068,
        "1,9": 62.50405479694229,
        "1,10": 17.346888637472297,
        "1,11": 4.41015061222093,
        "1,12": 6.3912864028564265,
        "1,13": 17.367481982331505,
        "1,14": 99.9284653434261,
        "1,15": 3.2375235932444237,
        "1,16": 58.420474140812566,
        "1,17": 7.906627615996399,
        "1,18": 101.01356124317383,
        "1,19": 67.87020855375428,
        "1,20": 16.302315199282816,
        "1,21": 77.4610855766437,
        "1,22": 7.4453721190073745,
        "1,23": 27.522732406106186,
        "1,24": 73.66841186306172,
        "1,25": 108.01124131642932,
        "1,26": 19.920048102451197,
        "1,27": 48.12998179721138,
        "1,28": 45.354788093767915,
        "1,29": 77.14766796638978,
        "1,30": 28.181168872689643,
        "1,31": 31.826074301516233,
        "1,32": 69.21539703455126,
        "1,33": 73.00174803021466,
        "1,34": 38.25076822625676,
        "1,35": 69.67328938025285,
        "1,36": 55.909366636185034,
        "1,37": 82.79979769671579,
        "1,38": 76.63595165525251,
        "1,39": 10.438690943723318,
        "1,40": 74.86743874401077,
        "1,41": 51.348176625111094,
        "1,42": 89.57659010165644,
        "1,43": 82.52740852599963,
        "1,44": 65.82052805594621,
        "1,45": 67.91186973371173,
        "1,46": 50.54907268801041,
        "1,47": 83.91659556109961,
        "1,48": 44.25742543172774,
        "1,49": 84.02599932167342,
        "1,50": 56.77314455611285,
        "2,0": 111.91724555703512,
        "2,1": 72.47277411794055,
        "2,2": 0.0,
        "2,3": 62.15161003791138,
        "2,4": 108.1756631276776,
        "2,5": 27.014633646457835,
        "2,6": 24.392782503416576,
        "2,7": 27.85623315312177,
        "2,8": 86.93023790578192,
        "2,9": 101.29571058228541,
        "2,10": 81.89831922882074,
        "2,11": 73.99985632530279,
        "2,12": 66.1595423906802,
        "2,13": 58.48640709707644,
        "2,14": 52.02730581026338,
        "2,15": 71.229503371967,
        "2,16": 58.425525357841295,
        "2,17": 65.01433001185796,
        "2,18": 54.57925783636667,
        "2,19": 10.108131141632173,
        "2,20": 60.46536277757906,
        "2,21": 28.65308431237645,
        "2,22": 65.02795657103218,
        "2,23": 44.97564346811048,
        "2,24": 65.68707171670167,
        "2,25": 70.6374879594871,
        "2,26": 54.513472570592796,
        "2,27": 50.921973680774606,
        "2,28": 79.23558712588799,
        "2,29": 96.7262096716131,
        "2,30": 44.33096626417487,
        "2,31": 42.91998178416454,
        "2,32": 28.68096401969209,
        "2,33": 0.9237478214219947,
        "2,34": 39.48390314392412,
        "2,35": 9.302855443030586,
        "2,36": 37.352501796778405,
        "2,37": 10.338343646653092,
        "2,38": 54.70414463465784,
        "2,39": 82.83498755161692,
        "2,40": 2.7940314173089926,
        "2,41": 21.565353626107633,
        "2,42": 46.90793143353602,
        "2,43": 83.15228319131958,
        "2,44": 16.944096419032853,
        "2,45": 48.2853180450164,
        "2,46": 21.925254784013998,
        "2,47": 47.397785167424765,
        "2,48": 70.26947909628929,
        "2,49": 35.29489678140339,
        "2,50": 17.330304645228757,
        "3,0": 57.23836675442962,
        "3,1": 31.949215683669326,
        "3,2": 62.15161003791138,
        "3,3": 0.0,
        "3,4": 54.62565172251674,
        "3,5": 70.50975235968787,
        "3,6": 68.43487053375067,
        "3,7": 61.52902288660202,
        "3,8": 26.64913628379489,
        "3,9": 42.37085675946575,
        "3,10": 27.305609342473097,
        "3,11": 36.26395957513651,
        "3,12": 30.055370262198505,
        "3,13": 18.16115850975925,
        "3,14": 73.46400666505764,
        "3,15": 33.90422641167912,
        "3,16": 26.986873562039126,
        "3,17": 31.13244050379319,
        "3,18": 74.01208674072635,
        "3,19": 62.15091188060572,
        "3,20": 17.653881089242585,
        "3,21": 55.356929759359986,
        "3,22": 28.703564555472337,
        "3,23": 28.503424156763046,
        "3,24": 41.9528530872697,
        "3,25": 78.31662274929514,
        "3,26": 34.78651909159934,
        "3,27": 18.839923516717946,
        "3,28": 19.93053804964967,
        "3,29": 48.95973972661343,
        "3,30": 28.547779429098924,
        "3,31": 22.92604914499186,
        "3,32": 46.98484244196329,
        "3,33": 62.95858630865395,
        "3,34": 23.106254542283207,
        "3,35": 63.63751380738676,
        "3,36": 31.56665266134991,
        "3,37": 71.77144493151185,
        "3,38": 46.687146805563245,
        "3,39": 37.42192670090391,
        "3,40": 63.69194246190437,
        "3,41": 41.89181530871865,
        "3,42": 62.87350103695129,
        "3,43": 50.85070445865087,
        "3,44": 63.442503884167486,
        "3,45": 38.976407653714396,
        "3,46": 43.39320047782781,
        "3,47": 56.364532600928285,
        "3,48": 14.136235381648856,
        "3,49": 60.231084513486806,
        "3,50": 52.17301867870761,
        "4,0": 4.346363340794424,
        "4,1": 78.75665959185366,
        "4,2": 108.1756631276776,
        "4,3": 54.62565172251674,
        "4,4": 0.0,
        "4,5": 122.87824202232166,
        "4,6": 120.50756001598985,
        "4,7": 95.01013453995704,
        "4,8": 51.98918068943146,
        "4,9": 17.708667466057626,
        "4,10": 63.635160533404566,
        "4,11": 82.91775639984895,
        "4,12": 80.09265042622171,
        "4,13": 71.43112613111494,
        "4,14": 92.6895044727058,
        "4,15": 81.75651316153267,
        "4,16": 50.22259206530165,
        "4,17": 81.74379999632453,
        "4,18": 91.52224631537392,
        "4,19": 111.38708367408266,
        "4,20": 70.22533087868992,
        "4,21": 89.08807674553768,
        "4,22": 79.18250648238946,
        "4,23": 83.1062927880797,
        "4,24": 49.64167608135744,
        "4,25": 84.46328801590349,
        "4,26": 88.52492721558303,
        "4,27": 57.65113531762902,
        "4,28": 35.071425992251676,
        "4,29": 14.696017384146641,
        "4,30": 83.12286495754452,
        "4,31": 76.78592582549159,
        "4,32": 83.15372625373762,
        "4,33": 109.08897798358556,
        "4,34": 74.65729438761537,
        "4,35": 112.51576595091274,
        "4,36": 70.88717763509737,
        "4,37": 115.85373796659066,
        "4,38": 63.614202621320494,
        "4,39": 77.87138048608901,
        "4,40": 108.7774164976155,
        "4,41": 91.8653020840562,
        "4,42": 84.41743862047304,
        "4,43": 37.46809330708138,
        "4,44": 114.35650950730285,
        "4,45": 64.08984786786114,
        "4,46": 94.31763517928744,
        "4,47": 77.67502413097228,
        "4,48": 41.20152056178684,
        "4,49": 89.43618542515686,
        "4,50": 103.14702334855177,
        "5,0": 126.11944495346705,
        "5,1": 68.34794325263721,
        "5,2": 27.014633646457835,
        "5,3": 70.50975235968787,
        "5,4": 122.87824202232166,
        "5,5": 0.0,
        "5,6": 2.803450797547013,
        "5,7": 54.74447546625811,
        "5,8": 90.5026842254806,
        "5,9": 112.69926596275847,
        "5,10": 82.2624823618724,
        "5,11": 68.24126941590242,
        "5,12": 62.145639932072974,
        "5,13": 59.79468636889646,
        "5,14": 78.99933127048061,
        "5,15": 66.07216291775079,
        "5,16": 76.29640273190887,
        "5,17": 60.45845505192992,
        "5,18": 81.52184023698318,
        "5,19": 17.208622025546884,
        "5,20": 61.79421360583695,
        "5,21": 54.77455039522361,
        "5,22": 61.53693731808575,
        "5,23": 44.575783317510485,
        "5,24": 86.83096156748054,
        "5,25": 97.25504851505856,
        "5,26": 48.427953187039705,
        "5,27": 65.95870221189413,
        "5,28": 90.03677015603847,
        "5,29": 113.48773655364269,
        "5,30": 44.19129110768318,
        "5,31": 47.6795226831628,
        "5,32": 52.735028705816276,
        "5,33": 26.48476262966957,
        "5,34": 48.34304289325433,
        "5,35": 17.716649083007454,
        "5,36": 55.94669310091847,
        "5,37": 31.57662979154029,
        "5,38": 78.00017199810789,
        "5,39": 78.49983278172091,
        "5,40": 29.24264443500988,
        "5,41": 31.563424208425104,
        "5,42": 73.35659404543745,
        "5,43": 103.77091224164269,
        "5,44": 10.723778694578602,
        "5,45": 70.11558688853316,
        "5,46": 28.72474788161983,
        "5,47": 72.98730344149303,
        "5,48": 82.14384220356274,
        "5,49": 61.901148357385196,
        "5,50": 20.231585211507063,
        "6,0": 123.78430353418426,
        "6,1": 67.34942116098948,
        "6,2": 24.392782503416576,
        "6,3": 68.43487053375067,
        "6,4": 120.50756001598985,
        "6,5": 2.803450797547013,
        "6,6": 0.0,
        "6,7": 52.05123488144467,
        "6,8": 88.88986591709596,
        "6,9": 110.53370716661844,
        "6,10": 80.9019781554289,
        "6,11": 67.41506843582904,
        "6,12": 61.08993852171529,
        "6,13": 58.209574073580676,
        "6,14": 76.32344824926072,
        "6,15": 65.16639768276053,
        "6,16": 73.68209241570199,
        "6,17": 59.44522927013746,
        "6,18": 78.83404919046363,
        "6,19": 14.492522207153899,
        "6,20": 60.22357413776563,
        "6,21": 52.008017734787124,
        "6,22": 60.42258334818897,
        "6,23": 42.971301492490554,
        "6,24": 84.10049404025654,
        "6,25": 94.50742698415817,
        "6,26": 47.452728578585685,
        "6,27": 63.452682733548386,
        "6,28": 87.86376471685078,
        "6,29": 110.98416557060352,
        "6,30": 42.55728116710877,
        "6,31": 45.68871889151358,
        "6,32": 49.931618363886194,
        "6,33": 23.894072867928905,
        "6,34": 46.07710852239075,
        "6,35": 15.091095141294256,
        "6,36": 53.25353682610258,
        "6,37": 29.416004962662715,
        "6,38": 75.20908158043828,
        "6,39": 77.58263132398952,
        "6,40": 26.686514640462025,
        "6,41": 28.996528726144216,
        "6,42": 70.60006039200948,
        "6,43": 101.07220595225462,
        "6,44": 7.929211963180175,
        "6,45": 67.35056121434812,
        "6,46": 26.246721476245387,
        "6,47": 70.19378006449023,
        "6,48": 79.8763097477543,
        "6,49": 59.163436931619444,
        "6,50": 17.6277267313229,
        "7,0": 99.16915706835105,
        "7,1": 82.77836247702099,
        "7,2": 27.85623315312177,
        "7,3": 61.52902288660202,
        "7,4": 95.01013453995704,
        "7,5": 54.74447546625811,
        "7,6": 52.05123488144467,
        "7,7": 0.0,
        "7,8": 88.17792804441346,
        "7,9": 92.53933591591797,
        "7,10": 86.9325883129927,
        "7,11": 85.55627519204182,
        "7,12": 77.18208161592808,
        "7,13": 65.95752178269241,
        "7,14": 24.30347193357692,
        "7,15": 82.58544858693115,
        "7,16": 45.848791309196955,
        "7,17": 76.66167143825855,
        "7,18": 26.784399300840647,
        "7,19": 37.561123490408235,
        "7,20": 67.54662230317706,
        "7,21": 6.340686625582639,
        "7,22": 75.75783590070235,
        "7,23": 57.08792652059203,
        "7,24": 46.79060507595133,
        "7,25": 42.88109346585915,
        "7,26": 69.05325700119525,
        "7,27": 44.30340104780661,
        "7,28": 73.17321249493781,
        "7,29": 81.61603587785076,
        "7,30": 56.4052113787249,
        "7,31": 51.01111853134887,
        "7,32": 14.544181957502003,
        "7,33": 28.500993202181924,
        "7,34": 44.58600691113854,
        "7,35": 37.06767081406067,
        "7,36": 30.00138435781581,
        "7,37": 28.171820777775164,
        "7,38": 33.28055246291494,
        "7,39": 92.22655727116914,
        "7,40": 26.01766467143345,
        "7,41": 35.82843259174337,
        "7,42": 19.54991668516698,
        "7,43": 63.62098901370284,
        "7,44": 44.30089636834254,
        "7,45": 30.923424986321777,
        "7,46": 38.653166838209295,
        "7,47": 21.886132142021108,
        "7,48": 64.04904433624802,
        "7,49": 8.016897590237331,
        "7,50": 40.15873407418423,
        "8,0": 52.646380102758414,
        "8,1": 29.192016172256068,
        "8,2": 86.93023790578192,
        "8,3": 26.64913628379489,
        "8,4": 51.98918068943146,
        "8,5": 90.5026842254806,
        "8,6": 88.88986591709596,
        "8,7": 88.17792804441346,
        "8,8": 0.0,
        "8,9": 34.70614473737084,
        "8,10": 12.181960530019262,
        "8,11": 32.749815045510275,
        "8,12": 32.73916560971894,
        "8,13": 30.710464654589995,
        "8,14": 99.10800106206258,
        "8,15": 32.42348264897451,
        "8,16": 49.78150899304278,
        "8,17": 34.66097269283037,
        "8,18": 99.41131249953696,
        "8,19": 85.34684633063118,
        "8,20": 28.72270843155795,
        "8,21": 81.99803932905732,
        "8,22": 32.435875607064425,
        "8,23": 45.93100686061411,
        "8,24": 62.57380153843854,
        "8,25": 101.64684233624443,
        "8,26": 45.03412226710683,
        "8,27": 44.79624578599558,
        "8,28": 24.40205884451242,
        "8,29": 53.73180417268092,
        "8,30": 46.33337593298174,
        "8,31": 44.50771654773474,
        "8,32": 73.63375678265598,
        "8,33": 87.6699405062021,
        "8,34": 47.51333793530305,
        "8,35": 86.99436079851598,
        "8,36": 58.204405835667075,
        "8,37": 96.93113708688077,
        "8,38": 70.62047705359282,
        "8,39": 26.072116998295847,
        "8,40": 88.75343644460412,
        "8,41": 65.68984426853672,
        "8,42": 88.56825265947225,
        "8,43": 65.49781707969154,
        "8,44": 85.31827753159791,
        "8,45": 64.09712064662102,
        "8,46": 66.3961491414217,
        "8,47": 81.7924368491829,
        "8,48": 29.253198418525635,
        "8,49": 86.71188320720765,
        "8,50": 74.57408775909977,
        "9,0": 17.944123621025938,
        "9,1": 62.50405479694229,
        "9,2": 101.29571058228541,
        "9,3": 42.37085675946575,
        "9,4": 17.708667466057626,
        "9,5": 112.69926596275847,
        "9,6": 110.53370716661844,
        "9,7": 92.53933591591797,
        "9,8": 34.70614473737084,
        "9,9": 0.0,
        "9,10": 46.630032150088994,
        "9,11": 66.5080438959768,
        "9,12": 64.51154378118542,
        "9,13": 57.3415403129967,
        "9,14": 94.80863488263306,
        "9,15": 65.61031231146825,
        "9,16": 46.73567389710597,
        "9,17": 66.270086797176,
        "9,18": 94.1319852045064,
        "9,19": 103.0282036934682,
        "9,20": 55.87877185178435,
        "9,21": 86.29218156125273,
        "9,22": 63.75492082337277,
        "9,23": 70.47285709391458,
        "9,24": 51.59202572818643,
        "9,25": 90.24894865625186,
        "9,26": 74.22683973991265,
        "9,27": 50.58922503901975,
        "9,28": 22.67096942931956,
        "9,29": 24.728378422589955,
        "9,30": 70.60107077420741,
        "9,31": 65.28383565362432,
        "9,32": 79.24581264277109,
        "9,33": 102.17661771419066,
        "9,34": 64.55063089990297,
        "9,35": 104.35176912969982,
        "9,36": 65.1519161972383,
        "9,37": 109.93380864890169,
        "9,38": 64.4662537924418,
        "9,39": 60.754025998662975,
        "9,40": 102.3147374051963,
        "9,41": 82.88110697412715,
        "9,42": 85.39695146823463,
        "9,43": 44.884885517455366,
        "9,44": 105.09633028936862,
        "9,45": 62.32589895298328,
        "9,46": 84.87273701106177,
        "9,47": 78.32294744023727,
        "9,48": 31.12530350661343,
        "9,49": 88.17598019572372,
        "9,50": 93.76591462264406,
        "10,0": 64.5243927268292,
        "10,1": 17.346888637472297,
        "10,2": 81.89831922882074,
        "10,3": 27.305609342473097,
        "10,4": 63.635160533404566,
        "10,5": 82.2624823618724,
        "10,6": 80.9019781554289,
        "10,7": 86.9325883129927,
        "10,8": 12.181960530019262,
        "10,9": 46.630032150088994,
        "10,10": 0.0,
        "10,11": 20.657588671583113,
        "10,12": 21.719463914960237,
        "10,13": 23.509975195844554,
        "10,14": 100.59192536892971,
        "10,15": 20.57916556853321,
        "10,16": 53.64992935029299,
        "10,17": 23.65495169290867,
        "10,18": 101.22414289053386,
        "10,19": 79.0385281020338,
        "10,20": 21.49157250117762,
        "10,21": 81.01965579783916,
        "10,22": 21.73139087986321,
        "10,23": 38.30979684705687,
        "10,24": 67.85253454299344,
        "10,25": 105.46031752078552,
        "10,26": 34.95316042165604,
        "10,27": 46.089778958474724,
        "10,28": 33.02400503877491,
        "10,29": 64.11320050395884,
        "10,30": 38.82781993960273,
        "10,31": 39.00194861051644,
        "10,32": 72.55285984941256,
        "10,33": 82.55952141294044,
        "10,34": 43.558606546119535,
        "10,35": 80.76982506876756,
        "10,36": 57.61513457723441,
        "10,37": 92.14772627454695,
        "10,38": 73.88215874788932,
        "10,39": 14.264565467509428,
        "10,40": 83.9820044155229,
        "10,41": 60.33840998036837,
        "10,42": 90.0057518058558,
        "10,43": 73.35752433167806,
        "10,44": 78.16388780320204,
        "10,45": 66.28035381531943,
        "10,46": 60.45149548881647,
        "10,47": 83.60098312733422,
        "10,48": 35.12498533169204,
        "10,49": 86.57875159288577,
        "10,50": 67.98659509094088,
        "11,0": 84.20111148117135,
        "11,1": 4.41015061222093,
        "11,2": 73.99985632530279,
        "11,3": 36.26395957513651,
        "11,4": 82.91775639984895,
        "11,5": 68.24126941590242,
        "11,6": 67.41506843582904,
        "11,7": 85.55627519204182,
        "11,8": 32.749815045510275,
        "11,9": 66.5080438959768,
        "11,10": 20.657588671583113,
        "11,11": 0.0,
        "11,12": 8.375899594868923,
        "11,13": 20.967073202456724,
        "11,14": 103.28418752973275,
        "11,15": 2.9739276755277837,
        "11,16": 62.590189167718854,
        "11,17": 9.074455014831154,
        "11,18": 104.43913074821582,
        "11,19": 68.86839674107388,
        "11,20": 20.132162213100774,
        "11,21": 80.38607513252121,
        "11,22": 9.827608645130965,
        "11,23": 29.364567789589007,
        "11,24": 77.8756406931124,
        "11,25": 111.81434022987698,
        "11,26": 20.149099170378122,
        "11,27": 52.10220750407765,
        "11,28": 49.70852408803073,
        "11,29": 81.50507837317416,
        "11,30": 30.045063037736277,
        "11,31": 34.55271295557787,
        "11,32": 72.23209032253045,
        "11,33": 74.48528696108633,
        "11,34": 41.23457981028263,
        "11,35": 70.6828303283521,
        "11,36": 59.31432690793133,
        "11,37": 84.28676088699812,
        "11,38": 80.54141138112983,
        "11,39": 10.51265967698882,
        "11,40": 76.47054992267361,
        "11,41": 53.206337028409315,
        "11,42": 93.00225791845281,
        "11,43": 86.90755849866291,
        "11,44": 66.4019261580933,
        "11,45": 71.71683745229377,
        "11,46": 52.143307510799474,
        "11,47": 87.47607751028673,
        "11,48": 48.664824128939706,
        "11,49": 87.11019124842129,
        "11,50": 57.856508552747954,
        "12,0": 81.77113888317136,
        "12,1": 6.3912864028564265,
        "12,2": 66.1595423906802,
        "12,3": 30.055370262198505,
        "12,4": 80.09265042622171,
        "12,5": 62.145639932072974,
        "12,6": 61.08993852171529,
        "12,7": 77.18208161592808,
        "12,8": 32.73916560971894,
        "12,9": 64.51154378118542,
        "12,10": 21.719463914960237,
        "12,11": 8.375899594868923,
        "12,12": 0.0,
        "12,13": 13.190477006637597,
        "12,14": 95.02163390147615,
        "12,15": 5.403494496482766,
        "12,16": 55.52496719529444,
        "12,17": 1.938626020104661,
        "12,18": 96.21372115861628,
        "12,19": 61.48047958799539,
        "12,20": 12.78022514166077,
        "12,21": 72.01311934468306,
        "12,22": 1.5302278710173431,
        "12,23": 21.27058422581211,
        "12,24": 70.89015040248061,
        "12,25": 103.9234982055833,
        "12,26": 13.783411767873055,
        "12,27": 44.58273802891951,
        "12,28": 45.75176730059389,
        "12,29": 77.30606142021519,
        "12,30": 21.939293893196325,
        "12,31": 26.176863847228432,
        "12,32": 63.87052590887045,
        "12,33": 66.67799281754114,
        "12,34": 32.87917513160858,
        "12,35": 63.28411285822194,
        "12,36": 51.105133851737236,
        "12,37": 76.47934450662292,
        "12,38": 72.82865477745042,
        "12,39": 16.829193597591075,
        "12,40": 68.57558734179399,
        "12,41": 45.13335253798367,
        "12,42": 84.78130303118337,
        "12,43": 80.8972378399869,
        "12,44": 59.45004638649031,
        "12,45": 63.868186340796846,
        "12,46": 44.24398603910089,
        "12,47": 79.35117813643359,
        "12,48": 43.35988617668462,
        "12,49": 78.75827343254818,
        "12,50": 50.386254265864,
        "13,0": 73.62562641125062,
        "13,1": 17.367481982331505,
        "13,2": 58.48640709707644,
        "13,3": 18.16115850975925,
        "13,4": 71.43112613111494,
        "13,5": 59.79468636889646,
        "13,6": 58.209574073580676,
        "13,7": 65.95752178269241,
        "13,8": 30.710464654589995,
        "13,9": 57.3415403129967,
        "13,10": 23.509975195844554,
        "13,11": 20.967073202456724,
        "13,12": 13.190477006637597,
        "13,13": 0.0,
        "13,14": 82.5733782763526,
        "13,15": 18.120115944959178,
        "13,16": 42.46127173215047,
        "13,17": 13.748786120918238,
        "13,18": 83.64692995131904,
        "13,19": 55.560060884841775,
        "13,20": 2.041812207924158,
        "13,21": 60.457503461909646,
        "13,22": 11.676129797649487,
        "13,23": 15.238488910411261,
        "13,24": 57.8388730486789,
        "13,25": 90.86005664370465,
        "13,26": 17.094572245565104,
        "13,27": 31.393366215906234,
        "13,28": 36.37664509370906,
        "13,29": 66.89519486858241,
        "13,30": 15.668964191755059,
        "13,31": 15.798728211040014,
        "13,32": 52.123600062842236,
        "13,33": 59.128451968902375,
        "13,34": 21.410219812016273,
        "13,35": 57.28184418603273,
        "13,36": 38.55137893562028,
        "13,37": 68.77327417926006,
        "13,38": 59.669733512245074,
        "13,39": 26.2759234146838,
        "13,40": 60.633680326951676,
        "13,41": 36.9233947460006,
        "13,42": 72.21034036143072,
        "13,43": 68.50620715364285,
        "13,44": 54.93588314974258,
        "13,45": 50.771160678563085,
        "13,46": 36.94448745094431,
        "13,47": 66.56579265564902,
        "13,48": 32.17944461308387,
        "13,49": 66.84009862490117,
        "13,50": 44.544370186098426,
        "14,0": 97.03207848579143,
        "14,1": 99.9284653434261,
        "14,2": 52.02730581026338,
        "14,3": 73.46400666505764,
        "14,4": 92.6895044727058,
        "14,5": 78.99933127048061,
        "14,6": 76.32344824926072,
        "14,7": 24.30347193357692,
        "14,8": 99.10800106206258,
        "14,9": 94.80863488263306,
        "14,10": 100.59192536892971,
        "14,11": 103.28418752973275,
        "14,12": 95.02163390147615,
        "14,13": 82.5733782763526,
        "14,14": 0.0,
        "14,15": 100.33698033691927,
        "14,16": 50.404488511063356,
        "14,17": 94.8653631321394,
        "14,18": 2.7671641003370517,
        "14,19": 61.84190933256637,
        "14,20": 83.81091575988594,
        "14,21": 25.895431762216443,
        "14,22": 93.51589246334936,
        "14,23": 76.76800482526859,
        "14,24": 43.4938646261627,
        "14,25": 20.26728638705765,
        "14,26": 89.08402512958745,
        "14,27": 54.638408292428466,
        "14,28": 79.51884496194634,
        "14,29": 78.14651981001342,
        "14,30": 76.12206263886002,
        "14,31": 69.39918901212263,
        "14,32": 32.297794983872166,
        "14,33": 52.62309072481564,
        "14,34": 62.36122326256378,
        "14,35": 61.29423850524878,
        "14,36": 44.022109025811005,
        "14,37": 50.76226639080089,
        "14,38": 30.416337513524436,
        "14,39": 108.39436155887881,
        "14,40": 50.014497265073146,
        "14,41": 58.31400599587536,
        "14,42": 10.590895144130881,
        "14,43": 56.46557618602399,
        "14,44": 68.59883521838209,
        "14,45": 35.07238190691836,
        "14,46": 61.47175543497607,
        "14,47": 17.364035513346497,
        "14,48": 71.30714644528062,
        "14,49": 18.111364220731417,
        "14,50": 64.08237341097369,
        "15,0": 83.17750212759287,
        "15,1": 3.2375235932444237,
        "15,2": 71.229503371967,
        "15,3": 33.90422641167912,
        "15,4": 81.75651316153267,
        "15,5": 66.07216291775079,
        "15,6": 65.16639768276053,
        "15,7": 82.58544858693115,
        "15,8": 32.42348264897451,
        "15,9": 65.61031231146825,
        "15,10": 20.57916556853321,
        "15,11": 2.9739276755277837,
        "15,12": 5.403494496482766,
        "15,13": 18.120115944959178,
        "15,14": 100.33698033691927,
        "15,15": 0.0,
        "15,16": 60.00364645734743,
        "15,17": 6.219418550913503,
        "15,18": 101.50257041643566,
        "15,19": 66.25460808553437,
        "15,20": 17.383808515521107,
        "15,21": 77.41214802437725,
        "15,22": 6.855309456685429,
        "15,23": 26.490261913119717,
        "15,24": 75.32224492850226,
        "15,25": 108.9799556567206,
        "15,26": 17.7452564110096,
        "15,27": 49.3689367816464,
        "15,28": 48.108311151249694,
        "15,29": 79.87391155938596,
        "15,30": 27.167523108403774,
        "15,31": 31.58012741508812,
        "15,32": 69.25949561685758,
        "15,33": 71.72670567044727,
        "15,34": 38.26281817408573,
        "15,35": 68.06602832479473,
        "15,36": 56.38018000742021,
        "15,37": 81.5299606927591,
        "15,38": 77.75883795734111,
        "15,39": 12.427917729317576,
        "15,40": 73.6812715269057,
        "15,41": 50.34945544601469,
        "15,42": 90.0666492352507,
        "15,43": 84.67565898718262,
        "15,44": 63.93724787436296,
        "15,45": 68.89066201983357,
        "15,46": 49.34630796973837,
        "15,47": 84.56836129239056,
        "15,48": 46.62093627054447,
        "15,49": 84.13955794680128,
        "15,50": 55.20909092845695,
        "16,0": 54.18084700394739,
        "16,1": 58.420474140812566,
        "16,2": 58.425525357841295,
        "16,3": 26.986873562039126,
        "16,4": 50.22259206530165,
        "16,5": 76.29640273190887,
        "16,6": 73.68209241570199,
        "16,7": 45.848791309196955,
        "16,8": 49.78150899304278,
        "16,9": 46.73567389710597,
        "16,10": 53.64992935029299,
        "16,11": 62.590189167718854,
        "16,12": 55.52496719529444,
        "16,13": 42.46127173215047,
        "16,14": 50.404488511063356,
        "16,15": 60.00364645734743,
        "16,16": 0.0,
        "16,17": 56.20780295450754,
        "16,18": 50.34225582663217,
        "16,19": 62.75509420970319,
        "16,20": 42.753766549629916,
        "16,21": 39.650939422431804,
        "16,22": 54.04633008233137,
        "16,23": 45.732800557928336,
        "16,24": 15.378018324424387,
        "16,25": 52.001745681032304,
        "16,26": 56.166455115283505,
        "16,27": 12.241512585664456,
        "16,28": 29.137095366498112,
        "16,29": 38.301653319621636,
        "16,30": 45.38735575832665,
        "16,31": 37.229982988409425,
        "16,32": 33.072617854193474,
        "16,33": 59.34737635438479,
        "16,34": 31.779642040562806,
        "16,35": 63.667389128656694,
        "16,36": 21.151977606395594,
        "16,37": 65.69780956106977,
        "16,38": 20.87354970059355,
        "16,39": 64.40831003866927,
        "16,40": 58.8199411094851,
        "16,41": 44.76188214124271,
        "16,42": 40.19240090735421,
        "16,43": 28.67245896858505,
        "16,44": 66.70492999598848,
        "16,45": 15.87889941216475,
        "16,46": 47.80373709106212,
        "16,47": 33.1209569195,
        "16,48": 21.02368915961016,
        "16,49": 41.53446029020851,
        "16,50": 56.066107139837875,
        "17,0": 83.46998662721309,
        "17,1": 7.906627615996399,
        "17,2": 65.01433001185796,
        "17,3": 31.13244050379319,
        "17,4": 81.74379999632453,
        "17,5": 60.45845505192992,
        "17,6": 59.44522927013746,
        "17,7": 76.66167143825855,
        "17,8": 34.66097269283037,
        "17,9": 66.270086797176,
        "17,10": 23.65495169290867,
        "17,11": 9.074455014831154,
        "17,12": 1.938626020104661,
        "17,13": 13.748786120918238,
        "17,14": 94.8653631321394,
        "17,15": 6.219418550913503,
        "17,16": 56.20780295450754,
        "17,17": 0.0,
        "17,18": 96.10775392322014,
        "17,19": 60.126628213058254,
        "17,20": 13.613134054428969,
        "17,21": 71.5872539892899,
        "17,22": 2.5718409866345593,
        "17,23": 20.29117708568519,
        "17,24": 71.58468948669355,
        "17,25": 104.12068101809761,
        "17,26": 12.040202066474604,
        "17,27": 45.070397893112826,
        "17,28": 47.28012303815351,
        "17,29": 78.74660122491062,
        "17,30": 20.97113211486643,
        "17,31": 25.734106365384786,
        "17,32": 63.51301592967007,
        "17,33": 65.51455064910674,
        "17,34": 32.57974677963492,
        "17,35": 61.93509583150097,
        "17,36": 51.050534273533,
        "17,37": 75.31794673166688,
        "17,38": 73.16220321475618,
        "17,39": 18.264020114829542,
        "17,40": 67.46281201182416,
        "17,41": 44.14068366983819,
        "17,42": 84.6856957137111,
        "17,43": 81.91617871895609,
        "17,44": 57.953224711577164,
