{
    "num_robots": 5,
    "num_tasks": 60,
    "num_nodes": 61,
    "robot_capacity": [
        174,
        188,
        173,
        154,
        187
    ],
    "robot_speed": [
        1.01,
        0.97,
        0.94,
        0.95,
        0.9
    ],
    "task_demand": {
        "0": 0,
        "1": 13,
        "2": 10,
        "3": 11,
        "4": 7,
        "5": 12,
        "6": 12,
        "7": 10,
        "8": 10,
        "9": 8,
        "10": 12,
        "11": 7,
        "12": 11,
        "13": 9,
        "14": 12,
        "15": 6,
        "16": 13,
        "17": 9,
        "18": 9,
        "19": 12,
        "20": 13,
        "21": 9,
        "22": 7,
        "23": 10,
        "24": 15,
        "25": 6,
        "26": 15,
        "27": 7,
        "28": 11,
        "29": 9,
        "30": 12,
        "31": 8,
        "32": 7,
        "33": 8,
        "34": 5,
        "35": 14,
        "36": 5,
        "37": 6,
        "38": 12,
        "39": 8,
        "40": 9,
        "41": 11,
        "42": 8,
        "43": 8,
        "44": 12,
        "45": 9,
        "46": 14,
        "47": 11,
        "48": 9,
        "49": 7,
        "50": 7,
        "51": 6,
        "52": 9,
        "53": 9,
        "54": 11,
        "55": 10,
        "56": 15,
        "57": 14,
        "58": 5,
        "59": 9,
        "60": 14
    },
    "task_service_time": {
        "0": 0,
        "1": 37,
        "2": 92,
        "3": 21,
        "4": 49,
        "5": 61,
        "6": 18,
        "7": 59,
        "8": 91,
        "9": 54,
        "10": 90,
        "11": 34,
        "12": 79,
        "13": 45,
        "14": 90,
        "15": 79,
        "16": 38,
        "17": 62,
        "18": 80,
        "19": 53,
        "20": 100,
        "21": 77,
        "22": 97,
        "23": 85,
        "24": 95,
        "25": 39,
        "26": 38,
        "27": 77,
        "28": 30,
        "29": 80,
        "30": 70,
        "31": 77,
        "32": 32,
        "33": 59,
        "34": 67,
        "35": 68,
        "36": 85,
        "37": 99,
        "38": 92,
        "39": 82,
        "40": 63,
        "41": 36,
        "42": 46,
        "43": 69,
        "44": 56,
        "45": 75,
        "46": 40,
        "47": 97,
        "48": 69,
        "49": 88,
        "50": 20,
        "51": 53,
        "52": 22,
        "53": 65,
        "54": 38,
        "55": 100,
        "56": 46,
        "57": 47,
        "58": 100,
        "59": 66,
        "60": 19
    },
    "task_precedence": [],
    "coordinates": {
        "0": [
            0,
            100
        ],
        "1": [
            47.58659203443454,
            94.88137069950334
        ],
        "2": [
            59.095140034988326,
            28.08952886453644
        ],
        "3": [
            33.60078782085879,
            47.70256518739042
        ],
        "4": [
            12.628131191243785,
            33.65673201445806
        ],
        "5": [
            64.00927780040648,
            59.85134849616276
        ],
        "6": [
            68.63482443955127,
            39.69199001565256
        ],
        "7": [
            86.22394778216263,
            45.08042633141016
        ],
        "8": [
            42.716565707385556,
            86.3715501673409
        ],
        "9": [
            21.32297883299752,
            42.49098581910026
        ],
        "10": [
            32.292906066353865,
            16.49987661821839
        ],
        "11": [
            97.00931566982403,
            14.86926290228956
        ],
        "12": [
            82.78476113299001,
            68.99513698239033
        ],
        "13": [
            60.4875310078554,
            51.50083079777528
        ],
        "14": [
            89.11031952467255,
            15.713994372233264
        ],
        "15": [
            57.225154280190516,
            75.36957970302483
        ],
        "16": [
            76.53948027433155,
            87.81384865454996
        ],
        "17": [
            82.01030070830532,
            62.471131892561026
        ],
        "18": [
            60.17459701684352,
            69.19276055979977
        ],
        "19": [
            37.27371764422806,
            19.9746568958702
        ],
        "20": [
            76.20568992368123,
            21.792033561123958
        ],
        "21": [
            99.33210881342576,
            8.20792738420294
        ],
        "22": [
            84.16534296745712,
            7.6337492884944735
        ],
        "23": [
            79.05249388821368,
            24.031342056572857
        ],
        "24": [
            84.02336512342285,
            5.787160765243327
        ],
        "25": [
            88.54306249946507,
            76.93759853914868
        ],
        "26": [
            61.36492471428521,
            90.16568901467154
        ],
        "27": [
            12.510243572217183,
            12.767143305792118
        ],
        "28": [
            50.367585110734005,
            52.847646529176075
        ],
        "29": [
            13.414411185951113,
            96.116813037841
        ],
        "30": [
            31.73747361370888,
            46.474644604945695
        ],
        "31": [
            19.25834345902141,
            81.19261735093687
        ],
        "32": [
            85.80818223511147,
            59.26740975426495
        ],
        "33": [
            2.37508238323787,
            47.697174005663825
        ],
        "34": [
            42.525776089764335,
            4.5664561025645645
        ],
        "35": [
            6.740116251746864,
            54.39168932758761
        ],
        "36": [
            41.77820156480635,
            60.36320452388324
        ],
        "37": [
            35.16750530721939,
            43.38182163777624
        ],
        "38": [
            7.779470872434835,
            21.11097475881496
        ],
        "39": [
            98.73577151214138,
            81.21835975153786
        ],
        "40": [
            73.96186971958217,
            20.77282590903524
        ],
        "41": [
            44.10974970895596,
            79.85596586361807
        ],
        "42": [
            49.63654018310657,
            28.656270986629206
        ],
        "43": [
            4.605799060876114,
            83.83400901419182
        ],
        "44": [
            11.23515688066119,
            91.22708309379868
        ],
        "45": [
            1.7103226447725772,
            53.36781758362852
        ],
        "46": [
            27.82415564198456,
            12.7621684461113
        ],
        "47": [
            75.03990135331841,
            79.09414105660672
        ],
        "48": [
            7.684661522784042,
            32.1526297729134
        ],
        "49": [
            34.91734297333713,
            42.46010342745185
        ],
        "50": [
            11.769876064214168,
            27.66238516397551
        ],
        "51": [
            4.5664753864208985,
            79.7537550885668
        ],
        "52": [
            89.53366363287235,
            6.206833129438727
        ],
        "53": [
            87.74775198768305,
            4.126161282832164
        ],
        "54": [
            88.02232142602541,
            63.45131263361671
        ],
        "55": [
            99.01661976403199,
            84.35854735111825
        ],
        "56": [
            54.14556471717139,
            86.93308831191165
        ],
        "57": [
            26.497128041507946,
            95.25864437353015
        ],
        "58": [
            67.16345262090395,
            7.016053697600011
        ],
        "59": [
            1.4740892771366587,
            27.80896422004431
        ],
        "60": [
            72.18406484837001,
            13.442836668540748
        ]
    },
    "distance_matrix_str_keys": {
        "0,0": 0.0,
        "0,1": 47.86109179038451,
        "0,2": 93.0771262699876,
        "0,3": 62.16135962285189,
        "0,4": 67.53442754910046,
        "0,5": 75.55859886277791,
        "0,6": 91.3662694549809,
        "0,7": 102.22880583808447,
        "0,8": 44.837926253058285,
        "0,9": 61.33478734267682,
        "0,10": 89.52710420304628,
        "0,11": 129.06606728930365,
        "0,12": 88.40032922216383,
        "0,13": 77.53006397993163,
        "0,14": 122.65716363292103,
        "0,15": 62.300689293115,
        "0,16": 77.5035116964322,
        "0,17": 90.18927521436356,
        "0,18": 67.60227901532124,
        "0,19": 88.28015386232249,
        "0,20": 109.19612260171426,
        "0,21": 135.25033248175774,
        "0,22": 124.96131092194247,
        "0,23": 109.63819489425889,
        "0,24": 126.23781114760402,
        "0,25": 91.4972583082447,
        "0,26": 62.14794974692281,
        "0,27": 88.12535095685243,
        "0,28": 68.99447853070964,
        "0,29": 13.965155511087302,
        "0,30": 62.22725208096318,
        "0,31": 26.918421849988043,
        "0,32": 94.98519909239045,
        "0,33": 52.35672471918936,
        "0,34": 104.47967712842775,
        "0,35": 46.10365679074001,
        "0,36": 57.589006603735555,
        "0,37": 66.6511181495846,
        "0,38": 79.27167508359712,
        "0,39": 100.50623158053655,
        "0,40": 108.38497721943057,
        "0,41": 48.49177384541074,
        "0,42": 86.91210382266924,
        "0,43": 16.809302470429838,
        "0,44": 14.254571939422853,
        "0,45": 46.6635365190313,
        "0,46": 91.56758646712295,
        "0,47": 77.89763624961168,
        "0,48": 68.28118093187256,
        "0,49": 67.30572440660002,
        "0,50": 73.28888389607248,
        "0,51": 20.754833906069265,
        "0,52": 129.66663053821242,
        "0,53": 129.9671532705762,
        "0,54": 95.30863348843147,
        "0,55": 100.24443141871822,
        "0,56": 55.69996732140599,
        "0,57": 26.917991151360532,
        "0,58": 114.7037211163091,
        "0,59": 72.20608413547858,
        "0,60": 112.70617437400048,
        "1,0": 47.86109179038451,
        "1,1": 0.0,
        "1,2": 67.77607847012311,
        "1,3": 49.20815388784921,
        "1,4": 70.50213022766931,
        "1,5": 38.688590867778984,
        "1,6": 59.066875892049744,
        "1,7": 63.031573985824025,
        "1,8": 9.804805042210864,
        "1,9": 58.60486162692874,
        "1,10": 79.85959832671821,
        "1,11": 94.04543054127109,
        "1,12": 43.69219843344465,
        "1,13": 45.25820885277442,
        "1,14": 89.39627184187913,
        "1,15": 21.76262553221859,
        "1,16": 29.80301335918683,
        "1,17": 47.28017870510386,
        "1,18": 28.607036902602033,
        "1,19": 75.61330009361832,
        "1,20": 78.4927000893839,
        "1,21": 100.94495669846738,
        "1,22": 94.60524542380742,
        "1,23": 77.52309035491123,
        "1,24": 96.25703442839084,
        "1,25": 44.71477867881755,
        "1,26": 14.562970342251576,
        "1,27": 89.29219765415684,
        "1,28": 42.125620352910886,
        "1,29": 34.1945063089499,
        "1,30": 50.93530883294724,
        "1,31": 31.462225534572177,
        "1,32": 52.242168520051386,
        "1,33": 65.34851966634888,
        "1,34": 90.45659542940014,
        "1,35": 57.51390163660391,
        "1,36": 35.003445487200125,
        "1,37": 52.97581777282279,
        "1,38": 83.82528384951677,
        "1,39": 52.94257671673047,
        "1,40": 78.66213627870441,
        "1,41": 15.422425977727489,
        "1,42": 66.2568194180219,
        "1,43": 44.377840921365,
        "1,44": 36.53465006872511,
        "1,45": 61.870891260894204,
        "1,46": 84.46370386680387,
        "1,47": 31.668925026844057,
        "1,48": 74.34419275768501,
        "1,49": 53.930502817792956,
        "1,50": 76.16580045740304,
        "1,51": 45.60235948370381,
        "1,52": 98.0955168646828,
        "1,53": 99.24427844996532,
        "1,54": 51.214224210222795,
        "1,55": 52.495500411830356,
        "1,56": 10.305111137963943,
        "1,57": 21.092838285400592,
        "1,58": 90.01981671980354,
        "1,59": 81.39453680369206,
        "1,60": 85.07214875589158,
        "2,0": 93.0771262699876,
        "2,1": 67.77607847012311,
        "2,2": 0.0,
        "2,3": 32.16571448949457,
        "2,4": 46.79932330490613,
        "2,5": 32.13972520556876,
        "2,6": 15.020741769360797,
        "2,7": 32.01035467646305,
        "2,8": 60.53967049914759,
        "2,9": 40.42447432290659,
        "2,10": 29.20068124034109,
        "2,11": 40.15295937015992,
        "2,12": 47.27014833124941,
        "2,13": 23.452671720522467,
        "2,14": 32.46636496080437,
        "2,15": 47.31701653753323,
        "2,16": 62.2197668009594,
        "2,17": 41.31826733371818,
        "2,18": 41.117403653078284,
        "2,19": 23.28144373151757,
        "2,20": 18.232645572981205,
        "2,21": 44.880861554784666,
        "2,22": 32.35666844931323,
        "2,23": 20.365776513336737,
        "2,24": 33.448647639269716,
        "2,25": 57.03782997633768,
        "2,26": 62.11764307727389,
        "2,27": 49.04006604459178,
        "2,28": 26.251373397443743,
        "2,29": 81.94168890238225,
        "2,30": 32.96140762780384,
        "2,31": 66.38454916793096,
        "2,32": 41.05663016322283,
        "2,33": 60.01353753944415,
        "2,34": 28.77288261044263,
        "2,35": 58.59054668090981,
        "2,36": 36.62603580166413,
        "2,37": 28.396935079828882,
        "2,38": 51.78801134439442,
        "2,39": 66.28764843714893,
        "2,40": 16.569664862447393,
        "2,41": 53.891798288825285,
        "2,42": 9.475563718901995,
        "2,43": 77.9521349736387,
        "2,44": 79.22707076236952,
        "2,45": 62.705734566099984,
        "2,46": 34.82531324056958,
        "2,47": 53.43880498628313,
        "2,48": 51.570787174964394,
        "2,49": 28.126131693190597,
        "2,50": 47.32719156726272,
        "2,51": 75.11702563123565,
        "2,52": 37.48807932468408,
        "2,53": 37.35257899486433,
        "2,54": 45.68629525975105,
        "2,55": 68.99222409228253,
        "2,56": 59.051357175458065,
        "2,57": 74.66137196829182,
        "2,58": 22.565217118289176,
        "2,59": 57.62173380729408,
        "2,60": 19.642951536227947,
        "3,0": 62.16135962285189,
        "3,1": 49.20815388784921,
        "3,2": 32.16571448949457,
        "3,3": 0.0,
        "3,4": 25.241587819025597,
        "3,5": 32.74552181168835,
        "3,6": 35.93818354316128,
        "3,7": 52.688448226276435,
        "3,8": 39.72892908015677,
        "3,9": 13.338109050926022,
        "3,10": 31.230086913559905,
        "3,11": 71.40495180950555,
        "3,12": 53.59511959510551,
        "3,13": 27.15370657664513,
        "3,14": 64.06697099733239,
        "3,15": 36.380961818142225,
        "3,16": 58.759223709956764,
        "3,17": 50.61216751459006,
        "3,18": 34.175954007590285,
        "3,19": 27.97011461739746,
        "3,20": 49.86515148224097,
        "3,21": 76.6839812127203,
        "3,22": 64.51576741164132,
        "3,23": 51.246310978861466,
        "3,24": 65.56933299725715,
        "3,25": 62.236168920795876,
        "3,26": 50.73425058683662,
        "3,27": 40.808023215406635,
        "3,28": 17.53845356276766,
        "3,29": 52.45406749310491,
        "3,30": 2.2315305938655867,
        "3,31": 36.4319818866537,
        "3,32": 53.47296196566363,
        "3,33": 31.225705903020177,
        "3,34": 44.049736918375544,
        "3,35": 27.681041506899028,
        "3,36": 15.071890523370046,
        "3,37": 4.596023118262202,
        "3,38": 37.0655242843275,
        "3,39": 73.25213024704323,
        "3,40": 48.520385299744284,
        "3,41": 33.827199928630144,
        "3,42": 24.897925146591742,
        "3,43": 46.32699651607933,
        "3,44": 48.934702475220774,
        "3,45": 32.38976464657082,
        "3,46": 35.41469756708355,
        "3,47": 51.986836467598614,
        "3,48": 30.223270731212533,
        "3,49": 5.405249557045028,
        "3,50": 29.634397640196475,
        "3,51": 43.24661920453235,
        "3,52": 69.64468662882655,
        "3,53": 69.5039330235099,
        "3,54": 56.65444701048011,
        "3,55": 74.98594599793358,
        "3,56": 44.28455489606794,
        "3,57": 48.08370461829204,
        "3,58": 52.743195634025035,
        "3,59": 37.787301025175005,
        "3,60": 51.59843277045299,
        "4,0": 67.53442754910046,
        "4,1": 70.50213022766931,
        "4,2": 46.79932330490613,
        "4,3": 25.241587819025597,
        "4,4": 0.0,
        "4,5": 57.673045346122194,
        "4,6": 56.330933134033856,
        "4,7": 74.47714422244806,
        "4,8": 60.69733062107145,
        "4,9": 12.3953384704955,
        "4,10": 26.097146548545087,
        "4,11": 86.44740186754532,
        "4,12": 78.55415705397586,
        "4,13": 51.07772520575938,
        "4,14": 78.55868485640386,
        "4,15": 61.064360560687255,
        "4,16": 83.77143799881212,
        "4,17": 75.12759204998842,
        "4,18": 59.35887243942783,
        "4,19": 28.188723120464374,
        "4,20": 64.67516558745777,
        "4,21": 90.36161459722113,
        "4,22": 76.12337550759685,
        "4,23": 67.11813534015945,
        "4,24": 76.64197563897756,
        "4,25": 87.38598401723266,
        "4,26": 74.62263238562112,
        "4,27": 20.889921347576763,
        "4,28": 42.338606283775334,
        "4,29": 62.46502987814573,
        "4,30": 23.010124966988023,
        "4,31": 47.996042643520624,
        "4,32": 77.53210099742765,
        "4,33": 17.38559809634876,
        "4,34": 41.71466556390118,
        "4,35": 21.554748309944234,
        "4,36": 39.534317708547,
        "4,37": 24.54792768690429,
        "4,38": 13.450112713457605,
        "4,39": 98.36988438863608,
        "4,40": 62.67234253158192,
        "4,41": 55.90582718057332,
        "4,42": 37.34470439834576,
        "4,43": 50.81453473090097,
        "4,44": 57.58720084210101,
        "4,45": 22.532763651460066,
        "4,46": 25.836059022598533,
        "4,47": 77.19965799941838,
        "4,48": 5.167225165986204,
        "4,49": 23.964730545160005,
        "4,50": 6.055476531782007,
        "4,51": 46.79664336905318,
        "4,52": 81.65756467669219,
        "4,53": 80.71562448706192,
        "4,54": 81.06787869082295,
        "4,55": 100.16808392059593,
        "4,56": 67.54307830498281,
        "4,57": 63.143841187620474,
        "4,58": 60.69453867209687,
        "4,59": 12.594008067293,
        "4,60": 62.89285173076284,
        "5,0": 75.55859886277791,
        "5,1": 38.688590867778984,
        "5,2": 32.13972520556876,
        "5,3": 32.74552181168835,
        "5,4": 57.673045346122194,
        "5,5": 0.0,
        "5,6": 20.683215805493646,
        "5,7": 26.67717571249845,
        "5,8": 34.01030262958916,
        "5,9": 46.081474713968994,
        "5,10": 53.71478706982661,
        "5,11": 55.78880285288014,
        "5,12": 20.883669271777652,
        "5,13": 9.062772550490623,
        "5,14": 50.77566665938028,
        "5,15": 16.936346469270614,
        "5,16": 30.64159573431779,
        "5,17": 18.19065943759992,
        "5,18": 10.097858983690061,
        "5,19": 48.00979806091126,
        "5,20": 39.96578439121683,
        "5,21": 62.5679257680925,
        "5,22": 55.9727132630809,
        "5,23": 38.850626913818566,
        "5,24": 57.64980560572103,
        "5,25": 29.897266299633444,
        "5,26": 30.42945685213889,
        "5,27": 69.77874249974083,
        "5,28": 15.334523816598823,
        "5,29": 62.249694345902235,
        "5,30": 34.93430337730888,
        "5,31": 49.57918798002554,
        "5,32": 21.806724169569584,
        "5,33": 62.821158873959206,
        "5,34": 59.312394764693956,
        "5,35": 57.52881662891633,
        "5,36": 22.23696803042579,
        "5,37": 33.21284624189679,
        "5,38": 68.28329037521812,
        "5,39": 40.77350286029507,
        "5,40": 40.32598434635262,
        "5,41": 28.216589699691262,
        "5,42": 34.34688410091305,
        "5,43": 64.0620113006208,
        "5,44": 61.39661684810642,
        "5,45": 62.63542118144869,
        "5,46": 59.38647946634049,
        "5,47": 22.18016504650795,
        "5,48": 62.766881535815486,
        "5,49": 33.89389439150379,
        "5,50": 61.36028401300133,
        "5,51": 62.686143181707216,
        "5,52": 59.407308481829695,
        "5,53": 60.570716082119574,
        "5,54": 24.28139217501403,
        "5,55": 42.733087731575715,
        "5,56": 28.8221003265949,
        "5,57": 51.583311069390156,
        "5,58": 52.929360427359136,
        "5,59": 70.26638025214719,
        "5,60": 47.12299983377633,
        "6,0": 91.3662694549809,
        "6,1": 59.066875892049744,
        "6,2": 15.020741769360797,
        "6,3": 35.93818354316128,
        "6,4": 56.330933134033856,
        "6,5": 20.683215805493646,
        "6,6": 0.0,
        "6,7": 18.395991571279087,
        "6,8": 53.39229786834965,
        "6,9": 47.394568382949714,
        "6,10": 43.111589565725694,
        "6,11": 37.699861192334815,
        "6,12": 32.540668871161174,
        "6,13": 14.346675952278261,
        "6,14": 31.53078137402656,
        "6,15": 37.45758907145385,
        "6,16": 48.76675981371277,
        "6,17": 26.415765558929536,
        "6,18": 30.689915456748324,
        "6,19": 37.044463078632056,
        "6,20": 19.435185752979326,
        "6,21": 43.972371640742345,
        "6,22": 35.62201291710007,
        "6,23": 18.8091395667059,
        "6,24": 37.23364917488717,
        "6,25": 42.232372617883165,
        "6,26": 50.994565716936876,
        "6,27": 62.248822863435784,
        "6,28": 22.51140446525054,
        "6,29": 78.9496972317416,
        "6,30": 37.51558211254293,
        "6,31": 64.500689478817,
        "6,32": 26.040761815223156,
        "6,33": 66.7415641716848,
        "6,34": 43.76626027445121,
        "6,35": 63.616319144656316,
        "6,36": 33.89066687867854,
        "6,37": 33.67010999840914,
        "6,38": 63.62883140333148,
        "6,39": 51.28846262180533,
        "6,40": 19.654825919061622,
        "6,41": 47.05979437329961,
        "6,42": 21.970933052017216,
        "6,43": 77.7703923881732,
        "6,44": 77.14005220664737,
        "6,45": 68.30751935291127,
        "6,46": 48.89505064392524,
        "6,47": 39.91935015660247,
        "6,48": 61.41469134051121,
        "6,49": 33.83091793441433,
        "6,50": 58.12343543371507,
        "6,51": 75.56254608700743,
        "6,52": 39.47172673348161,
        "6,53": 40.37613370436114,
        "6,54": 30.665623272078573,
        "6,55": 54.0199484574086,
        "6,56": 49.41315630011296,
        "6,57": 69.73692375106253,
        "6,58": 32.70904690280864,
        "6,59": 68.20389028211723,
        "6,60": 26.488019158098304,
        "7,0": 102.22880583808447,
        "7,1": 63.031573985824025,
        "7,2": 32.01035467646305,
        "7,3": 52.688448226276435,
        "7,4": 74.47714422244806,
        "7,5": 26.67717571249845,
        "7,6": 18.395991571279087,
        "7,7": 0.0,
        "7,8": 59.98207401078093,
        "7,9": 64.9526055882848,
        "7,10": 61.036096553273545,
        "7,11": 32.07863083445476,
        "7,12": 24.160740682519478,
        "7,13": 26.525171854157012,
        "7,14": 29.507939064748758,
        "7,15": 41.932837210701784,
        "7,16": 43.817054834368534,
        "7,17": 17.893894533546067,
        "7,18": 35.49610312747302,
        "7,19": 55.01295019817834,
        "7,20": 25.351819034186537,
        "7,21": 39.13317089418289,
        "7,22": 37.503219532988865,
        "7,23": 22.237214298608507,
        "7,24": 39.35483811288338,
        "7,25": 31.941473261975823,
        "7,26": 51.48448250791634,
        "7,27": 80.48514427051134,
        "7,28": 36.68798786558896,
        "7,29": 88.91536080679994,
        "7,30": 54.50430911316864,
        "7,31": 76.08207740719423,
        "7,32": 14.193074354433273,
        "7,33": 83.8896870722362,
        "7,34": 59.58952922252455,
        "7,35": 80.02736465322032,
        "7,36": 46.999868788093124,
        "7,37": 51.084690232029615,
        "7,38": 82.02481677109559,
        "7,39": 38.24259359572311,
        "7,40": 27.225319037738718,
        "7,41": 54.61633298845172,
        "7,42": 40.104753753251764,
        "7,43": 90.35132744703444,
        "7,44": 88.05017144341515,
        "7,45": 84.91898308170343,
        "7,46": 66.74582769549484,
        "7,47": 35.805246597804576,
        "7,48": 79.59615197979419,
        "7,49": 51.37347359416145,
        "7,50": 76.46435086687036,
        "7,51": 88.71404919832702,
        "7,52": 39.01423416453024,
        "7,53": 40.98260368651483,
        "7,54": 18.45870015173172,
        "7,55": 41.30887613182595,
        "7,56": 52.732039358614145,
        "7,57": 78.00734941154707,
        "7,58": 42.569929995219866,
        "7,59": 86.49186042678392,
        "7,60": 34.612936779052745,
        "8,0": 44.837926253058285,
        "8,1": 9.804805042210864,
        "8,2": 60.53967049914759,
        "8,3": 39.72892908015677,
        "8,4": 60.69733062107145,
        "8,5": 34.01030262958916,
        "8,6": 53.39229786834965,
        "8,7": 59.98207401078093,
        "8,8": 0.0,
        "8,9": 48.8179217795276,
        "8,10": 70.64491096227115,
        "8,11": 89.77906093637752,
        "8,12": 43.6737909945834,
        "8,13": 39.13788799950123,
        "8,14": 84.52733631315836,
        "8,15": 18.208308446217895,
        "8,16": 33.853652310040836,
        "8,17": 45.991603625356866,
        "8,18": 24.492726871097425,
        "8,19": 66.61960695727413,
        "8,20": 72.74637726971103,
        "8,21": 96.51358271132918,
        "8,22": 88.98113521186328,
        "8,23": 72.15678224571943,
        "8,24": 90.55437865341264,
        "8,25": 46.78746895865969,
        "8,26": 19.030417316576084,
        "8,27": 79.56148946804586,
        "8,28": 34.38590137034909,
        "8,29": 30.880194429652946,
        "8,30": 41.37998956810061,
        "8,31": 24.023104215951633,
        "8,32": 50.90699207873432,
        "8,33": 55.885084309566736,
        "8,34": 81.80531654865163,
        "8,35": 48.13539669270537,
        "8,36": 26.025267921265314,
        "8,37": 43.64750934441761,
        "8,38": 74.02393733217816,
        "8,39": 56.25572673476998,
        "8,40": 72.65990398515406,
        "8,41": 6.662867286773095,
        "8,42": 58.12864610200484,
        "8,43": 38.195152172607216,
        "8,44": 31.85365444835607,
        "8,45": 52.63799326121099,
        "8,46": 75.10076534189079,
        "8,47": 33.13244196621539,
        "8,48": 64.55172840084428,
        "8,49": 44.59868865836091,
        "8,50": 66.36613334572954,
        "8,51": 38.719821838464185,
        "8,52": 92.83438218640518,
        "8,53": 93.76626115279913,
        "8,54": 50.77350480161289,
        "8,55": 56.33602991975411,
        "8,56": 11.442785650945906,
        "8,57": 18.49461006961141,
        "8,58": 83.03580613037616,
        "8,59": 71.62763667003216,
        "8,60": 78.65704519122235,
        "9,0": 61.33478734267682,
        "9,1": 58.60486162692874,
        "9,2": 40.42447432290659,
        "9,3": 13.338109050926022,
        "9,4": 12.3953384704955,
        "9,5": 46.081474713968994,
        "9,6": 47.394568382949714,
        "9,7": 64.9526055882848,
        "9,8": 48.8179217795276,
        "9,9": 0.0,
        "9,10": 28.211293146491876,
        "9,11": 80.56910797986178,
        "9,12": 66.93295684771591,
        "9,13": 40.187553466178066,
        "9,14": 72.88436614936573,
        "9,15": 48.682318531732534,
        "9,16": 71.43545287195869,
        "9,17": 63.89176217255275,
        "9,18": 47.14268776604078,
        "9,19": 27.5936792907938,
        "9,20": 58.65627503721524,
        "9,21": 85.21004903151936,
        "9,22": 71.86229657169756,
        "9,23": 60.60903691983437,
        "9,24": 72.65334964440864,
        "9,25": 75.53217047068023,
        "9,26": 62.25941498878532,
        "9,27": 31.002759821224714,
        "9,28": 30.835848859604265,
        "9,29": 54.20585565344527,
        "9,30": 11.150391870221766,
        "9,31": 38.75666397477372,
        "9,32": 66.63174812253072,
        "9,33": 19.65011896413679,
        "9,34": 43.44914919456947,
        "9,35": 18.822503156077932,
        "9,36": 27.16306938546348,
        "9,37": 13.87315759844407,
        "9,38": 25.308723413395363,
        "9,39": 86.55951687761986,
        "9,40": 56.94322877787068,
        "9,41": 43.765039251446375,
        "9,42": 31.512808361397806,
        "9,43": 44.59495113175149,
        "9,44": 49.769180516770675,
        "9,45": 22.426808778588388,
        "9,46": 30.43136346433135,
        "9,47": 65.00229794703533,
        "9,48": 17.113892157887317,
        "9,49": 13.594399218143675,
        "9,50": 17.6394209060304,
        "9,51": 40.856999172536334,
        "9,52": 77.26083909248298,
        "9,53": 76.70795428343835,
        "9,54": 69.9152172457001,
        "9,55": 88.25641364658902,
        "9,56": 55.24873408599985,
        "9,57": 53.02072811032329,
        "9,58": 57.96395298911891,
        "9,59": 24.68886742716052,
        "9,60": 58.57170852669632,
        "10,0": 89.52710420304628,
        "10,1": 79.85959832671821,
        "10,2": 29.20068124034109,
        "10,3": 31.230086913559905,
        "10,4": 26.097146548545087,
        "10,5": 53.71478706982661,
        "10,6": 43.111589565725694,
        "10,7": 61.036096553273545,
        "10,8": 70.64491096227115,
        "10,9": 28.211293146491876,
        "10,10": 0.0,
        "10,11": 64.73694905581125,
        "10,12": 72.83666514038374,
        "10,13": 44.94445092635331,
        "10,14": 56.8228482478491,
        "10,15": 63.931674014447864,
        "10,16": 83.92521633419098,
        "10,17": 67.71392501902632,
        "10,18": 59.614836310599564,
        "10,19": 6.073103156726682,
        "10,20": 44.23052691534089,
        "10,21": 67.55006385683511,
        "10,22": 52.62468929966064,
        "10,23": 47.362242608636556,
        "10,24": 52.828048186561595,
        "10,25": 82.5639045209296,
        "10,26": 79.19491261624763,
        "10,27": 20.13174193502934,
        "10,28": 40.59377292217705,
        "10,29": 81.82453259136663,
        "10,30": 29.979913626753216,
        "10,31": 65.99280662220089,
        "10,32": 68.50508502265534,
        "10,33": 43.224385920620385,
        "10,34": 15.719992179369562,
        "10,35": 45.70267538899006,
        "10,36": 44.87719204287229,
        "10,37": 27.035204619719746,
        "10,38": 24.94335043791594,
        "10,39": 92.75309389839663,
        "10,40": 41.88747578424789,
        "10,41": 64.44867599993621,
        "10,42": 21.179697080367283,
        "10,43": 72.80426690690082,
        "10,44": 77.63751791763792,
        "10,45": 47.90135154426172,
        "10,46": 5.825821206931858,
        "10,47": 75.79807086362194,
        "10,48": 29.164608360784626,
        "10,49": 26.092547692120434,
        "10,50": 23.362284937540398,
        "10,51": 69.06379731661686,
        "10,52": 58.15884344664062,
        "10,53": 56.8185600605958,
        "10,54": 72.87115396533004,
        "10,55": 95.16750056214484,
        "10,56": 73.74534561311485,
        "10,57": 78.97173254556608,
        "10,58": 36.137209551965846,
        "10,59": 32.8282642043881,
        "10,60": 40.00812470268944,
        "11,0": 129.06606728930365,
        "11,1": 94.04543054127109,
        "11,2": 40.15295937015992,
        "11,3": 71.40495180950555,
        "11,4": 86.44740186754532,
        "11,5": 55.78880285288014,
        "11,6": 37.699861192334815,
        "11,7": 32.07863083445476,
        "11,8": 89.77906093637752,
        "11,9": 80.56910797986178,
        "11,10": 64.73694905581125,
        "11,11": 0.0,
        "11,12": 55.963811491947986,
        "11,13": 51.727289909454825,
        "11,14": 7.944036213250245,
        "11,15": 72.40903141505026,
        "11,16": 75.76230429235522,
        "11,17": 49.90900100365495,
        "11,18": 65.63412904876355,
        "11,19": 59.95337120884258,
        "11,20": 21.9252274282479,
        "11,21": 7.054697645717039,
        "11,22": 14.741787274091308,
        "11,23": 20.159145391753807,
        "11,24": 15.846750165927302,
        "11,25": 62.64308207196074,
        "11,26": 83.30710889167081,
        "11,27": 84.52521571788232,
        "11,28": 60.14822235492678,
        "11,29": 116.57303486954768,
        "11,30": 72.52112463254437,
        "11,31": 102.19589534343298,
        "11,32": 45.78930916831798,
        "11,33": 100.16641082294531,
        "11,34": 55.44911102194868,
        "11,35": 98.54212578447697,
        "11,36": 71.55539594992439,
        "11,37": 68.0982783524586,
        "11,38": 89.44788521516904,
        "11,39": 66.37155491990829,
        "11,40": 23.79152834527316,
        "11,41": 83.79520058232558,
        "11,42": 49.33823516536223,
        "11,43": 115.30197781468995,
        "11,44": 114.83781180598731,
        "11,45": 102.78150020378595,
        "11,46": 69.21723929141507,
        "11,47": 67.87849541163362,
        "11,48": 90.98136407458885,
        "11,49": 67.94606356681903,
        "11,50": 86.19411836941576,
        "11,51": 112.94102906355093,
        "11,52": 11.442161637870372,
        "11,53": 14.184174076919001,
        "11,54": 49.40629131634162,
        "11,55": 69.5182704253842,
        "11,56": 83.84805351586597,
        "11,57": 106.93185333407203,
        "11,58": 30.861763331791554,
        "11,59": 96.4075482111994,
        "11,60": 24.86619733993178,
        "12,0": 88.40032922216383,
        "12,1": 43.69219843344465,
        "12,2": 47.27014833124941,
        "12,3": 53.59511959510551,
        "12,4": 78.55415705397586,
        "12,5": 20.883669271777652,
        "12,6": 32.540668871161174,
        "12,7": 24.160740682519478,
        "12,8": 43.6737909945834,
        "12,9": 66.93295684771591,
        "12,10": 72.83666514038374,
        "12,11": 55.963811491947986,
        "12,12": 0.0,
        "12,13": 28.341087137480645,
        "12,14": 53.65531517762691,
        "12,15": 26.342494613614807,
        "12,16": 19.827945985487318,
        "12,17": 6.569812125283456,
        "12,18": 22.611027761634954,
        "12,19": 66.88992859428764,
        "12,20": 47.659386804447294,
        "12,21": 62.999202899649354,
        "12,22": 61.37691671892826,
        "12,23": 45.118429415455054,
        "12,24": 63.22011070310252,
        "12,25": 9.810235991439384,
        "12,26": 30.116468344671468,
        "12,27": 90.00052828342142,
        "12,28": 36.21622218280885,
        "12,29": 74.48376174597686,
        "12,30": 55.7942482698593,
        "12,31": 64.68681681632346,
        "12,32": 10.186743944242698,
        "12,33": 83.18244805003249,
        "12,34": 75.9726318921827,
        "12,35": 77.43415718222121,
        "12,36": 41.9052286187204,
        "12,37": 54.068891012480826,
        "12,38": 88.98700219090323,
        "12,39": 20.09581814656973,
        "12,40": 49.02279773889095,
        "12,41": 40.17106063619026,
        "12,42": 52.211384409592746,
        "12,43": 79.57475877342767,
        "12,44": 74.92399680052736,
        "12,45": 82.56680742144914,
        "12,46": 78.63087756308005,
        "12,47": 12.726850996920405,
        "12,48": 83.65043513899506,
        "12,49": 54.730226813277305,
        "12,50": 82.16757434787834,
        "12,51": 78.95472176308701,
        "12,52": 63.14997059131141,
        "12,53": 65.0585527546812,
        "12,54": 7.626665472749962,
        "12,55": 22.34966695000326,
        "12,56": 33.7931009119334,
        "12,57": 62.113359750747364,
        "12,58": 63.917384524499646,
        "12,59": 91.14672887416243,
        "12,60": 56.554688858474755,
        "13,0": 77.53006397993163,
        "13,1": 45.25820885277442,
        "13,2": 23.452671720522467,
        "13,3": 27.15370657664513,
        "13,4": 51.07772520575938,
        "13,5": 9.062772550490623,
        "13,6": 14.346675952278261,
        "13,7": 26.525171854157012,
        "13,8": 39.13788799950123,
        "13,9": 40.187553466178066,
        "13,10": 44.94445092635331,
        "13,11": 51.727289909454825,
        "13,12": 28.341087137480645,
        "13,13": 0.0,
        "13,14": 45.82533888392905,
        "13,15": 24.090667824181647,
        "13,16": 39.70264904411242,
        "13,17": 24.157340948226533,
        "13,18": 17.69469712617705,
        "13,19": 39.15074420460593,
        "13,20": 33.610610719706,
        "13,21": 58.165081542708364,
        "13,22": 49.84936929727541,
        "13,23": 33.1546476146577,
        "13,24": 51.41668129468022,
        "13,25": 37.870067340912875,
        "13,26": 38.67481196656001,
        "13,27": 61.66132220775404,
        "13,28": 10.209173207219715,
        "13,29": 64.85726236138261,
        "13,30": 29.18609853700405,
        "13,31": 50.8079530650019,
        "13,32": 26.484998154799495,
        "13,33": 58.23679670226538,
        "13,34": 50.25395673743515,
        "13,35": 53.8251024709154,
        "13,36": 20.702190132199803,
        "13,37": 26.58988550597795,
        "13,38": 60.84145752123172,
        "13,39": 48.4361376328813,
        "13,40": 33.55246769107706,
        "13,41": 32.74515849521525,
        "13,42": 25.290668532955266,
        "13,43": 64.56161691724115,
        "13,44": 63.276942709429434,
        "13,45": 58.806852174009485,
        "13,46": 50.671294152488414,
        "13,47": 31.195548620142,
        "13,48": 56.236073020401655,
        "13,49": 27.1213802654868,
        "13,50": 54.23726941359897,
        "13,51": 62.65295039179535,
        "13,52": 53.80728617250038,
        "13,53": 54.65783529851064,
        "13,54": 30.016307225928426,
        "13,55": 50.63714266703011,
        "13,56": 35.99535260252698,
        "13,57": 55.40842664022503,
        "13,58": 44.982922571080756,
        "13,59": 63.59159415238733,
        "13,60": 39.814819113279334,
        "14,0": 122.65716363292103,
        "14,1": 89.39627184187913,
        "14,2": 32.46636496080437,
        "14,3": 64.06697099733239,
        "14,4": 78.55868485640386,
        "14,5": 50.77566665938028,
        "14,6": 31.53078137402656,
        "14,7": 29.507939064748758,
        "14,8": 84.52733631315836,
        "14,9": 72.88436614936573,
        "14,10": 56.8228482478491,
        "14,11": 7.944036213250245,
        "14,12": 53.65531517762691,
        "14,13": 45.82533888392905,
        "14,14": 0.0,
        "14,15": 67.6420921012004,
        "14,16": 73.18753300248079,
        "14,17": 47.29313032870218,
        "14,18": 60.805052997218,
        "14,19": 52.01140778379321,
        "14,20": 14.26436207898805,
        "14,21": 12.681719831807852,
        "14,22": 9.473286323377703,
