{
    "num_robots": 7,
    "num_tasks": 40,
    "num_nodes": 41,
    "robot_capacity": [
        92,
        74,
        71,
        70,
        94,
        101,
        78
    ],
    "robot_speed": [
        0.83,
        1.02,
        1.2,
        0.84,
        0.91,
        0.92,
        1.11
    ],
    "task_demand": {
        "0": 0,
        "1": 11,
        "2": 9,
        "3": 15,
        "4": 10,
        "5": 11,
        "6": 8,
        "7": 11,
        "8": 13,
        "9": 12,
        "10": 8,
        "11": 13,
        "12": 8,
        "13": 13,
        "14": 6,
        "15": 9,
        "16": 8,
        "17": 11,
        "18": 12,
        "19": 7,
        "20": 10,
        "21": 14,
        "22": 6,
        "23": 15,
        "24": 6,
        "25": 8,
        "26": 7,
        "27": 5,
        "28": 5,
        "29": 11,
        "30": 13,
        "31": 5,
        "32": 14,
        "33": 15,
        "34": 14,
        "35": 13,
        "36": 15,
        "37": 9,
        "38": 6,
        "39": 10,
        "40": 6
    },
    "task_service_time": {
        "0": 0,
        "1": 76,
        "2": 25,
        "3": 71,
        "4": 52,
        "5": 63,
        "6": 50,
        "7": 74,
        "8": 70,
        "9": 74,
        "10": 81,
        "11": 80,
        "12": 83,
        "13": 81,
        "14": 65,
        "15": 14,
        "16": 10,
        "17": 42,
        "18": 87,
        "19": 52,
        "20": 10,
        "21": 37,
        "22": 48,
        "23": 74,
        "24": 91,
        "25": 29,
        "26": 39,
        "27": 34,
        "28": 71,
        "29": 59,
        "30": 19,
        "31": 65,
        "32": 12,
        "33": 66,
        "34": 61,
        "35": 79,
        "36": 12,
        "37": 84,
        "38": 46,
        "39": 17,
        "40": 98
    },
    "task_precedence": [],
    "coordinates": {
        "0": [
            50.0,
            50.0
        ],
        "1": [
            21.623953519847717,
            68.66439709729548
        ],
        "2": [
            81.65514944234103,
            10.36872870195802
        ],
        "3": [
            26.359745999298624,
            55.485002253989876
        ],
        "4": [
            21.449044244221493,
            12.734970600263463
        ],
        "5": [
            14.91651652507705,
            49.59055178192128
        ],
        "6": [
            42.91061483310262,
            50.77066018222878
        ],
        "7": [
            40.87944776235769,
            8.397934004331331
        ],
        "8": [
            49.79365641622516,
            64.21687460113624
        ],
        "9": [
            93.83918217309754,
            34.983540427434214
        ],
        "10": [
            12.06573472464816,
            11.751491455765006
        ],
        "11": [
            57.23307749513804,
            55.055961163961655
        ],
        "12": [
            50.62628353881492,
            91.60331151422021
        ],
        "13": [
            47.358229606172884,
            57.98587230057613
        ],
        "14": [
            11.53481915356338,
            32.398437984099225
        ],
        "15": [
            87.304958027772,
            97.23949588725124
        ],
        "16": [
            3.6968935711156226,
            26.257845066775886
        ],
        "17": [
            88.70943055869421,
            3.4728317881009163
        ],
        "18": [
            18.439820906959316,
            18.606436207885444
        ],
        "19": [
            0.007953864146981182,
            63.511412395246225
        ],
        "20": [
            95.0903152599495,
            69.6005933241281
        ],
        "21": [
            15.784874784176095,
            58.41215138287872
        ],
        "22": [
            93.70500359946521,
            79.32396908319066
        ],
        "23": [
            41.864099805502,
            65.28561442757606
        ],
        "24": [
            70.32823562463784,
            81.70184323507777
        ],
        "25": [
            31.85057977128394,
            22.086341872496973
        ],
        "26": [
            94.88396029335473,
            39.482258397015435
        ],
        "27": [
            40.746457256523286,
            73.86618424019474
        ],
        "28": [
            60.12350330181155,
            39.10584900672789
        ],
        "29": [
            34.13253582357344,
            8.57355083939031
        ],
        "30": [
            30.37613201424898,
            6.535228766980117
        ],
        "31": [
            42.55675203224091,
            91.42559545586187
        ],
        "32": [
            10.854516139012826,
            84.89954383201574
        ],
        "33": [
            14.033920480196027,
            50.546653346732285
        ],
        "34": [
            82.6212195702883,
            90.94689709894762
        ],
        "35": [
            26.340252381090757,
            83.75039676150956
        ],
        "36": [
            7.618165511954722,
            91.81014801874505
        ],
        "37": [
            28.62376186467256,
            53.82476032098743
        ],
        "38": [
            29.667005731879946,
            72.0355410310025
        ],
        "39": [
            54.565084911323424,
            89.6392575102554
        ],
        "40": [
            72.25045136311124,
            87.24617110178781
        ]
    },
    "distance_matrix_str_keys": {
        "0,0": 0.0,
        "0,1": 33.96409475975025,
        "0,2": 50.721653668979975,
        "0,3": 24.26822735479358,
        "0,4": 46.945068864915406,
        "0,5": 35.085872663772804,
        "0,6": 7.131149918568357,
        "0,7": 42.59009706759934,
        "0,8": 14.218371956697355,
        "0,9": 46.33970167901964,
        "0,10": 53.869814254730656,
        "0,11": 8.824973277135795,
        "0,12": 41.60802518769953,
        "0,13": 8.41148662335087,
        "0,14": 42.301124369792774,
        "0,15": 60.19327092902875,
        "0,16": 52.03525329848806,
        "0,17": 60.524353742908495,
        "0,18": 44.51517440103282,
        "0,19": 51.785740718499625,
        "0,20": 49.16624643898993,
        "0,21": 35.23406142389743,
        "0,22": 52.631003243536874,
        "0,23": 17.315971829595764,
        "0,24": 37.65958082762263,
        "0,25": 33.2952513836079,
        "0,26": 46.09981323218779,
        "0,27": 25.597320240452326,
        "0,28": 14.87171291297681,
        "0,29": 44.36132447804911,
        "0,30": 47.68943838064081,
        "0,31": 42.08897598163055,
        "0,32": 52.44375145232838,
        "0,33": 35.970233609282495,
        "0,34": 52.352577284072325,
        "0,35": 41.21738636728191,
        "0,36": 59.5340941975389,
        "0,37": 21.71571662025518,
        "0,38": 29.98325740203018,
        "0,39": 39.90126233857686,
        "0,40": 43.386171156323904,
        "1,0": 33.96409475975025,
        "1,1": 0.0,
        "1,2": 83.67872750911025,
        "1,3": 14.004434256483696,
        "1,4": 55.92969999509748,
        "1,5": 20.218834935614872,
        "1,6": 27.808411868548763,
        "1,7": 63.26784832961323,
        "1,8": 28.518636321255233,
        "1,9": 79.6833693781638,
        "1,10": 57.709950399377895,
        "1,11": 38.12085044748146,
        "1,12": 36.97741122842543,
        "1,13": 27.86187103410963,
        "1,14": 37.643198889852094,
        "1,15": 71.6277224545476,
        "1,16": 46.04014697546696,
        "1,17": 93.54358030881959,
        "1,18": 50.15912827095546,
        "1,19": 22.22171668559403,
        "1,20": 73.47232656383372,
        "1,21": 11.79844831620452,
        "1,22": 72.86497276128502,
        "1,23": 20.520226460589587,
        "1,24": 50.41906481816728,
        "1,25": 47.68751527403104,
        "1,26": 78.85826406646723,
        "1,27": 19.817384757813105,
        "1,28": 48.537852225209846,
        "1,29": 61.37894130107065,
        "1,30": 62.74260263819569,
        "1,31": 30.92336017121128,
        "1,32": 19.482319446041885,
        "1,33": 19.643351041868492,
        "1,34": 64.9397895896796,
        "1,35": 15.806038745278018,
        "1,36": 27.05342646394026,
        "1,37": 16.40768528821277,
        "1,38": 8.720969000475014,
        "1,39": 39.05205380890511,
        "1,40": 53.928884737476196,
        "2,0": 50.721653668979975,
        "2,1": 83.67872750911025,
        "2,2": 0.0,
        "2,3": 71.3656764919285,
        "2,4": 60.25258669840102,
        "2,5": 77.41057117333038,
        "2,6": 55.9772724364359,
        "2,7": 40.823300690110656,
        "2,8": 62.56818324541967,
        "2,9": 27.465243670224126,
        "2,10": 69.60315131935023,
        "2,11": 50.925301602518864,
        "2,12": 86.95888663006956,
        "2,13": 58.6828005018503,
        "2,14": 73.49944769086994,
        "2,15": 87.0542964385643,
        "2,16": 79.56100601009375,
        "2,17": 9.864901231896901,
        "2,18": 63.74980460197081,
        "2,19": 97.41873216126736,
        "2,20": 60.73645912601194,
        "2,21": 81.5295256115212,
        "2,22": 70.00017258008397,
        "2,23": 67.81734268608568,
        "2,24": 72.22681085046504,
        "2,25": 51.164417504097194,
        "2,26": 31.97810263034516,
        "2,27": 75.53441570691028,
        "2,28": 35.908687931081445,
        "2,29": 47.55650816362496,
        "2,30": 51.422109545817385,
        "2,31": 89.993890503735,
        "2,32": 102.79869687940206,
        "2,33": 78.65682573757981,
        "2,34": 80.58395940697953,
        "2,35": 91.89454305941632,
        "2,36": 110.06443462736277,
        "2,37": 68.5620503812931,
        "2,38": 80.65706930756377,
        "2,39": 83.77164397241947,
        "2,40": 77.45056162417814,
        "3,0": 24.26822735479358,
        "3,1": 14.004434256483696,
        "3,2": 71.3656764919285,
        "3,3": 0.0,
        "3,4": 43.03115380886187,
        "3,5": 12.872142291295692,
        "3,6": 17.209191739397905,
        "3,7": 49.2748793568912,
        "3,8": 25.00787380237267,
        "3,9": 70.52506110142352,
        "3,10": 46.010202401840026,
        "3,11": 30.876312505040538,
        "3,12": 43.51318315148173,
        "3,13": 21.14688309841617,
        "3,14": 27.436616150123054,
        "3,15": 73.87663099902187,
        "3,16": 36.98420740569838,
        "3,17": 81.19574521629087,
        "3,18": 37.719409421213804,
        "3,19": 27.54705444307799,
        "3,20": 70.16509860430963,
        "3,21": 10.972515811753553,
        "3,22": 71.44004521776657,
        "3,23": 18.342218675094323,
        "3,24": 51.19131597215696,
        "3,25": 33.84700534448916,
        "3,26": 70.36800235596898,
        "3,27": 23.341921771969353,
        "3,28": 37.526896598044026,
        "3,29": 47.55103085608855,
        "3,30": 49.11427166364836,
        "3,31": 39.42168494792702,
        "3,32": 33.25097606485726,
        "3,33": 13.278300518408713,
        "3,34": 66.50488248522818,
        "3,35": 28.265401229539886,
        "3,36": 40.8749685503769,
        "3,37": 2.807520456695656,
        "3,38": 16.8777457247155,
        "3,39": 44.29508206621048,
        "3,40": 55.80975439263812,
        "4,0": 46.945068864915406,
        "4,1": 55.92969999509748,
        "4,2": 60.25258669840102,
        "4,3": 43.03115380886187,
        "4,4": 0.0,
        "4,5": 37.43003850704885,
        "4,6": 43.67279123341159,
        "4,7": 19.908552617205856,
        "4,8": 58.769069064741686,
        "4,9": 75.73196768020881,
        "4,10": 9.43470872723578,
        "4,11": 55.421685990190994,
        "4,12": 84.09236880582013,
        "4,13": 52.1433599877426,
        "4,14": 22.021439750920187,
        "4,15": 107.1355037989069,
        "4,16": 22.316070159365132,
        "4,17": 67.89511604340828,
        "4,18": 6.597691526209079,
        "4,19": 55.11775937069463,
        "4,20": 93.0415812665757,
        "4,21": 46.027031839125,
        "4,22": 98.2599530902896,
        "4,23": 56.37680959610288,
        "4,24": 84.53167968891938,
        "4,25": 13.987140021887836,
        "4,26": 78.15436199999027,
        "4,27": 64.10472236940329,
        "4,28": 46.809582473311394,
        "4,29": 13.34872177662256,
        "4,30": 10.868748541259839,
        "4,31": 81.47238653819426,
        "4,32": 72.93812210012672,
        "4,33": 38.53190123203659,
        "4,34": 99.29320460514218,
        "4,35": 71.1836685616973,
        "4,36": 80.27563073729792,
        "4,37": 41.71147794344531,
        "4,38": 59.86729110644374,
        "4,39": 83.73136505873714,
        "4,40": 90.18149458418586,
        "5,0": 35.085872663772804,
        "5,1": 20.218834935614872,
        "5,2": 77.41057117333038,
        "5,3": 12.872142291295692,
        "5,4": 37.43003850704885,
        "5,5": 0.0,
        "5,6": 28.018961363974157,
        "5,7": 48.69194551260385,
        "5,8": 37.81989167354401,
        "5,9": 80.26301722274927,
        "5,10": 37.94629683170876,
        "5,11": 42.66804462412338,
        "5,12": 55.13854768217349,
        "5,13": 33.510388751058855,
        "5,14": 17.52154827490327,
        "5,15": 86.66318905707283,
        "5,16": 25.89005874624561,
        "5,17": 87.01860869378015,
        "5,18": 31.183795337844952,
        "5,19": 20.397441036328555,
        "5,20": 82.63316383934891,
        "5,21": 8.864235194632304,
        "5,22": 84.2122425772076,
        "5,23": 31.18504827808459,
        "5,24": 64.04368549949473,
        "5,25": 32.29928885855243,
        "5,26": 80.60378190871683,
        "5,27": 35.4470332953155,
        "5,28": 46.40690299638617,
        "5,29": 45.29514062236448,
        "5,30": 45.74669989183883,
        "5,31": 50.14133522446324,
        "5,32": 35.54187342740981,
        "5,33": 1.3011940595751585,
        "5,34": 79.33646143118159,
        "5,35": 36.01939408065433,
        "5,36": 42.845772649249405,
        "5,37": 14.34632694288554,
        "5,38": 26.85804300821972,
        "5,39": 56.35519324422158,
        "5,40": 68.59391919386628,
        "6,0": 7.131149918568357,
        "6,1": 27.808411868548763,
        "6,2": 55.9772724364359,
        "6,3": 17.209191739397905,
        "6,4": 43.67279123341159,
        "6,5": 28.018961363974157,
        "6,6": 0.0,
        "6,7": 42.421380970170624,
        "6,8": 15.105526923422067,
        "6,9": 53.319340969826534,
        "6,10": 49.738336894282845,
        "6,11": 14.949807397068346,
        "6,12": 41.55522781042464,
        "6,13": 8.475881256977313,
        "6,14": 36.35903055668066,
        "6,15": 64.26671299721542,
        "6,16": 46.244935291307165,
        "6,17": 65.83780139606017,
        "6,18": 40.41481237427058,
        "6,19": 44.75449793228228,
        "6,20": 55.47330455961573,
        "6,21": 28.181521622714886,
        "6,22": 58.269729528650906,
        "6,23": 14.55263173613347,
        "6,24": 41.33357007224608,
        "6,25": 30.742714461522002,
        "6,26": 53.18511683916015,
        "6,27": 23.196698246266646,
        "6,28": 20.793060121018826,
        "6,29": 43.10047224786525,
        "6,30": 45.97702308794367,
        "6,31": 40.65647526514232,
        "6,32": 46.82279533161088,
        "6,33": 28.877563190365226,
        "6,34": 56.489486998744425,
        "6,35": 36.90853473967499,
        "6,36": 54.12759500448325,
        "6,37": 14.609643917601293,
        "6,38": 25.051713305451408,
        "6,39": 40.57825194673154,
        "6,40": 46.811204902784745,
        "7,0": 42.59009706759934,
        "7,1": 63.26784832961323,
        "7,2": 40.823300690110656,
        "7,3": 49.2748793568912,
        "7,4": 19.908552617205856,
        "7,5": 48.69194551260385,
        "7,6": 42.421380970170624,
        "7,7": 0.0,
        "7,8": 56.52625270858064,
        "7,9": 59.258146593867004,
        "7,10": 29.008212743971985,
        "7,11": 49.441002253854826,
        "7,12": 83.77431380928374,
        "7,13": 50.00938150639269,
        "7,14": 37.909516212567574,
        "7,15": 100.240466485351,
        "7,16": 41.24946980681185,
        "7,17": 48.08288558456288,
        "7,18": 24.65259358869742,
        "7,19": 68.61468147428302,
        "7,20": 81.75930321777798,
        "7,21": 55.95676485417892,
        "7,22": 88.43665417408637,
        "7,23": 56.89620131066124,
        "7,24": 78.99806462861665,
        "7,25": 16.397956188668612,
        "7,26": 62.311496504740056,
        "7,27": 65.4683853124565,
        "7,28": 36.23961530424952,
        "7,29": 6.749197136138905,
        "7,30": 10.667207343336123,
        "7,31": 83.04460196619488,
        "7,32": 82.18267959377933,
        "7,33": 49.97196091071242,
        "7,34": 92.50246927332087,
        "7,35": 76.74230805694201,
        "7,36": 89.79927808021247,
        "7,37": 47.05101896905482,
        "7,38": 64.6178294619051,
        "7,39": 82.38597762463806,
        "7,40": 84.85979236537881,
        "8,0": 14.218371956697355,
        "8,1": 28.518636321255233,
        "8,2": 62.56818324541967,
        "8,3": 25.00787380237267,
        "8,4": 58.769069064741686,
        "8,5": 37.81989167354401,
        "8,6": 15.105526923422067,
        "8,7": 56.52625270858064,
        "8,8": 0.0,
        "8,9": 52.863940130401204,
        "8,10": 64.62207443092778,
        "8,11": 11.80115761240308,
        "8,12": 27.39909112944443,
        "8,13": 6.69004435087741,
        "8,14": 49.76094389622487,
        "8,15": 49.975906847185996,
        "8,16": 59.71431543598832,
        "8,17": 72.14066962802279,
        "8,18": 55.34776500967881,
        "8,19": 49.790700492440784,
        "8,20": 45.615476865785844,
        "8,21": 34.500609266170585,
        "8,22": 46.437384886928804,
        "8,23": 8.001254455351486,
        "8,24": 26.970225646006256,
        "8,25": 45.79231144510156,
        "8,26": 51.428948487180264,
        "8,27": 13.2272820014445,
        "8,28": 27.152704157830954,
        "8,29": 57.805278110844334,
        "8,30": 60.86224215421546,
        "8,31": 28.154702548833857,
        "8,32": 44.09114936177542,
        "8,33": 38.283595225094665,
        "8,34": 42.33371003547299,
        "8,35": 30.522461382153544,
        "8,36": 50.40000764796684,
        "8,37": 23.58305481771879,
        "8,38": 21.591980282298593,
        "8,39": 25.866273072511042,
        "8,40": 32.16607120245509,
        "9,0": 46.33970167901964,
        "9,1": 79.6833693781638,
        "9,2": 27.465243670224126,
        "9,3": 70.52506110142352,
        "9,4": 75.73196768020881,
        "9,5": 80.26301722274927,
        "9,6": 53.319340969826534,
        "9,7": 59.258146593867004,
        "9,8": 52.863940130401204,
        "9,9": 0.0,
        "9,10": 85.00955715110125,
        "9,11": 41.748161323798506,
        "9,12": 71.22607027133276,
        "9,13": 51.86122080255015,
        "9,14": 82.34495082695598,
        "9,15": 62.59792389046203,
        "9,16": 90.56362378974251,
        "9,17": 31.92552443701478,
        "9,18": 77.15745733213082,
        "9,19": 98.07211063792947,
        "9,20": 34.63965480852138,
        "9,21": 81.49462996581929,
        "9,22": 44.340631674186255,
        "9,23": 60.16331835785335,
        "9,24": 52.300711513622886,
        "9,25": 63.31606872110433,
        "9,26": 4.618443968524587,
        "9,27": 65.80803468374533,
        "9,28": 33.96675477249186,
        "9,29": 65.28683763476162,
        "9,30": 69.54757488075956,
        "9,31": 76.26003682784251,
        "9,32": 96.84039545909944,
        "9,33": 81.3086113373689,
        "9,34": 57.07661495657438,
        "9,35": 83.27251527229501,
        "9,36": 103.26338675647769,
        "9,37": 67.88256486817329,
        "9,38": 74.10073534000583,
        "9,39": 67.30306178447371,
        "9,40": 56.546050816922104,
        "10,0": 53.869814254730656,
        "10,1": 57.709950399377895,
        "10,2": 69.60315131935023,
        "10,3": 46.010202401840026,
        "10,4": 9.43470872723578,
        "10,5": 37.94629683170876,
        "10,6": 49.738336894282845,
        "10,7": 29.008212743971985,
        "10,8": 64.62207443092778,
        "10,9": 85.00955715110125,
        "10,10": 0.0,
        "10,11": 62.57288509933872,
        "10,12": 88.6748503889217,
        "10,13": 58.165094060488606,
        "10,14": 20.653771381699585,
        "10,15": 113.8821304021625,
        "10,16": 16.747292239068027,
        "10,17": 77.08950847550382,
        "10,18": 9.360515061371013,
        "10,19": 53.14583233839898,
        "10,20": 101.19090650863342,
        "10,21": 46.80864436849396,
        "10,22": 105.97645943851687,
        "10,23": 61.2686288719834,
        "10,24": 91.03609572675502,
        "10,25": 22.32149696269525,
        "10,26": 87.33758596102317,
        "10,27": 68.41651046826706,
        "10,28": 55.29746827515807,
        "10,29": 22.294461583557787,
        "10,30": 19.038908722440752,
        "10,31": 85.30923153252625,
        "10,32": 73.15807964197057,
        "10,33": 38.84505555813637,
        "10,34": 106.06596398841428,
        "10,35": 73.40030122247227,
        "10,36": 80.182101260636,
        "10,37": 45.2142479288894,
        "10,38": 62.80104596469481,
        "10,39": 88.72823038497208,
        "10,40": 96.54867566004053,
        "11,0": 8.824973277135795,
        "11,1": 38.12085044748146,
        "11,2": 50.925301602518864,
        "11,3": 30.876312505040538,
        "11,4": 55.421685990190994,
        "11,5": 42.66804462412338,
        "11,6": 14.949807397068346,
        "11,7": 49.441002253854826,
        "11,8": 11.80115761240308,
        "11,9": 41.748161323798506,
        "11,10": 62.57288509933872,
        "11,11": 0.0,
        "11,12": 37.13971653103793,
        "11,13": 10.300339805009209,
        "11,14": 51.00680515479578,
        "11,15": 51.805102070355844,
        "11,16": 60.79024987523696,
        "11,17": 60.42830494386243,
        "11,18": 53.23048587266412,
        "11,19": 57.846429709246905,
        "11,20": 40.55510788860036,
        "11,21": 41.58386130164619,
        "11,22": 43.80796277079389,
        "11,23": 18.462158083991895,
        "11,24": 29.689833239417702,
        "11,25": 41.608496571320366,
        "11,26": 40.744683007212586,
        "11,27": 25.012659576101726,
        "11,28": 16.20989324987122,
        "11,29": 51.90616047350748,
        "11,30": 55.457704540513944,
        "11,31": 39.219189532924396,
        "11,32": 55.15079672977399,
        "11,33": 43.43386954661235,
        "11,34": 43.96267781103969,
        "11,35": 42.163221862055735,
        "11,36": 61.74552406818943,
        "11,37": 28.63579571723714,
        "11,38": 32.37583118497985,
        "11,39": 34.686057294003085,
        "11,40": 35.52085491273832,
        "12,0": 41.60802518769953,
        "12,1": 36.97741122842543,
        "12,2": 86.95888663006956,
        "12,3": 43.51318315148173,
        "12,4": 84.09236880582013,
        "12,5": 55.13854768217349,
        "12,6": 41.55522781042464,
        "12,7": 83.77431380928374,
        "12,8": 27.39909112944443,
        "12,9": 71.22607027133276,
        "12,10": 88.6748503889217,
        "12,11": 37.13971653103793,
        "12,12": 0.0,
        "12,13": 33.77591443306475,
        "12,14": 70.94617422737473,
        "12,15": 37.10918668677165,
        "12,16": 80.45121271910367,
        "12,17": 96.0068098818707,
        "12,18": 79.77789281022923,
        "12,19": 57.891019123556454,
        "12,20": 49.61017763171861,
        "12,21": 48.120441341203176,
        "12,22": 44.79462437170734,
        "12,23": 27.738007205289485,
        "12,24": 22.05007913987898,
        "12,25": 72.00788929092664,
        "12,26": 68.37650276049379,
        "12,27": 20.303119250579172,
        "12,28": 53.34960874225992,
        "12,29": 84.65214038294344,
        "12,30": 87.44511043539923,
        "12,31": 8.07148819815708,
        "12,32": 40.33279042219778,
        "12,33": 54.996820036214174,
        "12,34": 32.001668886835446,
        "12,35": 25.524098015547764,
        "12,36": 43.008615387523704,
        "12,37": 43.71875902036578,
        "12,38": 28.673837689994745,
        "12,39": 4.401325298426041,
        "12,40": 22.058769382424394,
        "13,0": 8.41148662335087,
        "13,1": 27.86187103410963,
        "13,2": 58.6828005018503,
        "13,3": 21.14688309841617,
        "13,4": 52.1433599877426,
        "13,5": 33.510388751058855,
        "13,6": 8.475881256977313,
        "13,7": 50.00938150639269,
        "13,8": 6.69004435087741,
        "13,9": 51.86122080255015,
        "13,10": 58.165094060488606,
        "13,11": 10.300339805009209,
        "13,12": 33.77591443306475,
        "13,13": 0.0,
        "13,14": 44.023102245936194,
        "13,15": 56.005250434877716,
        "13,16": 53.97202957565113,
        "13,17": 68.42217042838209,
        "13,18": 48.85708084477685,
        "13,19": 47.67158699040439,
        "13,20": 49.124879087020744,
        "13,21": 31.5762323365489,
        "13,22": 51.02291479217493,
        "13,23": 9.13628465993247,
        "13,24": 33.016184725895315,
        "13,25": 39.10579865388396,
        "13,26": 51.00077259064399,
        "13,27": 17.201739473180737,
        "13,28": 22.790513203980662,
        "13,29": 51.15170073628691,
        "13,30": 54.18081172004341,
        "13,31": 33.78267709337323,
        "13,32": 45.352693549498746,
        "13,33": 34.14456848997939,
        "13,34": 48.269116596102776,
        "13,35": 33.25005394479997,
        "13,36": 52.18576742821053,
        "13,37": 19.191017025264525,
        "13,38": 22.591427436199613,
        "13,39": 32.463449579823134,
        "13,40": 38.41598352161226,
        "14,0": 42.301124369792774,
        "14,1": 37.643198889852094,
        "14,2": 73.49944769086994,
        "14,3": 27.436616150123054,
        "14,4": 22.021439750920187,
        "14,5": 17.52154827490327,
        "14,6": 36.35903055668066,
        "14,7": 37.909516212567574,
        "14,8": 49.76094389622487,
        "14,9": 82.34495082695598,
        "14,10": 20.653771381699585,
        "14,11": 51.00680515479578,
        "14,12": 70.94617422737473,
        "14,13": 44.023102245936194,
        "14,14": 0.0,
        "14,15": 99.7270110602778,
        "14,16": 9.956905082015725,
        "14,17": 82.41730000029682,
        "14,18": 15.423954169067185,
        "14,19": 33.17959915534003,
        "14,20": 91.46322371056,
        "14,21": 26.358608795935012,
        "14,22": 94.62528563130114,
        "14,23": 44.73736290047097,
        "14,24": 76.72999146151021,
        "14,25": 22.783095832029677,
        "14,26": 83.64962546469236,
        "14,27": 50.723700379785214,
        "14,28": 49.049460648254886,
        "14,29": 32.8372052123223,
        "14,30": 31.998447795521447,
        "14,31": 66.6825737260151,
        "14,32": 52.50551330523053,
        "14,33": 18.319476747147764,
        "14,34": 92.09342207199178,
        "14,35": 53.44365746589227,
        "14,36": 59.54067067970566,
        "14,37": 27.40655490695257,
        "14,38": 43.58756850366526,
        "14,39": 71.61085945029176,
        "14,40": 81.8209131136672,
        "15,0": 60.19327092902875,
        "15,1": 71.6277224545476,
        "15,2": 87.0542964385643,
        "15,3": 73.87663099902187,
        "15,4": 107.1355037989069,
        "15,5": 86.66318905707283,
        "15,6": 64.26671299721542,
        "15,7": 100.240466485351,
        "15,8": 49.975906847185996,
        "15,9": 62.59792389046203,
        "15,10": 113.8821304021625,
        "15,11": 51.805102070355844,
        "15,12": 37.10918668677165,
        "15,13": 56.005250434877716,
        "15,14": 99.7270110602778,
        "15,15": 0.0,
        "15,16": 109.67544481509204,
        "15,17": 93.77718186943453,
        "15,18": 104.52542841436737,
        "15,19": 93.58605960284697,
        "15,20": 28.714468863735462,
        "15,21": 81.3798807349342,
        "15,22": 19.024370790824143,
        "15,23": 55.5510768240852,
        "15,24": 23.01364276885931,
        "15,25": 93.39799048255284,
        "15,26": 58.25237984705181,
        "15,27": 52.09611973474411,
        "15,28": 64.17439038003259,
        "15,29": 103.38740878023707,
        "15,30": 107.0894733627142,
        "15,31": 45.1243102777715,
        "15,32": 77.43994112673417,
        "15,33": 86.88421311039184,
        "15,34": 7.844374127275674,
        "15,35": 62.43917944536565,
        "15,36": 79.87153885919668,
        "15,37": 72.99535634148769,
        "15,38": 62.90765363021699,
        "15,39": 33.61045841800306,
        "15,40": 18.069441363364643,
        "16,0": 52.03525329848806,
        "16,1": 46.04014697546696,
        "16,2": 79.56100601009375,
        "16,3": 36.98420740569838,
        "16,4": 22.316070159365132,
        "16,5": 25.89005874624561,
        "16,6": 46.244935291307165,
        "16,7": 41.24946980681185,
        "16,8": 59.71431543598832,
        "16,9": 90.56362378974251,
        "16,10": 16.747292239068027,
        "16,11": 60.79024987523696,
        "16,12": 80.45121271910367,
        "16,13": 53.97202957565113,
        "16,14": 9.956905082015725,
        "16,15": 109.67544481509204,
        "16,16": 0.0,
        "16,17": 88.01300060317119,
        "16,18": 16.610176517902342,
        "16,19": 37.435765717539724,
        "16,20": 101.15014263209528,
        "16,21": 34.35140032774608,
        "16,22": 104.48671393531811,
        "16,23": 54.588482420909955,
        "16,24": 86.68202049294965,
        "16,25": 28.461052081000574,
        "16,26": 92.14101282998307,
        "16,27": 60.32598219780899,
        "16,28": 57.87083454505638,
        "16,29": 35.20032076047516,
        "16,30": 33.177753956748404,
        "16,31": 75.874398122113,
        "16,32": 59.07690238069024,
        "16,33": 26.39697583018803,
        "16,34": 102.04764910199894,
        "16,35": 61.790898994665085,
        "16,36": 65.66948146544755,
        "16,37": 37.16562362664207,
        "16,38": 52.63120912002543,
        "16,39": 81.2697750307853,
        "16,40": 91.75601450855086,
        "17,0": 60.524353742908495,
        "17,1": 93.54358030881959,
        "17,2": 9.864901231896901,
        "17,3": 81.19574521629087,
        "17,4": 67.89511604340828,
        "17,5": 87.01860869378015,
        "17,6": 65.83780139606017,
        "17,7": 48.08288558456288,
        "17,8": 72.14066962802279,
        "17,9": 31.92552443701478,
        "17,10": 77.08950847550382,
        "17,11": 60.42830494386243,
        "17,12": 96.0068098818707,
        "17,13": 68.42217042838209,
        "17,14": 82.41730000029682,
        "17,15": 93.77718186943453,
        "17,16": 88.01300060317119,
        "17,17": 0.0,
        "17,18": 71.8807625400685,
        "17,19": 107.11014484685373,
        "17,20": 66.43490449557665,
        "17,21": 91.3034483053512,
        "17,22": 76.01546407780612,
        "17,23": 77.55839806888082,
        "17,24": 80.35948331824325,
        "17,25": 59.828017437709725,
        "17,26": 36.53496437861966,
        "17,27": 85.18022585923016,
        "17,28": 45.68224111445007,
        "17,29": 54.81473135726052,
        "17,30": 58.41362849825051,
        "17,31": 99.32652401027207,
        "17,32": 112.65743266016023,
        "17,33": 88.27443843841631,
        "17,34": 87.68567964636883,
        "17,35": 101.65825999204144,
        "17,36": 119.91361351286758,
        "17,37": 78.39390466986987,
        "17,38": 90.48123025333307,
        "17,39": 92.68489230407884,
        "17,40": 85.37488141090886,
        "18,0": 44.51517440103282,
        "18,1": 50.15912827095546,
        "18,2": 63.74980460197081,
        "18,3": 37.719409421213804,
        "18,4": 6.597691526209079,
        "18,5": 31.183795337844952,
        "18,6": 40.41481237427058,
        "18,7": 24.65259358869742,
        "18,8": 55.34776500967881,
        "18,9": 77.15745733213082,
        "18,10": 9.360515061371013,
        "18,11": 53.23048587266412,
        "18,12": 79.77789281022923,
        "18,13": 48.85708084477685,
        "18,14": 15.423954169067185,
        "18,15": 104.52542841436737,
        "18,16": 16.610176517902342,
        "18,17": 71.8807625400685,
        "18,18": 0.0,
        "18,19": 48.54060783582494,
        "18,20": 92.06357773057607,
        "18,21": 39.89415620748948,
        "18,22": 96.70298094784907,
        "18,23": 52.22683717383575,
        "18,24": 81.6911131631885,
        "18,25": 13.854897933642704,
        "18,26": 79.24333661954691,
        "18,27": 59.59216205027302,
        "18,28": 46.45164478349782,
        "18,29": 18.62579099720297,
        "18,30": 16.976147146257148,
        "18,31": 76.70890639608757,
        "18,32": 66.72565448826377,
        "18,33": 32.24266473862293,
        "18,34": 96.70777743445697,
        "18,35": 65.62128019240086,
        "18,36": 73.99926789080834,
        "18,37": 36.661192107809185,
        "18,38": 54.595960668281656,
        "18,39": 79.69125674476109,
        "18,40": 87.21810108225094,
        "19,0": 51.785740718499625,
        "19,1": 22.22171668559403,
        "19,2": 97.41873216126736,
        "19,3": 27.54705444307799,
        "19,4": 55.11775937069463,
        "19,5": 20.397441036328555,
        "19,6": 44.75449793228228,
        "19,7": 68.61468147428302,
        "19,8": 49.790700492440784,
        "19,9": 98.07211063792947,
        "19,10": 53.14583233839898,
        "19,11": 57.846429709246905,
        "19,12": 57.891019123556454,
        "19,13": 47.67158699040439,
        "19,14": 33.17959915534003,
        "19,15": 93.58605960284697,
        "19,16": 37.435765717539724,
        "19,17": 107.11014484685373,
        "19,18": 48.54060783582494,
        "19,19": 0.0,
        "19,20": 95.27714087327902,
        "19,21": 16.580521601840623,
        "19,22": 95.02196629260077,
        "19,23": 41.893731582607124,
        "19,24": 72.63493512775734,
        "19,25": 52.24929944484059,
        "19,26": 97.8716344904169,
        "19,27": 42.033878700538615,
        "19,28": 64.88074297126444,
        "19,29": 64.67345457168656,
        "19,30": 64.5640127702595,
        "19,31": 50.88813065431618,
        "19,32": 23.981244328413638,
        "19,33": 19.10007111768295,
        "19,34": 87.04974147899888,
        "19,35": 33.21154066530626,
        "19,36": 29.30415941829948,
        "19,37": 30.21085394242748,
        "19,38": 30.859684487884746,
        "19,39": 60.4908657439509,
        "19,40": 76.04154927239192,
        "20,0": 49.16624643898993,
        "20,1": 73.47232656383372,
        "20,2": 60.73645912601194,
        "20,3": 70.16509860430963,
        "20,4": 93.0415812665757,
        "20,5": 82.63316383934891,
        "20,6": 55.47330455961573,
        "20,7": 81.75930321777798,
        "20,8": 45.615476865785844,
        "20,9": 34.63965480852138,
        "20,10": 101.19090650863342,
        "20,11": 40.55510788860036,
        "20,12": 49.61017763171861,
        "20,13": 49.124879087020744,
        "20,14": 91.46322371056,
        "20,15": 28.714468863735462,
        "20,16": 101.15014263209528,
        "20,17": 66.43490449557665,
        "20,18": 92.06357773057607,
        "20,19": 95.27714087327902,
        "20,20": 0.0,
        "20,21": 80.09078674934557,
        "20,22": 9.82156426179655,
        "20,23": 53.40083383694449,
        "20,24": 27.56085697638548,
        "20,25": 79.10036811346214,
        "20,26": 30.119041836585257,
        "20,27": 54.511009608699986,
        "20,28": 46.396199946756326,
        "20,29": 86.25630868665702,
        "20,30": 90.36130654148425,
        "20,31": 56.886782150600155,
        "20,32": 85.6138291410073,
        "20,33": 83.26578987407403,
        "20,34": 24.721307250321566,
        "20,35": 70.19108264703975,
        "20,36": 90.24766645885536,
        "20,37": 68.3130999676503,
        "20,38": 65.46860621657383,
        "20,39": 45.208874761196896,
        "20,40": 28.862186298572986,
        "21,0": 35.23406142389743,
        "21,1": 11.79844831620452,
        "21,2": 81.5295256115212,
        "21,3": 10.972515811753553,
        "21,4": 46.027031839125,
        "21,5": 8.864235194632304,
        "21,6": 28.181521622714886,
        "21,7": 55.95676485417892,
        "21,8": 34.500609266170585,
        "21,9": 81.49462996581929,
        "21,10": 46.80864436849396,
        "21,11": 41.58386130164619,
        "21,12": 48.120441341203176,
        "21,13": 31.5762323365489,
        "21,14": 26.358608795935012,
        "21,15": 81.3798807349342,
        "21,16": 34.35140032774608,
        "21,17": 91.3034483053512,
        "21,18": 39.89415620748948,
        "21,19": 16.580521601840623,
        "21,20": 80.09078674934557,
        "21,21": 0.0,
        "21,22": 80.67744786569745,
        "21,23": 26.969806672272814,
        "21,24": 59.30757083495498,
        "21,25": 39.71991079191043,
        "21,26": 81.33268824307106,
        "21,27": 29.35826512379084,
        "21,28": 48.35956255244916,
        "21,29": 53.10859412326806,
        "21,30": 53.88988669175401,
        "21,31": 42.504363316551824,
        "21,32": 26.942353184615055,
        "21,33": 8.05803327935854,
        "21,34": 74.33442448272088,
        "21,35": 27.448910271286824,
        "21,36": 34.381991210898846,
        "21,37": 13.633824783253564,
        "21,38": 19.450200645592403,
        "21,39": 49.78992724031786,
        "21,40": 63.40159328867081,
        "22,0": 52.631003243536874,
        "22,1": 72.86497276128502,
        "22,2": 70.00017258008397,
        "22,3": 71.44004521776657,
        "22,4": 98.2599530902896,
        "22,5": 84.2122425772076,
        "22,6": 58.269729528650906,
        "22,7": 88.43665417408637,
        "22,8": 46.437384886928804,
        "22,9": 44.340631674186255,
        "22,10": 105.97645943851687,
        "22,11": 43.80796277079389,
        "22,12": 44.79462437170734,
        "22,13": 51.02291479217493,
        "22,14": 94.62528563130114,
        "22,15": 19.024370790824143,
        "22,16": 104.48671393531811,
        "22,17": 76.01546407780612,
        "22,18": 96.70298094784907,
        "22,19": 95.02196629260077,
        "22,20": 9.82156426179655,
        "22,21": 80.67744786569745,
        "22,22": 0.0,
        "22,23": 53.70805067782451,
        "22,24": 23.49739488605338,
        "22,25": 84.27405126031749,
        "22,26": 39.859150132522345,
        "22,27": 53.23903686347044,
        "22,28": 52.39479310700722,
        "22,29": 92.49054329271907,
        "22,30": 96.48184644313946,
        "22,31": 52.56037480124923,
        "22,32": 83.0378847648127,
        "22,33": 84.70900416362663,
        "22,34": 16.060595383263507,
        "22,35": 67.51002124651474,
        "22,36": 86.98763335276992,
        "22,37": 69.89833812932136,
        "22,38": 64.45142631750501,
        "22,39": 40.47639324653182,
        "22,40": 22.870485270013535,
        "23,0": 17.315971829595764,
        "23,1": 20.520226460589587,
        "23,2": 67.81734268608568,
