{
    "num_robots": 5,
    "num_tasks": 50,
    "num_nodes": 51,
    "robot_capacity": [
        154,
        131,
        162,
        137,
        167
    ],
    "robot_speed": [
        0.88,
        0.97,
        0.82,
        0.93,
        1.16
    ],
    "task_demand": {
        "0": 0,
        "1": 10,
        "2": 8,
        "3": 9,
        "4": 9,
        "5": 15,
        "6": 7,
        "7": 5,
        "8": 5,
        "9": 14,
        "10": 11,
        "11": 7,
        "12": 12,
        "13": 15,
        "14": 14,
        "15": 15,
        "16": 7,
        "17": 11,
        "18": 10,
        "19": 14,
        "20": 9,
        "21": 8,
        "22": 14,
        "23": 12,
        "24": 15,
        "25": 15,
        "26": 9,
        "27": 10,
        "28": 7,
        "29": 8,
        "30": 13,
        "31": 11,
        "32": 12,
        "33": 6,
        "34": 8,
        "35": 15,
        "36": 7,
        "37": 15,
        "38": 12,
        "39": 8,
        "40": 8,
        "41": 12,
        "42": 11,
        "43": 9,
        "44": 14,
        "45": 13,
        "46": 13,
        "47": 10,
        "48": 9,
        "49": 10,
        "50": 14
    },
    "task_service_time": {
        "0": 0,
        "1": 85,
        "2": 17,
        "3": 81,
        "4": 36,
        "5": 29,
        "6": 52,
        "7": 43,
        "8": 45,
        "9": 80,
        "10": 68,
        "11": 13,
        "12": 32,
        "13": 94,
        "14": 78,
        "15": 34,
        "16": 79,
        "17": 81,
        "18": 44,
        "19": 34,
        "20": 21,
        "21": 24,
        "22": 39,
        "23": 51,
        "24": 18,
        "25": 79,
        "26": 20,
        "27": 16,
        "28": 84,
        "29": 86,
        "30": 66,
        "31": 78,
        "32": 46,
        "33": 58,
        "34": 44,
        "35": 35,
        "36": 60,
        "37": 80,
        "38": 67,
        "39": 51,
        "40": 10,
        "41": 72,
        "42": 51,
        "43": 41,
        "44": 16,
        "45": 34,
        "46": 56,
        "47": 53,
        "48": 50,
        "49": 62,
        "50": 98
    },
    "task_precedence": [],
    "coordinates": {
        "0": [
            100,
            0
        ],
        "1": [
            52.2675719508994,
            44.19734064010162
        ],
        "2": [
            47.67533674802117,
            1.9379939294156157
        ],
        "3": [
            11.334472939693807,
            89.20969320403938
        ],
        "4": [
            20.448125065076994,
            17.54116672495232
        ],
        "5": [
            9.41608173859565,
            66.39972171544458
        ],
        "6": [
            95.55381080339403,
            41.686768730887245
        ],
        "7": [
            87.9421329212442,
            37.92400035407556
        ],
        "8": [
            39.09181993077161,
            49.47928168921399
        ],
        "9": [
            24.721584700851373,
            77.4474317765902
        ],
        "10": [
            50.80877426624993,
            55.78891649872122
        ],
        "11": [
            13.288473437828785,
            78.40839673773876
        ],
        "12": [
            47.253632463876095,
            17.068585445340478
        ],
        "13": [
            97.595028022937,
            87.8255705265293
        ],
        "14": [
            76.45982665336707,
            41.93250247494152
        ],
        "15": [
            63.22576653504092,
            23.017767357325646
        ],
        "16": [
            34.051494079520836,
            30.611607247885196
        ],
        "17": [
            48.593263111163395,
            49.834658509639176
        ],
        "18": [
            93.87059997904336,
            28.494216078354174
        ],
        "19": [
            56.70320892986437,
            21.487072176061105
        ],
        "20": [
            74.66291551274077,
            4.372785659482048
        ],
        "21": [
            60.130520208551516,
            1.9960123301573707
        ],
        "22": [
            71.40843643010915,
            6.231306615500731
        ],
        "23": [
            12.446540258289296,
            66.81131782896765
        ],
        "24": [
            86.43233951668935,
            42.89837439915124
        ],
        "25": [
            44.065187870308876,
            48.77397420913604
        ],
        "26": [
            95.62932184993093,
            90.5827401997814
        ],
        "27": [
            34.00496549010176,
            65.41022894447798
        ],
        "28": [
            7.910866594105448,
            82.82952500635056
        ],
        "29": [
            51.67634591349719,
            28.255662774701484
        ],
        "30": [
            83.07392247603862,
            49.54586179909164
        ],
        "31": [
            46.36284100425445,
            28.143574152888263
        ],
        "32": [
            18.54281670517843,
            9.709002029802694
        ],
        "33": [
            29.679184610926523,
            17.779026962092836
        ],
        "34": [
            46.54553510731838,
            30.737195131898986
        ],
        "35": [
            86.84713155983113,
            66.67491750350904
        ],
        "36": [
            35.69458058826095,
            96.46908239235421
        ],
        "37": [
            6.403533199172862,
            54.8857093929693
        ],
        "38": [
            7.642739959381462,
            38.45337478064204
        ],
        "39": [
            13.895180435488308,
            63.77601011340682
        ],
        "40": [
            92.50136351473797,
            88.89343689502078
        ],
        "41": [
            89.44806435193594,
            23.677448645880695
        ],
        "42": [
            50.71266842379289,
            75.30655664522376
        ],
        "43": [
            64.02543732723139,
            19.357640066813918
        ],
        "44": [
            12.659607416438845,
            17.81736993354579
        ],
        "45": [
            49.82341497508009,
            51.267302605499786
        ],
        "46": [
            13.772022449056875,
            85.38504248133559
        ],
        "47": [
            58.87408419769691,
            22.244990064898396
        ],
        "48": [
            36.67272427437833,
            86.61477685761663
        ],
        "49": [
            79.81800376290016,
            63.028566711889326
        ],
        "50": [
            66.05678394736825,
            81.79662655900809
        ]
    },
    "distance_matrix_str_keys": {
        "0,0": 0.0,
        "0,1": 65.05220678132099,
        "0,2": 52.36054053295703,
        "0,3": 125.77736302864963,
        "0,4": 81.46283407624735,
        "0,5": 112.31370927663848,
        "0,6": 41.9232070051242,
        "0,7": 39.794747911563235,
        "0,8": 78.47296168634225,
        "0,9": 108.0043725908386,
        "0,10": 74.37862524469004,
        "0,11": 116.90494222967978,
        "0,12": 55.4392992141924,
        "0,13": 87.8584926374271,
        "0,14": 48.08819527701684,
        "0,15": 43.3838894182078,
        "0,16": 72.7067805052751,
        "0,17": 71.59710738801134,
        "0,18": 29.14600992480516,
        "0,19": 48.33535339345556,
        "0,20": 25.71165309229036,
        "0,21": 39.91941237121182,
        "0,22": 29.26271842306338,
        "0,23": 110.13337597107738,
        "0,24": 44.992798724686416,
        "0,25": 74.21323175914999,
        "0,26": 90.68812297976281,
        "0,27": 92.91847303164039,
        "0,28": 123.85935049170207,
        "0,29": 55.97819238872966,
        "0,30": 52.357277638947565,
        "0,31": 60.57231703702615,
        "0,32": 82.03375787284689,
        "0,33": 72.53351554076899,
        "0,34": 61.66161676066697,
        "0,35": 67.95986000797916,
        "0,36": 115.93735732430031,
        "0,37": 108.50225662707581,
        "0,38": 100.04261848947652,
        "0,39": 107.15138551704538,
        "0,40": 89.20915128027586,
        "0,41": 25.922286170382478,
        "0,42": 90.00176958073257,
        "0,43": 40.852018168669176,
        "0,44": 89.1392329336494,
        "0,45": 71.73580696700151,
        "0,46": 121.35019403390106,
        "0,47": 46.75660951743134,
        "0,48": 107.29614821103148,
        "0,49": 66.18091260982577,
        "0,50": 88.55975402195664,
        "1,0": 65.05220678132099,
        "1,1": 0.0,
        "1,2": 42.50812873524924,
        "1,3": 60.84102627340695,
        "1,4": 41.50938216734091,
        "1,5": 48.26174405085162,
        "1,6": 43.358983444109384,
        "1,7": 36.22194222803528,
        "1,8": 14.195046408596202,
        "1,9": 43.17811915964618,
        "1,10": 11.683009953384076,
        "1,11": 51.86295865265824,
        "1,12": 27.588203051246584,
        "1,13": 62.9126435383658,
        "1,14": 24.29803859375145,
        "1,15": 23.84651657966812,
        "1,16": 22.724384366149778,
        "1,17": 6.729033973162091,
        "1,18": 44.46796669640167,
        "1,19": 23.139385668551245,
        "1,20": 45.68967709075323,
        "1,21": 42.927590969284736,
        "1,22": 42.51814239320229,
        "1,23": 45.79417571441167,
        "1,24": 34.189452410349915,
        "1,25": 9.392799339426858,
        "1,26": 63.49682390968308,
        "1,27": 27.99123836052837,
        "1,28": 58.82144999077533,
        "1,29": 15.952637443115512,
        "1,30": 31.267201845798567,
        "1,31": 17.10524089214301,
        "1,32": 48.23696317641089,
        "1,33": 34.75863259983501,
        "1,34": 14.625909296221083,
        "1,35": 41.24302855511524,
        "1,36": 54.836110625392415,
        "1,37": 47.093006669962705,
        "1,38": 44.992985831858725,
        "1,39": 43.07858782454372,
        "1,40": 60.13733452715881,
        "1,41": 42.46710471221258,
        "1,42": 31.148050427465854,
        "1,43": 27.48195995154887,
        "1,44": 47.58879814664191,
        "1,45": 7.480525751217148,
        "1,46": 56.37671606622007,
        "1,47": 22.92491439119699,
        "1,48": 45.193342090631546,
        "1,49": 33.37126560972,
        "1,50": 40.04807946824964,
        "2,0": 52.36054053295703,
        "2,1": 42.50812873524924,
        "2,2": 0.0,
        "2,3": 94.53574919899754,
        "2,4": 31.381205479000137,
        "2,5": 74.96055591466988,
        "2,6": 62.22791476571522,
        "2,7": 54.00377331679292,
        "2,8": 48.30994517500471,
        "2,9": 78.921162795788,
        "2,10": 53.94200860411106,
        "2,11": 83.8461619514039,
        "2,12": 15.136467029166473,
        "2,13": 99.3410861160073,
        "2,14": 49.275831529352246,
        "2,15": 26.194898631852976,
        "2,16": 31.745632609749116,
        "2,17": 47.905459675475335,
        "2,18": 53.28447503548483,
        "2,19": 21.53297323699554,
        "2,20": 27.097188384604486,
        "2,21": 12.45531858967459,
        "2,22": 24.118303305589805,
        "2,23": 73.82151621235596,
        "2,24": 56.39022993246306,
        "2,25": 46.97491057662173,
        "2,26": 100.78430298658473,
        "2,27": 64.92768029228102,
        "2,28": 90.13685642728166,
        "2,29": 26.62006325673088,
        "2,30": 59.32595515152143,
        "2,31": 26.238427542942937,
        "2,32": 30.151157373190756,
        "2,33": 23.974983196737114,
        "2,34": 28.821353917684963,
        "2,35": 75.66570413745289,
        "2,36": 95.2872772417575,
        "2,37": 67.13287079355514,
        "2,38": 54.18470120201752,
        "2,39": 70.46303432347142,
        "2,40": 97.82955451720623,
        "2,41": 47.09102528975239,
        "2,42": 73.4314059424993,
        "2,43": 23.890790286268597,
        "2,44": 38.44809335849022,
        "2,45": 49.37605628773887,
        "2,46": 90.07133080220835,
        "2,47": 23.19021423980666,
        "2,48": 85.38861193575427,
        "2,49": 69.03049417264886,
        "2,50": 81.94680473704021,
        "3,0": 125.77736302864963,
        "3,1": 60.84102627340695,
        "3,2": 94.53574919899754,
        "3,3": 0.0,
        "3,4": 72.24566660185305,
        "3,5": 22.890500739629054,
        "3,6": 96.7022503392812,
        "3,7": 92.18978174911614,
        "3,8": 48.46623475287167,
        "3,9": 17.82036910934738,
        "3,10": 51.72203380384889,
        "3,11": 10.976617115470056,
        "3,12": 80.58861861066899,
        "3,13": 86.27165907095811,
        "3,14": 80.47635963167416,
        "3,15": 84.10753472962669,
        "3,16": 62.84742418900064,
        "3,17": 54.20895500032092,
        "3,18": 102.46258550932264,
        "3,19": 81.51487964933128,
        "3,20": 105.86686223956708,
        "3,21": 99.93638156665433,
        "3,22": 102.44166013046025,
        "3,23": 22.425965155678544,
        "3,24": 88.22940447415596,
        "3,25": 52.02256309048963,
        "3,26": 84.30603069088367,
        "3,27": 32.86891740718339,
        "3,28": 7.2406924144278255,
        "3,29": 73.09487355906116,
        "3,30": 81.97419192342113,
        "3,31": 70.39927176637336,
        "3,32": 79.82681327112311,
        "3,33": 73.7486849107767,
        "3,34": 68.25578312325473,
        "3,35": 78.8034119042736,
        "3,36": 25.41876425078925,
        "3,37": 34.67636127662835,
        "3,38": 50.8903994118265,
        "3,39": 25.562266300814308,
        "3,40": 81.16750669864257,
        "3,41": 101.9617979448628,
        "3,42": 41.76050150269985,
        "3,43": 87.49655453544742,
        "3,44": 71.40462032207803,
        "3,45": 54.046495384395385,
        "3,46": 4.5353721745050635,
        "3,47": 82.12360260653045,
        "3,48": 25.470778777740072,
        "3,49": 73.31742888570913,
        "3,50": 55.22214120354554,
        "4,0": 81.46283407624735,
        "4,1": 41.50938216734091,
        "4,2": 31.381205479000137,
        "4,3": 72.24566660185305,
        "4,4": 0.0,
        "4,5": 50.08856531900588,
        "4,6": 78.89153393395166,
        "4,7": 70.50461689308635,
        "4,8": 36.98148923063433,
        "4,9": 60.058496898404655,
        "4,10": 48.832974337772235,
        "4,11": 61.286868910501596,
        "4,12": 26.809672880751695,
        "4,13": 104.36255101200142,
        "4,14": 61.09212694352979,
        "4,15": 43.126787084355,
        "4,16": 18.86499573301454,
        "4,17": 42.83711483376183,
        "4,18": 74.23495883093139,
        "4,19": 36.46918255009091,
        "4,20": 55.79112620452764,
        "4,21": 42.61859112501096,
        "4,22": 52.20025162886085,
        "4,23": 49.91566036057941,
        "4,24": 70.68878650697593,
        "4,25": 39.15678637082402,
        "4,26": 104.82024520903292,
        "4,27": 49.75173404100006,
        "4,28": 66.48121973195265,
        "4,29": 33.01518140125533,
        "4,30": 70.32987280059197,
        "4,31": 27.999706167676283,
        "4,32": 8.060583338583355,
        "4,33": 9.234123555131383,
        "4,34": 29.24397333861842,
        "4,35": 82.60117147510515,
        "4,36": 80.38700316357695,
        "4,37": 39.898188276702,
        "4,38": 24.521385227381078,
        "4,39": 46.69691452840723,
        "4,40": 101.40421899263436,
        "4,41": 69.27225690998766,
        "4,42": 65.21336410086964,
        "4,43": 43.61515469873981,
        "4,44": 7.793413589409023,
        "4,45": 44.72538315911761,
        "4,46": 68.17156169391457,
        "4,47": 38.712792320823326,
        "4,48": 70.95351461528715,
        "4,49": 74.792286060568,
        "4,50": 78.79666162679203,
        "5,0": 112.31370927663848,
        "5,1": 48.26174405085162,
        "5,2": 74.96055591466988,
        "5,3": 22.890500739629054,
        "5,4": 50.08856531900588,
        "5,5": 0.0,
        "5,6": 89.61271345996367,
        "5,7": 83.52967988320239,
        "5,8": 34.16066053125784,
        "5,9": 18.876183897248843,
        "5,10": 42.731068112512354,
        "5,11": 12.617594591020968,
        "5,12": 62.17106441575334,
        "5,13": 90.7446613586288,
        "5,14": 71.36882057004853,
        "5,15": 69.11928921670642,
        "5,16": 43.447585414503095,
        "5,17": 42.53531308585135,
        "5,18": 92.5710160300167,
        "5,19": 65.21670404620819,
        "5,20": 90.02494162198268,
        "5,21": 81.97433776437278,
        "5,22": 86.3903363567799,
        "5,23": 3.058282230313463,
        "5,24": 80.52215401877193,
        "5,25": 38.874510040421974,
        "5,26": 89.54072343637016,
        "5,27": 24.6087850185432,
        "5,28": 16.498609299243,
        "5,29": 56.92889565596148,
        "5,30": 75.5614325974737,
        "5,31": 53.18454518525686,
        "5,32": 57.420684336102006,
        "5,33": 52.67414257786518,
        "5,34": 51.48215331337892,
        "5,35": 77.43153885297914,
        "5,36": 39.934019999368196,
        "5,37": 11.901593526267444,
        "5,38": 28.002554313245323,
        "5,39": 5.19097174979532,
        "5,40": 86.07631073879075,
        "5,41": 90.72106071498716,
        "5,42": 42.24618065949092,
        "5,43": 72.0773137931936,
        "5,44": 48.690505886496936,
        "5,45": 43.147916373833425,
        "5,46": 19.478619665079595,
        "5,47": 66.30033434588555,
        "5,48": 33.934834856302075,
        "5,49": 70.48258870653268,
        "5,50": 58.696114227984516,
        "6,0": 41.9232070051242,
        "6,1": 43.358983444109384,
        "6,2": 62.22791476571522,
        "6,3": 96.7022503392812,
        "6,4": 78.89153393395166,
        "6,5": 89.61271345996367,
        "6,6": 0.0,
        "6,7": 8.49094023292727,
        "6,8": 56.99719003166549,
        "6,9": 79.34752218002795,
        "6,10": 46.91469776494553,
        "6,11": 90.08919854979202,
        "6,12": 54.21219582261921,
        "6,13": 46.18393225868605,
        "6,14": 19.09556534367201,
        "6,15": 37.331408471991026,
        "6,16": 62.49155274337632,
        "6,17": 47.66215634443073,
        "6,18": 13.299497891614878,
        "6,19": 43.78809206670875,
        "6,20": 42.764036744654405,
        "6,21": 53.19930131335126,
        "6,22": 42.89625738268655,
        "6,23": 86.82200979497702,
        "6,24": 9.201588272116249,
        "6,25": 51.974097135364865,
        "6,26": 48.89602977548443,
        "6,27": 65.96258730451227,
        "6,28": 96.81948183921793,
        "6,29": 45.88710638480508,
        "6,30": 14.748320464309154,
        "6,31": 51.02126644015614,
        "6,32": 83.3862745011695,
        "6,33": 70.07885909802387,
        "6,34": 50.216573446445146,
        "6,35": 26.461554046067835,
        "6,36": 81.14326424326083,
        "6,37": 90.1220507506951,
        "6,38": 87.97051331769345,
        "6,39": 84.59353697781805,
        "6,40": 47.30525291771139,
        "6,41": 19.0161970344681,
        "6,42": 56.044787351837,
        "6,43": 38.63454828193462,
        "6,44": 86.26237391878581,
        "6,45": 46.72318195432403,
        "6,46": 92.72432278104122,
        "6,47": 41.51367366984021,
        "6,48": 74.06421717045887,
        "6,49": 26.515805933019667,
        "6,50": 49.78830473451746,
        "7,0": 39.794747911563235,
        "7,1": 36.22194222803528,
        "7,2": 54.00377331679292,
        "7,3": 92.18978174911614,
        "7,4": 70.50461689308635,
        "7,5": 83.52967988320239,
        "7,6": 8.49094023292727,
        "7,7": 0.0,
        "7,8": 50.198382503835056,
        "7,9": 74.55829496908598,
        "7,10": 41.20729976418813,
        "7,11": 84.92440888705262,
        "7,12": 45.72201220948979,
        "7,13": 50.826617923294975,
        "7,14": 12.161884988862422,
        "7,15": 28.86337730568679,
        "7,16": 54.38448351973679,
        "7,17": 41.112009596094694,
        "7,18": 11.138561538280076,
        "7,19": 35.29933398902042,
        "7,20": 36.08353672334529,
        "7,21": 45.434635743313905,
        "7,22": 35.746187993519975,
        "7,23": 80.83354268140185,
        "7,24": 5.198449121109089,
        "7,25": 45.19854245059561,
        "7,26": 53.21687472750586,
        "7,27": 60.53685482926039,
        "7,28": 91.76878409470996,
        "7,29": 37.532440086410695,
        "7,30": 12.600283186736712,
        "7,31": 42.71409899547361,
        "7,32": 74.91562735301765,
        "7,33": 61.64731217802152,
        "7,34": 42.0158122600222,
        "7,35": 28.771761588666838,
        "7,36": 78.46867754497077,
        "7,37": 83.28410903741639,
        "7,38": 80.30113789559368,
        "7,39": 78.43008084290331,
        "7,40": 51.17294250779499,
        "7,41": 14.325922834087,
        "7,42": 52.75877691557918,
        "7,43": 30.277352302555748,
        "7,44": 77.9213400375625,
        "7,45": 40.38663606729429,
        "7,46": 88.05541327631153,
        "7,47": 33.02700138133407,
        "7,48": 70.70603920116804,
        "7,49": 26.38637388114044,
        "7,50": 49.028316612199376,
        "8,0": 78.47296168634225,
        "8,1": 14.195046408596202,
        "8,2": 48.30994517500471,
        "8,3": 48.46623475287167,
        "8,4": 36.98148923063433,
        "8,5": 34.16066053125784,
        "8,6": 56.99719003166549,
        "8,7": 50.198382503835056,
        "8,8": 0.0,
        "8,9": 31.443935502306992,
        "8,10": 13.307836425543767,
        "8,11": 38.76475703168597,
        "8,12": 33.42257343231036,
        "8,13": 69.95043405633749,
        "8,14": 38.12245798645354,
        "8,15": 35.81423068326967,
        "8,16": 19.52931190571646,
        "8,17": 9.50808683146663,
        "8,18": 58.66078521694904,
        "8,19": 33.0715106383971,
        "8,20": 57.44474584313007,
        "8,21": 51.935419305161886,
        "8,22": 53.98843440906375,
        "8,23": 31.786324190987006,
        "8,24": 47.795743904923825,
        "8,25": 5.023131224990155,
        "8,26": 69.89980990524137,
        "8,27": 16.72337192525974,
        "8,28": 45.65622170411788,
        "8,29": 24.67412195070674,
        "8,30": 43.98215293972561,
        "8,31": 22.540633609698244,
        "8,32": 44.76535130827438,
        "8,33": 33.06816979254767,
        "8,34": 20.169870561185352,
        "8,35": 50.756868302195855,
        "8,36": 47.11244639446289,
        "8,37": 33.132364086541536,
        "8,38": 33.325894649707266,
        "8,39": 28.970106756627484,
        "8,40": 66.37812121802658,
        "8,41": 56.581674953999816,
        "8,42": 28.321233224403993,
        "8,43": 39.10241131313191,
        "8,44": 41.24486046074795,
        "8,45": 10.879528987603367,
        "8,46": 43.93535936550541,
        "8,47": 33.66072815321642,
        "8,48": 37.214204615942506,
        "8,49": 42.92091767604723,
        "8,50": 42.089429359989644,
        "9,0": 108.0043725908386,
        "9,1": 43.17811915964618,
        "9,2": 78.921162795788,
        "9,3": 17.82036910934738,
        "9,4": 60.058496898404655,
        "9,5": 18.876183897248843,
        "9,6": 79.34752218002795,
        "9,7": 74.55829496908598,
        "9,8": 31.443935502306992,
        "9,9": 0.0,
        "9,10": 33.90623458101361,
        "9,11": 11.473425243108931,
        "9,12": 64.44608801694557,
        "9,13": 73.60872574314959,
        "9,14": 62.75472797836159,
        "9,15": 66.67203602346403,
        "9,16": 47.75606420443197,
        "9,17": 36.50099009091948,
        "9,18": 84.7230998083855,
        "9,19": 64.4545276528059,
        "9,20": 88.51011483668498,
        "9,21": 83.34692202037223,
        "9,22": 85.15514433872835,
        "9,23": 16.24203300001835,
        "9,24": 70.72379108623943,
        "9,25": 34.58817937460773,
        "9,26": 72.11410066675806,
        "9,27": 15.201164787595504,
        "9,28": 17.651265416346433,
        "9,29": 56.09268481331531,
        "9,30": 64.67992680143348,
        "9,31": 53.8443530090933,
        "9,32": 68.01964450439901,
        "9,33": 59.87400379108707,
        "9,34": 51.557065652992556,
        "9,35": 63.052602137350576,
        "9,36": 21.959732031454823,
        "9,37": 29.061698638134118,
        "9,38": 42.57021750832955,
        "9,39": 17.43900225384558,
        "9,40": 68.73943154573311,
        "9,41": 84.1470632517799,
        "9,42": 26.07910618524068,
        "9,43": 70.1371280575516,
        "9,44": 60.83778078969502,
        "9,45": 36.26983659366505,
        "9,46": 13.524000044587833,
        "9,47": 64.91304023703377,
        "9,48": 15.062202791774574,
        "9,49": 56.95190131343241,
        "9,50": 41.56337560887783,
        "10,0": 74.37862524469004,
        "10,1": 11.683009953384076,
        "10,2": 53.94200860411106,
        "10,3": 51.72203380384889,
        "10,4": 48.832974337772235,
        "10,5": 42.731068112512354,
        "10,6": 46.91469776494553,
        "10,7": 41.20729976418813,
        "10,8": 13.307836425543767,
        "10,9": 33.90623458101361,
        "10,10": 0.0,
        "10,11": 43.811115718941984,
        "10,12": 38.88319778668399,
        "10,13": 56.70362194677327,
        "10,14": 29.154359848314744,
        "10,15": 35.04468451920786,
        "10,16": 30.244062894538107,
        "10,17": 6.353084123389223,
        "10,18": 50.98354150857493,
        "10,19": 34.804610096072466,
        "10,20": 56.68014259937335,
        "10,21": 54.59461041440913,
        "10,22": 53.66845235892877,
        "10,23": 39.91433738854435,
        "10,24": 37.884092661341406,
        "10,25": 9.73064092471466,
        "10,26": 56.74056444415644,
        "10,27": 19.363306602030242,
        "10,28": 50.70921998128849,
        "10,29": 27.546918905648123,
        "10,30": 32.86358959368555,
        "10,31": 28.000558494223338,
        "10,32": 56.25344909243978,
        "10,33": 43.48805883905422,
        "10,34": 25.411886029319923,
        "10,35": 37.64662288036018,
        "10,36": 43.397174420338274,
        "10,37": 44.41442577925677,
        "10,38": 46.51695953564688,
        "10,39": 37.76780472720375,
        "10,40": 53.23702911425613,
        "10,41": 50.24083106388472,
        "10,42": 19.51787676007107,
        "10,43": 38.75458792098758,
        "10,44": 53.82561917791574,
        "10,45": 4.627734341129342,
        "10,46": 47.409404745758344,
        "10,47": 34.49991630262333,
        "10,48": 33.912557795583815,
        "10,49": 29.898962042157034,
        "10,50": 30.14801455843195,
        "11,0": 116.90494222967978,
        "11,1": 51.86295865265824,
        "11,2": 83.8461619514039,
        "11,3": 10.976617115470056,
        "11,4": 61.286868910501596,
        "11,5": 12.617594591020968,
        "11,6": 90.08919854979202,
        "11,7": 84.92440888705262,
        "11,8": 38.76475703168597,
        "11,9": 11.473425243108931,
        "11,10": 43.811115718941984,
        "11,11": 0.0,
        "11,12": 70.11565072829114,
        "11,13": 84.83088062834263,
        "11,14": 72.94594388554489,
        "11,15": 74.5778456717218,
        "11,16": 52.111765578463235,
        "11,17": 45.41901243098922,
        "11,18": 94.78873640260218,
        "11,19": 71.58824238448142,
        "11,20": 96.16701018404187,
        "11,21": 89.62717130715754,
        "11,22": 92.66856228914803,
        "11,23": 11.627600384218285,
        "11,24": 81.3079752020014,
        "11,25": 42.72476038390601,
        "11,26": 83.23598954753025,
        "11,27": 24.45660256318631,
        "11,28": 6.961683024468905,
        "11,29": 63.157940729376,
        "11,30": 75.51857268612277,
        "11,31": 60.17030978319395,
        "11,32": 68.90003596811788,
        "11,33": 62.805858740661435,
        "11,34": 58.125516027239314,
        "11,35": 74.48859456084348,
        "11,36": 28.778846466658106,
        "11,37": 24.509574088703392,
        "11,38": 40.35192791059359,
        "11,39": 14.644959259244704,
        "11,40": 79.90380479949822,
        "11,41": 93.78571302302826,
        "11,42": 37.55252031897452,
        "11,43": 77.85391042281253,
        "11,44": 60.594290173739054,
        "11,45": 45.51308541315813,
        "11,46": 6.9933829780663,
        "11,47": 72.33516542767462,
        "11,48": 24.78241033189861,
        "11,49": 68.28409461139988,
        "11,50": 52.876976987654196,
        "12,0": 55.4392992141924,
        "12,1": 27.588203051246584,
        "12,2": 15.136467029166473,
        "12,3": 80.58861861066899,
        "12,4": 26.809672880751695,
        "12,5": 62.17106441575334,
        "12,6": 54.21219582261921,
        "12,7": 45.72201220948979,
        "12,8": 33.42257343231036,
        "12,9": 64.44608801694557,
        "12,10": 38.88319778668399,
        "12,11": 70.11565072829114,
        "12,12": 0.0,
        "12,13": 86.8378203584902,
        "12,14": 38.35643556287708,
        "12,15": 17.044114298172133,
        "12,16": 18.913220177004973,
        "12,17": 32.79344681984667,
        "12,18": 47.99673630229686,
        "12,19": 10.431563659208223,
        "12,20": 30.206822564701888,
        "12,21": 19.8241443270955,
        "12,22": 26.474538090075164,
        "12,23": 60.7113917876816,
        "12,24": 46.92706131571168,
        "12,25": 31.86530802596551,
        "12,26": 88.00305831524236,
        "12,27": 50.124262316563645,
        "12,28": 76.63128863741241,
        "12,29": 12.029592405005346,
        "12,30": 48.35149073103491,
        "12,31": 11.110755343217932,
        "12,32": 29.63906897289692,
        "12,33": 17.58880167847626,
        "12,34": 13.686938760360007,
        "12,35": 63.469940530354,
        "12,36": 80.2374637915226,
        "12,37": 55.66745434817752,
        "12,38": 45.014797788259095,
        "12,39": 57.39660130054166,
        "12,40": 84.88914212677481,
        "12,41": 42.708865065224764,
        "12,42": 58.34060523555128,
        "12,43": 16.927291851756948,
        "12,44": 34.602127784176695,
        "12,45": 34.295131397261976,
        "12,46": 76.079935010063,
        "12,47": 12.721244565035285,
        "12,48": 70.3464878872253,
        "12,49": 56.32724168750165,
        "12,50": 67.40384122677132,
        "13,0": 87.8584926374271,
        "13,1": 62.9126435383658,
        "13,2": 99.3410861160073,
        "13,3": 86.27165907095811,
        "13,4": 104.36255101200142,
        "13,5": 90.7446613586288,
        "13,6": 46.18393225868605,
        "13,7": 50.826617923294975,
        "13,8": 69.95043405633749,
        "13,9": 73.60872574314959,
        "13,10": 56.70362194677327,
        "13,11": 84.83088062834263,
        "13,12": 86.8378203584902,
        "13,13": 0.0,
        "13,14": 50.52593821117959,
        "13,15": 73.35732742433859,
        "13,16": 85.5056623859971,
        "13,17": 62.00388988074711,
        "13,18": 59.448136933878196,
        "13,19": 77.92905255510072,
        "13,20": 86.54622514151596,
        "13,21": 93.64989271728264,
        "13,22": 85.69341563056139,
        "13,23": 87.70327123342287,
        "13,24": 46.29318056210232,
        "13,25": 66.26062904698809,
        "13,26": 3.3861460933774286,
        "13,27": 67.42509615247081,
        "13,28": 89.8232112654208,
        "13,29": 75.21369074994966,
        "13,30": 40.941404550425844,
        "13,31": 78.65543641643957,
        "13,32": 111.1370792666936,
        "13,33": 97.56577295183604,
        "13,34": 76.58415849338576,
        "13,35": 23.72482669445322,
        "13,36": 62.50100551181356,
        "13,37": 96.95835796717486,
        "13,38": 102.61105125978919,
        "13,39": 87.08642742831151,
        "13,40": 5.204397823287686,
        "13,41": 64.66339426500251,
        "13,42": 48.525058991656884,
        "13,43": 76.25467146944918,
        "13,44": 110.06895031692711,
        "13,45": 60.15508263297415,
        "13,46": 83.85852634394499,
        "13,47": 76.15854531437589,
        "13,48": 60.93433445390476,
        "13,49": 30.510883135779732,
        "13,50": 32.10932893620884,
        "14,0": 48.08819527701684,
        "14,1": 24.29803859375145,
        "14,2": 49.275831529352246,
        "14,3": 80.47635963167416,
        "14,4": 61.09212694352979,
        "14,5": 71.36882057004853,
        "14,6": 19.09556534367201,
        "14,7": 12.161884988862422,
        "14,8": 38.12245798645354,
        "14,9": 62.75472797836159,
        "14,10": 29.154359848314744,
        "14,11": 72.94594388554489,
        "14,12": 38.35643556287708,
        "14,13": 50.52593821117959,
        "14,14": 0.0,
        "14,15": 23.084790486054715,
        "14,16": 43.893386067105084,
        "14,17": 28.965314319861672,
        "14,18": 21.993693847891617,
        "14,19": 28.43131308925071,
        "14,20": 37.60267566151133,
        "14,21": 43.14590935480601,
        "14,22": 36.056787557709264,
        "14,23": 68.67791703683199,
        "14,24": 10.019177679984764,
        "14,25": 33.10918841310673,
        "14,26": 52.29067963580621,
        "14,27": 48.51411007707455,
        "14,28": 79.82184147926446,
        "14,29": 28.30683418839987,
        "14,30": 10.085112976566236,
        "14,31": 33.10533324758435,
        "14,32": 66.27770380962548,
        "14,33": 52.64806595928038,
        "14,34": 31.940565824781228,
        "14,35": 26.83436611261268,
        "14,36": 68.08850002634065,
        "14,37": 71.24373531758016,
        "14,38": 68.90497623946165,
        "14,39": 66.26819585834538,
        "14,40": 49.62519789866542,
        "14,41": 22.404046706263443,
        "14,42": 42.151437088902,
        "14,43": 25.77282387826002,
        "14,44": 68.20562727641459,
        "14,45": 28.22475722787804,
        "14,46": 76.27505508988642,
        "14,47": 26.398039370619216,
        "14,48": 59.82908289222555,
        "14,49": 21.36167783177202,
        "14,50": 41.199170944725225,
        "15,0": 43.3838894182078,
        "15,1": 23.84651657966812,
        "15,2": 26.194898631852976,
        "15,3": 84.10753472962669,
        "15,4": 43.126787084355,
        "15,5": 69.11928921670642,
        "15,6": 37.331408471991026,
        "15,7": 28.86337730568679,
        "15,8": 35.81423068326967,
        "15,9": 66.67203602346403,
        "15,10": 35.04468451920786,
        "15,11": 74.5778456717218,
        "15,12": 17.044114298172133,
        "15,13": 73.35732742433859,
        "15,14": 23.084790486054715,
        "15,15": 0.0,
        "15,16": 30.146385813101563,
        "15,17": 30.549235792811892,
        "15,18": 31.130327775413893,
        "15,19": 6.699760103973348,
        "15,20": 21.873356378274995,
        "15,21": 21.24840545179616,
        "15,22": 18.674617823358126,
        "15,23": 67.05523755962541,
        "15,24": 30.55787240473493,
        "15,25": 32.10155706754159,
        "15,26": 74.93341012023221,
        "15,27": 51.487629709728374,
        "15,28": 81.46891743813339,
        "15,29": 12.681666495248423,
        "15,30": 33.13139129238943,
        "15,31": 17.624759651192015,
        "15,32": 46.62284032575756,
        "15,33": 33.95316715300596,
        "15,34": 18.379871752796237,
        "15,35": 49.63784488191226,
        "15,36": 78.44145511151095,
        "15,37": 65.14853744224024,
        "15,38": 57.686487324478385,
        "15,39": 63.9901639120343,
        "15,40": 72.08789368234629,
        "15,41": 26.230594392815558,
        "15,42": 53.765184920503415,
        "15,43": 3.7464656889702397,
        "15,44": 50.83286910428173,
        "15,45": 31.26754338087048,
        "15,46": 79.59491070738098,
        "15,47": 4.419765141819529,
        "15,48": 68.91765862735497,
        "15,49": 43.31473653638807,
        "15,50": 58.846996088501484,
        "16,0": 72.7067805052751,
        "16,1": 22.724384366149778,
        "16,2": 31.745632609749116,
        "16,3": 62.84742418900064,
        "16,4": 18.86499573301454,
        "16,5": 43.447585414503095,
        "16,6": 62.49155274337632,
        "16,7": 54.38448351973679,
        "16,8": 19.52931190571646,
        "16,9": 47.75606420443197,
        "16,10": 30.244062894538107,
        "16,11": 52.111765578463235,
        "16,12": 18.913220177004973,
        "16,13": 85.5056623859971,
        "16,14": 43.893386067105084,
        "16,15": 30.146385813101563,
        "16,16": 0.0,
        "16,17": 24.103708145877885,
        "16,18": 59.85656836123417,
        "16,19": 24.420428455254864,
        "16,20": 48.35042201651033,
        "16,21": 38.71650650993908,
        "16,22": 44.60874578724025,
        "16,23": 42.156767852524936,
        "16,24": 53.80258001008844,
        "16,25": 20.73995267523056,
        "16,26": 85.95560284505193,
        "16,27": 34.798652802834354,
        "16,28": 58.395576376649515,
        "16,29": 17.781616251914347,
        "16,30": 52.55192176601722,
        "16,31": 12.556291270082417,
        "16,32": 26.027638748154814,
        "16,33": 13.55699844657608,
        "16,34": 12.494672205420171,
        "16,35": 63.93701340808568,
        "16,36": 65.87796874281689,
        "16,37": 36.791871055862714,
        "16,38": 27.54842304408326,
        "16,39": 38.80920763354015,
        "16,40": 82.54186152499629,
        "16,41": 55.828868459466186,
        "16,42": 47.699404945563884,
        "16,43": 32.017011901949914,
        "16,44": 24.92599694017834,
        "16,45": 25.988675215223257,
        "16,46": 58.40707300390748,
        "16,47": 26.19468005648518,
        "16,48": 56.06447943279933,
        "16,49": 56.08415702753979,
        "16,50": 60.36758054953801,
        "17,0": 71.59710738801134,
        "17,1": 6.729033973162091,
        "17,2": 47.905459675475335,
        "17,3": 54.20895500032092,
        "17,4": 42.83711483376183,
        "17,5": 42.53531308585135,
        "17,6": 47.66215634443073,
        "17,7": 41.112009596094694,
        "17,8": 9.50808683146663,
        "17,9": 36.50099009091948,
        "17,10": 6.353084123389223,
        "17,11": 45.41901243098922,
        "17,12": 32.79344681984667,
        "17,13": 62.00388988074711,
        "17,14": 28.965314319861672,
        "17,15": 30.549235792811892,
        "17,16": 24.103708145877885,
        "17,17": 0.0,
        "17,18": 50.05448748124859,
        "17,19": 29.48485835343164,
        "17,20": 52.406189132419485,
        "17,21": 49.21020594975072,
        "17,22": 49.21162901162286,
        "17,23": 39.93485363247289,
        "17,24": 38.469569018701506,
        "17,25": 4.650646898246903,
        "17,26": 62.23180041669447,
        "17,27": 21.340497225962125,
        "17,28": 52.380517384872554,
        "17,29": 21.79812965587886,
        "17,30": 34.48186876862361,
        "17,31": 21.805456274672913,
        "17,32": 50.130805271178495,
        "17,33": 37.2196974655245,
        "17,34": 19.20693357727513,
        "17,35": 41.796564144300085,
        "17,36": 48.385385207719196,
        "17,37": 42.49101581596631,
        "17,38": 42.50269362904619,
        "17,39": 37.39409346284328,
        "17,40": 58.76656745130465,
        "17,41": 48.51097208137283,
        "17,42": 25.559919278213687,
        "17,43": 34.161391280206736,
        "17,44": 48.12831161958468,
