{
    "num_robots": 2,
    "num_tasks": 30,
    "num_nodes": 31,
    "robot_capacity": [
        226,
        180
    ],
    "robot_speed": [
        0.94,
        0.88
    ],
    "task_demand": {
        "0": 0,
        "1": 14,
        "2": 12,
        "3": 8,
        "4": 11,
        "5": 6,
        "6": 9,
        "7": 5,
        "8": 15,
        "9": 14,
        "10": 13,
        "11": 14,
        "12": 12,
        "13": 9,
        "14": 7,
        "15": 9,
        "16": 12,
        "17": 5,
        "18": 5,
        "19": 9,
        "20": 5,
        "21": 14,
        "22": 11,
        "23": 14,
        "24": 12,
        "25": 13,
        "26": 14,
        "27": 14,
        "28": 12,
        "29": 11,
        "30": 9
    },
    "task_service_time": {
        "0": 0,
        "1": 54,
        "2": 31,
        "3": 87,
        "4": 33,
        "5": 21,
        "6": 16,
        "7": 72,
        "8": 26,
        "9": 30,
        "10": 76,
        "11": 64,
        "12": 11,
        "13": 20,
        "14": 27,
        "15": 80,
        "16": 77,
        "17": 77,
        "18": 49,
        "19": 53,
        "20": 87,
        "21": 14,
        "22": 88,
        "23": 50,
        "24": 47,
        "25": 87,
        "26": 38,
        "27": 36,
        "28": 34,
        "29": 38,
        "30": 16
    },
    "task_precedence": [],
    "coordinates": {
        "0": [
            50.0,
            50.0
        ],
        "1": [
            69.40351789103005,
            21.38521168276072
        ],
        "2": [
            44.566228590620504,
            94.93876788889662
        ],
        "3": [
            79.22533341967288,
            39.09932533752492
        ],
        "4": [
            36.30511220790431,
            70.63233955892143
        ],
        "5": [
            66.4239840329311,
            47.210775619507885
        ],
        "6": [
            72.00979570186887,
            45.36596638943956
        ],
        "7": [
            87.57865916377749,
            21.076900505872732
        ],
        "8": [
            22.642008738711393,
            7.057070303012736
        ],
        "9": [
            38.033700421806884,
            90.232434778757
        ],
        "10": [
            69.97222105575693,
            35.18961092775
        ],
        "11": [
            71.24808529649843,
            48.1824082988203
        ],
        "12": [
            25.86423970866425,
            13.11033404684836
        ],
        "13": [
            94.68995032721085,
            19.430898564741593
        ],
        "14": [
            28.086845395925085,
            67.87206470614228
        ],
        "15": [
            22.98230039823158,
            18.018761845839048
        ],
        "16": [
            18.176848993814644,
            86.46550482589642
        ],
        "17": [
            46.04021911347028,
            74.72781987842608
        ],
        "18": [
            38.10539278449793,
            62.845690749501124
        ],
        "19": [
            88.55074003809807,
            36.745676752476044
        ],
        "20": [
            1.9503856701765243,
            38.98850215858596
        ],
        "21": [
            65.9284292078541,
            64.47155546971666
        ],
        "22": [
            17.1080876798139,
            71.16839022793215
        ],
        "23": [
            22.731089758980282,
            78.60314919173882
        ],
        "24": [
            1.9272622054376853,
            16.272840671287348
        ],
        "25": [
            93.48006004513287,
            16.086291685988762
        ],
        "26": [
            96.4512480913914,
            39.54598111023506
        ],
        "27": [
            38.24361056158416,
            85.24651817654653
        ],
        "28": [
            17.33972815288952,
            41.8018875991107
        ],
        "29": [
            63.16329215163036,
            81.94371696096393
        ],
        "30": [
            94.14497923992504,
            87.6833806470396
        ]
    },
    "distance_matrix_str_keys": {
        "0,0": 0.0,
        "0,1": 34.57314878613079,
        "0,2": 45.26608809143459,
        "0,3": 31.192063439089353,
        "0,4": 24.76375147898084,
        "0,5": 16.65914235963867,
        "0,6": 22.49234034825654,
        "0,7": 47.42047352035345,
        "0,8": 50.917137555180126,
        "0,9": 41.97429134389287,
        "0,10": 24.864376894896093,
        "0,11": 21.325683303459943,
        "0,12": 44.083810849062665,
        "0,13": 54.14482083087625,
        "0,14": 28.277146984139442,
        "0,15": 41.865925113922394,
        "0,16": 48.3988221155221,
        "0,17": 25.04286206904494,
        "0,18": 17.506954379414275,
        "0,19": 40.76563064929662,
        "0,20": 49.29521804350036,
        "0,21": 21.520705721297936,
        "0,22": 39.114941402497635,
        "0,23": 39.51877540382115,
        "0,24": 58.72401038288435,
        "0,25": 55.142136639199926,
        "0,26": 47.61307551708413,
        "0,27": 37.15548056743877,
        "0,28": 33.673467360293806,
        "0,29": 34.54957761755341,
        "0,30": 58.04150557216009,
        "1,0": 34.57314878613079,
        "1,1": 0.0,
        "1,2": 77.63386226616214,
        "1,3": 20.25482369344628,
        "1,4": 59.33619521688002,
        "1,5": 25.996872401551954,
        "1,6": 24.12196675914239,
        "1,7": 18.17775607895874,
        "1,8": 48.907406122185904,
        "1,9": 75.65715812850931,
        "1,10": 13.816108779415103,
        "1,11": 26.860606385431275,
        "1,12": 44.31864556290904,
        "1,13": 25.36184151659335,
        "1,14": 62.19401040361719,
        "1,15": 46.54312428295085,
        "1,16": 82.8227997709653,
        "1,17": 58.23467677325762,
        "1,18": 51.94751158263267,
        "1,19": 24.547097651394893,
        "1,20": 69.71227210456009,
        "1,21": 43.22625663047513,
        "1,22": 72.20233297502648,
        "1,23": 73.83906771162997,
        "1,24": 67.66964916937569,
        "1,25": 24.652757152709714,
        "1,26": 32.57903091237409,
        "1,27": 71.05776728741837,
        "1,28": 55.92386661677259,
        "1,29": 60.879167034453026,
        "1,30": 70.76430680572612,
        "2,0": 45.26608809143459,
        "2,1": 77.63386226616214,
        "2,2": 0.0,
        "2,3": 65.72135795918388,
        "2,4": 25.67193997439622,
        "2,5": 52.494978036405435,
        "2,6": 56.662262788333514,
        "2,7": 85.4730638102909,
        "2,8": 90.57518526998217,
        "2,9": 8.0513039701616,
        "2,10": 64.92631370027335,
        "2,11": 53.83380573013137,
        "2,12": 83.93841178616191,
        "2,13": 90.63015949782286,
        "2,14": 31.688743926841493,
        "2,15": 79.89088362183895,
        "2,16": 27.716340711557088,
        "2,17": 20.2646260153844,
        "2,18": 32.7369515927929,
        "2,19": 72.94568598131788,
        "2,20": 70.33165932289904,
        "2,21": 37.210141733220645,
        "2,22": 36.31776915536788,
        "2,23": 27.269501755916522,
        "2,24": 89.47854245238324,
        "2,25": 92.79157241307314,
        "2,26": 75.89740493390825,
        "2,27": 11.572173660451428,
        "2,28": 59.706032970017404,
        "2,29": 22.68748821954085,
        "2,30": 50.10681749996916,
        "3,0": 31.192063439089353,
        "3,1": 20.25482369344628,
        "3,2": 65.72135795918388,
        "3,3": 0.0,
        "3,4": 53.2585802923242,
        "3,5": 15.154872873056892,
        "3,6": 9.556922864112392,
        "3,7": 19.86418505249269,
        "3,8": 65.0259851109372,
        "3,9": 65.66083695902681,
        "3,10": 10.045195627027667,
        "3,11": 12.088791655929255,
        "3,12": 59.35346654022751,
        "3,13": 25.020019740464818,
        "3,14": 58.6772143862452,
        "3,15": 60.063873672765524,
        "3,16": 77.26883207360443,
        "3,17": 48.68923325301761,
        "3,18": 47.48409615986612,
        "3,19": 9.617841247435463,
        "3,20": 77.27502721749362,
        "3,21": 28.64537874595452,
        "3,22": 69.9069176923942,
        "3,23": 68.93585181818287,
        "3,24": 80.59801620175868,
        "3,25": 27.070222551972744,
        "3,26": 17.231704432720022,
        "3,27": 61.71762321524573,
        "3,28": 61.94458799615889,
        "3,29": 45.75621338440182,
        "3,30": 50.82328464119325,
        "4,0": 24.76375147898084,
        "4,1": 59.33619521688002,
        "4,2": 25.67193997439622,
        "4,3": 53.2585802923242,
        "4,4": 0.0,
        "4,5": 38.15384774017465,
        "4,6": 43.74030219995854,
        "4,7": 71.30720971386103,
        "4,8": 65.0268810367771,
        "4,9": 19.67617213382379,
        "4,10": 48.88416135105537,
        "4,11": 41.533249112650445,
        "4,12": 58.461893030215435,
        "4,13": 77.65550129963819,
        "4,14": 8.66943058428661,
        "4,15": 54.27417317920664,
        "4,16": 24.069130635123894,
        "4,17": 10.561499207510652,
        "4,18": 7.992052917474141,
        "4,19": 62.27287967910947,
        "4,20": 46.70738358012497,
        "4,21": 30.257167261217838,
        "4,22": 19.204507310833353,
        "4,23": 15.741279860497619,
        "4,24": 64.31789556652787,
        "4,25": 79.02054162523862,
        "4,26": 67.70464787084494,
        "4,27": 14.74218411684884,
        "4,28": 34.509140130712666,
        "4,29": 29.142908033019044,
        "4,30": 60.30081442626237,
        "5,0": 16.65914235963867,
        "5,1": 25.996872401551954,
        "5,2": 52.494978036405435,
        "5,3": 15.154872873056892,
        "5,4": 38.15384774017465,
        "5,5": 0.0,
        "5,6": 5.8825685798115925,
        "5,7": 33.62290451978724,
        "5,8": 59.40691383422973,
        "5,9": 51.54484804841965,
        "5,10": 12.533889520676265,
        "5,11": 4.920977856550436,
        "5,12": 52.989932771237434,
        "5,13": 39.63188640132197,
        "5,14": 43.55025907608929,
        "5,15": 52.33883400668562,
        "5,16": 62.19903379112598,
        "5,17": 34.24449732495871,
        "5,18": 32.34800119664161,
        "5,19": 24.47675684417655,
        "5,20": 64.995774221929,
        "5,21": 17.267892043385913,
        "5,22": 54.82722800613927,
        "5,23": 53.80102348964328,
        "5,24": 71.53308986303745,
        "5,25": 41.24032916097943,
        "5,26": 30.990089733750057,
        "5,27": 47.337629438427896,
        "5,28": 49.38137548625588,
        "5,29": 34.88566074727275,
        "5,30": 49.0559408530788,
        "6,0": 22.49234034825654,
        "6,1": 24.12196675914239,
        "6,2": 56.662262788333514,
        "6,3": 9.556922864112392,
        "6,4": 43.74030219995854,
        "6,5": 5.8825685798115925,
        "6,6": 0.0,
        "6,7": 28.85044594095217,
        "6,8": 62.48799811964174,
        "6,9": 56.27943706372222,
        "6,10": 10.378339025158946,
        "6,11": 2.917627078734669,
        "6,12": 56.301315754983904,
        "6,13": 34.45311534391492,
        "6,14": 49.35331827769533,
        "6,15": 56.13880023742671,
        "6,16": 67.72856274100315,
        "6,17": 39.19869064764038,
        "6,18": 38.14510847916362,
        "6,19": 18.65240555422741,
        "6,20": 70.34907948228327,
        "6,21": 20.05010106056648,
        "6,22": 60.66269545346782,
        "6,23": 59.439895525136485,
        "6,24": 75.88129852164239,
        "6,25": 36.30801015904797,
        "6,26": 25.124824846343788,
        "6,27": 52.255274085704535,
        "6,28": 54.78611998885883,
        "6,29": 37.632332666698105,
        "6,30": 47.75698796734111,
        "7,0": 47.42047352035345,
        "7,1": 18.17775607895874,
        "7,2": 85.4730638102909,
        "7,3": 19.86418505249269,
        "7,4": 71.30720971386103,
        "7,5": 33.62290451978724,
        "7,6": 28.85044594095217,
        "7,7": 0.0,
        "7,8": 66.43285487877411,
        "7,9": 85.07168070111017,
        "7,10": 22.564468934661896,
        "7,11": 31.64484469148488,
        "7,12": 62.226487526034376,
        "7,13": 7.299300267925202,
        "7,14": 75.69057601788364,
        "7,15": 64.6687078719771,
        "7,16": 95.35345211259097,
        "7,17": 67.8517733838489,
        "7,18": 64.74747813352562,
        "7,19": 15.698900926254042,
        "7,20": 87.48157917676386,
        "7,21": 48.49565482159642,
        "7,22": 86.45957892478778,
        "7,23": 86.686080460349,
        "7,24": 85.78601746094392,
        "7,25": 7.7286938583156335,
        "7,26": 20.489747988905325,
        "7,27": 80.94249102036105,
        "7,28": 73.2327284727748,
        "7,29": 65.58109096161486,
        "7,30": 66.9293639304758,
        "8,0": 50.917137555180126,
        "8,1": 48.907406122185904,
        "8,2": 90.57518526998217,
        "8,3": 65.0259851109372,
        "8,4": 65.0268810367771,
        "8,5": 59.40691383422973,
        "8,6": 62.48799811964174,
        "8,7": 66.43285487877411,
        "8,8": 0.0,
        "8,9": 84.58750160951895,
        "8,10": 55.05986596404954,
        "8,11": 63.669805273856994,
        "8,12": 6.857461219442528,
        "8,13": 73.10278731341637,
        "8,14": 61.05824915993264,
        "8,15": 10.966972230000808,
        "8,16": 79.53387407213702,
        "8,17": 71.60172202426266,
        "8,18": 57.89202378108601,
        "8,19": 72.28674992283072,
        "8,20": 38.04943633692148,
        "8,21": 71.90366683270805,
        "8,22": 64.34971347878309,
        "8,23": 71.54613434546964,
        "8,24": 22.672255013971228,
        "8,25": 71.41117805829836,
        "8,26": 80.64324608583694,
        "8,27": 79.73079541938313,
        "8,28": 35.147069697913814,
        "8,29": 85.14683938410711,
        "8,30": 107.76491409632712,
        "9,0": 41.97429134389287,
        "9,1": 75.65715812850931,
        "9,2": 8.0513039701616,
        "9,3": 65.66083695902681,
        "9,4": 19.67617213382379,
        "9,5": 51.54484804841965,
        "9,6": 56.27943706372222,
        "9,7": 85.07168070111017,
        "9,8": 84.58750160951895,
        "9,9": 0.0,
        "9,10": 63.63789403946549,
        "9,11": 53.58544662095779,
        "9,12": 78.07633569367471,
        "9,13": 90.67959077768339,
        "9,14": 24.472966201304526,
        "9,15": 73.76556921174084,
        "9,16": 20.210994777672763,
        "9,17": 17.44985457725992,
        "9,18": 27.386837866370232,
        "9,19": 73.57176479979167,
        "9,20": 62.673329525770804,
        "9,21": 37.97023566982529,
        "9,22": 28.307579608007707,
        "9,23": 19.220046211247336,
        "9,24": 82.30246922914371,
        "9,25": 92.58482235773019,
        "9,26": 77.34162179072405,
        "9,27": 4.990333318625047,
        "9,28": 52.666482589847085,
        "9,29": 26.461277814395373,
        "9,30": 56.1691488948428,
        "10,0": 24.864376894896093,
        "10,1": 13.816108779415103,
        "10,2": 64.92631370027335,
        "10,3": 10.045195627027667,
        "10,4": 48.88416135105537,
        "10,5": 12.533889520676265,
        "10,6": 10.378339025158946,
        "10,7": 22.564468934661896,
        "10,8": 55.05986596404954,
        "10,9": 63.63789403946549,
        "10,10": 0.0,
        "10,11": 13.055290616699962,
        "10,12": 49.32553584198548,
        "10,13": 29.313873092393028,
        "10,14": 53.12746445240901,
        "10,15": 50.028898664614736,
        "10,16": 72.8833167610325,
        "10,17": 46.2169956184187,
        "10,18": 42.1942353311087,
        "10,19": 18.643570163144457,
        "10,20": 68.12783325342676,
        "10,21": 29.559846560291486,
        "10,22": 63.94598625027774,
        "10,23": 64.15964300709685,
        "10,24": 70.62549555137599,
        "10,25": 30.291175282630896,
        "10,26": 26.834992713259794,
        "10,27": 59.265493225025544,
        "10,28": 53.04622052464256,
        "10,29": 47.24730620666601,
        "10,30": 57.79202451525705,
        "11,0": 21.325683303459943,
        "11,1": 26.860606385431275,
        "11,2": 53.83380573013137,
        "11,3": 12.088791655929255,
        "11,4": 41.533249112650445,
        "11,5": 4.920977856550436,
        "11,6": 2.917627078734669,
        "11,7": 31.64484469148488,
        "11,8": 63.669805273856994,
        "11,9": 53.58544662095779,
        "11,10": 13.055290616699962,
        "11,11": 0.0,
        "11,12": 57.35628851901254,
        "11,13": 37.09677004951995,
        "11,14": 47.440227646937366,
        "11,15": 56.916004420428294,
        "11,16": 65.43815097018503,
        "11,17": 36.60731338724713,
        "11,18": 36.24154962433944,
        "11,19": 20.740797708143877,
        "11,20": 69.9049288935721,
        "11,21": 17.135782925112345,
        "11,22": 58.81746940476157,
        "11,23": 57.26535019068373,
        "11,24": 76.31249583258459,
        "11,25": 39.04383949931667,
        "11,26": 26.641833447599133,
        "11,27": 49.62905997050274,
        "11,28": 54.28463884306787,
        "11,29": 34.71584426131446,
        "11,30": 45.65736050968465,
        "12,0": 44.083810849062665,
        "12,1": 44.31864556290904,
        "12,2": 83.93841178616191,
        "12,3": 59.35346654022751,
        "12,4": 58.461893030215435,
        "12,5": 52.989932771237434,
        "12,6": 56.301315754983904,
        "12,7": 62.226487526034376,
        "12,8": 6.857461219442528,
        "12,9": 78.07633569367471,
        "12,10": 49.32553584198548,
        "12,11": 57.35628851901254,
        "12,12": 0.0,
        "12,13": 69.11532375655031,
        "12,14": 54.8068163720727,
        "12,15": 5.691944979259876,
        "12,16": 73.75687802521242,
        "12,17": 64.83660004309169,
        "12,18": 51.219640129213126,
        "12,19": 66.99422921688534,
        "12,20": 35.23566374844454,
        "12,21": 65.13919209105913,
        "12,22": 58.714632638535875,
        "12,23": 65.56771663105249,
        "12,24": 24.144985817755106,
        "12,25": 67.68127867914113,
        "12,26": 75.37485779809565,
        "12,27": 73.19069533422838,
        "12,28": 29.931129990477718,
        "12,29": 78.2895517712574,
        "12,30": 101.11082370434025,
        "13,0": 54.14482083087625,
        "13,1": 25.36184151659335,
        "13,2": 90.63015949782286,
        "13,3": 25.020019740464818,
        "13,4": 77.65550129963819,
        "13,5": 39.63188640132197,
        "13,6": 34.45311534391492,
        "13,7": 7.299300267925202,
        "13,8": 73.10278731341637,
        "13,9": 90.67959077768339,
        "13,10": 29.313873092393028,
        "13,11": 37.09677004951995,
        "13,12": 69.11532375655031,
        "13,13": 0.0,
        "13,14": 82.35605723701595,
        "13,15": 71.72155316534851,
        "13,16": 101.72459443144815,
        "13,17": 73.65151630442524,
        "13,18": 71.32079873887032,
        "13,19": 18.370940277089602,
        "13,20": 94.77935804335354,
        "13,21": 53.44048906522921,
        "13,22": 93.25080940902485,
        "13,23": 93.16347384325158,
        "13,24": 92.81642978070082,
        "13,25": 3.556716135435535,
        "13,26": 20.19204585043634,
        "13,27": 86.70573832118824,
        "13,28": 80.52029570731055,
        "13,29": 70.01273198182577,
        "13,30": 68.2546577449509,
        "14,0": 28.277146984139442,
        "14,1": 62.19401040361719,
        "14,2": 31.688743926841493,
        "14,3": 58.6772143862452,
        "14,4": 8.66943058428661,
        "14,5": 43.55025907608929,
        "14,6": 49.35331827769533,
        "14,7": 75.69057601788364,
        "14,8": 61.05824915993264,
        "14,9": 24.472966201304526,
        "14,10": 53.12746445240901,
        "14,11": 47.440227646937366,
        "14,12": 54.8068163720727,
        "14,13": 82.35605723701595,
        "14,14": 0.0,
        "14,15": 50.113952006548,
        "14,16": 21.0695050766914,
        "14,17": 19.21783044009231,
        "14,18": 11.208734403539067,
        "14,19": 68.0054011262483,
        "14,20": 38.953494226247216,
        "14,21": 37.994064384614916,
        "14,22": 11.462935179729238,
        "14,23": 11.99334368221293,
        "14,24": 57.851566216474914,
        "14,25": 83.41485964414389,
        "14,26": 74.0003957272541,
        "14,27": 20.12539470483965,
        "14,28": 28.198486899611225,
        "14,29": 37.79376290059584,
        "14,30": 68.96495694381215,
        "15,0": 41.865925113922394,
        "15,1": 46.54312428295085,
        "15,2": 79.89088362183895,
        "15,3": 60.063873672765524,
        "15,4": 54.27417317920664,
        "15,5": 52.33883400668562,
        "15,6": 56.13880023742671,
        "15,7": 64.6687078719771,
        "15,8": 10.966972230000808,
        "15,9": 73.76556921174084,
        "15,10": 50.028898664614736,
        "15,11": 56.916004420428294,
        "15,12": 5.691944979259876,
        "15,13": 71.72155316534851,
        "15,14": 50.113952006548,
        "15,15": 0.0,
        "15,16": 68.61522416911748,
        "15,17": 61.2175210084652,
        "15,18": 47.30921134681408,
        "15,19": 68.19030443345474,
        "15,20": 29.699687639977327,
        "15,21": 63.26319637194483,
        "15,22": 53.47325847763362,
        "15,23": 60.584908160888496,
        "15,24": 21.127301627225318,
        "15,25": 70.5242409115545,
        "15,26": 76.55786990504397,
        "15,27": 68.93822458667636,
        "15,28": 24.44331589903133,
        "15,29": 75.50438387774203,
        "15,30": 99.58557110667485,
        "16,0": 48.3988221155221,
        "16,1": 82.8227997709653,
        "16,2": 27.716340711557088,
        "16,3": 77.26883207360443,
        "16,4": 24.069130635123894,
        "16,5": 62.19903379112598,
        "16,6": 67.72856274100315,
        "16,7": 95.35345211259097,
        "16,8": 79.53387407213702,
        "16,9": 20.210994777672763,
        "16,10": 72.8833167610325,
        "16,11": 65.43815097018503,
        "16,12": 73.75687802521242,
        "16,13": 101.72459443144815,
        "16,14": 21.0695050766914,
        "16,15": 68.61522416911748,
        "16,16": 0.0,
        "16,17": 30.234758843936397,
        "16,18": 30.903761496307574,
        "16,19": 86.16580437948198,
        "16,20": 50.17333848036403,
        "16,21": 52.57325576013001,
        "16,22": 15.334404643466145,
        "16,23": 9.086129267464015,
        "16,24": 72.04900534993344,
        "16,25": 103.07185472684542,
        "16,26": 91.25964748886133,
        "16,27": 20.103752094298343,
        "16,28": 44.671461528397984,
        "16,29": 45.21312457115561,
        "16,30": 75.97789174888783,
        "17,0": 25.04286206904494,
        "17,1": 58.23467677325762,
        "17,2": 20.2646260153844,
        "17,3": 48.68923325301761,
        "17,4": 10.561499207510652,
        "17,5": 34.24449732495871,
        "17,6": 39.19869064764038,
        "17,7": 67.8517733838489,
        "17,8": 71.60172202426266,
        "17,9": 17.44985457725992,
        "17,10": 46.2169956184187,
        "17,11": 36.60731338724713,
        "17,12": 64.83660004309169,
        "17,13": 73.65151630442524,
        "17,14": 19.21783044009231,
        "17,15": 61.2175210084652,
        "17,16": 30.234758843936397,
        "17,17": 0.0,
        "17,18": 14.287983115450537,
        "17,19": 57.00690822806803,
        "17,20": 56.75572432924332,
        "17,21": 22.377038686557917,
        "17,22": 29.15026189815767,
        "17,23": 23.62908564779789,
        "17,24": 73.23208013758016,
        "17,25": 75.42789494852597,
        "17,26": 61.47384502147065,
        "17,27": 13.093132505180947,
        "17,28": 43.67877285181487,
        "17,29": 18.58141009116216,
        "17,30": 49.81881674280301,
        "18,0": 17.506954379414275,
        "18,1": 51.94751158263267,
        "18,2": 32.7369515927929,
        "18,3": 47.48409615986612,
        "18,4": 7.992052917474141,
        "18,5": 32.34800119664161,
        "18,6": 38.14510847916362,
        "18,7": 64.74747813352562,
        "18,8": 57.89202378108601,
        "18,9": 27.386837866370232,
        "18,10": 42.1942353311087,
        "18,11": 36.24154962433944,
        "18,12": 51.219640129213126,
        "18,13": 71.32079873887032,
        "18,14": 11.208734403539067,
        "18,15": 47.30921134681408,
        "18,16": 30.903761496307574,
        "18,17": 14.287983115450537,
        "18,18": 0.0,
        "18,19": 56.79739245934807,
        "18,20": 43.316855690355965,
        "18,21": 27.870500388472493,
        "18,22": 22.58659222342906,
        "18,23": 22.01514683301679,
        "18,24": 58.97361695371339,
        "18,25": 72.47616970430236,
        "18,26": 62.826071823464,
        "18,27": 22.4012538392424,
        "18,28": 29.56441236731781,
        "18,29": 31.50607760206046,
        "18,30": 61.29719479341264,
        "19,0": 40.76563064929662,
        "19,1": 24.547097651394893,
        "19,2": 72.94568598131788,
        "19,3": 9.617841247435463,
        "19,4": 62.27287967910947,
        "19,5": 24.47675684417655,
        "19,6": 18.65240555422741,
        "19,7": 15.698900926254042,
        "19,8": 72.28674992283072,
        "19,9": 73.57176479979167,
        "19,10": 18.643570163144457,
        "19,11": 20.740797708143877,
        "19,12": 66.99422921688534,
        "19,13": 18.370940277089602,
        "19,14": 68.0054011262483,
        "19,15": 68.19030443345474,
        "19,16": 86.16580437948198,
        "19,17": 57.00690822806803,
        "19,18": 56.79739245934807,
        "19,19": 0.0,
        "19,20": 86.62939248576016,
        "19,21": 35.78398102424198,
        "19,22": 79.30306286014427,
        "19,23": 78.00175871010225,
        "19,24": 89.00990916202885,
        "19,25": 21.23931230188848,
        "19,26": 8.38210784923679,
        "19,27": 69.87945975041282,
        "19,28": 71.39028982880612,
        "19,29": 51.8399975778954,
        "19,30": 51.24397711241286,
        "20,0": 49.29521804350036,
        "20,1": 69.71227210456009,
        "20,2": 70.33165932289904,
        "20,3": 77.27502721749362,
        "20,4": 46.70738358012497,
        "20,5": 64.995774221929,
        "20,6": 70.34907948228327,
        "20,7": 87.48157917676386,
        "20,8": 38.04943633692148,
        "20,9": 62.673329525770804,
        "20,10": 68.12783325342676,
        "20,11": 69.9049288935721,
        "20,12": 35.23566374844454,
        "20,13": 94.77935804335354,
        "20,14": 38.953494226247216,
        "20,15": 29.699687639977327,
        "20,16": 50.17333848036403,
        "20,17": 56.75572432924332,
        "20,18": 43.316855690355965,
        "20,19": 86.62939248576016,
        "20,20": 0.0,
        "20,21": 68.86636378499227,
        "20,22": 35.57107148187434,
        "20,23": 44.73430363812219,
        "20,24": 22.715673256590105,
        "20,25": 94.35143102103264,
        "20,26": 94.50250674524413,
        "20,27": 58.796277254059106,
        "20,28": 15.644391956454927,
        "20,29": 74.78081571249169,
        "20,30": 104.26425214087702,
        "21,0": 21.520705721297936,
        "21,1": 43.22625663047513,
        "21,2": 37.210141733220645,
        "21,3": 28.64537874595452,
        "21,4": 30.257167261217838,
        "21,5": 17.267892043385913,
        "21,6": 20.05010106056648,
        "21,7": 48.49565482159642,
        "21,8": 71.90366683270805,
        "21,9": 37.97023566982529,
        "21,10": 29.559846560291486,
        "21,11": 17.135782925112345,
        "21,12": 65.13919209105913,
        "21,13": 53.44048906522921,
        "21,14": 37.994064384614916,
        "21,15": 63.26319637194483,
        "21,16": 52.57325576013001,
        "21,17": 22.377038686557917,
        "21,18": 27.870500388472493,
        "21,19": 35.78398102424198,
        "21,20": 68.86636378499227,
        "21,21": 0.0,
        "21,22": 49.27751356037893,
        "21,23": 45.45010535285398,
        "21,24": 80.12031880797483,
        "21,25": 55.67967414788472,
        "21,26": 39.40719134558144,
        "21,27": 34.61283373182593,
        "21,28": 53.616934932652576,
        "21,29": 17.689613057269668,
        "21,30": 36.53713896537283,
        "22,0": 39.114941402497635,
        "22,1": 72.20233297502648,
        "22,2": 36.31776915536788,
        "22,3": 69.9069176923942,
        "22,4": 19.204507310833353,
        "22,5": 54.82722800613927,
        "22,6": 60.66269545346782,
        "22,7": 86.45957892478778,
        "22,8": 64.34971347878309,
        "22,9": 28.307579608007707,
        "22,10": 63.94598625027774,
        "22,11": 58.81746940476157,
        "22,12": 58.714632638535875,
        "22,13": 93.25080940902485,
        "22,14": 11.462935179729238,
        "22,15": 53.47325847763362,
        "22,16": 15.334404643466145,
        "22,17": 29.15026189815767,
        "22,18": 22.58659222342906,
        "22,19": 79.30306286014427,
        "22,20": 35.57107148187434,
        "22,21": 49.27751356037893,
        "22,22": 0.0,
        "22,23": 9.321684034133163,
        "22,24": 56.95593755886663,
        "22,25": 94.16323986967211,
        "22,26": 85.4126095052969,
        "22,27": 25.394960406021344,
        "22,28": 29.367416194778592,
        "22,29": 47.29893788600767,
        "22,30": 78.78722973799456,
        "23,0": 39.51877540382115,
        "23,1": 73.83906771162997,
        "23,2": 27.269501755916522,
        "23,3": 68.93585181818287,
        "23,4": 15.741279860497619,
        "23,5": 53.80102348964328,
        "23,6": 59.439895525136485,
        "23,7": 86.686080460349,
        "23,8": 71.54613434546964,
        "23,9": 19.220046211247336,
        "23,10": 64.15964300709685,
        "23,11": 57.26535019068373,
        "23,12": 65.56771663105249,
        "23,13": 93.16347384325158,
        "23,14": 11.99334368221293,
        "23,15": 60.584908160888496,
        "23,16": 9.086129267464015,
        "23,17": 23.62908564779789,
        "23,18": 22.01514683301679,
        "23,19": 78.00175871010225,
        "23,20": 44.73430363812219,
        "23,21": 45.45010535285398,
        "23,22": 9.321684034133163,
        "23,23": 0.0,
        "23,24": 65.71047558138811,
        "23,25": 94.41278657546954,
        "23,26": 83.42735836104727,
        "23,27": 16.875208239293617,
        "23,28": 37.19408064163807,
        "23,29": 40.56996898373234,
        "23,30": 71.98884784519353,
        "24,0": 58.72401038288435,
        "24,1": 67.66964916937569,
        "24,2": 89.47854245238324,
        "24,3": 80.59801620175868,
        "24,4": 64.31789556652787,
        "24,5": 71.53308986303745,
        "24,6": 75.88129852164239,
        "24,7": 85.78601746094392,
        "24,8": 22.672255013971228,
        "24,9": 82.30246922914371,
        "24,10": 70.62549555137599,
        "24,11": 76.31249583258459,
        "24,12": 24.144985817755106,
        "24,13": 92.81642978070082,
        "24,14": 57.851566216474914,
        "24,15": 21.127301627225318,
        "24,16": 72.04900534993344,
        "24,17": 73.23208013758016,
        "24,18": 58.97361695371339,
        "24,19": 89.00990916202885,
        "24,20": 22.715673256590105,
        "24,21": 80.12031880797483,
        "24,22": 56.95593755886663,
        "24,23": 65.71047558138811,
        "24,24": 0.0,
        "24,25": 91.55298789662746,
        "24,26": 97.34692071996403,
        "24,27": 77.95027483289896,
        "24,28": 29.820736805524596,
        "24,29": 89.791510490831,
        "24,30": 116.63435409295705,
        "25,0": 55.142136639199926,
        "25,1": 24.652757152709714,
        "25,2": 92.79157241307314,
        "25,3": 27.070222551972744,
        "25,4": 79.02054162523862,
        "25,5": 41.24032916097943,
        "25,6": 36.30801015904797,
        "25,7": 7.7286938583156335,
        "25,8": 71.41117805829836,
        "25,9": 92.58482235773019,
        "25,10": 30.291175282630896,
        "25,11": 39.04383949931667,
        "25,12": 67.68127867914113,
        "25,13": 3.556716135435535,
        "25,14": 83.41485964414389,
        "25,15": 70.5242409115545,
        "25,16": 103.07185472684542,
        "25,17": 75.42789494852597,
        "25,18": 72.47616970430236,
        "25,19": 21.23931230188848,
        "25,20": 94.35143102103264,
        "25,21": 55.67967414788472,
        "25,22": 94.16323986967211,
        "25,23": 94.41278657546954,
        "25,24": 91.55298789662746,
        "25,25": 0.0,
        "25,26": 23.647092554652957,
        "25,27": 88.51102914198815,
        "25,28": 80.36567683923245,
        "25,29": 72.50039227036942,
        "25,30": 71.6001764329686,
        "26,0": 47.61307551708413,
        "26,1": 32.57903091237409,
        "26,2": 75.89740493390825,
        "26,3": 17.231704432720022,
        "26,4": 67.70464787084494,
        "26,5": 30.990089733750057,
        "26,6": 25.124824846343788,
        "26,7": 20.489747988905325,
        "26,8": 80.64324608583694,
        "26,9": 77.34162179072405,
        "26,10": 26.834992713259794,
        "26,11": 26.641833447599133,
        "26,12": 75.37485779809565,
        "26,13": 20.19204585043634,
        "26,14": 74.0003957272541,
        "26,15": 76.55786990504397,
        "26,16": 91.25964748886133,
        "26,17": 61.47384502147065,
        "26,18": 62.826071823464,
        "26,19": 8.38210784923679,
        "26,20": 94.50250674524413,
        "26,21": 39.40719134558144,
        "26,22": 85.4126095052969,
        "26,23": 83.42735836104727,
        "26,24": 97.34692071996403,
        "26,25": 23.647092554652957,
        "26,26": 0.0,
        "26,27": 74.00451442277515,
        "26,28": 79.14367758113426,
        "26,29": 53.90413728013512,
        "26,30": 48.192614685044774,
        "27,0": 37.15548056743877,
        "27,1": 71.05776728741837,
        "27,2": 11.572173660451428,
        "27,3": 61.71762321524573,
        "27,4": 14.74218411684884,
        "27,5": 47.337629438427896,
        "27,6": 52.255274085704535,
        "27,7": 80.94249102036105,
        "27,8": 79.73079541938313,
        "27,9": 4.990333318625047,
        "27,10": 59.265493225025544,
        "27,11": 49.62905997050274,
        "27,12": 73.19069533422838,
        "27,13": 86.70573832118824,
        "27,14": 20.12539470483965,
        "27,15": 68.93822458667636,
        "27,16": 20.103752094298343,
        "27,17": 13.093132505180947,
        "27,18": 22.4012538392424,
        "27,19": 69.87945975041282,
        "27,20": 58.796277254059106,
        "27,21": 34.61283373182593,
        "27,22": 25.394960406021344,
        "27,23": 16.875208239293617,
        "27,24": 77.95027483289896,
        "27,25": 88.51102914198815,
        "27,26": 74.00451442277515,
        "27,27": 0.0,
        "27,28": 48.212117001500836,
        "27,29": 25.137601843034695,
        "27,30": 55.95445754193215,
        "28,0": 33.673467360293806,
        "28,1": 55.92386661677259,
        "28,2": 59.706032970017404,
        "28,3": 61.94458799615889,
        "28,4": 34.509140130712666,
        "28,5": 49.38137548625588,
        "28,6": 54.78611998885883,
        "28,7": 73.2327284727748,
        "28,8": 35.147069697913814,
        "28,9": 52.666482589847085,
        "28,10": 53.04622052464256,
        "28,11": 54.28463884306787,
        "28,12": 29.931129990477718,
        "28,13": 80.52029570731055,
        "28,14": 28.198486899611225,
        "28,15": 24.44331589903133,
        "28,16": 44.671461528397984,
        "28,17": 43.67877285181487,
        "28,18": 29.56441236731781,
        "28,19": 71.39028982880612,
        "28,20": 15.644391956454927,
        "28,21": 53.616934932652576,
        "28,22": 29.367416194778592,
        "28,23": 37.19408064163807,
        "28,24": 29.820736805524596,
        "28,25": 80.36567683923245,
        "28,26": 79.14367758113426,
        "28,27": 48.212117001500836,
        "28,28": 0.0,
        "28,29": 60.91933586360606,
        "28,30": 89.46596000071601,
        "29,0": 34.54957761755341,
        "29,1": 60.879167034453026,
        "29,2": 22.68748821954085,
        "29,3": 45.75621338440182,
        "29,4": 29.142908033019044,
        "29,5": 34.88566074727275,
        "29,6": 37.632332666698105,
        "29,7": 65.58109096161486,
        "29,8": 85.14683938410711,
        "29,9": 26.461277814395373,
        "29,10": 47.24730620666601,
        "29,11": 34.71584426131446,
        "29,12": 78.2895517712574,
        "29,13": 70.01273198182577,
        "29,14": 37.79376290059584,
        "29,15": 75.50438387774203,
        "29,16": 45.21312457115561,
        "29,17": 18.58141009116216,
        "29,18": 31.50607760206046,
        "29,19": 51.8399975778954,
        "29,20": 74.78081571249169,
        "29,21": 17.689613057269668,
        "29,22": 47.29893788600767,
        "29,23": 40.56996898373234,
        "29,24": 89.791510490831,
        "29,25": 72.50039227036942,
        "29,26": 53.90413728013512,
        "29,27": 25.137601843034695,
        "29,28": 60.91933586360606,
        "29,29": 0.0,
        "29,30": 31.508866594440697,
        "30,0": 58.04150557216009,
        "30,1": 70.76430680572612,
        "30,2": 50.10681749996916,
        "30,3": 50.82328464119325,
        "30,4": 60.30081442626237,
        "30,5": 49.0559408530788,
        "30,6": 47.75698796734111,
        "30,7": 66.9293639304758,
        "30,8": 107.76491409632712,
        "30,9": 56.1691488948428,
        "30,10": 57.79202451525705,
        "30,11": 45.65736050968465,
        "30,12": 101.11082370434025,
        "30,13": 68.2546577449509,
        "30,14": 68.96495694381215,
        "30,15": 99.58557110667485,
        "30,16": 75.97789174888783,
        "30,17": 49.81881674280301,
        "30,18": 61.29719479341264,
        "30,19": 51.24397711241286,
        "30,20": 104.26425214087702,
        "30,21": 36.53713896537283,
        "30,22": 78.78722973799456,
        "30,23": 71.98884784519353,
        "30,24": 116.63435409295705,
        "30,25": 71.6001764329686,
        "30,26": 48.192614685044774,
        "30,27": 55.95445754193215,
        "30,28": 89.46596000071601,
        "30,29": 31.508866594440697,
        "30,30": 0.0
    }
}