{
    "num_robots": 6,
    "num_tasks": 60,
    "num_nodes": 61,
    "robot_capacity": [
        127,
        94,
        112,
        126,
        122,
        125
    ],
    "robot_speed": [
        1.06,
        1.06,
        0.86,
        0.97,
        0.89,
        0.89
    ],
    "task_demand": {
        "0": 0,
        "1": 13,
        "2": 11,
        "3": 14,
        "4": 13,
        "5": 8,
        "6": 5,
        "7": 15,
        "8": 8,
        "9": 14,
        "10": 10,
        "11": 7,
        "12": 8,
        "13": 6,
        "14": 8,
        "15": 10,
        "16": 5,
        "17": 10,
        "18": 7,
        "19": 8,
        "20": 13,
        "21": 6,
        "22": 9,
        "23": 6,
        "24": 8,
        "25": 14,
        "26": 13,
        "27": 6,
        "28": 12,
        "29": 15,
        "30": 5,
        "31": 6,
        "32": 5,
        "33": 13,
        "34": 5,
        "35": 10,
        "36": 5,
        "37": 5,
        "38": 13,
        "39": 8,
        "40": 15,
        "41": 15,
        "42": 13,
        "43": 13,
        "44": 12,
        "45": 6,
        "46": 6,
        "47": 10,
        "48": 5,
        "49": 11,
        "50": 8,
        "51": 6,
        "52": 5,
        "53": 13,
        "54": 5,
        "55": 10,
        "56": 6,
        "57": 8,
        "58": 8,
        "59": 5,
        "60": 6
    },
    "task_service_time": {
        "0": 0,
        "1": 57,
        "2": 60,
        "3": 39,
        "4": 21,
        "5": 70,
        "6": 79,
        "7": 40,
        "8": 21,
        "9": 15,
        "10": 31,
        "11": 72,
        "12": 74,
        "13": 65,
        "14": 44,
        "15": 19,
        "16": 60,
        "17": 29,
        "18": 74,
        "19": 62,
        "20": 80,
        "21": 54,
        "22": 91,
        "23": 42,
        "24": 16,
        "25": 47,
        "26": 39,
        "27": 92,
        "28": 12,
        "29": 54,
        "30": 15,
        "31": 67,
        "32": 99,
        "33": 70,
        "34": 19,
        "35": 34,
        "36": 95,
        "37": 42,
        "38": 71,
        "39": 60,
        "40": 27,
        "41": 76,
        "42": 63,
        "43": 75,
        "44": 41,
        "45": 58,
        "46": 19,
        "47": 15,
        "48": 83,
        "49": 80,
        "50": 68,
        "51": 75,
        "52": 99,
        "53": 16,
        "54": 30,
        "55": 77,
        "56": 78,
        "57": 92,
        "58": 32,
        "59": 33,
        "60": 51
    },
    "task_precedence": [],
    "coordinates": {
        "0": [
            0,
            0
        ],
        "1": [
            58.76191065079005,
            12.421997364326065
        ],
        "2": [
            79.14816965614254,
            35.733096857879985
        ],
        "3": [
            6.443646398976,
            57.77941780144833
        ],
        "4": [
            27.781172829317057,
            65.83795099343402
        ],
        "5": [
            1.1037955592963056,
            40.046346555412384
        ],
        "6": [
            32.95070299869681,
            51.397925377679485
        ],
        "7": [
            27.628137298597043,
            7.898101866520846
        ],
        "8": [
            3.5627924987747916,
            93.07857204425471
        ],
        "9": [
            38.49556068308966,
            84.04957934728463
        ],
        "10": [
            82.13493251072921,
            90.19603727576114
        ],
        "11": [
            71.96049164536475,
            71.38982157873708
        ],
        "12": [
            0.39430523610767265,
            15.948818173449153
        ],
        "13": [
            48.011329619520104,
            92.21830264629808
        ],
        "14": [
            75.2964091520352,
            43.33766516674844
        ],
        "15": [
            33.254685424393514,
            65.36612076541493
        ],
        "16": [
            72.7179921142891,
            44.60127765082705
        ],
        "17": [
            9.91988723380971,
            0.5949106537602389
        ],
        "18": [
            51.3560150528405,
            56.8345290032599
        ],
        "19": [
            28.254808280076706,
            0.36429501130210706
        ],
        "20": [
            29.025001600635704,
            88.9480855714957
        ],
        "21": [
            58.53894637369015,
            85.90487931883315
        ],
        "22": [
            31.14253575912962,
            64.81554649576533
        ],
        "23": [
            9.94363141068475,
            96.71957039996319
        ],
        "24": [
            0.901152235550573,
            70.44420011214095
        ],
        "25": [
            27.123365742496286,
            81.58686714554945
        ],
        "26": [
            27.62783120146608,
            67.17093953783852
        ],
        "27": [
            24.186843005852353,
            82.89191990320364
        ],
        "28": [
            10.55972024709656,
            28.79874328934666
        ],
        "29": [
            82.48250319223881,
            52.52736230660915
        ],
        "30": [
            37.72893482399468,
            21.386792514340737
        ],
        "31": [
            5.803259132497118,
            66.64337587437173
        ],
        "32": [
            64.81611350085406,
            41.996478761533375
        ],
        "33": [
            11.267161843073758,
            88.25778444551673
        ],
        "34": [
            52.78160265259917,
            36.155261905986954
        ],
        "35": [
            38.415512511061436,
            74.15372252662465
        ],
        "36": [
            16.52420242320689,
            11.62795033841918
        ],
        "37": [
            63.50896133653795,
            62.696070416107474
        ],
        "38": [
            70.8138074652164,
            67.84123570179993
        ],
        "39": [
            85.27658088405646,
            73.81080031414817
        ],
        "40": [
            10.822894182885268,
            66.7547224048545
        ],
        "41": [
            94.95392724940686,
            70.17269075095932
        ],
        "42": [
            79.28305051163419,
            86.01509913753429
        ],
        "43": [
            3.1819090852422294,
            62.062797688343764
        ],
        "44": [
            95.05257580251867,
            96.46673898474079
        ],
        "45": [
            32.82136988276826,
            16.47684218873582
        ],
        "46": [
            3.432624366967074,
            66.36238690284854
        ],
        "47": [
            86.02662001426648,
            68.11089283103317
        ],
        "48": [
            65.85370593509047,
            30.763863241137713
        ],
        "49": [
            82.49472769461813,
            51.95408056468677
        ],
        "50": [
            22.636695649474703,
            27.396537431960645
        ],
        "51": [
            76.57497373597252,
            4.498132707725366
        ],
        "52": [
            36.90354603231651,
            77.661654786691
        ],
        "53": [
            23.88390615200815,
            56.35015575373031
        ],
        "54": [
            30.716268810702772,
            6.825040637731705
        ],
        "55": [
            79.54750501859667,
            78.38030810621423
        ],
        "56": [
            20.479712148319575,
            10.660876720382252
        ],
        "57": [
            16.679949407843097,
            35.107600789680795
        ],
        "58": [
            7.73295452224303,
            45.323432318884784
        ],
        "59": [
            68.24841924988802,
            22.588124242740506
        ],
        "60": [
            58.03709225024048,
            96.13653187532326
        ]
    },
    "distance_matrix_str_keys": {
        "0,0": 0.0,
        "0,1": 60.0605374755401,
        "0,2": 86.84058366323983,
        "0,3": 58.137610033345545,
        "0,4": 71.45928459469913,
        "0,5": 40.06155559976312,
        "0,6": 61.05321908988777,
        "0,7": 28.73489139850835,
        "0,8": 93.14673405002904,
        "0,9": 92.4458759532351,
        "0,10": 121.98964004698324,
        "0,11": 101.36478176806048,
        "0,12": 15.953691665221687,
        "0,13": 103.96779845124372,
        "0,14": 86.87751408331093,
        "0,15": 73.33896540444363,
        "0,16": 85.30639099868178,
        "0,17": 9.937710069098328,
        "0,18": 76.60028700422714,
        "0,19": 28.257156647461024,
        "0,20": 93.56394949311955,
        "0,21": 103.9541078232364,
        "0,22": 71.9090578512428,
        "0,23": 97.22937366858326,
        "0,24": 70.44996383810992,
        "0,25": 85.97728688337844,
        "0,26": 72.63079357471362,
        "0,27": 86.34855968589677,
        "0,28": 30.67369079101226,
        "0,29": 97.78797024045171,
        "0,30": 43.36896836454263,
        "0,31": 66.89557058947702,
        "0,32": 77.23233000320215,
        "0,33": 88.97407179189516,
        "0,34": 63.97734397478044,
        "0,35": 83.51362862457334,
        "0,36": 20.20540756322077,
        "0,37": 89.2422849083739,
        "0,38": 98.0664498657309,
        "0,39": 112.78355150592695,
        "0,40": 67.62638539684873,
        "0,41": 118.06970325750557,
        "0,42": 116.98033757033782,
        "0,43": 62.14431110191048,
        "0,44": 135.42829799212447,
        "0,45": 36.725041177567,
        "0,46": 66.45110462203063,
        "0,47": 109.7254440561508,
        "0,48": 72.6851144795466,
        "0,49": 97.49157186511643,
        "0,50": 35.53857415805772,
        "0,51": 76.70697361075582,
        "0,52": 85.9837445914428,
        "0,53": 61.20278610118659,
        "0,54": 31.465383349929827,
        "0,55": 111.67487745016216,
        "0,56": 23.088371578030717,
        "0,57": 38.86855213994729,
        "0,58": 45.97838734457319,
        "0,59": 71.88929048831938,
        "0,60": 112.29664660121409,
        "1,0": 60.0605374755401,
        "1,1": 0.0,
        "1,2": 30.967836796129067,
        "1,3": 69.24230183227967,
        "1,4": 61.750062494461154,
        "1,5": 63.93405121009468,
        "1,6": 46.74763528737667,
        "1,7": 31.46072907007696,
        "1,8": 97.73651151877198,
        "1,9": 74.43947502326142,
        "1,10": 81.21021755303141,
        "1,11": 60.42687177781112,
        "1,12": 58.47406114563725,
        "1,13": 80.5172362240755,
        "1,14": 35.05949452512704,
        "1,15": 58.76817796613951,
        "1,16": 35.075323085796555,
        "1,17": 50.253589240213465,
        "1,18": 45.02577324363266,
        "1,19": 32.80352848538253,
        "1,20": 82.1007060636427,
        "1,21": 73.4832202166514,
        "1,22": 59.22764439005339,
        "1,23": 97.41306487152261,
        "1,24": 81.9417071831875,
        "1,25": 76.05771976445067,
        "1,26": 62.982359214905784,
        "1,27": 78.49487426123711,
        "1,28": 50.90824065715294,
        "1,29": 46.595137167639535,
        "1,30": 22.863805987024232,
        "1,31": 75.7929855472499,
        "1,32": 30.18780088153962,
        "1,33": 89.48082345693827,
        "1,34": 24.475128795527997,
        "1,35": 64.99832158428339,
        "1,36": 42.24517140452619,
        "1,37": 50.49769213963063,
        "1,38": 56.71455011486306,
        "1,39": 66.87011937473231,
        "1,40": 72.45822458658307,
        "1,41": 68.15427097483679,
        "1,42": 76.4006662915325,
        "1,43": 74.5207731497419,
        "1,44": 91.5452400247941,
        "1,45": 26.255540784517144,
        "1,46": 77.27157009045943,
        "1,47": 62.004979275673264,
        "1,48": 19.66513677037038,
        "1,49": 46.10891678402408,
        "1,50": 39.10585645563146,
        "1,51": 19.495970034158756,
        "1,52": 68.80407694593157,
        "1,53": 56.09062575245205,
        "1,54": 28.598670438008547,
        "1,55": 69.15590856280086,
        "1,56": 38.322686076331834,
        "1,57": 47.8071967890333,
        "1,58": 60.716215178799104,
        "1,59": 13.904818629122072,
        "1,60": 83.71767226880306,
        "2,0": 86.84058366323983,
        "2,1": 30.967836796129067,
        "2,2": 0.0,
        "2,3": 75.97360047541969,
        "2,4": 59.53881595673602,
        "2,5": 78.16347261427008,
        "2,6": 48.78106987470174,
        "2,7": 58.558523549450285,
        "2,8": 94.87704023826127,
        "2,9": 63.14362276956309,
        "2,10": 54.54477638886433,
        "2,11": 36.37395679611444,
        "2,12": 81.20091652285988,
        "2,13": 64.49869208306596,
        "2,14": 8.524407201984644,
        "2,15": 54.62900329343685,
        "2,16": 10.954077496355024,
        "2,17": 77.6353477280914,
        "2,18": 34.895190156809804,
        "2,19": 61.97649857984332,
        "2,20": 73.10380974826708,
        "2,21": 54.239725659475695,
        "2,22": 56.12779848519069,
        "2,23": 92.24217077273413,
        "2,24": 85.60056322446944,
        "2,25": 69.34802428222235,
        "2,26": 60.354645445518415,
        "2,27": 72.42031495499069,
        "2,28": 68.93809289319434,
        "2,29": 17.12206564910655,
        "2,30": 43.83342859505818,
        "2,31": 79.59221851788605,
        "2,32": 15.640901077283088,
        "2,33": 85.82933081352054,
        "2,34": 26.369946508860902,
        "2,35": 55.993694599271876,
        "2,36": 67.10305030858487,
        "2,37": 31.170286812374126,
        "2,38": 33.1721897551244,
        "2,39": 38.5677186865119,
        "2,40": 75.03788723087288,
        "2,41": 37.89337146015461,
        "2,42": 50.28218318745059,
        "2,43": 80.39978787874784,
        "2,44": 62.78156911755621,
        "2,45": 50.169470010408205,
        "2,46": 81.67617282351073,
        "2,47": 33.1003738862314,
        "2,48": 14.192816787661675,
        "2,49": 16.562601339203233,
        "2,50": 57.12306817274594,
        "2,51": 31.34077731494584,
        "2,52": 59.51984706892636,
        "2,53": 58.98476021964793,
        "2,54": 56.40323336414113,
        "2,55": 42.6490808340784,
        "2,56": 63.80128626423119,
        "2,57": 62.47135172478167,
        "2,58": 72.0562799960958,
        "2,59": 17.076148979539052,
        "2,60": 63.986346599446364,
        "3,0": 58.137610033345545,
        "3,1": 69.24230183227967,
        "3,2": 75.97360047541969,
        "3,3": 0.0,
        "3,4": 22.80855083892526,
        "3,5": 18.519606443092005,
        "3,6": 27.26439977581428,
        "3,7": 54.193434418536135,
        "3,8": 35.41651605468471,
        "3,9": 41.4420872654902,
        "3,10": 82.34080404874416,
        "3,11": 66.91561926800117,
        "3,12": 42.26574965314987,
        "3,13": 53.980636136306565,
        "3,14": 70.35102812248672,
        "3,15": 27.863773532777657,
        "3,16": 67.57183050519096,
        "3,17": 57.290069890564425,
        "3,18": 44.92230707501088,
        "3,19": 61.41842645013912,
        "3,20": 38.489004316857994,
        "3,21": 59.20271839215955,
        "3,22": 25.6815545212532,
        "3,23": 39.09712750929164,
        "3,24": 13.824469339863917,
        "3,25": 31.53482894196047,
        "3,26": 23.172621048796813,
        "3,27": 30.74831357393334,
        "3,28": 29.2715144654246,
        "3,29": 76.22002249637033,
        "3,30": 47.99158725364718,
        "3,31": 8.887060738490096,
        "3,32": 60.46855447501212,
        "3,33": 30.85769165912627,
        "3,34": 51.1352159275182,
        "3,35": 35.9209977300471,
        "3,36": 47.239555022763454,
        "3,37": 57.27672862390419,
        "3,38": 65.15180592396167,
        "3,39": 80.44648398032997,
        "3,40": 9.986686331151002,
        "3,41": 89.37372673567567,
        "3,42": 78.120627826459,
        "3,43": 5.3838901882619705,
        "3,44": 96.68635472692742,
        "3,45": 49.00701019682021,
        "3,46": 9.09580190378143,
        "3,47": 80.2507885677079,
        "3,48": 65.26404341048588,
        "3,49": 76.27385869456435,
        "3,50": 34.42868373283645,
        "3,51": 88.07552676701707,
        "3,52": 36.3745629968324,
        "3,53": 17.498727103829015,
        "3,54": 56.440311399606465,
        "3,55": 75.95110813165589,
        "3,56": 49.16470334831695,
        "3,57": 24.87555398185965,
        "3,58": 12.522535277592802,
        "3,59": 71.12142496806418,
        "3,60": 64.28959367489901,
        "4,0": 71.45928459469913,
        "4,1": 61.750062494461154,
        "4,2": 59.53881595673602,
        "4,3": 22.80855083892526,
        "4,4": 0.0,
        "4,5": 37.10645924221816,
        "4,6": 15.337482908084189,
        "4,7": 57.94005123162322,
        "4,8": 36.44971030158144,
        "4,9": 21.129635926343962,
        "4,10": 59.5621319198868,
        "4,11": 44.52679505697597,
        "4,12": 56.911915185645206,
        "4,13": 33.244280667281195,
        "4,14": 52.57338247712716,
        "4,15": 5.493811417634678,
        "4,16": 49.70225369247183,
        "4,17": 67.64377159715873,
        "4,18": 25.235585854050914,
        "4,19": 65.47536909561316,
        "4,20": 23.143582916836408,
        "4,21": 36.72495399348573,
        "4,22": 3.5134131130243205,
        "4,23": 35.66303830341916,
        "4,24": 27.271835986322934,
        "4,25": 15.762647941568504,
        "4,26": 1.3417794581620395,
        "4,27": 17.42862766987799,
        "4,28": 40.84704807434919,
        "4,29": 56.29748941705425,
        "4,30": 45.550669137085336,
        "4,31": 21.992666952957276,
        "4,32": 44.04546093218636,
        "4,33": 27.84531362496913,
        "4,34": 38.80829193369508,
        "4,35": 13.499675427911098,
        "4,36": 55.36644790611683,
        "4,37": 35.865670008782594,
        "4,38": 43.079238541663855,
        "4,39": 58.045570663676,
        "4,40": 16.98304108429413,
        "4,41": 67.31247213664912,
        "4,42": 55.31329597875473,
        "4,43": 24.887256964709636,
        "4,44": 73.9159273215137,
        "4,45": 49.61776545519631,
        "4,46": 24.354195639488672,
        "4,47": 58.289779398894986,
        "4,48": 51.765909716202174,
        "4,49": 56.44763010154238,
        "4,50": 38.78411945704257,
        "4,51": 78.37989738601404,
        "4,52": 14.933775954040629,
        "4,53": 10.257043729291922,
        "4,54": 59.08585598153,
        "4,55": 53.26409550790621,
        "4,56": 55.65807087395344,
        "4,57": 32.67402003272322,
        "4,58": 28.684081539009185,
        "4,59": 59.22960025889266,
        "4,60": 42.81850842173037,
        "5,0": 40.06155559976312,
        "5,1": 63.93405121009468,
        "5,2": 78.16347261427008,
        "5,3": 18.519606443092005,
        "5,4": 37.10645924221816,
        "5,5": 0.0,
        "5,6": 33.80952314381092,
        "5,7": 41.67793590474526,
        "5,8": 53.08920423445601,
        "5,9": 57.744511386006465,
        "5,10": 95.29447326570681,
        "5,11": 77.47957670748627,
        "5,12": 24.10797068685421,
        "5,13": 70.15860427602848,
        "5,14": 74.26558213548716,
        "5,15": 40.923962236849945,
        "5,16": 71.7589056877341,
        "5,17": 40.42448845830449,
        "5,18": 52.98234266177325,
        "5,19": 48.08162545623228,
        "5,20": 56.31140049403897,
        "5,21": 73.4969494352378,
        "5,22": 38.933779401417766,
        "5,23": 57.35849543715433,
        "5,24": 30.398528996860588,
        "5,25": 49.01665924375172,
        "5,26": 37.93768589686743,
        "5,27": 48.667959017416365,
        "5,28": 14.69432172412741,
        "5,29": 82.33024845213062,
        "5,30": 41.10449833254535,
        "5,31": 27.009015651619446,
        "5,32": 63.74215616926911,
        "5,33": 49.27105395310327,
        "5,34": 51.82408982048423,
        "5,35": 50.55172912502861,
        "5,36": 32.332556214975554,
        "5,37": 66.38836273512665,
        "5,38": 75.04692946805682,
        "5,39": 90.69231569958927,
        "5,40": 28.421791262517427,
        "5,41": 98.56695101726369,
        "5,42": 90.6924589966497,
        "5,43": 22.11430931129152,
        "5,44": 109.58847563073732,
        "5,45": 39.51614931968641,
        "5,46": 26.418883836818786,
        "5,47": 89.43995120227952,
        "5,48": 65.4118902811497,
        "5,49": 82.25738850153337,
        "5,50": 24.97365526216312,
        "5,51": 83.42406273454017,
        "5,52": 51.92815755699991,
        "5,53": 28.013347407822202,
        "5,54": 44.503412666237054,
        "5,55": 87.30926733121453,
        "5,56": 35.19846560704391,
        "5,57": 16.340372653404536,
        "5,58": 8.473097586541769,
        "5,59": 69.37715774568633,
        "5,60": 79.92189412996304,
        "6,0": 61.05321908988777,
        "6,1": 46.74763528737667,
        "6,2": 48.78106987470174,
        "6,3": 27.26439977581428,
        "6,4": 15.337482908084189,
        "6,5": 33.80952314381092,
        "6,6": 0.0,
        "6,7": 43.82424387406848,
        "6,8": 50.99927048591299,
        "6,9": 33.11911764662522,
        "6,10": 62.644887417476816,
        "6,11": 43.83422776748285,
        "6,12": 48.130637195584,
        "6,13": 43.510064060676875,
        "6,14": 43.105992904615924,
        "6,15": 13.971502700321333,
        "6,16": 40.34391780586057,
        "6,17": 55.77960899679136,
        "6,18": 19.191460882175726,
        "6,19": 51.24922297538178,
        "6,20": 37.75480978693971,
        "6,21": 42.95914418741127,
        "6,22": 13.538907830203563,
        "6,23": 50.82693036749126,
        "6,24": 37.28182245250455,
        "6,25": 30.74622032968193,
        "6,26": 16.64694986675733,
        "6,27": 32.690624545088234,
        "6,28": 31.813191283555366,
        "6,29": 49.544675376768765,
        "6,30": 30.389136136410006,
        "6,31": 31.13530904480566,
        "6,32": 33.22335902564999,
        "6,33": 42.76476549156352,
        "6,34": 25.012064504842744,
        "6,35": 23.402787160728778,
        "6,36": 43.0288372580524,
        "6,37": 32.57998210483843,
        "6,38": 41.2795001696714,
        "6,39": 56.92393573349752,
        "6,40": 26.934571426383577,
        "6,41": 64.7834209679108,
        "6,42": 57.83627879782355,
        "6,43": 31.621521033380166,
        "6,44": 76.73226547997983,
        "6,45": 34.92132268606102,
        "6,46": 33.0945928339849,
        "6,47": 55.64509186029346,
        "6,48": 38.837766703133134,
        "6,49": 49.547146150531184,
        "6,50": 26.123655389717293,
        "6,51": 64.05206905201277,
        "6,52": 26.559526549210403,
        "6,53": 10.331088556226975,
        "6,54": 44.62885557776657,
        "6,55": 53.84524989440455,
        "6,56": 42.60320112499993,
        "6,57": 23.024163341946515,
        "6,58": 25.939049792600965,
        "6,59": 45.56241229329653,
        "6,60": 51.29200558596806,
        "7,0": 28.73489139850835,
        "7,1": 31.46072907007696,
        "7,2": 58.558523549450285,
        "7,3": 54.193434418536135,
        "7,4": 57.94005123162322,
        "7,5": 41.67793590474526,
        "7,6": 43.82424387406848,
        "7,7": 0.0,
        "7,8": 88.51470680081441,
        "7,9": 76.92300314939018,
        "7,10": 98.71140206136675,
        "7,11": 77.4374335443912,
        "7,12": 28.39886691159553,
        "7,13": 86.74889502889177,
        "7,14": 59.39887867968656,
        "7,15": 57.74280249499111,
        "7,16": 58.13964327336271,
        "7,17": 19.155122611123748,
        "7,18": 54.38553193294787,
        "7,19": 7.559825543672919,
        "7,20": 81.06202001217956,
        "7,21": 83.9078985922746,
        "7,22": 57.02584063091491,
        "7,23": 90.56486637177186,
        "7,24": 68.01724881462842,
        "7,25": 73.69049411336323,
        "7,26": 59.27283767210805,
        "7,27": 75.07273306686234,
        "7,28": 26.98458212627156,
        "7,29": 70.71613921180058,
        "7,30": 16.851435726419954,
        "7,31": 62.66843324371996,
        "7,32": 50.45438415929738,
        "7,33": 82.00829288586131,
        "7,34": 37.830727098629566,
        "7,35": 67.12804729045874,
        "7,36": 11.713630493584303,
        "7,37": 65.5000068000238,
        "7,38": 73.87950596568861,
        "7,39": 87.56612852281269,
        "7,40": 61.20880637107358,
        "7,41": 91.71088492227295,
        "7,42": 93.65092269532597,
        "7,43": 59.425855882183356,
        "7,44": 111.31243591148312,
        "7,45": 10.028182795965314,
        "7,46": 63.273181292184475,
        "7,47": 83.88064722704755,
        "7,48": 44.54253181874815,
        "7,49": 70.3652755323107,
        "7,50": 20.1271825955895,
        "7,51": 49.06477950126698,
        "7,52": 70.37745749331202,
        "7,53": 48.596510088360624,
        "7,54": 3.2692532231062916,
        "7,55": 87.54063137114794,
        "7,56": 7.663739754339806,
        "7,57": 29.329501355132066,
        "7,58": 42.3848281484445,
        "7,59": 43.194954140688814,
        "7,60": 93.33126524198309,
        "8,0": 93.14673405002904,
        "8,1": 97.73651151877198,
        "8,2": 94.87704023826127,
        "8,3": 35.41651605468471,
        "8,4": 36.44971030158144,
        "8,5": 53.08920423445601,
        "8,6": 50.99927048591299,
        "8,7": 88.51470680081441,
        "8,8": 0.0,
        "8,9": 36.080756673620634,
        "8,10": 78.62499725119068,
        "8,11": 71.75407406762994,
        "8,12": 77.19480710322897,
        "8,13": 44.4568612883471,
        "8,14": 87.29186431251007,
        "8,15": 40.61512601714386,
        "8,16": 84.45406861465399,
        "8,17": 92.70188928852447,
        "8,18": 59.98185373977649,
        "8,19": 95.94598902031886,
        "8,20": 25.795057876433113,
        "8,21": 55.44221642572686,
        "8,22": 39.48975628516402,
        "8,23": 7.346562069840292,
        "8,24": 22.790329564358558,
        "8,25": 26.213734816917864,
        "8,26": 35.36002700578073,
        "8,27": 23.002594226766394,
        "8,28": 64.65951888682392,
        "8,29": 88.72835706315415,
        "8,30": 79.41685295674321,
        "8,31": 26.529969605655772,
        "8,32": 79.75806910857615,
        "8,33": 9.088305676280898,
        "8,34": 75.25127580350797,
        "8,35": 39.65932452172867,
        "8,36": 82.47546255400022,
        "8,37": 67.20594886994733,
        "8,38": 71.83050995001179,
        "8,39": 83.95469158848768,
        "8,40": 27.306668348617233,
        "8,41": 94.21793305327138,
        "8,42": 76.04899817248068,
        "8,43": 31.018112951491542,
        "8,44": 91.55249927873413,
        "8,45": 81.99932540815826,
        "8,46": 26.71650224584854,
        "8,47": 86.16070945505903,
        "8,48": 88.10948206605144,
        "8,49": 89.00266396695028,
        "8,50": 68.3954929232393,
        "8,51": 114.7923030610762,
        "8,52": 36.732644662628644,
        "8,53": 41.975281098733404,
        "8,54": 90.42667170651856,
        "8,55": 77.39325228669665,
        "8,56": 84.13595350935189,
        "8,57": 59.43646451107059,
        "8,58": 47.93687121091219,
        "8,59": 95.6720102195116,
        "8,60": 54.56006279084513,
        "9,0": 92.4458759532351,
        "9,1": 74.43947502326142,
        "9,2": 63.14362276956309,
        "9,3": 41.4420872654902,
        "9,4": 21.129635926343962,
        "9,5": 57.744511386006465,
        "9,6": 33.11911764662522,
        "9,7": 76.92300314939018,
        "9,8": 36.080756673620634,
        "9,9": 0.0,
        "9,10": 44.070100051820994,
        "9,11": 35.77947835097849,
        "9,12": 78.0347316205544,
        "9,13": 12.54104855214985,
        "9,14": 54.87952627599509,
        "9,15": 19.404597343352783,
        "9,16": 52.22397265430777,
        "9,17": 88.21139858218893,
        "9,18": 30.10066862752793,
        "9,19": 84.30954764541237,
        "9,20": 10.662403695362766,
        "9,21": 20.129069723327916,
        "9,22": 20.591624395994145,
        "9,23": 31.236858652101475,
        "9,24": 39.98056891356696,
        "9,25": 11.635796885277468,
        "9,26": 20.074760917698853,
        "9,27": 14.35547202133574,
        "9,28": 61.91176032036568,
        "9,29": 54.115628781920705,
        "9,30": 62.66747616490391,
        "9,31": 37.037312267702696,
        "9,32": 49.610833186996956,
        "9,33": 27.551673153181927,
        "9,34": 49.97956220618963,
        "9,35": 9.896180572566763,
        "9,36": 75.68112665705935,
        "9,37": 32.8883346480753,
        "9,38": 36.15493712898102,
        "9,39": 47.888374864184506,
        "9,40": 32.632630109916946,
        "9,41": 58.1387580917538,
        "9,42": 40.83482085866775,
        "9,43": 41.5989489878301,
        "9,44": 57.90407423214184,
        "9,45": 67.81055410728315,
        "9,46": 39.27144356494914,
        "9,47": 50.132258367314634,
        "9,48": 59.89854466157304,
        "9,49": 54.4614335086042,
        "9,50": 58.830865694921336,
        "9,51": 88.1956595354823,
        "9,52": 6.583319135520599,
        "9,53": 31.317064286915983,
        "9,54": 77.6153770907481,
        "9,55": 41.441558490606916,
        "9,56": 75.56766816362462,
        "9,57": 53.58393565655307,
        "9,58": 49.457581840124384,
        "9,59": 68.28428118142418,
        "9,60": 22.977508076486693,
        "10,0": 121.98964004698324,
        "10,1": 81.21021755303141,
        "10,2": 54.54477638886433,
        "10,3": 82.34080404874416,
        "10,4": 59.5621319198868,
        "10,5": 95.29447326570681,
        "10,6": 62.644887417476816,
        "10,7": 98.71140206136675,
        "10,8": 78.62499725119068,
        "10,9": 44.070100051820994,
        "10,10": 0.0,
        "10,11": 21.382071830526442,
        "10,12": 110.42725973089854,
        "10,13": 34.18347307553473,
        "10,14": 47.354750959477165,
        "10,15": 54.825206877238436,
        "10,16": 46.55707112443421,
        "10,17": 115.07986207968523,
        "10,18": 45.39088007624103,
        "10,19": 104.75117997129553,
        "10,20": 53.12459077236346,
        "10,21": 23.98300645020649,
        "10,22": 56.95958074552513,
        "10,23": 72.48544984298465,
        "10,24": 83.600610817949,
        "10,25": 55.68114841332458,
        "10,26": 59.17076321105859,
        "10,27": 58.406602433777266,
        "10,28": 94.30078854091452,
        "10,29": 37.670278460747575,
        "10,30": 81.89386298857401,
        "10,31": 79.88274043752884,
        "10,32": 51.21658845396948,
        "10,33": 70.89427158408046,
        "10,34": 61.49815750351047,
        "10,35": 46.5697707490354,
        "10,36": 102.36069649827239,
        "10,37": 33.214078031218236,
        "10,38": 25.058033157199635,
        "10,39": 16.68370296995957,
        "10,40": 75.06598466248793,
        "10,41": 23.77521886676416,
        "10,42": 5.060975662107263,
        "10,43": 83.81562549852221,
        "10,44": 14.359220317862437,
        "10,45": 88.6924302482502,
        "10,46": 82.23196578736231,
        "10,47": 22.42540605584851,
        "10,48": 61.62192506964589,
        "10,49": 38.24364922004745,
        "10,50": 86.50905946910673,
        "10,51": 85.87807629965381,
        "10,52": 46.9360103453824,
        "10,53": 67.37006581448294,
        "10,54": 97.95203957608403,
        "10,55": 12.095711505948094,
        "10,56": 100.63402984332483,
        "10,57": 85.55168407156002,
        "10,58": 86.88616117780245,
        "10,59": 69.019310017009,
        "10,60": 24.81925424559446,
        "11,0": 101.36478176806048,
        "11,1": 60.42687177781112,
        "11,2": 36.37395679611444,
        "11,3": 66.91561926800117,
        "11,4": 44.52679505697597,
        "11,5": 77.47957670748627,
        "11,6": 43.83422776748285,
        "11,7": 77.4374335443912,
        "11,8": 71.75407406762994,
        "11,9": 35.77947835097849,
        "11,10": 21.382071830526442,
        "11,11": 0.0,
        "11,12": 90.52858054642016,
        "11,13": 31.739375944115636,
        "11,14": 28.249811060854658,
        "11,15": 39.171729687413524,
        "11,16": 26.799251719739978,
        "11,17": 94.13265112927856,
        "11,18": 25.226989467822378,
        "11,19": 83.39551656179263,
        "11,20": 46.386947946814,
        "11,21": 19.769288775217323,
        "11,22": 41.344003381351705,
        "11,23": 66.9902017366289,
        "11,24": 71.06563105550572,
        "11,25": 45.98203559566851,
        "11,26": 44.5329512575692,
        "11,27": 49.13878071541134,
        "11,28": 74.72653262500124,
        "11,29": 21.598729054859596,
        "11,30": 60.59787453392696,
        "11,31": 66.3272806662999,
        "11,32": 30.24914446792542,
        "11,33": 62.99371757377653,
        "11,34": 40.116131148571824,
        "11,35": 33.6586507984289,
        "11,36": 81.5148048937558,
        "11,37": 12.124754588804747,
        "11,38": 3.7292554665777904,
        "11,39": 13.534377364700367,
        "11,40": 61.313048919752035,
        "11,41": 23.025626773861298,
        "11,42": 16.35599621000929,
        "11,43": 69.40811763498243,
        "11,44": 34.08953119813487,
        "11,45": 67.43371677309548,
        "11,46": 68.71203455833638,
        "11,47": 14.443245515566826,
        "11,48": 41.082372406660866,
        "11,49": 22.106970798972597,
        "11,50": 66.09270687044972,
        "11,51": 67.0506635685343,
        "11,52": 35.61355538983178,
        "11,53": 50.37409672468483,
        "11,54": 76.61394687127968,
        "11,55": 10.316475842866078,
        "11,56": 79.61328658730582,
        "11,57": 66.12365609568367,
        "11,58": 69.31546129074034,
        "11,59": 48.942672018837264,
        "11,60": 28.394730518518948,
        "12,0": 15.953691665221687,
        "12,1": 58.47406114563725,
        "12,2": 81.20091652285988,
        "12,3": 42.26574965314987,
        "12,4": 56.911915185645206,
        "12,5": 24.10797068685421,
        "12,6": 48.130637195584,
        "12,7": 28.39886691159553,
        "12,8": 77.19480710322897,
        "12,9": 78.0347316205544,
        "12,10": 110.42725973089854,
        "12,11": 90.52858054642016,
        "12,12": 0.0,
        "12,13": 89.91337649585093,
        "12,14": 79.75258058931237,
        "12,15": 59.34538214203862,
        "12,16": 77.79253895944017,
        "12,17": 18.06873511118321,
        "12,18": 65.33557390506176,
        "12,19": 31.923110626229793,
        "12,20": 78.41307170981953,
        "12,21": 90.96510201167783,
        "12,22": 57.73569794523971,
        "12,23": 81.33328989795866,
        "12,24": 54.49773891203873,
        "12,25": 70.87168791850537,
        "12,26": 58.01181477573413,
        "12,27": 71.04550459195139,
        "12,28": 16.38463419884044,
        "12,29": 89.86913894428112,
        "12,30": 37.72858507016826,
        "12,31": 50.98230048502553,
        "12,32": 69.48848827116461,
        "12,33": 73.12185455888446,
        "12,34": 56.14917006439323,
        "12,35": 69.52282426230471,
        "12,36": 16.698607190846424,
        "12,37": 78.54148844346092,
        "12,38": 87.47416356348963,
        "12,39": 102.72784284907831,
        "12,40": 51.865165305738536,
        "12,41": 109.00344248050186,
        "12,42": 105.51169536731473,
        "12,43": 46.19815842563239,
        "12,44": 124.27117026244382,
        "12,45": 32.43136338422152,
        "12,46": 50.50504227475532,
        "12,47": 100.26851632915012,
        "12,48": 67.11496629089248,
        "12,49": 89.64852641135693,
        "12,50": 25.0154793582361,
        "12,51": 77.03643586460396,
        "12,52": 71.7035484921649,
        "12,53": 46.73360064732987,
        "12,54": 31.664882623188962,
        "12,55": 100.81130874575314,
        "12,56": 20.769831382083797,
        "12,57": 25.145201479097352,
        "12,58": 30.27744588861686,
        "12,59": 68.17815759960686,
        "12,60": 98.7560647428319,
        "13,0": 103.96779845124372,
        "13,1": 80.5172362240755,
        "13,2": 64.49869208306596,
        "13,3": 53.980636136306565,
        "13,4": 33.244280667281195,
        "13,5": 70.15860427602848,
        "13,6": 43.510064060676875,
        "13,7": 86.74889502889177,
        "13,8": 44.4568612883471,
        "13,9": 12.54104855214985,
        "13,10": 34.18347307553473,
        "13,11": 31.739375944115636,
        "13,12": 89.91337649585093,
        "13,13": 0.0,
        "13,14": 55.980284792977145,
        "13,15": 30.639814289019323,
        "13,16": 53.64513250099899,
        "13,17": 99.22602452603925,
        "13,18": 35.54150190790521,
        "13,19": 93.95466382274901,
        "13,20": 19.265901778972193,
        "13,21": 12.275586692067318,
        "13,22": 32.1786769608371,
        "13,23": 38.33289785952989,
        "13,24": 51.89875098995218,
        "13,25": 23.43788505250485,
        "13,26": 32.29330281104477,
        "13,27": 25.584909174658478,
        "13,28": 73.65231533098256,
        "13,29": 52.570263006087835,
        "13,30": 71.57395105975793,
        "13,31": 49.35177903203588,
        "13,32": 52.95877977833953,
        "13,33": 36.95699622537468,
        "13,34": 56.26562042544192,
        "13,35": 20.455042431613013,
        "13,36": 86.52308399603454,
        "13,37": 33.34274710772379,
        "13,38": 33.379550457128914,
        "13,39": 41.56362705439857,
        "13,40": 45.07076268421906,
        "13,41": 51.861512473908356,
        "13,42": 31.881032940063655,
        "13,43": 54.02806145613909,
        "13,44": 47.23270110602694,
        "13,45": 77.24961947510558,
        "13,46": 51.53435107698904,
        "13,47": 45.014769929413475,
        "13,48": 63.992175421601,
        "13,49": 53.0123789566455,
        "13,50": 69.6113014862994,
        "13,51": 92.25350930595229,
        "13,52": 18.31062132011781,
        "13,53": 43.22795998757593,
        "13,54": 87.12708146635211,
        "13,55": 34.438647646107015,
        "13,56": 86.07905485216344,
        "13,57": 65.14052235378601,
        "13,58": 61.81809090793616,
        "13,59": 72.5113890448859,
        "13,60": 10.76422020486093,
        "14,0": 86.87751408331093,
        "14,1": 35.05949452512704,
        "14,2": 8.524407201984644,
        "14,3": 70.35102812248672,
        "14,4": 52.57338247712716,
        "14,5": 74.26558213548716,
        "14,6": 43.105992904615924,
        "14,7": 59.39887867968656,
        "14,8": 87.29186431251007,
        "14,9": 54.87952627599509,
        "14,10": 47.354750959477165,
        "14,11": 28.249811060854658,
        "14,12": 79.75258058931237,
        "14,13": 55.980284792977145,
        "14,14": 0.0,
        "14,15": 47.46324251516926,
        "14,16": 2.8714022585591623,
        "14,17": 78.10910754503465,
        "14,18": 27.482863807217896,
        "14,19": 63.715168956172846,
        "14,20": 64.97194476299363,
        "14,21": 45.74691551828452,
        "14,22": 49.1005491005963,
        "14,23": 84.38372689587887,
