{
    "num_robots": 3,
    "num_tasks": 50,
    "num_nodes": 51,
    "robot_capacity": [
        252,
        246,
        242
    ],
    "robot_speed": [
        1.13,
        1.0,
        1.01
    ],
    "task_demand": {
        "0": 0,
        "1": 15,
        "2": 8,
        "3": 7,
        "4": 6,
        "5": 15,
        "6": 13,
        "7": 15,
        "8": 12,
        "9": 8,
        "10": 11,
        "11": 5,
        "12": 10,
        "13": 10,
        "14": 12,
        "15": 13,
        "16": 10,
        "17": 14,
        "18": 7,
        "19": 12,
        "20": 5,
        "21": 5,
        "22": 13,
        "23": 10,
        "24": 8,
        "25": 5,
        "26": 8,
        "27": 8,
        "28": 10,
        "29": 15,
        "30": 11,
        "31": 14,
        "32": 8,
        "33": 10,
        "34": 13,
        "35": 14,
        "36": 5,
        "37": 11,
        "38": 5,
        "39": 13,
        "40": 9,
        "41": 14,
        "42": 15,
        "43": 15,
        "44": 8,
        "45": 9,
        "46": 10,
        "47": 8,
        "48": 15,
        "49": 13,
        "50": 7
    },
    "task_service_time": {
        "0": 0,
        "1": 91,
        "2": 37,
        "3": 21,
        "4": 38,
        "5": 39,
        "6": 22,
        "7": 32,
        "8": 98,
        "9": 55,
        "10": 15,
        "11": 99,
        "12": 36,
        "13": 14,
        "14": 64,
        "15": 89,
        "16": 59,
        "17": 51,
        "18": 55,
        "19": 63,
        "20": 95,
        "21": 82,
        "22": 77,
        "23": 66,
        "24": 99,
        "25": 96,
        "26": 44,
        "27": 20,
        "28": 86,
        "29": 51,
        "30": 44,
        "31": 93,
        "32": 94,
        "33": 88,
        "34": 39,
        "35": 69,
        "36": 43,
        "37": 57,
        "38": 39,
        "39": 81,
        "40": 80,
        "41": 53,
        "42": 54,
        "43": 24,
        "44": 11,
        "45": 58,
        "46": 76,
        "47": 61,
        "48": 50,
        "49": 25,
        "50": 94
    },
    "task_precedence": [],
    "coordinates": {
        "0": [
            100,
            0
        ],
        "1": [
            70.00779433297879,
            74.10743760862638
        ],
        "2": [
            3.130821634920311,
            94.18951247013551
        ],
        "3": [
            37.22718891626178,
            63.97350785728493
        ],
        "4": [
            96.39427167263129,
            13.042807859402805
        ],
        "5": [
            63.31560156642625,
            99.67315568530611
        ],
        "6": [
            60.85772939436427,
            80.29583430573557
        ],
        "7": [
            66.72212484256836,
            90.94242561235832
        ],
        "8": [
            91.32732630869297,
            20.13852453803865
        ],
        "9": [
            15.074386067513224,
            4.973342604211906
        ],
        "10": [
            41.09965883903269,
            94.14779233585298
        ],
        "11": [
            93.28646880616574,
            61.062841351717026
        ],
        "12": [
            85.824600763527,
            78.09174983126714
        ],
        "13": [
            98.44226571484344,
            40.58172528407581
        ],
        "14": [
            43.42059046884481,
            95.37908287295286
        ],
        "15": [
            73.5424696822215,
            14.661748332241398
        ],
        "16": [
            60.385525145575556,
            73.35069589866504
        ],
        "17": [
            5.525779321047331,
            34.76913774460982
        ],
        "18": [
            30.4896913936904,
            28.05764297658491
        ],
        "19": [
            64.47417764870393,
            54.68534542035077
        ],
        "20": [
            37.78993352501423,
            86.37489930718684
        ],
        "21": [
            64.60931492054172,
            50.873509176531314
        ],
        "22": [
            15.555009707154577,
            87.20682883479601
        ],
        "23": [
            98.36905120232743,
            27.9974145118431
        ],
        "24": [
            8.6651341974477,
            76.37993236250612
        ],
        "25": [
            20.442092491066944,
            24.188205528034644
        ],
        "26": [
            49.240823420229454,
            38.969221834039324
        ],
        "27": [
            39.6244878232023,
            96.27545337867927
        ],
        "28": [
            20.636134256003714,
            34.273504102992646
        ],
        "29": [
            69.56216615479767,
            93.69213523857331
        ],
        "30": [
            50.78361270314238,
            71.79883547392035
        ],
        "31": [
            44.36146164804147,
            85.86834229787536
        ],
        "32": [
            38.36367893393453,
            8.909915416424441
        ],
        "33": [
            90.67163719209918,
            65.57634999684387
        ],
        "34": [
            88.35607953700864,
            26.74857937767765
        ],
        "35": [
            22.189187819813792,
            81.18206971854663
        ],
        "36": [
            20.345116847738343,
            41.092663901602556
        ],
        "37": [
            10.871993853294548,
            3.8865862885726354
        ],
        "38": [
            90.59861920283531,
            3.683719501877736
        ],
        "39": [
            0.1538871240560291,
            47.95612026080956
        ],
        "40": [
            34.52135373166283,
            48.90643815768338
        ],
        "41": [
            62.007052688256145,
            99.03221518967833
        ],
        "42": [
            50.6284857655592,
            59.37970878163015
        ],
        "43": [
            31.838272524301836,
            99.15530786300411
        ],
        "44": [
            19.324652154361356,
            15.408872844058097
        ],
        "45": [
            71.2067012987741,
            77.4011144207753
        ],
        "46": [
            91.17261798170658,
            75.04416970605745
        ],
        "47": [
            18.888984385736897,
            71.8196877302119
        ],
        "48": [
            28.880537852255117,
            93.56428048566573
        ],
        "49": [
            94.81547251876404,
            20.92328835090521
        ],
        "50": [
            29.886614465404882,
            36.25025730427627
        ]
    },
    "distance_matrix_str_keys": {
        "0,0": 0.0,
        "0,1": 79.946511554222,
        "0,2": 135.11218293139754,
        "0,3": 89.6272030073503,
        "0,4": 13.53204026110212,
        "0,5": 106.20961845661841,
        "0,6": 89.32826179333702,
        "0,7": 96.83977360182608,
        "0,8": 21.926592063635283,
        "0,9": 85.07111165647632,
        "0,10": 111.05429748818024,
        "0,11": 61.4307910988907,
        "0,12": 79.36789864436761,
        "0,13": 40.611611186154015,
        "0,14": 110.89814711066991,
        "0,15": 30.248434251612963,
        "0,16": 83.36444809875647,
        "0,17": 100.66911796772185,
        "0,18": 74.95941790026056,
        "0,19": 65.21174018134255,
        "0,20": 106.4458341183384,
        "0,21": 61.97269177894411,
        "0,22": 121.39187526758191,
        "0,23": 28.044878557921983,
        "0,24": 119.06280602636261,
        "0,25": 83.15365255878056,
        "0,26": 63.99292349476537,
        "0,27": 113.64050947563062,
        "0,28": 86.44822883858825,
        "0,29": 98.51232377094378,
        "0,30": 87.04783486087044,
        "0,31": 102.3182249598157,
        "0,32": 62.276983447233086,
        "0,33": 66.2365158472605,
        "0,34": 29.173059189471218,
        "0,35": 112.45021536629967,
        "0,36": 89.62983563819878,
        "0,37": 89.21270667716391,
        "0,38": 10.09731401224164,
        "0,39": 110.76567937274152,
        "0,40": 81.72694054230426,
        "0,41": 106.0699943000267,
        "0,42": 77.22367663348331,
        "0,43": 120.32371407947176,
        "0,44": 82.13370265816063,
        "0,45": 82.58320993807378,
        "0,46": 75.56156483403741,
        "0,47": 108.33773303721276,
        "0,48": 117.52553968812416,
        "0,49": 21.55605067304344,
        "0,50": 78.93014624178146,
        "1,0": 79.946511554222,
        "1,1": 0.0,
        "1,2": 69.82706644274924,
        "1,3": 34.311290032460455,
        "1,4": 66.52168964184357,
        "1,5": 26.427095655803093,
        "1,6": 11.046263715014891,
        "1,7": 17.152622105264612,
        "1,8": 58.02728687164475,
        "1,9": 88.301769154076,
        "1,10": 35.17522018878375,
        "1,11": 26.684418238634684,
        "1,12": 16.31091994796479,
        "1,13": 43.960124540708506,
        "1,14": 34.0494097094849,
        "1,15": 59.55068348364321,
        "1,16": 9.65198022845286,
        "1,17": 75.53431072162,
        "1,18": 60.681661526143046,
        "1,19": 20.195013705822575,
        "1,20": 34.47435527413133,
        "1,21": 23.852861680608104,
        "1,22": 56.00624790148549,
        "1,23": 54.134047707473925,
        "1,24": 61.38473902290117,
        "1,25": 70.34691557273341,
        "1,26": 40.816189051801686,
        "1,27": 37.610719717234076,
        "1,28": 63.437394944051924,
        "1,29": 19.589766862564698,
        "1,30": 19.36230366338956,
        "1,31": 28.214415806393774,
        "1,32": 72.47114556422228,
        "1,33": 22.355622504111352,
        "1,34": 50.788985251405855,
        "1,35": 48.33910992510744,
        "1,36": 59.63519781076441,
        "1,37": 91.80419847962357,
        "1,38": 73.37221640920968,
        "1,39": 74.58860336123084,
        "1,40": 43.524451057734844,
        "1,41": 26.177402551256087,
        "1,42": 24.340575115489738,
        "1,43": 45.6542243322916,
        "1,44": 77.55193360915102,
        "1,45": 3.5050941293380387,
        "1,46": 21.185542879617334,
        "1,47": 51.169976841194895,
        "1,48": 45.49747202178407,
        "1,49": 58.68538684576467,
        "1,50": 55.162262232093894,
        "2,0": 135.11218293139754,
        "2,1": 69.82706644274924,
        "2,2": 0.0,
        "2,3": 45.55841521111046,
        "2,4": 123.62386008420107,
        "2,5": 60.43408043740789,
        "2,6": 59.37533302983045,
        "2,7": 63.67415030221431,
        "2,8": 115.16150507174851,
        "2,9": 90.01207528382419,
        "2,10": 37.968860125134036,
        "2,11": 96.04903464509134,
        "2,12": 84.24606262934864,
        "2,13": 109.35294335127054,
        "2,14": 40.30732626253362,
        "2,15": 106.21895051971437,
        "2,16": 60.92911742502455,
        "2,17": 59.46861991706408,
        "2,18": 71.56767368854008,
        "2,19": 72.96291209464643,
        "2,20": 35.52917415162616,
        "2,21": 75.20559339571577,
        "2,22": 14.25195846210219,
        "2,23": 115.98152526697653,
        "2,24": 18.649658419119017,
        "2,25": 72.11007607995633,
        "2,26": 71.94034169071026,
        "2,27": 36.55323270704922,
        "2,28": 62.420862126482966,
        "2,29": 66.43320644699544,
        "2,30": 52.65102955252124,
        "2,31": 42.06194894352019,
        "2,32": 92.27114341491615,
        "2,33": 92.0983575051097,
        "2,34": 108.6812957268124,
        "2,35": 23.074117286980957,
        "2,36": 55.817625241349795,
        "2,37": 90.63412284712267,
        "2,38": 125.86466609892904,
        "2,39": 46.32913440010871,
        "2,40": 55.09920439084111,
        "2,41": 59.07505694178935,
        "2,42": 58.887609313838354,
        "2,43": 29.133775252275274,
        "2,44": 80.42778951821478,
        "2,45": 70.11544552430131,
        "2,46": 90.09940096095548,
        "2,47": 27.36290832817524,
        "2,48": 25.757305765698383,
        "2,49": 117.36274879356563,
        "2,50": 63.81872561531103,
        "3,0": 89.6272030073503,
        "3,1": 34.311290032460455,
        "3,2": 45.55841521111046,
        "3,3": 0.0,
        "3,4": 78.06843077821756,
        "3,5": 44.216174977602925,
        "3,6": 28.719693312725877,
        "3,7": 39.965907598562595,
        "3,8": 69.62995496536337,
        "3,9": 63.02194993766416,
        "3,10": 30.421759763306238,
        "3,11": 56.134791718516475,
        "3,12": 50.60665168422652,
        "3,13": 65.53213806529237,
        "3,14": 32.01044149736589,
        "3,15": 61.24091152625183,
        "3,16": 24.984799228197716,
        "3,17": 43.10306954268647,
        "3,18": 36.54234835085666,
        "3,19": 28.7866002932042,
        "3,20": 22.408458679400916,
        "3,21": 30.354419611483433,
        "3,22": 31.77216636170274,
        "3,23": 70.94086703873981,
        "3,24": 31.140172426694793,
        "3,25": 43.18112716723518,
        "3,26": 27.740615233393765,
        "3,27": 32.39078150518055,
        "3,28": 34.019895910255904,
        "3,29": 43.917508654800734,
        "3,30": 15.652871244509077,
        "3,31": 23.02784450599491,
        "3,32": 55.07531953655338,
        "3,33": 53.46847813836677,
        "3,34": 63.2444365649673,
        "3,35": 22.853360328617796,
        "3,36": 28.434791672370412,
        "3,37": 65.61276133810887,
        "3,38": 80.51936506688544,
        "3,39": 40.38547277415097,
        "3,40": 15.30810678623796,
        "3,41": 42.93197652539437,
        "3,42": 14.166783233694074,
        "3,43": 35.59212653835054,
        "3,44": 51.759294783440915,
        "3,45": 36.53639117068349,
        "3,46": 55.069672877408706,
        "3,47": 19.946234832711852,
        "3,48": 30.74541280791029,
        "3,49": 71.9008470591947,
        "3,50": 28.678609702938324,
        "4,0": 13.53204026110212,
        "4,1": 66.52168964184357,
        "4,2": 123.62386008420107,
        "4,3": 78.06843077821756,
        "4,4": 0.0,
        "4,5": 92.73087716846064,
        "4,6": 76.06454761113218,
        "4,7": 83.35938305650657,
        "4,8": 8.719124411579806,
        "4,9": 81.71927596555308,
        "4,10": 98.1606474884044,
        "4,11": 48.12049516848087,
        "4,12": 65.90206973066734,
        "4,13": 27.614964286051407,
        "4,14": 97.90542928452615,
        "4,15": 22.909077294022385,
        "4,16": 70.240096712675,
        "4,17": 93.4297399789313,
        "4,18": 67.59333528787828,
        "4,19": 52.46897499486077,
        "4,20": 93.87259496693594,
        "4,21": 49.41098499198324,
        "4,22": 109.70546149741831,
        "4,23": 15.084429532472166,
        "4,24": 108.20347916061328,
        "4,25": 76.76557439126213,
        "4,26": 53.81102697102301,
        "4,27": 100.74959870117807,
        "4,28": 78.67679357869261,
        "4,29": 84.99574044169967,
        "4,30": 74.38146941724779,
        "4,31": 89.50403222930355,
        "4,32": 58.177577240288315,
        "4,33": 52.84431468856486,
        "4,34": 15.889012106494846,
        "4,35": 100.74399970376722,
        "4,36": 81.05719199163433,
        "4,37": 86.01102485647962,
        "4,38": 11.008275179818751,
        "4,39": 102.37749264802234,
        "4,40": 71.5154385619047,
        "4,41": 92.61025322550097,
        "4,42": 65.12768648407736,
        "4,43": 107.62360188596806,
        "4,44": 77.10593048658777,
        "4,45": 69.11154263063162,
        "4,46": 62.22085292012437,
        "4,47": 97.27173877736307,
        "4,48": 105.08002573405955,
        "4,49": 8.037075310409996,
        "4,50": 70.44042998825526,
        "5,0": 106.20961845661841,
        "5,1": 26.427095655803093,
        "5,2": 60.43408043740789,
        "5,3": 44.216174977602925,
        "5,4": 92.73087716846064,
        "5,5": 0.0,
        "5,6": 19.532580972860664,
        "5,7": 9.371768693132207,
        "5,8": 84.32327243868329,
        "5,9": 106.27920525863348,
        "5,10": 22.89274451459044,
        "5,11": 48.87749232561593,
        "5,12": 31.183523269377854,
        "5,13": 68.74357919878149,
        "5,14": 20.35314540533429,
        "5,15": 85.62434356890904,
        "5,16": 26.485037984706796,
        "5,17": 86.90336644801926,
        "5,18": 78.78021350060897,
        "5,19": 45.00272626157272,
        "5,20": 28.781997006089643,
        "5,21": 48.816792127545554,
        "5,22": 49.3607479673037,
        "5,23": 79.7881958947683,
        "5,24": 59.40747290041568,
        "5,25": 86.81080278790581,
        "5,26": 62.31425972346645,
        "5,27": 23.933517321088267,
        "5,28": 78.09386247964319,
        "5,29": 8.648246917204176,
        "5,30": 30.561879394375275,
        "5,31": 23.448502995020704,
        "5,32": 94.13057009900979,
        "5,33": 43.7143551171676,
        "5,34": 77.10395169277868,
        "5,35": 45.09215195449917,
        "5,36": 72.65078509265781,
        "5,37": 109.20347460939183,
        "5,38": 99.7914571000999,
        "5,39": 81.6336568113799,
        "5,40": 58.36410126866699,
        "5,41": 1.4570878098096358,
        "5,42": 42.24363586061177,
        "5,43": 31.481588428686887,
        "5,44": 95.05615704900286,
        "5,45": 23.628653729631395,
        "5,46": 37.183333819430786,
        "5,47": 52.43605621368738,
        "5,48": 34.972731794982884,
        "5,49": 84.81617460838278,
        "5,50": 71.69352284307622,
        "6,0": 89.32826179333702,
        "6,1": 11.046263715014891,
        "6,2": 59.37533302983045,
        "6,3": 28.719693312725877,
        "6,4": 76.06454761113218,
        "6,5": 19.532580972860664,
        "6,6": 0.0,
        "6,7": 12.15487722781156,
        "6,8": 67.43365817311346,
        "6,9": 88.14529075515276,
        "6,10": 24.1300247272479,
        "6,11": 37.70319824375451,
        "6,12": 25.063971240306483,
        "6,13": 54.67913519624918,
        "6,14": 23.05554599761907,
        "6,15": 66.84860415705336,
        "6,16": 6.961172627218801,
        "6,17": 71.65406337874258,
        "6,18": 60.423889028689004,
        "6,19": 25.86456724796946,
        "6,20": 23.85536077199154,
        "6,21": 29.660539610209863,
        "6,22": 45.82682900265521,
        "6,23": 64.36011168976306,
        "6,24": 52.33929003548087,
        "6,25": 69.1483167789026,
        "6,26": 42.92832867463685,
        "6,27": 26.574400714516727,
        "6,28": 61.12144953095021,
        "6,29": 15.975859851649103,
        "6,30": 13.179029412525972,
        "6,31": 17.412056021068615,
        "6,32": 74.84605348171449,
        "6,33": 33.24954610955686,
        "6,34": 60.195247078967064,
        "6,35": 38.67869595409932,
        "6,36": 56.375174900735544,
        "6,37": 91.30688331188443,
        "6,38": 82.18233789153913,
        "6,39": 68.78090993063444,
        "6,40": 40.974368495271364,
        "6,41": 18.771598564375335,
        "6,42": 23.28350772881061,
        "6,43": 34.60937185056564,
        "6,44": 77.04099086040668,
        "6,45": 10.746191078268083,
        "6,46": 30.766417586883417,
        "6,47": 42.816125681440944,
        "6,48": 34.620693854260644,
        "6,49": 68.39756962978409,
        "6,50": 53.84443159078097,
        "7,0": 96.83977360182608,
        "7,1": 17.152622105264612,
        "7,2": 63.67415030221431,
        "7,3": 39.965907598562595,
        "7,4": 83.35938305650657,
        "7,5": 9.371768693132207,
        "7,6": 12.15487722781156,
        "7,7": 0.0,
        "7,8": 74.95737686532678,
        "7,9": 100.29043899514002,
        "7,10": 25.8221830977636,
        "7,11": 39.98066940166304,
        "7,12": 23.022694332799713,
        "7,13": 59.51779124356053,
        "7,14": 23.720148225038702,
        "7,15": 76.58497783537662,
        "7,16": 18.698167023523148,
        "7,17": 83.06883275370087,
        "7,18": 72.57606437921417,
        "7,19": 36.32669996897694,
        "7,20": 29.290510254756377,
        "7,21": 40.12458136987726,
        "7,22": 51.30329769678772,
        "7,23": 70.45283791632525,
        "7,24": 59.85549575786353,
        "7,25": 81.22787263939848,
        "7,26": 54.834385292454414,
        "7,27": 27.617442263715663,
        "7,28": 73.04303658378103,
        "7,29": 3.9530668706295047,
        "7,30": 24.910102621368885,
        "7,31": 22.929142591500973,
        "7,32": 86.79593414094296,
        "7,33": 34.885769791024046,
        "7,34": 67.74125692753952,
        "7,35": 45.58998823257678,
        "7,36": 68.08689751465886,
        "7,37": 103.43092522010926,
        "7,38": 90.46639583298918,
        "7,39": 79.24110499434595,
        "7,40": 52.951996198694125,
        "7,41": 9.363578419903677,
        "7,42": 35.42894738032401,
        "7,43": 35.837614142484455,
        "7,44": 89.17307895901612,
        "7,45": 14.264590242234314,
        "7,46": 29.164724507686948,
        "7,47": 51.513963447518236,
        "7,48": 37.93230587404529,
        "7,49": 75.44478621146607,
        "7,50": 65.94003411422906,
        "8,0": 21.926592063635283,
        "8,1": 58.02728687164475,
        "8,2": 115.16150507174851,
        "8,3": 69.62995496536337,
        "8,4": 8.719124411579806,
        "8,5": 84.32327243868329,
        "8,6": 67.43365817311346,
        "8,7": 74.95737686532678,
        "8,8": 0.0,
        "8,9": 77.74634164069069,
        "8,10": 89.4437828997151,
        "8,11": 40.97118433718657,
        "8,12": 58.21388417133081,
        "8,13": 21.64594233328656,
        "8,14": 89.1975165426629,
        "8,15": 18.60903551591359,
        "8,16": 61.554286935440665,
        "8,17": 87.03999257969556,
        "8,18": 61.350878224316105,
        "8,19": 43.75585019206036,
        "8,20": 85.16753940694159,
        "8,21": 40.724579964264336,
        "8,22": 101.19091562193817,
        "8,23": 10.55215812514176,
        "8,24": 99.98066792492683,
        "8,25": 71.00081893541967,
        "8,26": 46.10714571554235,
        "8,27": 92.03268680605554,
        "8,28": 72.09051450178355,
        "8,29": 76.70629598416625,
        "8,30": 65.67024013143919,
        "8,31": 80.78490815779874,
        "8,32": 54.14083122786124,
        "8,33": 45.44255616316568,
        "8,34": 7.2471464978486235,
        "8,35": 92.2301284934167,
        "8,36": 74.01047234294953,
        "8,37": 82.08036316545599,
        "8,38": 16.470932664065927,
        "8,39": 95.32268693522133,
        "8,40": 63.6750451468206,
        "8,41": 84.16586522940224,
        "8,42": 56.53553008856399,
        "8,43": 98.9070248626796,
        "8,44": 72.15784566158572,
        "8,45": 60.69467646234113,
        "8,46": 54.905863129385594,
        "8,47": 88.98458298740934,
        "8,48": 96.38953794371874,
        "8,49": 3.5753347010899548,
        "8,50": 63.51809981840307,
        "9,0": 85.07111165647632,
        "9,1": 88.301769154076,
        "9,2": 90.01207528382419,
        "9,3": 63.02194993766416,
        "9,4": 81.71927596555308,
        "9,5": 106.27920525863348,
        "9,6": 88.14529075515276,
        "9,7": 100.29043899514002,
        "9,8": 77.74634164069069,
        "9,9": 0.0,
        "9,10": 92.89454939754525,
        "9,11": 96.24532069697834,
        "9,12": 101.7442595675723,
        "9,13": 90.65406926314654,
        "9,14": 94.74547576270395,
        "9,15": 59.2653525015032,
        "9,16": 82.02781094303302,
        "9,17": 31.288421162583674,
        "9,18": 27.758180091302936,
        "9,19": 70.08296963069472,
        "9,20": 84.51159405644661,
        "9,21": 67.53172934140856,
        "9,22": 82.23489075032961,
        "9,23": 86.4182221937515,
        "9,24": 71.69365083773644,
        "9,25": 19.950519527840807,
        "9,26": 48.198187164934886,
        "9,27": 94.5451369880429,
        "9,28": 29.82335505550659,
        "9,29": 104.11504379934291,
        "9,30": 75.76803656024208,
        "9,31": 86.03332942236621,
        "9,32": 23.619647917015893,
        "9,33": 96.88998339676357,
        "9,34": 76.44846325661219,
        "9,35": 76.54012341485787,
        "9,36": 36.501862609211464,
        "9,37": 4.340638157196197,
        "9,38": 75.535242889823,
        "9,39": 45.498796289552736,
        "9,40": 48.044785734155745,
        "9,41": 105.11777541492592,
        "9,42": 64.99343571446205,
        "9,43": 95.66227296664262,
        "9,44": 11.267877049194121,
        "9,45": 91.63306686744593,
        "9,46": 103.44496948234402,
        "9,47": 66.95509702056818,
        "9,48": 89.66027047594125,
        "9,49": 81.32061016586334,
        "9,50": 34.6070441278421,
        "10,0": 111.05429748818024,
        "10,1": 35.17522018878375,
        "10,2": 37.968860125134036,
        "10,3": 30.421759763306238,
        "10,4": 98.1606474884044,
        "10,5": 22.89274451459044,
        "10,6": 24.1300247272479,
        "10,7": 25.8221830977636,
        "10,8": 89.4437828997151,
        "10,9": 92.89454939754525,
        "10,10": 0.0,
        "10,11": 61.7905908384791,
        "10,12": 47.519647842323664,
        "10,13": 78.46972730110171,
        "10,14": 2.6273180273834447,
        "10,15": 85.85200735423142,
        "10,16": 28.363072108139853,
        "10,17": 69.21940136281374,
        "10,18": 66.93638212154573,
        "10,19": 45.865595451738166,
        "10,20": 8.448203814382168,
        "10,21": 49.24802038685398,
        "10,22": 26.470853284202352,
        "10,23": 87.49660443651662,
        "10,24": 36.982363861143945,
        "10,25": 72.9457252602322,
        "10,26": 55.775919565362194,
        "10,27": 2.589028976104115,
        "10,28": 63.274688697392016,
        "10,29": 28.466154395883475,
        "10,30": 24.356823176652796,
        "10,31": 8.898800508845293,
        "10,32": 85.2817755899392,
        "10,33": 57.2163294450825,
        "10,34": 82.31538862549067,
        "10,35": 22.928494873358947,
        "10,36": 56.970147151321356,
        "10,37": 95.18821905887104,
        "10,38": 103.12078137217581,
        "10,39": 61.72703451829943,
        "10,40": 45.717110866285424,
        "10,41": 21.470368049512285,
        "10,42": 36.05021742831958,
        "10,43": 10.528460866876204,
        "10,44": 81.6943594065884,
        "10,45": 34.451200659251676,
        "10,46": 53.59337305008451,
        "10,47": 31.493782163321338,
        "10,48": 12.233045563914866,
        "10,49": 90.81418734491459,
        "10,50": 58.97335777160394,
        "11,0": 61.4307910988907,
        "11,1": 26.684418238634684,
        "11,2": 96.04903464509134,
        "11,3": 56.134791718516475,
        "11,4": 48.12049516848087,
        "11,5": 48.87749232561593,
        "11,6": 37.70319824375451,
        "11,7": 39.98066940166304,
        "11,8": 40.97118433718657,
        "11,9": 96.24532069697834,
        "11,10": 61.7905908384791,
        "11,11": 0.0,
        "11,12": 18.592019758236248,
        "11,13": 21.120093682077307,
        "11,14": 60.532720527796236,
        "11,15": 50.427045668057346,
        "11,16": 35.12069849994844,
        "11,17": 91.6149412938838,
        "11,18": 70.94207759273615,
        "11,19": 29.509669196670867,
        "11,20": 60.996440110494625,
        "11,21": 30.433561164543917,
        "11,22": 82.01029091020612,
        "11,23": 33.45377551064793,
        "11,24": 85.99641590202127,
        "11,25": 81.64583227492342,
        "11,26": 49.27623058692254,
        "11,27": 64.18361355343976,
        "11,28": 77.43216192562596,
        "11,29": 40.34245103917891,
        "11,30": 43.8378186809779,
        "11,31": 54.854071887257135,
        "11,32": 75.73929317706482,
        "11,33": 5.216234720519843,
        "11,34": 34.66665996556957,
        "11,35": 73.88915152936136,
        "11,36": 75.62571528859903,
        "11,37": 100.30588130714558,
        "11,38": 57.442041744255825,
        "11,39": 94.05032646689578,
        "11,40": 60.00930668100975,
        "11,41": 49.19426005464665,
        "11,42": 42.69117534504248,
        "11,43": 72.29741925690018,
        "11,44": 86.91740425791282,
        "11,45": 27.467349709420137,
        "11,46": 14.140223048451183,
        "11,47": 75.17110769503459,
        "11,48": 72.14199531353202,
        "11,49": 40.168663998919854,
        "11,50": 68.082346151855,
        "12,0": 79.36789864436761,
        "12,1": 16.31091994796479,
        "12,2": 84.24606262934864,
        "12,3": 50.60665168422652,
        "12,4": 65.90206973066734,
        "12,5": 31.183523269377854,
        "12,6": 25.063971240306483,
        "12,7": 23.022694332799713,
        "12,8": 58.21388417133081,
        "12,9": 101.7442595675723,
        "12,10": 47.519647842323664,
        "12,11": 18.592019758236248,
        "12,12": 0.0,
        "12,13": 39.5753384111188,
        "12,14": 45.792488169629664,
        "12,15": 64.60817157345329,
        "12,16": 25.877097222982595,
        "12,17": 91.24006490058092,
        "12,18": 74.60136757267784,
        "12,19": 31.68123000499407,
        "12,20": 48.743613140134386,
        "12,21": 34.5097229449714,
        "12,22": 70.85830997469802,
        "12,23": 51.64112380561072,
        "12,24": 77.17845295034272,
        "12,25": 84.73762137592048,
        "12,26": 53.56253318876773,
        "12,27": 49.64974834174818,
        "12,28": 78.5466410758979,
        "12,29": 22.53527910321257,
        "12,30": 35.60156759690391,
        "12,31": 42.18610311111723,
        "12,32": 83.89675389380331,
        "12,33": 13.421214369623472,
        "12,34": 51.40553994470764,
        "12,35": 63.710406194927195,
        "12,36": 75.2096747334326,
        "12,37": 105.47179518258832,
        "12,38": 74.56102352810207,
        "12,39": 90.8164486483813,
        "12,40": 59.02377125783056,
        "12,41": 31.714014027629133,
        "12,42": 39.861096211638156,
        "12,43": 57.94995352638095,
        "12,44": 91.3859192239989,
        "12,45": 14.634205206701463,
        "12,46": 6.155406792854421,
        "12,47": 67.22882940282521,
        "12,48": 59.00869008624234,
        "12,49": 57.8711392919713,
        "12,50": 69.85534201458849,
        "13,0": 40.611611186154015,
        "13,1": 43.960124540708506,
        "13,2": 109.35294335127054,
        "13,3": 65.53213806529237,
        "13,4": 27.614964286051407,
        "13,5": 68.74357919878149,
        "13,6": 54.67913519624918,
        "13,7": 59.51779124356053,
        "13,8": 21.64594233328656,
        "13,9": 90.65406926314654,
        "13,10": 78.46972730110171,
        "13,11": 21.120093682077307,
        "13,12": 39.5753384111188,
        "13,13": 0.0,
        "13,14": 77.65394481672776,
        "13,15": 35.94224600174289,
        "13,16": 50.220722196085276,
        "13,17": 93.09811822841776,
        "13,18": 69.09706936272069,
        "13,19": 36.77965616774238,
        "13,20": 75.99815910386465,
        "13,21": 35.36367310021186,
        "13,22": 95.10098574462589,
        "13,23": 12.584523748516474,
        "13,24": 96.65115091669603,
        "13,25": 79.70429419379393,
        "13,26": 49.22785889358392,
        "13,27": 81.00198976065991,
        "13,28": 78.06143572251099,
        "13,29": 60.45474171752737,
        "13,30": 56.9724071414805,
        "13,31": 70.53801137731617,
        "13,32": 67.91568397567576,
        "13,33": 26.174681128346197,
        "13,34": 17.119786134226267,
        "13,35": 86.38819280817908,
        "13,36": 78.09882021798829,
        "13,37": 94.94780534485713,
        "13,38": 37.72248164302634,
        "13,39": 98.56463395802186,
        "13,40": 64.46071542567249,
        "13,41": 68.87658904517367,
        "13,42": 51.37627600958347,
        "13,43": 88.69586509559646,
        "13,44": 83.02571454358393,
        "13,45": 45.797853502774196,
        "13,46": 35.220844023136,
        "13,47": 85.46657164069575,
        "13,48": 87.4413239773868,
        "13,49": 19.990191883585652,
        "13,50": 68.69234988770349,
        "14,0": 110.89814711066991,
        "14,1": 34.0494097094849,
        "14,2": 40.30732626253362,
        "14,3": 32.01044149736589,
        "14,4": 97.90542928452615,
        "14,5": 20.35314540533429,
        "14,6": 23.05554599761907,
        "14,7": 23.720148225038702,
        "14,8": 89.1975165426629,
        "14,9": 94.74547576270395,
        "14,10": 2.6273180273834447,
        "14,11": 60.532720527796236,
        "14,12": 45.792488169629664,
        "14,13": 77.65394481672776,
        "14,14": 0.0,
        "14,15": 86.15460349106358,
        "14,16": 27.803935715555,
        "14,17": 71.48134134435357,
        "14,18": 68.55205628288704,
        "14,19": 45.81739627042592,
        "14,20": 10.619774917818104,
        "14,21": 49.29206968608184,
        "14,22": 29.039220500048753,
        "14,23": 86.94609001045224,
        "14,24": 39.609461757913415,
        "14,25": 74.80743536877823,
        "14,26": 56.70932493019045,
        "14,27": 3.900496811918996,
        "14,28": 65.21520682882702,
        "14,29": 26.19594952784763,
        "14,30": 24.703080047280345,
        "14,31": 9.55716615227906,
        "14,32": 86.61691102144583,
        "14,33": 55.864696395200035,
        "14,34": 82.03258003872641,
        "14,35": 25.54070556879087,
        "14,36": 58.98722546086876,
        "14,37": 97.10967033660776,
        "14,38": 103.12034745373359,
        "14,39": 64.19458700886467,
        "14,40": 47.31704894999343,
        "14,41": 18.94206835477871,
        "14,42": 36.713875981369696,
        "14,43": 12.18236283091132,
        "14,44": 83.52154653334033,
        "14,45": 33.09494379388801,
        "14,46": 51.90149154980312,
        "14,47": 34.012421209149224,
        "14,48": 14.652871315824068,
        "14,49": 90.47153828046969,
        "14,50": 60.65794687914083,
        "15,0": 30.248434251612963,
        "15,1": 59.55068348364321,
        "15,2": 106.21895051971437,
        "15,3": 61.24091152625183,
        "15,4": 22.909077294022385,
        "15,5": 85.62434356890904,
        "15,6": 66.84860415705336,
        "15,7": 76.58497783537662,
        "15,8": 18.60903551591359,
        "15,9": 59.2653525015032,
        "15,10": 85.85200735423142,
        "15,11": 50.427045668057346,
        "15,12": 64.60817157345329,
        "15,13": 35.94224600174289,
        "15,14": 86.15460349106358,
        "15,15": 0.0,
        "15,16": 60.14563788002252,
        "15,17": 70.92656256064063,
        "15,18": 45.08870935925939,
        "15,19": 41.03805848570903,
        "15,20": 80.13126645965188,
        "15,21": 37.2973575128342,
        "15,22": 92.87267746480725,
        "15,23": 28.181539035834042,
        "15,24": 89.54441858428426,
        "15,25": 53.948155154241995,
        "15,26": 34.37183845946562,
        "15,27": 88.38114247279061,
        "15,28": 56.42429700619283,
        "15,29": 79.13055586014129,
        "15,30": 61.502945441905396,
        "15,31": 76.953948918022,
        "15,32": 35.645910009470036,
        "15,33": 53.718758755639456,
        "15,34": 19.118957127698373,
        "15,35": 84.03637733373107,
        "15,36": 59.40161316354288,
        "15,37": 63.5900358365321,
        "15,38": 20.28372139105225,
        "15,39": 80.58783563301905,
        "15,40": 51.916724388848664,
        "15,41": 85.1553963232309,
        "15,42": 50.24685707271804,
        "15,43": 94.22527082882371,
        "15,44": 54.22296499197084,
        "15,45": 62.78283102196165,
        "15,46": 62.90356857942889,
        "15,47": 79.08244742845991,
        "15,48": 90.66585760365764,
        "15,49": 22.175381238862066,
        "15,50": 48.70212946419576,
        "16,0": 83.36444809875647,
        "16,1": 9.65198022845286,
        "16,2": 60.92911742502455,
        "16,3": 24.984799228197716,
        "16,4": 70.240096712675,
        "16,5": 26.485037984706796,
        "16,6": 6.961172627218801,
        "16,7": 18.698167023523148,
        "16,8": 61.554286935440665,
        "16,9": 82.02781094303302,
        "16,10": 28.363072108139853,
        "16,11": 35.12069849994844,
        "16,12": 25.877097222982595,
        "16,13": 50.220722196085276,
        "16,14": 27.803935715555,
        "16,15": 60.14563788002252,
        "16,16": 0.0,
        "16,17": 67.06808735551198,
        "16,18": 54.26989514199108,
        "16,19": 19.107914270522684,
        "16,20": 26.080464626032494,
        "16,21": 22.870599533129283,
        "16,22": 46.92299579543314,
        "16,23": 59.15799510003865,
        "16,24": 51.80902540466334,
        "16,25": 63.34373111577491,
        "16,26": 36.14263597751917,
        "16,27": 30.928387869697378,
        "16,28": 55.74083776485372,
        "16,29": 22.31557515797666,
        "16,30": 9.726509822646651,
        "16,31": 20.333767047664026,
        "16,32": 68.09974963044644,
        "16,33": 31.268019398352482,
        "16,34": 54.351717334411816,
        "16,35": 38.99090408044045,
        "16,36": 51.41804085125199,
        "16,37": 85.30446825902277,
        "16,38": 75.93628021429114,
        "16,39": 65.36615860353214,
        "16,40": 35.587597550773246,
        "16,41": 25.732659883237087,
        "16,42": 17.040783388317124,
        "16,43": 38.48147126673992,
        "16,44": 71.01584435667863,
        "16,45": 11.554382006096512,
        "16,46": 30.833633240941204,
        "16,47": 41.52477430456211,
        "16,48": 37.43198132891331,
        "16,49": 62.722040291267895,
        "16,50": 48.02734738222632,
        "17,0": 100.66911796772185,
        "17,1": 75.53431072162,
        "17,2": 59.46861991706408,
        "17,3": 43.10306954268647,
        "17,4": 93.4297399789313,
        "17,5": 86.90336644801926,
        "17,6": 71.65406337874258,
        "17,7": 83.06883275370087,
        "17,8": 87.03999257969556,
        "17,9": 31.288421162583674,
        "17,10": 69.21940136281374,
        "17,11": 91.6149412938838,
        "17,12": 91.24006490058092,
        "17,13": 93.09811822841776,
        "17,14": 71.48134134435357,
        "17,15": 70.92656256064063,
        "17,16": 67.06808735551198,
        "17,17": 0.0,
        "17,18": 25.85035914628422,
        "17,19": 62.221933380274436,
        "17,20": 60.8615664680996,
        "17,21": 61.238998670406176,
        "17,22": 53.38817199537187,
        "17,23": 93.08989939387885,
        "17,24": 41.72905196350292,
        "17,25": 18.28804322933044,
        "17,26": 43.91634988192571,
        "17,27": 70.32601783403288,
        "17,28": 15.118481371059179,
        "17,29": 87.02056350309012,
        "17,30": 58.47623445781698,
        "17,31": 64.18207637479235,
        "17,32": 41.79745243916881,
        "17,33": 90.54778539175634,
        "17,34": 83.2177144025456,
        "17,35": 49.3135826848349,
        "17,36": 16.112099422116405,
        "17,37": 31.34188881129527,
        "17,38": 90.574230953831,
        "17,39": 14.239161971782387,
        "17,40": 32.258434530693364,
        "17,41": 85.55628184938989,
        "17,42": 51.38029131279849,
        "17,43": 69.55520254507296,
        "17,44": 23.77453992172103,
        "17,45": 78.30369689332267,
        "17,46": 94.6438543808346,
