{
    "num_robots": 5,
    "num_tasks": 30,
    "num_nodes": 31,
    "robot_capacity": [
        74,
        73,
        81,
        73,
        98
    ],
    "robot_speed": [
        0.97,
        1.19,
        1.04,
        1.08,
        1.08
    ],
    "task_demand": {
        "0": 0,
        "1": 14,
        "2": 7,
        "3": 12,
        "4": 6,
        "5": 15,
        "6": 13,
        "7": 9,
        "8": 12,
        "9": 13,
        "10": 5,
        "11": 13,
        "12": 9,
        "13": 7,
        "14": 15,
        "15": 10,
        "16": 7,
        "17": 13,
        "18": 13,
        "19": 13,
        "20": 13,
        "21": 8,
        "22": 11,
        "23": 8,
        "24": 5,
        "25": 7,
        "26": 9,
        "27": 8,
        "28": 9,
        "29": 11,
        "30": 5
    },
    "task_service_time": {
        "0": 0,
        "1": 99,
        "2": 13,
        "3": 85,
        "4": 50,
        "5": 91,
        "6": 99,
        "7": 80,
        "8": 57,
        "9": 50,
        "10": 14,
        "11": 67,
        "12": 31,
        "13": 27,
        "14": 97,
        "15": 98,
        "16": 23,
        "17": 43,
        "18": 86,
        "19": 68,
        "20": 79,
        "21": 28,
        "22": 99,
        "23": 43,
        "24": 34,
        "25": 97,
        "26": 56,
        "27": 22,
        "28": 31,
        "29": 89,
        "30": 80
    },
    "task_precedence": [],
    "coordinates": {
        "0": [
            0,
            100
        ],
        "1": [
            11.426599474871125,
            87.61664919873252
        ],
        "2": [
            4.5468108962618885,
            0.47552637385268604
        ],
        "3": [
            27.966215841387466,
            77.63604110534872
        ],
        "4": [
            25.348761054561987,
            55.65576718041635
        ],
        "5": [
            96.27344128421848,
            25.17341649102297
        ],
        "6": [
            89.46031060510836,
            54.38676625192505
        ],
        "7": [
            21.929423146075912,
            48.16047532617029
        ],
        "8": [
            7.818112558237511,
            15.426901142079952
        ],
        "9": [
            36.84482795334698,
            61.428575511210134
        ],
        "10": [
            39.41716694687795,
            93.02369103925521
        ],
        "11": [
            13.11152264715114,
            42.455226784420894
        ],
        "12": [
            58.60642547060312,
            7.060045421217942
        ],
        "13": [
            40.13776063411285,
            70.05899229750847
        ],
        "14": [
            5.884583415493738,
            57.005429100835045
        ],
        "15": [
            18.835958645493957,
            25.287133237865632
        ],
        "16": [
            28.627443154735865,
            10.417356902146723
        ],
        "17": [
            43.8493489147896,
            73.80890929705993
        ],
        "18": [
            31.464260750834928,
            84.08010484714005
        ],
        "19": [
            89.63844206739483,
            31.39173929313238
        ],
        "20": [
            95.76637219755952,
            29.297552316445362
        ],
        "21": [
            70.17846318612712,
            77.93847617851787
        ],
        "22": [
            87.43009785982419,
            93.40540203609018
        ],
        "23": [
            14.50778721636432,
            28.5794626878793
        ],
        "24": [
            90.74392290342428,
            32.68901072287457
        ],
        "25": [
            57.09225241938572,
            12.805130100829187
        ],
        "26": [
            21.710687253421746,
            55.057223036764704
        ],
        "27": [
            8.163862785208742,
            52.362787109195
        ],
        "28": [
            92.97416226772253,
            72.13544551609141
        ],
        "29": [
            21.17825266257498,
            96.62577639976747
        ],
        "30": [
            59.992049319624606,
            8.991347031961316
        ]
    },
    "distance_matrix_str_keys": {
        "0,0": 0.0,
        "0,1": 16.849764171239226,
        "0,2": 99.62828082371018,
        "0,3": 35.80860072564583,
        "0,4": 51.07808406115795,
        "0,5": 121.93274005094683,
        "0,6": 100.41769897044537,
        "0,7": 56.28708482350324,
        "0,8": 84.93369139749424,
        "0,9": 53.34131732537318,
        "0,10": 40.02976313736837,
        "0,11": 59.0195980209895,
        "0,12": 109.87514852571273,
        "0,13": 50.07498148738546,
        "0,14": 43.395408153135584,
        "0,15": 77.05067032746179,
        "0,16": 94.0456295952927,
        "0,17": 51.075812597163775,
        "0,18": 35.26248383586422,
        "0,19": 112.88110441296726,
        "0,20": 119.03795257113288,
        "0,21": 73.56444473040234,
        "0,22": 87.6784507965557,
        "0,23": 72.87913995010732,
        "0,24": 112.98331213665097,
        "0,25": 104.22317699558087,
        "0,26": 49.91199397121901,
        "0,27": 48.331694648331904,
        "0,28": 97.0599209044161,
        "0,29": 21.445367116098303,
        "0,30": 109.0028481124469,
        "1,0": 16.849764171239226,
        "1,1": 0.0,
        "1,2": 87.41228047629895,
        "1,3": 19.317646012525785,
        "1,4": 34.861505452859404,
        "1,5": 105.34772838561628,
        "1,6": 84.8144161886164,
        "1,7": 40.830123214733035,
        "1,8": 72.279878958881,
        "1,9": 36.495226296696714,
        "1,10": 28.50803340937655,
        "1,11": 45.19284280259845,
        "1,12": 93.35578392984029,
        "1,13": 33.65415414139912,
        "1,14": 31.108853046750518,
        "1,15": 62.768361164166556,
        "1,16": 79.09234953137272,
        "1,17": 35.240436467728024,
        "1,18": 20.34735892839756,
        "1,19": 96.32410298367984,
        "1,20": 102.53933062040306,
        "1,21": 59.54366903840583,
        "1,22": 76.22362774208257,
        "1,23": 59.11753639162915,
        "1,24": 96.47944477661683,
        "1,25": 87.64767680084172,
        "1,26": 34.14496585784745,
        "1,27": 35.404522916347844,
        "1,28": 83.00405209938528,
        "1,29": 13.276261251485025,
        "1,30": 92.41504779763598,
        "2,0": 99.62828082371018,
        "2,1": 87.41228047629895,
        "2,2": 0.0,
        "2,3": 80.63630424078964,
        "2,4": 58.97101072441234,
        "2,5": 94.99347608424812,
        "2,6": 100.581927889633,
        "2,7": 50.75440439225467,
        "2,8": 15.305065240750443,
        "2,9": 68.9814185484821,
        "2,10": 98.89946670246103,
        "2,11": 42.84448078734157,
        "2,12": 54.45913898521939,
        "2,13": 78.15736966653112,
        "2,14": 56.545729614492544,
        "2,15": 28.632072551139537,
        "2,16": 26.052194614296447,
        "2,17": 83.20140951726455,
        "2,18": 87.83094356984626,
        "2,19": 90.5339600185166,
        "2,20": 95.66460967064404,
        "2,21": 101.52843136155434,
        "2,22": 124.52148830014495,
        "2,23": 29.816979820104265,
        "2,24": 92.01983857994958,
        "2,25": 53.972609284009046,
        "2,26": 57.21678304663774,
        "2,27": 52.013179973779046,
        "2,28": 113.81801475181314,
        "2,29": 97.57804791689671,
        "2,30": 56.095397897729605,
        "3,0": 35.80860072564583,
        "3,1": 19.317646012525785,
        "3,2": 80.63630424078964,
        "3,3": 0.0,
        "3,4": 22.135571177996237,
        "3,5": 86.12899644789437,
        "3,6": 65.742318730172,
        "3,7": 30.08740341154154,
        "3,8": 65.39054335970945,
        "3,9": 18.480035011325608,
        "3,10": 19.180825105004896,
        "3,11": 38.18837003825237,
        "3,12": 76.94019504088047,
        "3,13": 14.337299999571533,
        "3,14": 30.219540735640994,
        "3,15": 53.13915459791771,
        "3,16": 67.2219363568896,
        "3,17": 16.337712633824133,
        "3,18": 7.332276297084072,
        "3,19": 77.08436247236651,
        "3,20": 83.26746483661138,
        "3,21": 42.21333074831886,
        "3,22": 61.51931411245217,
        "3,23": 50.86921649764393,
        "3,24": 77.2093002440118,
        "3,25": 71.07301195544497,
        "3,26": 23.42935473479952,
        "3,27": 32.10717293870096,
        "3,28": 65.24024563416211,
        "3,29": 20.16646946465859,
        "3,30": 75.74792429106374,
        "4,0": 51.07808406115795,
        "4,1": 34.861505452859404,
        "4,2": 58.97101072441234,
        "4,3": 22.135571177996237,
        "4,4": 0.0,
        "4,5": 77.19769406679313,
        "4,6": 64.12410739440101,
        "4,7": 8.238402254851191,
        "4,8": 43.88263095385347,
        "4,9": 12.864092279108625,
        "4,10": 39.92845824560384,
        "4,11": 18.000118627001292,
        "4,12": 58.88647056589007,
        "4,13": 20.643822377108098,
        "4,14": 19.510914854630283,
        "4,15": 31.059145557407174,
        "4,16": 45.35706693359979,
        "4,17": 25.919265419395284,
        "4,18": 29.074770993544252,
        "4,19": 68.71612717584348,
        "4,20": 75.18906469628193,
        "4,21": 50.06217447833174,
        "4,22": 72.65760325846915,
        "4,23": 29.165955817237812,
        "4,24": 69.31088727912037,
        "4,25": 53.32753830953693,
        "4,26": 3.686981973707314,
        "4,27": 17.497555437188392,
        "4,28": 69.60441571688001,
        "4,29": 41.181728905928054,
        "4,30": 58.11820308309404,
        "5,0": 121.93274005094683,
        "5,1": 105.34772838561628,
        "5,2": 94.99347608424812,
        "5,3": 86.12899644789437,
        "5,4": 77.19769406679313,
        "5,5": 0.0,
        "5,6": 29.997309111042433,
        "5,7": 77.8166942681003,
        "5,8": 88.99067221607292,
        "5,9": 69.61462948266906,
        "5,10": 88.52285404229475,
        "5,11": 84.93859946111192,
        "5,12": 41.79591238166238,
        "5,13": 71.8744012672829,
        "5,14": 95.83017611172255,
        "5,15": 77.43756613505666,
        "5,16": 69.23671249795467,
        "5,17": 71.51011551692868,
        "5,18": 87.57983680330422,
        "5,19": 9.093445610904825,
        "5,20": 4.155191375277147,
        "5,21": 58.865094969470384,
        "5,22": 68.80267854047572,
        "5,23": 81.83656478518093,
        "5,24": 9.33058037752111,
        "5,25": 41.08698174716107,
        "5,26": 80.32836474322386,
        "5,27": 92.20932543883765,
        "5,28": 47.07778045086727,
        "5,29": 103.65677542085214,
        "5,30": 39.72654999954555,
        "6,0": 100.41769897044537,
        "6,1": 84.8144161886164,
        "6,2": 100.581927889633,
        "6,3": 65.742318730172,
        "6,4": 64.12410739440101,
        "6,5": 29.997309111042433,
        "6,6": 0.0,
        "6,7": 67.81730944011743,
        "6,8": 90.46170234580934,
        "6,9": 53.08461257579221,
        "6,10": 63.22284542963955,
        "6,11": 77.27547513094775,
        "6,12": 56.49584703746754,
        "6,13": 51.752609643043236,
        "6,14": 83.61674216560432,
        "6,15": 76.38447310329782,
        "6,16": 75.05962110751003,
        "6,17": 49.573979735153465,
        "6,18": 65.15547678921132,
        "6,19": 22.99571689801077,
        "6,20": 25.869578054310356,
        "6,21": 30.4380137386664,
        "6,22": 39.071417970793505,
        "6,23": 79.27103934973371,
        "6,24": 21.735690822488912,
        "6,25": 52.69462644061962,
        "6,26": 67.75294072286262,
        "6,27": 81.32163869293257,
        "6,28": 18.093169128958728,
        "6,29": 80.29055620144266,
        "6,30": 54.12136832477347,
        "7,0": 56.28708482350324,
        "7,1": 40.830123214733035,
        "7,2": 50.75440439225467,
        "7,3": 30.08740341154154,
        "7,4": 8.238402254851191,
        "7,5": 77.8166942681003,
        "7,6": 67.81730944011743,
        "7,7": 0.0,
        "7,8": 35.6457005173385,
        "7,9": 19.9627599065114,
        "7,10": 48.151109097935425,
        "7,11": 10.502629676993823,
        "7,12": 55.08582247625314,
        "7,13": 28.47961726607711,
        "7,14": 18.3213015164323,
        "7,15": 23.081579255002683,
        "7,16": 38.332837886155474,
        "7,17": 33.73907691186888,
        "7,18": 37.163596611103834,
        "7,19": 69.7545822970307,
        "7,20": 76.20829948045157,
        "7,21": 56.69831743137425,
        "7,22": 79.60805098067837,
        "7,23": 20.940313651282725,
        "7,24": 70.53227342022323,
        "7,25": 49.86406520237779,
        "7,26": 6.900215531005134,
        "7,27": 14.392709139367257,
        "7,28": 74.98102528287028,
        "7,29": 48.47112197225997,
        "7,30": 54.616701864498516,
        "8,0": 84.93369139749424,
        "8,1": 72.279878958881,
        "8,2": 15.305065240750443,
        "8,3": 65.39054335970945,
        "8,4": 43.88263095385347,
        "8,5": 88.99067221607292,
        "8,6": 90.46170234580934,
        "8,7": 35.6457005173385,
        "8,8": 0.0,
        "8,9": 54.39397256490993,
        "8,10": 83.7840201983804,
        "8,11": 27.541796916647204,
        "8,12": 51.47287638298529,
        "8,13": 63.47617691515048,
        "8,14": 41.623461198737644,
        "8,15": 14.785706252500564,
        "8,16": 21.40382613847839,
        "8,17": 68.60545801603448,
        "8,18": 72.61131250235569,
        "8,19": 83.36331554212788,
        "8,20": 89.03533757776471,
        "8,21": 88.29785016618207,
        "8,22": 111.43928753064247,
        "8,23": 14.756070691333237,
        "8,24": 84.70342642765547,
        "8,25": 49.34383996456636,
        "8,26": 41.99483355292176,
        "8,27": 36.93750418470604,
        "8,28": 102.31036998830328,
        "8,29": 82.29064762608826,
        "8,30": 52.569345001488124,
        "9,0": 53.34131732537318,
        "9,1": 36.495226296696714,
        "9,2": 68.9814185484821,
        "9,3": 18.480035011325608,
        "9,4": 12.864092279108625,
        "9,5": 69.61462948266906,
        "9,6": 53.08461257579221,
        "9,7": 19.9627599065114,
        "9,8": 54.39397256490993,
        "9,9": 0.0,
        "9,10": 31.69965698754728,
        "9,11": 30.3851566174252,
        "9,12": 58.56196880783155,
        "9,13": 9.237288538595942,
        "9,14": 31.27460576907862,
        "9,15": 40.379737782021614,
        "9,16": 51.66884783803585,
        "9,17": 14.224485176917405,
        "9,18": 23.28180157713835,
        "9,19": 60.74024383565332,
        "9,20": 67.11297212659568,
        "9,21": 37.198226542086786,
        "9,22": 59.84469037528242,
        "9,23": 39.72414381916293,
        "9,24": 61.08252631203449,
        "9,25": 52.670652559886136,
        "9,26": 16.420607390676974,
        "9,27": 30.079665595316563,
        "9,28": 57.1413968666882,
        "9,29": 38.52641342937192,
        "9,30": 57.318904277423194,
        "10,0": 40.02976313736837,
        "10,1": 28.50803340937655,
        "10,2": 98.89946670246103,
        "10,3": 19.180825105004896,
        "10,4": 39.92845824560384,
        "10,5": 88.52285404229475,
        "10,6": 63.22284542963955,
        "10,7": 48.151109097935425,
        "10,8": 83.7840201983804,
        "10,9": 31.69965698754728,
        "10,10": 0.0,
        "10,11": 57.00137278273398,
        "10,12": 88.07937335513836,
        "10,13": 22.976001470257337,
        "10,14": 49.211272604494866,
        "10,15": 70.79426105219228,
        "10,16": 83.30801029362262,
        "10,17": 19.719332503837002,
        "10,18": 11.968143170051587,
        "10,19": 79.50266631231345,
        "10,20": 85.06617241243575,
        "10,21": 34.26107198721978,
        "10,22": 48.014448222763676,
        "10,23": 69.09077917032927,
        "10,24": 79.2130641113113,
        "10,25": 82.14271827430855,
        "10,26": 41.892387324177555,
        "10,27": 51.28428735423157,
        "10,28": 57.486264001350285,
        "10,29": 18.591207954691047,
        "10,30": 86.51451106035648,
        "11,0": 59.0195980209895,
        "11,1": 45.19284280259845,
        "11,2": 42.84448078734157,
        "11,3": 38.18837003825237,
        "11,4": 18.000118627001292,
        "11,5": 84.93859946111192,
        "11,6": 77.27547513094775,
        "11,7": 10.502629676993823,
        "11,8": 27.541796916647204,
        "11,9": 30.3851566174252,
        "11,10": 57.00137278273398,
        "11,11": 0.0,
        "11,12": 57.64204235321098,
        "11,13": 38.631404455823436,
        "11,14": 16.246139175405723,
        "11,15": 18.097309289571076,
        "11,16": 35.59731585093486,
        "11,17": 43.9074865001732,
        "11,18": 45.49124607700525,
        "11,19": 77.32250740516871,
        "11,20": 83.69557068092588,
        "11,21": 67.19893369721504,
        "11,22": 90.10644249895537,
        "11,23": 13.945837515549679,
        "11,24": 78.24428762351283,
        "11,25": 53.041802614962634,
        "11,26": 15.256341024958262,
        "11,27": 11.07425346009896,
        "11,28": 85.19951050989123,
        "11,29": 54.76787907862112,
        "11,30": 57.598741558957435,
        "12,0": 109.87514852571273,
        "12,1": 93.35578392984029,
        "12,2": 54.45913898521939,
        "12,3": 76.94019504088047,
        "12,4": 58.88647056589007,
        "12,5": 41.79591238166238,
        "12,6": 56.49584703746754,
        "12,7": 55.08582247625314,
        "12,8": 51.47287638298529,
        "12,9": 58.56196880783155,
        "12,10": 88.07937335513836,
        "12,11": 57.64204235321098,
        "12,12": 0.0,
        "12,13": 65.65027713851853,
        "12,14": 72.62323306344922,
        "12,15": 43.74833438844153,
        "12,16": 30.166387272510075,
        "12,17": 68.36067683390668,
        "12,18": 81.66263931350494,
        "12,19": 39.433708686098946,
        "12,20": 43.30552336210157,
        "12,21": 71.81687826344773,
        "12,22": 91.02925188614157,
        "12,23": 49.06908614774578,
        "12,24": 41.105505758694974,
        "12,25": 5.9412724230535705,
        "12,26": 60.53944629453693,
        "12,27": 67.79963521079974,
        "12,28": 73.59313167724237,
        "12,29": 97.07156270231528,
        "12,30": 2.376947488405469,
        "13,0": 50.07498148738546,
        "13,1": 33.65415414139912,
        "13,2": 78.15736966653112,
        "13,3": 14.337299999571533,
        "13,4": 20.643822377108098,
        "13,5": 71.8744012672829,
        "13,6": 51.752609643043236,
        "13,7": 28.47961726607711,
        "13,8": 63.47617691515048,
        "13,9": 9.237288538595942,
        "13,10": 22.976001470257337,
        "13,11": 38.631404455823436,
        "13,12": 65.65027713851853,
        "13,13": 0.0,
        "13,14": 36.65618176651347,
        "13,15": 49.58110659937765,
        "13,16": 60.74217711861601,
        "13,17": 5.276150591935565,
        "13,18": 16.487000859909553,
        "13,19": 62.81300754830721,
        "13,20": 68.96402985474849,
        "13,21": 31.056884519373213,
        "13,22": 52.741065669477564,
        "13,23": 48.75907006937888,
        "13,24": 62.90865745282088,
        "13,25": 59.711468983213145,
        "13,26": 23.761525925957937,
        "13,27": 36.54429944217083,
        "13,28": 52.87718785598451,
        "13,29": 32.63827446509466,
        "13,30": 64.21409562928021,
        "14,0": 43.395408153135584,
        "14,1": 31.108853046750518,
        "14,2": 56.545729614492544,
        "14,3": 30.219540735640994,
        "14,4": 19.510914854630283,
        "14,5": 95.83017611172255,
        "14,6": 83.61674216560432,
        "14,7": 18.3213015164323,
        "14,8": 41.623461198737644,
        "14,9": 31.27460576907862,
        "14,10": 49.211272604494866,
        "14,11": 16.246139175405723,
        "14,12": 72.62323306344922,
        "14,13": 36.65618176651347,
        "14,14": 0.0,
        "14,15": 34.260595628201294,
        "14,16": 51.84289864879313,
        "14,17": 41.51722975008626,
        "14,18": 37.24725438670244,
        "14,19": 87.58293181121445,
        "14,20": 94.05563454978551,
        "14,21": 67.61579279959044,
        "14,22": 89.30077802392212,
        "14,23": 29.705137776180017,
        "14,24": 88.27454730022613,
        "14,25": 67.64533832055302,
        "14,26": 15.945565827431777,
        "14,27": 5.171966657640776,
        "14,28": 88.39407299918079,
        "14,29": 42.4696154812725,
        "14,30": 72.33926971903453,
        "15,0": 77.05067032746179,
        "15,1": 62.768361164166556,
        "15,2": 28.632072551139537,
        "15,3": 53.13915459791771,
        "15,4": 31.059145557407174,
        "15,5": 77.43756613505666,
        "15,6": 76.38447310329782,
        "15,7": 23.081579255002683,
        "15,8": 14.785706252500564,
        "15,9": 40.379737782021614,
        "15,10": 70.79426105219228,
        "15,11": 18.097309289571076,
        "15,12": 43.74833438844153,
        "15,13": 49.58110659937765,
        "15,14": 34.260595628201294,
        "15,15": 0.0,
        "15,16": 17.804028116385076,
        "15,17": 54.589673425499576,
        "15,18": 60.13391326624858,
        "15,19": 71.06516638831255,
        "15,20": 77.03487515714988,
        "15,21": 73.54057849894238,
        "15,22": 96.6708564078238,
        "15,23": 5.438060419612987,
        "15,24": 72.28791817463598,
        "15,25": 40.241078708544805,
        "15,26": 29.908565849999444,
        "15,27": 29.103000921058804,
        "15,28": 87.69970125176702,
        "15,29": 71.37708560486074,
        "15,30": 44.264844376161605,
        "16,0": 94.0456295952927,
        "16,1": 79.09234953137272,
        "16,2": 26.052194614296447,
        "16,3": 67.2219363568896,
        "16,4": 45.35706693359979,
        "16,5": 69.23671249795467,
        "16,6": 75.05962110751003,
        "16,7": 38.332837886155474,
        "16,8": 21.40382613847839,
        "16,9": 51.66884783803585,
        "16,10": 83.30801029362262,
        "16,11": 35.59731585093486,
        "16,12": 30.166387272510075,
        "16,13": 60.74217711861601,
        "16,14": 51.84289864879313,
        "16,15": 17.804028116385076,
        "16,16": 0.0,
        "16,17": 65.1935221475645,
        "16,18": 73.71735188462182,
        "16,19": 64.5156314779896,
        "16,20": 69.74308260967115,
        "16,21": 79.28170541797785,
        "16,22": 101.70923181068316,
        "16,23": 23.004929262880413,
        "16,24": 65.98851127491481,
        "16,25": 28.56478299097059,
        "16,26": 45.17254875159223,
        "16,27": 46.67094638845942,
        "16,28": 89.16065680985271,
        "16,29": 86.52965983560931,
        "16,30": 31.39700660936394,
        "17,0": 51.075812597163775,
        "17,1": 35.240436467728024,
        "17,2": 83.20140951726455,
        "17,3": 16.337712633824133,
        "17,4": 25.919265419395284,
        "17,5": 71.51011551692868,
        "17,6": 49.573979735153465,
        "17,7": 33.73907691186888,
        "17,8": 68.60545801603448,
        "17,9": 14.224485176917405,
        "17,10": 19.719332503837002,
        "17,11": 43.9074865001732,
        "17,12": 68.36067683390668,
        "17,13": 5.276150591935565,
        "17,14": 41.51722975008626,
        "17,15": 54.589673425499576,
        "17,16": 65.1935221475645,
        "17,17": 0.0,
        "17,18": 16.089992755029936,
        "17,19": 62.4168035298192,
        "17,20": 68.38595036116249,
        "17,21": 26.65099587147886,
        "17,22": 47.783932511682195,
        "17,23": 53.913171706691664,
        "17,24": 62.369440660685925,
        "17,25": 62.42463912154013,
        "17,26": 29.012860558053625,
        "17,27": 41.63400145555722,
        "17,28": 49.1533088203298,
        "17,29": 32.16501250831092,
        "17,30": 66.79747865264224,
        "18,0": 35.26248383586422,
        "18,1": 20.34735892839756,
        "18,2": 87.83094356984626,
        "18,3": 7.332276297084072,
        "18,4": 29.074770993544252,
        "18,5": 87.57983680330422,
        "18,6": 65.15547678921132,
        "18,7": 37.163596611103834,
        "18,8": 72.61131250235569,
        "18,9": 23.28180157713835,
        "18,10": 11.968143170051587,
        "18,11": 45.49124607700525,
        "18,12": 81.66263931350494,
        "18,13": 16.487000859909553,
        "18,14": 37.24725438670244,
        "18,15": 60.13391326624858,
        "18,16": 73.71735188462182,
        "18,17": 16.089992755029936,
        "18,18": 0.0,
        "18,19": 78.48757377193367,
        "18,20": 84.4741948661561,
        "18,21": 39.198329975957215,
        "18,22": 56.73743112771463,
        "18,23": 58.03312222184426,
        "18,24": 78.454591326539,
        "18,25": 75.74243184669054,
        "18,26": 30.61796636859569,
        "18,27": 39.35602609317054,
        "18,28": 62.65894087161081,
        "18,29": 16.223311533042633,
        "18,30": 80.3253152552303,
        "19,0": 112.88110441296726,
        "19,1": 96.32410298367984,
        "19,2": 90.5339600185166,
        "19,3": 77.08436247236651,
        "19,4": 68.71612717584348,
        "19,5": 9.093445610904825,
        "19,6": 22.99571689801077,
        "19,7": 69.7545822970307,
        "19,8": 83.36331554212788,
        "19,9": 60.74024383565332,
        "19,10": 79.50266631231345,
        "19,11": 77.32250740516871,
        "19,12": 39.433708686098946,
        "19,13": 62.81300754830721,
        "19,14": 87.58293181121445,
        "19,15": 71.06516638831255,
        "19,16": 64.5156314779896,
        "19,17": 62.4168035298192,
        "19,18": 78.48757377193367,
        "19,19": 0.0,
        "19,20": 6.475889651121744,
        "19,21": 50.45086216048931,
        "19,22": 62.05297052467692,
        "19,23": 75.1832707325847,
        "19,24": 1.7044063603653028,
        "19,25": 37.47954778104433,
        "19,26": 71.93215550007777,
        "19,27": 84.13020810453764,
        "19,28": 40.880027226479,
        "19,29": 94.56361420003813,
        "19,30": 37.157585718253756,
        "20,0": 119.03795257113288,
        "20,1": 102.53933062040306,
        "20,2": 95.66460967064404,
        "20,3": 83.26746483661138,
        "20,4": 75.18906469628193,
        "20,5": 4.155191375277147,
        "20,6": 25.869578054310356,
        "20,7": 76.20829948045157,
        "20,8": 89.03533757776471,
        "20,9": 67.11297212659568,
        "20,10": 85.06617241243575,
        "20,11": 83.69557068092588,
        "20,12": 43.30552336210157,
        "20,13": 68.96402985474849,
        "20,14": 94.05563454978551,
        "20,15": 77.03487515714988,
        "20,16": 69.74308260967115,
        "20,17": 68.38595036116249,
        "20,18": 84.4741948661561,
        "20,19": 6.475889651121744,
        "20,20": 0.0,
        "20,21": 54.96071835168531,
        "20,22": 64.64758205463332,
        "20,23": 81.26175783147184,
        "20,24": 6.0602794518651475,
        "20,25": 42.04387626224161,
        "20,26": 78.40794033874803,
        "20,27": 90.58810469032716,
        "20,28": 42.9287960473685,
        "20,29": 100.48122876427806,
        "20,30": 41.13567977352927,
        "21,0": 73.56444473040234,
        "21,1": 59.54366903840583,
        "21,2": 101.52843136155434,
        "21,3": 42.21333074831886,
        "21,4": 50.06217447833174,
        "21,5": 58.865094969470384,
        "21,6": 30.4380137386664,
        "21,7": 56.69831743137425,
        "21,8": 88.29785016618207,
        "21,9": 37.198226542086786,
        "21,10": 34.26107198721978,
        "21,11": 67.19893369721504,
        "21,12": 71.81687826344773,
        "21,13": 31.056884519373213,
        "21,14": 67.61579279959044,
        "21,15": 73.54057849894238,
        "21,16": 79.28170541797785,
        "21,17": 26.65099587147886,
        "21,18": 39.198329975957215,
        "21,19": 50.45086216048931,
        "21,20": 54.96071835168531,
        "21,21": 0.0,
        "21,22": 23.169909244499554,
        "21,23": 74.4011853111183,
        "21,24": 49.70364430708506,
        "21,25": 66.43494324154678,
        "21,26": 53.59736046858953,
        "21,27": 67.08149174143541,
        "21,28": 23.522734991656726,
        "21,29": 52.442690824475676,
        "21,30": 69.6955496786676,
        "22,0": 87.6784507965557,
        "22,1": 76.22362774208257,
        "22,2": 124.52148830014495,
        "22,3": 61.51931411245217,
        "22,4": 72.65760325846915,
        "22,5": 68.80267854047572,
        "22,6": 39.071417970793505,
        "22,7": 79.60805098067837,
        "22,8": 111.43928753064247,
        "22,9": 59.84469037528242,
        "22,10": 48.014448222763676,
        "22,11": 90.10644249895537,
        "22,12": 91.02925188614157,
        "22,13": 52.741065669477564,
        "22,14": 89.30077802392212,
        "22,15": 96.6708564078238,
        "22,16": 101.70923181068316,
        "22,17": 47.783932511682195,
        "22,18": 56.73743112771463,
        "22,19": 62.05297052467692,
        "22,20": 64.64758205463332,
        "22,21": 23.169909244499554,
        "22,22": 0.0,
        "22,23": 97.57082454278623,
        "22,24": 60.80675629006299,
        "22,25": 86.12077973408017,
        "22,26": 76.0895772298495,
        "22,27": 89.26159455746685,
        "22,28": 21.980621022199614,
        "22,29": 66.3300671120006,
        "22,30": 88.76136090627747,
        "23,0": 72.87913995010732,
        "23,1": 59.11753639162915,
        "23,2": 29.816979820104265,
        "23,3": 50.86921649764393,
        "23,4": 29.165955817237812,
        "23,5": 81.83656478518093,
        "23,6": 79.27103934973371,
        "23,7": 20.940313651282725,
        "23,8": 14.756070691333237,
        "23,9": 39.72414381916293,
        "23,10": 69.09077917032927,
        "23,11": 13.945837515549679,
        "23,12": 49.06908614774578,
        "23,13": 48.75907006937888,
        "23,14": 29.705137776180017,
        "23,15": 5.438060419612987,
        "23,16": 23.004929262880413,
        "23,17": 53.913171706691664,
        "23,18": 58.03312222184426,
        "23,19": 75.1832707325847,
        "23,20": 81.26175783147184,
        "23,21": 74.4011853111183,
        "23,22": 97.57082454278623,
        "23,23": 0.0,
        "23,24": 76.34681898774663,
        "23,25": 45.41218168282836,
        "23,26": 27.43999930825163,
        "23,27": 24.614871474735843,
        "23,28": 89.74461350873332,
        "23,29": 68.37247925185828,
        "23,30": 49.52284699033063,
        "24,0": 112.98331213665097,
        "24,1": 96.47944477661683,
        "24,2": 92.01983857994958,
        "24,3": 77.2093002440118,
        "24,4": 69.31088727912037,
        "24,5": 9.33058037752111,
        "24,6": 21.735690822488912,
        "24,7": 70.53227342022323,
        "24,8": 84.70342642765547,
        "24,9": 61.08252631203449,
        "24,10": 79.2130641113113,
        "24,11": 78.24428762351283,
        "24,12": 41.105505758694974,
        "24,13": 62.90865745282088,
        "24,14": 88.27454730022613,
        "24,15": 72.28791817463598,
        "24,16": 65.98851127491481,
        "24,17": 62.369440660685925,
        "24,18": 78.454591326539,
        "24,19": 1.7044063603653028,
        "24,20": 6.0602794518651475,
        "24,21": 49.70364430708506,
        "24,22": 60.80675629006299,
        "24,23": 76.34681898774663,
        "24,24": 0.0,
        "24,25": 39.08712876329065,
        "24,26": 72.56669033673815,
        "24,27": 84.89124693646,
        "24,28": 39.50943160205641,
        "24,29": 94.4843504569963,
        "24,30": 38.823407801500686,
        "25,0": 104.22317699558087,
        "25,1": 87.64767680084172,
        "25,2": 53.972609284009046,
        "25,3": 71.07301195544497,
        "25,4": 53.32753830953693,
        "25,5": 41.08698174716107,
        "25,6": 52.69462644061962,
        "25,7": 49.86406520237779,
        "25,8": 49.34383996456636,
        "25,9": 52.670652559886136,
        "25,10": 82.14271827430855,
        "25,11": 53.041802614962634,
        "25,12": 5.9412724230535705,
        "25,13": 59.711468983213145,
        "25,14": 67.64533832055302,
        "25,15": 40.241078708544805,
        "25,16": 28.56478299097059,
        "25,17": 62.42463912154013,
        "25,18": 75.74243184669054,
        "25,19": 37.47954778104433,
        "25,20": 42.04387626224161,
        "25,21": 66.43494324154678,
        "25,22": 86.12077973408017,
        "25,23": 45.41218168282836,
        "25,24": 39.08712876329065,
        "25,25": 0.0,
        "25,26": 55.1098404194776,
        "25,27": 62.91896010095327,
        "25,28": 69.33684288773662,
        "25,29": 91.19054843844245,
        "25,30": 4.791008595172656,
        "26,0": 49.91199397121901,
        "26,1": 34.14496585784745,
        "26,2": 57.21678304663774,
        "26,3": 23.42935473479952,
        "26,4": 3.686981973707314,
        "26,5": 80.32836474322386,
        "26,6": 67.75294072286262,
        "26,7": 6.900215531005134,
        "26,8": 41.99483355292176,
        "26,9": 16.420607390676974,
        "26,10": 41.892387324177555,
        "26,11": 15.256341024958262,
        "26,12": 60.53944629453693,
        "26,13": 23.761525925957937,
        "26,14": 15.945565827431777,
        "26,15": 29.908565849999444,
        "26,16": 45.17254875159223,
        "26,17": 29.012860558053625,
        "26,18": 30.61796636859569,
        "26,19": 71.93215550007777,
        "26,20": 78.40794033874803,
        "26,21": 53.59736046858953,
        "26,22": 76.0895772298495,
        "26,23": 27.43999930825163,
        "26,24": 72.56669033673815,
        "26,25": 55.1098404194776,
        "26,26": 0.0,
        "26,27": 13.812184408715117,
        "26,28": 73.28129743779958,
        "26,29": 41.57196309156375,
        "26,30": 59.89597326810572,
        "27,0": 48.331694648331904,
        "27,1": 35.404522916347844,
        "27,2": 52.013179973779046,
        "27,3": 32.10717293870096,
        "27,4": 17.497555437188392,
        "27,5": 92.20932543883765,
        "27,6": 81.32163869293257,
        "27,7": 14.392709139367257,
        "27,8": 36.93750418470604,
        "27,9": 30.079665595316563,
        "27,10": 51.28428735423157,
        "27,11": 11.07425346009896,
        "27,12": 67.79963521079974,
        "27,13": 36.54429944217083,
        "27,14": 5.171966657640776,
        "27,15": 29.103000921058804,
        "27,16": 46.67094638845942,
        "27,17": 41.63400145555722,
        "27,18": 39.35602609317054,
        "27,19": 84.13020810453764,
        "27,20": 90.58810469032716,
        "27,21": 67.08149174143541,
        "27,22": 89.26159455746685,
        "27,23": 24.614871474735843,
        "27,24": 84.89124693646,
        "27,25": 62.91896010095327,
        "27,26": 13.812184408715117,
        "27,27": 0.0,
        "27,28": 87.08469968249008,
        "27,29": 46.136607643144146,
        "27,30": 67.58137860253575,
        "28,0": 97.0599209044161,
        "28,1": 83.00405209938528,
        "28,2": 113.81801475181314,
        "28,3": 65.24024563416211,
        "28,4": 69.60441571688001,
        "28,5": 47.07778045086727,
        "28,6": 18.093169128958728,
        "28,7": 74.98102528287028,
        "28,8": 102.31036998830328,
        "28,9": 57.1413968666882,
        "28,10": 57.486264001350285,
        "28,11": 85.19951050989123,
        "28,12": 73.59313167724237,
        "28,13": 52.87718785598451,
        "28,14": 88.39407299918079,
        "28,15": 87.69970125176702,
        "28,16": 89.16065680985271,
        "28,17": 49.1533088203298,
        "28,18": 62.65894087161081,
        "28,19": 40.880027226479,
        "28,20": 42.9287960473685,
        "28,21": 23.522734991656726,
        "28,22": 21.980621022199614,
        "28,23": 89.74461350873332,
        "28,24": 39.50943160205641,
        "28,25": 69.33684288773662,
        "28,26": 73.28129743779958,
        "28,27": 87.08469968249008,
        "28,28": 0.0,
        "28,29": 75.85795240330744,
        "28,30": 71.23901282229147,
        "29,0": 21.445367116098303,
        "29,1": 13.276261251485025,
        "29,2": 97.57804791689671,
        "29,3": 20.16646946465859,
        "29,4": 41.181728905928054,
        "29,5": 103.65677542085214,
        "29,6": 80.29055620144266,
        "29,7": 48.47112197225997,
        "29,8": 82.29064762608826,
        "29,9": 38.52641342937192,
        "29,10": 18.591207954691047,
        "29,11": 54.76787907862112,
        "29,12": 97.07156270231528,
        "29,13": 32.63827446509466,
        "29,14": 42.4696154812725,
        "29,15": 71.37708560486074,
        "29,16": 86.52965983560931,
        "29,17": 32.16501250831092,
        "29,18": 16.223311533042633,
        "29,19": 94.56361420003813,
        "29,20": 100.48122876427806,
        "29,21": 52.442690824475676,
        "29,22": 66.3300671120006,
        "29,23": 68.37247925185828,
        "29,24": 94.4843504569963,
        "29,25": 91.19054843844245,
        "29,26": 41.57196309156375,
        "29,27": 46.136607643144146,
        "29,28": 75.85795240330744,
        "29,29": 0.0,
        "29,30": 95.84520865205418,
        "30,0": 109.0028481124469,
        "30,1": 92.41504779763598,
        "30,2": 56.095397897729605,
        "30,3": 75.74792429106374,
        "30,4": 58.11820308309404,
        "30,5": 39.72654999954555,
        "30,6": 54.12136832477347,
        "30,7": 54.616701864498516,
        "30,8": 52.569345001488124,
        "30,9": 57.318904277423194,
        "30,10": 86.51451106035648,
        "30,11": 57.598741558957435,
        "30,12": 2.376947488405469,
        "30,13": 64.21409562928021,
        "30,14": 72.33926971903453,
        "30,15": 44.264844376161605,
        "30,16": 31.39700660936394,
        "30,17": 66.79747865264224,
        "30,18": 80.3253152552303,
        "30,19": 37.157585718253756,
        "30,20": 41.13567977352927,
        "30,21": 69.6955496786676,
        "30,22": 88.76136090627747,
        "30,23": 49.52284699033063,
        "30,24": 38.823407801500686,
        "30,25": 4.791008595172656,
        "30,26": 59.89597326810572,
        "30,27": 67.58137860253575,
        "30,28": 71.23901282229147,
        "30,29": 95.84520865205418,
        "30,30": 0.0
    }
}