{
    "num_robots": 2,
    "num_tasks": 30,
    "num_nodes": 31,
    "robot_capacity": [
        211,
        210
    ],
    "robot_speed": [
        0.93,
        0.88
    ],
    "task_demand": {
        "0": 0,
        "1": 12,
        "2": 6,
        "3": 6,
        "4": 9,
        "5": 15,
        "6": 14,
        "7": 7,
        "8": 14,
        "9": 14,
        "10": 10,
        "11": 9,
        "12": 7,
        "13": 12,
        "14": 7,
        "15": 10,
        "16": 13,
        "17": 7,
        "18": 13,
        "19": 11,
        "20": 6,
        "21": 8,
        "22": 8,
        "23": 15,
        "24": 10,
        "25": 12,
        "26": 7,
        "27": 12,
        "28": 6,
        "29": 8,
        "30": 6
    },
    "task_service_time": {
        "0": 0,
        "1": 20,
        "2": 19,
        "3": 62,
        "4": 21,
        "5": 58,
        "6": 96,
        "7": 48,
        "8": 49,
        "9": 49,
        "10": 89,
        "11": 46,
        "12": 68,
        "13": 71,
        "14": 59,
        "15": 53,
        "16": 10,
        "17": 57,
        "18": 42,
        "19": 53,
        "20": 24,
        "21": 49,
        "22": 14,
        "23": 69,
        "24": 25,
        "25": 63,
        "26": 92,
        "27": 16,
        "28": 24,
        "29": 16,
        "30": 28
    },
    "task_precedence": [],
    "coordinates": {
        "0": [
            50.0,
            50.0
        ],
        "1": [
            32.085855574512756,
            97.5395066791834
        ],
        "2": [
            87.38636152542288,
            96.61004774369488
        ],
        "3": [
            90.62201771542681,
            58.571825749675824
        ],
        "4": [
            3.048330555816936,
            12.829065733926537
        ],
        "5": [
            37.881158496172894,
            27.234803143542173
        ],
        "6": [
            13.194661685537067,
            23.368488882149087
        ],
        "7": [
            87.61457783735558,
            56.944050982183356
        ],
        "8": [
            33.53639300937434,
            85.77423340765753
        ],
        "9": [
            30.025860370886413,
            20.237711596667495
        ],
        "10": [
            68.70952960224119,
            15.622474892749983
        ],
        "11": [
            19.15951902758056,
            30.227129196940695
        ],
        "12": [
            68.96188363334376,
            59.11276782950661
        ],
        "13": [
            42.68365037245745,
            7.8479214634660455
        ],
        "14": [
            21.084003820091503,
            46.07665085445218
        ],
        "15": [
            41.376494525015,
            39.692843572915635
        ],
        "16": [
            48.01893826047618,
            48.051247660572606
        ],
        "17": [
            62.88468289223046,
            77.032875470998
        ],
        "18": [
            63.20934875349787,
            62.81940543135903
        ],
        "19": [
            30.913691111153895,
            20.69001115610686
        ],
        "20": [
            0.6204737872383292,
            7.065535062781281
        ],
        "21": [
            88.30438227991168,
            92.84176873209596
        ],
        "22": [
            68.90984183031287,
            93.40113937459216
        ],
        "23": [
            69.79771842968148,
            9.209887251969494
        ],
        "24": [
            70.5487774407798,
            85.91880123164472
        ],
        "25": [
            70.35591300906914,
            3.9795609752927175
        ],
        "26": [
            64.6244227128422,
            34.76811459430505
        ],
        "27": [
            85.65919995988233,
            22.07095641604161
        ],
        "28": [
            53.76215359728905,
            26.24341034642773
        ],
        "29": [
            1.3781574089602677,
            52.33161594482469
        ],
        "30": [
            15.655204795670507,
            46.340688549048345
        ]
    },
    "distance_matrix_str_keys": {
        "0,0": 0.0,
        "0,1": 50.80276828871965,
        "0,2": 59.75145670842793,
        "0,3": 41.51655717849512,
        "0,4": 59.8843687268104,
        "0,5": 25.789930347097872,
        "0,6": 45.429839454507096,
        "0,7": 38.25018052147785,
        "0,8": 39.38078377898716,
        "0,9": 35.84354983712504,
        "0,10": 39.138992455564626,
        "0,11": 36.6347060368258,
        "0,12": 21.037955424398078,
        "0,13": 42.78231757189609,
        "0,14": 29.18094418613547,
        "0,15": 13.438836269911278,
        "0,16": 2.7788920987020833,
        "0,17": 29.94647574363002,
        "0,18": 18.40717387610312,
        "0,19": 34.97660122181094,
        "0,20": 65.43474526917699,
        "0,21": 57.46862491777585,
        "0,22": 47.34174708500125,
        "0,23": 45.340742748856584,
        "0,24": 41.38130660369611,
        "0,25": 50.321406999999425,
        "0,26": 21.11596724509957,
        "0,27": 45.29470186780701,
        "0,28": 24.05263710402275,
        "0,29": 48.67771574203134,
        "0,30": 34.53918814799213,
        "1,0": 50.80276828871965,
        "1,1": 0.0,
        "1,2": 55.30831630360308,
        "1,3": 70.32042687022945,
        "1,4": 89.54907405635882,
        "1,5": 70.54315611870656,
        "1,6": 76.53899063613822,
        "1,7": 68.78539103175201,
        "1,8": 11.854354221281557,
        "1,9": 77.32923834629592,
        "1,10": 89.73122976973431,
        "1,11": 68.54229598457066,
        "1,12": 53.25838623181284,
        "1,13": 90.31552310144492,
        "1,14": 52.625718728235285,
        "1,15": 58.58798856966016,
        "1,16": 51.98991156533025,
        "1,17": 37.00121197548964,
        "1,18": 46.62785925089751,
        "1,19": 76.85843435616239,
        "1,20": 95.78940333389951,
        "1,21": 56.41446168089488,
        "1,22": 37.055796411830976,
        "1,23": 96.04325206990599,
        "1,24": 40.180059153627674,
        "1,25": 101.0844238058427,
        "1,26": 70.7036492388413,
        "1,27": 92.550555414075,
        "1,28": 74.51842220727563,
        "1,29": 54.65085645510409,
        "1,30": 53.7706728890286,
        "2,0": 59.75145670842793,
        "2,1": 55.30831630360308,
        "2,2": 0.0,
        "2,3": 38.17559172358938,
        "2,4": 118.87874668901645,
        "2,5": 85.22728254671904,
        "2,6": 104.2532218667653,
        "2,7": 39.66665327159924,
        "2,8": 54.929354461021035,
        "2,9": 95.51419172695817,
        "2,10": 83.11324206751826,
        "2,11": 95.19240469706804,
        "2,12": 41.77926981840036,
        "2,13": 99.38333585774201,
        "2,14": 83.36442189838205,
        "2,15": 73.18794977326112,
        "2,16": 62.5120074868349,
        "2,17": 31.362364866812737,
        "2,18": 41.549193186559556,
        "2,19": 94.62037021265218,
        "2,20": 124.68576112073721,
        "2,21": 3.878490533046215,
        "2,22": 18.753103022302355,
        "2,23": 89.15238875054737,
        "2,24": 19.945099392804508,
        "2,25": 94.18303061390255,
        "2,26": 65.89787973949744,
        "2,27": 74.55909886141137,
        "2,28": 77.98750552103107,
        "2,29": 96.73670812006317,
        "2,30": 87.59205055042776,
        "3,0": 41.51655717849512,
        "3,1": 70.32042687022945,
        "3,2": 38.17559172358938,
        "3,3": 0.0,
        "3,4": 98.80056060867089,
        "3,5": 61.34824542725319,
        "3,6": 85.05451421522476,
        "3,7": 3.419699594101538,
        "3,8": 63.23558753163672,
        "3,9": 71.7035465846716,
        "3,10": 48.21622003373779,
        "3,11": 76.87854408986334,
        "3,12": 21.666887796532922,
        "3,13": 69.79256070345923,
        "3,14": 70.65171457346291,
        "3,15": 52.740283676975196,
        "3,16": 43.88285476554317,
        "3,17": 33.31921517543938,
        "3,18": 27.739797273385943,
        "3,19": 70.71149936738762,
        "3,20": 103.69752113614153,
        "3,21": 34.348223040359485,
        "3,22": 41.04265670310471,
        "3,23": 53.574736704846586,
        "3,24": 33.92332594447541,
        "3,25": 58.23255423871945,
        "3,26": 35.24899446348414,
        "3,27": 36.83670753726215,
        "3,28": 49.02831860560332,
        "3,29": 89.46176178015206,
        "3,30": 75.95803944656757,
        "4,0": 59.8843687268104,
        "4,1": 89.54907405635882,
        "4,2": 118.87874668901645,
        "4,3": 98.80056060867089,
        "4,4": 0.0,
        "4,5": 37.69417955914735,
        "4,6": 14.629677907979284,
        "4,7": 95.38124607456258,
        "4,8": 79.06022665740812,
        "4,9": 27.976331933305183,
        "4,10": 65.72059186391085,
        "4,11": 23.712085657650558,
        "4,12": 80.54053363975403,
        "4,13": 39.947094703000836,
        "4,14": 37.82442896386232,
        "4,15": 46.80502871521706,
        "4,16": 57.12230437403686,
        "4,17": 87.76399173739473,
        "4,18": 78.2200880442255,
        "4,19": 28.952940814525675,
        "4,20": 6.254020649627329,
        "4,21": 116.92145652811031,
        "4,22": 104.06535311100136,
        "4,23": 66.84743251928137,
        "4,24": 99.49080241306781,
        "4,25": 67.88684990610794,
        "4,26": 65.36770601932228,
        "4,27": 83.12621901106603,
        "4,28": 52.45794972036828,
        "4,29": 39.537842018818004,
        "4,30": 35.80449890450188,
        "5,0": 25.789930347097872,
        "5,1": 70.54315611870656,
        "5,2": 85.22728254671904,
        "5,3": 61.34824542725319,
        "5,4": 37.69417955914735,
        "5,5": 0.0,
        "5,6": 24.987427053407966,
        "5,7": 57.931445748433816,
        "5,8": 58.700441930044285,
        "5,9": 10.519743283582276,
        "5,10": 32.94289957574489,
        "5,11": 18.959266852961424,
        "5,12": 44.52208561570269,
        "5,13": 19.9728593220663,
        "5,14": 25.242021122987115,
        "5,15": 12.939093681337399,
        "5,16": 23.1538105045395,
        "5,17": 55.72274436668358,
        "5,18": 43.6781540554698,
        "5,19": 9.559283650990851,
        "5,20": 42.36930492576236,
        "5,21": 82.74524415628176,
        "5,22": 73.08052572122546,
        "5,23": 36.65466397182649,
        "5,24": 67.1638664693633,
        "5,25": 39.94265851163143,
        "5,26": 27.784041505453814,
        "5,27": 48.05628532391009,
        "5,28": 15.911909535937092,
        "5,29": 44.298071077143575,
        "5,30": 29.309177317441197,
        "6,0": 45.429839454507096,
        "6,1": 76.53899063613822,
        "6,2": 104.2532218667653,
        "6,3": 85.05451421522476,
        "6,4": 14.629677907979284,
        "6,5": 24.987427053407966,
        "6,6": 0.0,
        "6,7": 81.64338485374645,
        "6,8": 65.63735965922312,
        "6,9": 17.119901156168893,
        "6,10": 56.05266534727025,
        "6,11": 9.089580302666064,
        "6,12": 66.23923702189238,
        "6,13": 33.32399235948784,
        "6,14": 24.039599403409543,
        "6,15": 32.56839354745991,
        "6,16": 42.68452670326446,
        "6,17": 73.13661596956113,
        "6,18": 63.70120673173133,
        "6,19": 17.92033054144871,
        "6,20": 20.58874703662566,
        "6,21": 102.31327744175755,
        "6,22": 89.49163890309255,
        "6,23": 58.34699677706605,
        "6,24": 84.86481113562469,
        "6,25": 60.36007934263564,
        "6,26": 52.6780009653267,
        "6,27": 72.47615399436322,
        "6,28": 40.669233745373575,
        "6,29": 31.280864798899817,
        "6,30": 23.103597770319485,
        "7,0": 38.25018052147785,
        "7,1": 68.78539103175201,
        "7,2": 39.66665327159924,
        "7,3": 3.419699594101538,
        "7,4": 95.38124607456258,
        "7,5": 57.931445748433816,
        "7,6": 81.64338485374645,
        "7,7": 0.0,
        "7,8": 61.28319094968391,
        "7,9": 68.29213520250691,
        "7,10": 45.44087916498572,
        "7,11": 73.48393692725324,
        "7,12": 18.778347473413096,
        "7,13": 66.55237168256743,
        "7,14": 67.4122960935382,
        "7,15": 49.35143873765508,
        "7,16": 40.58197413161402,
        "7,17": 31.861082425732555,
        "7,18": 25.102489847404037,
        "7,19": 67.30041574350263,
        "7,20": 100.27881376344992,
        "7,21": 35.90434472067915,
        "7,22": 40.97543707082414,
        "7,23": 50.95086717785763,
        "7,24": 33.62703815673375,
        "7,25": 55.705463945156666,
        "7,26": 31.942438656564935,
        "7,27": 34.927871782614766,
        "7,28": 45.70028405136289,
        "7,29": 86.35968252186208,
        "7,30": 72.7363916031089,
        "8,0": 39.38078377898716,
        "8,1": 11.854354221281557,
        "8,2": 54.929354461021035,
        "8,3": 63.23558753163672,
        "8,4": 79.06022665740812,
        "8,5": 58.700441930044285,
        "8,6": 65.63735965922312,
        "8,7": 61.28319094968391,
        "8,8": 0.0,
        "8,9": 65.63047714658383,
        "8,10": 78.47559340657689,
        "8,11": 57.37748070179289,
        "8,12": 44.33733339662943,
        "8,13": 78.46134341502137,
        "8,14": 41.60480810062609,
        "8,15": 46.743573685342085,
        "8,16": 40.40752121356846,
        "8,17": 30.62243389453156,
        "8,18": 37.51544255388932,
        "8,19": 65.13704438594195,
        "8,20": 85.31422468371208,
        "8,21": 55.22212151212481,
        "8,22": 36.186331343699656,
        "8,23": 84.71707515893968,
        "8,24": 37.01266676630958,
        "8,25": 89.69975190225325,
        "8,26": 59.733489327558374,
        "8,27": 82.30974731992843,
        "8,28": 62.87288991057349,
        "8,29": 46.39569785763666,
        "8,30": 43.29828347694449,
        "9,0": 35.84354983712504,
        "9,1": 77.32923834629592,
        "9,2": 95.51419172695817,
        "9,3": 71.7035465846716,
        "9,4": 27.976331933305183,
        "9,5": 10.519743283582276,
        "9,6": 17.119901156168893,
        "9,7": 68.29213520250691,
        "9,8": 65.63047714658383,
        "9,9": 0.0,
        "9,10": 38.95801169251392,
        "9,11": 14.760279068563912,
        "9,12": 55.0207588515555,
        "9,13": 17.712327550851345,
        "9,14": 27.342413582975453,
        "9,15": 22.524188240957834,
        "9,16": 33.12617756878983,
        "9,17": 65.61549250749584,
        "9,18": 53.98466959304574,
        "9,19": 0.9964026870863748,
        "9,20": 32.220847207571275,
        "9,21": 93.10067254550474,
        "9,22": 82.85439745935408,
        "9,23": 41.27243151580066,
        "9,24": 77.17585337067139,
        "9,25": 43.48379706771131,
        "9,26": 37.525899421652184,
        "9,27": 55.66353618296544,
        "9,28": 24.484281357692314,
        "9,29": 43.01987425950261,
        "9,30": 29.797334569353847,
        "10,0": 39.138992455564626,
        "10,1": 89.73122976973431,
        "10,2": 83.11324206751826,
        "10,3": 48.21622003373779,
        "10,4": 65.72059186391085,
        "10,5": 32.94289957574489,
        "10,6": 56.05266534727025,
        "10,7": 45.44087916498572,
        "10,8": 78.47559340657689,
        "10,9": 38.95801169251392,
        "10,10": 0.0,
        "10,11": 51.65752099446795,
        "10,12": 43.491025077387135,
        "10,13": 27.162291337589313,
        "10,14": 56.530058725712685,
        "10,15": 36.4208381964498,
        "10,16": 38.46720516620612,
        "10,17": 61.68602871295903,
        "10,18": 47.516336576330986,
        "10,19": 38.13404425214814,
        "10,20": 68.6246365457208,
        "10,21": 79.6666655038785,
        "10,22": 77.77892242482982,
        "10,23": 6.504262846384404,
        "10,24": 70.32038345569481,
        "10,25": 11.758742399236345,
        "10,26": 19.576608947403955,
        "10,27": 18.13489010688877,
        "10,28": 18.33652964289066,
        "10,29": 76.688165437773,
        "10,30": 61.305546493894795,
        "11,0": 36.6347060368258,
        "11,1": 68.54229598457066,
        "11,2": 95.19240469706804,
        "11,3": 76.87854408986334,
        "11,4": 23.712085657650558,
        "11,5": 18.959266852961424,
        "11,6": 9.089580302666064,
        "11,7": 73.48393692725324,
        "11,8": 57.37748070179289,
        "11,9": 14.760279068563912,
        "11,10": 51.65752099446795,
        "11,11": 0.0,
        "11,12": 57.57304612000793,
        "11,13": 32.468657106647186,
        "11,14": 15.965931807712684,
        "11,15": 24.149404731817736,
        "11,16": 33.919983453203656,
        "11,17": 64.05207131125358,
        "11,18": 54.796386459537075,
        "11,19": 15.13661725403179,
        "11,20": 29.667417165283936,
        "11,21": 93.282394900115,
        "11,22": 80.4117539971743,
        "11,23": 54.826560147982946,
        "11,24": 75.77874513529241,
        "11,25": 57.53264807270621,
        "11,26": 45.69111527955073,
        "11,27": 66.9979904066519,
        "11,28": 34.83119772624417,
        "11,29": 28.36873552697621,
        "11,30": 16.490209617523462,
        "12,0": 21.037955424398078,
        "12,1": 53.25838623181284,
        "12,2": 41.77926981840036,
        "12,3": 21.666887796532922,
        "12,4": 80.54053363975403,
        "12,5": 44.52208561570269,
        "12,6": 66.23923702189238,
        "12,7": 18.778347473413096,
        "12,8": 44.33733339662943,
        "12,9": 55.0207588515555,
        "12,10": 43.491025077387135,
        "12,11": 57.57304612000793,
        "12,12": 0.0,
        "12,13": 57.607551729328804,
        "12,14": 49.62087989142807,
        "12,15": 33.73554728160836,
        "12,16": 23.68468258893602,
        "12,17": 18.92254281882924,
        "12,18": 6.843304746634467,
        "12,19": 54.07377538686299,
        "12,20": 85.90379932475074,
        "12,21": 38.881586333113454,
        "12,22": 34.28841103876199,
        "12,23": 49.90987988106864,
        "12,24": 26.852963685832204,
        "12,25": 55.150827880730155,
        "12,26": 24.72803486690942,
        "12,27": 40.63122155804816,
        "12,28": 36.21362249926645,
        "12,29": 67.9230746599088,
        "12,30": 54.81539945899467,
        "13,0": 42.78231757189609,
        "13,1": 90.31552310144492,
        "13,2": 99.38333585774201,
        "13,3": 69.79256070345923,
        "13,4": 39.947094703000836,
        "13,5": 19.9728593220663,
        "13,6": 33.32399235948784,
        "13,7": 66.55237168256743,
        "13,8": 78.46134341502137,
        "13,9": 17.712327550851345,
        "13,10": 27.162291337589313,
        "13,11": 32.468657106647186,
        "13,12": 57.607551729328804,
        "13,13": 0.0,
        "13,14": 43.90877454491735,
        "13,15": 31.871738587130988,
        "13,16": 40.55579778723375,
        "13,17": 72.07384807188552,
        "13,18": 58.67851688362412,
        "13,19": 17.419850994959077,
        "13,20": 42.070452254751224,
        "13,21": 96.46349181579008,
        "13,22": 89.48277048310875,
        "13,23": 27.1482529349649,
        "13,24": 82.89467759941624,
        "13,25": 27.941337339076597,
        "13,26": 34.72886823802734,
        "13,27": 45.268008412160135,
        "13,28": 21.473873543116788,
        "13,29": 60.70372989914518,
        "13,30": 47.03434902496495,
        "14,0": 29.18094418613547,
        "14,1": 52.625718728235285,
        "14,2": 83.36442189838205,
        "14,3": 70.65171457346291,
        "14,4": 37.82442896386232,
        "14,5": 25.242021122987115,
        "14,6": 24.039599403409543,
        "14,7": 67.4122960935382,
        "14,8": 41.60480810062609,
        "14,9": 27.342413582975453,
        "14,10": 56.530058725712685,
        "14,11": 15.965931807712684,
        "14,12": 49.62087989142807,
        "14,13": 43.90877454491735,
        "14,14": 0.0,
        "14,15": 21.272944657879535,
        "14,16": 27.00721618113503,
        "14,17": 52.015234435711164,
        "14,18": 45.33061345912937,
        "14,19": 27.223229555173578,
        "14,20": 44.05250522633916,
        "14,21": 81.88745648993729,
        "14,22": 67.28237507009392,
        "14,23": 61.09160539375212,
        "14,24": 63.515043698518895,
        "14,25": 64.80652753713078,
        "14,26": 44.98500938872042,
        "14,27": 68.89288295580894,
        "14,28": 38.225893081916325,
        "14,29": 20.674742345694966,
        "14,30": 5.435216164212976,
        "15,0": 13.438836269911278,
        "15,1": 58.58798856966016,
        "15,2": 73.18794977326112,
        "15,3": 52.740283676975196,
        "15,4": 46.80502871521706,
        "15,5": 12.939093681337399,
        "15,6": 32.56839354745991,
        "15,7": 49.35143873765508,
        "15,8": 46.743573685342085,
        "15,9": 22.524188240957834,
        "15,10": 36.4208381964498,
        "15,11": 24.149404731817736,
        "15,12": 33.73554728160836,
        "15,13": 31.871738587130988,
        "15,14": 21.272944657879535,
        "15,15": 0.0,
        "15,16": 10.676374743859842,
        "15,17": 43.091532219096486,
        "15,18": 31.804266807373367,
        "15,19": 21.692807451743583,
        "15,20": 52.20722638671363,
        "15,21": 70.90158598164312,
        "15,22": 60.354504817408106,
        "15,23": 41.67705117092494,
        "15,24": 54.6613323290243,
        "15,25": 45.9917954593166,
        "15,26": 23.763819569655414,
        "15,27": 47.66013960953986,
        "15,28": 18.28364856281047,
        "15,29": 41.947652367188475,
        "15,30": 26.566493712335756,
        "16,0": 2.7788920987020833,
        "16,1": 51.98991156533025,
        "16,2": 62.5120074868349,
        "16,3": 43.88285476554317,
        "16,4": 57.12230437403686,
        "16,5": 23.1538105045395,
        "16,6": 42.68452670326446,
        "16,7": 40.58197413161402,
        "16,8": 40.40752121356846,
        "16,9": 33.12617756878983,
        "16,10": 38.46720516620612,
        "16,11": 33.919983453203656,
        "16,12": 23.68468258893602,
        "16,13": 40.55579778723375,
        "16,14": 27.00721618113503,
        "16,15": 10.676374743859842,
        "16,16": 0.0,
        "16,17": 32.5718454189896,
        "16,18": 21.186010830010986,
        "16,19": 32.2680452319738,
        "16,20": 62.6613363372466,
        "16,21": 60.24207647235982,
        "16,22": 49.93037683051786,
        "16,23": 44.530512506028614,
        "16,24": 44.06296933875837,
        "16,25": 49.40904783746349,
        "16,26": 21.26461233961109,
        "16,27": 45.735815658523414,
        "16,28": 22.551414384140347,
        "16,29": 46.83678032367259,
        "16,30": 32.408907051225924,
        "17,0": 29.94647574363002,
        "17,1": 37.00121197548964,
        "17,2": 31.362364866812737,
        "17,3": 33.31921517543938,
        "17,4": 87.76399173739473,
        "17,5": 55.72274436668358,
        "17,6": 73.13661596956113,
        "17,7": 31.861082425732555,
        "17,8": 30.62243389453156,
        "17,9": 65.61549250749584,
        "17,10": 61.68602871295903,
        "17,11": 64.05207131125358,
        "17,12": 18.92254281882924,
        "17,13": 72.07384807188552,
        "17,14": 52.015234435711164,
        "17,15": 43.091532219096486,
        "17,16": 32.5718454189896,
        "17,17": 0.0,
        "17,18": 14.21717758520259,
        "17,19": 64.78165384329037,
        "17,20": 93.66034624786234,
        "17,21": 29.934632503187167,
        "17,22": 17.441978197637393,
        "17,23": 68.17439248941305,
        "17,24": 11.734480042712965,
        "17,25": 73.43436551279775,
        "17,26": 42.30055208395579,
        "17,27": 59.49362296808241,
        "17,28": 51.60223162206266,
        "17,29": 66.2812560170938,
        "17,30": 56.326139041526126,
        "18,0": 18.40717387610312,
        "18,1": 46.62785925089751,
        "18,2": 41.549193186559556,
        "18,3": 27.739797273385943,
        "18,4": 78.2200880442255,
        "18,5": 43.6781540554698,
        "18,6": 63.70120673173133,
        "18,7": 25.102489847404037,
        "18,8": 37.51544255388932,
        "18,9": 53.98466959304574,
        "18,10": 47.516336576330986,
        "18,11": 54.796386459537075,
        "18,12": 6.843304746634467,
        "18,13": 58.67851688362412,
        "18,14": 45.33061345912937,
        "18,15": 31.804266807373367,
        "18,16": 21.186010830010986,
        "18,17": 14.21717758520259,
        "18,18": 0.0,
        "18,19": 53.083852201504186,
        "18,20": 83.82041118139568,
        "18,21": 39.12931133885783,
        "18,22": 31.108488749753068,
        "18,23": 54.01284156954116,
        "18,24": 24.237353399122462,
        "18,25": 59.27225890982295,
        "18,26": 28.086960532165154,
        "18,27": 46.52345555032133,
        "18,28": 37.776353884042514,
        "18,29": 62.714352036823925,
        "18,30": 50.328368915047506,
        "19,0": 34.97660122181094,
        "19,1": 76.85843435616239,
        "19,2": 94.62037021265218,
        "19,3": 70.71149936738762,
        "19,4": 28.952940814525675,
        "19,5": 9.559283650990851,
        "19,6": 17.92033054144871,
        "19,7": 67.30041574350263,
        "19,8": 65.13704438594195,
        "19,9": 0.9964026870863748,
        "19,10": 38.13404425214814,
        "19,11": 15.13661725403179,
        "19,12": 54.07377538686299,
        "19,13": 17.419850994959077,
        "19,14": 27.223229555173578,
        "19,15": 21.692807451743583,
        "19,16": 32.2680452319738,
        "19,17": 64.78165384329037,
        "19,18": 53.083852201504186,
        "19,19": 0.0,
        "19,20": 33.21604077327065,
        "19,21": 92.19309927609568,
        "19,22": 82.0403293281911,
        "19,23": 40.54332035443503,
        "19,24": 76.326503411826,
        "19,25": 42.83605973347521,
        "19,26": 36.53226548597383,
        "19,27": 54.76292312246617,
        "19,28": 23.513665825374442,
        "19,29": 43.28439562566199,
        "19,30": 29.845915220621954,
        "20,0": 65.43474526917699,
        "20,1": 95.78940333389951,
        "20,2": 124.68576112073721,
        "20,3": 103.69752113614153,
        "20,4": 6.254020649627329,
        "20,5": 42.36930492576236,
        "20,6": 20.58874703662566,
        "20,7": 100.27881376344992,
        "20,8": 85.31422468371208,
        "20,9": 32.220847207571275,
        "20,10": 68.6246365457208,
        "20,11": 29.667417165283936,
        "20,12": 85.90379932475074,
        "20,13": 42.070452254751224,
        "20,14": 44.05250522633916,
        "20,15": 52.20722638671363,
        "20,16": 62.6613363372466,
        "20,17": 93.66034624786234,
        "20,18": 83.82041118139568,
        "20,19": 33.21604077327065,
        "20,20": 0.0,
        "20,21": 122.66226017420512,
        "20,22": 110.07849181201598,
        "20,23": 69.21047191452827,
        "20,24": 105.39357303630771,
        "20,25": 69.80368700527437,
        "20,26": 69.74194140380456,
        "20,27": 86.35246156916901,
        "20,28": 56.49627450928999,
        "20,29": 45.27242165922121,
        "20,30": 42.05449818825268,
        "21,0": 57.46862491777585,
        "21,1": 56.41446168089488,
        "21,2": 3.878490533046215,
        "21,3": 34.348223040359485,
        "21,4": 116.92145652811031,
        "21,5": 82.74524415628176,
        "21,6": 102.31327744175755,
        "21,7": 35.90434472067915,
        "21,8": 55.22212151212481,
        "21,9": 93.10067254550474,
        "21,10": 79.6666655038785,
        "21,11": 93.282394900115,
        "21,12": 38.881586333113454,
        "21,13": 96.46349181579008,
        "21,14": 81.88745648993729,
        "21,15": 70.90158598164312,
        "21,16": 60.24207647235982,
        "21,17": 29.934632503187167,
        "21,18": 39.12931133885783,
        "21,19": 92.19309927609568,
        "21,20": 122.66226017420512,
        "21,21": 0.0,
        "21,22": 19.402605360281154,
        "21,23": 85.65505359738758,
        "21,24": 19.057517734891587,
        "21,25": 90.65671247392353,
        "21,26": 62.71594526126354,
        "21,27": 70.82022921016555,
        "21,28": 75.0233757040331,
        "21,29": 95.9022473624225,
        "21,30": 86.25690376617396,
        "22,0": 47.34174708500125,
        "22,1": 37.055796411830976,
        "22,2": 18.753103022302355,
        "22,3": 41.04265670310471,
        "22,4": 104.06535311100136,
        "22,5": 73.08052572122546,
        "22,6": 89.49163890309255,
        "22,7": 40.97543707082414,
        "22,8": 36.186331343699656,
        "22,9": 82.85439745935408,
        "22,10": 77.77892242482982,
        "22,11": 80.4117539971743,
        "22,12": 34.28841103876199,
        "22,13": 89.48277048310875,
        "22,14": 67.28237507009392,
        "22,15": 60.354504817408106,
        "22,16": 49.93037683051786,
        "22,17": 17.441978197637393,
        "22,18": 31.108488749753068,
        "22,19": 82.0403293281911,
        "22,20": 110.07849181201598,
        "22,21": 19.402605360281154,
        "22,22": 0.0,
        "22,23": 84.19593374285199,
        "22,24": 7.6597319809940325,
        "22,25": 89.43327012513905,
        "22,26": 58.78942432017978,
        "22,27": 73.27029410786386,
        "22,28": 68.84484749801722,
        "22,29": 79.03944683215703,
        "22,30": 71.06857531704804,
        "23,0": 45.340742748856584,
        "23,1": 96.04325206990599,
        "23,2": 89.15238875054737,
        "23,3": 53.574736704846586,
        "23,4": 66.84743251928137,
        "23,5": 36.65466397182649,
        "23,6": 58.34699677706605,
        "23,7": 50.95086717785763,
        "23,8": 84.71707515893968,
        "23,9": 41.27243151580066,
        "23,10": 6.504262846384404,
        "23,11": 54.826560147982946,
        "23,12": 49.90987988106864,
        "23,13": 27.1482529349649,
        "23,14": 61.09160539375212,
        "23,15": 41.67705117092494,
        "23,16": 44.530512506028614,
        "23,17": 68.17439248941305,
        "23,18": 54.01284156954116,
        "23,19": 40.54332035443503,
        "23,20": 69.21047191452827,
        "23,21": 85.65505359738758,
        "23,22": 84.19593374285199,
        "23,23": 0.0,
        "23,24": 76.7125907109085,
        "23,25": 5.260027960852806,
        "23,26": 26.07654067272682,
        "23,27": 20.420423511179912,
        "23,28": 23.394021640224732,
        "23,29": 80.8747167891697,
        "23,30": 65.65141420847091,
        "24,0": 41.38130660369611,
        "24,1": 40.180059153627674,
        "24,2": 19.945099392804508,
        "24,3": 33.92332594447541,
        "24,4": 99.49080241306781,
        "24,5": 67.1638664693633,
        "24,6": 84.86481113562469,
        "24,7": 33.62703815673375,
        "24,8": 37.01266676630958,
        "24,9": 77.17585337067139,
        "24,10": 70.32038345569481,
        "24,11": 75.77874513529241,
        "24,12": 26.852963685832204,
        "24,13": 82.89467759941624,
        "24,14": 63.515043698518895,
        "24,15": 54.6613323290243,
        "24,16": 44.06296933875837,
        "24,17": 11.734480042712965,
        "24,18": 24.237353399122462,
        "24,19": 76.326503411826,
        "24,20": 105.39357303630771,
        "24,21": 19.057517734891587,
        "24,22": 7.6597319809940325,
        "24,23": 76.7125907109085,
        "24,24": 0.0,
        "24,25": 81.93946723330093,
        "24,26": 51.49262784529215,
        "24,27": 65.61152456926403,
        "24,28": 61.99147536045817,
        "24,29": 76.89391192466107,
        "24,30": 67.67371218767438,
        "25,0": 50.321406999999425,
        "25,1": 101.0844238058427,
        "25,2": 94.18303061390255,
        "25,3": 58.23255423871945,
        "25,4": 67.88684990610794,
        "25,5": 39.94265851163143,
        "25,6": 60.36007934263564,
        "25,7": 55.705463945156666,
        "25,8": 89.69975190225325,
        "25,9": 43.48379706771131,
        "25,10": 11.758742399236345,
        "25,11": 57.53264807270621,
        "25,12": 55.150827880730155,
        "25,13": 27.941337339076597,
        "25,14": 64.80652753713078,
        "25,15": 45.9917954593166,
        "25,16": 49.40904783746349,
        "25,17": 73.43436551279775,
        "25,18": 59.27225890982295,
        "25,19": 42.83605973347521,
        "25,20": 69.80368700527437,
        "25,21": 90.65671247392353,
        "25,22": 89.43327012513905,
        "25,23": 5.260027960852806,
        "25,24": 81.93946723330093,
        "25,25": 0.0,
        "25,26": 31.31748736674992,
        "25,27": 23.695762922777543,
        "25,28": 27.767460096966545,
        "25,29": 84.23688020935363,
        "25,30": 69.18549420483586,
        "26,0": 21.11596724509957,
        "26,1": 70.7036492388413,
        "26,2": 65.89787973949744,
        "26,3": 35.24899446348414,
        "26,4": 65.36770601932228,
        "26,5": 27.784041505453814,
        "26,6": 52.6780009653267,
        "26,7": 31.942438656564935,
        "26,8": 59.733489327558374,
        "26,9": 37.525899421652184,
        "26,10": 19.576608947403955,
        "26,11": 45.69111527955073,
        "26,12": 24.72803486690942,
        "26,13": 34.72886823802734,
        "26,14": 44.98500938872042,
        "26,15": 23.763819569655414,
        "26,16": 21.26461233961109,
        "26,17": 42.30055208395579,
        "26,18": 28.086960532165154,
        "26,19": 36.53226548597383,
        "26,20": 69.74194140380456,
        "26,21": 62.71594526126354,
        "26,22": 58.78942432017978,
        "26,23": 26.07654067272682,
        "26,24": 51.49262784529215,
        "26,25": 31.31748736674992,
        "26,26": 0.0,
        "26,27": 24.569893765265633,
        "26,28": 13.807949625215088,
        "26,29": 65.63967287074735,
        "26,30": 50.318075990218986,
        "27,0": 45.29470186780701,
        "27,1": 92.550555414075,
        "27,2": 74.55909886141137,
        "27,3": 36.83670753726215,
        "27,4": 83.12621901106603,
        "27,5": 48.05628532391009,
        "27,6": 72.47615399436322,
        "27,7": 34.927871782614766,
        "27,8": 82.30974731992843,
        "27,9": 55.66353618296544,
        "27,10": 18.13489010688877,
        "27,11": 66.9979904066519,
        "27,12": 40.63122155804816,
        "27,13": 45.268008412160135,
        "27,14": 68.89288295580894,
        "27,15": 47.66013960953986,
        "27,16": 45.735815658523414,
        "27,17": 59.49362296808241,
        "27,18": 46.52345555032133,
        "27,19": 54.76292312246617,
        "27,20": 86.35246156916901,
        "27,21": 70.82022921016555,
        "27,22": 73.27029410786386,
        "27,23": 20.420423511179912,
        "27,24": 65.61152456926403,
        "27,25": 23.695762922777543,
        "27,26": 24.569893765265633,
        "27,27": 0.0,
        "27,28": 32.16878826531425,
        "27,29": 89.5488785445539,
        "27,30": 74.09169478935472,
        "28,0": 24.05263710402275,
        "28,1": 74.51842220727563,
        "28,2": 77.98750552103107,
        "28,3": 49.02831860560332,
        "28,4": 52.45794972036828,
        "28,5": 15.911909535937092,
        "28,6": 40.669233745373575,
        "28,7": 45.70028405136289,
        "28,8": 62.87288991057349,
        "28,9": 24.484281357692314,
        "28,10": 18.33652964289066,
        "28,11": 34.83119772624417,
        "28,12": 36.21362249926645,
        "28,13": 21.473873543116788,
        "28,14": 38.225893081916325,
        "28,15": 18.28364856281047,
        "28,16": 22.551414384140347,
        "28,17": 51.60223162206266,
        "28,18": 37.776353884042514,
        "28,19": 23.513665825374442,
        "28,20": 56.49627450928999,
        "28,21": 75.0233757040331,
        "28,22": 68.84484749801722,
        "28,23": 23.394021640224732,
        "28,24": 61.99147536045817,
        "28,25": 27.767460096966545,
        "28,26": 13.807949625215088,
        "28,27": 32.16878826531425,
        "28,28": 0.0,
        "28,29": 58.520744424546365,
        "28,30": 43.08178429594933,
        "29,0": 48.67771574203134,
        "29,1": 54.65085645510409,
        "29,2": 96.73670812006317,
        "29,3": 89.46176178015206,
        "29,4": 39.537842018818004,
        "29,5": 44.298071077143575,
        "29,6": 31.280864798899817,
        "29,7": 86.35968252186208,
        "29,8": 46.39569785763666,
        "29,9": 43.01987425950261,
        "29,10": 76.688165437773,
        "29,11": 28.36873552697621,
        "29,12": 67.9230746599088,
        "29,13": 60.70372989914518,
        "29,14": 20.674742345694966,
        "29,15": 41.947652367188475,
        "29,16": 46.83678032367259,
        "29,17": 66.2812560170938,
        "29,18": 62.714352036823925,
        "29,19": 43.28439562566199,
        "29,20": 45.27242165922121,
        "29,21": 95.9022473624225,
        "29,22": 79.03944683215703,
        "29,23": 80.8747167891697,
        "29,24": 76.89391192466107,
        "29,25": 84.23688020935363,
        "29,26": 65.63967287074735,
        "29,27": 89.5488785445539,
        "29,28": 58.520744424546365,
        "29,29": 0.0,
        "29,30": 15.483064720649889,
        "30,0": 34.53918814799213,
        "30,1": 53.7706728890286,
        "30,2": 87.59205055042776,
        "30,3": 75.95803944656757,
        "30,4": 35.80449890450188,
        "30,5": 29.309177317441197,
        "30,6": 23.103597770319485,
        "30,7": 72.7363916031089,
        "30,8": 43.29828347694449,
        "30,9": 29.797334569353847,
        "30,10": 61.305546493894795,
        "30,11": 16.490209617523462,
        "30,12": 54.81539945899467,
        "30,13": 47.03434902496495,
        "30,14": 5.435216164212976,
        "30,15": 26.566493712335756,
        "30,16": 32.408907051225924,
        "30,17": 56.326139041526126,
        "30,18": 50.328368915047506,
        "30,19": 29.845915220621954,
        "30,20": 42.05449818825268,
        "30,21": 86.25690376617396,
        "30,22": 71.06857531704804,
        "30,23": 65.65141420847091,
        "30,24": 67.67371218767438,
        "30,25": 69.18549420483586,
        "30,26": 50.318075990218986,
        "30,27": 74.09169478935472,
        "30,28": 43.08178429594933,
        "30,29": 15.483064720649889,
        "30,30": 0.0
    }
}