{
    "num_robots": 5,
    "num_tasks": 40,
    "num_nodes": 41,
    "robot_capacity": [
        93,
        114,
        102,
        115,
        116
    ],
    "robot_speed": [
        0.85,
        0.85,
        1.19,
        1.03,
        0.92
    ],
    "task_demand": {
        "0": 0,
        "1": 5,
        "2": 5,
        "3": 10,
        "4": 8,
        "5": 11,
        "6": 6,
        "7": 13,
        "8": 15,
        "9": 12,
        "10": 12,
        "11": 13,
        "12": 15,
        "13": 9,
        "14": 15,
        "15": 10,
        "16": 6,
        "17": 7,
        "18": 11,
        "19": 12,
        "20": 11,
        "21": 9,
        "22": 15,
        "23": 13,
        "24": 12,
        "25": 9,
        "26": 7,
        "27": 14,
        "28": 14,
        "29": 13,
        "30": 9,
        "31": 6,
        "32": 5,
        "33": 13,
        "34": 5,
        "35": 5,
        "36": 5,
        "37": 15,
        "38": 6,
        "39": 8,
        "40": 8
    },
    "task_service_time": {
        "0": 0,
        "1": 67,
        "2": 74,
        "3": 64,
        "4": 51,
        "5": 48,
        "6": 76,
        "7": 12,
        "8": 75,
        "9": 25,
        "10": 69,
        "11": 52,
        "12": 98,
        "13": 84,
        "14": 25,
        "15": 56,
        "16": 38,
        "17": 54,
        "18": 48,
        "19": 33,
        "20": 69,
        "21": 64,
        "22": 78,
        "23": 38,
        "24": 89,
        "25": 91,
        "26": 41,
        "27": 45,
        "28": 39,
        "29": 17,
        "30": 81,
        "31": 92,
        "32": 66,
        "33": 18,
        "34": 23,
        "35": 48,
        "36": 78,
        "37": 53,
        "38": 22,
        "39": 91,
        "40": 87
    },
    "task_precedence": [],
    "coordinates": {
        "0": [
            50.0,
            50.0
        ],
        "1": [
            71.54704008780884,
            54.54760536339796
        ],
        "2": [
            40.30226234123142,
            33.939719675285794
        ],
        "3": [
            87.30260240556336,
            46.65759291332974
        ],
        "4": [
            56.74420622161206,
            84.65393499839021
        ],
        "5": [
            31.307987382629122,
            92.94953382089761
        ],
        "6": [
            9.23225230544028,
            65.25197730702813
        ],
        "7": [
            64.53385504306037,
            63.53383130153666
        ],
        "8": [
            57.196888634603724,
            82.83531739261858
        ],
        "9": [
            19.009521065667144,
            3.5471143964936336
        ],
        "10": [
            94.64960026132024,
            48.74508565870642
        ],
        "11": [
            0.6255561647757424,
            78.2555106179773
        ],
        "12": [
            68.01870552681139,
            46.50234516677605
        ],
        "13": [
            3.8427916759816605,
            48.11626994682828
        ],
        "14": [
            8.080870382422045,
            75.57791483955339
        ],
        "15": [
            47.04716351036844,
            41.947404552821055
        ],
        "16": [
            22.426396457392674,
            16.090909454169054
        ],
        "17": [
            68.16683663483433,
            38.162934548985916
        ],
        "18": [
            95.91101412857502,
            71.31167292560767
        ],
        "19": [
            56.593186403115645,
            34.27153587776554
        ],
        "20": [
            47.18583962515418,
            35.83626230611996
        ],
        "21": [
            87.2314755305569,
            12.835597855481073
        ],
        "22": [
            37.57572866252339,
            71.07352745435853
        ],
        "23": [
            99.60164278677027,
            5.547024185176053
        ],
        "24": [
            67.85285375424414,
            70.13457266868758
        ],
        "25": [
            27.737032084716972,
            62.08769538038962
        ],
        "26": [
            8.513883107994612,
            98.89586048576801
        ],
        "27": [
            50.33784281634125,
            16.938819838453377
        ],
        "28": [
            56.28141232255031,
            96.04635630145863
        ],
        "29": [
            81.04489532579052,
            57.35194829064943
        ],
        "30": [
            96.99478502526027,
            63.28252955661961
        ],
        "31": [
            35.4460119068962,
            97.81663617524973
        ],
        "32": [
            16.683409995686027,
            61.12059236338933
        ],
        "33": [
            7.6058186136770844,
            55.927868985294225
        ],
        "34": [
            46.189686768507,
            36.024805385492634
        ],
        "35": [
            29.361625452381347,
            78.71889290085582
        ],
        "36": [
            88.92234472861477,
            92.31289056460747
        ],
        "37": [
            85.80268931879377,
            48.141763097167875
        ],
        "38": [
            40.276377630369254,
            14.03389537607077
        ],
        "39": [
            85.43689100255102,
            6.123580824190289
        ],
        "40": [
            71.26617748991957,
            47.7084059189349
        ]
    },
    "distance_matrix_str_keys": {
        "0,0": 0.0,
        "0,1": 22.021708632321133,
        "0,2": 18.761095911665198,
        "0,3": 37.45204709172204,
        "0,4": 35.30410073110892,
        "0,5": 46.84072790980495,
        "0,6": 43.52737143294297,
        "0,7": 19.859444405902817,
        "0,8": 33.614777617781264,
        "0,9": 55.8415648551487,
        "0,10": 44.66723198833428,
        "0,11": 56.88769273155963,
        "0,12": 18.3550357720795,
        "0,13": 46.19563095337102,
        "0,14": 49.10644718807039,
        "0,15": 8.57691883897864,
        "0,16": 43.70503442362504,
        "0,17": 21.68294426060146,
        "0,18": 50.616288101779,
        "0,19": 17.05446248319324,
        "0,20": 14.440601236665687,
        "0,21": 52.60585097631233,
        "0,22": 24.463361944688742,
        "0,23": 66.60623113447932,
        "0,24": 26.909578289543855,
        "0,25": 25.332826924881754,
        "0,26": 64.12412235205113,
        "0,27": 33.062906276411894,
        "0,28": 46.472820760168695,
        "0,29": 31.90355261499373,
        "0,30": 48.83580050529427,
        "0,31": 49.9824895791557,
        "0,32": 35.12353547164959,
        "0,33": 42.806614513685396,
        "0,34": 14.485321930680254,
        "0,35": 35.36548194806088,
        "0,36": 57.491996200389266,
        "0,37": 35.85088014045285,
        "0,38": 37.25734174369673,
        "0,39": 56.39958690999468,
        "0,40": 21.38928957364256,
        "1,0": 22.021708632321133,
        "1,1": 0.0,
        "1,2": 37.42888041295542,
        "1,3": 17.62072757893039,
        "1,4": 33.548695571676625,
        "1,5": 55.622742397918074,
        "1,6": 63.22749682748168,
        "1,7": 11.398992108215543,
        "1,8": 31.719418320297702,
        "1,9": 73.22049565433977,
        "1,10": 23.820107503830645,
        "1,11": 74.77915253200688,
        "1,12": 8.784950563644504,
        "1,13": 68.00902387368038,
        "1,14": 66.85976827461958,
        "1,15": 27.550118198960153,
        "1,16": 62.38393295489832,
        "1,17": 16.729710490027816,
        "1,18": 29.574265710063877,
        "1,19": 25.193982095123562,
        "1,20": 30.717787143425404,
        "1,21": 44.563360347916394,
        "1,22": 37.7777196361854,
        "1,23": 56.46341902860726,
        "1,24": 16.01875658230887,
        "1,25": 44.45413095197465,
        "1,26": 77.07104911210645,
        "1,27": 43.17697068532379,
        "1,28": 44.21748206859616,
        "1,29": 9.903211265810773,
        "1,30": 26.90514120131901,
        "1,31": 56.35151518030394,
        "1,32": 55.25596859152266,
        "1,33": 63.956117231035044,
        "1,34": 31.402061817361574,
        "1,35": 48.61954698659178,
        "1,36": 41.570638408490986,
        "1,37": 15.628766750345372,
        "1,38": 51.178267140109156,
        "1,39": 50.376721916055146,
        "1,40": 6.844964049579587,
        "2,0": 18.761095911665198,
        "2,1": 37.42888041295542,
        "2,2": 0.0,
        "2,3": 48.69061784226814,
        "2,4": 53.31293608875603,
        "2,5": 59.6913322646646,
        "2,6": 44.11125708502046,
        "2,7": 38.24894152541122,
        "2,8": 51.73207780215237,
        "2,9": 37.109180625023015,
        "2,10": 56.327897181621765,
        "2,11": 59.4821850631694,
        "2,12": 30.430589578562607,
        "2,13": 39.11863467443335,
        "2,14": 52.64938172762205,
        "2,15": 10.469799849057903,
        "2,16": 25.261167973916635,
        "2,17": 28.182796959016645,
        "2,18": 66.99997138126727,
        "2,19": 16.294302954784733,
        "2,20": 7.140063737412213,
        "2,21": 51.45614645845838,
        "2,22": 37.23377050574185,
        "2,23": 65.74619136055604,
        "2,24": 45.487388036913444,
        "2,25": 30.82520961314523,
        "2,26": 72.317365018834,
        "2,27": 19.741921657589824,
        "2,28": 64.12930334208346,
        "2,29": 46.99036700487171,
        "2,30": 63.836060498837384,
        "2,31": 64.06124904983001,
        "2,32": 36.00902701000914,
        "2,33": 39.402235247614456,
        "2,34": 6.2457464570529915,
        "2,35": 46.096332720719495,
        "2,36": 75.96933256933285,
        "2,37": 47.66536365640681,
        "2,38": 19.905841128911778,
        "2,39": 53.01766012357239,
        "2,40": 33.88717695841912,
        "3,0": 37.45204709172204,
        "3,1": 17.62072757893039,
        "3,2": 48.69061784226814,
        "3,3": 0.0,
        "3,4": 48.759999889051144,
        "3,5": 72.65218995017541,
        "3,6": 80.25416310532682,
        "3,7": 28.341194022007542,
        "3,8": 47.06571735518629,
        "3,9": 80.76173795089026,
        "3,10": 7.637800956721543,
        "3,11": 92.25691707561722,
        "3,12": 19.28452179062655,
        "3,13": 83.47255684178877,
        "3,14": 84.33544833024146,
        "3,15": 40.53006581583903,
        "3,16": 71.71641538672988,
        "3,17": 20.936493315718405,
        "3,18": 26.113759086824068,
        "3,19": 33.113179250860846,
        "3,20": 41.55064201778546,
        "3,21": 33.822069846854255,
        "3,22": 55.39765186150078,
        "3,23": 42.910899028694395,
        "3,24": 30.487067767054544,
        "3,25": 61.53166038546062,
        "3,26": 94.53305711506816,
        "3,27": 47.42993700781168,
        "3,28": 58.32293016623058,
        "3,29": 12.390647070780679,
        "3,30": 19.243880126600175,
        "3,31": 72.84472311445393,
        "3,32": 72.08501015964208,
        "3,33": 80.2341284318656,
        "3,34": 42.46560964818286,
        "3,35": 66.21996501946607,
        "3,36": 45.68402093533197,
        "3,37": 2.11009487996555,
        "3,38": 57.23435557084256,
        "3,39": 40.57692712714743,
        "3,40": 16.07081615997862,
        "4,0": 35.30410073110892,
        "4,1": 33.548695571676625,
        "4,2": 53.31293608875603,
        "4,3": 48.759999889051144,
        "4,4": 0.0,
        "4,5": 26.754778800218414,
        "4,6": 51.32077286235891,
        "4,7": 22.51082870370032,
        "4,8": 1.8741108193099225,
        "4,9": 89.45514413361886,
        "4,10": 52.21364149535688,
        "4,11": 56.48223365584542,
        "4,12": 39.78263617789381,
        "4,13": 64.29277275362112,
        "4,14": 49.50246859421667,
        "4,15": 43.7936111783672,
        "4,16": 76.67203231159766,
        "4,17": 47.87368388105913,
        "4,18": 41.376983926329714,
        "4,19": 50.382625458936744,
        "4,20": 49.744623217810286,
        "4,21": 78.02145307470693,
        "4,22": 23.49165811506882,
        "4,23": 89.97034626668044,
        "4,24": 18.281518877419362,
        "4,25": 36.75120844142645,
        "4,26": 50.28912913574824,
        "4,27": 68.01748534901816,
        "4,28": 11.401817457739616,
        "4,29": 36.550266334564405,
        "4,30": 45.572426582147635,
        "4,31": 25.037367739814297,
        "4,32": 46.46165741588994,
        "4,33": 56.91895998080434,
        "4,34": 49.76133165213693,
        "4,35": 28.01839492695735,
        "4,36": 33.07706453331585,
        "4,37": 46.66405615517799,
        "4,38": 72.51468385622681,
        "4,39": 83.6079343523305,
        "4,40": 39.69710025276943,
        "5,0": 46.84072790980495,
        "5,1": 55.622742397918074,
        "5,2": 59.6913322646646,
        "5,3": 72.65218995017541,
        "5,4": 26.754778800218414,
        "5,5": 0.0,
        "5,6": 35.418818670831186,
        "5,7": 44.3761403965693,
        "5,8": 27.794470349200065,
        "5,9": 90.2443619994429,
        "5,10": 77.2411364455354,
        "5,11": 34.019492990435126,
        "5,12": 59.2031938372682,
        "5,13": 52.577167333419325,
        "5,14": 29.00469117529624,
        "5,15": 53.375451801906,
        "5,16": 77.37008980807198,
        "5,17": 66.03140334702742,
        "5,18": 68.13037566945685,
        "5,19": 63.89404300965642,
        "5,20": 59.27927103934537,
        "5,21": 97.7019921112271,
        "5,22": 22.75619114220456,
        "5,23": 110.91989027709133,
        "5,24": 43.0818953911739,
        "5,25": 31.067745229863462,
        "5,26": 23.55695206278308,
        "5,27": 78.35664641846871,
        "5,28": 25.164702714436856,
        "5,29": 61.16329052078416,
        "5,30": 72.07556122959198,
        "5,31": 6.388421737109697,
        "5,32": 35.02798564080123,
        "5,33": 43.959031740378876,
        "5,34": 58.837825283198924,
        "5,35": 14.363128689762748,
        "5,36": 57.617874718065664,
        "5,37": 70.55075376168394,
        "5,38": 79.4236111920781,
        "5,39": 102.31658868864434,
        "5,40": 60.360720758553846,
        "6,0": 43.52737143294297,
        "6,1": 63.22749682748168,
        "6,2": 44.11125708502046,
        "6,3": 80.25416310532682,
        "6,4": 51.32077286235891,
        "6,5": 35.418818670831186,
        "6,6": 0.0,
        "6,7": 55.328286536325486,
        "6,8": 51.08600773944307,
        "6,9": 62.47467559913828,
        "6,10": 86.9977057381705,
        "6,11": 15.593815986688263,
        "6,12": 61.70409863001993,
        "6,13": 17.9632611908554,
        "6,14": 10.389931003537367,
        "6,15": 44.41925956938873,
        "6,16": 50.90084510433902,
        "6,17": 64.86217285618403,
        "6,18": 86.89031972654693,
        "6,19": 56.59369072393423,
        "6,20": 48.0183202481074,
        "6,21": 93.97529280896197,
        "6,22": 28.93515332813033,
        "6,23": 108.3111636132197,
        "6,24": 58.823589245176144,
        "6,25": 18.773373559133656,
        "6,26": 33.65155166776913,
        "6,27": 63.43367209797311,
        "6,28": 56.23092775304572,
        "6,29": 72.24587293422292,
        "6,30": 87.7846277763884,
        "6,31": 41.80452367443703,
        "6,32": 8.519864580932827,
        "6,33": 9.464897387142127,
        "6,34": 47.117720027850076,
        "6,35": 24.218783596623336,
        "6,36": 84.15939553459451,
        "6,37": 78.45885070993099,
        "6,38": 59.891816084304516,
        "6,39": 96.45368955923281,
        "6,40": 64.46692772920622,
        "7,0": 19.859444405902817,
        "7,1": 11.398992108215543,
        "7,2": 38.24894152541122,
        "7,3": 28.341194022007542,
        "7,4": 22.51082870370032,
        "7,5": 44.3761403965693,
        "7,6": 55.328286536325486,
        "7,7": 0.0,
        "7,8": 20.648933178327884,
        "7,9": 75.30518700017294,
        "7,10": 33.55093303828483,
        "7,11": 65.58199834872579,
        "7,12": 17.384352241387724,
        "7,13": 62.61873817598819,
        "7,14": 57.723473781166284,
        "7,15": 27.78053636158208,
        "7,16": 63.433972774524776,
        "7,17": 25.62968898123343,
        "7,18": 32.32678351780186,
        "7,19": 30.320556589836176,
        "7,20": 32.6819364052343,
        "7,21": 55.54721280447086,
        "7,22": 27.99263467460469,
        "7,23": 67.76591722088546,
        "7,24": 7.388202693541708,
        "7,25": 36.82522897322024,
        "7,26": 66.24734231372595,
        "7,27": 48.70956637444046,
        "7,28": 33.54351044130371,
        "7,29": 17.630375174063477,
        "7,30": 32.461902714971636,
        "7,31": 44.96013043045112,
        "7,32": 47.91125977684559,
        "7,33": 57.43389238473473,
        "7,34": 33.06440709486127,
        "7,35": 38.31020530034464,
        "7,36": 37.72310540252135,
        "7,37": 26.254124915078627,
        "7,38": 55.1241223699067,
        "7,39": 61.09724848301606,
        "7,40": 17.197914235999093,
        "8,0": 33.614777617781264,
        "8,1": 31.719418320297702,
        "8,2": 51.73207780215237,
        "8,3": 47.06571735518629,
        "8,4": 1.8741108193099225,
        "8,5": 27.794470349200065,
        "8,6": 51.08600773944307,
        "8,7": 20.648933178327884,
        "8,8": 0.0,
        "8,9": 88.00508039993933,
        "8,10": 50.64434329582938,
        "8,11": 56.756411862492364,
        "8,12": 37.910375777777716,
        "8,13": 63.65588674909087,
        "8,14": 49.64930151337359,
        "8,15": 42.12883022933834,
        "8,16": 75.25824285285739,
        "8,17": 45.999582042186525,
        "8,18": 40.39279508235385,
        "8,19": 48.567533717563684,
        "8,20": 48.05343152464069,
        "8,21": 76.17110439850845,
        "8,22": 22.8763987813144,
        "8,23": 88.15692509170957,
        "8,24": 16.578857293958897,
        "8,25": 36.032582021029704,
        "8,26": 51.26378908694482,
        "8,27": 66.25250862754649,
        "8,28": 13.242720488208482,
        "8,29": 34.90171233521482,
        "8,30": 44.34167418220722,
        "8,31": 26.410992993273567,
        "8,32": 45.96597909890613,
        "8,33": 56.42060798691618,
        "8,34": 48.08723871559153,
        "8,35": 28.137996144359125,
        "8,36": 33.1108586056512,
        "8,37": 44.96592646032097,
        "8,38": 70.8515304290848,
        "8,39": 81.74465279812257,
        "8,40": 37.839725138725896,
        "9,0": 55.8415648551487,
        "9,1": 73.22049565433977,
        "9,2": 37.109180625023015,
        "9,3": 80.76173795089026,
        "9,4": 89.45514413361886,
        "9,5": 90.2443619994429,
        "9,6": 62.47467559913828,
        "9,7": 75.30518700017294,
        "9,8": 88.00508039993933,
        "9,9": 0.0,
        "9,10": 88.11514164401306,
        "9,11": 76.9370822910734,
        "9,12": 65.16941009457337,
        "9,13": 47.079075042420655,
        "9,14": 72.85514133006873,
        "9,15": 47.54673151697236,
        "9,16": 13.000839661019661,
        "9,17": 60.122347582212534,
        "9,18": 102.4981708517288,
        "9,19": 48.54402100728956,
        "9,20": 42.85433467334921,
        "9,21": 68.8513688751166,
        "9,22": 70.0322820204436,
        "9,23": 80.61693198498669,
        "9,24": 82.58063179267995,
        "9,25": 59.18757530529292,
        "9,26": 95.92466730166673,
        "9,27": 34.07053739461669,
        "9,28": 99.7261431664644,
        "9,29": 82.11788970724513,
        "9,30": 98.23452152476757,
        "9,31": 95.691697485044,
        "9,32": 57.62044912975351,
        "9,33": 53.60772221336846,
        "9,34": 42.350464219542374,
        "9,35": 75.88123845024089,
        "9,36": 112.99188436013489,
        "9,37": 80.31195439053285,
        "9,38": 23.711848587936665,
        "9,39": 66.47731685307909,
        "9,40": 68.41767176375124,
        "10,0": 44.66723198833428,
        "10,1": 23.820107503830645,
        "10,2": 56.327897181621765,
        "10,3": 7.637800956721543,
        "10,4": 52.21364149535688,
        "10,5": 77.2411364455354,
        "10,6": 86.9977057381705,
        "10,7": 33.55093303828483,
        "10,8": 50.64434329582938,
        "10,9": 88.11514164401306,
        "10,10": 0.0,
        "10,11": 98.54636497378125,
        "10,12": 26.725164906406764,
        "10,13": 90.80898575941606,
        "10,14": 90.63192436826084,
        "10,15": 48.08534551238743,
        "10,16": 79.26213718605267,
        "10,17": 28.5187428089894,
        "10,18": 22.601814657659062,
        "10,19": 40.715774326522656,
        "10,20": 49.187867346283156,
        "10,21": 36.66769543905306,
        "10,22": 61.286100645234185,
        "10,23": 43.48097561284446,
        "10,24": 34.28667055744329,
        "10,25": 68.22988358610716,
        "10,26": 99.67177125581922,
        "10,27": 54.54512254355332,
        "10,28": 60.90589503589667,
        "10,29": 16.098635990293207,
        "10,30": 14.725391901813333,
        "10,31": 76.89656653022783,
        "10,32": 78.94225731973167,
        "10,33": 87.3396376214104,
        "10,34": 50.10158426596962,
        "10,35": 71.83974370250891,
        "10,36": 43.94263397038872,
        "10,37": 8.8674591252656,
        "10,38": 64.50824807815123,
        "10,39": 43.60581023493651,
        "10,40": 23.406391549935936,
        "11,0": 56.88769273155963,
        "11,1": 74.77915253200688,
        "11,2": 59.4821850631694,
        "11,3": 92.25691707561722,
        "11,4": 56.48223365584542,
        "11,5": 34.019492990435126,
        "11,6": 15.593815986688263,
        "11,7": 65.58199834872579,
        "11,8": 56.756411862492364,
        "11,9": 76.9370822910734,
        "11,10": 98.54636497378125,
        "11,11": 0.0,
        "11,12": 74.49899393350896,
        "11,13": 30.310467376271305,
        "11,14": 7.921567347215614,
        "11,15": 58.93423618396204,
        "11,16": 65.87650776505643,
        "11,17": 78.54450473064921,
        "11,18": 95.5381357431101,
        "11,19": 71.18262195538406,
        "11,20": 62.986130403873844,
        "11,21": 108.53732194524059,
        "11,22": 37.641680751207296,
        "11,23": 122.81200968290278,
        "11,24": 67.71601859500569,
        "11,25": 31.566285434214866,
        "11,26": 22.096374015388157,
        "11,27": 78.93698760580601,
        "11,28": 58.43020207725059,
        "11,29": 83.09169049349522,
        "11,30": 97.52547581544127,
        "11,31": 39.93872520695104,
        "11,32": 23.48318745925033,
        "11,33": 23.393324790056337,
        "11,34": 62.125055026992825,
        "11,35": 28.73980517056711,
        "11,36": 89.40879599710095,
        "11,37": 90.34368711805142,
        "11,38": 75.47584717759617,
        "11,39": 111.33722563788382,
        "11,40": 76.9624777842854,
        "12,0": 18.3550357720795,
        "12,1": 8.784950563644504,
        "12,2": 30.430589578562607,
        "12,3": 19.28452179062655,
        "12,4": 39.78263617789381,
        "12,5": 59.2031938372682,
        "12,6": 61.70409863001993,
        "12,7": 17.384352241387724,
        "12,8": 37.910375777777716,
        "12,9": 65.16941009457337,
        "12,10": 26.725164906406764,
        "12,11": 74.49899393350896,
        "12,12": 0.0,
        "12,13": 64.19620449672072,
        "12,14": 66.61781168420742,
        "12,15": 21.460499960254623,
        "12,16": 54.80432527076151,
        "12,17": 8.340726124101844,
        "12,18": 37.329393552281964,
        "12,19": 16.73723941126741,
        "12,20": 23.404564197327264,
        "12,21": 38.76313204243707,
        "12,22": 39.12183328231412,
        "12,23": 51.718664355069954,
        "12,24": 23.632809471422718,
        "12,25": 43.19162368534574,
        "12,26": 79.28369528835272,
        "12,27": 34.44727762864389,
        "12,28": 50.91535221400658,
        "12,29": 16.95274339523226,
        "12,30": 33.48414208633064,
        "12,31": 60.77941124557876,
        "12,32": 53.37607814713695,
        "12,33": 61.143743788163704,
        "12,34": 24.21332071027808,
        "12,35": 50.32172282208884,
        "12,36": 50.35442583850942,
        "12,37": 17.859388865915378,
        "12,38": 42.706404542237706,
        "12,39": 43.97542262561376,
        "12,40": 3.4641963987441127,
        "13,0": 46.19563095337102,
        "13,1": 68.00902387368038,
        "13,2": 39.11863467443335,
        "13,3": 83.47255684178877,
        "13,4": 64.29277275362112,
        "13,5": 52.577167333419325,
        "13,6": 17.9632611908554,
        "13,7": 62.61873817598819,
        "13,8": 63.65588674909087,
        "13,9": 47.079075042420655,
        "13,10": 90.80898575941606,
        "13,11": 30.310467376271305,
        "13,12": 64.19620449672072,
        "13,13": 0.0,
        "13,14": 27.786745965228064,
        "13,15": 43.642555445955885,
        "13,16": 37.026667165118454,
        "13,17": 65.08956633294189,
        "13,18": 94.94516472642609,
        "13,19": 54.53696732778155,
        "13,20": 45.049066507310926,
        "13,21": 90.54500769349718,
        "13,22": 40.803758527922994,
        "13,23": 104.79455258158282,
        "13,24": 67.69116413546493,
        "13,25": 27.679151962370593,
        "13,26": 50.993979159000745,
        "13,27": 55.98056069569918,
        "13,28": 71.04295963202165,
        "13,29": 77.75257270615782,
        "13,30": 94.37854255865385,
        "13,31": 58.89728289321079,
        "13,32": 18.275499455451264,
        "13,33": 8.670723803211786,
        "13,34": 44.03933513593709,
        "13,35": 39.84634749853355,
        "13,36": 95.87424900184469,
        "13,37": 81.95990160756021,
        "13,38": 49.89002347040104,
        "13,39": 91.76591406761328,
        "13,40": 67.42461944779795,
        "14,0": 49.10644718807039,
        "14,1": 66.85976827461958,
        "14,2": 52.64938172762205,
        "14,3": 84.33544833024146,
        "14,4": 49.50246859421667,
        "14,5": 29.00469117529624,
        "14,6": 10.389931003537367,
        "14,7": 57.723473781166284,
        "14,8": 49.64930151337359,
        "14,9": 72.85514133006873,
        "14,10": 90.63192436826084,
        "14,11": 7.921567347215614,
        "14,12": 66.61781168420742,
        "14,13": 27.786745965228064,
        "14,14": 0.0,
        "14,15": 51.47215968151183,
        "14,16": 61.192302850018706,
        "14,17": 70.78279515976732,
        "14,18": 87.93369644532295,
        "14,19": 63.715474954099456,
        "14,20": 55.75479858777343,
        "14,21": 101.00206253263228,
        "14,22": 29.83682574737409,
        "14,23": 115.24051990221955,
        "14,24": 60.0193299711893,
        "14,25": 23.840107254858705,
        "14,26": 23.321965808660455,
        "14,27": 72.27859421591596,
        "14,28": 52.36649061376468,
        "14,29": 75.20594918341409,
        "14,30": 89.76001735945525,
        "14,31": 35.262043294472534,
        "14,32": 16.823134695340656,
        "14,33": 19.65578734768657,
        "14,34": 54.924769947931935,
        "14,35": 21.51130585364779,
        "14,36": 82.55545643374693,
        "14,37": 82.42222734923725,
        "14,38": 69.45658369567386,
        "14,39": 103.9608505145059,
        "14,40": 69.05861685369328,
        "15,0": 8.57691883897864,
        "15,1": 27.550118198960153,
        "15,2": 10.469799849057903,
        "15,3": 40.53006581583903,
        "15,4": 43.7936111783672,
        "15,5": 53.375451801906,
        "15,6": 44.41925956938873,
        "15,7": 27.78053636158208,
        "15,8": 42.12883022933834,
        "15,9": 47.54673151697236,
        "15,10": 48.08534551238743,
        "15,11": 58.93423618396204,
        "15,12": 21.460499960254623,
        "15,13": 43.642555445955885,
        "15,14": 51.47215968151183,
        "15,15": 0.0,
        "15,16": 35.70350835791228,
        "15,17": 21.456066883150193,
        "15,18": 57.00821128844022,
        "15,19": 12.249306632848745,
        "15,20": 6.112715486935977,
        "15,21": 49.62132829458672,
        "15,22": 30.6274242036845,
        "15,23": 63.9293436766168,
        "15,24": 35.03417178864411,
        "15,25": 27.901836683182253,
        "15,26": 68.7600198641243,
        "15,27": 25.224152705501574,
        "15,28": 54.881398774326975,
        "15,29": 37.32486753310761,
        "15,30": 54.313464757117046,
        "15,31": 57.0610003470613,
        "15,32": 35.91056471736016,
        "15,33": 41.84582503676333,
        "15,34": 5.984350195273721,
        "15,35": 40.803438724330164,
        "15,36": 65.49971742888991,
        "15,37": 39.24743123394758,
        "15,38": 28.72294441719579,
        "15,39": 52.50826147820977,
        "15,40": 24.894774047620086,
        "16,0": 43.70503442362504,
        "16,1": 62.38393295489832,
        "16,2": 25.261167973916635,
        "16,3": 71.71641538672988,
        "16,4": 76.67203231159766,
        "16,5": 77.37008980807198,
        "16,6": 50.90084510433902,
        "16,7": 63.433972774524776,
        "16,8": 75.25824285285739,
        "16,9": 13.000839661019661,
        "16,10": 79.26213718605267,
        "16,11": 65.87650776505643,
        "16,12": 54.80432527076151,
        "16,13": 37.026667165118454,
        "16,14": 61.192302850018706,
        "16,15": 35.70350835791228,
        "16,16": 0.0,
        "16,17": 50.78742127153479,
        "16,18": 91.92019230097604,
        "16,19": 38.70277396194658,
        "16,20": 31.668738295449316,
        "16,21": 64.88678854191832,
        "16,22": 57.03148734178489,
        "16,23": 77.89218293619584,
        "16,24": 70.59943736452135,
        "16,25": 46.30234514912575,
        "16,26": 83.96557594063582,
        "16,27": 27.92432254985322,
        "16,28": 86.82761991313492,
        "16,29": 71.68404100948761,
        "16,30": 88.24677660686821,
        "16,31": 82.75629761257878,
        "16,32": 45.39442957461047,
        "16,33": 42.50450414139822,
        "16,34": 31.01699813668529,
        "16,35": 63.01080630980216,
        "16,36": 101.15088502276724,
        "16,37": 71.01979805729533,
        "16,38": 17.96811439169711,
        "16,39": 63.79396572438043,
        "16,40": 58.180669418670796,
        "17,0": 21.68294426060146,
        "17,1": 16.729710490027816,
        "17,2": 28.182796959016645,
        "17,3": 20.936493315718405,
        "17,4": 47.87368388105913,
        "17,5": 66.03140334702742,
        "17,6": 64.86217285618403,
        "17,7": 25.62968898123343,
        "17,8": 45.999582042186525,
        "17,9": 60.122347582212534,
        "17,10": 28.5187428089894,
        "17,11": 78.54450473064921,
        "17,12": 8.340726124101844,
        "17,13": 65.08956633294189,
        "17,14": 70.78279515976732,
        "17,15": 21.456066883150193,
        "17,16": 50.78742127153479,
        "17,17": 0.0,
        "17,18": 43.22705450023056,
        "17,19": 12.210338377970432,
        "17,20": 21.109610115914744,
        "17,21": 31.700700941942202,
        "17,22": 44.932427180787236,
        "17,23": 45.298395630197206,
        "17,24": 31.97317984352611,
        "17,25": 46.97832773524999,
        "17,26": 85.12909700753296,
        "17,27": 27.718875623403413,
        "17,28": 59.091063832509086,
        "17,29": 23.109795412886363,
        "17,30": 38.23669260996036,
        "17,31": 68.0383457220394,
        "17,32": 56.370180688301886,
        "17,33": 63.11283387145015,
        "17,34": 22.08091285628363,
        "17,35": 56.130474545948566,
        "17,36": 57.991454997479885,
        "17,37": 20.263275132227037,
        "17,38": 36.87937411193173,
        "17,39": 36.397458221233876,
        "17,40": 10.03603195543519,
        "18,0": 50.616288101779,
        "18,1": 29.574265710063877,
        "18,2": 66.99997138126727,
        "18,3": 26.113759086824068,
        "18,4": 41.376983926329714,
        "18,5": 68.13037566945685,
        "18,6": 86.89031972654693,
        "18,7": 32.32678351780186,
        "18,8": 40.39279508235385,
        "18,9": 102.4981708517288,
        "18,10": 22.601814657659062,
        "18,11": 95.5381357431101,
        "18,12": 37.329393552281964,
        "18,13": 94.94516472642609,
        "18,14": 87.93369644532295,
        "18,15": 57.00821128844022,
        "18,16": 91.92019230097604,
        "18,17": 43.22705450023056,
        "18,18": 0.0,
        "18,19": 54.017250296288026,
        "18,20": 60.271447543675876,
        "18,21": 59.116712915059544,
        "18,22": 58.33577156146313,
        "18,23": 65.86812403465765,
        "18,24": 28.08284046542502,
        "18,25": 68.79515672975072,
        "18,26": 91.64685435945198,
        "18,27": 70.94590260396629,
        "18,28": 46.71519989262247,
        "18,29": 20.393023320301545,
        "18,30": 8.101956714045496,
        "18,31": 66.01916063183855,
        "18,32": 79.8803566570868,
        "18,33": 89.63519943971984,
        "18,34": 60.97026664892218,
        "18,35": 66.96034678029086,
        "18,36": 22.133518525136875,
        "18,37": 25.27890329737566,
        "18,38": 79.84958722060948,
        "18,39": 66.02419713318736,
        "18,40": 34.12451005266304,
        "19,0": 17.05446248319324,
        "19,1": 25.193982095123562,
        "19,2": 16.294302954784733,
        "19,3": 33.113179250860846,
        "19,4": 50.382625458936744,
        "19,5": 63.89404300965642,
        "19,6": 56.59369072393423,
        "19,7": 30.320556589836176,
        "19,8": 48.567533717563684,
        "19,9": 48.54402100728956,
        "19,10": 40.715774326522656,
        "19,11": 71.18262195538406,
        "19,12": 16.73723941126741,
        "19,13": 54.53696732778155,
        "19,14": 63.715474954099456,
        "19,15": 12.249306632848745,
        "19,16": 38.70277396194658,
        "19,17": 12.210338377970432,
        "19,18": 54.017250296288026,
        "19,19": 0.0,
        "19,20": 9.536589652303006,
        "19,21": 37.3925687744491,
        "19,22": 41.425237270519446,
        "19,23": 51.71870930797125,
        "19,24": 37.58906113120008,
        "19,25": 40.08012439504975,
        "19,26": 80.54764264945753,
        "19,27": 18.42694680862862,
        "19,28": 61.7756071718995,
        "19,29": 33.62426960378505,
        "19,30": 49.7385858811787,
        "19,31": 66.97150708316843,
        "19,32": 48.10054144247487,
        "19,33": 53.560796919033656,
        "19,34": 10.55020182811816,
        "19,35": 52.12605354476407,
        "19,36": 66.43774026800564,
        "19,37": 32.33540263703018,
        "19,38": 25.99616013187736,
        "19,39": 40.3021918599669,
        "19,40": 19.89588258752806,
        "20,0": 14.440601236665687,
        "20,1": 30.717787143425404,
        "20,2": 7.140063737412213,
        "20,3": 41.55064201778546,
        "20,4": 49.744623217810286,
        "20,5": 59.27927103934537,
        "20,6": 48.0183202481074,
        "20,7": 32.6819364052343,
        "20,8": 48.05343152464069,
        "20,9": 42.85433467334921,
        "20,10": 49.187867346283156,
        "20,11": 62.986130403873844,
        "20,12": 23.404564197327264,
        "20,13": 45.049066507310926,
        "20,14": 55.75479858777343,
        "20,15": 6.112715486935977,
        "20,16": 31.668738295449316,
        "20,17": 21.109610115914744,
        "20,18": 60.271447543675876,
        "20,19": 9.536589652303006,
        "20,20": 0.0,
        "20,21": 46.18098656632363,
        "20,22": 36.524226040278315,
        "20,23": 60.53804066060055,
        "20,24": 40.04372069050299,
        "20,25": 32.67099406503919,
        "20,26": 73.97319205931127,
        "20,27": 19.158508708561374,
        "20,28": 60.893225088027116,
        "20,29": 40.116834325799836,
        "20,30": 56.87027895005087,
        "20,31": 63.082408798424005,
        "20,32": 39.61938363661898,
        "20,33": 44.38750637532602,
        "20,34": 1.0138387478221886,
        "20,35": 46.43945109065623,
        "20,36": 70.22496278175291,
        "20,37": 40.53006822076213,
        "20,38": 22.87102684205237,
        "20,39": 48.43538347451024,
        "20,40": 26.84791361809249,
        "21,0": 52.60585097631233,
        "21,1": 44.563360347916394,
        "21,2": 51.45614645845838,
        "21,3": 33.822069846854255,
        "21,4": 78.02145307470693,
        "21,5": 97.7019921112271,
        "21,6": 93.97529280896197,
        "21,7": 55.54721280447086,
        "21,8": 76.17110439850845,
        "21,9": 68.8513688751166,
        "21,10": 36.66769543905306,
        "21,11": 108.53732194524059,
        "21,12": 38.76313204243707,
        "21,13": 90.54500769349718,
        "21,14": 101.00206253263228,
        "21,15": 49.62132829458672,
        "21,16": 64.88678854191832,
        "21,17": 31.700700941942202,
        "21,18": 59.116712915059544,
        "21,19": 37.3925687744491,
        "21,20": 46.18098656632363,
        "21,21": 0.0,
        "21,22": 76.53332372885701,
        "21,23": 14.357727678645979,
        "21,24": 60.48721762979231,
        "21,25": 77.23572950088158,
        "21,26": 116.63116290596865,
        "21,27": 37.121106738525334,
        "21,28": 88.78027221029699,
        "21,29": 44.944179052428154,
        "21,30": 51.3830237563799,
        "21,31": 99.51638617144151,
        "21,32": 85.4895914444628,
        "21,33": 90.53832928969906,
        "21,34": 47.13987452951769,
        "21,35": 87.68995446518613,
        "21,36": 79.49527718686876,
        "21,37": 35.33506380512447,
        "21,38": 46.97038573148041,
        "21,39": 6.947784269570814,
        "21,40": 38.35366323777781,
        "22,0": 24.463361944688742,
        "22,1": 37.7777196361854,
        "22,2": 37.23377050574185,
        "22,3": 55.39765186150078,
        "22,4": 23.49165811506882,
        "22,5": 22.75619114220456,
        "22,6": 28.93515332813033,
        "22,7": 27.99263467460469,
        "22,8": 22.8763987813144,
        "22,9": 70.0322820204436,
        "22,10": 61.286100645234185,
        "22,11": 37.641680751207296,
        "22,12": 39.12183328231412,
        "22,13": 40.803758527922994,
        "22,14": 29.83682574737409,
        "22,15": 30.6274242036845,
        "22,16": 57.03148734178489,
        "22,17": 44.932427180787236,
        "22,18": 58.33577156146313,
        "22,19": 41.425237270519446,
        "22,20": 36.524226040278315,
        "22,21": 76.53332372885701,
        "22,22": 0.0,
        "22,23": 90.22713923002674,
        "22,24": 30.291681034720416,
        "22,25": 13.324606125950142,
        "22,26": 40.23273645112825,
        "22,27": 55.618685046795356,
        "22,28": 31.20167915057703,
        "22,29": 45.58344200633417,
        "22,30": 59.92765561308631,
        "22,31": 26.827775858550147,
        "22,32": 23.14195100249171,
        "22,33": 33.579554475863404,
        "22,34": 36.091733027277144,
        "22,35": 11.221546433418194,
        "22,36": 55.566046528141605,
        "22,37": 53.401362816647016,
        "22,38": 57.103529947578195,
        "22,39": 80.67952917438339,
        "22,40": 40.999698127626715,
        "23,0": 66.60623113447932,
        "23,1": 56.46341902860726,
        "23,2": 65.74619136055604,
        "23,3": 42.910899028694395,
