{
    "num_robots": 2,
    "num_tasks": 30,
    "num_nodes": 31,
    "robot_capacity": [
        167,
        198
    ],
    "robot_speed": [
        0.98,
        1.13
    ],
    "task_demand": {
        "0": 0,
        "1": 14,
        "2": 9,
        "3": 10,
        "4": 10,
        "5": 7,
        "6": 12,
        "7": 6,
        "8": 6,
        "9": 7,
        "10": 10,
        "11": 6,
        "12": 12,
        "13": 5,
        "14": 10,
        "15": 7,
        "16": 9,
        "17": 14,
        "18": 15,
        "19": 10,
        "20": 13,
        "21": 13,
        "22": 5,
        "23": 11,
        "24": 9,
        "25": 15,
        "26": 10,
        "27": 10,
        "28": 10,
        "29": 14,
        "30": 10
    },
    "task_service_time": {
        "0": 0,
        "1": 55,
        "2": 94,
        "3": 47,
        "4": 52,
        "5": 76,
        "6": 11,
        "7": 94,
        "8": 14,
        "9": 56,
        "10": 69,
        "11": 39,
        "12": 95,
        "13": 81,
        "14": 46,
        "15": 93,
        "16": 88,
        "17": 81,
        "18": 77,
        "19": 19,
        "20": 64,
        "21": 97,
        "22": 79,
        "23": 25,
        "24": 33,
        "25": 19,
        "26": 82,
        "27": 37,
        "28": 84,
        "29": 62,
        "30": 85
    },
    "task_precedence": [],
    "coordinates": {
        "0": [
            50.0,
            50.0
        ],
        "1": [
            89.38483502158036,
            10.230235056118374
        ],
        "2": [
            20.140588243910617,
            69.02755657579527
        ],
        "3": [
            92.06566750715257,
            62.714154218141886
        ],
        "4": [
            27.58349245944779,
            64.88857189623425
        ],
        "5": [
            92.71164067081938,
            98.42609397384173
        ],
        "6": [
            47.34105459683258,
            54.2585014549161
        ],
        "7": [
            96.09369666006087,
            81.46865873581565
        ],
        "8": [
            2.42673526120859,
            40.738630536897425
        ],
        "9": [
            62.177080823084374,
            39.95556839148432
        ],
        "10": [
            92.00609477522079,
            30.125070771581054
        ],
        "11": [
            41.52020564737805,
            77.35272810926777
        ],
        "12": [
            95.8448401936659,
            37.765858638355034
        ],
        "13": [
            52.41397888363489,
            41.02480404033645
        ],
        "14": [
            65.72907399167204,
            12.348948493510893
        ],
        "15": [
            65.5507468576847,
            69.804491175629
        ],
        "16": [
            34.87000014268487,
            26.28085352869327
        ],
        "17": [
            18.856404101073444,
            68.54768808047454
        ],
        "18": [
            26.96022477756408,
            41.936326936608815
        ],
        "19": [
            30.501081315929046,
            64.38895820139892
        ],
        "20": [
            31.97015762867913,
            20.21342616246786
        ],
        "21": [
            61.539188487101704,
            17.495439065149554
        ],
        "22": [
            84.58778400188075,
            20.71146448302993
        ],
        "23": [
            46.278412610206466,
            9.103690983902002
        ],
        "24": [
            5.371661595129695,
            42.41862325503014
        ],
        "25": [
            49.99260335249735,
            31.971704268346013
        ],
        "26": [
            69.5904789831502,
            68.22779786147936
        ],
        "27": [
            28.965780842881706,
            99.19440278436166
        ],
        "28": [
            49.73563561274851,
            85.23125920863434
        ],
        "29": [
            59.250918491713534,
            24.797087786316354
        ],
        "30": [
            26.244934620927207,
            61.438700638092655
        ]
    },
    "distance_matrix_str_keys": {
        "0,0": 0.0,
        "0,1": 55.97141621728629,
        "0,2": 35.40667140052534,
        "0,3": 43.9450805017468,
        "0,4": 26.910395452779404,
        "0,5": 64.57066537024798,
        "0,6": 5.020440747439183,
        "0,7": 55.81133714955173,
        "0,8": 48.466364442149185,
        "0,9": 15.785179875759354,
        "0,10": 46.47068764392768,
        "0,11": 28.637015334742664,
        "0,12": 47.44916845677569,
        "0,13": 9.294161423441928,
        "0,14": 40.80447828584247,
        "0,15": 25.18022236910066,
        "0,16": 28.133872911663943,
        "0,17": 36.248314424897224,
        "0,18": 24.410122194975443,
        "0,19": 24.233240558571953,
        "0,20": 34.81831697416507,
        "0,21": 34.492018678359,
        "0,22": 45.32254532668675,
        "0,23": 41.06529317854737,
        "0,24": 45.267713241655926,
        "0,25": 18.02829724900185,
        "0,26": 26.758914059957693,
        "0,27": 53.50259471146883,
        "0,28": 35.23225104865185,
        "0,29": 26.847090661577685,
        "0,30": 26.36564058489617,
        "1,0": 55.97141621728629,
        "1,1": 0.0,
        "1,2": 90.83991815108095,
        "1,3": 52.55234184526431,
        "1,4": 82.50418006749493,
        "1,5": 88.25858126019685,
        "1,6": 60.878302493482074,
        "1,7": 71.55362906835913,
        "1,8": 92.15461631815515,
        "1,9": 40.29711317730333,
        "1,10": 20.066775795859794,
        "1,11": 82.44059569653679,
        "1,12": 28.28325004107554,
        "1,13": 48.116002353649726,
        "1,14": 23.75045213325247,
        "1,15": 64.16506643647617,
        "1,16": 56.82859821626258,
        "1,17": 91.51603627428749,
        "1,18": 70.01505714095678,
        "1,19": 80.00289834246603,
        "1,20": 58.27614679091969,
        "1,21": 28.77782514742846,
        "1,22": 11.526832556481324,
        "1,23": 43.12114046096697,
        "1,24": 89.96835912712156,
        "1,25": 44.99377067302705,
        "1,26": 61.28241038289803,
        "1,27": 107.5410863225192,
        "1,28": 84.836387462501,
        "1,29": 33.47007803833534,
        "1,30": 81.29547324337712,
        "2,0": 35.40667140052534,
        "2,1": 90.83991815108095,
        "2,2": 0.0,
        "2,3": 72.20163485928322,
        "2,4": 8.516338258858783,
        "2,5": 78.29962740328638,
        "2,6": 30.951419337083834,
        "2,7": 76.96528893619214,
        "2,8": 33.37729653412652,
        "2,9": 51.11014777270406,
        "2,10": 81.7193638665211,
        "2,11": 22.94333283070244,
        "2,12": 81.90499081987484,
        "2,13": 42.72851381626077,
        "2,14": 72.7377113120769,
        "2,15": 45.41680451881814,
        "2,16": 45.21323032344484,
        "2,17": 1.3709130845957471,
        "2,18": 27.93639500390621,
        "2,19": 11.351493803649559,
        "2,20": 50.22706481408593,
        "2,21": 66.10146168751898,
        "2,22": 80.5474133425941,
        "2,23": 65.37626121214504,
        "2,24": 30.43281989605952,
        "2,25": 47.58444069519766,
        "2,26": 49.45635761076485,
        "2,27": 31.43123660596621,
        "2,28": 33.740581023112725,
        "2,29": 59.041953739940524,
        "2,30": 9.739290484106112,
        "3,0": 43.9450805017468,
        "3,1": 52.55234184526431,
        "3,2": 72.20163485928322,
        "3,3": 0.0,
        "3,4": 64.51882664092429,
        "3,5": 35.717781600246575,
        "3,6": 45.516909644990285,
        "3,7": 19.182191182451625,
        "3,8": 92.29334653840368,
        "3,9": 37.56701801847463,
        "3,10": 32.58913789588941,
        "3,11": 52.62253851900223,
        "3,12": 25.23290705667701,
        "3,13": 45.196065335733266,
        "3,14": 56.83546521041289,
        "3,15": 27.446564360922938,
        "3,16": 67.81393488358135,
        "3,17": 73.44131239148479,
        "3,18": 68.34059393623197,
        "3,19": 61.587362675137534,
        "3,20": 73.60558533709283,
        "3,21": 54.55820856158186,
        "3,22": 42.66315373601084,
        "3,23": 70.50215939379234,
        "3,24": 89.03796515053837,
        "3,25": 52.107974018161926,
        "3,26": 23.141615445235523,
        "3,27": 72.88624172295488,
        "3,28": 47.946341021334725,
        "3,29": 50.14490681755952,
        "3,30": 65.83308939670603,
        "4,0": 26.910395452779404,
        "4,1": 82.50418006749493,
        "4,2": 8.516338258858783,
        "4,3": 64.51882664092429,
        "4,4": 0.0,
        "4,5": 73.25599686406835,
        "4,6": 22.435678264764068,
        "4,7": 70.48792349911979,
        "4,8": 34.872368723540525,
        "4,9": 42.64236179716838,
        "4,10": 73.20363856790183,
        "4,11": 18.697250187809203,
        "4,12": 73.45238708824228,
        "4,13": 34.43882216833092,
        "4,14": 64.92686206595513,
        "4,15": 38.28418301207386,
        "4,16": 39.28930021984655,
        "4,17": 9.463149711625736,
        "4,18": 22.960705809925184,
        "4,19": 2.9600571919357597,
        "4,20": 44.889993067945696,
        "4,21": 58.30178669875624,
        "4,22": 72.11869434239978,
        "4,23": 58.83411406527963,
        "4,24": 31.595316461200774,
        "4,25": 39.82070347757444,
        "4,26": 42.13949865446293,
        "4,27": 34.33366793833383,
        "4,28": 30.075610939337732,
        "4,29": 51.08965619031725,
        "4,30": 3.7004525108176147,
        "5,0": 64.57066537024798,
        "5,1": 88.25858126019685,
        "5,2": 78.29962740328638,
        "5,3": 35.717781600246575,
        "5,4": 73.25599686406835,
        "5,5": 0.0,
        "5,6": 63.3187674360051,
        "5,7": 17.29141152613669,
        "5,8": 107.1410639419413,
        "5,9": 65.96333608128097,
        "5,10": 68.30466723062595,
        "5,11": 55.35927897490543,
        "5,12": 60.741098855771405,
        "5,13": 70.13422582123968,
        "5,14": 90.20717199112647,
        "5,15": 39.45770266332084,
        "5,16": 92.46940628053268,
        "5,17": 79.67003895757762,
        "5,18": 86.6853071280749,
        "5,19": 70.91318852540788,
        "5,20": 99.0290319468535,
        "5,21": 86.7265396467309,
        "5,22": 78.13808728188587,
        "5,23": 100.67043430931489,
        "5,24": 103.7550419076608,
        "5,25": 79.00064595010655,
        "5,26": 38.0332118795831,
        "5,27": 63.75048975209053,
        "5,28": 44.95598597775894,
        "5,29": 80.87552460979747,
        "5,30": 76.06503979421944,
        "6,0": 5.020440747439183,
        "6,1": 60.878302493482074,
        "6,2": 30.951419337083834,
        "6,3": 45.516909644990285,
        "6,4": 22.435678264764068,
        "6,5": 63.3187674360051,
        "6,6": 0.0,
        "6,7": 55.832004866353735,
        "6,8": 46.90504227716135,
        "6,9": 20.607803580271263,
        "6,10": 50.767984898795916,
        "6,11": 23.81649821562635,
        "6,12": 51.231089040720576,
        "6,13": 14.172695864946828,
        "6,14": 45.76603420321473,
        "6,15": 23.943071829476033,
        "6,16": 30.631290907860837,
        "6,17": 31.867792020872567,
        "6,18": 23.816259340660647,
        "6,19": 19.65224806463383,
        "6,20": 37.35413799399015,
        "6,21": 39.40951360065075,
        "6,22": 50.127063957167664,
        "6,23": 45.16731247998872,
        "6,24": 43.60748404482334,
        "6,25": 22.443975575618854,
        "6,26": 26.271241455570514,
        "6,27": 48.54776940109919,
        "6,28": 31.065185354545985,
        "6,29": 31.77766123154668,
        "6,30": 22.28455829375765,
        "7,0": 55.81133714955173,
        "7,1": 71.55362906835913,
        "7,2": 76.96528893619214,
        "7,3": 19.182191182451625,
        "7,4": 70.48792349911979,
        "7,5": 17.29141152613669,
        "7,6": 55.832004866353735,
        "7,7": 0.0,
        "7,8": 102.13929143468128,
        "7,9": 53.606655368243786,
        "7,10": 51.50604347268429,
        "7,11": 54.72848258661963,
        "7,12": 43.70350862230023,
        "7,13": 59.528338861900544,
        "7,14": 75.49532868842815,
        "7,15": 32.6944121755168,
        "7,16": 82.42593559572765,
        "7,17": 78.31060493010382,
        "7,18": 79.63819555973475,
        "7,19": 67.7798447772536,
        "7,20": 88.67937626936752,
        "7,21": 72.70891877965455,
        "7,22": 61.837065580187485,
        "7,23": 87.85357751795416,
        "7,24": 98.76939261417583,
        "7,25": 67.64066310812927,
        "7,26": 29.62669309800268,
        "7,27": 69.42880586638991,
        "7,28": 46.510504043542625,
        "7,29": 67.59480199724076,
        "7,30": 72.66394415248912,
        "8,0": 48.466364442149185,
        "8,1": 92.15461631815515,
        "8,2": 33.37729653412652,
        "8,3": 92.29334653840368,
        "8,4": 34.872368723540525,
        "8,5": 107.1410639419413,
        "8,6": 46.90504227716135,
        "8,7": 102.13929143468128,
        "8,8": 0.0,
        "8,9": 59.755476578194475,
        "8,10": 90.20592719900722,
        "8,11": 53.562034762258286,
        "8,12": 93.4653930710847,
        "8,13": 49.98806277744587,
        "8,14": 69.37694238917507,
        "8,15": 69.49435296987961,
        "8,16": 35.51890696781911,
        "8,17": 32.299809591537986,
        "8,18": 24.56270719027132,
        "8,19": 36.70840373863297,
        "8,20": 35.97357112930076,
        "8,21": 63.517935074872625,
        "8,22": 84.56669149444295,
        "8,23": 54.07160998936769,
        "8,24": 3.3904227826630935,
        "8,25": 48.36704253390007,
        "8,26": 72.57150123116867,
        "8,27": 64.19811717981713,
        "8,28": 64.94402250086608,
        "8,29": 59.01796832391474,
        "8,30": 31.556291336811064,
        "9,0": 15.785179875759354,
        "9,1": 40.29711317730333,
        "9,2": 51.11014777270406,
        "9,3": 37.56701801847463,
        "9,4": 42.64236179716838,
        "9,5": 65.96333608128097,
        "9,6": 20.607803580271263,
        "9,7": 53.606655368243786,
        "9,8": 59.755476578194475,
        "9,9": 0.0,
        "9,10": 31.407144996189523,
        "9,11": 42.722992018140744,
        "9,12": 33.738892243793806,
        "9,13": 9.821477707191445,
        "9,14": 27.83418972524395,
        "9,15": 30.03897158504011,
        "9,16": 30.539719741092682,
        "9,17": 51.90559064265161,
        "9,18": 35.27251556304119,
        "9,19": 40.00449327738752,
        "9,20": 36.08615231170279,
        "9,21": 22.4691859217905,
        "9,22": 29.539383070868347,
        "9,23": 34.70743422547484,
        "9,24": 56.858792573572295,
        "9,25": 14.567208983466182,
        "9,26": 29.228024761925386,
        "9,27": 67.91340034633633,
        "9,28": 46.953995973633084,
        "9,29": 15.438327637629246,
        "9,30": 41.86459245972019,
        "10,0": 46.47068764392768,
        "10,1": 20.066775795859794,
        "10,2": 81.7193638665211,
        "10,3": 32.58913789588941,
        "10,4": 73.20363856790183,
        "10,5": 68.30466723062595,
        "10,6": 50.767984898795916,
        "10,7": 51.50604347268429,
        "10,8": 90.20592719900722,
        "10,9": 31.407144996189523,
        "10,10": 0.0,
        "10,11": 69.13231240624593,
        "10,12": 8.550883323532945,
        "10,13": 41.06506819795605,
        "10,14": 31.724948297892546,
        "10,15": 47.69006014924973,
        "10,16": 57.2652714659471,
        "10,17": 82.62671944709605,
        "10,18": 66.10953770786757,
        "10,19": 70.40511815508081,
        "10,20": 60.84861911268705,
        "10,21": 32.980903198807795,
        "10,22": 11.985295911478456,
        "10,23": 50.32811663834054,
        "10,24": 87.50232251259955,
        "10,25": 42.05405470104673,
        "10,26": 44.207212567916955,
        "10,27": 93.51285369070706,
        "10,28": 69.45130468080684,
        "10,29": 33.1856742594588,
        "10,30": 72.83593618712905,
        "11,0": 28.637015334742664,
        "11,1": 82.44059569653679,
        "11,2": 22.94333283070244,
        "11,3": 52.62253851900223,
        "11,4": 18.697250187809203,
        "11,5": 55.35927897490543,
        "11,6": 23.81649821562635,
        "11,7": 54.72848258661963,
        "11,8": 53.562034762258286,
        "11,9": 42.722992018140744,
        "11,10": 69.13231240624593,
        "11,11": 0.0,
        "11,12": 67.21819807979692,
        "11,13": 37.92614352239133,
        "11,14": 69.36541408256171,
        "11,15": 25.18814784112946,
        "11,16": 51.503025216278154,
        "11,17": 24.314124093598974,
        "11,18": 38.29248640336728,
        "11,19": 17.01412446340091,
        "11,20": 57.93188452076306,
        "11,21": 63.11620018385347,
        "11,22": 71.15510558279148,
        "11,23": 68.41470311300536,
        "11,24": 50.2703582547828,
        "11,25": 46.16512588225034,
        "11,26": 29.516175178568872,
        "11,27": 25.19270399906272,
        "11,28": 11.382642127361867,
        "11,29": 55.46596711248908,
        "11,30": 22.05878907113545,
        "12,0": 47.44916845677569,
        "12,1": 28.28325004107554,
        "12,2": 81.90499081987484,
        "12,3": 25.23290705667701,
        "12,4": 73.45238708824228,
        "12,5": 60.741098855771405,
        "12,6": 51.231089040720576,
        "12,7": 43.70350862230023,
        "12,8": 93.4653930710847,
        "12,9": 33.738892243793806,
        "12,10": 8.550883323532945,
        "12,11": 67.21819807979692,
        "12,12": 0.0,
        "12,13": 43.55296131452194,
        "12,14": 39.40785068034334,
        "12,15": 44.09315214302115,
        "12,16": 62.047050386071355,
        "12,17": 82.91405378937233,
        "12,18": 69.01074587954396,
        "12,19": 70.55916846601555,
        "12,20": 66.24245586176892,
        "12,21": 39.84680223914942,
        "12,22": 20.43461950001016,
        "12,23": 57.25688253859358,
        "12,24": 90.59273847445398,
        "12,25": 46.21687839093105,
        "12,26": 40.21468915465531,
        "12,27": 90.80900074080542,
        "12,28": 66.17418679804055,
        "12,29": 38.82401477103197,
        "12,30": 73.51564666163716,
        "13,0": 9.294161423441928,
        "13,1": 48.116002353649726,
        "13,2": 42.72851381626077,
        "13,3": 45.196065335733266,
        "13,4": 34.43882216833092,
        "13,5": 70.13422582123968,
        "13,6": 14.172695864946828,
        "13,7": 59.528338861900544,
        "13,8": 49.98806277744587,
        "13,9": 9.821477707191445,
        "13,10": 41.06506819795605,
        "13,11": 37.92614352239133,
        "13,12": 43.55296131452194,
        "13,13": 0.0,
        "13,14": 31.616395257500194,
        "13,15": 31.636135421529353,
        "13,16": 22.916702789727175,
        "13,17": 43.40069090664447,
        "13,18": 25.47007012323966,
        "13,19": 32.03215227665262,
        "13,20": 29.172988819797315,
        "13,21": 25.236887019653487,
        "13,22": 38.04977660587901,
        "13,23": 32.50542465892889,
        "13,24": 47.0629615289523,
        "13,25": 9.371321942202439,
        "13,26": 32.17196028379043,
        "13,27": 62.717782242353564,
        "13,28": 44.287517442541684,
        "13,29": 17.609160060193176,
        "13,30": 33.189547329354106,
        "14,0": 40.80447828584247,
        "14,1": 23.75045213325247,
        "14,2": 72.7377113120769,
        "14,3": 56.83546521041289,
        "14,4": 64.92686206595513,
        "14,5": 90.20717199112647,
        "14,6": 45.76603420321473,
        "14,7": 75.49532868842815,
        "14,8": 69.37694238917507,
        "14,9": 27.83418972524395,
        "14,10": 31.724948297892546,
        "14,11": 69.36541408256171,
        "14,12": 39.40785068034334,
        "14,13": 31.616395257500194,
        "14,14": 0.0,
        "14,15": 57.4558194220865,
        "14,16": 33.85824001224198,
        "14,17": 73.18022624887398,
        "14,18": 48.76921808396496,
        "14,19": 62.84245442659988,
        "14,20": 34.66286836095757,
        "14,21": 6.636377456517542,
        "14,22": 20.629653824630886,
        "14,23": 19.719531548191227,
        "14,24": 67.43294870810435,
        "14,25": 25.153310962504165,
        "14,26": 56.01210811241015,
        "14,27": 94.30627049209477,
        "14,28": 74.61649473378003,
        "14,29": 14.032913829092298,
        "14,30": 62.998420833104,
        "15,0": 25.18022236910066,
        "15,1": 64.16506643647617,
        "15,2": 45.41680451881814,
        "15,3": 27.446564360922938,
        "15,4": 38.28418301207386,
        "15,5": 39.45770266332084,
        "15,6": 23.943071829476033,
        "15,7": 32.6944121755168,
        "15,8": 69.49435296987961,
        "15,9": 30.03897158504011,
        "15,10": 47.69006014924973,
        "15,11": 25.18814784112946,
        "15,12": 44.09315214302115,
        "15,13": 31.636135421529353,
        "15,14": 57.4558194220865,
        "15,15": 0.0,
        "15,16": 53.250495331139724,
        "15,17": 46.711253456655214,
        "15,18": 47.601081631295735,
        "15,19": 35.46557559075994,
        "15,20": 59.89098180950767,
        "15,21": 52.46264893481312,
        "15,22": 52.65485782973632,
        "15,23": 63.68681191002174,
        "15,24": 66.11738095843143,
        "15,25": 40.90691377383395,
        "15,26": 4.336519047854191,
        "15,27": 46.927887686038126,
        "15,28": 22.093051297497652,
        "15,29": 45.44616812547573,
        "15,30": 40.1862330519939,
        "16,0": 28.133872911663943,
        "16,1": 56.82859821626258,
        "16,2": 45.21323032344484,
        "16,3": 67.81393488358135,
        "16,4": 39.28930021984655,
        "16,5": 92.46940628053268,
        "16,6": 30.631290907860837,
        "16,7": 82.42593559572765,
        "16,8": 35.51890696781911,
        "16,9": 30.539719741092682,
        "16,10": 57.2652714659471,
        "16,11": 51.503025216278154,
        "16,12": 62.047050386071355,
        "16,13": 22.916702789727175,
        "16,14": 33.85824001224198,
        "16,15": 53.250495331139724,
        "16,16": 0.0,
        "16,17": 45.1986787551535,
        "16,18": 17.540193669187992,
        "16,19": 38.35772534263042,
        "16,20": 6.724787093317985,
        "16,21": 28.078979935998774,
        "16,22": 50.02875299476965,
        "16,23": 20.620542866745343,
        "16,24": 33.624092386359735,
        "16,25": 16.157936439484985,
        "16,26": 54.45234420820701,
        "16,27": 73.15220755793325,
        "16,28": 60.79586702859367,
        "16,29": 24.426025880610496,
        "16,30": 36.20035868085447,
        "17,0": 36.248314424897224,
        "17,1": 91.51603627428749,
        "17,2": 1.3709130845957471,
        "17,3": 73.44131239148479,
        "17,4": 9.463149711625736,
        "17,5": 79.67003895757762,
        "17,6": 31.867792020872567,
        "17,7": 78.31060493010382,
        "17,8": 32.299809591537986,
        "17,9": 51.90559064265161,
        "17,10": 82.62671944709605,
        "17,11": 24.314124093598974,
        "17,12": 82.91405378937233,
        "17,13": 43.40069090664447,
        "17,14": 73.18022624887398,
        "17,15": 46.711253456655214,
        "17,16": 45.1986787551535,
        "17,17": 0.0,
        "17,18": 27.817916016228892,
        "17,19": 12.365012804089348,
        "17,20": 50.08164740442612,
        "17,21": 66.54436273995664,
        "17,22": 81.29525565326043,
        "17,23": 65.46415310299437,
        "17,24": 29.40350844888892,
        "17,25": 48.03400353551074,
        "17,26": 50.73508336341216,
        "17,27": 32.2710492585733,
        "17,28": 35.09798404951477,
        "17,29": 59.54688756731811,
        "17,30": 10.253198803239597,
        "18,0": 24.410122194975443,
        "18,1": 70.01505714095678,
        "18,2": 27.93639500390621,
        "18,3": 68.34059393623197,
        "18,4": 22.960705809925184,
        "18,5": 86.6853071280749,
        "18,6": 23.816259340660647,
        "18,7": 79.63819555973475,
        "18,8": 24.56270719027132,
        "18,9": 35.27251556304119,
        "18,10": 66.10953770786757,
        "18,11": 38.29248640336728,
        "18,12": 69.01074587954396,
        "18,13": 25.47007012323966,
        "18,14": 48.76921808396496,
        "18,15": 47.601081631295735,
        "18,16": 17.540193669187992,
        "18,17": 27.817916016228892,
        "18,18": 0.0,
        "18,19": 22.73011913162604,
        "18,20": 22.293134486111533,
        "18,21": 42.34455964077044,
        "18,22": 61.411972516159,
        "18,23": 38.094282572851114,
        "18,24": 21.593949847601394,
        "18,25": 25.0955009461836,
        "18,26": 50.08572667962607,
        "18,27": 57.29318899239376,
        "18,28": 48.92004189645297,
        "18,29": 36.5573852893219,
        "18,30": 19.515486670859893,
        "19,0": 24.233240558571953,
        "19,1": 80.00289834246603,
        "19,2": 11.351493803649559,
        "19,3": 61.587362675137534,
        "19,4": 2.9600571919357597,
        "19,5": 70.91318852540788,
        "19,6": 19.65224806463383,
        "19,7": 67.7798447772536,
        "19,8": 36.70840373863297,
        "19,9": 40.00449327738752,
        "19,10": 70.40511815508081,
        "19,11": 17.01412446340091,
        "19,12": 70.55916846601555,
        "19,13": 32.03215227665262,
        "19,14": 62.84245442659988,
        "19,15": 35.46557559075994,
        "19,16": 38.35772534263042,
        "19,17": 12.365012804089348,
        "19,18": 22.73011913162604,
        "19,19": 0.0,
        "19,20": 44.19995267118855,
        "19,21": 56.23492005641143,
        "19,22": 69.52046364169831,
        "19,23": 57.49247736947353,
        "19,24": 33.37938515251191,
        "19,25": 37.825887747177354,
        "19,26": 39.27744518068814,
        "19,27": 34.839289891733294,
        "19,28": 28.36141023069027,
        "19,29": 48.92922787658529,
        "19,30": 5.178687515116248,
        "20,0": 34.81831697416507,
        "20,1": 58.27614679091969,
        "20,2": 50.22706481408593,
        "20,3": 73.60558533709283,
        "20,4": 44.889993067945696,
        "20,5": 99.0290319468535,
        "20,6": 37.35413799399015,
        "20,7": 88.67937626936752,
        "20,8": 35.97357112930076,
        "20,9": 36.08615231170279,
        "20,10": 60.84861911268705,
        "20,11": 57.93188452076306,
        "20,12": 66.24245586176892,
        "20,13": 29.172988819797315,
        "20,14": 34.66286836095757,
        "20,15": 59.89098180950767,
        "20,16": 6.724787093317985,
        "20,17": 50.08164740442612,
        "20,18": 22.293134486111533,
        "20,19": 44.19995267118855,
        "20,20": 0.0,
        "20,21": 29.693686867203528,
        "20,22": 52.619983345860064,
        "20,23": 18.11497657614455,
        "20,24": 34.648964907573806,
        "20,25": 21.518960334624605,
        "20,26": 60.997282467864984,
        "20,27": 79.03809807946529,
        "20,28": 67.40126721376708,
        "20,29": 27.663149986001436,
        "20,30": 41.62092543515933,
        "21,0": 34.492018678359,
        "21,1": 28.77782514742846,
        "21,2": 66.10146168751898,
        "21,3": 54.55820856158186,
        "21,4": 58.30178669875624,
        "21,5": 86.7265396467309,
        "21,6": 39.40951360065075,
        "21,7": 72.70891877965455,
        "21,8": 63.517935074872625,
        "21,9": 22.4691859217905,
        "21,10": 32.980903198807795,
        "21,11": 63.11620018385347,
        "21,12": 39.84680223914942,
        "21,13": 25.236887019653487,
        "21,14": 6.636377456517542,
        "21,15": 52.46264893481312,
        "21,16": 28.078979935998774,
        "21,17": 66.54436273995664,
        "21,18": 42.34455964077044,
        "21,19": 56.23492005641143,
        "21,20": 29.693686867203528,
        "21,21": 0.0,
        "21,22": 23.271883780483808,
        "21,23": 17.415875407913024,
        "21,24": 61.44880948662156,
        "21,25": 18.517178038349766,
        "21,26": 51.367261049147864,
        "21,27": 87.95309862847166,
        "21,28": 68.75656471180167,
        "21,29": 7.651813747021717,
        "21,30": 56.36217342897692,
        "22,0": 45.32254532668675,
        "22,1": 11.526832556481324,
        "22,2": 80.5474133425941,
        "22,3": 42.66315373601084,
        "22,4": 72.11869434239978,
        "22,5": 78.13808728188587,
        "22,6": 50.127063957167664,
        "22,7": 61.837065580187485,
        "22,8": 84.56669149444295,
        "22,9": 29.539383070868347,
        "22,10": 11.985295911478456,
        "22,11": 71.15510558279148,
        "22,12": 20.43461950001016,
        "22,13": 38.04977660587901,
        "22,14": 20.629653824630886,
        "22,15": 52.65485782973632,
        "22,16": 50.02875299476965,
        "22,17": 81.29525565326043,
        "22,18": 61.411972516159,
        "22,19": 69.52046364169831,
        "22,20": 52.619983345860064,
        "22,21": 23.271883780483808,
        "22,22": 0.0,
        "22,23": 40.02934351238212,
        "22,24": 82.13644009277607,
        "22,25": 36.38158221114479,
        "22,26": 49.826911358790724,
        "22,27": 96.19448445638837,
        "22,28": 73.33127681127763,
        "22,29": 25.664159282093348,
        "22,30": 71.15192083646708,
        "23,0": 41.06529317854737,
        "23,1": 43.12114046096697,
        "23,2": 65.37626121214504,
        "23,3": 70.50215939379234,
        "23,4": 58.83411406527963,
        "23,5": 100.67043430931489,
        "23,6": 45.16731247998872,
        "23,7": 87.85357751795416,
        "23,8": 54.07160998936769,
        "23,9": 34.70743422547484,
        "23,10": 50.32811663834054,
        "23,11": 68.41470311300536,
        "23,12": 57.25688253859358,
        "23,13": 32.50542465892889,
        "23,14": 19.719531548191227,
        "23,15": 63.68681191002174,
        "23,16": 20.620542866745343,
        "23,17": 65.46415310299437,
        "23,18": 38.094282572851114,
        "23,19": 57.49247736947353,
        "23,20": 18.11497657614455,
        "23,21": 17.415875407913024,
        "23,22": 40.02934351238212,
        "23,23": 0.0,
        "23,24": 52.756487665872335,
        "23,25": 23.167676716659074,
        "23,26": 63.55401208930657,
        "23,27": 91.7391060095119,
        "23,28": 76.2060301728189,
        "23,29": 20.360958033544602,
        "23,30": 56.03832149387743,
        "24,0": 45.267713241655926,
        "24,1": 89.96835912712156,
        "24,2": 30.43281989605952,
        "24,3": 89.03796515053837,
        "24,4": 31.595316461200774,
        "24,5": 103.7550419076608,
        "24,6": 43.60748404482334,
        "24,7": 98.76939261417583,
        "24,8": 3.3904227826630935,
        "24,9": 56.858792573572295,
        "24,10": 87.50232251259955,
        "24,11": 50.2703582547828,
        "24,12": 90.59273847445398,
        "24,13": 47.0629615289523,
        "24,14": 67.43294870810435,
        "24,15": 66.11738095843143,
        "24,16": 33.624092386359735,
        "24,17": 29.40350844888892,
        "24,18": 21.593949847601394,
        "24,19": 33.37938515251191,
        "24,20": 34.648964907573806,
        "24,21": 61.44880948662156,
        "24,22": 82.13644009277607,
        "24,23": 52.756487665872335,
        "24,24": 0.0,
        "24,25": 45.827574228064236,
        "24,26": 69.21105403461291,
        "24,27": 61.48310015150832,
        "24,28": 61.652931705895384,
        "24,29": 56.68767799092864,
        "24,30": 28.239278858837245,
        "25,0": 18.02829724900185,
        "25,1": 44.99377067302705,
        "25,2": 47.58444069519766,
        "25,3": 52.107974018161926,
        "25,4": 39.82070347757444,
        "25,5": 79.00064595010655,
        "25,6": 22.443975575618854,
        "25,7": 67.64066310812927,
        "25,8": 48.36704253390007,
        "25,9": 14.567208983466182,
        "25,10": 42.05405470104673,
        "25,11": 46.16512588225034,
        "25,12": 46.21687839093105,
        "25,13": 9.371321942202439,
        "25,14": 25.153310962504165,
        "25,15": 40.90691377383395,
        "25,16": 16.157936439484985,
        "25,17": 48.03400353551074,
        "25,18": 25.0955009461836,
        "25,19": 37.825887747177354,
        "25,20": 21.518960334624605,
        "25,21": 18.517178038349766,
        "25,22": 36.38158221114479,
        "25,23": 23.167676716659074,
        "25,24": 45.827574228064236,
        "25,25": 0.0,
        "25,26": 41.21384539045807,
        "25,27": 70.4344976600672,
        "25,28": 53.2601748481627,
        "25,29": 11.712878419980772,
        "25,30": 37.84515352378764,
        "26,0": 26.758914059957693,
        "26,1": 61.28241038289803,
        "26,2": 49.45635761076485,
        "26,3": 23.141615445235523,
        "26,4": 42.13949865446293,
        "26,5": 38.0332118795831,
        "26,6": 26.271241455570514,
        "26,7": 29.62669309800268,
        "26,8": 72.57150123116867,
        "26,9": 29.228024761925386,
        "26,10": 44.207212567916955,
        "26,11": 29.516175178568872,
        "26,12": 40.21468915465531,
        "26,13": 32.17196028379043,
        "26,14": 56.01210811241015,
        "26,15": 4.336519047854191,
        "26,16": 54.45234420820701,
        "26,17": 50.73508336341216,
        "26,18": 50.08572667962607,
        "26,19": 39.27744518068814,
        "26,20": 60.997282467864984,
        "26,21": 51.367261049147864,
        "26,22": 49.826911358790724,
        "26,23": 63.55401208930657,
        "26,24": 69.21105403461291,
        "26,25": 41.21384539045807,
        "26,26": 0.0,
        "26,27": 51.08127562461428,
        "26,28": 26.14062935446233,
        "26,29": 44.644519134927904,
        "26,30": 43.87400206461725,
        "27,0": 53.50259471146883,
        "27,1": 107.5410863225192,
        "27,2": 31.43123660596621,
        "27,3": 72.88624172295488,
        "27,4": 34.33366793833383,
        "27,5": 63.75048975209053,
        "27,6": 48.54776940109919,
        "27,7": 69.42880586638991,
        "27,8": 64.19811717981713,
        "27,9": 67.91340034633633,
        "27,10": 93.51285369070706,
        "27,11": 25.19270399906272,
        "27,12": 90.80900074080542,
        "27,13": 62.717782242353564,
        "27,14": 94.30627049209477,
        "27,15": 46.927887686038126,
        "27,16": 73.15220755793325,
        "27,17": 32.2710492585733,
        "27,18": 57.29318899239376,
        "27,19": 34.839289891733294,
        "27,20": 79.03809807946529,
        "27,21": 87.95309862847166,
        "27,22": 96.19448445638837,
        "27,23": 91.7391060095119,
        "27,24": 61.48310015150832,
        "27,25": 70.4344976600672,
        "27,26": 51.08127562461428,
        "27,27": 0.0,
        "27,28": 25.02711021428031,
        "27,29": 80.32527647837303,
        "27,30": 37.85361341696861,
        "28,0": 35.23225104865185,
        "28,1": 84.836387462501,
        "28,2": 33.740581023112725,
        "28,3": 47.946341021334725,
        "28,4": 30.075610939337732,
        "28,5": 44.95598597775894,
        "28,6": 31.065185354545985,
        "28,7": 46.510504043542625,
        "28,8": 64.94402250086608,
        "28,9": 46.953995973633084,
        "28,10": 69.45130468080684,
        "28,11": 11.382642127361867,
        "28,12": 66.17418679804055,
        "28,13": 44.287517442541684,
        "28,14": 74.61649473378003,
        "28,15": 22.093051297497652,
        "28,16": 60.79586702859367,
        "28,17": 35.09798404951477,
        "28,18": 48.92004189645297,
        "28,19": 28.36141023069027,
        "28,20": 67.40126721376708,
        "28,21": 68.75656471180167,
        "28,22": 73.33127681127763,
        "28,23": 76.2060301728189,
        "28,24": 61.652931705895384,
        "28,25": 53.2601748481627,
        "28,26": 26.14062935446233,
        "28,27": 25.02711021428031,
        "28,28": 0.0,
        "28,29": 61.17867016999341,
        "28,30": 33.43499478719581,
        "29,0": 26.847090661577685,
        "29,1": 33.47007803833534,
        "29,2": 59.041953739940524,
        "29,3": 50.14490681755952,
        "29,4": 51.08965619031725,
        "29,5": 80.87552460979747,
        "29,6": 31.77766123154668,
        "29,7": 67.59480199724076,
        "29,8": 59.01796832391474,
        "29,9": 15.438327637629246,
        "29,10": 33.1856742594588,
        "29,11": 55.46596711248908,
        "29,12": 38.82401477103197,
        "29,13": 17.609160060193176,
        "29,14": 14.032913829092298,
        "29,15": 45.44616812547573,
        "29,16": 24.426025880610496,
        "29,17": 59.54688756731811,
        "29,18": 36.5573852893219,
        "29,19": 48.92922787658529,
        "29,20": 27.663149986001436,
        "29,21": 7.651813747021717,
        "29,22": 25.664159282093348,
        "29,23": 20.360958033544602,
        "29,24": 56.68767799092864,
        "29,25": 11.712878419980772,
        "29,26": 44.644519134927904,
        "29,27": 80.32527647837303,
        "29,28": 61.17867016999341,
        "29,29": 0.0,
        "29,30": 49.31534004402753,
        "30,0": 26.36564058489617,
        "30,1": 81.29547324337712,
        "30,2": 9.739290484106112,
        "30,3": 65.83308939670603,
        "30,4": 3.7004525108176147,
        "30,5": 76.06503979421944,
        "30,6": 22.28455829375765,
        "30,7": 72.66394415248912,
        "30,8": 31.556291336811064,
        "30,9": 41.86459245972019,
        "30,10": 72.83593618712905,
        "30,11": 22.05878907113545,
        "30,12": 73.51564666163716,
        "30,13": 33.189547329354106,
        "30,14": 62.998420833104,
        "30,15": 40.1862330519939,
        "30,16": 36.20035868085447,
        "30,17": 10.253198803239597,
        "30,18": 19.515486670859893,
        "30,19": 5.178687515116248,
        "30,20": 41.62092543515933,
        "30,21": 56.36217342897692,
        "30,22": 71.15192083646708,
        "30,23": 56.03832149387743,
        "30,24": 28.239278858837245,
        "30,25": 37.84515352378764,
        "30,26": 43.87400206461725,
        "30,27": 37.85361341696861,
        "30,28": 33.43499478719581,
        "30,29": 49.31534004402753,
        "30,30": 0.0
    }
}