{
    "num_robots": 5,
    "num_tasks": 40,
    "num_nodes": 41,
    "robot_capacity": [
        132,
        147,
        106,
        114,
        101
    ],
    "robot_speed": [
        0.84,
        1.11,
        1.13,
        1.09,
        1.18
    ],
    "task_demand": {
        "0": 0,
        "1": 10,
        "2": 11,
        "3": 5,
        "4": 13,
        "5": 7,
        "6": 13,
        "7": 13,
        "8": 9,
        "9": 9,
        "10": 9,
        "11": 6,
        "12": 12,
        "13": 10,
        "14": 8,
        "15": 6,
        "16": 11,
        "17": 12,
        "18": 11,
        "19": 10,
        "20": 6,
        "21": 13,
        "22": 15,
        "23": 9,
        "24": 12,
        "25": 10,
        "26": 6,
        "27": 15,
        "28": 12,
        "29": 9,
        "30": 14,
        "31": 5,
        "32": 9,
        "33": 7,
        "34": 10,
        "35": 12,
        "36": 15,
        "37": 11,
        "38": 5,
        "39": 12,
        "40": 15
    },
    "task_service_time": {
        "0": 0,
        "1": 56,
        "2": 18,
        "3": 27,
        "4": 95,
        "5": 99,
        "6": 57,
        "7": 80,
        "8": 75,
        "9": 91,
        "10": 100,
        "11": 67,
        "12": 23,
        "13": 21,
        "14": 82,
        "15": 29,
        "16": 31,
        "17": 30,
        "18": 16,
        "19": 11,
        "20": 71,
        "21": 29,
        "22": 37,
        "23": 26,
        "24": 28,
        "25": 98,
        "26": 93,
        "27": 65,
        "28": 30,
        "29": 18,
        "30": 64,
        "31": 87,
        "32": 49,
        "33": 50,
        "34": 63,
        "35": 93,
        "36": 32,
        "37": 32,
        "38": 17,
        "39": 62,
        "40": 62
    },
    "task_precedence": [],
    "coordinates": {
        "0": [
            100,
            0
        ],
        "1": [
            77.58916466474408,
            71.31302770608437
        ],
        "2": [
            59.69593827675341,
            47.49579074154633
        ],
        "3": [
            94.93528243992704,
            59.31118157440073
        ],
        "4": [
            12.481020529730591,
            95.29468300180308
        ],
        "5": [
            14.465018414326936,
            12.592756001941485
        ],
        "6": [
            69.31132597085835,
            72.11467728891124
        ],
        "7": [
            30.097594987864696,
            48.31811921012028
        ],
        "8": [
            45.523647117189135,
            45.469825573879454
        ],
        "9": [
            74.78612549861636,
            47.070593022074824
        ],
        "10": [
            19.076170739877107,
            22.028326343104876
        ],
        "11": [
            21.823292983989095,
            24.32572366192455
        ],
        "12": [
            90.0848678985254,
            45.913246977664045
        ],
        "13": [
            63.53273885230577,
            95.79201428872369
        ],
        "14": [
            31.92555208205561,
            43.84536301743407
        ],
        "15": [
            34.84133247506893,
            1.2597706258430819
        ],
        "16": [
            26.777894587522578,
            27.67251159733819
        ],
        "17": [
            67.77303856623153,
            10.751549252085779
        ],
        "18": [
            32.49115004711612,
            3.1401883364096994
        ],
        "19": [
            16.504366972777916,
            32.989623972723926
        ],
        "20": [
            64.21128239828397,
            92.11165318570642
        ],
        "21": [
            79.2481688851252,
            45.189977557534675
        ],
        "22": [
            32.675033251720386,
            87.91014112228167
        ],
        "23": [
            90.7273535305013,
            55.39418538999076
        ],
        "24": [
            66.68144766363991,
            75.08719928282319
        ],
        "25": [
            45.540563383825294,
            76.89663244996794
        ],
        "26": [
            99.55675203885454,
            40.879110888260136
        ],
        "27": [
            13.166023273182192,
            2.8098944645332247
        ],
        "28": [
            22.768336646793188,
            27.059497166861203
        ],
        "29": [
            86.81339392776295,
            16.82902052163279
        ],
        "30": [
            56.320918672880026,
            63.15500526126156
        ],
        "31": [
            3.81154707194834,
            83.81988898740322
        ],
        "32": [
            21.93518986445564,
            66.56835802898068
        ],
        "33": [
            57.78788656349014,
            30.267149593726337
        ],
        "34": [
            42.65703939983345,
            69.80152783479625
        ],
        "35": [
            38.57817123090409,
            60.723074831415424
        ],
        "36": [
            66.667597209368,
            17.10616996408629
        ],
        "37": [
            26.30045281378871,
            77.49626474355732
        ],
        "38": [
            6.0266887228453525,
            71.80649885918457
        ],
        "39": [
            35.69595595378663,
            29.03457663898702
        ],
        "40": [
            37.951489523439655,
            22.528247671777535
        ]
    },
    "distance_matrix_str_keys": {
        "0,0": 0.0,
        "0,1": 74.7515448738868,
        "0,2": 62.2917934366641,
        "0,3": 59.52703271384224,
        "0,4": 129.3856575356464,
        "0,5": 86.45698686969067,
        "0,6": 78.37296341309752,
        "0,7": 84.97639007679717,
        "0,8": 70.95898858588359,
        "0,9": 53.39831640437106,
        "0,10": 83.86842852706762,
        "0,11": 81.87391740684896,
        "0,12": 46.97165201077846,
        "0,13": 102.49863968416935,
        "0,14": 80.97250346545732,
        "0,15": 65.17084452156689,
        "0,16": 78.27671824457622,
        "0,17": 33.97311958848681,
        "0,18": 67.58184375073762,
        "0,19": 89.77658951240161,
        "0,20": 98.81998259552182,
        "0,21": 49.72698026495047,
        "0,22": 110.7286957378097,
        "0,23": 56.16491562861083,
        "0,24": 82.14751016268947,
        "0,25": 94.22803361365773,
        "0,26": 40.88151386347781,
        "0,27": 86.87942806611558,
        "0,28": 81.83487160878569,
        "0,29": 21.37995583302025,
        "0,30": 76.7881295196799,
        "0,31": 127.58523529998529,
        "0,32": 102.59366877236211,
        "0,33": 51.94191819047295,
        "0,34": 90.3353110276601,
        "0,35": 86.37090289166726,
        "0,36": 37.46558589742245,
        "0,37": 106.94528650041623,
        "0,38": 118.2673095610409,
        "0,39": 70.55506162779932,
        "0,40": 66.01166257200896,
        "1,0": 74.7515448738868,
        "1,1": 0.0,
        "1,2": 29.78973526563878,
        "1,3": 21.09341395884336,
        "1,4": 69.38436584295027,
        "1,5": 86.21327130350882,
        "1,6": 8.316565126038409,
        "1,7": 52.76566124963896,
        "1,8": 41.18335236522829,
        "1,9": 24.403947794881773,
        "1,10": 76.50328258636743,
        "1,11": 72.92214468632109,
        "1,12": 28.3070920505545,
        "1,13": 28.227714939995018,
        "1,14": 53.28825496814463,
        "1,15": 82.0660464776207,
        "1,16": 66.97969702154586,
        "1,17": 61.351845971543796,
        "1,18": 81.7396290068364,
        "1,19": 72.1112736177817,
        "1,20": 24.72954823236468,
        "1,21": 26.175676573240366,
        "1,22": 47.882599912039844,
        "1,23": 20.6402894203778,
        "1,24": 11.54221214788742,
        "1,25": 32.53136157616567,
        "1,26": 37.53396046133984,
        "1,27": 94.03733519547905,
        "1,28": 70.45351765355443,
        "1,29": 55.25932902571389,
        "1,30": 22.779192649887175,
        "1,31": 74.83019735894698,
        "1,32": 55.855857359957945,
        "1,33": 45.57252159424307,
        "1,34": 34.96481098739576,
        "1,35": 40.422824129231934,
        "1,36": 55.29614870805694,
        "1,37": 51.660085013401854,
        "1,38": 71.56417732856136,
        "1,39": 59.51897479571356,
        "1,40": 62.857776397223006,
        "2,0": 62.2917934366641,
        "2,1": 29.78973526563878,
        "2,2": 0.0,
        "2,3": 37.167389437297025,
        "2,4": 67.18617833428065,
        "2,5": 57.13193455183632,
        "2,6": 26.430006722283853,
        "2,7": 29.60976442927452,
        "2,8": 14.316367261706551,
        "2,9": 15.09617645271542,
        "2,10": 47.94327124462569,
        "2,11": 44.39807732262419,
        "2,12": 30.430108253530975,
        "2,13": 48.44838746104444,
        "2,14": 28.009283674732377,
        "2,15": 52.49305654747914,
        "2,16": 38.426032794907506,
        "2,17": 37.62152085870641,
        "2,18": 52.033834832174094,
        "2,19": 45.56249231584338,
        "2,20": 44.84376784093922,
        "2,21": 19.687724505450408,
        "2,22": 48.61531677433253,
        "2,23": 32.02082713911546,
        "2,24": 28.46195999375175,
        "2,25": 32.63103019401937,
        "2,26": 40.40624860164321,
        "2,27": 64.51249736539066,
        "2,28": 42.20532972518705,
        "2,29": 40.9366241488651,
        "2,30": 16.01879385912029,
        "2,31": 66.65212144940593,
        "2,32": 42.30410078929181,
        "2,33": 17.33397637995515,
        "2,34": 28.06902175372504,
        "2,35": 24.91828905436454,
        "2,36": 31.17904872298922,
        "2,37": 44.89194682403988,
        "2,38": 58.91857836761391,
        "2,39": 30.278962624952207,
        "2,40": 33.10889998967419,
        "3,0": 59.52703271384224,
        "3,1": 21.09341395884336,
        "3,2": 37.167389437297025,
        "3,3": 0.0,
        "3,4": 89.9639799149145,
        "3,5": 93.04877581311429,
        "3,6": 28.644661765156453,
        "3,7": 65.76300733905256,
        "3,8": 51.31367109455731,
        "3,9": 23.57584640162258,
        "3,10": 84.5258310939231,
        "3,11": 81.05149762682257,
        "3,12": 14.248900753457235,
        "3,13": 48.134923904612855,
        "3,14": 64.88002514956878,
        "3,15": 83.55386966201618,
        "3,16": 75.14276383511967,
        "3,17": 55.6401418360209,
        "3,18": 83.99077420546456,
        "3,19": 82.72987909814374,
        "3,20": 44.94257576600337,
        "3,21": 21.106727234869965,
        "3,22": 68.51451755795203,
        "3,23": 5.748871612365602,
        "3,24": 32.35988124672572,
        "3,25": 52.4317304037184,
        "3,26": 19.00261063729651,
        "3,27": 99.39118265595779,
        "3,28": 79.04580452011763,
        "3,29": 43.2515789390091,
        "3,30": 38.805206734013225,
        "3,31": 94.36213163377339,
        "3,32": 73.35993542881772,
        "3,33": 47.15384198657791,
        "3,34": 53.320371904386484,
        "3,35": 56.3747942470337,
        "3,36": 50.79689983966287,
        "3,37": 71.00307801552111,
        "3,38": 89.78235344875135,
        "3,39": 66.52796862182592,
        "3,40": 67.82430892853877,
        "4,0": 129.3856575356464,
        "4,1": 69.38436584295027,
        "4,2": 67.18617833428065,
        "4,3": 89.9639799149145,
        "4,4": 0.0,
        "4,5": 82.72572137549795,
        "4,6": 61.37586073841713,
        "4,7": 50.17111959397584,
        "4,8": 59.78571392490967,
        "4,9": 78.7876193291611,
        "4,10": 73.56259256126013,
        "4,11": 71.58122131114366,
        "4,12": 91.98306012655449,
        "4,13": 51.05414069491825,
        "4,14": 55.00111211733228,
        "4,15": 96.6568585039226,
        "4,16": 69.11699265216329,
        "4,17": 101.01855632888115,
        "4,18": 94.30194149823514,
        "4,19": 62.43482759820691,
        "4,20": 51.82809731988304,
        "4,21": 83.47654525175425,
        "4,22": 21.50185128276845,
        "4,23": 87.83244467585848,
        "4,24": 57.84486753162333,
        "4,25": 37.83413323745643,
        "4,26": 102.68026833960474,
        "4,27": 92.48732529131793,
        "4,28": 69.00630013862089,
        "4,29": 108.08405027309308,
        "4,30": 54.358951005952804,
        "4,31": 14.381608662041177,
        "4,32": 30.242074403946816,
        "4,33": 79.25460372079071,
        "4,34": 39.503076781662095,
        "4,35": 43.31578657033224,
        "4,36": 95.12953622985572,
        "4,37": 22.533539472287167,
        "4,38": 24.35884220136347,
        "4,39": 70.20922248504671,
        "4,40": 77.09538832769626,
        "5,0": 86.45698686969067,
        "5,1": 86.21327130350882,
        "5,2": 57.13193455183632,
        "5,3": 93.04877581311429,
        "5,4": 82.72572137549795,
        "5,5": 0.0,
        "5,6": 80.93810330294292,
        "5,7": 38.9958847403648,
        "5,8": 45.22764774493921,
        "5,9": 69.47918541161222,
        "5,10": 10.502033776010673,
        "5,11": 13.84943084580537,
        "5,12": 82.6354449063841,
        "5,13": 96.59067122890463,
        "5,14": 35.7993810173682,
        "5,15": 23.31589012319393,
        "5,16": 19.468075109608222,
        "5,17": 53.33980741258428,
        "5,18": 20.354175422111798,
        "5,19": 20.49856496344041,
        "5,20": 93.79736557965644,
        "5,21": 72.52196521100706,
        "5,22": 77.48750313272284,
        "5,23": 87.45230765984309,
        "5,24": 81.43777332746672,
        "5,25": 71.41903122693815,
        "5,26": 89.67006749179085,
        "5,27": 9.86872677891224,
        "5,28": 16.680278582877122,
        "5,29": 72.47229385436853,
        "5,30": 65.63884091462583,
        "5,31": 72.01944824123227,
        "5,32": 54.49008236069786,
        "5,33": 46.7894763115287,
        "5,34": 63.77800264880421,
        "5,35": 53.83281275748478,
        "5,36": 52.39732949727643,
        "5,37": 65.97380506228943,
        "5,38": 59.81197832496303,
        "5,39": 26.85304777237056,
        "5,40": 25.501535637693824,
        "6,0": 78.37296341309752,
        "6,1": 8.316565126038409,
        "6,2": 26.430006722283853,
        "6,3": 28.644661765156453,
        "6,4": 61.37586073841713,
        "6,5": 80.93810330294292,
        "6,6": 0.0,
        "6,7": 45.86930208760395,
        "6,8": 35.71836765812981,
        "6,9": 25.635514167528267,
        "6,10": 70.93809535184364,
        "6,11": 67.3713393493425,
        "6,12": 33.43732935770565,
        "6,13": 24.372286648761325,
        "6,14": 46.87056878942507,
        "6,15": 78.79465876461339,
        "6,16": 61.515842484665406,
        "6,17": 61.38240636047978,
        "6,18": 78.18699048635959,
        "6,19": 65.72172179439191,
        "6,20": 20.637090140307198,
        "6,21": 28.699831057474963,
        "6,22": 39.89629834851442,
        "6,23": 27.170224249668088,
        "6,24": 3.968897443254032,
        "6,25": 24.246984330663622,
        "6,26": 43.4792640968555,
        "6,27": 89.1933177841697,
        "6,28": 64.77823022474769,
        "6,29": 57.98988038405864,
        "6,30": 15.78057047797755,
        "6,31": 66.53745574270638,
        "6,32": 47.69968479670983,
        "6,33": 43.40512907450632,
        "6,34": 26.754469776233478,
        "6,35": 32.776445915010335,
        "6,36": 55.07199996250046,
        "6,37": 43.34624197396514,
        "6,38": 63.285387614813125,
        "6,39": 54.64328113677148,
        "6,40": 58.67071964944528,
        "7,0": 84.97639007679717,
        "7,1": 52.76566124963896,
        "7,2": 29.60976442927452,
        "7,3": 65.76300733905256,
        "7,4": 50.17111959397584,
        "7,5": 38.9958847403648,
        "7,6": 45.86930208760395,
        "7,7": 0.0,
        "7,8": 15.686805313220567,
        "7,9": 44.70594010643598,
        "7,10": 28.506578213540518,
        "7,11": 25.37910789985381,
        "7,12": 60.0354588698423,
        "7,13": 58.06616535617034,
        "7,14": 4.831870765802388,
        "7,15": 47.296841510050655,
        "7,16": 20.91079923027806,
        "7,17": 53.20419369973201,
        "7,18": 45.241292464422806,
        "7,19": 20.48752337675354,
        "7,20": 55.51231653251931,
        "7,21": 49.25001710282653,
        "7,22": 39.67582875123159,
        "7,23": 61.04128384560996,
        "7,24": 45.33168786336558,
        "7,25": 32.484099062137865,
        "7,26": 69.85637653819998,
        "7,27": 48.555912515617486,
        "7,28": 22.486596874767578,
        "7,29": 64.8709887823846,
        "7,30": 30.12965138835225,
        "7,31": 44.17388337419578,
        "7,32": 19.992400414759945,
        "7,33": 33.05434542741893,
        "7,34": 24.885266526041768,
        "7,35": 15.026746067605792,
        "7,36": 48.07859022702057,
        "7,37": 29.424181644704724,
        "7,38": 33.632016100108025,
        "7,39": 20.079757458631494,
        "7,40": 26.95924949512051,
        "8,0": 70.95898858588359,
        "8,1": 41.18335236522829,
        "8,2": 14.316367261706551,
        "8,3": 51.31367109455731,
        "8,4": 59.78571392490967,
        "8,5": 45.22764774493921,
        "8,6": 35.71836765812981,
        "8,7": 15.686805313220567,
        "8,8": 0.0,
        "8,9": 29.30622966958898,
        "8,10": 35.34081058655676,
        "8,11": 31.761294553311696,
        "8,12": 44.56342693357782,
        "8,13": 53.447638508883095,
        "8,14": 13.694782480266568,
        "8,15": 45.48231309664946,
        "8,16": 25.84855165542339,
        "8,17": 41.23583551486668,
        "8,18": 44.290452340625826,
        "8,19": 31.58914452949469,
        "8,20": 50.24627145739875,
        "8,21": 33.72568284539611,
        "8,22": 44.34261226080244,
        "8,23": 46.28031969704363,
        "8,24": 36.39837014728303,
        "8,25": 31.42681142889045,
        "8,26": 54.22777045758439,
        "8,27": 53.543305305933565,
        "8,28": 29.270195535021195,
        "8,29": 50.25076025019013,
        "8,30": 20.720681784688555,
        "8,31": 56.66239188390719,
        "8,32": 31.64748627178777,
        "8,33": 19.532867842529683,
        "8,34": 24.499983157526994,
        "8,35": 16.760108836146877,
        "8,36": 35.37744458057283,
        "8,37": 37.3526974275669,
        "8,38": 47.47241390683044,
        "8,39": 19.1494365753957,
        "8,40": 24.158923139552165,
        "9,0": 53.39831640437106,
        "9,1": 24.403947794881773,
        "9,2": 15.09617645271542,
        "9,3": 23.57584640162258,
        "9,4": 78.7876193291611,
        "9,5": 69.47918541161222,
        "9,6": 25.635514167528267,
        "9,7": 44.70594010643598,
        "9,8": 29.30622966958898,
        "9,9": 0.0,
        "9,10": 61.07957252340117,
        "9,11": 57.64018312065604,
        "9,12": 15.342456416274679,
        "9,13": 50.00415583982621,
        "9,14": 42.98175033871037,
        "9,15": 60.78007846583559,
        "9,16": 51.77910580701073,
        "9,17": 36.98994902250565,
        "9,18": 60.98151690708682,
        "9,19": 59.95862795489003,
        "9,20": 46.265801703423755,
        "9,21": 4.842163329396771,
        "9,22": 58.66185114071743,
        "9,23": 17.983462988862374,
        "9,24": 29.165322373986598,
        "9,25": 41.77194670307259,
        "9,26": 25.532692576563456,
        "9,27": 75.86861297713648,
        "9,28": 55.73413957673884,
        "9,29": 32.54547423477246,
        "9,30": 24.488204919865392,
        "9,31": 79.92434883557421,
        "9,32": 56.33279895115031,
        "9,33": 23.90179570545587,
        "9,34": 39.35700154995545,
        "9,35": 38.69633331217725,
        "9,36": 31.0447604400717,
        "9,37": 57.24143565114053,
        "9,38": 73.07342323515172,
        "9,39": 43.050426734407004,
        "9,40": 44.261915036711194,
        "10,0": 83.86842852706762,
        "10,1": 76.50328258636743,
        "10,2": 47.94327124462569,
        "10,3": 84.5258310939231,
        "10,4": 73.56259256126013,
        "10,5": 10.502033776010673,
        "10,6": 70.93809535184364,
        "10,7": 28.506578213540518,
        "10,8": 35.34081058655676,
        "10,9": 61.07957252340117,
        "10,10": 0.0,
        "10,11": 3.5811611335731195,
        "10,12": 74.91811867557685,
        "10,13": 86.12472413699587,
        "10,14": 25.319749013877487,
        "10,15": 26.07437882515639,
        "10,16": 9.548475135302796,
        "10,17": 49.98550427531932,
        "10,18": 23.167292184750764,
        "10,19": 11.258961779025533,
        "10,20": 83.35976850821845,
        "10,21": 64.47582064441396,
        "10,22": 67.27066656585004,
        "10,23": 79.03905708719012,
        "10,24": 71.2846855125371,
        "10,25": 60.91711658515597,
        "10,26": 82.65879290304922,
        "10,27": 20.106664739567808,
        "10,28": 6.240574408018093,
        "10,29": 67.93647169400728,
        "10,30": 55.4849075644006,
        "10,31": 63.649084437623586,
        "10,32": 44.63169740143799,
        "10,33": 39.57872093136857,
        "10,34": 53.276037273091674,
        "10,35": 43.33141566722265,
        "10,36": 47.84528709100272,
        "10,37": 55.93641427442258,
        "10,38": 51.46023163524846,
        "10,39": 18.036208131562304,
        "10,40": 18.881937943865058,
        "11,0": 81.87391740684896,
        "11,1": 72.92214468632109,
        "11,2": 44.39807732262419,
        "11,3": 81.05149762682257,
        "11,4": 71.58122131114366,
        "11,5": 13.84943084580537,
        "11,6": 67.3713393493425,
        "11,7": 25.37910789985381,
        "11,8": 31.761294553311696,
        "11,9": 57.64018312065604,
        "11,10": 3.5811611335731195,
        "11,11": 0.0,
        "11,12": 71.59374115605672,
        "11,13": 82.74725717868937,
        "11,14": 21.97889804912029,
        "11,15": 26.4859876473208,
        "11,16": 5.979052310723403,
        "11,17": 47.912809664864476,
        "11,18": 23.719824648338925,
        "11,19": 10.166323942714417,
        "11,20": 79.94794486407702,
        "11,21": 61.09773697021326,
        "11,22": 64.5037860176538,
        "11,23": 75.584514776148,
        "11,24": 67.7420212901458,
        "11,25": 57.67329855331429,
        "11,26": 79.47644484562362,
        "11,27": 23.192223371142568,
        "11,28": 2.8925119016003737,
        "11,29": 65.42104996601304,
        "11,30": 51.94034354614378,
        "11,31": 62.16090973091775,
        "11,32": 42.242782569104634,
        "11,33": 36.452058013804574,
        "11,34": 50.02093316691605,
        "11,35": 40.06860513200059,
        "11,36": 45.421730229641256,
        "11,37": 53.358704997921095,
        "11,38": 50.03955155190669,
        "11,39": 14.650053727996422,
        "11,40": 16.22805113223088,
        "12,0": 46.97165201077846,
        "12,1": 28.3070920505545,
        "12,2": 30.430108253530975,
        "12,3": 14.248900753457235,
        "12,4": 91.98306012655449,
        "12,5": 82.6354449063841,
        "12,6": 33.43732935770565,
        "12,7": 60.0354588698423,
        "12,8": 44.56342693357782,
        "12,9": 15.342456416274679,
        "12,10": 74.91811867557685,
        "12,11": 71.59374115605672,
        "12,12": 0.0,
        "12,13": 56.50581373060592,
        "12,14": 58.196066536432255,
        "12,15": 71.0336621355349,
        "12,16": 65.88245059964827,
        "12,17": 41.643279350915016,
        "12,18": 71.73960469277708,
        "12,19": 74.70682798819493,
        "12,20": 52.95030842971164,
        "12,21": 10.860808632929837,
        "12,22": 71.1310637623796,
        "12,23": 9.502682829897443,
        "12,24": 37.401063778913404,
        "12,25": 54.26016255065685,
        "12,26": 10.726561207323506,
        "12,27": 88.17260150618735,
        "12,28": 69.9069328585784,
        "12,29": 29.267640330014387,
        "12,30": 37.91150875422874,
        "12,31": 94.23374870448495,
        "12,32": 71.21104007588707,
        "12,33": 35.887259113831455,
        "12,34": 53.104132404273074,
        "12,35": 53.59357053479552,
        "12,36": 37.12433504583578,
        "12,37": 71.17540740243582,
        "12,38": 87.95588655303634,
        "12,39": 56.94772387843331,
        "12,40": 57.137967528922225,
        "13,0": 102.49863968416935,
        "13,1": 28.227714939995018,
        "13,2": 48.44838746104444,
        "13,3": 48.134923904612855,
        "13,4": 51.05414069491825,
        "13,5": 96.59067122890463,
        "13,6": 24.372286648761325,
        "13,7": 58.06616535617034,
        "13,8": 53.447638508883095,
        "13,9": 50.00415583982621,
        "13,10": 86.12472413699587,
        "13,11": 82.74725717868937,
        "13,12": 56.50581373060592,
        "13,13": 0.0,
        "13,14": 60.80681568566514,
        "13,15": 98.79039372247676,
        "13,16": 77.40274687535413,
        "13,17": 85.14611462252141,
        "13,18": 97.71356654962688,
        "13,19": 78.45895736652602,
        "13,20": 3.742389503030278,
        "13,21": 52.98623276343625,
        "13,22": 31.848420989811682,
        "13,23": 48.698374174368794,
        "13,24": 20.94286827555232,
        "13,25": 26.09125970360518,
        "13,26": 65.67462589107974,
        "13,27": 105.74724887782396,
        "13,28": 79.91179760886324,
        "13,29": 82.32340666787331,
        "13,30": 33.42431313518674,
        "13,31": 60.90937967092383,
        "13,32": 50.83677966771901,
        "13,33": 65.7762207877438,
        "13,34": 33.33616975211368,
        "13,35": 43.04138659280695,
        "13,36": 78.74826622853303,
        "13,37": 41.484666746563214,
        "13,38": 62.30771021240208,
        "13,39": 72.32870774248471,
        "13,40": 77.60141632810556,
        "14,0": 80.97250346545732,
        "14,1": 53.28825496814463,
        "14,2": 28.009283674732377,
        "14,3": 64.88002514956878,
        "14,4": 55.00111211733228,
        "14,5": 35.7993810173682,
        "14,6": 46.87056878942507,
        "14,7": 4.831870765802388,
        "14,8": 13.694782480266568,
        "14,9": 42.98175033871037,
        "14,10": 25.319749013877487,
        "14,11": 21.97889804912029,
        "14,12": 58.196066536432255,
        "14,13": 60.80681568566514,
        "14,14": 0.0,
        "14,15": 42.6852955318692,
        "14,16": 16.97231571523224,
        "14,17": 48.787732031410634,
        "14,18": 40.709103980200645,
        "14,19": 18.858950670211012,
        "14,20": 58.06895167522909,
        "14,21": 47.34171574152773,
        "14,22": 44.071151465024585,
        "14,23": 59.92517961404285,
        "14,24": 46.73354909389372,
        "14,25": 35.74569825656318,
        "14,26": 67.69621746663803,
        "14,27": 45.12016844479934,
        "14,28": 19.121189473493448,
        "14,29": 61.17644926219418,
        "14,30": 31.112637218424915,
        "14,31": 48.87085025075863,
        "14,32": 24.822204566347875,
        "14,33": 29.210070602608173,
        "14,34": 28.08713784061482,
        "14,35": 18.141513101597432,
        "14,36": 43.84055365494843,
        "14,37": 34.11780955394208,
        "14,38": 38.11267821683315,
        "14,39": 15.283171742277743,
        "14,40": 22.15245649375029,
        "15,0": 65.17084452156689,
        "15,1": 82.0660464776207,
        "15,2": 52.49305654747914,
        "15,3": 83.55386966201618,
        "15,4": 96.6568585039226,
        "15,5": 23.31589012319393,
        "15,6": 78.79465876461339,
        "15,7": 47.296841510050655,
        "15,8": 45.48231309664946,
        "15,9": 60.78007846583559,
        "15,10": 26.07437882515639,
        "15,11": 26.4859876473208,
        "15,12": 71.0336621355349,
        "15,13": 98.79039372247676,
        "15,14": 42.6852955318692,
        "15,15": 0.0,
        "15,16": 27.61615317515483,
        "15,17": 34.272308465644876,
        "15,18": 3.0098717930953076,
        "15,19": 36.64734502316336,
        "15,20": 95.48119460481921,
        "15,21": 62.464631600696585,
        "15,22": 86.67744550628588,
        "15,23": 77.8060551066882,
        "15,24": 80.40075968125524,
        "15,25": 76.38984493138236,
        "15,26": 75.88002142953036,
        "15,27": 21.73066756711978,
        "15,28": 28.48478748140625,
        "15,29": 54.254001824382975,
        "15,30": 65.51635439951389,
        "15,31": 88.19875694157223,
        "15,32": 66.57161636672758,
        "15,33": 36.98611062438488,
        "15,34": 68.98592433261219,
        "15,35": 59.58060515748014,
        "15,36": 35.55305189325894,
        "15,37": 76.71342555738696,
        "15,38": 76.20449172454666,
        "15,39": 27.78795117237239,
        "15,40": 21.49467824181071,
        "16,0": 78.27671824457622,
        "16,1": 66.97969702154586,
        "16,2": 38.426032794907506,
        "16,3": 75.14276383511967,
        "16,4": 69.11699265216329,
        "16,5": 19.468075109608222,
        "16,6": 61.515842484665406,
        "16,7": 20.91079923027806,
        "16,8": 25.84855165542339,
        "16,9": 51.77910580701073,
        "16,10": 9.548475135302796,
        "16,11": 5.979052310723403,
        "16,12": 65.88245059964827,
        "16,13": 77.40274687535413,
        "16,14": 16.97231571523224,
        "16,15": 27.61615317515483,
        "16,16": 0.0,
        "16,17": 44.34998079508634,
        "16,18": 25.188810462688952,
        "16,19": 11.567932125639452,
        "16,20": 74.52289239982991,
        "16,21": 55.317188093144246,
        "16,22": 60.525599998753584,
        "16,23": 69.6995301057759,
        "16,24": 61.9713333438179,
        "16,25": 52.67876055939482,
        "16,26": 73.96740063536285,
        "16,27": 28.34488968704252,
        "16,28": 4.056148613159919,
        "16,29": 61.006905180814606,
        "16,30": 46.171394052144144,
        "16,31": 60.662847822934495,
        "16,32": 39.19615617211375,
        "16,33": 31.1183506741902,
        "16,34": 45.022230610070224,
        "16,35": 35.09396328359156,
        "16,36": 41.26543287995236,
        "16,37": 49.82604066372008,
        "16,38": 48.7690616730221,
        "16,39": 9.02147658147674,
        "16,40": 12.300921718626473,
        "17,0": 33.97311958848681,
        "17,1": 61.351845971543796,
        "17,2": 37.62152085870641,
        "17,3": 55.6401418360209,
        "17,4": 101.01855632888115,
        "17,5": 53.33980741258428,
        "17,6": 61.38240636047978,
        "17,7": 53.20419369973201,
        "17,8": 41.23583551486668,
        "17,9": 36.98994902250565,
        "17,10": 49.98550427531932,
        "17,11": 47.912809664864476,
        "17,12": 41.643279350915016,
        "17,13": 85.14611462252141,
        "17,14": 48.787732031410634,
        "17,15": 34.272308465644876,
        "17,16": 44.34998079508634,
        "17,17": 0.0,
        "17,18": 36.093551674280675,
        "17,19": 55.88388546117819,
        "17,20": 81.43802931732486,
        "17,21": 36.29991680410764,
        "17,22": 84.76625670895768,
        "17,23": 50.198262288850984,
        "17,24": 64.34490994302614,
        "17,25": 69.78148023645716,
        "17,26": 43.79354304291081,
        "17,27": 55.181482401073474,
        "17,28": 47.86828135674526,
        "17,29": 19.986765354242973,
        "17,30": 53.64022046708345,
        "17,31": 97.10846855886994,
        "17,32": 72.22620380196753,
        "17,33": 21.921722496475763,
        "17,34": 64.16941159731071,
        "17,35": 57.874810128871836,
        "17,36": 6.450054649911905,
        "17,37": 78.5801019026522,
        "17,38": 86.83500786265417,
        "17,39": 36.9216510919514,
        "17,40": 32.06267944168128,
        "18,0": 67.58184375073762,
        "18,1": 81.7396290068364,
        "18,2": 52.033834832174094,
        "18,3": 83.99077420546456,
        "18,4": 94.30194149823514,
        "18,5": 20.354175422111798,
        "18,6": 78.18699048635959,
        "18,7": 45.241292464422806,
        "18,8": 44.290452340625826,
        "18,9": 60.98151690708682,
        "18,10": 23.167292184750764,
        "18,11": 23.719824648338925,
        "18,12": 71.73960469277708,
        "18,13": 97.71356654962688,
        "18,14": 40.709103980200645,
        "18,15": 3.0098717930953076,
        "18,16": 25.188810462688952,
        "18,17": 36.093551674280675,
        "18,18": 0.0,
        "18,19": 33.8609810973104,
        "18,20": 94.45680681563,
        "18,21": 62.88404872588099,
        "18,22": 84.77015222560297,
        "18,23": 78.24279905674325,
        "18,24": 79.65769790315194,
        "18,25": 74.90193746965912,
        "18,26": 76.95467007199,
        "18,27": 19.327949163592532,
        "18,28": 25.819884495171824,
        "18,29": 56.02044543578417,
        "18,30": 64.57271965219466,
        "18,31": 85.62554364176135,
        "18,32": 64.3005521432553,
        "18,33": 37.091736349688574,
        "18,34": 67.43203608115985,
        "18,35": 57.90371874058346,
        "18,36": 36.91988872489724,
        "18,37": 74.61334217752415,
        "18,38": 73.58960465985645,
        "18,39": 26.091955205850006,
        "18,40": 20.142297584646123,
        "19,0": 89.77658951240161,
        "19,1": 72.1112736177817,
        "19,2": 45.56249231584338,
        "19,3": 82.72987909814374,
        "19,4": 62.43482759820691,
        "19,5": 20.49856496344041,
        "19,6": 65.72172179439191,
        "19,7": 20.48752337675354,
        "19,8": 31.58914452949469,
        "19,9": 59.95862795489003,
        "19,10": 11.258961779025533,
        "19,11": 10.166323942714417,
        "19,12": 74.70682798819493,
        "19,13": 78.45895736652602,
        "19,14": 18.858950670211012,
        "19,15": 36.64734502316336,
        "19,16": 11.567932125639452,
        "19,17": 55.88388546117819,
        "19,18": 33.8609810973104,
        "19,19": 0.0,
        "19,20": 75.9694946519795,
        "19,21": 63.918958893354,
        "19,22": 57.2516694243914,
        "19,23": 77.53074297237238,
        "19,24": 65.49767380332491,
        "19,25": 52.639586771190544,
        "19,26": 83.42627085609355,
        "19,27": 30.363804304536462,
        "19,28": 8.62575909764437,
        "19,29": 72.14238958656853,
        "19,30": 49.9530581403157,
        "19,31": 52.3910633457408,
        "19,32": 34.01507339550494,
        "19,33": 41.37319006966973,
        "19,34": 45.156157288096665,
        "19,35": 35.445692699643004,
        "19,36": 52.61780857289339,
        "19,37": 45.571969131347196,
        "19,38": 40.20611293647085,
        "19,39": 19.594884205528608,
        "19,40": 23.862511599014596,
        "20,0": 98.81998259552182,
        "20,1": 24.72954823236468,
        "20,2": 44.84376784093922,
        "20,3": 44.94257576600337,
        "20,4": 51.82809731988304,
        "20,5": 93.79736557965644,
        "20,6": 20.637090140307198,
        "20,7": 55.51231653251931,
        "20,8": 50.24627145739875,
        "20,9": 46.265801703423755,
        "20,10": 83.35976850821845,
        "20,11": 79.94794486407702,
        "20,12": 52.95030842971164,
        "20,13": 3.742389503030278,
        "20,14": 58.06895167522909,
        "20,15": 95.48119460481921,
        "20,16": 74.52289239982991,
        "20,17": 81.43802931732486,
        "20,18": 94.45680681563,
        "20,19": 75.9694946519795,
        "20,20": 0.0,
        "20,21": 49.27221934288646,
        "20,22": 31.814897671582038,
        "20,23": 45.290997666404145,
        "20,24": 17.20272499139502,
        "20,25": 24.085111677254492,
        "20,26": 62.242072703052855,
        "20,27": 102.86118116103576,
        "20,28": 77.13171043910012,
        "20,29": 78.6023550946462,
        "20,30": 30.012419075100013,
        "20,31": 60.96623148113765,
        "20,32": 49.39360208966769,
        "20,33": 62.1771874451465,
        "20,34": 31.021397202730533,
        "20,35": 40.52529135271849,
        "20,36": 75.04569271956845,
        "20,37": 40.63053751920526,
        "20,38": 61.62585685732703,
        "20,39": 69.22312783973972,
        "20,40": 74.37356415249704,
        "21,0": 49.72698026495047,
        "21,1": 26.175676573240366,
        "21,2": 19.687724505450408,
        "21,3": 21.106727234869965,
        "21,4": 83.47654525175425,
        "21,5": 72.52196521100706,
        "21,6": 28.699831057474963,
        "21,7": 49.25001710282653,
        "21,8": 33.72568284539611,
        "21,9": 4.842163329396771,
        "21,10": 64.47582064441396,
        "21,11": 61.09773697021326,
        "21,12": 10.860808632929837,
        "21,13": 52.98623276343625,
        "21,14": 47.34171574152773,
        "21,15": 62.464631600696585,
        "21,16": 55.317188093144246,
        "21,17": 36.29991680410764,
        "21,18": 62.88404872588099,
        "21,19": 63.918958893354,
        "21,20": 49.27221934288646,
        "21,21": 0.0,
        "21,22": 63.1986498093611,
        "21,23": 15.358956266966734,
        "21,24": 32.430947398273645,
        "21,25": 46.27650195400605,
        "21,26": 20.761072254394797,
        "21,27": 78.50427639082947,
        "21,28": 59.31851118214889,
        "21,29": 29.352623629550152,
        "21,30": 29.127324331125415,
        "21,31": 84.75230951227086,
        "21,32": 61.17035814678228,
        "21,33": 26.138754977268945,
        "21,34": 44.09806304203804,
        "21,35": 43.53533989891651,
        "21,36": 30.772894446812984,
        "21,37": 62.02545307304603,
        "21,38": 77.90907754142853,
        "21,39": 46.45204225925556,
        "21,40": 47.10594153306865,
        "22,0": 110.7286957378097,
        "22,1": 47.882599912039844,
        "22,2": 48.61531677433253,
        "22,3": 68.51451755795203,
        "22,4": 21.50185128276845,
        "22,5": 77.48750313272284,
        "22,6": 39.89629834851442,
        "22,7": 39.67582875123159,
        "22,8": 44.34261226080244,
        "22,9": 58.66185114071743,
        "22,10": 67.27066656585004,
        "22,11": 64.5037860176538,
        "22,12": 71.1310637623796,
        "22,13": 31.848420989811682,
        "22,14": 44.071151465024585,
        "22,15": 86.67744550628588,
        "22,16": 60.525599998753584,
        "22,17": 84.76625670895768,
        "22,18": 84.77015222560297,
        "22,19": 57.2516694243914,
        "22,20": 31.814897671582038,
        "22,21": 63.1986498093611,
        "22,22": 0.0,
        "22,23": 66.53840445137274,
        "22,24": 36.343693518591955,
        "22,25": 16.93573850929534,
        "22,26": 81.7623514387566,
        "22,27": 87.3078086516454,
        "22,28": 61.65179241037056,
        "22,29": 89.35036543032862,
        "22,30": 34.23367711549804,
        "22,31": 29.151860952206285,
        "22,32": 23.89175467780636,
        "22,33": 62.87582901099251,
        "22,34": 20.67758017604238,
        "22,35": 27.820560948788163,
        "22,36": 78.54105128011291,
        "22,37": 12.209999876781911,
        "22,38": 31.13617767593561,
        "22,39": 58.95301575999693,
        "22,40": 65.59445846990766,
        "23,0": 56.16491562861083,
        "23,1": 20.6402894203778,
        "23,2": 32.02082713911546,
        "23,3": 5.748871612365602,
        "23,4": 87.83244467585848,
        "23,5": 87.45230765984309,
