{
    "num_robots": 3,
    "num_tasks": 60,
    "num_nodes": 61,
    "robot_capacity": [
        348,
        313,
        269
    ],
    "robot_speed": [
        1.04,
        1.12,
        1.17
    ],
    "task_demand": {
        "0": 0,
        "1": 12,
        "2": 10,
        "3": 14,
        "4": 5,
        "5": 11,
        "6": 6,
        "7": 6,
        "8": 11,
        "9": 8,
        "10": 5,
        "11": 15,
        "12": 13,
        "13": 7,
        "14": 5,
        "15": 7,
        "16": 13,
        "17": 12,
        "18": 12,
        "19": 10,
        "20": 12,
        "21": 12,
        "22": 15,
        "23": 11,
        "24": 8,
        "25": 13,
        "26": 5,
        "27": 14,
        "28": 15,
        "29": 15,
        "30": 14,
        "31": 13,
        "32": 11,
        "33": 13,
        "34": 11,
        "35": 6,
        "36": 7,
        "37": 5,
        "38": 13,
        "39": 13,
        "40": 10,
        "41": 13,
        "42": 12,
        "43": 7,
        "44": 11,
        "45": 9,
        "46": 15,
        "47": 13,
        "48": 10,
        "49": 9,
        "50": 9,
        "51": 13,
        "52": 10,
        "53": 15,
        "54": 11,
        "55": 12,
        "56": 11,
        "57": 11,
        "58": 14,
        "59": 13,
        "60": 8
    },
    "task_service_time": {
        "0": 0,
        "1": 82,
        "2": 69,
        "3": 16,
        "4": 34,
        "5": 11,
        "6": 85,
        "7": 90,
        "8": 71,
        "9": 79,
        "10": 57,
        "11": 33,
        "12": 81,
        "13": 33,
        "14": 86,
        "15": 12,
        "16": 85,
        "17": 20,
        "18": 39,
        "19": 21,
        "20": 60,
        "21": 22,
        "22": 55,
        "23": 13,
        "24": 49,
        "25": 42,
        "26": 19,
        "27": 70,
        "28": 73,
        "29": 83,
        "30": 18,
        "31": 32,
        "32": 53,
        "33": 45,
        "34": 15,
        "35": 57,
        "36": 47,
        "37": 100,
        "38": 97,
        "39": 76,
        "40": 44,
        "41": 17,
        "42": 35,
        "43": 92,
        "44": 34,
        "45": 74,
        "46": 14,
        "47": 61,
        "48": 24,
        "49": 46,
        "50": 93,
        "51": 81,
        "52": 10,
        "53": 54,
        "54": 35,
        "55": 37,
        "56": 32,
        "57": 39,
        "58": 51,
        "59": 39,
        "60": 89
    },
    "task_precedence": [],
    "coordinates": {
        "0": [
            100,
            100
        ],
        "1": [
            45.26011170073643,
            12.329152301754576
        ],
        "2": [
            88.98759614403569,
            23.256465490704848
        ],
        "3": [
            1.658358153635453,
            26.935944137480117
        ],
        "4": [
            0.8640659570101517,
            39.955455335775824
        ],
        "5": [
            22.283199388902688,
            51.44296781758293
        ],
        "6": [
            53.559619885666855,
            24.61622105114436
        ],
        "7": [
            4.046347887778179,
            38.72796269805659
        ],
        "8": [
            26.758812498616603,
            60.076681569319746
        ],
        "9": [
            12.024696029451832,
            95.69780384943797
        ],
        "10": [
            6.180009320943903,
            60.77977696063166
        ],
        "11": [
            15.636782069331623,
            72.22809573852717
        ],
        "12": [
            69.38580017104044,
            4.590459960783755
        ],
        "13": [
            41.50868411351666,
            5.154214765410892
        ],
        "14": [
            4.956973310877499,
            66.72978641074353
        ],
        "15": [
            87.54778389417694,
            9.838942581962995
        ],
        "16": [
            53.26301709968669,
            55.71100695433353
        ],
        "17": [
            0.519083005572718,
            29.62687334458337
        ],
        "18": [
            29.25935508567821,
            71.24911429780475
        ],
        "19": [
            71.45812124583792,
            26.334680145160583
        ],
        "20": [
            13.438344319416629,
            17.621026893774893
        ],
        "21": [
            6.991177568356299,
            58.182064356957575
        ],
        "22": [
            45.95766473624088,
            66.05286615362178
        ],
        "23": [
            23.940233459674953,
            89.81352011496512
        ],
        "24": [
            26.07084342279653,
            2.6428184725897808
        ],
        "25": [
            75.72131876608248,
            7.42434957922814
        ],
        "26": [
            26.89830106114991,
            61.481719618527855
        ],
        "27": [
            15.97648272157125,
            34.90201616946844
        ],
        "28": [
            76.66402783211474,
            82.7557446683431
        ],
        "29": [
            31.622643038640895,
            19.41473471806233
        ],
        "30": [
            38.27397708764504,
            36.69835997166299
        ],
        "31": [
            49.07723625488515,
            56.43776563332229
        ],
        "32": [
            91.40100619470888,
            47.09956622156067
        ],
        "33": [
            25.319739503011807,
            89.5552696895749
        ],
        "34": [
            85.63199900380758,
            17.297593162878567
        ],
        "35": [
            16.218954773953286,
            64.92278741550996
        ],
        "36": [
            3.8305834953478946,
            7.849910626568524
        ],
        "37": [
            30.267404568259927,
            7.445603951759249
        ],
        "38": [
            52.25167374300773,
            83.92877397592466
        ],
        "39": [
            73.50789194534292,
            87.40439446946627
        ],
        "40": [
            78.22397618577114,
            95.79554056459763
        ],
        "41": [
            87.65046006558734,
            66.44394679839793
        ],
        "42": [
            49.10770572300671,
            21.536270462233244
        ],
        "43": [
            78.38399067118708,
            84.10120864417836
        ],
        "44": [
            68.82744777902612,
            36.815259459161986
        ],
        "45": [
            18.47451158111426,
            96.07387506153056
        ],
        "46": [
            99.74922613931,
            18.1215855873904
        ],
        "47": [
            20.144451511747818,
            74.54163585004402
        ],
        "48": [
            30.049248794620308,
            95.14638830619634
        ],
        "49": [
            99.3164422194058,
            12.741629375181907
        ],
        "50": [
            75.73961478768906,
            53.87783777467964
        ],
        "51": [
            66.8470496218355,
            71.42567158309093
        ],
        "52": [
            76.4544251954705,
            82.86435513403288
        ],
        "53": [
            99.08983472873172,
            45.21229562374213
        ],
        "54": [
            90.2091085007094,
            8.969853275607731
        ],
        "55": [
            1.8600500742471326,
            25.826581841831796
        ],
        "56": [
            26.873584593818155,
            53.75184150649838
        ],
        "57": [
            36.73948710680352,
            35.06310753302835
        ],
        "58": [
            69.54869785852705,
            67.65946371802974
        ],
        "59": [
            19.65253260936769,
            99.11303853420654
        ],
        "60": [
            0.09193025551642586,
            43.67846062913766
        ]
    },
    "distance_matrix_str_keys": {
        "0,0": 0.0,
        "0,1": 103.3568232249076,
        "0,2": 77.5296274185955,
        "0,3": 122.51299841290337,
        "0,4": 115.90203088173237,
        "0,5": 91.63889169773576,
        "0,6": 88.54051634011222,
        "0,7": 113.84799475091353,
        "0,8": 83.41548358146882,
        "0,9": 88.08043483332868,
        "0,10": 101.68783873342954,
        "0,11": 88.81684077879521,
        "0,12": 100.20084611250684,
        "0,13": 111.43140047086449,
        "0,14": 100.69798426236743,
        "0,15": 91.01688832675332,
        "0,16": 64.38835667745583,
        "0,17": 121.85577459156968,
        "0,18": 76.36001749315447,
        "0,19": 79.00138095079787,
        "0,20": 119.49567123624199,
        "0,21": 101.97735430754548,
        "0,22": 63.819917714961534,
        "0,23": 76.73885885662472,
        "0,24": 122.24541294943452,
        "0,25": 95.70634991100191,
        "0,26": 82.62878621456314,
        "0,27": 106.29063436934867,
        "0,28": 29.016063464289793,
        "0,29": 105.68560888589039,
        "0,30": 88.41492823530271,
        "0,31": 67.01340261811916,
        "0,32": 53.59476269571944,
        "0,33": 75.40711968478526,
        "0,34": 83.94121484276562,
        "0,35": 90.82771813640586,
        "0,36": 133.1923257638242,
        "0,37": 115.88335123520262,
        "0,38": 50.38042245020475,
        "0,39": 29.333957589463417,
        "0,40": 22.17820309001175,
        "0,41": 35.75639583431755,
        "0,42": 93.52316541772896,
        "0,43": 26.833252241934378,
        "0,44": 70.45593977218928,
        "0,45": 81.61997132424358,
        "0,46": 81.87879844167378,
        "0,47": 83.81549337414509,
        "0,48": 70.11893567839687,
        "0,49": 87.26104798441014,
        "0,50": 52.11353124658205,
        "0,51": 43.767686290851785,
        "0,52": 29.12085881027961,
        "0,53": 54.795263952656065,
        "0,54": 91.55517008348171,
        "0,55": 123.01685141758327,
        "0,56": 86.52378166838014,
        "0,57": 90.65700466471037,
        "0,58": 44.420626842906096,
        "0,59": 80.35236285717133,
        "0,60": 114.68974756782835,
        "1,0": 103.3568232249076,
        "1,1": 0.0,
        "1,2": 45.072154034041745,
        "1,3": 45.98338047723711,
        "1,4": 52.289783868425076,
        "1,5": 45.36330084541856,
        "1,6": 14.827470942947695,
        "1,7": 48.943554406787925,
        "1,8": 51.206685338179746,
        "1,9": 89.74923351049927,
        "1,10": 62.24722830657164,
        "1,11": 66.82383619108191,
        "1,12": 25.33645996019097,
        "1,13": 8.096476862968679,
        "1,14": 67.70355940075981,
        "1,15": 42.36092968748947,
        "1,16": 44.11385052250634,
        "1,17": 47.96843547560192,
        "1,18": 61.05396083687222,
        "1,19": 29.706741899738002,
        "1,20": 32.25877889766597,
        "1,21": 59.724374116190035,
        "1,22": 53.72824220346921,
        "1,23": 80.36395002503662,
        "1,24": 21.495419979446154,
        "1,25": 30.853560987749706,
        "1,26": 52.47028648477118,
        "1,27": 36.97384358407636,
        "1,28": 77.11102943649675,
        "1,29": 15.368345053646063,
        "1,30": 25.35082561360392,
        "1,31": 44.27347072339866,
        "1,32": 57.7751142695412,
        "1,33": 79.75895968592616,
        "1,34": 40.676463575418694,
        "1,35": 60.0789418192838,
        "1,36": 41.67096607118448,
        "1,37": 15.768015463175887,
        "1,38": 71.94016794305678,
        "1,39": 80.21364644054113,
        "1,40": 89.73992607213022,
        "1,41": 68.74120029434575,
        "1,42": 9.978727603318275,
        "1,43": 79.04694446763338,
        "1,44": 33.985125769240476,
        "1,45": 87.92409774276928,
        "1,46": 54.79613011580752,
        "1,47": 67.09090471870931,
        "1,48": 84.20252329808214,
        "1,49": 54.05790419984601,
        "1,50": 51.52953883895731,
        "1,51": 62.91577290297517,
        "1,52": 77.12522306611754,
        "1,53": 63.078841111779,
        "1,54": 45.07435194510346,
        "1,55": 45.45047803238617,
        "1,56": 45.320012797948756,
        "1,57": 24.27825701998178,
        "1,58": 60.426639646487104,
        "1,59": 90.48309796049134,
        "1,60": 54.98130361926359,
        "2,0": 77.5296274185955,
        "2,1": 45.072154034041745,
        "2,2": 0.0,
        "2,3": 87.40671811191655,
        "2,4": 89.69176570047767,
        "2,5": 72.415160428527,
        "2,6": 35.45406093732694,
        "2,7": 86.33876812399087,
        "2,8": 72.30594599384112,
        "2,9": 105.69311944138971,
        "2,10": 90.91256975321413,
        "2,11": 88.19615918253601,
        "2,12": 27.067511296940058,
        "2,13": 50.81277958273067,
        "2,14": 94.61012210934494,
        "2,15": 13.494553728132537,
        "2,16": 48.26533755719867,
        "2,17": 88.69757557653507,
        "2,18": 76.62086608389968,
        "2,19": 17.797693549037525,
        "2,20": 75.75914215089473,
        "2,21": 89.12468858517497,
        "2,22": 60.68860606951228,
        "2,23": 93.064498668652,
        "2,24": 66.20755407333063,
        "2,25": 20.6555079749501,
        "2,26": 72.91262316654307,
        "2,27": 73.93403501635508,
        "2,28": 60.76211450070775,
        "2,29": 57.4934495409139,
        "2,30": 52.46480425041079,
        "2,31": 51.90217245584216,
        "2,32": 23.96493272543088,
        "2,33": 91.91913515401501,
        "2,34": 6.838727336781376,
        "2,35": 83.853190455636,
        "2,36": 86.53946346049538,
        "2,37": 60.81154694052369,
        "2,38": 70.92712465326663,
        "2,39": 65.98922665362315,
        "2,40": 73.3333002610806,
        "2,41": 43.20817601559487,
        "2,42": 39.916972968015216,
        "2,43": 61.761794164645075,
        "2,44": 24.29552378480999,
        "2,45": 101.36306147301929,
        "2,46": 11.923911764880275,
        "2,47": 85.84606724625507,
        "2,48": 92.9617652085935,
        "2,49": 14.739295769642256,
        "2,50": 33.36431402819317,
        "2,51": 53.0139247356058,
        "2,52": 60.911254146972965,
        "2,53": 24.16844432835736,
        "2,54": 14.338737079048096,
        "2,55": 87.16544488615577,
        "2,56": 69.1962310332376,
        "2,57": 53.5654897698328,
        "2,58": 48.47161043466751,
        "2,59": 102.76950281703495,
        "2,60": 91.2112783552419,
        "3,0": 122.51299841290337,
        "3,1": 45.98338047723711,
        "3,2": 87.40671811191655,
        "3,3": 0.0,
        "3,4": 13.043717719123148,
        "3,5": 32.03089579823049,
        "3,6": 51.95307579512599,
        "3,7": 12.03138382329111,
        "3,8": 41.573324209769645,
        "3,9": 69.53886907336471,
        "3,10": 34.14455080155912,
        "3,11": 47.40016172777405,
        "3,12": 71.31849034655698,
        "3,13": 45.41466958535364,
        "3,14": 39.9303236253471,
        "3,15": 87.57454491020405,
        "3,16": 59.08506634549991,
        "3,17": 2.922164927007835,
        "3,18": 52.2060540675171,
        "3,19": 69.80235272622299,
        "3,20": 15.017847959114278,
        "3,21": 31.697933555360695,
        "3,22": 59.09790310761099,
        "3,23": 66.7088564431912,
        "3,24": 34.440171189864316,
        "3,25": 76.58997621677713,
        "3,26": 42.783937658443136,
        "3,27": 16.38496245835654,
        "3,28": 93.49706206733171,
        "3,29": 30.893801316777193,
        "3,30": 37.894700326564205,
        "3,31": 55.84717962398561,
        "3,32": 91.9799681070482,
        "3,33": 66.94057737994082,
        "3,34": 84.52496771453569,
        "3,35": 40.68182931198168,
        "3,36": 19.20924876497824,
        "3,37": 34.617205220948485,
        "3,38": 76.20935792486192,
        "3,39": 93.90840745980942,
        "3,40": 102.9754236929783,
        "3,41": 94.6336296751351,
        "3,42": 47.755597164710984,
        "3,43": 95.68014502152026,
        "3,44": 67.89173346092278,
        "3,45": 71.15361205557507,
        "3,46": 98.48609698242981,
        "3,47": 51.06894879549139,
        "3,48": 73.88306548243592,
        "3,49": 98.6842437016582,
        "3,50": 78.82828310472507,
        "3,51": 78.92338907776904,
        "3,52": 93.39399767397265,
        "3,53": 99.13081080699847,
        "3,54": 90.35494346125658,
        "3,55": 1.1275479297334285,
        "3,56": 36.8089662464923,
        "3,57": 36.010226234873144,
        "3,58": 79.167564521545,
        "3,59": 74.38631103837105,
        "3,60": 16.815634238215054,
        "4,0": 115.90203088173237,
        "4,1": 52.289783868425076,
        "4,2": 89.69176570047767,
        "4,3": 13.043717719123148,
        "4,4": 0.0,
        "4,5": 24.30518915772701,
        "4,6": 54.882725080728086,
        "4,7": 3.4108146332727634,
        "4,8": 32.79331705691718,
        "4,9": 56.848650656215774,
        "4,10": 21.492129372958594,
        "4,11": 35.49304805029488,
        "4,12": 77.1097332220221,
        "4,13": 53.50804921060599,
        "4,14": 27.085359423853376,
        "4,15": 91.76639524281676,
        "4,16": 54.7164279504578,
        "4,17": 10.334341739344968,
        "4,18": 42.25618932100276,
        "4,19": 71.89607888414605,
        "4,20": 25.63082460956229,
        "4,21": 19.22890462582091,
        "4,22": 52.100935713839746,
        "4,23": 54.93938596432325,
        "4,24": 45.02904062817312,
        "4,25": 81.62034758480912,
        "4,26": 33.78108126494042,
        "4,27": 15.934942355507811,
        "4,28": 87.0488310502719,
        "4,29": 36.98663633775827,
        "4,30": 37.551433008780435,
        "4,31": 50.952687298281944,
        "4,32": 90.81836745919308,
        "4,33": 55.30118943133084,
        "4,34": 87.74383848038755,
        "4,35": 29.31109485775662,
        "4,36": 32.24230493280799,
        "4,37": 43.83431028884401,
        "4,38": 67.63385976118455,
        "4,39": 86.76708638150662,
        "4,40": 95.407918062203,
        "4,41": 90.73873694478387,
        "4,42": 51.64024737815441,
        "4,43": 89.2086669716457,
        "4,44": 68.03588831512845,
        "4,45": 58.81670534461706,
        "4,46": 101.26693820032557,
        "4,47": 39.597186133674725,
        "4,48": 62.43247535866398,
        "4,49": 102.14432297061751,
        "4,50": 76.15891638849963,
        "4,51": 73.10354741026856,
        "4,52": 86.91994070232879,
        "4,53": 98.36633580960967,
        "4,54": 94.5655548398386,
        "4,55": 14.163934854752137,
        "4,56": 29.442067371198092,
        "4,57": 36.207470357622185,
        "4,58": 74.06139844676758,
        "4,59": 62.069526573238846,
        "4,60": 3.8022311812830982,
        "5,0": 91.63889169773576,
        "5,1": 45.36330084541856,
        "5,2": 72.415160428527,
        "5,3": 32.03089579823049,
        "5,4": 24.30518915772701,
        "5,5": 0.0,
        "5,6": 41.205446498746156,
        "5,7": 22.231826462610947,
        "5,8": 9.724820093696975,
        "5,9": 45.42826656809876,
        "5,10": 18.614207889097102,
        "5,11": 21.821924889338018,
        "5,12": 66.43652980787658,
        "5,13": 50.122529086443066,
        "5,14": 23.10595016023017,
        "5,15": 77.39742183336719,
        "5,16": 31.272436161358474,
        "5,17": 30.815884540314176,
        "5,18": 20.99881393559305,
        "5,19": 55.214120019038624,
        "5,20": 34.95933564949103,
        "5,21": 16.71111467039462,
        "5,22": 27.819587323892993,
        "5,23": 38.40631517755695,
        "5,24": 48.94691842620051,
        "5,25": 69.23345545459752,
        "5,26": 11.048787316540853,
        "5,27": 17.702478824934595,
        "5,28": 62.75160951143455,
        "5,29": 33.36214805979768,
        "5,30": 21.751055881049997,
        "5,31": 27.255612574215647,
        "5,32": 69.25414323395445,
        "5,33": 38.23307638480634,
        "5,34": 71.96510976132463,
        "5,35": 14.781089240735959,
        "5,36": 47.337655926060854,
        "5,37": 44.71594301239506,
        "5,38": 44.19770420361226,
        "5,39": 62.58748544510003,
        "5,40": 71.38992378421682,
        "5,41": 67.0664456994442,
        "5,42": 40.17417935406854,
        "5,43": 64.91424709866348,
        "5,44": 48.788696539470344,
        "5,45": 44.793124296425816,
        "5,46": 84.32852313556435,
        "5,47": 23.197472003558364,
        "5,48": 44.388066929937395,
        "5,49": 86.20855002966078,
        "5,50": 53.511839241382624,
        "5,51": 48.83897211616266,
        "5,52": 62.624478331372316,
        "5,53": 77.05894177973491,
        "5,54": 80.11176310356159,
        "5,55": 32.761322598261735,
        "5,56": 5.138339619066926,
        "5,57": 21.846832207994343,
        "5,58": 49.9700118558248,
        "5,59": 47.742602042964144,
        "5,60": 23.51042316994316,
        "6,0": 88.54051634011222,
        "6,1": 14.827470942947695,
        "6,2": 35.45406093732694,
        "6,3": 51.95307579512599,
        "6,4": 54.882725080728086,
        "6,5": 41.205446498746156,
        "6,6": 0.0,
        "6,7": 51.48500127460525,
        "6,8": 44.44915676094252,
        "6,9": 82.32703877130679,
        "6,10": 59.60394511509637,
        "6,11": 60.86897600002081,
        "6,12": 25.52448020378375,
        "6,13": 22.890931428197025,
        "6,14": 64.30994978517022,
        "6,15": 37.061614260918425,
        "6,16": 31.096200468510986,
        "6,17": 53.27668522847843,
        "6,18": 52.58449963538677,
        "6,19": 17.980807896138938,
        "6,20": 40.72652077408876,
        "6,21": 57.40457870841912,
        "6,22": 42.12820052461949,
        "6,23": 71.61002623564326,
        "6,24": 35.19180660757391,
        "6,25": 28.04819676865345,
        "6,26": 45.496053741882896,
        "6,27": 38.96523810156129,
        "6,28": 62.56211212060134,
        "6,29": 22.545208210619663,
        "6,30": 19.48406930400904,
        "6,31": 32.135688301466914,
        "6,32": 44.01671645911625,
        "6,33": 70.81363486004028,
        "6,34": 32.89680556626511,
        "6,35": 54.94492299630741,
        "6,36": 52.479388578401974,
        "6,37": 28.93712815685313,
        "6,38": 59.32697242879464,
        "6,39": 65.88086428832061,
        "6,40": 75.33144096654969,
        "6,41": 53.96057843797025,
        "6,42": 5.4134679588806955,
        "6,43": 64.45706426638121,
        "6,44": 19.542853083967252,
        "6,45": 79.6062883283114,
        "6,46": 46.64397083947335,
        "6,47": 60.075956257886965,
        "6,48": 74.34542381252744,
        "6,49": 47.27253661008883,
        "6,50": 36.71776664135239,
        "6,51": 48.65881675602451,
        "6,52": 62.5860785982951,
        "6,53": 49.97197966316376,
        "6,54": 39.84964040379141,
        "6,55": 51.71373600823571,
        "6,56": 39.509857743558605,
        "6,57": 19.80036120539126,
        "6,58": 45.917005060245216,
        "6,59": 81.8502680671679,
        "6,60": 56.76409791509868,
        "7,0": 113.84799475091353,
        "7,1": 48.943554406787925,
        "7,2": 86.33876812399087,
        "7,3": 12.03138382329111,
        "7,4": 3.4108146332727634,
        "7,5": 22.231826462610947,
        "7,6": 51.48500127460525,
        "7,7": 0.0,
        "7,8": 31.17088138219411,
        "7,9": 57.525792822727574,
        "7,10": 22.154796848143025,
        "7,11": 35.44851306114477,
        "7,12": 73.71982852539753,
        "7,13": 50.3052997778078,
        "7,14": 28.016626668776375,
        "7,15": 88.35759898502657,
        "7,16": 52.06442471136202,
        "7,17": 9.760708220674534,
        "7,18": 41.1499821790382,
        "7,19": 68.54152492988705,
        "7,20": 23.102214959132766,
        "7,21": 19.675723448007396,
        "7,22": 50.03207799830217,
        "7,23": 54.82244850190459,
        "7,24": 42.275477967076654,
        "7,25": 78.21264376492496,
        "7,26": 32.248181620579295,
        "7,27": 12.528606626121618,
        "7,28": 84.92215862612764,
        "7,29": 33.66679119332176,
        "7,30": 34.287751280458195,
        "7,31": 48.38820132157007,
        "7,32": 87.75488632250266,
        "7,33": 55.09965813709862,
        "7,34": 84.35329991435282,
        "7,35": 28.884964953820937,
        "7,36": 30.87880590312017,
        "7,37": 40.818253051460715,
        "7,38": 66.08227281946579,
        "7,39": 84.81922608028034,
        "7,40": 93.58968417228968,
        "7,41": 88.07850672945172,
        "7,42": 48.22945419435908,
        "7,43": 87.09085246041033,
        "7,44": 64.80933063070411,
        "7,45": 59.133117390857535,
        "7,46": 97.89618829788272,
        "7,47": 39.265355275680996,
        "7,48": 62.12237603047915,
        "7,49": 98.75059692743518,
        "7,50": 73.27648486123731,
        "7,51": 70.80302468553504,
        "7,52": 84.79947403527486,
        "7,53": 95.264426542008,
        "7,54": 91.15682307342513,
        "7,55": 13.08531719626292,
        "7,56": 27.327635647533164,
        "7,57": 32.89791050165963,
        "7,58": 71.60718960383218,
        "7,59": 62.36914610047146,
        "7,60": 6.335996257573125,
        "8,0": 83.41548358146882,
        "8,1": 51.206685338179746,
        "8,2": 72.30594599384112,
        "8,3": 41.573324209769645,
        "8,4": 32.79331705691718,
        "8,5": 9.724820093696975,
        "8,6": 44.44915676094252,
        "8,7": 31.17088138219411,
        "8,8": 0.0,
        "8,9": 38.5481327773739,
        "8,10": 20.590810653169438,
        "8,11": 16.47289978059589,
        "8,12": 69.96985684147525,
        "8,13": 56.868585989828375,
        "8,14": 22.794385185808654,
        "8,15": 78.86145739137743,
        "8,16": 26.861347255476968,
        "8,17": 40.19594786531772,
        "8,18": 11.448841264609781,
        "8,19": 56.004918199988246,
        "8,20": 44.496263735758674,
        "8,21": 19.85822160006848,
        "8,22": 20.107478942616847,
        "8,23": 29.870118086283846,
        "8,24": 57.43798335303221,
        "8,25": 71.89989627243185,
        "8,26": 1.411945104740314,
        "8,27": 27.386537083308458,
        "8,28": 54.816698373144476,
        "8,29": 40.95181032941713,
        "8,30": 26.060409364318872,
        "8,31": 22.61313220572569,
        "8,32": 65.93192495742981,
        "8,33": 29.513693239754442,
        "8,34": 72.77432578980797,
        "8,35": 11.600575103356901,
        "8,36": 57.03805123190076,
        "8,37": 52.74789616180764,
        "8,38": 34.911434897451564,
        "8,39": 54.15053389828362,
        "8,40": 62.645829560076486,
        "8,41": 61.223645839802785,
        "8,42": 44.551501845150256,
        "8,43": 56.94152195472352,
        "8,44": 48.071445088982415,
        "8,45": 36.93815887408839,
        "8,46": 84.1892544348293,
        "8,47": 15.905491932287264,
        "8,48": 35.22373207978658,
        "8,49": 86.63265433380708,
        "8,50": 49.37149640502659,
        "8,51": 41.66372918954931,
        "8,52": 54.67112572288623,
        "8,53": 73.84258084867085,
        "8,54": 81.47298914975536,
        "8,55": 42.34403974124414,
        "8,56": 6.32588131837036,
        "8,57": 26.931259749657798,
        "8,58": 43.456563074282265,
        "8,59": 39.67790794578778,
        "8,60": 31.305339138402537,
        "9,0": 88.08043483332868,
        "9,1": 89.74923351049927,
        "9,2": 105.69311944138971,
        "9,3": 69.53886907336471,
        "9,4": 56.848650656215774,
        "9,5": 45.42826656809876,
        "9,6": 82.32703877130679,
        "9,7": 57.525792822727574,
        "9,8": 38.5481327773739,
        "9,9": 0.0,
        "9,10": 35.403798730192925,
        "9,11": 23.746038919593445,
        "9,12": 107.66078384810167,
        "9,13": 95.22314360258447,
        "9,14": 29.817758781557632,
        "9,15": 114.34806888955539,
        "9,16": 57.44164909385968,
        "9,17": 67.06524426879085,
        "9,18": 29.912737981945174,
        "9,19": 91.34317140852208,
        "9,20": 78.08957357593958,
        "9,21": 37.85190903727107,
        "9,22": 45.05850304043343,
        "9,23": 13.28927489815867,
        "9,24": 94.10910986764775,
        "9,25": 108.8552363317791,
        "9,26": 37.309041085716615,
        "9,27": 60.92408733569956,
        "9,28": 65.92222775165985,
        "9,29": 78.76030829724587,
        "9,30": 64.57522074262496,
        "9,31": 53.983713635579186,
        "9,32": 93.07194698719222,
        "9,33": 14.645439797730024,
        "9,34": 107.5389607856404,
        "9,35": 31.059514531369715,
        "9,36": 88.22922318550827,
        "9,37": 90.1179627022923,
        "9,38": 41.913241346030155,
        "9,39": 62.040019496899326,
        "9,40": 66.19935230559541,
        "9,41": 81.08664710303376,
        "9,42": 82.91611810904902,
        "9,43": 67.36495383879723,
        "9,44": 81.81507587356127,
        "9,45": 6.460770093961811,
        "9,46": 117.10534924945254,
        "9,47": 22.6608445012726,
        "9,48": 18.03298537363326,
        "9,49": 120.42248891421634,
        "9,50": 76.21351871461329,
        "9,51": 59.95520709799431,
        "9,52": 65.69541389121046,
        "9,53": 100.64355378031743,
        "9,54": 116.76703200909269,
        "9,55": 70.60671138235266,
        "9,56": 44.4966655882469,
        "9,57": 65.47814364641351,
        "9,58": 63.993431723544774,
        "9,59": 8.357494770680306,
        "9,60": 53.3704315898514,
        "10,0": 101.68783873342954,
        "10,1": 62.24722830657164,
        "10,2": 90.91256975321413,
        "10,3": 34.14455080155912,
        "10,4": 21.492129372958594,
        "10,5": 18.614207889097102,
        "10,6": 59.60394511509637,
        "10,7": 22.154796848143025,
        "10,8": 20.590810653169438,
        "10,9": 35.403798730192925,
        "10,10": 0.0,
        "10,11": 14.849059015808502,
        "10,12": 84.57074755431422,
        "10,13": 65.89627024448151,
        "10,14": 6.074407752064371,
        "10,15": 95.99835074726765,
        "10,16": 47.35506362438869,
        "10,17": 31.66306192488112,
        "10,18": 25.3429127214629,
        "10,19": 73.80851299888222,
        "10,20": 43.76483901813719,
        "10,21": 2.721415936033535,
        "10,22": 40.125644418193886,
        "10,23": 34.03503787290048,
        "10,24": 61.44551426676912,
        "10,25": 87.65155646305857,
        "10,26": 20.730179355887465,
        "10,27": 27.67000893844929,
        "10,28": 73.83048166017508,
        "10,29": 48.56330229939514,
        "10,30": 40.12402536145446,
        "10,31": 43.11641382337517,
        "10,32": 86.31202971790002,
        "10,33": 34.559488613632965,
        "10,34": 90.57217548666621,
        "10,35": 10.860246840552414,
        "10,36": 52.98198327593794,
        "10,37": 58.52124930604914,
        "10,38": 51.56039493092839,
        "10,39": 72.40106377793488,
        "10,40": 80.10266451491582,
        "10,41": 81.66711189019993,
        "10,42": 58.16218634712346,
        "10,43": 75.87690095540671,
        "10,44": 67.07458270043463,
        "10,45": 37.37416415896427,
        "10,46": 102.83442821953396,
        "10,47": 19.605978827704636,
        "10,48": 41.84261665370376,
        "10,49": 104.79531839014159,
        "10,50": 69.90118366104984,
        "10,51": 61.59403259393325,
        "10,52": 73.66289513454508,
        "10,53": 94.20500057045814,
        "10,54": 98.71756531241473,
        "10,55": 35.219141058606404,
        "10,56": 21.854425966416418,
        "10,57": 39.94031508379815,
        "10,58": 63.74104467965002,
        "10,59": 40.63185728741961,
        "10,60": 18.15267823150952,
        "11,0": 88.81684077879521,
        "11,1": 66.82383619108191,
        "11,2": 88.19615918253601,
        "11,3": 47.40016172777405,
        "11,4": 35.49304805029488,
        "11,5": 21.821924889338018,
        "11,6": 60.86897600002081,
        "11,7": 35.44851306114477,
        "11,8": 16.47289978059589,
        "11,9": 23.746038919593445,
        "11,10": 14.849059015808502,
        "11,11": 0.0,
        "11,12": 86.39332567102912,
        "11,13": 71.89061708025378,
        "11,14": 12.012065625076565,
        "11,15": 95.20293385734564,
        "11,16": 41.09194306022112,
        "11,17": 45.204081391403534,
        "11,18": 13.657704794253426,
        "11,19": 72.26498116158352,
        "11,20": 54.6513046171431,
        "11,21": 16.493558583863056,
        "11,22": 30.943325388955355,
        "11,23": 19.447222307857036,
        "11,24": 70.36320379648195,
        "11,25": 88.372377281264,
        "11,26": 15.56619445193897,
        "11,27": 37.32762532667777,
        "11,28": 61.92863729633153,
        "11,29": 55.17969602315729,
        "11,30": 42.12843127818008,
        "11,31": 36.98105597420717,
        "11,32": 79.8226825720951,
        "11,33": 19.849197006235016,
        "11,34": 88.97578607080517,
        "11,35": 7.328468786339415,
        "11,36": 65.45179174841549,
        "11,37": 66.41405240465906,
        "11,38": 38.43899274812157,
        "11,39": 59.82796504522008,
        "11,40": 66.87736031721614,
        "11,41": 72.2455963883613,
        "11,42": 60.74507288721002,
        "11,43": 63.86065296718398,
        "11,44": 63.90082857044651,
        "11,45": 24.01403548559504,
        "11,46": 100.01208771023784,
        "11,47": 5.066710140682027,
        "11,48": 27.073369412114804,
        "11,49": 102.66900799768798,
        "11,50": 62.84172553415929,
        "11,51": 51.216553840767716,
        "11,52": 61.74071370940631,
        "11,53": 87.71696217958431,
        "11,54": 97.78873712695889,
        "11,55": 48.40350024915139,
        "11,56": 21.624932402689,
        "11,57": 42.73827919106487,
        "11,58": 54.105148207910986,
        "11,59": 27.183200722629255,
        "11,60": 32.50729276320561,
        "12,0": 100.20084611250684,
        "12,1": 25.33645996019097,
        "12,2": 27.067511296940058,
        "12,3": 71.31849034655698,
        "12,4": 77.1097332220221,
        "12,5": 66.43652980787658,
        "12,6": 25.52448020378375,
        "12,7": 73.71982852539753,
        "12,8": 69.96985684147525,
        "12,9": 107.66078384810167,
        "12,10": 84.57074755431422,
        "12,11": 86.39332567102912,
        "12,12": 0.0,
        "12,13": 27.882815839946844,
        "12,14": 89.51184068173062,
        "12,15": 18.905137465363634,
        "12,16": 53.60274674758433,
        "12,17": 73.27650870690434,
        "12,18": 77.80429161178088,
        "12,19": 21.842747676602194,
        "12,20": 57.44487349506967,
        "12,21": 82.25052578243728,
        "12,22": 65.77617277528942,
        "12,23": 96.58296700640535,
        "12,24": 43.358722138328474,
        "12,25": 6.940441357554304,
        "12,26": 71.00565474705384,
        "12,27": 61.4112825970149,
        "12,28": 78.50340331030392,
        "12,29": 40.56864748405578,
        "12,30": 44.70864322120627,
        "12,31": 55.68285978502013,
        "12,32": 47.87163472615689,
        "12,33": 95.71225937698922,
        "12,34": 20.625474800100594,
        "12,35": 80.41581427544011,
        "12,36": 65.63619772686168,
        "12,37": 39.22245175591196,
        "12,38": 81.16739714452417,
        "12,39": 82.91646030435771,
        "12,40": 91.63230916666646,
        "12,41": 64.49381082735289,
        "12,42": 26.426532273350062,
        "12,43": 80.01828908737592,
        "12,44": 32.22963636320376,
        "12,45": 104.6956281053908,
        "12,46": 33.2419764342254,
        "12,47": 85.5445932018865,
        "12,48": 98.73064586383114,
        "12,49": 31.020717210432068,
        "12,50": 49.695236914139514,
        "12,51": 66.88341174723125,
        "12,52": 78.59241773433867,
        "12,53": 50.32358494416822,
        "12,54": 21.27884525998499,
        "12,55": 70.78629668715061,
        "12,56": 64.99330664589664,
        "12,57": 44.658302775076336,
        "12,58": 63.06921412692643,
        "12,59": 106.80784504206521,
        "12,60": 79.55823152960855,
        "13,0": 111.43140047086449,
        "13,1": 8.096476862968679,
        "13,2": 50.81277958273067,
        "13,3": 45.41466958535364,
        "13,4": 53.50804921060599,
        "13,5": 50.122529086443066,
        "13,6": 22.890931428197025,
        "13,7": 50.3052997778078,
        "13,8": 56.868585989828375,
        "13,9": 95.22314360258447,
        "13,10": 65.89627024448151,
        "13,11": 71.89061708025378,
        "13,12": 27.882815839946844,
        "13,13": 0.0,
        "13,14": 71.60711267778684,
        "13,15": 46.276834197347284,
        "13,16": 51.90523654106273,
        "13,17": 47.739484883281925,
        "13,18": 67.22039724540078,
        "13,19": 36.68216049042966,
        "13,20": 30.714253707361333,
        "13,21": 63.27251449404304,
        "13,22": 61.060946352674684,
        "13,23": 86.46298884867171,
        "13,24": 15.640781199532515,
        "13,25": 34.287867853555035,
        "13,26": 58.1915036402635,
        "13,27": 39.20235957559324,
        "13,28": 85.19328397971555,
        "13,29": 17.35212486856006,
        "13,30": 31.709563641531563,
        "13,31": 51.83903520647611,
        "13,32": 65.18171761647086,
        "13,33": 85.93962997310231,
        "13,34": 45.763834583783,
        "13,35": 64.89878802180009,
        "13,36": 37.77440988776279,
        "13,37": 11.472437849817343,
        "13,38": 79.50372950365342,
        "13,39": 88.25554579296313,
        "13,40": 97.79500301439367,
        "13,41": 76.71697817749632,
        "13,42": 18.058706439700668,
        "13,43": 87.13447122819028,
        "13,44": 41.81789807381122,
        "13,45": 93.79209845511657,
        "13,46": 59.6666861950027,
        "13,47": 72.60196030024721,
        "13,48": 90.71885116348648,
        "13,49": 58.30356556583447,
        "13,50": 59.54618420998394,
        "13,51": 70.95025549898178,
        "13,52": 85.20604870475972,
        "13,53": 70.14441352113998,
        "13,54": 48.84967177712841,
        "13,55": 44.71421409040097,
        "13,56": 50.75347734705023,
        "13,57": 30.28674803727996,
        "13,58": 68.506558207585,
        "13,59": 96.4673619551603,
        "13,60": 56.56381369305863,
        "14,0": 100.69798426236743,
        "14,1": 67.70355940075981,
        "14,2": 94.61012210934494,
        "14,3": 39.9303236253471,
        "14,4": 27.085359423853376,
        "14,5": 23.10595016023017,
        "14,6": 64.30994978517022,
        "14,7": 28.016626668776375,
        "14,8": 22.794385185808654,
        "14,9": 29.817758781557632,
        "14,10": 6.074407752064371,
        "14,11": 12.012065625076565,
        "14,12": 89.51184068173062,
        "14,13": 71.60711267778684,
        "14,14": 0.0,
        "14,15": 100.28863397393118,
        "14,16": 49.546819950783465,
        "14,17": 37.367379201075316,
        "14,18": 24.71902272499734,
        "14,19": 77.80852965372902,
        "14,20": 49.835769438024585,
        "14,21": 8.786440648517672,
        "14,22": 41.00627901178511,
        "14,23": 29.88683535612858,
        "14,24": 67.47543975854425,
