{
    "num_robots": 3,
    "num_tasks": 30,
    "num_nodes": 31,
    "robot_capacity": [
        143,
        147,
        135
    ],
    "robot_speed": [
        1.03,
        1.05,
        0.8
    ],
    "task_demand": {
        "0": 0,
        "1": 13,
        "2": 10,
        "3": 9,
        "4": 7,
        "5": 7,
        "6": 15,
        "7": 14,
        "8": 11,
        "9": 10,
        "10": 10,
        "11": 15,
        "12": 14,
        "13": 13,
        "14": 5,
        "15": 14,
        "16": 6,
        "17": 13,
        "18": 5,
        "19": 12,
        "20": 8,
        "21": 7,
        "22": 12,
        "23": 7,
        "24": 5,
        "25": 12,
        "26": 6,
        "27": 15,
        "28": 15,
        "29": 10,
        "30": 5
    },
    "task_service_time": {
        "0": 0,
        "1": 77,
        "2": 37,
        "3": 96,
        "4": 22,
        "5": 93,
        "6": 46,
        "7": 41,
        "8": 34,
        "9": 32,
        "10": 25,
        "11": 32,
        "12": 85,
        "13": 42,
        "14": 63,
        "15": 41,
        "16": 51,
        "17": 69,
        "18": 100,
        "19": 78,
        "20": 24,
        "21": 99,
        "22": 47,
        "23": 98,
        "24": 92,
        "25": 34,
        "26": 32,
        "27": 26,
        "28": 54,
        "29": 20,
        "30": 70
    },
    "task_precedence": [],
    "coordinates": {
        "0": [
            0,
            0
        ],
        "1": [
            18.390655188250705,
            83.18447982054685
        ],
        "2": [
            66.79210849203051,
            65.06176651907545
        ],
        "3": [
            89.60891486296364,
            80.27787956720292
        ],
        "4": [
            32.532797934941726,
            64.61571606416669
        ],
        "5": [
            49.23162042775518,
            48.33183695790372
        ],
        "6": [
            3.320938774876536,
            85.3923005673113
        ],
        "7": [
            43.123951391128614,
            98.97612476915977
        ],
        "8": [
            18.580682979804763,
            55.646133262674724
        ],
        "9": [
            47.06443167467249,
            86.18274042223004
        ],
        "10": [
            47.92779058322212,
            58.803272879833266
        ],
        "11": [
            39.09098900193237,
            34.19676430208363
        ],
        "12": [
            86.43304220501277,
            29.3613283866241
        ],
        "13": [
            47.166742298908126,
            76.68930734641388
        ],
        "14": [
            97.32403003702431,
            28.035225027473665
        ],
        "15": [
            12.322379717533083,
            44.04514629195935
        ],
        "16": [
            13.115510104204308,
            67.66503841702128
        ],
        "17": [
            3.434349251481361,
            73.63613561739707
        ],
        "18": [
            21.25363151476366,
            23.882825905177697
        ],
        "19": [
            86.94165315298821,
            28.300514223710405
        ],
        "20": [
            31.63290010311658,
            3.6234499460146674
        ],
        "21": [
            17.12332866077545,
            41.75930880432702
        ],
        "22": [
            85.8859927288119,
            27.40746335693395
        ],
        "23": [
            91.66573597740046,
            85.86468289774885
        ],
        "24": [
            9.304065663603488,
            19.15522182221291
        ],
        "25": [
            23.718580104191812,
            50.361623072483006
        ],
        "26": [
            41.04104825791824,
            8.820962924969466
        ],
        "27": [
            44.72762051556498,
            99.54134564778124
        ],
        "28": [
            16.193160147500084,
            84.72908828488428
        ],
        "29": [
            54.50246576922453,
            57.248146413101466
        ],
        "30": [
            5.06537395950768,
            91.38779703462802
        ]
    },
    "distance_matrix_str_keys": {
        "0,0": 0.0,
        "0,1": 85.19315630535178,
        "0,2": 93.24279714484042,
        "0,3": 120.30916661137755,
        "0,4": 72.34344271570684,
        "0,5": 68.9907161411443,
        "0,6": 85.45685244920101,
        "0,7": 107.96271790717714,
        "0,8": 58.66629293796703,
        "0,9": 98.1963618243843,
        "0,10": 75.86104409754277,
        "0,11": 51.9376944990963,
        "0,12": 91.2839437658162,
        "0,13": 90.03305748648292,
        "0,14": 101.28149221347746,
        "0,15": 45.736374515074665,
        "0,16": 68.92440808066799,
        "0,17": 73.71618020112575,
        "0,18": 31.97039608422739,
        "0,19": 91.43177871123879,
        "0,20": 31.839751230891025,
        "0,21": 45.13367098120956,
        "0,22": 90.15305205413296,
        "0,23": 125.59996385910887,
        "0,24": 21.295261466599257,
        "0,25": 55.66744219607918,
        "0,26": 41.97829235488814,
        "0,27": 109.12854590049044,
        "0,28": 86.26260393212287,
        "0,29": 79.04346299765335,
        "0,30": 91.52806924759216,
        "1,0": 85.19315630535178,
        "1,1": 0.0,
        "1,2": 51.68300900030208,
        "1,3": 71.27754791045763,
        "1,4": 23.340933762556354,
        "1,5": 46.5389283440785,
        "1,6": 15.230588472851675,
        "1,7": 29.344709765856376,
        "1,8": 27.53900219149254,
        "1,9": 28.830106219521294,
        "1,10": 38.2999428097063,
        "1,11": 53.18176465402155,
        "1,12": 86.75654477454604,
        "1,13": 29.500007709641007,
        "1,14": 96.29079898540832,
        "1,15": 39.60696146197695,
        "1,16": 16.391467815153188,
        "1,17": 17.744350207772218,
        "1,18": 59.37072334530203,
        "1,19": 87.8150841347668,
        "1,20": 80.6555300340993,
        "1,21": 41.444552238506596,
        "1,22": 87.55967196887181,
        "1,23": 73.32408167301836,
        "1,24": 64.6707970339522,
        "1,25": 33.252469216793905,
        "1,26": 77.73656122629343,
        "1,27": 31.002948284676123,
        "1,28": 2.686037930154078,
        "1,29": 44.46072709772413,
        "1,30": 15.64792424380728,
        "2,0": 93.24279714484042,
        "2,1": 51.68300900030208,
        "2,2": 0.0,
        "2,3": 27.425111654504708,
        "2,4": 34.262214184949855,
        "2,5": 24.254098296521434,
        "2,6": 66.64773064366288,
        "2,7": 41.35656363950026,
        "2,8": 49.122252590246006,
        "2,9": 28.90115518846716,
        "2,10": 19.875392645103236,
        "2,11": 41.47288732243759,
        "2,12": 40.7466263630101,
        "2,13": 22.81128457377123,
        "2,14": 47.99128054197935,
        "2,15": 58.38364221713252,
        "2,16": 53.739689607055055,
        "2,17": 63.93532248622543,
        "2,18": 61.395912205064434,
        "2,19": 41.92128123480257,
        "2,20": 70.78726352859468,
        "2,21": 54.86339604393195,
        "2,22": 42.21875130642862,
        "2,23": 32.42620351103455,
        "2,24": 73.56823984742395,
        "2,25": 45.512889000022184,
        "2,26": 61.85584121238416,
        "2,27": 40.935107262059006,
        "2,28": 54.28680428071187,
        "2,29": 14.56324062201469,
        "2,30": 67.10625633094392,
        "3,0": 120.30916661137755,
        "3,1": 71.27754791045763,
        "3,2": 27.425111654504708,
        "3,3": 0.0,
        "3,4": 59.18603288933184,
        "3,5": 51.48665404066064,
        "3,6": 86.43941299861217,
        "3,7": 50.10465250463613,
        "3,8": 75.17800642780058,
        "3,9": 42.95230414629721,
        "3,10": 46.88789666428299,
        "3,11": 68.37784741696584,
        "3,12": 51.01550108804208,
        "3,13": 42.59361293129389,
        "3,14": 52.809260130269905,
        "3,15": 85.35818341190735,
        "3,16": 77.52628414587598,
        "3,17": 86.43013664817641,
        "3,18": 88.61628991983025,
        "3,19": 52.045756725024155,
        "3,20": 96.10993636447641,
        "3,21": 82.0843499133028,
        "3,22": 53.001330732954514,
        "3,23": 5.953392692489908,
        "3,24": 100.92000839646795,
        "3,25": 72.36379355230684,
        "3,26": 86.39981830177992,
        "3,27": 48.84067677392924,
        "3,28": 73.55056967481268,
        "3,29": 41.98608551794767,
        "3,30": 85.2703968246151,
        "4,0": 72.34344271570684,
        "4,1": 23.340933762556354,
        "4,2": 34.262214184949855,
        "4,3": 59.18603288933184,
        "4,4": 0.0,
        "4,5": 23.324137527331644,
        "4,6": 35.846885209231125,
        "4,7": 35.95567017740962,
        "4,8": 16.58658877992027,
        "4,9": 26.005863162121333,
        "4,10": 16.455707046848868,
        "4,11": 31.117880653654613,
        "4,12": 64.40580861142722,
        "4,13": 18.971661342603063,
        "4,14": 74.40454342169916,
        "4,15": 28.837637650747567,
        "4,16": 19.65526477850965,
        "4,17": 30.464531585111846,
        "4,18": 42.26568272059893,
        "4,19": 65.41496320301206,
        "4,20": 60.998904435532275,
        "4,21": 27.565686933924326,
        "4,22": 65.04627171666296,
        "4,23": 62.8348864328403,
        "4,24": 51.051254045872604,
        "4,25": 16.759164745997207,
        "4,26": 56.43974487382441,
        "4,27": 36.9934223826984,
        "4,28": 25.913924926840494,
        "4,29": 23.172125222171957,
        "4,30": 38.35627327224566,
        "5,0": 68.9907161411443,
        "5,1": 46.5389283440785,
        "5,2": 24.254098296521434,
        "5,3": 51.48665404066064,
        "5,4": 23.324137527331644,
        "5,5": 0.0,
        "5,6": 59.00227667451648,
        "5,7": 51.01124884738959,
        "5,8": 31.511567667638435,
        "5,9": 37.91289490605061,
        "5,10": 10.552295604775846,
        "5,11": 17.396341129665686,
        "5,12": 41.759142444528344,
        "5,13": 28.432549103487396,
        "5,14": 52.19992641642512,
        "5,15": 37.157337992254114,
        "5,16": 40.96518160049731,
        "5,17": 52.32301193396648,
        "5,18": 37.155376529807846,
        "5,19": 42.70012246609552,
        "5,20": 48.047422680823345,
        "5,21": 32.77408315305032,
        "5,22": 42.20630781503441,
        "5,23": 56.65129024854417,
        "5,24": 49.45184021065904,
        "5,25": 25.593656601250032,
        "5,26": 40.3508939097476,
        "5,27": 51.40719595025244,
        "5,28": 49.155872099367556,
        "5,29": 10.357721028997542,
        "5,30": 61.68041038467936,
        "6,0": 85.45685244920101,
        "6,1": 15.230588472851675,
        "6,2": 66.64773064366288,
        "6,3": 86.43941299861217,
        "6,4": 35.846885209231125,
        "6,5": 59.00227667451648,
        "6,6": 0.0,
        "6,7": 42.05710514617294,
        "6,8": 33.43193477074383,
        "6,9": 43.75063389527909,
        "6,10": 51.930218771127635,
        "6,11": 62.45381835188572,
        "6,12": 100.23518134913812,
        "6,13": 44.7011921280738,
        "6,14": 110.12000400164506,
        "6,15": 42.315636657314855,
        "6,16": 20.253134346821348,
        "6,17": 11.756711966608496,
        "6,18": 64.07025005503611,
        "6,19": 101.25164660887795,
        "6,20": 86.53156699251251,
        "6,21": 45.76400263035367,
        "6,22": 100.89216758862018,
        "6,23": 88.34606011487546,
        "6,24": 66.50675460470893,
        "6,25": 40.53655310390931,
        "6,26": 85.35793113560197,
        "6,27": 43.75738531338261,
        "6,28": 12.889295310349146,
        "6,29": 58.40926397866265,
        "6,30": 6.244119794093195,
        "7,0": 107.96271790717714,
        "7,1": 29.344709765856376,
        "7,2": 41.35656363950026,
        "7,3": 50.10465250463613,
        "7,4": 35.95567017740962,
        "7,5": 51.01124884738959,
        "7,6": 42.05710514617294,
        "7,7": 0.0,
        "7,8": 49.798194628544046,
        "7,9": 13.386488259183757,
        "7,10": 40.459052137998206,
        "7,11": 64.90477893157066,
        "7,12": 81.98717718343013,
        "7,13": 22.650527348360658,
        "7,14": 89.2763114234747,
        "7,15": 62.97737065030818,
        "7,16": 43.369236528002844,
        "7,17": 47.08905996316918,
        "7,18": 78.21326246724308,
        "7,19": 83.15667690368169,
        "7,20": 96.04257834748175,
        "7,21": 62.84740576602743,
        "7,22": 83.37065116516456,
        "7,23": 50.281355975822756,
        "7,24": 86.69002951832908,
        "7,25": 52.34441909124658,
        "7,26": 90.17921984922293,
        "7,27": 1.7003615210596037,
        "7,28": 30.46712269959498,
        "7,29": 43.25152907281089,
        "7,30": 38.80770585754007,
        "8,0": 58.66629293796703,
        "8,1": 27.53900219149254,
        "8,2": 49.122252590246006,
        "8,3": 75.17800642780058,
        "8,4": 16.58658877992027,
        "8,5": 31.511567667638435,
        "8,6": 33.43193477074383,
        "8,7": 49.798194628544046,
        "8,8": 0.0,
        "8,9": 41.758930979245434,
        "8,10": 29.51644042307251,
        "8,11": 29.677400188171685,
        "8,12": 72.76560739661784,
        "8,13": 35.49616828495503,
        "8,14": 83.44385513233686,
        "8,15": 13.181398196597668,
        "8,16": 13.203113105225492,
        "8,17": 23.517049350049483,
        "8,18": 31.87557604432214,
        "8,19": 73.62747533117677,
        "8,20": 53.635062704350176,
        "8,21": 13.963086161309661,
        "8,22": 72.98922659170451,
        "8,23": 79.08593878629,
        "8,24": 37.65159022653455,
        "8,25": 7.370484028272825,
        "8,26": 51.93327050727113,
        "8,27": 51.09258275750557,
        "8,28": 29.180790566717697,
        "8,29": 35.95748774461856,
        "8,30": 38.21164884039268,
        "9,0": 98.1963618243843,
        "9,1": 28.830106219521294,
        "9,2": 28.90115518846716,
        "9,3": 42.95230414629721,
        "9,4": 26.005863162121333,
        "9,5": 37.91289490605061,
        "9,6": 43.75063389527909,
        "9,7": 13.386488259183757,
        "9,8": 41.758930979245434,
        "9,9": 0.0,
        "9,10": 27.39307634257479,
        "9,11": 52.59389224253997,
        "9,12": 69.1271318717168,
        "9,13": 9.493984360047772,
        "9,14": 76.85805601320104,
        "9,15": 54.613066323728766,
        "9,16": 38.670849012550946,
        "9,17": 45.39825309836392,
        "9,18": 67.43498167662521,
        "9,19": 70.28900982747756,
        "9,20": 83.98909816505969,
        "9,21": 53.57154959863771,
        "9,22": 70.43895794787565,
        "9,23": 44.602438342465305,
        "9,24": 76.93200563462217,
        "9,25": 42.75723603947364,
        "9,26": 77.59591332873713,
        "9,27": 13.561453460652853,
        "9,28": 30.905477026585686,
        "9,29": 29.875325632782946,
        "9,30": 42.320367003371,
        "10,0": 75.86104409754277,
        "10,1": 38.2999428097063,
        "10,2": 19.875392645103236,
        "10,3": 46.88789666428299,
        "10,4": 16.455707046848868,
        "10,5": 10.552295604775846,
        "10,6": 51.930218771127635,
        "10,7": 40.459052137998206,
        "10,8": 29.51644042307251,
        "10,9": 27.39307634257479,
        "10,10": 0.0,
        "10,11": 26.145158759777143,
        "10,12": 48.471460654684435,
        "10,13": 17.902218394119963,
        "10,14": 58.19502762970781,
        "10,15": 38.542801964805804,
        "10,16": 35.922496580637294,
        "10,17": 46.90074773958796,
        "10,18": 43.94255771935853,
        "10,19": 49.522719616821064,
        "10,20": 57.535522199474364,
        "10,21": 35.20527781084271,
        "10,22": 49.259739805683424,
        "10,23": 51.43275006707174,
        "10,24": 55.35124279845973,
        "10,25": 25.638785530674568,
        "10,26": 50.454519403906815,
        "10,27": 40.863573770640194,
        "10,28": 40.978465970661176,
        "10,29": 6.7560914831702465,
        "10,30": 53.8417864972855,
        "11,0": 51.9376944990963,
        "11,1": 53.18176465402155,
        "11,2": 41.47288732243759,
        "11,3": 68.37784741696584,
        "11,4": 31.117880653654613,
        "11,5": 17.396341129665686,
        "11,6": 62.45381835188572,
        "11,7": 64.90477893157066,
        "11,8": 29.677400188171685,
        "11,9": 52.59389224253997,
        "11,10": 26.145158759777143,
        "11,11": 0.0,
        "11,12": 47.58835405827576,
        "11,13": 43.253138680191455,
        "11,14": 58.55810477147688,
        "11,15": 28.522781611184705,
        "11,16": 42.36568040523982,
        "11,17": 53.16822329211887,
        "11,18": 20.604578311147844,
        "11,19": 48.21256915664065,
        "11,20": 31.469836998905027,
        "11,21": 23.2329546165108,
        "11,22": 47.28495512446299,
        "11,23": 73.71348473341074,
        "11,24": 33.36927931701908,
        "11,25": 22.307254747868253,
        "11,26": 25.450619376207825,
        "11,27": 65.58723904895653,
        "11,28": 55.478160868485915,
        "11,29": 27.728682503446482,
        "11,30": 66.5474019329849,
        "12,0": 91.2839437658162,
        "12,1": 86.75654477454604,
        "12,2": 40.7466263630101,
        "12,3": 51.01550108804208,
        "12,4": 64.40580861142722,
        "12,5": 41.759142444528344,
        "12,6": 100.23518134913812,
        "12,7": 81.98717718343013,
        "12,8": 72.76560739661784,
        "12,9": 69.1271318717168,
        "12,10": 48.471460654684435,
        "12,11": 47.58835405827576,
        "12,12": 0.0,
        "12,13": 61.496177935986054,
        "12,14": 10.971424979289319,
        "12,15": 75.55133885385601,
        "12,16": 82.72021950796449,
        "12,17": 94.0693445672749,
        "12,18": 65.40924680324163,
        "12,19": 1.1764403021992904,
        "12,20": 60.54332300932616,
        "12,21": 70.40984526344295,
        "12,22": 2.0290026327379995,
        "12,23": 56.745133316659214,
        "12,24": 77.80130868776811,
        "12,25": 66.13710103631865,
        "12,26": 49.823084286216165,
        "12,27": 81.63686067623483,
        "12,28": 89.4384138254066,
        "12,29": 42.393824210179226,
        "12,30": 102.31314797547962,
        "13,0": 90.03305748648292,
        "13,1": 29.500007709641007,
        "13,2": 22.81128457377123,
        "13,3": 42.59361293129389,
        "13,4": 18.971661342603063,
        "13,5": 28.432549103487396,
        "13,6": 44.7011921280738,
        "13,7": 22.650527348360658,
        "13,8": 35.49616828495503,
        "13,9": 9.493984360047772,
        "13,10": 17.902218394119963,
        "13,11": 43.253138680191455,
        "13,12": 61.496177935986054,
        "13,13": 0.0,
        "13,14": 69.87827444594201,
        "13,15": 47.746946024342705,
        "13,16": 35.22674897982546,
        "13,17": 43.83884190146323,
        "13,18": 58.82188192088864,
        "13,19": 62.6379983182877,
        "13,20": 74.69886057376796,
        "13,21": 46.07289334502585,
        "13,22": 62.67280511399696,
        "13,23": 45.43509607018055,
        "13,24": 68.87491037450224,
        "13,25": 35.25568421598864,
        "13,26": 68.14423161201266,
        "13,27": 22.981839995986828,
        "13,28": 32.00001357544423,
        "13,29": 20.779113967344806,
        "13,30": 44.59339429965393,
        "14,0": 101.28149221347746,
        "14,1": 96.29079898540832,
        "14,2": 47.99128054197935,
        "14,3": 52.809260130269905,
        "14,4": 74.40454342169916,
        "14,5": 52.19992641642512,
        "14,6": 110.12000400164506,
        "14,7": 89.2763114234747,
        "14,8": 83.44385513233686,
        "14,9": 76.85805601320104,
        "14,10": 58.19502762970781,
        "14,11": 58.55810477147688,
        "14,12": 10.971424979289319,
        "14,13": 69.87827444594201,
        "14,14": 0.0,
        "14,15": 86.49623191753554,
        "14,16": 93.06770083421269,
        "14,17": 104.37775244103192,
        "14,18": 76.18364620971091,
        "14,19": 10.385765649185775,
        "14,20": 70.08037752910076,
        "14,21": 81.36647329678445,
        "14,22": 11.455251292706674,
        "14,23": 58.10561495445261,
        "14,24": 88.46676542760967,
        "14,25": 76.91703523588848,
        "14,26": 59.47236254001446,
        "14,27": 88.76659045336277,
        "14,28": 98.97682648014576,
        "14,29": 51.83706340278332,
        "14,30": 111.91607570474929,
        "15,0": 45.736374515074665,
        "15,1": 39.60696146197695,
        "15,2": 58.38364221713252,
        "15,3": 85.35818341190735,
        "15,4": 28.837637650747567,
        "15,5": 37.157337992254114,
        "15,6": 42.315636657314855,
        "15,7": 62.97737065030818,
        "15,8": 13.181398196597668,
        "15,9": 54.613066323728766,
        "15,10": 38.542801964805804,
        "15,11": 28.522781611184705,
        "15,12": 75.55133885385601,
        "15,13": 47.746946024342705,
        "15,14": 86.49623191753554,
        "15,15": 0.0,
        "15,16": 23.63320460305423,
        "15,17": 30.896985853374648,
        "15,18": 22.051902912101834,
        "15,19": 76.2622410305372,
        "15,20": 44.79742998259826,
        "15,21": 5.317345557276231,
        "15,22": 75.42159937789457,
        "15,23": 89.68969742675691,
        "15,24": 25.072266747101896,
        "15,25": 13.029630162509413,
        "15,26": 45.44782741346208,
        "15,27": 64.26451411252992,
        "15,28": 40.86766542415528,
        "15,29": 44.19817724213267,
        "15,30": 47.89562309767272,
        "16,0": 68.92440808066799,
        "16,1": 16.391467815153188,
        "16,2": 53.739689607055055,
        "16,3": 77.52628414587598,
        "16,4": 19.65526477850965,
        "16,5": 40.96518160049731,
        "16,6": 20.253134346821348,
        "16,7": 43.369236528002844,
        "16,8": 13.203113105225492,
        "16,9": 38.670849012550946,
        "16,10": 35.922496580637294,
        "16,11": 42.36568040523982,
        "16,12": 82.72021950796449,
        "16,13": 35.22674897982546,
        "16,14": 93.06770083421269,
        "16,15": 23.63320460305423,
        "16,16": 0.0,
        "16,17": 11.37448360289956,
        "16,18": 44.53213617743076,
        "16,19": 83.66519684089234,
        "16,20": 66.6649742088121,
        "16,21": 26.213916844844462,
        "16,22": 83.16378713801387,
        "16,23": 80.63104268180471,
        "16,24": 48.65931991700801,
        "16,25": 20.293675763898406,
        "16,26": 65.13417614193662,
        "16,27": 44.8934793408782,
        "16,28": 17.339369298850343,
        "16,29": 42.67776632205203,
        "16,30": 25.05142647390336,
        "17,0": 73.71618020112575,
        "17,1": 17.744350207772218,
        "17,2": 63.93532248622543,
        "17,3": 86.43013664817641,
        "17,4": 30.464531585111846,
        "17,5": 52.32301193396648,
        "17,6": 11.756711966608496,
        "17,7": 47.08905996316918,
        "17,8": 23.517049350049483,
        "17,9": 45.39825309836392,
        "17,10": 46.90074773958796,
        "17,11": 53.16822329211887,
        "17,12": 94.0693445672749,
        "17,13": 43.83884190146323,
        "17,14": 104.37775244103192,
        "17,15": 30.896985853374648,
        "17,16": 11.37448360289956,
        "17,17": 0.0,
        "17,18": 52.84807137160778,
        "17,19": 95.01993670830517,
        "17,20": 75.47803935617334,
        "17,21": 34.69178930148371,
        "17,22": 94.52705248275826,
        "17,23": 89.07477180530125,
        "17,24": 54.79620003902665,
        "17,25": 30.873175338623863,
        "17,26": 74.93510806898162,
        "17,27": 48.746427134791226,
        "17,28": 16.906828631161957,
        "17,29": 53.63318669284813,
        "17,30": 17.826433313206493,
        "18,0": 31.97039608422739,
        "18,1": 59.37072334530203,
        "18,2": 61.395912205064434,
        "18,3": 88.61628991983025,
        "18,4": 42.26568272059893,
        "18,5": 37.155376529807846,
        "18,6": 64.07025005503611,
        "18,7": 78.21326246724308,
        "18,8": 31.87557604432214,
        "18,9": 67.43498167662521,
        "18,10": 43.94255771935853,
        "18,11": 20.604578311147844,
        "18,12": 65.40924680324163,
        "18,13": 58.82188192088864,
        "18,14": 76.18364620971091,
        "18,15": 22.051902912101834,
        "18,16": 44.53213617743076,
        "18,17": 52.84807137160778,
        "18,18": 0.0,
        "18,19": 65.83640449495671,
        "18,20": 22.76338135435688,
        "18,21": 18.3474260458856,
        "18,22": 64.72839550977245,
        "18,23": 93.80626338952436,
        "18,24": 12.850772910470354,
        "18,25": 26.59328244079357,
        "18,26": 24.86768139175507,
        "18,27": 79.21641098441454,
        "18,28": 61.05633477403464,
        "18,29": 47.1033925729038,
        "18,30": 69.41887934750333,
        "19,0": 91.43177871123879,
        "19,1": 87.8150841347668,
        "19,2": 41.92128123480257,
        "19,3": 52.045756725024155,
        "19,4": 65.41496320301206,
        "19,5": 42.70012246609552,
        "19,6": 101.25164660887795,
        "19,7": 83.15667690368169,
        "19,8": 73.62747533117677,
        "19,9": 70.28900982747756,
        "19,10": 49.522719616821064,
        "19,11": 48.21256915664065,
        "19,12": 1.1764403021992904,
        "19,13": 62.6379983182877,
        "19,14": 10.385765649185775,
        "19,15": 76.2622410305372,
        "19,16": 83.66519684089234,
        "19,17": 95.01993670830517,
        "19,18": 65.83640449495671,
        "19,19": 0.0,
        "19,20": 60.564145047191175,
        "19,21": 71.10371007523553,
        "19,22": 1.3827359769031413,
        "19,23": 57.75768757200253,
        "19,24": 78.1743651351308,
        "19,25": 66.96155232199175,
        "19,26": 49.862996786531,
        "19,27": 82.80869889997253,
        "19,28": 90.49603987537239,
        "19,29": 43.477192727810774,
        "19,30": 103.3621320747278,
        "20,0": 31.839751230891025,
        "20,1": 80.6555300340993,
        "20,2": 70.78726352859468,
        "20,3": 96.10993636447641,
        "20,4": 60.998904435532275,
        "20,5": 48.047422680823345,
        "20,6": 86.53156699251251,
        "20,7": 96.04257834748175,
        "20,8": 53.635062704350176,
        "20,9": 83.98909816505969,
        "20,10": 57.535522199474364,
        "20,11": 31.469836998905027,
        "20,12": 60.54332300932616,
        "20,13": 74.69886057376796,
        "20,14": 70.08037752910076,
        "20,15": 44.79742998259826,
        "20,16": 66.6649742088121,
        "20,17": 75.47803935617334,
        "20,18": 22.76338135435688,
        "20,19": 60.564145047191175,
        "20,20": 0.0,
        "20,21": 40.80283561594123,
        "20,22": 59.23746579136437,
        "20,23": 101.8212246072994,
        "20,24": 27.199499720425898,
        "20,25": 47.40351556841652,
        "20,26": 10.748366986156618,
        "20,27": 96.80761549865363,
        "20,28": 82.56215925139419,
        "20,29": 58.29772812849241,
        "20,30": 91.69740489938599,
        "21,0": 45.13367098120956,
        "21,1": 41.444552238506596,
        "21,2": 54.86339604393195,
        "21,3": 82.0843499133028,
        "21,4": 27.565686933924326,
        "21,5": 32.77408315305032,
        "21,6": 45.76400263035367,
        "21,7": 62.84740576602743,
        "21,8": 13.963086161309661,
        "21,9": 53.57154959863771,
        "21,10": 35.20527781084271,
        "21,11": 23.2329546165108,
        "21,12": 70.40984526344295,
        "21,13": 46.07289334502585,
        "21,14": 81.36647329678445,
        "21,15": 5.317345557276231,
        "21,16": 26.213916844844462,
        "21,17": 34.69178930148371,
        "21,18": 18.3474260458856,
        "21,19": 71.10371007523553,
        "21,20": 40.80283561594123,
        "21,21": 0.0,
        "21,22": 70.2444263801726,
        "21,23": 86.61324674943386,
        "21,24": 23.918311439437428,
        "21,25": 10.839610342166626,
        "21,26": 40.70616587196268,
        "21,27": 64.0371822504918,
        "21,28": 42.979845998686514,
        "21,29": 40.461141623083506,
        "21,30": 51.0723126126373,
        "22,0": 90.15305205413296,
        "22,1": 87.55967196887181,
        "22,2": 42.21875130642862,
        "22,3": 53.001330732954514,
        "22,4": 65.04627171666296,
        "22,5": 42.20630781503441,
        "22,6": 100.89216758862018,
        "22,7": 83.37065116516456,
        "22,8": 72.98922659170451,
        "22,9": 70.43895794787565,
        "22,10": 49.259739805683424,
        "22,11": 47.28495512446299,
        "22,12": 2.0290026327379995,
        "22,13": 62.67280511399696,
        "22,14": 11.455251292706674,
        "22,15": 75.42159937789457,
        "22,16": 83.16378713801387,
        "22,17": 94.52705248275826,
        "22,18": 64.72839550977245,
        "22,19": 1.3827359769031413,
        "22,20": 59.23746579136437,
        "22,21": 70.2444263801726,
        "22,22": 0.0,
        "22,23": 58.74225011405876,
        "22,24": 77.02526237130436,
        "22,25": 66.26975660651478,
        "22,26": 48.544073200597325,
        "22,27": 83.05003658996178,
        "22,28": 90.2377947291897,
        "22,29": 43.3057978760557,
        "22,30": 103.07985019276214,
        "23,0": 125.59996385910887,
        "23,1": 73.32408167301836,
        "23,2": 32.42620351103455,
        "23,3": 5.953392692489908,
        "23,4": 62.8348864328403,
        "23,5": 56.65129024854417,
        "23,6": 88.34606011487546,
        "23,7": 50.281355975822756,
        "23,8": 79.08593878629,
        "23,9": 44.602438342465305,
        "23,10": 51.43275006707174,
        "23,11": 73.71348473341074,
        "23,12": 56.745133316659214,
        "23,13": 45.43509607018055,
        "23,14": 58.10561495445261,
        "23,15": 89.68969742675691,
        "23,16": 80.63104268180471,
        "23,17": 89.07477180530125,
        "23,18": 93.80626338952436,
        "23,19": 57.75768757200253,
        "23,20": 101.8212246072994,
        "23,21": 86.61324674943386,
        "23,22": 58.74225011405876,
        "23,23": 0.0,
        "23,24": 105.98866417625533,
        "23,25": 76.66344140602168,
        "23,26": 92.18781803437555,
        "23,27": 48.89005816203048,
        "23,28": 75.4811186822561,
        "23,29": 46.90431550447199,
        "23,30": 86.77630720075084,
        "24,0": 21.295261466599257,
        "24,1": 64.6707970339522,
        "24,2": 73.56823984742395,
        "24,3": 100.92000839646795,
        "24,4": 51.051254045872604,
        "24,5": 49.45184021065904,
        "24,6": 66.50675460470893,
        "24,7": 86.69002951832908,
        "24,8": 37.65159022653455,
        "24,9": 76.93200563462217,
        "24,10": 55.35124279845973,
        "24,11": 33.36927931701908,
        "24,12": 77.80130868776811,
        "24,13": 68.87491037450224,
        "24,14": 88.46676542760967,
        "24,15": 25.072266747101896,
        "24,16": 48.65931991700801,
        "24,17": 54.79620003902665,
        "24,18": 12.850772910470354,
        "24,19": 78.1743651351308,
        "24,20": 27.199499720425898,
        "24,21": 23.918311439437428,
        "24,22": 77.02526237130436,
        "24,23": 105.98866417625533,
        "24,24": 0.0,
        "24,25": 34.37466662457671,
        "24,26": 33.37713245842268,
        "24,27": 87.84507466016254,
        "24,28": 65.93475248814022,
        "24,29": 59.10978155935722,
        "24,30": 72.35683401849184,
        "25,0": 55.66744219607918,
        "25,1": 33.252469216793905,
        "25,2": 45.512889000022184,
        "25,3": 72.36379355230684,
        "25,4": 16.759164745997207,
        "25,5": 25.593656601250032,
        "25,6": 40.53655310390931,
        "25,7": 52.34441909124658,
        "25,8": 7.370484028272825,
        "25,9": 42.75723603947364,
        "25,10": 25.638785530674568,
        "25,11": 22.307254747868253,
        "25,12": 66.13710103631865,
        "25,13": 35.25568421598864,
        "25,14": 76.91703523588848,
        "25,15": 13.029630162509413,
        "25,16": 20.293675763898406,
        "25,17": 30.873175338623863,
        "25,18": 26.59328244079357,
        "25,19": 66.96155232199175,
        "25,20": 47.40351556841652,
        "25,21": 10.839610342166626,
        "25,22": 66.26975660651478,
        "25,23": 76.66344140602168,
        "25,24": 34.37466662457671,
        "25,25": 0.0,
        "25,26": 45.0077143213037,
        "25,27": 53.47920055114895,
        "25,28": 35.18173689075322,
        "25,29": 31.54475899985114,
        "25,30": 45.06760532187469,
        "26,0": 41.97829235488814,
        "26,1": 77.73656122629343,
        "26,2": 61.85584121238416,
        "26,3": 86.39981830177992,
        "26,4": 56.43974487382441,
        "26,5": 40.3508939097476,
        "26,6": 85.35793113560197,
        "26,7": 90.17921984922293,
        "26,8": 51.93327050727113,
        "26,9": 77.59591332873713,
        "26,10": 50.454519403906815,
        "26,11": 25.450619376207825,
        "26,12": 49.823084286216165,
        "26,13": 68.14423161201266,
        "26,14": 59.47236254001446,
        "26,15": 45.44782741346208,
        "26,16": 65.13417614193662,
        "26,17": 74.93510806898162,
        "26,18": 24.86768139175507,
        "26,19": 49.862996786531,
        "26,20": 10.748366986156618,
        "26,21": 40.70616587196268,
        "26,22": 48.544073200597325,
        "26,23": 92.18781803437555,
        "26,24": 33.37713245842268,
        "26,25": 45.0077143213037,
        "26,26": 0.0,
        "26,27": 90.79525679452806,
        "26,28": 79.87152833897949,
        "26,29": 50.26332521836283,
        "26,30": 90.0640396391212,
        "27,0": 109.12854590049044,
        "27,1": 31.002948284676123,
        "27,2": 40.935107262059006,
        "27,3": 48.84067677392924,
        "27,4": 36.9934223826984,
        "27,5": 51.40719595025244,
        "27,6": 43.75738531338261,
        "27,7": 1.7003615210596037,
        "27,8": 51.09258275750557,
        "27,9": 13.561453460652853,
        "27,10": 40.863573770640194,
        "27,11": 65.58723904895653,
        "27,12": 81.63686067623483,
        "27,13": 22.981839995986828,
        "27,14": 88.76659045336277,
        "27,15": 64.26451411252992,
        "27,16": 44.8934793408782,
        "27,17": 48.746427134791226,
        "27,18": 79.21641098441454,
        "27,19": 82.80869889997253,
        "27,20": 96.80761549865363,
        "27,21": 64.0371822504918,
        "27,22": 83.05003658996178,
        "27,23": 48.89005816203048,
        "27,24": 87.84507466016254,
        "27,25": 53.47920055114895,
        "27,26": 90.79525679452806,
        "27,27": 0.0,
        "27,28": 32.14993618471678,
        "27,29": 43.40809027401814,
        "27,30": 40.49165539787836,
        "28,0": 86.26260393212287,
        "28,1": 2.686037930154078,
        "28,2": 54.28680428071187,
        "28,3": 73.55056967481268,
        "28,4": 25.913924926840494,
        "28,5": 49.155872099367556,
        "28,6": 12.889295310349146,
        "28,7": 30.46712269959498,
        "28,8": 29.180790566717697,
        "28,9": 30.905477026585686,
        "28,10": 40.978465970661176,
        "28,11": 55.478160868485915,
        "28,12": 89.4384138254066,
        "28,13": 32.00001357544423,
        "28,14": 98.97682648014576,
        "28,15": 40.86766542415528,
        "28,16": 17.339369298850343,
        "28,17": 16.906828631161957,
        "28,18": 61.05633477403464,
        "28,19": 90.49603987537239,
        "28,20": 82.56215925139419,
        "28,21": 42.979845998686514,
        "28,22": 90.2377947291897,
        "28,23": 75.4811186822561,
        "28,24": 65.93475248814022,
        "28,25": 35.18173689075322,
        "28,26": 79.87152833897949,
        "28,27": 32.14993618471678,
        "28,28": 0.0,
        "28,29": 47.14663363782184,
        "28,30": 12.967884471246201,
        "29,0": 79.04346299765335,
        "29,1": 44.46072709772413,
        "29,2": 14.56324062201469,
        "29,3": 41.98608551794767,
        "29,4": 23.172125222171957,
        "29,5": 10.357721028997542,
        "29,6": 58.40926397866265,
        "29,7": 43.25152907281089,
        "29,8": 35.95748774461856,
        "29,9": 29.875325632782946,
        "29,10": 6.7560914831702465,
        "29,11": 27.728682503446482,
        "29,12": 42.393824210179226,
        "29,13": 20.779113967344806,
        "29,14": 51.83706340278332,
        "29,15": 44.19817724213267,
        "29,16": 42.67776632205203,
        "29,17": 53.63318669284813,
        "29,18": 47.1033925729038,
        "29,19": 43.477192727810774,
        "29,20": 58.29772812849241,
        "29,21": 40.461141623083506,
        "29,22": 43.3057978760557,
        "29,23": 46.90431550447199,
        "29,24": 59.10978155935722,
        "29,25": 31.54475899985114,
        "29,26": 50.26332521836283,
        "29,27": 43.40809027401814,
        "29,28": 47.14663363782184,
        "29,29": 0.0,
        "29,30": 60.079462307532935,
        "30,0": 91.52806924759216,
        "30,1": 15.64792424380728,
        "30,2": 67.10625633094392,
        "30,3": 85.2703968246151,
        "30,4": 38.35627327224566,
        "30,5": 61.68041038467936,
        "30,6": 6.244119794093195,
        "30,7": 38.80770585754007,
        "30,8": 38.21164884039268,
        "30,9": 42.320367003371,
        "30,10": 53.8417864972855,
        "30,11": 66.5474019329849,
        "30,12": 102.31314797547962,
        "30,13": 44.59339429965393,
        "30,14": 111.91607570474929,
        "30,15": 47.89562309767272,
        "30,16": 25.05142647390336,
        "30,17": 17.826433313206493,
        "30,18": 69.41887934750333,
        "30,19": 103.3621320747278,
        "30,20": 91.69740489938599,
        "30,21": 51.0723126126373,
        "30,22": 103.07985019276214,
        "30,23": 86.77630720075084,
        "30,24": 72.35683401849184,
        "30,25": 45.06760532187469,
        "30,26": 90.0640396391212,
        "30,27": 40.49165539787836,
        "30,28": 12.967884471246201,
        "30,29": 60.079462307532935,
        "30,30": 0.0
    }
}