{
    "num_robots": 3,
    "num_tasks": 50,
    "num_nodes": 51,
    "robot_capacity": [
        258,
        234,
        237
    ],
    "robot_speed": [
        0.99,
        1.0,
        1.0
    ],
    "task_demand": {
        "0": 0,
        "1": 11,
        "2": 9,
        "3": 12,
        "4": 11,
        "5": 12,
        "6": 15,
        "7": 7,
        "8": 14,
        "9": 15,
        "10": 6,
        "11": 15,
        "12": 7,
        "13": 14,
        "14": 9,
        "15": 12,
        "16": 7,
        "17": 15,
        "18": 11,
        "19": 11,
        "20": 7,
        "21": 7,
        "22": 7,
        "23": 14,
        "24": 9,
        "25": 12,
        "26": 14,
        "27": 14,
        "28": 13,
        "29": 6,
        "30": 7,
        "31": 7,
        "32": 11,
        "33": 9,
        "34": 11,
        "35": 15,
        "36": 12,
        "37": 15,
        "38": 14,
        "39": 8,
        "40": 8,
        "41": 13,
        "42": 14,
        "43": 6,
        "44": 10,
        "45": 6,
        "46": 7,
        "47": 9,
        "48": 8,
        "49": 7,
        "50": 8
    },
    "task_service_time": {
        "0": 0,
        "1": 61,
        "2": 26,
        "3": 87,
        "4": 39,
        "5": 18,
        "6": 51,
        "7": 64,
        "8": 19,
        "9": 90,
        "10": 23,
        "11": 59,
        "12": 67,
        "13": 15,
        "14": 51,
        "15": 33,
        "16": 59,
        "17": 71,
        "18": 28,
        "19": 30,
        "20": 64,
        "21": 11,
        "22": 26,
        "23": 17,
        "24": 19,
        "25": 81,
        "26": 30,
        "27": 39,
        "28": 70,
        "29": 28,
        "30": 61,
        "31": 48,
        "32": 76,
        "33": 52,
        "34": 49,
        "35": 44,
        "36": 64,
        "37": 11,
        "38": 59,
        "39": 36,
        "40": 75,
        "41": 41,
        "42": 97,
        "43": 17,
        "44": 64,
        "45": 85,
        "46": 22,
        "47": 92,
        "48": 56,
        "49": 12,
        "50": 59
    },
    "task_precedence": [],
    "coordinates": {
        "0": [
            100,
            0
        ],
        "1": [
            56.42274841931499,
            23.29490343438636
        ],
        "2": [
            64.68618972642832,
            25.494659997724156
        ],
        "3": [
            29.76576249495695,
            64.31007793137242
        ],
        "4": [
            2.64370110298795,
            98.5037412263952
        ],
        "5": [
            49.1930435686515,
            53.36146522227851
        ],
        "6": [
            44.34757436509946,
            5.306016954050008
        ],
        "7": [
            6.550643794043753,
            31.63753196730722
        ],
        "8": [
            47.49308870696457,
            73.83134872396529
        ],
        "9": [
            22.55662851046315,
            18.354343465496136
        ],
        "10": [
            13.407015833040258,
            79.87325821350835
        ],
        "11": [
            53.4889626542481,
            59.171251700419994
        ],
        "12": [
            8.647543335945008,
            30.410660826089785
        ],
        "13": [
            11.110177750801508,
            48.123229658316646
        ],
        "14": [
            36.97260576489062,
            60.09516604096577
        ],
        "15": [
            39.09238517032881,
            96.13205906968851
        ],
        "16": [
            38.551617690789584,
            78.0202893830386
        ],
        "17": [
            80.96859905900187,
            18.71523162206096
        ],
        "18": [
            9.270969030706445,
            8.549280657928104
        ],
        "19": [
            74.37254853046544,
            63.02566051236154
        ],
        "20": [
            38.58099815417347,
            91.605040289686
        ],
        "21": [
            82.0257623010213,
            36.960347374449476
        ],
        "22": [
            61.26612331484043,
            19.87171558168305
        ],
        "23": [
            45.38243783254733,
            0.3936505062061224
        ],
        "24": [
            6.936676878940473,
            55.60073605820425
        ],
        "25": [
            19.853311632092797,
            25.09569331098693
        ],
        "26": [
            87.38666246522499,
            33.18328248737895
        ],
        "27": [
            46.34925276707785,
            6.648219085965435
        ],
        "28": [
            65.32746526509194,
            50.33877880980896
        ],
        "29": [
            21.92564602898993,
            73.60104859213521
        ],
        "30": [
            49.77171058189226,
            82.6490801287597
        ],
        "31": [
            54.36292608775276,
            77.78468995888552
        ],
        "32": [
            10.11027996026158,
            39.14721471902851
        ],
        "33": [
            66.05767171714804,
            86.86584027978978
        ],
        "34": [
            64.34614801763455,
            67.4245650174951
        ],
        "35": [
            45.10687684619743,
            28.744688970757903
        ],
        "36": [
            12.183904273881641,
            0.11637590800746
        ],
        "37": [
            21.747374249734573,
            40.555729563345785
        ],
        "38": [
            92.98807707997182,
            50.23623858483413
        ],
        "39": [
            48.613691603733045,
            53.43930995732601
        ],
        "40": [
            78.63282198163157,
            21.027714972497435
        ],
        "41": [
            69.48721501069059,
            41.70217996286469
        ],
        "42": [
            45.9336721437264,
            59.318264994113164
        ],
        "43": [
            64.05248770222452,
            40.46038704569129
        ],
        "44": [
            36.47661911496428,
            82.60352081852919
        ],
        "45": [
            23.60231127311093,
            73.579818596304
        ],
        "46": [
            91.80368166343531,
            21.589385024697105
        ],
        "47": [
            57.00547460880492,
            74.07583965710404
        ],
        "48": [
            3.434247182555883,
            60.40047939140904
        ],
        "49": [
            35.334241995654146,
            18.619565118450254
        ],
        "50": [
            86.05322159799232,
            92.36348795921133
        ]
    },
    "distance_matrix_str_keys": {
        "0,0": 0.0,
        "0,1": 49.41284631898571,
        "0,2": 43.55505578503342,
        "0,3": 95.22937698763964,
        "0,4": 138.49633919537723,
        "0,5": 73.68034196775544,
        "0,6": 55.90479670801783,
        "0,7": 98.65959458810926,
        "0,8": 90.59825488349355,
        "0,9": 79.58867828853428,
        "0,10": 117.80527273675453,
        "0,11": 75.2629631543456,
        "0,12": 96.28125274651093,
        "0,13": 101.0803924222754,
        "0,14": 87.0854833227625,
        "0,15": 113.80294515177393,
        "0,16": 99.31298627990184,
        "0,17": 26.691836138497756,
        "0,18": 91.13093470603191,
        "0,19": 68.03675588858421,
        "0,20": 110.28951534127185,
        "0,21": 41.09915447912963,
        "0,22": 43.53387512294826,
        "0,23": 54.61898074695822,
        "0,24": 108.40767482309002,
        "0,25": 83.9838405831833,
        "0,26": 35.49966929991539,
        "0,27": 54.06109040396706,
        "0,28": 61.12427763995479,
        "0,29": 107.29733967742362,
        "0,30": 96.71479464900567,
        "0,31": 90.18425864457646,
        "0,32": 98.04420528047679,
        "0,33": 93.26175988461101,
        "0,34": 76.2710241768055,
        "0,35": 61.963796797841134,
        "0,36": 87.81617283809827,
        "0,37": 88.1376232787471,
        "0,38": 50.72323659023342,
        "0,39": 74.1371198476945,
        "0,40": 29.97867731293761,
        "0,41": 51.673028375149244,
        "0,42": 80.26097663107457,
        "0,43": 54.122699122326324,
        "0,44": 104.20442203036542,
        "0,45": 106.06882929247233,
        "0,46": 23.092881587600154,
        "0,47": 85.64904689790254,
        "0,48": 113.89979160609445,
        "0,49": 67.29300456568149,
        "0,50": 93.4105269002701,
        "1,0": 49.41284631898571,
        "1,1": 0.0,
        "1,2": 8.551221618812988,
        "1,3": 48.91665807871219,
        "1,4": 92.45839719720671,
        "1,5": 30.923563345333342,
        "1,6": 21.665868670377098,
        "1,7": 50.56506966861913,
        "1,8": 51.31930557874862,
        "1,9": 34.22459949344816,
        "1,10": 71.07364827730525,
        "1,11": 35.996103453305096,
        "1,12": 48.30221758900561,
        "1,13": 51.66889628849191,
        "1,14": 41.62412013713521,
        "1,15": 74.87050641863617,
        "1,16": 57.569481331213936,
        "1,17": 24.969424853897312,
        "1,18": 49.40368094158182,
        "1,19": 43.59734374958332,
        "1,20": 70.60171987787156,
        "1,21": 29.0216932294767,
        "1,22": 5.930977613640228,
        "1,23": 25.423529328808346,
        "1,24": 59.09769960004536,
        "1,25": 36.61374811616952,
        "1,26": 32.504522967398934,
        "1,27": 19.457322900430132,
        "1,28": 28.472182519519865,
        "1,29": 60.998018934725,
        "1,30": 59.72566111297322,
        "1,31": 54.52870531676956,
        "1,32": 48.95038822967607,
        "1,33": 64.29693428428293,
        "1,34": 44.835335313058096,
        "1,35": 12.55982133040652,
        "1,36": 49.943162391012514,
        "1,37": 38.73393463688622,
        "1,38": 45.418705394920764,
        "1,39": 31.139470338610984,
        "1,40": 22.325490166292788,
        "1,41": 22.57228647064888,
        "1,42": 37.51937231854924,
        "1,43": 18.7847477793861,
        "1,44": 62.57283891789254,
        "1,45": 60.047929084267224,
        "1,46": 35.42201618020476,
        "1,47": 50.78427958992466,
        "1,48": 64.68852317390157,
        "1,49": 21.600553038041525,
        "1,50": 75.15606634899945,
        "2,0": 43.55505578503342,
        "2,1": 8.551221618812988,
        "2,2": 0.0,
        "2,3": 52.21180812222721,
        "2,4": 95.81020998017078,
        "2,5": 31.884109071596853,
        "2,6": 28.65729545440349,
        "2,7": 58.459187275321284,
        "2,8": 51.303393646843794,
        "2,9": 42.730364478087075,
        "2,10": 74.74346539398624,
        "2,11": 35.48930434392942,
        "2,12": 56.25386167564073,
        "2,13": 58.15875879088888,
        "2,14": 44.33100218178695,
        "2,15": 75.13111858150238,
        "2,16": 58.668199203737274,
        "2,17": 17.63738934123261,
        "2,18": 57.948188631959404,
        "2,19": 38.76082489460536,
        "2,20": 71.07786863273225,
        "2,21": 20.787562726071936,
        "2,22": 6.581364460775561,
        "2,23": 31.66536774891131,
        "2,24": 65.12589385092213,
        "2,25": 44.83465325659022,
        "2,26": 23.967193793877414,
        "2,27": 26.295086843203357,
        "2,28": 24.852393725061457,
        "2,29": 64.36372208703456,
        "2,30": 59.068345403166006,
        "2,31": 53.299315244126305,
        "2,32": 56.257641056331046,
        "2,33": 61.386502849280056,
        "2,34": 41.931283826407366,
        "2,35": 19.847220994072046,
        "2,36": 58.31421165615688,
        "2,37": 45.50360085753707,
        "2,38": 37.591788182458195,
        "2,39": 32.23706961354768,
        "2,40": 14.644526251138108,
        "2,41": 16.90365484741553,
        "2,42": 38.67419256611955,
        "2,43": 14.979137636383982,
        "2,44": 63.69616831751543,
        "2,45": 63.24608720085009,
        "2,46": 27.397254270612418,
        "2,47": 49.18459516774571,
        "2,48": 70.49976377933757,
        "2,49": 30.146372338792567,
        "2,50": 70.19964532633622,
        "3,0": 95.22937698763964,
        "3,1": 48.91665807871219,
        "3,2": 52.21180812222721,
        "3,3": 0.0,
        "3,4": 43.64416139282692,
        "3,5": 22.3000307212807,
        "3,6": 60.77917776041241,
        "3,7": 40.08038168570059,
        "3,8": 20.122442499180227,
        "3,9": 46.51775083884121,
        "3,10": 22.579219934334205,
        "3,11": 24.27339615360233,
        "3,12": 39.93932473798209,
        "3,13": 24.699087010683083,
        "3,14": 8.34889646368187,
        "3,15": 33.16058464647609,
        "3,16": 16.28376951358431,
        "3,17": 68.56107118601656,
        "3,18": 59.40793778370395,
        "3,19": 44.62527410026625,
        "3,20": 28.68315446162221,
        "3,21": 58.9840261534098,
        "3,22": 54.47054965855531,
        "3,23": 65.79658230786957,
        "3,24": 24.433988334431422,
        "3,25": 40.44780146391423,
        "3,26": 65.49080475910988,
        "3,27": 59.999184287064836,
        "3,28": 38.20774663671789,
        "3,29": 12.156873036232723,
        "3,30": 27.13958290860282,
        "3,31": 28.046133888697753,
        "3,32": 31.92973032637208,
        "3,33": 42.730142640881056,
        "3,34": 34.720355595912835,
        "3,35": 38.73301797507699,
        "3,36": 66.55789298025114,
        "3,37": 25.071171022524855,
        "3,38": 64.76985421813727,
        "3,39": 21.75817152324621,
        "3,40": 65.27903527303378,
        "3,41": 45.704604150065,
        "3,42": 16.920978068993563,
        "3,43": 41.765862624651,
        "3,44": 19.485524094567303,
        "3,45": 11.131766389893441,
        "3,46": 75.32437199991192,
        "3,47": 28.937380982547133,
        "3,48": 26.62017391736755,
        "3,49": 46.028588128004635,
        "3,50": 62.89095218285324,
        "4,0": 138.49633919537723,
        "4,1": 92.45839719720671,
        "4,2": 95.81020998017078,
        "4,3": 43.64416139282692,
        "4,4": 0.0,
        "4,5": 64.84339879137643,
        "4,6": 102.10303058482809,
        "4,7": 66.9802518797245,
        "4,8": 51.187835666745,
        "4,9": 82.58601963631732,
        "4,10": 21.516129793055875,
        "4,11": 64.28285428111452,
        "4,12": 68.35725067584782,
        "4,13": 51.08695697229646,
        "4,14": 51.5140014273866,
        "4,15": 36.525764146602995,
        "4,16": 41.33945177546056,
        "4,17": 111.80785260750218,
        "4,18": 90.19825750173707,
        "4,19": 80.02325764692307,
        "4,20": 36.59346108199251,
        "4,21": 100.44451685813429,
        "4,22": 98.07947717527539,
        "4,23": 107.0149032535297,
        "4,24": 43.11725285166873,
        "4,25": 75.39835670168385,
        "4,26": 106.99594305541274,
        "4,27": 101.723213643462,
        "4,28": 79.05136237992005,
        "4,29": 31.495039300908964,
        "4,30": 49.7234306536121,
        "4,31": 55.714964941660114,
        "4,32": 59.824301407133966,
        "4,33": 64.47303628259304,
        "4,34": 69.08767725925257,
        "4,35": 81.66668026682258,
        "4,36": 98.84881957229342,
        "4,37": 61.0157552063288,
        "4,38": 102.42977146281116,
        "4,39": 64.37424168285989,
        "4,40": 108.5213395420632,
        "4,41": 87.71814358217944,
        "4,42": 58.39112210138382,
        "4,43": 84.49893511836238,
        "4,44": 37.382928593461365,
        "4,45": 32.56478557481924,
        "4,46": 117.75109478667723,
        "4,47": 59.59802676076383,
        "4,48": 38.111461866076894,
        "4,49": 86.31426913494805,
        "4,50": 83.63522475244338,
        "5,0": 73.68034196775544,
        "5,1": 30.923563345333342,
        "5,2": 31.884109071596853,
        "5,3": 22.3000307212807,
        "5,4": 64.84339879137643,
        "5,5": 0.0,
        "5,6": 48.29911676276242,
        "5,7": 47.85711581994797,
        "5,8": 20.54034997521711,
        "5,9": 43.988602851719094,
        "5,10": 44.53666970827254,
        "5,11": 7.2255477101454915,
        "5,12": 46.59052491175129,
        "5,13": 38.44143312526111,
        "5,14": 13.952842965904024,
        "5,15": 43.947093170535325,
        "5,16": 26.856983332185965,
        "5,17": 47.011141545395176,
        "5,18": 60.01586390982508,
        "5,19": 26.970430859125624,
        "5,20": 39.68861980234858,
        "5,21": 36.70128180346408,
        "5,22": 35.59947451223966,
        "5,23": 53.104708942542985,
        "5,24": 42.31565738224974,
        "5,25": 40.740320713640465,
        "5,26": 43.19619870891065,
        "5,27": 46.79972767778551,
        "5,28": 16.415120975085635,
        "5,29": 33.958087454556704,
        "5,30": 29.29333102299144,
        "5,31": 24.9644064979747,
        "5,32": 41.5873457753489,
        "5,33": 37.50944988374856,
        "5,34": 20.67334879239478,
        "5,35": 24.953605581180447,
        "5,36": 64.84378094639746,
        "5,37": 30.28616235394968,
        "5,38": 43.90640046500125,
        "5,39": 0.5845583820539111,
        "5,40": 43.72838847042714,
        "5,41": 23.404963731637345,
        "5,42": 6.790211013462516,
        "5,43": 19.678437389111792,
        "5,44": 31.887384125709495,
        "5,45": 32.613914094738625,
        "5,46": 53.1519666515378,
        "5,47": 22.138640134012434,
        "5,48": 46.29703194781905,
        "5,49": 37.40409073703164,
        "5,50": 53.66405223170278,
        "6,0": 55.90479670801783,
        "6,1": 21.665868670377098,
        "6,2": 28.65729545440349,
        "6,3": 60.77917776041241,
        "6,4": 102.10303058482809,
        "6,5": 48.29911676276242,
        "6,6": 0.0,
        "6,7": 46.06470062299977,
        "6,8": 68.59748796167277,
        "6,9": 25.3989004877967,
        "6,10": 80.73160243251739,
        "6,11": 54.63541428537472,
        "6,12": 43.64327393109429,
        "6,13": 54.203673652793654,
        "6,14": 55.28327974643282,
        "6,15": 90.97794754699939,
        "6,16": 72.94490063498372,
        "6,17": 38.998801105216174,
        "6,18": 35.22622604307282,
        "6,19": 65.06194222530887,
        "6,20": 86.49147258476447,
        "6,21": 49.21018675537081,
        "6,22": 22.324804032192805,
        "6,23": 5.020187896300356,
        "6,24": 62.682804823058724,
        "6,25": 31.489683979771332,
        "6,26": 51.278699653034266,
        "6,27": 2.4100255160195028,
        "6,28": 49.680030822585906,
        "6,29": 71.88152903741468,
        "6,30": 77.53302957414638,
        "6,31": 73.16737873308246,
        "6,32": 48.13957825253488,
        "6,33": 84.39984068682423,
        "6,34": 65.25838614037592,
        "6,35": 23.45096770209296,
        "6,36": 32.579656964484286,
        "6,37": 41.872560039869605,
        "6,38": 66.2164882800869,
        "6,39": 48.32197897057803,
        "6,40": 37.718032725874956,
        "6,41": 44.2344007934285,
        "6,42": 54.03553131509555,
        "6,43": 40.30028965359545,
        "6,44": 77.69720741589626,
        "6,45": 71.35599436236359,
        "6,46": 50.17200609538485,
        "6,47": 69.92503809930378,
        "6,48": 68.62434067011081,
        "6,49": 16.07764675342433,
        "6,50": 96.53167495143244,
        "7,0": 98.65959458810926,
        "7,1": 50.56506966861913,
        "7,2": 58.459187275321284,
        "7,3": 40.08038168570059,
        "7,4": 66.9802518797245,
        "7,5": 47.85711581994797,
        "7,6": 46.06470062299977,
        "7,7": 0.0,
        "7,8": 58.79287344518888,
        "7,9": 20.79987123798841,
        "7,10": 48.72058213974449,
        "7,11": 54.41793362269298,
        "7,12": 2.429444480941653,
        "7,13": 17.104606930946428,
        "7,14": 41.65732477279242,
        "7,15": 72.23924804398796,
        "7,16": 56.350887444891164,
        "7,17": 75.53156897635624,
        "7,18": 23.247957284851292,
        "7,19": 74.73302734157845,
        "7,20": 67.98562829620721,
        "7,21": 75.6625791094965,
        "7,22": 55.96622315656956,
        "7,23": 49.84062958073563,
        "7,24": 23.966313271853455,
        "7,25": 14.82419052140085,
        "7,26": 80.85079628103772,
        "7,27": 46.99356375579601,
        "7,28": 61.68023488690403,
        "7,29": 44.691469222289115,
        "7,30": 66.85984340475116,
        "7,31": 66.449789531894,
        "7,32": 8.310616383117816,
        "7,33": 81.18652850873563,
        "7,34": 67.97817328374117,
        "7,35": 38.66460458577939,
        "7,36": 32.02056999724448,
        "7,37": 17.62029695847686,
        "7,38": 88.41573254180562,
        "7,39": 47.37739455232079,
        "7,40": 72.85882670569514,
        "7,41": 63.73624664021673,
        "7,42": 48.13778041095385,
        "7,43": 58.1747782511885,
        "7,44": 59.10241973465406,
        "7,45": 45.27598448941336,
        "7,46": 85.84314604521549,
        "7,47": 65.92950714300875,
        "7,48": 28.931281899731626,
        "7,49": 31.590552168483665,
        "7,50": 100.04149943200356,
        "8,0": 90.59825488349355,
        "8,1": 51.31930557874862,
        "8,2": 51.303393646843794,
        "8,3": 20.122442499180227,
        "8,4": 51.187835666745,
        "8,5": 20.54034997521711,
        "8,6": 68.59748796167277,
        "8,7": 58.79287344518888,
        "8,8": 0.0,
        "8,9": 60.823722013536084,
        "8,10": 34.61740940980866,
        "8,11": 15.838843049019555,
        "8,12": 58.26090054828068,
        "8,13": 44.54911441923012,
        "8,14": 17.302117674874506,
        "8,15": 23.830516189002097,
        "8,16": 9.87406338739705,
        "8,17": 64.48562752831198,
        "8,18": 75.6483895633272,
        "8,19": 28.970126995399752,
        "8,20": 19.882893901404792,
        "8,21": 50.517089049841935,
        "8,22": 55.689662336554264,
        "8,23": 73.46802274892353,
        "8,24": 44.46546725868626,
        "8,25": 56.02786257998046,
        "8,26": 56.95403862747289,
        "8,27": 67.19286620329326,
        "8,28": 29.49518313875346,
        "8,29": 25.56847987742408,
        "8,30": 9.10738737377502,
        "8,31": 7.926132257172811,
        "8,32": 50.994740331381095,
        "8,33": 22.683511907569617,
        "8,34": 18.029766653799264,
        "8,35": 45.14976073852392,
        "8,36": 81.73515597701437,
        "8,37": 42.07265909632775,
        "8,38": 51.24961648186057,
        "8,39": 20.42280577962698,
        "8,40": 61.3017677214659,
        "8,41": 38.93616669811674,
        "8,42": 14.596622190335683,
        "8,43": 37.253654564579946,
        "8,44": 14.082386357720507,
        "8,45": 23.892101493988587,
        "8,46": 68.50293000529021,
        "8,47": 9.515527382227326,
        "8,48": 46.06050116424222,
        "8,49": 56.53475570170409,
        "8,50": 42.78228644203423,
        "9,0": 79.58867828853428,
        "9,1": 34.22459949344816,
        "9,2": 42.730364478087075,
        "9,3": 46.51775083884121,
        "9,4": 82.58601963631732,
        "9,5": 43.988602851719094,
        "9,6": 25.3989004877967,
        "9,7": 20.79987123798841,
        "9,8": 60.823722013536084,
        "9,9": 0.0,
        "9,10": 62.19559698178041,
        "9,11": 51.213565521656065,
        "9,12": 18.40699428726353,
        "9,13": 31.893695617699404,
        "9,14": 44.16012533357447,
        "9,15": 79.51606311256185,
        "9,16": 61.77268636795604,
        "9,17": 58.413085380117565,
        "9,18": 16.512056336883152,
        "9,19": 68.41356688713753,
        "9,20": 74.9829647833936,
        "9,21": 62.311806708354176,
        "9,22": 38.73922309687035,
        "9,23": 29.04486293281542,
        "9,24": 40.389065972627414,
        "9,25": 7.2631756060404316,
        "9,26": 66.50436628590856,
        "9,27": 26.51645370341768,
        "9,28": 53.40738320668438,
        "9,29": 55.25030829092029,
        "9,30": 69.81743231280444,
        "9,31": 67.40628049298833,
        "9,32": 24.233346595117187,
        "9,33": 81.15519672704167,
        "9,34": 64.45347611884499,
        "9,35": 24.828873911677913,
        "9,36": 20.981345731772663,
        "9,37": 22.216130111347002,
        "9,38": 77.31134576502863,
        "9,39": 43.70269340417674,
        "9,40": 56.13988234250547,
        "9,41": 52.4175678409747,
        "9,42": 47.16491318802768,
        "9,43": 47.016842650607394,
        "9,44": 65.73981235880503,
        "9,45": 55.23537413527291,
        "9,46": 69.32257831515147,
        "9,47": 65.5103666249748,
        "9,48": 46.19029133865948,
        "9,49": 12.780365757760242,
        "9,50": 97.5149773235623,
        "10,0": 117.80527273675453,
        "10,1": 71.07364827730525,
        "10,2": 74.74346539398624,
        "10,3": 22.579219934334205,
        "10,4": 21.516129793055875,
        "10,5": 44.53666970827254,
        "10,6": 80.73160243251739,
        "10,7": 48.72058213974449,
        "10,8": 34.61740940980866,
        "10,9": 62.19559698178041,
        "10,10": 0.0,
        "10,11": 45.11247648540352,
        "10,12": 49.691056728152525,
        "10,13": 31.832998263303928,
        "10,14": 30.76540197724901,
        "10,15": 30.39879608263866,
        "10,16": 25.21278437760144,
        "10,17": 91.13106904101764,
        "10,18": 71.44380069327227,
        "10,19": 63.25059466424411,
        "10,20": 27.77344228913029,
        "10,21": 80.93238093320916,
        "10,22": 76.7507608245889,
        "10,23": 85.670506321331,
        "10,24": 25.120123764835824,
        "10,25": 55.15556496110641,
        "10,26": 87.48109480984719,
        "10,27": 80.29381874994152,
        "10,28": 59.73289330740459,
        "10,29": 10.578642349082008,
        "10,30": 36.47048411362775,
        "10,31": 41.00912949754339,
        "10,32": 40.85925949070944,
        "10,33": 53.11297175813469,
        "10,34": 52.43820315388425,
        "10,35": 60.1582228881822,
        "10,36": 79.76626026698048,
        "10,37": 40.19240771184625,
        "10,38": 84.92054075227202,
        "10,39": 44.02571565838779,
        "10,40": 87.84761662710774,
        "10,41": 67.83818949988049,
        "10,42": 38.477150583208214,
        "10,43": 64.17428016381079,
        "10,44": 23.23060329560416,
        "10,45": 11.981295060456661,
        "10,46": 97.68852075454956,
        "10,47": 43.98221992510373,
        "10,48": 21.877962190535097,
        "10,49": 65.06011193480985,
        "10,50": 73.71212282348269,
        "11,0": 75.2629631543456,
        "11,1": 35.996103453305096,
        "11,2": 35.48930434392942,
        "11,3": 24.27339615360233,
        "11,4": 64.28285428111452,
        "11,5": 7.2255477101454915,
        "11,6": 54.63541428537472,
        "11,7": 54.41793362269298,
        "11,8": 15.838843049019555,
        "11,9": 51.213565521656065,
        "11,10": 45.11247648540352,
        "11,11": 0.0,
        "11,12": 53.2721735422959,
        "11,13": 43.79520751104387,
        "11,14": 16.542178290820477,
        "11,15": 39.66563657170606,
        "11,16": 24.05016623888774,
        "11,17": 48.906236591237096,
        "11,18": 67.21469268187171,
        "11,19": 21.236304441661147,
        "11,20": 35.69591079925945,
        "11,21": 36.16176440741645,
        "11,22": 40.06167454174344,
        "11,23": 59.33398812511175,
        "11,24": 46.68901254960546,
        "11,25": 47.880065781448955,
        "11,26": 42.71333042848651,
        "11,27": 53.006079012619054,
        "11,28": 14.770332475280828,
        "11,29": 34.70535974057109,
        "11,30": 23.77028377365298,
        "11,31": 18.63394472152398,
        "11,32": 47.7773185653789,
        "11,33": 30.41319917549587,
        "11,34": 13.638022390535301,
        "11,35": 31.560023479642513,
        "11,36": 72.06654010470291,
        "11,37": 36.79763713715118,
        "11,38": 40.49709248566009,
        "11,39": 7.524853750220894,
        "11,40": 45.685260817791395,
        "11,41": 23.687814289889037,
        "11,42": 7.556720691338391,
        "11,43": 21.486845221362795,
        "11,44": 28.956710253792746,
        "11,45": 33.17858843849136,
        "11,46": 53.66949222402596,
        "11,47": 15.313804180708075,
        "11,48": 50.069806686948155,
        "11,49": 44.430093032019215,
        "11,50": 46.49898395034721,
        "12,0": 96.28125274651093,
        "12,1": 48.30221758900561,
        "12,2": 56.25386167564073,
        "12,3": 39.93932473798209,
        "12,4": 68.35725067584782,
        "12,5": 46.59052491175129,
        "12,6": 43.64327393109429,
        "12,7": 2.429444480941653,
        "12,8": 58.26090054828068,
        "12,9": 18.40699428726353,
        "12,10": 49.691056728152525,
        "12,11": 53.2721735422959,
        "12,12": 0.0,
        "12,13": 17.882943351070875,
        "12,14": 41.03022070932188,
        "12,15": 72.43059147497243,
        "12,16": 56.22215216754611,
        "12,17": 73.26061810525452,
        "12,18": 21.87026754417471,
        "12,19": 73.37243700706176,
        "12,20": 68.12315168347345,
        "12,21": 73.66994918125332,
        "12,22": 53.66362199721537,
        "12,23": 47.439154526830535,
        "12,24": 25.248107933730196,
        "12,25": 12.40234343959034,
        "12,26": 78.78791983630228,
        "12,27": 44.565373682741345,
        "12,28": 60.081140437471916,
        "12,29": 45.18536938554795,
        "12,30": 66.48345345207481,
        "12,31": 65.83460227281138,
        "12,32": 8.858158519485857,
        "12,33": 80.51776280980293,
        "12,34": 66.8757330201147,
        "12,35": 36.49737610068117,
        "12,36": 30.499992580020646,
        "12,37": 16.56888619230411,
        "12,38": 86.63936268056999,
        "12,39": 46.12604132344768,
        "12,40": 70.61146436667234,
        "12,41": 61.878623561832676,
        "12,42": 47.17949745605169,
        "12,43": 56.30901222113095,
        "12,44": 59.14855951673531,
        "12,45": 45.68611678228006,
        "12,46": 83.62271371048024,
        "12,47": 65.15471862678173,
        "12,48": 30.439574148856114,
        "12,49": 29.175500395723066,
        "12,50": 99.14530658076572,
        "13,0": 101.0803924222754,
        "13,1": 51.66889628849191,
        "13,2": 58.15875879088888,
        "13,3": 24.699087010683083,
        "13,4": 51.08695697229646,
        "13,5": 38.44143312526111,
        "13,6": 54.203673652793654,
        "13,7": 17.104606930946428,
        "13,8": 44.54911441923012,
        "13,9": 31.893695617699404,
        "13,10": 31.832998263303928,
        "13,11": 43.79520751104387,
        "13,12": 17.882943351070875,
        "13,13": 0.0,
        "13,14": 28.49899021955233,
        "13,15": 55.56844098514599,
        "13,16": 40.58160674694343,
        "13,17": 75.79597203133186,
        "13,18": 39.616664778870856,
        "13,19": 64.99392280839237,
        "13,20": 51.43261445247152,
        "13,21": 71.78878793365192,
        "13,22": 57.56532743800787,
        "13,23": 58.75968462431033,
        "13,24": 8.563364495791644,
        "13,25": 24.631480270048222,
        "13,26": 77.72582673642067,
        "13,27": 54.42397366950888,
        "13,28": 54.262537016342236,
        "13,29": 27.678396118650806,
        "13,30": 51.833854492569834,
        "13,31": 52.446186380535465,
        "13,32": 9.031535848450718,
        "13,33": 67.23255886063515,
        "13,34": 56.62693773195407,
        "13,35": 39.13187177432564,
        "13,36": 48.01885979123141,
        "13,37": 13.054386505856867,
        "13,38": 81.90515982086409,
        "13,39": 37.87841418357615,
        "13,40": 72.75626708409861,
        "13,41": 58.72910997481522,
        "13,42": 36.578744892407165,
        "13,43": 53.493993493647594,
        "13,44": 42.80592045470509,
        "13,45": 28.356504021068368,
        "13,46": 84.9440197114506,
        "13,47": 52.72491099502603,
        "13,48": 14.479322190532434,
        "13,49": 38.17422572652545,
        "13,50": 87.02677907179977,
        "14,0": 87.0854833227625,
        "14,1": 41.62412013713521,
        "14,2": 44.33100218178695,
        "14,3": 8.34889646368187,
        "14,4": 51.5140014273866,
        "14,5": 13.952842965904024,
        "14,6": 55.28327974643282,
        "14,7": 41.65732477279242,
        "14,8": 17.302117674874506,
        "14,9": 44.16012533357447,
        "14,10": 30.76540197724901,
        "14,11": 16.542178290820477,
        "14,12": 41.03022070932188,
        "14,13": 28.49899021955233,
        "14,14": 0.0,
        "14,15": 36.09918453222074,
        "14,16": 17.99453598986802,
        "14,17": 60.39823174935128,
        "14,18": 58.518022673993,
        "14,19": 37.51457738953157,
        "14,20": 31.550896995934448,
        "14,21": 50.645895673802485,
        "14,22": 46.99043479049849,
        "14,23": 60.29092993604705,
        "14,24": 30.37032968065708,
        "14,25": 38.961947114868096,
        "14,26": 57.1474110471012,
        "14,27": 54.26322555667186,
        "14,28": 29.986416075957408,
        "14,29": 20.219294270072826,
        "14,30": 25.93253024284719,
        "14,31": 24.806097987680506,
        "14,32": 34.06466222084541,
        "14,33": 39.529862896908696,
        "14,34": 28.337799929068346,
        "14,35": 32.38855937756129,
        "14,36": 64.89942208851946,
        "14,37": 24.770895271528794,
        "14,38": 56.8764580229461,
        "14,39": 13.409522725042155,
        "14,40": 57.112514812541505,
        "14,41": 37.35641512881397,
        "14,42": 8.994680977249919,
        "14,43": 33.44913379944561,
        "14,44": 22.513818813110476,
        "14,45": 18.98948733734284,
        "14,46": 67.00106011000726,
        "14,47": 24.428980103116395,
        "14,48": 33.53974824949086,
        "14,49": 41.50794752483091,
        "14,50": 58.73798983601702,
        "15,0": 113.80294515177393,
        "15,1": 74.87050641863617,
        "15,2": 75.13111858150238,
        "15,3": 33.16058464647609,
        "15,4": 36.525764146602995,
        "15,5": 43.947093170535325,
        "15,6": 90.97794754699939,
        "15,7": 72.23924804398796,
        "15,8": 23.830516189002097,
        "15,9": 79.51606311256185,
        "15,10": 30.39879608263866,
        "15,11": 39.66563657170606,
        "15,12": 72.43059147497243,
        "15,13": 55.56844098514599,
        "15,14": 36.09918453222074,
        "15,15": 0.0,
        "15,16": 18.119840800878404,
        "15,17": 88.01694417386707,
        "15,18": 92.52059195063579,
        "15,19": 48.38102471170395,
        "15,20": 4.555811202715456,
        "15,21": 73.10654099867368,
        "15,22": 79.41860394271576,
        "15,23": 95.94481558042499,
        "15,24": 51.73758518506767,
        "15,25": 73.59556515724086,
        "15,26": 79.34031568279678,
        "15,27": 89.77761271914788,
        "15,28": 52.775978859122176,
        "15,29": 28.325666203752256,
        "15,30": 17.199962568784688,
        "15,31": 23.87080587660933,
        "15,32": 63.931486046206935,
        "15,33": 28.512970543497257,
        "15,34": 38.23444458475472,
        "15,35": 67.65524191789827,
        "15,36": 99.71498261123443,
        "15,37": 58.22008077315862,
        "15,38": 70.78963161648136,
        "15,39": 43.74158322431772,
        "15,40": 84.87702071525547,
        "15,41": 62.34145828105085,
        "15,42": 37.44407351893282,
        "15,43": 61.01099724107336,
        "15,44": 13.779099363509872,
        "15,45": 27.359567608254217,
        "15,46": 91.29671972071075,
        "15,47": 28.414003378737608,
        "15,48": 50.480180180545005,
        "15,49": 77.60354604437931,
        "15,50": 47.11180622944201,
        "16,0": 99.31298627990184,
        "16,1": 57.569481331213936,
        "16,2": 58.668199203737274,
        "16,3": 16.28376951358431,
        "16,4": 41.33945177546056,
        "16,5": 26.856983332185965,
        "16,6": 72.94490063498372,
        "16,7": 56.350887444891164,
        "16,8": 9.87406338739705,
        "16,9": 61.77268636795604,
        "16,10": 25.21278437760144,
        "16,11": 24.05016623888774,
        "16,12": 56.22215216754611,
        "16,13": 40.58160674694343,
        "16,14": 17.99453598986802,
        "16,15": 18.119840800878404,
        "16,16": 0.0,
        "16,17": 72.91289450038425,
        "16,18": 75.38950483482172,
        "16,19": 38.83269217026013,
        "16,20": 13.58478267795573,
        "16,21": 59.798997377381184,
        "16,22": 62.42760127441011,
        "16,23": 77.92660115213035,
        "16,24": 38.75746191150568,
        "16,25": 56.130557799246255,
        "16,26": 66.29644625077985,
        "16,27": 71.79676546525835,
        "16,28": 38.51249201152917,
        "16,29": 17.203273609024226,
        "16,30": 12.137388032548275,
        "16,31": 15.813063596676628,
        "16,32": 48.16664432712392,
        "16,33": 28.89336911417507,
        "16,34": 27.88596725260031,
        "16,35": 49.70971955850602,
        "16,36": 82.2452189829982,
        "16,37": 41.06063613863747,
        "16,38": 61.116950100502336,
        "16,39": 26.560682991159002,
        "16,40": 69.67536491002599,
        "16,41": 47.70761211164096,
        "16,42": 20.10622898979533,
        "16,43": 45.398685387697846,
        "16,44": 5.031066435751586,
        "16,45": 15.594856305124829,
        "16,46": 77.5901365126202,
        "16,47": 18.870705307195266,
        "16,48": 39.289787675090466,
        "16,49": 59.48779328165824,
        "16,50": 49.619852067013476,
        "17,0": 26.691836138497756,
        "17,1": 24.969424853897312,
        "17,2": 17.63738934123261,
        "17,3": 68.56107118601656,
        "17,4": 111.80785260750218,
        "17,5": 47.011141545395176,
        "17,6": 38.998801105216174,
        "17,7": 75.53156897635624,
        "17,8": 64.48562752831198,
        "17,9": 58.413085380117565,
        "17,10": 91.13106904101764,
        "17,11": 48.906236591237096,
        "17,12": 73.26061810525452,
        "17,13": 75.79597203133186,
        "17,14": 60.39823174935128,
        "17,15": 88.01694417386707,
        "17,16": 72.91289450038425,
        "17,17": 0.0,
        "17,18": 72.41475478574436,
        "17,19": 44.79868291610135,
        "17,20": 84.31863920907404,
        "17,21": 18.275717302976993,
        "17,22": 19.73638785589028,
        "17,23": 40.02568182330022,
        "17,24": 82.71194556521695,
        "17,25": 61.44744623365208,
        "17,26": 15.827698307957762,
        "17,27": 36.662132087842906,
        "17,28": 35.28021829715224,
        "17,29": 80.61341828118125,
        "17,30": 71.13917932848763,
        "17,31": 64.78474158672634,
        "17,32": 73.74528675633223,
        "17,33": 69.7627494771597,
        "17,34": 51.467514399378274,
        "17,35": 37.23779175485145,
        "17,36": 71.25483612046503,
        "17,37": 63.12020926955996,
        "17,38": 33.734874119281585,
        "17,39": 47.46158080671812,
        "17,40": 3.2868577397287058,
        "17,41": 25.69478495118409,
        "17,42": 53.62883947066801,
        "17,43": 27.5500745522173,
        "17,44": 77.85402864201829,
        "17,45": 79.3789259072453,
        "17,46": 11.209806993288558,
