{
    "num_robots": 2,
    "num_tasks": 60,
    "num_nodes": 61,
    "robot_capacity": [
        423,
        431
    ],
    "robot_speed": [
        0.8,
        0.85
    ],
    "task_demand": {
        "0": 0,
        "1": 7,
        "2": 14,
        "3": 9,
        "4": 9,
        "5": 5,
        "6": 12,
        "7": 6,
        "8": 7,
        "9": 14,
        "10": 10,
        "11": 6,
        "12": 14,
        "13": 10,
        "14": 11,
        "15": 10,
        "16": 13,
        "17": 11,
        "18": 10,
        "19": 9,
        "20": 10,
        "21": 6,
        "22": 7,
        "23": 5,
        "24": 6,
        "25": 10,
        "26": 12,
        "27": 7,
        "28": 7,
        "29": 12,
        "30": 10,
        "31": 14,
        "32": 14,
        "33": 7,
        "34": 14,
        "35": 13,
        "36": 13,
        "37": 6,
        "38": 12,
        "39": 13,
        "40": 9,
        "41": 15,
        "42": 8,
        "43": 14,
        "44": 15,
        "45": 13,
        "46": 8,
        "47": 14,
        "48": 14,
        "49": 11,
        "50": 13,
        "51": 8,
        "52": 9,
        "53": 5,
        "54": 10,
        "55": 6,
        "56": 15,
        "57": 15,
        "58": 5,
        "59": 7,
        "60": 5
    },
    "task_service_time": {
        "0": 0,
        "1": 87,
        "2": 25,
        "3": 92,
        "4": 70,
        "5": 20,
        "6": 27,
        "7": 57,
        "8": 84,
        "9": 21,
        "10": 51,
        "11": 84,
        "12": 68,
        "13": 69,
        "14": 27,
        "15": 13,
        "16": 38,
        "17": 52,
        "18": 72,
        "19": 94,
        "20": 90,
        "21": 60,
        "22": 53,
        "23": 34,
        "24": 93,
        "25": 91,
        "26": 80,
        "27": 49,
        "28": 67,
        "29": 67,
        "30": 100,
        "31": 30,
        "32": 16,
        "33": 52,
        "34": 79,
        "35": 62,
        "36": 99,
        "37": 98,
        "38": 21,
        "39": 87,
        "40": 14,
        "41": 15,
        "42": 41,
        "43": 53,
        "44": 59,
        "45": 42,
        "46": 15,
        "47": 30,
        "48": 11,
        "49": 60,
        "50": 14,
        "51": 75,
        "52": 80,
        "53": 91,
        "54": 13,
        "55": 48,
        "56": 57,
        "57": 67,
        "58": 11,
        "59": 60,
        "60": 100
    },
    "task_precedence": [],
    "coordinates": {
        "0": [
            100,
            100
        ],
        "1": [
            57.47705958362721,
            15.242994197114024
        ],
        "2": [
            46.50439008217213,
            39.571262220043444
        ],
        "3": [
            46.33448736425019,
            33.9425748586192
        ],
        "4": [
            14.70667907253037,
            12.725632296396173
        ],
        "5": [
            22.773724441670986,
            84.76983460864827
        ],
        "6": [
            33.21107636359783,
            37.34453327517374
        ],
        "7": [
            93.60761822243353,
            97.50771535042036
        ],
        "8": [
            8.789568783444125,
            24.77126217142185
        ],
        "9": [
            13.58902514497603,
            42.41724694982826
        ],
        "10": [
            37.928799674233545,
            16.938897810486143
        ],
        "11": [
            19.596398155184612,
            78.17898421258359
        ],
        "12": [
            33.135671774941834,
            91.94647442990481
        ],
        "13": [
            32.156814683614854,
            24.194016482747294
        ],
        "14": [
            37.07076516788731,
            29.784734134269307
        ],
        "15": [
            55.86025076556752,
            3.41501328946634
        ],
        "16": [
            91.34915570567007,
            41.52735137180231
        ],
        "17": [
            43.941591890840556,
            40.91537309376068
        ],
        "18": [
            61.832450487465564,
            65.10773679205688
        ],
        "19": [
            92.08641828082253,
            5.8751095193243845
        ],
        "20": [
            73.47510034427489,
            98.7723077829561
        ],
        "21": [
            9.42096877529841,
            16.888699536372986
        ],
        "22": [
            24.070631482400053,
            52.26805923712244
        ],
        "23": [
            69.6468900610015,
            65.89796657916453
        ],
        "24": [
            31.391812662541717,
            81.97580174820027
        ],
        "25": [
            43.74233660398665,
            85.70314251321714
        ],
        "26": [
            50.38840172807701,
            82.95739558763144
        ],
        "27": [
            98.01248586051842,
            44.74928260231971
        ],
        "28": [
            70.66671508150334,
            7.094938071767409
        ],
        "29": [
            61.40558114467274,
            17.86343346176219
        ],
        "30": [
            42.08875756876714,
            61.26035807531301
        ],
        "31": [
            30.046638102555868,
            11.854918721512009
        ],
        "32": [
            80.57298384432715,
            76.1999746691276
        ],
        "33": [
            50.42181237449726,
            52.56432686971946
        ],
        "34": [
            71.02129782973171,
            16.9415890002216
        ],
        "35": [
            27.060069758286332,
            79.12782406846671
        ],
        "36": [
            2.7806623715905365,
            74.52696329776498
        ],
        "37": [
            72.54767222255467,
            96.19528305374203
        ],
        "38": [
            87.62556506976559,
            68.24490423071623
        ],
        "39": [
            45.35824098732695,
            33.286893286803874
        ],
        "40": [
            55.07243843515279,
            74.56179046967385
        ],
        "41": [
            58.59787371623278,
            5.818521492774686
        ],
        "42": [
            32.953244489444835,
            47.98319328652776
        ],
        "43": [
            88.43741166948901,
            84.57486407765225
        ],
        "44": [
            22.261496868669216,
            68.91205143796275
        ],
        "45": [
            15.032992607701011,
            77.8025477914863
        ],
        "46": [
            15.065986098083862,
            27.780943609053633
        ],
        "47": [
            98.83137269025852,
            77.51013203908857
        ],
        "48": [
            17.359039810309874,
            46.412165621781064
        ],
        "49": [
            27.407404045464833,
            81.30432596411784
        ],
        "50": [
            64.02954805832108,
            13.174710173340276
        ],
        "51": [
            81.51189801432508,
            77.1783636953799
        ],
        "52": [
            35.46900369940271,
            78.63019621196436
        ],
        "53": [
            63.70490065576691,
            88.7520201260703
        ],
        "54": [
            39.95496879127231,
            65.65475111523003
        ],
        "55": [
            8.491090158751513,
            74.96616719193563
        ],
        "56": [
            10.154744750266154,
            95.06948201033859
        ],
        "57": [
            52.312486360530464,
            65.21210066403007
        ],
        "58": [
            77.94720676302128,
            16.920899119879472
        ],
        "59": [
            57.7881660277999,
            67.45434366570873
        ],
        "60": [
            9.237594340300648,
            67.27720750542771
        ]
    },
    "distance_matrix_str_keys": {
        "0,0": 0.0,
        "0,1": 94.82589569481975,
        "0,2": 80.70571621737305,
        "0,3": 85.10916908751344,
        "0,4": 122.03182311553073,
        "0,5": 78.71375721218556,
        "0,6": 91.57766010886591,
        "0,7": 6.861051491185167,
        "0,8": 118.23157682273808,
        "0,9": 103.83944348961356,
        "0,10": 103.69175766095536,
        "0,11": 83.31203946377904,
        "0,12": 67.34758839852016,
        "0,13": 101.73123871698097,
        "0,14": 94.2882397605896,
        "0,15": 106.19311239601439,
        "0,16": 59.109117271377094,
        "0,17": 81.44653618406724,
        "0,18": 51.71297581423978,
        "0,19": 94.45697318687107,
        "0,20": 26.553296027538202,
        "0,21": 122.93107484424252,
        "0,22": 89.68615931386711,
        "0,23": 45.65369608700602,
        "0,24": 70.9362748694344,
        "0,25": 58.04588551117572,
        "0,26": 52.45723065747139,
        "0,27": 55.28645390521055,
        "0,28": 97.42582889561902,
        "0,29": 90.75210592306279,
        "0,30": 69.67404004636154,
        "0,31": 112.53012127579905,
        "0,32": 30.72214449648562,
        "0,33": 68.61588572300421,
        "0,34": 87.96854447631394,
        "0,35": 75.86752369613058,
        "0,36": 100.50112043027224,
        "0,37": 27.71472842084943,
        "0,38": 34.08097338925327,
        "0,39": 86.23433443429207,
        "0,40": 51.62933557844718,
        "0,41": 102.87996381523446,
        "0,42": 84.85879804215288,
        "0,43": 19.277662387431,
        "0,44": 83.72416267061618,
        "0,45": 87.81867244357684,
        "0,46": 111.4871240255554,
        "0,47": 22.520209827803644,
        "0,48": 98.49459017845281,
        "0,49": 74.96141150668359,
        "0,50": 93.98140436475768,
        "0,51": 29.370682638526993,
        "0,52": 67.97733443940592,
        "0,53": 37.99804320819793,
        "0,54": 69.17370811091361,
        "0,55": 94.87135165789441,
        "0,56": 89.98044175561822,
        "0,57": 59.027933195430194,
        "0,58": 85.95616727496741,
        "0,59": 53.30158227976332,
        "0,60": 96.48106254482617,
        "1,0": 94.82589569481975,
        "1,1": 0.0,
        "1,2": 26.688276470833646,
        "1,3": 21.767664839852966,
        "1,4": 42.8443994006591,
        "1,5": 77.70651843691033,
        "1,6": 32.82249185015891,
        "1,7": 89.84932728731734,
        "1,8": 49.611083953166485,
        "1,9": 51.61975958445205,
        "1,10": 19.62168582337043,
        "1,11": 73.45667668417612,
        "1,12": 80.47314483897682,
        "1,13": 26.855829939782257,
        "1,14": 25.057514884395744,
        "1,15": 11.937973157359407,
        "1,16": 42.87407524119324,
        "1,17": 29.022059263178758,
        "1,18": 50.054590039127746,
        "1,19": 35.85477615001236,
        "1,20": 85.0475369208379,
        "1,21": 48.08426156074365,
        "1,22": 49.8682752829824,
        "1,23": 52.096362645335695,
        "1,24": 71.64989679395437,
        "1,25": 71.78631566012227,
        "1,26": 68.08442719057831,
        "1,27": 50.137230068088705,
        "1,28": 15.503478021865048,
        "1,29": 4.722285844303522,
        "1,30": 48.52213533222873,
        "1,31": 27.63886897211237,
        "1,32": 65.18569770832735,
        "1,33": 37.98234307729346,
        "1,34": 13.650333841059856,
        "1,35": 70.75637609238171,
        "1,36": 80.66154511478088,
        "1,37": 82.34316265750022,
        "1,38": 60.97651064350746,
        "1,39": 21.73587031910485,
        "1,40": 59.36751463631561,
        "1,41": 9.490885631735617,
        "1,42": 40.90645600865584,
        "1,43": 75.93057080262474,
        "1,44": 64.19114863010816,
        "1,45": 75.59891908872802,
        "1,46": 44.22555064272818,
        "1,47": 74.7487502741869,
        "1,48": 50.80327506994565,
        "1,49": 72.58294385745101,
        "1,50": 6.871164676675547,
        "1,51": 66.43540812907281,
        "1,52": 67.09911998733362,
        "1,53": 73.77237218257115,
        "1,54": 53.370112434833274,
        "1,55": 77.24300999484838,
        "1,56": 92.79908209558235,
        "1,57": 50.23529056030949,
        "1,58": 20.538799635711328,
        "1,59": 52.21227633949061,
        "1,60": 70.95495304471142,
        "2,0": 80.70571621737305,
        "2,1": 26.688276470833646,
        "2,2": 0.0,
        "2,3": 5.631251046278638,
        "2,4": 41.61468816956482,
        "2,5": 51.04953905481627,
        "2,6": 13.478520371849283,
        "2,7": 74.66824427132242,
        "2,8": 40.51478430195805,
        "2,9": 33.0381730431779,
        "2,10": 24.20257568135516,
        "2,11": 47.059496671724965,
        "2,12": 54.05446774510027,
        "2,13": 21.031229309825864,
        "2,14": 13.592991245383088,
        "2,15": 37.347107864692305,
        "2,16": 44.88740679295354,
        "2,17": 2.893884691956003,
        "2,18": 29.783568781383693,
        "2,19": 56.684671662917275,
        "2,20": 65.05523044140537,
        "2,21": 43.47043576641181,
        "2,22": 25.777551850510434,
        "2,23": 35.05239888627713,
        "2,24": 45.01705197877064,
        "2,25": 46.21449251912288,
        "2,26": 43.559638601068045,
        "2,27": 51.767710262194946,
        "2,28": 40.478754669050815,
        "2,29": 26.33012199895797,
        "2,30": 22.134016569807446,
        "2,31": 32.23434964678439,
        "2,32": 50.02331113199566,
        "2,33": 13.570774716539448,
        "2,34": 33.36436535494522,
        "2,35": 44.077241044852315,
        "2,36": 55.97915150075163,
        "2,37": 62.32601607690563,
        "2,38": 50.131115871447555,
        "2,39": 6.388031828089233,
        "2,40": 36.02427681116164,
        "2,41": 35.853868034139914,
        "2,42": 15.949737651214717,
        "2,43": 61.51180764374068,
        "2,44": 38.060475342429385,
        "2,45": 49.51848195816751,
        "2,46": 33.576552205600116,
        "2,47": 64.63335788904541,
        "2,48": 29.93742476936596,
        "2,49": 45.89491785757079,
        "2,50": 31.6845249616163,
        "2,51": 51.37917567454742,
        "2,52": 40.58793019115717,
        "2,53": 52.10186668636326,
        "2,54": 26.89318337778207,
        "2,55": 51.94044925717535,
        "2,56": 66.34266436952365,
        "2,57": 26.290427506780915,
        "2,58": 38.75164086067525,
        "2,59": 30.079724574815042,
        "2,60": 46.43741453852785,
        "3,0": 85.10916908751344,
        "3,1": 21.767664839852966,
        "3,2": 5.631251046278638,
        "3,3": 0.0,
        "3,4": 38.085127136803045,
        "3,5": 56.02249443920636,
        "3,6": 13.55718397603313,
        "3,7": 79.21663958334351,
        "3,8": 38.648853639476854,
        "3,9": 33.82433093214748,
        "3,10": 18.96788387510068,
        "3,11": 51.689315405443864,
        "3,12": 59.48664638754109,
        "3,13": 17.205836017090707,
        "3,14": 10.154023262749043,
        "3,15": 31.979246140837898,
        "3,16": 45.64919715222781,
        "3,17": 7.371964729612885,
        "3,18": 34.805950343381475,
        "3,19": 53.675150611501074,
        "3,20": 70.28162735717163,
        "3,21": 40.66254441280829,
        "3,22": 28.83578777204741,
        "3,23": 39.555216843154774,
        "3,24": 50.30382105433992,
        "3,25": 51.82543400194682,
        "3,26": 49.18218043932628,
        "3,27": 52.79583753325691,
        "3,28": 36.233312113619704,
        "3,29": 22.038072869432394,
        "3,30": 27.645750150258724,
        "3,31": 27.443734935368497,
        "3,32": 54.387153629891294,
        "3,33": 19.065043238930972,
        "3,34": 29.974524702087322,
        "3,35": 49.124433026805654,
        "3,36": 59.531741587750425,
        "3,37": 67.5465079633489,
        "3,38": 53.680563507052916,
        "3,39": 1.1759997075144042,
        "3,40": 41.54843517841356,
        "3,41": 30.681476863783192,
        "3,42": 19.395788891216935,
        "3,43": 65.85047415632236,
        "3,44": 42.454365660478175,
        "3,45": 53.883956792964916,
        "3,46": 31.869811281020603,
        "3,47": 68.22063476401797,
        "3,48": 31.544686632646666,
        "3,49": 51.00362683903414,
        "3,50": 27.284049856150542,
        "3,51": 55.738529370454,
        "3,52": 45.989588359660466,
        "3,53": 57.49614377020271,
        "3,54": 32.347494186618555,
        "3,55": 55.81270321336607,
        "3,56": 71.03148987279553,
        "3,57": 31.83582441361908,
        "3,58": 35.904059279421865,
        "3,59": 35.41504487513284,
        "3,60": 49.87361231882074,
        "4,0": 122.03182311553073,
        "4,1": 42.8443994006591,
        "4,2": 41.61468816956482,
        "4,3": 38.085127136803045,
        "4,4": 0.0,
        "4,5": 72.49444328909964,
        "4,6": 30.79777596691878,
        "4,7": 115.81606022359843,
        "4,8": 13.42048409183966,
        "4,9": 29.712642612694026,
        "4,10": 23.601239194844553,
        "4,11": 65.63574201432895,
        "4,12": 81.33615186599273,
        "4,13": 20.881356964790083,
        "4,14": 28.12766080561027,
        "4,15": 42.193649870402915,
        "4,16": 81.87556562345068,
        "4,17": 40.612087039658455,
        "4,18": 70.46079195444116,
        "4,19": 77.68238991085745,
        "4,20": 104.20056478283881,
        "4,21": 6.7282882065821275,
        "4,22": 40.636032447779385,
        "4,23": 76.45733396173442,
        "4,24": 71.23187244499547,
        "4,25": 78.54162212311523,
        "4,26": 78.77617600939672,
        "4,27": 89.24893065753602,
        "4,28": 56.242602603158566,
        "4,29": 46.98068172726295,
        "4,30": 55.72609648278557,
        "4,31": 15.36465050602676,
        "4,32": 91.47328705114924,
        "4,33": 53.50413378500583,
        "4,34": 56.4722106588494,
        "4,35": 67.54152303264826,
        "4,36": 62.941515614829655,
        "4,37": 101.55177539626989,
        "4,38": 91.64907796150905,
        "4,39": 36.90912761543233,
        "4,40": 73.8451419292546,
        "4,41": 44.43135319686849,
        "4,42": 39.69927904240312,
        "4,43": 102.94917696048316,
        "4,44": 56.69205383371337,
        "4,45": 65.07773360281024,
        "4,46": 15.059598276834738,
        "4,47": 106.1790727176855,
        "4,48": 33.79079083072163,
        "4,49": 69.74486102939291,
        "4,50": 49.324913339295755,
        "4,51": 92.82829236095357,
        "4,52": 69.09765313534781,
        "4,53": 90.44798154048532,
        "4,54": 58.642712698678615,
        "4,55": 62.550121739513465,
        "4,56": 82.46956827695016,
        "4,57": 64.56799596927905,
        "4,58": 63.37952829022923,
        "4,59": 69.65088920051618,
        "4,60": 54.82504213947248,
        "5,0": 78.71375721218556,
        "5,1": 77.70651843691033,
        "5,2": 51.04953905481627,
        "5,3": 56.02249443920636,
        "5,4": 72.49444328909964,
        "5,5": 0.0,
        "5,6": 48.56024631025888,
        "5,7": 71.97009180163631,
        "5,8": 61.60669853172318,
        "5,9": 43.33705553644296,
        "5,10": 69.50332576374238,
        "5,11": 7.316741848261646,
        "5,12": 12.60452742713998,
        "5,13": 61.2982228462677,
        "5,14": 56.81343721079229,
        "5,15": 87.82553829073817,
        "5,16": 81.07096970884442,
        "5,17": 48.695917766342276,
        "5,18": 43.72850524394402,
        "5,19": 105.01727083751486,
        "5,20": 52.59941799501544,
        "5,21": 69.18196717777204,
        "5,22": 32.52764009536221,
        "5,23": 50.529605758401075,
        "5,24": 9.059694487562705,
        "5,25": 20.98937254084417,
        "5,26": 27.67409143652693,
        "5,27": 85.22039546219847,
        "5,28": 91.25309914979444,
        "5,29": 77.25857147753446,
        "5,30": 30.426402869420226,
        "5,31": 73.27673731783398,
        "5,32": 58.43112943353516,
        "5,33": 42.44539427386082,
        "5,34": 83.2376071265468,
        "5,35": 7.085551432936615,
        "5,36": 22.464170219026684,
        "5,37": 51.068451610222446,
        "5,38": 66.92409548770371,
        "5,39": 56.21880143465779,
        "5,40": 33.87345702428359,
        "5,41": 86.69878611587822,
        "5,42": 38.169092315188394,
        "5,43": 65.66397668326728,
        "5,44": 15.866053831215254,
        "5,45": 10.414509826104878,
        "5,46": 57.50776406483633,
        "5,47": 76.40333198561657,
        "5,48": 38.73796044919211,
        "5,49": 5.786254128184335,
        "5,50": 82.6311371408828,
        "5,51": 59.22671243010404,
        "5,52": 14.101959972777854,
        "5,53": 41.12443297803069,
        "5,54": 25.701781540606436,
        "5,55": 17.32355439501778,
        "5,56": 16.28868886839066,
        "5,57": 35.426591887274924,
        "5,58": 87.45050713645671,
        "5,59": 39.06196802752589,
        "5,60": 22.118291550062146,
        "6,0": 91.57766010886591,
        "6,1": 32.82249185015891,
        "6,2": 13.478520371849283,
        "6,3": 13.55718397603313,
        "6,4": 30.79777596691878,
        "6,5": 48.56024631025888,
        "6,6": 0.0,
        "6,7": 85.24875803157116,
        "6,8": 27.468112034429073,
        "6,9": 20.267148740048373,
        "6,10": 20.94389820337732,
        "6,11": 43.044300970957515,
        "6,12": 54.60199322109683,
        "6,13": 13.192708577004588,
        "6,14": 8.48809523490264,
        "6,15": 40.794575957489215,
        "6,16": 58.28835421260897,
        "6,17": 11.309060990657146,
        "6,18": 39.87453480930252,
        "6,19": 66.75799965094319,
        "6,20": 73.44768960352323,
        "6,21": 31.37531438905945,
        "6,22": 17.500267419761666,
        "6,23": 46.29111224886867,
        "6,24": 44.66833157758808,
        "6,25": 49.49204511523616,
        "6,26": 48.74006273090345,
        "6,27": 65.22310162346973,
        "6,28": 48.145226988105534,
        "6,29": 34.27015246231273,
        "6,30": 25.510388069403664,
        "6,31": 25.685289945846243,
        "6,32": 61.26088153244407,
        "6,33": 22.975020154451336,
        "6,34": 42.96385669844937,
        "6,35": 42.23361542391874,
        "6,36": 48.04730167355757,
        "6,37": 70.78685275720736,
        "6,38": 62.5761097092476,
        "6,39": 12.806953215780652,
        "6,40": 43.162986281132035,
        "6,41": 40.4768933927459,
        "6,42": 10.641783878303128,
        "6,43": 72.66809656947312,
        "6,44": 33.412594841972016,
        "6,45": 44.35418433066443,
        "6,46": 20.511132295550365,
        "6,47": 76.93697819684988,
        "6,48": 18.262229306960776,
        "6,49": 44.34124474607368,
        "6,50": 39.16578285151952,
        "6,51": 62.6075348347234,
        "6,52": 41.347360254120964,
        "6,53": 59.771255836620874,
        "6,54": 29.102379958132058,
        "6,55": 45.0162754627106,
        "6,56": 62.15918382621612,
        "6,57": 33.78557644977169,
        "6,58": 49.17770018233388,
        "6,59": 38.86687558984125,
        "6,60": 38.34961312576522,
        "7,0": 6.861051491185167,
        "7,1": 89.84932728731734,
        "7,2": 74.66824427132242,
        "7,3": 79.21663958334351,
        "7,4": 115.81606022359843,
        "7,5": 71.97009180163631,
        "7,6": 85.24875803157116,
        "7,7": 0.0,
        "7,8": 111.734923509597,
        "7,9": 97.14903471827378,
        "7,10": 97.9360260308054,
        "7,11": 76.49353268898966,
        "7,12": 60.72712497495926,
        "7,13": 95.66138038532758,
        "7,14": 88.22028076420128,
        "7,15": 101.38195268910106,
        "7,16": 56.02590297459008,
        "7,17": 75.29546715218251,
        "7,18": 45.38083180339208,
        "7,19": 91.64523173989664,
        "7,20": 20.172195471361164,
        "7,21": 116.56250536068808,
        "7,22": 82.95793518484561,
        "7,23": 39.66475401925431,
        "7,24": 64.12524309203899,
        "7,25": 51.24348008045367,
        "7,26": 45.602768332475875,
        "7,27": 52.9419973645206,
        "7,28": 93.27783944839656,
        "7,29": 85.9079904870177,
        "7,30": 62.99257029587832,
        "7,31": 106.66020703220399,
        "7,32": 24.9784208130164,
        "7,33": 62.32914242040271,
        "7,34": 83.6722330522974,
        "7,35": 69.03909479508299,
        "7,36": 93.68911822637999,
        "7,37": 21.100801028661877,
        "7,38": 29.867994150073482,
        "7,39": 80.3263119413702,
        "7,40": 44.849476584135424,
        "7,41": 98.14576139933085,
        "7,42": 78.30473381985315,
        "7,43": 13.928017728436808,
        "7,44": 76.86339198097033,
        "7,45": 81.0078108519237,
        "7,46": 105.02671409802998,
        "7,47": 20.668598139055703,
        "7,48": 91.78562475650324,
        "7,49": 68.15437025371644,
        "7,50": 89.36955855788129,
        "7,51": 23.655633284001066,
        "7,52": 61.12658363985626,
        "7,53": 31.158220692676572,
        "7,54": 62.39565787417742,
        "7,55": 88.0508077361977,
        "7,56": 83.48848467053563,
        "7,57": 52.424179950322056,
        "7,58": 82.09435691479078,
        "7,59": 46.75722730384116,
        "7,60": 89.62245552559824,
        "8,0": 118.23157682273808,
        "8,1": 49.611083953166485,
        "8,2": 40.51478430195805,
        "8,3": 38.648853639476854,
        "8,4": 13.42048409183966,
        "8,5": 61.60669853172318,
        "8,6": 27.468112034429073,
        "8,7": 111.734923509597,
        "8,8": 0.0,
        "8,9": 18.287032568626323,
        "8,10": 30.173510044229065,
        "8,11": 54.49011226540009,
        "8,12": 71.45097531066216,
        "8,13": 23.374374719853776,
        "8,14": 28.72213380056746,
        "8,15": 51.688862132670536,
        "8,16": 84.2428152310907,
        "8,17": 38.681998991982205,
        "8,18": 66.63766565755397,
        "8,19": 85.41328773229772,
        "8,20": 98.28719522352648,
        "8,21": 7.9078100410405705,
        "8,22": 31.45766561717101,
        "8,23": 73.45079556084929,
        "8,24": 61.507891985999755,
        "8,25": 70.24521350457704,
        "8,26": 71.52684128552313,
        "8,27": 91.43221659830768,
        "8,28": 64.3524177297749,
        "8,29": 53.067531073896404,
        "8,30": 49.399292440721744,
        "8,31": 24.873578836861224,
        "8,32": 88.30498936625656,
        "8,33": 50.05694908550202,
        "8,34": 62.72233957736563,
        "8,35": 57.34498258033547,
        "8,36": 50.11723007948861,
        "8,37": 95.74176994995668,
        "8,38": 90.02817261477954,
        "8,39": 37.547087237871,
        "8,40": 67.97941402671906,
        "8,41": 53.29234109616227,
        "8,42": 33.50637207632588,
        "8,43": 99.60045018652764,
        "8,44": 46.15086265073111,
        "8,45": 53.39754297311959,
        "8,46": 6.960718114069468,
        "8,47": 104.3499633239605,
        "8,48": 23.275835878181923,
        "8,49": 59.51983779911346,
        "8,50": 56.444090288825144,
        "8,51": 89.63839277289107,
        "8,52": 60.10471714781111,
        "8,53": 84.31625622084192,
        "8,54": 51.40760474741477,
        "8,55": 50.19579244825005,
        "8,56": 70.31147429787727,
        "8,57": 59.41132697059605,
        "8,58": 69.60177505606646,
        "8,59": 64.98236666790865,
        "8,60": 42.50830643106228,
        "9,0": 103.83944348961356,
        "9,1": 51.61975958445205,
        "9,2": 33.0381730431779,
        "9,3": 33.82433093214748,
        "9,4": 29.712642612694026,
        "9,5": 43.33705553644296,
        "9,6": 20.267148740048373,
        "9,7": 97.14903471827378,
        "9,8": 18.287032568626323,
        "9,9": 0.0,
        "9,10": 35.23593193036489,
        "9,11": 36.262796121288346,
        "9,12": 53.24674421267392,
        "9,13": 26.01632058934417,
        "9,14": 26.664067479266073,
        "9,15": 57.51548266305708,
        "9,16": 77.76522242594032,
        "9,17": 30.38970110319778,
        "9,18": 53.3130979971774,
        "9,19": 86.58619137664778,
        "9,20": 82.23280905016937,
        "9,21": 25.866569678676843,
        "9,22": 14.384108388504082,
        "9,23": 60.776874000353594,
        "9,24": 43.37993200929888,
        "9,25": 52.753113146701686,
        "9,26": 54.75123531464889,
        "9,27": 84.45566357251136,
        "9,28": 67.1232313954527,
        "9,29": 53.752328177287964,
        "9,30": 34.16573700529607,
        "9,31": 34.711798152743924,
        "9,32": 75.0208198781691,
        "9,33": 38.204940073187416,
        "9,34": 62.82893516288088,
        "9,35": 39.104162378924535,
        "9,36": 33.88000280085673,
        "9,37": 79.80099769058232,
        "9,38": 78.41222560706947,
        "9,39": 33.05520281664875,
        "9,40": 52.479950993716265,
        "9,41": 58.01088824342463,
        "9,42": 20.148269142626578,
        "9,43": 85.9042818910623,
        "9,44": 27.878063610350146,
        "9,45": 35.41475056650906,
        "9,46": 14.710635239179025,
        "9,47": 92.1833412223638,
        "9,48": 5.492939629410594,
        "9,49": 41.26926834462994,
        "9,50": 58.30413629319912,
        "9,51": 76.3010609115209,
        "9,52": 42.30970522001087,
        "9,53": 68.25329430516075,
        "9,54": 35.14462383063355,
        "9,55": 32.94573037664879,
        "9,56": 52.76411790882817,
        "9,57": 44.934527975315476,
        "9,58": 69.22455701445139,
        "9,59": 50.7978372250243,
        "9,60": 25.237919662163883,
        "10,0": 103.69175766095536,
        "10,1": 19.62168582337043,
        "10,2": 24.20257568135516,
        "10,3": 18.96788387510068,
        "10,4": 23.601239194844553,
        "10,5": 69.50332576374238,
        "10,6": 20.94389820337732,
        "10,7": 97.9360260308054,
        "10,8": 30.173510044229065,
        "10,9": 35.23593193036489,
        "10,10": 0.0,
        "10,11": 63.92515254570761,
        "10,12": 75.16056562704229,
        "10,13": 9.271060224187947,
        "10,14": 12.874460535164484,
        "10,15": 22.459572364111953,
        "10,16": 58.807537672159334,
        "10,17": 24.718920632777728,
        "10,18": 53.77380004271055,
        "10,19": 55.27617085587967,
        "10,20": 89.22021339947203,
        "10,21": 28.507875094945337,
        "10,22": 37.94994693991642,
        "10,23": 58.33547524859433,
        "10,24": 65.36460106964995,
        "10,25": 69.00955412963246,
        "10,26": 67.18395442433467,
        "10,27": 66.20775519530781,
        "10,28": 34.18588376144558,
        "10,29": 23.49497891851017,
        "10,30": 44.51625646537363,
        "10,31": 9.379515681481564,
        "10,32": 73.00959987548674,
        "10,33": 37.752437828349784,
        "10,34": 33.09249826492632,
        "10,35": 63.13154393095698,
        "10,36": 67.46685736280119,
        "10,37": 86.48722991485097,
        "10,38": 71.42880921288862,
        "10,39": 17.956991794796924,
        "10,40": 60.1190660970142,
        "10,41": 23.47069217558708,
        "10,42": 31.44049031107269,
        "10,43": 84.41412096669903,
        "10,44": 54.283266990726794,
        "10,45": 65.02770079156714,
        "10,46": 25.303323926235645,
        "10,47": 85.89527237251461,
        "10,48": 35.941459852596395,
        "10,49": 65.21969110151777,
        "10,50": 26.37078259697823,
        "10,51": 74.35240218728222,
        "10,52": 61.740318226407155,
        "10,53": 76.29896407241226,
        "10,54": 48.75797088169449,
        "10,55": 65.06721704042064,
        "10,56": 82.92036127713018,
        "10,57": 50.370552472937575,
        "10,58": 40.01841113633574,
        "10,59": 54.27895266046582,
        "10,60": 57.94075151788893,
        "11,0": 83.31203946377904,
        "11,1": 73.45667668417612,
        "11,2": 47.059496671724965,
        "11,3": 51.689315405443864,
        "11,4": 65.63574201432895,
        "11,5": 7.316741848261646,
        "11,6": 43.044300970957515,
        "11,7": 76.49353268898966,
        "11,8": 54.49011226540009,
        "11,9": 36.262796121288346,
        "11,10": 63.92515254570761,
        "11,11": 0.0,
        "11,12": 19.309472210153476,
        "11,13": 55.42689603576164,
        "11,14": 51.45247266300283,
        "11,15": 83.0946349311452,
        "11,16": 80.57170971249266,
        "11,17": 44.511404961442,
        "11,18": 44.21246007342049,
        "11,19": 102.38482950844778,
        "11,20": 57.680148450352846,
        "11,21": 62.1292069702808,
        "11,22": 26.294387175789844,
        "11,23": 51.53518345874584,
        "11,24": 12.39143360548475,
        "11,25": 25.29109135063826,
        "11,26": 31.160563205792744,
        "11,27": 85.2445174821342,
        "11,28": 87.52781778785715,
        "11,29": 73.38919160628092,
        "11,30": 28.145090910539086,
        "11,31": 67.14230542825877,
        "11,32": 61.0086918486082,
        "11,33": 40.078882626447374,
        "11,34": 79.96586070900662,
        "11,35": 7.523741813157818,
        "11,36": 17.207737408094033,
        "11,37": 55.932320256642875,
        "11,38": 68.75066178720067,
        "11,39": 51.75879030460891,
        "11,40": 35.65997089903004,
        "11,41": 82.20189572609557,
        "11,42": 33.018042547175874,
        "11,43": 69.13748925818055,
        "11,44": 9.642551228899912,
        "11,45": 4.578905389930287,
        "11,46": 50.60125621051495,
        "11,47": 79.23779750096413,
        "11,48": 31.845510448795405,
        "11,49": 8.413059733644799,
        "11,50": 78.73919261513696,
        "11,51": 61.92358487867666,
        "11,52": 15.879017571333826,
        "11,53": 45.358010111464935,
        "11,54": 23.902464580486644,
        "11,55": 11.560711868384498,
        "11,56": 19.350290304658866,
        "11,57": 35.192080024086636,
        "11,58": 84.6012402652193,
        "11,59": 39.66899353519574,
        "11,60": 15.038402569686083,
        "12,0": 67.34758839852016,
        "12,1": 80.47314483897682,
        "12,2": 54.05446774510027,
        "12,3": 59.48664638754109,
        "12,4": 81.33615186599273,
        "12,5": 12.60452742713998,
        "12,6": 54.60199322109683,
        "12,7": 60.72712497495926,
        "12,8": 71.45097531066216,
        "12,9": 53.24674421267392,
        "12,10": 75.16056562704229,
        "12,11": 19.309472210153476,
        "12,12": 0.0,
        "12,13": 67.75952862208081,
        "12,14": 62.28616954503815,
        "12,15": 91.40145568841972,
        "12,16": 77.01232161999297,
        "12,17": 52.162641930130384,
        "12,18": 39.291512397320496,
        "12,19": 104.32387248933439,
        "12,20": 40.91285248261177,
        "12,21": 78.71503484296626,
        "12,22": 40.70075659881802,
        "12,23": 44.850795109812445,
        "12,24": 10.122023430598754,
        "12,25": 12.307742775083788,
        "12,26": 19.454054314420283,
        "12,27": 80.22827383350794,
        "12,28": 92.78126122237889,
        "12,29": 79.29366137882838,
        "12,30": 31.965535849710747,
        "12,31": 80.15110370306651,
        "12,32": 49.98250525018136,
        "12,33": 43.008885166670055,
        "12,34": 84.03007497249588,
        "12,35": 14.185582009688062,
        "12,36": 34.99808514705182,
        "12,37": 39.64036016492065,
        "12,38": 59.421485181610386,
        "12,39": 59.919426382731565,
        "12,40": 27.990158411514116,
        "12,41": 89.81284988708231,
        "12,42": 43.96365963618254,
        "12,43": 55.790887020637946,
        "12,44": 25.472187233606746,
        "12,45": 22.972976598277803,
        "12,46": 66.66129976217121,
        "12,47": 67.26316302687243,
        "12,48": 48.18999268293182,
        "12,49": 12.0858750261791,
        "12,50": 84.61337031406161,
        "12,51": 50.58019730913653,
        "12,52": 13.519160604390482,
        "12,53": 30.735684353330363,
        "12,54": 27.161692264149288,
        "12,55": 29.92801759109505,
        "12,56": 23.19215779656813,
        "12,57": 32.901017587660355,
        "12,58": 87.38941937436222,
        "12,59": 34.750682615708136,
        "12,60": 34.34662771893634,
        "13,0": 101.73123871698097,
        "13,1": 26.855829939782257,
        "13,2": 21.031229309825864,
        "13,3": 17.205836017090707,
        "13,4": 20.881356964790083,
        "13,5": 61.2982228462677,
        "13,6": 13.192708577004588,
        "13,7": 95.66138038532758,
        "13,8": 23.374374719853776,
        "13,9": 26.01632058934417,
        "13,10": 9.271060224187947,
        "13,11": 55.42689603576164,
        "13,12": 67.75952862208081,
        "13,13": 0.0,
        "13,14": 7.443321383691645,
        "13,15": 31.521736243386016,
        "13,16": 61.67801661894951,
        "13,17": 20.45689958758725,
        "13,18": 50.54281224774892,
        "13,19": 62.66689508546751,
        "13,20": 85.25914768043782,
        "13,21": 23.880668852728835,
        "13,22": 29.215376693414246,
        "13,23": 56.077849508041865,
        "13,24": 57.786849166182826,
        "13,25": 62.590709400035074,
        "13,26": 61.52662423686297,
        "13,27": 68.98904544496096,
        "13,28": 42.13538787243011,
        "13,29": 29.92601912849568,
        "13,30": 38.373912603886176,
        "13,31": 12.518233851649018,
        "13,32": 71.05452218601042,
        "13,33": 33.74143820439609,
        "13,34": 39.5353734597777,
        "13,35": 55.169738305512254,
        "13,36": 58.27833096222515,
        "13,37": 82.55666999436434,
        "13,38": 70.83264064529331,
        "13,39": 16.029911572622346,
        "13,40": 55.33568892062487,
        "13,41": 32.19919904117018,
        "13,42": 23.80250477233732,
        "13,43": 82.54303334240586,
        "13,44": 45.79978127583855,
        "13,45": 56.27699273741984,
        "13,46": 17.46317462403201,
        "13,47": 85.3703980510717,
        "13,48": 26.69494881743292,
        "13,49": 57.307454580252426,
        "13,50": 33.7238230975619,
        "13,51": 72.41039497289157,
        "13,52": 54.536852307297025,
        "13,53": 71.85414088914852,
        "13,54": 42.18772005870817,
        "13,55": 56.01676360629246,
        "13,56": 74.21201179798827,
        "13,57": 45.702673123685216,
        "13,58": 46.364407070077114,
        "13,59": 50.283417542028,
        "13,60": 48.80012305150632,
        "14,0": 94.2882397605896,
        "14,1": 25.057514884395744,
        "14,2": 13.592991245383088,
        "14,3": 10.154023262749043,
        "14,4": 28.12766080561027,
        "14,5": 56.81343721079229,
        "14,6": 8.48809523490264,
        "14,7": 88.22028076420128,
        "14,8": 28.72213380056746,
        "14,9": 26.664067479266073,
        "14,10": 12.874460535164484,
        "14,11": 51.45247266300283,
        "14,12": 62.28616954503815,
        "14,13": 7.443321383691645,
        "14,14": 0.0,
        "14,15": 32.37911281147568,
        "14,16": 55.53406827308146,
        "14,17": 13.080496301876149,
        "14,18": 43.13763526930846,
        "14,19": 59.9866004760263,
        "14,20": 78.00359567076222,
        "14,21": 30.50932560548923,
        "14,22": 25.971202966384258,
        "14,23": 48.63506420958861,
        "14,24": 52.49912418545555,
