{
    "num_robots": 3,
    "num_tasks": 40,
    "num_nodes": 41,
    "robot_capacity": [
        157,
        160,
        157
    ],
    "robot_speed": [
        1.03,
        1.07,
        0.84
    ],
    "task_demand": {
        "0": 0,
        "1": 13,
        "2": 13,
        "3": 14,
        "4": 11,
        "5": 9,
        "6": 8,
        "7": 7,
        "8": 13,
        "9": 9,
        "10": 5,
        "11": 11,
        "12": 9,
        "13": 14,
        "14": 5,
        "15": 12,
        "16": 15,
        "17": 10,
        "18": 7,
        "19": 10,
        "20": 8,
        "21": 15,
        "22": 9,
        "23": 5,
        "24": 14,
        "25": 9,
        "26": 8,
        "27": 5,
        "28": 6,
        "29": 8,
        "30": 10,
        "31": 12,
        "32": 11,
        "33": 8,
        "34": 13,
        "35": 15,
        "36": 5,
        "37": 11,
        "38": 6,
        "39": 8,
        "40": 7
    },
    "task_service_time": {
        "0": 0,
        "1": 54,
        "2": 46,
        "3": 95,
        "4": 83,
        "5": 95,
        "6": 84,
        "7": 14,
        "8": 37,
        "9": 46,
        "10": 13,
        "11": 26,
        "12": 80,
        "13": 29,
        "14": 34,
        "15": 17,
        "16": 79,
        "17": 18,
        "18": 13,
        "19": 46,
        "20": 86,
        "21": 15,
        "22": 12,
        "23": 73,
        "24": 79,
        "25": 55,
        "26": 99,
        "27": 84,
        "28": 57,
        "29": 80,
        "30": 98,
        "31": 49,
        "32": 43,
        "33": 11,
        "34": 22,
        "35": 10,
        "36": 55,
        "37": 38,
        "38": 53,
        "39": 52,
        "40": 69
    },
    "task_precedence": [],
    "coordinates": {
        "0": [
            50.0,
            50.0
        ],
        "1": [
            88.57489347861876,
            74.5254064659598
        ],
        "2": [
            29.541065156104985,
            52.32807031572514
        ],
        "3": [
            47.34186153624446,
            56.95129271026368
        ],
        "4": [
            12.491617236389384,
            95.38405456929489
        ],
        "5": [
            79.17680682466496,
            68.10684898317061
        ],
        "6": [
            83.5557890859316,
            81.01815787117084
        ],
        "7": [
            43.49181604471597,
            44.165594560153075
        ],
        "8": [
            58.18711292857191,
            87.50480460679245
        ],
        "9": [
            6.84407791665026,
            87.96448094519447
        ],
        "10": [
            46.29249411202699,
            18.394875235636977
        ],
        "11": [
            0.05185444550682705,
            52.4444517680333
        ],
        "12": [
            94.47777555273537,
            24.483459562268163
        ],
        "13": [
            37.70847318416614,
            84.52419881914462
        ],
        "14": [
            79.97833808645328,
            20.77379203071018
        ],
        "15": [
            71.42243291407856,
            95.8354254015341
        ],
        "16": [
            13.722053030348757,
            0.2339267277269741
        ],
        "17": [
            38.850859988767525,
            86.38922657980659
        ],
        "18": [
            13.414353111490474,
            99.35476079547584
        ],
        "19": [
            55.02048495475689,
            8.670760858988347
        ],
        "20": [
            44.57162069506526,
            41.030792643910154
        ],
        "21": [
            96.35035943413247,
            67.50607228842247
        ],
        "22": [
            26.218507467986985,
            67.76091544042046
        ],
        "23": [
            70.42852366709107,
            74.83237518982907
        ],
        "24": [
            5.7748607980068645,
            82.99861158286794
        ],
        "25": [
            57.094451660016645,
            63.15952017508788
        ],
        "26": [
            40.888712068655174,
            66.6494212863677
        ],
        "27": [
            22.685342558320166,
            70.83483442145695
        ],
        "28": [
            55.00468169622089,
            47.00099184852785
        ],
        "29": [
            34.49849989775956,
            68.5208310726095
        ],
        "30": [
            69.4401140596022,
            85.57775585182007
        ],
        "31": [
            68.7621396557929,
            19.911399654557616
        ],
        "32": [
            32.6041629808851,
            80.42336194302433
        ],
        "33": [
            12.657751696086994,
            50.46293153253154
        ],
        "34": [
            33.34126798157254,
            64.36093104685266
        ],
        "35": [
            48.163027502820974,
            93.14477336701981
        ],
        "36": [
            82.99247483677202,
            96.06505386196504
        ],
        "37": [
            43.695939519737756,
            58.04575393381521
        ],
        "38": [
            65.30379750908125,
            61.478622192478916
        ],
        "39": [
            44.334479950508566,
            63.60754211915043
        ],
        "40": [
            97.95781657505381,
            56.84089666201484
        ]
    },
    "distance_matrix_str_keys": {
        "0,0": 0.0,
        "0,1": 45.71124554425669,
        "0,2": 20.5909671055466,
        "0,3": 7.44218855151236,
        "0,4": 58.87776479020121,
        "0,5": 34.338666785173274,
        "0,6": 45.695919937127904,
        "0,7": 8.740523166969579,
        "0,8": 38.38800837108992,
        "0,9": 57.47812996525015,
        "0,10": 31.821840161755375,
        "0,11": 50.007925259693366,
        "0,12": 51.2773473770817,
        "0,13": 36.64699081190964,
        "0,14": 41.86731406108917,
        "0,15": 50.59453383220161,
        "0,16": 61.5853187478483,
        "0,17": 38.058890342028725,
        "0,18": 61.436161756976205,
        "0,19": 41.633055102356714,
        "0,20": 10.48398695510348,
        "0,21": 49.5461238306363,
        "0,22": 29.681804263419647,
        "0,23": 32.1554262416989,
        "0,24": 55.179446389327396,
        "0,25": 14.950057377644335,
        "0,26": 18.97943089080449,
        "0,27": 34.35376015119513,
        "0,28": 5.834457024701169,
        "0,29": 24.151970707167933,
        "0,30": 40.542505424579524,
        "0,31": 35.45901514722641,
        "0,32": 35.045628793215705,
        "0,33": 37.345117672795006,
        "0,34": 21.994310468715238,
        "0,35": 43.18386199550584,
        "0,36": 56.661208804267275,
        "0,37": 10.22131766957212,
        "0,38": 19.130211332774945,
        "0,39": 14.739854814605279,
        "0,40": 48.443266175877035,
        "1,0": 45.71124554425669,
        "1,1": 0.0,
        "1,2": 63.0691257159836,
        "1,3": 44.82200795880309,
        "1,4": 78.89073535244901,
        "1,5": 11.380769434229554,
        "1,6": 8.206535792559583,
        "1,7": 54.352571695065535,
        "1,8": 33.0436375548464,
        "1,9": 82.82834620637387,
        "1,10": 70.27401961176126,
        "1,11": 91.23539335164693,
        "1,12": 50.388892294758975,
        "1,13": 51.839835668084525,
        "1,14": 54.43470234148713,
        "1,15": 27.355507863182538,
        "1,16": 105.46170719683246,
        "1,17": 51.11975874545539,
        "1,18": 79.1555662268888,
        "1,19": 73.91030157837282,
        "1,20": 55.30078815669863,
        "1,21": 10.4751574270412,
        "1,22": 62.72222265785482,
        "1,23": 18.148966007300732,
        "1,24": 83.23244930232195,
        "1,25": 33.46941272671845,
        "1,26": 48.33221534352746,
        "1,27": 65.99282720488863,
        "1,28": 43.41143304646077,
        "1,29": 54.4087425729213,
        "1,30": 22.097380169638793,
        "1,31": 58.096772320325904,
        "1,32": 56.28062323090753,
        "1,33": 79.63928123954219,
        "1,34": 56.16110705901004,
        "1,35": 44.49494056004718,
        "1,36": 22.251287779296575,
        "1,37": 47.80898928050645,
        "1,38": 26.678877178437876,
        "1,39": 45.56768538156757,
        "1,40": 20.01951879640067,
        "2,0": 20.5909671055466,
        "2,1": 63.0691257159836,
        "2,2": 0.0,
        "2,3": 18.39137126688897,
        "2,4": 46.30876217748366,
        "2,5": 52.083363056011024,
        "2,6": 61.161356469216116,
        "2,7": 16.16321319590823,
        "2,8": 45.36517043246733,
        "2,9": 42.25052653281524,
        "2,10": 37.84272850110867,
        "2,11": 29.489440363908205,
        "2,12": 70.654785436992,
        "2,13": 33.215918540746955,
        "2,14": 59.494461748456985,
        "2,15": 60.38989080832399,
        "2,16": 54.44300635344997,
        "2,17": 35.31054581668832,
        "2,18": 49.7149922945603,
        "2,19": 50.54860534453166,
        "2,20": 18.802821134177155,
        "2,21": 68.51170371411939,
        "2,22": 15.786452997228482,
        "2,23": 46.671490241412116,
        "2,24": 38.80096095730609,
        "2,25": 29.6059016733122,
        "2,26": 18.272114931672093,
        "2,27": 19.73578602445265,
        "2,28": 26.014871368079863,
        "2,29": 16.93462902302432,
        "2,30": 51.93722837861934,
        "2,31": 50.88352603411706,
        "2,32": 28.261775951046683,
        "2,33": 16.986024139562428,
        "2,34": 12.618687684914077,
        "2,35": 44.86402489322681,
        "2,36": 69.06501955820012,
        "2,37": 15.26605300026185,
        "2,38": 36.914842881959785,
        "2,39": 18.602999904411785,
        "2,40": 68.56542478796439,
        "3,0": 7.44218855151236,
        "3,1": 44.82200795880309,
        "3,2": 18.39137126688897,
        "3,3": 0.0,
        "3,4": 51.880793284919854,
        "3,5": 33.73292423248717,
        "3,6": 43.48174958815797,
        "3,7": 13.352787254823639,
        "3,8": 32.42123635788903,
        "3,9": 51.00870830157064,
        "3,10": 38.570694840366926,
        "3,11": 47.504277553927494,
        "3,12": 57.23595530342882,
        "3,13": 29.207316248349866,
        "3,14": 48.72320963392523,
        "3,15": 45.73674335843434,
        "3,16": 65.93292901100412,
        "3,17": 30.638032864184304,
        "3,18": 54.305892254573614,
        "3,19": 48.8873297843658,
        "3,20": 16.159720191912353,
        "3,21": 50.13218764577117,
        "3,22": 23.7285488528332,
        "3,23": 29.201491040439823,
        "3,24": 49.053831357232134,
        "3,25": 11.560929996211216,
        "3,26": 11.648898485680661,
        "3,27": 28.29658386723005,
        "3,28": 12.558952983557267,
        "3,29": 17.28601041578701,
        "3,30": 36.163616475415914,
        "3,31": 42.78763831174779,
        "3,32": 27.715298893862766,
        "3,33": 35.28578050967286,
        "3,34": 15.84043434259837,
        "3,35": 36.20279485890065,
        "3,36": 52.92308135526592,
        "3,37": 3.80665111617892,
        "3,38": 18.523710646974155,
        "3,39": 7.304108446314892,
        "3,40": 50.616075428447026,
        "4,0": 58.87776479020121,
        "4,1": 78.89073535244901,
        "4,2": 46.30876217748366,
        "4,3": 51.880793284919854,
        "4,4": 0.0,
        "4,5": 72.0483202789069,
        "4,6": 72.50169314300486,
        "4,7": 59.86938259130314,
        "4,8": 46.36982754470699,
        "4,9": 9.324418112217305,
        "4,10": 84.08229904107138,
        "4,11": 44.70522550019783,
        "4,12": 108.39107217766309,
        "4,13": 27.455897195411332,
        "4,14": 100.60392023758807,
        "4,15": 58.93254425244147,
        "4,16": 95.15808321162093,
        "4,17": 27.85168951857825,
        "4,18": 4.076511919500634,
        "4,19": 96.58105350168992,
        "4,20": 63.11421158374819,
        "4,21": 88.37120876756282,
        "4,22": 30.845831659455758,
        "4,23": 61.47403233948659,
        "4,24": 14.089500169366747,
        "4,25": 55.02575265768692,
        "4,26": 40.39893742188034,
        "4,27": 26.58150194789574,
        "4,28": 64.40715339158739,
        "4,29": 34.72658435700502,
        "4,30": 57.78663154190446,
        "4,31": 94.14081651032993,
        "4,32": 25.066647565683347,
        "4,33": 44.921430248186994,
        "4,34": 37.37836445438491,
        "4,35": 35.74162686139152,
        "4,36": 70.50414656192957,
        "4,37": 48.660645531153136,
        "4,38": 62.759100772829306,
        "4,39": 44.98571605881613,
        "4,40": 93.75524652445775,
        "5,0": 34.338666785173274,
        "5,1": 11.380769434229554,
        "5,2": 52.083363056011024,
        "5,3": 33.73292423248717,
        "5,4": 72.0483202789069,
        "5,5": 0.0,
        "5,6": 13.633685592892395,
        "5,7": 42.97210991227568,
        "5,8": 28.580551643166164,
        "5,9": 75.00899425015334,
        "5,10": 59.6041806961394,
        "5,11": 80.66020565017661,
        "5,12": 46.22899251103242,
        "5,13": 44.59991110480471,
        "5,14": 47.33984297426942,
        "5,15": 28.792434161324515,
        "5,16": 94.29240886608022,
        "5,17": 44.27671305322476,
        "5,18": 72.80887522141117,
        "5,19": 64.157434937723,
        "5,20": 43.9389546297024,
        "5,21": 17.184057782348752,
        "5,22": 52.95942919601305,
        "5,23": 11.034725232716072,
        "5,24": 74.89733155344169,
        "5,25": 22.62976959566658,
        "5,26": 38.315823043967,
        "5,27": 56.55729342451965,
        "5,28": 32.089699883500124,
        "5,29": 44.68022483185531,
        "5,30": 20.00089430036189,
        "5,31": 49.307875924899506,
        "5,32": 48.173723606233835,
        "5,33": 68.81927432197874,
        "5,34": 45.988352027684826,
        "5,35": 39.85915409633511,
        "5,36": 28.217380148115485,
        "5,37": 36.87977193939811,
        "5,38": 15.375102531661883,
        "5,39": 35.13163110733944,
        "5,40": 21.900867766980284,
        "6,0": 45.695919937127904,
        "6,1": 8.206535792559583,
        "6,2": 61.161356469216116,
        "6,3": 43.48174958815797,
        "6,4": 72.50169314300486,
        "6,5": 13.633685592892395,
        "6,6": 0.0,
        "6,7": 54.43558907957023,
        "6,8": 26.184848975118033,
        "6,9": 77.02556740958131,
        "6,10": 72.87131589564018,
        "6,11": 88.2573723883779,
        "6,12": 57.580047770557535,
        "6,13": 45.98117765483116,
        "6,14": 60.35049105991542,
        "6,15": 19.151233617169453,
        "6,16": 106.78409381981089,
        "6,17": 45.02642629229364,
        "6,18": 72.4986347965274,
        "6,19": 77.77152072768662,
        "6,20": 55.84581240295246,
        "6,21": 18.608532644746,
        "6,22": 58.84996465762046,
        "6,23": 14.51168511088475,
        "6,24": 77.80613730442775,
        "6,25": 31.923867540260257,
        "6,26": 45.02155097552347,
        "6,27": 61.71637819049572,
        "6,28": 44.41095942884875,
        "6,29": 50.62411282780154,
        "6,30": 14.833819979832572,
        "6,31": 62.87199665356168,
        "6,32": 50.95509773265669,
        "6,33": 77.20203081744211,
        "6,34": 52.90521085126593,
        "6,35": 37.41259648651875,
        "6,36": 15.057436763974296,
        "6,37": 46.00585778029397,
        "6,38": 26.73814973142851,
        "6,39": 42.91201033697814,
        "6,40": 28.141754660525194,
        "7,0": 8.740523166969579,
        "7,1": 54.352571695065535,
        "7,2": 16.16321319590823,
        "7,3": 13.352787254823639,
        "7,4": 59.86938259130314,
        "7,5": 42.97210991227568,
        "7,6": 54.43558907957023,
        "7,7": 0.0,
        "7,8": 45.762854783889885,
        "7,9": 57.108660976011734,
        "7,10": 25.922456907857025,
        "7,11": 44.221824254650954,
        "7,12": 54.653037473029435,
        "7,13": 40.77087186186436,
        "7,14": 43.34100502155705,
        "7,15": 58.735770854565715,
        "7,16": 53.068165866837795,
        "7,17": 42.47791866422311,
        "7,18": 62.85298597719637,
        "7,19": 37.32014772627091,
        "7,20": 3.3155634720204428,
        "7,21": 57.78238061757811,
        "7,22": 29.242201637867165,
        "7,23": 40.817124491100444,
        "7,24": 54.134757080536716,
        "7,25": 23.36238228324164,
        "7,26": 22.63401454812262,
        "7,27": 33.82540012652993,
        "7,28": 11.85687788975348,
        "7,29": 25.962613136908953,
        "7,30": 48.87004473822785,
        "7,31": 35.02649320053557,
        "7,32": 37.857188020622296,
        "7,33": 31.470557306776076,
        "7,34": 22.602770666296735,
        "7,35": 49.201424502562475,
        "7,36": 65.22159090996533,
        "7,37": 13.881660226043422,
        "7,38": 27.847862776153804,
        "7,39": 19.460200598784404,
        "7,40": 55.92144934767181,
        "8,0": 38.38800837108992,
        "8,1": 33.0436375548464,
        "8,2": 45.36517043246733,
        "8,3": 32.42123635788903,
        "8,4": 46.36982754470699,
        "8,5": 28.580551643166164,
        "8,6": 26.184848975118033,
        "8,7": 45.762854783889885,
        "8,8": 0.0,
        "8,9": 51.34509272142275,
        "8,10": 70.12606002390982,
        "8,11": 67.88914950175085,
        "8,12": 72.72346337270963,
        "8,13": 20.69441220819078,
        "8,14": 70.19889980128414,
        "8,15": 15.638827895482882,
        "8,16": 97.9456363373853,
        "8,17": 19.368407061149547,
        "8,18": 46.31437663740901,
        "8,19": 78.89761711455701,
        "8,20": 48.42742422106308,
        "8,21": 43.08575957536313,
        "8,22": 37.57409871851249,
        "8,23": 17.61938149303349,
        "8,24": 52.60560758100591,
        "8,25": 24.369792422349388,
        "8,26": 27.09578723256106,
        "8,27": 39.22070378514464,
        "8,28": 40.62864403970678,
        "8,29": 30.356904296553882,
        "8,30": 11.41681003428757,
        "8,31": 68.41563844120905,
        "8,32": 26.54494600156655,
        "8,33": 58.6943191040475,
        "8,34": 33.955189507479034,
        "8,35": 11.50180578166285,
        "8,36": 26.24088121057423,
        "8,37": 32.83031789852092,
        "8,38": 26.981648772482053,
        "8,39": 27.621994765552152,
        "8,40": 50.219360001717305,
        "9,0": 57.47812996525015,
        "9,1": 82.82834620637387,
        "9,2": 42.25052653281524,
        "9,3": 51.00870830157064,
        "9,4": 9.324418112217305,
        "9,5": 75.00899425015334,
        "9,6": 77.02556740958131,
        "9,7": 57.108660976011734,
        "9,8": 51.34509272142275,
        "9,9": 0.0,
        "9,10": 79.97566866808278,
        "9,11": 36.163611164101575,
        "9,12": 108.21046639393222,
        "9,13": 31.0555379334552,
        "9,14": 99.31368831831509,
        "9,15": 65.05625028241833,
        "9,16": 87.99975389152324,
        "9,17": 32.04552269705833,
        "9,18": 13.149410298703836,
        "9,19": 92.78178830034986,
        "9,20": 60.21742755763688,
        "9,21": 91.81460077707825,
        "9,22": 27.992009208797498,
        "9,23": 64.92637324663107,
        "9,24": 5.07967358897138,
        "9,25": 56.03914828184429,
        "9,26": 40.16676340960526,
        "9,27": 23.331747801560304,
        "9,28": 63.22539992270131,
        "9,29": 33.80565892682665,
        "9,30": 62.64152135350073,
        "9,31": 92.0058054835797,
        "9,32": 26.84120821277437,
        "9,33": 37.94950607272918,
        "9,34": 35.48561186086732,
        "9,35": 41.64241857145353,
        "9,36": 76.5780493032065,
        "9,37": 47.46777780341681,
        "9,38": 64.17974391265875,
        "9,39": 44.7078372730775,
        "9,40": 96.28286904192275,
        "10,0": 31.821840161755375,
        "10,1": 70.27401961176126,
        "10,2": 37.84272850110867,
        "10,3": 38.570694840366926,
        "10,4": 84.08229904107138,
        "10,5": 59.6041806961394,
        "10,6": 72.87131589564018,
        "10,7": 25.922456907857025,
        "10,8": 70.12606002390982,
        "10,9": 79.97566866808278,
        "10,10": 0.0,
        "10,11": 57.424475781712395,
        "10,12": 48.56842808474219,
        "10,13": 66.68412744350947,
        "10,14": 33.76973984778788,
        "10,15": 81.41592371392518,
        "10,16": 37.29146930548637,
        "10,17": 68.40036354537042,
        "10,18": 87.38120636334432,
        "10,19": 13.066607232213014,
        "10,20": 22.701237019849163,
        "10,21": 70.1263114427358,
        "10,22": 53.29137702560703,
        "10,23": 61.38191365347254,
        "10,24": 76.25825436890045,
        "10,25": 46.04949210820547,
        "10,26": 48.556174426475984,
        "10,27": 57.50866825001382,
        "10,28": 29.903379744980228,
        "10,29": 51.4947545687548,
        "10,30": 71.05879085043378,
        "10,31": 22.520764133920085,
        "10,32": 63.520890834152496,
        "10,33": 46.47210057709284,
        "10,34": 47.75575928746145,
        "10,35": 74.77329848159827,
        "10,36": 85.90427948037492,
        "10,37": 39.73580598513616,
        "10,38": 47.09181360593403,
        "10,39": 45.25504464892572,
        "10,40": 64.40032693027302,
        "11,0": 50.007925259693366,
        "11,1": 91.23539335164693,
        "11,2": 29.489440363908205,
        "11,3": 47.504277553927494,
        "11,4": 44.70522550019783,
        "11,5": 80.66020565017661,
        "11,6": 88.2573723883779,
        "11,7": 44.221824254650954,
        "11,8": 67.88914950175085,
        "11,9": 36.163611164101575,
        "11,10": 57.424475781712395,
        "11,11": 0.0,
        "11,12": 98.47878787880873,
        "11,13": 49.46848598544363,
        "11,14": 85.97251581408898,
        "11,15": 83.52566110963573,
        "11,16": 53.970485029629565,
        "11,17": 51.55201808045901,
        "11,18": 48.77636173033584,
        "11,19": 70.26867264907644,
        "11,20": 45.959560501782455,
        "11,21": 97.4692488723729,
        "11,22": 30.319759066101195,
        "11,23": 73.85184280615124,
        "11,24": 31.085518874569413,
        "11,25": 58.0402497233141,
        "11,26": 43.23690668341224,
        "11,27": 29.163006674419016,
        "11,28": 55.22177540374888,
        "11,29": 38.01343649892508,
        "11,30": 76.89308429099316,
        "11,31": 76.02304106977687,
        "11,32": 42.92402830073941,
        "11,33": 12.760684461888694,
        "11,34": 35.35799106252682,
        "11,35": 63.01746703265499,
        "11,36": 93.71181055728822,
        "11,37": 44.002053905688314,
        "11,38": 65.8743676161668,
        "11,39": 45.667992158660034,
        "11,40": 98.00462309614839,
        "12,0": 51.2773473770817,
        "12,1": 50.388892294758975,
        "12,2": 70.654785436992,
        "12,3": 57.23595530342882,
        "12,4": 108.39107217766309,
        "12,5": 46.22899251103242,
        "12,6": 57.580047770557535,
        "12,7": 54.653037473029435,
        "12,8": 72.72346337270963,
        "12,9": 108.21046639393222,
        "12,10": 48.56842808474219,
        "12,11": 98.47878787880873,
        "12,12": 0.0,
        "12,13": 82.62955925046596,
        "12,14": 14.966473199565764,
        "12,15": 74.9843440547001,
        "12,16": 84.31800853202233,
        "12,17": 83.22666474868831,
        "12,18": 110.34940057037669,
        "12,19": 42.50787246633296,
        "12,20": 52.57792811430051,
        "12,21": 43.063346086637566,
        "12,22": 80.82243417981772,
        "12,23": 55.797668599417406,
        "12,24": 106.26490531675324,
        "12,25": 53.78987423107083,
        "12,26": 68.18911975688646,
        "12,27": 85.45527126277604,
        "12,28": 45.444079910016306,
        "12,29": 74.40970096456104,
        "12,30": 66.02573386309523,
        "12,31": 26.118913863019085,
        "12,32": 83.4123288912374,
        "12,33": 85.84549649082479,
        "12,34": 72.99236460070806,
        "12,35": 82.82168737910155,
        "12,36": 72.49715011655634,
        "12,37": 60.870538640335965,
        "12,38": 47.11436142968888,
        "12,39": 63.60065982181346,
        "12,40": 32.544038181840335,
        "13,0": 36.64699081190964,
        "13,1": 51.839835668084525,
        "13,2": 33.215918540746955,
        "13,3": 29.207316248349866,
        "13,4": 27.455897195411332,
        "13,5": 44.59991110480471,
        "13,6": 45.98117765483116,
        "13,7": 40.77087186186436,
        "13,8": 20.69441220819078,
        "13,9": 31.0555379334552,
        "13,10": 66.68412744350947,
        "13,11": 49.46848598544363,
        "13,12": 82.62955925046596,
        "13,13": 0.0,
        "13,14": 76.49088733011583,
        "13,15": 35.5608622992794,
        "13,16": 87.63674070297616,
        "13,17": 2.1870930842941236,
        "13,18": 28.463131216353975,
        "13,19": 77.8039189367756,
        "13,20": 44.0315702023024,
        "13,21": 61.06134172755836,
        "13,22": 20.323065265711808,
        "13,23": 34.12525675898887,
        "13,24": 31.970033100466996,
        "13,25": 28.849014801721623,
        "13,26": 18.15548377787501,
        "13,27": 20.32469314439728,
        "13,28": 41.317670435931134,
        "13,29": 16.322123260479454,
        "13,30": 31.74912620953125,
        "13,31": 71.6878233538604,
        "13,32": 6.54758319808667,
        "13,33": 42.28130291563173,
        "13,34": 20.630798543408545,
        "13,35": 13.550350974686157,
        "13,36": 46.73148981995551,
        "13,37": 27.14696661995646,
        "13,38": 35.952754089954944,
        "13,39": 21.941068642457395,
        "13,40": 66.30496661152954,
        "14,0": 41.86731406108917,
        "14,1": 54.43470234148713,
        "14,2": 59.494461748456985,
        "14,3": 48.72320963392523,
        "14,4": 100.60392023758807,
        "14,5": 47.33984297426942,
        "14,6": 60.35049105991542,
        "14,7": 43.34100502155705,
        "14,8": 70.19889980128414,
        "14,9": 99.31368831831509,
        "14,10": 33.76973984778788,
        "14,11": 85.97251581408898,
        "14,12": 14.966473199565764,
        "14,13": 76.49088733011583,
        "14,14": 0.0,
        "14,15": 75.54768241061174,
        "14,16": 69.36700495264641,
        "14,17": 77.43936147555954,
        "14,18": 102.98413833089128,
        "14,19": 27.737660256175133,
        "14,20": 40.791931926262116,
        "14,21": 49.51715966303226,
        "14,22": 71.39964393780637,
        "14,23": 54.89562249046485,
        "14,24": 96.84050913742438,
        "14,25": 48.16868493437559,
        "14,26": 60.27082396826725,
        "14,27": 76.08281870327114,
        "14,28": 36.21532167165066,
        "14,29": 65.94084787852232,
        "14,30": 65.6552198425062,
        "14,31": 11.24930343827539,
        "14,32": 76.17337893028699,
        "14,33": 73.57653400576423,
        "14,34": 63.83459090164274,
        "14,35": 79.0555053561323,
        "14,36": 75.3515701793413,
        "14,37": 52.01549374811811,
        "14,38": 43.26921930952044,
        "14,39": 55.72445396281876,
        "14,40": 40.30009532504268,
        "15,0": 50.59453383220161,
        "15,1": 27.355507863182538,
        "15,2": 60.38989080832399,
        "15,3": 45.73674335843434,
        "15,4": 58.93254425244147,
        "15,5": 28.792434161324515,
        "15,6": 19.151233617169453,
        "15,7": 58.735770854565715,
        "15,8": 15.638827895482882,
        "15,9": 65.05625028241833,
        "15,10": 81.41592371392518,
        "15,11": 83.52566110963573,
        "15,12": 74.9843440547001,
        "15,13": 35.5608622992794,
        "15,14": 75.54768241061174,
        "15,15": 0.0,
        "15,16": 111.66458877999183,
        "15,17": 33.913685069724586,
        "15,18": 58.114740333227665,
        "15,19": 88.69443410764188,
        "15,20": 61.02879556831137,
        "15,21": 37.735311955734176,
        "15,22": 53.21252658249253,
        "15,23": 21.026554015973467,
        "15,24": 66.89086270747248,
        "15,25": 35.67920723873282,
        "15,26": 42.23897424034765,
        "15,27": 54.77530032504133,
        "15,28": 51.520330506455885,
        "15,29": 45.9289004086461,
        "15,30": 10.447457711421606,
        "15,31": 75.97061830634017,
        "15,32": 41.7658925518826,
        "15,33": 74.2425144950307,
        "15,34": 49.40464469561136,
        "15,35": 23.414515763860553,
        "15,36": 11.572320394921848,
        "15,37": 46.87022194938435,
        "15,38": 34.89738709366406,
        "15,39": 42.09980589764666,
        "15,40": 47.1667240504611,
        "16,0": 61.5853187478483,
        "16,1": 105.46170719683246,
        "16,2": 54.44300635344997,
        "16,3": 65.93292901100412,
        "16,4": 95.15808321162093,
        "16,5": 94.29240886608022,
        "16,6": 106.78409381981089,
        "16,7": 53.068165866837795,
        "16,8": 97.9456363373853,
        "16,9": 87.99975389152324,
        "16,10": 37.29146930548637,
        "16,11": 53.970485029629565,
        "16,12": 84.31800853202233,
        "16,13": 87.63674070297616,
        "16,14": 69.36700495264641,
        "16,15": 111.66458877999183,
        "16,16": 0.0,
        "16,17": 89.74515380651607,
        "16,18": 99.12131166165159,
        "16,19": 42.15140151375029,
        "16,20": 51.14763038189503,
        "16,21": 106.55035705006796,
        "16,22": 68.67354350924525,
        "16,23": 93.70460140798113,
        "16,24": 83.14536020457543,
        "16,25": 76.42509583633748,
        "16,26": 71.75684831967212,
        "16,27": 71.1676100929406,
        "16,28": 62.38119756447065,
        "16,29": 71.3776018751084,
        "16,30": 101.92188918197117,
        "16,31": 58.45180986524324,
        "16,32": 82.38251996833135,
        "16,33": 50.24027926884157,
        "16,34": 67.06106380193717,
        "16,35": 99.08888003123093,
        "16,36": 118.24549152106519,
        "16,37": 65.12020605146594,
        "16,38": 80.0723990276266,
        "16,39": 70.37993897214027,
        "16,40": 101.48897922977072,
        "17,0": 38.058890342028725,
        "17,1": 51.11975874545539,
        "17,2": 35.31054581668832,
        "17,3": 30.638032864184304,
        "17,4": 27.85168951857825,
        "17,5": 44.27671305322476,
        "17,6": 45.02642629229364,
        "17,7": 42.47791866422311,
        "17,8": 19.368407061149547,
        "17,9": 32.04552269705833,
        "17,10": 68.40036354537042,
        "17,11": 51.55201808045901,
        "17,12": 83.22666474868831,
        "17,13": 2.1870930842941236,
        "17,14": 77.43936147555954,
        "17,15": 33.913685069724586,
        "17,16": 89.74515380651607,
        "17,17": 0.0,
        "17,18": 28.550323283904383,
        "17,19": 79.38272284029281,
        "17,20": 45.71777151366634,
        "17,21": 60.52078942363312,
        "17,22": 22.50756108766669,
        "17,23": 33.62602648888714,
        "17,24": 33.2493307079205,
        "17,25": 29.537228995230745,
        "17,26": 19.844716025239073,
        "17,27": 22.43352556353607,
        "17,28": 42.57204471249301,
        "17,29": 18.390829137464685,
        "17,30": 30.600015512291076,
        "17,31": 72.89709269938248,
        "17,32": 8.637868045570986,
        "17,33": 44.46096712686251,
        "17,34": 22.706858174853362,
        "17,35": 11.504515470197745,
        "17,36": 45.18964256313312,
        "17,37": 28.754603758276485,
        "17,38": 36.335879160900596,
        "17,39": 23.432354443156306,
        "17,40": 66.08128417202407,
        "18,0": 61.436161756976205,
        "18,1": 79.1555662268888,
        "18,2": 49.7149922945603,
        "18,3": 54.305892254573614,
        "18,4": 4.076511919500634,
        "18,5": 72.80887522141117,
        "18,6": 72.4986347965274,
        "18,7": 62.85298597719637,
        "18,8": 46.31437663740901,
        "18,9": 13.149410298703836,
        "18,10": 87.38120636334432,
        "18,11": 48.77636173033584,
        "18,12": 110.34940057037669,
        "18,13": 28.463131216353975,
        "18,14": 102.98413833089128,
        "18,15": 58.114740333227665,
        "18,16": 99.12131166165159,
        "18,17": 28.550323283904383,
        "18,18": 0.0,
        "18,19": 99.77303268639344,
        "18,20": 66.12458381131279,
        "18,21": 88.84098212181486,
        "18,22": 34.08984354766304,
        "18,23": 62.06418484065626,
        "18,24": 18.052297911148855,
        "18,25": 56.72782785174082,
        "18,26": 42.71392785161728,
        "18,27": 29.988955395323224,
        "18,28": 66.8630881334108,
        "18,29": 37.353346140066236,
        "18,30": 57.694815668589115,
        "18,31": 96.82264768492969,
        "18,32": 26.95638450041321,
        "18,33": 48.89768311871931,
        "18,34": 40.269716372419644,
        "18,35": 35.299211263373714,
        "18,36": 69.65584824353577,
        "18,37": 51.21922025272223,
        "18,38": 64.24263627346016,
        "18,39": 47.26434054161758,
        "18,40": 94.63099839890336,
        "19,0": 41.633055102356714,
        "19,1": 73.91030157837282,
        "19,2": 50.54860534453166,
        "19,3": 48.8873297843658,
        "19,4": 96.58105350168992,
        "19,5": 64.157434937723,
        "19,6": 77.77152072768662,
        "19,7": 37.32014772627091,
        "19,8": 78.89761711455701,
        "19,9": 92.78178830034986,
        "19,10": 13.066607232213014,
        "19,11": 70.26867264907644,
        "19,12": 42.50787246633296,
        "19,13": 77.8039189367756,
        "19,14": 27.737660256175133,
        "19,15": 88.69443410764188,
        "19,16": 42.15140151375029,
        "19,17": 79.38272284029281,
        "19,18": 99.77303268639344,
        "19,19": 0.0,
        "19,20": 34.00515286597916,
        "19,21": 71.90099022600067,
        "19,22": 65.73583707237584,
        "19,23": 67.93207539758886,
        "19,24": 89.16143163845683,
        "19,25": 54.52821498731047,
        "19,26": 59.6760594364082,
        "19,27": 70.07091747421214,
        "19,28": 38.330234247320156,
        "19,29": 63.27071024775211,
        "19,30": 78.24711868400489,
        "19,31": 17.753451339245615,
        "19,32": 75.17264963509727,
        "19,33": 59.50787089748532,
        "19,34": 59.76105340540522,
        "19,35": 84.75189385442764,
        "19,36": 91.76161870547891,
        "19,37": 50.65703574479081,
        "19,38": 53.79978378866493,
        "19,39": 55.96642420396104,
        "19,40": 64.52888058810075,
        "20,0": 10.48398695510348,
        "20,1": 55.30078815669863,
        "20,2": 18.802821134177155,
        "20,3": 16.159720191912353,
        "20,4": 63.11421158374819,
        "20,5": 43.9389546297024,
        "20,6": 55.84581240295246,
        "20,7": 3.3155634720204428,
        "20,8": 48.42742422106308,
        "20,9": 60.21742755763688,
        "20,10": 22.701237019849163,
        "20,11": 45.959560501782455,
        "20,12": 52.57792811430051,
        "20,13": 44.0315702023024,
        "20,14": 40.791931926262116,
        "20,15": 61.02879556831137,
        "20,16": 51.14763038189503,
        "20,17": 45.71777151366634,
        "20,18": 66.12458381131279,
        "20,19": 34.00515286597916,
        "20,20": 0.0,
        "20,21": 58.154778115505756,
        "20,22": 32.42431541054453,
        "20,23": 42.55733090682882,
        "20,24": 57.153183682128706,
        "20,25": 25.426401191003183,
        "20,26": 25.882000492053006,
        "20,27": 36.97688571197852,
        "20,28": 12.020484199758856,
        "20,29": 29.27746531734739,
        "20,30": 51.01836819488543,
        "20,31": 32.11245814054159,
        "20,32": 41.1703116350387,
        "20,33": 33.27852578613106,
        "20,34": 25.892396180537364,
        "20,35": 52.23758407188677,
        "20,36": 67.118789774514,
        "20,37": 17.03748001371654,
        "20,38": 29.11935591140271,
        "20,39": 22.577994875552857,
        "20,40": 55.67805042922926,
        "21,0": 49.5461238306363,
        "21,1": 10.4751574270412,
        "21,2": 68.51170371411939,
        "21,3": 50.13218764577117,
        "21,4": 88.37120876756282,
        "21,5": 17.184057782348752,
        "21,6": 18.608532644746,
        "21,7": 57.78238061757811,
        "21,8": 43.08575957536313,
        "21,9": 91.81460077707825,
        "21,10": 70.1263114427358,
        "21,11": 97.4692488723729,
        "21,12": 43.063346086637566,
        "21,13": 61.06134172755836,
        "21,14": 49.51715966303226,
        "21,15": 37.735311955734176,
        "21,16": 106.55035705006796,
        "21,17": 60.52078942363312,
        "21,18": 88.84098212181486,
        "21,19": 71.90099022600067,
        "21,20": 58.154778115505756,
        "21,21": 0.0,
        "21,22": 70.13231498555758,
        "21,23": 26.937265706389457,
        "21,24": 91.89091210219173,
        "21,25": 39.49580750464308,
        "21,26": 55.46826281245769,
        "21,27": 73.74018828733784,
        "21,28": 46.15109306889477,
        "21,29": 61.860183183509,
        "21,30": 32.41522871943067,
        "21,31": 55.01238709293328,
        "21,32": 65.04178606309095,
        "21,33": 85.41031106850893,
        "21,34": 63.08753854055874,
        "21,35": 54.583531872315305,
        "21,36": 31.528534844396805,
        "21,37": 53.49752854003562,
        "21,38": 31.626241667721605,
        "21,39": 52.16177006137359,
        "21,40": 10.785633481720877,
        "22,0": 29.681804263419647,
        "22,1": 62.72222265785482,
        "22,2": 15.786452997228482,
        "22,3": 23.7285488528332,
        "22,4": 30.845831659455758,
        "22,5": 52.95942919601305,
        "22,6": 58.84996465762046,
        "22,7": 29.242201637867165,
        "22,8": 37.57409871851249,
        "22,9": 27.992009208797498,
        "22,10": 53.29137702560703,
        "22,11": 30.319759066101195,
        "22,12": 80.82243417981772,
        "22,13": 20.323065265711808,
        "22,14": 71.39964393780637,
        "22,15": 53.21252658249253,
        "22,16": 68.67354350924525,
        "22,17": 22.50756108766669,
        "22,18": 34.08984354766304,
        "22,19": 65.73583707237584,
        "22,20": 32.42431541054453,
        "22,21": 70.13231498555758,
        "22,22": 0.0,
        "22,23": 44.771989852055405,
        "22,24": 25.49764837973392,
        "22,25": 31.216930793035296,
        "22,26": 14.712250755066663,
        "22,27": 4.683186114268503,
        "22,28": 35.4911010570179,
        "22,29": 8.314790821490122,
        "22,30": 46.74983506501,
        "22,31": 64.02762529309402,
        "22,32": 14.181471988503558,
        "22,33": 21.97986224667259,
        "22,34": 7.892630183303804,
        "22,35": 33.55446621236897,
        "22,36": 63.438218942352286,
        "22,37": 19.996124480083374,
        "22,38": 39.58695626149596,
        "22,39": 18.585988511061682,
        "22,40": 72.5656618606901,
        "23,0": 32.1554262416989,
        "23,1": 18.148966007300732,
        "23,2": 46.671490241412116,
        "23,3": 29.201491040439823,
        "23,4": 61.47403233948659,
        "23,5": 11.034725232716072,
