{
    "num_robots": 3,
    "num_tasks": 60,
    "num_nodes": 61,
    "robot_capacity": [
        294,
        342,
        283
    ],
    "robot_speed": [
        1.07,
        1.17,
        1.0
    ],
    "task_demand": {
        "0": 0,
        "1": 6,
        "2": 15,
        "3": 12,
        "4": 14,
        "5": 11,
        "6": 6,
        "7": 10,
        "8": 10,
        "9": 15,
        "10": 13,
        "11": 7,
        "12": 12,
        "13": 15,
        "14": 15,
        "15": 10,
        "16": 6,
        "17": 12,
        "18": 6,
        "19": 7,
        "20": 12,
        "21": 7,
        "22": 5,
        "23": 11,
        "24": 9,
        "25": 7,
        "26": 15,
        "27": 10,
        "28": 14,
        "29": 11,
        "30": 9,
        "31": 11,
        "32": 12,
        "33": 5,
        "34": 9,
        "35": 15,
        "36": 10,
        "37": 13,
        "38": 8,
        "39": 15,
        "40": 6,
        "41": 5,
        "42": 13,
        "43": 10,
        "44": 9,
        "45": 12,
        "46": 15,
        "47": 13,
        "48": 11,
        "49": 15,
        "50": 8,
        "51": 5,
        "52": 5,
        "53": 9,
        "54": 9,
        "55": 13,
        "56": 11,
        "57": 15,
        "58": 15,
        "59": 5,
        "60": 13
    },
    "task_service_time": {
        "0": 0,
        "1": 31,
        "2": 71,
        "3": 75,
        "4": 79,
        "5": 21,
        "6": 98,
        "7": 71,
        "8": 62,
        "9": 15,
        "10": 31,
        "11": 52,
        "12": 73,
        "13": 54,
        "14": 95,
        "15": 76,
        "16": 71,
        "17": 22,
        "18": 30,
        "19": 51,
        "20": 17,
        "21": 99,
        "22": 96,
        "23": 65,
        "24": 16,
        "25": 59,
        "26": 21,
        "27": 31,
        "28": 74,
        "29": 18,
        "30": 17,
        "31": 69,
        "32": 61,
        "33": 87,
        "34": 31,
        "35": 57,
        "36": 88,
        "37": 27,
        "38": 10,
        "39": 24,
        "40": 30,
        "41": 78,
        "42": 75,
        "43": 65,
        "44": 84,
        "45": 31,
        "46": 20,
        "47": 62,
        "48": 73,
        "49": 89,
        "50": 83,
        "51": 34,
        "52": 74,
        "53": 77,
        "54": 51,
        "55": 12,
        "56": 52,
        "57": 22,
        "58": 21,
        "59": 72,
        "60": 65
    },
    "task_precedence": [],
    "coordinates": {
        "0": [
            50.0,
            50.0
        ],
        "1": [
            41.79376405367615,
            40.87267434452432
        ],
        "2": [
            84.04308785937809,
            77.56772616508553
        ],
        "3": [
            76.0441769708006,
            18.870922124347665
        ],
        "4": [
            1.9678191815793,
            32.380706293987096
        ],
        "5": [
            97.35636168109812,
            38.86671113659273
        ],
        "6": [
            26.360758129287596,
            24.263125381966823
        ],
        "7": [
            74.56548930677745,
            18.547168900517043
        ],
        "8": [
            46.80293610579416,
            59.9609366851357
        ],
        "9": [
            48.20758022706914,
            49.24216456498327
        ],
        "10": [
            26.750444431700725,
            61.48882051642788
        ],
        "11": [
            5.889391449297154,
            38.615238721918324
        ],
        "12": [
            48.72514299516475,
            58.189665851692254
        ],
        "13": [
            46.984626135649755,
            80.05025930484322
        ],
        "14": [
            15.94354876250187,
            31.835608623142896
        ],
        "15": [
            16.970292206612946,
            15.962829300179138
        ],
        "16": [
            63.58121028159801,
            70.85681487316316
        ],
        "17": [
            37.61633536600537,
            85.76446735490225
        ],
        "18": [
            6.461622821901846,
            30.899067984760677
        ],
        "19": [
            2.2769191301131753,
            19.52129924368633
        ],
        "20": [
            21.111440083563515,
            21.6739866161373
        ],
        "21": [
            55.14214789497069,
            61.95821853592409
        ],
        "22": [
            20.04617427100608,
            41.924290480682714
        ],
        "23": [
            61.40532731220397,
            54.55408750599784
        ],
        "24": [
            72.22958769679063,
            84.39438133076517
        ],
        "25": [
            61.81706484894123,
            43.90600899428474
        ],
        "26": [
            78.97922545421169,
            33.940704680166874
        ],
        "27": [
            29.450286131670456,
            62.233515018504384
        ],
        "28": [
            85.73631572678686,
            31.49201040123787
        ],
        "29": [
            30.708549173219513,
            35.021416103353346
        ],
        "30": [
            10.333152476214558,
            12.603469744669994
        ],
        "31": [
            40.611349975241296,
            51.55409946683965
        ],
        "32": [
            66.9482489807799,
            87.84777740473868
        ],
        "33": [
            83.14955950904388,
            51.28910153565707
        ],
        "34": [
            88.70522080531967,
            51.64544467051782
        ],
        "35": [
            67.42277486328999,
            1.3143418299092935
        ],
        "36": [
            13.675616767410848,
            3.0914511865381744
        ],
        "37": [
            8.555146302000216,
            4.308052516182304
        ],
        "38": [
            93.3880060348057,
            47.49863533827507
        ],
        "39": [
            11.142877529298456,
            67.45854596227032
        ],
        "40": [
            3.9422645038364568,
            97.05794045196838
        ],
        "41": [
            46.60138210654642,
            63.551063813377894
        ],
        "42": [
            12.832796994378871,
            83.5010034531918
        ],
        "43": [
            6.742680354457143,
            21.192446982232603
        ],
        "44": [
            76.41549336901569,
            14.106745030018864
        ],
        "45": [
            23.227982837127627,
            21.163237566849034
        ],
        "46": [
            2.723438651325294,
            57.338447278280945
        ],
        "47": [
            88.55137366011162,
            28.929841468786467
        ],
        "48": [
            21.962587329693896,
            78.84058602634585
        ],
        "49": [
            74.123541133619,
            46.05029262206739
        ],
        "50": [
            79.07721971570636,
            93.79991279059587
        ],
        "51": [
            64.52987779262922,
            45.80969497820586
        ],
        "52": [
            77.62290342885245,
            52.1392403678133
        ],
        "53": [
            18.32813410352484,
            16.507622581580648
        ],
        "54": [
            74.33276621855367,
            56.52458134182011
        ],
        "55": [
            25.250161543697324,
            26.873296784648236
        ],
        "56": [
            18.745145761629534,
            74.22036370352791
        ],
        "57": [
            34.75833028565408,
            27.54153256256442
        ],
        "58": [
            22.536954879482717,
            9.046624117048808
        ],
        "59": [
            55.93962497984221,
            59.63872122945868
        ],
        "60": [
            91.10251041261964,
            76.12420118739601
        ]
    },
    "distance_matrix_str_keys": {
        "0,0": 0.0,
        "0,1": 12.273971729959388,
        "0,2": 43.80538045622338,
        "0,3": 40.58717338611804,
        "0,4": 51.161801227793056,
        "0,5": 48.64745741132877,
        "0,6": 34.94567886486686,
        "0,7": 39.9091950439244,
        "0,8": 10.461428066421753,
        "0,9": 1.946042956607208,
        "0,10": 25.933276518444984,
        "0,11": 45.55610360942041,
        "0,12": 8.288298205612037,
        "0,13": 30.2011682527369,
        "0,14": 38.597758807782206,
        "0,15": 47.42879490526063,
        "0,16": 24.888873003139047,
        "0,17": 37.84775125350406,
        "0,18": 47.544041594642884,
        "0,19": 56.625468187968856,
        "0,20": 40.45876824951928,
        "0,21": 13.016938024230967,
        "0,22": 31.023358297310914,
        "0,23": 12.280928471039621,
        "0,24": 40.952753708333134,
        "0,25": 13.29585454274455,
        "0,26": 33.1315027443013,
        "0,27": 23.915468420630777,
        "0,28": 40.24462623397664,
        "0,29": 24.42371901555887,
        "0,30": 54.515679098889116,
        "0,31": 9.516405542022309,
        "0,32": 41.46923435503909,
        "0,33": 33.17461497007727,
        "0,34": 38.740180765611896,
        "0,35": 51.70924864462651,
        "0,36": 59.32851564815132,
        "0,37": 61.68816712233036,
        "0,38": 43.460049388458614,
        "0,39": 42.59902339044645,
        "0,40": 65.84652427133543,
        "0,41": 13.970752809349348,
        "0,42": 50.03716830149185,
        "0,43": 51.971827116122704,
        "0,44": 44.565727215749405,
        "0,45": 39.34844051033179,
        "0,46": 47.842722136298974,
        "0,47": 43.93358614559047,
        "0,48": 40.22282823954696,
        "0,49": 24.44474228124942,
        "0,50": 52.572968975123196,
        "0,51": 15.122037060013211,
        "0,52": 27.705615733836176,
        "0,53": 46.09605660468315,
        "0,54": 25.192333626181078,
        "0,55": 33.87327715506783,
        "0,56": 39.541015811344,
        "0,57": 27.14205694709898,
        "0,58": 49.30920647811985,
        "0,59": 11.321841362622205,
        "0,60": 48.70205591039303,
        "1,0": 12.273971729959388,
        "1,1": 0.0,
        "1,2": 55.96009462244257,
        "1,3": 40.70832698295982,
        "1,4": 40.72124023561466,
        "1,5": 55.59879624145089,
        "1,6": 22.672776376125775,
        "1,7": 39.65367787980273,
        "1,8": 19.73457787315763,
        "1,9": 10.544448987805644,
        "1,10": 25.521107895822325,
        "1,11": 35.975269112326195,
        "1,12": 18.65267296903685,
        "1,13": 39.51997232383997,
        "1,14": 27.384342012409714,
        "1,15": 35.166818660140805,
        "1,16": 37.064018891314916,
        "1,17": 45.08574043006493,
        "1,18": 36.712845542692044,
        "1,19": 44.91616915331949,
        "1,20": 28.219640949112268,
        "1,21": 24.95555098614346,
        "1,22": 21.773000662589535,
        "1,23": 23.912224479085577,
        "1,24": 53.10817582850095,
        "1,25": 20.251757796179085,
        "1,26": 37.826059046618774,
        "1,27": 24.67077140079335,
        "1,28": 44.93266855597249,
        "1,29": 12.534720258177623,
        "1,30": 42.295602721043416,
        "1,31": 10.746671377524766,
        "1,32": 53.286099683366295,
        "1,33": 42.64743571628175,
        "1,34": 48.13249791001841,
        "1,35": 47.13499619620385,
        "1,36": 47.096189125296085,
        "1,37": 49.41434285196649,
        "1,38": 52.01796963259963,
        "1,39": 40.57444287239876,
        "1,40": 67.7459972672616,
        "1,41": 23.18237563847357,
        "1,42": 51.53554167374754,
        "1,43": 40.19813201532071,
        "1,44": 43.76161689030404,
        "1,45": 27.07674519350369,
        "1,46": 42.398254744170956,
        "1,47": 48.258733025283945,
        "1,48": 42.83500773592103,
        "1,49": 32.74175036656938,
        "1,50": 64.7406258513917,
        "1,51": 23.26596313690899,
        "1,52": 37.558790426782096,
        "1,53": 33.82737850275074,
        "1,54": 36.107739537914874,
        "1,55": 21.67194859887176,
        "1,56": 40.53772552520759,
        "1,57": 15.073707888736008,
        "1,58": 37.19841626538816,
        "1,59": 23.500423337250467,
        "1,60": 60.613716370507476,
        "2,0": 43.80538045622338,
        "2,1": 55.96009462244257,
        "2,2": 0.0,
        "2,3": 59.23932291983244,
        "2,4": 93.69213677445885,
        "2,5": 40.92690831333002,
        "2,6": 78.54063679229078,
        "2,7": 59.77667650634707,
        "2,8": 41.19257139850864,
        "2,9": 45.678452767431395,
        "2,10": 59.50611899451532,
        "2,11": 87.3229439527161,
        "2,12": 40.284816630352445,
        "2,13": 37.141520648985725,
        "2,14": 82.03032244284445,
        "2,15": 91.07097910099212,
        "2,16": 21.534269534305324,
        "2,17": 47.14477609676101,
        "2,18": 90.53644224130497,
        "2,19": 100.27509175764416,
        "2,20": 84.16948623191689,
        "2,21": 32.8469337876632,
        "2,22": 73.25339211412475,
        "2,23": 32.281508126514915,
        "2,24": 13.644119863243448,
        "2,25": 40.3374181343756,
        "2,26": 43.91992379437847,
        "2,27": 56.70548502542529,
        "2,28": 46.106817324142526,
        "2,29": 68.22581268650744,
        "2,30": 98.25227318717691,
        "2,31": 50.62632348523892,
        "2,32": 19.947756008512002,
        "2,33": 26.293811160180933,
        "2,34": 26.33818827271993,
        "2,35": 78.04366359068516,
        "2,36": 102.46119520364304,
        "2,37": 105.19224830620317,
        "2,38": 31.487739182996517,
        "2,39": 73.59780017461689,
        "2,40": 82.43791818807833,
        "2,41": 39.9793465824969,
        "2,42": 71.45704517019543,
        "2,43": 95.67405658469515,
        "2,44": 63.917730907274034,
        "2,45": 82.9454238213052,
        "2,46": 83.79802546361626,
        "2,47": 48.84637620736649,
        "2,48": 62.093548120900024,
        "2,49": 33.04158023435143,
        "2,50": 16.974796878482238,
        "2,51": 37.27382341504412,
        "2,52": 26.226449589375214,
        "2,53": 89.70390959574883,
        "2,54": 23.17551057519953,
        "2,55": 77.63075006058625,
        "2,56": 65.38368357357949,
        "2,57": 70.22540406047992,
        "2,58": 92.0768473614189,
        "2,59": 33.335474254961234,
        "2,60": 7.205498674375628,
        "3,0": 40.58717338611804,
        "3,1": 40.70832698295982,
        "3,2": 59.23932291983244,
        "3,3": 0.0,
        "3,4": 75.29821413305211,
        "3,5": 29.223976378105352,
        "3,6": 49.97517347396293,
        "3,7": 1.5137150847088026,
        "3,8": 50.43252387032693,
        "3,9": 41.19816119271571,
        "3,10": 65.16254546128464,
        "3,11": 72.88025774840025,
        "3,12": 47.87789913580738,
        "3,13": 67.73011732298626,
        "3,14": 61.48307577735679,
        "3,15": 59.14542133594538,
        "3,16": 53.45894297110186,
        "3,17": 77.14561169577621,
        "3,18": 70.61450371364087,
        "3,19": 73.77012484557567,
        "3,20": 55.00420667973996,
        "3,21": 47.889559734308335,
        "3,22": 60.55769231847483,
        "3,23": 38.56921325333448,
        "3,24": 65.63440254702141,
        "3,25": 28.795247766137624,
        "3,26": 15.352942906154722,
        "3,27": 63.64986351935994,
        "3,28": 15.913183935289194,
        "3,29": 48.12647507938543,
        "3,30": 66.00923950069121,
        "3,31": 48.20451545340973,
        "3,32": 69.57400714614366,
        "3,33": 33.1877208822573,
        "3,34": 35.13504460092557,
        "3,35": 19.559194409137877,
        "3,36": 64.3337314705204,
        "3,37": 69.0423524500629,
        "3,38": 33.47169506404332,
        "3,39": 81.07364466589001,
        "3,40": 106.35739568246986,
        "3,41": 53.508814514716825,
        "3,42": 90.40313031691203,
        "3,43": 69.34036999418767,
        "3,44": 4.7786252472558095,
        "3,45": 52.86591598424984,
        "3,46": 82.79904081075738,
        "3,47": 16.05029057067309,
        "3,48": 80.75381679293979,
        "3,49": 27.247147055634716,
        "3,50": 74.99035264989182,
        "3,51": 29.29635759674239,
        "3,52": 33.305755898611,
        "3,53": 57.76440763122268,
        "3,54": 37.692532141373235,
        "3,55": 51.42052122851952,
        "3,56": 79.66642743738825,
        "3,57": 42.18649809928216,
        "3,58": 54.401651144665024,
        "3,59": 45.45554371726115,
        "3,60": 59.20043386256806,
        "4,0": 51.161801227793056,
        "4,1": 40.72124023561466,
        "4,2": 93.69213677445885,
        "4,3": 75.29821413305211,
        "4,4": 0.0,
        "4,5": 95.60879823008347,
        "4,6": 25.708181389779796,
        "4,7": 73.90391372873037,
        "4,8": 52.638928731850676,
        "4,9": 49.2181295517063,
        "4,10": 38.22905737622386,
        "4,11": 7.3653325550079405,
        "4,12": 53.40739390440003,
        "4,13": 65.56599112798393,
        "4,14": 13.986355808066444,
        "4,15": 22.240073782491613,
        "4,16": 72.64035307073067,
        "4,17": 64.19223201572109,
        "4,18": 4.731756886944161,
        "4,19": 12.863121412142105,
        "4,20": 21.934266969719843,
        "4,21": 60.84684432689778,
        "4,22": 20.44277187340185,
        "4,23": 63.4387595019892,
        "4,24": 87.41932569927941,
        "4,25": 60.94887045127029,
        "4,26": 77.02720487628592,
        "4,27": 40.57679359443607,
        "4,28": 83.77321047825635,
        "4,29": 28.86178977038067,
        "4,30": 21.47365564262353,
        "4,31": 43.13863092358741,
        "4,32": 85.43449089503612,
        "4,33": 83.35467817232033,
        "4,34": 88.85103817713225,
        "4,35": 72.45322783913512,
        "4,36": 31.54255837848328,
        "4,37": 28.835165487992793,
        "4,38": 92.6617631111504,
        "4,39": 36.257916811061214,
        "4,40": 64.70736474820252,
        "4,41": 54.440298743335724,
        "4,42": 52.26215193156535,
        "4,43": 12.164556944143815,
        "4,44": 76.65764053371127,
        "4,45": 24.038014961826992,
        "4,46": 24.96917691519206,
        "4,47": 86.65229583905311,
        "4,48": 50.57975067200408,
        "4,49": 73.43912990225921,
        "4,50": 98.58082256405403,
        "4,51": 63.987099596194554,
        "4,52": 78.19265592885658,
        "4,53": 22.795058475167302,
        "4,54": 76.28638320165322,
        "4,55": 23.92486207630948,
        "4,56": 45.078105764566054,
        "4,57": 33.145666698217774,
        "4,58": 31.105766899384975,
        "4,59": 60.4644953617228,
        "4,60": 99.28991150334757,
        "5,0": 48.64745741132877,
        "5,1": 55.59879624145089,
        "5,2": 40.92690831333002,
        "5,3": 29.223976378105352,
        "5,4": 95.60879823008347,
        "5,5": 0.0,
        "5,6": 72.48200080418974,
        "5,7": 30.533713502720836,
        "5,8": 54.77787134318565,
        "5,9": 50.23198933210394,
        "5,10": 74.14145522865044,
        "5,11": 91.46731592082773,
        "5,12": 52.329456425619995,
        "5,13": 65.06455549365718,
        "5,14": 81.71586449321204,
        "5,15": 83.58533345469857,
        "5,16": 46.52018474958684,
        "5,17": 75.94912956999549,
        "5,18": 91.24328407985116,
        "5,19": 97.02754947494167,
        "5,20": 78.15931067921767,
        "5,21": 48.117123350780716,
        "5,22": 77.37062665397612,
        "5,23": 39.22461790188374,
        "5,24": 52.00118771881859,
        "5,25": 35.894792689507156,
        "5,26": 19.025894867529647,
        "5,27": 71.8139444688864,
        "5,28": 13.762691557843949,
        "5,29": 66.75864892265268,
        "5,30": 90.89992733070436,
        "5,31": 58.146076188684596,
        "5,32": 57.65239085033473,
        "5,33": 18.87191063943052,
        "5,34": 15.43172929984279,
        "5,35": 48.02291182680197,
        "5,36": 91.00734197746672,
        "5,37": 95.2888069945626,
        "5,38": 9.500419041234462,
        "5,39": 90.8309301300578,
        "5,40": 110.0564069951292,
        "5,41": 56.43921702756933,
        "5,42": 95.58479501444583,
        "5,43": 92.32128062892185,
        "5,44": 32.4280108434462,
        "5,45": 76.2130535175558,
        "5,46": 96.41885270654831,
        "5,47": 13.27664087202346,
        "5,48": 85.33540815307614,
        "5,49": 24.31805488828871,
        "5,50": 57.89459106816732,
        "5,51": 33.552690936865396,
        "5,52": 23.781703193563057,
        "5,53": 82.13032080214704,
        "5,54": 29.015277496649144,
        "5,55": 73.09682678524649,
        "5,56": 86.19515078100899,
        "5,57": 63.61425315382259,
        "5,58": 80.54303957511651,
        "5,59": 46.333815753499984,
        "5,60": 37.77871385547628,
        "6,0": 34.94567886486686,
        "6,1": 22.672776376125775,
        "6,2": 78.54063679229078,
        "6,3": 49.97517347396293,
        "6,4": 25.708181389779796,
        "6,5": 72.48200080418974,
        "6,6": 0.0,
        "6,7": 48.542437787897406,
        "6,8": 41.13655761314772,
        "6,9": 33.184876589777865,
        "6,10": 37.227734737130135,
        "6,11": 25.00120019257949,
        "6,12": 40.634663265160604,
        "6,13": 59.477291825307546,
        "6,14": 12.878693778071625,
        "6,15": 12.532987085697242,
        "6,16": 59.63500615263194,
        "6,17": 62.52282050102721,
        "6,18": 20.97644679656735,
        "6,19": 24.54620573660693,
        "6,20": 5.8531170750195765,
        "6,21": 47.42666385831586,
        "6,22": 18.75608493122618,
        "6,23": 46.321314916738864,
        "6,24": 75.62881374101102,
        "6,25": 40.53384465857172,
        "6,26": 53.50101536136538,
        "6,27": 38.09587474291655,
        "6,28": 59.81399182997063,
        "6,29": 11.603624701254601,
        "6,30": 19.81998265768077,
        "6,31": 30.787605208284102,
        "6,32": 75.43442441271064,
        "6,33": 62.891743092469966,
        "6,34": 68.09275611974675,
        "6,35": 47.03972666568843,
        "6,36": 24.681016988936573,
        "6,37": 26.744060006341705,
        "6,38": 70.94040375355556,
        "6,39": 45.79768825022539,
        "6,40": 76.1687203352539,
        "6,41": 44.19530478658487,
        "6,42": 60.76291575335171,
        "6,43": 19.85693937679951,
        "6,44": 51.07473525895863,
        "6,45": 4.407219701522006,
        "6,46": 40.65341056600359,
        "6,47": 62.365462390154306,
        "6,48": 54.75438901833477,
        "6,49": 52.49727704049954,
        "6,50": 87.26047286890689,
        "6,51": 43.830769525985566,
        "6,52": 58.35139524825293,
        "6,53": 11.165611153271408,
        "6,54": 57.8110292311611,
        "6,55": 2.8366211462408275,
        "6,56": 50.53437654163429,
        "6,57": 9.014830656378164,
        "6,58": 15.689594705997663,
        "6,59": 46.112277602910936,
        "6,60": 82.95218907547167,
        "7,0": 39.9091950439244,
        "7,1": 39.65367787980273,
        "7,2": 59.77667650634707,
        "7,3": 1.5137150847088026,
        "7,4": 73.90391372873037,
        "7,5": 30.533713502720836,
        "7,6": 48.542437787897406,
        "7,7": 0.0,
        "7,8": 49.85839470295595,
        "7,9": 40.45889432369316,
        "7,10": 64.26712970024302,
        "7,11": 71.54812256996578,
        "7,12": 47.32072550191947,
        "7,13": 67.40425908314093,
        "7,14": 60.10918851089609,
        "7,15": 57.65314857123306,
        "7,16": 53.45047658802089,
        "7,17": 76.70335839091251,
        "7,18": 69.21492643337203,
        "7,19": 72.29513336395472,
        "7,20": 53.54542340279414,
        "7,21": 47.55823190623661,
        "7,22": 59.31985776570552,
        "7,23": 38.33651068087882,
        "7,24": 65.88863195700579,
        "7,25": 28.38297195605909,
        "7,26": 16.01380687339919,
        "7,27": 62.80030568931788,
        "7,28": 17.0984292958378,
        "7,29": 46.849034342008,
        "7,30": 64.50674890559982,
        "7,31": 47.35336358861334,
        "7,32": 69.7179796698054,
        "7,33": 33.84849204796996,
        "7,34": 35.99205281444624,
        "7,35": 18.654455190829772,
        "7,36": 62.82082288472917,
        "7,37": 67.52864443341784,
        "7,38": 34.532224731018026,
        "7,39": 80.0921375089579,
        "7,40": 105.60104701739904,
        "7,41": 52.984354755284464,
        "7,42": 89.60985394047643,
        "7,43": 67.87437594786817,
        "7,44": 4.810392830111489,
        "7,45": 51.40411837380641,
        "7,46": 81.64584202861604,
        "7,47": 17.418520339131334,
        "7,48": 80.01475767081874,
        "7,49": 27.50667432879997,
        "7,50": 75.3878715329505,
        "7,51": 29.05096946058027,
        "7,52": 33.73092122337905,
        "7,53": 56.27432691240199,
        "7,54": 37.97812549050615,
        "7,55": 50.013257821530964,
        "7,56": 78.83790568674648,
        "7,57": 40.81064183541055,
        "7,58": 52.88883384831696,
        "7,59": 45.11583419075334,
        "7,60": 59.90482212659823,
        "8,0": 10.461428066421753,
        "8,1": 19.73457787315763,
        "8,2": 41.19257139850864,
        "8,3": 50.43252387032693,
        "8,4": 52.638928731850676,
        "8,5": 54.77787134318565,
        "8,6": 41.13655761314772,
        "8,7": 49.85839470295595,
        "8,8": 0.0,
        "8,9": 10.810416313500113,
        "8,10": 20.110615389428308,
        "8,11": 46.14712296445009,
        "8,12": 2.6138629824363795,
        "8,13": 20.090144215152893,
        "8,14": 41.75327371354333,
        "8,15": 53.1584433131137,
        "8,16": 20.00576531419828,
        "8,17": 27.39006805719677,
        "8,18": 49.7193500543499,
        "8,19": 60.14923494205479,
        "8,20": 46.107954990936975,
        "8,21": 8.57505615469832,
        "8,22": 32.268326733628136,
        "8,23": 15.571250655967823,
        "8,24": 35.26340636383506,
        "8,25": 21.981464124899595,
        "8,26": 41.380745157929326,
        "8,27": 17.500830649022124,
        "8,28": 48.23160594952586,
        "8,29": 29.681795390181087,
        "8,30": 59.77269270332109,
        "8,31": 10.440816578552763,
        "8,32": 34.40217313123653,
        "8,33": 37.366800206565635,
        "8,34": 42.71942029669016,
        "8,35": 62.16591379926941,
        "8,36": 65.81457032772013,
        "8,37": 67.52878601898709,
        "8,38": 48.22320701851816,
        "8,39": 36.43973000108096,
        "8,40": 56.6853143119738,
        "8,41": 3.5957804175941144,
        "8,42": 41.32922809215587,
        "8,43": 55.74782403562164,
        "8,44": 54.58489204909872,
        "8,45": 45.398677056638036,
        "8,46": 44.15744044357182,
        "8,47": 52.01789027395168,
        "8,48": 31.20070650747131,
        "8,49": 30.658138843311832,
        "8,50": 46.762224994101295,
        "8,51": 22.68263881069399,
        "8,52": 31.797001730899026,
        "8,53": 51.95194756359628,
        "8,54": 27.743469214987048,
        "8,55": 39.488150191024374,
        "8,56": 31.473335665130115,
        "8,57": 34.584538352060505,
        "8,58": 56.40128605942022,
        "8,59": 9.14236875109676,
        "8,60": 47.156159758148036,
        "9,0": 1.946042956607208,
        "9,1": 10.544448987805644,
        "9,2": 45.678452767431395,
        "9,3": 41.19816119271571,
        "9,4": 49.2181295517063,
        "9,5": 50.23198933210394,
        "9,6": 33.184876589777865,
        "9,7": 40.45889432369316,
        "9,8": 10.810416313500113,
        "9,9": 0.0,
        "9,10": 24.70605712237252,
        "9,11": 43.632105774362394,
        "9,12": 8.962457837813115,
        "9,13": 30.83235829789713,
        "9,14": 36.66000431127914,
        "9,15": 45.642987616283094,
        "9,16": 26.524358785810723,
        "9,17": 38.02700446768761,
        "9,18": 45.59818145305156,
        "9,19": 54.70791043578702,
        "9,20": 38.65495112007948,
        "9,21": 14.48400004600198,
        "9,22": 29.096667619091047,
        "9,23": 14.226631838016402,
        "9,24": 42.576227949688935,
        "9,25": 14.618229302746277,
        "9,26": 34.36609993280835,
        "9,27": 22.816907511481073,
        "9,28": 41.514743899541294,
        "9,29": 22.548742196241086,
        "9,30": 52.69597931143091,
        "9,31": 7.940261773342623,
        "9,32": 42.913937224046435,
        "9,33": 35.00188376507561,
        "9,34": 40.568887680965844,
        "9,35": 51.63622659560364,
        "9,36": 57.6397852678041,
        "9,37": 59.92820656248739,
        "9,38": 45.21405500873344,
        "9,39": 41.29925831398858,
        "9,40": 65.15954726478581,
        "9,41": 14.398766270173253,
        "9,42": 49.244728963900826,
        "9,43": 50.061208314600336,
        "9,44": 45.05756395680485,
        "9,45": 37.58199605037131,
        "9,46": 46.19910095073228,
        "9,47": 45.16870751009256,
        "9,48": 39.55838982046319,
        "9,49": 26.11178041056937,
        "9,50": 54.206342517232365,
        "9,51": 16.679305899312496,
        "9,52": 29.557643466161423,
        "9,53": 44.320779996666744,
        "9,54": 27.121189819055033,
        "9,55": 32.05322633336214,
        "9,56": 38.625710049591525,
        "9,57": 25.53036923530598,
        "9,58": 47.69342174385983,
        "9,59": 12.956577732431265,
        "9,60": 50.622316507564044,
        "10,0": 25.933276518444984,
        "10,1": 25.521107895822325,
        "10,2": 59.50611899451532,
        "10,3": 65.16254546128464,
        "10,4": 38.22905737622386,
        "10,5": 74.14145522865044,
        "10,6": 37.227734737130135,
        "10,7": 64.26712970024302,
        "10,8": 20.110615389428308,
        "10,9": 24.70605712237252,
        "10,10": 0.0,
        "10,11": 30.957782149966235,
        "10,12": 22.220976541478883,
        "10,13": 27.45813393376388,
        "10,14": 31.561083149869983,
        "10,15": 46.56465670192197,
        "10,16": 38.00348183203461,
        "10,17": 26.59651509545066,
        "10,18": 36.70652860545222,
        "10,19": 48.58216012555906,
        "10,20": 40.212179355837435,
        "10,21": 28.39558346023132,
        "10,22": 20.681346037121358,
        "10,23": 35.34192169912872,
        "10,24": 50.92167699856198,
        "10,25": 39.22783614361156,
        "10,26": 59.048660045977805,
        "10,27": 2.800663333269178,
        "10,28": 66.17508314711233,
        "10,29": 26.76172807406261,
        "10,30": 51.568449610488386,
        "10,31": 17.05354464092686,
        "10,32": 48.06930516250258,
        "10,33": 57.31399871579449,
        "10,34": 62.731860832825426,
        "10,35": 72.63061577551619,
        "10,36": 59.843160537378225,
        "10,37": 60.00590890176226,
        "10,38": 68.09030692930247,
        "10,39": 16.71028924081512,
        "10,40": 42.25370237755142,
        "10,41": 19.957769764841547,
        "10,42": 26.042985770282797,
        "10,43": 44.990091613354515,
        "10,44": 68.64166492259386,
        "10,45": 40.47913506868207,
        "10,46": 24.382834223816573,
        "10,47": 69.85300258485533,
        "10,48": 18.000203941633995,
        "10,49": 49.82527907271817,
        "10,50": 61.4987649922551,
        "10,51": 40.903796434025075,
        "10,52": 51.72447905365748,
        "10,53": 45.76290505330713,
        "10,54": 47.84057918974572,
        "10,55": 34.64802060680286,
        "10,56": 15.039182116127087,
        "10,57": 34.87899934448334,
        "10,58": 52.61119137025598,
        "10,59": 29.24775424615786,
        "10,60": 65.99532379946847,
        "11,0": 45.55610360942041,
        "11,1": 35.975269112326195,
        "11,2": 87.3229439527161,
        "11,3": 72.88025774840025,
        "11,4": 7.3653325550079405,
        "11,5": 91.46731592082773,
        "11,6": 25.00120019257949,
        "11,7": 71.54812256996578,
        "11,8": 46.14712296445009,
        "11,9": 43.632105774362394,
        "11,10": 30.957782149966235,
        "11,11": 0.0,
        "11,12": 47.096282315678884,
        "11,13": 58.35819775004886,
        "11,14": 12.126395324039605,
        "11,15": 25.217414899302824,
        "11,16": 66.08982669742404,
        "11,17": 56.82999851292748,
        "11,18": 7.73735998831391,
        "11,19": 19.43266531012297,
        "11,20": 22.775354827874807,
        "11,21": 54.50439178721213,
        "11,22": 14.538374166433282,
        "11,23": 57.75868796376989,
        "11,24": 80.602428847753,
        "11,25": 56.17737001651299,
        "11,26": 73.23916372661182,
        "11,27": 33.36073640457845,
        "11,28": 80.16402995286427,
        "11,29": 25.078001338596426,
        "11,30": 26.388617572546096,
        "11,31": 37.05439948580804,
        "11,32": 78.43485799187317,
        "11,33": 78.29278617626134,
        "11,34": 83.83464593465376,
        "11,35": 71.95633525494289,
        "11,36": 36.367083819894944,
        "11,37": 34.4105982843913,
        "11,38": 87.9484069771981,
        "11,39": 29.317835673086602,
        "11,40": 58.475128805752405,
        "11,41": 47.74161241797155,
        "11,42": 45.41962963383459,
        "11,43": 17.443674325099344,
        "11,44": 74.66322598867801,
        "11,45": 24.600794613806457,
        "11,46": 18.98899143619893,
        "11,47": 83.22746075047576,
        "11,48": 43.31773530058349,
        "11,49": 68.63803034499577,
        "11,50": 91.66136840795896,
        "11,51": 59.080172980502944,
        "11,52": 72.99722845039511,
        "11,53": 25.36669095933922,
        "11,54": 70.74772153844907,
        "11,55": 22.64315832887369,
        "11,56": 37.854924962217154,
        "11,57": 30.91993851289213,
        "11,58": 33.93293883254668,
        "11,59": 54.2863951023362,
        "11,60": 93.10315735083297,
        "12,0": 8.288298205612037,
        "12,1": 18.65267296903685,
        "12,2": 40.284816630352445,
        "12,3": 47.87789913580738,
        "12,4": 53.40739390440003,
        "12,5": 52.329456425619995,
        "12,6": 40.634663265160604,
        "12,7": 47.32072550191947,
        "12,8": 2.6138629824363795,
        "12,9": 8.962457837813115,
        "12,10": 22.220976541478883,
        "12,11": 47.096282315678884,
        "12,12": 0.0,
        "12,13": 21.929773028059433,
        "12,14": 42.06149370672196,
        "12,15": 52.834423189350645,
        "12,16": 19.523304012159002,
        "12,17": 29.728358260810534,
        "12,18": 50.30886471955386,
        "12,19": 60.43740626755168,
        "12,20": 45.781125133881474,
        "12,21": 7.44177003259066,
        "12,22": 32.97037584015558,
        "12,23": 13.191076689253592,
        "12,24": 35.20150613355844,
        "12,25": 19.375790849551272,
        "12,26": 38.77269172158359,
        "12,27": 19.694487126912453,
        "12,28": 45.63542169763684,
        "12,29": 29.3490280818013,
        "12,30": 59.59904539097126,
        "12,31": 10.481620982364532,
        "12,32": 34.80926848780233,
        "12,33": 35.10923297653727,
        "12,34": 40.51213957043214,
        "12,35": 59.869891598855716,
        "12,36": 65.30147431779324,
        "12,37": 67.20756571968853,
        "12,38": 45.92460634928233,
        "12,39": 38.70838172865299,
        "12,40": 59.297967725475594,
        "12,41": 5.766710363421409,
        "12,42": 43.91952086051503,
        "12,43": 55.95821095650853,
        "12,44": 52.05823097259983,
        "12,45": 44.95621834248555,
        "12,46": 46.009579172143475,
        "12,47": 49.41928744828321,
        "12,48": 33.803770348991264,
        "12,49": 28.150364303283343,
        "12,50": 46.79036490880722,
        "12,51": 20.07618790623747,
        "12,52": 29.524366320359498,
        "12,53": 51.5884762396593,
        "12,54": 25.66170051995899,
        "12,55": 39.13808536055451,
        "12,56": 33.996816141215746,
        "12,57": 33.68055717132207,
        "12,58": 55.68536385546257,
        "12,59": 7.358567237925421,
        "12,60": 46.0161800559496,
        "13,0": 30.2011682527369,
        "13,1": 39.51997232383997,
        "13,2": 37.141520648985725,
        "13,3": 67.73011732298626,
        "13,4": 65.56599112798393,
        "13,5": 65.06455549365718,
        "13,6": 59.477291825307546,
        "13,7": 67.40425908314093,
        "13,8": 20.090144215152893,
        "13,9": 30.83235829789713,
        "13,10": 27.45813393376388,
        "13,11": 58.35819775004886,
        "13,12": 21.929773028059433,
        "13,13": 0.0,
        "13,14": 57.342837607186304,
        "13,15": 70.76764038602988,
        "13,16": 18.97277064194711,
        "13,17": 10.97347007942171,
        "13,18": 63.70206751550048,
        "13,19": 75.2498111079226,
        "13,20": 63.85304197539866,
        "13,21": 19.84608526732732,
        "13,22": 46.68264867854633,
        "13,23": 29.29183160575164,
        "13,24": 25.616000476256644,
        "13,25": 39.06927269217914,
        "13,26": 56.12259271667103,
        "13,27": 24.997789029030876,
        "13,28": 62.12565478731258,
        "13,29": 47.88013576997577,
        "13,30": 76.76196938186621,
        "13,31": 29.200167371607282,
        "13,32": 21.432394304435498,
        "13,33": 46.20721374554036,
        "13,34": 50.472185548094465,
        "13,35": 81.34532945432545,
        "13,36": 83.85790512577523,
        "13,37": 84.9335434884307,
        "13,38": 56.682289023347,
        "13,39": 37.98923779259613,
        "13,40": 46.28073155046353,
        "13,41": 16.50364589572356,
        "13,42": 34.32572022364456,
        "13,43": 71.29976347548497,
        "13,44": 72.21303913436948,
        "13,45": 63.498499430964635,
        "13,46": 49.74815698146434,
        "13,47": 65.88696092168303,
        "13,48": 25.05126215278327,
        "13,49": 43.5030854273219,
        "13,50": 34.91400197160103,
        "13,51": 38.47404451202566,
        "13,52": 41.445494490938614,
        "13,53": 69.70553218598762,
        "13,54": 36.074621129181764,
        "13,55": 57.44716088696687,
        "13,56": 28.834977622965287,
        "13,57": 53.91334430646022,
        "13,58": 75.09463922099242,
        "13,59": 22.289524241274442,
        "13,60": 44.292230079526135,
        "14,0": 38.597758807782206,
        "14,1": 27.384342012409714,
        "14,2": 82.03032244284445,
        "14,3": 61.48307577735679,
        "14,4": 13.986355808066444,
        "14,5": 81.71586449321204,
        "14,6": 12.878693778071625,
        "14,7": 60.10918851089609,
        "14,8": 41.75327371354333,
        "14,9": 36.66000431127914,
        "14,10": 31.561083149869983,
        "14,11": 12.126395324039605,
        "14,12": 42.06149370672196,
        "14,13": 57.342837607186304,
        "14,14": 0.0,
        "14,15": 15.905952518963801,
        "14,16": 61.5792280904413,
        "14,17": 58.12083519075632,
        "14,18": 9.528065276348867,
        "14,19": 18.396167562888113,
        "14,20": 11.400248353416023,
        "14,21": 49.43583519983828,
        "14,22": 10.890961283820749,
        "14,23": 50.82226472376925,
