{
    "num_robots": 2,
    "num_tasks": 40,
    "num_nodes": 41,
    "robot_capacity": [
        326,
        254
    ],
    "robot_speed": [
        1.12,
        0.91
    ],
    "task_demand": {
        "0": 0,
        "1": 8,
        "2": 10,
        "3": 15,
        "4": 12,
        "5": 10,
        "6": 12,
        "7": 12,
        "8": 5,
        "9": 6,
        "10": 11,
        "11": 10,
        "12": 11,
        "13": 15,
        "14": 6,
        "15": 15,
        "16": 9,
        "17": 15,
        "18": 14,
        "19": 12,
        "20": 13,
        "21": 12,
        "22": 15,
        "23": 10,
        "24": 15,
        "25": 14,
        "26": 9,
        "27": 10,
        "28": 7,
        "29": 10,
        "30": 15,
        "31": 6,
        "32": 7,
        "33": 6,
        "34": 12,
        "35": 9,
        "36": 9,
        "37": 7,
        "38": 5,
        "39": 12,
        "40": 10
    },
    "task_service_time": {
        "0": 0,
        "1": 51,
        "2": 30,
        "3": 25,
        "4": 41,
        "5": 44,
        "6": 46,
        "7": 42,
        "8": 56,
        "9": 29,
        "10": 34,
        "11": 64,
        "12": 38,
        "13": 39,
        "14": 46,
        "15": 39,
        "16": 45,
        "17": 16,
        "18": 50,
        "19": 94,
        "20": 81,
        "21": 74,
        "22": 72,
        "23": 70,
        "24": 60,
        "25": 56,
        "26": 45,
        "27": 98,
        "28": 58,
        "29": 96,
        "30": 12,
        "31": 26,
        "32": 67,
        "33": 83,
        "34": 34,
        "35": 42,
        "36": 73,
        "37": 22,
        "38": 89,
        "39": 76,
        "40": 28
    },
    "task_precedence": [],
    "coordinates": {
        "0": [
            50.0,
            50.0
        ],
        "1": [
            65.19413851574738,
            49.688988874641346
        ],
        "2": [
            5.5749680411836255,
            60.13004667162922
        ],
        "3": [
            11.055463712399538,
            45.71892567228231
        ],
        "4": [
            66.65262228371998,
            42.26689892533686
        ],
        "5": [
            31.492298643480186,
            3.771740710038196
        ],
        "6": [
            33.69641435848124,
            28.171181348834594
        ],
        "7": [
            39.461194051044544,
            55.02496223909008
        ],
        "8": [
            73.2385390019303,
            66.71407263791231
        ],
        "9": [
            93.56330905712194,
            23.309150400255064
        ],
        "10": [
            92.52368162125055,
            97.65696918808938
        ],
        "11": [
            28.646258359935118,
            72.85883262079263
        ],
        "12": [
            73.73143910065032,
            18.3351686862116
        ],
        "13": [
            37.42475787418833,
            21.42245341868062
        ],
        "14": [
            31.58886742721715,
            17.224477220463697
        ],
        "15": [
            10.760479233874632,
            0.34719648487133714
        ],
        "16": [
            22.388326347359712,
            32.45533348814692
        ],
        "17": [
            15.788221699389116,
            31.537125015938294
        ],
        "18": [
            92.17083443826172,
            7.0569341062458495
        ],
        "19": [
            4.374789192516538,
            77.96068503945172
        ],
        "20": [
            43.2123103682439,
            2.4848496489071503
        ],
        "21": [
            35.17071771001991,
            11.042678197171496
        ],
        "22": [
            49.50333035149115,
            69.7522932062999
        ],
        "23": [
            53.742344552695464,
            99.96301488812908
        ],
        "24": [
            90.89755659317686,
            48.729911321613464
        ],
        "25": [
            55.147622827220886,
            71.66758744949797
        ],
        "26": [
            46.73183669757357,
            12.506632445481458
        ],
        "27": [
            2.0775015703518918,
            61.74020932529049
        ],
        "28": [
            94.52753392660014,
            96.96046347481665
        ],
        "29": [
            58.19285952534708,
            80.46315782999743
        ],
        "30": [
            1.901392905574606,
            87.26255959746005
        ],
        "31": [
            31.92019910746896,
            9.312323045289329
        ],
        "32": [
            0.7886428099322385,
            26.87360179857785
        ],
        "33": [
            68.49224768785392,
            27.337308057760023
        ],
        "34": [
            36.591951170482105,
            63.21027395955265
        ],
        "35": [
            92.84306737822887,
            22.58167195483497
        ],
        "36": [
            5.259421557392397,
            56.65409537680033
        ],
        "37": [
            43.20754460506553,
            56.19857286451379
        ],
        "38": [
            87.18447837027348,
            74.71714948475474
        ],
        "39": [
            31.088250253604343,
            77.0451798313145
        ],
        "40": [
            34.5692016639116,
            36.37315649526999
        ]
    },
    "distance_matrix_str_keys": {
        "0,0": 0.0,
        "0,1": 15.19732124934572,
        "0,2": 45.565352079307395,
        "0,3": 39.17913352864855,
        "0,4": 18.360574096558185,
        "0,5": 49.795451262962416,
        "0,6": 27.245260660815916,
        "0,7": 11.675473280943265,
        "0,8": 28.624987669685467,
        "0,9": 51.08975776378791,
        "0,10": 63.87057390395033,
        "0,11": 31.281120677112163,
        "0,12": 39.57073089947353,
        "0,13": 31.221993580331592,
        "0,14": 37.592614914162176,
        "0,15": 63.28618243240113,
        "0,16": 32.714214722533825,
        "0,17": 38.87574471527512,
        "0,18": 60.18709318096856,
        "0,19": 53.51130505886326,
        "0,20": 47.99752330510407,
        "0,21": 41.68429602722174,
        "0,22": 19.75853657656333,
        "0,23": 50.10297395826417,
        "0,24": 40.9172733762047,
        "0,25": 22.270661567474093,
        "0,26": 37.635535095831315,
        "0,27": 49.33962272597211,
        "0,28": 64.71465372969337,
        "0,29": 31.545632537284842,
        "0,30": 60.84385221349953,
        "0,31": 44.523771811072564,
        "0,32": 54.374515816319466,
        "0,33": 29.249971463538344,
        "0,34": 18.822516077856623,
        "0,35": 50.865441462428514,
        "0,36": 45.23269110568903,
        "0,37": 9.19563787068962,
        "0,38": 44.65000459486033,
        "0,39": 33.00145497668908,
        "0,40": 20.586413023920198,
        "1,0": 15.19732124934572,
        "1,1": 0.0,
        "1,2": 60.52653282648145,
        "1,3": 54.28404472120124,
        "1,4": 7.564032926753175,
        "1,5": 56.95794667810358,
        "1,6": 38.14607014890122,
        "1,7": 26.28035468880865,
        "1,8": 18.82991918008393,
        "1,9": 38.738943134013155,
        "1,10": 55.207164949007236,
        "1,11": 43.273423750665735,
        "1,12": 32.495346461999276,
        "1,13": 39.62493568321442,
        "1,14": 46.72535459338797,
        "1,15": 73.46860376412619,
        "1,16": 46.144733538896226,
        "1,17": 52.63491975874764,
        "1,18": 50.450314336694426,
        "1,19": 67.06923330511937,
        "1,20": 52.07140797740036,
        "1,21": 48.938156134628834,
        "1,22": 25.470328650259674,
        "1,23": 51.56181995020185,
        "1,24": 25.721304994417572,
        "1,25": 24.16591137934795,
        "1,26": 41.5136630285793,
        "1,27": 64.25684223214682,
        "1,28": 55.63308725214211,
        "1,29": 31.560535204495864,
        "1,30": 73.60533176161022,
        "1,31": 52.320456680355406,
        "1,32": 68.32722564646086,
        "1,33": 22.59369733910043,
        "1,34": 31.6371659805536,
        "1,35": 38.72040673641462,
        "1,36": 60.33807260316277,
        "1,37": 22.930002082739463,
        "1,38": 33.31642043262137,
        "1,39": 43.72153700189133,
        "1,40": 33.39458263153537,
        "2,0": 45.565352079307395,
        "2,1": 60.52653282648145,
        "2,2": 0.0,
        "2,3": 15.418049204099523,
        "2,4": 63.63624670874838,
        "2,5": 62.0319810775784,
        "2,6": 42.569764101967685,
        "2,7": 34.26861830092845,
        "2,8": 67.9831466841944,
        "2,9": 95.3820033180492,
        "2,10": 94.70136591826392,
        "2,11": 26.349695040203713,
        "2,12": 79.95071214877244,
        "2,13": 50.12670832841791,
        "2,14": 50.1757994574622,
        "2,15": 60.00732207640881,
        "2,16": 32.381765969753246,
        "2,17": 30.36224166782366,
        "2,18": 101.56573907789208,
        "2,19": 17.870984692312046,
        "2,20": 68.84430460998766,
        "2,21": 57.319090556354865,
        "2,22": 44.9698637271632,
        "2,23": 62.50409200155163,
        "2,24": 86.08081785863449,
        "2,25": 50.89757312226789,
        "2,26": 62.943446204943264,
        "2,27": 3.850311089488444,
        "2,28": 96.27584629332468,
        "2,29": 56.409909711129295,
        "2,30": 27.380073264097412,
        "2,31": 57.24082664059832,
        "2,32": 33.599107649067385,
        "2,33": 70.95031912496843,
        "2,34": 31.169553134243916,
        "2,35": 95.00316629340935,
        "2,36": 3.4902445455090514,
        "2,37": 37.83737973396768,
        "2,38": 82.90292965049257,
        "2,39": 30.611260984489153,
        "2,40": 37.4840688055729,
        "3,0": 39.17913352864855,
        "3,1": 54.28404472120124,
        "3,2": 15.418049204099523,
        "3,3": 0.0,
        "3,4": 55.70422362681466,
        "3,5": 46.66080312486013,
        "3,6": 28.644999162146945,
        "3,7": 29.891266829202486,
        "3,8": 65.63178382896396,
        "3,9": 85.49703252845325,
        "3,10": 96.61589358637585,
        "3,11": 32.342087216281584,
        "3,12": 68.39698851222029,
        "3,13": 35.85607673130156,
        "3,14": 35.12199112648703,
        "3,15": 45.37268809866053,
        "3,16": 17.445820506067747,
        "3,17": 14.950667811830119,
        "3,18": 89.85795991366783,
        "3,19": 32.92662234622723,
        "3,20": 53.88179763558814,
        "3,21": 42.2372775439525,
        "3,22": 45.34138511473314,
        "3,23": 69.0260169119613,
        "3,24": 79.89884748957991,
        "3,25": 51.161035402296704,
        "3,26": 48.742794449644116,
        "3,27": 18.36532967616394,
        "3,28": 97.94529954118774,
        "3,29": 58.558481471565585,
        "3,30": 42.54022251993452,
        "3,31": 41.96162410996546,
        "3,32": 21.460518245097315,
        "3,33": 60.30645089515324,
        "3,34": 30.952535544013244,
        "3,35": 84.99732126946301,
        "3,36": 12.376269273461551,
        "3,37": 33.816849513255704,
        "3,38": 81.46486271428331,
        "3,39": 37.18395804969877,
        "3,40": 25.302949906332508,
        "4,0": 18.360574096558185,
        "4,1": 7.564032926753175,
        "4,2": 63.63624670874838,
        "4,3": 55.70422362681466,
        "4,4": 0.0,
        "4,5": 52.13564581461787,
        "4,6": 35.844119389490984,
        "4,7": 30.035677932260402,
        "4,8": 25.318740125686396,
        "4,9": 32.91779597355194,
        "4,10": 61.134046119643415,
        "4,11": 48.788831774642205,
        "4,12": 24.95670971434172,
        "4,13": 35.8992892188958,
        "4,14": 43.08816298569281,
        "4,15": 69.86553590577795,
        "4,16": 45.33866684266246,
        "4,17": 51.98379838901817,
        "4,18": 43.48471885761513,
        "4,19": 71.7814381417367,
        "4,20": 46.17423163764711,
        "4,21": 44.340300807152275,
        "4,22": 32.39668366602984,
        "4,23": 59.122898003093134,
        "4,24": 25.091579641471448,
        "4,25": 31.571593215876568,
        "4,26": 35.81216496277799,
        "4,27": 67.4474316270012,
        "4,28": 61.387268242091444,
        "4,29": 39.12188364892231,
        "4,30": 78.85005507481938,
        "4,31": 47.87844286448745,
        "4,32": 67.63887483212756,
        "4,33": 15.042503285715735,
        "4,34": 36.636988216856295,
        "4,35": 32.76350981089571,
        "4,36": 63.05645499991378,
        "4,37": 27.272022405859136,
        "4,38": 38.40020671465122,
        "4,39": 49.74287266203632,
        "4,40": 32.62027097526193,
        "5,0": 49.795451262962416,
        "5,1": 56.95794667810358,
        "5,2": 62.0319810775784,
        "5,3": 46.66080312486013,
        "5,4": 52.13564581461787,
        "5,5": 0.0,
        "5,6": 24.49879241046921,
        "5,7": 51.86902747423329,
        "5,8": 75.52804600004009,
        "5,9": 65.07319502816658,
        "5,10": 111.97886333837806,
        "5,11": 69.14568832530767,
        "5,12": 44.67928402490059,
        "5,13": 18.62100243400031,
        "5,14": 13.453083109418737,
        "5,15": 21.01275420268893,
        "5,16": 30.093700440937802,
        "5,17": 31.898818133596365,
        "5,18": 60.76740246093353,
        "5,19": 78.98961184570994,
        "5,20": 11.790452214899048,
        "5,21": 8.148453765646783,
        "5,22": 68.39466770808176,
        "5,23": 98.73107804013304,
        "5,24": 74.49981058237337,
        "5,25": 71.89868125846313,
        "5,26": 17.565359482005352,
        "5,27": 65.00441246908403,
        "5,28": 112.50590623486852,
        "5,29": 81.20648626356059,
        "5,30": 88.57956051416089,
        "5,31": 5.5570811961657265,
        "5,32": 38.424087071772384,
        "5,33": 43.867210917794466,
        "5,34": 59.656899774877616,
        "5,35": 64.16954369308385,
        "5,36": 59.031409226910796,
        "5,37": 53.71982611377291,
        "5,38": 90.19351367439387,
        "5,39": 73.27455312562981,
        "5,40": 32.7462920557229,
        "6,0": 27.245260660815916,
        "6,1": 38.14607014890122,
        "6,2": 42.569764101967685,
        "6,3": 28.644999162146945,
        "6,4": 35.844119389490984,
        "6,5": 24.49879241046921,
        "6,6": 0.0,
        "6,7": 27.46558269918264,
        "6,8": 55.218964950818524,
        "6,9": 60.06400274543047,
        "6,10": 91.04351753555669,
        "6,11": 44.97210526330498,
        "6,12": 41.22560310299135,
        "6,13": 7.710115047543416,
        "6,14": 11.147739023747063,
        "6,15": 36.05871952455078,
        "6,16": 12.092427962160654,
        "6,17": 18.22177107432965,
        "6,18": 62.169681037365805,
        "6,19": 57.78193818254378,
        "6,20": 27.392333107410078,
        "6,21": 17.19183499772176,
        "6,22": 44.484238293052904,
        "6,23": 74.53795462906852,
        "6,24": 60.78348501893845,
        "6,25": 48.49836789463284,
        "6,26": 20.37891871282795,
        "6,27": 46.11545603360557,
        "6,28": 91.82804823864402,
        "6,29": 57.74536024755367,
        "6,30": 67.10226801318208,
        "6,31": 18.94231973996656,
        "6,32": 32.933343908275326,
        "6,33": 34.80582367580244,
        "6,34": 35.158528757786904,
        "6,35": 59.41017740003838,
        "6,36": 40.248465201715035,
        "6,37": 29.597234224512547,
        "6,38": 70.90486683888263,
        "6,39": 48.94354142952282,
        "6,40": 8.248281880686687,
        "7,0": 11.675473280943265,
        "7,1": 26.28035468880865,
        "7,2": 34.26861830092845,
        "7,3": 29.891266829202486,
        "7,4": 30.035677932260402,
        "7,5": 51.86902747423329,
        "7,6": 27.46558269918264,
        "7,7": 0.0,
        "7,8": 35.742752186240246,
        "7,9": 62.71308929344186,
        "7,10": 68.0669934963914,
        "7,11": 20.856887754269568,
        "7,12": 50.20548422944323,
        "7,13": 33.6641600419215,
        "7,14": 38.61152929004003,
        "7,15": 61.752644468797705,
        "7,16": 28.299663488863693,
        "7,17": 33.347985207258276,
        "7,18": 71.26877235299548,
        "7,19": 41.9178146647886,
        "7,20": 52.67384839381169,
        "7,21": 44.191056751076886,
        "7,22": 17.82522871927552,
        "7,23": 47.15272882388256,
        "7,24": 51.82014142801325,
        "7,25": 22.870090110101394,
        "7,26": 43.13549133754701,
        "7,27": 37.98203531828856,
        "7,28": 69.21624123846823,
        "7,29": 31.590775336519297,
        "7,30": 49.49748827493803,
        "7,31": 46.330464996605,
        "7,32": 47.83372569796433,
        "7,33": 40.117430991131855,
        "7,34": 8.673631457976537,
        "7,35": 62.46752343728696,
        "7,36": 34.24055076204129,
        "7,37": 3.925876255528284,
        "7,38": 51.626486465110915,
        "7,39": 23.55835670508455,
        "7,40": 19.28267219606678,
        "8,0": 28.624987669685467,
        "8,1": 18.82991918008393,
        "8,2": 67.9831466841944,
        "8,3": 65.63178382896396,
        "8,4": 25.318740125686396,
        "8,5": 75.52804600004009,
        "8,6": 55.218964950818524,
        "8,7": 35.742752186240246,
        "8,8": 0.0,
        "8,9": 47.927899518479705,
        "8,10": 36.460657876161285,
        "8,11": 45.0136597945742,
        "8,12": 48.38141480026396,
        "8,13": 57.74043375456825,
        "8,14": 64.68319099166506,
        "8,15": 91.14861602182349,
        "8,16": 61.31398971806287,
        "8,17": 67.36435706040523,
        "8,18": 62.589184275519834,
        "8,19": 69.77608708091903,
        "8,20": 70.90111065232871,
        "8,21": 67.44229516326808,
        "8,22": 23.92887197303824,
        "8,23": 38.543400975531796,
        "8,24": 25.204582133783035,
        "8,25": 18.756826944581046,
        "8,26": 60.34112891940089,
        "8,27": 71.33465192030553,
        "8,28": 36.98736897322367,
        "8,29": 20.381604807553597,
        "8,30": 74.2376503500717,
        "8,31": 70.72599287340142,
        "8,32": 82.6816217483133,
        "8,33": 39.66178097411679,
        "8,34": 36.8137067526013,
        "8,35": 48.29085133758547,
        "8,36": 68.71945540407293,
        "8,37": 31.818805130753542,
        "8,38": 16.079131316149187,
        "8,39": 43.39791028850146,
        "8,40": 49.15169216350889,
        "9,0": 51.08975776378791,
        "9,1": 38.738943134013155,
        "9,2": 95.3820033180492,
        "9,3": 85.49703252845325,
        "9,4": 32.91779597355194,
        "9,5": 65.07319502816658,
        "9,6": 60.06400274543047,
        "9,7": 62.71308929344186,
        "9,8": 47.927899518479705,
        "9,9": 0.0,
        "9,10": 74.35508714078725,
        "9,11": 81.66636075751985,
        "9,12": 20.44611356864772,
        "9,13": 56.170246166624004,
        "9,14": 62.27242297392441,
        "9,15": 85.92764371463853,
        "9,16": 71.76023152702471,
        "9,17": 78.20910292145858,
        "9,18": 16.311760175757506,
        "9,19": 104.60106268130562,
        "9,20": 54.48737992186803,
        "9,21": 59.667085269339886,
        "9,22": 64.01755413356022,
        "9,23": 86.38011434924213,
        "9,24": 25.560151056280784,
        "9,25": 61.7600468131283,
        "9,26": 48.06122342935466,
        "9,27": 99.23003205484667,
        "9,28": 73.65762450151381,
        "9,29": 67.21346044773233,
        "9,30": 111.76737189590904,
        "9,31": 63.21221543554476,
        "9,32": 92.8431150438655,
        "9,33": 25.392600739099553,
        "9,34": 69.55454895793612,
        "9,35": 1.0237055067574614,
        "9,36": 94.38994598501327,
        "9,37": 60.14496756656765,
        "9,38": 51.80223789377636,
        "9,39": 82.40566625856906,
        "9,40": 60.42328162531577,
        "10,0": 63.87057390395033,
        "10,1": 55.207164949007236,
        "10,2": 94.70136591826392,
        "10,3": 96.61589358637585,
        "10,4": 61.134046119643415,
        "10,5": 111.97886333837806,
        "10,6": 91.04351753555669,
        "10,7": 68.0669934963914,
        "10,8": 36.460657876161285,
        "10,9": 74.35508714078725,
        "10,10": 0.0,
        "10,11": 68.52206053320012,
        "10,12": 81.51746079100324,
        "10,13": 94.06164357845768,
        "10,14": 100.90806382536306,
        "10,15": 127.10001230602204,
        "10,16": 95.7612727429147,
        "10,17": 101.2924706124258,
        "10,18": 90.60072217132611,
        "10,19": 90.32259321828838,
        "10,20": 107.18835604874367,
        "10,21": 103.88165320816915,
        "10,22": 51.27788573081136,
        "10,23": 38.84983850153764,
        "10,24": 48.95407311017553,
        "10,25": 45.523815021689366,
        "10,26": 96.6823298689766,
        "10,27": 97.31662306534037,
        "10,28": 2.121448625415295,
        "10,29": 38.39573537254138,
        "10,30": 91.21646212611566,
        "10,31": 107.13336826075611,
        "10,32": 115.86890197422534,
        "10,33": 74.31261372324055,
        "10,34": 65.68815177324684,
        "10,35": 75.07597659653356,
        "10,36": 96.41725335891476,
        "10,37": 64.42732336456172,
        "10,38": 23.552970500061008,
        "10,39": 64.80091116502008,
        "10,40": 84.3470654219468,
        "11,0": 31.281120677112163,
        "11,1": 43.273423750665735,
        "11,2": 26.349695040203713,
        "11,3": 32.342087216281584,
        "11,4": 48.788831774642205,
        "11,5": 69.14568832530767,
        "11,6": 44.97210526330498,
        "11,7": 20.856887754269568,
        "11,8": 45.0136597945742,
        "11,9": 81.66636075751985,
        "11,10": 68.52206053320012,
        "11,11": 0.0,
        "11,12": 70.74958269328582,
        "11,13": 52.18010309634511,
        "11,14": 55.71212120295689,
        "11,15": 74.68492799791981,
        "11,16": 40.88525963272972,
        "11,17": 43.276005200861846,
        "11,18": 91.46180412636642,
        "11,19": 24.80187722021719,
        "11,20": 71.86562008663103,
        "11,21": 62.15951670931719,
        "11,22": 21.087153416114464,
        "11,23": 36.938465568773324,
        "11,24": 66.76397962064566,
        "11,25": 26.528124390654714,
        "11,26": 63.00377932955837,
        "11,27": 28.801434362394303,
        "11,28": 70.15148665648147,
        "11,29": 30.509464143364944,
        "11,30": 30.376885603863727,
        "11,31": 63.63079103113441,
        "11,32": 53.7651206443744,
        "11,33": 60.497207076553536,
        "11,34": 12.499148710170905,
        "11,35": 81.54154261946361,
        "11,36": 28.452375028731744,
        "11,37": 22.126800768735368,
        "11,38": 58.5677090515385,
        "11,39": 4.846527352217305,
        "11,40": 36.96330369053411,
        "12,0": 39.57073089947353,
        "12,1": 32.495346461999276,
        "12,2": 79.95071214877244,
        "12,3": 68.39698851222029,
        "12,4": 24.95670971434172,
        "12,5": 44.67928402490059,
        "12,6": 41.22560310299135,
        "12,7": 50.20548422944323,
        "12,8": 48.38141480026396,
        "12,9": 20.44611356864772,
        "12,10": 81.51746079100324,
        "12,11": 70.74958269328582,
        "12,12": 0.0,
        "12,13": 36.437706139372494,
        "12,14": 42.157205585552475,
        "12,15": 65.48976202781061,
        "12,16": 53.24935944432502,
        "12,17": 59.42817592473986,
        "12,18": 21.615038183113633,
        "12,19": 91.46336472528189,
        "12,20": 34.389676244034796,
        "12,21": 39.24423080783419,
        "12,22": 56.83944007003718,
        "12,23": 84.03968810277067,
        "12,24": 34.907248096055085,
        "12,25": 56.477474433858326,
        "12,26": 27.621556158799823,
        "12,27": 83.77520108287418,
        "12,28": 81.32905102486406,
        "12,29": 64.04166214479758,
        "12,30": 99.55169890172023,
        "12,31": 42.77372479954626,
        "12,32": 73.44083585256602,
        "12,33": 10.415740008501643,
        "12,34": 58.25046469349881,
        "12,35": 19.577720128522856,
        "12,36": 78.46500703602169,
        "12,37": 48.63481788952297,
        "12,38": 57.96474811777681,
        "12,39": 72.56243493504702,
        "12,40": 43.116700305696384,
        "13,0": 31.221993580331592,
        "13,1": 39.62493568321442,
        "13,2": 50.12670832841791,
        "13,3": 35.85607673130156,
        "13,4": 35.8992892188958,
        "13,5": 18.62100243400031,
        "13,6": 7.710115047543416,
        "13,7": 33.6641600419215,
        "13,8": 57.74043375456825,
        "13,9": 56.170246166624004,
        "13,10": 94.06164357845768,
        "13,11": 52.18010309634511,
        "13,12": 36.437706139372494,
        "13,13": 0.0,
        "13,14": 7.188923526498617,
        "13,15": 33.9875007941797,
        "13,16": 18.649898543644472,
        "13,17": 23.8840172325295,
        "13,18": 56.59947918731516,
        "13,19": 65.48948056492316,
        "13,20": 19.802237257754165,
        "13,21": 10.621696225685389,
        "13,22": 49.81631587127258,
        "13,23": 80.21772516686575,
        "13,24": 60.04196415809455,
        "13,25": 53.27920265843165,
        "13,26": 12.888505726066311,
        "13,27": 53.618559935474586,
        "13,28": 94.69275577430834,
        "13,29": 62.58689018937869,
        "13,30": 74.81195786989058,
        "13,31": 13.302459354450267,
        "13,32": 37.03943770713951,
        "13,33": 31.625534441707927,
        "13,34": 41.79611839108824,
        "13,35": 55.43043221823364,
        "13,36": 47.706157416393665,
        "13,37": 35.25363961473575,
        "13,38": 72.9133349437792,
        "13,39": 55.98248853347302,
        "13,40": 15.22096329916043,
        "14,0": 37.592614914162176,
        "14,1": 46.72535459338797,
        "14,2": 50.1757994574622,
        "14,3": 35.12199112648703,
        "14,4": 43.08816298569281,
        "14,5": 13.453083109418737,
        "14,6": 11.147739023747063,
        "14,7": 38.61152929004003,
        "14,8": 64.68319099166506,
        "14,9": 62.27242297392441,
        "14,10": 100.90806382536306,
        "14,11": 55.71212120295689,
        "14,12": 42.157205585552475,
        "14,13": 7.188923526498617,
        "14,14": 0.0,
        "14,15": 26.807915990627976,
        "14,16": 17.794070327189605,
        "14,17": 21.319293898570706,
        "14,18": 61.429257360859985,
        "14,19": 66.5544363239274,
        "14,20": 18.771282501509972,
        "14,21": 7.144528718732301,
        "14,22": 55.49864353393745,
        "14,23": 85.65303359562213,
        "14,24": 67.15737478852428,
        "14,25": 59.321726267936455,
        "14,26": 15.860881994510459,
        "14,27": 53.40946657256988,
        "14,28": 101.58298698441052,
        "14,29": 68.6068737138778,
        "14,30": 76.07022496693502,
        "14,31": 7.919088607539865,
        "14,32": 32.27629844946861,
        "14,33": 38.26393631351755,
        "14,34": 46.257154567384774,
        "14,35": 61.488019540886974,
        "14,36": 47.412387703706116,
        "14,37": 40.669076589401676,
        "14,38": 79.97674237064713,
        "14,39": 59.8227973134855,
        "14,40": 19.37922367206202,
        "15,0": 63.28618243240113,
        "15,1": 73.46860376412619,
        "15,2": 60.00732207640881,
        "15,3": 45.37268809866053,
        "15,4": 69.86553590577795,
        "15,5": 21.01275420268893,
        "15,6": 36.05871952455078,
        "15,7": 61.752644468797705,
        "15,8": 91.14861602182349,
        "15,9": 85.92764371463853,
        "15,10": 127.10001230602204,
        "15,11": 74.68492799791981,
        "15,12": 65.48976202781061,
        "15,13": 33.9875007941797,
        "15,14": 26.807915990627976,
        "15,15": 0.0,
        "15,16": 34.14878168127961,
        "15,17": 31.592559821461162,
        "15,18": 81.68639123778308,
        "15,19": 77.87573847429172,
        "15,20": 32.522160214588006,
        "15,21": 26.65057356831988,
        "15,22": 79.48632563927366,
        "15,23": 108.4930966579721,
        "15,24": 93.61003291669273,
        "15,25": 84.00486107198522,
        "15,26": 37.970915720606314,
        "15,27": 62.004000892919045,
        "15,28": 127.87119617163407,
        "15,29": 93.1042317103181,
        "15,30": 87.3656898076437,
        "15,31": 22.98058396501914,
        "15,32": 28.338802030659334,
        "15,33": 63.72929633646411,
        "15,34": 67.96345673962975,
        "15,35": 85.0407148129653,
        "15,36": 56.5749812053517,
        "15,37": 64.59247862331046,
        "15,38": 106.63731782638365,
        "15,39": 79.34607062761103,
        "15,40": 43.18246239414084,
        "16,0": 32.714214722533825,
        "16,1": 46.144733538896226,
        "16,2": 32.381765969753246,
        "16,3": 17.445820506067747,
        "16,4": 45.33866684266246,
        "16,5": 30.093700440937802,
        "16,6": 12.092427962160654,
        "16,7": 28.299663488863693,
        "16,8": 61.31398971806287,
        "16,9": 71.76023152702471,
        "16,10": 95.7612727429147,
        "16,11": 40.88525963272972,
        "16,12": 53.24935944432502,
        "16,13": 18.649898543644472,
        "16,14": 17.794070327189605,
        "16,15": 34.14878168127961,
        "16,16": 0.0,
        "16,17": 6.663669271699997,
        "16,18": 74.26087211054929,
        "16,19": 48.9410312584109,
        "16,20": 36.49476965347462,
        "16,21": 24.937749207944723,
        "16,22": 46.1116758138499,
        "16,23": 74.43360467975485,
        "16,24": 70.41574051681873,
        "16,25": 51.095717693217075,
        "16,26": 31.473118203645015,
        "16,27": 35.63893314788239,
        "16,28": 96.7728115989088,
        "16,29": 59.889195971657294,
        "16,30": 58.511079939149205,
        "16,31": 25.029093684612878,
        "16,32": 22.30923704592685,
        "16,33": 46.387129112250136,
        "16,34": 33.87638294617253,
        "16,35": 71.14323387224707,
        "16,36": 29.647587696935982,
        "16,37": 31.57817703645113,
        "16,38": 77.36021204926787,
        "16,39": 45.43064024292132,
        "16,40": 12.795431239021445,
        "17,0": 38.87574471527512,
        "17,1": 52.63491975874764,
        "17,2": 30.36224166782366,
        "17,3": 14.950667811830119,
        "17,4": 51.98379838901817,
        "17,5": 31.898818133596365,
        "17,6": 18.22177107432965,
        "17,7": 33.347985207258276,
        "17,8": 67.36435706040523,
        "17,9": 78.20910292145858,
        "17,10": 101.2924706124258,
        "17,11": 43.276005200861846,
        "17,12": 59.42817592473986,
        "17,13": 23.8840172325295,
        "17,14": 21.319293898570706,
        "17,15": 31.592559821461162,
        "17,16": 6.663669271699997,
        "17,17": 0.0,
        "17,18": 80.20962084308573,
        "17,19": 47.80599718493161,
        "17,20": 39.951412281908304,
        "17,21": 28.208216923608962,
        "17,22": 50.961825234587806,
        "17,23": 78.24715871113183,
        "17,24": 77.05195707533828,
        "17,25": 56.21046586066432,
        "17,26": 36.32722060150045,
        "17,27": 33.16941585639734,
        "17,28": 102.37232294482321,
        "17,29": 64.7449611635767,
        "17,30": 57.42967937615686,
        "17,31": 27.46238368622361,
        "17,32": 15.70782657339647,
        "17,33": 52.871096242417515,
        "17,34": 37.89437324868697,
        "17,35": 77.57350953849796,
        "17,36": 27.2344971045645,
        "17,37": 36.87826295521198,
        "17,38": 83.43824051202415,
        "17,39": 48.011185434636864,
        "17,40": 19.393617736175013,
        "18,0": 60.18709318096856,
        "18,1": 50.450314336694426,
        "18,2": 101.56573907789208,
        "18,3": 89.85795991366783,
        "18,4": 43.48471885761513,
        "18,5": 60.76740246093353,
        "18,6": 62.169681037365805,
        "18,7": 71.26877235299548,
        "18,8": 62.589184275519834,
        "18,9": 16.311760175757506,
        "18,10": 90.60072217132611,
        "18,11": 91.46180412636642,
        "18,12": 21.615038183113633,
        "18,13": 56.59947918731516,
        "18,14": 61.429257360859985,
        "18,15": 81.68639123778308,
        "18,16": 74.26087211054929,
        "18,17": 80.20962084308573,
        "18,18": 0.0,
        "18,19": 112.85161698970478,
        "18,20": 49.171547010436356,
        "18,21": 57.139298761811396,
        "18,22": 75.8368245490231,
        "18,23": 100.53998548405943,
        "18,24": 41.692424569258776,
        "18,25": 74.46646710726786,
        "18,26": 45.764634027455415,
        "18,27": 105.3900812027858,
        "18,28": 89.93441290965215,
        "18,29": 80.88866707125372,
        "18,30": 120.75394169574808,
        "18,31": 60.29283404377781,
        "18,32": 93.50617768481955,
        "18,33": 31.17641798074055,
        "18,34": 79.00765685662654,
        "18,35": 15.53928513133704,
        "18,36": 100.06733780333285,
        "18,37": 69.37077490656766,
        "18,38": 67.84370635440678,
        "18,39": 92.89476104898675,
        "18,40": 64.63272385900045,
        "19,0": 53.51130505886326,
        "19,1": 67.06923330511937,
        "19,2": 17.870984692312046,
        "19,3": 32.92662234622723,
        "19,4": 71.7814381417367,
        "19,5": 78.98961184570994,
        "19,6": 57.78193818254378,
        "19,7": 41.9178146647886,
        "19,8": 69.77608708091903,
        "19,9": 104.60106268130562,
        "19,10": 90.32259321828838,
        "19,11": 24.80187722021719,
        "19,12": 91.46336472528189,
        "19,13": 65.48948056492316,
        "19,14": 66.5544363239274,
        "19,15": 77.87573847429172,
        "19,16": 48.9410312584109,
        "19,17": 47.80599718493161,
        "19,18": 112.85161698970478,
        "19,19": 0.0,
        "19,20": 84.88200503625991,
        "19,21": 73.66416260977002,
        "19,22": 45.86897561123225,
        "19,23": 54.04866363759912,
        "19,24": 91.3270354868274,
        "19,25": 51.16134979233882,
        "19,26": 77.96378950718008,
        "19,27": 16.38234912375649,
        "19,28": 92.13310460242722,
        "19,29": 53.87621984156755,
        "19,30": 9.625100492212065,
        "19,31": 73.96855556156493,
        "19,32": 51.212796447150765,
        "19,33": 81.69317462880106,
        "19,34": 35.43331981257866,
        "19,35": 104.37179377289027,
        "19,36": 21.32494636508118,
        "19,37": 44.51485616336904,
        "19,38": 82.87318712714807,
        "19,39": 26.729144237112806,
        "19,40": 51.392850425967495,
        "20,0": 47.99752330510407,
        "20,1": 52.07140797740036,
        "20,2": 68.84430460998766,
        "20,3": 53.88179763558814,
        "20,4": 46.17423163764711,
        "20,5": 11.790452214899048,
        "20,6": 27.392333107410078,
        "20,7": 52.67384839381169,
        "20,8": 70.90111065232871,
        "20,9": 54.48737992186803,
        "20,10": 107.18835604874367,
        "20,11": 71.86562008663103,
        "20,12": 34.389676244034796,
        "20,13": 19.802237257754165,
        "20,14": 18.771282501509972,
        "20,15": 32.522160214588006,
        "20,16": 36.49476965347462,
        "20,17": 39.951412281908304,
        "20,18": 49.171547010436356,
        "20,19": 84.88200503625991,
        "20,20": 0.0,
        "20,21": 11.743238136999958,
        "20,22": 67.56097908687111,
        "20,23": 98.04526667989013,
        "20,24": 66.42656423935301,
        "20,25": 70.20472130190896,
        "20,26": 10.62182639683767,
        "20,27": 72.1336963229855,
        "20,28": 107.51229593226284,
        "20,29": 79.40424043987498,
        "20,30": 94.30722138695658,
        "20,31": 13.195687541921663,
        "20,32": 48.934433689542296,
        "20,33": 35.45024569515948,
        "20,34": 61.08523809903113,
        "20,35": 53.54525476809509,
        "20,36": 66.14173381321153,
        "20,37": 53.71372342702839,
        "20,38": 84.56392078407022,
        "20,39": 75.53962980166767,
        "20,40": 34.973142109169245,
        "21,0": 41.68429602722174,
        "21,1": 48.938156134628834,
        "21,2": 57.319090556354865,
        "21,3": 42.2372775439525,
        "21,4": 44.340300807152275,
        "21,5": 8.148453765646783,
        "21,6": 17.19183499772176,
        "21,7": 44.191056751076886,
        "21,8": 67.44229516326808,
        "21,9": 59.667085269339886,
        "21,10": 103.88165320816915,
        "21,11": 62.15951670931719,
        "21,12": 39.24423080783419,
        "21,13": 10.621696225685389,
        "21,14": 7.144528718732301,
        "21,15": 26.65057356831988,
        "21,16": 24.937749207944723,
        "21,17": 28.208216923608962,
        "21,18": 57.139298761811396,
        "21,19": 73.66416260977002,
        "21,20": 11.743238136999958,
        "21,21": 0.0,
        "21,22": 60.43378756664632,
        "21,23": 90.8390422715742,
        "21,24": 67.27412662001171,
        "21,25": 63.83146841421142,
        "21,26": 11.653438732216282,
        "21,27": 60.54255211793915,
        "21,28": 104.4274746337592,
        "21,29": 73.1383757422643,
        "21,30": 83.1644052081041,
        "21,31": 3.682390546530191,
        "21,32": 37.85162105523095,
        "21,33": 37.09230812927761,
        "21,34": 52.18695193414102,
        "21,35": 58.81537463275703,
        "21,36": 54.54435822946613,
        "21,37": 45.865514384437475,
        "21,38": 82.21842610860054,
        "21,39": 66.12863799064473,
        "21,40": 25.337619311296088,
        "22,0": 19.75853657656333,
        "22,1": 25.470328650259674,
        "22,2": 44.9698637271632,
        "22,3": 45.34138511473314,
        "22,4": 32.39668366602984,
        "22,5": 68.39466770808176,
        "22,6": 44.484238293052904,
        "22,7": 17.82522871927552,
        "22,8": 23.92887197303824,
        "22,9": 64.01755413356022,
        "22,10": 51.27788573081136,
        "22,11": 21.087153416114464,
        "22,12": 56.83944007003718,
        "22,13": 49.81631587127258,
        "22,14": 55.49864353393745,
        "22,15": 79.48632563927366,
        "22,16": 46.1116758138499,
        "22,17": 50.961825234587806,
        "22,18": 75.8368245490231,
        "22,19": 45.86897561123225,
        "22,20": 67.56097908687111,
        "22,21": 60.43378756664632,
        "22,22": 0.0,
        "22,23": 30.506670515396397,
        "22,24": 46.42652804435686,
        "22,25": 5.960401797664901,
        "22,26": 57.31271109462903,
        "22,27": 48.097845312386575,
        "22,28": 52.60668623790569,
        "22,29": 13.792408718221361,
        "22,30": 50.72034973947188,
        "22,31": 62.945663054799546,
        "22,32": 64.89763446467344,
        "22,33": 46.471603660279214,
        "22,34": 14.474174525015416,
        "22,35": 64.05778886908237,
        "22,36": 46.14202262321448,
        "22,37": 14.944572702765457,
        "22,38": 38.00682456979399,
        "22,39": 19.806599161312466,
        "22,40": 36.56767653585351,
        "23,0": 50.10297395826417,
        "23,1": 51.56181995020185,
        "23,2": 62.50409200155163,
        "23,3": 69.0260169119613,
        "23,4": 59.122898003093134,
