{
    "num_robots": 5,
    "num_tasks": 60,
    "num_nodes": 61,
    "robot_capacity": [
        153,
        147,
        142,
        190,
        174
    ],
    "robot_speed": [
        1.19,
        0.81,
        1.14,
        1.06,
        0.96
    ],
    "task_demand": {
        "0": 0,
        "1": 6,
        "2": 14,
        "3": 14,
        "4": 7,
        "5": 6,
        "6": 8,
        "7": 9,
        "8": 8,
        "9": 8,
        "10": 15,
        "11": 13,
        "12": 10,
        "13": 5,
        "14": 10,
        "15": 10,
        "16": 9,
        "17": 13,
        "18": 5,
        "19": 10,
        "20": 15,
        "21": 8,
        "22": 13,
        "23": 13,
        "24": 15,
        "25": 10,
        "26": 12,
        "27": 14,
        "28": 11,
        "29": 10,
        "30": 13,
        "31": 9,
        "32": 7,
        "33": 12,
        "34": 7,
        "35": 11,
        "36": 5,
        "37": 14,
        "38": 10,
        "39": 14,
        "40": 14,
        "41": 7,
        "42": 10,
        "43": 10,
        "44": 8,
        "45": 11,
        "46": 7,
        "47": 8,
        "48": 15,
        "49": 12,
        "50": 8,
        "51": 8,
        "52": 9,
        "53": 11,
        "54": 9,
        "55": 9,
        "56": 9,
        "57": 8,
        "58": 14,
        "59": 12,
        "60": 13
    },
    "task_service_time": {
        "0": 0,
        "1": 83,
        "2": 72,
        "3": 43,
        "4": 75,
        "5": 43,
        "6": 56,
        "7": 63,
        "8": 29,
        "9": 15,
        "10": 82,
        "11": 61,
        "12": 84,
        "13": 34,
        "14": 98,
        "15": 30,
        "16": 61,
        "17": 62,
        "18": 73,
        "19": 71,
        "20": 15,
        "21": 79,
        "22": 85,
        "23": 13,
        "24": 23,
        "25": 18,
        "26": 72,
        "27": 95,
        "28": 81,
        "29": 88,
        "30": 88,
        "31": 88,
        "32": 52,
        "33": 77,
        "34": 87,
        "35": 29,
        "36": 48,
        "37": 96,
        "38": 58,
        "39": 28,
        "40": 58,
        "41": 24,
        "42": 57,
        "43": 74,
        "44": 67,
        "45": 31,
        "46": 67,
        "47": 66,
        "48": 80,
        "49": 31,
        "50": 52,
        "51": 85,
        "52": 89,
        "53": 57,
        "54": 72,
        "55": 46,
        "56": 89,
        "57": 60,
        "58": 65,
        "59": 39,
        "60": 82
    },
    "task_precedence": [],
    "coordinates": {
        "0": [
            50.0,
            50.0
        ],
        "1": [
            53.232971118340025,
            37.6896563059605
        ],
        "2": [
            99.72549698551961,
            43.447326169566495
        ],
        "3": [
            32.478818157488234,
            97.74061080963466
        ],
        "4": [
            34.85217088561716,
            79.77295720076647
        ],
        "5": [
            9.410213450603354,
            98.30366553170936
        ],
        "6": [
            86.35080678009064,
            10.163577815705082
        ],
        "7": [
            0.686524594699689,
            80.65867323805536
        ],
        "8": [
            64.49179157315962,
            55.7495797515736
        ],
        "9": [
            23.971833432241407,
            26.010133450885842
        ],
        "10": [
            15.588108413103042,
            23.94234930097977
        ],
        "11": [
            38.35147153367154,
            58.17869398635812
        ],
        "12": [
            99.83264301752828,
            13.842489471801201
        ],
        "13": [
            18.636844743743463,
            92.15228201309813
        ],
        "14": [
            9.753725155632708,
            60.07302839314106
        ],
        "15": [
            22.297568795091337,
            14.199415614131683
        ],
        "16": [
            86.37022117168847,
            91.88851941732268
        ],
        "17": [
            32.25246887841872,
            17.809763581273653
        ],
        "18": [
            5.231681312905112,
            87.3847769105077
        ],
        "19": [
            76.29471612566861,
            93.2209336609932
        ],
        "20": [
            29.951498483879966,
            85.22568217062685
        ],
        "21": [
            63.05570936017144,
            53.77379096747813
        ],
        "22": [
            3.210501181871117,
            74.29956164616605
        ],
        "23": [
            61.05297324018816,
            30.02896544204884
        ],
        "24": [
            26.61238599972753,
            32.17076520588134
        ],
        "25": [
            56.95837670243058,
            16.792253531682412
        ],
        "26": [
            9.57781236878893,
            5.659949186412572
        ],
        "27": [
            64.22454463393564,
            81.112991562207
        ],
        "28": [
            33.64591655420498,
            6.1509852582559255
        ],
        "29": [
            17.533528482666217,
            13.435989848305052
        ],
        "30": [
            45.599752479132285,
            72.34609429322975
        ],
        "31": [
            7.155880561717288,
            20.97070588065283
        ],
        "32": [
            50.24408949335779,
            46.57591596782852
        ],
        "33": [
            25.013677671415667,
            67.68636933275735
        ],
        "34": [
            93.1222667256692,
            92.69324017847107
        ],
        "35": [
            39.97664386695144,
            66.05738746930963
        ],
        "36": [
            25.437729979500766,
            93.2279337973665
        ],
        "37": [
            21.735143167503,
            38.63849232609701
        ],
        "38": [
            46.55859997610495,
            54.45906253656834
        ],
        "39": [
            31.87474906722725,
            33.50243046427512
        ],
        "40": [
            41.546476331524595,
            5.305666033355704
        ],
        "41": [
            59.959286854989124,
            79.88460253801742
        ],
        "42": [
            11.670641990715847,
            44.31940574497544
        ],
        "43": [
            85.21699999225227,
            14.487753698603212
        ],
        "44": [
            44.25861185462049,
            25.16052314451892
        ],
        "45": [
            45.1679077100634,
            32.10429977649799
        ],
        "46": [
            11.162931087665362,
            65.58524724498415
        ],
        "47": [
            30.656260445594995,
            27.79501469157927
        ],
        "48": [
            41.70103893056913,
            89.8236263208706
        ],
        "49": [
            71.82365652896804,
            6.692917376329577
        ],
        "50": [
            32.631147130922,
            8.008866259173363
        ],
        "51": [
            1.2537323970336578,
            35.39919506473811
        ],
        "52": [
            48.255756220353454,
            73.8672282144473
        ],
        "53": [
            87.84120657889794,
            87.11238744089407
        ],
        "54": [
            78.35486635166292,
            23.641977057516563
        ],
        "55": [
            93.8584873425218,
            34.039006940587754
        ],
        "56": [
            79.79750461134077,
            95.29000562550169
        ],
        "57": [
            89.74801920774044,
            41.692130872722124
        ],
        "58": [
            21.95025477029351,
            27.640420647434848
        ],
        "59": [
            9.249848633440116,
            6.109116157069372
        ],
        "60": [
            78.24574990017251,
            14.83831403698912
        ]
    },
    "distance_matrix_str_keys": {
        "0,0": 0.0,
        "0,1": 12.727791014838314,
        "0,2": 50.15538440471739,
        "0,3": 50.854279403363584,
        "0,4": 33.404875502794745,
        "0,5": 63.093382188030056,
        "0,6": 53.928857636787264,
        "0,7": 58.066970829095354,
        "0,8": 15.590692425918908,
        "0,9": 35.397445556470494,
        "0,10": 43.164562346217515,
        "0,11": 14.233033785997801,
        "0,12": 61.56831878254609,
        "0,13": 52.540102650640186,
        "0,14": 41.48769142598052,
        "0,15": 45.267057967493045,
        "0,16": 55.47468834570372,
        "0,17": 36.75848448460562,
        "0,18": 58.325156688325485,
        "0,19": 50.59111782375906,
        "0,20": 40.53135943227029,
        "0,21": 13.590181940043617,
        "0,22": 52.72310590099476,
        "0,23": 22.82565308514074,
        "0,24": 29.408537909415905,
        "0,25": 33.9289468129647,
        "0,26": 59.99994465867738,
        "0,27": 34.21046497773439,
        "0,28": 46.79948866359242,
        "0,29": 48.8978385121377,
        "0,30": 22.77520819678314,
        "0,31": 51.75247325016843,
        "0,32": 3.432773097677642,
        "0,33": 30.612480521555447,
        "0,34": 60.6814851869693,
        "0,35": 18.929008439679667,
        "0,36": 49.71880297180753,
        "0,37": 30.46286244570114,
        "0,38": 5.632625749106017,
        "0,39": 24.509070197827928,
        "0,40": 45.486762372534365,
        "0,41": 31.50042640211774,
        "0,42": 38.7480171943558,
        "0,43": 50.013565418047996,
        "0,44": 25.494374836223866,
        "0,45": 18.536590905231595,
        "0,46": 41.84755492724414,
        "0,47": 29.44896657772278,
        "0,48": 40.67915889219278,
        "0,49": 48.49510686314431,
        "0,50": 45.441526854053535,
        "0,51": 50.88597164226673,
        "0,52": 23.930878985180314,
        "0,53": 53.00270009074878,
        "0,54": 38.713612841701426,
        "0,55": 46.67247809380546,
        "0,56": 54.213244605177884,
        "0,57": 40.60696640202122,
        "0,58": 35.871144340194945,
        "0,59": 59.89143946267422,
        "0,60": 45.101735522976185,
        "1,0": 12.727791014838314,
        "1,1": 0.0,
        "1,2": 46.8476864291999,
        "1,3": 63.53622590243126,
        "1,4": 45.922304291030976,
        "1,5": 74.79633817256257,
        "1,6": 43.0636277613768,
        "1,7": 67.87831360878413,
        "1,8": 21.28196120885643,
        "1,9": 31.50595868731869,
        "1,10": 40.07647861258938,
        "1,11": 25.323105950045736,
        "1,12": 52.34708002485165,
        "1,13": 64.52185334476083,
        "1,14": 48.9025579645766,
        "1,15": 38.84315286715679,
        "1,16": 63.526326067720284,
        "1,17": 28.903141853168833,
        "1,18": 69.09217636524299,
        "1,19": 60.1295837958705,
        "1,20": 52.93109410389456,
        "1,21": 18.84636767065129,
        "1,22": 61.988165544430714,
        "1,23": 10.947082611277256,
        "1,24": 27.186645821649755,
        "1,25": 21.226871872143064,
        "1,26": 54.144944580380965,
        "1,27": 44.7928647568463,
        "1,28": 37.12600810690158,
        "1,29": 43.1588987479635,
        "1,30": 35.4871064016128,
        "1,31": 49.01654391618311,
        "1,32": 9.375447943767767,
        "1,33": 41.18411483880201,
        "1,34": 67.94519955721078,
        "1,35": 31.31227209181661,
        "1,36": 62.105359645352976,
        "1,37": 31.512116009776918,
        "1,38": 18.04882864541213,
        "1,39": 21.764799779320686,
        "1,40": 34.428142360261404,
        "1,41": 42.72770542534747,
        "1,42": 42.08777471115664,
        "1,43": 39.51336973238988,
        "1,44": 15.411628790346713,
        "1,45": 9.810272949349166,
        "1,46": 50.47823552799669,
        "1,47": 24.64978290934596,
        "1,48": 53.39415969466036,
        "1,49": 36.14431363726021,
        "1,50": 36.13010447549261,
        "1,51": 52.02967874919177,
        "1,52": 36.51834302558746,
        "1,53": 60.33519963113863,
        "1,54": 28.78275373172647,
        "1,55": 40.78921192264142,
        "1,56": 63.43086536879288,
        "1,57": 36.733752049427224,
        "1,58": 32.85719828946041,
        "1,59": 54.14651955220605,
        "1,60": 33.87953579792037,
        "2,0": 50.15538440471739,
        "2,1": 46.8476864291999,
        "2,2": 0.0,
        "2,3": 86.4284476917633,
        "2,4": 74.35119305753716,
        "2,5": 105.6696191353357,
        "2,6": 35.87046476663454,
        "2,7": 105.79887713431143,
        "2,8": 37.31969239263599,
        "2,9": 77.73463341170189,
        "2,10": 86.36865333227048,
        "2,11": 63.117225841426986,
        "2,12": 29.605030588964535,
        "2,13": 94.59144911728583,
        "2,14": 91.49499276264359,
        "2,15": 82.76789435355253,
        "2,16": 50.24850838910507,
        "2,17": 72.17959640653487,
        "2,18": 104.2093123381144,
        "2,19": 55.01284844845764,
        "2,20": 81.32553041362932,
        "2,21": 38.09605228512065,
        "2,22": 101.32622981677466,
        "2,23": 40.934294881517296,
        "2,24": 73.97761705535302,
        "2,25": 50.39364518110475,
        "2,26": 97.74707617634675,
        "2,27": 51.75925006546939,
        "2,28": 75.87837633576036,
        "2,29": 87.4997142518872,
        "2,30": 61.35743652920951,
        "2,31": 95.25929006906308,
        "2,32": 49.58021542441256,
        "2,33": 78.54544645420475,
        "2,34": 49.686645051130476,
        "2,35": 63.883803275653335,
        "2,36": 89.42472377666884,
        "2,37": 78.13846793733235,
        "2,38": 54.29527857397968,
        "2,39": 68.57568770096861,
        "2,40": 69.5671235728788,
        "2,41": 53.935392622065685,
        "2,42": 88.05917334918472,
        "2,43": 32.390636343002306,
        "2,44": 58.403617276682844,
        "2,45": 55.72427474003788,
        "2,46": 91.28754366261148,
        "2,47": 70.82057815926095,
        "2,48": 74.28054219171099,
        "2,49": 46.145414361594256,
        "2,50": 75.8784305532981,
        "2,51": 98.80010544250801,
        "2,52": 59.78716128780116,
        "2,53": 45.25344113211404,
        "2,54": 29.13684449522479,
        "2,55": 11.087753283032612,
        "2,56": 55.540870476039316,
        "2,57": 10.130684741721153,
        "2,58": 79.36527303438629,
        "2,59": 97.87739714390901,
        "2,60": 35.77506268411611,
        "3,0": 50.854279403363584,
        "3,1": 63.53622590243126,
        "3,2": 86.4284476917633,
        "3,3": 0.0,
        "3,4": 18.123724213869266,
        "3,5": 23.075475157460176,
        "3,6": 102.81988069519257,
        "3,7": 36.09075395696048,
        "3,8": 52.802245749887675,
        "3,9": 72.23316531365326,
        "3,10": 75.70653523553223,
        "3,11": 39.99541624247269,
        "3,12": 107.5891838768878,
        "3,13": 14.927479583808397,
        "3,14": 43.99177897114779,
        "3,15": 84.15930806079882,
        "3,16": 54.20821240829587,
        "3,17": 79.93116771722856,
        "3,18": 29.148752322762398,
        "3,19": 44.04838698846923,
        "3,20": 12.76756764509455,
        "3,21": 53.5539683184484,
        "3,22": 37.498228817763504,
        "3,23": 73.49387224167667,
        "3,24": 65.83175281550429,
        "3,25": 84.56882009673699,
        "3,26": 94.88574345550738,
        "3,27": 35.83669727185864,
        "3,28": 91.59706123729836,
        "3,29": 85.61910300217934,
        "3,30": 28.58391832088208,
        "3,31": 80.83853951726378,
        "3,32": 54.16115641206539,
        "3,33": 30.96749510740661,
        "3,34": 60.85313307077905,
        "3,35": 32.55831739513582,
        "3,36": 8.36308415282594,
        "3,37": 60.070683045330505,
        "3,38": 45.51409316874961,
        "3,39": 64.24102048962754,
        "3,40": 92.8786382358985,
        "3,41": 32.77214047373759,
        "3,42": 57.33066671466333,
        "3,43": 98.55127619866957,
        "3,44": 73.5298080034409,
        "3,45": 66.85161418927692,
        "3,46": 38.578937874808005,
        "3,47": 69.96933709078075,
        "3,48": 12.15434076298569,
        "3,49": 99.18517422479519,
        "3,50": 89.73187384750966,
        "3,51": 69.72415720412674,
        "3,52": 28.61555820136452,
        "3,53": 56.373337524922924,
        "3,54": 87.15055548787268,
        "3,55": 88.46105428239667,
        "3,56": 47.38210161534107,
        "3,57": 80.13234984806508,
        "3,58": 70.88643951966237,
        "3,59": 94.52997322231853,
        "3,60": 94.69637190156398,
        "4,0": 33.404875502794745,
        "4,1": 45.922304291030976,
        "4,2": 74.35119305753716,
        "4,3": 18.123724213869266,
        "4,4": 0.0,
        "4,5": 31.475075049497985,
        "4,6": 86.5885396421776,
        "4,7": 34.17712508937511,
        "4,8": 38.15271652933488,
        "4,9": 54.85273886197534,
        "4,10": 59.06065425818319,
        "4,11": 21.87595275179171,
        "4,12": 92.57045064947134,
        "4,13": 20.40060010628469,
        "4,14": 31.906412726699383,
        "4,15": 66.76456687394563,
        "4,16": 52.92349528424418,
        "4,17": 62.01770564970125,
        "4,18": 30.58289067143177,
        "4,19": 43.56985915571134,
        "4,20": 7.331357281301161,
        "4,21": 38.358782922713075,
        "4,22": 32.11157611420031,
        "4,23": 56.22229771287065,
        "4,24": 48.31006869880896,
        "4,25": 66.74768438131987,
        "4,26": 78.30409411629032,
        "4,27": 29.40292556363651,
        "4,28": 73.63185317656931,
        "4,29": 68.56040119633798,
        "4,30": 13.064027049750385,
        "4,31": 64.99837888762731,
        "4,32": 36.591730008960965,
        "4,33": 15.584657680455933,
        "4,34": 59.6853229984794,
        "4,35": 14.641621371790764,
        "4,36": 16.4215740046383,
        "4,37": 43.1752315185824,
        "4,38": 27.88967093962812,
        "4,39": 46.36622353779726,
        "4,40": 74.76758107104335,
        "4,41": 25.107364198195366,
        "4,42": 42.35962219771993,
        "4,43": 82.45467729158503,
        "4,44": 55.41659575660825,
        "4,45": 48.77207527739109,
        "4,46": 27.612880979612907,
        "4,47": 52.147024573882035,
        "4,48": 12.162357635712699,
        "4,49": 81.89983499017433,
        "4,50": 71.79845189969048,
        "4,51": 55.6586546277931,
        "4,52": 14.646970153769288,
        "4,53": 53.49490760767312,
        "4,54": 71.01529021734287,
        "4,55": 74.6548028475923,
        "4,56": 47.54852064504474,
        "4,57": 66.81095341957216,
        "4,58": 53.70531451291674,
        "4,59": 77.98615506623848,
        "4,60": 78.09936352173143,
        "5,0": 63.093382188030056,
        "5,1": 74.79633817256257,
        "5,2": 105.6696191353357,
        "5,3": 23.075475157460176,
        "5,4": 31.475075049497985,
        "5,5": 0.0,
        "5,6": 116.99799128394672,
        "5,7": 19.683711547818586,
        "5,8": 69.60481639264931,
        "5,9": 73.74547821535026,
        "5,10": 74.61750289130725,
        "5,11": 49.47332373053185,
        "5,12": 123.73320504298069,
        "5,13": 11.089194930769056,
        "5,14": 38.23218037612254,
        "5,15": 85.08589061632644,
        "5,16": 77.22691815745603,
        "5,17": 83.6721989924725,
        "5,18": 11.69111883217274,
        "5,19": 67.07734983852899,
        "5,20": 24.351140417053664,
        "5,21": 69.71907170989623,
        "5,22": 24.791801781295042,
        "5,23": 85.60612893372674,
        "5,24": 68.33355870958093,
        "5,25": 94.36597964764924,
        "5,26": 92.64386794421522,
        "5,27": 57.44675947868391,
        "5,28": 95.2863357806735,
        "5,29": 85.25556065743531,
        "5,30": 44.536257585232306,
        "5,31": 77.36581069933831,
        "5,32": 65.90269727119376,
        "5,33": 34.36403530181708,
        "5,34": 83.89984944069758,
        "5,35": 44.431172810033395,
        "5,36": 16.812029583696752,
        "5,37": 60.92484539317468,
        "5,38": 57.46609290050609,
        "5,39": 68.58465882932882,
        "5,40": 98.39393935932976,
        "5,41": 53.80028534875603,
        "5,42": 54.03156338573345,
        "5,43": 113.01228235101769,
        "5,44": 81.0205538712117,
        "5,45": 75.2394093885995,
        "5,46": 32.7653309810901,
        "5,47": 73.64010019146342,
        "5,48": 33.38575257793315,
        "5,49": 110.85110308194812,
        "5,50": 93.23284044076597,
        "5,51": 63.43106957877424,
        "5,52": 45.892435780169286,
        "5,53": 79.22540872975384,
        "5,54": 101.62545394469338,
        "5,55": 106.12001369750145,
        "5,56": 70.45177714562428,
        "5,57": 98.2803586191931,
        "5,58": 71.76731020370266,
        "5,59": 92.19468884522315,
        "5,60": 108.18870541067197,
        "6,0": 53.928857636787264,
        "6,1": 43.0636277613768,
        "6,2": 35.87046476663454,
        "6,3": 102.81988069519257,
        "6,4": 86.5885396421776,
        "6,5": 116.99799128394672,
        "6,6": 0.0,
        "6,7": 110.94110023316227,
        "6,8": 50.555910814798395,
        "6,9": 64.36031107313391,
        "6,10": 72.09170565204217,
        "6,11": 67.89247060594744,
        "6,12": 13.974773676394433,
        "6,13": 106.3359218261989,
        "6,14": 91.42245987898922,
        "6,15": 64.18025617819055,
        "6,16": 81.72494390763697,
        "6,17": 54.636016696727225,
        "6,18": 111.9974379448036,
        "6,19": 83.66390690889811,
        "6,20": 93.88930443069745,
        "6,21": 49.442009010017024,
        "6,22": 105.00349916486823,
        "6,23": 32.165416324952275,
        "6,24": 63.66313858237003,
        "6,25": 30.130620432007756,
        "6,26": 76.90497605297297,
        "6,27": 74.31951821380899,
        "6,28": 52.857415305279105,
        "6,29": 68.89503953679298,
        "6,30": 74.34590629024092,
        "6,31": 79.92890813557871,
        "6,32": 51.279171238707015,
        "6,33": 84.08992181711506,
        "6,34": 82.80699148928626,
        "6,35": 72.6269987228424,
        "6,36": 103.00529190271115,
        "6,37": 70.61164734283723,
        "6,38": 59.5441826628546,
        "6,39": 59.26502262622438,
        "6,40": 45.06692061622794,
        "6,41": 74.54886727701715,
        "6,42": 82.12032388210667,
        "6,43": 4.470348409060101,
        "6,44": 44.68401551829475,
        "6,45": 46.662902352649155,
        "6,46": 93.40652061536112,
        "6,47": 58.41874748497453,
        "6,48": 91.3199052609095,
        "6,49": 14.935982669517843,
        "6,50": 53.76285534376284,
        "6,51": 88.76006110010981,
        "6,52": 74.22525143961522,
        "6,53": 76.96324183851576,
        "6,54": 15.671704101871919,
        "6,55": 25.028011973083327,
        "6,56": 85.37830216730393,
        "6,57": 31.71105028452569,
        "6,58": 66.72983691371925,
        "6,59": 77.2074893159524,
        "6,60": 9.356554160869965,
        "7,0": 58.066970829095354,
        "7,1": 67.87831360878413,
        "7,2": 105.79887713431143,
        "7,3": 36.09075395696048,
        "7,4": 34.17712508937511,
        "7,5": 19.683711547818586,
        "7,6": 110.94110023316227,
        "7,7": 0.0,
        "7,8": 68.49507305281772,
        "7,9": 59.40259681638125,
        "7,10": 58.641270460591095,
        "7,11": 43.863398125000565,
        "7,12": 119.55900305455627,
        "7,13": 21.314714075654575,
        "7,14": 22.49406365450962,
        "7,15": 69.88469185275369,
        "7,16": 86.41646431269614,
        "7,17": 70.33060701834701,
        "7,18": 8.117814989615416,
        "7,19": 76.64469331608935,
        "7,20": 29.619187485894866,
        "7,21": 67.91695004203554,
        "7,22": 6.841692630533063,
        "7,23": 78.78753349088547,
        "7,24": 54.983884138257075,
        "7,25": 85.12015569619759,
        "7,26": 75.52392738500912,
        "7,27": 63.53964428328198,
        "7,28": 81.4721859681907,
        "7,29": 69.30159234909232,
        "7,30": 45.676000347150925,
        "7,31": 60.03753837297408,
        "7,32": 60.14637629837652,
        "7,33": 27.56974873714633,
        "7,34": 93.21586358955453,
        "7,35": 41.9155224055283,
        "7,36": 27.75983571652506,
        "7,37": 46.99723340471298,
        "7,38": 52.82676311025312,
        "7,39": 56.5368603504693,
        "7,40": 85.71820897993132,
        "7,41": 59.27781652029238,
        "7,42": 37.963050416201796,
        "7,43": 107.34985730606674,
        "7,44": 70.55899270816478,
        "7,45": 65.84922646546542,
        "7,46": 18.356559159451646,
        "7,47": 60.7680134765886,
        "7,48": 42.02602468967824,
        "7,49": 102.62272935383236,
        "7,50": 79.36279583690668,
        "7,51": 45.26303225825695,
        "7,52": 48.05159230414523,
        "7,53": 87.3933007660121,
        "7,54": 96.34975326704425,
        "7,55": 104.18448986278517,
        "7,56": 80.45261367180882,
        "7,57": 97.21286564348361,
        "7,58": 57.12338688088529,
        "7,59": 75.03976931976575,
        "7,60": 101.72390631185219,
        "8,0": 15.590692425918908,
        "8,1": 21.28196120885643,
        "8,2": 37.31969239263599,
        "8,3": 52.802245749887675,
        "8,4": 38.15271652933488,
        "8,5": 69.60481639264931,
        "8,6": 50.555910814798395,
        "8,7": 68.49507305281772,
        "8,8": 0.0,
        "8,9": 50.26232857730782,
        "8,10": 58.3375533902167,
        "8,11": 26.25294131583154,
        "8,12": 54.819522038503116,
        "8,13": 58.547697483930015,
        "8,14": 54.908543263192286,
        "8,15": 59.21797510632748,
        "8,16": 42.24557541166218,
        "8,17": 49.78758458543444,
        "8,18": 67.175489334594,
        "8,19": 39.28627485264027,
        "8,20": 45.40784580347164,
        "8,21": 2.442554695768034,
        "8,22": 64.02732526282146,
        "8,23": 25.949479223801593,
        "8,24": 44.61849237677924,
        "8,25": 39.67903231957078,
        "8,26": 74.32708928925153,
        "8,27": 25.364819723433925,
        "8,28": 58.40794964212947,
        "8,29": 63.210112822063415,
        "8,30": 25.146638663281845,
        "8,31": 67.05950163281449,
        "8,32": 16.945592989682755,
        "8,33": 41.24328336522841,
        "8,34": 46.739043135224534,
        "8,35": 26.59404758593589,
        "8,36": 54.12805879525979,
        "8,37": 46.053450421952554,
        "8,38": 17.979566055355647,
        "8,39": 39.481731386112536,
        "8,40": 55.41728902381476,
        "8,41": 24.556932298689105,
        "8,42": 54.04371120705916,
        "8,43": 46.174371173199695,
        "8,44": 36.675222502832874,
        "8,45": 30.537055402480146,
        "8,46": 54.22829257612896,
        "8,47": 43.88964427262825,
        "8,48": 40.99340258654271,
        "8,49": 49.60153593517941,
        "8,50": 57.39578720636326,
        "8,51": 66.4318469204748,
        "8,52": 24.3281324766584,
        "8,53": 39.100139223121666,
        "8,54": 34.972603464337524,
        "8,55": 36.52056670139981,
        "8,56": 42.3994119051049,
        "8,57": 28.90482491403964,
        "8,58": 50.98928494391148,
        "8,59": 74.26875443706138,
        "8,60": 43.16136040523448,
        "9,0": 35.397445556470494,
        "9,1": 31.50595868731869,
        "9,2": 77.73463341170189,
        "9,3": 72.23316531365326,
        "9,4": 54.85273886197534,
        "9,5": 73.74547821535026,
        "9,6": 64.36031107313391,
        "9,7": 59.40259681638125,
        "9,8": 50.26232857730782,
        "9,9": 0.0,
        "9,10": 8.634962448507194,
        "9,11": 35.23620693054867,
        "9,12": 76.83042360248254,
        "9,13": 66.35695834448835,
        "9,14": 36.9111827880452,
        "9,15": 11.928797839457005,
        "9,16": 90.73874877925748,
        "9,17": 11.653968825723345,
        "9,18": 64.17195774831534,
        "9,19": 85.17614524168789,
        "9,20": 59.5167002135519,
        "9,21": 47.941318674484336,
        "9,22": 52.56331222666042,
        "9,23": 37.29828333891104,
        "9,24": 6.702678679626261,
        "9,25": 34.2502751393462,
        "9,26": 24.926248052467287,
        "9,27": 68.23932686598975,
        "9,28": 22.09012564897485,
        "9,29": 14.126601076056753,
        "9,30": 51.13499926158299,
        "9,31": 17.55483127743793,
        "9,32": 33.36439493045021,
        "9,33": 41.68925613032805,
        "9,34": 96.06466128348826,
        "9,35": 43.12698124686173,
        "9,36": 67.23378269967117,
        "9,37": 12.824906674962598,
        "9,38": 36.32497197561459,
        "9,39": 10.8899306733581,
        "9,40": 27.157743722203655,
        "9,41": 64.78854237652466,
        "9,42": 22.057850367163585,
        "9,43": 62.3196250158751,
        "9,44": 20.304561468581152,
        "9,45": 22.054759758273775,
        "9,46": 41.596365359111786,
        "9,47": 6.91862454106526,
        "9,48": 66.23055639106114,
        "9,49": 51.60379647420833,
        "9,50": 19.975718616349738,
        "9,51": 24.581834606770535,
        "9,52": 53.665728590856645,
        "9,53": 88.38994438739243,
        "9,54": 54.43457021248849,
        "9,55": 70.34633753287335,
        "9,56": 88.9730647506763,
        "9,57": 67.61975789894134,
        "9,58": 2.597039974600829,
        "9,59": 24.7545415175664,
        "9,60": 55.411799806401184,
        "10,0": 43.164562346217515,
        "10,1": 40.07647861258938,
        "10,2": 86.36865333227048,
        "10,3": 75.70653523553223,
        "10,4": 59.06065425818319,
        "10,5": 74.61750289130725,
        "10,6": 72.09170565204217,
        "10,7": 58.641270460591095,
        "10,8": 58.3375533902167,
        "10,9": 8.634962448507194,
        "10,10": 0.0,
        "10,11": 41.11323385450106,
        "10,12": 84.84779772796261,
        "10,13": 68.27803243947119,
        "10,14": 36.59871581976328,
        "10,15": 11.829692111115564,
        "10,16": 98.11620416652956,
        "10,17": 17.756956871252445,
        "10,18": 64.28216862608095,
        "10,19": 92.1130526629903,
        "10,20": 62.94405342792327,
        "10,21": 56.06325045492656,
        "10,22": 51.85608928514401,
        "10,23": 45.870478848534425,
        "10,24": 13.756508445495466,
        "10,25": 41.983603559497645,
        "10,26": 19.24499447880993,
        "10,27": 75.05987786310565,
        "10,28": 25.349892886589767,
        "10,29": 10.684954290771048,
        "10,30": 56.952798955106616,
        "10,31": 8.940533046483193,
        "10,32": 41.39221381730702,
        "10,33": 44.747968047541626,
        "10,34": 103.62543462725156,
        "10,35": 48.66700218324015,
        "10,36": 69.98219247785248,
        "10,37": 15.929929569414393,
        "10,38": 43.47920346967179,
        "10,39": 18.885174493378816,
        "10,40": 31.955638441531345,
        "10,41": 71.40264122256644,
        "10,42": 20.75020415543704,
        "10,43": 70.267858374547,
        "10,44": 28.696371113838534,
        "10,45": 30.685207543917127,
        "10,46": 41.877358363874045,
        "10,47": 15.552885143477868,
        "10,48": 70.8676781190241,
        "10,49": 58.82159274972847,
        "10,50": 23.331117645338136,
        "10,51": 18.350303829217992,
        "10,52": 59.662959596243184,
        "10,53": 95.97376679673577,
        "10,54": 62.76747665473268,
        "10,55": 78.9189122659851,
        "10,56": 95.98611682500943,
        "10,57": 76.25448914597186,
        "10,58": 7.358847596858083,
        "10,59": 18.92611268590455,
        "10,60": 63.31558650766898,
        "11,0": 14.233033785997801,
        "11,1": 25.323105950045736,
        "11,2": 63.117225841426986,
        "11,3": 39.99541624247269,
        "11,4": 21.87595275179171,
        "11,5": 49.47332373053185,
        "11,6": 67.89247060594744,
        "11,7": 43.863398125000565,
        "11,8": 26.25294131583154,
        "11,9": 35.23620693054867,
        "11,10": 41.11323385450106,
        "11,11": 0.0,
        "11,12": 75.79995697745491,
        "11,13": 39.279399090067585,
        "11,14": 28.660418712003406,
        "11,15": 46.817782084177985,
        "11,16": 58.669861491098274,
        "11,17": 40.827054454605644,
        "11,18": 44.15785076336797,
        "11,19": 51.64928239174949,
        "11,20": 28.32135443578215,
        "11,21": 25.093874495462163,
        "11,22": 38.66225771176792,
        "11,23": 36.163039098633256,
        "11,24": 28.53451398961626,
        "11,25": 45.376804354952206,
        "11,26": 59.88440545833816,
        "11,27": 34.574526995306776,
        "11,28": 52.24006817722412,
        "11,29": 49.34872162944297,
        "11,30": 15.9139186914938,
        "11,31": 48.55511584749623,
        "11,32": 16.615017895937566,
        "11,33": 16.37964088753347,
        "11,34": 64.73865850333364,
        "11,35": 8.04456313985794,
        "11,36": 37.35256259291312,
        "11,37": 25.64998731570853,
        "11,38": 9.010694501139445,
        "11,39": 25.512073912534596,
        "11,40": 52.96947366717248,
        "11,41": 30.62750641193571,
        "11,42": 30.06570364481739,
        "11,43": 64.07242793066457,
        "11,44": 33.542419598357256,
        "11,45": 26.950655568241956,
        "11,46": 28.179314447959477,
        "11,47": 31.343009446733564,
        "11,48": 31.821711836452685,
        "11,49": 61.40987185703219,
        "11,50": 50.49488811204643,
        "11,51": 43.533295535372936,
        "11,52": 18.553300552213546,
        "11,53": 57.327065961618565,
        "11,54": 52.849374766283,
        "11,55": 60.52894592400966,
        "11,56": 55.63293187899488,
        "11,57": 53.976030570177535,
        "11,58": 34.66390124960121,
        "11,59": 59.650191875195446,
        "11,60": 58.90621342897143,
        "12,0": 61.56831878254609,
        "12,1": 52.34708002485165,
        "12,2": 29.605030588964535,
        "12,3": 107.5891838768878,
        "12,4": 92.57045064947134,
        "12,5": 123.73320504298069,
        "12,6": 13.974773676394433,
        "12,7": 119.55900305455627,
        "12,8": 54.819522038503116,
        "12,9": 76.83042360248254,
        "12,10": 84.84779772796261,
        "12,11": 75.79995697745491,
        "12,12": 0.0,
        "12,13": 112.80594516769993,
        "12,14": 101.2495638120365,
        "12,15": 77.53589575770621,
        "12,16": 79.19860852447208,
        "12,17": 67.69652280975785,
        "12,18": 119.8240793712053,
        "12,19": 82.79475469051889,
        "12,20": 99.89461727846162,
        "12,21": 54.28675426267697,
        "12,22": 113.97761126118678,
        "12,23": 42.02219404522985,
        "12,24": 75.47934637460284,
        "12,25": 42.975618902662575,
        "12,26": 90.62498783974887,
        "12,27": 76.11344902177869,
        "12,28": 66.63213936980988,
        "12,29": 82.30011843956392,
        "12,30": 79.77391925467572,
        "12,31": 92.95049095331471,
        "12,32": 59.41802631180495,
        "12,33": 92.17939560413639,
        "12,34": 79.13576964296072,
        "12,35": 79.4300711771308,
        "12,36": 108.79637795764667,
        "12,37": 81.93937539653903,
        "12,38": 66.99126562101206,
        "12,39": 70.74453074258051,
        "12,40": 58.908017971816015,
        "12,41": 77.14561056803936,
        "12,42": 93.28119237324182,
        "12,43": 14.629879936783137,
        "12,44": 56.714820161159096,
        "12,45": 57.634425492407985,
        "12,46": 102.66270401513474,
        "12,47": 70.56943294194038,
        "12,48": 95.66826302698287,
        "12,49": 28.907087457312205,
        "12,50": 67.45422306412306,
        "12,51": 100.90834046372989,
        "12,52": 79.14003103873226,
        "12,53": 74.24467991892072,
        "12,54": 23.60772855340768,
        "12,55": 21.06157292075339,
        "12,56": 83.87553074981041,
        "12,57": 29.61928701952207,
        "12,58": 79.09519140769896,
        "12,59": 90.91230775453344,
        "12,60": 21.609850092602997,
        "13,0": 52.540102650640186,
        "13,1": 64.52185334476083,
        "13,2": 94.59144911728583,
        "13,3": 14.927479583808397,
        "13,4": 20.40060010628469,
        "13,5": 11.089194930769056,
        "13,6": 106.3359218261989,
        "13,7": 21.314714075654575,
        "13,8": 58.547697483930015,
        "13,9": 66.35695834448835,
        "13,10": 68.27803243947119,
        "13,11": 39.279399090067585,
        "13,12": 112.80594516769993,
        "13,13": 0.0,
        "13,14": 33.28645860451673,
        "13,15": 78.03877421125495,
        "13,16": 67.73388998896067,
        "13,17": 75.57906633032002,
        "13,18": 14.22770225688996,
        "13,19": 57.667773917840556,
        "13,20": 13.266468054343179,
        "13,21": 58.702164429868276,
        "13,22": 23.59431499723592,
        "13,23": 75.22256588560188,
        "13,24": 60.509434114196885,
        "13,25": 84.54391583301822,
        "13,26": 86.96545121697824,
        "13,27": 46.90526958602161,
        "13,28": 87.30117570872699,
        "13,29": 78.72402402662749,
        "13,30": 33.455694067553814,
        "13,31": 72.10152092187845,
        "13,32": 55.463709419353,
        "13,33": 25.283292536169103,
        "13,34": 74.48738633864279,
        "13,35": 33.70950233792114,
        "13,36": 6.885424224471677,
        "13,37": 53.60340604651218,
        "13,38": 46.908455631812814,
        "13,39": 60.125262557237015,
        "13,40": 89.81751458719347,
        "13,41": 43.10499021854159,
        "13,42": 48.33748062195448,
        "13,43": 102.29709688563266,
        "13,44": 71.72426859989497,
        "13,45": 65.6479814831338,
        "13,46": 27.59831012414869,
        "13,47": 65.47002528567829,
        "13,48": 23.181451439039503,
        "13,49": 100.65853144168692,
        "13,50": 85.29920816772936,
        "13,51": 59.35558501966304,
        "13,52": 34.80837700150374,
        "13,53": 69.38763747462453,
        "13,54": 90.88401394013536,
        "13,55": 95.05497490879475,
        "13,56": 61.24109424975816,
        "13,57": 87.19533236795766,
        "13,58": 64.59689576803672,
        "13,59": 86.55369481716494,
        "13,60": 97.62515668698803,
        "14,0": 41.48769142598052,
        "14,1": 48.9025579645766,
        "14,2": 91.49499276264359,
        "14,3": 43.99177897114779,
        "14,4": 31.906412726699383,
        "14,5": 38.23218037612254,
        "14,6": 91.42245987898922,
        "14,7": 22.49406365450962,
        "14,8": 54.908543263192286,
        "14,9": 36.9111827880452,
        "14,10": 36.59871581976328,
        "14,11": 28.660418712003406,
        "14,12": 101.2495638120365,
        "14,13": 33.28645860451673,
        "14,14": 0.0,
        "14,15": 47.557716121042645,
        "14,16": 82.95970667069689,
        "14,17": 47.87877422889638,
        "14,18": 27.683577940566664,
        "14,19": 74.34034640032893,
        "14,20": 32.25842586781517,
        "14,21": 53.67291600319261,
        "14,22": 15.659119655020023,
        "14,23": 59.449630550996346,
