{
    "num_robots": 4,
    "num_tasks": 30,
    "num_nodes": 31,
    "robot_capacity": [
        85,
        98,
        102,
        105
    ],
    "robot_speed": [
        1.2,
        0.9,
        1.15,
        0.94
    ],
    "task_demand": {
        "0": 0,
        "1": 11,
        "2": 5,
        "3": 15,
        "4": 9,
        "5": 7,
        "6": 14,
        "7": 14,
        "8": 11,
        "9": 9,
        "10": 12,
        "11": 14,
        "12": 8,
        "13": 10,
        "14": 9,
        "15": 15,
        "16": 6,
        "17": 12,
        "18": 5,
        "19": 11,
        "20": 6,
        "21": 6,
        "22": 14,
        "23": 7,
        "24": 12,
        "25": 8,
        "26": 9,
        "27": 13,
        "28": 5,
        "29": 14,
        "30": 15
    },
    "task_service_time": {
        "0": 0,
        "1": 56,
        "2": 37,
        "3": 75,
        "4": 16,
        "5": 100,
        "6": 24,
        "7": 49,
        "8": 32,
        "9": 33,
        "10": 74,
        "11": 16,
        "12": 59,
        "13": 69,
        "14": 55,
        "15": 39,
        "16": 32,
        "17": 88,
        "18": 61,
        "19": 15,
        "20": 85,
        "21": 32,
        "22": 68,
        "23": 63,
        "24": 25,
        "25": 96,
        "26": 10,
        "27": 44,
        "28": 99,
        "29": 94,
        "30": 50
    },
    "task_precedence": [],
    "coordinates": {
        "0": [
            50.0,
            50.0
        ],
        "1": [
            80.65111529614283,
            16.12871164241918
        ],
        "2": [
            55.02783929481123,
            72.79725248755504
        ],
        "3": [
            11.497577333864118,
            66.0387860059349
        ],
        "4": [
            44.401201174371415,
            55.49561640230999
        ],
        "5": [
            15.286311233695516,
            92.74109524567812
        ],
        "6": [
            85.43628646953837,
            53.4818272539045
        ],
        "7": [
            41.1682879117148,
            12.200077013084965
        ],
        "8": [
            17.554571144226514,
            71.0802990589767
        ],
        "9": [
            97.46507438968422,
            61.61387916613251
        ],
        "10": [
            32.46390580883355,
            79.97351928054147
        ],
        "11": [
            79.65440533406979,
            56.20480376858791
        ],
        "12": [
            43.540201981413674,
            17.4754530243307
        ],
        "13": [
            77.42212252969654,
            65.27001241326145
        ],
        "14": [
            49.1066834951847,
            28.661226018197993
        ],
        "15": [
            2.249610001378677,
            52.85576740055807
        ],
        "16": [
            58.23899352917349,
            62.65592571540234
        ],
        "17": [
            56.338829849070336,
            98.52101366666784
        ],
        "18": [
            70.37271295008358,
            51.00783349146515
        ],
        "19": [
            76.03583538990617,
            63.416189827798966
        ],
        "20": [
            91.29391385825214,
            92.89777421330335
        ],
        "21": [
            43.7796990957948,
            60.57930357728559
        ],
        "22": [
            24.665810613030338,
            13.115401510828907
        ],
        "23": [
            90.95479849587367,
            73.24042302482499
        ],
        "24": [
            91.4446803833262,
            99.5497772971326
        ],
        "25": [
            32.552734318948474,
            64.7691379072418
        ],
        "26": [
            80.77971586601026,
            44.24412828500676
        ],
        "27": [
            81.65838493444123,
            99.81554130763858
        ],
        "28": [
            87.08709753137931,
            2.9097890196750464
        ],
        "29": [
            62.58128817176374,
            48.429494740962355
        ],
        "30": [
            11.84658547279529,
            32.49645909751062
        ]
    },
    "distance_matrix_str_keys": {
        "0,0": 0.0,
        "0,1": 45.68101404193904,
        "0,2": 23.345104175303703,
        "0,3": 41.70946184867346,
        "0,4": 7.845275516589499,
        "0,5": 55.06215951598687,
        "0,6": 35.606930782885804,
        "0,7": 38.81795095348376,
        "0,8": 38.69218089034208,
        "0,9": 48.86527883992665,
        "0,10": 34.726451842110976,
        "0,11": 30.296589668211663,
        "0,12": 33.15984237618524,
        "0,13": 31.387036864521782,
        "0,14": 21.357464489592527,
        "0,15": 47.83571001319543,
        "0,16": 15.101439338273186,
        "0,17": 48.933317188766516,
        "0,18": 20.397626364188117,
        "0,19": 29.289227950661775,
        "0,20": 59.54331494121151,
        "0,21": 12.272481718023613,
        "0,22": 44.74700836483048,
        "0,23": 47.08941263395024,
        "0,24": 64.5975383607727,
        "0,25": 22.859013851614968,
        "0,26": 31.313271435475777,
        "0,27": 59.02407553219535,
        "0,28": 59.94114424561445,
        "0,29": 12.678931296825732,
        "0,30": 41.9768624864917,
        "1,0": 45.68101404193904,
        "1,1": 0.0,
        "1,2": 62.192248669406126,
        "1,3": 85.28321837074391,
        "1,4": 53.514572447232695,
        "1,5": 100.70757137124811,
        "1,6": 37.65837369090285,
        "1,7": 39.677800195063035,
        "1,8": 83.67108726145662,
        "1,9": 48.493398365752306,
        "1,10": 79.98854055752405,
        "1,11": 40.088484516799326,
        "1,12": 37.13534164920386,
        "1,13": 49.247272368489064,
        "1,14": 33.94282095266099,
        "1,15": 86.57755284798928,
        "1,16": 51.64382684784952,
        "1,17": 85.9044740191973,
        "1,18": 36.362050213760945,
        "1,19": 47.51217109063404,
        "1,20": 77.5032781838676,
        "1,21": 57.75254501733494,
        "1,22": 56.06633908514166,
        "1,23": 58.033726956896686,
        "1,24": 84.11643859709747,
        "1,25": 68.40574040130682,
        "1,26": 28.115710752048592,
        "1,27": 83.69289128438379,
        "1,28": 14.702441383606201,
        "1,29": 37.01160954462909,
        "1,30": 70.72458187197414,
        "2,0": 23.345104175303703,
        "2,1": 62.192248669406126,
        "2,2": 0.0,
        "2,3": 44.05179423782717,
        "2,4": 20.3044834696438,
        "2,5": 44.46510897988654,
        "2,6": 36.02442659550483,
        "2,7": 62.161924359083415,
        "2,8": 37.51258128896935,
        "2,9": 43.88606568540663,
        "2,10": 23.677624446800916,
        "2,11": 29.694732013903025,
        "2,12": 56.50192303712655,
        "2,13": 23.62547914308441,
        "2,14": 44.53143741793248,
        "2,15": 56.41989289980143,
        "2,16": 10.637575861842011,
        "2,17": 25.757146298326358,
        "2,18": 26.650402017294873,
        "2,19": 23.00739525799898,
        "2,20": 41.46394985874278,
        "2,21": 16.607195233111575,
        "2,22": 66.96100448530795,
        "2,23": 35.929692422283686,
        "2,24": 45.18720945746943,
        "2,25": 23.865895486880206,
        "2,26": 38.45048827602086,
        "2,27": 37.93644542955847,
        "2,28": 76.88987962439022,
        "2,29": 25.51160926976899,
        "2,30": 59.0658499431644,
        "3,0": 41.70946184867346,
        "3,1": 85.28321837074391,
        "3,2": 44.05179423782717,
        "3,3": 0.0,
        "3,4": 34.55151063453522,
        "3,5": 26.96975756840629,
        "3,6": 74.99739943324724,
        "3,7": 61.47322711726919,
        "3,8": 7.8806108825876775,
        "3,9": 86.08130081837383,
        "3,10": 25.174664270943946,
        "3,11": 68.86261982885982,
        "3,12": 58.181845145938055,
        "3,13": 65.92902753805902,
        "3,14": 53.023832913986446,
        "3,15": 16.103318891844296,
        "3,16": 46.863671769168825,
        "3,17": 55.369965152022374,
        "3,18": 60.76356743411695,
        "3,19": 64.59152238198021,
        "3,20": 84.1953714300076,
        "3,21": 32.74051517372396,
        "3,22": 54.53702406724597,
        "3,23": 79.78291527977872,
        "3,24": 86.68636469087879,
        "3,25": 21.093402806590063,
        "3,26": 72.62934547935774,
        "3,27": 77.86788890085802,
        "3,28": 98.48373380503891,
        "3,29": 54.03362519602753,
        "3,30": 33.54414257530878,
        "4,0": 7.845275516589499,
        "4,1": 53.514572447232695,
        "4,2": 20.3044834696438,
        "4,3": 34.55151063453522,
        "4,4": 0.0,
        "4,5": 47.27475553114425,
        "4,6": 41.08446874325946,
        "4,7": 43.416073741965626,
        "4,8": 31.042291756319898,
        "4,9": 53.41542642212986,
        "4,10": 27.233559259858495,
        "4,11": 35.26033678576912,
        "4,12": 38.02991116080224,
        "4,13": 34.437190137022945,
        "4,14": 27.24382629438106,
        "4,15": 42.23417385444126,
        "4,16": 15.580581719363877,
        "4,17": 44.65077589617907,
        "4,18": 26.35639617570708,
        "4,19": 32.6111264040242,
        "4,20": 59.98206325037044,
        "4,21": 5.121536891079324,
        "4,22": 46.75006154922992,
        "4,23": 49.8208348549383,
        "4,24": 64.45043078389995,
        "4,25": 15.046074834537036,
        "4,26": 38.07876463363274,
        "4,27": 57.89951196120374,
        "4,28": 67.73001542386875,
        "4,29": 19.50501572841508,
        "4,30": 39.85930556605588,
        "5,0": 55.06215951598687,
        "5,1": 100.70757137124811,
        "5,2": 44.46510897988654,
        "5,3": 26.96975756840629,
        "5,4": 47.27475553114425,
        "5,5": 0.0,
        "5,6": 80.38848890754987,
        "5,7": 84.59747238957225,
        "5,8": 21.77923539666948,
        "5,9": 87.87634889269587,
        "5,10": 21.402821108754495,
        "5,11": 74.01454001082175,
        "5,12": 80.39402491090908,
        "5,13": 67.93761430457907,
        "5,14": 72.45720957997666,
        "5,15": 41.96182737123588,
        "5,16": 52.440922398845174,
        "5,17": 41.45740876633503,
        "5,18": 69.10988923956496,
        "5,19": 67.45705865936922,
        "5,20": 76.00776411019734,
        "5,21": 42.96805784744186,
        "5,22": 80.1762191136683,
        "5,23": 78.14087394962749,
        "5,24": 76.462117043731,
        "5,25": 32.87186887754115,
        "5,26": 81.49442836609481,
        "5,27": 66.748033337476,
        "5,28": 115.00007170100199,
        "5,29": 64.80997440874307,
        "5,30": 60.34275348320866,
        "6,0": 35.606930782885804,
        "6,1": 37.65837369090285,
        "6,2": 36.02442659550483,
        "6,3": 74.99739943324724,
        "6,4": 41.08446874325946,
        "6,5": 80.38848890754987,
        "6,6": 0.0,
        "6,7": 60.52965057937204,
        "6,8": 70.1258403541847,
        "6,9": 14.519710986483785,
        "6,10": 59.227382681465805,
        "6,11": 6.390989795345073,
        "6,12": 55.242564029887305,
        "6,13": 14.254407494033023,
        "6,14": 43.99888973572086,
        "6,15": 83.18903228646339,
        "6,16": 28.70290622681401,
        "6,17": 53.62080094985215,
        "6,18": 15.265382154162026,
        "6,19": 13.676989443958544,
        "6,20": 39.84882273456963,
        "6,21": 42.256898156245306,
        "6,22": 72.9554594468273,
        "6,23": 20.51477715753804,
        "6,24": 46.4581189740674,
        "6,25": 54.0747026792483,
        "6,26": 10.344985839797776,
        "6,27": 46.48747786256085,
        "6,28": 50.59897457781395,
        "6,29": 23.40677275945178,
        "6,30": 76.52339360907513,
        "7,0": 38.81795095348376,
        "7,1": 39.677800195063035,
        "7,2": 62.161924359083415,
        "7,3": 61.47322711726919,
        "7,4": 43.416073741965626,
        "7,5": 84.59747238957225,
        "7,6": 60.52965057937204,
        "7,7": 0.0,
        "7,8": 63.43885377076633,
        "7,9": 74.9069556914884,
        "7,10": 68.33012325887624,
        "7,11": 58.46021904743236,
        "7,12": 5.784078873430277,
        "7,13": 64.27097764844468,
        "7,14": 18.275326290060818,
        "7,15": 56.280979479488074,
        "7,16": 53.26538893642923,
        "7,17": 87.64387855078603,
        "7,18": 48.56892426960845,
        "7,19": 61.9583414803321,
        "7,20": 94.99840372316955,
        "7,21": 48.44965460478117,
        "7,22": 16.52784244630152,
        "7,23": 78.76941333651985,
        "7,24": 100.78534506401441,
        "7,25": 53.270385084053956,
        "7,26": 50.94984245800857,
        "7,27": 96.5190009296615,
        "7,28": 46.849189191356245,
        "7,29": 42.08428791173604,
        "7,30": 35.66097810820019,
        "8,0": 38.69218089034208,
        "8,1": 83.67108726145662,
        "8,2": 37.51258128896935,
        "8,3": 7.8806108825876775,
        "8,4": 31.042291756319898,
        "8,5": 21.77923539666948,
        "8,6": 70.1258403541847,
        "8,7": 63.43885377076633,
        "8,8": 0.0,
        "8,9": 80.46925894110088,
        "8,10": 17.360231163509933,
        "8,11": 63.856634475521865,
        "8,12": 59.571239104157264,
        "8,13": 60.14884154991907,
        "8,14": 52.86694195285374,
        "8,15": 23.7986426031567,
        "8,16": 41.54747033248476,
        "8,17": 47.51012041097147,
        "8,18": 56.50362800548796,
        "8,19": 58.98132618109255,
        "8,20": 76.89923852682928,
        "8,21": 28.24939366044208,
        "8,22": 58.39947837566655,
        "8,23": 73.4320060383844,
        "8,24": 79.18496975132918,
        "8,25": 16.271928395207304,
        "8,26": 68.6847798780791,
        "8,27": 70.24964832324646,
        "8,28": 97.37551368182162,
        "8,29": 50.403017593502156,
        "8,30": 39.003766569362135,
        "9,0": 48.86527883992665,
        "9,1": 48.493398365752306,
        "9,2": 43.88606568540663,
        "9,3": 86.08130081837383,
        "9,4": 53.41542642212986,
        "9,5": 87.87634889269587,
        "9,6": 14.519710986483785,
        "9,7": 74.9069556914884,
        "9,8": 80.46925894110088,
        "9,9": 0.0,
        "9,10": 67.54426920181152,
        "9,11": 18.61392029812483,
        "9,12": 69.68566944877226,
        "9,13": 20.37368964087127,
        "9,14": 58.5184698996248,
        "9,15": 95.61741044589617,
        "9,16": 39.23991947858929,
        "9,17": 55.258524836037545,
        "9,18": 29.094402438047936,
        "9,19": 21.504897298772786,
        "9,20": 31.886757621732336,
        "9,21": 53.69534306711142,
        "9,22": 87.47476859817813,
        "9,23": 13.325172205702652,
        "9,24": 38.410643199475416,
        "9,25": 64.98898022882182,
        "9,26": 24.08546106546246,
        "9,27": 41.34269490379489,
        "9,28": 59.6143657484915,
        "9,29": 37.29217791398416,
        "9,30": 90.4342291163253,
        "10,0": 34.726451842110976,
        "10,1": 79.98854055752405,
        "10,2": 23.677624446800916,
        "10,3": 25.174664270943946,
        "10,4": 27.233559259858495,
        "10,5": 21.402821108754495,
        "10,6": 59.227382681465805,
        "10,7": 68.33012325887624,
        "10,8": 17.360231163509933,
        "10,9": 67.54426920181152,
        "10,10": 0.0,
        "10,11": 52.83838644895871,
        "10,12": 63.47198297413137,
        "10,13": 47.30152603157994,
        "10,14": 53.94379935597832,
        "10,15": 40.59896720564118,
        "10,16": 31.052442639485978,
        "10,17": 30.23278925158024,
        "10,18": 47.708370461628505,
        "10,19": 46.611781837048504,
        "10,20": 60.232932957491585,
        "10,21": 22.454014795970316,
        "10,22": 67.31135268579561,
        "10,23": 58.87715272086098,
        "10,24": 62.14468317836423,
        "10,25": 15.20464085235002,
        "10,26": 60.0916540161192,
        "10,27": 53.045288335192005,
        "10,28": 94.45904718806754,
        "10,29": 43.61286741947275,
        "10,30": 51.760459247015476,
        "11,0": 30.296589668211663,
        "11,1": 40.088484516799326,
        "11,2": 29.694732013903025,
        "11,3": 68.86261982885982,
        "11,4": 35.26033678576912,
        "11,5": 74.01454001082175,
        "11,6": 6.390989795345073,
        "11,7": 58.46021904743236,
        "11,8": 63.856634475521865,
        "11,9": 18.61392029812483,
        "11,10": 52.83838644895871,
        "11,11": 0.0,
        "11,12": 52.95468150096547,
        "11,13": 9.336010619647158,
        "11,14": 41.131642136409674,
        "11,15": 77.47721203741257,
        "11,16": 22.36597498760031,
        "11,17": 48.31436308526757,
        "11,18": 10.637589650491556,
        "11,19": 8.068341671978693,
        "11,20": 38.4948339227652,
        "11,21": 36.14043160033957,
        "11,22": 69.86016129616145,
        "11,23": 20.442876731390317,
        "11,24": 44.919898885987685,
        "11,25": 47.87395149405606,
        "11,26": 12.013495819986591,
        "11,27": 43.6567562118244,
        "11,28": 53.810812207090734,
        "11,29": 18.760244137881177,
        "11,30": 71.83304282418818,
        "12,0": 33.15984237618524,
        "12,1": 37.13534164920386,
        "12,2": 56.50192303712655,
        "12,3": 58.181845145938055,
        "12,4": 38.02991116080224,
        "12,5": 80.39402491090908,
        "12,6": 55.242564029887305,
        "12,7": 5.784078873430277,
        "12,8": 59.571239104157264,
        "12,9": 69.68566944877226,
        "12,10": 63.47198297413137,
        "12,11": 52.95468150096547,
        "12,12": 0.0,
        "12,13": 58.58587242008248,
        "12,14": 12.494288051485183,
        "12,15": 54.37535867856332,
        "12,16": 47.51136269939188,
        "12,17": 82.04991026884493,
        "12,18": 42.94652703859126,
        "12,19": 56.27181789017196,
        "12,20": 89.268939343697,
        "12,21": 43.10451590447649,
        "12,22": 19.371440285309006,
        "12,23": 73.197512538235,
        "12,24": 95.03175130342669,
        "12,25": 48.553239597763316,
        "12,26": 45.86222159438629,
        "12,27": 90.73525230109529,
        "12,28": 45.918304410508654,
        "12,29": 36.34165188737728,
        "12,30": 35.073008865021485,
        "13,0": 31.387036864521782,
        "13,1": 49.247272368489064,
        "13,2": 23.62547914308441,
        "13,3": 65.92902753805902,
        "13,4": 34.437190137022945,
        "13,5": 67.93761430457907,
        "13,6": 14.254407494033023,
        "13,7": 64.27097764844468,
        "13,8": 60.14884154991907,
        "13,9": 20.37368964087127,
        "13,10": 47.30152603157994,
        "13,11": 9.336010619647158,
        "13,12": 58.58587242008248,
        "13,13": 0.0,
        "13,14": 46.28139290294254,
        "13,15": 76.1906826262604,
        "13,16": 19.36042064405193,
        "13,17": 39.371745130372105,
        "13,18": 15.909240177282815,
        "13,19": 2.3148326531995758,
        "13,20": 30.914718448383848,
        "13,21": 33.9678583942209,
        "13,22": 74.18444503689916,
        "13,23": 15.705437406276623,
        "13,24": 37.036933043272846,
        "13,25": 44.872183740905655,
        "13,26": 21.292281145684015,
        "13,27": 34.8043026902436,
        "13,28": 63.10474786797864,
        "13,29": 22.44667903968462,
        "13,30": 73.30932312633497,
        "14,0": 21.357464489592527,
        "14,1": 33.94282095266099,
        "14,2": 44.53143741793248,
        "14,3": 53.023832913986446,
        "14,4": 27.24382629438106,
        "14,5": 72.45720957997666,
        "14,6": 43.99888973572086,
        "14,7": 18.275326290060818,
        "14,8": 52.86694195285374,
        "14,9": 58.5184698996248,
        "14,10": 53.94379935597832,
        "14,11": 41.131642136409674,
        "14,12": 12.494288051485183,
        "14,13": 46.28139290294254,
        "14,14": 0.0,
        "14,15": 52.73481932373214,
        "14,16": 35.19998144971099,
        "14,17": 70.23313940849663,
        "14,18": 30.84825561260971,
        "14,19": 43.96688220894966,
        "14,20": 76.85113226055041,
        "14,21": 32.3595494075439,
        "14,22": 28.965996044595904,
        "14,23": 61.14384298411861,
        "14,24": 82.56932047029586,
        "14,25": 39.72171363771159,
        "14,26": 35.29883599526021,
        "14,27": 78.24672421833144,
        "14,28": 45.88734420131182,
        "14,29": 23.92382535226149,
        "14,30": 37.4569608672503,
        "15,0": 47.83571001319543,
        "15,1": 86.57755284798928,
        "15,2": 56.41989289980143,
        "15,3": 16.103318891844296,
        "15,4": 42.23417385444126,
        "15,5": 41.96182737123588,
        "15,6": 83.18903228646339,
        "15,7": 56.280979479488074,
        "15,8": 23.7986426031567,
        "15,9": 95.61741044589617,
        "15,10": 40.59896720564118,
        "15,11": 77.47721203741257,
        "15,12": 54.37535867856332,
        "15,13": 76.1906826262604,
        "15,14": 52.73481932373214,
        "15,15": 0.0,
        "15,16": 56.84060318837682,
        "15,17": 70.78812344084545,
        "15,18": 68.14816222828188,
        "15,19": 74.53810823282512,
        "15,20": 97.63324412794626,
        "15,21": 42.24217455651827,
        "15,22": 45.626557298478716,
        "15,23": 91.01727666088371,
        "15,24": 100.67815622398919,
        "15,25": 32.560831381210335,
        "15,26": 79.00087249750308,
        "15,27": 92.25493971475947,
        "15,28": 98.44795603173613,
        "15,29": 60.49382844978488,
        "15,30": 22.50785135852618,
        "16,0": 15.101439338273186,
        "16,1": 51.64382684784952,
        "16,2": 10.637575861842011,
        "16,3": 46.863671769168825,
        "16,4": 15.580581719363877,
        "16,5": 52.440922398845174,
        "16,6": 28.70290622681401,
        "16,7": 53.26538893642923,
        "16,8": 41.54747033248476,
        "16,9": 39.23991947858929,
        "16,10": 31.052442639485978,
        "16,11": 22.36597498760031,
        "16,12": 47.51136269939188,
        "16,13": 19.36042064405193,
        "16,14": 35.19998144971099,
        "16,15": 56.84060318837682,
        "16,16": 0.0,
        "16,17": 35.915388843268744,
        "16,18": 16.819785951156355,
        "16,19": 17.813073337763058,
        "16,20": 44.801753967135426,
        "16,21": 14.607653987401696,
        "16,22": 59.844984331059294,
        "16,23": 34.385396288429476,
        "16,24": 49.63641731622851,
        "16,25": 25.773039750534057,
        "16,26": 29.104612144543236,
        "16,27": 43.92385371020962,
        "16,28": 66.34616759532246,
        "16,29": 14.87436926506712,
        "16,30": 55.33397646966311,
        "17,0": 48.933317188766516,
        "17,1": 85.9044740191973,
        "17,2": 25.757146298326358,
        "17,3": 55.369965152022374,
        "17,4": 44.65077589617907,
        "17,5": 41.45740876633503,
        "17,6": 53.62080094985215,
        "17,7": 87.64387855078603,
        "17,8": 47.51012041097147,
        "17,9": 55.258524836037545,
        "17,10": 30.23278925158024,
        "17,11": 48.31436308526757,
        "17,12": 82.04991026884493,
        "17,13": 39.371745130372105,
        "17,14": 70.23313940849663,
        "17,15": 70.78812344084545,
        "17,16": 35.915388843268744,
        "17,17": 0.0,
        "17,18": 49.542427930554425,
        "17,19": 40.253207127305195,
        "17,20": 35.40450140926761,
        "17,21": 39.966299926120286,
        "17,22": 91.08950946865475,
        "17,23": 42.864595513744256,
        "17,24": 35.12092106339012,
        "17,25": 41.29125158974737,
        "17,26": 59.52593717050597,
        "17,27": 25.35262652141526,
        "17,28": 100.43387000390182,
        "17,29": 50.47899121609776,
        "17,30": 79.61659133430543,
        "18,0": 20.397626364188117,
        "18,1": 36.362050213760945,
        "18,2": 26.650402017294873,
        "18,3": 60.76356743411695,
        "18,4": 26.35639617570708,
        "18,5": 69.10988923956496,
        "18,6": 15.265382154162026,
        "18,7": 48.56892426960845,
        "18,8": 56.50362800548796,
        "18,9": 29.094402438047936,
        "18,10": 47.708370461628505,
        "18,11": 10.637589650491556,
        "18,12": 42.94652703859126,
        "18,13": 15.909240177282815,
        "18,14": 30.84825561260971,
        "18,15": 68.14816222828188,
        "18,16": 16.819785951156355,
        "18,17": 49.542427930554425,
        "18,18": 0.0,
        "18,19": 13.63958440488044,
        "18,20": 46.82375231780417,
        "18,21": 28.263075300790444,
        "18,22": 59.37135102602995,
        "18,23": 30.29703422404713,
        "18,24": 52.9183155432995,
        "18,25": 40.24579832582763,
        "18,26": 12.411825724363794,
        "18,27": 50.09549614893012,
        "18,28": 50.91947106895117,
        "18,29": 8.20695624385562,
        "18,30": 61.38386253276145,
        "19,0": 29.289227950661775,
        "19,1": 47.51217109063404,
        "19,2": 23.00739525799898,
        "19,3": 64.59152238198021,
        "19,4": 32.6111264040242,
        "19,5": 67.45705865936922,
        "19,6": 13.676989443958544,
        "19,7": 61.9583414803321,
        "19,8": 58.98132618109255,
        "19,9": 21.504897298772786,
        "19,10": 46.611781837048504,
        "19,11": 8.068341671978693,
        "19,12": 56.27181789017196,
        "19,13": 2.3148326531995758,
        "19,14": 43.96688220894966,
        "19,15": 74.53810823282512,
        "19,16": 17.813073337763058,
        "19,17": 40.253207127305195,
        "19,18": 13.63958440488044,
        "19,19": 0.0,
        "19,20": 33.19597530463322,
        "19,21": 32.38064626011409,
        "19,22": 71.8960969099538,
        "19,23": 17.86311893446292,
        "19,24": 39.281912471711834,
        "19,25": 43.50414402390639,
        "19,26": 19.750249258482118,
        "19,27": 36.831044670680384,
        "19,28": 61.50735674431878,
        "19,29": 20.140155671469792,
        "19,30": 71.24808455919961,
        "20,0": 59.54331494121151,
        "20,1": 77.5032781838676,
        "20,2": 41.46394985874278,
        "20,3": 84.1953714300076,
        "20,4": 59.98206325037044,
        "20,5": 76.00776411019734,
        "20,6": 39.84882273456963,
        "20,7": 94.99840372316955,
        "20,8": 76.89923852682928,
        "20,9": 31.886757621732336,
        "20,10": 60.232932957491585,
        "20,11": 38.4948339227652,
        "20,12": 89.268939343697,
        "20,13": 30.914718448383848,
        "20,14": 76.85113226055041,
        "20,15": 97.63324412794626,
        "20,16": 44.801753967135426,
        "20,17": 35.40450140926761,
        "20,18": 46.82375231780417,
        "20,19": 33.19597530463322,
        "20,20": 0.0,
        "20,21": 57.46376378853078,
        "20,22": 103.94484660671002,
        "20,23": 19.660276065614454,
        "20,24": 6.6537114133659765,
        "20,25": 65.1286907139042,
        "20,26": 49.77675784476239,
        "20,27": 11.861657523848173,
        "20,28": 90.08626300838941,
        "20,29": 52.93243573691482,
        "20,30": 99.80078584512202,
        "21,0": 12.272481718023613,
        "21,1": 57.75254501733494,
        "21,2": 16.607195233111575,
        "21,3": 32.74051517372396,
        "21,4": 5.121536891079324,
        "21,5": 42.96805784744186,
        "21,6": 42.256898156245306,
        "21,7": 48.44965460478117,
        "21,8": 28.24939366044208,
        "21,9": 53.69534306711142,
        "21,10": 22.454014795970316,
        "21,11": 36.14043160033957,
        "21,12": 43.10451590447649,
        "21,13": 33.9678583942209,
        "21,14": 32.3595494075439,
        "21,15": 42.24217455651827,
        "21,16": 14.607653987401696,
        "21,17": 39.966299926120286,
        "21,18": 28.263075300790444,
        "21,19": 32.38064626011409,
        "21,20": 57.46376378853078,
        "21,21": 0.0,
        "21,22": 51.16798542356096,
        "21,23": 48.84458976255387,
        "21,24": 61.56824070159878,
        "21,25": 11.98329878677101,
        "21,26": 40.445508932707256,
        "21,27": 54.53693420147166,
        "21,28": 72.12006425793673,
        "21,29": 22.385656267815623,
        "21,30": 42.524932683481396,
        "22,0": 44.74700836483048,
        "22,1": 56.06633908514166,
        "22,2": 66.96100448530795,
        "22,3": 54.53702406724597,
        "22,4": 46.75006154922992,
        "22,5": 80.1762191136683,
        "22,6": 72.9554594468273,
        "22,7": 16.52784244630152,
        "22,8": 58.39947837566655,
        "22,9": 87.47476859817813,
        "22,10": 67.31135268579561,
        "22,11": 69.86016129616145,
        "22,12": 19.371440285309006,
        "22,13": 74.18444503689916,
        "22,14": 28.965996044595904,
        "22,15": 45.626557298478716,
        "22,16": 59.844984331059294,
        "22,17": 91.08950946865475,
        "22,18": 59.37135102602995,
        "22,19": 71.8960969099538,
        "22,20": 103.94484660671002,
        "22,21": 51.16798542356096,
        "22,22": 0.0,
        "22,23": 89.49440276682249,
        "22,24": 109.22599857802216,
        "22,25": 52.25238797656126,
        "22,26": 64.16983709907502,
        "22,27": 103.75484455469,
        "22,28": 63.25007183286388,
        "22,29": 51.8137879253522,
        "22,30": 23.236994779323492,
        "23,0": 47.08941263395024,
        "23,1": 58.033726956896686,
        "23,2": 35.929692422283686,
        "23,3": 79.78291527977872,
        "23,4": 49.8208348549383,
        "23,5": 78.14087394962749,
        "23,6": 20.51477715753804,
        "23,7": 78.76941333651985,
        "23,8": 73.4320060383844,
        "23,9": 13.325172205702652,
        "23,10": 58.87715272086098,
        "23,11": 20.442876731390317,
        "23,12": 73.197512538235,
        "23,13": 15.705437406276623,
        "23,14": 61.14384298411861,
        "23,15": 91.01727666088371,
        "23,16": 34.385396288429476,
        "23,17": 42.864595513744256,
        "23,18": 30.29703422404713,
        "23,19": 17.86311893446292,
        "23,20": 19.660276065614454,
        "23,21": 48.84458976255387,
        "23,22": 89.49440276682249,
        "23,23": 0.0,
        "23,24": 26.31391469336032,
        "23,25": 59.013250814279644,
        "23,26": 30.729748049129178,
        "23,27": 28.154222007555425,
        "23,28": 70.4369021913734,
        "23,29": 37.69135511518985,
        "23,30": 88.98415569198283,
        "24,0": 64.5975383607727,
        "24,1": 84.11643859709747,
        "24,2": 45.18720945746943,
        "24,3": 86.68636469087879,
        "24,4": 64.45043078389995,
        "24,5": 76.462117043731,
        "24,6": 46.4581189740674,
        "24,7": 100.78534506401441,
        "24,8": 79.18496975132918,
        "24,9": 38.410643199475416,
        "24,10": 62.14468317836423,
        "24,11": 44.919898885987685,
        "24,12": 95.03175130342669,
        "24,13": 37.036933043272846,
        "24,14": 82.56932047029586,
        "24,15": 100.67815622398919,
        "24,16": 49.63641731622851,
        "24,17": 35.12092106339012,
        "24,18": 52.9183155432995,
        "24,19": 39.281912471711834,
        "24,20": 6.6537114133659765,
        "24,21": 61.56824070159878,
        "24,22": 109.22599857802216,
        "24,23": 26.31391469336032,
        "24,24": 0.0,
        "24,25": 68.39557140355798,
        "24,26": 56.32456196729863,
        "24,27": 9.789903427621077,
        "24,28": 96.73818203056491,
        "24,29": 58.70586596398326,
        "24,30": 104.07691480326288,
        "25,0": 22.859013851614968,
        "25,1": 68.40574040130682,
        "25,2": 23.865895486880206,
        "25,3": 21.093402806590063,
        "25,4": 15.046074834537036,
        "25,5": 32.87186887754115,
        "25,6": 54.0747026792483,
        "25,7": 53.270385084053956,
        "25,8": 16.271928395207304,
        "25,9": 64.98898022882182,
        "25,10": 15.20464085235002,
        "25,11": 47.87395149405606,
        "25,12": 48.553239597763316,
        "25,13": 44.872183740905655,
        "25,14": 39.72171363771159,
        "25,15": 32.560831381210335,
        "25,16": 25.773039750534057,
        "25,17": 41.29125158974737,
        "25,18": 40.24579832582763,
        "25,19": 43.50414402390639,
        "25,20": 65.1286907139042,
        "25,21": 11.98329878677101,
        "25,22": 52.25238797656126,
        "25,23": 59.013250814279644,
        "25,24": 68.39557140355798,
        "25,25": 0.0,
        "25,26": 52.412954211086785,
        "25,27": 60.32922437487645,
        "25,28": 82.4656038344414,
        "25,29": 34.18622508105814,
        "25,30": 38.344105121845296,
        "26,0": 31.313271435475777,
        "26,1": 28.115710752048592,
        "26,2": 38.45048827602086,
        "26,3": 72.62934547935774,
        "26,4": 38.07876463363274,
        "26,5": 81.49442836609481,
        "26,6": 10.344985839797776,
        "26,7": 50.94984245800857,
        "26,8": 68.6847798780791,
        "26,9": 24.08546106546246,
        "26,10": 60.0916540161192,
        "26,11": 12.013495819986591,
        "26,12": 45.86222159438629,
        "26,13": 21.292281145684015,
        "26,14": 35.29883599526021,
        "26,15": 79.00087249750308,
        "26,16": 29.104612144543236,
        "26,17": 59.52593717050597,
        "26,18": 12.411825724363794,
        "26,19": 19.750249258482118,
        "26,20": 49.77675784476239,
        "26,21": 40.445508932707256,
        "26,22": 64.16983709907502,
        "26,23": 30.729748049129178,
        "26,24": 56.32456196729863,
        "26,25": 52.412954211086785,
        "26,26": 0.0,
        "26,27": 55.57835913972048,
        "26,28": 41.8128050479058,
        "26,29": 18.67351233467762,
        "26,30": 69.92699190689405,
        "27,0": 59.02407553219535,
        "27,1": 83.69289128438379,
        "27,2": 37.93644542955847,
        "27,3": 77.86788890085802,
        "27,4": 57.89951196120374,
        "27,5": 66.748033337476,
        "27,6": 46.48747786256085,
        "27,7": 96.5190009296615,
        "27,8": 70.24964832324646,
        "27,9": 41.34269490379489,
        "27,10": 53.045288335192005,
        "27,11": 43.6567562118244,
        "27,12": 90.73525230109529,
        "27,13": 34.8043026902436,
        "27,14": 78.24672421833144,
        "27,15": 92.25493971475947,
        "27,16": 43.92385371020962,
        "27,17": 25.35262652141526,
        "27,18": 50.09549614893012,
        "27,19": 36.831044670680384,
        "27,20": 11.861657523848173,
        "27,21": 54.53693420147166,
        "27,22": 103.75484455469,
        "27,23": 28.154222007555425,
        "27,24": 9.789903427621077,
        "27,25": 60.32922437487645,
        "27,26": 55.57835913972048,
        "27,27": 0.0,
        "27,28": 97.05769287880433,
        "27,29": 54.81296746797401,
        "27,30": 96.98219513749436,
        "28,0": 59.94114424561445,
        "28,1": 14.702441383606201,
        "28,2": 76.88987962439022,
        "28,3": 98.48373380503891,
        "28,4": 67.73001542386875,
        "28,5": 115.00007170100199,
        "28,6": 50.59897457781395,
        "28,7": 46.849189191356245,
        "28,8": 97.37551368182162,
        "28,9": 59.6143657484915,
        "28,10": 94.45904718806754,
        "28,11": 53.810812207090734,
        "28,12": 45.918304410508654,
        "28,13": 63.10474786797864,
        "28,14": 45.88734420131182,
        "28,15": 98.44795603173613,
        "28,16": 66.34616759532246,
        "28,17": 100.43387000390182,
        "28,18": 50.91947106895117,
        "28,19": 61.50735674431878,
        "28,20": 90.08626300838941,
        "28,21": 72.12006425793673,
        "28,22": 63.25007183286388,
        "28,23": 70.4369021913734,
        "28,24": 96.73818203056491,
        "28,25": 82.4656038344414,
        "28,26": 41.8128050479058,
        "28,27": 97.05769287880433,
        "28,28": 0.0,
        "28,29": 51.69698541813071,
        "28,30": 80.84865924140374,
        "29,0": 12.678931296825732,
        "29,1": 37.01160954462909,
        "29,2": 25.51160926976899,
        "29,3": 54.03362519602753,
        "29,4": 19.50501572841508,
        "29,5": 64.80997440874307,
        "29,6": 23.40677275945178,
        "29,7": 42.08428791173604,
        "29,8": 50.403017593502156,
        "29,9": 37.29217791398416,
        "29,10": 43.61286741947275,
        "29,11": 18.760244137881177,
        "29,12": 36.34165188737728,
        "29,13": 22.44667903968462,
        "29,14": 23.92382535226149,
        "29,15": 60.49382844978488,
        "29,16": 14.87436926506712,
        "29,17": 50.47899121609776,
        "29,18": 8.20695624385562,
        "29,19": 20.140155671469792,
        "29,20": 52.93243573691482,
        "29,21": 22.385656267815623,
        "29,22": 51.8137879253522,
        "29,23": 37.69135511518985,
        "29,24": 58.70586596398326,
        "29,25": 34.18622508105814,
        "29,26": 18.67351233467762,
        "29,27": 54.81296746797401,
        "29,28": 51.69698541813071,
        "29,29": 0.0,
        "29,30": 53.17773672100214,
        "30,0": 41.9768624864917,
        "30,1": 70.72458187197414,
        "30,2": 59.0658499431644,
        "30,3": 33.54414257530878,
        "30,4": 39.85930556605588,
        "30,5": 60.34275348320866,
        "30,6": 76.52339360907513,
        "30,7": 35.66097810820019,
        "30,8": 39.003766569362135,
        "30,9": 90.4342291163253,
        "30,10": 51.760459247015476,
        "30,11": 71.83304282418818,
        "30,12": 35.073008865021485,
        "30,13": 73.30932312633497,
        "30,14": 37.4569608672503,
        "30,15": 22.50785135852618,
        "30,16": 55.33397646966311,
        "30,17": 79.61659133430543,
        "30,18": 61.38386253276145,
        "30,19": 71.24808455919961,
        "30,20": 99.80078584512202,
        "30,21": 42.524932683481396,
        "30,22": 23.236994779323492,
        "30,23": 88.98415569198283,
        "30,24": 104.07691480326288,
        "30,25": 38.344105121845296,
        "30,26": 69.92699190689405,
        "30,27": 96.98219513749436,
        "30,28": 80.84865924140374,
        "30,29": 53.17773672100214,
        "30,30": 0.0
    }
}