{
    "num_robots": 3,
    "num_tasks": 50,
    "num_nodes": 51,
    "robot_capacity": [
        210,
        217,
        180
    ],
    "robot_speed": [
        1.12,
        0.85,
        0.89
    ],
    "task_demand": {
        "0": 0,
        "1": 12,
        "2": 12,
        "3": 11,
        "4": 13,
        "5": 9,
        "6": 13,
        "7": 7,
        "8": 9,
        "9": 7,
        "10": 8,
        "11": 6,
        "12": 13,
        "13": 10,
        "14": 7,
        "15": 13,
        "16": 9,
        "17": 7,
        "18": 11,
        "19": 9,
        "20": 12,
        "21": 11,
        "22": 8,
        "23": 13,
        "24": 7,
        "25": 7,
        "26": 12,
        "27": 9,
        "28": 7,
        "29": 15,
        "30": 12,
        "31": 5,
        "32": 10,
        "33": 6,
        "34": 11,
        "35": 10,
        "36": 11,
        "37": 12,
        "38": 11,
        "39": 7,
        "40": 12,
        "41": 15,
        "42": 12,
        "43": 7,
        "44": 13,
        "45": 13,
        "46": 13,
        "47": 13,
        "48": 12,
        "49": 10,
        "50": 5
    },
    "task_service_time": {
        "0": 0,
        "1": 91,
        "2": 59,
        "3": 72,
        "4": 45,
        "5": 17,
        "6": 65,
        "7": 57,
        "8": 70,
        "9": 50,
        "10": 44,
        "11": 99,
        "12": 22,
        "13": 91,
        "14": 72,
        "15": 43,
        "16": 11,
        "17": 10,
        "18": 99,
        "19": 19,
        "20": 91,
        "21": 42,
        "22": 34,
        "23": 76,
        "24": 40,
        "25": 12,
        "26": 86,
        "27": 18,
        "28": 97,
        "29": 69,
        "30": 65,
        "31": 43,
        "32": 15,
        "33": 45,
        "34": 62,
        "35": 16,
        "36": 61,
        "37": 71,
        "38": 64,
        "39": 84,
        "40": 87,
        "41": 98,
        "42": 82,
        "43": 97,
        "44": 14,
        "45": 69,
        "46": 29,
        "47": 20,
        "48": 16,
        "49": 98,
        "50": 33
    },
    "task_precedence": [],
    "coordinates": {
        "0": [
            50.0,
            50.0
        ],
        "1": [
            83.36090782529956,
            70.69334434744525
        ],
        "2": [
            16.302387385925243,
            23.976468034779476
        ],
        "3": [
            78.49926023709472,
            78.28467138207115
        ],
        "4": [
            94.36578206348248,
            87.58091534627536
        ],
        "5": [
            40.07804261856685,
            57.35128246929495
        ],
        "6": [
            3.5986694837125466,
            55.47785201283277
        ],
        "7": [
            8.165361033860774,
            29.714531292453948
        ],
        "8": [
            26.320505824745112,
            4.563959360249381
        ],
        "9": [
            73.60472946329213,
            3.638971323218132
        ],
        "10": [
            33.57218799258425,
            89.5959259429785
        ],
        "11": [
            26.91685432399673,
            45.17446166069657
        ],
        "12": [
            39.62535866079928,
            31.145407160842343
        ],
        "13": [
            79.98480471037249,
            48.05313439408734
        ],
        "14": [
            3.0177632954570544,
            43.86817796746537
        ],
        "15": [
            65.16176385870706,
            83.96636206040003
        ],
        "16": [
            84.51916697124976,
            55.89901103283026
        ],
        "17": [
            74.79429129734943,
            90.14959209679768
        ],
        "18": [
            17.392057935583118,
            88.05745348521587
        ],
        "19": [
            57.00989455131255,
            40.5188794198062
        ],
        "20": [
            50.18039052220159,
            60.86131979457775
        ],
        "21": [
            51.259634099825966,
            51.2421574404047
        ],
        "22": [
            83.14107643701657,
            67.73251738050101
        ],
        "23": [
            55.353064593193714,
            8.941505737198918
        ],
        "24": [
            66.07519399722449,
            83.51851922939917
        ],
        "25": [
            96.25828227007288,
            40.1207467592938
        ],
        "26": [
            20.0844435177856,
            78.45875209581182
        ],
        "27": [
            89.98139657922954,
            71.56936379671362
        ],
        "28": [
            26.393708604271325,
            91.5597732043308
        ],
        "29": [
            77.9013036939865,
            49.478467249513756
        ],
        "30": [
            93.98010776348414,
            83.90121950717354
        ],
        "31": [
            84.774748862697,
            67.65588599368269
        ],
        "32": [
            25.440537354839442,
            90.08318802970359
        ],
        "33": [
            96.07992901430353,
            25.11285412849391
        ],
        "34": [
            58.06850054189848,
            37.112603992347374
        ],
        "35": [
            14.669357267790218,
            64.04898410627328
        ],
        "36": [
            40.438107095998255,
            81.15909071704081
        ],
        "37": [
            66.57423488274749,
            62.36165545758532
        ],
        "38": [
            26.404119806757254,
            6.858414671947788
        ],
        "39": [
            52.644798842827726,
            77.04635872906918
        ],
        "40": [
            31.162747136014367,
            68.55266431313545
        ],
        "41": [
            0.3793238687492262,
            13.049977908362953
        ],
        "42": [
            64.1436027159651,
            11.241049673982673
        ],
        "43": [
            51.425305396586666,
            0.4588094777247864
        ],
        "44": [
            66.34798904743145,
            5.446946453437196
        ],
        "45": [
            82.34269103684663,
            32.38611709348353
        ],
        "46": [
            23.330702209294397,
            67.88576961440813
        ],
        "47": [
            21.448709483725935,
            84.47448517919469
        ],
        "48": [
            32.55445847429061,
            42.734833671533
        ],
        "49": [
            74.10134072941042,
            47.93074259006701
        ],
        "50": [
            79.90513027353781,
            55.49166562833045
        ]
    },
    "distance_matrix_str_keys": {
        "0,0": 0.0,
        "0,1": 39.25767022137302,
        "0,2": 42.57644080748301,
        "0,3": 40.15258982000293,
        "0,4": 58.14333853820521,
        "0,5": 12.348546158246284,
        "0,6": 46.723552266027944,
        "0,7": 46.49341091070911,
        "0,8": 51.23623945424761,
        "0,9": 52.02430425296048,
        "0,10": 42.868524101406045,
        "0,11": 23.58214228104978,
        "0,12": 21.520428760772116,
        "0,13": 30.047941680032956,
        "0,14": 47.380690235584154,
        "0,15": 37.1966777404297,
        "0,16": 35.019583372085876,
        "0,17": 47.18841623192132,
        "0,18": 50.116341161897864,
        "0,19": 11.791109747462103,
        "0,20": 10.862817701710117,
        "0,21": 1.7690769265911352,
        "0,22": 37.58687430545329,
        "0,23": 41.40598086831628,
        "0,24": 37.17395584787829,
        "0,25": 47.30146216737642,
        "0,26": 41.289721366115245,
        "0,27": 45.42851006824468,
        "0,28": 47.7961477763163,
        "0,29": 27.90617752817277,
        "0,30": 55.52965480678988,
        "0,31": 39.00017267507371,
        "0,32": 47.008820109034964,
        "0,33": 52.37107873237743,
        "0,34": 15.204791246599767,
        "0,35": 38.021418572817176,
        "0,36": 32.593231355917716,
        "0,37": 20.676454908918323,
        "0,38": 49.17277647958752,
        "0,39": 27.175365341067995,
        "0,40": 26.439429808103363,
        "0,41": 61.86691872313463,
        "0,42": 41.258910894032745,
        "0,43": 49.56168937635107,
        "0,44": 47.45767931765977,
        "0,45": 36.82795859872486,
        "0,46": 32.11155865648723,
        "0,47": 44.76233146871592,
        "0,48": 18.897871861813996,
        "0,49": 24.190007258860017,
        "0,50": 30.40518390095106,
        "1,0": 39.25767022137302,
        "1,1": 0.0,
        "1,2": 81.727056082615,
        "1,3": 9.014647159958072,
        "1,4": 20.15681798396637,
        "1,5": 45.29257152850327,
        "1,6": 81.20052876825856,
        "1,7": 85.63663571544241,
        "1,8": 87.33099689783474,
        "1,9": 67.76040110494844,
        "1,10": 53.256212910386445,
        "1,11": 61.94468943531784,
        "1,12": 58.96471484231829,
        "1,13": 22.89054780853326,
        "1,14": 84.7030721063691,
        "1,15": 22.525137964620143,
        "1,16": 14.839604525495421,
        "1,17": 21.258703987334922,
        "1,18": 68.21584450785866,
        "1,19": 40.0608815958306,
        "1,20": 34.606580809282114,
        "1,21": 37.53452340033648,
        "1,22": 2.9689766195540597,
        "1,23": 67.80655465557977,
        "1,24": 21.52396369860365,
        "1,25": 33.18171169267396,
        "1,26": 63.751176402937695,
        "1,27": 6.678194472790512,
        "1,28": 60.66852264830409,
        "1,29": 21.90612443019049,
        "1,30": 16.947429703707492,
        "1,31": 3.350387996914836,
        "1,32": 61.0797458529238,
        "1,33": 47.32181937126098,
        "1,34": 42.040123560545574,
        "1,35": 69.01214850306668,
        "1,36": 44.18029730004102,
        "1,37": 18.740582387898865,
        "1,38": 85.55100202840917,
        "1,39": 31.366226147820328,
        "1,40": 52.24203757850311,
        "1,41": 101.03811642330002,
        "1,42": 62.48103838450093,
        "1,43": 77.15421304666903,
        "1,44": 67.42797522902164,
        "1,45": 38.32075710779936,
        "1,46": 60.09582399952135,
        "1,47": 63.42744000912274,
        "1,48": 57.99115117732822,
        "1,49": 24.57388088129898,
        "1,50": 15.589529639038123,
        "2,0": 42.57644080748301,
        "2,1": 81.727056082615,
        "2,2": 0.0,
        "2,3": 82.57016375952833,
        "2,4": 100.69468360536682,
        "2,5": 40.97755507933313,
        "2,6": 33.96647819647707,
        "2,7": 9.956734796270581,
        "2,8": 21.845095332658286,
        "2,9": 60.80437632312612,
        "2,10": 67.85395544225601,
        "2,11": 23.706999855397868,
        "2,12": 24.399890927661836,
        "2,13": 68.08183413556428,
        "2,14": 23.91989467516867,
        "2,15": 77.36941291307703,
        "2,16": 75.31651723529939,
        "2,17": 88.31865698316825,
        "2,18": 64.0902494784178,
        "2,19": 43.94032901619559,
        "2,20": 50.08204654208776,
        "2,21": 44.33313565021706,
        "2,22": 79.88743460904031,
        "2,23": 41.845017405133746,
        "2,24": 77.60533576003976,
        "2,25": 81.56949713133993,
        "2,26": 54.613397853379915,
        "2,27": 87.71362563885583,
        "2,28": 68.33255374689683,
        "2,29": 66.66917169333847,
        "2,30": 98.10608585649732,
        "2,31": 81.21795269171868,
        "2,32": 66.73532957393458,
        "2,33": 79.7856348074114,
        "2,34": 43.78317343515964,
        "2,35": 40.10577678672819,
        "2,36": 62.06758657097178,
        "2,37": 63.250938840681926,
        "2,38": 19.876437025655324,
        "2,39": 64.32094657890735,
        "2,40": 46.987951291246844,
        "2,41": 19.31145096192152,
        "2,42": 49.50730011907093,
        "2,43": 42.269369921845914,
        "2,44": 53.36577007497955,
        "2,45": 66.57359764648793,
        "2,46": 44.46823556728073,
        "2,47": 60.71651101257605,
        "2,48": 24.81947009956935,
        "2,49": 62.56617518334066,
        "2,50": 70.98250898769578,
        "3,0": 40.15258982000293,
        "3,1": 9.014647159958072,
        "3,2": 82.57016375952833,
        "3,3": 0.0,
        "3,4": 18.389308489153215,
        "3,5": 43.75381965798893,
        "3,6": 78.2959098864475,
        "3,7": 85.47465054304529,
        "3,8": 90.3181365675171,
        "3,9": 74.80599554027705,
        "3,10": 46.32910856259928,
        "3,11": 61.29462119612955,
        "3,12": 61.100658385015194,
        "3,13": 30.26801399229754,
        "3,14": 82.95752768440039,
        "3,15": 14.497255554335554,
        "3,16": 23.180963447611514,
        "3,17": 12.429929139428907,
        "3,18": 61.88374134741217,
        "3,19": 43.451672926532396,
        "3,20": 33.24953477073777,
        "3,21": 38.383522407191855,
        "3,22": 11.527983852639181,
        "3,23": 73.1041790490662,
        "3,24": 13.481490467365369,
        "3,25": 42.093562526600614,
        "3,26": 58.41507610579115,
        "3,27": 13.30168451532864,
        "3,28": 53.7700366314938,
        "3,29": 28.812409627693633,
        "3,30": 16.468219484112687,
        "3,31": 12.343129113903156,
        "3,32": 54.35469684379096,
        "3,33": 56.00287550386801,
        "3,34": 45.96253990878671,
        "3,35": 65.39809863662047,
        "3,36": 38.16953844288983,
        "3,37": 19.893432731262184,
        "3,38": 88.40596022937042,
        "3,39": 25.8840992158164,
        "3,40": 48.32657068485789,
        "3,41": 101.77568319988335,
        "3,42": 68.56334381140726,
        "3,43": 82.40062992392875,
        "3,44": 73.84434686761124,
        "3,45": 46.059192851100924,
        "3,46": 56.140065486604804,
        "3,47": 57.38535646056203,
        "3,48": 58.09230388157253,
        "3,49": 30.670876888444646,
        "3,50": 22.83632154812647,
        "4,0": 58.14333853820521,
        "4,1": 20.15681798396637,
        "4,2": 100.69468360536682,
        "4,3": 18.389308489153215,
        "4,4": 0.0,
        "4,5": 62.136859897455906,
        "4,6": 96.27707619916413,
        "4,7": 103.82211223601843,
        "4,8": 107.3404611485895,
        "4,9": 86.47121643320362,
        "4,10": 60.82697878213235,
        "4,11": 79.67223586289963,
        "4,12": 78.622392093176,
        "4,13": 42.062548384932896,
        "4,14": 101.26827707625097,
        "4,15": 29.426852953744245,
        "4,16": 33.17678238920822,
        "4,17": 19.739335121971692,
        "4,18": 76.97519921842245,
        "4,19": 60.085751700100815,
        "4,20": 51.63608827266639,
        "4,21": 56.37947603876899,
        "4,22": 22.802476142045872,
        "4,23": 87.7846733096426,
        "4,24": 28.5807703770404,
        "4,25": 47.49788584070512,
        "4,26": 74.83936877411875,
        "4,27": 16.60098247390199,
        "4,28": 68.08842838690732,
        "4,29": 41.50753665234801,
        "4,30": 3.6998521773149933,
        "4,31": 22.113224834027466,
        "4,32": 68.97065119837971,
        "4,33": 62.49157520880315,
        "4,34": 62.16544938126113,
        "4,35": 83.09796575789096,
        "4,36": 54.30869137594156,
        "4,37": 37.528404762690215,
        "4,38": 105.52208134705269,
        "4,39": 43.03042323774283,
        "4,40": 66.00528737474707,
        "4,41": 119.95130244963728,
        "4,42": 82.10453833605789,
        "4,43": 97.12953138644889,
        "4,44": 86.78125126765565,
        "4,45": 56.489118173336394,
        "4,46": 73.71486509036265,
        "4,47": 72.98321301494224,
        "4,48": 76.36629338540303,
        "4,49": 44.528460361652016,
        "4,50": 35.19702256797665,
        "5,0": 12.348546158246284,
        "5,1": 45.29257152850327,
        "5,2": 40.97755507933313,
        "5,3": 43.75381965798893,
        "5,4": 62.136859897455906,
        "5,5": 0.0,
        "5,6": 36.5274472963432,
        "5,7": 42.21622036063224,
        "5,8": 54.55063060728203,
        "5,9": 63.31706799463509,
        "5,10": 32.894424712394375,
        "5,11": 17.930193594321395,
        "5,12": 26.20978487984566,
        "5,13": 40.97566617250368,
        "5,14": 39.43676470647886,
        "5,15": 36.57260631803426,
        "5,16": 44.46484708233907,
        "5,17": 47.75926126678062,
        "5,18": 38.177517461138756,
        "5,19": 23.87503722076392,
        "5,20": 10.694755499353493,
        "5,21": 12.74164026616588,
        "5,22": 44.296669399973936,
        "5,23": 50.76251352697894,
        "5,24": 36.88598866052245,
        "5,25": 58.763174592207626,
        "5,26": 29.073515078797968,
        "5,27": 51.88929150755751,
        "5,28": 36.844020353156886,
        "5,29": 38.633926772516595,
        "5,30": 60.08603651100832,
        "5,31": 45.86916614534089,
        "5,32": 35.85574154805835,
        "5,33": 64.61832202839966,
        "5,34": 27.078786582570995,
        "5,35": 26.27661504975009,
        "5,36": 23.810530863240825,
        "5,37": 26.965756840523053,
        "5,38": 52.31162264223606,
        "5,39": 23.362777893014396,
        "5,40": 14.316195330908988,
        "5,41": 59.486081197012595,
        "5,42": 52.01254417195316,
        "5,43": 58.01304901183849,
        "5,44": 58.173621020377304,
        "5,45": 49.08726910475274,
        "5,46": 19.785065837509986,
        "5,47": 32.90471361813067,
        "5,48": 16.43912691822779,
        "5,49": 35.30341889896014,
        "5,50": 39.870478876882565,
        "6,0": 46.723552266027944,
        "6,1": 81.20052876825856,
        "6,2": 33.96647819647707,
        "6,3": 78.2959098864475,
        "6,4": 96.27707619916413,
        "6,5": 36.5274472963432,
        "6,6": 0.0,
        "6,7": 26.164926261224124,
        "6,8": 55.75398023233366,
        "6,9": 87.10980418423976,
        "6,10": 45.41425745847403,
        "6,11": 25.493089200686377,
        "6,12": 43.47401759140249,
        "6,13": 76.74612750219836,
        "6,14": 11.6241981847881,
        "6,15": 67.83516635016694,
        "6,16": 80.92159346275037,
        "6,17": 79.189305628225,
        "6,18": 35.379202889317675,
        "6,19": 55.46647477765955,
        "6,20": 46.89177390827414,
        "6,21": 47.84881039952103,
        "6,22": 80.48087553697808,
        "6,23": 69.59992053037121,
        "6,24": 68.48061866862535,
        "6,25": 93.92361004287743,
        "6,26": 28.282547871901212,
        "6,27": 87.86872192054089,
        "6,28": 42.67925544544187,
        "6,29": 74.54444357646061,
        "6,30": 94.74540730419871,
        "6,31": 82.08447097339375,
        "6,32": 40.92183369474421,
        "6,33": 97.33866888796265,
        "6,34": 57.482561097790864,
        "6,35": 14.000872593368332,
        "6,36": 44.90735112397528,
        "6,37": 63.350679453294845,
        "6,38": 53.70231141935235,
        "6,39": 53.579131078054964,
        "6,40": 30.50785298099935,
        "6,41": 42.549837687273545,
        "6,42": 74.98388907801737,
        "6,43": 72.90049481466255,
        "6,44": 80.25315331376628,
        "6,45": 82.0600338285693,
        "6,46": 23.3090011517207,
        "6,47": 34.05038418265847,
        "6,48": 31.635774567941024,
        "6,49": 70.90546885408878,
        "6,50": 76.30646204015171,
        "7,0": 46.49341091070911,
        "7,1": 85.63663571544241,
        "7,2": 9.956734796270581,
        "7,3": 85.47465054304529,
        "7,4": 103.82211223601843,
        "7,5": 42.21622036063224,
        "7,6": 26.164926261224124,
        "7,7": 0.0,
        "7,8": 31.01871291486755,
        "7,9": 70.4432095247801,
        "7,10": 65.04835341038532,
        "7,11": 24.30283826224674,
        "7,12": 31.49252064280839,
        "7,13": 74.12379411311105,
        "7,14": 15.060659901793182,
        "7,15": 78.6883160109937,
        "7,16": 80.7188370852717,
        "7,17": 89.95449362028313,
        "7,18": 59.06799899867038,
        "7,19": 50.02521757068618,
        "7,20": 52.300909522705055,
        "7,21": 48.172139859569306,
        "7,22": 84.0638160352357,
        "7,23": 51.557714824483455,
        "7,24": 79.04693461332725,
        "7,25": 88.70542312774212,
        "7,26": 50.18031077011291,
        "7,27": 91.90043893432,
        "7,28": 64.475627971244,
        "7,29": 72.48251418936228,
        "7,30": 101.49072832504768,
        "7,31": 85.49002690415702,
        "7,32": 62.79177042559621,
        "7,33": 88.03491748112906,
        "7,34": 50.448536276403324,
        "7,35": 34.94505139551743,
        "7,36": 60.72950545477099,
        "7,37": 66.91361042828781,
        "7,38": 29.24131304415187,
        "7,39": 64.95169186627305,
        "7,40": 45.13624202416145,
        "7,41": 18.3937411699664,
        "7,42": 58.94771467095292,
        "7,43": 52.223749819090536,
        "7,44": 63.04073188411136,
        "7,45": 74.22542460009325,
        "7,46": 41.07348302735873,
        "7,47": 56.34802477211164,
        "7,48": 27.646995279802702,
        "7,49": 68.40602146340058,
        "7,50": 76.23027708943431,
        "8,0": 51.23623945424761,
        "8,1": 87.33099689783474,
        "8,2": 21.845095332658286,
        "8,3": 90.3181365675171,
        "8,4": 107.3404611485895,
        "8,5": 54.55063060728203,
        "8,6": 55.75398023233366,
        "8,7": 31.01871291486755,
        "8,8": 0.0,
        "8,9": 47.2932702185922,
        "8,10": 85.34062476446793,
        "8,11": 40.61488063046827,
        "8,12": 29.725283449694924,
        "8,13": 69.07362246190468,
        "8,14": 45.69288138988516,
        "8,15": 88.39335314500578,
        "8,16": 77.6039411980617,
        "8,17": 98.3595872752595,
        "8,18": 83.9695227026169,
        "8,19": 47.271501529986175,
        "8,20": 61.14480263807055,
        "8,21": 52.92272002770788,
        "8,22": 84.96378032468907,
        "8,23": 29.36072854896087,
        "8,24": 88.39829045757746,
        "8,25": 78.45748979069805,
        "8,26": 74.15745995196984,
        "8,27": 92.42528461058988,
        "8,28": 86.99584464237931,
        "8,29": 68.39511479456942,
        "8,30": 104.26995052328996,
        "8,31": 86.00866081656241,
        "8,32": 85.52375586190323,
        "8,33": 72.72299636247318,
        "8,34": 45.46811449738156,
        "8,35": 60.615323406967875,
        "8,36": 77.88530550250299,
        "8,37": 70.43391496456141,
        "8,38": 2.2959783264153346,
        "8,39": 77.11463298987398,
        "8,40": 64.17165778179701,
        "8,41": 27.293908332685046,
        "8,42": 38.40794440607784,
        "8,43": 25.43822354450734,
        "8,44": 40.03722117416708,
        "8,45": 62.550441220441975,
        "8,46": 63.392354267077394,
        "8,47": 80.05889417328153,
        "8,48": 38.676579622874975,
        "8,49": 64.52663071855585,
        "8,50": 73.92525443342143,
        "9,0": 52.02430425296048,
        "9,1": 67.76040110494844,
        "9,2": 60.80437632312612,
        "9,3": 74.80599554027705,
        "9,4": 86.47121643320362,
        "9,5": 63.31706799463509,
        "9,6": 87.10980418423976,
        "9,7": 70.4432095247801,
        "9,8": 47.2932702185922,
        "9,9": 0.0,
        "9,10": 94.82195117222325,
        "9,11": 62.489636281524334,
        "9,12": 43.717292375244845,
        "9,13": 44.870070664577405,
        "9,14": 81.24597750045623,
        "9,15": 80.7698791062863,
        "9,16": 53.38760808057755,
        "9,17": 86.51879890513472,
        "9,18": 101.42161786728526,
        "9,19": 40.44151538912258,
        "9,20": 61.83119616669892,
        "9,21": 52.58675323035167,
        "9,22": 64.79910925159624,
        "9,23": 19.006318468915413,
        "9,24": 80.23363433143635,
        "9,25": 42.94302497190735,
        "9,26": 91.99141591772444,
        "9,27": 69.87655864042932,
        "9,28": 99.79452837690432,
        "9,29": 46.04041634147915,
        "9,30": 82.80811871078093,
        "9,31": 64.98411111424562,
        "9,32": 98.95651572007655,
        "9,33": 31.08475892768837,
        "9,34": 36.90336696245676,
        "9,35": 84.39637279096316,
        "9,36": 84.31722095804155,
        "9,37": 59.142044993318656,
        "9,38": 47.31027760882675,
        "9,39": 76.3410978265795,
        "9,40": 77.55713636705651,
        "9,41": 73.82768497949095,
        "9,42": 12.136907125794027,
        "9,43": 22.406255405450622,
        "9,44": 7.47857309482741,
        "9,45": 30.04580440590337,
        "9,46": 81.57897343681496,
        "9,47": 96.20099126552016,
        "9,48": 56.68872199149355,
        "9,49": 44.29455524897497,
        "9,50": 52.23405935851791,
        "10,0": 42.868524101406045,
        "10,1": 53.256212910386445,
        "10,2": 67.85395544225601,
        "10,3": 46.32910856259928,
        "10,4": 60.82697878213235,
        "10,5": 32.894424712394375,
        "10,6": 45.41425745847403,
        "10,7": 65.04835341038532,
        "10,8": 85.34062476446793,
        "10,9": 94.82195117222325,
        "10,10": 0.0,
        "10,11": 44.9172567642135,
        "10,12": 58.76311786349828,
        "10,13": 62.289120400491605,
        "10,14": 54.99636172952226,
        "10,15": 32.08727618401975,
        "10,16": 61.08254039833605,
        "10,17": 41.22582136329873,
        "10,18": 16.25310758485175,
        "10,19": 54.386419115167655,
        "10,20": 33.1890039285378,
        "10,21": 42.23573496632445,
        "10,22": 54.17640940101503,
        "10,23": 83.54365376389424,
        "10,24": 33.066301149356555,
        "10,25": 79.85824798368607,
        "10,26": 17.49159490496721,
        "10,27": 59.219555521675495,
        "10,28": 7.442261913850816,
        "10,29": 59.78696338575959,
        "10,30": 60.67574847035244,
        "10,31": 55.70518461179621,
        "10,32": 8.146236335602792,
        "10,33": 89.80692756280166,
        "10,34": 57.918636132831104,
        "10,35": 31.77991892088802,
        "10,36": 10.877547231074127,
        "10,37": 42.788323031080466,
        "10,38": 83.04743808715955,
        "10,39": 22.83103418378705,
        "10,40": 21.18075223554,
        "10,41": 83.43289752406685,
        "10,42": 84.10765740001675,
        "10,43": 90.90742176951944,
        "10,44": 90.30672114476401,
        "10,45": 75.17662000772687,
        "10,46": 24.00456037631791,
        "10,47": 13.160846730043469,
        "10,48": 46.87214249685345,
        "10,49": 58.125723439770766,
        "10,50": 57.531227277187924,
        "11,0": 23.58214228104978,
        "11,1": 61.94468943531784,
        "11,2": 23.706999855397868,
        "11,3": 61.29462119612955,
        "11,4": 79.67223586289963,
        "11,5": 17.930193594321395,
        "11,6": 25.493089200686377,
        "11,7": 24.30283826224674,
        "11,8": 40.61488063046827,
        "11,9": 62.489636281524334,
        "11,10": 44.9172567642135,
        "11,11": 0.0,
        "11,12": 18.929354258357822,
        "11,13": 53.145969884054296,
        "11,14": 23.934764028033104,
        "11,15": 54.474623834760806,
        "11,16": 58.59216996789946,
        "11,17": 65.68874583124318,
        "11,18": 43.92804040772279,
        "11,19": 30.4510347299487,
        "11,20": 28.058325583642763,
        "11,21": 25.087603697635387,
        "11,22": 60.58076452201631,
        "11,23": 46.05914837931883,
        "11,24": 54.80549531566942,
        "11,25": 69.5253454785054,
        "11,26": 33.978314072271665,
        "11,27": 68.36539584198984,
        "11,28": 46.38826153720436,
        "11,29": 51.16579464514961,
        "11,30": 77.44186035464661,
        "11,31": 62.07213868146596,
        "11,32": 44.93298583312451,
        "11,33": 72.01388058834969,
        "11,34": 32.177921175085764,
        "11,35": 22.499972926436293,
        "11,36": 38.441095260762964,
        "11,37": 43.22160875526724,
        "11,38": 38.31947746941721,
        "11,39": 40.960285056393154,
        "11,40": 23.760638986139313,
        "11,41": 41.66800905991472,
        "11,42": 50.371690907681256,
        "11,43": 50.9917025027214,
        "11,44": 55.97401048808889,
        "11,45": 56.882028199504866,
        "11,46": 22.992694404051605,
        "11,47": 39.6786145996642,
        "11,48": 6.142830396561595,
        "11,49": 47.26492189673311,
        "11,50": 53.98335007957985,
        "12,0": 21.520428760772116,
        "12,1": 58.96471484231829,
        "12,2": 24.399890927661836,
        "12,3": 61.100658385015194,
        "12,4": 78.622392093176,
        "12,5": 26.20978487984566,
        "12,6": 43.47401759140249,
        "12,7": 31.49252064280839,
        "12,8": 29.725283449694924,
        "12,9": 43.717292375244845,
        "12,10": 58.76311786349828,
        "12,11": 18.929354258357822,
        "12,12": 0.0,
        "12,13": 43.75792643193031,
        "12,14": 38.75545039643437,
        "12,15": 58.66993494911034,
        "12,16": 51.265923665401445,
        "12,17": 68.69022974740018,
        "12,18": 61.10074204103856,
        "12,19": 19.750546076453404,
        "12,20": 31.534808723869148,
        "12,21": 23.221449928680798,
        "12,22": 56.85274248270566,
        "12,23": 27.209813897319282,
        "12,24": 58.673134031425505,
        "12,25": 57.33973105483972,
        "12,26": 51.189842484245474,
        "12,27": 64.57419627793433,
        "12,28": 61.84635953437378,
        "12,29": 42.43994651738391,
        "12,30": 75.7470427563818,
        "12,31": 58.06446848294145,
        "12,32": 60.62071567729896,
        "12,33": 56.77596507226326,
        "12,34": 19.384450481565864,
        "12,35": 41.297062623530074,
        "12,36": 50.02028691319629,
        "12,37": 41.23949669127637,
        "12,38": 27.652471155237663,
        "12,39": 47.711667100638216,
        "12,40": 38.35255769146572,
        "12,41": 43.216846330225096,
        "12,42": 31.580496172691475,
        "12,43": 32.87713522089379,
        "12,44": 37.07438276641438,
        "12,45": 42.73534657005437,
        "12,46": 40.19166657519886,
        "12,47": 56.34164656445454,
        "12,48": 13.576171636152358,
        "12,49": 38.34502347198111,
        "12,50": 47.065914444958075,
        "13,0": 30.047941680032956,
        "13,1": 22.89054780853326,
        "13,2": 68.08183413556428,
        "13,3": 30.26801399229754,
        "13,4": 42.062548384932896,
        "13,5": 40.97566617250368,
        "13,6": 76.74612750219836,
        "13,7": 74.12379411311105,
        "13,8": 69.07362246190468,
        "13,9": 44.870070664577405,
        "13,10": 62.289120400491605,
        "13,11": 53.145969884054296,
        "13,12": 43.75792643193031,
        "13,13": 0.0,
        "13,14": 77.0807325111667,
        "13,15": 38.85205865205278,
        "13,16": 9.061910468727882,
        "13,17": 42.41524702989307,
        "13,18": 74.2845710410832,
        "13,19": 24.178740555172755,
        "13,20": 32.43998641111581,
        "13,21": 28.9016486483894,
        "13,22": 19.930884725429543,
        "13,23": 46.22166285838892,
        "13,24": 38.095548187525644,
        "13,25": 18.103835104051786,
        "13,26": 67.17555253829916,
        "13,27": 25.552786429457036,
        "13,28": 69.02777124040985,
        "13,29": 2.524391062026532,
        "13,30": 38.48316143228761,
        "13,31": 20.179480549752164,
        "13,32": 68.85929501501339,
        "13,33": 28.02337390506302,
        "13,34": 24.4952973828951,
        "13,35": 67.24563095576966,
        "13,36": 51.57466079636448,
        "13,37": 19.610638901529224,
        "13,38": 67.58620219931088,
        "13,39": 39.850758815560404,
        "13,40": 52.95114760508867,
        "13,41": 86.96121862065962,
        "13,42": 40.075843872185395,
        "13,43": 55.50553814979566,
        "13,44": 44.73533270535758,
        "13,45": 15.843454769272794,
        "13,46": 60.025167638124685,
        "13,47": 68.94192655702967,
        "13,48": 47.72758182277966,
        "13,49": 5.884736881880898,
        "13,50": 7.4389579202127045,
        "14,0": 47.380690235584154,
        "14,1": 84.7030721063691,
        "14,2": 23.91989467516867,
        "14,3": 82.95752768440039,
        "14,4": 101.26827707625097,
        "14,5": 39.43676470647886,
        "14,6": 11.6241981847881,
        "14,7": 15.060659901793182,
        "14,8": 45.69288138988516,
        "14,9": 81.24597750045623,
        "14,10": 54.99636172952226,
        "14,11": 23.934764028033104,
        "14,12": 38.75545039643437,
        "14,13": 77.0807325111667,
        "14,14": 0.0,
        "14,15": 73.95769854150475,
        "14,16": 82.3845843915668,
        "14,17": 85.40397687354611,
        "14,18": 46.46840235240309,
        "14,19": 54.0959151721355,
        "14,20": 50.130632113361806,
        "14,21": 48.802189212910854,
        "14,22": 83.60174641956333,
        "14,23": 62.919442106596456,
        "14,24": 74.48750988518822,
        "14,25": 93.31579512234609,
        "14,26": 38.5717434443901,
        "14,27": 91.26899369589327,
        "14,28": 53.11236273522089,
        "14,29": 75.09340828892013,
        "14,30": 99.38205333982599,
        "14,31": 85.14728264708418,
        "14,32": 51.3673821755683,
        "14,33": 94.933286367779,
        "14,34": 55.46369489233498,
        "14,35": 23.30288777186762,
        "14,36": 52.82891541426107,
        "14,37": 66.19239979260179,
        "14,38": 43.77949577215199,
        "14,39": 59.6961835955168,
        "14,40": 37.43613203223331,
        "14,41": 30.93093625306655,
        "14,42": 69.2885109202176,
        "14,43": 65.02048450258364,
        "14,44": 74.07366957867413,
        "14,45": 80.15161809402541,
        "14,46": 31.45568622421997,
        "14,47": 44.59340716707127,
        "14,48": 29.558430800373216,
        "14,49": 71.19957452205497,
        "14,50": 77.76099707581137,
        "15,0": 37.1966777404297,
        "15,1": 22.525137964620143,
        "15,2": 77.36941291307703,
        "15,3": 14.497255554335554,
        "15,4": 29.426852953744245,
        "15,5": 36.57260631803426,
        "15,6": 67.83516635016694,
        "15,7": 78.6883160109937,
        "15,8": 88.39335314500578,
        "15,9": 80.7698791062863,
        "15,10": 32.08727618401975,
        "15,11": 54.474623834760806,
        "15,12": 58.66993494911034,
        "15,13": 38.85205865205278,
        "15,14": 73.95769854150475,
        "15,15": 0.0,
        "15,16": 34.09523792212484,
        "15,17": 11.446305890513681,
        "15,18": 47.94457042281164,
        "15,19": 44.205618658825976,
        "15,20": 27.536966520537277,
        "15,21": 35.55478561099885,
        "15,22": 24.223818730324997,
        "15,23": 75.66333093116012,
        "15,24": 1.0173091070224556,
        "15,25": 53.75343187593713,
        "15,26": 45.41253765910999,
        "15,27": 27.74346291167478,
        "15,28": 39.504708592922874,
        "15,29": 36.76561931616858,
        "15,30": 28.818417530569633,
        "15,31": 25.508837885911095,
        "15,32": 40.18944382434648,
        "15,33": 66.48058613219108,
        "15,34": 47.387646381532726,
        "15,35": 54.27877179809798,
        "15,36": 24.882523507785194,
        "15,37": 21.650829586587655,
        "15,38": 86.30058240196274,
        "15,39": 14.302477383809324,
        "15,40": 37.32981672006932,
        "15,41": 96.05153862511409,
        "15,42": 72.73243921260017,
        "15,43": 84.62979161873099,
        "15,44": 78.52837549228511,
        "15,45": 54.36640441989566,
        "15,46": 44.8154345302046,
        "15,47": 43.7160075017597,
        "15,48": 52.566865016990896,
        "15,49": 37.12791275089213,
        "15,50": 32.06517098255481,
        "16,0": 35.019583372085876,
        "16,1": 14.839604525495421,
        "16,2": 75.31651723529939,
        "16,3": 23.180963447611514,
        "16,4": 33.17678238920822,
        "16,5": 44.46484708233907,
        "16,6": 80.92159346275037,
        "16,7": 80.7188370852717,
        "16,8": 77.6039411980617,
        "16,9": 53.38760808057755,
        "16,10": 61.08254039833605,
        "16,11": 58.59216996789946,
        "16,12": 51.265923665401445,
        "16,13": 9.061910468727882,
        "16,14": 82.3845843915668,
        "16,15": 34.09523792212484,
        "16,16": 0.0,
        "16,17": 35.604431045759206,
        "16,18": 74.43261508538899,
        "16,19": 31.516797386604182,
        "16,20": 34.69547630836938,
        "16,21": 33.58396659429327,
        "16,22": 11.913480012192368,
        "16,23": 55.27810444937934,
        "16,24": 33.21170534746616,
        "16,25": 19.666226162754764,
        "16,26": 68.2698725892555,
        "16,27": 16.595056734908674,
        "16,28": 68.19280657828703,
        "16,29": 9.220601760733068,
        "16,30": 29.557284721617226,
        "16,31": 11.759652671246483,
        "16,32": 68.2557135652874,
        "16,33": 32.88523492320724,
        "16,34": 32.44328657900608,
        "16,35": 70.32366583666808,
        "16,36": 50.805624347882734,
        "16,37": 19.073184333555215,
        "16,38": 76.04169118557391,
        "16,39": 38.251609876863846,
        "16,40": 54.836324448052494,
        "16,41": 94.42220521156611,
        "16,42": 49.08662884584312,
        "16,43": 64.56639700644355,
        "16,44": 53.62464477702682,
        "16,45": 23.61341205535541,
        "16,46": 62.35150841173037,
        "16,47": 69.24189721819509,
        "16,48": 53.6062169414484,
        "16,49": 13.115807469656335,
        "16,50": 4.631982828810976,
        "17,0": 47.18841623192132,
        "17,1": 21.258703987334922,
        "17,2": 88.31865698316825,
        "17,3": 12.429929139428907,
        "17,4": 19.739335121971692,
        "17,5": 47.75926126678062,
        "17,6": 79.189305628225,
        "17,7": 89.95449362028313,
        "17,8": 98.3595872752595,
        "17,9": 86.51879890513472,
        "17,10": 41.22582136329873,
        "17,11": 65.68874583124318,
        "17,12": 68.69022974740018,
        "17,13": 42.41524702989307,
        "17,14": 85.40397687354611,
        "17,15": 11.446305890513681,
        "17,16": 35.604431045759206,
        "17,17": 0.0,
        "17,18": 57.4403467859374,
        "17,19": 52.72089157484469,
        "17,20": 38.25763983595703,
        "17,21": 45.471623689356335,
        "17,22": 23.920578191251884,
        "17,23": 83.50278190545765,
        "17,24": 10.95416747643538,
        "17,25": 54.43884894338819,
        "17,26": 55.94500142096429,
        "17,27": 23.997355073552487,
        "17,28": 48.42112158743883,
        "17,29": 40.78963008383641,
        "17,30": 20.17765381532184,
        "17,31": 24.608460891876515,
        "17,32": 49.35379861487814,
        "17,33": 68.43139380850886,
        "17,34": 55.61181694196595,
        "17,35": 65.54578117265729,
        "17,36": 35.51304701002974,
        "17,37": 28.978246153349566,
        "17,38": 96.32771633183641,
        "17,39": 25.735087734104724,
        "17,40": 48.68407270961678,
        "17,41": 107.1538048106791,
        "17,42": 79.62408702491241,
        "17,43": 92.68519832665751,
        "17,44": 85.12272434950414,
        "17,45": 58.25459109019426,
        "17,46": 56.07297738975104,
