{
    "num_robots": 7,
    "num_tasks": 30,
    "num_nodes": 31,
    "robot_capacity": [
        75,
        55,
        69,
        56,
        76,
        73,
        50
    ],
    "robot_speed": [
        0.89,
        0.84,
        0.88,
        1.05,
        0.86,
        0.92,
        0.96
    ],
    "task_demand": {
        "0": 0,
        "1": 13,
        "2": 6,
        "3": 6,
        "4": 11,
        "5": 15,
        "6": 14,
        "7": 12,
        "8": 11,
        "9": 8,
        "10": 7,
        "11": 13,
        "12": 14,
        "13": 14,
        "14": 5,
        "15": 12,
        "16": 5,
        "17": 10,
        "18": 15,
        "19": 13,
        "20": 5,
        "21": 11,
        "22": 12,
        "23": 7,
        "24": 9,
        "25": 7,
        "26": 11,
        "27": 13,
        "28": 9,
        "29": 8,
        "30": 11
    },
    "task_service_time": {
        "0": 0,
        "1": 13,
        "2": 99,
        "3": 44,
        "4": 27,
        "5": 36,
        "6": 89,
        "7": 19,
        "8": 80,
        "9": 58,
        "10": 44,
        "11": 47,
        "12": 30,
        "13": 35,
        "14": 27,
        "15": 31,
        "16": 73,
        "17": 43,
        "18": 37,
        "19": 50,
        "20": 15,
        "21": 54,
        "22": 24,
        "23": 33,
        "24": 51,
        "25": 34,
        "26": 100,
        "27": 24,
        "28": 61,
        "29": 26,
        "30": 60
    },
    "task_precedence": [],
    "coordinates": {
        "0": [
            50.0,
            50.0
        ],
        "1": [
            67.2877891299396,
            48.79180914107967
        ],
        "2": [
            41.809634091963865,
            13.092536691464895
        ],
        "3": [
            9.659971305246074,
            55.820028580105884
        ],
        "4": [
            59.50699066979259,
            34.232128324569686
        ],
        "5": [
            80.56471465595332,
            12.62502646202982
        ],
        "6": [
            18.94155321872666,
            56.415266247815346
        ],
        "7": [
            22.72217736863236,
            54.6396472235497
        ],
        "8": [
            27.028201605080415,
            9.336322984130396
        ],
        "9": [
            76.9754237036754,
            22.193758893246972
        ],
        "10": [
            76.21568510251984,
            45.21053100415406
        ],
        "11": [
            70.57974497824003,
            96.68806022791246
        ],
        "12": [
            30.472788795718408,
            30.12681514813005
        ],
        "13": [
            34.401612989243155,
            56.502069562795235
        ],
        "14": [
            55.58727825522409,
            69.41140490110871
        ],
        "15": [
            91.18049567469721,
            25.318655310713588
        ],
        "16": [
            19.80921282736261,
            42.96018046888006
        ],
        "17": [
            43.79368488012667,
            34.4777520951847
        ],
        "18": [
            81.3710146063674,
            39.19054639060302
        ],
        "19": [
            92.25216877856049,
            80.12420104835421
        ],
        "20": [
            53.58954989920493,
            74.62540231887334
        ],
        "21": [
            92.74646275043239,
            90.694232940078
        ],
        "22": [
            14.191183044047229,
            54.597981680522224
        ],
        "23": [
            3.125043886968748,
            81.05069197317937
        ],
        "24": [
            49.38258718184145,
            20.7424978098565
        ],
        "25": [
            98.35998521593015,
            47.496020059653745
        ],
        "26": [
            72.81228243726635,
            76.62845163837812
        ],
        "27": [
            34.54904996816525,
            46.47379354338545
        ],
        "28": [
            88.6593887612435,
            10.3208451477091
        ],
        "29": [
            46.60315091651609,
            22.900685811871025
        ],
        "30": [
            77.34667088248068,
            0.5719682637027934
        ]
    },
    "distance_matrix_str_keys": {
        "0,0": 0.0,
        "0,1": 17.32995609206314,
        "0,2": 37.805329539343866,
        "0,3": 40.75770660582879,
        "0,4": 18.41218750633289,
        "0,5": 48.281367306278916,
        "0,6": 31.71407822238488,
        "0,7": 27.669584996297743,
        "0,8": 46.70372736675084,
        "0,9": 38.74094124411144,
        "0,10": 26.649599596553983,
        "0,11": 51.02255257447021,
        "0,12": 27.86136130150883,
        "0,13": 16.89930726203817,
        "0,14": 20.199512829177024,
        "0,15": 48.010436362161116,
        "0,16": 31.000688526776695,
        "0,17": 16.71701311196804,
        "0,18": 33.18109167532952,
        "0,19": 51.89136012183171,
        "0,20": 24.88564461381812,
        "0,21": 59.01932456624213,
        "0,22": 36.102808856366686,
        "0,23": 56.22639044622971,
        "0,24": 29.264016009329243,
        "0,25": 48.42476727488362,
        "0,26": 35.06386554068238,
        "0,27": 15.848217213962094,
        "0,28": 55.3984085437934,
        "0,29": 27.311378822075127,
        "0,30": 56.488677889282556,
        "1,0": 17.32995609206314,
        "1,1": 0.0,
        "1,2": 43.85857313651406,
        "1,3": 58.05481251127395,
        "1,4": 16.508335172150908,
        "1,5": 38.52678186374946,
        "1,6": 48.943596363987126,
        "1,7": 44.94764690057037,
        "1,8": 56.36993680635994,
        "1,9": 28.307358418271285,
        "1,10": 9.61940120751993,
        "1,11": 48.009247457964705,
        "1,12": 41.276218944636284,
        "1,13": 33.777932099635485,
        "1,14": 23.708008858534356,
        "1,15": 33.49403494322434,
        "1,16": 47.83537499267718,
        "1,17": 27.51118251937225,
        "1,18": 17.044690851511373,
        "1,19": 40.06169035214965,
        "1,20": 29.240661663139328,
        "1,21": 49.03016604852197,
        "1,22": 53.41311840173909,
        "1,23": 71.81569047700867,
        "1,24": 33.277020944761,
        "1,25": 31.09920318834213,
        "1,26": 28.379547068709545,
        "1,27": 32.82069832002133,
        "1,28": 44.008639394782065,
        "1,29": 33.13916904915559,
        "1,30": 49.2578334516567,
        "2,0": 37.805329539343866,
        "2,1": 43.85857313651406,
        "2,2": 0.0,
        "2,3": 53.471855965484764,
        "2,4": 27.569526007119745,
        "2,5": 38.75790029575828,
        "2,6": 48.98783541898538,
        "2,7": 45.721913758397356,
        "2,8": 15.251225779571326,
        "2,9": 36.32444087087054,
        "2,10": 47.06741871837581,
        "2,11": 88.40775325581679,
        "2,12": 20.461933041875817,
        "2,13": 44.03710163902099,
        "2,14": 57.97963776279262,
        "2,15": 50.862166193678334,
        "2,16": 37.09575016945318,
        "2,17": 21.477055091271342,
        "2,18": 47.39418675810077,
        "2,19": 83.89096096757486,
        "2,20": 62.65029903157998,
        "2,21": 92.82555561074867,
        "2,22": 49.85459659876742,
        "2,23": 78.1972402877622,
        "2,24": 10.764363595419368,
        "2,25": 66.19321626956287,
        "2,26": 70.69636972690945,
        "2,27": 34.16173869744702,
        "2,28": 46.93167146592391,
        "2,29": 10.916849028698199,
        "2,30": 37.67818490326755,
        "3,0": 40.75770660582879,
        "3,1": 58.05481251127395,
        "3,2": 53.471855965484764,
        "3,3": 0.0,
        "3,4": 54.320923933346855,
        "3,5": 83.02584439564743,
        "3,6": 9.30064893960148,
        "3,7": 13.11543088843332,
        "3,8": 49.62247786720658,
        "3,9": 75.24690122960926,
        "3,10": 67.39602716687939,
        "3,11": 73.35812726027653,
        "3,12": 33.06530792768721,
        "3,13": 24.75104064724087,
        "3,14": 47.89616930378269,
        "3,15": 87.03981654845715,
        "3,16": 16.382392893532153,
        "3,17": 40.25671581203325,
        "3,18": 73.61394846920174,
        "3,19": 86.09392477310651,
        "3,20": 47.78545758803124,
        "3,21": 90.10868543271573,
        "3,22": 4.6931096776691055,
        "3,23": 26.063224121676335,
        "3,24": 52.99357863946668,
        "3,25": 89.0897389467727,
        "3,26": 66.492141426544,
        "3,27": 26.586055481221717,
        "3,28": 91.16514493709666,
        "3,29": 49.482134635473166,
        "3,30": 87.37183452568526,
        "4,0": 18.41218750633289,
        "4,1": 16.508335172150908,
        "4,2": 27.569526007119745,
        "4,3": 54.320923933346855,
        "4,4": 0.0,
        "4,5": 30.171088650817733,
        "4,6": 46.23468745128577,
        "4,7": 42.06648686559696,
        "4,8": 40.92276704548597,
        "4,9": 21.214817727811226,
        "4,10": 19.992643523090088,
        "4,11": 63.42987717070112,
        "4,12": 29.323002485099334,
        "4,13": 33.55935445203094,
        "4,14": 35.3969722696949,
        "4,15": 32.90381315994332,
        "4,16": 40.64594026296754,
        "4,17": 15.715225416017416,
        "4,18": 22.419220602346588,
        "4,19": 56.37667095758723,
        "4,20": 40.82441290762552,
        "4,21": 65.5197051413713,
        "4,22": 49.681892110604295,
        "4,23": 73.28643684298,
        "4,24": 16.86634748279302,
        "4,25": 41.0546709786137,
        "4,26": 44.43511021193243,
        "4,27": 27.798510236980512,
        "4,28": 37.70426736652559,
        "4,29": 17.172963337666374,
        "4,30": 38.09541396827384,
        "5,0": 48.281367306278916,
        "5,1": 38.52678186374946,
        "5,2": 38.75790029575828,
        "5,3": 83.02584439564743,
        "5,4": 30.171088650817733,
        "5,5": 0.0,
        "5,6": 75.59761322961918,
        "5,7": 71.49117062665468,
        "5,8": 53.637429097709685,
        "5,9": 10.21976760402755,
        "5,10": 32.87444546028781,
        "5,11": 84.6539619001307,
        "5,12": 53.061413886177,
        "5,13": 63.68851440218593,
        "5,14": 62.03680444203068,
        "5,15": 16.547598616900874,
        "5,16": 67.90767681980596,
        "5,17": 42.77441113998736,
        "5,18": 26.57775326632139,
        "5,19": 68.50354117637384,
        "5,20": 67.61439284681617,
        "5,21": 79.01389742791747,
        "5,22": 78.53136105028528,
        "5,23": 103.33912284054111,
        "5,24": 32.22139684890383,
        "5,25": 39.14917430531973,
        "5,26": 64.47122334506886,
        "5,27": 57.12425430223847,
        "5,28": 8.41623433609831,
        "5,29": 35.48206570511132,
        "5,30": 12.47525621621634,
        "6,0": 31.71407822238488,
        "6,1": 48.943596363987126,
        "6,2": 48.98783541898538,
        "6,3": 9.30064893960148,
        "6,4": 46.23468745128577,
        "6,5": 75.59761322961918,
        "6,6": 0.0,
        "6,7": 4.176833954346792,
        "6,8": 47.76840777072002,
        "6,9": 67.37241044435461,
        "6,10": 58.35985156700349,
        "6,11": 65.48588231944059,
        "6,12": 28.706306888079933,
        "6,13": 15.460303455088908,
        "6,14": 38.881985331850025,
        "6,15": 78.64772100277604,
        "6,16": 13.483032541493209,
        "6,17": 33.14940384550574,
        "6,18": 64.76209248712065,
        "6,19": 77.04907490124688,
        "6,20": 39.141956130179295,
        "6,21": 81.3769760342108,
        "6,22": 5.086112463857405,
        "6,23": 29.27569244461201,
        "6,24": 46.89566031917816,
        "6,25": 79.91770951084291,
        "6,26": 57.53805984016567,
        "6,27": 18.504778688670147,
        "6,28": 83.57794116444448,
        "6,29": 43.45562206425921,
        "6,30": 80.8061365185797,
        "7,0": 27.669584996297743,
        "7,1": 44.94764690057037,
        "7,2": 45.721913758397356,
        "7,3": 13.11543088843332,
        "7,4": 42.06648686559696,
        "7,5": 71.49117062665468,
        "7,6": 4.176833954346792,
        "7,7": 0.0,
        "7,8": 45.507505225696946,
        "7,9": 63.21511217607176,
        "7,10": 54.3181700939414,
        "7,11": 63.70569687001024,
        "7,12": 25.708965631689647,
        "7,13": 11.826995957795585,
        "7,14": 36.03220339044472,
        "7,15": 74.47322949924418,
        "7,16": 12.037246615905493,
        "7,17": 29.163512202307693,
        "7,18": 60.64949155504018,
        "7,19": 74.05323888334688,
        "7,20": 36.77261336472296,
        "7,21": 78.76124487603188,
        "7,22": 8.531096071641644,
        "7,23": 32.887549702966346,
        "7,24": 43.125331184612335,
        "7,25": 75.97439953695913,
        "7,26": 54.703986558388685,
        "7,27": 14.37205906651632,
        "7,28": 79.44729110341915,
        "7,29": 39.719800718114776,
        "7,30": 76.85798071605531,
        "8,0": 46.70372736675084,
        "8,1": 56.36993680635994,
        "8,2": 15.251225779571326,
        "8,3": 49.62247786720658,
        "8,4": 40.92276704548597,
        "8,5": 53.637429097709685,
        "8,6": 47.76840777072002,
        "8,7": 45.507505225696946,
        "8,8": 0.0,
        "8,9": 51.57556256138576,
        "8,10": 60.87994196674966,
        "8,11": 97.60667461649817,
        "8,12": 21.073911486367173,
        "8,13": 47.73860959184855,
        "8,14": 66.51793988421798,
        "8,15": 66.11317403507365,
        "8,16": 34.39007983601625,
        "8,17": 30.218750589526767,
        "8,18": 62.00335458744489,
        "8,19": 96.25533530502413,
        "8,20": 70.4852403243413,
        "8,21": 104.58489068870684,
        "8,22": 47.046857424114656,
        "8,23": 75.59306627194316,
        "8,24": 25.096202475066416,
        "8,25": 80.89737841241084,
        "8,26": 81.39049475502631,
        "8,27": 37.89135626551327,
        "8,28": 61.63905023739886,
        "8,29": 23.815343362376026,
        "8,30": 51.076043935353454,
        "9,0": 38.74094124411144,
        "9,1": 28.307358418271285,
        "9,2": 36.32444087087054,
        "9,3": 75.24690122960926,
        "9,4": 21.214817727811226,
        "9,5": 10.21976760402755,
        "9,6": 67.37241044435461,
        "9,7": 63.21511217607176,
        "9,8": 51.57556256138576,
        "9,9": 0.0,
        "9,10": 23.029307439597837,
        "9,11": 74.7683464956858,
        "9,12": 47.1744468428182,
        "9,13": 54.67713909621228,
        "9,14": 51.83588390533965,
        "9,15": 14.544725756156598,
        "9,16": 60.8212128373973,
        "9,17": 35.38254202766463,
        "9,18": 17.555967777770253,
        "9,19": 59.91089273553893,
        "9,20": 57.410594195763615,
        "9,21": 70.29253599959887,
        "9,22": 70.65334054136065,
        "9,23": 94.43525385494272,
        "9,24": 27.63097511947085,
        "9,25": 33.12859627579266,
        "9,26": 54.593658234825334,
        "9,27": 48.882688867912236,
        "9,28": 16.657764564174105,
        "9,29": 30.380498678031824,
        "9,30": 21.62497756058062,
        "10,0": 26.649599596553983,
        "10,1": 9.61940120751993,
        "10,2": 47.06741871837581,
        "10,3": 67.39602716687939,
        "10,4": 19.992643523090088,
        "10,5": 32.87444546028781,
        "10,6": 58.35985156700349,
        "10,7": 54.3181700939414,
        "10,8": 60.87994196674966,
        "10,9": 23.029307439597837,
        "10,10": 0.0,
        "10,11": 51.78513141884808,
        "10,12": 48.165662525912154,
        "10,13": 43.31183983295542,
        "10,14": 31.79958280282713,
        "10,15": 24.892413986281838,
        "10,16": 56.45134358064198,
        "10,17": 34.15228603665764,
        "10,18": 7.9257578212201505,
        "10,19": 38.42047845416812,
        "10,20": 37.11033075438942,
        "10,21": 48.39456324258641,
        "10,22": 62.73087824829746,
        "10,23": 81.40490753993926,
        "10,24": 36.313906322756885,
        "10,25": 22.26192911082938,
        "10,26": 31.60172284354536,
        "10,27": 41.68578073711056,
        "10,28": 37.04235332572093,
        "10,29": 37.07602154251283,
        "10,30": 44.65288806300974,
        "11,0": 51.02255257447021,
        "11,1": 48.009247457964705,
        "11,2": 88.40775325581679,
        "11,3": 73.35812726027653,
        "11,4": 63.42987717070112,
        "11,5": 84.6539619001307,
        "11,6": 65.48588231944059,
        "11,7": 63.70569687001024,
        "11,8": 97.60667461649817,
        "11,9": 74.7683464956858,
        "11,10": 51.78513141884808,
        "11,11": 0.0,
        "11,12": 77.71079256317984,
        "11,13": 54.071906568477566,
        "11,14": 31.125391310921565,
        "11,15": 74.2831265328316,
        "11,16": 73.92112010977864,
        "11,17": 67.7319382090065,
        "11,18": 58.50141534748142,
        "11,19": 27.277378618572072,
        "11,20": 27.84650072872631,
        "11,21": 22.962781677062072,
        "11,22": 70.365081035495,
        "11,23": 69.24351222495063,
        "11,24": 78.84825901464315,
        "11,25": 56.49423478178421,
        "11,26": 20.18346155324392,
        "11,27": 61.80358858168211,
        "11,28": 88.23927334260183,
        "11,29": 77.58513830633919,
        "11,30": 96.35400573233005,
        "12,0": 27.86136130150883,
        "12,1": 41.276218944636284,
        "12,2": 20.461933041875817,
        "12,3": 33.06530792768721,
        "12,4": 29.323002485099334,
        "12,5": 53.061413886177,
        "12,6": 28.706306888079933,
        "12,7": 25.708965631689647,
        "12,8": 21.073911486367173,
        "12,9": 47.1744468428182,
        "12,10": 48.165662525912154,
        "12,11": 77.71079256317984,
        "12,12": 0.0,
        "12,13": 26.66626529872417,
        "12,14": 46.62635062785268,
        "12,15": 60.89781667290015,
        "12,16": 16.685536188229744,
        "12,17": 14.013455134578644,
        "12,18": 51.698942104337064,
        "12,19": 79.47597365191774,
        "12,20": 50.14487914142288,
        "12,21": 86.8701477252249,
        "12,22": 29.392663664746735,
        "12,23": 57.80259840601318,
        "12,24": 21.11032654672218,
        "12,25": 70.07396604342378,
        "12,26": 62.88906835129496,
        "12,27": 16.847540111272757,
        "12,28": 61.465086538665346,
        "12,29": 17.674997237125897,
        "12,30": 55.41344418320912,
        "13,0": 16.89930726203817,
        "13,1": 33.777932099635485,
        "13,2": 44.03710163902099,
        "13,3": 24.75104064724087,
        "13,4": 33.55935445203094,
        "13,5": 63.68851440218593,
        "13,6": 15.460303455088908,
        "13,7": 11.826995957795585,
        "13,8": 47.73860959184855,
        "13,9": 54.67713909621228,
        "13,10": 43.31183983295542,
        "13,11": 54.071906568477566,
        "13,12": 26.66626529872417,
        "13,13": 0.0,
        "13,14": 24.808936930856596,
        "13,15": 64.77844428068246,
        "13,16": 19.907810093436947,
        "13,17": 23.943299152740394,
        "13,18": 50.05810147031209,
        "13,19": 62.48753396521544,
        "13,20": 26.393789289304543,
        "13,21": 67.62562776103849,
        "13,22": 20.299926828269385,
        "13,23": 39.76001304145863,
        "13,24": 38.77082098321972,
        "13,25": 64.58933584997203,
        "13,26": 43.364164731926365,
        "13,27": 10.029359779378895,
        "13,28": 71.25034540408359,
        "13,29": 35.748154046993164,
        "13,30": 70.51563109538384,
        "14,0": 20.199512829177024,
        "14,1": 23.708008858534356,
        "14,2": 57.97963776279262,
        "14,3": 47.89616930378269,
        "14,4": 35.3969722696949,
        "14,5": 62.03680444203068,
        "14,6": 38.881985331850025,
        "14,7": 36.03220339044472,
        "14,8": 66.51793988421798,
        "14,9": 51.83588390533965,
        "14,10": 31.79958280282713,
        "14,11": 31.125391310921565,
        "14,12": 46.62635062785268,
        "14,13": 24.808936930856596,
        "14,14": 0.0,
        "14,15": 56.6661070897867,
        "14,16": 44.49423827558425,
        "14,17": 36.87070575757921,
        "14,18": 39.72532377888534,
        "14,19": 38.197882119047925,
        "14,20": 5.5836088380991775,
        "14,21": 42.8224679541624,
        "14,22": 43.96673977275358,
        "14,23": 53.73787340838697,
        "14,24": 49.06282410107528,
        "14,25": 48.06025960703403,
        "14,26": 18.675827496507466,
        "14,27": 31.124605447400587,
        "14,28": 67.71601542687262,
        "14,29": 47.370471121111926,
        "14,30": 72.19653180079034,
        "15,0": 48.010436362161116,
        "15,1": 33.49403494322434,
        "15,2": 50.862166193678334,
        "15,3": 87.03981654845715,
        "15,4": 32.90381315994332,
        "15,5": 16.547598616900874,
        "15,6": 78.64772100277604,
        "15,7": 74.47322949924418,
        "15,8": 66.11317403507365,
        "15,9": 14.544725756156598,
        "15,10": 24.892413986281838,
        "15,11": 74.2831265328316,
        "15,12": 60.89781667290015,
        "15,13": 64.77844428068246,
        "15,14": 56.6661070897867,
        "15,15": 0.0,
        "15,16": 73.51927247450466,
        "15,17": 48.26384662651472,
        "15,18": 16.98985817957987,
        "15,19": 54.81602253759536,
        "15,20": 62.00189113908278,
        "15,21": 65.39433005433528,
        "15,22": 82.36888497490865,
        "15,23": 104.21047212294646,
        "15,24": 42.04766785268589,
        "15,25": 23.310525032272583,
        "15,26": 54.49849958230178,
        "15,27": 60.4537882721615,
        "15,28": 15.208230987020968,
        "15,29": 44.642874483920394,
        "15,30": 28.350894662857407,
        "16,0": 31.000688526776695,
        "16,1": 47.83537499267718,
        "16,2": 37.09575016945318,
        "16,3": 16.382392893532153,
        "16,4": 40.64594026296754,
        "16,5": 67.90767681980596,
        "16,6": 13.483032541493209,
        "16,7": 12.037246615905493,
        "16,8": 34.39007983601625,
        "16,9": 60.8212128373973,
        "16,10": 56.45134358064198,
        "16,11": 73.92112010977864,
        "16,12": 16.685536188229744,
        "16,13": 19.907810093436947,
        "16,14": 44.49423827558425,
        "16,15": 73.51927247450466,
        "16,16": 0.0,
        "16,17": 25.440253354962728,
        "16,18": 61.67710741727099,
        "16,19": 81.41956946937741,
        "16,20": 46.30116032559634,
        "16,21": 87.16869960979926,
        "16,22": 12.922874126444105,
        "16,23": 41.584234511299606,
        "16,24": 36.98932134342591,
        "16,25": 78.68162227377988,
        "16,26": 62.79233927490801,
        "16,27": 15.152830619218314,
        "16,28": 76.19496660760598,
        "16,29": 33.47085962774132,
        "16,30": 71.46551345506174,
        "17,0": 16.71701311196804,
        "17,1": 27.51118251937225,
        "17,2": 21.477055091271342,
        "17,3": 40.25671581203325,
        "17,4": 15.715225416017416,
        "17,5": 42.77441113998736,
        "17,6": 33.14940384550574,
        "17,7": 29.163512202307693,
        "17,8": 30.218750589526767,
        "17,9": 35.38254202766463,
        "17,10": 34.15228603665764,
        "17,11": 67.7319382090065,
        "17,12": 14.013455134578644,
        "17,13": 23.943299152740394,
        "17,14": 36.87070575757921,
        "17,15": 48.26384662651472,
        "17,16": 25.440253354962728,
        "17,17": 0.0,
        "17,18": 37.87170631785083,
        "17,19": 66.57193826056952,
        "17,20": 41.32544966428857,
        "17,21": 74.54305587916119,
        "17,22": 35.79290088162425,
        "17,23": 61.8302279561516,
        "17,24": 14.828790888698224,
        "17,25": 56.09774000021595,
        "17,26": 51.173826084862945,
        "17,27": 15.144909543553116,
        "17,28": 50.95574097211282,
        "17,29": 11.91308369557874,
        "17,30": 47.701205927118274,
        "18,0": 33.18109167532952,
        "18,1": 17.044690851511373,
        "18,2": 47.39418675810077,
        "18,3": 73.61394846920174,
        "18,4": 22.419220602346588,
        "18,5": 26.57775326632139,
        "18,6": 64.76209248712065,
        "18,7": 60.64949155504018,
        "18,8": 62.00335458744489,
        "18,9": 17.555967777770253,
        "18,10": 7.9257578212201505,
        "18,11": 58.50141534748142,
        "18,12": 51.698942104337064,
        "18,13": 50.05810147031209,
        "18,14": 39.72532377888534,
        "18,15": 16.98985817957987,
        "18,16": 61.67710741727099,
        "18,17": 37.87170631785083,
        "18,18": 0.0,
        "18,19": 42.355207469201126,
        "18,20": 45.027089578747905,
        "18,21": 52.74495756624401,
        "18,22": 68.9240076530287,
        "18,23": 88.73952739346473,
        "18,24": 36.92681932595532,
        "18,25": 18.910473691578485,
        "18,26": 38.40375822343162,
        "18,27": 47.38504048399205,
        "18,28": 29.775494079450915,
        "18,29": 38.39484214358235,
        "18,30": 38.82769525675562,
        "19,0": 51.89136012183171,
        "19,1": 40.06169035214965,
        "19,2": 83.89096096757486,
        "19,3": 86.09392477310651,
        "19,4": 56.37667095758723,
        "19,5": 68.50354117637384,
        "19,6": 77.04907490124688,
        "19,7": 74.05323888334688,
        "19,8": 96.25533530502413,
        "19,9": 59.91089273553893,
        "19,10": 38.42047845416812,
        "19,11": 27.277378618572072,
        "19,12": 79.47597365191774,
        "19,13": 62.48753396521544,
        "19,14": 38.197882119047925,
        "19,15": 54.81602253759536,
        "19,16": 81.41956946937741,
        "19,17": 66.57193826056952,
        "19,18": 42.355207469201126,
        "19,19": 0.0,
        "19,20": 39.051695047432204,
        "19,21": 10.581583091517395,
        "19,22": 82.1285904485068,
        "19,23": 89.13194027325544,
        "19,24": 73.23924976256079,
        "19,25": 33.19493359330603,
        "19,26": 19.751694734877375,
        "19,27": 66.79820241366565,
        "19,28": 69.89575497299502,
        "19,29": 73.20084376418943,
        "19,30": 80.93659004772444,
        "20,0": 24.88564461381812,
        "20,1": 29.240661663139328,
        "20,2": 62.65029903157998,
        "20,3": 47.78545758803124,
        "20,4": 40.82441290762552,
        "20,5": 67.61439284681617,
        "20,6": 39.141956130179295,
        "20,7": 36.77261336472296,
        "20,8": 70.4852403243413,
        "20,9": 57.410594195763615,
        "20,10": 37.11033075438942,
        "20,11": 27.84650072872631,
        "20,12": 50.14487914142288,
        "20,13": 26.393789289304543,
        "20,14": 5.5836088380991775,
        "20,15": 62.00189113908278,
        "20,16": 46.30116032559634,
        "20,17": 41.32544966428857,
        "20,18": 45.027089578747905,
        "20,19": 39.051695047432204,
        "20,20": 0.0,
        "20,21": 42.325773963054544,
        "20,22": 44.19648049651738,
        "20,23": 50.871904959424846,
        "20,24": 54.04688643791716,
        "20,25": 52.34878470619863,
        "20,26": 19.326811759993255,
        "20,27": 33.98608118439149,
        "20,28": 73.24595327244285,
        "20,29": 52.194406486472026,
        "20,30": 77.77089360922564,
        "21,0": 59.01932456624213,
        "21,1": 49.03016604852197,
        "21,2": 92.82555561074867,
        "21,3": 90.10868543271573,
        "21,4": 65.5197051413713,
        "21,5": 79.01389742791747,
        "21,6": 81.3769760342108,
        "21,7": 78.76124487603188,
        "21,8": 104.58489068870684,
        "21,9": 70.29253599959887,
        "21,10": 48.39456324258641,
        "21,11": 22.962781677062072,
        "21,12": 86.8701477252249,
        "21,13": 67.62562776103849,
        "21,14": 42.8224679541624,
        "21,15": 65.39433005433528,
        "21,16": 87.16869960979926,
        "21,17": 74.54305587916119,
        "21,18": 52.74495756624401,
        "21,19": 10.581583091517395,
        "21,20": 42.325773963054544,
        "21,21": 0.0,
        "21,22": 86.45155478498575,
        "21,23": 90.13876303500425,
        "21,24": 82.30231437849669,
        "21,25": 43.56141906013967,
        "21,26": 24.397084833747375,
        "21,27": 73.09162821408583,
        "21,28": 80.47723677547347,
        "21,29": 82.00713541653835,
        "21,30": 91.42853044851402,
        "22,0": 36.102808856366686,
        "22,1": 53.41311840173909,
        "22,2": 49.85459659876742,
        "22,3": 4.6931096776691055,
        "22,4": 49.681892110604295,
        "22,5": 78.53136105028528,
        "22,6": 5.086112463857405,
        "22,7": 8.531096071641644,
        "22,8": 47.046857424114656,
        "22,9": 70.65334054136065,
        "22,10": 62.73087824829746,
        "22,11": 70.365081035495,
        "22,12": 29.392663664746735,
        "22,13": 20.299926828269385,
        "22,14": 43.96673977275358,
        "22,15": 82.36888497490865,
        "22,16": 12.922874126444105,
        "22,17": 35.79290088162425,
        "22,18": 68.9240076530287,
        "22,19": 82.1285904485068,
        "22,20": 44.19648049651738,
        "22,21": 86.45155478498575,
        "22,22": 0.0,
        "22,23": 28.674122788170433,
        "22,24": 48.832660313630946,
        "22,25": 84.46789400662155,
        "22,26": 62.62407604614751,
        "22,27": 21.919059710391146,
        "22,28": 86.63705028614511,
        "22,29": 45.3349117871731,
        "22,30": 83.1109244914582,
        "23,0": 56.22639044622971,
        "23,1": 71.81569047700867,
        "23,2": 78.1972402877622,
        "23,3": 26.063224121676335,
        "23,4": 73.28643684298,
        "23,5": 103.33912284054111,
        "23,6": 29.27569244461201,
        "23,7": 32.887549702966346,
        "23,8": 75.59306627194316,
        "23,9": 94.43525385494272,
        "23,10": 81.40490753993926,
        "23,11": 69.24351222495063,
        "23,12": 57.80259840601318,
        "23,13": 39.76001304145863,
        "23,14": 53.73787340838697,
        "23,15": 104.21047212294646,
        "23,16": 41.584234511299606,
        "23,17": 61.8302279561516,
        "23,18": 88.73952739346473,
        "23,19": 89.13194027325544,
        "23,20": 50.871904959424846,
        "23,21": 90.13876303500425,
        "23,22": 28.674122788170433,
        "23,23": 0.0,
        "23,24": 76.00551687159343,
        "23,25": 100.97331358906206,
        "23,26": 69.8274117116253,
        "23,27": 46.722907264160696,
        "23,28": 110.99024905380588,
        "23,29": 72.60694875446131,
        "23,30": 109.47910706507965,
        "24,0": 29.264016009329243,
        "24,1": 33.277020944761,
        "24,2": 10.764363595419368,
        "24,3": 52.99357863946668,
        "24,4": 16.86634748279302,
        "24,5": 32.22139684890383,
        "24,6": 46.89566031917816,
        "24,7": 43.125331184612335,
        "24,8": 25.096202475066416,
        "24,9": 27.63097511947085,
        "24,10": 36.313906322756885,
        "24,11": 78.84825901464315,
        "24,12": 21.11032654672218,
        "24,13": 38.77082098321972,
        "24,14": 49.06282410107528,
        "24,15": 42.04766785268589,
        "24,16": 36.98932134342591,
        "24,17": 14.828790888698224,
        "24,18": 36.92681932595532,
        "24,19": 73.23924976256079,
        "24,20": 54.04688643791716,
        "24,21": 82.30231437849669,
        "24,22": 48.832660313630946,
        "24,23": 76.00551687159343,
        "24,24": 0.0,
        "24,25": 55.80803231578723,
        "24,26": 60.59860109842248,
        "24,27": 29.700730738415206,
        "24,28": 40.6359199049088,
        "24,29": 3.518954589795843,
        "24,30": 34.479562633371906,
        "25,0": 48.42476727488362,
        "25,1": 31.09920318834213,
        "25,2": 66.19321626956287,
        "25,3": 89.0897389467727,
        "25,4": 41.0546709786137,
        "25,5": 39.14917430531973,
        "25,6": 79.91770951084291,
        "25,7": 75.97439953695913,
        "25,8": 80.89737841241084,
        "25,9": 33.12859627579266,
        "25,10": 22.26192911082938,
        "25,11": 56.49423478178421,
        "25,12": 70.07396604342378,
        "25,13": 64.58933584997203,
        "25,14": 48.06025960703403,
        "25,15": 23.310525032272583,
        "25,16": 78.68162227377988,
        "25,17": 56.09774000021595,
        "25,18": 18.910473691578485,
        "25,19": 33.19493359330603,
        "25,20": 52.34878470619863,
        "25,21": 43.56141906013967,
        "25,22": 84.46789400662155,
        "25,23": 100.97331358906206,
        "25,24": 55.80803231578723,
        "25,25": 0.0,
        "25,26": 38.74769266622212,
        "25,27": 63.81912255934742,
        "25,28": 38.41998440018369,
        "25,29": 57.30358072107848,
        "25,30": 51.414258880445225,
        "26,0": 35.06386554068238,
        "26,1": 28.379547068709545,
        "26,2": 70.69636972690945,
        "26,3": 66.492141426544,
        "26,4": 44.43511021193243,
        "26,5": 64.47122334506886,
        "26,6": 57.53805984016567,
        "26,7": 54.703986558388685,
        "26,8": 81.39049475502631,
        "26,9": 54.593658234825334,
        "26,10": 31.60172284354536,
        "26,11": 20.18346155324392,
        "26,12": 62.88906835129496,
        "26,13": 43.364164731926365,
        "26,14": 18.675827496507466,
        "26,15": 54.49849958230178,
        "26,16": 62.79233927490801,
        "26,17": 51.173826084862945,
        "26,18": 38.40375822343162,
        "26,19": 19.751694734877375,
        "26,20": 19.326811759993255,
        "26,21": 24.397084833747375,
        "26,22": 62.62407604614751,
        "26,23": 69.8274117116253,
        "26,24": 60.59860109842248,
        "26,25": 38.74769266622212,
        "26,26": 0.0,
        "26,27": 48.717331246799425,
        "26,28": 68.17499143648536,
        "26,29": 59.779523214726034,
        "26,30": 76.19153064412315,
        "27,0": 15.848217213962094,
        "27,1": 32.82069832002133,
        "27,2": 34.16173869744702,
        "27,3": 26.586055481221717,
        "27,4": 27.798510236980512,
        "27,5": 57.12425430223847,
        "27,6": 18.504778688670147,
        "27,7": 14.37205906651632,
        "27,8": 37.89135626551327,
        "27,9": 48.882688867912236,
        "27,10": 41.68578073711056,
        "27,11": 61.80358858168211,
        "27,12": 16.847540111272757,
        "27,13": 10.029359779378895,
        "27,14": 31.124605447400587,
        "27,15": 60.4537882721615,
        "27,16": 15.152830619218314,
        "27,17": 15.144909543553116,
        "27,18": 47.38504048399205,
        "27,19": 66.79820241366565,
        "27,20": 33.98608118439149,
        "27,21": 73.09162821408583,
        "27,22": 21.919059710391146,
        "27,23": 46.722907264160696,
        "27,24": 29.700730738415206,
        "27,25": 63.81912255934742,
        "27,26": 48.717331246799425,
        "27,27": 0.0,
        "27,28": 65.07660441358435,
        "27,29": 26.476267822233137,
        "27,30": 62.75837728886848,
        "28,0": 55.3984085437934,
        "28,1": 44.008639394782065,
        "28,2": 46.93167146592391,
        "28,3": 91.16514493709666,
        "28,4": 37.70426736652559,
        "28,5": 8.41623433609831,
        "28,6": 83.57794116444448,
        "28,7": 79.44729110341915,
        "28,8": 61.63905023739886,
        "28,9": 16.657764564174105,
        "28,10": 37.04235332572093,
        "28,11": 88.23927334260183,
        "28,12": 61.465086538665346,
        "28,13": 71.25034540408359,
        "28,14": 67.71601542687262,
        "28,15": 15.208230987020968,
        "28,16": 76.19496660760598,
        "28,17": 50.95574097211282,
        "28,18": 29.775494079450915,
        "28,19": 69.89575497299502,
        "28,20": 73.24595327244285,
        "28,21": 80.47723677547347,
        "28,22": 86.63705028614511,
        "28,23": 110.99024905380588,
        "28,24": 40.6359199049088,
        "28,25": 38.41998440018369,
        "28,26": 68.17499143648536,
        "28,27": 65.07660441358435,
        "28,28": 0.0,
        "28,29": 43.897375010221104,
        "28,30": 14.933793433149951,
        "29,0": 27.311378822075127,
        "29,1": 33.13916904915559,
        "29,2": 10.916849028698199,
        "29,3": 49.482134635473166,
        "29,4": 17.172963337666374,
        "29,5": 35.48206570511132,
        "29,6": 43.45562206425921,
        "29,7": 39.719800718114776,
        "29,8": 23.815343362376026,
        "29,9": 30.380498678031824,
        "29,10": 37.07602154251283,
        "29,11": 77.58513830633919,
        "29,12": 17.674997237125897,
        "29,13": 35.748154046993164,
        "29,14": 47.370471121111926,
        "29,15": 44.642874483920394,
        "29,16": 33.47085962774132,
        "29,17": 11.91308369557874,
        "29,18": 38.39484214358235,
        "29,19": 73.20084376418943,
        "29,20": 52.194406486472026,
        "29,21": 82.00713541653835,
        "29,22": 45.3349117871731,
        "29,23": 72.60694875446131,
        "29,24": 3.518954589795843,
        "29,25": 57.30358072107848,
        "29,26": 59.779523214726034,
        "29,27": 26.476267822233137,
        "29,28": 43.897375010221104,
        "29,29": 0.0,
        "29,30": 37.99652151504844,
        "30,0": 56.488677889282556,
        "30,1": 49.2578334516567,
        "30,2": 37.67818490326755,
        "30,3": 87.37183452568526,
        "30,4": 38.09541396827384,
        "30,5": 12.47525621621634,
        "30,6": 80.8061365185797,
        "30,7": 76.85798071605531,
        "30,8": 51.076043935353454,
        "30,9": 21.62497756058062,
        "30,10": 44.65288806300974,
        "30,11": 96.35400573233005,
        "30,12": 55.41344418320912,
        "30,13": 70.51563109538384,
        "30,14": 72.19653180079034,
        "30,15": 28.350894662857407,
        "30,16": 71.46551345506174,
        "30,17": 47.701205927118274,
        "30,18": 38.82769525675562,
        "30,19": 80.93659004772444,
        "30,20": 77.77089360922564,
        "30,21": 91.42853044851402,
        "30,22": 83.1109244914582,
        "30,23": 109.47910706507965,
        "30,24": 34.479562633371906,
        "30,25": 51.414258880445225,
        "30,26": 76.19153064412315,
        "30,27": 62.75837728886848,
        "30,28": 14.933793433149951,
        "30,29": 37.99652151504844,
        "30,30": 0.0
    }
}