{
    "num_robots": 5,
    "num_tasks": 30,
    "num_nodes": 31,
    "robot_capacity": [
        94,
        86,
        87,
        87,
        77
    ],
    "robot_speed": [
        1.05,
        0.85,
        1.06,
        0.93,
        1.03
    ],
    "task_demand": {
        "0": 0,
        "1": 7,
        "2": 11,
        "3": 14,
        "4": 10,
        "5": 11,
        "6": 9,
        "7": 13,
        "8": 15,
        "9": 10,
        "10": 7,
        "11": 9,
        "12": 9,
        "13": 14,
        "14": 14,
        "15": 13,
        "16": 15,
        "17": 9,
        "18": 10,
        "19": 14,
        "20": 6,
        "21": 12,
        "22": 12,
        "23": 7,
        "24": 11,
        "25": 5,
        "26": 5,
        "27": 9,
        "28": 14,
        "29": 9,
        "30": 14
    },
    "task_service_time": {
        "0": 0,
        "1": 46,
        "2": 67,
        "3": 85,
        "4": 36,
        "5": 81,
        "6": 19,
        "7": 95,
        "8": 96,
        "9": 67,
        "10": 17,
        "11": 82,
        "12": 44,
        "13": 41,
        "14": 15,
        "15": 71,
        "16": 89,
        "17": 38,
        "18": 73,
        "19": 26,
        "20": 67,
        "21": 93,
        "22": 90,
        "23": 26,
        "24": 19,
        "25": 97,
        "26": 43,
        "27": 58,
        "28": 10,
        "29": 59,
        "30": 59
    },
    "task_precedence": [],
    "coordinates": {
        "0": [
            0,
            100
        ],
        "1": [
            22.215287406619723,
            79.18237249384256
        ],
        "2": [
            68.90608574781886,
            22.485052861920842
        ],
        "3": [
            86.89320295775964,
            86.1689507277802
        ],
        "4": [
            25.601367085727013,
            88.39885038318815
        ],
        "5": [
            28.949154888590535,
            20.461945589484078
        ],
        "6": [
            89.63118656313405,
            76.94860181561775
        ],
        "7": [
            14.596687849204615,
            53.67994561053225
        ],
        "8": [
            20.27482310965263,
            61.41900760371877
        ],
        "9": [
            90.07228119885998,
            80.54536164351427
        ],
        "10": [
            90.00301008706926,
            37.69669701193339
        ],
        "11": [
            51.945871256718526,
            43.64137679270145
        ],
        "12": [
            6.252276901773957,
            78.24191924507463
        ],
        "13": [
            33.47641706637676,
            62.479633716385116
        ],
        "14": [
            15.532117911037025,
            91.49784838429524
        ],
        "15": [
            94.65768140544898,
            82.05049010701563
        ],
        "16": [
            43.00498008284713,
            63.04527973502607
        ],
        "17": [
            45.8382376767975,
            33.3947968165615
        ],
        "18": [
            60.230169611946714,
            74.95458016014376
        ],
        "19": [
            82.33199262797028,
            25.808030322796515
        ],
        "20": [
            14.810262214769443,
            34.10075535355256
        ],
        "21": [
            89.80444537039129,
            17.25877810497701
        ],
        "22": [
            93.37764331761672,
            3.684885331559884
        ],
        "23": [
            45.63190641477088,
            61.96921470731972
        ],
        "24": [
            15.042422560097602,
            9.55196748699919
        ],
        "25": [
            34.543721676747765,
            5.2855901825057945
        ],
        "26": [
            5.933593605905685,
            49.49067070786989
        ],
        "27": [
            73.8250857789123,
            19.462019987316836
        ],
        "28": [
            93.03665238104357,
            79.1874037080845
        ],
        "29": [
            29.04357911262274,
            33.72568684735627
        ],
        "30": [
            1.4880432421722434,
            82.34526670360341
        ]
    },
    "distance_matrix_str_keys": {
        "0,0": 0.0,
        "0,1": 30.444911061519615,
        "0,2": 103.7141055156191,
        "0,3": 87.98708225773248,
        "0,4": 28.107235173346385,
        "0,5": 84.64251690594861,
        "0,6": 92.54791495744398,
        "0,7": 48.56553031534165,
        "0,8": 43.583958360956785,
        "0,9": 92.14932877643847,
        "0,10": 109.46343402230683,
        "0,11": 76.64638250068836,
        "0,12": 22.63857426151899,
        "0,13": 50.28367911816542,
        "0,14": 17.70687066928508,
        "0,15": 96.34449415744433,
        "0,16": 56.701672477878056,
        "0,17": 80.85417196670623,
        "0,18": 65.22995007232899,
        "0,19": 110.82872089253415,
        "0,20": 67.54298121820327,
        "0,21": 122.11039353374072,
        "0,22": 134.14911697490527,
        "0,23": 59.40211707527228,
        "0,24": 91.69035424704926,
        "0,25": 100.81710239020389,
        "0,26": 50.85666012058674,
        "0,27": 109.25433407781638,
        "0,28": 95.33615710044849,
        "0,29": 72.35892530659822,
        "0,30": 17.717332769281857,
        "1,0": 30.444911061519615,
        "1,1": 0.0,
        "1,2": 73.44805445471528,
        "1,3": 65.05417000822713,
        "1,4": 9.818808495844053,
        "1,5": 59.105274782330994,
        "1,6": 67.45289608700435,
        "1,7": 26.616101069744122,
        "1,8": 17.869038415860178,
        "1,9": 67.87068104816878,
        "1,10": 79.47475458528835,
        "1,11": 46.33648661148455,
        "1,12": 15.990689687781902,
        "1,13": 20.144342230061532,
        "1,14": 14.011984189079296,
        "1,15": 72.4991485944808,
        "1,16": 26.31761927452085,
        "1,17": 51.5222851382781,
        "1,18": 38.249254856817394,
        "1,19": 80.3917822222064,
        "1,20": 45.685737403216194,
        "1,21": 91.66692869453198,
        "1,22": 103.74946489800536,
        "1,23": 29.062533385041267,
        "1,24": 69.99888064478968,
        "1,25": 74.91812015475269,
        "1,26": 33.862821913823765,
        "1,27": 78.93093051226741,
        "1,28": 70.82136515313486,
        "1,29": 45.96668182048539,
        "1,30": 20.967177932062313,
        "2,0": 103.7141055156191,
        "2,1": 73.44805445471528,
        "2,2": 0.0,
        "2,3": 66.17533704419914,
        "2,4": 78.86651610206673,
        "2,5": 40.00811526084352,
        "2,6": 58.27356148749377,
        "2,7": 62.630919151066074,
        "2,8": 62.296488967025034,
        "2,9": 61.79811716942231,
        "2,10": 26.009120214314564,
        "2,11": 27.115289374230365,
        "2,12": 83.87090026812399,
        "2,13": 53.430589745959566,
        "2,14": 87.2441768168792,
        "2,15": 64.89365140838818,
        "2,16": 48.12483016765668,
        "2,17": 25.51760427202253,
        "2,18": 53.18197829806303,
        "2,19": 13.831021464808188,
        "2,20": 55.32885926976014,
        "2,21": 21.541944729978162,
        "2,22": 30.85941394552996,
        "2,23": 45.83324623306242,
        "2,24": 55.394574728174334,
        "2,25": 38.426469796397235,
        "2,26": 68.51888908764326,
        "2,27": 5.773672060901428,
        "2,28": 61.62337898494316,
        "2,29": 41.41704102945527,
        "2,30": 90.15784855721182,
        "3,0": 87.98708225773248,
        "3,1": 65.05417000822713,
        "3,2": 66.17533704419914,
        "3,3": 0.0,
        "3,4": 61.33238620041922,
        "3,5": 87.60663919410591,
        "3,6": 9.618284061375727,
        "3,7": 79.2610973324877,
        "3,8": 71.0673498748261,
        "3,9": 6.459976211389061,
        "3,10": 48.57190834911606,
        "3,11": 55.04462315091441,
        "3,12": 81.02960436343471,
        "3,13": 58.43403764444327,
        "3,14": 71.55977647588895,
        "3,15": 8.78913212151352,
        "3,16": 49.60726022770389,
        "3,17": 66.86270631126149,
        "3,18": 28.92541191458131,
        "3,19": 60.53301043075054,
        "3,20": 88.92157958384554,
        "3,21": 68.97164071768657,
        "3,22": 82.73855818823829,
        "3,23": 47.834316299790764,
        "3,24": 105.03664486583325,
        "3,25": 96.34617897710248,
        "3,26": 88.88056351994935,
        "3,27": 67.97492401917829,
        "3,28": 9.299675779545728,
        "3,29": 78.08248782829354,
        "3,30": 85.49071215963602,
        "4,0": 28.107235173346385,
        "4,1": 9.818808495844053,
        "4,2": 78.86651610206673,
        "4,3": 61.33238620041922,
        "4,4": 0.0,
        "4,5": 68.0193407504205,
        "4,6": 65.04556844680876,
        "4,7": 36.421220651036606,
        "4,8": 27.500617940947077,
        "4,9": 64.94748687953332,
        "4,10": 81.96511439481175,
        "4,11": 51.935193676528286,
        "4,12": 21.85292980566058,
        "4,13": 27.089152899609314,
        "4,14": 10.535348477998284,
        "4,15": 69.34750338419056,
        "4,16": 30.75206155633918,
        "4,17": 58.6086754677161,
        "4,18": 37.14703711240182,
        "4,19": 84.47469816605768,
        "4,20": 55.360013260324834,
        "4,21": 95.82768464789199,
        "4,22": 108.48999721001893,
        "4,23": 33.162450871000324,
        "4,24": 79.5507526799128,
        "4,25": 83.59294065181508,
        "4,26": 43.59664848701574,
        "4,27": 84.12974283586391,
        "4,28": 68.06150492539093,
        "4,29": 54.781416873369764,
        "4,30": 24.861582052433466,
        "5,0": 84.64251690594861,
        "5,1": 59.105274782330994,
        "5,2": 40.00811526084352,
        "5,3": 87.60663919410591,
        "5,4": 68.0193407504205,
        "5,5": 0.0,
        "5,6": 82.90386782146963,
        "5,7": 36.18603094448209,
        "5,8": 41.86555816717315,
        "5,9": 85.70912118708746,
        "5,10": 63.43981313962412,
        "5,11": 32.65172268994108,
        "5,12": 62.07796409346216,
        "5,13": 42.2608828392869,
        "5,14": 72.29188313449096,
        "5,15": 90.05975390153283,
        "5,16": 44.8431329061918,
        "5,17": 21.27204170475008,
        "5,18": 62.83270728350229,
        "5,19": 53.649864744328134,
        "5,20": 19.64498454624695,
        "5,21": 60.93953283016004,
        "5,22": 66.57702210332916,
        "5,23": 44.73441167719439,
        "5,24": 17.67554316712927,
        "5,25": 16.174700645949244,
        "5,26": 37.04568724097078,
        "5,27": 44.887069680285485,
        "5,28": 86.92460391675458,
        "5,29": 13.264077355393596,
        "5,30": 67.70271844594025,
        "6,0": 92.54791495744398,
        "6,1": 67.45289608700435,
        "6,2": 58.27356148749377,
        "6,3": 9.618284061375727,
        "6,4": 65.04556844680876,
        "6,5": 82.90386782146963,
        "6,6": 0.0,
        "6,7": 78.55957203830188,
        "6,8": 71.07371840474973,
        "6,9": 3.6237060776553602,
        "6,10": 39.253665860024476,
        "6,11": 50.29467395730027,
        "6,12": 83.38893959207411,
        "6,13": 57.988871131369294,
        "6,14": 75.51392289389,
        "6,15": 7.162046812030862,
        "6,16": 48.65496373052823,
        "6,17": 61.76371347366594,
        "6,18": 29.468558161649245,
        "6,19": 51.658845174040536,
        "6,20": 86.22127734370683,
        "6,21": 59.69007516515339,
        "6,22": 73.35944445856731,
        "6,23": 46.47922860498429,
        "6,24": 100.52755858134718,
        "6,25": 90.38924728050556,
        "6,26": 88.086463475109,
        "6,27": 59.619962364152094,
        "6,28": 4.075467010130599,
        "6,29": 74.42498609291651,
        "6,30": 88.30819727756213,
        "7,0": 48.56553031534165,
        "7,1": 26.616101069744122,
        "7,2": 62.630919151066074,
        "7,3": 79.2610973324877,
        "7,4": 36.421220651036606,
        "7,5": 36.18603094448209,
        "7,6": 78.55957203830188,
        "7,7": 0.0,
        "7,8": 9.598661394711614,
        "7,9": 80.11439177892915,
        "7,10": 77.0816299075551,
        "7,11": 38.67472514599732,
        "7,12": 25.940696653782364,
        "7,13": 20.82975482510613,
        "7,14": 37.829469988441154,
        "7,15": 84.93909867805253,
        "7,16": 29.912214075448215,
        "7,17": 37.249452307698455,
        "7,18": 50.349029116856265,
        "7,19": 73.24558126794402,
        "7,20": 19.580355081781203,
        "7,21": 83.56260068854561,
        "7,22": 93.30565361656286,
        "7,23": 32.12315011905627,
        "7,24": 44.130229239190534,
        "7,25": 52.34403304877553,
        "7,26": 9.622849166351712,
        "7,27": 68.40226279353413,
        "7,28": 82.48307980643385,
        "7,29": 24.635038257831308,
        "7,30": 31.52042507331317,
        "8,0": 43.583958360956785,
        "8,1": 17.869038415860178,
        "8,2": 62.296488967025034,
        "8,3": 71.0673498748261,
        "8,4": 27.500617940947077,
        "8,5": 41.86555816717315,
        "8,6": 71.07371840474973,
        "8,7": 9.598661394711614,
        "8,8": 0.0,
        "8,9": 72.37059191805922,
        "8,10": 73.65302491392127,
        "8,11": 36.3194086954427,
        "8,12": 21.90073419419904,
        "8,13": 13.244131181360476,
        "8,14": 30.45045016587186,
        "8,15": 77.19111139591375,
        "8,16": 22.78826007116668,
        "8,17": 37.932104536589264,
        "8,18": 42.18579664470768,
        "8,19": 71.54882243285053,
        "8,20": 27.85943882739919,
        "8,21": 82.3680413819738,
        "8,22": 93.15176432518342,
        "8,23": 25.36305189837295,
        "8,24": 52.13029700644705,
        "8,25": 57.91858093653699,
        "8,26": 18.65358101759583,
        "8,27": 68.02954829917373,
        "8,28": 74.89993123521998,
        "8,29": 29.048426744909996,
        "8,30": 28.122080607676796,
        "9,0": 92.14932877643847,
        "9,1": 67.87068104816878,
        "9,2": 61.79811716942231,
        "9,3": 6.459976211389061,
        "9,4": 64.94748687953332,
        "9,5": 85.70912118708746,
        "9,6": 3.6237060776553602,
        "9,7": 80.11439177892915,
        "9,8": 72.37059191805922,
        "9,9": 0.0,
        "9,10": 42.84872062496871,
        "9,11": 53.061541939009324,
        "9,12": 83.8516485660625,
        "9,13": 59.40927842045849,
        "9,14": 75.34051306423585,
        "9,15": 4.826106789766304,
        "9,16": 50.21537315553097,
        "9,17": 64.65157670012692,
        "9,18": 30.36129874627536,
        "9,19": 55.28189131419686,
        "9,20": 88.43909178067783,
        "9,21": 63.28715029143962,
        "9,22": 76.93151654319973,
        "9,23": 48.166587443427964,
        "9,24": 103.29347366225504,
        "9,25": 93.52782539417873,
        "9,26": 89.68674695278648,
        "9,27": 63.20716721149361,
        "9,28": 3.2606051984496944,
        "9,29": 76.9193371418962,
        "9,30": 88.60252181846977,
        "10,0": 109.46343402230683,
        "10,1": 79.47475458528835,
        "10,2": 26.009120214314564,
        "10,3": 48.57190834911606,
        "10,4": 81.96511439481175,
        "10,5": 63.43981313962412,
        "10,6": 39.253665860024476,
        "10,7": 77.0816299075551,
        "10,8": 73.65302491392127,
        "10,9": 42.84872062496871,
        "10,10": 0.0,
        "10,11": 38.518632292027995,
        "10,12": 93.04891377662253,
        "10,13": 61.720739384941446,
        "10,14": 91.87207230973955,
        "10,15": 44.597364574641766,
        "10,16": 53.39817853023861,
        "10,17": 44.37379257334268,
        "10,18": 47.692472012287155,
        "10,19": 14.148671474848584,
        "10,20": 75.27868309819007,
        "10,21": 20.438883462509256,
        "10,22": 34.178816293457366,
        "10,23": 50.57617973286133,
        "10,24": 80.07006608227871,
        "10,25": 64.23560163093195,
        "10,26": 84.8926651897782,
        "10,27": 24.37680621231039,
        "10,28": 41.60146304775625,
        "10,29": 61.08863352912295,
        "10,30": 99.13825765598835,
        "11,0": 76.64638250068836,
        "11,1": 46.33648661148455,
        "11,2": 27.115289374230365,
        "11,3": 55.04462315091441,
        "11,4": 51.935193676528286,
        "11,5": 32.65172268994108,
        "11,6": 50.29467395730027,
        "11,7": 38.67472514599732,
        "11,8": 36.3194086954427,
        "11,9": 53.061541939009324,
        "11,10": 38.518632292027995,
        "11,11": 0.0,
        "11,12": 57.31581023655428,
        "11,13": 26.381824463290037,
        "11,14": 60.13487595328649,
        "11,15": 57.441785415958485,
        "11,16": 21.364713533725777,
        "11,17": 11.928771485530733,
        "11,18": 32.390528003866145,
        "11,19": 35.2327208473049,
        "11,20": 38.341582079533936,
        "11,21": 46.14448122406376,
        "11,22": 57.559646854289355,
        "11,23": 19.38493731353986,
        "11,24": 50.238952541985114,
        "11,25": 42.11889334361174,
        "11,26": 46.382582225675165,
        "11,27": 32.60891478768151,
        "11,28": 54.332056125977076,
        "11,29": 24.956680319019416,
        "11,30": 63.59232266697569,
        "12,0": 22.63857426151899,
        "12,1": 15.990689687781902,
        "12,2": 83.87090026812399,
        "12,3": 81.02960436343471,
        "12,4": 21.85292980566058,
        "12,5": 62.07796409346216,
        "12,6": 83.38893959207411,
        "12,7": 25.940696653782364,
        "12,8": 21.90073419419904,
        "12,9": 83.8516485660625,
        "12,10": 93.04891377662253,
        "12,11": 57.31581023655428,
        "12,12": 0.0,
        "12,13": 31.457963265123734,
        "12,14": 16.181319677369913,
        "12,15": 88.4874045131217,
        "12,16": 39.77058012544492,
        "12,17": 59.8189993279706,
        "12,18": 54.07790213839878,
        "12,19": 92.39824593839779,
        "12,20": 44.963112240098084,
        "12,21": 103.44036136403082,
        "12,22": 114.67162150713598,
        "12,23": 42.60934326593133,
        "12,24": 69.2500984347407,
        "12,25": 78.24980381918678,
        "12,26": 28.753014650488094,
        "12,27": 89.56093487843023,
        "12,28": 86.78952568251913,
        "12,29": 50.011382737871884,
        "12,30": 6.287716813653156,
        "13,0": 50.28367911816542,
        "13,1": 20.144342230061532,
        "13,2": 53.430589745959566,
        "13,3": 58.43403764444327,
        "13,4": 27.089152899609314,
        "13,5": 42.2608828392869,
        "13,6": 57.988871131369294,
        "13,7": 20.82975482510613,
        "13,8": 13.244131181360476,
        "13,9": 59.40927842045849,
        "13,10": 61.720739384941446,
        "13,11": 26.381824463290037,
        "13,12": 31.457963265123734,
        "13,13": 0.0,
        "13,14": 34.118245187717974,
        "13,15": 64.2352358600022,
        "13,16": 9.545337530818452,
        "13,17": 31.602885094458767,
        "13,18": 29.519274449827478,
        "13,19": 61.08742717541174,
        "13,20": 33.9674266625635,
        "13,21": 72.23415089032113,
        "13,22": 83.9343752227724,
        "13,23": 12.166201085948655,
        "13,24": 56.045963333203666,
        "13,25": 57.204001213958826,
        "13,26": 30.451933997880214,
        "13,27": 58.97906542000532,
        "13,28": 61.85928555062702,
        "13,29": 29.093633545351047,
        "13,30": 37.655005429556226,
        "14,0": 17.70687066928508,
        "14,1": 14.011984189079296,
        "14,2": 87.2441768168792,
        "14,3": 71.55977647588895,
        "14,4": 10.535348477998284,
        "14,5": 72.29188313449096,
        "14,6": 75.51392289389,
        "14,7": 37.829469988441154,
        "14,8": 30.45045016587186,
        "14,9": 75.34051306423585,
        "14,10": 91.87207230973955,
        "14,11": 60.13487595328649,
        "14,12": 16.181319677369913,
        "14,13": 34.118245187717974,
        "14,14": 0.0,
        "14,15": 79.68756099120804,
        "14,16": 39.551318797894076,
        "14,17": 65.53186626931468,
        "14,18": 47.661258369806134,
        "14,19": 93.68764838094071,
        "14,20": 57.40163206761602,
        "14,21": 105.01341905759998,
        "14,22": 117.35008438824195,
        "14,23": 42.165595866755176,
        "14,24": 81.94734405440217,
        "14,25": 88.28360290561547,
        "14,26": 43.08984387503586,
        "14,27": 92.66731179700886,
        "14,28": 78.47611045113334,
        "14,29": 59.33112364056597,
        "14,30": 16.76322715727449,
        "15,0": 96.34449415744433,
        "15,1": 72.4991485944808,
        "15,2": 64.89365140838818,
        "15,3": 8.78913212151352,
        "15,4": 69.34750338419056,
        "15,5": 90.05975390153283,
        "15,6": 7.162046812030862,
        "15,7": 84.93909867805253,
        "15,8": 77.19111139591375,
        "15,9": 4.826106789766304,
        "15,10": 44.597364574641766,
        "15,11": 57.441785415958485,
        "15,12": 88.4874045131217,
        "15,13": 64.2352358600022,
        "15,14": 79.68756099120804,
        "15,15": 0.0,
        "15,16": 55.03816471509106,
        "15,17": 68.92542764139887,
        "15,18": 35.1511807236379,
        "15,19": 57.577225414383854,
        "15,20": 93.13853882437476,
        "15,21": 64.97322405550688,
        "15,22": 78.37605826608808,
        "15,23": 52.97909243385574,
        "15,24": 107.67834147634953,
        "15,25": 97.50147698719195,
        "15,26": 94.50981745388177,
        "15,27": 65.96448766164431,
        "15,28": 3.2901365968161875,
        "15,29": 81.48924487181269,
        "15,30": 93.17010447948317,
        "16,0": 56.701672477878056,
        "16,1": 26.31761927452085,
        "16,2": 48.12483016765668,
        "16,3": 49.60726022770389,
        "16,4": 30.75206155633918,
        "16,5": 44.8431329061918,
        "16,6": 48.65496373052823,
        "16,7": 29.912214075448215,
        "16,8": 22.78826007116668,
        "16,9": 50.21537315553097,
        "16,10": 53.39817853023861,
        "16,11": 21.364713533725777,
        "16,12": 39.77058012544492,
        "16,13": 9.545337530818452,
        "16,14": 39.551318797894076,
        "16,15": 55.03816471509106,
        "16,16": 0.0,
        "16,17": 29.78554155780681,
        "16,18": 20.9413130182687,
        "16,19": 54.15927122398218,
        "16,20": 40.4070242325541,
        "16,21": 65.47208323185185,
        "16,22": 77.85282027710086,
        "16,23": 2.838777535702124,
        "16,24": 60.36090687256098,
        "16,25": 58.3761477918705,
        "16,26": 39.471700257296,
        "16,27": 53.37957891696899,
        "16,28": 52.57125069194858,
        "16,29": 32.473977953895336,
        "16,30": 45.783682045242315,
        "17,0": 80.85417196670623,
        "17,1": 51.5222851382781,
        "17,2": 25.51760427202253,
        "17,3": 66.86270631126149,
        "17,4": 58.6086754677161,
        "17,5": 21.27204170475008,
        "17,6": 61.76371347366594,
        "17,7": 37.249452307698455,
        "17,8": 37.932104536589264,
        "17,9": 64.65157670012692,
        "17,10": 44.37379257334268,
        "17,11": 11.928771485530733,
        "17,12": 59.8189993279706,
        "17,13": 31.602885094458767,
        "17,14": 65.53186626931468,
        "17,15": 68.92542764139887,
        "17,16": 29.78554155780681,
        "17,17": 0.0,
        "17,18": 43.98116979334981,
        "17,19": 37.274028173342934,
        "17,20": 31.036005521461124,
        "17,21": 46.83373270215424,
        "17,22": 56.05955698298895,
        "17,23": 28.575162823427146,
        "17,24": 38.94692207531423,
        "17,25": 30.293457862571927,
        "17,26": 43.02856928541157,
        "17,27": 31.26317221371471,
        "17,28": 65.76209543890425,
        "17,29": 16.797917862035398,
        "17,30": 66.05367702521383,
        "18,0": 65.22995007232899,
        "18,1": 38.249254856817394,
        "18,2": 53.18197829806303,
        "18,3": 28.92541191458131,
        "18,4": 37.14703711240182,
        "18,5": 62.83270728350229,
        "18,6": 29.468558161649245,
        "18,7": 50.349029116856265,
        "18,8": 42.18579664470768,
        "18,9": 30.36129874627536,
        "18,10": 47.692472012287155,
        "18,11": 32.390528003866145,
        "18,12": 54.07790213839878,
        "18,13": 29.519274449827478,
        "18,14": 47.661258369806134,
        "18,15": 35.1511807236379,
        "18,16": 20.9413130182687,
        "18,17": 43.98116979334981,
        "18,18": 0.0,
        "18,19": 53.88760471153349,
        "18,20": 61.09012186348792,
        "18,21": 64.83396765142102,
        "18,22": 78.60104588380207,
        "18,23": 19.53788638306136,
        "18,24": 79.4948691935226,
        "18,25": 74.25336202510904,
        "18,26": 59.97106677868415,
        "18,27": 57.133580144444295,
        "18,28": 33.078423584975305,
        "18,29": 51.69550339023441,
        "18,30": 59.205233366875845,
        "19,0": 110.82872089253415,
        "19,1": 80.3917822222064,
        "19,2": 13.831021464808188,
        "19,3": 60.53301043075054,
        "19,4": 84.47469816605768,
        "19,5": 53.649864744328134,
        "19,6": 51.658845174040536,
        "19,7": 73.24558126794402,
        "19,8": 71.54882243285053,
        "19,9": 55.28189131419686,
        "19,10": 14.148671474848584,
        "19,11": 35.2327208473049,
        "19,12": 92.39824593839779,
        "19,13": 61.08742717541174,
        "19,14": 93.68764838094071,
        "19,15": 57.577225414383854,
        "19,16": 54.15927122398218,
        "19,17": 37.274028173342934,
        "19,18": 53.88760471153349,
        "19,19": 0.0,
        "19,20": 68.02906266022411,
        "19,21": 11.354614192988109,
        "19,22": 24.72731169094136,
        "19,23": 51.52210772229485,
        "19,24": 69.22532642639207,
        "19,25": 52.00855112209216,
        "19,26": 79.98489125293169,
        "19,27": 10.613166884420718,
        "19,28": 54.44214583789896,
        "19,29": 53.87340995169675,
        "19,30": 98.6519297828112,
        "20,0": 67.54298121820327,
        "20,1": 45.685737403216194,
        "20,2": 55.32885926976014,
        "20,3": 88.92157958384554,
        "20,4": 55.360013260324834,
        "20,5": 19.64498454624695,
        "20,6": 86.22127734370683,
        "20,7": 19.580355081781203,
        "20,8": 27.85943882739919,
        "20,9": 88.43909178067783,
        "20,10": 75.27868309819007,
        "20,11": 38.341582079533936,
        "20,12": 44.963112240098084,
        "20,13": 33.9674266625635,
        "20,14": 57.40163206761602,
        "20,15": 93.13853882437476,
        "20,16": 40.4070242325541,
        "20,17": 31.036005521461124,
        "20,18": 61.09012186348792,
        "20,19": 68.02906266022411,
        "20,20": 0.0,
        "20,21": 76.8620823606835,
        "20,22": 84.249382920914,
        "20,23": 41.55267473874642,
        "20,24": 24.54988562382686,
        "20,25": 34.924535303597786,
        "20,26": 17.766393562134088,
        "20,27": 60.803305612685165,
        "20,28": 90.28939017565335,
        "20,29": 14.23825783932348,
        "20,30": 50.050118818630345,
        "21,0": 122.11039353374072,
        "21,1": 91.66692869453198,
        "21,2": 21.541944729978162,
        "21,3": 68.97164071768657,
        "21,4": 95.82768464789199,
        "21,5": 60.93953283016004,
        "21,6": 59.69007516515339,
        "21,7": 83.56260068854561,
        "21,8": 82.3680413819738,
        "21,9": 63.28715029143962,
        "21,10": 20.438883462509256,
        "21,11": 46.14448122406376,
        "21,12": 103.44036136403082,
        "21,13": 72.23415089032113,
        "21,14": 105.01341905759998,
        "21,15": 64.97322405550688,
        "21,16": 65.47208323185185,
        "21,17": 46.83373270215424,
        "21,18": 64.83396765142102,
        "21,19": 11.354614192988109,
        "21,20": 76.8620823606835,
        "21,21": 0.0,
        "21,22": 14.036321049131134,
        "21,23": 62.850905633554,
        "21,24": 75.1581997162535,
        "21,25": 56.54294661734588,
        "21,26": 89.85106942304436,
        "21,27": 16.130536499009825,
        "21,28": 62.01291664846583,
        "21,29": 62.952696144996715,
        "21,30": 109.70887786762026,
        "22,0": 134.14911697490527,
        "22,1": 103.74946489800536,
        "22,2": 30.85941394552996,
        "22,3": 82.73855818823829,
        "22,4": 108.48999721001893,
        "22,5": 66.57702210332916,
        "22,6": 73.35944445856731,
        "22,7": 93.30565361656286,
        "22,8": 93.15176432518342,
        "22,9": 76.93151654319973,
        "22,10": 34.178816293457366,
        "22,11": 57.559646854289355,
        "22,12": 114.67162150713598,
        "22,13": 83.9343752227724,
        "22,14": 117.35008438824195,
        "22,15": 78.37605826608808,
        "22,16": 77.85282027710086,
        "22,17": 56.05955698298895,
        "22,18": 78.60104588380207,
        "22,19": 24.72731169094136,
        "22,20": 84.249382920914,
        "22,21": 14.036321049131134,
        "22,22": 0.0,
        "22,23": 75.34400071125661,
        "22,24": 78.55462726121185,
        "22,25": 58.85569294183656,
        "22,26": 98.71490163052772,
        "22,27": 25.1241016605616,
        "22,28": 75.50328837882668,
        "22,29": 71.00226456137693,
        "22,30": 120.95930803216616,
        "23,0": 59.40211707527228,
        "23,1": 29.062533385041267,
        "23,2": 45.83324623306242,
        "23,3": 47.834316299790764,
        "23,4": 33.162450871000324,
        "23,5": 44.73441167719439,
        "23,6": 46.47922860498429,
        "23,7": 32.12315011905627,
        "23,8": 25.36305189837295,
        "23,9": 48.166587443427964,
        "23,10": 50.57617973286133,
        "23,11": 19.38493731353986,
        "23,12": 42.60934326593133,
        "23,13": 12.166201085948655,
        "23,14": 42.165595866755176,
        "23,15": 52.97909243385574,
        "23,16": 2.838777535702124,
        "23,17": 28.575162823427146,
        "23,18": 19.53788638306136,
        "23,19": 51.52210772229485,
        "23,20": 41.55267473874642,
        "23,21": 62.850905633554,
        "23,22": 75.34400071125661,
        "23,23": 0.0,
        "23,24": 60.69006779244457,
        "23,25": 57.75795295935111,
        "23,26": 41.613340411660246,
        "23,27": 51.00702859040988,
        "23,28": 50.4348686187731,
        "23,29": 32.754686209147614,
        "23,30": 48.61958608170545,
        "24,0": 91.69035424704926,
        "24,1": 69.99888064478968,
        "24,2": 55.394574728174334,
        "24,3": 105.03664486583325,
        "24,4": 79.5507526799128,
        "24,5": 17.67554316712927,
        "24,6": 100.52755858134718,
        "24,7": 44.130229239190534,
        "24,8": 52.13029700644705,
        "24,9": 103.29347366225504,
        "24,10": 80.07006608227871,
        "24,11": 50.238952541985114,
        "24,12": 69.2500984347407,
        "24,13": 56.045963333203666,
        "24,14": 81.94734405440217,
        "24,15": 107.67834147634953,
        "24,16": 60.36090687256098,
        "24,17": 38.94692207531423,
        "24,18": 79.4948691935226,
        "24,19": 69.22532642639207,
        "24,20": 24.54988562382686,
        "24,21": 75.1581997162535,
        "24,22": 78.55462726121185,
        "24,23": 60.69006779244457,
        "24,24": 0.0,
        "24,25": 19.96253096531992,
        "24,26": 40.9642622279654,
        "24,27": 59.61216851998962,
        "24,28": 104.55713205259303,
        "24,29": 27.93565987267207,
        "24,30": 74.04448399126214,
        "25,0": 100.81710239020389,
        "25,1": 74.91812015475269,
        "25,2": 38.426469796397235,
        "25,3": 96.34617897710248,
        "25,4": 83.59294065181508,
        "25,5": 16.174700645949244,
        "25,6": 90.38924728050556,
        "25,7": 52.34403304877553,
        "25,8": 57.91858093653699,
        "25,9": 93.52782539417873,
        "25,10": 64.23560163093195,
        "25,11": 42.11889334361174,
        "25,12": 78.24980381918678,
        "25,13": 57.204001213958826,
        "25,14": 88.28360290561547,
        "25,15": 97.50147698719195,
        "25,16": 58.3761477918705,
        "25,17": 30.293457862571927,
        "25,18": 74.25336202510904,
        "25,19": 52.00855112209216,
        "25,20": 34.924535303597786,
        "25,21": 56.54294661734588,
        "25,22": 58.85569294183656,
        "25,23": 57.75795295935111,
        "25,24": 19.96253096531992,
        "25,25": 0.0,
        "25,26": 52.65575535954175,
        "25,27": 41.76118685738655,
        "25,28": 94.24914315126136,
        "25,29": 28.967061751785234,
        "25,30": 83.85029291723592,
        "26,0": 50.85666012058674,
        "26,1": 33.862821913823765,
        "26,2": 68.51888908764326,
        "26,3": 88.88056351994935,
        "26,4": 43.59664848701574,
        "26,5": 37.04568724097078,
        "26,6": 88.086463475109,
        "26,7": 9.622849166351712,
        "26,8": 18.65358101759583,
        "26,9": 89.68674695278648,
        "26,10": 84.8926651897782,
        "26,11": 46.382582225675165,
        "26,12": 28.753014650488094,
        "26,13": 30.451933997880214,
        "26,14": 43.08984387503586,
        "26,15": 94.50981745388177,
        "26,16": 39.471700257296,
        "26,17": 43.02856928541157,
        "26,18": 59.97106677868415,
        "26,19": 79.98489125293169,
        "26,20": 17.766393562134088,
        "26,21": 89.85106942304436,
        "26,22": 98.71490163052772,
        "26,23": 41.613340411660246,
        "26,24": 40.9642622279654,
        "26,25": 52.65575535954175,
        "26,26": 0.0,
        "26,27": 74.23593855791404,
        "26,28": 92.02629406246434,
        "26,29": 27.975098681558343,
        "26,30": 33.1539951752328,
        "27,0": 109.25433407781638,
        "27,1": 78.93093051226741,
        "27,2": 5.773672060901428,
        "27,3": 67.97492401917829,
        "27,4": 84.12974283586391,
        "27,5": 44.887069680285485,
        "27,6": 59.619962364152094,
        "27,7": 68.40226279353413,
        "27,8": 68.02954829917373,
        "27,9": 63.20716721149361,
        "27,10": 24.37680621231039,
        "27,11": 32.60891478768151,
        "27,12": 89.56093487843023,
        "27,13": 58.97906542000532,
        "27,14": 92.66731179700886,
        "27,15": 65.96448766164431,
        "27,16": 53.37957891696899,
        "27,17": 31.26317221371471,
        "27,18": 57.133580144444295,
        "27,19": 10.613166884420718,
        "27,20": 60.803305612685165,
        "27,21": 16.130536499009825,
        "27,22": 25.1241016605616,
        "27,23": 51.00702859040988,
        "27,24": 59.61216851998962,
        "27,25": 41.76118685738655,
        "27,26": 74.23593855791404,
        "27,27": 0.0,
        "27,28": 62.73918832676324,
        "27,29": 46.998250303571126,
        "27,30": 95.84858079566702,
        "28,0": 95.33615710044849,
        "28,1": 70.82136515313486,
        "28,2": 61.62337898494316,
        "28,3": 9.299675779545728,
        "28,4": 68.06150492539093,
        "28,5": 86.92460391675458,
        "28,6": 4.075467010130599,
        "28,7": 82.48307980643385,
        "28,8": 74.89993123521998,
        "28,9": 3.2606051984496944,
        "28,10": 41.60146304775625,
        "28,11": 54.332056125977076,
        "28,12": 86.78952568251913,
        "28,13": 61.85928555062702,
        "28,14": 78.47611045113334,
        "28,15": 3.2901365968161875,
        "28,16": 52.57125069194858,
        "28,17": 65.76209543890425,
        "28,18": 33.078423584975305,
        "28,19": 54.44214583789896,
        "28,20": 90.28939017565335,
        "28,21": 62.01291664846583,
        "28,22": 75.50328837882668,
        "28,23": 50.4348686187731,
        "28,24": 104.55713205259303,
        "28,25": 94.24914315126136,
        "28,26": 92.02629406246434,
        "28,27": 62.73918832676324,
        "28,28": 0.0,
        "28,29": 78.49765045058673,
        "28,30": 91.60305635709052,
        "29,0": 72.35892530659822,
        "29,1": 45.96668182048539,
        "29,2": 41.41704102945527,
        "29,3": 78.08248782829354,
        "29,4": 54.781416873369764,
        "29,5": 13.264077355393596,
        "29,6": 74.42498609291651,
        "29,7": 24.635038257831308,
        "29,8": 29.048426744909996,
        "29,9": 76.9193371418962,
        "29,10": 61.08863352912295,
        "29,11": 24.956680319019416,
        "29,12": 50.011382737871884,
        "29,13": 29.093633545351047,
        "29,14": 59.33112364056597,
        "29,15": 81.48924487181269,
        "29,16": 32.473977953895336,
        "29,17": 16.797917862035398,
        "29,18": 51.69550339023441,
        "29,19": 53.87340995169675,
        "29,20": 14.23825783932348,
        "29,21": 62.952696144996715,
        "29,22": 71.00226456137693,
        "29,23": 32.754686209147614,
        "29,24": 27.93565987267207,
        "29,25": 28.967061751785234,
        "29,26": 27.975098681558343,
        "29,27": 46.998250303571126,
        "29,28": 78.49765045058673,
        "29,29": 0.0,
        "29,30": 55.88533888691807,
        "30,0": 17.717332769281857,
        "30,1": 20.967177932062313,
        "30,2": 90.15784855721182,
        "30,3": 85.49071215963602,
        "30,4": 24.861582052433466,
        "30,5": 67.70271844594025,
        "30,6": 88.30819727756213,
        "30,7": 31.52042507331317,
        "30,8": 28.122080607676796,
        "30,9": 88.60252181846977,
        "30,10": 99.13825765598835,
        "30,11": 63.59232266697569,
        "30,12": 6.287716813653156,
        "30,13": 37.655005429556226,
        "30,14": 16.76322715727449,
        "30,15": 93.17010447948317,
        "30,16": 45.783682045242315,
        "30,17": 66.05367702521383,
        "30,18": 59.205233366875845,
        "30,19": 98.6519297828112,
        "30,20": 50.050118818630345,
        "30,21": 109.70887786762026,
        "30,22": 120.95930803216616,
        "30,23": 48.61958608170545,
        "30,24": 74.04448399126214,
        "30,25": 83.85029291723592,
        "30,26": 33.1539951752328,
        "30,27": 95.84858079566702,
        "30,28": 91.60305635709052,
        "30,29": 55.88533888691807,
        "30,30": 0.0
    }
}