{
    "num_robots": 6,
    "num_tasks": 30,
    "num_nodes": 31,
    "robot_capacity": [
        94,
        97,
        90,
        71,
        77,
        76
    ],
    "robot_speed": [
        1.07,
        1.13,
        0.97,
        1.06,
        0.87,
        1.11
    ],
    "task_demand": {
        "0": 0,
        "1": 15,
        "2": 11,
        "3": 10,
        "4": 14,
        "5": 13,
        "6": 14,
        "7": 5,
        "8": 8,
        "9": 7,
        "10": 14,
        "11": 12,
        "12": 10,
        "13": 13,
        "14": 14,
        "15": 14,
        "16": 10,
        "17": 11,
        "18": 13,
        "19": 12,
        "20": 9,
        "21": 8,
        "22": 14,
        "23": 12,
        "24": 13,
        "25": 11,
        "26": 9,
        "27": 14,
        "28": 13,
        "29": 12,
        "30": 12
    },
    "task_service_time": {
        "0": 0,
        "1": 87,
        "2": 11,
        "3": 16,
        "4": 33,
        "5": 79,
        "6": 35,
        "7": 27,
        "8": 22,
        "9": 77,
        "10": 78,
        "11": 57,
        "12": 43,
        "13": 10,
        "14": 17,
        "15": 24,
        "16": 62,
        "17": 63,
        "18": 42,
        "19": 61,
        "20": 50,
        "21": 89,
        "22": 66,
        "23": 19,
        "24": 29,
        "25": 55,
        "26": 41,
        "27": 62,
        "28": 12,
        "29": 35,
        "30": 82
    },
    "task_precedence": [],
    "coordinates": {
        "0": [
            50.0,
            50.0
        ],
        "1": [
            62.57250659530571,
            72.63572550711048
        ],
        "2": [
            42.85873614560054,
            37.431257031438555
        ],
        "3": [
            1.9215386856635708,
            66.17588382024904
        ],
        "4": [
            73.73946065505551,
            0.12084562638803309
        ],
        "5": [
            51.6237135027135,
            99.9905115823608
        ],
        "6": [
            58.826691717156386,
            74.01519548973886
        ],
        "7": [
            59.98558915788431,
            98.0709396220658
        ],
        "8": [
            66.07427287274723,
            48.209426214750664
        ],
        "9": [
            82.83083557890701,
            11.139248782737488
        ],
        "10": [
            52.719904100276295,
            96.38294909201856
        ],
        "11": [
            57.10725782540877,
            98.80996778175562
        ],
        "12": [
            63.417672924645515,
            91.99641938971847
        ],
        "13": [
            78.87975688023505,
            36.819095579757764
        ],
        "14": [
            74.64952106756925,
            99.37075426299806
        ],
        "15": [
            47.17778254861671,
            2.56769557699299
        ],
        "16": [
            29.294450180192445,
            79.0983972419737
        ],
        "17": [
            46.76870141210484,
            50.4195270927167
        ],
        "18": [
            26.36342415408226,
            57.82846604120747
        ],
        "19": [
            55.9999411605314,
            53.85832113664857
        ],
        "20": [
            14.619223229888823,
            13.866131991548958
        ],
        "21": [
            29.836823984107564,
            42.63992140471737
        ],
        "22": [
            62.28771077485871,
            22.36780631152201
        ],
        "23": [
            92.42099810344043,
            66.37831170624004
        ],
        "24": [
            79.79147071245647,
            78.8348432403303
        ],
        "25": [
            11.412824024449442,
            78.24875092932393
        ],
        "26": [
            29.42219284006652,
            80.09416314878418
        ],
        "27": [
            56.843864140862756,
            98.55784222813345
        ],
        "28": [
            11.734891779335454,
            65.19548726946682
        ],
        "29": [
            90.02191862061747,
            14.599388650483746
        ],
        "30": [
            64.24100949686832,
            85.9207206934658
        ]
    },
    "distance_matrix_str_keys": {
        "0,0": 0.0,
        "0,1": 25.892933231332783,
        "0,2": 14.455827518613903,
        "0,3": 50.72669573035819,
        "0,4": 55.240311668378034,
        "0,5": 50.01687409070106,
        "0,6": 25.585935610801705,
        "0,7": 49.09712035321778,
        "0,8": 16.173694780969488,
        "0,9": 50.87260313743731,
        "0,10": 46.462628474802045,
        "0,11": 49.32470039090816,
        "0,12": 44.087789559807675,
        "0,13": 31.745497299570612,
        "0,14": 55.18215531635097,
        "0,15": 47.516191074408546,
        "0,16": 35.71325405773374,
        "0,17": 3.25841887203849,
        "0,18": 24.899248950082015,
        "0,19": 7.133437875481078,
        "0,20": 50.57129405214583,
        "0,21": 21.464492166752922,
        "0,22": 30.241130338070064,
        "0,23": 45.47296091567884,
        "0,24": 41.46058262863142,
        "0,25": 47.82219232568793,
        "0,26": 36.456889652534116,
        "0,27": 49.037766244302844,
        "0,28": 41.17185131246466,
        "0,29": 53.431800025778905,
        "0,30": 38.640710741753644,
        "1,0": 25.892933231332783,
        "1,1": 0.0,
        "1,2": 40.34832519446436,
        "1,3": 60.994011697835994,
        "1,4": 73.36967130284944,
        "1,5": 29.464561619123124,
        "1,6": 3.9917498085848995,
        "1,7": 25.566428356375024,
        "1,8": 24.67603015441836,
        "1,9": 64.747328460093,
        "1,10": 25.710005910475296,
        "1,11": 26.73873412801512,
        "1,12": 19.379132430021325,
        "1,13": 39.35425505848467,
        "1,14": 29.336258131217058,
        "1,15": 71.73929430069371,
        "1,16": 33.89978118985522,
        "1,17": 27.26389059280204,
        "1,18": 39.11972116625949,
        "1,19": 19.894459813883664,
        "1,20": 75.85105475541062,
        "1,21": 44.40014842058801,
        "1,22": 50.2687259527587,
        "1,23": 30.497338782039883,
        "1,24": 18.300868447646028,
        "1,25": 51.46668024208662,
        "1,26": 33.978987538264526,
        "1,27": 26.547570127399325,
        "1,28": 51.37918085382301,
        "1,29": 64.20036305404496,
        "1,30": 13.38936141247994,
        "2,0": 14.455827518613903,
        "2,1": 40.34832519446436,
        "2,2": 0.0,
        "2,3": 50.02107261046959,
        "2,4": 48.43228205900458,
        "2,5": 63.17028698714126,
        "2,6": 39.91691569066785,
        "2,7": 63.0119052147798,
        "2,8": 25.595508912182144,
        "2,9": 47.84389648487991,
        "2,10": 59.770767355252985,
        "2,11": 63.01084433199616,
        "2,12": 58.30974896764876,
        "2,13": 36.02622206682091,
        "2,14": 69.6215148014839,
        "2,15": 35.13007371354791,
        "2,16": 43.819406968554034,
        "2,17": 13.564032865264084,
        "2,18": 26.232450382793537,
        "2,19": 21.03662768509067,
        "2,20": 36.78022849116466,
        "2,21": 14.024991297505414,
        "2,22": 24.584397546730976,
        "2,23": 57.396426584966854,
        "2,24": 55.48228396112552,
        "2,25": 51.525849796340744,
        "2,26": 44.72878552318336,
        "2,27": 62.706006274141444,
        "2,28": 41.70786698988255,
        "2,29": 52.399045744526575,
        "2,30": 52.99461953726431,
        "3,0": 50.72669573035819,
        "3,1": 60.994011697835994,
        "3,2": 50.02107261046959,
        "3,3": 0.0,
        "3,4": 97.57603182541348,
        "3,5": 60.114351300124426,
        "3,6": 57.44259089725163,
        "3,7": 66.24747951312263,
        "3,8": 66.62106950934353,
        "3,9": 97.85369446276036,
        "3,10": 59.10110592137398,
        "3,11": 64.11276809635895,
        "3,12": 66.69688586008438,
        "3,13": 82.36739866889278,
        "3,14": 79.94534911458999,
        "3,15": 78.06490389523695,
        "3,16": 30.26991306267603,
        "3,17": 47.534522001774214,
        "3,18": 25.8279915755979,
        "3,19": 55.46346513425047,
        "3,20": 53.8288150451489,
        "3,21": 36.5130754678217,
        "3,22": 74.58701219188872,
        "3,23": 90.49968581138205,
        "3,24": 78.8921768457216,
        "3,25": 15.357038048257678,
        "3,26": 30.822142663793,
        "3,27": 63.75776865399836,
        "3,28": 9.86220443602064,
        "3,29": 102.08727540041437,
        "3,30": 65.37258619129689,
        "4,0": 55.240311668378034,
        "4,1": 73.36967130284944,
        "4,2": 48.43228205900458,
        "4,3": 97.57603182541348,
        "4,4": 0.0,
        "4,5": 102.28908275208997,
        "4,6": 75.38412047057699,
        "4,7": 98.91102008837441,
        "4,8": 48.695653674034354,
        "4,9": 14.284897833792426,
        "4,10": 98.5302710916159,
        "4,11": 100.08083234447831,
        "4,12": 92.4535578346924,
        "4,13": 37.0565000360611,
        "4,14": 99.254080895094,
        "4,15": 26.674141382823283,
        "4,16": 90.62456960065072,
        "4,17": 57.07345452478239,
        "4,18": 74.66363431070333,
        "4,19": 56.58981203460966,
        "4,20": 60.69707876387758,
        "4,21": 61.11720961975093,
        "4,22": 25.021387552341782,
        "4,23": 68.8407702801047,
        "4,24": 78.9463124287803,
        "4,25": 99.94287978994865,
        "4,26": 91.43167800124557,
        "4,27": 99.87644107367083,
        "4,28": 89.88479040660347,
        "4,29": 21.788681591617305,
        "4,30": 86.3240356791237,
        "5,0": 50.01687409070106,
        "5,1": 29.464561619123124,
        "5,2": 63.17028698714126,
        "5,3": 60.114351300124426,
        "5,4": 102.28908275208997,
        "5,5": 0.0,
        "5,6": 26.955517826028924,
        "5,7": 8.579377657108301,
        "5,8": 53.759645348110304,
        "5,9": 94.17234928239908,
        "5,10": 3.770429809439413,
        "5,11": 5.609183719946325,
        "5,12": 14.247911735782335,
        "5,13": 68.80057921537627,
        "5,14": 23.034146677241424,
        "5,15": 97.52420920194301,
        "5,16": 30.57901963991475,
        "5,17": 49.808168463340344,
        "5,18": 49.149977641814445,
        "5,19": 46.3392961085137,
        "5,20": 93.73761817036862,
        "5,21": 61.34948042665033,
        "5,22": 78.35180413611306,
        "5,23": 52.86017793485945,
        "5,24": 35.227614867104165,
        "5,25": 45.712359257941486,
        "5,26": 29.812282715757068,
        "5,27": 5.413179672199352,
        "5,28": 52.93214349914727,
        "5,29": 93.62727183808981,
        "5,30": 18.89854951739281,
        "6,0": 25.585935610801705,
        "6,1": 3.9917498085848995,
        "6,2": 39.91691569066785,
        "6,3": 57.44259089725163,
        "6,4": 75.38412047057699,
        "6,5": 26.955517826028924,
        "6,6": 0.0,
        "6,7": 24.083643184495727,
        "6,8": 26.804200426067556,
        "6,9": 67.3021812190162,
        "6,10": 23.186402399035014,
        "6,11": 24.854319260865957,
        "6,12": 18.558058125480596,
        "6,13": 42.25725110496392,
        "6,14": 29.887560779636882,
        "6,15": 72.39089948742665,
        "6,16": 29.966518487330184,
        "6,17": 26.498126297890337,
        "6,18": 36.27497692778996,
        "6,19": 20.35411757840778,
        "6,20": 74.6472377905709,
        "6,21": 42.71791491973697,
        "6,22": 51.76322499462306,
        "6,23": 34.45140658228909,
        "6,24": 21.511647141991634,
        "6,25": 47.60249826680906,
        "6,26": 30.026295176270054,
        "6,27": 24.622613876738214,
        "6,28": 47.91059250807159,
        "6,29": 67.10722974403053,
        "6,30": 13.078851914303566,
        "7,0": 49.09712035321778,
        "7,1": 25.566428356375024,
        "7,2": 63.0119052147798,
        "7,3": 66.24747951312263,
        "7,4": 98.91102008837441,
        "7,5": 8.579377657108301,
        "7,6": 24.083643184495727,
        "7,7": 0.0,
        "7,8": 50.23188816526314,
        "7,9": 89.88339199330323,
        "7,10": 7.45918838653895,
        "7,11": 2.971692090430121,
        "7,12": 6.977033397889304,
        "7,13": 64.09975017504784,
        "7,14": 14.7214271438831,
        "7,15": 96.35823542008816,
        "7,16": 36.08189817778975,
        "7,17": 49.45041190654273,
        "7,18": 52.439552433720976,
        "7,19": 44.391902677130886,
        "7,20": 95.64808824856426,
        "7,21": 63.099491456869494,
        "7,22": 75.73812881880107,
        "7,23": 45.34841141293087,
        "7,24": 27.609787180656774,
        "7,25": 52.461725832062456,
        "7,26": 35.458224530429185,
        "7,27": 3.179231075334817,
        "7,28": 58.38600144644525,
        "7,29": 88.71122200260389,
        "7,30": 12.873865863614876,
        "8,0": 16.173694780969488,
        "8,1": 24.67603015441836,
        "8,2": 25.595508912182144,
        "8,3": 66.62106950934353,
        "8,4": 48.695653674034354,
        "8,5": 53.759645348110304,
        "8,6": 26.804200426067556,
        "8,7": 50.23188816526314,
        "8,8": 0.0,
        "8,9": 40.681450915207094,
        "8,10": 49.990273771182736,
        "8,11": 51.388930381293115,
        "8,12": 43.86750841555662,
        "8,13": 17.138262824466313,
        "8,14": 51.87500717362056,
        "8,15": 49.398835231001,
        "8,16": 48.030031109883666,
        "8,17": 19.43166578841753,
        "8,18": 40.859239262860214,
        "8,19": 11.549985856545517,
        "8,20": 61.863430165570534,
        "8,21": 36.662952496842856,
        "8,22": 26.117568258628314,
        "8,23": 32.00403615771765,
        "8,24": 33.55708098992502,
        "8,25": 62.371748568583904,
        "8,26": 48.57994874507952,
        "8,27": 51.18753207973901,
        "8,28": 56.93236871736133,
        "8,29": 41.268927317497855,
        "8,30": 37.755828501910926,
        "9,0": 50.87260313743731,
        "9,1": 64.747328460093,
        "9,2": 47.84389648487991,
        "9,3": 97.85369446276036,
        "9,4": 14.284897833792426,
        "9,5": 94.17234928239908,
        "9,6": 67.3021812190162,
        "9,7": 89.88339199330323,
        "9,8": 40.681450915207094,
        "9,9": 0.0,
        "9,10": 90.40551220434139,
        "9,11": 91.36660999645915,
        "9,12": 83.1549933726607,
        "9,13": 25.982023677949567,
        "9,14": 88.61000206775012,
        "9,15": 36.66894755429451,
        "9,16": 86.51352738655504,
        "9,17": 53.323707530270845,
        "9,18": 73.26971790056953,
        "9,19": 50.446169706616075,
        "9,20": 68.26609664604554,
        "9,21": 61.64947396812799,
        "9,22": 23.41154588855525,
        "9,23": 56.06536622473485,
        "9,24": 67.7637900929271,
        "9,25": 98.00111046694994,
        "9,26": 87.21962700237792,
        "9,27": 91.19941427713862,
        "9,28": 89.31242995286823,
        "9,29": 7.980240799446017,
        "9,30": 77.05744723837854,
        "10,0": 46.462628474802045,
        "10,1": 25.710005910475296,
        "10,2": 59.770767355252985,
        "10,3": 59.10110592137398,
        "10,4": 98.5302710916159,
        "10,5": 3.770429809439413,
        "10,6": 23.186402399035014,
        "10,7": 7.45918838653895,
        "10,8": 49.990273771182736,
        "10,9": 90.40551220434139,
        "10,10": 0.0,
        "10,11": 5.01390989446029,
        "10,12": 11.562175428906404,
        "10,13": 65.05528835305535,
        "10,14": 22.13221814622102,
        "10,15": 93.97881092768671,
        "10,16": 29.111984199275412,
        "10,17": 46.34709241496823,
        "10,18": 46.70237893800923,
        "10,19": 42.65093933149986,
        "10,20": 90.88832151150918,
        "10,21": 58.41188561073011,
        "10,22": 74.63098743403756,
        "10,23": 49.76399431014489,
        "10,24": 32.26152100908704,
        "10,25": 45.11234872398742,
        "10,26": 28.42723865359799,
        "10,27": 4.662317725109856,
        "10,28": 51.50173793068341,
        "10,29": 89.88877040971204,
        "10,30": 15.562586308929045,
        "11,0": 49.32470039090816,
        "11,1": 26.73873412801512,
        "11,2": 63.01084433199616,
        "11,3": 64.11276809635895,
        "11,4": 100.08083234447831,
        "11,5": 5.609183719946325,
        "11,6": 24.854319260865957,
        "11,7": 2.971692090430121,
        "11,8": 51.388930381293115,
        "11,9": 91.36660999645915,
        "11,10": 5.01390989446029,
        "11,11": 0.0,
        "11,12": 9.286860632921497,
        "11,13": 65.70319589987112,
        "11,14": 17.551224491037626,
        "11,15": 96.7531365817566,
        "11,16": 34.0895626585998,
        "11,17": 49.48252720698955,
        "11,18": 51.23150196627794,
        "11,19": 44.9652831226812,
        "11,20": 94.97730424971901,
        "11,21": 62.43997655261742,
        "11,22": 76.61749893466067,
        "11,23": 47.946559503522266,
        "11,24": 30.22547129078971,
        "11,25": 50.10733398259156,
        "11,26": 33.41772233863611,
        "11,27": 0.36461421783579645,
        "11,28": 56.467556178126834,
        "11,29": 90.41458141742321,
        "11,30": 14.731704022720503,
        "12,0": 44.087789559807675,
        "12,1": 19.379132430021325,
        "12,2": 58.30974896764876,
        "12,3": 66.69688586008438,
        "12,4": 92.4535578346924,
        "12,5": 14.247911735782335,
        "12,6": 18.558058125480596,
        "12,7": 6.977033397889304,
        "12,8": 43.86750841555662,
        "12,9": 83.1549933726607,
        "12,10": 11.562175428906404,
        "12,11": 9.286860632921497,
        "12,12": 0.0,
        "12,13": 57.302819329235064,
        "12,14": 13.436339811457843,
        "12,15": 90.89131246823409,
        "12,16": 36.47949157802606,
        "12,17": 44.7864513608957,
        "12,18": 50.40303947161136,
        "12,19": 38.8527641601619,
        "12,20": 92.11748206248511,
        "12,21": 59.6970460652003,
        "12,22": 69.63778122293343,
        "12,23": 38.697290767044855,
        "12,24": 21.007816181894455,
        "12,25": 53.79128830237431,
        "12,26": 36.018833543104456,
        "12,27": 9.288015481803047,
        "12,28": 58.218552278705396,
        "12,29": 81.84183683362494,
        "12,30": 6.131231341158642,
        "13,0": 31.745497299570612,
        "13,1": 39.35425505848467,
        "13,2": 36.02622206682091,
        "13,3": 82.36739866889278,
        "13,4": 37.0565000360611,
        "13,5": 68.80057921537627,
        "13,6": 42.25725110496392,
        "13,7": 64.09975017504784,
        "13,8": 17.138262824466313,
        "13,9": 25.982023677949567,
        "13,10": 65.05528835305535,
        "13,11": 65.70319589987112,
        "13,12": 57.302819329235064,
        "13,13": 0.0,
        "13,14": 62.69453643704012,
        "13,15": 46.67090719786774,
        "13,16": 65.16319505351119,
        "13,17": 34.87250522425972,
        "13,18": 56.56287519380908,
        "13,19": 28.527551155789716,
        "13,20": 68.23675492364008,
        "13,21": 49.387157038430345,
        "13,22": 22.003085135434077,
        "13,23": 32.51326609058411,
        "13,24": 42.02563828889182,
        "13,25": 79.17198602631439,
        "13,26": 65.71744147401947,
        "13,27": 65.5534393188751,
        "13,28": 72.89480444274334,
        "13,29": 24.856853064530707,
        "13,30": 51.2373156377376,
        "14,0": 55.18215531635097,
        "14,1": 29.336258131217058,
        "14,2": 69.6215148014839,
        "14,3": 79.94534911458999,
        "14,4": 99.254080895094,
        "14,5": 23.034146677241424,
        "14,6": 29.887560779636882,
        "14,7": 14.7214271438831,
        "14,8": 51.87500717362056,
        "14,9": 88.61000206775012,
        "14,10": 22.13221814622102,
        "14,11": 17.551224491037626,
        "14,12": 13.436339811457843,
        "14,13": 62.69453643704012,
        "14,14": 0.0,
        "14,15": 100.62568552919201,
        "14,16": 49.679481824862584,
        "14,17": 56.33438333857062,
        "14,18": 63.69700829584526,
        "14,19": 49.18524575306527,
        "14,20": 104.47333194774545,
        "14,21": 72.29498749352044,
        "14,22": 77.98889886984361,
        "14,23": 37.47434671742089,
        "14,24": 21.169867446006435,
        "14,25": 66.67097477726765,
        "14,26": 49.16399275468639,
        "14,27": 17.824203897173046,
        "14,28": 71.59748216630967,
        "14,29": 86.15390318691044,
        "14,30": 17.007072532889374,
        "15,0": 47.516191074408546,
        "15,1": 71.73929430069371,
        "15,2": 35.13007371354791,
        "15,3": 78.06490389523695,
        "15,4": 26.674141382823283,
        "15,5": 97.52420920194301,
        "15,6": 72.39089948742665,
        "15,7": 96.35823542008816,
        "15,8": 49.398835231001,
        "15,9": 36.66894755429451,
        "15,10": 93.97881092768671,
        "15,11": 96.7531365817566,
        "15,12": 90.89131246823409,
        "15,13": 46.67090719786774,
        "15,14": 100.62568552919201,
        "15,15": 0.0,
        "15,16": 78.59237796334841,
        "15,17": 47.85358008326502,
        "15,18": 59.05074315937714,
        "15,19": 52.04381570248837,
        "15,20": 34.463233312109395,
        "15,21": 43.66339573056777,
        "15,22": 24.90691301831273,
        "15,23": 78.2223963103558,
        "15,24": 82.94775746425866,
        "15,25": 83.70635816637817,
        "15,26": 79.53372957468024,
        "15,27": 96.47559995903322,
        "15,28": 71.9613701812236,
        "15,29": 44.50147900880152,
        "15,30": 85.08161088011255,
        "16,0": 35.71325405773374,
        "16,1": 33.89978118985522,
        "16,2": 43.819406968554034,
        "16,3": 30.26991306267603,
        "16,4": 90.62456960065072,
        "16,5": 30.57901963991475,
        "16,6": 29.966518487330184,
        "16,7": 36.08189817778975,
        "16,8": 48.030031109883666,
        "16,9": 86.51352738655504,
        "16,10": 29.111984199275412,
        "16,11": 34.0895626585998,
        "16,12": 36.47949157802606,
        "16,13": 65.16319505351119,
        "16,14": 49.679481824862584,
        "16,15": 78.59237796334841,
        "16,16": 0.0,
        "16,17": 33.583136380539806,
        "16,18": 21.470931205959932,
        "16,19": 36.7456758041483,
        "16,20": 66.8626257018425,
        "16,21": 36.46250992072511,
        "16,22": 65.627091905598,
        "16,23": 64.39535409284201,
        "16,24": 50.49770829797801,
        "16,25": 17.90180026785998,
        "16,26": 1.0039262564141813,
        "16,27": 33.72892243677159,
        "16,28": 22.397075633589726,
        "16,29": 88.58864223176644,
        "16,30": 35.60626497332631,
        "17,0": 3.25841887203849,
        "17,1": 27.26389059280204,
        "17,2": 13.564032865264084,
        "17,3": 47.534522001774214,
        "17,4": 57.07345452478239,
        "17,5": 49.808168463340344,
        "17,6": 26.498126297890337,
        "17,7": 49.45041190654273,
        "17,8": 19.43166578841753,
        "17,9": 53.323707530270845,
        "17,10": 46.34709241496823,
        "17,11": 49.48252720698955,
        "17,12": 44.7864513608957,
        "17,13": 34.87250522425972,
        "17,14": 56.33438333857062,
        "17,15": 47.85358008326502,
        "17,16": 33.583136380539806,
        "17,17": 0.0,
        "17,18": 21.708701396427127,
        "17,19": 9.850943699438737,
        "17,20": 48.679971659922494,
        "17,21": 18.63359165318042,
        "17,22": 32.0583638133226,
        "17,23": 48.36129650386308,
        "17,24": 43.565278422535954,
        "17,25": 44.99448594215641,
        "17,26": 34.3727418851022,
        "17,27": 49.18136118579524,
        "17,28": 38.02231997827106,
        "17,29": 56.15979982966026,
        "17,30": 39.56786950148769,
        "18,0": 24.899248950082015,
        "18,1": 39.11972116625949,
        "18,2": 26.232450382793537,
        "18,3": 25.8279915755979,
        "18,4": 74.66363431070333,
        "18,5": 49.149977641814445,
        "18,6": 36.27497692778996,
        "18,7": 52.439552433720976,
        "18,8": 40.859239262860214,
        "18,9": 73.26971790056953,
        "18,10": 46.70237893800923,
        "18,11": 51.23150196627794,
        "18,12": 50.40303947161136,
        "18,13": 56.56287519380908,
        "18,14": 63.69700829584526,
        "18,15": 59.05074315937714,
        "18,16": 21.470931205959932,
        "18,17": 21.708701396427127,
        "18,18": 0.0,
        "18,19": 29.90125734541516,
        "18,20": 45.503989610160446,
        "18,21": 15.58064166053093,
        "18,22": 50.47784422572178,
        "18,23": 66.60858005520609,
        "18,24": 57.40926791098829,
        "18,25": 25.308268987586143,
        "18,26": 22.474815540081917,
        "18,27": 50.87179283614704,
        "18,28": 16.37885714012548,
        "18,29": 76.94905489867355,
        "18,30": 47.158098380313966,
        "19,0": 7.133437875481078,
        "19,1": 19.894459813883664,
        "19,2": 21.03662768509067,
        "19,3": 55.46346513425047,
        "19,4": 56.58981203460966,
        "19,5": 46.3392961085137,
        "19,6": 20.35411757840778,
        "19,7": 44.391902677130886,
        "19,8": 11.549985856545517,
        "19,9": 50.446169706616075,
        "19,10": 42.65093933149986,
        "19,11": 44.9652831226812,
        "19,12": 38.8527641601619,
        "19,13": 28.527551155789716,
        "19,14": 49.18524575306527,
        "19,15": 52.04381570248837,
        "19,16": 36.7456758041483,
        "19,17": 9.850943699438737,
        "19,18": 29.90125734541516,
        "19,19": 0.0,
        "19,20": 57.54771071965268,
        "19,21": 28.46684374729095,
        "19,22": 32.11212497911612,
        "19,23": 38.5129011202906,
        "19,24": 34.494398600581896,
        "19,25": 50.82227936622008,
        "19,26": 37.345630425415415,
        "19,27": 44.707486977069436,
        "19,28": 45.69382816795761,
        "19,29": 51.94957873022506,
        "19,30": 33.10457177891247,
        "20,0": 50.57129405214583,
        "20,1": 75.85105475541062,
        "20,2": 36.78022849116466,
        "20,3": 53.8288150451489,
        "20,4": 60.69707876387758,
        "20,5": 93.73761817036862,
        "20,6": 74.6472377905709,
        "20,7": 95.64808824856426,
        "20,8": 61.863430165570534,
        "20,9": 68.26609664604554,
        "20,10": 90.88832151150918,
        "20,11": 94.97730424971901,
        "20,12": 92.11748206248511,
        "20,13": 68.23675492364008,
        "20,14": 104.47333194774545,
        "20,15": 34.463233312109395,
        "20,16": 66.8626257018425,
        "20,17": 48.679971659922494,
        "20,18": 45.503989610160446,
        "20,19": 57.54771071965268,
        "20,20": 0.0,
        "20,21": 32.55005883110139,
        "20,22": 48.420689493932635,
        "20,23": 93.86503711107146,
        "20,24": 92.02366697353771,
        "20,25": 64.46241243663926,
        "20,26": 67.86221349354561,
        "20,27": 94.63406407239565,
        "20,28": 51.41033049070358,
        "20,29": 75.40626059893756,
        "20,30": 87.48820163501017,
        "21,0": 21.464492166752922,
        "21,1": 44.40014842058801,
        "21,2": 14.024991297505414,
        "21,3": 36.5130754678217,
        "21,4": 61.11720961975093,
        "21,5": 61.34948042665033,
        "21,6": 42.71791491973697,
        "21,7": 63.099491456869494,
        "21,8": 36.662952496842856,
        "21,9": 61.64947396812799,
        "21,10": 58.41188561073011,
        "21,11": 62.43997655261742,
        "21,12": 59.6970460652003,
        "21,13": 49.387157038430345,
        "21,14": 72.29498749352044,
        "21,15": 43.66339573056777,
        "21,16": 36.46250992072511,
        "21,17": 18.63359165318042,
        "21,18": 15.58064166053093,
        "21,19": 28.46684374729095,
        "21,20": 32.55005883110139,
        "21,21": 0.0,
        "21,22": 38.26249735521593,
        "21,23": 66.9349686210907,
        "21,24": 61.68905167402291,
        "21,25": 40.09279878763734,
        "21,26": 37.456536727367165,
        "21,27": 62.098261547666674,
        "21,28": 28.921160091276015,
        "21,29": 66.39666477728306,
        "21,30": 55.289018510635394,
        "22,0": 30.241130338070064,
        "22,1": 50.2687259527587,
        "22,2": 24.584397546730976,
        "22,3": 74.58701219188872,
        "22,4": 25.021387552341782,
        "22,5": 78.35180413611306,
        "22,6": 51.76322499462306,
        "22,7": 75.73812881880107,
        "22,8": 26.117568258628314,
        "22,9": 23.41154588855525,
        "22,10": 74.63098743403756,
        "22,11": 76.61749893466067,
        "22,12": 69.63778122293343,
        "22,13": 22.003085135434077,
        "22,14": 77.98889886984361,
        "22,15": 24.90691301831273,
        "22,16": 65.627091905598,
        "22,17": 32.0583638133226,
        "22,18": 50.47784422572178,
        "22,19": 32.11212497911612,
        "22,20": 48.420689493932635,
        "22,21": 38.26249735521593,
        "22,22": 0.0,
        "22,23": 53.33797512397118,
        "22,24": 59.11774582536492,
        "22,25": 75.57072232845744,
        "22,26": 66.42645965897228,
        "22,27": 76.38427219754738,
        "22,28": 66.25554893463374,
        "22,29": 28.801642275885555,
        "22,30": 63.582924612949995,
        "23,0": 45.47296091567884,
        "23,1": 30.497338782039883,
        "23,2": 57.396426584966854,
        "23,3": 90.49968581138205,
        "23,4": 68.8407702801047,
        "23,5": 52.86017793485945,
        "23,6": 34.45140658228909,
        "23,7": 45.34841141293087,
        "23,8": 32.00403615771765,
        "23,9": 56.06536622473485,
        "23,10": 49.76399431014489,
        "23,11": 47.946559503522266,
        "23,12": 38.697290767044855,
        "23,13": 32.51326609058411,
        "23,14": 37.47434671742089,
        "23,15": 78.2223963103558,
        "23,16": 64.39535409284201,
        "23,17": 48.36129650386308,
        "23,18": 66.60858005520609,
        "23,19": 38.5129011202906,
        "23,20": 93.86503711107146,
        "23,21": 66.9349686210907,
        "23,22": 53.33797512397118,
        "23,23": 0.0,
        "23,24": 17.738944161911075,
        "23,25": 81.87326544703731,
        "23,26": 64.47460000191121,
        "23,27": 47.97139403436872,
        "23,28": 80.69477571313399,
        "23,29": 51.83447168804591,
        "23,30": 34.29311165366211,
        "24,0": 41.46058262863142,
        "24,1": 18.300868447646028,
        "24,2": 55.48228396112552,
        "24,3": 78.8921768457216,
        "24,4": 78.9463124287803,
        "24,5": 35.227614867104165,
        "24,6": 21.511647141991634,
        "24,7": 27.609787180656774,
        "24,8": 33.55708098992502,
        "24,9": 67.7637900929271,
        "24,10": 32.26152100908704,
        "24,11": 30.22547129078971,
        "24,12": 21.007816181894455,
        "24,13": 42.02563828889182,
        "24,14": 21.169867446006435,
        "24,15": 82.94775746425866,
        "24,16": 50.49770829797801,
        "24,17": 43.565278422535954,
        "24,18": 57.40926791098829,
        "24,19": 34.494398600581896,
        "24,20": 92.02366697353771,
        "24,21": 61.68905167402291,
        "24,22": 59.11774582536492,
        "24,23": 17.738944161911075,
        "24,24": 0.0,
        "24,25": 68.38115842160262,
        "24,26": 50.38501801148691,
        "24,27": 30.258706787262657,
        "24,28": 69.40986938022618,
        "24,29": 65.0450281786843,
        "24,30": 17.08878296715028,
        "25,0": 47.82219232568793,
        "25,1": 51.46668024208662,
        "25,2": 51.525849796340744,
        "25,3": 15.357038048257678,
        "25,4": 99.94287978994865,
        "25,5": 45.712359257941486,
        "25,6": 47.60249826680906,
        "25,7": 52.461725832062456,
        "25,8": 62.371748568583904,
        "25,9": 98.00111046694994,
        "25,10": 45.11234872398742,
        "25,11": 50.10733398259156,
        "25,12": 53.79128830237431,
        "25,13": 79.17198602631439,
        "25,14": 66.67097477726765,
        "25,15": 83.70635816637817,
        "25,16": 17.90180026785998,
        "25,17": 44.99448594215641,
        "25,18": 25.308268987586143,
        "25,19": 50.82227936622008,
        "25,20": 64.46241243663926,
        "25,21": 40.09279878763734,
        "25,22": 75.57072232845744,
        "25,23": 81.87326544703731,
        "25,24": 68.38115842160262,
        "25,25": 0.0,
        "25,26": 18.10367121322783,
        "25,27": 49.763828183154644,
        "25,28": 13.057236300706345,
        "25,29": 101.14658210603233,
        "25,30": 53.38235944926185,
        "26,0": 36.456889652534116,
        "26,1": 33.978987538264526,
        "26,2": 44.72878552318336,
        "26,3": 30.822142663793,
        "26,4": 91.43167800124557,
        "26,5": 29.812282715757068,
        "26,6": 30.026295176270054,
        "26,7": 35.458224530429185,
        "26,8": 48.57994874507952,
        "26,9": 87.21962700237792,
        "26,10": 28.42723865359799,
        "26,11": 33.41772233863611,
        "26,12": 36.018833543104456,
        "26,13": 65.71744147401947,
        "26,14": 49.16399275468639,
        "26,15": 79.53372957468024,
        "26,16": 1.0039262564141813,
        "26,17": 34.3727418851022,
        "26,18": 22.474815540081917,
        "26,19": 37.345630425415415,
        "26,20": 67.86221349354561,
        "26,21": 37.456536727367165,
        "26,22": 66.42645965897228,
        "26,23": 64.47460000191121,
        "26,24": 50.38501801148691,
        "26,25": 18.10367121322783,
        "26,26": 0.0,
        "26,27": 33.0583650847121,
        "26,28": 23.125984557849446,
        "26,29": 89.22943601335378,
        "26,30": 35.30295690450681,
        "27,0": 49.037766244302844,
        "27,1": 26.547570127399325,
        "27,2": 62.706006274141444,
        "27,3": 63.75776865399836,
        "27,4": 99.87644107367083,
        "27,5": 5.413179672199352,
        "27,6": 24.622613876738214,
        "27,7": 3.179231075334817,
        "27,8": 51.18753207973901,
        "27,9": 91.19941427713862,
        "27,10": 4.662317725109856,
        "27,11": 0.36461421783579645,
        "27,12": 9.288015481803047,
        "27,13": 65.5534393188751,
        "27,14": 17.824203897173046,
        "27,15": 96.47559995903322,
        "27,16": 33.72892243677159,
        "27,17": 49.18136118579524,
        "27,18": 50.87179283614704,
        "27,19": 44.707486977069436,
        "27,20": 94.63406407239565,
        "27,21": 62.098261547666674,
        "27,22": 76.38427219754738,
        "27,23": 47.97139403436872,
        "27,24": 30.258706787262657,
        "27,25": 49.763828183154644,
        "27,26": 33.0583650847121,
        "27,27": 0.0,
        "27,28": 56.10584743055845,
        "27,29": 90.27627166765325,
        "27,30": 14.642902721108122,
        "28,0": 41.17185131246466,
        "28,1": 51.37918085382301,
        "28,2": 41.70786698988255,
        "28,3": 9.86220443602064,
        "28,4": 89.88479040660347,
        "28,5": 52.93214349914727,
        "28,6": 47.91059250807159,
        "28,7": 58.38600144644525,
        "28,8": 56.93236871736133,
        "28,9": 89.31242995286823,
        "28,10": 51.50173793068341,
        "28,11": 56.467556178126834,
        "28,12": 58.218552278705396,
        "28,13": 72.89480444274334,
        "28,14": 71.59748216630967,
        "28,15": 71.9613701812236,
        "28,16": 22.397075633589726,
        "28,17": 38.02231997827106,
        "28,18": 16.37885714012548,
        "28,19": 45.69382816795761,
        "28,20": 51.41033049070358,
        "28,21": 28.921160091276015,
        "28,22": 66.25554893463374,
        "28,23": 80.69477571313399,
        "28,24": 69.40986938022618,
        "28,25": 13.057236300706345,
        "28,26": 23.125984557849446,
        "28,27": 56.10584743055845,
        "28,28": 0.0,
        "28,29": 93.2138603808976,
        "28,30": 56.4484516904287,
        "29,0": 53.431800025778905,
        "29,1": 64.20036305404496,
        "29,2": 52.399045744526575,
        "29,3": 102.08727540041437,
        "29,4": 21.788681591617305,
        "29,5": 93.62727183808981,
        "29,6": 67.10722974403053,
        "29,7": 88.71122200260389,
        "29,8": 41.268927317497855,
        "29,9": 7.980240799446017,
        "29,10": 89.88877040971204,
        "29,11": 90.41458141742321,
        "29,12": 81.84183683362494,
        "29,13": 24.856853064530707,
        "29,14": 86.15390318691044,
        "29,15": 44.50147900880152,
        "29,16": 88.58864223176644,
        "29,17": 56.15979982966026,
        "29,18": 76.94905489867355,
        "29,19": 51.94957873022506,
        "29,20": 75.40626059893756,
        "29,21": 66.39666477728306,
        "29,22": 28.801642275885555,
        "29,23": 51.83447168804591,
        "29,24": 65.0450281786843,
        "29,25": 101.14658210603233,
        "29,26": 89.22943601335378,
        "29,27": 90.27627166765325,
        "29,28": 93.2138603808976,
        "29,29": 0.0,
        "29,30": 75.83790397705036,
        "30,0": 38.640710741753644,
        "30,1": 13.38936141247994,
        "30,2": 52.99461953726431,
        "30,3": 65.37258619129689,
        "30,4": 86.3240356791237,
        "30,5": 18.89854951739281,
        "30,6": 13.078851914303566,
        "30,7": 12.873865863614876,
        "30,8": 37.755828501910926,
        "30,9": 77.05744723837854,
        "30,10": 15.562586308929045,
        "30,11": 14.731704022720503,
        "30,12": 6.131231341158642,
        "30,13": 51.2373156377376,
        "30,14": 17.007072532889374,
        "30,15": 85.08161088011255,
        "30,16": 35.60626497332631,
        "30,17": 39.56786950148769,
        "30,18": 47.158098380313966,
        "30,19": 33.10457177891247,
        "30,20": 87.48820163501017,
        "30,21": 55.289018510635394,
        "30,22": 63.582924612949995,
        "30,23": 34.29311165366211,
        "30,24": 17.08878296715028,
        "30,25": 53.38235944926185,
        "30,26": 35.30295690450681,
        "30,27": 14.642902721108122,
        "30,28": 56.4484516904287,
        "30,29": 75.83790397705036,
        "30,30": 0.0
    }
}