{
    "num_robots": 4,
    "num_tasks": 40,
    "num_nodes": 41,
    "robot_capacity": [
        146,
        150,
        141,
        124
    ],
    "robot_speed": [
        0.9,
        0.94,
        1.03,
        1.02
    ],
    "task_demand": {
        "0": 0,
        "1": 12,
        "2": 5,
        "3": 9,
        "4": 12,
        "5": 13,
        "6": 15,
        "7": 10,
        "8": 7,
        "9": 6,
        "10": 8,
        "11": 14,
        "12": 12,
        "13": 11,
        "14": 12,
        "15": 11,
        "16": 13,
        "17": 13,
        "18": 14,
        "19": 10,
        "20": 13,
        "21": 10,
        "22": 14,
        "23": 9,
        "24": 8,
        "25": 8,
        "26": 8,
        "27": 10,
        "28": 6,
        "29": 12,
        "30": 9,
        "31": 15,
        "32": 14,
        "33": 15,
        "34": 5,
        "35": 15,
        "36": 13,
        "37": 12,
        "38": 8,
        "39": 10,
        "40": 7
    },
    "task_service_time": {
        "0": 0,
        "1": 62,
        "2": 13,
        "3": 47,
        "4": 26,
        "5": 76,
        "6": 100,
        "7": 14,
        "8": 67,
        "9": 10,
        "10": 51,
        "11": 87,
        "12": 26,
        "13": 18,
        "14": 43,
        "15": 37,
        "16": 10,
        "17": 97,
        "18": 54,
        "19": 23,
        "20": 66,
        "21": 96,
        "22": 67,
        "23": 36,
        "24": 62,
        "25": 55,
        "26": 85,
        "27": 49,
        "28": 72,
        "29": 16,
        "30": 98,
        "31": 51,
        "32": 93,
        "33": 78,
        "34": 94,
        "35": 79,
        "36": 49,
        "37": 78,
        "38": 25,
        "39": 60,
        "40": 11
    },
    "task_precedence": [],
    "coordinates": {
        "0": [
            100,
            0
        ],
        "1": [
            10.142285175390986,
            27.13476436986122
        ],
        "2": [
            52.77654604341443,
            49.59306375553799
        ],
        "3": [
            72.88959047527447,
            7.180138876138475
        ],
        "4": [
            64.44150692568455,
            42.42857363699163
        ],
        "5": [
            94.54809279424879,
            86.28615515291453
        ],
        "6": [
            86.86800541474139,
            96.79757593034175
        ],
        "7": [
            53.604898004050916,
            9.322690520599652
        ],
        "8": [
            16.07001804469812,
            19.624542610171147
        ],
        "9": [
            36.614857332598746,
            77.71017145359822
        ],
        "10": [
            68.13105889672445,
            61.38021361775993
        ],
        "11": [
            85.87176813967035,
            2.1436684226444513
        ],
        "12": [
            76.44587322511653,
            80.81179751233535
        ],
        "13": [
            19.98838089058802,
            93.1154313107022
        ],
        "14": [
            26.811285398489026,
            58.61904975478184
        ],
        "15": [
            48.3867181831257,
            64.14811653407195
        ],
        "16": [
            92.10140740140994,
            74.53770515004999
        ],
        "17": [
            41.32840591602679,
            44.34886055671574
        ],
        "18": [
            8.195754704017089,
            34.90109990687142
        ],
        "19": [
            40.57028266169069,
            16.832018867460242
        ],
        "20": [
            66.80061264199756,
            61.152601484658476
        ],
        "21": [
            49.40421332256406,
            0.30010706315005686
        ],
        "22": [
            87.24759610767643,
            93.88225083876699
        ],
        "23": [
            84.6964967874999,
            66.71283052739318
        ],
        "24": [
            16.668374858695255,
            15.772945815687667
        ],
        "25": [
            37.09117771591177,
            50.01397706538435
        ],
        "26": [
            37.95503426524734,
            52.31427830717623
        ],
        "27": [
            25.68926592280738,
            98.4214165661285
        ],
        "28": [
            31.535098031666454,
            28.75346718601938
        ],
        "29": [
            67.86381132187202,
            38.88612291912945
        ],
        "30": [
            75.09244697292819,
            54.74764306053468
        ],
        "31": [
            87.92492083674081,
            29.30056541167675
        ],
        "32": [
            20.00658073176398,
            82.8466035082941
        ],
        "33": [
            94.20881208794043,
            26.609073786397108
        ],
        "34": [
            50.20299020269901,
            53.83673876788413
        ],
        "35": [
            8.44955239483598,
            15.756055744857845
        ],
        "36": [
            75.53939522948085,
            18.45632111941584
        ],
        "37": [
            97.07518969613486,
            52.49417339684192
        ],
        "38": [
            26.043411316395005,
            30.488779012316336
        ],
        "39": [
            88.27223971047286,
            64.34494978107708
        ],
        "40": [
            31.020734267250017,
            77.79697475941245
        ]
    },
    "distance_matrix_str_keys": {
        "0,0": 0.0,
        "0,1": 93.86535223877152,
        "0,2": 68.48011810920461,
        "0,3": 28.04511898493147,
        "0,4": 55.358741772061265,
        "0,5": 86.45822033359791,
        "0,6": 97.68428731263559,
        "0,7": 47.3224898727592,
        "0,8": 86.19376162852926,
        "0,9": 100.2823367214508,
        "0,10": 69.16039351251472,
        "0,11": 14.289935262466262,
        "0,12": 84.1744825068855,
        "0,13": 122.76946990472722,
        "0,14": 93.76982957846845,
        "0,15": 82.33414671190175,
        "0,16": 74.95503488141601,
        "0,17": 73.54710997064085,
        "0,18": 98.21459275013271,
        "0,19": 61.76737133848162,
        "0,20": 69.58333126035392,
        "0,21": 50.59667670665689,
        "0,22": 94.74439734140545,
        "0,23": 68.44559129375452,
        "0,24": 84.81123491846792,
        "0,25": 80.36739278505797,
        "0,26": 81.15640139771675,
        "0,27": 123.32420864523978,
        "0,28": 74.25769102760344,
        "0,29": 50.446656761750674,
        "0,30": 60.147241154354745,
        "0,31": 31.691176536110554,
        "0,32": 115.1629577558873,
        "0,33": 27.231978723601976,
        "0,34": 73.33577998435612,
        "0,35": 92.89638178821042,
        "0,36": 30.642404850183343,
        "0,37": 52.575590875722,
        "0,38": 79.99464141664609,
        "0,39": 65.40499158120839,
        "0,40": 103.9735946418416,
        "1,0": 93.86535223877152,
        "1,1": 0.0,
        "1,2": 48.18771016617582,
        "1,3": 65.8438410255015,
        "1,4": 56.41193211180519,
        "1,5": 103.06904186690163,
        "1,6": 103.63273353896483,
        "1,7": 46.97093450960437,
        "1,8": 9.567729503366326,
        "1,9": 57.08475171448402,
        "1,10": 67.34573981993532,
        "1,11": 79.74653263108105,
        "1,12": 85.3076179203591,
        "1,13": 66.71127349100007,
        "1,14": 35.624651501969375,
        "1,15": 53.222409702257856,
        "1,16": 94.6801801364446,
        "1,17": 35.62161190035894,
        "1,18": 8.00655659752772,
        "1,19": 32.124906161940835,
        "1,20": 66.08615069197255,
        "1,21": 47.55625967843148,
        "1,22": 101.98262559809478,
        "1,23": 84.40825664514753,
        "1,24": 13.10270076787579,
        "1,25": 35.351112892347864,
        "1,26": 37.51742174050272,
        "1,27": 72.96228746216853,
        "1,28": 21.4539656173553,
        "1,29": 58.90559403343924,
        "1,30": 70.57616160653758,
        "1,31": 77.81278239838889,
        "1,32": 56.57838232938533,
        "1,33": 84.06817053872376,
        "1,34": 48.144112039144034,
        "1,35": 11.50392777442086,
        "1,36": 65.97042807711605,
        "1,37": 90.55622294801435,
        "1,38": 16.25100694646103,
        "1,39": 86.53835966778561,
        "1,40": 54.795704193271405,
        "2,0": 68.48011810920461,
        "2,1": 48.18771016617582,
        "2,2": 0.0,
        "2,3": 46.940289231571235,
        "2,4": 13.689456930194149,
        "2,5": 55.59896648547857,
        "2,6": 58.22794493821702,
        "2,7": 40.27889183495406,
        "2,8": 47.38651134406123,
        "2,9": 32.431033398422954,
        "2,10": 19.35711669740464,
        "2,11": 57.85100554923592,
        "2,12": 39.17711559842379,
        "2,13": 54.49091898377041,
        "2,14": 27.48932854068025,
        "2,15": 15.202636285489307,
        "2,16": 46.569086904580494,
        "2,17": 12.592123711544472,
        "2,18": 46.93933061066604,
        "2,19": 34.961105930771915,
        "2,20": 18.17408474923717,
        "2,21": 49.40817956024843,
        "2,22": 56.122948826893584,
        "2,23": 36.22112187422636,
        "2,24": 49.47322916255183,
        "2,25": 15.691014867873568,
        "2,26": 15.069247493700319,
        "2,27": 55.8384167265489,
        "2,28": 29.75714870104466,
        "2,29": 18.500382581365848,
        "2,30": 22.90347401830939,
        "2,31": 40.5856346463592,
        "2,32": 46.68692035907814,
        "2,33": 47.38033837454046,
        "2,34": 4.963060273227741,
        "2,35": 55.765809211701985,
        "2,36": 38.569988916976776,
        "2,37": 44.39353856837248,
        "2,38": 32.85778732481942,
        "2,39": 38.439074003104544,
        "2,40": 35.619881273726406,
        "3,0": 28.04511898493147,
        "3,1": 65.8438410255015,
        "3,2": 46.940289231571235,
        "3,3": 0.0,
        "3,4": 36.2466863140753,
        "3,5": 82.01739165495678,
        "3,6": 90.7010535130877,
        "3,7": 19.40334742406191,
        "3,8": 58.166373408431774,
        "3,9": 79.31167480232574,
        "3,10": 54.408562972949476,
        "3,11": 13.924904722792808,
        "3,12": 73.71748978712074,
        "3,13": 100.91289541647743,
        "3,14": 69.05919020036599,
        "3,15": 62.01404057953456,
        "3,16": 70.04381231734698,
        "3,17": 48.76086793886168,
        "3,18": 70.38283929528446,
        "3,19": 33.729756075549304,
        "3,20": 54.31484485002445,
        "3,21": 24.472388068040786,
        "3,22": 87.8829252159955,
        "3,23": 60.69221047143563,
        "3,24": 56.874083873995325,
        "3,25": 55.823508041972794,
        "3,26": 57.07463324255271,
        "3,27": 102.72702367128184,
        "3,28": 46.64335472105691,
        "3,29": 32.101836088192414,
        "3,30": 47.618484132548836,
        "3,31": 26.74648442679107,
        "3,32": 92.3148232379908,
        "3,33": 28.844284042371893,
        "3,34": 51.87986261919033,
        "3,35": 65.00819069892307,
        "3,36": 11.583339381155092,
        "3,37": 51.36443257951542,
        "3,38": 52.324537329857726,
        "3,39": 59.198323483782346,
        "3,40": 82.09591116696056,
        "4,0": 55.358741772061265,
        "4,1": 56.41193211180519,
        "4,2": 13.689456930194149,
        "4,3": 36.2466863140753,
        "4,4": 0.0,
        "4,5": 53.19674773035523,
        "4,6": 58.81272179430212,
        "4,7": 34.83434497499037,
        "4,8": 53.477329473671226,
        "4,9": 44.93454764509332,
        "4,10": 19.3074454992798,
        "4,11": 45.630359234051625,
        "4,12": 40.21662200279499,
        "4,13": 67.41837995033083,
        "4,14": 40.96541332766636,
        "4,15": 27.00916113518349,
        "4,16": 42.38002384201678,
        "4,17": 23.19273464119111,
        "4,18": 56.747224634680244,
        "4,19": 35.0002709122588,
        "4,20": 18.87205867469006,
        "4,21": 44.731732525912015,
        "4,22": 56.281423235037906,
        "4,23": 31.62261448744012,
        "4,24": 54.706440590097564,
        "4,25": 28.382721029781877,
        "4,26": 28.271193657470448,
        "4,27": 68.09504124407347,
        "4,28": 35.63481840483737,
        "4,29": 4.925558290046558,
        "4,30": 16.285023652179678,
        "4,31": 26.90381625126677,
        "4,32": 60.06729396715543,
        "4,33": 33.70977650691007,
        "4,34": 18.245042891822706,
        "4,35": 62.02033684922076,
        "4,36": 26.41651028372138,
        "4,37": 34.150747425025465,
        "4,38": 40.211595866112624,
        "4,39": 32.37640141135241,
        "4,40": 48.66078341994941,
        "5,0": 86.45822033359791,
        "5,1": 103.06904186690163,
        "5,2": 55.59896648547857,
        "5,3": 82.01739165495678,
        "5,4": 53.19674773035523,
        "5,5": 0.0,
        "5,6": 13.018206824175035,
        "5,7": 87.1763734496777,
        "5,8": 102.9688244236813,
        "5,9": 58.564556409708466,
        "5,10": 36.30655042406933,
        "5,11": 84.5886321125086,
        "5,12": 18.911873119975255,
        "5,13": 74.87182148175788,
        "5,14": 73.16928178738424,
        "5,15": 51.195363656075386,
        "5,16": 12.000514442361997,
        "5,17": 67.75744792614579,
        "5,18": 100.48457690754627,
        "5,19": 87.96295262134481,
        "5,20": 37.4381913932108,
        "5,21": 97.11627216820715,
        "5,22": 10.535555113010437,
        "5,23": 21.912758401813115,
        "5,24": 105.05885567983766,
        "5,25": 67.9482743970201,
        "5,26": 66.00653520742468,
        "5,27": 69.91997288098861,
        "5,28": 85.32671148969325,
        "5,29": 54.39498077452455,
        "5,30": 37.056711933546666,
        "5,31": 57.36918898620918,
        "5,32": 74.62082508306632,
        "5,33": 59.678045811031836,
        "5,34": 54.94954729189454,
        "5,35": 111.29893791685382,
        "5,36": 70.44300510427412,
        "5,37": 33.88634311568993,
        "5,38": 88.35292054345233,
        "5,39": 22.821104817652643,
        "5,40": 64.09205461811365,
        "6,0": 97.68428731263559,
        "6,1": 103.63273353896483,
        "6,2": 58.22794493821702,
        "6,3": 90.7010535130877,
        "6,4": 58.81272179430212,
        "6,5": 13.018206824175035,
        "6,6": 0.0,
        "6,7": 93.58573551595694,
        "6,8": 104.72837288664887,
        "6,9": 53.75600340263928,
        "6,10": 40.068225790515335,
        "6,11": 94.65915008695121,
        "6,12": 19.083132630876253,
        "6,13": 66.98091045582821,
        "6,14": 71.16466454672882,
        "6,15": 50.465796990345645,
        "6,16": 22.866795654602623,
        "6,17": 69.46022507051758,
        "6,18": 100.1024314190974,
        "6,19": 92.40113337235267,
        "6,20": 40.90555531867261,
        "6,21": 103.51471980206738,
        "6,22": 2.93993358491791,
        "6,23": 30.163013040451037,
        "6,24": 107.20531150750823,
        "6,25": 68.31132921057981,
        "6,26": 66.11537275174632,
        "6,27": 61.20028614502026,
        "6,28": 87.70251635086143,
        "6,29": 60.94994489734426,
        "6,30": 43.66761535705653,
        "6,31": 67.50528497211188,
        "6,32": 68.30138902070877,
        "6,33": 70.57133466092168,
        "6,34": 56.47970317024071,
        "6,35": 112.77048269830766,
        "6,36": 79.15610913934572,
        "6,37": 45.46403069460125,
        "6,38": 89.98048563963484,
        "6,39": 32.48299274914868,
        "6,40": 58.99102083773548,
        "7,0": 47.3224898727592,
        "7,1": 46.97093450960437,
        "7,2": 40.27889183495406,
        "7,3": 19.40334742406191,
        "7,4": 34.83434497499037,
        "7,5": 87.1763734496777,
        "7,6": 93.58573551595694,
        "7,7": 0.0,
        "7,8": 38.92294143610465,
        "7,9": 70.46636807994891,
        "7,10": 54.04623077783699,
        "7,11": 33.05585071710995,
        "7,12": 75.04933422439646,
        "7,13": 90.28451490680482,
        "7,14": 56.10729640788678,
        "7,15": 55.07319437078474,
        "7,16": 75.72964656526777,
        "7,17": 37.115291260964604,
        "7,18": 52.11761047836636,
        "7,19": 15.042978739074805,
        "7,20": 53.48332969578824,
        "7,21": 9.952525510639067,
        "7,22": 91.00632053266119,
        "7,23": 65.27109379281406,
        "7,24": 37.49550020254705,
        "7,25": 43.91450510280943,
        "7,26": 45.751446484827554,
        "7,27": 93.36951053438995,
        "7,28": 29.404611077898668,
        "7,29": 32.82244878414128,
        "7,30": 50.2507818242189,
        "7,31": 39.7112005912675,
        "7,32": 80.83695135611757,
        "7,33": 44.130453038054384,
        "7,34": 44.64385140252204,
        "7,35": 45.611330009070564,
        "7,36": 23.760163645228218,
        "7,37": 61.265350676614446,
        "7,38": 34.751098550592836,
        "7,39": 65.0328654998149,
        "7,40": 72.1025107309611,
        "8,0": 86.19376162852926,
        "8,1": 9.567729503366326,
        "8,2": 47.38651134406123,
        "8,3": 58.166373408431774,
        "8,4": 53.477329473671226,
        "8,5": 102.9688244236813,
        "8,6": 104.72837288664887,
        "8,7": 38.92294143610465,
        "8,8": 0.0,
        "8,9": 61.61193633949539,
        "8,10": 66.73745601901788,
        "8,11": 71.95738515733527,
        "8,12": 85.96001425796341,
        "8,13": 73.59527355330567,
        "8,14": 40.446834385606856,
        "8,15": 55.01561362735223,
        "8,16": 93.7882060156983,
        "8,17": 35.345127751647894,
        "8,18": 17.186542002327275,
        "8,19": 24.658896065239055,
        "8,20": 65.56045227176543,
        "8,21": 38.530538330444756,
        "8,22": 102.86133797630012,
        "8,23": 83.22800276115859,
        "8,24": 3.897797935261938,
        "8,25": 36.95141242808398,
        "8,26": 39.33920124905627,
        "8,27": 79.38184474406941,
        "8,28": 17.95845101657864,
        "8,29": 55.25943809013149,
        "8,30": 68.6824526486518,
        "8,31": 72.50346524483614,
        "8,32": 63.34449865611982,
        "8,33": 78.45033339816926,
        "8,34": 48.32736444575366,
        "8,35": 8.54615044027604,
        "8,36": 59.48085039907734,
        "8,37": 87.41996603940535,
        "8,38": 14.74788818623281,
        "8,39": 84.92982768736367,
        "8,40": 60.06293181093777,
        "9,0": 100.2823367214508,
        "9,1": 57.08475171448402,
        "9,2": 32.431033398422954,
        "9,3": 79.31167480232574,
        "9,4": 44.93454764509332,
        "9,5": 58.564556409708466,
        "9,6": 53.75600340263928,
        "9,7": 70.46636807994891,
        "9,8": 61.61193633949539,
        "9,9": 0.0,
        "9,10": 35.4956121788434,
        "9,11": 90.20276959485753,
        "9,12": 39.951594601946006,
        "9,13": 22.666313113112093,
        "9,14": 21.461149791804758,
        "9,15": 17.958453205229457,
        "9,16": 55.57716960214726,
        "9,17": 33.69264912420491,
        "9,18": 51.383479844271264,
        "9,19": 61.00651483108276,
        "9,20": 34.42866461068791,
        "9,21": 78.45945255717372,
        "9,22": 53.15270818599421,
        "9,23": 49.32327604811233,
        "9,24": 65.06982467168007,
        "9,25": 27.70028997496757,
        "9,26": 25.431230070826043,
        "9,27": 23.416323831144293,
        "9,28": 49.21953725197526,
        "9,29": 49.83777553252658,
        "9,30": 44.8085105167739,
        "9,31": 70.54227508333659,
        "9,32": 17.38441215291282,
        "9,33": 76.99601163146811,
        "9,34": 27.469585783095116,
        "9,35": 68.05583630732309,
        "9,36": 70.89526380451304,
        "9,37": 65.50800216391575,
        "9,38": 48.39024049296577,
        "9,39": 53.35835740059403,
        "9,40": 5.594796482819276,
        "10,0": 69.16039351251472,
        "10,1": 67.34573981993532,
        "10,2": 19.35711669740464,
        "10,3": 54.408562972949476,
        "10,4": 19.3074454992798,
        "10,5": 36.30655042406933,
        "10,6": 40.068225790515335,
        "10,7": 54.04623077783699,
        "10,8": 66.73745601901788,
        "10,9": 35.4956121788434,
        "10,10": 0.0,
        "10,11": 61.83608211308107,
        "10,12": 21.135812971531447,
        "10,13": 57.661438480330766,
        "10,14": 41.41192712038036,
        "10,15": 19.937408978320175,
        "10,16": 27.344052202597233,
        "10,17": 31.75608908372756,
        "10,18": 65.52392045342317,
        "10,19": 52.384521017073645,
        "10,20": 1.3497757294646442,
        "10,21": 63.88641609826729,
        "10,22": 37.70708711175447,
        "10,23": 17.402601403757004,
        "10,24": 68.76358574687595,
        "10,25": 33.05549208654332,
        "10,26": 31.508469426730358,
        "10,27": 56.33255281542871,
        "10,28": 49.028246290867386,
        "10,29": 22.495678198811405,
        "10,30": 9.61519194525428,
        "10,31": 37.69483783658558,
        "10,32": 52.69507845693168,
        "10,33": 43.46356378248522,
        "10,34": 19.450441123748423,
        "10,35": 75.12287268167033,
        "10,36": 43.558512307339406,
        "10,37": 30.277457266771105,
        "10,38": 52.20776580958439,
        "10,39": 20.35821271846297,
        "10,40": 40.57938196285213,
        "11,0": 14.289935262466262,
        "11,1": 79.74653263108105,
        "11,2": 57.85100554923592,
        "11,3": 13.924904722792808,
        "11,4": 45.630359234051625,
        "11,5": 84.5886321125086,
        "11,6": 94.65915008695121,
        "11,7": 33.05585071710995,
        "11,8": 71.95738515733527,
        "11,9": 90.20276959485753,
        "11,10": 61.83608211308107,
        "11,11": 0.0,
        "11,12": 79.23081489807159,
        "11,13": 112.32311586834452,
        "11,14": 81.71664039980908,
        "11,15": 72.4546793233353,
        "11,16": 72.66157828605397,
        "11,17": 61.362768526693685,
        "11,18": 84.30072586104825,
        "11,19": 47.623231991343495,
        "11,20": 62.01421734677998,
        "11,21": 36.514124292181414,
        "11,22": 91.74889866541864,
        "11,23": 64.57985721307033,
        "11,24": 70.53273597314815,
        "11,25": 68.34553717428568,
        "11,26": 69.37653408306122,
        "11,27": 113.54002977215949,
        "11,28": 60.50252150657322,
        "11,29": 40.91814354510673,
        "11,30": 53.6970382099383,
        "11,31": 27.234399021649057,
        "11,32": 104.16902919638451,
        "11,33": 25.84690235614558,
        "11,34": 62.804739002999376,
        "11,35": 78.60977407071995,
        "11,36": 19.309597819755353,
        "11,37": 51.58187671778274,
        "11,38": 66.2033048609651,
        "11,39": 62.24758361890949,
        "11,40": 93.44548505175766,
        "12,0": 84.1744825068855,
        "12,1": 85.3076179203591,
        "12,2": 39.17711559842379,
        "12,3": 73.71748978712074,
        "12,4": 40.21662200279499,
        "12,5": 18.911873119975255,
        "12,6": 19.083132630876253,
        "12,7": 75.04933422439646,
        "12,8": 85.96001425796341,
        "12,9": 39.951594601946006,
        "12,10": 21.135812971531447,
        "12,11": 79.23081489807159,
        "12,12": 0.0,
        "12,13": 57.78259119620425,
        "12,14": 54.37012379744592,
        "12,15": 32.63425264068133,
        "12,16": 16.865941578090997,
        "12,17": 50.623929930759786,
        "12,18": 82.2549137302111,
        "12,19": 73.35168759968502,
        "12,20": 21.897831860047116,
        "12,21": 84.93164115493559,
        "12,22": 16.956236828672992,
        "12,23": 16.33565606918329,
        "12,24": 88.33686399780122,
        "12,25": 49.97297072323051,
        "12,26": 47.89210044133579,
        "12,27": 53.72459276774965,
        "12,28": 68.75352707200148,
        "12,29": 42.79502280179917,
        "12,30": 26.099270294539526,
        "12,31": 52.77476259158214,
        "12,32": 56.47596101520887,
        "12,33": 57.0390853393952,
        "12,34": 37.63432879160838,
        "12,35": 94.10499021503144,
        "12,36": 62.362064899620776,
        "12,37": 35.035075761410916,
        "12,38": 71.22369238823117,
        "12,39": 20.273628645370938,
        "12,40": 45.52507447081249,
        "13,0": 122.76946990472722,
        "13,1": 66.71127349100007,
        "13,2": 54.49091898377041,
        "13,3": 100.91289541647743,
        "13,4": 67.41837995033083,
        "13,5": 74.87182148175788,
        "13,6": 66.98091045582821,
        "13,7": 90.28451490680482,
        "13,8": 73.59527355330567,
        "13,9": 22.666313113112093,
        "13,10": 57.661438480330766,
        "13,11": 112.32311586834452,
        "13,12": 57.78259119620425,
        "13,13": 0.0,
        "13,14": 35.164646541314454,
        "13,15": 40.56563676745526,
        "13,16": 74.46758020676305,
        "13,17": 53.23133561343282,
        "13,18": 59.396754230944616,
        "13,19": 79.01122511707486,
        "13,20": 56.6833973226403,
        "13,21": 97.36516632165909,
        "13,22": 67.26358631389824,
        "13,23": 69.88732067443257,
        "13,24": 77.41371004284926,
        "13,25": 46.370691361133844,
        "13,26": 44.5817756477049,
        "13,27": 7.788040169476783,
        "13,28": 65.3895182940128,
        "13,29": 72.33861159580697,
        "13,30": 67.14570182831218,
        "13,31": 93.20788898782021,
        "13,32": 10.2688439305371,
        "13,33": 99.65825604671004,
        "13,34": 49.55540640290156,
        "13,35": 78.21520025539624,
        "13,36": 93.05857256929377,
        "13,37": 87.13473868858098,
        "13,38": 62.91868539281768,
        "13,39": 74.0974087453837,
        "13,40": 18.87770992841286,
        "14,0": 93.76982957846845,
        "14,1": 35.624651501969375,
        "14,2": 27.48932854068025,
        "14,3": 69.05919020036599,
        "14,4": 40.96541332766636,
        "14,5": 73.16928178738424,
        "14,6": 71.16466454672882,
        "14,7": 56.10729640788678,
        "14,8": 40.446834385606856,
        "14,9": 21.461149791804758,
        "14,10": 41.41192712038036,
        "14,11": 81.71664039980908,
        "14,12": 54.37012379744592,
        "14,13": 35.164646541314454,
        "14,14": 0.0,
        "14,15": 22.272626232535412,
        "14,16": 67.2027054570692,
        "14,17": 20.356450767983063,
        "14,18": 30.15093909026418,
        "14,19": 43.99393090037261,
        "14,20": 40.06950433629513,
        "14,21": 62.542301435526674,
        "14,22": 69.97171573448097,
        "14,23": 58.448327476032766,
        "14,24": 44.03029930602245,
        "14,25": 13.406097942638702,
        "14,26": 12.803643302276122,
        "14,27": 39.81817840495467,
        "14,28": 30.23685545761885,
        "14,29": 45.54885603603282,
        "14,30": 48.43612652524314,
        "14,31": 67.78237204949707,
        "14,32": 25.165022679915776,
        "14,33": 74.61276811211258,
        "14,34": 23.875559721663137,
        "14,35": 46.6303494989285,
        "14,36": 63.14644454867788,
        "14,37": 70.53035061268861,
        "14,38": 28.140749148705382,
        "14,39": 61.72709968928471,
        "14,40": 19.63446630957789,
        "15,0": 82.33414671190175,
        "15,1": 53.222409702257856,
        "15,2": 15.202636285489307,
        "15,3": 62.01404057953456,
        "15,4": 27.00916113518349,
        "15,5": 51.195363656075386,
        "15,6": 50.465796990345645,
        "15,7": 55.07319437078474,
        "15,8": 55.01561362735223,
        "15,9": 17.958453205229457,
        "15,10": 19.937408978320175,
        "15,11": 72.4546793233353,
        "15,12": 32.63425264068133,
        "15,13": 40.56563676745526,
        "15,14": 22.272626232535412,
        "15,15": 0.0,
        "15,16": 44.93236700932233,
        "15,17": 21.01975997286254,
        "15,18": 49.70615180207361,
        "15,19": 47.9573744345652,
        "15,20": 18.655953997416866,
        "15,21": 63.856116463168284,
        "15,22": 48.931447719401035,
        "15,23": 36.40024423223294,
        "15,24": 57.846438483966026,
        "15,25": 18.093179183514984,
        "15,26": 15.7752894281804,
        "15,27": 41.1075836579675,
        "15,28": 39.20150895310875,
        "15,29": 31.8986751846655,
        "15,30": 28.31192066464519,
        "15,31": 52.70314305908409,
        "15,32": 33.98625629402773,
        "15,33": 59.23549628587084,
        "15,34": 10.470117262290685,
        "15,35": 62.74367504879142,
        "15,36": 53.15080468815548,
        "15,37": 50.06377581564234,
        "15,38": 40.40017777367273,
        "15,39": 39.8860072059814,
        "15,40": 22.08775063744378,
        "16,0": 74.95503488141601,
        "16,1": 94.6801801364446,
        "16,2": 46.569086904580494,
        "16,3": 70.04381231734698,
        "16,4": 42.38002384201678,
        "16,5": 12.000514442361997,
        "16,6": 22.866795654602623,
        "16,7": 75.72964656526777,
        "16,8": 93.7882060156983,
        "16,9": 55.57716960214726,
        "16,10": 27.344052202597233,
        "16,11": 72.66157828605397,
        "16,12": 16.865941578090997,
        "16,13": 74.46758020676305,
        "16,14": 67.2027054570692,
        "16,15": 44.93236700932233,
        "16,16": 0.0,
        "16,17": 59.06999253187024,
        "16,18": 92.7966541949605,
        "16,19": 77.36538661627156,
        "16,20": 28.623263538443453,
        "16,21": 85.64036053122804,
        "16,22": 19.944195445743976,
        "16,23": 10.773177992602562,
        "16,24": 95.6213330706897,
        "16,25": 60.22905120638945,
        "16,26": 58.52956880450353,
        "16,27": 70.57622975747884,
        "16,28": 75.92413500737733,
        "16,29": 43.110281595959464,
        "16,30": 26.09504344438862,
        "16,31": 45.429526210758226,
        "16,32": 72.57204575078428,
        "16,33": 47.97493990518113,
        "16,34": 46.733364665009915,
        "16,35": 102.23949898564547,
        "16,36": 58.47582305512762,
        "16,37": 22.59769462732894,
        "16,38": 79.39752351714355,
        "16,39": 10.888286697963208,
        "16,40": 61.167568767350886,
        "17,0": 73.54710997064085,
        "17,1": 35.62161190035894,
        "17,2": 12.592123711544472,
        "17,3": 48.76086793886168,
        "17,4": 23.19273464119111,
        "17,5": 67.75744792614579,
        "17,6": 69.46022507051758,
        "17,7": 37.115291260964604,
        "17,8": 35.345127751647894,
        "17,9": 33.69264912420491,
        "17,10": 31.75608908372756,
        "17,11": 61.362768526693685,
        "17,12": 50.623929930759786,
        "17,13": 53.23133561343282,
        "17,14": 20.356450767983063,
        "17,15": 21.01975997286254,
        "17,16": 59.06999253187024,
        "17,17": 0.0,
        "17,18": 34.45334174842021,
        "17,19": 27.527283328005954,
        "17,20": 30.51555381545628,
        "17,21": 44.78293591988356,
        "17,22": 67.5435324860264,
        "17,23": 48.794860986436994,
        "17,24": 37.74519883422343,
        "17,25": 7.074436223236422,
        "17,26": 8.650289950841733,
        "17,27": 56.28875565438087,
        "17,28": 18.415351577003204,
        "17,29": 27.09186672323748,
        "17,30": 35.32909772487622,
        "17,31": 48.966175974120425,
        "17,32": 44.00791339695697,
        "17,33": 55.77667426050906,
        "17,34": 12.99146178115509,
        "17,35": 43.572554387790085,
        "17,36": 42.90472454540873,
        "17,37": 56.338708035325446,
        "17,38": 20.633296399949618,
        "17,39": 51.025161592974854,
        "17,40": 35.00034912019647,
        "18,0": 98.21459275013271,
        "18,1": 8.00655659752772,
        "18,2": 46.93933061066604,
        "18,3": 70.38283929528446,
        "18,4": 56.747224634680244,
        "18,5": 100.48457690754627,
        "18,6": 100.1024314190974,
        "18,7": 52.11761047836636,
        "18,8": 17.186542002327275,
        "18,9": 51.383479844271264,
        "18,10": 65.52392045342317,
        "18,11": 84.30072586104825,
        "18,12": 82.2549137302111,
        "18,13": 59.396754230944616,
        "18,14": 30.15093909026418,
        "18,15": 49.70615180207361,
        "18,16": 92.7966541949605,
        "18,17": 34.45334174842021,
        "18,18": 0.0,
        "18,19": 37.075622045907714,
        "18,20": 64.21581354323426,
        "18,21": 53.808603099204824,
        "18,22": 98.63047092334273,
        "18,23": 82.85137140926636,
        "18,24": 20.920601597982994,
        "18,25": 32.60896390633462,
        "18,26": 34.47946493210558,
        "18,27": 65.88515434644009,
        "18,28": 24.135416612032653,
        "18,29": 59.80098150498675,
        "18,30": 69.77859780528416,
        "18,31": 79.92562742231884,
        "18,32": 49.37881050665091,
        "18,33": 86.41182637644408,
        "18,34": 46.0778282183136,
        "18,35": 19.146726332021228,
        "18,36": 69.32241101253788,
        "18,37": 90.6039193376401,
        "18,38": 18.384978167783736,
        "18,39": 85.31813257686724,
        "18,40": 48.59049054523799,
        "19,0": 61.76737133848162,
        "19,1": 32.124906161940835,
        "19,2": 34.961105930771915,
        "19,3": 33.729756075549304,
        "19,4": 35.0002709122588,
        "19,5": 87.96295262134481,
        "19,6": 92.40113337235267,
        "19,7": 15.042978739074805,
        "19,8": 24.658896065239055,
        "19,9": 61.00651483108276,
        "19,10": 52.384521017073645,
        "19,11": 47.623231991343495,
        "19,12": 73.35168759968502,
        "19,13": 79.01122511707486,
        "19,14": 43.99393090037261,
        "19,15": 47.9573744345652,
        "19,16": 77.36538661627156,
        "19,17": 27.527283328005954,
        "19,18": 37.075622045907714,
        "19,19": 0.0,
        "19,20": 51.50091508316799,
        "19,21": 18.744130783437495,
        "19,22": 90.08612455515545,
        "19,23": 66.5974334710465,
        "19,24": 23.925359607577164,
        "19,25": 33.36385051328048,
        "19,26": 35.57850838810438,
        "19,27": 82.9353632415894,
        "19,28": 14.9584588547986,
        "19,29": 35.09017258786271,
        "19,30": 51.27742570256947,
        "19,31": 48.968626789151514,
        "19,32": 69.14326592203096,
        "19,33": 54.52231324786731,
        "19,34": 38.23791769277488,
        "19,35": 32.138746234370075,
        "19,36": 35.006816358881984,
        "19,37": 66.8176158258335,
        "19,38": 19.93833214531503,
        "19,39": 67.3272256244529,
        "19,40": 61.708344018013015,
        "20,0": 69.58333126035392,
        "20,1": 66.08615069197255,
        "20,2": 18.17408474923717,
        "20,3": 54.31484485002445,
        "20,4": 18.87205867469006,
        "20,5": 37.4381913932108,
        "20,6": 40.90555531867261,
        "20,7": 53.48332969578824,
        "20,8": 65.56045227176543,
        "20,9": 34.42866461068791,
        "20,10": 1.3497757294646442,
        "20,11": 62.01421734677998,
        "20,12": 21.897831860047116,
        "20,13": 56.6833973226403,
        "20,14": 40.06950433629513,
        "20,15": 18.655953997416866,
        "20,16": 28.623263538443453,
        "20,17": 30.51555381545628,
        "20,18": 64.21581354323426,
        "20,19": 51.50091508316799,
        "20,20": 0.0,
        "20,21": 63.290289828700416,
        "20,22": 38.59156746866653,
        "20,23": 18.73976564306268,
        "20,24": 67.62066558231972,
        "20,25": 31.728842991527063,
        "20,26": 30.169245076382996,
        "20,27": 55.48970541138488,
        "20,28": 47.88904283897027,
        "20,29": 22.291847369431956,
        "20,30": 10.477500130582397,
        "20,31": 38.22026424164315,
        "20,32": 51.578204177903146,
        "20,33": 44.09608489094166,
        "20,34": 18.138437582333147,
        "20,35": 73.93032258196695,
        "20,36": 43.58140289319178,
        "20,37": 31.48838504526371,
        "20,38": 51.004112270590625,
        "20,39": 21.70764511902035,
        "20,40": 39.46181519166434,
        "21,0": 50.59667670665689,
        "21,1": 47.55625967843148,
        "21,2": 49.40817956024843,
        "21,3": 24.472388068040786,
        "21,4": 44.731732525912015,
        "21,5": 97.11627216820715,
        "21,6": 103.51471980206738,
        "21,7": 9.952525510639067,
        "21,8": 38.530538330444756,
        "21,9": 78.45945255717372,
        "21,10": 63.88641609826729,
        "21,11": 36.514124292181414,
        "21,12": 84.93164115493559,
        "21,13": 97.36516632165909,
        "21,14": 62.542301435526674,
        "21,15": 63.856116463168284,
        "21,16": 85.64036053122804,
        "21,17": 44.78293591988356,
        "21,18": 53.808603099204824,
        "21,19": 18.744130783437495,
        "21,20": 63.290289828700416,
        "21,21": 0.0,
        "21,22": 100.94423834108007,
        "21,23": 75.20767986121773,
        "21,24": 36.208339633219055,
        "21,25": 51.2160103527182,
        "21,26": 53.25934388714697,
        "21,27": 100.94647150223982,
        "21,28": 33.59909200500931,
        "21,29": 42.77426069418322,
        "21,30": 60.20315211234536,
        "21,31": 48.21692121877324,
        "21,32": 87.62502426425826,
        "21,33": 51.95780788843276,
        "21,34": 53.542590325763804,
        "21,35": 43.77408595683937,
        "21,36": 31.822882367324517,
        "21,37": 70.68764070794393,
        "21,38": 38.171756370722726,
        "21,39": 74.91638908847105,
        "21,40": 79.64745322299495,
        "22,0": 94.74439734140545,
        "22,1": 101.98262559809478,
        "22,2": 56.122948826893584,
        "22,3": 87.8829252159955,
        "22,4": 56.281423235037906,
        "22,5": 10.535555113010437,
        "22,6": 2.93993358491791,
        "22,7": 91.00632053266119,
        "22,8": 102.86133797630012,
        "22,9": 53.15270818599421,
        "22,10": 37.70708711175447,
        "22,11": 91.74889866541864,
        "22,12": 16.956236828672992,
        "22,13": 67.26358631389824,
        "22,14": 69.97171573448097,
        "22,15": 48.931447719401035,
        "22,16": 19.944195445743976,
        "22,17": 67.5435324860264,
        "22,18": 98.63047092334273,
        "22,19": 90.08612455515545,
        "22,20": 38.59156746866653,
        "22,21": 100.94423834108007,
        "22,22": 0.0,
        "22,23": 27.28892646839551,
        "22,24": 105.27340596418965,
        "22,25": 66.6340134596904,
        "22,26": 64.4798650229417,
        "22,27": 61.72545699020635,
        "22,28": 85.7067144508283,
        "22,29": 58.312135947635454,
        "22,30": 40.978838153906366,
        "22,31": 64.58523717841595,
        "22,32": 68.14058747021681,
        "22,33": 67.63238040054031,
        "22,34": 54.552230602188146,
        "22,35": 110.9632103574075,
        "22,36": 76.32923975667963,
        "22,37": 42.538859294516776,
        "22,38": 88.11744722911756,
        "22,39": 29.55506806429925,
        "22,40": 58.48244265565055,
        "23,0": 68.44559129375452,
        "23,1": 84.40825664514753,
        "23,2": 36.22112187422636,
        "23,3": 60.69221047143563,
        "23,4": 31.62261448744012,
