{
    "num_robots": 7,
    "num_tasks": 40,
    "num_nodes": 41,
    "robot_capacity": [
        67,
        60,
        69,
        71,
        81,
        69,
        77
    ],
    "robot_speed": [
        1.17,
        0.98,
        0.94,
        1.07,
        1.18,
        1.2,
        1.15
    ],
    "task_demand": {
        "0": 0,
        "1": 8,
        "2": 8,
        "3": 12,
        "4": 13,
        "5": 6,
        "6": 7,
        "7": 12,
        "8": 7,
        "9": 6,
        "10": 14,
        "11": 9,
        "12": 15,
        "13": 11,
        "14": 13,
        "15": 15,
        "16": 5,
        "17": 7,
        "18": 7,
        "19": 14,
        "20": 7,
        "21": 7,
        "22": 9,
        "23": 11,
        "24": 8,
        "25": 5,
        "26": 5,
        "27": 6,
        "28": 11,
        "29": 10,
        "30": 15,
        "31": 7,
        "32": 14,
        "33": 9,
        "34": 5,
        "35": 13,
        "36": 15,
        "37": 8,
        "38": 5,
        "39": 14,
        "40": 10
    },
    "task_service_time": {
        "0": 0,
        "1": 77,
        "2": 29,
        "3": 63,
        "4": 28,
        "5": 64,
        "6": 73,
        "7": 41,
        "8": 14,
        "9": 100,
        "10": 12,
        "11": 23,
        "12": 86,
        "13": 29,
        "14": 51,
        "15": 76,
        "16": 80,
        "17": 77,
        "18": 30,
        "19": 96,
        "20": 100,
        "21": 100,
        "22": 69,
        "23": 85,
        "24": 83,
        "25": 72,
        "26": 83,
        "27": 34,
        "28": 62,
        "29": 80,
        "30": 74,
        "31": 12,
        "32": 64,
        "33": 94,
        "34": 31,
        "35": 48,
        "36": 28,
        "37": 74,
        "38": 99,
        "39": 93,
        "40": 34
    },
    "task_precedence": [],
    "coordinates": {
        "0": [
            0,
            100
        ],
        "1": [
            97.50542305786774,
            17.08892011566352
        ],
        "2": [
            45.24101613242608,
            38.868688892349
        ],
        "3": [
            98.15519129272995,
            69.44023425241294
        ],
        "4": [
            74.00605462010931,
            55.92762695024875
        ],
        "5": [
            74.94781306236729,
            7.369949380838103
        ],
        "6": [
            77.65692408954845,
            15.454312505383594
        ],
        "7": [
            57.2729652393314,
            21.52884482348355
        ],
        "8": [
            54.72328086266138,
            6.3461392649342585
        ],
        "9": [
            6.939709004918537,
            98.96083191715667
        ],
        "10": [
            11.350886825655692,
            44.042430132253806
        ],
        "11": [
            41.91183853583945,
            85.33008884784599
        ],
        "12": [
            41.44171392556542,
            46.903778910735696
        ],
        "13": [
            78.9489454169924,
            98.98805552740103
        ],
        "14": [
            32.37803422680011,
            64.94331802327117
        ],
        "15": [
            53.41009398419511,
            0.6619266539202084
        ],
        "16": [
            63.54546121420084,
            63.071397700470854
        ],
        "17": [
            77.79354118238295,
            90.91174187662364
        ],
        "18": [
            74.6160429465639,
            49.36605981318638
        ],
        "19": [
            13.158346157610023,
            10.108127482829754
        ],
        "20": [
            47.13733601292931,
            95.88103737992448
        ],
        "21": [
            3.9149743330601283,
            98.55792462781355
        ],
        "22": [
            56.448305742053165,
            60.985625236434636
        ],
        "23": [
            29.806932108837824,
            85.25274702349242
        ],
        "24": [
            87.27135046535311,
            26.48331011259434
        ],
        "25": [
            25.371166716529135,
            77.37097780044208
        ],
        "26": [
            52.637689291104,
            11.118803712374536
        ],
        "27": [
            22.48206990472681,
            2.5394953619145344
        ],
        "28": [
            88.11749813563446,
            48.52307692251403
        ],
        "29": [
            95.17320502992959,
            86.35809143356883
        ],
        "30": [
            50.92793764990464,
            75.64532482920147
        ],
        "31": [
            57.92008947188889,
            67.81111478759789
        ],
        "32": [
            45.01339255331387,
            5.3092073839681175
        ],
        "33": [
            56.085592834928065,
            6.704977396653833
        ],
        "34": [
            38.38769641024875,
            6.606229635738348
        ],
        "35": [
            19.736507401150593,
            65.53280741434499
        ],
        "36": [
            24.709682841194248,
            30.490085964880052
        ],
        "37": [
            73.40858922734415,
            83.58538404415049
        ],
        "38": [
            63.32151550453574,
            78.78258088232116
        ],
        "39": [
            10.210951771924993,
            0.8627984880790529
        ],
        "40": [
            98.8360210664963,
            41.032653692407685
        ]
    },
    "distance_matrix_str_keys": {
        "0,0": 0.0,
        "0,1": 127.99044766419325,
        "0,2": 76.0512112884131,
        "0,3": 102.80243606189401,
        "0,4": 86.13518553222627,
        "0,5": 119.15326668010428,
        "0,6": 114.79795787812267,
        "0,7": 97.14893073031008,
        "0,8": 108.46973356174895,
        "0,9": 7.01708140022244,
        "0,10": 57.09721759624142,
        "0,11": 44.40505041846445,
        "0,12": 67.35446790709908,
        "0,13": 78.9554305546545,
        "0,14": 47.72114889238673,
        "0,15": 112.78604060570477,
        "0,16": 73.49658025188855,
        "0,17": 78.32261158447302,
        "0,18": 90.1739971601863,
        "0,19": 90.84982563685347,
        "0,20": 47.31695572901306,
        "0,21": 4.172122410426891,
        "0,22": 68.61874859934593,
        "0,23": 33.25559610191913,
        "0,24": 114.1095627195524,
        "0,25": 33.99659903969809,
        "0,26": 103.29856430476762,
        "0,27": 100.01996516451754,
        "0,28": 102.0517863009215,
        "0,29": 96.14593400141206,
        "0,30": 56.45179391257363,
        "0,31": 66.26357291641324,
        "0,32": 104.84537050061435,
        "0,33": 108.85566115827052,
        "0,34": 100.97530182444548,
        "0,35": 39.71796934804578,
        "0,36": 73.77124490804107,
        "0,37": 75.22141044494565,
        "0,38": 66.78168311600422,
        "0,39": 99.66166895905265,
        "0,40": 115.08999518123382,
        "1,0": 127.99044766419325,
        "1,1": 0.0,
        "1,2": 56.62090214076457,
        "1,3": 52.35534634212303,
        "1,4": 45.394553258693655,
        "1,5": 24.562250728577276,
        "1,6": 19.915693644333782,
        "1,7": 40.47670433139805,
        "1,8": 44.110305272324425,
        "1,9": 122.08668438430145,
        "1,10": 90.27234247321807,
        "1,11": 88.01990541884321,
        "1,12": 63.49854554744928,
        "1,13": 83.97506322490281,
        "1,14": 80.8184395732355,
        "1,15": 47.055755867987465,
        "1,16": 57.1635133040353,
        "1,17": 76.40920952230532,
        "1,18": 39.569400664315836,
        "1,19": 84.63545857027428,
        "1,20": 93.51546361726248,
        "1,21": 124.0821130893231,
        "1,22": 60.10497153101808,
        "1,23": 96.06972975654895,
        "1,24": 13.892113058973177,
        "1,25": 94.00679452374132,
        "1,26": 45.26318397145755,
        "1,27": 76.42113110263355,
        "1,28": 32.80608706479874,
        "1,29": 69.30842182591634,
        "1,30": 74.82188636959553,
        "1,31": 64.34080872549578,
        "1,32": 53.797536175295996,
        "1,33": 42.70162294443645,
        "1,34": 60.03992341501207,
        "1,35": 91.62322008655305,
        "1,36": 74.01899107534243,
        "1,37": 70.72790902923991,
        "1,38": 70.53117973213111,
        "1,39": 88.78970514741812,
        "1,40": 23.980676984911668,
        "2,0": 76.0512112884131,
        "2,1": 56.62090214076457,
        "2,2": 0.0,
        "2,3": 61.11079543417649,
        "2,4": 33.44300834047616,
        "2,5": 43.29739454806469,
        "2,6": 39.987799517791835,
        "2,7": 21.10540195409052,
        "2,8": 33.876681931409976,
        "2,9": 71.2604783943358,
        "2,10": 34.282772099804134,
        "2,11": 46.580522853380145,
        "2,12": 8.888046403042337,
        "2,13": 68.92432619368238,
        "2,14": 29.074775799988494,
        "2,15": 39.07032779094759,
        "2,16": 30.345079064033552,
        "2,17": 61.38522828052435,
        "2,18": 31.194342380966418,
        "2,19": 43.08674512310824,
        "2,20": 57.0438770523002,
        "2,21": 72.59921895920644,
        "2,22": 24.794398836075686,
        "2,23": 48.88447400106167,
        "2,24": 43.817195387834005,
        "2,25": 43.32709506732118,
        "2,26": 28.718755218812543,
        "2,27": 42.86933561378189,
        "2,28": 43.94997061669605,
        "2,29": 68.90912016430039,
        "2,30": 37.21373438903638,
        "2,31": 31.597830897855157,
        "2,32": 33.56025344965568,
        "2,33": 33.94273384739011,
        "2,34": 32.9823326721875,
        "2,35": 36.89790213790965,
        "2,36": 22.17513548395671,
        "2,37": 52.8487937360608,
        "2,38": 43.81806968970702,
        "2,39": 51.687069122965625,
        "2,40": 53.6386735251619,
        "3,0": 102.80243606189401,
        "3,1": 52.35534634212303,
        "3,2": 61.11079543417649,
        "3,3": 0.0,
        "3,4": 27.672574114733383,
        "3,5": 66.26690477429561,
        "3,6": 57.74650383537865,
        "3,7": 62.982994880298484,
        "3,8": 76.59762180312441,
        "3,9": 95.87350987359183,
        "3,10": 90.44354995320839,
        "3,11": 58.44486468801196,
        "3,12": 61.02712785674331,
        "3,13": 35.24136238481601,
        "3,14": 65.93069578919915,
        "3,15": 82.05229630706953,
        "3,16": 35.19084391051167,
        "3,17": 29.590918114731288,
        "3,18": 30.9364507382361,
        "3,19": 103.65694659134417,
        "3,20": 57.46248887211993,
        "3,21": 98.63598930108289,
        "3,22": 42.555196109879624,
        "3,23": 70.15354655043497,
        "3,24": 44.314278993455424,
        "3,25": 73.21482723283317,
        "3,26": 73.98129661410745,
        "3,27": 101.00559471978819,
        "3,28": 23.200921418765788,
        "3,29": 17.178653430159134,
        "3,30": 47.63314639733456,
        "3,31": 40.268069841551714,
        "3,32": 83.28769044980054,
        "3,33": 75.53518098977958,
        "3,34": 86.71946483169566,
        "3,35": 78.51597269207268,
        "3,36": 83.1345702059342,
        "3,37": 28.504027371816246,
        "3,38": 36.0647252792862,
        "3,39": 111.52154034492195,
        "3,40": 28.41573793611623,
        "4,0": 86.13518553222627,
        "4,1": 45.394553258693655,
        "4,2": 33.44300834047616,
        "4,3": 27.672574114733383,
        "4,4": 0.0,
        "4,5": 48.56680924148106,
        "4,6": 40.63764301772204,
        "4,7": 38.25274489536356,
        "4,8": 53.199147407359035,
        "4,9": 79.68532765760662,
        "4,10": 63.77247019485457,
        "4,11": 43.52635376072137,
        "4,12": 33.791509559511404,
        "4,13": 43.34319645201475,
        "4,14": 42.593130518781344,
        "4,15": 58.978735352326225,
        "4,16": 12.667181017711265,
        "4,17": 35.18854006123598,
        "4,18": 6.589859562432853,
        "4,19": 76.17000824853649,
        "4,20": 48.147721073317086,
        "4,21": 82.03719775737932,
        "4,22": 18.271778575933464,
        "4,23": 53.04267242585487,
        "4,24": 32.29451761364491,
        "4,25": 53.15232466297496,
        "4,26": 49.64310301337833,
        "4,27": 74.19577882497265,
        "4,28": 15.936128739599312,
        "4,29": 37.0683345342431,
        "4,30": 30.354358707376857,
        "4,31": 19.999388938919775,
        "4,32": 58.333513978736285,
        "4,33": 52.38331967019807,
        "4,34": 60.83804463180696,
        "4,35": 55.11300433743969,
        "4,36": 55.47252258503597,
        "4,37": 27.664209592193735,
        "4,38": 25.22911602393896,
        "4,39": 84.273070912235,
        "4,40": 28.95492120660155,
        "5,0": 119.15326668010428,
        "5,1": 24.562250728577276,
        "5,2": 43.29739454806469,
        "5,3": 66.26690477429561,
        "5,4": 48.56680924148106,
        "5,5": 0.0,
        "5,6": 8.526207227548806,
        "5,7": 22.64673410722267,
        "5,8": 20.250429374469274,
        "5,9": 114.07888490544813,
        "5,10": 73.4128045453972,
        "5,11": 84.6708861335035,
        "5,12": 51.82260468814934,
        "5,13": 91.70543295793385,
        "5,14": 71.60222655020303,
        "5,15": 22.55816730133698,
        "5,16": 56.85652972679658,
        "5,17": 83.590246212952,
        "5,18": 41.99742090719062,
        "5,19": 61.85010783897082,
        "5,20": 92.77734277559003,
        "5,21": 115.58940698691539,
        "5,22": 56.717479391689764,
        "5,23": 90.0190496612098,
        "5,24": 22.741814628235623,
        "5,25": 85.77871439175637,
        "5,26": 22.62289838831812,
        "5,27": 52.68764078142456,
        "5,28": 43.209032752313284,
        "5,29": 81.53645237060478,
        "5,30": 72.37735355375469,
        "5,31": 62.79393160490137,
        "5,32": 30.005269350407463,
        "5,33": 18.873938106504625,
        "5,34": 36.56809261453994,
        "5,35": 80.19480237173838,
        "5,36": 55.302897245843226,
        "5,37": 76.23097592797787,
        "5,38": 72.3528488234558,
        "5,39": 65.06307879649641,
        "5,40": 41.27740475389288,
        "6,0": 114.79795787812267,
        "6,1": 19.915693644333782,
        "6,2": 39.987799517791835,
        "6,3": 57.74650383537865,
        "6,4": 40.63764301772204,
        "6,5": 8.526207227548806,
        "6,6": 0.0,
        "6,7": 21.26983124735556,
        "6,8": 24.676118240845348,
        "6,9": 109.42697699194035,
        "6,10": 72.2064474066444,
        "6,11": 78.4878032607857,
        "6,12": 47.9646785082818,
        "6,13": 83.54373430951608,
        "6,14": 67.07711632406689,
        "6,15": 28.402877483389663,
        "6,16": 49.66407340279804,
        "6,17": 75.45755304504469,
        "6,18": 34.04781290470841,
        "6,19": 64.719767069557,
        "6,20": 86.02269078802178,
        "6,21": 111.10394008172588,
        "6,22": 50.228537020527334,
        "6,23": 84.62531059755584,
        "6,24": 14.631335644965176,
        "6,25": 81.03995227867884,
        "6,26": 25.392100078448664,
        "6,27": 56.66618953278553,
        "6,28": 34.68381163380577,
        "6,29": 73.03537474593612,
        "6,30": 65.85891496719832,
        "6,31": 55.95335008686901,
        "6,32": 34.183670210814284,
        "6,33": 23.278169965472237,
        "6,34": 40.253705580937364,
        "6,35": 76.56781518173618,
        "6,36": 55.040756166105844,
        "6,37": 68.2633961806911,
        "6,38": 64.93052837395277,
        "6,39": 69.00631466168024,
        "6,40": 33.20851828430131,
        "7,0": 97.14893073031008,
        "7,1": 40.47670433139805,
        "7,2": 21.10540195409052,
        "7,3": 62.982994880298484,
        "7,4": 38.25274489536356,
        "7,5": 22.64673410722267,
        "7,6": 21.26983124735556,
        "7,7": 0.0,
        "7,8": 15.395305729287701,
        "7,9": 92.3533935945714,
        "7,10": 51.143902953207004,
        "7,11": 65.62440820805149,
        "7,12": 29.908456966082483,
        "7,13": 80.43492673917368,
        "7,14": 50.04571983030886,
        "7,15": 21.221452547575787,
        "7,16": 42.01342529825483,
        "7,17": 72.3538557405283,
        "7,18": 32.79775728219905,
        "7,19": 45.56898508086926,
        "7,20": 75.03985286342962,
        "7,21": 93.7046121013025,
        "7,22": 39.46539729740842,
        "7,23": 69.39105625022339,
        "7,24": 30.40476677216586,
        "7,25": 64.31227382394272,
        "7,26": 11.395382356515958,
        "7,27": 39.635864960373986,
        "7,28": 40.98870303153601,
        "7,29": 75.09500244501025,
        "7,30": 54.48717999052487,
        "7,31": 46.286793827219476,
        "7,32": 20.331595144333306,
        "7,33": 14.871344885885797,
        "7,34": 24.069437525381527,
        "7,35": 57.83886574558199,
        "7,36": 33.773824233199974,
        "7,37": 64.11998457211844,
        "7,38": 57.57234798934072,
        "7,39": 51.39959710682008,
        "7,40": 45.91172148904406,
        "8,0": 108.46973356174895,
        "8,1": 44.110305272324425,
        "8,2": 33.876681931409976,
        "8,3": 76.59762180312441,
        "8,4": 53.199147407359035,
        "8,5": 20.250429374469274,
        "8,6": 24.676118240845348,
        "8,7": 15.395305729287701,
        "8,8": 0.0,
        "8,9": 104.21492711962952,
        "8,10": 57.464553506094916,
        "8,11": 80.01623176711976,
        "8,12": 42.676951085372124,
        "8,13": 95.75702309429253,
        "8,14": 62.71315177579549,
        "8,15": 5.83392944634979,
        "8,16": 57.407193022595216,
        "8,17": 87.65602122100844,
        "8,18": 47.39657737964499,
        "8,19": 41.73483380087631,
        "8,20": 89.85568729760436,
        "8,21": 105.28293960664111,
        "8,22": 54.66670959609977,
        "8,23": 82.74706752015514,
        "8,24": 38.27378325446175,
        "8,25": 76.85098759184903,
        "8,26": 5.208456405808883,
        "8,27": 32.465153962955995,
        "8,28": 53.79654094313039,
        "8,29": 89.6555009744166,
        "8,30": 69.40303847796118,
        "8,31": 61.54805278224219,
        "8,32": 9.765099011570106,
        "8,33": 1.4087791574825097,
        "8,34": 16.33765486239963,
        "8,35": 68.75417081076279,
        "8,36": 38.51942663701057,
        "8,37": 79.46723653649323,
        "8,38": 72.9449635899959,
        "8,39": 44.84879560430959,
        "8,40": 56.116736642630556,
        "9,0": 7.01708140022244,
        "9,1": 122.08668438430145,
        "9,2": 71.2604783943358,
        "9,3": 95.87350987359183,
        "9,4": 79.68532765760662,
        "9,5": 114.07888490544813,
        "9,6": 109.42697699194035,
        "9,7": 92.3533935945714,
        "9,8": 104.21492711962952,
        "9,9": 0.0,
        "9,10": 55.0952751547189,
        "9,11": 37.5346107019784,
        "9,12": 62.45258290301262,
        "9,13": 72.0092415581146,
        "9,14": 42.47704840987552,
        "9,15": 108.72980941799223,
        "9,16": 67.02434387274884,
        "9,17": 71.30956026167108,
        "9,18": 83.90308454297642,
        "9,19": 89.07005407728622,
        "9,20": 40.31543564773575,
        "9,21": 3.051451149690622,
        "9,22": 62.395652679684126,
        "9,23": 26.66123560408118,
        "9,24": 108.19502662626697,
        "9,25": 28.38732876048586,
        "9,26": 99.01781315180787,
        "9,27": 97.66595683982808,
        "9,28": 95.57091909702751,
        "9,29": 89.1290013883938,
        "9,30": 49.785310384611094,
        "9,31": 59.74365296672593,
        "9,32": 101.0951638638005,
        "9,33": 104.52971152137069,
        "9,34": 97.56202373057236,
        "9,35": 35.79372670391259,
        "9,36": 70.73906291012858,
        "9,37": 68.22401655809114,
        "9,38": 59.883803477944824,
        "9,39": 98.15256080150493,
        "9,40": 108.6305942308941,
        "10,0": 57.09721759624142,
        "10,1": 90.27234247321807,
        "10,2": 34.282772099804134,
        "10,3": 90.44354995320839,
        "10,4": 63.77247019485457,
        "10,5": 73.4128045453972,
        "10,6": 72.2064474066444,
        "10,7": 51.143902953207004,
        "10,8": 57.464553506094916,
        "10,9": 55.0952751547189,
        "10,10": 0.0,
        "10,11": 51.367718770132264,
        "10,12": 30.226564349736833,
        "10,13": 87.11210751314445,
        "10,14": 29.647732501193595,
        "10,15": 60.4222226406696,
        "10,16": 55.55515459715353,
        "10,17": 81.31026196833,
        "10,18": 63.48874712878334,
        "10,19": 33.98240435194922,
        "10,20": 62.99135771525782,
        "10,21": 55.02028657407142,
        "10,22": 48.17519126333991,
        "10,23": 45.15435555703542,
        "10,24": 77.92457568143328,
        "10,25": 36.15743820971181,
        "10,26": 52.80686730394751,
        "10,27": 42.969719934982535,
        "10,28": 76.89726137956039,
        "10,29": 93.8977966754607,
        "10,30": 50.64667713850088,
        "10,31": 52.28423285610226,
        "10,32": 51.31692543725642,
        "10,33": 58.26902520652968,
        "10,34": 46.17854675202379,
        "10,35": 23.06848387221805,
        "10,36": 19.029541860373786,
        "10,37": 73.58534929899372,
        "10,38": 62.512593286596534,
        "10,39": 43.194676070707395,
        "10,40": 87.53689203619098,
        "11,0": 44.40505041846445,
        "11,1": 88.01990541884321,
        "11,2": 46.580522853380145,
        "11,3": 58.44486468801196,
        "11,4": 43.52635376072137,
        "11,5": 84.6708861335035,
        "11,6": 78.4878032607857,
        "11,7": 65.62440820805149,
        "11,8": 80.01623176711976,
        "11,9": 37.5346107019784,
        "11,10": 51.367718770132264,
        "11,11": 0.0,
        "11,12": 38.4291856865592,
        "11,13": 39.47514838408822,
        "11,14": 22.5058625530503,
        "11,15": 85.44534842607035,
        "11,16": 31.039699769552353,
        "11,17": 36.313240496389604,
        "11,18": 48.61045536244531,
        "11,19": 80.53016078181449,
        "11,20": 11.774053626922285,
        "11,21": 40.2335348765957,
        "11,22": 28.35421992163879,
        "11,23": 12.1051535043658,
        "11,24": 74.2995874147317,
        "11,25": 18.355960146476495,
        "11,26": 74.98238937165483,
        "11,27": 85.03998047278306,
        "11,28": 59.073844516195635,
        "11,29": 53.27128635704267,
        "11,30": 13.231957426302376,
        "11,31": 23.731383233077114,
        "11,32": 80.08096595058844,
        "11,33": 79.89244934061867,
        "11,34": 78.80270037866157,
        "11,35": 29.726716318664334,
        "11,36": 57.47469074946403,
        "11,37": 31.54503604332764,
        "11,38": 22.388482049092463,
        "11,39": 90.22011617338842,
        "11,40": 72.1292265183386,
        "12,0": 67.35446790709908,
        "12,1": 63.49854554744928,
        "12,2": 8.888046403042337,
        "12,3": 61.02712785674331,
        "12,4": 33.791509559511404,
        "12,5": 51.82260468814934,
        "12,6": 47.9646785082818,
        "12,7": 29.908456966082483,
        "12,8": 42.676951085372124,
        "12,9": 62.45258290301262,
        "12,10": 30.226564349736833,
        "12,11": 38.4291856865592,
        "12,12": 0.0,
        "12,13": 64.18383195815596,
        "12,14": 20.18849328391071,
        "12,15": 47.76558406812332,
        "12,16": 27.385535260974084,
        "12,17": 57.080260592576714,
        "12,18": 33.26558181117587,
        "12,19": 46.40979267677647,
        "12,20": 49.307321546802676,
        "12,21": 63.84674583880385,
        "12,22": 20.579023151920442,
        "12,23": 40.07507334037066,
        "12,24": 50.173211291533924,
        "12,25": 34.44579358619554,
        "12,26": 37.49552392397084,
        "12,27": 48.245805581388375,
        "12,28": 46.70386448331529,
        "12,29": 66.66120245650954,
        "12,30": 30.26656409854764,
        "12,31": 26.620547592294194,
        "12,32": 41.74763788186464,
        "12,33": 42.783020378190066,
        "12,34": 40.413110503334195,
        "12,35": 28.603438486583872,
        "12,36": 23.43864715228237,
        "12,37": 48.6561534826093,
        "12,38": 38.665019491507735,
        "12,39": 55.63391396420633,
        "12,40": 57.69381772353773,
        "13,0": 78.9554305546545,
        "13,1": 83.97506322490281,
        "13,2": 68.92432619368238,
        "13,3": 35.24136238481601,
        "13,4": 43.34319645201475,
        "13,5": 91.70543295793385,
        "13,6": 83.54373430951608,
        "13,7": 80.43492673917368,
        "13,8": 95.75702309429253,
        "13,9": 72.0092415581146,
        "13,10": 87.11210751314445,
        "13,11": 39.47514838408822,
        "13,12": 64.18383195815596,
        "13,13": 0.0,
        "13,14": 57.687900991541404,
        "13,15": 101.58868318740456,
        "13,16": 39.08034845088301,
        "13,17": 8.158541605647834,
        "13,18": 49.81080708520775,
        "13,19": 110.5804890571425,
        "13,20": 31.962979439429986,
        "13,21": 75.03520393265526,
        "13,22": 44.164052053691925,
        "13,23": 51.025446315308066,
        "13,24": 72.98082305273702,
        "13,25": 57.774357806289814,
        "13,26": 91.72397512894128,
        "13,27": 111.76239433777879,
        "13,28": 51.29109498291318,
        "13,29": 20.56070507058246,
        "13,30": 36.4699870130476,
        "13,31": 37.6060422838287,
        "13,32": 99.63607949755894,
        "13,33": 95.0731265951498,
        "13,34": 100.89408642762241,
        "13,35": 68.01004662611288,
        "13,36": 87.37201748245504,
        "13,37": 16.368806783914128,
        "13,38": 25.543644440480904,
        "13,39": 119.80600084879862,
        "13,40": 61.272541809073346,
        "14,0": 47.72114889238673,
        "14,1": 80.8184395732355,
        "14,2": 29.074775799988494,
        "14,3": 65.93069578919915,
        "14,4": 42.593130518781344,
        "14,5": 71.60222655020303,
        "14,6": 67.07711632406689,
        "14,7": 50.04571983030886,
        "14,8": 62.71315177579549,
        "14,9": 42.47704840987552,
        "14,10": 29.647732501193595,
        "14,11": 22.5058625530503,
        "14,12": 20.18849328391071,
        "14,13": 57.687900991541404,
        "14,14": 0.0,
        "14,15": 67.63464211495692,
        "14,16": 31.223590291794892,
        "14,17": 52.31565071238203,
        "14,18": 45.018888857395126,
        "14,19": 58.10589067455626,
        "14,20": 34.277973513687726,
        "14,21": 44.04642500467857,
        "14,22": 24.393468449832643,
        "14,23": 20.47152833610666,
        "14,24": 67.02572921017055,
        "14,25": 14.266846878115798,
        "14,26": 57.511146433787005,
        "14,27": 63.183599079300606,
        "14,28": 58.1077632907277,
        "14,29": 66.34625834520433,
        "14,30": 21.415692066349003,
        "14,31": 25.702545485314293,
        "14,32": 60.9580136797455,
        "14,33": 62.87887287555121,
        "14,34": 58.645817592510305,
        "14,35": 12.655263656905966,
        "14,36": 35.29630026281045,
        "14,37": 45.0669842476673,
        "14,38": 33.8972599197554,
        "14,39": 67.80628679157539,
        "14,40": 70.62849200944657,
        "15,0": 112.78604060570477,
        "15,1": 47.055755867987465,
        "15,2": 39.07032779094759,
        "15,3": 82.05229630706953,
        "15,4": 58.978735352326225,
        "15,5": 22.55816730133698,
        "15,6": 28.402877483389663,
        "15,7": 21.221452547575787,
        "15,8": 5.83392944634979,
        "15,9": 108.72980941799223,
        "15,10": 60.4222226406696,
        "15,11": 85.44534842607035,
        "15,12": 47.76558406812332,
        "15,13": 101.58868318740456,
        "15,14": 67.63464211495692,
        "15,15": 0.0,
        "15,16": 63.227112421787204,
        "15,17": 93.48572963291738,
        "15,18": 53.12047494319041,
        "15,19": 41.34530098082597,
        "15,20": 95.42550256622776,
        "15,21": 109.6968244234294,
        "15,22": 60.40016011038083,
        "15,23": 87.82207092360981,
        "15,24": 42.583195443774,
        "15,25": 81.6728839341502,
        "15,26": 10.485365364427583,
        "15,27": 30.984963090399354,
        "15,28": 59.121008177840366,
        "15,29": 95.3309503894671,
        "15,30": 75.02447002132459,
        "15,31": 67.30047196202311,
        "15,32": 9.596968953958203,
        "15,33": 6.608839261135558,
        "15,34": 16.155716227062218,
        "15,35": 73.08995556161629,
        "15,36": 41.39363100354073,
        "15,37": 85.30087688611175,
        "15,38": 78.74689132675175,
        "15,39": 43.19960922704853,
        "15,40": 60.77261268781036,
        "16,0": 73.49658025188855,
        "16,1": 57.1635133040353,
        "16,2": 30.345079064033552,
        "16,3": 35.19084391051167,
        "16,4": 12.667181017711265,
        "16,5": 56.85652972679658,
        "16,6": 49.66407340279804,
        "16,7": 42.01342529825483,
        "16,8": 57.407193022595216,
        "16,9": 67.02434387274884,
        "16,10": 55.55515459715353,
        "16,11": 31.039699769552353,
        "16,12": 27.385535260974084,
        "16,13": 39.08034845088301,
        "16,14": 31.223590291794892,
        "16,15": 63.227112421787204,
        "16,16": 0.0,
        "16,17": 31.274471164615342,
        "16,18": 17.618004044089833,
        "16,19": 73.10245793318435,
        "16,20": 36.68377064201797,
        "16,21": 69.39083915796748,
        "16,22": 7.397301032644773,
        "16,23": 40.376981115275775,
        "16,24": 43.607407330590824,
        "16,25": 40.76462622704226,
        "16,26": 53.08532292845435,
        "16,27": 73.1458358798333,
        "16,28": 28.555886187030293,
        "16,29": 39.275746764287916,
        "16,30": 17.813072287906923,
        "16,31": 7.3559313010118395,
        "16,32": 60.66224690045458,
        "16,33": 56.85791918548048,
        "16,34": 61.816084755583304,
        "16,35": 43.87804658338295,
        "16,36": 50.69279590088747,
        "16,37": 22.761918414587264,
        "16,38": 15.712779151204703,
        "16,39": 81.9419289095406,
        "16,40": 41.60684862064644,
        "17,0": 78.32261158447302,
        "17,1": 76.40920952230532,
        "17,2": 61.38522828052435,
        "17,3": 29.590918114731288,
        "17,4": 35.18854006123598,
        "17,5": 83.590246212952,
        "17,6": 75.45755304504469,
        "17,7": 72.3538557405283,
        "17,8": 87.65602122100844,
        "17,9": 71.30956026167108,
        "17,10": 81.31026196833,
        "17,11": 36.313240496389604,
        "17,12": 57.080260592576714,
        "17,13": 8.158541605647834,
        "17,14": 52.31565071238203,
        "17,15": 93.48572963291738,
        "17,16": 31.274471164615342,
        "17,17": 0.0,
        "17,18": 41.667015649730004,
        "17,19": 103.47430857459915,
        "17,20": 31.05634899969348,
        "17,21": 74.27318998383235,
        "17,22": 36.758557278072104,
        "17,23": 48.319135682719,
        "17,24": 65.12182190615167,
        "17,25": 54.14293708698312,
        "17,26": 83.66438827398215,
        "17,27": 104.25455773708647,
        "17,28": 43.62777789166382,
        "17,29": 17.966314252268127,
        "17,30": 30.90022884430038,
        "17,31": 30.47282485749507,
        "17,32": 91.66423542314712,
        "17,33": 86.95984248859283,
        "17,34": 93.06041046762903,
        "17,35": 63.361735187065314,
        "17,36": 80.42805803638757,
        "17,37": 8.5383442620592,
        "17,38": 18.882692436354986,
        "17,39": 112.58871434036296,
        "17,40": 54.13602680066303,
        "18,0": 90.1739971601863,
        "18,1": 39.569400664315836,
        "18,2": 31.194342380966418,
        "18,3": 30.9364507382361,
        "18,4": 6.589859562432853,
        "18,5": 41.99742090719062,
        "18,6": 34.04781290470841,
        "18,7": 32.79775728219905,
        "18,8": 47.39657737964499,
        "18,9": 83.90308454297642,
        "18,10": 63.48874712878334,
        "18,11": 48.61045536244531,
        "18,12": 33.26558181117587,
        "18,13": 49.81080708520775,
        "18,14": 45.018888857395126,
        "18,15": 53.12047494319041,
        "18,16": 17.618004044089833,
        "18,17": 41.667015649730004,
        "18,18": 0.0,
        "18,19": 72.92622124762704,
        "18,20": 54.02520220025767,
        "18,21": 86.13060238400705,
        "18,22": 21.565736151527723,
        "18,23": 57.408281048973784,
        "18,24": 26.1491308126115,
        "18,25": 56.65097762955517,
        "18,26": 44.112363671033954,
        "18,27": 70.0762319437633,
        "18,28": 13.52774601980858,
        "18,29": 42.3202943789991,
        "18,30": 35.37974141125922,
        "18,31": 24.879206487297274,
        "18,32": 53.07846226366115,
        "18,33": 46.51177844686233,
        "18,34": 56.0436987498107,
        "18,35": 57.211250202035,
        "18,36": 53.356791204951364,
        "18,37": 34.24062054501794,
        "18,38": 31.510285018539218,
        "18,39": 80.62618760914596,
        "18,40": 25.613531535183437,
        "19,0": 90.84982563685347,
        "19,1": 84.63545857027428,
        "19,2": 43.08674512310824,
        "19,3": 103.65694659134417,
        "19,4": 76.17000824853649,
        "19,5": 61.85010783897082,
        "19,6": 64.719767069557,
        "19,7": 45.56898508086926,
        "19,8": 41.73483380087631,
        "19,9": 89.07005407728622,
        "19,10": 33.98240435194922,
        "19,11": 80.53016078181449,
        "19,12": 46.40979267677647,
        "19,13": 110.5804890571425,
        "19,14": 58.10589067455626,
        "19,15": 41.34530098082597,
        "19,16": 73.10245793318435,
        "19,17": 103.47430857459915,
        "19,18": 72.92622124762704,
        "19,19": 0.0,
        "19,20": 92.25813689752802,
        "19,21": 88.93147101940721,
        "19,22": 66.80224830416107,
        "19,23": 76.96680622246424,
        "19,24": 75.90048757206826,
        "19,25": 68.36259224790908,
        "19,26": 39.492277734933516,
        "19,27": 12.008997322603546,
        "19,28": 84.2293464637953,
        "19,29": 111.98434747024025,
        "19,30": 75.64169668583648,
        "19,31": 73.02909289062559,
        "19,32": 32.21449386514869,
        "19,33": 43.061931422131444,
        "19,34": 25.471226957133126,
        "19,35": 55.813684261630016,
        "19,36": 23.42771031794487,
        "19,37": 95.02104515179884,
        "19,38": 85.04424794568568,
        "19,39": 9.703774620525028,
        "19,40": 91.08781641404998,
        "20,0": 47.31695572901306,
        "20,1": 93.51546361726248,
        "20,2": 57.0438770523002,
        "20,3": 57.46248887211993,
        "20,4": 48.147721073317086,
        "20,5": 92.77734277559003,
        "20,6": 86.02269078802178,
        "20,7": 75.03985286342962,
        "20,8": 89.85568729760436,
        "20,9": 40.31543564773575,
        "20,10": 62.99135771525782,
        "20,11": 11.774053626922285,
        "20,12": 49.307321546802676,
        "20,13": 31.962979439429986,
        "20,14": 34.277973513687726,
        "20,15": 95.42550256622776,
        "20,16": 36.68377064201797,
        "20,17": 31.05634899969348,
        "20,18": 54.02520220025767,
        "20,19": 92.25813689752802,
        "20,20": 0.0,
        "20,21": 43.305176070803995,
        "20,22": 36.11625597927724,
        "20,23": 20.329866093498406,
        "20,24": 80.1672231397477,
        "20,25": 28.57251181600144,
        "20,26": 84.9405094315843,
        "20,27": 96.54286930253417,
        "20,28": 62.62707167263092,
        "20,29": 48.97071790075799,
        "20,30": 20.58768377466802,
        "20,31": 30.069724416693806,
        "20,32": 90.59673020940691,
        "20,33": 89.62388618159967,
        "20,34": 89.70255008046422,
        "20,35": 40.88790127477526,
        "20,36": 69.13013925746381,
        "20,37": 29.006237887899772,
        "20,38": 23.54325551866112,
        "20,39": 101.94127513044997,
        "20,40": 75.37306700274952,
        "21,0": 4.172122410426891,
        "21,1": 124.0821130893231,
        "21,2": 72.59921895920644,
        "21,3": 98.63598930108289,
        "21,4": 82.03719775737932,
        "21,5": 115.58940698691539,
        "21,6": 111.10394008172588,
        "21,7": 93.7046121013025,
        "21,8": 105.28293960664111,
        "21,9": 3.051451149690622,
        "21,10": 55.02028657407142,
        "21,11": 40.2335348765957,
        "21,12": 63.84674583880385,
        "21,13": 75.03520393265526,
        "21,14": 44.04642500467857,
        "21,15": 109.6968244234294,
        "21,16": 69.39083915796748,
        "21,17": 74.27318998383235,
        "21,18": 86.13060238400705,
        "21,19": 88.93147101940721,
        "21,20": 43.305176070803995,
        "21,21": 0.0,
        "21,22": 64.58659760726297,
        "21,23": 29.110500314236848,
        "21,24": 110.1954422806395,
        "21,25": 30.153853940455097,
        "21,26": 100.09746659804911,
        "21,27": 97.79711548229763,
        "21,28": 97.94667426521237,
        "21,29": 92.07008526057984,
        "21,30": 52.299196450445834,
        "21,31": 62.14433824982397,
        "21,32": 101.90389221138474,
        "21,33": 105.63492485876846,
        "21,34": 98.20123613950446,
        "21,35": 36.619383877777324,
        "21,36": 71.1733838044912,
        "21,37": 71.08825136831327,
        "21,38": 62.61151135542578,
        "21,39": 97.89778855198584,
        "21,40": 110.99172000272374,
        "22,0": 68.61874859934593,
        "22,1": 60.10497153101808,
        "22,2": 24.794398836075686,
        "22,3": 42.555196109879624,
        "22,4": 18.271778575933464,
        "22,5": 56.717479391689764,
        "22,6": 50.228537020527334,
        "22,7": 39.46539729740842,
        "22,8": 54.66670959609977,
        "22,9": 62.395652679684126,
        "22,10": 48.17519126333991,
        "22,11": 28.35421992163879,
        "22,12": 20.579023151920442,
        "22,13": 44.164052053691925,
        "22,14": 24.393468449832643,
        "22,15": 60.40016011038083,
        "22,16": 7.397301032644773,
        "22,17": 36.758557278072104,
        "22,18": 21.565736151527723,
        "22,19": 66.80224830416107,
        "22,20": 36.11625597927724,
        "22,21": 64.58659760726297,
        "22,22": 0.0,
        "22,23": 36.03686985425449,
        "22,24": 46.26521192990828,
        "22,25": 35.13215547982466,
        "22,26": 50.01220537677486,
        "22,27": 67.59922539693886,
        "22,28": 34.03311412930755,
        "22,29": 46.296650697225274,
        "22,30": 15.6646498851069,
        "22,31": 6.982367432357587,
        "22,32": 56.83854981011089,
        "22,33": 54.281859682211476,
        "22,34": 57.30012456647094,
        "22,35": 36.992337087323946,
        "22,36": 44.01497585033819,
        "22,37": 28.255978377475525,
        "22,38": 19.07806705881751,
        "22,39": 75.846207541127,
        "22,40": 46.849114013637234,
        "23,0": 33.25559610191913,
        "23,1": 96.06972975654895,
        "23,2": 48.88447400106167,
        "23,3": 70.15354655043497,
