{
    "num_robots": 6,
    "num_tasks": 40,
    "num_nodes": 41,
    "robot_capacity": [
        81,
        93,
        91,
        67,
        72,
        85
    ],
    "robot_speed": [
        0.86,
        1.05,
        1.2,
        1.04,
        1.05,
        1.15
    ],
    "task_demand": {
        "0": 0,
        "1": 5,
        "2": 6,
        "3": 10,
        "4": 6,
        "5": 5,
        "6": 9,
        "7": 10,
        "8": 11,
        "9": 13,
        "10": 15,
        "11": 8,
        "12": 8,
        "13": 6,
        "14": 5,
        "15": 5,
        "16": 6,
        "17": 6,
        "18": 14,
        "19": 13,
        "20": 11,
        "21": 15,
        "22": 11,
        "23": 9,
        "24": 15,
        "25": 14,
        "26": 11,
        "27": 9,
        "28": 6,
        "29": 15,
        "30": 12,
        "31": 7,
        "32": 10,
        "33": 5,
        "34": 6,
        "35": 7,
        "36": 13,
        "37": 11,
        "38": 13,
        "39": 13,
        "40": 7
    },
    "task_service_time": {
        "0": 0,
        "1": 25,
        "2": 79,
        "3": 77,
        "4": 56,
        "5": 63,
        "6": 17,
        "7": 28,
        "8": 41,
        "9": 82,
        "10": 94,
        "11": 32,
        "12": 46,
        "13": 40,
        "14": 37,
        "15": 83,
        "16": 51,
        "17": 38,
        "18": 47,
        "19": 98,
        "20": 91,
        "21": 22,
        "22": 46,
        "23": 65,
        "24": 26,
        "25": 46,
        "26": 57,
        "27": 70,
        "28": 65,
        "29": 21,
        "30": 84,
        "31": 47,
        "32": 39,
        "33": 60,
        "34": 47,
        "35": 73,
        "36": 71,
        "37": 90,
        "38": 31,
        "39": 44,
        "40": 23
    },
    "task_precedence": [],
    "coordinates": {
        "0": [
            50.0,
            50.0
        ],
        "1": [
            87.40000740033183,
            97.7103907065635
        ],
        "2": [
            12.77554803728701,
            17.416220505497947
        ],
        "3": [
            91.5108319831284,
            8.80056030545271
        ],
        "4": [
            18.195212551647156,
            15.421308766203135
        ],
        "5": [
            96.37583638188106,
            68.39750343510599
        ],
        "6": [
            1.4386008640492332,
            57.66720755016536
        ],
        "7": [
            31.898360408411797,
            61.166208202895014
        ],
        "8": [
            86.7193704068122,
            56.716674097242006
        ],
        "9": [
            52.92969547177384,
            42.6445984318977
        ],
        "10": [
            78.14445796467261,
            93.03192587578438
        ],
        "11": [
            4.806530683962784,
            92.8842853220404
        ],
        "12": [
            59.72325517044994,
            39.54830790186282
        ],
        "13": [
            4.5653892763838915,
            50.31712407647861
        ],
        "14": [
            98.39530769541007,
            73.56320671550873
        ],
        "15": [
            38.56769529951184,
            48.09722452496945
        ],
        "16": [
            39.247724451929756,
            92.85867577371287
        ],
        "17": [
            68.69634431766808,
            76.71748232401544
        ],
        "18": [
            37.57969723793468,
            93.17540839683646
        ],
        "19": [
            71.6935600237575,
            73.55811918469078
        ],
        "20": [
            76.11851911336362,
            73.58372286809099
        ],
        "21": [
            78.77154981164519,
            31.355304831662256
        ],
        "22": [
            33.69734111596836,
            1.5483818686119921
        ],
        "23": [
            35.514802173976534,
            29.951705567332766
        ],
        "24": [
            72.40572160597098,
            35.58620955960933
        ],
        "25": [
            34.28166063861916,
            64.64812410593933
        ],
        "26": [
            63.57193172367149,
            97.93078146330726
        ],
        "27": [
            47.52877560405868,
            17.58247724946961
        ],
        "28": [
            27.860803204356046,
            92.55076912364851
        ],
        "29": [
            91.00404749915518,
            99.58920254145063
        ],
        "30": [
            23.46253913522173,
            63.89575098006917
        ],
        "31": [
            51.028123040838125,
            9.910617838195568
        ],
        "32": [
            7.289277343216272,
            39.67639164369854
        ],
        "33": [
            52.252460592774796,
            60.52794361854099
        ],
        "34": [
            20.63663466967226,
            5.819646774590181
        ],
        "35": [
            18.624830013850936,
            58.01609429562584
        ],
        "36": [
            41.10986628049819,
            6.007113104921203
        ],
        "37": [
            11.358446719924398,
            79.19558251968041
        ],
        "38": [
            76.14778511801848,
            76.36121706187377
        ],
        "39": [
            55.99737390831786,
            15.610676154044933
        ],
        "40": [
            2.0937420455097056,
            34.92664316886235
        ]
    },
    "distance_matrix_str_keys": {
        "0,0": 0.0,
        "0,1": 60.622124137296744,
        "0,2": 49.47082483717711,
        "0,3": 58.485408462933336,
        "0,4": 46.98117061203523,
        "0,5": 49.89174613865243,
        "0,6": 49.16294903337708,
        "0,7": 21.268605067896516,
        "0,8": 37.32862003880183,
        "0,9": 7.917388949986854,
        "0,10": 51.41845153934748,
        "0,11": 62.301778436909544,
        "0,12": 14.275137786513469,
        "0,13": 45.43571743998783,
        "0,14": 53.82685684350529,
        "0,15": 11.589570538772412,
        "0,16": 44.18684780042442,
        "0,17": 32.60946415657388,
        "0,18": 44.926382126040195,
        "0,19": 32.024920390603086,
        "0,20": 35.190467814367835,
        "0,21": 34.28449702831029,
        "0,22": 51.12079798124188,
        "0,23": 24.733682817525395,
        "0,24": 26.64157869841373,
        "0,25": 21.485663408480903,
        "0,26": 49.81523002451478,
        "0,27": 32.51157841902253,
        "0,28": 47.96573764438832,
        "0,29": 64.34610260155613,
        "0,30": 29.955445656002706,
        "0,31": 40.102563497890074,
        "0,32": 43.94067272310469,
        "0,33": 10.766205253346293,
        "0,34": 53.04819350971598,
        "0,35": 32.38300571929842,
        "0,36": 44.88216321562296,
        "0,37": 48.430895909123855,
        "0,38": 37.12977823205107,
        "0,39": 34.908367025372954,
        "0,40": 50.22166501979966,
        "1,0": 60.622124137296744,
        "1,1": 0.0,
        "1,2": 109.61735128849087,
        "1,3": 89.00481346929956,
        "1,4": 107.52114506754415,
        "1,5": 30.656334844452537,
        "1,6": 94.83047996816687,
        "1,7": 66.4523144343155,
        "1,8": 40.99936668001481,
        "1,9": 64.96494349484753,
        "1,10": 10.370787266585348,
        "1,11": 82.73435616042418,
        "1,12": 64.41141583737412,
        "1,13": 95.43424794910159,
        "1,14": 26.532680288218142,
        "1,15": 69.61365500872913,
        "1,16": 48.3960896243965,
        "1,17": 28.11635138256484,
        "1,18": 50.02628678232065,
        "1,19": 28.810149407098926,
        "1,20": 26.633964762253946,
        "1,21": 66.91373328267736,
        "1,22": 110.14131064137548,
        "1,23": 85.34233376922859,
        "1,24": 63.908078438195496,
        "1,25": 62.5673416046127,
        "1,26": 23.82909487450814,
        "1,27": 89.49970748521848,
        "1,28": 59.76235044883177,
        "1,29": 4.064362058778542,
        "1,30": 72.32862302010574,
        "1,31": 95.03533073335086,
        "1,32": 98.92256627035435,
        "1,33": 51.16526573802785,
        "1,34": 113.58369935313988,
        "1,35": 79.40819977874635,
        "1,36": 102.72423417956439,
        "1,37": 78.26312716029918,
        "1,38": 24.132959238388143,
        "1,39": 87.90044664186176,
        "1,40": 105.91958205952817,
        "2,0": 49.47082483717711,
        "2,1": 109.61735128849087,
        "2,2": 0.0,
        "2,3": 79.20526837726713,
        "2,4": 5.7751568200171715,
        "2,5": 97.91884098807549,
        "2,6": 41.81708178817321,
        "2,7": 47.74665827577505,
        "2,8": 83.73896655161636,
        "2,9": 47.42179466224111,
        "2,10": 99.95413590112524,
        "2,11": 75.88764092216489,
        "2,12": 51.90295268654347,
        "2,13": 33.90982398459483,
        "2,14": 102.38763257533547,
        "2,15": 40.081902001266336,
        "2,16": 79.95211179840453,
        "2,17": 81.50935596543651,
        "2,18": 79.7163745257091,
        "2,19": 81.38332091861719,
        "2,20": 84.65884659264248,
        "2,21": 67.45198530846224,
        "2,22": 26.25851725885164,
        "2,23": 25.96559385857438,
        "2,24": 62.33703635927765,
        "2,25": 51.897645389194345,
        "2,26": 95.19909202215733,
        "2,27": 34.753625244177535,
        "2,28": 76.63396974911852,
        "2,29": 113.45526477311007,
        "2,30": 47.69233200278563,
        "2,31": 38.9819646221393,
        "2,32": 22.926281539547535,
        "2,33": 58.45551551983199,
        "2,34": 14.009896692632896,
        "2,35": 41.0190669252199,
        "2,36": 30.54507033852541,
        "2,37": 61.79561268426006,
        "2,38": 86.5479812106995,
        "2,39": 43.259521749908146,
        "2,40": 20.511359806108302,
        "3,0": 58.485408462933336,
        "3,1": 89.00481346929956,
        "3,2": 79.20526837726713,
        "3,3": 0.0,
        "3,4": 73.613954946072,
        "3,5": 59.7951829012924,
        "3,6": 102.47417251048186,
        "3,7": 79.34612685547604,
        "3,8": 48.155083479784516,
        "3,9": 51.32175962700458,
        "3,10": 85.28530295569165,
        "3,11": 120.77958716787215,
        "3,12": 44.22526452011878,
        "3,13": 96.34902736834165,
        "3,14": 65.12753930455946,
        "3,15": 65.93332647972157,
        "3,16": 98.9808021026956,
        "3,17": 71.64641752322981,
        "3,18": 100.1383157704798,
        "3,19": 67.72197353820734,
        "3,20": 66.58664616195911,
        "3,21": 25.903779857141494,
        "3,22": 58.266575481376755,
        "3,23": 59.857550069114716,
        "3,24": 32.901006800553525,
        "3,25": 79.96329429950109,
        "3,26": 93.40652263817523,
        "3,27": 44.8502324246294,
        "3,28": 105.1923174030782,
        "3,29": 90.79005666684662,
        "3,30": 87.55598320495756,
        "3,31": 40.497925268242916,
        "3,32": 89.70277156694495,
        "3,33": 64.93798509841601,
        "3,34": 70.93685706531684,
        "3,35": 87.94622259655843,
        "3,36": 50.478319019355865,
        "3,37": 106.67644545972973,
        "3,38": 69.28539204145783,
        "3,39": 36.16052242850721,
        "3,40": 93.15572005356374,
        "4,0": 46.98117061203523,
        "4,1": 107.52114506754415,
        "4,2": 5.7751568200171715,
        "4,3": 73.613954946072,
        "4,4": 0.0,
        "4,5": 94.43880105169711,
        "4,6": 45.4477722150792,
        "4,7": 47.75324162459975,
        "4,8": 80.0054211137192,
        "4,9": 44.13152845699869,
        "4,10": 98.06793519658287,
        "4,11": 78.61151021984155,
        "4,12": 48.02801693846232,
        "4,13": 37.463182041622744,
        "4,14": 99.05824326231557,
        "4,15": 38.506538717288485,
        "4,16": 80.24807827211377,
        "4,17": 79.42030724240782,
        "4,18": 80.13400187138646,
        "4,19": 79.00608779000406,
        "4,20": 82.08517440562619,
        "4,21": 62.63692893534206,
        "4,22": 20.803223085153203,
        "4,23": 22.607534493707572,
        "4,24": 57.839454664932994,
        "4,25": 51.78854275365674,
        "4,26": 94.1640044155458,
        "4,27": 29.41306802363308,
        "4,28": 77.73272989993643,
        "4,29": 111.28953584670397,
        "4,30": 48.75978134983245,
        "4,31": 33.29215711988712,
        "4,32": 26.594143493721756,
        "4,33": 56.519949149278546,
        "4,34": 9.907192082500824,
        "4,35": 42.59695206774011,
        "4,36": 24.773139394554864,
        "4,37": 64.13968630903392,
        "4,38": 84.09621329254534,
        "4,39": 37.802635665299135,
        "4,40": 25.29259620164714,
        "5,0": 49.89174613865243,
        "5,1": 30.656334844452537,
        "5,2": 97.91884098807549,
        "5,3": 59.7951829012924,
        "5,4": 94.43880105169711,
        "5,5": 0.0,
        "5,6": 95.54170784294492,
        "5,7": 64.88171189668707,
        "5,8": 15.155497654249643,
        "5,9": 50.50524008541255,
        "5,10": 30.646988889240866,
        "5,11": 94.78681465888127,
        "5,12": 46.64426859085531,
        "5,13": 93.57381212424325,
        "5,14": 5.546418192611354,
        "5,15": 61.26893584214139,
        "5,16": 62.144751386260054,
        "5,17": 28.902877532258415,
        "5,18": 63.80384433971711,
        "5,19": 25.21600129151424,
        "5,20": 20.91066175242778,
        "5,21": 41.01262467855424,
        "5,22": 91.63732221650157,
        "5,23": 71.98711592045761,
        "5,24": 40.63431318669613,
        "5,25": 62.2072705283641,
        "5,26": 44.13967231319167,
        "5,27": 70.48547533271791,
        "5,28": 72.64771169650616,
        "5,29": 31.650880065826268,
        "5,30": 73.05213679657925,
        "5,31": 74.0076407682848,
        "5,32": 93.60190844146305,
        "5,33": 44.8196637954055,
        "5,34": 98.2467038644387,
        "5,35": 78.44101380631653,
        "5,36": 83.3479949176929,
        "5,37": 85.70037956070964,
        "5,38": 21.739245448327306,
        "5,39": 66.45953179288523,
        "5,40": 100.04704792953581,
        "6,0": 49.16294903337708,
        "6,1": 94.83047996816687,
        "6,2": 41.81708178817321,
        "6,3": 102.47417251048186,
        "6,4": 45.4477722150792,
        "6,5": 95.54170784294492,
        "6,6": 0.0,
        "6,7": 30.66007105451957,
        "6,8": 85.28606666772113,
        "6,9": 53.63778154083094,
        "6,10": 84.46568424982792,
        "6,11": 35.37775456501102,
        "6,12": 61.03601766237614,
        "6,13": 7.987523574029269,
        "6,14": 98.25113632445708,
        "6,15": 38.342590271133716,
        "6,16": 51.652388736752314,
        "6,17": 69.90362668296973,
        "6,18": 50.665680440254725,
        "6,19": 72.02971858273897,
        "6,20": 76.35722395156886,
        "6,21": 81.68660366057247,
        "6,22": 64.72981475732308,
        "6,23": 43.924213662569855,
        "6,24": 74.32296212246548,
        "6,25": 33.57677428393996,
        "6,26": 74.03854528534666,
        "6,27": 61.08264737913805,
        "6,28": 43.76066320981784,
        "6,29": 98.89096467825237,
        "6,30": 22.88773929925397,
        "6,31": 68.84629670969714,
        "6,32": 18.918241785225657,
        "6,33": 50.894323370917334,
        "6,34": 55.287738788802045,
        "6,35": 17.189770049382624,
        "6,36": 65.13504938075879,
        "6,37": 23.703887247292712,
        "6,38": 77.01251978423619,
        "6,39": 68.8869475965431,
        "6,40": 22.74999952412818,
        "7,0": 21.268605067896516,
        "7,1": 66.4523144343155,
        "7,2": 47.74665827577505,
        "7,3": 79.34612685547604,
        "7,4": 47.75324162459975,
        "7,5": 64.88171189668707,
        "7,6": 30.66007105451957,
        "7,7": 0.0,
        "7,8": 55.0012862667964,
        "7,9": 28.024401564645498,
        "7,10": 56.161601668680056,
        "7,11": 41.71335102763374,
        "7,12": 35.23575431211691,
        "7,13": 29.40737895981774,
        "7,14": 67.64266087767079,
        "7,15": 14.672367302638293,
        "7,16": 32.533454359651024,
        "7,17": 39.94913949731726,
        "7,18": 32.50948300459905,
        "7,19": 41.67993966173609,
        "7,20": 45.93056832166878,
        "7,21": 55.5498500865697,
        "7,22": 59.64496247304454,
        "7,23": 31.42330068323892,
        "7,24": 47.90806447540979,
        "7,25": 4.219461854689456,
        "7,26": 48.52678607617715,
        "7,27": 46.30174384414566,
        "7,28": 31.643206733270727,
        "7,29": 70.496870429896,
        "7,30": 8.8664245513978,
        "7,31": 54.70907933795674,
        "7,32": 32.67138174393009,
        "7,33": 20.364105087008525,
        "7,34": 56.48068987319214,
        "7,35": 13.642207547318055,
        "7,36": 55.92296140637404,
        "7,37": 27.330320023469778,
        "7,38": 46.785680302370224,
        "7,39": 51.53706386594469,
        "7,40": 39.70931942168576,
        "8,0": 37.32862003880183,
        "8,1": 40.99936668001481,
        "8,2": 83.73896655161636,
        "8,3": 48.155083479784516,
        "8,4": 80.0054211137192,
        "8,5": 15.155497654249643,
        "8,6": 85.28606666772113,
        "8,7": 55.0012862667964,
        "8,8": 0.0,
        "8,9": 36.602806528280524,
        "8,10": 37.31389332580139,
        "8,11": 89.5422213995687,
        "8,12": 31.99285913565072,
        "8,13": 82.40285708667524,
        "8,14": 20.497150358661923,
        "8,15": 48.917059668054044,
        "8,16": 59.664071725350176,
        "8,17": 26.923257587709134,
        "8,18": 61.18779932202601,
        "8,19": 22.570096373322535,
        "8,20": 19.921731410296864,
        "8,21": 26.577563907138934,
        "8,22": 76.51716184976166,
        "8,23": 57.77777555702673,
        "8,24": 25.522089913836904,
        "8,25": 53.03415225091953,
        "8,26": 47.269509872340684,
        "8,27": 55.384005668729046,
        "8,28": 68.90873166361123,
        "8,29": 43.086101622044275,
        "8,30": 63.66290794027563,
        "8,31": 58.861464822616945,
        "8,32": 81.23737385088252,
        "8,33": 34.676990173499355,
        "8,34": 83.41124236448849,
        "8,35": 68.10693741595345,
        "8,36": 68.20327296165601,
        "8,37": 78.64203801279122,
        "8,38": 22.30843974390642,
        "8,39": 51.318068316720776,
        "8,40": 87.38593950633609,
        "9,0": 7.917388949986854,
        "9,1": 64.96494349484753,
        "9,2": 47.42179466224111,
        "9,3": 51.32175962700458,
        "9,4": 44.13152845699869,
        "9,5": 50.50524008541255,
        "9,6": 53.63778154083094,
        "9,7": 28.024401564645498,
        "9,8": 36.602806528280524,
        "9,9": 0.0,
        "9,10": 56.34418350203285,
        "9,11": 69.5691391927081,
        "9,12": 7.46588698185686,
        "9,13": 48.96911029953665,
        "9,14": 54.98256299105599,
        "9,15": 15.362232268095045,
        "9,16": 52.044691316959984,
        "9,17": 37.543956005667205,
        "9,18": 52.81084359761373,
        "9,19": 36.16252726592207,
        "9,20": 38.66459572734475,
        "9,21": 28.200169958981533,
        "9,22": 45.373808192433536,
        "9,23": 21.54966444854743,
        "9,24": 20.715608787877184,
        "9,25": 28.842752039754455,
        "9,26": 56.30114764925953,
        "9,27": 25.637469718757174,
        "9,28": 55.848681565723346,
        "9,29": 68.50068773011458,
        "9,30": 36.33076915217263,
        "9,31": 32.78916685765227,
        "9,32": 45.73683437326066,
        "9,33": 17.896163894700187,
        "9,34": 48.978759075044614,
        "9,35": 37.59131121914748,
        "9,36": 38.49693095813418,
        "9,37": 55.35470314773162,
        "9,38": 40.9376362124183,
        "9,39": 27.207418192747017,
        "9,40": 51.41848883621057,
        "10,0": 51.41845153934748,
        "10,1": 10.370787266585348,
        "10,2": 99.95413590112524,
        "10,3": 85.28530295569165,
        "10,4": 98.06793519658287,
        "10,5": 30.646988889240866,
        "10,6": 84.46568424982792,
        "10,7": 56.161601668680056,
        "10,8": 37.31389332580139,
        "10,9": 56.34418350203285,
        "10,10": 0.0,
        "10,11": 73.3380758921571,
        "10,12": 56.56711150453294,
        "10,13": 85.07898472472438,
        "10,14": 28.09142112030991,
        "10,15": 59.87860660153502,
        "10,16": 38.89711934782833,
        "10,17": 18.852796076194338,
        "10,18": 40.565014483558954,
        "10,19": 20.514463953176666,
        "10,20": 19.55344032281014,
        "10,21": 61.67980891349119,
        "10,22": 101.70931629046876,
        "10,23": 76.13410370521228,
        "10,24": 57.73165005500141,
        "10,25": 52.24543226135947,
        "10,26": 15.37391645326819,
        "10,27": 81.4244392330762,
        "10,28": 50.28595676602795,
        "10,29": 14.434920168309372,
        "10,30": 61.959897792236234,
        "10,31": 87.43253095719747,
        "10,32": 88.69763048746277,
        "10,33": 41.556039157811426,
        "10,34": 104.46593399837853,
        "10,35": 69.05573526257076,
        "10,36": 94.57737054400124,
        "10,37": 68.20422051054932,
        "10,38": 16.789855115955074,
        "10,39": 80.52666167596408,
        "10,40": 95.70755074845742,
        "11,0": 62.301778436909544,
        "11,1": 82.73435616042418,
        "11,2": 75.88764092216489,
        "11,3": 120.77958716787215,
        "11,4": 78.61151021984155,
        "11,5": 94.78681465888127,
        "11,6": 35.37775456501102,
        "11,7": 41.71335102763374,
        "11,8": 89.5422213995687,
        "11,9": 69.5691391927081,
        "11,10": 73.3380758921571,
        "11,11": 0.0,
        "11,12": 76.55438012086853,
        "11,13": 42.567844268697776,
        "11,14": 95.56235273902679,
        "11,15": 56.08651398543799,
        "11,16": 34.44120328925243,
        "11,17": 65.90351891459623,
        "11,18": 32.77445954732222,
        "11,19": 69.62309524483234,
        "11,20": 73.877678664085,
        "11,21": 96.2114312061917,
        "11,22": 95.79627439035443,
        "11,23": 70.02504932156084,
        "11,24": 88.61557481271228,
        "11,25": 40.81744830419378,
        "11,26": 58.98168768916008,
        "11,27": 86.57685897519583,
        "11,28": 23.05668481154977,
        "11,29": 86.4578962271493,
        "11,30": 34.472913637072956,
        "11,31": 94.97928771961183,
        "11,32": 53.265786210848006,
        "11,33": 57.42864366625349,
        "11,34": 88.49205318895324,
        "11,35": 37.50648133089698,
        "11,36": 94.15718362333095,
        "11,37": 15.175908149222208,
        "11,38": 73.22968229450947,
        "11,39": 92.69149423689647,
        "11,40": 58.0210953546446,
        "12,0": 14.275137786513469,
        "12,1": 64.41141583737412,
        "12,2": 51.90295268654347,
        "12,3": 44.22526452011878,
        "12,4": 48.02801693846232,
        "12,5": 46.64426859085531,
        "12,6": 61.03601766237614,
        "12,7": 35.23575431211691,
        "12,8": 31.99285913565072,
        "12,9": 7.46588698185686,
        "12,10": 56.56711150453294,
        "12,11": 76.55438012086853,
        "12,12": 0.0,
        "12,13": 56.19926664815513,
        "12,14": 51.50282504674714,
        "12,15": 22.817574123505665,
        "12,16": 57.107290960411056,
        "12,17": 38.23694360259889,
        "12,18": 58.01898883476565,
        "12,19": 36.05489511529178,
        "12,20": 37.778487948581976,
        "12,21": 20.73554503855887,
        "12,22": 46.05803492229989,
        "12,23": 26.041197607820763,
        "12,24": 13.286955187769909,
        "12,25": 35.738991393161946,
        "12,26": 58.50919184507743,
        "12,27": 25.123754658584595,
        "12,28": 61.84235394014798,
        "12,29": 67.70079023049634,
        "12,30": 43.6765098403473,
        "12,31": 30.88685796680213,
        "12,32": 52.43413426606522,
        "12,33": 22.27011195361035,
        "12,34": 51.62738114227958,
        "12,35": 45.05707141657376,
        "12,36": 38.35974445137719,
        "12,37": 62.53847680489724,
        "12,38": 40.31073634680709,
        "12,39": 24.225862314345918,
        "12,40": 57.81453595698852,
        "13,0": 45.43571743998783,
        "13,1": 95.43424794910159,
        "13,2": 33.90982398459483,
        "13,3": 96.34902736834165,
        "13,4": 37.463182041622744,
        "13,5": 93.57381212424325,
        "13,6": 7.987523574029269,
        "13,7": 29.40737895981774,
        "13,8": 82.40285708667524,
        "13,9": 48.96911029953665,
        "13,10": 85.07898472472438,
        "13,11": 42.567844268697776,
        "13,12": 56.19926664815513,
        "13,13": 0.0,
        "13,14": 96.66661237770633,
        "13,15": 34.074693966479494,
        "13,16": 54.8875941724299,
        "13,17": 69.35242108322893,
        "13,18": 54.099695609723604,
        "13,19": 71.03756162417518,
        "13,20": 75.2408466778354,
        "13,21": 76.5905010458742,
        "13,22": 56.80722519645912,
        "13,23": 37.048838440069,
        "13,24": 69.42125418841214,
        "13,25": 32.99142836432529,
        "13,26": 75.82105526391634,
        "13,27": 54.01305090096322,
        "13,28": 48.232324058103366,
        "13,29": 99.49562478627603,
        "13,30": 23.26975249920566,
        "13,31": 61.574924890339595,
        "13,32": 10.983840535379674,
        "13,33": 48.76799776959389,
        "13,34": 47.310785395334214,
        "13,35": 16.029410977502067,
        "13,36": 57.43584135192743,
        "13,37": 29.666664650529466,
        "13,38": 76.17305411929058,
        "13,39": 62.04664834277588,
        "13,40": 15.587685607606693,
        "14,0": 53.82685684350529,
        "14,1": 26.532680288218142,
        "14,2": 102.38763257533547,
        "14,3": 65.12753930455946,
        "14,4": 99.05824326231557,
        "14,5": 5.546418192611354,
        "14,6": 98.25113632445708,
        "14,7": 67.64266087767079,
        "14,8": 20.497150358661923,
        "14,9": 54.98256299105599,
        "14,10": 28.09142112030991,
        "14,11": 95.56235273902679,
        "14,12": 51.50282504674714,
        "14,13": 96.66661237770633,
        "14,14": 0.0,
        "14,15": 65.02199207900892,
        "14,16": 62.215365704306095,
        "14,17": 29.86599873312259,
        "14,18": 63.8997412366002,
        "14,19": 26.701748156320647,
        "14,20": 22.276798029378277,
        "14,21": 46.54673839182543,
        "14,22": 96.80889358547473,
        "14,23": 76.52398974849903,
        "14,24": 46.018592960667064,
        "14,25": 64.73050623051083,
        "14,26": 42.502308327414504,
        "14,27": 75.63891960195056,
        "14,28": 73.04549164733935,
        "14,29": 27.055187783874047,
        "14,30": 75.5538185963584,
        "14,31": 79.3429407879779,
        "14,32": 97.20403799352124,
        "14,33": 47.948727019018406,
        "14,34": 103.1290509225816,
        "14,35": 81.27140834352878,
        "14,36": 88.57453122666676,
        "14,37": 87.2189132336871,
        "14,38": 22.422781333499074,
        "14,39": 71.80585343753008,
        "14,40": 103.76307430543929,
        "15,0": 11.589570538772412,
        "15,1": 69.61365500872913,
        "15,2": 40.081902001266336,
        "15,3": 65.93332647972157,
        "15,4": 38.506538717288485,
        "15,5": 61.26893584214139,
        "15,6": 38.342590271133716,
        "15,7": 14.672367302638293,
        "15,8": 48.917059668054044,
        "15,9": 15.362232268095045,
        "15,10": 59.87860660153502,
        "15,11": 56.08651398543799,
        "15,12": 22.817574123505665,
        "15,13": 34.074693966479494,
        "15,14": 65.02199207900892,
        "15,15": 0.0,
        "15,16": 44.76661655231242,
        "15,17": 41.555440656346065,
        "15,18": 45.089009762419174,
        "15,19": 41.78013966710079,
        "15,20": 45.383102217597184,
        "15,21": 43.550451118787876,
        "15,22": 46.802939037195976,
        "15,23": 18.400543869078785,
        "15,24": 36.076828017164786,
        "15,25": 17.096852635901218,
        "15,26": 55.754777699151745,
        "15,27": 31.80331368760435,
        "15,28": 45.72477627855666,
        "15,29": 73.49146094652646,
        "15,30": 21.857703010611093,
        "15,31": 40.1681364983139,
        "15,32": 32.39212645478846,
        "15,33": 18.487714253389424,
        "15,34": 45.9229410616344,
        "15,35": 22.273344008685807,
        "15,36": 42.16681292970391,
        "15,37": 41.321315059336925,
        "15,38": 47.02250976812286,
        "15,39": 36.866916354133664,
        "15,40": 38.77903401624348,
        "16,0": 44.18684780042442,
        "16,1": 48.3960896243965,
        "16,2": 79.95211179840453,
        "16,3": 98.9808021026956,
        "16,4": 80.24807827211377,
        "16,5": 62.144751386260054,
        "16,6": 51.652388736752314,
        "16,7": 32.533454359651024,
        "16,8": 59.664071725350176,
        "16,9": 52.044691316959984,
        "16,10": 38.89711934782833,
        "16,11": 34.44120328925243,
        "16,12": 57.107290960411056,
        "16,13": 54.8875941724299,
        "16,14": 62.215365704306095,
        "16,15": 44.76661655231242,
        "16,16": 0.0,
        "16,17": 33.58212825264821,
        "16,18": 1.697832247655497,
        "16,19": 37.752400328987385,
        "16,20": 41.60503946013706,
        "16,21": 73.10812135666434,
        "16,22": 91.47883103872732,
        "16,23": 63.017629353059874,
        "16,24": 66.178456929072,
        "16,25": 28.644319073735957,
        "16,26": 24.847400578834584,
        "16,27": 75.73032333514404,
        "16,28": 11.391083442921463,
        "16,29": 52.19211593660475,
        "16,30": 32.985194983281154,
        "16,31": 83.78041600629284,
        "16,32": 62.04593207363406,
        "16,33": 34.84823386891316,
        "16,34": 89.0065460064223,
        "16,35": 40.48838424858759,
        "16,36": 86.8715230107125,
        "16,37": 31.05627037622704,
        "16,38": 40.42005221557567,
        "16,39": 79.04305283927299,
        "16,40": 68.82251673969817,
        "17,0": 32.60946415657388,
        "17,1": 28.11635138256484,
        "17,2": 81.50935596543651,
        "17,3": 71.64641752322981,
        "17,4": 79.42030724240782,
        "17,5": 28.902877532258415,
        "17,6": 69.90362668296973,
        "17,7": 39.94913949731726,
        "17,8": 26.923257587709134,
        "17,9": 37.543956005667205,
        "17,10": 18.852796076194338,
        "17,11": 65.90351891459623,
        "17,12": 38.23694360259889,
        "17,13": 69.35242108322893,
        "17,14": 29.86599873312259,
        "17,15": 41.555440656346065,
        "17,16": 33.58212825264821,
        "17,17": 0.0,
        "17,18": 35.2009808968887,
        "17,19": 4.354868245418274,
        "17,20": 8.056620074538332,
        "17,21": 46.46758991591473,
        "17,22": 82.91757285634404,
        "17,23": 57.34154353249883,
        "17,24": 41.298197044023034,
        "17,25": 36.46971154979481,
        "17,26": 21.823465921035318,
        "17,27": 62.80935273040104,
        "17,28": 43.797652778390216,
        "17,29": 31.949165981883837,
        "17,30": 47.01589014301276,
        "17,31": 69.10371325416405,
        "17,32": 71.71380810689298,
        "17,33": 23.07601515543499,
        "17,34": 85.65184631426814,
        "17,35": 53.44996219704704,
        "17,36": 75.90105457499182,
        "17,37": 57.391423414209676,
        "17,38": 7.459952743693182,
        "17,39": 62.4123834647572,
        "17,40": 78.62811753256715,
        "18,0": 44.926382126040195,
        "18,1": 50.02628678232065,
        "18,2": 79.7163745257091,
        "18,3": 100.1383157704798,
        "18,4": 80.13400187138646,
        "18,5": 63.80384433971711,
        "18,6": 50.665680440254725,
        "18,7": 32.50948300459905,
        "18,8": 61.18779932202601,
        "18,9": 52.81084359761373,
        "18,10": 40.565014483558954,
        "18,11": 32.77445954732222,
        "18,12": 58.01898883476565,
        "18,13": 54.099695609723604,
        "18,14": 63.8997412366002,
        "18,15": 45.089009762419174,
        "18,16": 1.697832247655497,
        "18,17": 35.2009808968887,
        "18,18": 0.0,
        "18,19": 39.35217491070747,
        "18,20": 43.2327992779012,
        "18,21": 74.2865662368585,
        "18,22": 91.70923988051433,
        "18,23": 63.25741372438927,
        "18,24": 67.30057797669156,
        "18,25": 28.717294343724145,
        "18,26": 26.423660355121918,
        "18,27": 76.24483851242537,
        "18,28": 9.738946321730046,
        "18,29": 53.807972979504235,
        "18,30": 32.50526867048248,
        "18,31": 84.34385278934401,
        "18,32": 61.47889337773481,
        "18,33": 35.79311303752696,
        "18,34": 88.98368647001972,
        "18,35": 39.94326425757204,
        "18,36": 87.23974895406113,
        "18,37": 29.71513941215582,
        "18,38": 42.073916301844314,
        "18,39": 79.72138045612807,
        "18,40": 68.2068300575715,
        "19,0": 32.024920390603086,
        "19,1": 28.810149407098926,
        "19,2": 81.38332091861719,
        "19,3": 67.72197353820734,
        "19,4": 79.00608779000406,
        "19,5": 25.21600129151424,
        "19,6": 72.02971858273897,
        "19,7": 41.67993966173609,
        "19,8": 22.570096373322535,
        "19,9": 36.16252726592207,
        "19,10": 20.514463953176666,
        "19,11": 69.62309524483234,
        "19,12": 36.05489511529178,
        "19,13": 71.03756162417518,
        "19,14": 26.701748156320647,
        "19,15": 41.78013966710079,
        "19,16": 37.752400328987385,
        "19,17": 4.354868245418274,
        "19,18": 39.35217491070747,
        "19,19": 0.0,
        "19,20": 4.425033162959513,
        "19,21": 42.7922361971612,
        "19,22": 81.41937680687137,
        "19,23": 56.660584431518124,
        "19,24": 37.97858731831049,
        "19,25": 38.45826605434896,
        "19,26": 25.69022212422953,
        "19,27": 60.96892073926362,
        "19,28": 47.77061148962378,
        "19,29": 32.411606366609945,
        "19,30": 49.18935591438514,
        "19,31": 66.91834362375627,
        "19,32": 72.77281833732356,
        "19,33": 23.403884770910217,
        "19,34": 84.82517474822313,
        "19,35": 55.29778153340938,
        "19,36": 74.15187620937547,
        "19,37": 60.59791159965606,
        "19,38": 5.262839433177874,
        "19,39": 60.035626192790446,
        "19,40": 79.6022964603833,
        "20,0": 35.190467814367835,
        "20,1": 26.633964762253946,
        "20,2": 84.65884659264248,
        "20,3": 66.58664616195911,
        "20,4": 82.08517440562619,
        "20,5": 20.91066175242778,
        "20,6": 76.35722395156886,
        "20,7": 45.93056832166878,
        "20,8": 19.921731410296864,
        "20,9": 38.66459572734475,
        "20,10": 19.55344032281014,
        "20,11": 73.877678664085,
        "20,12": 37.778487948581976,
        "20,13": 75.2408466778354,
        "20,14": 22.276798029378277,
        "20,15": 45.383102217597184,
        "20,16": 41.60503946013706,
        "20,17": 8.056620074538332,
        "20,18": 43.2327992779012,
        "20,19": 4.425033162959513,
        "20,20": 0.0,
        "20,21": 42.31167524153829,
        "20,22": 83.59812614884325,
        "20,23": 59.60213723540067,
        "20,24": 38.17847407845345,
        "20,25": 42.78045876652053,
        "20,26": 27.38970823806044,
        "20,27": 62.876966726815034,
        "20,28": 51.85128723971027,
        "20,29": 29.964377656906674,
        "20,30": 53.53978919235282,
        "20,31": 68.4382369675337,
        "20,32": 76.72790648397789,
        "20,33": 27.20371520805845,
        "20,34": 87.57973230279302,
        "20,35": 59.56404406721941,
        "20,36": 76.1065303390966,
        "20,37": 65.00276874989731,
        "20,38": 2.7776483750693766,
        "20,39": 61.3655818001549,
        "20,40": 83.5107024926625,
        "21,0": 34.28449702831029,
        "21,1": 66.91373328267736,
        "21,2": 67.45198530846224,
        "21,3": 25.903779857141494,
        "21,4": 62.63692893534206,
        "21,5": 41.01262467855424,
        "21,6": 81.68660366057247,
        "21,7": 55.5498500865697,
        "21,8": 26.577563907138934,
        "21,9": 28.200169958981533,
        "21,10": 61.67980891349119,
        "21,11": 96.2114312061917,
        "21,12": 20.73554503855887,
        "21,13": 76.5905010458742,
        "21,14": 46.54673839182543,
        "21,15": 43.550451118787876,
        "21,16": 73.10812135666434,
        "21,17": 46.46758991591473,
        "21,18": 74.2865662368585,
        "21,19": 42.7922361971612,
        "21,20": 42.31167524153829,
        "21,21": 0.0,
        "21,22": 54.03829147990008,
        "21,23": 43.279513711267356,
        "21,24": 7.643580545864757,
        "21,25": 55.56763494929233,
        "21,26": 68.28852377047674,
        "21,27": 34.14383867984148,
        "21,28": 79.60395071868838,
        "21,29": 69.321705088268,
        "21,30": 64.17139002345277,
        "21,31": 35.06525815155071,
        "21,32": 71.96496205087692,
        "21,33": 39.42467433965827,
        "21,34": 63.49596987976562,
        "21,35": 65.79077136860583,
        "21,36": 45.39750246672049,
        "21,37": 82.66328470198643,
        "21,38": 45.082327766443306,
        "21,39": 27.686755322206768,
        "21,40": 76.7609318686217,
        "22,0": 51.12079798124188,
        "22,1": 110.14131064137548,
        "22,2": 26.25851725885164,
        "22,3": 58.266575481376755,
        "22,4": 20.803223085153203,
        "22,5": 91.63732221650157,
        "22,6": 64.72981475732308,
        "22,7": 59.64496247304454,
        "22,8": 76.51716184976166,
        "22,9": 45.373808192433536,
        "22,10": 101.70931629046876,
        "22,11": 95.79627439035443,
        "22,12": 46.05803492229989,
        "22,13": 56.80722519645912,
        "22,14": 96.80889358547473,
        "22,15": 46.802939037195976,
        "22,16": 91.47883103872732,
        "22,17": 82.91757285634404,
        "22,18": 91.70923988051433,
        "22,19": 81.41937680687137,
        "22,20": 83.59812614884325,
        "22,21": 54.03829147990008,
        "22,22": 0.0,
        "22,23": 28.461411803206275,
        "22,24": 51.54524647414969,
        "22,25": 63.10244765238273,
        "22,26": 100.90618472427434,
        "22,27": 21.17547625629171,
        "22,28": 91.18936155555274,
        "22,29": 113.56082561646198,
        "22,30": 63.18184554684502,
        "22,31": 19.242738696411955,
        "22,32": 46.38028634705521,
        "22,33": 61.82945222959888,
        "22,34": 13.741388458717017,
        "22,35": 58.44470153626749,
        "22,36": 8.650191532701891,
        "22,37": 80.79674480933551,
        "22,38": 86.0174430311977,
        "22,39": 26.36360337871102,
        "22,40": 45.96624632960675,
        "23,0": 24.733682817525395,
        "23,1": 85.34233376922859,
        "23,2": 25.96559385857438,
        "23,3": 59.857550069114716,
        "23,4": 22.607534493707572,
