{
    "num_robots": 4,
    "num_tasks": 50,
    "num_nodes": 51,
    "robot_capacity": [
        144,
        178,
        172,
        177
    ],
    "robot_speed": [
        0.83,
        0.82,
        1.05,
        0.94
    ],
    "task_demand": {
        "0": 0,
        "1": 14,
        "2": 7,
        "3": 9,
        "4": 9,
        "5": 14,
        "6": 11,
        "7": 7,
        "8": 5,
        "9": 6,
        "10": 12,
        "11": 11,
        "12": 12,
        "13": 12,
        "14": 9,
        "15": 10,
        "16": 14,
        "17": 13,
        "18": 8,
        "19": 13,
        "20": 5,
        "21": 11,
        "22": 15,
        "23": 13,
        "24": 6,
        "25": 8,
        "26": 14,
        "27": 14,
        "28": 6,
        "29": 12,
        "30": 6,
        "31": 14,
        "32": 9,
        "33": 14,
        "34": 6,
        "35": 6,
        "36": 13,
        "37": 5,
        "38": 6,
        "39": 7,
        "40": 7,
        "41": 13,
        "42": 10,
        "43": 6,
        "44": 14,
        "45": 7,
        "46": 12,
        "47": 7,
        "48": 8,
        "49": 9,
        "50": 12
    },
    "task_service_time": {
        "0": 0,
        "1": 99,
        "2": 88,
        "3": 77,
        "4": 95,
        "5": 16,
        "6": 59,
        "7": 59,
        "8": 36,
        "9": 10,
        "10": 24,
        "11": 93,
        "12": 75,
        "13": 78,
        "14": 83,
        "15": 39,
        "16": 30,
        "17": 57,
        "18": 80,
        "19": 90,
        "20": 27,
        "21": 97,
        "22": 56,
        "23": 49,
        "24": 47,
        "25": 89,
        "26": 48,
        "27": 83,
        "28": 90,
        "29": 78,
        "30": 37,
        "31": 98,
        "32": 35,
        "33": 44,
        "34": 75,
        "35": 20,
        "36": 92,
        "37": 94,
        "38": 18,
        "39": 40,
        "40": 16,
        "41": 81,
        "42": 52,
        "43": 38,
        "44": 75,
        "45": 95,
        "46": 89,
        "47": 82,
        "48": 30,
        "49": 25,
        "50": 15
    },
    "task_precedence": [],
    "coordinates": {
        "0": [
            100,
            100
        ],
        "1": [
            97.04340578475855,
            45.22566968241888
        ],
        "2": [
            13.232297210350097,
            83.38765464127808
        ],
        "3": [
            86.52200892490525,
            50.73743412221976
        ],
        "4": [
            59.164867626303206,
            4.029361601722603
        ],
        "5": [
            54.225244662011164,
            93.33700488238668
        ],
        "6": [
            52.02041423487884,
            11.225903187881958
        ],
        "7": [
            7.7641404538383085,
            18.288317052300286
        ],
        "8": [
            14.347045939539127,
            75.03128519754533
        ],
        "9": [
            97.2094568807233,
            87.80880710179886
        ],
        "10": [
            26.80735848656637,
            43.67853036995275
        ],
        "11": [
            99.33430993593353,
            84.36791683201434
        ],
        "12": [
            32.067144536257096,
            84.9948949771589
        ],
        "13": [
            23.008218950319336,
            43.32739044436327
        ],
        "14": [
            19.573665504814297,
            78.08874305266069
        ],
        "15": [
            63.6519680816252,
            16.563174188678286
        ],
        "16": [
            68.0660149412473,
            46.57438354110789
        ],
        "17": [
            43.08511747281013,
            79.74736703069443
        ],
        "18": [
            69.00391042123181,
            8.830685417138396
        ],
        "19": [
            15.58632204287347,
            44.20366761097336
        ],
        "20": [
            47.80764617118106,
            10.43395108010916
        ],
        "21": [
            42.65467616416824,
            36.68996474031707
        ],
        "22": [
            68.63477304432915,
            14.155447094692752
        ],
        "23": [
            15.818756650344035,
            61.97173527870523
        ],
        "24": [
            37.68883953081731,
            46.06497121901283
        ],
        "25": [
            44.60270548465589,
            12.084179409941632
        ],
        "26": [
            72.48851731326276,
            27.170686506002472
        ],
        "27": [
            13.167229208975161,
            51.52896031262285
        ],
        "28": [
            2.7669809325787997,
            76.69426983632667
        ],
        "29": [
            47.91833214705146,
            41.967308130651034
        ],
        "30": [
            20.372893419142947,
            73.85153600280341
        ],
        "31": [
            53.2557358585898,
            68.92409487277224
        ],
        "32": [
            68.45357270273287,
            48.96676358209889
        ],
        "33": [
            47.04658315562297,
            95.69544912842969
        ],
        "34": [
            70.93176105000782,
            44.45850968044896
        ],
        "35": [
            23.300072847802124,
            79.21899666540475
        ],
        "36": [
            15.470137493100133,
            80.54404724741889
        ],
        "37": [
            1.812376934027593,
            90.69681958156144
        ],
        "38": [
            45.07024174514959,
            90.23099767666908
        ],
        "39": [
            53.025767348705145,
            99.75998516016902
        ],
        "40": [
            74.1456973463326,
            30.340366533514672
        ],
        "41": [
            42.812658673640684,
            67.57424847814339
        ],
        "42": [
            74.18920010380361,
            77.90347440961737
        ],
        "43": [
            74.42224512139887,
            6.955583771717
        ],
        "44": [
            91.88084935751685,
            36.86883757559154
        ],
        "45": [
            44.906161822002296,
            82.83066986049616
        ],
        "46": [
            86.04828179136155,
            83.91379178474769
        ],
        "47": [
            89.78653800212994,
            29.032331783945764
        ],
        "48": [
            37.37672552961242,
            39.54946091576501
        ],
        "49": [
            88.02503033798726,
            24.274147469904893
        ],
        "50": [
            43.251413211506865,
            76.15615155224876
        ]
    },
    "distance_matrix_str_keys": {
        "0,0": 0.0,
        "0,1": 54.85406740701263,
        "0,2": 88.34367133932385,
        "0,3": 51.07305199694817,
        "0,4": 104.29703481187879,
        "0,5": 46.257147882138995,
        "0,6": 100.91026169324864,
        "0,7": 123.22440065329864,
        "0,8": 89.21807696969118,
        "0,9": 12.506490921984968,
        "0,10": 92.3540508748931,
        "0,11": 15.646250906597952,
        "0,12": 69.57029558801855,
        "0,13": 95.6008317068822,
        "0,14": 83.35765388579397,
        "0,15": 91.01034735571574,
        "0,16": 62.24207496336609,
        "0,17": 60.410868188375055,
        "0,18": 96.29434817622374,
        "0,19": 101.18744850185824,
        "0,20": 103.6634888343669,
        "0,21": 85.42041167319852,
        "0,22": 91.39510230582839,
        "0,23": 92.37223960480156,
        "0,24": 82.41157715164871,
        "0,25": 103.91367450746367,
        "0,26": 77.8523640208158,
        "0,27": 99.44532051143456,
        "0,28": 99.98708444307918,
        "0,29": 77.97623645667733,
        "0,30": 83.81060954229993,
        "0,31": 56.131436019385674,
        "0,32": 59.99640234636697,
        "0,33": 53.12808592166943,
        "0,34": 62.688273724601984,
        "0,35": 79.4652686696831,
        "0,36": 86.74002393904479,
        "0,37": 98.62737190680636,
        "0,38": 55.791681712685026,
        "0,39": 46.97484582520005,
        "0,40": 74.30282296381824,
        "0,41": 65.74056106951559,
        "0,42": 33.977254663199695,
        "0,43": 96.49603585584113,
        "0,44": 63.65111370755721,
        "0,45": 57.707165089117595,
        "0,46": 21.29357968303368,
        "0,47": 71.69884753610681,
        "0,48": 87.03988844758545,
        "0,49": 76.66684185367124,
        "0,50": 61.55429482408572,
        "1,0": 54.85406740701263,
        "1,1": 0.0,
        "1,2": 92.09038503813238,
        "1,3": 11.877682396931831,
        "1,4": 55.9635546807134,
        "1,5": 64.40571012462493,
        "1,6": 56.41855979891347,
        "1,7": 93.25453439242627,
        "1,8": 87.90371236691637,
        "1,9": 42.583461172669736,
        "1,10": 70.25308520005414,
        "1,11": 39.209230466178305,
        "1,12": 76.18074432806037,
        "1,13": 74.05951899435989,
        "1,14": 84.15189986197527,
        "1,15": 44.005985499826444,
        "1,16": 29.00876090373784,
        "1,17": 64.05657238224103,
        "1,18": 45.94353251450362,
        "1,19": 81.46349476892405,
        "1,20": 60.28784046578789,
        "1,21": 55.05444730991584,
        "1,22": 42.09998985547911,
        "1,23": 82.93295086974699,
        "1,24": 59.360500016954276,
        "1,25": 62.035356253074674,
        "1,26": 30.47827037986697,
        "1,27": 84.11268911252814,
        "1,28": 99.38972320393704,
        "1,29": 49.233015141388435,
        "1,30": 81.84013495222585,
        "1,31": 49.78931003805815,
        "1,32": 28.833562721667136,
        "1,33": 71.04140278976914,
        "1,34": 26.122911882530587,
        "1,35": 81.20114181477373,
        "1,36": 88.89086507401522,
        "1,37": 105.52996886723241,
        "1,38": 68.75092238041714,
        "1,39": 70.08240904901818,
        "1,40": 27.310754320705616,
        "1,41": 58.655203574949134,
        "1,42": 39.87673054672749,
        "1,43": 44.455780112039804,
        "1,44": 9.822862705248141,
        "1,45": 64.28396570238301,
        "1,46": 40.220188257079016,
        "1,47": 17.745036554165754,
        "1,48": 59.93606659293287,
        "1,49": 22.810028029802908,
        "1,50": 62.05056948731929,
        "2,0": 88.34367133932385,
        "2,1": 92.09038503813238,
        "2,2": 0.0,
        "2,3": 80.23352630381977,
        "2,4": 91.69263710445048,
        "2,5": 42.18306900872545,
        "2,6": 81.92579810493307,
        "2,7": 65.32858863344197,
        "2,8": 8.430395898733277,
        "2,9": 84.09345952797116,
        "2,10": 41.96542432823222,
        "2,11": 86.10759263479103,
        "2,12": 18.903298529291348,
        "2,13": 41.235826818345934,
        "2,14": 8.263862043259158,
        "2,15": 83.71173393573686,
        "2,16": 66.04508709424445,
        "2,17": 30.073951710916095,
        "2,18": 93.1086166798407,
        "2,19": 39.25463377110051,
        "2,20": 80.73225885019039,
        "2,21": 55.19375531152411,
        "2,22": 88.67092471779067,
        "2,23": 21.571540848510477,
        "2,24": 44.621801399220054,
        "2,25": 77.89921755295393,
        "2,26": 81.68015136621273,
        "2,27": 31.858760775828863,
        "2,28": 12.422730977564445,
        "2,29": 54.025606194567416,
        "2,30": 11.913256183936056,
        "2,31": 42.556670480743065,
        "2,32": 65.07063091989747,
        "2,33": 35.9845486164081,
        "2,34": 69.60392557007985,
        "2,35": 10.896688286166805,
        "2,36": 3.6185676919893868,
        "2,37": 13.558704629935317,
        "2,38": 32.5651048839245,
        "2,39": 43.02991369119816,
        "2,40": 80.77411151918893,
        "2,41": 33.54193791031152,
        "2,42": 61.20310648304757,
        "2,43": 97.90848371191574,
        "2,44": 91.3761188497105,
        "2,45": 31.678761520667063,
        "2,46": 72.81788537712308,
        "2,47": 93.88851317456594,
        "2,48": 50.04738402733563,
        "2,49": 95.33288865235303,
        "2,50": 30.877855534631074,
        "3,0": 51.07305199694817,
        "3,1": 11.877682396931831,
        "3,2": 80.23352630381977,
        "3,3": 0.0,
        "3,4": 54.13000294302319,
        "3,5": 53.4584362921646,
        "3,6": 52.45494364623788,
        "3,7": 85.180672952984,
        "3,8": 76.15389997898379,
        "3,9": 38.581190214914145,
        "3,10": 60.1304215780729,
        "3,11": 35.98839291342403,
        "3,12": 64.33432893730803,
        "3,13": 63.944587450726054,
        "3,14": 72.31994736518308,
        "3,15": 41.12078319023795,
        "3,16": 18.919690908302762,
        "3,17": 52.23351171781671,
        "3,18": 45.42091326927767,
        "3,19": 71.23595846375018,
        "3,20": 55.88535254208068,
        "3,21": 46.06163565893774,
        "3,22": 40.72094034191159,
        "3,23": 71.59021863826689,
        "3,24": 49.056195762141314,
        "3,25": 57.02019029052738,
        "3,26": 27.428643422898684,
        "3,27": 73.35905002712838,
        "3,28": 87.68501601918382,
        "3,29": 39.587358723170674,
        "3,30": 70.0711580319655,
        "3,31": 37.91305254102274,
        "3,32": 18.154989993838136,
        "3,33": 59.82919314987218,
        "3,34": 16.807162786925417,
        "3,35": 69.34127635282373,
        "3,36": 77.05064970496393,
        "3,37": 93.66148748721733,
        "3,38": 57.253738432996634,
        "3,39": 59.37346806444354,
        "3,40": 23.85819470345808,
        "3,41": 46.840000181933796,
        "3,42": 29.83440829502661,
        "3,43": 45.4230635714332,
        "3,44": 14.86792322267441,
        "3,45": 52.55334918199579,
        "3,46": 33.179739678741164,
        "3,47": 21.949228178024683,
        "3,48": 50.40267477497593,
        "3,49": 26.505935444929488,
        "3,50": 50.18421713228204,
        "4,0": 104.29703481187879,
        "4,1": 55.9635546807134,
        "4,2": 91.69263710445048,
        "4,3": 54.13000294302319,
        "4,4": 0.0,
        "4,5": 89.44414471264011,
        "4,6": 10.140681686334311,
        "4,7": 53.341846278505685,
        "4,8": 83.9637439318521,
        "4,9": 92.01296788951971,
        "4,10": 51.17680120659897,
        "4,11": 89.82130900826016,
        "4,12": 85.37976453137891,
        "4,13": 53.40073327582257,
        "4,14": 83.97770696036027,
        "4,15": 13.312795666616369,
        "4,16": 43.466185884490855,
        "4,17": 77.40655470398207,
        "4,18": 10.948035143390584,
        "4,19": 59.27111015066264,
        "4,20": 13.038605967178643,
        "4,21": 36.59646730892371,
        "4,22": 13.864224321515344,
        "4,23": 72.36161968933018,
        "4,24": 47.20394325324233,
        "4,25": 16.641413887143987,
        "4,26": 26.702819313815183,
        "4,27": 66.12106031868976,
        "4,28": 91.98320777327571,
        "4,29": 39.56984138353224,
        "4,30": 79.87460986436136,
        "4,31": 65.16321235612067,
        "4,32": 45.88736360636571,
        "4,33": 92.46363837188247,
        "4,34": 42.10671912196919,
        "4,35": 83.30525028780418,
        "4,36": 88.1120114449396,
        "4,37": 103.92572569529977,
        "4,38": 87.34632528462316,
        "4,39": 95.92726848559477,
        "4,40": 30.276958889910038,
        "4,41": 65.61514600889531,
        "4,42": 75.38643849889738,
        "4,43": 15.535454425797091,
        "4,44": 46.35479093767353,
        "4,45": 80.0809395206366,
        "4,46": 84.28665459511765,
        "4,47": 39.53271069050193,
        "4,48": 41.67014028420141,
        "4,49": 35.252806222958085,
        "4,50": 73.86143689354495,
        "5,0": 46.257147882138995,
        "5,1": 64.40571012462493,
        "5,2": 42.18306900872545,
        "5,3": 53.4584362921646,
        "5,4": 89.44414471264011,
        "5,5": 0.0,
        "5,6": 82.14069818730363,
        "5,7": 88.26630019016575,
        "5,8": 43.87903948958954,
        "5,9": 43.33824489714111,
        "5,10": 56.72481443981723,
        "5,11": 45.99208964965955,
        "5,12": 23.67640595305465,
        "5,13": 58.95306803317524,
        "5,14": 37.85817516620893,
        "5,15": 77.35039879545613,
        "5,16": 48.76791646800598,
        "5,17": 17.572156689823895,
        "5,18": 85.7888512056512,
        "5,19": 62.50640905214571,
        "5,20": 83.15107876710215,
        "5,21": 57.81665168634829,
        "5,22": 80.4820079389595,
        "5,23": 49.58667622156132,
        "5,24": 50.080913143972566,
        "5,25": 81.8206264182532,
        "5,26": 68.6405770329693,
        "5,27": 58.59755305206099,
        "5,28": 54.082654667288374,
        "5,29": 51.75541411134331,
        "5,30": 39.059764235434514,
        "5,31": 24.432153455179595,
        "5,32": 46.59574692909377,
        "5,33": 7.556152478940126,
        "5,34": 51.65476728268408,
        "5,35": 33.99535862074584,
        "5,36": 40.81198471924466,
        "5,37": 52.47932242220545,
        "5,38": 9.667541526660935,
        "5,39": 6.534020314776866,
        "5,40": 66.0711803921109,
        "5,41": 28.177415362064863,
        "5,42": 25.233972729948274,
        "5,43": 88.71115341745566,
        "5,44": 67.87192706835718,
        "5,45": 14.043802212048952,
        "5,46": 33.18889328102894,
        "5,47": 73.48262764980119,
        "5,48": 56.36463858587284,
        "5,49": 76.89020604549522,
        "5,50": 20.38643416234896,
        "6,0": 100.91026169324864,
        "6,1": 56.41855979891347,
        "6,2": 81.92579810493307,
        "6,3": 52.45494364623788,
        "6,4": 10.140681686334311,
        "6,5": 82.14069818730363,
        "6,6": 0.0,
        "6,7": 44.81624101344003,
        "6,8": 74.0972971984497,
        "6,9": 88.92126150216369,
        "6,10": 41.09587803157384,
        "6,11": 87.1111869183788,
        "6,12": 76.41987386323237,
        "6,13": 43.26907624744777,
        "6,14": 74.31978779527691,
        "6,15": 12.797636759406066,
        "6,16": 38.819793473312195,
        "6,17": 69.10159575138691,
        "6,18": 17.151565843419412,
        "6,19": 49.14240551906734,
        "6,20": 4.286560730879445,
        "6,21": 27.131816753681687,
        "6,22": 16.870659327693488,
        "6,23": 62.33537909131488,
        "6,24": 37.67166965739456,
        "6,25": 7.46719767894805,
        "6,26": 25.94570019654824,
        "6,27": 55.9813040242654,
        "6,28": 81.9268437307291,
        "6,29": 31.01388487936623,
        "6,30": 70.16790904146855,
        "6,31": 57.71141432351447,
        "6,32": 41.16334826669686,
        "6,33": 84.61585659323715,
        "6,34": 38.23669929075855,
        "6,35": 73.81001808720401,
        "6,36": 78.36407228927888,
        "6,37": 94.00251891335076,
        "6,38": 79.31021279015188,
        "6,39": 88.53978995660158,
        "6,40": 29.238516750230634,
        "6,41": 57.09569843189625,
        "6,42": 70.26630466256097,
        "6,43": 22.805211136587143,
        "6,44": 47.39635399667797,
        "6,45": 71.95731510856726,
        "6,46": 80.25848814369662,
        "6,47": 41.7534310416527,
        "6,48": 31.885130409980622,
        "6,49": 38.29607107231182,
        "6,50": 65.51971101589396,
        "7,0": 123.22440065329864,
        "7,1": 93.25453439242627,
        "7,2": 65.32858863344197,
        "7,3": 85.180672952984,
        "7,4": 53.341846278505685,
        "7,5": 88.26630019016575,
        "7,6": 44.81624101344003,
        "7,7": 0.0,
        "7,8": 57.12354224455941,
        "7,9": 113.28531752803632,
        "7,10": 31.738101476898645,
        "7,11": 112.92302442826632,
        "7,12": 70.99579949458489,
        "7,13": 29.314452502818327,
        "7,14": 60.95535933578121,
        "7,15": 55.91444710316937,
        "7,16": 66.60643830820315,
        "7,17": 70.88572664381374,
        "7,18": 61.96576653125245,
        "7,19": 27.070129652270925,
        "7,20": 40.80653642445014,
        "7,21": 39.4457870980882,
        "7,22": 61.01077385227154,
        "7,23": 44.41979142247316,
        "7,24": 40.82928032117266,
        "7,25": 37.357344624787075,
        "7,26": 65.33101443382661,
        "7,27": 33.676902061441375,
        "7,28": 58.6193391628636,
        "7,29": 46.6160243802914,
        "7,30": 56.97588921185547,
        "7,31": 68.06957652250973,
        "7,32": 68.00275191618995,
        "7,33": 86.80423031667486,
        "7,34": 68.37417110266146,
        "7,35": 62.880147212491465,
        "7,36": 62.73084036179106,
        "7,37": 72.65269938223747,
        "7,38": 81.04007952228025,
        "7,39": 93.20004063008153,
        "7,40": 67.46675471792825,
        "7,41": 60.477282229914465,
        "7,42": 89.25388247151564,
        "7,43": 67.61459725148335,
        "7,44": 86.14439308337276,
        "7,45": 74.4664022048251,
        "7,46": 102.15238479258528,
        "7,47": 82.72307750636344,
        "7,48": 36.45464899368671,
        "7,49": 80.48379098168651,
        "7,50": 67.88249256981207,
        "8,0": 89.21807696969118,
        "8,1": 87.90371236691637,
        "8,2": 8.430395898733277,
        "8,3": 76.15389997898379,
        "8,4": 83.9637439318521,
        "8,5": 43.87903948958954,
        "8,6": 74.0972971984497,
        "8,7": 57.12354224455941,
        "8,8": 0.0,
        "8,9": 83.84178083151238,
        "8,10": 33.73802934447615,
        "8,11": 85.498583215575,
        "8,12": 20.329176424976428,
        "8,13": 32.86567906560752,
        "8,14": 6.055212681312178,
        "8,15": 76.48199364806312,
        "8,16": 60.79081248421208,
        "8,17": 29.12246870216123,
        "8,18": 85.84807654371606,
        "8,19": 30.852517098677975,
        "8,20": 72.74907107957763,
        "8,21": 47.65898428773116,
        "8,22": 81.56607737858228,
        "8,23": 13.14221353117405,
        "8,24": 37.20062732751643,
        "8,25": 69.84084092811159,
        "8,26": 75.30649109216574,
        "8,27": 23.53191965212709,
        "8,28": 11.698864195905934,
        "8,29": 47.119612022031966,
        "8,30": 6.140248041402066,
        "8,31": 39.385072360982626,
        "8,32": 60.057268714272006,
        "8,33": 38.681615854414794,
        "8,34": 64.31581910348085,
        "8,35": 9.884008203058238,
        "8,36": 5.626000360487563,
        "8,37": 20.063072910561896,
        "8,38": 34.277485613123815,
        "8,39": 45.908083075743235,
        "8,40": 74.6535794259472,
        "8,41": 29.42615341770571,
        "8,42": 59.9110414355279,
        "8,43": 90.79278980931606,
        "8,44": 86.41679860395188,
        "8,45": 31.538705817431463,
        "8,46": 72.24933318689078,
        "8,47": 88.35734648464839,
        "8,48": 42.30042548703942,
        "8,49": 89.4691701946577,
        "8,50": 28.926247107233653,
        "9,0": 12.506490921984968,
        "9,1": 42.583461172669736,
        "9,2": 84.09345952797116,
        "9,3": 38.581190214914145,
        "9,4": 92.01296788951971,
        "9,5": 43.33824489714111,
        "9,6": 88.92126150216369,
        "9,7": 113.28531752803632,
        "9,8": 83.84178083151238,
        "9,9": 0.0,
        "9,10": 83.08993189749208,
        "9,11": 4.044097718272155,
        "9,12": 65.2030594299776,
        "9,13": 86.51254324233457,
        "9,14": 78.24190531731071,
        "9,15": 78.75306510665298,
        "9,16": 50.49374114147292,
        "9,17": 54.72139373556735,
        "9,18": 83.86355916556111,
        "9,19": 92.54050102939881,
        "9,20": 91.80091092009192,
        "9,21": 74.76202340366018,
        "9,22": 79.00208855901383,
        "9,23": 85.39321029439726,
        "9,24": 72.69973675277582,
        "9,25": 92.20460688879939,
        "9,26": 65.48363553200434,
        "9,27": 91.53864383459062,
        "9,28": 95.09423853126657,
        "9,29": 67.31313397422633,
        "9,30": 78.09393639147868,
        "9,31": 47.838916664831444,
        "9,32": 48.328099689976085,
        "9,33": 50.77906086977761,
        "9,34": 50.692855361392866,
        "9,35": 74.4068672331997,
        "9,36": 82.06152003036307,
        "9,37": 95.44078519395947,
        "9,38": 52.19544771466788,
        "9,39": 45.77148760576434,
        "9,40": 61.923813393642114,
        "9,41": 58.03834092973555,
        "9,42": 25.060882622487895,
        "9,43": 84.00298055800394,
        "9,44": 51.21791242785382,
        "9,45": 52.53966619986154,
        "9,46": 11.82129323278348,
        "9,47": 59.24334372288901,
        "9,48": 76.8695013333485,
        "9,49": 64.19506729850458,
        "9,50": 55.20194614291717,
        "10,0": 92.3540508748931,
        "10,1": 70.25308520005414,
        "10,2": 41.96542432823222,
        "10,3": 60.1304215780729,
        "10,4": 51.17680120659897,
        "10,5": 56.72481443981723,
        "10,6": 41.09587803157384,
        "10,7": 31.738101476898645,
        "10,8": 33.73802934447615,
        "10,9": 83.08993189749208,
        "10,10": 0.0,
        "10,11": 83.16119802647063,
        "10,12": 41.64981793050383,
        "10,13": 3.8153322873923194,
        "10,14": 35.162324312016736,
        "10,15": 45.7467790893488,
        "10,16": 41.36015834150389,
        "10,17": 39.5717881283308,
        "10,18": 54.72587407278486,
        "10,19": 11.233317764248945,
        "10,20": 39.321929441410646,
        "10,21": 17.319859327793566,
        "10,22": 51.19711959343887,
        "10,23": 21.339885570186045,
        "10,24": 11.140095584978399,
        "10,25": 36.261238083755075,
        "10,26": 48.572391137213145,
        "10,27": 15.737927976521307,
        "10,28": 40.84089623710221,
        "10,29": 21.18021459867619,
        "10,30": 30.851460413146246,
        "10,31": 36.56303040885671,
        "10,32": 41.98062135134345,
        "10,33": 55.815643437396105,
        "10,34": 44.13129580360677,
        "10,35": 35.71310399629303,
        "10,36": 38.56940386494756,
        "10,37": 53.24911852038709,
        "10,38": 50.006650730273186,
        "10,39": 61.90746751926902,
        "10,40": 49.18155081460647,
        "10,41": 28.76064981853628,
        "10,42": 58.44985636902053,
        "10,43": 60.13112535205728,
        "10,44": 65.42882491750292,
        "10,45": 43.133011822289376,
        "10,46": 71.61259145654142,
        "10,47": 64.65978800981593,
        "10,48": 11.347278715539439,
        "10,49": 64.21941624337549,
        "10,50": 36.4033351968959,
        "11,0": 15.646250906597952,
        "11,1": 39.209230466178305,
        "11,2": 86.10759263479103,
        "11,3": 35.98839291342403,
        "11,4": 89.82130900826016,
        "11,5": 45.99208964965955,
        "11,6": 87.1111869183788,
        "11,7": 112.92302442826632,
        "11,8": 85.498583215575,
        "11,9": 4.044097718272155,
        "11,10": 83.16119802647063,
        "11,11": 0.0,
        "11,12": 67.27008727883378,
        "11,13": 86.66023869872355,
        "11,14": 80.00742730158716,
        "11,15": 76.62057586012232,
        "11,16": 49.051579286355036,
        "11,17": 56.43864928592795,
        "11,18": 81.39905690206699,
        "11,19": 92.88106584027784,
        "11,20": 90.11785822205134,
        "11,21": 74.06597059486641,
        "11,22": 76.63062359118109,
        "11,23": 86.4663899371711,
        "11,24": 72.5760267864025,
        "11,25": 90.66690256931837,
        "11,26": 63.184014897015665,
        "11,27": 92.21259602835529,
        "11,28": 96.87173937251556,
        "11,29": 66.6439373854287,
        "11,30": 79.65864400103158,
        "11,31": 48.597804741675546,
        "11,32": 46.97724537997077,
        "11,33": 53.50064821830423,
        "11,34": 48.98433997112565,
        "11,35": 76.20837610431217,
        "11,36": 83.95130373092064,
        "11,37": 97.72708133594011,
        "11,38": 54.57989385849891,
        "11,39": 48.79955823541569,
        "11,40": 59.61075738024065,
        "11,41": 58.963754614136114,
        "11,42": 25.962772662070634,
        "11,43": 81.322077464622,
        "11,44": 48.08031410881117,
        "11,45": 54.44985248247674,
        "11,46": 13.2937870231516,
        "11,47": 56.15324497757862,
        "11,48": 76.46853114963821,
        "11,49": 61.148678817869225,
        "11,50": 56.6808997283271,
        "12,0": 69.57029558801855,
        "12,1": 76.18074432806037,
        "12,2": 18.903298529291348,
        "12,3": 64.33432893730803,
        "12,4": 85.37976453137891,
        "12,5": 23.67640595305465,
        "12,6": 76.41987386323237,
        "12,7": 70.99579949458489,
        "12,8": 20.329176424976428,
        "12,9": 65.2030594299776,
        "12,10": 41.64981793050383,
        "12,11": 67.27008727883378,
        "12,12": 0.0,
        "12,13": 42.640884920016646,
        "12,14": 14.275221634473887,
        "12,15": 75.36910168274935,
        "12,16": 52.65030265290986,
        "12,17": 12.203781265638154,
        "12,18": 84.64816295670067,
        "12,19": 43.99479219292056,
        "12,20": 76.20431579994695,
        "12,21": 49.451613837752305,
        "12,22": 79.72088077158332,
        "12,23": 28.17935399173636,
        "12,24": 39.33373130567362,
        "12,25": 73.98048886574541,
        "12,26": 70.55158724290627,
        "12,27": 38.434041972571954,
        "12,28": 30.45324227288337,
        "12,29": 45.854480462724446,
        "12,30": 16.153326543516496,
        "12,31": 26.593740207424513,
        "12,32": 51.205452898434665,
        "12,33": 18.408841367550217,
        "12,34": 56.15743004878542,
        "12,35": 10.498692647098176,
        "12,36": 17.183442271673442,
        "12,37": 30.787382267078293,
        "12,38": 14.017749766054658,
        "12,39": 25.637311838546754,
        "12,40": 68.97624291005876,
        "12,41": 20.46814594730974,
        "12,42": 42.71481957004182,
        "12,43": 88.79239065931995,
        "12,44": 76.77106672089263,
        "12,45": 13.020147281012528,
        "12,46": 53.99196202646341,
        "12,47": 80.39488081477961,
        "12,48": 45.75455307784681,
        "12,49": 82.5729626526696,
        "12,50": 14.255218382457898,
        "13,0": 95.6008317068822,
        "13,1": 74.05951899435989,
        "13,2": 41.235826818345934,
        "13,3": 63.944587450726054,
        "13,4": 53.40073327582257,
        "13,5": 58.95306803317524,
        "13,6": 43.26907624744777,
        "13,7": 29.314452502818327,
        "13,8": 32.86567906560752,
        "13,9": 86.51254324233457,
        "13,10": 3.8153322873923194,
        "13,11": 86.66023869872355,
        "13,12": 42.640884920016646,
        "13,13": 0.0,
        "13,14": 34.930613972966704,
        "13,15": 48.6645416625863,
        "13,16": 45.17463828001716,
        "13,17": 41.58721617073333,
        "13,18": 57.4945761930874,
        "13,19": 7.473447355636937,
        "13,20": 41.194537789525924,
        "13,21": 20.737374497084453,
        "13,22": 54.155191046565335,
        "13,23": 19.98249139783676,
        "13,24": 14.933685718076154,
        "13,25": 37.97973254807159,
        "13,26": 52.05131130180819,
        "13,27": 12.810574826805578,
        "13,28": 39.02635464463286,
        "13,29": 24.94721554350466,
        "13,30": 30.637695780330994,
        "13,31": 39.62453225858243,
        "13,32": 45.79391561188693,
        "13,33": 57.62166714010145,
        "13,34": 47.936888907258655,
        "13,35": 35.89279281170217,
        "13,36": 37.97238754216145,
        "13,37": 51.89534213745621,
        "13,38": 51.83320577778322,
        "13,39": 63.91940987061616,
        "13,40": 52.760823408696695,
        "13,41": 31.306963398978127,
        "13,42": 61.76567342954836,
        "13,43": 62.97865041228501,
        "13,44": 69.17479399582733,
        "13,45": 45.1666800489095,
        "13,46": 74.97536593285363,
        "13,47": 68.29123367966191,
        "13,48": 14.856874935269643,
        "13,49": 67.7511020638287,
        "13,50": 38.56830913813556,
        "14,0": 83.35765388579397,
        "14,1": 84.15189986197527,
        "14,2": 8.263862043259158,
        "14,3": 72.31994736518308,
        "14,4": 83.97770696036027,
        "14,5": 37.85817516620893,
        "14,6": 74.31978779527691,
        "14,7": 60.95535933578121,
        "14,8": 6.055212681312178,
        "14,9": 78.24190531731071,
        "14,10": 35.162324312016736,
        "14,11": 80.00742730158716,
        "14,12": 14.275221634473887,
        "14,13": 34.930613972966704,
        "14,14": 0.0,
        "14,15": 75.68548329824904,
        "14,16": 57.833059829897664,
        "14,17": 23.569883477520285,
        "14,18": 85.08835208148261,
        "14,19": 34.11886934780114,
        "14,20": 73.30981203848496,
        "14,21": 47.39822674754597,
        "14,22": 80.58820388278275,
        "14,23": 16.548633783219685,
        "14,24": 36.7924107995917,
        "14,25": 70.59075905512181,
        "14,26": 73.43452882941884,
        "14,27": 27.32150225025441,
        "14,28": 16.864436007815133,
        "14,29": 45.914901588531485,
        "14,30": 4.31192403022158,
        "14,31": 34.90662744491102,
        "14,32": 56.89758356873299,
        "14,33": 32.63061910363693,
        "14,34": 61.389303422490876,
        "14,35": 3.8940448013594535,
        "14,36": 4.781993395198284,
        "14,37": 21.78134443631468,
        "14,38": 28.240215072365917,
        "14,39": 39.85832224587843,
        "14,40": 72.512165320902,
        "14,41": 25.506967668821655,
        "14,42": 54.61584883532887,
        "14,43": 89.823677475624,
        "14,44": 83.23106057384493,
        "14,45": 25.77248997499489,
        "14,46": 66.72934739059629,
        "14,47": 85.65266458721295,
        "14,48": 42.45262316834864,
        "14,49": 87.07238394152137,
        "14,50": 23.75648640622703,
        "15,0": 91.01034735571574,
        "15,1": 44.005985499826444,
        "15,2": 83.71173393573686,
        "15,3": 41.12078319023795,
        "15,4": 13.312795666616369,
        "15,5": 77.35039879545613,
        "15,6": 12.797636759406066,
        "15,7": 55.91444710316937,
        "15,8": 76.48199364806312,
        "15,9": 78.75306510665298,
        "15,10": 45.7467790893488,
        "15,11": 76.62057586012232,
        "15,12": 75.36910168274935,
        "15,13": 48.6645416625863,
        "15,14": 75.68548329824904,
        "15,15": 0.0,
        "15,16": 30.334081434490447,
        "15,17": 66.44725403703603,
        "15,18": 9.4039709383039,
        "15,19": 55.44639939392374,
        "15,20": 16.98852297041735,
        "15,21": 29.085631603533038,
        "15,22": 5.534030633765877,
        "15,23": 65.95417754847949,
        "15,24": 39.29936478067848,
        "15,25": 19.568745481411014,
        "15,26": 13.80593784881486,
        "15,27": 61.4110336853655,
        "15,28": 85.5729532266252,
        "15,29": 29.881722190385915,
        "15,30": 71.79857034082798,
        "15,31": 53.38302782084637,
        "15,32": 32.757411566160755,
        "15,33": 80.85577125772228,
        "15,34": 28.829587715764404,
        "15,35": 74.52534829973284,
        "15,36": 80.09395055945242,
        "15,37": 96.53979704007968,
        "15,38": 75.97518523242599,
        "15,39": 83.87267432151113,
        "15,40": 17.318469412381535,
        "15,41": 55.10359803830453,
        "15,42": 62.23877963042143,
        "15,43": 14.43276346142908,
        "15,44": 34.773405120451116,
        "15,45": 68.867889723279,
        "15,46": 70.97676069219345,
        "15,47": 28.956789118708727,
        "15,48": 34.910711087959044,
        "15,49": 25.563749190920557,
        "15,50": 62.98813848704954,
        "16,0": 62.24207496336609,
        "16,1": 29.00876090373784,
        "16,2": 66.04508709424445,
        "16,3": 18.919690908302762,
        "16,4": 43.466185884490855,
        "16,5": 48.76791646800598,
        "16,6": 38.819793473312195,
        "16,7": 66.60643830820315,
        "16,8": 60.79081248421208,
        "16,9": 50.49374114147292,
        "16,10": 41.36015834150389,
        "16,11": 49.051579286355036,
        "16,12": 52.65030265290986,
        "16,13": 45.17463828001716,
        "16,14": 57.833059829897664,
        "16,15": 30.334081434490447,
        "16,16": 0.0,
        "16,17": 41.527004128987585,
        "16,18": 37.755349236958644,
        "16,19": 52.53321292981253,
        "16,20": 41.4310555464377,
        "16,21": 27.266057167711455,
        "16,22": 32.423925211123425,
        "16,23": 54.46883916008907,
        "16,24": 30.38144642425595,
        "16,25": 41.71451871549389,
        "16,26": 19.90130613453904,
        "16,27": 55.12190586203241,
        "16,28": 71.91085726718985,
        "16,29": 20.667710705667705,
        "16,30": 54.942487083684114,
        "16,31": 26.811452088891574,
        "16,32": 2.423568294688599,
        "16,33": 53.42935145614707,
        "16,34": 3.562221631804481,
        "16,35": 55.40451549782473,
        "16,36": 62.61201463665243,
        "16,37": 79.60109240039122,
        "16,38": 49.34273545992,
        "16,39": 55.271306002540314,
        "16,40": 17.33510445164752,
        "16,41": 32.84396946400358,
        "16,42": 31.921862902754814,
        "16,43": 40.12544027509427,
        "16,44": 25.716608655946207,
        "16,45": 43.02205357928028,
        "16,46": 41.44385755517835,
        "16,47": 27.91961142081475,
        "16,48": 31.483043412020052,
        "16,49": 29.927626441779275,
        "16,50": 38.611467955396286,
        "17,0": 60.410868188375055,
        "17,1": 64.05657238224103,
        "17,2": 30.073951710916095,
        "17,3": 52.23351171781671,
        "17,4": 77.40655470398207,
        "17,5": 17.572156689823895,
        "17,6": 69.10159575138691,
        "17,7": 70.88572664381374,
        "17,8": 29.12246870216123,
        "17,9": 54.72139373556735,
        "17,10": 39.5717881283308,
        "17,11": 56.43864928592795,
        "17,12": 12.203781265638154,
        "17,13": 41.58721617073333,
        "17,14": 23.569883477520285,
        "17,15": 66.44725403703603,
        "17,16": 41.527004128987585,
        "17,17": 0.0,
        "17,18": 75.50469891987935,
        "17,19": 44.93927367611748,
        "17,20": 69.47410962398716,
        "17,21": 43.05955377980105,
        "17,22": 70.39236365341137,
        "17,23": 32.54884816215838,
        "17,24": 34.11192758027644,
        "17,25": 67.68020413957758,
        "17,26": 60.240080155765504,
        "17,27": 41.12612935681915,
        "17,28": 40.433569426344164,
        "17,29": 38.08796154401086,
        "17,30": 23.464994033100044,
        "17,31": 14.85209407974556,
        "17,32": 39.887392361650896,
        "17,33": 16.432727495830004,
        "17,34": 44.95263075284314,
        "17,35": 19.79209857636311,
        "17,36": 27.626469529194356,
        "17,37": 42.70046396405257,
        "17,38": 10.669921738131444,
        "17,39": 22.345500763046385,
        "17,40": 58.3593293330877,
        "17,41": 12.176167257873361,
        "17,42": 31.15868893765803,
        "17,43": 79.25061059251148,
        "17,44": 64.95838466584826,
        "17,45": 3.580915925009694,
        "17,46": 43.16471456518666,
