{
    "num_robots": 5,
    "num_tasks": 40,
    "num_nodes": 41,
    "robot_capacity": [
        90,
        112,
        80,
        100,
        85
    ],
    "robot_speed": [
        1.13,
        0.86,
        1.12,
        0.89,
        1.13
    ],
    "task_demand": {
        "0": 0,
        "1": 13,
        "2": 6,
        "3": 12,
        "4": 7,
        "5": 12,
        "6": 11,
        "7": 15,
        "8": 7,
        "9": 11,
        "10": 10,
        "11": 5,
        "12": 8,
        "13": 5,
        "14": 7,
        "15": 13,
        "16": 6,
        "17": 15,
        "18": 7,
        "19": 7,
        "20": 6,
        "21": 6,
        "22": 8,
        "23": 11,
        "24": 15,
        "25": 12,
        "26": 9,
        "27": 5,
        "28": 7,
        "29": 10,
        "30": 12,
        "31": 13,
        "32": 12,
        "33": 5,
        "34": 13,
        "35": 8,
        "36": 7,
        "37": 7,
        "38": 5,
        "39": 12,
        "40": 6
    },
    "task_service_time": {
        "0": 0,
        "1": 17,
        "2": 63,
        "3": 43,
        "4": 74,
        "5": 43,
        "6": 18,
        "7": 12,
        "8": 43,
        "9": 91,
        "10": 28,
        "11": 48,
        "12": 36,
        "13": 63,
        "14": 95,
        "15": 40,
        "16": 37,
        "17": 83,
        "18": 66,
        "19": 27,
        "20": 55,
        "21": 13,
        "22": 41,
        "23": 17,
        "24": 36,
        "25": 97,
        "26": 80,
        "27": 29,
        "28": 34,
        "29": 82,
        "30": 85,
        "31": 40,
        "32": 93,
        "33": 92,
        "34": 16,
        "35": 62,
        "36": 94,
        "37": 30,
        "38": 19,
        "39": 81,
        "40": 53
    },
    "task_precedence": [],
    "coordinates": {
        "0": [
            100,
            0
        ],
        "1": [
            26.459842451959293,
            48.61737043350644
        ],
        "2": [
            6.03730430117756,
            0.9771508478219282
        ],
        "3": [
            73.39679295618976,
            95.24884060173025
        ],
        "4": [
            89.74798967111563,
            42.0210748804682
        ],
        "5": [
            61.960309002646405,
            28.616344380134095
        ],
        "6": [
            7.035234801318191,
            98.38856003834496
        ],
        "7": [
            97.80421709734823,
            65.21236577696911
        ],
        "8": [
            66.50138415046791,
            2.2038535486879285
        ],
        "9": [
            7.529774120238031,
            37.34737582180331
        ],
        "10": [
            51.72595569163495,
            81.24758690175898
        ],
        "11": [
            75.73935089801506,
            74.47067965949584
        ],
        "12": [
            56.366758040209795,
            88.39062886118808
        ],
        "13": [
            13.438423821477274,
            8.590617550841372
        ],
        "14": [
            60.32869375219452,
            72.06231296603643
        ],
        "15": [
            90.98192553527876,
            85.83474122618027
        ],
        "16": [
            24.630018081565787,
            25.694807152010657
        ],
        "17": [
            91.39879165534708,
            73.29032908569229
        ],
        "18": [
            50.13936665972256,
            37.71565708909517
        ],
        "19": [
            13.628624825473523,
            58.935415901928
        ],
        "20": [
            28.62791711285163,
            12.376874214943822
        ],
        "21": [
            25.19887779825615,
            46.188806669763615
        ],
        "22": [
            75.19683324875139,
            87.22940646877316
        ],
        "23": [
            85.89234688790029,
            5.502239708557887
        ],
        "24": [
            89.25771579138359,
            85.80706412540822
        ],
        "25": [
            37.68012882641059,
            68.28025022299255
        ],
        "26": [
            97.94814983590443,
            32.897106037081215
        ],
        "27": [
            34.63200854702286,
            47.81617149605998
        ],
        "28": [
            40.19515447341433,
            47.27610710980497
        ],
        "29": [
            52.0508811221798,
            34.52357581761054
        ],
        "30": [
            26.108553875722574,
            34.255530022957515
        ],
        "31": [
            61.85223881420006,
            31.110640856426063
        ],
        "32": [
            93.41240142746132,
            7.19711491496734
        ],
        "33": [
            33.81959849864891,
            2.6391270732506245
        ],
        "34": [
            39.148339631170856,
            82.86589783994323
        ],
        "35": [
            53.96563623553929,
            38.03501992906341
        ],
        "36": [
            13.476821709453922,
            20.48559273757622
        ],
        "37": [
            6.3650564604125215,
            75.71495593299717
        ],
        "38": [
            56.7213606014086,
            87.07045050789426
        ],
        "39": [
            21.25237935585923,
            8.493313241997624
        ],
        "40": [
            63.44459272014811,
            93.85684921320222
        ]
    },
    "distance_matrix_str_keys": {
        "0,0": 0.0,
        "0,1": 88.1578327776916,
        "0,2": 93.96777642771433,
        "0,3": 98.89424786603946,
        "0,4": 43.25360620680624,
        "0,5": 47.601609813708784,
        "0,6": 135.36157621298983,
        "0,7": 65.2493226998165,
        "0,8": 33.571032666550295,
        "0,9": 99.72747442419877,
        "0,10": 94.50689779717071,
        "0,11": 78.3228014297043,
        "0,12": 98.57364289909292,
        "0,13": 86.98681038189076,
        "0,14": 82.26049774601509,
        "0,15": 86.30717506914816,
        "0,16": 79.62950011750743,
        "0,17": 73.79331353501617,
        "0,18": 62.51842565800742,
        "0,19": 104.56288871809174,
        "0,20": 72.43729171485167,
        "0,21": 87.91253462514328,
        "0,22": 90.68719002033689,
        "0,23": 15.14267209384684,
        "0,24": 86.47686929948729,
        "0,25": 92.44435576933431,
        "0,26": 32.9610326705773,
        "0,27": 80.98987938710066,
        "0,28": 76.23417771522512,
        "0,29": 59.08464511523816,
        "0,30": 81.44560852182722,
        "0,31": 49.2252339556284,
        "0,32": 9.756788306208094,
        "0,33": 66.23300185397608,
        "0,34": 102.8089567813196,
        "0,35": 59.714532470772504,
        "0,36": 88.91523992717704,
        "0,37": 120.41701376299547,
        "0,38": 97.23324523968627,
        "0,39": 79.20431886545201,
        "0,40": 100.72440590852659,
        "1,0": 88.1578327776916,
        "1,1": 0.0,
        "1,2": 51.833103193734914,
        "1,3": 66.16321736952132,
        "1,4": 63.63097275271406,
        "1,5": 40.74707558223208,
        "1,6": 53.42739650275064,
        "1,7": 73.24898404750174,
        "1,8": 61.29877332549761,
        "1,9": 22.03089343606958,
        "1,10": 41.26872308425756,
        "1,11": 55.649470353450006,
        "1,12": 49.762794193633155,
        "1,13": 42.09154653229316,
        "1,14": 41.19180038249213,
        "1,15": 74.4864544338778,
        "1,16": 22.99548139571478,
        "1,17": 69.46813666921442,
        "1,18": 26.068510132912497,
        "1,19": 16.46518168945165,
        "1,20": 36.3052904395882,
        "1,21": 2.7364125808169706,
        "1,22": 62.17864262522409,
        "1,23": 73.4243629932024,
        "1,24": 72.98387638959619,
        "1,25": 22.63898557666573,
        "1,26": 73.19634420730956,
        "1,27": 8.211346931087,
        "1,28": 13.800644319387189,
        "1,29": 29.215343689502912,
        "1,30": 14.366136002484122,
        "1,31": 39.48553280312897,
        "1,32": 78.72917324974996,
        "1,33": 46.563557333624026,
        "1,34": 36.523411535292155,
        "1,35": 29.47125436529151,
        "1,36": 30.98315258222703,
        "1,37": 33.735434841547175,
        "1,38": 48.93259494362354,
        "1,39": 40.46056892092243,
        "1,40": 58.433570767657514,
        "2,0": 93.96777642771433,
        "2,1": 51.833103193734914,
        "2,2": 0.0,
        "2,3": 115.86393831094237,
        "2,4": 93.23133885718043,
        "2,5": 62.38034525359019,
        "2,6": 97.41652070242822,
        "2,7": 112.01486116196244,
        "2,8": 60.47652231682698,
        "2,9": 36.400834204985266,
        "2,10": 92.36230708556354,
        "2,11": 101.29004924956868,
        "2,12": 100.86709102607566,
        "2,13": 10.61797746238648,
        "2,14": 89.44638193853808,
        "2,15": 120.06831106260374,
        "2,16": 30.92978400977671,
        "2,17": 111.87394366061318,
        "2,18": 57.399562238026384,
        "2,19": 58.453303032289035,
        "2,20": 25.303941986454948,
        "2,21": 49.10457943049363,
        "2,22": 110.5553799864675,
        "2,23": 79.98314982372762,
        "2,24": 118.8349741249689,
        "2,25": 74.3705286349289,
        "2,26": 97.29587383950434,
        "2,27": 54.87759985817012,
        "2,28": 57.535659197909546,
        "2,29": 56.94393628926554,
        "2,30": 38.86265019279786,
        "2,31": 63.42975748646399,
        "2,32": 87.59620739977332,
        "2,33": 27.831960689982665,
        "2,34": 88.32953947895189,
        "2,35": 60.583914225252826,
        "2,36": 20.878834360039523,
        "2,37": 74.73852373727708,
        "2,38": 99.90460354460149,
        "2,39": 16.970303652416398,
        "2,40": 109.18898814469753,
        "3,0": 98.89424786603946,
        "3,1": 66.16321736952132,
        "3,2": 115.86393831094237,
        "3,3": 0.0,
        "3,4": 55.68264251710547,
        "3,5": 67.60682449235935,
        "3,6": 66.43579034589004,
        "3,7": 38.70287034710624,
        "3,8": 93.30014082678996,
        "3,9": 87.69859630573764,
        "3,10": 25.800393270602996,
        "3,11": 20.909795547833657,
        "3,12": 18.359116468872003,
        "3,13": 105.37862046749356,
        "3,14": 26.61560220258513,
        "3,15": 19.94648226823136,
        "3,16": 84.94681807340972,
        "3,17": 28.394509771511,
        "3,18": 62.05622517551441,
        "3,19": 69.93496075018396,
        "3,20": 94.19137464273936,
        "3,21": 68.77445714054808,
        "3,22": 8.21897006124749,
        "3,23": 90.61231284951651,
        "3,24": 18.45849441890647,
        "3,25": 44.7547200144923,
        "3,26": 67.01125224807818,
        "3,27": 61.258196257947354,
        "3,28": 58.34151143592531,
        "3,29": 64.36773830986122,
        "3,30": 77.17746750632631,
        "3,31": 65.16889900025832,
        "3,32": 90.29801204285829,
        "3,33": 100.71203185795164,
        "3,34": 36.41831718514313,
        "3,35": 60.423431940486125,
        "3,36": 95.81203570223619,
        "3,37": 69.81995665918649,
        "3,38": 18.572994070580997,
        "3,39": 101.22036058613728,
        "3,40": 10.049076055240283,
        "4,0": 43.25360620680624,
        "4,1": 63.63097275271406,
        "4,2": 93.23133885718043,
        "4,3": 55.68264251710547,
        "4,4": 0.0,
        "4,5": 30.85193667696415,
        "4,6": 100.09342236717984,
        "4,7": 24.55073876259752,
        "4,8": 46.10656984440055,
        "4,9": 82.35094675388703,
        "4,10": 54.62961022461403,
        "4,11": 35.34428964614101,
        "4,12": 57.13529698502567,
        "4,13": 83.31113561480417,
        "4,14": 42.04724673600929,
        "4,15": 43.83103873250383,
        "4,16": 67.13342864682762,
        "4,17": 31.3127993916556,
        "4,18": 39.84193317620178,
        "4,19": 77.97597474026351,
        "4,20": 67.92968351630479,
        "4,21": 64.68352055850418,
        "4,22": 47.492414112426886,
        "4,23": 36.72180964474537,
        "4,24": 43.78873396931168,
        "4,25": 58.314718747611295,
        "4,26": 12.26741350828631,
        "4,27": 55.41980259848815,
        "4,28": 49.830701779745326,
        "4,29": 38.43545869568623,
        "4,30": 64.1114769389223,
        "4,31": 29.953472026863302,
        "4,32": 35.016226255821046,
        "4,33": 68.40265164619616,
        "4,34": 65.02787207617779,
        "4,35": 36.0036866371226,
        "4,36": 79.25318954693769,
        "4,37": 89.93325953840741,
        "4,38": 55.85879046424965,
        "4,39": 76.26112661733734,
        "4,40": 58.1275854636531,
        "5,0": 47.601609813708784,
        "5,1": 40.74707558223208,
        "5,2": 62.38034525359019,
        "5,3": 67.60682449235935,
        "5,4": 30.85193667696415,
        "5,5": 0.0,
        "5,6": 88.79710498590197,
        "5,7": 51.22552615229088,
        "5,8": 26.80001931751897,
        "5,9": 55.12634612978164,
        "5,10": 53.61706516646269,
        "5,11": 47.87987113042853,
        "5,12": 60.03543035234566,
        "5,13": 52.49193344292068,
        "5,14": 43.476595481853444,
        "5,15": 64.15761189289067,
        "5,16": 37.444438839804036,
        "5,17": 53.50130064181437,
        "5,18": 14.917512180326527,
        "5,19": 57.054340705555774,
        "5,20": 37.07787399974494,
        "5,21": 40.745481407336065,
        "5,22": 60.08907239693739,
        "5,23": 33.271673719694476,
        "5,24": 63.37134085982624,
        "5,25": 46.505403730121685,
        "5,26": 36.241545334098305,
        "5,27": 33.398643192116005,
        "5,28": 28.66895004720204,
        "5,29": 11.536556859569448,
        "5,30": 36.29254414332419,
        "5,31": 2.4966365528993917,
        "5,32": 38.05282524045445,
        "5,33": 38.29772064599722,
        "5,34": 58.850658426170796,
        "5,35": 12.354199356863358,
        "5,36": 49.1605295169012,
        "5,37": 72.86364879308645,
        "5,38": 58.68840689221579,
        "5,39": 45.41004204263837,
        "5,40": 65.25738708397408,
        "6,0": 135.36157621298983,
        "6,1": 53.42739650275064,
        "6,2": 97.41652070242822,
        "6,3": 66.43579034589004,
        "6,4": 100.09342236717984,
        "6,5": 88.79710498590197,
        "6,6": 0.0,
        "6,7": 96.64195782746519,
        "6,8": 113.08280453241709,
        "6,9": 61.043187496195934,
        "6,10": 47.86515949796216,
        "6,11": 72.74833723491786,
        "6,12": 50.334459497370865,
        "6,13": 90.02594795178159,
        "6,14": 59.44126556409255,
        "6,15": 84.88018173844753,
        "6,16": 74.79276774781314,
        "6,17": 88.0177875319282,
        "6,18": 74.42558253420523,
        "6,19": 40.000292177176945,
        "6,20": 88.68062938201483,
        "6,21": 55.26963161321896,
        "6,22": 69.06902497718072,
        "6,23": 121.84544567214479,
        "6,24": 83.17950720922137,
        "6,25": 42.96067794793735,
        "6,26": 112.04592213590614,
        "6,27": 57.612050857814914,
        "6,28": 60.926702824230404,
        "6,29": 78.13542489293546,
        "6,30": 66.90917007009297,
        "6,31": 86.7826154157451,
        "6,32": 125.60610884049582,
        "6,33": 99.4251278692061,
        "6,34": 35.66797644300552,
        "6,35": 76.45268067569508,
        "6,36": 78.1688323832441,
        "6,37": 22.68350638976839,
        "6,38": 50.95891188365082,
        "6,39": 91.01254087135966,
        "6,40": 56.591095269639155,
        "7,0": 65.2493226998165,
        "7,1": 73.24898404750174,
        "7,2": 112.01486116196244,
        "7,3": 38.70287034710624,
        "7,4": 24.55073876259752,
        "7,5": 51.22552615229088,
        "7,6": 96.64195782746519,
        "7,7": 0.0,
        "7,8": 70.35580973680676,
        "7,9": 94.47715448736277,
        "7,10": 48.78867174554103,
        "7,11": 23.928533100502893,
        "7,12": 47.47941546305401,
        "7,13": 101.60516447134954,
        "7,14": 38.096412252155346,
        "7,15": 21.72155683476927,
        "7,16": 83.1630978335846,
        "7,17": 10.309363040950377,
        "7,18": 55.02732917293939,
        "7,19": 84.40930300656836,
        "7,20": 87.04567564299738,
        "7,21": 75.05618625963902,
        "7,22": 31.55699423744842,
        "7,23": 60.88671289363792,
        "7,24": 22.297629574375296,
        "7,25": 60.202308140017806,
        "7,26": 32.31558027778006,
        "7,27": 65.52370188401245,
        "7,28": 60.336667718591805,
        "7,29": 55.09237317475322,
        "7,30": 78.09349399719298,
        "7,31": 49.55272328569182,
        "7,32": 58.18124592563536,
        "7,33": 89.49548379160566,
        "7,34": 61.25487046452445,
        "7,35": 51.5793495433399,
        "7,36": 95.45466902893551,
        "7,37": 92.04034168761453,
        "7,38": 46.53576007728113,
        "7,39": 95.27452325813084,
        "7,40": 44.73354690465443,
        "8,0": 33.571032666550295,
        "8,1": 61.29877332549761,
        "8,2": 60.47652231682698,
        "8,3": 93.30014082678996,
        "8,4": 46.10656984440055,
        "8,5": 26.80001931751897,
        "8,6": 113.08280453241709,
        "8,7": 70.35580973680676,
        "8,8": 0.0,
        "8,9": 68.64923850501523,
        "8,10": 80.41284144049064,
        "8,11": 72.85488443308749,
        "8,12": 86.78059048636457,
        "8,13": 53.445940101145545,
        "8,14": 70.13063851782802,
        "8,15": 87.1402448941864,
        "8,16": 48.01079251240776,
        "8,17": 75.32043484166255,
        "8,18": 39.09992080631285,
        "8,19": 77.54997643892838,
        "8,20": 39.21593878674175,
        "8,21": 60.337162114551916,
        "8,22": 85.46903231221852,
        "8,23": 19.669488736215605,
        "8,24": 86.64495050772881,
        "8,25": 72.08852166548124,
        "8,26": 43.94285858237956,
        "8,27": 55.642974847554804,
        "8,28": 52.187409984588456,
        "8,29": 35.40312818538577,
        "8,30": 51.56443253266373,
        "8,31": 29.2782667658547,
        "8,32": 27.370339967830432,
        "8,33": 32.68468412624831,
        "8,34": 85.17367218641614,
        "8,35": 37.96073576690509,
        "8,36": 56.08766539829881,
        "8,37": 94.9750497857312,
        "8,38": 85.42826312208697,
        "8,39": 45.684020599508166,
        "8,40": 91.70395622942313,
        "9,0": 99.72747442419877,
        "9,1": 22.03089343606958,
        "9,2": 36.400834204985266,
        "9,3": 87.69859630573764,
        "9,4": 82.35094675388703,
        "9,5": 55.12634612978164,
        "9,6": 61.043187496195934,
        "9,7": 94.47715448736277,
        "9,8": 68.64923850501523,
        "9,9": 0.0,
        "9,10": 62.29390819619963,
        "9,11": 77.65749192466298,
        "9,12": 70.64322104237775,
        "9,13": 29.357508197162996,
        "9,14": 63.18902416741262,
        "9,15": 96.51573021873925,
        "9,16": 20.693010900812855,
        "9,17": 91.24641358231312,
        "9,18": 42.61118406560341,
        "9,19": 22.432999229390205,
        "9,20": 32.69032866514105,
        "9,21": 19.7577358071166,
        "9,22": 84.06573542512409,
        "9,23": 84.5860833993293,
        "9,24": 95.01472433409842,
        "9,25": 43.19590961685805,
        "9,26": 90.5278275902842,
        "9,27": 29.053860221900567,
        "9,28": 34.14098385528776,
        "9,29": 44.61056842433223,
        "9,30": 18.834292331984305,
        "9,31": 54.67931083559037,
        "9,32": 91.0212277765011,
        "9,33": 43.54098525572309,
        "9,34": 55.422644574984325,
        "9,35": 46.4409533150378,
        "9,36": 17.87979596661901,
        "9,37": 38.38525460142199,
        "9,38": 69.94423733784694,
        "9,39": 31.95100658527116,
        "9,40": 79.497091280336,
        "10,0": 94.50689779717071,
        "10,1": 41.26872308425756,
        "10,2": 92.36230708556354,
        "10,3": 25.800393270602996,
        "10,4": 54.62961022461403,
        "10,5": 53.61706516646269,
        "10,6": 47.86515949796216,
        "10,7": 48.78867174554103,
        "10,8": 80.41284144049064,
        "10,9": 62.29390819619963,
        "10,10": 0.0,
        "10,11": 24.95134507612842,
        "10,12": 8.518221344429978,
        "10,13": 82.12776809318831,
        "10,14": 12.584766959020902,
        "10,15": 39.52307115041959,
        "10,16": 61.80858494491528,
        "10,17": 40.462969062526355,
        "10,18": 43.56083307250761,
        "10,19": 44.150193587927504,
        "10,20": 72.64085938489993,
        "10,21": 43.963666054103534,
        "10,22": 24.22115312352956,
        "10,23": 83.09452393987713,
        "10,24": 37.80769562851008,
        "10,25": 19.11640847199964,
        "10,26": 66.88991128231605,
        "10,27": 37.548136638336665,
        "10,28": 35.875072348209386,
        "10,29": 46.72514085936008,
        "10,30": 53.521067678984345,
        "10,31": 51.14933986505565,
        "10,32": 84.97783334230527,
        "10,33": 80.62212838007326,
        "10,34": 12.681299462479826,
        "10,35": 43.270568673273104,
        "10,36": 71.79844138416247,
        "10,37": 45.697058816751195,
        "10,38": 7.672014780241595,
        "10,39": 78.87853440861966,
        "10,40": 17.213946376261973,
        "11,0": 78.3228014297043,
        "11,1": 55.649470353450006,
        "11,2": 101.29004924956868,
        "11,3": 20.909795547833657,
        "11,4": 35.34428964614101,
        "11,5": 47.87987113042853,
        "11,6": 72.74833723491786,
        "11,7": 23.928533100502893,
        "11,8": 72.85488443308749,
        "11,9": 77.65749192466298,
        "11,10": 24.95134507612842,
        "11,11": 0.0,
        "11,12": 23.855027558399087,
        "11,13": 90.67297336051271,
        "11,14": 15.59771085115359,
        "11,15": 19.01257417773692,
        "11,16": 70.64877663349188,
        "11,17": 15.703862974105117,
        "11,18": 44.79163847362014,
        "11,19": 64.0241104059673,
        "11,20": 77.94310660911404,
        "11,21": 57.91548809217444,
        "11,22": 12.770255878154298,
        "11,23": 69.71175680498061,
        "11,24": 17.64255656500038,
        "11,25": 38.55938019864987,
        "11,26": 47.133775299692736,
        "11,27": 48.992615776220255,
        "11,28": 44.75415819374776,
        "11,29": 46.442595811119645,
        "11,30": 63.878590101513396,
        "11,31": 45.52960407286844,
        "11,32": 69.5562306946878,
        "11,33": 83.16872962943872,
        "11,34": 37.54173402798057,
        "11,35": 42.44587082620367,
        "11,36": 82.40759765290846,
        "11,37": 69.38545202101064,
        "11,38": 22.81311421866748,
        "11,39": 85.56776815614931,
        "11,40": 22.956146205695735,
        "12,0": 98.57364289909292,
        "12,1": 49.762794193633155,
        "12,2": 100.86709102607566,
        "12,3": 18.359116468872003,
        "12,4": 57.13529698502567,
        "12,5": 60.03543035234566,
        "12,6": 50.334459497370865,
        "12,7": 47.47941546305401,
        "12,8": 86.78059048636457,
        "12,9": 70.64322104237775,
        "12,10": 8.518221344429978,
        "12,11": 23.855027558399087,
        "12,12": 0.0,
        "12,13": 90.61392654513247,
        "12,14": 16.802108039105146,
        "12,15": 34.70939904859295,
        "12,16": 70.27080989281079,
        "12,17": 38.147902072354476,
        "12,18": 51.05617658528868,
        "12,19": 51.90527527290368,
        "12,20": 80.91683503086796,
        "12,21": 52.46361172330181,
        "12,22": 18.8658466495405,
        "12,23": 87.99003041891012,
        "12,24": 32.99227043617133,
        "12,25": 27.45209355123221,
        "12,26": 69.3436602660743,
        "12,27": 46.029185589212716,
        "12,28": 44.18059144880868,
        "12,29": 54.03967243767471,
        "12,30": 62.01748016071585,
        "12,31": 57.54205006034715,
        "12,32": 89.2455399496835,
        "12,33": 88.66619684118204,
        "12,34": 18.083046904928278,
        "12,35": 50.412823139018286,
        "12,36": 80.315879932958,
        "12,37": 51.58335821810725,
        "12,38": 1.366972516517546,
        "12,39": 87.27313809838918,
        "12,40": 8.942891517474152,
        "13,0": 86.98681038189076,
        "13,1": 42.09154653229316,
        "13,2": 10.61797746238648,
        "13,3": 105.37862046749356,
        "13,4": 83.31113561480417,
        "13,5": 52.49193344292068,
        "13,6": 90.02594795178159,
        "13,7": 101.60516447134954,
        "13,8": 53.445940101145545,
        "13,9": 29.357508197162996,
        "13,10": 82.12776809318831,
        "13,11": 90.67297336051271,
        "13,12": 90.61392654513247,
        "13,13": 0.0,
        "13,14": 78.91358269052812,
        "13,15": 109.45158427546578,
        "13,16": 20.440280917717192,
        "13,17": 101.3107675693221,
        "13,18": 46.85325104324133,
        "13,19": 50.34515763639534,
        "13,20": 15.654278839191756,
        "13,21": 39.39456945775873,
        "13,22": 99.99080086420877,
        "13,23": 72.51971487403858,
        "13,24": 108.21711813027012,
        "13,25": 64.42447136052066,
        "13,26": 87.93576731663434,
        "13,27": 44.5848866302039,
        "13,28": 47.037110217327225,
        "13,29": 46.51279590891702,
        "13,30": 28.622018234095105,
        "13,31": 53.39521450311504,
        "13,32": 79.98611719366446,
        "13,33": 21.232346081538793,
        "13,34": 78.59909053523567,
        "13,35": 50.09418905886341,
        "13,36": 11.895037162230254,
        "13,37": 67.49599491130367,
        "13,38": 89.62419761014576,
        "13,39": 7.814561358247688,
        "13,40": 98.84810159948336,
        "14,0": 82.26049774601509,
        "14,1": 41.19180038249213,
        "14,2": 89.44638193853808,
        "14,3": 26.61560220258513,
        "14,4": 42.04724673600929,
        "14,5": 43.476595481853444,
        "14,6": 59.44126556409255,
        "14,7": 38.096412252155346,
        "14,8": 70.13063851782802,
        "14,9": 63.18902416741262,
        "14,10": 12.584766959020902,
        "14,11": 15.59771085115359,
        "14,12": 16.802108039105146,
        "14,13": 78.91358269052812,
        "14,14": 0.0,
        "14,15": 33.60506507847135,
        "14,16": 58.51786940798899,
        "14,17": 31.09435651853275,
        "14,18": 35.82617976461357,
        "14,19": 48.50991511322392,
        "14,20": 67.58173450310323,
        "14,21": 43.62960344789821,
        "14,22": 21.23916894348348,
        "14,23": 71.30037667280298,
        "14,24": 32.02821413343146,
        "14,25": 22.96217524081224,
        "14,26": 54.30595648565689,
        "14,27": 35.32980337782535,
        "14,28": 31.932983021284866,
        "14,29": 38.44059011821022,
        "14,30": 50.99383109426461,
        "14,31": 40.98000290542939,
        "14,32": 72.81500965973241,
        "14,33": 74.31225249355485,
        "14,34": 23.776560870312423,
        "14,35": 34.61712253183813,
        "14,36": 69.67966692970191,
        "14,37": 54.087114458095215,
        "14,38": 15.435577246610558,
        "14,39": 74.61887209490698,
        "14,40": 22.016144907942397,
        "15,0": 86.30717506914816,
        "15,1": 74.4864544338778,
        "15,2": 120.06831106260374,
        "15,3": 19.94648226823136,
        "15,4": 43.83103873250383,
        "15,5": 64.15761189289067,
        "15,6": 84.88018173844753,
        "15,7": 21.72155683476927,
        "15,8": 87.1402448941864,
        "15,9": 96.51573021873925,
        "15,10": 39.52307115041959,
        "15,11": 19.01257417773692,
        "15,12": 34.70939904859295,
        "15,13": 109.45158427546578,
        "15,14": 33.60506507847135,
        "15,15": 0.0,
        "15,16": 89.55103178183688,
        "15,17": 12.551336714170446,
        "15,18": 63.11545669402345,
        "15,19": 81.89692810845541,
        "15,20": 96.35393397357792,
        "15,21": 76.80631156632292,
        "15,22": 15.846584162938164,
        "15,23": 80.49356875481826,
        "15,24": 1.7244318666883318,
        "15,25": 56.118104803837674,
        "15,26": 53.39402120481998,
        "15,27": 67.97591329954567,
        "15,28": 63.7656990850938,
        "15,29": 64.40855467001481,
        "15,30": 82.87924576651001,
        "15,31": 61.994078828119726,
        "15,32": 78.67517705683571,
        "15,33": 100.94078386126081,
        "15,34": 51.91853868061521,
        "15,35": 60.45675338292699,
        "15,36": 101.37826358365737,
        "15,37": 85.21986028158683,
        "15,38": 34.28284245824503,
        "15,39": 104.13407748196701,
        "15,40": 28.682031223864062,
        "16,0": 79.62950011750743,
        "16,1": 22.99548139571478,
        "16,2": 30.92978400977671,
        "16,3": 84.94681807340972,
        "16,4": 67.13342864682762,
        "16,5": 37.444438839804036,
        "16,6": 74.79276774781314,
        "16,7": 83.1630978335846,
        "16,8": 48.01079251240776,
        "16,9": 20.693010900812855,
        "16,10": 61.80858494491528,
        "16,11": 70.64877663349188,
        "16,12": 70.27080989281079,
        "16,13": 20.440280917717192,
        "16,14": 58.51786940798899,
        "16,15": 89.55103178183688,
        "16,16": 0.0,
        "16,17": 81.996358655043,
        "16,18": 28.199781880216978,
        "16,19": 35.01383617429364,
        "16,20": 13.90505427463575,
        "16,21": 20.501893025058234,
        "16,22": 79.64615313514408,
        "16,23": 64.50436195121871,
        "16,24": 88.26223852649203,
        "16,25": 44.54015437787069,
        "16,26": 73.67103605336666,
        "16,27": 24.277449901364662,
        "16,28": 26.608757557712845,
        "16,29": 28.807132555025156,
        "16,30": 8.687464772173493,
        "16,31": 37.614159182186036,
        "16,32": 71.22626535792888,
        "16,33": 24.819604592663637,
        "16,34": 58.985720908246414,
        "16,35": 31.825451196466577,
        "16,36": 12.309740213767338,
        "16,37": 53.25057846722633,
        "16,38": 69.25910670860902,
        "16,39": 17.529969654782867,
        "16,40": 78.43873521625477,
        "17,0": 73.79331353501617,
        "17,1": 69.46813666921442,
        "17,2": 111.87394366061318,
        "17,3": 28.394509771511,
        "17,4": 31.3127993916556,
        "17,5": 53.50130064181437,
        "17,6": 88.0177875319282,
        "17,7": 10.309363040950377,
        "17,8": 75.32043484166255,
        "17,9": 91.24641358231312,
        "17,10": 40.462969062526355,
        "17,11": 15.703862974105117,
        "17,12": 38.147902072354476,
        "17,13": 101.3107675693221,
        "17,14": 31.09435651853275,
        "17,15": 12.551336714170446,
        "17,16": 81.996358655043,
        "17,17": 0.0,
        "17,18": 54.47841259283385,
        "17,19": 79.08389457569585,
        "17,20": 87.46788939445385,
        "17,21": 71.53265766031166,
        "17,22": 21.37291123128933,
        "17,23": 68.01136666307556,
        "17,24": 12.698537786284666,
        "17,25": 53.95178983443862,
        "17,26": 40.920735096428544,
        "17,27": 62.220578343253486,
        "17,28": 57.433023650768604,
        "17,29": 55.236937118874216,
        "17,30": 76.06924928765885,
        "17,31": 51.498785266380736,
        "17,32": 66.12388058584939,
        "17,33": 91.14250287532815,
        "17,34": 53.12062926677478,
        "17,35": 51.42157084738822,
        "17,36": 94.12849505353162,
        "17,37": 85.06829571909222,
        "17,38": 37.315090391305326,
        "17,39": 95.49435805710073,
        "17,40": 34.70474014113851,
        "18,0": 62.51842565800742,
        "18,1": 26.068510132912497,
        "18,2": 57.399562238026384,
        "18,3": 62.05622517551441,
        "18,4": 39.84193317620178,
        "18,5": 14.917512180326527,
        "18,6": 74.42558253420523,
        "18,7": 55.02732917293939,
        "18,8": 39.09992080631285,
        "18,9": 42.61118406560341,
        "18,10": 43.56083307250761,
        "18,11": 44.79163847362014,
        "18,12": 51.05617658528868,
        "18,13": 46.85325104324133,
        "18,14": 35.82617976461357,
        "18,15": 63.11545669402345,
        "18,16": 28.199781880216978,
        "18,17": 54.47841259283385,
        "18,18": 0.0,
        "18,19": 42.22928407351917,
        "18,20": 33.23847738917893,
        "18,21": 26.340505850596568,
        "18,22": 55.49313479606157,
        "18,23": 48.12462835730962,
        "18,24": 61.992166194760976,
        "18,25": 33.00646846949427,
        "18,26": 48.05099565074625,
        "18,27": 18.50671626520537,
        "18,28": 13.794548220395304,
        "18,29": 3.7206545639102395,
        "18,30": 24.278641691278274,
        "18,31": 13.446843999279409,
        "18,32": 52.95221387670156,
        "18,33": 38.687178635610486,
        "18,34": 46.46877354742532,
        "18,35": 3.8395743892224994,
        "18,36": 40.50947197616815,
        "18,37": 57.966688244659885,
        "18,38": 49.79174909220127,
        "18,39": 41.0901863637969,
        "18,40": 57.69629531984638,
        "19,0": 104.56288871809174,
        "19,1": 16.46518168945165,
        "19,2": 58.453303032289035,
        "19,3": 69.93496075018396,
        "19,4": 77.97597474026351,
        "19,5": 57.054340705555774,
        "19,6": 40.000292177176945,
        "19,7": 84.40930300656836,
        "19,8": 77.54997643892838,
        "19,9": 22.432999229390205,
        "19,10": 44.150193587927504,
        "19,11": 64.0241104059673,
        "19,12": 51.90527527290368,
        "19,13": 50.34515763639534,
        "19,14": 48.50991511322392,
        "19,15": 81.89692810845541,
        "19,16": 35.01383617429364,
        "19,17": 79.08389457569585,
        "19,18": 42.22928407351917,
        "19,19": 0.0,
        "19,20": 48.91499333681693,
        "19,21": 17.214726276408918,
        "19,22": 67.75835144577313,
        "19,23": 89.87296503636341,
        "19,24": 80.26110439419811,
        "19,25": 25.803115571481626,
        "19,26": 88.2483760677921,
        "19,27": 23.76509465396827,
        "19,28": 29.01241077616604,
        "19,29": 45.52150827061944,
        "19,30": 27.655838372724432,
        "19,31": 55.675264278371316,
        "19,32": 95.09102375036893,
        "19,33": 59.80758776069076,
        "19,34": 34.984622472592164,
        "19,35": 45.430177650085305,
        "19,36": 38.45012282887997,
        "19,37": 18.284211469138274,
        "19,38": 51.464201625338305,
        "19,39": 51.014971860175834,
        "19,40": 60.83697199727335,
        "20,0": 72.43729171485167,
        "20,1": 36.3052904395882,
        "20,2": 25.303941986454948,
        "20,3": 94.19137464273936,
        "20,4": 67.92968351630479,
        "20,5": 37.07787399974494,
        "20,6": 88.68062938201483,
        "20,7": 87.04567564299738,
        "20,8": 39.21593878674175,
        "20,9": 32.69032866514105,
        "20,10": 72.64085938489993,
        "20,11": 77.94310660911404,
        "20,12": 80.91683503086796,
        "20,13": 15.654278839191756,
        "20,14": 67.58173450310323,
        "20,15": 96.35393397357792,
        "20,16": 13.90505427463575,
        "20,17": 87.46788939445385,
        "20,18": 33.23847738917893,
        "20,19": 48.91499333681693,
        "20,20": 0.0,
        "20,21": 33.9853657763211,
        "20,22": 88.15648322660691,
        "20,23": 57.675605909759376,
        "20,24": 95.22586454365317,
        "20,25": 56.63152819767777,
        "20,26": 72.2936690092048,
        "20,27": 35.94430282714098,
        "20,28": 36.76625404913255,
        "20,29": 32.235254533815045,
        "20,30": 22.023232530355955,
        "20,31": 38.14196593113948,
        "20,32": 64.99122490240973,
        "20,33": 11.035274124696132,
        "20,34": 71.26978140537322,
        "20,35": 36.06023366295906,
        "20,36": 17.184499061716664,
        "20,37": 67.13678246797895,
        "20,38": 79.80207958741146,
        "20,39": 8.335502566457004,
        "20,40": 88.60692538430914,
        "21,0": 87.91253462514328,
        "21,1": 2.7364125808169706,
        "21,2": 49.10457943049363,
        "21,3": 68.77445714054808,
        "21,4": 64.68352055850418,
        "21,5": 40.745481407336065,
        "21,6": 55.26963161321896,
        "21,7": 75.05618625963902,
        "21,8": 60.337162114551916,
        "21,9": 19.7577358071166,
        "21,10": 43.963666054103534,
        "21,11": 57.91548809217444,
        "21,12": 52.46361172330181,
        "21,13": 39.39456945775873,
        "21,14": 43.62960344789821,
        "21,15": 76.80631156632292,
        "21,16": 20.501893025058234,
        "21,17": 71.53265766031166,
        "21,18": 26.340505850596568,
        "21,19": 17.214726276408918,
        "21,20": 33.9853657763211,
        "21,21": 0.0,
        "21,22": 64.68482342166647,
        "21,23": 73.0691037390241,
        "21,24": 75.32025656389844,
        "21,25": 25.373480358305333,
        "21,26": 73.9535387098995,
        "21,27": 9.572474706218589,
        "21,28": 15.035642199946345,
        "21,29": 29.276401646070354,
        "21,30": 11.967898817048987,
        "21,31": 39.633571099001635,
        "21,32": 78.57122139697957,
        "21,33": 44.39472286604704,
        "21,34": 39.2402408521356,
        "21,35": 29.900010521767705,
        "21,36": 28.249987706064893,
        "21,37": 35.02151219608544,
        "21,38": 51.623402880697505,
        "21,39": 37.90151810572487,
        "21,40": 61.114458107797226,
        "22,0": 90.68719002033689,
        "22,1": 62.17864262522409,
        "22,2": 110.5553799864675,
        "22,3": 8.21897006124749,
        "22,4": 47.492414112426886,
        "22,5": 60.08907239693739,
        "22,6": 69.06902497718072,
        "22,7": 31.55699423744842,
        "22,8": 85.46903231221852,
        "22,9": 84.06573542512409,
        "22,10": 24.22115312352956,
        "22,11": 12.770255878154298,
        "22,12": 18.8658466495405,
        "22,13": 99.99080086420877,
        "22,14": 21.23916894348348,
        "22,15": 15.846584162938164,
        "22,16": 79.64615313514408,
        "22,17": 21.37291123128933,
        "22,18": 55.49313479606157,
        "22,19": 67.75835144577313,
        "22,20": 88.15648322660691,
        "22,21": 64.68482342166647,
        "22,22": 0.0,
        "22,23": 82.42404866698347,
        "22,24": 14.132638664433046,
        "22,25": 42.0306273227071,
        "22,26": 58.90349120933748,
        "22,27": 56.55889049562647,
        "22,28": 53.11669837969232,
        "22,29": 57.56422226065924,
        "22,30": 72.2211240393077,
        "22,31": 57.68356832301735,
        "22,32": 82.07907538116282,
        "22,33": 94.16788690300773,
        "22,34": 36.3116248555558,
        "22,35": 53.58032655398997,
        "22,36": 90.90707615909626,
        "22,37": 69.7882229819655,
        "22,38": 18.476156433095348,
        "22,39": 95.44305361008655,
        "22,40": 13.492151599090151,
        "23,0": 15.14267209384684,
        "23,1": 73.4243629932024,
        "23,2": 79.98314982372762,
        "23,3": 90.61231284951651,
        "23,4": 36.72180964474537,
