{
    "num_robots": 6,
    "num_tasks": 50,
    "num_nodes": 51,
    "robot_capacity": [
        106,
        103,
        114,
        113,
        106,
        86
    ],
    "robot_speed": [
        0.85,
        1.03,
        1.19,
        1.0,
        0.91,
        0.85
    ],
    "task_demand": {
        "0": 0,
        "1": 5,
        "2": 8,
        "3": 8,
        "4": 15,
        "5": 7,
        "6": 11,
        "7": 10,
        "8": 14,
        "9": 11,
        "10": 5,
        "11": 5,
        "12": 8,
        "13": 10,
        "14": 10,
        "15": 11,
        "16": 15,
        "17": 15,
        "18": 6,
        "19": 15,
        "20": 11,
        "21": 7,
        "22": 5,
        "23": 13,
        "24": 15,
        "25": 12,
        "26": 11,
        "27": 6,
        "28": 9,
        "29": 13,
        "30": 9,
        "31": 9,
        "32": 15,
        "33": 8,
        "34": 6,
        "35": 6,
        "36": 10,
        "37": 11,
        "38": 5,
        "39": 8,
        "40": 8,
        "41": 10,
        "42": 5,
        "43": 10,
        "44": 12,
        "45": 8,
        "46": 9,
        "47": 15,
        "48": 9,
        "49": 13,
        "50": 8
    },
    "task_service_time": {
        "0": 0,
        "1": 80,
        "2": 49,
        "3": 63,
        "4": 54,
        "5": 31,
        "6": 53,
        "7": 41,
        "8": 42,
        "9": 45,
        "10": 47,
        "11": 12,
        "12": 36,
        "13": 23,
        "14": 15,
        "15": 62,
        "16": 79,
        "17": 33,
        "18": 46,
        "19": 17,
        "20": 63,
        "21": 53,
        "22": 14,
        "23": 21,
        "24": 45,
        "25": 46,
        "26": 19,
        "27": 76,
        "28": 51,
        "29": 16,
        "30": 52,
        "31": 49,
        "32": 48,
        "33": 60,
        "34": 56,
        "35": 42,
        "36": 65,
        "37": 36,
        "38": 30,
        "39": 93,
        "40": 29,
        "41": 39,
        "42": 36,
        "43": 79,
        "44": 60,
        "45": 17,
        "46": 44,
        "47": 35,
        "48": 94,
        "49": 37,
        "50": 56
    },
    "task_precedence": [],
    "coordinates": {
        "0": [
            50.0,
            50.0
        ],
        "1": [
            84.5932278655837,
            21.792626963398178
        ],
        "2": [
            26.696099402961536,
            8.278673206033071
        ],
        "3": [
            27.223866636120462,
            32.245972454813824
        ],
        "4": [
            4.544719667024843,
            37.07990127452069
        ],
        "5": [
            92.86673396191543,
            78.12019914347363
        ],
        "6": [
            89.35369326093824,
            62.31726478034292
        ],
        "7": [
            83.58698397415819,
            62.214048876624794
        ],
        "8": [
            16.276833685473868,
            25.776762938193954
        ],
        "9": [
            24.004609240000818,
            40.59165825563908
        ],
        "10": [
            54.65337644068086,
            49.92568733214265
        ],
        "11": [
            38.00809090529162,
            11.312057295805978
        ],
        "12": [
            16.113381185447018,
            98.11810538097852
        ],
        "13": [
            33.8461594780292,
            82.93232865548586
        ],
        "14": [
            77.54015644416685,
            95.0644857441584
        ],
        "15": [
            54.56646565935267,
            9.37336320563138
        ],
        "16": [
            51.33795773004047,
            38.449373220731054
        ],
        "17": [
            17.878773308336005,
            87.63376056318563
        ],
        "18": [
            45.09755569269166,
            32.4830300869435
        ],
        "19": [
            12.348963522994726,
            14.542847802973924
        ],
        "20": [
            5.20543749231982,
            74.48720141331201
        ],
        "21": [
            70.65581495654452,
            34.46234706642725
        ],
        "22": [
            26.82813375131149,
            64.52392881513454
        ],
        "23": [
            28.95963852339515,
            5.947624119406603
        ],
        "24": [
            5.444898771707452,
            24.44628645646113
        ],
        "25": [
            19.67499983943538,
            67.0190605922777
        ],
        "26": [
            23.244180109481338,
            10.730105436866822
        ],
        "27": [
            99.62394440549599,
            29.318590212000295
        ],
        "28": [
            37.19869471784778,
            58.80736680019456
        ],
        "29": [
            25.274516634884503,
            96.8761770516301
        ],
        "30": [
            38.14577584652896,
            82.82282204653019
        ],
        "31": [
            5.590714008916531,
            89.93827827337472
        ],
        "32": [
            44.804927865520895,
            31.08047306294083
        ],
        "33": [
            17.392807932670216,
            74.05372150185374
        ],
        "34": [
            42.91928069758727,
            26.072173255069497
        ],
        "35": [
            55.071871893935544,
            92.11889254491021
        ],
        "36": [
            91.4386514943868,
            57.30469857324887
        ],
        "37": [
            79.05858082954573,
            87.80517254110272
        ],
        "38": [
            54.71630107155375,
            59.99091947682849
        ],
        "39": [
            15.985782676965332,
            95.96777087300663
        ],
        "40": [
            56.135324822881614,
            53.57110864011994
        ],
        "41": [
            29.620960458961687,
            42.15394383499124
        ],
        "42": [
            48.28404885877147,
            77.9083970088272
        ],
        "43": [
            70.88942993871467,
            11.808491167065183
        ],
        "44": [
            25.00426462674634,
            90.1077212891639
        ],
        "45": [
            9.41151066603293,
            14.807278600427932
        ],
        "46": [
            73.77217417444439,
            46.701261556063336
        ],
        "47": [
            95.44896091538442,
            91.13145767631723
        ],
        "48": [
            30.98404095342866,
            20.450075788405776
        ],
        "49": [
            22.67530859825072,
            55.02792416018005
        ],
        "50": [
            6.243655300729333,
            57.37377790766322
        ]
    },
    "distance_matrix_str_keys": {
        "0,0": 0.0,
        "0,1": 44.63571784777532,
        "0,2": 47.78850167650826,
        "0,3": 28.878326563089768,
        "0,4": 47.25580875644274,
        "0,5": 51.26697260839817,
        "0,6": 41.23624843441862,
        "0,7": 35.738893133964545,
        "0,8": 41.521285625924975,
        "0,9": 27.64556447504256,
        "0,10": 4.653969775502172,
        "0,11": 40.503861475404406,
        "0,12": 58.85282491212949,
        "0,13": 36.68085105722332,
        "0,14": 52.81352187039453,
        "0,15": 40.88246844112515,
        "0,16": 11.627859213171613,
        "0,17": 49.47800661207415,
        "0,18": 18.190057589826004,
        "0,19": 51.71856716611408,
        "0,20": 51.05071853863152,
        "0,21": 25.84726968565868,
        "0,22": 27.347392813103866,
        "0,23": 48.81914206324487,
        "0,24": 51.36291776494632,
        "0,25": 34.77433044908074,
        "0,26": 47.51840187773018,
        "0,27": 53.761106472792456,
        "0,28": 15.538440297533972,
        "0,29": 52.997410338754996,
        "0,30": 34.89785491085268,
        "0,31": 59.726466107408015,
        "0,32": 19.619818398867732,
        "0,33": 40.519260760834165,
        "0,34": 24.953506338287845,
        "0,35": 42.42316576728081,
        "0,36": 42.07755291030207,
        "0,37": 47.68261937739777,
        "0,38": 11.048165811120409,
        "0,39": 57.18393952091679,
        "0,40": 7.098945527457341,
        "0,41": 21.837258297681856,
        "0,42": 27.96109997695724,
        "0,43": 43.531134031869726,
        "0,44": 47.25903187602319,
        "0,45": 53.72106761710396,
        "0,46": 23.999957089578857,
        "0,47": 61.297674171756434,
        "0,48": 35.139788265893706,
        "0,49": 27.783426382671976,
        "0,50": 44.37330618821336,
        "1,0": 44.63571784777532,
        "1,1": 0.0,
        "1,2": 59.45338031074075,
        "1,3": 58.31394378568079,
        "1,4": 81.49518035244938,
        "1,5": 56.93194437947511,
        "1,6": 40.80328786966702,
        "1,7": 40.43394460420734,
        "1,8": 68.43247075210571,
        "1,9": 63.438034998595136,
        "1,10": 41.08361947366222,
        "1,11": 47.749526973221684,
        "1,12": 102.54300589024855,
        "1,13": 79.45645394131684,
        "1,14": 73.6105366483853,
        "1,15": 32.493761876312874,
        "1,16": 37.19355035041863,
        "1,17": 93.73298949983473,
        "1,18": 40.916901634073746,
        "1,19": 72.60711417124905,
        "1,20": 95.28451834798139,
        "1,21": 18.835426357960444,
        "1,22": 71.85241997299,
        "1,23": 57.8460057240029,
        "1,24": 79.19280211646549,
        "1,25": 79.1189397606062,
        "1,26": 62.33847161348679,
        "1,27": 16.809597333740705,
        "1,28": 60.135952120820036,
        "1,29": 95.68829079842062,
        "1,30": 76.69452725551898,
        "1,31": 104.33229120523423,
        "1,32": 40.85796008201814,
        "1,33": 85.13000905390123,
        "1,34": 41.89310670054819,
        "1,35": 76.27118780408583,
        "1,36": 36.165827167105405,
        "1,37": 66.24415816856641,
        "1,38": 48.494745133853534,
        "1,39": 101.03926716539664,
        "1,40": 42.658224802089144,
        "1,41": 58.62195329883317,
        "1,42": 66.83813378558831,
        "1,43": 16.95514804477029,
        "1,44": 90.65206369751203,
        "1,45": 75.5055341867421,
        "1,46": 27.1576007824225,
        "1,47": 70.18347657877445,
        "1,48": 53.62599523589141,
        "1,49": 70.27384795323492,
        "1,50": 86.05041443022778,
        "2,0": 47.78850167650826,
        "2,1": 59.45338031074075,
        "2,2": 0.0,
        "2,3": 23.973109342198452,
        "2,4": 36.33447897601816,
        "2,5": 96.21014303702496,
        "2,6": 82.74142521981496,
        "2,7": 78.39386134144101,
        "2,8": 20.365270495781978,
        "2,9": 32.4248843037778,
        "2,10": 50.16057341163634,
        "2,11": 11.711642531467367,
        "2,12": 90.46058533078336,
        "2,13": 74.99527739159772,
        "2,14": 100.58277881581901,
        "2,15": 27.891856543812324,
        "2,16": 38.955003801677734,
        "2,17": 79.84344136446198,
        "2,18": 30.40500757443294,
        "2,19": 15.655037251287208,
        "2,20": 69.60903502226961,
        "2,21": 51.166799473676434,
        "2,22": 56.2454105825738,
        "2,23": 3.249215165850896,
        "2,24": 26.702158086664664,
        "2,25": 59.158506990685915,
        "2,26": 4.233824133224167,
        "2,27": 75.902231089288,
        "2,28": 51.608656102256006,
        "2,29": 88.60890804674817,
        "2,30": 75.41833475366961,
        "2,31": 84.34292141244207,
        "2,32": 29.11789389706746,
        "2,33": 66.42972384782837,
        "2,34": 24.079041827144067,
        "2,35": 88.5119587584104,
        "2,36": 81.21052403856166,
        "2,37": 95.21708647947703,
        "2,38": 58.815713171906474,
        "2,39": 88.34075352870373,
        "2,40": 54.01918826561351,
        "2,41": 34.001305451144994,
        "2,42": 72.89950616129026,
        "2,43": 44.33407356289692,
        "2,44": 81.84653575504188,
        "2,45": 18.476463303361953,
        "2,46": 60.765550367014086,
        "2,47": 107.664013767952,
        "2,48": 12.904630314829301,
        "2,49": 46.921841646178585,
        "2,50": 53.18488295953052,
        "3,0": 28.878326563089768,
        "3,1": 58.31394378568079,
        "3,2": 23.973109342198452,
        "3,3": 0.0,
        "3,4": 23.188587173000247,
        "3,5": 80.08389791359102,
        "3,6": 69.02461864115833,
        "3,7": 63.834838454286945,
        "3,8": 12.715667587369031,
        "3,9": 8.945059511739839,
        "3,10": 32.63357666977552,
        "3,11": 23.548424511468248,
        "3,12": 66.8025507236957,
        "3,13": 51.11713477284697,
        "3,14": 80.48536905507034,
        "3,15": 35.64791684251754,
        "3,16": 24.899228308292106,
        "3,17": 56.17061367692982,
        "3,18": 17.87526102779883,
        "3,19": 23.122788868634753,
        "3,20": 47.63541377887711,
        "3,21": 43.48846342798272,
        "3,22": 32.28038214325982,
        "3,23": 26.355569225783547,
        "3,24": 23.1334939624786,
        "3,25": 35.58304439659324,
        "3,26": 21.880823530760733,
        "3,27": 72.45923562809067,
        "3,28": 28.372607649471338,
        "3,29": 64.65959566571424,
        "3,30": 51.74268852140857,
        "3,31": 61.614896277233605,
        "3,32": 17.6196510403692,
        "3,33": 42.948080231960915,
        "3,34": 16.865995942121344,
        "3,35": 66.03240081168005,
        "3,36": 68.93096799749857,
        "3,37": 75.98461890239608,
        "3,38": 39.05913512151797,
        "3,39": 64.70519395475002,
        "3,40": 35.92539279961586,
        "3,41": 10.193819483683155,
        "3,42": 50.285070263471134,
        "3,43": 48.21174192994833,
        "3,44": 57.904305636536485,
        "3,45": 24.927656699981032,
        "3,46": 48.74115630227793,
        "3,47": 90.12304843482798,
        "3,48": 12.380714400272735,
        "3,49": 23.231588489156493,
        "3,50": 32.7349335504736,
        "4,0": 47.25580875644274,
        "4,1": 81.49518035244938,
        "4,2": 36.33447897601816,
        "4,3": 23.188587173000247,
        "4,4": 0.0,
        "4,5": 97.3913972498559,
        "4,6": 88.4843857343097,
        "4,7": 82.94217818747637,
        "4,8": 16.291207309221353,
        "4,9": 19.77421905630796,
        "4,10": 51.7290218648899,
        "4,11": 42.23480789516443,
        "4,12": 62.12484438507213,
        "4,13": 54.415250359844855,
        "4,14": 93.2230970650637,
        "4,15": 57.182403970835104,
        "4,16": 46.81327356459396,
        "4,17": 52.282785651565064,
        "4,18": 40.81254383691119,
        "4,19": 23.850052438994798,
        "4,20": 37.413134748618425,
        "4,21": 66.16289375784783,
        "4,22": 35.35145245816296,
        "4,23": 39.56396016106052,
        "4,24": 12.665644310164453,
        "4,25": 33.54517310656894,
        "4,26": 32.3107035133102,
        "4,27": 95.39547644557317,
        "4,28": 39.22199440096224,
        "4,29": 63.287590245962164,
        "4,30": 56.75778164386387,
        "4,31": 52.86872537820683,
        "4,32": 40.704760201383685,
        "4,33": 39.1425184969613,
        "4,34": 39.92213684709989,
        "4,35": 74.71468177154622,
        "4,36": 89.21657813541647,
        "4,37": 90.14082676798441,
        "4,38": 55.155256646105364,
        "4,39": 59.98899156216675,
        "4,40": 54.16226048387115,
        "4,41": 25.58444371411393,
        "4,42": 59.83389492645672,
        "4,43": 70.99482199325293,
        "4,44": 56.83786304449052,
        "4,45": 22.798144122066972,
        "4,46": 69.89285393546388,
        "4,47": 105.759878150443,
        "4,48": 31.234417007274573,
        "4,49": 25.511757691253706,
        "4,50": 20.364867077608913,
        "5,0": 51.26697260839817,
        "5,1": 56.93194437947511,
        "5,2": 96.21014303702496,
        "5,3": 80.08389791359102,
        "5,4": 97.3913972498559,
        "5,5": 0.0,
        "5,6": 16.18870561385745,
        "5,7": 18.415194165331403,
        "5,8": 92.76771064401366,
        "5,9": 78.42438142814002,
        "5,10": 47.48885331659395,
        "5,11": 86.44534999149545,
        "5,12": 79.31578289541778,
        "5,13": 59.21642342161794,
        "5,14": 22.847600023059353,
        "5,15": 78.69585760072059,
        "5,16": 57.43181770334007,
        "5,17": 75.58903421707019,
        "5,18": 66.06546444256024,
        "5,19": 102.59235332093749,
        "5,20": 87.73654638312188,
        "5,21": 48.982986546804284,
        "5,22": 67.42369972507629,
        "5,23": 96.40019415433105,
        "5,24": 102.58394694666863,
        "5,25": 74.02881345117359,
        "5,26": 96.89543196002757,
        "5,27": 49.2671993041952,
        "5,28": 58.92296739301799,
        "5,29": 70.14623689461774,
        "5,30": 54.922653971145934,
        "5,31": 88.07253063899586,
        "5,32": 67.25082181638366,
        "5,33": 75.58339599857743,
        "5,34": 72.1369883379687,
        "5,35": 40.304032250942946,
        "5,36": 20.864431061571985,
        "5,37": 16.86605474436017,
        "5,38": 42.238919386667824,
        "5,39": 78.92538556839426,
        "5,40": 44.17979472429616,
        "5,41": 72.75712602145485,
        "5,42": 44.58318821204171,
        "5,43": 69.85874681725022,
        "5,44": 68.91310057935415,
        "5,45": 104.75352119645252,
        "5,46": 36.766178107044105,
        "5,47": 13.265019587159195,
        "5,48": 84.58907034464535,
        "5,49": 73.89241746273402,
        "5,50": 89.07284519333442,
        "6,0": 41.23624843441862,
        "6,1": 40.80328786966702,
        "6,2": 82.74142521981496,
        "6,3": 69.02461864115833,
        "6,4": 88.4843857343097,
        "6,5": 16.18870561385745,
        "6,6": 0.0,
        "6,7": 5.767632921833332,
        "6,8": 81.70333946839769,
        "6,9": 68.86584611577638,
        "6,10": 36.84648123065462,
        "6,11": 72.3733519453455,
        "6,12": 81.52204303516605,
        "6,13": 59.212052533559515,
        "6,14": 34.81293054274761,
        "6,15": 63.34988491037107,
        "6,16": 44.887330010333145,
        "6,17": 75.8260452677943,
        "6,18": 53.373095021746714,
        "6,19": 90.62076649168912,
        "6,20": 85.02373966458607,
        "6,21": 33.54857812091193,
        "6,22": 62.56448639727109,
        "6,23": 82.61342648676688,
        "6,24": 92.05920264614446,
        "6,25": 69.83714771369827,
        "6,26": 83.85524872213931,
        "6,27": 34.559956334458406,
        "6,28": 52.27296870143132,
        "6,29": 72.80425327168403,
        "6,30": 55.16093440758457,
        "6,31": 88.19952992820804,
        "6,32": 54.40891154077882,
        "6,33": 72.91168242198253,
        "6,34": 58.905528855778336,
        "6,35": 45.42444599174448,
        "6,36": 5.428892227308085,
        "6,37": 27.488593670757556,
        "6,38": 34.71542625623971,
        "6,39": 80.71683135350547,
        "6,40": 34.350476691243124,
        "6,41": 63.04410265470977,
        "6,42": 43.92947866167444,
        "6,43": 53.7779251361537,
        "6,44": 70.09392583181247,
        "6,45": 92.99436189819734,
        "6,46": 22.059993058554724,
        "6,47": 29.45182507122019,
        "6,48": 71.83228956803578,
        "6,49": 67.07563989931128,
        "6,50": 83.25693047553293,
        "7,0": 35.738893133964545,
        "7,1": 40.43394460420734,
        "7,2": 78.39386134144101,
        "7,3": 63.834838454286945,
        "7,4": 82.94217818747637,
        "7,5": 18.415194165331403,
        "7,6": 5.767632921833332,
        "7,7": 0.0,
        "7,8": 76.53974221568976,
        "7,9": 63.38443937693261,
        "7,10": 31.43497215442068,
        "7,11": 68.32604364572065,
        "7,12": 76.43159259597171,
        "7,13": 53.88317676742778,
        "7,14": 33.402325152079946,
        "7,15": 60.2853924714826,
        "7,16": 40.05944960584983,
        "7,17": 70.45374859531567,
        "7,18": 48.63506520717884,
        "7,19": 85.71697013780198,
        "7,20": 79.33660631810123,
        "7,21": 30.616532878890997,
        "7,22": 56.8058326578343,
        "7,23": 78.42230184046306,
        "7,24": 86.79049117278342,
        "7,25": 64.09235409644914,
        "7,26": 79.3211851295671,
        "7,27": 36.59638370976446,
        "7,28": 46.51321170266567,
        "7,29": 67.83661973310844,
        "7,30": 49.896141410605374,
        "7,31": 82.77711654880514,
        "7,32": 49.732760017516604,
        "7,33": 67.24467852316712,
        "7,34": 54.40677589450776,
        "7,35": 41.320833628718695,
        "7,36": 9.260151362125258,
        "7,37": 25.98869072213408,
        "7,38": 28.956150220479497,
        "7,39": 75.55948759376695,
        "7,40": 28.780097395416533,
        "7,41": 57.57377448390989,
        "7,42": 38.63430847130526,
        "7,43": 51.98026670280513,
        "7,44": 64.8844508861381,
        "7,45": 88.0306918551962,
        "7,46": 18.35693497993416,
        "7,47": 31.25576792597987,
        "7,48": 67.16620476516147,
        "7,49": 61.33410621783145,
        "7,50": 77.4946366746694,
        "8,0": 41.521285625924975,
        "8,1": 68.43247075210571,
        "8,2": 20.365270495781978,
        "8,3": 12.715667587369031,
        "8,4": 16.291207309221353,
        "8,5": 92.76771064401366,
        "8,6": 81.70333946839769,
        "8,7": 76.53974221568976,
        "8,8": 0.0,
        "8,9": 16.70926803567415,
        "8,10": 45.34235970069137,
        "8,11": 26.10508091684091,
        "8,12": 72.34152709988909,
        "8,13": 59.79498224156124,
        "8,14": 92.4877464698538,
        "8,15": 41.65534106787887,
        "8,16": 37.28106048171848,
        "8,17": 61.877737238311504,
        "8,18": 29.590674816362757,
        "8,19": 11.900798850439394,
        "8,20": 49.95280402644127,
        "8,21": 55.06825742411022,
        "8,22": 40.158097521850976,
        "8,23": 23.538230282915045,
        "8,24": 10.913339619223622,
        "8,25": 41.38205708997525,
        "8,26": 16.581490227189285,
        "8,27": 83.4223315774206,
        "8,28": 39.09916956338555,
        "8,29": 71.66648439634804,
        "8,30": 61.09421814734488,
        "8,31": 65.04531654045772,
        "8,32": 29.016917455735637,
        "8,33": 48.289855318459274,
        "8,34": 26.644084710280193,
        "8,35": 76.85267171901273,
        "8,36": 81.50650024230207,
        "8,37": 88.25571580542758,
        "8,38": 51.46067586590451,
        "8,39": 70.19161136200314,
        "8,40": 48.59243736168194,
        "8,41": 21.125287535873596,
        "8,42": 61.17327107507151,
        "8,43": 56.37063318600922,
        "8,44": 64.92026072952042,
        "8,45": 12.940720489901624,
        "8,46": 61.184547234999386,
        "8,47": 102.66188121412164,
        "8,48": 15.642107965817804,
        "8,49": 29.94279402534202,
        "8,50": 33.15171222547894,
        "9,0": 27.64556447504256,
        "9,1": 63.438034998595136,
        "9,2": 32.4248843037778,
        "9,3": 8.945059511739839,
        "9,4": 19.77421905630796,
        "9,5": 78.42438142814002,
        "9,6": 68.86584611577638,
        "9,7": 63.38443937693261,
        "9,8": 16.70926803567415,
        "9,9": 0.0,
        "9,10": 32.038586574980094,
        "9,11": 32.45600916806001,
        "9,12": 58.065166830669234,
        "9,13": 43.4693970627164,
        "9,14": 76.37632976939568,
        "9,15": 43.687629984086044,
        "9,16": 27.417172079715733,
        "9,17": 47.439279667542934,
        "9,18": 22.597837083098163,
        "9,19": 28.537599812865132,
        "9,20": 38.75973044736606,
        "9,21": 47.05213545059859,
        "9,22": 24.098254393189254,
        "9,23": 34.99659149734066,
        "9,24": 24.599509816266036,
        "9,25": 26.77971455830022,
        "9,26": 29.871233473207432,
        "9,27": 76.45499273420936,
        "9,28": 22.49213038769168,
        "9,29": 56.298842980010214,
        "9,30": 44.53587080238422,
        "9,31": 52.67029945572871,
        "9,32": 22.87172705969009,
        "9,33": 34.10902509925033,
        "9,34": 23.84492065472646,
        "9,35": 60.16835283028783,
        "9,36": 69.47428136673574,
        "9,37": 72.52624158858707,
        "9,38": 36.32546422393275,
        "9,39": 55.953690030769344,
        "9,40": 34.653268477175125,
        "9,41": 5.82959151623636,
        "9,42": 44.51999752218346,
        "9,43": 55.01506266105047,
        "9,44": 49.52615278044776,
        "9,45": 29.627567571328065,
        "9,46": 50.141178406501496,
        "9,47": 87.51323735183304,
        "9,48": 21.316561902116447,
        "9,49": 14.497338150942372,
        "9,50": 24.435446074254056,
        "10,0": 4.653969775502172,
        "10,1": 41.08361947366222,
        "10,2": 50.16057341163634,
        "10,3": 32.63357666977552,
        "10,4": 51.7290218648899,
        "10,5": 47.48885331659395,
        "10,6": 36.84648123065462,
        "10,7": 31.43497215442068,
        "10,8": 45.34235970069137,
        "10,9": 32.038586574980094,
        "10,10": 0.0,
        "10,11": 42.0485190599826,
        "10,12": 61.70770123466931,
        "10,13": 39.01767098608894,
        "10,14": 50.60944399031234,
        "10,15": 40.55241725896916,
        "10,16": 11.945617891538692,
        "10,17": 52.671341565780985,
        "10,18": 19.888690302309985,
        "10,19": 55.15078136760163,
        "10,20": 55.21201536079191,
        "10,21": 22.252930832303687,
        "10,22": 31.422170280202618,
        "10,23": 50.9336648210746,
        "10,24": 55.41366386985736,
        "10,25": 38.93160976724257,
        "10,26": 50.22779364337151,
        "10,27": 49.46720564977404,
        "10,28": 19.58443627523187,
        "10,29": 55.38470807351369,
        "10,30": 36.806553082197276,
        "10,31": 63.30996982090282,
        "10,32": 21.263443751887845,
        "10,33": 44.39044940564243,
        "10,34": 26.58343726332647,
        "10,35": 42.19528059595185,
        "10,36": 37.51807921087076,
        "10,37": 45.0607301423101,
        "10,38": 10.065428835155885,
        "10,39": 60.12533795547123,
        "10,40": 3.935132465389478,
        "10,41": 26.211101595838063,
        "10,42": 28.698438541065023,
        "10,43": 41.43102794619043,
        "10,44": 49.93661666831665,
        "10,45": 57.27241090279888,
        "10,46": 19.388794402179993,
        "10,47": 57.98443948413687,
        "10,48": 37.802766013684376,
        "10,49": 32.38255152986629,
        "10,50": 48.97933394880976,
        "11,0": 40.503861475404406,
        "11,1": 47.749526973221684,
        "11,2": 11.711642531467367,
        "11,3": 23.548424511468248,
        "11,4": 42.23480789516443,
        "11,5": 86.44534999149545,
        "11,6": 72.3733519453455,
        "11,7": 68.32604364572065,
        "11,8": 26.10508091684091,
        "11,9": 32.45600916806001,
        "11,10": 42.0485190599826,
        "11,11": 0.0,
        "11,12": 89.52467982562989,
        "11,13": 71.7410966102374,
        "11,14": 92.61346271879871,
        "11,15": 16.67148191587072,
        "11,16": 30.234405321995872,
        "11,17": 78.9315641334508,
        "11,18": 22.326455157388295,
        "11,19": 25.861725103367423,
        "11,20": 71.18365616628024,
        "11,21": 40.022616133762284,
        "11,22": 54.37365825980777,
        "11,23": 10.51910803307496,
        "11,24": 35.112240850924366,
        "11,25": 58.646163082524744,
        "11,26": 14.77537579734492,
        "11,27": 64.19305749238494,
        "11,28": 47.502205707797536,
        "11,29": 86.50643041583086,
        "11,30": 71.51089729807943,
        "11,31": 85.04686325817728,
        "11,32": 20.904240110710663,
        "11,33": 66.04170136652833,
        "11,34": 15.555732329493672,
        "11,35": 82.58884455302835,
        "11,36": 70.4992755745796,
        "11,37": 86.81209249264492,
        "11,38": 51.46645422213356,
        "11,39": 87.47326392086009,
        "11,40": 45.98286670080921,
        "11,41": 31.96194490984132,
        "11,42": 67.38447725577319,
        "11,43": 32.88508633437723,
        "11,44": 79.8614810909286,
        "11,45": 28.809390367528493,
        "11,46": 50.31367041130184,
        "11,47": 98.33915916165206,
        "11,48": 11.525652246071019,
        "11,49": 46.32678738029203,
        "11,50": 55.95231429531024,
        "12,0": 58.85282491212949,
        "12,1": 102.54300589024855,
        "12,2": 90.46058533078336,
        "12,3": 66.8025507236957,
        "12,4": 62.12484438507213,
        "12,5": 79.31578289541778,
        "12,6": 81.52204303516605,
        "12,7": 76.43159259597171,
        "12,8": 72.34152709988909,
        "12,9": 58.065166830669234,
        "12,10": 61.70770123466931,
        "12,11": 89.52467982562989,
        "12,12": 0.0,
        "12,13": 23.346503822422502,
        "12,14": 61.50262849319246,
        "12,15": 96.71746982487787,
        "12,16": 69.29017528017427,
        "12,17": 10.63193752831247,
        "12,18": 71.74988139864801,
        "12,19": 83.6599935427155,
        "12,20": 26.026964055408197,
        "12,21": 83.82680149137936,
        "12,22": 35.261517574897425,
        "12,23": 93.06139878372002,
        "12,24": 74.44026746767605,
        "12,25": 31.30232761642587,
        "12,26": 87.67845132942914,
        "12,27": 108.20068140643227,
        "12,28": 44.60857108814829,
        "12,29": 9.244933136490404,
        "12,30": 26.821113078743114,
        "12,31": 13.328019208356581,
        "12,32": 72.91946926372455,
        "12,33": 24.098371403134085,
        "12,34": 76.87114272954481,
        "12,35": 39.41769339948538,
        "12,36": 85.6716436305974,
        "12,37": 63.78443965416043,
        "12,38": 54.257420955135636,
        "12,39": 2.1541169595779768,
        "12,40": 59.88481352687054,
        "12,41": 57.57119136665182,
        "12,42": 37.99189612318509,
        "12,43": 102.22409218366728,
        "12,44": 11.967207763934207,
        "12,45": 83.57995529621857,
        "12,46": 77.25430886276682,
        "12,47": 79.64262336986585,
        "12,48": 79.07881728204983,
        "12,49": 43.58695457372719,
        "12,50": 41.922687298075516,
        "13,0": 36.68085105722332,
        "13,1": 79.45645394131684,
        "13,2": 74.99527739159772,
        "13,3": 51.11713477284697,
        "13,4": 54.415250359844855,
        "13,5": 59.21642342161794,
        "13,6": 59.212052533559515,
        "13,7": 53.88317676742778,
        "13,8": 59.79498224156124,
        "13,9": 43.4693970627164,
        "13,10": 39.01767098608894,
        "13,11": 71.7410966102374,
        "13,12": 23.346503822422502,
        "13,13": 0.0,
        "13,14": 45.347046281991446,
        "13,15": 76.42154464744009,
        "13,16": 47.79849715523959,
        "13,17": 16.645145931317245,
        "13,18": 51.68873806582292,
        "13,19": 71.68856620971889,
        "13,20": 29.85985817111668,
        "13,21": 60.86287745161802,
        "13,22": 19.700808861138626,
        "13,23": 77.13963196403974,
        "13,24": 65.01729571286826,
        "13,25": 21.308539742413874,
        "13,26": 72.97645513617665,
        "13,27": 84.859589557401,
        "13,28": 24.356791189594038,
        "13,29": 16.36777227129849,
        "13,30": 4.301010650263035,
        "13,31": 29.111055094351986,
        "13,32": 52.997259674070236,
        "13,33": 18.69605418433778,
        "13,34": 57.57949983131403,
        "13,35": 23.12842025857443,
        "13,36": 63.03705704017433,
        "13,37": 45.47425262718082,
        "13,38": 31.01404625708081,
        "13,39": 22.111440778074666,
        "13,40": 36.86309987726065,
        "13,41": 40.99669468773154,
        "13,42": 15.287005558998429,
        "13,43": 80.19229480132594,
        "13,44": 11.38707003616749,
        "13,45": 72.3745432287468,
        "13,46": 53.91453303795943,
        "13,47": 62.1460446177426,
        "13,48": 62.547770909878146,
        "13,49": 30.057340195298234,
        "13,50": 37.61831672452772,
        "14,0": 52.81352187039453,
        "14,1": 73.6105366483853,
        "14,2": 100.58277881581901,
        "14,3": 80.48536905507034,
        "14,4": 93.2230970650637,
        "14,5": 22.847600023059353,
        "14,6": 34.81293054274761,
        "14,7": 33.402325152079946,
        "14,8": 92.4877464698538,
        "14,9": 76.37632976939568,
        "14,10": 50.60944399031234,
        "14,11": 92.61346271879871,
        "14,12": 61.50262849319246,
        "14,13": 45.347046281991446,
        "14,14": 0.0,
        "14,15": 88.71729791979189,
        "14,16": 62.384502751043115,
        "14,17": 60.122344551718406,
        "14,18": 70.49085710711407,
        "14,19": 103.60321332476461,
        "14,20": 75.20462882213565,
        "14,21": 60.99191233297376,
        "14,22": 59.198267399778054,
        "14,23": 101.4981859310578,
        "14,24": 100.91905791026413,
        "14,25": 64.30336088292619,
        "14,26": 100.30124998199983,
        "14,27": 69.35572413324218,
        "14,28": 54.24031902867837,
        "14,29": 52.29702983982177,
        "14,30": 41.25258237683281,
        "14,31": 72.131825637349,
        "14,32": 71.87175431897019,
        "14,33": 63.7115040397662,
        "14,34": 77.19160718661192,
        "14,35": 22.660545666987375,
        "14,36": 40.236422453460904,
        "14,37": 7.416416978175633,
        "14,38": 41.84594872599668,
        "14,39": 61.561001079387474,
        "14,40": 46.689047540440534,
        "14,41": 71.38469576169837,
        "14,42": 33.91535362844957,
        "14,43": 83.5212116535153,
        "14,44": 52.76920923146384,
        "14,45": 105.27455378235572,
        "14,46": 48.50978400542396,
        "14,47": 18.33559345564601,
        "14,48": 87.94760976076648,
        "14,49": 67.9196421709009,
        "14,50": 80.64601994216595,
        "15,0": 40.88246844112515,
        "15,1": 32.493761876312874,
        "15,2": 27.891856543812324,
        "15,3": 35.64791684251754,
        "15,4": 57.182403970835104,
        "15,5": 78.69585760072059,
        "15,6": 63.34988491037107,
        "15,7": 60.2853924714826,
        "15,8": 41.65534106787887,
        "15,9": 43.687629984086044,
        "15,10": 40.55241725896916,
        "15,11": 16.67148191587072,
        "15,12": 96.71746982487787,
        "15,13": 76.42154464744009,
        "15,14": 88.71729791979189,
        "15,15": 0.0,
        "15,16": 29.25470255955115,
        "15,17": 86.43307564008775,
        "15,18": 24.97432600335686,
        "15,19": 42.53282329725538,
        "15,20": 81.70876958957723,
        "15,21": 29.80476928235351,
        "15,22": 61.73329688335759,
        "15,23": 25.834962439641725,
        "15,24": 51.38211117522136,
        "15,25": 67.38279316157248,
        "15,26": 31.351655802360685,
        "15,27": 49.27462299495294,
        "15,28": 52.39618477393051,
        "15,29": 92.27546103173663,
        "15,30": 75.26262058917335,
        "15,31": 94.28324235832102,
        "15,32": 23.800971376347377,
        "15,33": 74.60180680190152,
        "15,34": 20.359449270566962,
        "15,35": 82.74707282496105,
        "15,36": 60.472894741167394,
        "15,37": 82.16697889752142,
        "15,38": 50.61777803814145,
        "15,39": 94.80010832615673,
        "15,40": 44.22558106533868,
        "15,41": 41.19277480457825,
        "15,42": 68.82237731480524,
        "15,43": 16.503606001534468,
        "15,44": 85.97651019349578,
        "15,45": 45.4807365481974,
        "15,46": 41.97893799069776,
        "15,47": 91.40987052740557,
        "15,48": 26.05425716945252,
        "15,49": 55.690078421999665,
        "15,50": 68.11118713194266,
        "16,0": 11.627859213171613,
        "16,1": 37.19355035041863,
        "16,2": 38.955003801677734,
        "16,3": 24.899228308292106,
        "16,4": 46.81327356459396,
        "16,5": 57.43181770334007,
        "16,6": 44.887330010333145,
        "16,7": 40.05944960584983,
        "16,8": 37.28106048171848,
        "16,9": 27.417172079715733,
        "16,10": 11.945617891538692,
        "16,11": 30.234405321995872,
        "16,12": 69.29017528017427,
        "16,13": 47.79849715523959,
        "16,14": 62.384502751043115,
        "16,15": 29.25470255955115,
        "16,16": 0.0,
        "16,17": 59.48630918470431,
        "16,18": 8.63364743187033,
        "16,19": 45.73470921331975,
        "16,20": 58.54002463547217,
        "16,21": 19.725009135072593,
        "16,22": 35.78566641707146,
        "16,23": 39.46077628683901,
        "16,24": 47.981864276835914,
        "16,25": 42.64703904012731,
        "16,26": 39.466671350229205,
        "16,27": 49.14171046651504,
        "16,28": 24.78642090156297,
        "16,29": 63.97651418774724,
        "16,30": 46.29294356101656,
        "16,31": 68.87610363253766,
        "16,32": 9.847901743325098,
        "16,33": 49.19291423863187,
        "16,34": 14.96894124401347,
        "16,35": 53.799251105120184,
        "16,36": 44.312401588394934,
        "16,37": 56.60766619087582,
        "16,38": 21.804848516711424,
        "16,39": 67.51401594830935,
        "16,40": 15.864476452674868,
        "16,41": 22.030701620876343,
        "16,42": 39.57702512447787,
        "16,43": 33.045372779315045,
        "16,44": 57.983172710863634,
        "16,45": 48.13289521155353,
        "16,46": 23.903717881809854,
        "16,47": 68.71086249351654,
        "16,48": 27.17087845849948,
        "16,49": 33.111868061225316,
        "16,50": 48.904286155110746,
        "17,0": 49.47800661207415,
        "17,1": 93.73298949983473,
        "17,2": 79.84344136446198,
        "17,3": 56.17061367692982,
        "17,4": 52.282785651565064,
        "17,5": 75.58903421707019,
        "17,6": 75.8260452677943,
        "17,7": 70.45374859531567,
        "17,8": 61.877737238311504,
        "17,9": 47.439279667542934,
        "17,10": 52.671341565780985,
        "17,11": 78.9315641334508,
        "17,12": 10.63193752831247,
        "17,13": 16.645145931317245,
        "17,14": 60.122344551718406,
        "17,15": 86.43307564008775,
        "17,16": 59.48630918470431,
        "17,17": 0.0,
        "17,18": 61.50174945926345,
        "17,19": 73.29979757395606,
        "17,20": 18.260488990896288,
        "17,21": 74.91739009322198,
        "17,22": 24.78215841611712,
        "17,23": 82.43427964764412,
        "17,24": 64.39920900120279,
        "17,25": 20.69280755822121,
        "17,26": 77.09059451015771,
        "17,27": 100.41380428403122,
        "17,28": 34.70187805650758,
        "17,29": 11.837199073178448,
        "17,30": 20.830182939526928,
        "17,31": 12.502287919521953,
        "17,32": 62.63618863183451,
        "17,33": 13.588731480666098,
        "17,34": 66.45943155193214,
        "17,35": 37.46255452170361,
        "17,36": 79.56700119984453,
        "17,37": 61.1800476495274,
        "17,38": 46.05572836283705,
        "17,39": 8.546294014054268,
        "17,40": 51.22331490461168,
        "17,41": 46.97118998610179,
        "17,42": 31.922773650833538,
        "17,43": 92.51811279624195,
