{
    "num_robots": 7,
    "num_tasks": 50,
    "num_nodes": 51,
    "robot_capacity": [
        77,
        107,
        108,
        81,
        87,
        92,
        90
    ],
    "robot_speed": [
        1.03,
        0.98,
        0.93,
        1.19,
        0.86,
        0.99,
        1.14
    ],
    "task_demand": {
        "0": 0,
        "1": 6,
        "2": 13,
        "3": 10,
        "4": 5,
        "5": 13,
        "6": 7,
        "7": 5,
        "8": 5,
        "9": 14,
        "10": 14,
        "11": 6,
        "12": 13,
        "13": 14,
        "14": 12,
        "15": 14,
        "16": 9,
        "17": 6,
        "18": 10,
        "19": 5,
        "20": 10,
        "21": 11,
        "22": 7,
        "23": 9,
        "24": 9,
        "25": 14,
        "26": 5,
        "27": 12,
        "28": 14,
        "29": 5,
        "30": 8,
        "31": 13,
        "32": 13,
        "33": 15,
        "34": 5,
        "35": 14,
        "36": 9,
        "37": 10,
        "38": 14,
        "39": 9,
        "40": 14,
        "41": 6,
        "42": 11,
        "43": 6,
        "44": 12,
        "45": 10,
        "46": 11,
        "47": 14,
        "48": 11,
        "49": 10,
        "50": 10
    },
    "task_service_time": {
        "0": 0,
        "1": 24,
        "2": 87,
        "3": 94,
        "4": 69,
        "5": 92,
        "6": 42,
        "7": 59,
        "8": 86,
        "9": 73,
        "10": 91,
        "11": 33,
        "12": 13,
        "13": 93,
        "14": 38,
        "15": 34,
        "16": 57,
        "17": 41,
        "18": 39,
        "19": 78,
        "20": 77,
        "21": 100,
        "22": 92,
        "23": 75,
        "24": 75,
        "25": 26,
        "26": 63,
        "27": 51,
        "28": 68,
        "29": 75,
        "30": 50,
        "31": 67,
        "32": 63,
        "33": 26,
        "34": 37,
        "35": 67,
        "36": 22,
        "37": 39,
        "38": 16,
        "39": 72,
        "40": 61,
        "41": 35,
        "42": 66,
        "43": 61,
        "44": 35,
        "45": 46,
        "46": 79,
        "47": 54,
        "48": 15,
        "49": 31,
        "50": 98
    },
    "task_precedence": [],
    "coordinates": {
        "0": [
            50.0,
            50.0
        ],
        "1": [
            18.514006803358495,
            69.87965595855655
        ],
        "2": [
            4.275430626009491,
            44.82735315665495
        ],
        "3": [
            87.25907621078849,
            61.94616768939477
        ],
        "4": [
            57.982996588199455,
            13.330603590819234
        ],
        "5": [
            18.668544392743613,
            88.39221740203504
        ],
        "6": [
            45.3486447885041,
            76.02150963509519
        ],
        "7": [
            53.438745636766484,
            89.35033539729858
        ],
        "8": [
            1.1382735731616966,
            33.152428672725165
        ],
        "9": [
            41.624408615409294,
            69.34214605610356
        ],
        "10": [
            47.32065790574729,
            99.36582021189624
        ],
        "11": [
            78.10792629515181,
            99.07180237116518
        ],
        "12": [
            79.63600164371807,
            87.57010987279278
        ],
        "13": [
            77.74235195371195,
            19.75374484894754
        ],
        "14": [
            69.32482963553223,
            24.820313015087294
        ],
        "15": [
            61.38203117089008,
            23.453574571954793
        ],
        "16": [
            35.29648176744832,
            43.50679489750932
        ],
        "17": [
            49.24873603623428,
            15.34014551227898
        ],
        "18": [
            1.7336709023530572,
            26.320583552136977
        ],
        "19": [
            61.50534408652679,
            62.372631506724694
        ],
        "20": [
            23.98262579051339,
            14.00864844789581
        ],
        "21": [
            32.96984666014754,
            28.506180336724583
        ],
        "22": [
            5.317469367825156,
            83.77619623030806
        ],
        "23": [
            2.4437485843319284,
            33.43224330896114
        ],
        "24": [
            51.53330466713856,
            63.00092368773193
        ],
        "25": [
            84.67881792199623,
            94.91234314468106
        ],
        "26": [
            40.60952734472297,
            11.723506689278517
        ],
        "27": [
            42.011823104942025,
            66.92497763000512
        ],
        "28": [
            21.991449191867485,
            24.907987122210073
        ],
        "29": [
            19.070041974479157,
            47.1607894303498
        ],
        "30": [
            82.06169869868567,
            43.74049219917821
        ],
        "31": [
            71.15793106114266,
            98.72553692703184
        ],
        "32": [
            60.49216040353538,
            13.326040611711088
        ],
        "33": [
            92.85317069911163,
            75.33294154379585
        ],
        "34": [
            70.2899607430237,
            40.990063481218264
        ],
        "35": [
            4.81089088822687,
            87.74415942227364
        ],
        "36": [
            98.68796708222229,
            8.46801511576819
        ],
        "37": [
            70.98315927775256,
            32.41853896440205
        ],
        "38": [
            30.393167255995035,
            95.16142292266969
        ],
        "39": [
            99.86105063271766,
            99.53083097112592
        ],
        "40": [
            0.7375797535693174,
            65.6690776154569
        ],
        "41": [
            15.300913929104576,
            37.22366891701343
        ],
        "42": [
            69.61444142066583,
            59.586105200162045
        ],
        "43": [
            62.59684367371352,
            62.26786341619539
        ],
        "44": [
            48.674395956174145,
            35.94218876559266
        ],
        "45": [
            82.357435632954,
            17.530493959147375
        ],
        "46": [
            72.14024158159546,
            85.18336048715777
        ],
        "47": [
            14.458943953084823,
            7.581811501235791
        ],
        "48": [
            94.27498697978483,
            14.412704964651713
        ],
        "49": [
            27.628427464937346,
            36.01315778105424
        ],
        "50": [
            88.61552839011367,
            77.3968323333578
        ]
    },
    "distance_matrix_str_keys": {
        "0,0": 0.0,
        "0,1": 37.23665517483449,
        "0,2": 46.016220181614635,
        "0,3": 39.127352102391036,
        "0,4": 37.52829422636797,
        "0,5": 49.55423763427907,
        "0,6": 26.43395674114758,
        "0,7": 39.50030211826575,
        "0,8": 51.684707303406505,
        "0,9": 21.077693068675057,
        "0,10": 49.43847771980138,
        "0,11": 56.55172241911274,
        "0,12": 47.85191479220222,
        "0,13": 41.0423445064508,
        "0,14": 31.740599822632948,
        "0,15": 28.883617096580522,
        "0,16": 16.073430278505914,
        "0,17": 34.66799548074921,
        "0,18": 53.76200598818543,
        "0,19": 16.895412186465695,
        "0,20": 44.41037206896168,
        "0,21": 27.422808143884406,
        "0,22": 56.0121413220698,
        "0,23": 50.359583104744765,
        "0,24": 13.091028986924519,
        "0,25": 56.74274384635049,
        "0,26": 39.41155816324967,
        "0,27": 18.71539040156287,
        "0,28": 37.60436182985846,
        "0,29": 31.05999710430274,
        "0,30": 32.66701641340775,
        "0,31": 53.120956275424945,
        "0,32": 38.14531068358705,
        "0,33": 49.781042237267165,
        "0,34": 22.200483396221795,
        "0,35": 58.87849482459402,
        "0,36": 63.99549911535671,
        "0,37": 27.37518484726235,
        "0,38": 49.23395180819452,
        "0,39": 70.28106136711854,
        "0,40": 51.694352127240705,
        "0,41": 36.97649537337872,
        "0,42": 21.8316221374708,
        "0,43": 17.58354183145141,
        "0,44": 14.12017290203051,
        "0,45": 45.83963855963227,
        "0,46": 41.56993086908737,
        "0,47": 55.339582402170855,
        "0,48": 56.80431356854021,
        "0,49": 26.38406740722994,
        "0,50": 47.347074405392725,
        "1,0": 37.23665517483449,
        "1,1": 0.0,
        "1,2": 28.815879775504644,
        "1,3": 69.20133527576832,
        "1,4": 68.9608329294606,
        "1,5": 18.513206450129037,
        "1,6": 27.5285336038415,
        "1,7": 39.985556647219596,
        "1,8": 40.630103733464466,
        "1,9": 23.116651764684175,
        "1,10": 41.22204543820799,
        "1,11": 66.3597517518678,
        "1,12": 63.63057765694618,
        "1,13": 77.59255011802242,
        "1,14": 67.91232659377619,
        "1,15": 63.19057323755382,
        "1,16": 31.25986670581951,
        "1,17": 62.60336876508971,
        "1,18": 46.67946509824502,
        "1,19": 43.64184342480892,
        "1,20": 56.138002047480995,
        "1,21": 43.826199823797815,
        "1,22": 19.164092251182787,
        "1,23": 39.83298994647626,
        "1,24": 33.72819279283601,
        "1,25": 70.7419087820181,
        "1,26": 62.21213487595815,
        "1,27": 23.682852340209703,
        "1,28": 45.10591539356469,
        "1,29": 22.725669878751567,
        "1,30": 68.71364513153868,
        "1,31": 60.02888979572053,
        "1,32": 70.43065233603191,
        "1,33": 74.53891341033773,
        "1,34": 59.29045420528514,
        "1,35": 22.514792243960265,
        "1,36": 100.99135377744206,
        "1,37": 64.46973900855303,
        "1,38": 27.933531711675954,
        "1,39": 86.58252548523691,
        "1,40": 18.268287512513485,
        "1,41": 32.81367787182677,
        "1,42": 52.12687987299207,
        "1,43": 44.73517511138497,
        "1,44": 45.402651390891045,
        "1,45": 82.56160225407457,
        "1,46": 55.76716263886232,
        "1,47": 62.42968011089117,
        "1,48": 93.89520099479581,
        "1,49": 35.07153208519672,
        "1,50": 70.50341317573334,
        "2,0": 46.016220181614635,
        "2,1": 28.815879775504644,
        "2,2": 0.0,
        "2,3": 84.73098161562012,
        "2,4": 62.261929578161634,
        "2,5": 45.880923275589694,
        "2,6": 51.576005274154014,
        "2,7": 66.32742638190925,
        "2,8": 12.089070108147103,
        "2,9": 44.67573421618862,
        "2,10": 69.47903266669681,
        "2,11": 91.61712551329853,
        "2,12": 86.63809159838439,
        "2,13": 77.62779375287664,
        "2,14": 68.05663793287466,
        "2,15": 60.97542321936227,
        "2,16": 31.049146333443066,
        "2,17": 53.778189019191586,
        "2,18": 18.680499556690457,
        "2,19": 59.85899921548743,
        "2,20": 36.58095271008587,
        "2,21": 33.011364615208386,
        "2,22": 38.962779951069976,
        "2,23": 11.541385858847825,
        "2,24": 50.63186076706297,
        "2,25": 94.72703368505275,
        "2,26": 49.1531406453388,
        "2,27": 43.7303135672412,
        "2,28": 26.657802929724372,
        "2,29": 14.97749811536167,
        "2,30": 77.79386073087727,
        "2,31": 85.89693288005635,
        "2,32": 64.4410847125776,
        "2,33": 93.68354689754071,
        "2,34": 66.12596296934652,
        "2,35": 42.92014652506514,
        "2,36": 101.1717772052423,
        "2,37": 67.85204294295374,
        "2,38": 56.70674338985909,
        "2,39": 110.13210811141829,
        "2,40": 21.13986440855875,
        "2,41": 13.393180954612738,
        "2,42": 66.98512591244375,
        "2,43": 60.87329971337218,
        "2,44": 45.27929183021047,
        "2,45": 82.71588739748283,
        "2,46": 78.95720292473017,
        "2,47": 38.612618622521374,
        "2,48": 94.99984720261243,
        "2,49": 24.961019640195698,
        "2,50": 90.41030397416176,
        "3,0": 39.127352102391036,
        "3,1": 69.20133527576832,
        "3,2": 84.73098161562012,
        "3,3": 0.0,
        "3,4": 56.74999480784892,
        "3,5": 73.51227516874762,
        "3,6": 44.210852885806176,
        "3,7": 43.52933686491268,
        "3,8": 90.80678418218073,
        "3,9": 46.23011337366129,
        "3,10": 54.72940390332422,
        "3,11": 38.236844735186125,
        "3,12": 26.73383023199706,
        "3,13": 43.25238242839719,
        "3,14": 41.23064740602419,
        "3,15": 46.38212139285695,
        "3,16": 55.137298539565506,
        "3,17": 60.14072882297935,
        "3,18": 92.64867618208578,
        "3,19": 25.757262853721876,
        "3,20": 79.38460133312138,
        "3,21": 63.76169068766079,
        "3,22": 84.79962899744235,
        "3,23": 89.48007422860273,
        "3,24": 35.7413382878299,
        "3,25": 33.06699951591619,
        "3,26": 68.54557671608018,
        "3,27": 45.52035217404687,
        "3,28": 75.04458645637516,
        "3,29": 69.7735752297645,
        "3,30": 18.933022818831226,
        "3,31": 40.14933220675542,
        "3,32": 55.50121204877139,
        "3,33": 14.508604597726267,
        "3,34": 26.964962142422664,
        "3,35": 86.39004364180605,
        "3,36": 54.68576002250701,
        "3,37": 33.71626210201986,
        "3,38": 65.85578775981998,
        "3,39": 39.64109828614827,
        "3,40": 86.60155545666696,
        "3,41": 76.08665496989308,
        "3,42": 17.80177046896995,
        "3,43": 24.664330557576484,
        "3,44": 46.52939361543808,
        "3,45": 44.6853236898432,
        "3,46": 27.722667434164684,
        "3,47": 90.85891525047042,
        "3,48": 48.04844516238852,
        "3,49": 65.02565088299515,
        "3,50": 15.510093502458503,
        "4,0": 37.52829422636797,
        "4,1": 68.9608329294606,
        "4,2": 62.261929578161634,
        "4,3": 56.74999480784892,
        "4,4": 0.0,
        "4,5": 84.73412547122255,
        "4,6": 63.95136078341648,
        "4,7": 76.15543211510683,
        "4,8": 60.20155549679791,
        "4,9": 58.351489182401025,
        "4,10": 86.69339055092354,
        "4,11": 88.07136858253408,
        "4,12": 77.33276744644216,
        "4,13": 20.777123672021528,
        "4,14": 16.14467712677104,
        "4,15": 10.67838834184445,
        "4,16": 37.75288699543545,
        "4,17": 8.962453130907809,
        "4,18": 57.72976891957784,
        "4,19": 49.16835805681763,
        "4,20": 34.0071310052517,
        "4,21": 29.25672228555459,
        "4,22": 87.9558939453678,
        "4,23": 59.065082647813874,
        "4,24": 50.087316003219485,
        "4,25": 85.8384943094888,
        "4,26": 17.44764150264915,
        "4,27": 55.92347727998025,
        "4,28": 37.80776763332279,
        "4,29": 51.56257858861047,
        "4,30": 38.788467622456224,
        "4,31": 86.4052865157135,
        "4,32": 2.5091679642800866,
        "4,33": 71.13521599152176,
        "4,34": 30.273868073583223,
        "4,35": 91.45846115067778,
        "4,36": 40.994382415118395,
        "4,37": 23.094447531407262,
        "4,38": 86.3567118127023,
        "4,39": 95.83449593425199,
        "4,40": 77.56515720217568,
        "4,41": 48.91460672232366,
        "4,42": 47.69551276611485,
        "4,43": 49.15427737384491,
        "4,44": 24.452685534365656,
        "4,45": 24.733628077021574,
        "4,46": 73.23418777734454,
        "4,47": 43.90207020487173,
        "4,48": 36.30811906400792,
        "4,49": 37.89324651243075,
        "4,50": 71.01291199413357,
        "5,0": 49.55423763427907,
        "5,1": 18.513206450129037,
        "5,2": 45.880923275589694,
        "5,3": 73.51227516874762,
        "5,4": 84.73412547122255,
        "5,5": 0.0,
        "5,6": 29.4085390283653,
        "5,7": 34.78339955557389,
        "5,8": 57.95467758401107,
        "5,9": 29.830804891831903,
        "5,10": 30.681648707177413,
        "5,11": 60.3911720043021,
        "5,12": 60.97299979859147,
        "5,13": 90.55912242381363,
        "5,14": 81.28619970192966,
        "5,15": 77.72688907552924,
        "5,16": 47.8663708123656,
        "5,17": 79.19440212754121,
        "5,18": 64.34032692589729,
        "5,19": 50.11995868083628,
        "5,20": 74.57315060702015,
        "5,21": 61.569998229100115,
        "5,22": 14.126530210169555,
        "5,23": 57.30482310709988,
        "5,24": 41.53083510332362,
        "5,25": 66.33150270502443,
        "5,26": 79.74646033057138,
        "5,27": 31.713578234964263,
        "5,28": 63.571134884677704,
        "5,29": 41.233382748598345,
        "5,30": 77.54010946889629,
        "5,31": 53.49685229273202,
        "5,32": 85.93105232763257,
        "5,33": 75.32531756426293,
        "5,34": 70.08377003516412,
        "5,35": 13.872798556757667,
        "5,36": 113.0972418702311,
        "5,37": 76.61508734189593,
        "5,38": 13.538424009686967,
        "5,39": 81.95298519132638,
        "5,40": 28.945821367715403,
        "5,41": 51.27924813219903,
        "5,42": 58.52586201130702,
        "5,43": 51.109464376922574,
        "5,44": 60.42645639130473,
        "5,45": 95.27674803803728,
        "5,46": 53.567893023306624,
        "5,47": 80.91997551725721,
        "5,48": 105.77949905884653,
        "5,49": 53.13986631000915,
        "5,50": 70.80592533917506,
        "6,0": 26.43395674114758,
        "6,1": 27.5285336038415,
        "6,2": 51.576005274154014,
        "6,3": 44.210852885806176,
        "6,4": 63.95136078341648,
        "6,5": 29.4085390283653,
        "6,6": 0.0,
        "6,7": 15.59189943317467,
        "6,8": 61.58177510884704,
        "6,9": 7.647472320534916,
        "6,10": 23.427455517847527,
        "6,11": 40.05604224146854,
        "6,12": 36.180008396446475,
        "6,13": 64.9262167227883,
        "6,14": 56.536890391491895,
        "6,15": 54.95868699022408,
        "6,16": 34.03311116939597,
        "6,17": 60.80656760208084,
        "6,18": 66.12448866035422,
        "6,19": 21.15019636716967,
        "6,20": 65.5904087534554,
        "6,21": 49.10133563799665,
        "6,22": 40.77536228841069,
        "6,23": 60.45391405433699,
        "6,24": 14.414772846877066,
        "6,25": 43.63170990687115,
        "6,26": 64.47241593864929,
        "6,27": 9.689234926841129,
        "6,28": 56.19742671879874,
        "6,29": 39.0321167321717,
        "6,30": 48.886730450193475,
        "6,31": 34.374294366226835,
        "6,32": 64.4984333239561,
        "6,33": 47.509515973202014,
        "6,34": 43.00315640944455,
        "6,35": 42.19869677267625,
        "6,36": 86.07298022333073,
        "6,37": 50.580108584391304,
        "6,38": 24.28996889420105,
        "6,39": 59.36573574550389,
        "6,40": 45.796506114248636,
        "6,41": 49.07278853075861,
        "6,42": 29.30787275005218,
        "6,43": 22.060443084815773,
        "6,44": 40.217068294317514,
        "6,45": 69.2159628595327,
        "6,46": 28.31482243912229,
        "6,47": 75.08772135546197,
        "6,48": 78.67294181063242,
        "6,49": 43.75699167071677,
        "6,50": 43.28873674663638,
        "7,0": 39.50030211826575,
        "7,1": 39.985556647219596,
        "7,2": 66.32742638190925,
        "7,3": 43.52933686491268,
        "7,4": 76.15543211510683,
        "7,5": 34.78339955557389,
        "7,6": 15.59189943317467,
        "7,7": 0.0,
        "7,8": 76.76942163582945,
        "7,9": 23.235881734234255,
        "7,10": 11.736308344444765,
        "7,11": 26.515568907342562,
        "7,12": 26.257673644324683,
        "7,13": 73.7180486445748,
        "7,14": 66.45668855325647,
        "7,15": 66.37378151310335,
        "7,16": 49.30285938827266,
        "7,17": 74.12870150804754,
        "7,18": 81.52401100874471,
        "7,19": 28.157885534200904,
        "7,20": 80.8951963269676,
        "7,21": 64.19491436515983,
        "7,22": 48.443041370301614,
        "7,23": 75.67907734095068,
        "7,24": 26.41821725115048,
        "7,25": 31.73134170766062,
        "7,26": 78.67981556440756,
        "7,27": 25.168854354924992,
        "7,28": 71.70598792919013,
        "7,29": 54.41659287683681,
        "7,30": 53.84729555457689,
        "7,31": 20.046544236514634,
        "7,32": 76.35079605032274,
        "7,33": 41.832812879836766,
        "7,34": 51.21210160064297,
        "7,35": 48.65437347975836,
        "7,36": 92.67924134100343,
        "7,37": 59.57378530094246,
        "7,38": 23.766939666936594,
        "7,39": 47.52549727531351,
        "7,40": 57.777286675460125,
        "7,41": 64.58857147908464,
        "7,42": 33.875692366671906,
        "7,43": 28.589002225708622,
        "7,44": 53.6202308323338,
        "7,45": 77.42338313001297,
        "7,46": 19.160105179152794,
        "7,47": 90.5843057015957,
        "7,48": 85.34194198566847,
        "7,49": 59.25392004076903,
        "7,50": 37.152284995351565,
        "8,0": 51.684707303406505,
        "8,1": 40.630103733464466,
        "8,2": 12.089070108147103,
        "8,3": 90.80678418218073,
        "8,4": 60.20155549679791,
        "8,5": 57.95467758401107,
        "8,6": 61.58177510884704,
        "8,7": 76.76942163582945,
        "8,8": 0.0,
        "8,9": 54.303064139585246,
        "8,10": 80.72809821717726,
        "8,11": 101.33948524113563,
        "8,12": 95.51532515482114,
        "8,13": 77.76702098411026,
        "8,14": 68.69374483152781,
        "8,15": 61.0194895124655,
        "8,16": 35.69308178010384,
        "8,17": 51.301988555987094,
        "8,18": 6.857740570429362,
        "8,19": 67.0671563138446,
        "8,20": 29.805179910998504,
        "8,21": 32.16887733185461,
        "8,22": 50.79597936071629,
        "8,23": 1.3351259249380893,
        "8,24": 58.57125415785271,
        "8,25": 103.89085419652153,
        "8,26": 44.91301116237513,
        "8,27": 53.02105350140424,
        "8,28": 22.42377644074354,
        "8,29": 22.754834411927614,
        "8,30": 81.6131596207774,
        "8,31": 95.9301045598575,
        "8,32": 62.57770805501531,
        "8,33": 100.94958157857882,
        "8,34": 69.59442763490307,
        "8,35": 54.71512756244029,
        "8,36": 100.62436571905702,
        "8,37": 69.84874124271205,
        "8,38": 68.5635775925056,
        "8,39": 118.96335150809735,
        "8,40": 32.51911766948661,
        "8,41": 14.736192825098831,
        "8,42": 73.40112272872075,
        "8,43": 68.00635543172208,
        "8,44": 47.617913568199235,
        "8,45": 82.70790246336858,
        "8,46": 88.02554928285757,
        "8,47": 28.83221673582225,
        "8,48": 95.00328746334193,
        "8,49": 26.644174302109604,
        "8,50": 98.0297779534104,
        "9,0": 21.077693068675057,
        "9,1": 23.116651764684175,
        "9,2": 44.67573421618862,
        "9,3": 46.23011337366129,
        "9,4": 58.351489182401025,
        "9,5": 29.830804891831903,
        "9,6": 7.647472320534916,
        "9,7": 23.235881734234255,
        "9,8": 54.303064139585246,
        "9,9": 0.0,
        "9,10": 30.559258266373046,
        "9,11": 47.06271907677847,
        "9,12": 42.156136794686304,
        "9,13": 61.34749681340481,
        "9,14": 52.43574107442553,
        "9,15": 49.96123138895472,
        "9,16": 26.59902305877082,
        "9,17": 54.537568990148195,
        "9,18": 58.669632652459576,
        "9,19": 21.067171814478126,
        "9,20": 58.077779389352735,
        "9,21": 41.74299388965481,
        "9,22": 39.07090531276718,
        "9,23": 53.14739161784038,
        "9,24": 11.764239120704431,
        "9,25": 50.075114976281554,
        "9,26": 57.62757661465412,
        "9,27": 2.4480182161959347,
        "9,28": 48.57826238029666,
        "9,29": 31.634032881255784,
        "9,30": 47.860412759282205,
        "9,31": 41.660684189369576,
        "9,32": 59.108342276667095,
        "9,33": 51.57786051402222,
        "9,34": 40.31816544827025,
        "9,35": 41.15664203234123,
        "9,36": 83.43805799895202,
        "9,37": 47.17296896651716,
        "9,38": 28.15627532870451,
        "9,39": 65.59621307934343,
        "9,40": 41.05148238671857,
        "9,41": 41.52737586501425,
        "9,42": 29.641563211513272,
        "9,43": 22.133425110996587,
        "9,44": 34.13589706618089,
        "9,45": 65.9061968484607,
        "9,46": 34.38255569719643,
        "9,47": 67.47074473169236,
        "9,48": 76.08762646266821,
        "9,49": 36.14842939607116,
        "9,50": 47.676443960362654,
        "10,0": 49.43847771980138,
        "10,1": 41.22204543820799,
        "10,2": 69.47903266669681,
        "10,3": 54.72940390332422,
        "10,4": 86.69339055092354,
        "10,5": 30.681648707177413,
        "10,6": 23.427455517847527,
        "10,7": 11.736308344444765,
        "10,8": 80.72809821717726,
        "10,9": 30.559258266373046,
        "10,10": 0.0,
        "10,11": 30.788672289851917,
        "10,12": 34.40087532763141,
        "10,13": 85.22653349951405,
        "10,14": 77.72526112367433,
        "10,15": 77.20357022962398,
        "10,16": 57.13852921521656,
        "10,17": 84.04779291571649,
        "10,18": 86.10330994060492,
        "10,19": 39.61945649076509,
        "10,20": 88.49017185292817,
        "10,21": 72.29823197455003,
        "10,22": 44.80294882303555,
        "10,23": 79.75696554820647,
        "10,24": 36.60808779422162,
        "10,25": 37.62267371928625,
        "10,26": 87.8988873251757,
        "10,27": 32.87235912381831,
        "10,28": 78.64818956900946,
        "10,29": 59.358761269068204,
        "10,30": 65.58290197832878,
        "10,31": 23.84587079915115,
        "10,32": 87.04212860275003,
        "10,33": 51.4858133698354,
        "10,34": 62.73211176670054,
        "10,35": 44.069754836995834,
        "10,36": 104.40790881597646,
        "10,37": 71.0060028280091,
        "10,38": 17.441814592040174,
        "10,39": 52.54065184649828,
        "10,40": 57.49307464158279,
        "10,41": 69.90644442314208,
        "10,42": 45.60086084521699,
        "10,43": 40.120072906627435,
        "10,44": 63.43807715044428,
        "10,45": 89.02020229363409,
        "10,46": 28.58590382839517,
        "10,47": 97.48946865638977,
        "10,48": 97.06565205573297,
        "10,49": 66.34262413268095,
        "10,50": 46.7750227870384,
        "11,0": 56.55172241911274,
        "11,1": 66.3597517518678,
        "11,2": 91.61712551329853,
        "11,3": 38.236844735186125,
        "11,4": 88.07136858253408,
        "11,5": 60.3911720043021,
        "11,6": 40.05604224146854,
        "11,7": 26.515568907342562,
        "11,8": 101.33948524113563,
        "11,9": 47.06271907677847,
        "11,10": 30.788672289851917,
        "11,11": 0.0,
        "11,12": 11.602755905301622,
        "11,13": 79.31889997785485,
        "11,14": 74.76915445909475,
        "11,15": 77.44592915835588,
        "11,16": 70.14477769653323,
        "11,17": 88.56547421390948,
        "11,18": 105.47875011801463,
        "11,19": 40.27995628264198,
        "11,20": 100.82305445725808,
        "11,21": 83.76725640871567,
        "11,22": 74.38014645659972,
        "11,23": 100.1679564658035,
        "11,24": 44.80311154001504,
        "11,25": 7.776742108911538,
        "11,26": 95.05711273953055,
        "11,27": 48.33577356841549,
        "11,28": 93.00177683659909,
        "11,29": 78.61440739204633,
        "11,30": 55.472391345313156,
        "11,31": 6.958615775465029,
        "11,32": 87.53656874505246,
        "11,33": 27.9455854458932,
        "11,34": 58.60553709210618,
        "11,35": 74.1671820566319,
        "11,36": 92.91170186698078,
        "11,37": 67.0329756748391,
        "11,38": 47.87472503937761,
        "11,39": 21.757966947791367,
        "11,40": 84.27284583464696,
        "11,41": 88.14710666897341,
        "11,42": 40.38885448231092,
        "11,43": 39.93899856894546,
        "11,44": 69.65400794070938,
        "11,45": 81.65196450273486,
        "11,46": 15.116285218461092,
        "11,47": 111.4522829849641,
        "11,48": 86.1889588338677,
        "11,49": 80.77482565559366,
        "11,50": 24.08763226068295,
        "12,0": 47.85191479220222,
        "12,1": 63.63057765694618,
        "12,2": 86.63809159838439,
        "12,3": 26.73383023199706,
        "12,4": 77.33276744644216,
        "12,5": 60.97299979859147,
        "12,6": 36.180008396446475,
        "12,7": 26.257673644324683,
        "12,8": 95.51532515482114,
        "12,9": 42.156136794686304,
        "12,10": 34.40087532763141,
        "12,11": 11.602755905301622,
        "12,12": 0.0,
        "12,13": 67.84279824856783,
        "12,14": 63.5913301784583,
        "12,15": 66.66436482114324,
        "12,16": 62.510549105484266,
        "12,17": 78.36168491438185,
        "12,18": 99.09731383565214,
        "12,19": 31.042449314843164,
        "12,20": 92.24200155474009,
        "12,21": 75.27468228556168,
        "12,22": 74.41530770190748,
        "12,23": 94.28442357286568,
        "12,24": 37.328360359834136,
        "12,25": 8.907209744655749,
        "12,26": 85.29814130851622,
        "12,27": 42.91620085748373,
        "12,28": 85.14362016606557,
        "12,29": 72.80898742103145,
        "12,30": 43.89668998475518,
        "12,31": 14.011467930433957,
        "12,32": 76.67247536028569,
        "12,33": 18.012269333736338,
        "12,34": 47.508411911562426,
        "12,35": 74.82531318221929,
        "12,36": 81.36411237160556,
        "12,37": 55.82622550982198,
        "12,38": 49.824539860975634,
        "12,39": 23.497052066153845,
        "12,40": 81.88172073602735,
        "12,41": 81.69313085052372,
        "12,42": 29.724336608612177,
        "12,43": 30.50469767227935,
        "12,44": 60.20019322728319,
        "12,45": 70.09246750035798,
        "12,46": 7.866574320423187,
        "12,47": 103.18031171490695,
        "12,48": 74.6076791259672,
        "12,49": 73.23187202954192,
        "12,50": 13.569357998210748,
        "13,0": 41.0423445064508,
        "13,1": 77.59255011802242,
        "13,2": 77.62779375287664,
        "13,3": 43.25238242839719,
        "13,4": 20.777123672021528,
        "13,5": 90.55912242381363,
        "13,6": 64.9262167227883,
        "13,7": 73.7180486445748,
        "13,8": 77.76702098411026,
        "13,9": 61.34749681340481,
        "13,10": 85.22653349951405,
        "13,11": 79.31889997785485,
        "13,12": 67.84279824856783,
        "13,13": 0.0,
        "13,14": 9.82470330133152,
        "13,15": 16.773456295471156,
        "13,16": 48.64009953195639,
        "13,17": 28.83341823574475,
        "13,18": 76.2918276470089,
        "13,19": 45.60712580756967,
        "13,20": 54.06583292431065,
        "13,21": 45.61997761101984,
        "13,22": 96.66559831945467,
        "13,23": 76.53091525324783,
        "13,24": 50.56908776301625,
        "13,25": 75.47800645160552,
        "13,26": 37.99120145958722,
        "13,27": 59.17597395816566,
        "13,28": 55.988653959281095,
        "13,29": 64.75790338627519,
        "13,30": 24.372542024727608,
        "13,31": 79.24581088306611,
        "13,32": 18.408815558834046,
        "13,33": 57.596735570698456,
        "13,34": 22.505985066387833,
        "13,35": 99.70804625003501,
        "13,36": 23.792572133379142,
        "13,37": 14.355615473311975,
        "13,38": 89.04079516720762,
        "13,39": 82.78659493781657,
        "13,40": 89.65463024660325,
        "13,41": 64.83927382015372,
        "13,42": 40.653165446029014,
        "13,43": 45.131327241834015,
        "13,44": 33.27178658138391,
        "13,45": 5.122679170649236,
        "13,46": 65.66900519411955,
        "13,47": 64.44335256327818,
        "13,48": 17.373966960684903,
        "13,49": 52.685614132924,
        "13,50": 58.659624108516894,
        "14,0": 31.740599822632948,
        "14,1": 67.91232659377619,
        "14,2": 68.05663793287466,
        "14,3": 41.23064740602419,
        "14,4": 16.14467712677104,
        "14,5": 81.28619970192966,
        "14,6": 56.536890391491895,
        "14,7": 66.45668855325647,
        "14,8": 68.69374483152781,
        "14,9": 52.43574107442553,
        "14,10": 77.72526112367433,
        "14,11": 74.76915445909475,
        "14,12": 63.5913301784583,
        "14,13": 9.82470330133152,
        "14,14": 0.0,
        "14,15": 8.059529851167365,
        "14,16": 38.8215541133198,
        "14,17": 22.20187176994487,
        "14,18": 67.60780687596782,
        "14,19": 38.3578020531479,
        "14,20": 46.61338370293134,
        "14,21": 36.54135198721065,
        "14,22": 87.02148202672025,
        "14,23": 67.43325845577807,
        "14,24": 42.12240961812418,
        "14,25": 71.75400786011019,
        "14,26": 31.560971493100464,
        "14,27": 50.18767884725071,
        "14,28": 47.33346164156772,
        "14,29": 54.99673235128095,
        "14,30": 22.807915597222443,
        "14,31": 73.92795399787036,
        "14,32": 14.496011308110917,
        "14,33": 55.72350019590854,
        "14,34": 16.198527963725297,
        "14,35": 90.11913636606958,
        "14,36": 33.60939581874818,
        "14,37": 7.777087808370612,
        "14,38": 80.39618199059491,
        "14,39": 80.7101126628412,
        "14,40": 79.8300220202101,
        "14,41": 55.42947506413034,
        "14,42": 34.76699845028174,
        "14,43": 38.047139526460604,
        "14,44": 23.454989476766894,
        "14,45": 14.932859101738643,
        "14,46": 60.42866906147668,
        "14,47": 57.51027165787384,
        "14,48": 27.033842805536427,
        "14,49": 43.17255757917317,
        "14,50": 56.003762749162505,
        "15,0": 28.883617096580522,
        "15,1": 63.19057323755382,
        "15,2": 60.97542321936227,
        "15,3": 46.38212139285695,
        "15,4": 10.67838834184445,
        "15,5": 77.72688907552924,
        "15,6": 54.95868699022408,
        "15,7": 66.37378151310335,
        "15,8": 61.0194895124655,
        "15,9": 49.96123138895472,
        "15,10": 77.20357022962398,
        "15,11": 77.44592915835588,
        "15,12": 66.66436482114324,
        "15,13": 16.773456295471156,
        "15,14": 8.059529851167365,
        "15,15": 0.0,
        "15,16": 32.902697960876004,
        "15,17": 14.596046791205287,
        "15,18": 59.71722216595169,
        "15,19": 38.91925228941357,
        "15,20": 38.57359397689929,
        "15,21": 28.85794610998266,
        "15,22": 82.35322564360499,
        "15,23": 59.77704395514964,
        "15,24": 40.755247954476445,
        "15,25": 75.16046752686526,
        "15,26": 23.855636812718306,
        "15,27": 47.591678309906094,
        "15,28": 39.41742336216866,
        "15,29": 48.50089139489396,
        "15,30": 28.969081377805406,
        "15,31": 75.90412726227986,
        "15,32": 10.166553698204813,
        "15,33": 60.67867286455549,
        "15,34": 19.6692565321319,
        "15,35": 85.63628444343442,
        "15,36": 40.203231790931056,
        "15,37": 13.135914413630747,
        "15,38": 78.11738092015764,
        "15,39": 85.25481734171349,
        "15,40": 73.89112385749533,
        "15,41": 48.09454090146819,
        "15,42": 37.05849899981039,
        "15,43": 38.83329483704874,
        "15,44": 17.817111921628086,
        "15,45": 21.795652692520722,
        "15,46": 62.660239070544584,
        "15,47": 49.53472496161454,
        "15,48": 34.112810864866574,
        "15,49": 36.0145650192363,
        "15,50": 60.42796065318294,
        "16,0": 16.073430278505914,
        "16,1": 31.25986670581951,
        "16,2": 31.049146333443066,
        "16,3": 55.137298539565506,
        "16,4": 37.75288699543545,
        "16,5": 47.8663708123656,
        "16,6": 34.03311116939597,
        "16,7": 49.30285938827266,
        "16,8": 35.69308178010384,
        "16,9": 26.59902305877082,
        "16,10": 57.13852921521656,
        "16,11": 70.14477769653323,
        "16,12": 62.510549105484266,
        "16,13": 48.64009953195639,
        "16,14": 38.8215541133198,
        "16,15": 32.902697960876004,
        "16,16": 0.0,
        "16,17": 31.43287350484128,
        "16,18": 37.707136374616965,
        "16,19": 32.29278952066579,
        "16,20": 31.593416735606052,
        "16,21": 15.179975893385064,
        "16,22": 50.20324559387343,
        "16,23": 34.362751160396854,
        "16,24": 25.37036608261085,
        "16,25": 71.28215425106814,
        "16,26": 32.2243054639454,
        "16,27": 24.362000980453473,
        "16,28": 22.86787140290497,
        "16,29": 16.632769595015777,
        "16,30": 46.76580084906594,
        "16,31": 65.84187889760716,
        "16,32": 39.3153933109247,
        "16,33": 65.76987191052747,
        "16,34": 35.083863923971975,
        "16,35": 53.72444202923048,
        "16,36": 72.43063232504984,
        "16,37": 37.36961829297355,
        "16,38": 51.88682963542782,
        "16,39": 85.48260741657334,
        "16,40": 41.054652399881896,
        "16,41": 20.959494394297522,
        "16,42": 37.898107796681074,
        "16,43": 33.12532946516743,
        "16,44": 15.368534542107225,
        "16,45": 53.75408439524942,
        "16,46": 55.627320235571595,
        "16,47": 41.530800789143925,
        "16,48": 65.76420109833929,
        "16,49": 10.721644184516212,
        "16,50": 63.17796585957142,
        "17,0": 34.66799548074921,
        "17,1": 62.60336876508971,
        "17,2": 53.778189019191586,
        "17,3": 60.14072882297935,
        "17,4": 8.962453130907809,
        "17,5": 79.19440212754121,
        "17,6": 60.80656760208084,
        "17,7": 74.12870150804754,
        "17,8": 51.301988555987094,
        "17,9": 54.537568990148195,
        "17,10": 84.04779291571649,
        "17,11": 88.56547421390948,
        "17,12": 78.36168491438185,
        "17,13": 28.83341823574475,
        "17,14": 22.20187176994487,
        "17,15": 14.596046791205287,
        "17,16": 31.43287350484128,
        "17,17": 0.0,
        "17,18": 48.76731932579579,
        "17,19": 48.60328363100818,
        "17,20": 25.301170158342142,
        "17,21": 20.936731175553266,
        "17,22": 81.32311620303001,
        "17,23": 50.17998458606228,
        "17,24": 47.71550094171751,
        "17,25": 87.10353229623844,
        "17,26": 9.365682206412872,
        "17,27": 52.08999724888738,
        "17,28": 28.887770408752903,
        "17,29": 43.85552365020479,
        "17,30": 43.396661284291184,
        "17,31": 86.21563853519274,
        "17,32": 11.422399487573168,
        "17,33": 74.16523645177926,
        "17,34": 33.17606711132168,
        "17,35": 84.95330076975812,
        "17,36": 49.91456443369242,
        "17,37": 27.64157514590966,
        "17,38": 82.01810045016211,
        "17,39": 98.23277409726302,
        "17,40": 69.90231534453946,
        "17,41": 40.389890101644056,
        "17,42": 48.707975779201064,
