{
    "num_robots": 3,
    "num_tasks": 60,
    "num_nodes": 61,
    "robot_capacity": [
        277,
        312,
        260
    ],
    "robot_speed": [
        1.09,
        1.0,
        1.08
    ],
    "task_demand": {
        "0": 0,
        "1": 13,
        "2": 11,
        "3": 9,
        "4": 11,
        "5": 10,
        "6": 6,
        "7": 15,
        "8": 11,
        "9": 6,
        "10": 5,
        "11": 10,
        "12": 14,
        "13": 13,
        "14": 10,
        "15": 5,
        "16": 13,
        "17": 13,
        "18": 14,
        "19": 14,
        "20": 15,
        "21": 9,
        "22": 10,
        "23": 6,
        "24": 8,
        "25": 8,
        "26": 13,
        "27": 14,
        "28": 5,
        "29": 10,
        "30": 6,
        "31": 11,
        "32": 14,
        "33": 11,
        "34": 10,
        "35": 13,
        "36": 5,
        "37": 6,
        "38": 5,
        "39": 11,
        "40": 10,
        "41": 13,
        "42": 9,
        "43": 7,
        "44": 14,
        "45": 8,
        "46": 11,
        "47": 11,
        "48": 10,
        "49": 12,
        "50": 15,
        "51": 5,
        "52": 9,
        "53": 15,
        "54": 10,
        "55": 15,
        "56": 5,
        "57": 5,
        "58": 8,
        "59": 10,
        "60": 15
    },
    "task_service_time": {
        "0": 0,
        "1": 78,
        "2": 12,
        "3": 56,
        "4": 76,
        "5": 45,
        "6": 81,
        "7": 84,
        "8": 95,
        "9": 28,
        "10": 88,
        "11": 44,
        "12": 54,
        "13": 78,
        "14": 85,
        "15": 72,
        "16": 66,
        "17": 35,
        "18": 65,
        "19": 36,
        "20": 21,
        "21": 88,
        "22": 12,
        "23": 17,
        "24": 80,
        "25": 22,
        "26": 37,
        "27": 62,
        "28": 34,
        "29": 20,
        "30": 30,
        "31": 70,
        "32": 25,
        "33": 34,
        "34": 78,
        "35": 97,
        "36": 41,
        "37": 33,
        "38": 53,
        "39": 59,
        "40": 45,
        "41": 62,
        "42": 40,
        "43": 53,
        "44": 53,
        "45": 43,
        "46": 40,
        "47": 85,
        "48": 77,
        "49": 79,
        "50": 72,
        "51": 76,
        "52": 19,
        "53": 26,
        "54": 92,
        "55": 46,
        "56": 42,
        "57": 58,
        "58": 82,
        "59": 38,
        "60": 45
    },
    "task_precedence": [],
    "coordinates": {
        "0": [
            50.0,
            50.0
        ],
        "1": [
            48.936531976350174,
            79.71051900867668
        ],
        "2": [
            94.64569124587449,
            62.15823386830356
        ],
        "3": [
            55.25616964033663,
            37.015039311993114
        ],
        "4": [
            65.15411536694896,
            51.23830926119221
        ],
        "5": [
            39.597629271069025,
            77.73836547898149
        ],
        "6": [
            45.530839548557545,
            8.594059738349614
        ],
        "7": [
            81.956693075548,
            51.23174796520485
        ],
        "8": [
            34.76292434000619,
            99.81182327415603
        ],
        "9": [
            45.547451600979585,
            50.85764310857884
        ],
        "10": [
            69.6613065694157,
            88.14021694948615
        ],
        "11": [
            46.834913952960854,
            94.01387251584762
        ],
        "12": [
            53.41881869399728,
            4.874031252345256
        ],
        "13": [
            96.59340287477414,
            34.05369759622564
        ],
        "14": [
            38.854669556092105,
            58.643955206834086
        ],
        "15": [
            64.509715834407,
            75.09710543959824
        ],
        "16": [
            11.375749116132495,
            37.50498026529152
        ],
        "17": [
            99.66912353146427,
            14.052476102869749
        ],
        "18": [
            96.32511750356734,
            70.36610150981141
        ],
        "19": [
            27.042024169358324,
            26.960648593323956
        ],
        "20": [
            56.36686551205852,
            9.692500600580745
        ],
        "21": [
            15.782806773736791,
            57.02136305397264
        ],
        "22": [
            63.4261798948914,
            44.22171844177293
        ],
        "23": [
            0.2292449995611623,
            59.13719484186591
        ],
        "24": [
            17.95948193640945,
            75.77471100570479
        ],
        "25": [
            27.951781176406055,
            15.364832442032872
        ],
        "26": [
            10.205032723395114,
            7.6163339500038285
        ],
        "27": [
            28.003184063776576,
            45.32034191661286
        ],
        "28": [
            59.711767671699,
            34.49563471161683
        ],
        "29": [
            22.09258711496056,
            35.16076788750963
        ],
        "30": [
            4.643048100562197,
            20.179613432487987
        ],
        "31": [
            1.1899489122334295,
            12.627376785452526
        ],
        "32": [
            4.146660702049476,
            85.27393086998103
        ],
        "33": [
            75.55691006377944,
            65.42712720077152
        ],
        "34": [
            71.82276862725291,
            95.67228439162227
        ],
        "35": [
            24.204371440617134,
            82.80924822320357
        ],
        "36": [
            20.118907516983608,
            70.17138024265422
        ],
        "37": [
            30.07200915740421,
            22.6812200497143
        ],
        "38": [
            51.08937572738911,
            44.88197524327935
        ],
        "39": [
            29.039077585406826,
            6.988123662247602
        ],
        "40": [
            85.73339560617084,
            74.9692744425605
        ],
        "41": [
            63.91863482403096,
            99.3479828464088
        ],
        "42": [
            55.71532712561002,
            91.2114431049742
        ],
        "43": [
            27.976554623706594,
            43.26076113607237
        ],
        "44": [
            54.37286399710789,
            4.0743018246603535
        ],
        "45": [
            88.36338017937419,
            46.5039633337026
        ],
        "46": [
            91.00783172310717,
            62.988523526916616
        ],
        "47": [
            47.98593642489908,
            88.58275560033665
        ],
        "48": [
            20.11828047554839,
            33.1376971253883
        ],
        "49": [
            33.00531843646646,
            42.11329071942945
        ],
        "50": [
            27.099901423182835,
            69.19961245753615
        ],
        "51": [
            93.2087094039018,
            38.02760577320235
        ],
        "52": [
            97.91337961350783,
            49.71318359550783
        ],
        "53": [
            26.747365557222448,
            73.24601896383658
        ],
        "54": [
            22.416541707069236,
            36.3070004193176
        ],
        "55": [
            80.37299030514987,
            85.37053200194732
        ],
        "56": [
            67.79156103455118,
            84.5919589791902
        ],
        "57": [
            77.10359208775779,
            16.93273897185419
        ],
        "58": [
            77.11096920975201,
            87.82109558707585
        ],
        "59": [
            25.35601915166562,
            48.32641590194212
        ],
        "60": [
            32.97956884195828,
            92.46735672566014
        ]
    },
    "distance_matrix_str_keys": {
        "0,0": 0.0,
        "0,1": 29.72954597706235,
        "0,2": 46.27159385214991,
        "0,3": 14.008444715851962,
        "0,4": 15.204625032573244,
        "0,5": 29.624757150526516,
        "0,6": 41.64643182905467,
        "0,7": 31.980422689116605,
        "0,8": 52.09017385807162,
        "0,9": 4.534395102691431,
        "0,10": 42.909708982588306,
        "0,11": 44.12752818282992,
        "0,12": 45.25529114564106,
        "0,13": 49.246621729857075,
        "0,14": 14.104479867107976,
        "0,15": 28.989593909566114,
        "0,16": 40.59505234028765,
        "0,17": 61.312692867942175,
        "0,18": 50.60429430816385,
        "0,19": 32.5250729050779,
        "0,20": 40.8072479381154,
        "0,21": 34.93015676201761,
        "0,22": 14.61680007170287,
        "0,23": 50.60253336436753,
        "0,24": 41.12092563660103,
        "0,25": 41.05750583098712,
        "0,26": 58.137892706767865,
        "0,27": 22.489088712295647,
        "0,28": 18.294911158698714,
        "0,29": 31.60738052456152,
        "0,30": 54.28175145151237,
        "0,31": 61.47466187891492,
        "0,32": 57.85135196167134,
        "0,33": 29.85216752058208,
        "0,34": 50.61808759828681,
        "0,35": 41.73561095450066,
        "0,36": 36.052243603863545,
        "0,37": 33.814797899657975,
        "0,38": 5.232677793045357,
        "0,39": 47.84748451658351,
        "0,40": 43.59289194048744,
        "0,41": 51.27330500732505,
        "0,42": 41.60586505466818,
        "0,43": 23.031489024977347,
        "0,44": 46.133411888018834,
        "0,45": 38.52234690616988,
        "0,46": 43.01562513831389,
        "0,47": 38.63528803826701,
        "0,48": 34.311141338829444,
        "0,49": 18.735511328014095,
        "0,50": 29.883768727312837,
        "0,51": 44.83671254533153,
        "0,52": 47.91423806801057,
        "0,53": 32.879513472624474,
        "0,54": 30.79521730584831,
        "0,55": 46.62180899726552,
        "0,56": 38.89914227928602,
        "0,57": 42.755683317695876,
        "0,58": 46.53428760493546,
        "0,59": 24.700742413667328,
        "0,60": 45.75119084865561,
        "1,0": 29.72954597706235,
        "1,1": 0.0,
        "1,2": 48.963353181493844,
        "1,3": 43.16065113890191,
        "1,4": 32.767006865683896,
        "1,5": 9.544867379036587,
        "1,6": 71.19796008356428,
        "1,7": 43.604718083751756,
        "1,8": 24.595804247928275,
        "1,9": 29.051236006358987,
        "1,10": 22.373557815123227,
        "1,11": 14.456926363073654,
        "1,12": 74.97059953023411,
        "1,13": 65.99789909775537,
        "1,14": 23.354743849550495,
        "1,15": 16.24215626806364,
        "1,16": 56.49884874660552,
        "1,17": 82.97454093948829,
        "1,18": 48.30109912479711,
        "1,19": 57.11320601180547,
        "1,20": 70.41116927198648,
        "1,21": 40.17421178750473,
        "1,22": 38.33281704337361,
        "1,23": 52.874015091649326,
        "1,24": 31.22608226808559,
        "1,25": 67.6810693315976,
        "1,26": 81.83948040924885,
        "1,27": 40.26026993516513,
        "1,28": 46.481087189165756,
        "1,29": 52.012284132493654,
        "1,30": 74.20135734995543,
        "1,31": 82.3400520089702,
        "1,32": 45.134068288898234,
        "1,33": 30.210260029596178,
        "1,34": 27.902648300498715,
        "1,35": 24.925526825129158,
        "1,36": 30.355405579212984,
        "1,37": 60.06838736754335,
        "1,38": 34.895016793728374,
        "1,39": 75.39532794651139,
        "1,40": 37.10105892056648,
        "1,41": 24.7000686581378,
        "1,42": 13.350030664550006,
        "1,43": 42.04646833676774,
        "1,44": 75.83133294191526,
        "1,45": 51.5475673433718,
        "1,46": 45.27272241950421,
        "1,47": 8.9230159722388,
        "1,48": 54.76786793126029,
        "1,49": 40.83326021623974,
        "1,50": 24.234636173095943,
        "1,51": 60.8069975411769,
        "1,52": 57.43319368068878,
        "1,53": 23.111660849135948,
        "1,54": 50.864283242955416,
        "1,55": 31.941926356160053,
        "1,56": 19.47666750168856,
        "1,57": 68.80721576747106,
        "1,58": 29.31860102141603,
        "1,59": 39.255604859551696,
        "1,60": 20.429429287422437,
        "2,0": 46.27159385214991,
        "2,1": 48.963353181493844,
        "2,2": 0.0,
        "2,3": 46.730232663765044,
        "2,4": 31.4483354288811,
        "2,5": 57.210397902724544,
        "2,6": 72.67316841498976,
        "2,7": 16.745111786941397,
        "2,8": 70.73710884286324,
        "2,9": 50.38194604961489,
        "2,10": 36.045567307120116,
        "2,11": 57.45130232636584,
        "2,12": 70.57715557993883,
        "2,13": 28.171945968603136,
        "2,14": 55.9015943931855,
        "2,15": 32.79621032282587,
        "2,16": 86.84276697287464,
        "2,17": 48.36733197225687,
        "2,18": 8.377921208482443,
        "2,19": 76.21762139677344,
        "2,20": 64.94552845946893,
        "2,21": 79.03000688997099,
        "2,22": 36.00522843477505,
        "2,23": 94.46476591079997,
        "2,24": 77.88570567112076,
        "2,25": 81.4720814598133,
        "2,26": 100.52384621773975,
        "2,27": 68.73673231171804,
        "2,28": 44.56005395407258,
        "2,29": 77.41328108545306,
        "2,30": 99.31102832433417,
        "2,31": 105.76994648052784,
        "2,32": 93.40455008855582,
        "2,33": 19.366652540822834,
        "2,34": 40.54722406448001,
        "2,35": 73.40602107315739,
        "2,36": 74.95633400713807,
        "2,37": 75.6848402158313,
        "2,38": 46.85746187774764,
        "2,39": 85.72029407405356,
        "2,40": 15.606145397398366,
        "2,41": 48.2413663302112,
        "2,42": 48.57635451005086,
        "2,43": 69.29565825945166,
        "2,44": 70.67986825298672,
        "2,45": 16.867827907195046,
        "2,46": 3.7314076197312747,
        "2,47": 53.62264511118625,
        "2,48": 79.97828773470843,
        "2,49": 64.81770827423941,
        "2,50": 67.91181587329365,
        "2,51": 24.173376451754667,
        "2,52": 12.86689797738287,
        "2,53": 68.79768607770896,
        "2,54": 76.71594563018213,
        "2,55": 27.249234425732464,
        "2,56": 34.99166088881082,
        "2,57": 48.50845938083343,
        "2,58": 31.081327971644118,
        "2,59": 70.65676080303672,
        "2,60": 68.7121065076389,
        "3,0": 14.008444715851962,
        "3,1": 43.16065113890191,
        "3,2": 46.730232663765044,
        "3,3": 0.0,
        "3,4": 17.328321836079606,
        "3,5": 43.630026135666064,
        "3,6": 30.03887689843821,
        "3,7": 30.249508370295498,
        "3,8": 66.05610629555815,
        "3,9": 16.907894186946713,
        "3,10": 53.11583340596978,
        "3,11": 57.61757139929612,
        "3,12": 32.193481600944665,
        "3,13": 41.44317068270513,
        "3,14": 27.144413933617678,
        "3,15": 39.19020129717483,
        "3,16": 43.88315562398304,
        "3,17": 49.99789778049089,
        "3,18": 52.90512100274894,
        "3,19": 29.952108062391638,
        "3,20": 27.345104990767314,
        "3,21": 44.253806228020174,
        "3,22": 10.894277931057845,
        "3,23": 59.307269374921184,
        "3,24": 53.789916001873316,
        "3,25": 34.84624925155215,
        "3,26": 53.7948772140068,
        "3,27": 28.490406704546952,
        "3,28": 5.118569463969148,
        "3,29": 33.21538090152038,
        "3,30": 53.33966288367681,
        "3,31": 59.31200812085533,
        "3,32": 70.29297630857931,
        "3,33": 34.91943298422346,
        "3,34": 60.95182197707444,
        "3,35": 55.329230441419384,
        "3,36": 48.311180211576826,
        "3,37": 28.977582954307454,
        "3,38": 8.902294786173895,
        "3,39": 39.86165550066374,
        "3,40": 48.676331691273894,
        "3,41": 62.93198036549756,
        "3,42": 54.19834877270835,
        "3,43": 27.98546831052371,
        "3,44": 32.95257827649802,
        "3,45": 34.44019553902003,
        "3,46": 44.190533193699906,
        "3,47": 52.07768864112484,
        "3,48": 35.351167411967715,
        "3,49": 22.82745160350137,
        "3,50": 42.76239222116923,
        "3,51": 37.96604489992817,
        "3,52": 44.507082930025575,
        "3,53": 46.102448923909485,
        "3,54": 32.847259883725116,
        "3,55": 54.48952517316153,
        "3,56": 49.200602866479926,
        "3,57": 29.675051045408935,
        "3,58": 55.30721126983526,
        "3,59": 31.96820669985759,
        "3,60": 59.759572033912605,
        "4,0": 15.204625032573244,
        "4,1": 32.767006865683896,
        "4,2": 31.4483354288811,
        "4,3": 17.328321836079606,
        "4,4": 0.0,
        "4,5": 36.815580412576644,
        "4,6": 46.9425709906384,
        "4,7": 16.802578989670444,
        "4,8": 57.297563260611,
        "4,9": 19.61035876141795,
        "4,10": 37.17614239765822,
        "4,11": 46.53323492085297,
        "4,12": 47.82638877527593,
        "4,13": 35.82931309801233,
        "4,14": 27.322233470754146,
        "4,15": 23.867496849067823,
        "4,16": 55.50420706501987,
        "4,17": 50.735312911966474,
        "4,18": 36.57189919196711,
        "4,19": 45.1877893125745,
        "4,20": 42.46492643672435,
        "4,21": 49.708850553763334,
        "4,22": 7.226223614222969,
        "4,23": 65.40360223748142,
        "4,24": 53.19180797088136,
        "4,25": 51.68094434430934,
        "4,26": 70.15895105699656,
        "4,27": 37.61933059192496,
        "4,28": 17.605007796334302,
        "4,29": 45.96501443510347,
        "4,30": 68.01640866950528,
        "4,31": 74.7142469472368,
        "4,32": 69.85938063700836,
        "4,33": 17.593768556705875,
        "4,34": 44.931604491692035,
        "4,35": 51.706921341104774,
        "4,36": 48.85315878096993,
        "4,37": 45.23562224983852,
        "4,38": 15.434373433213356,
        "4,39": 57.11720300840422,
        "4,40": 31.411231806532882,
        "4,41": 48.12553485051377,
        "4,42": 41.07240135124494,
        "4,43": 38.02383853460982,
        "4,44": 48.3805640580278,
        "4,45": 23.68721183454096,
        "4,46": 28.398629979545074,
        "4,47": 41.10175228093669,
        "4,48": 48.53718764057415,
        "4,49": 33.41872390539344,
        "4,50": 42.08006192235129,
        "4,51": 31.00940072342285,
        "4,52": 32.794746565143626,
        "4,53": 44.26531054113135,
        "4,54": 45.2707873364832,
        "4,55": 37.371416665803835,
        "4,56": 33.45776545378458,
        "4,57": 36.327154399675514,
        "4,58": 38.48722657172654,
        "4,59": 39.9044807671594,
        "4,60": 52.29756972284792,
        "5,0": 29.624757150526516,
        "5,1": 9.544867379036587,
        "5,2": 57.210397902724544,
        "5,3": 43.630026135666064,
        "5,4": 36.815580412576644,
        "5,5": 0.0,
        "5,6": 69.39840056190685,
        "5,7": 49.968900912603345,
        "5,8": 22.59672345287685,
        "5,9": 27.531320725896315,
        "5,10": 31.81231218747806,
        "5,11": 17.812086314461457,
        "5,12": 74.16357919730827,
        "5,13": 71.81133905388124,
        "5,14": 19.108859013011923,
        "5,15": 25.051712746534665,
        "5,16": 49.144682369843096,
        "5,17": 87.54699839687848,
        "5,18": 57.204529516458386,
        "5,19": 52.30697612737802,
        "5,20": 70.08171666815596,
        "5,21": 31.564853239913283,
        "5,22": 41.12378209076698,
        "5,23": 43.54162639613039,
        "5,24": 21.72706512548013,
        "5,25": 63.451425526581254,
        "5,26": 76.03304569439047,
        "5,27": 34.42904894642306,
        "5,28": 47.69184760332193,
        "5,29": 46.03562009518765,
        "5,30": 67.3411663245839,
        "5,31": 75.59491225734271,
        "5,32": 36.24301199188117,
        "5,33": 38.00837359151078,
        "5,34": 36.87933098756872,
        "5,35": 16.20698116369664,
        "5,36": 20.89688653220559,
        "5,37": 55.875099117311045,
        "5,38": 34.808082623682225,
        "5,39": 71.53376636823425,
        "5,40": 46.2187927200084,
        "5,41": 32.534395243708175,
        "5,42": 21.007236963634707,
        "5,43": 36.383438226557914,
        "5,44": 75.13123075843642,
        "5,45": 57.91102087706509,
        "5,46": 53.48426641331488,
        "5,47": 13.71001436947248,
        "5,48": 48.66892896997796,
        "5,49": 36.22988426373579,
        "5,50": 15.136165449712552,
        "5,51": 66.71650732329407,
        "5,52": 64.7003675229394,
        "5,53": 13.612878267564751,
        "5,54": 44.85251141897147,
        "5,55": 41.48349109337254,
        "5,56": 29.014988060483343,
        "5,57": 71.44243460109057,
        "5,58": 38.84471804232669,
        "5,59": 32.67852868039502,
        "5,60": 16.147504667536023,
        "6,0": 41.64643182905467,
        "6,1": 71.19796008356428,
        "6,2": 72.67316841498976,
        "6,3": 30.03887689843821,
        "6,4": 46.9425709906384,
        "6,5": 69.39840056190685,
        "6,6": 0.0,
        "6,7": 56.07865246687257,
        "6,8": 91.85112074663458,
        "6,9": 42.26358663498168,
        "6,10": 83.1256312198805,
        "6,11": 85.42976662144777,
        "6,12": 8.721171190589946,
        "6,13": 57.05767725116467,
        "6,14": 50.49320035583523,
        "6,15": 69.15817256561904,
        "6,16": 44.748313132030844,
        "6,17": 54.41275679307487,
        "6,18": 79.97401964129361,
        "6,19": 26.060849569685583,
        "6,20": 10.89155778617027,
        "6,21": 56.83440120556531,
        "6,22": 39.869452853014415,
        "6,23": 67.87372816321468,
        "6,24": 72.61831494384145,
        "6,25": 18.83790477352648,
        "6,26": 35.339334679162945,
        "6,27": 40.694453054815575,
        "6,28": 29.529482022708876,
        "6,29": 35.427978477802824,
        "6,30": 42.49748867750334,
        "6,31": 44.52395118163826,
        "6,32": 87.13468250681451,
        "6,33": 64.27723133251212,
        "6,34": 90.9608857885903,
        "6,35": 77.21860166955497,
        "6,36": 66.61480833919127,
        "6,37": 20.91467242632632,
        "6,38": 36.7111718165506,
        "6,39": 16.56976895824896,
        "6,40": 77.60099638919357,
        "6,41": 92.59797824248778,
        "6,42": 83.2427523665271,
        "6,43": 38.8578576998491,
        "6,44": 9.930237053923676,
        "6,45": 57.19953957419165,
        "6,46": 70.90073700667557,
        "6,47": 80.02636419564296,
        "6,48": 35.32970838862986,
        "6,49": 35.78306198038985,
        "6,50": 63.346132483202865,
        "6,51": 56.03135645447949,
        "6,52": 66.59363971458865,
        "6,53": 67.32529039578804,
        "6,54": 36.08708696877432,
        "6,55": 84.31252672401709,
        "6,56": 79.19103743541902,
        "6,57": 32.65535598123003,
        "6,58": 85.28908370238952,
        "6,59": 44.561008789719,
        "6,60": 84.80721870142852,
        "7,0": 31.980422689116605,
        "7,1": 43.604718083751756,
        "7,2": 16.745111786941397,
        "7,3": 30.249508370295498,
        "7,4": 16.802578989670444,
        "7,5": 49.968900912603345,
        "7,6": 56.07865246687257,
        "7,7": 0.0,
        "7,8": 67.7294287919747,
        "7,9": 36.41116338703261,
        "7,10": 38.90259132884125,
        "7,11": 55.352050999059735,
        "7,12": 54.437562151945336,
        "7,13": 22.5680900438196,
        "7,14": 43.734714445902014,
        "7,15": 29.562684286672553,
        "7,16": 71.90336432803083,
        "7,17": 41.18286596230394,
        "7,18": 23.928541662911687,
        "7,19": 60.03921323432006,
        "7,20": 48.78881374196914,
        "7,21": 66.42667288944348,
        "7,22": 19.812128423212773,
        "7,23": 82.1089024365375,
        "7,24": 68.54195845170187,
        "7,25": 64.83028719958318,
        "7,26": 83.96788137739397,
        "7,27": 54.276383963512444,
        "7,28": 27.837639861520792,
        "7,29": 61.98376870696165,
        "7,30": 83.31647351128164,
        "7,31": 89.51851449240208,
        "7,32": 84.93097994776184,
        "7,33": 15.571320247149208,
        "7,34": 45.581330636473155,
        "7,35": 65.82149479287456,
        "7,36": 64.6731891404158,
        "7,37": 59.22122144585414,
        "7,38": 31.51366201970282,
        "7,39": 68.97660705357765,
        "7,40": 24.036090473868114,
        "7,41": 51.386219987739025,
        "7,42": 47.8224352201711,
        "7,43": 54.56548339665077,
        "7,44": 54.63233797968886,
        "7,45": 7.96226017963503,
        "7,46": 14.837280155938359,
        "7,47": 50.48871238977364,
        "7,48": 64.43123426321785,
        "7,49": 49.79340660769004,
        "7,50": 57.72444668254327,
        "7,51": 17.348119277897567,
        "7,52": 16.02878295491026,
        "7,53": 59.436503704600064,
        "7,54": 61.382226371237394,
        "7,55": 34.17549838659722,
        "7,56": 36.24299442149481,
        "7,57": 34.64064963483855,
        "7,58": 36.90882549171216,
        "7,59": 56.67519071900404,
        "7,60": 64.02448069323029,
        "8,0": 52.09017385807162,
        "8,1": 24.595804247928275,
        "8,2": 70.73710884286324,
        "8,3": 66.05610629555815,
        "8,4": 57.297563260611,
        "8,5": 22.59672345287685,
        "8,6": 91.85112074663458,
        "8,7": 67.7294287919747,
        "8,8": 0.0,
        "8,9": 50.12801396351614,
        "8,10": 36.79841676523651,
        "8,11": 13.392130756942839,
        "8,12": 96.75343274594381,
        "8,13": 90.261504355472,
        "8,14": 41.37071113870038,
        "8,15": 38.674137118404666,
        "8,16": 66.55150374471984,
        "8,17": 107.55222136583903,
        "8,18": 68.24187979042497,
        "8,19": 73.25916974565176,
        "8,20": 92.67266367872178,
        "8,21": 46.81098534195264,
        "8,22": 62.54471979535923,
        "8,23": 53.357290100730786,
        "8,24": 29.32811693268291,
        "8,25": 84.72122480108364,
        "8,26": 95.41015822423248,
        "8,27": 54.90915797152197,
        "8,28": 69.91887636344373,
        "8,29": 65.88092598016209,
        "8,30": 85.13809833997277,
        "8,31": 93.42522351386395,
        "8,32": 33.892564298150106,
        "8,33": 53.352193912625935,
        "8,34": 37.29031832466683,
        "8,35": 20.01425985872243,
        "8,36": 33.060597269509095,
        "8,37": 77.27311718195809,
        "8,38": 57.30480974228764,
        "8,39": 93.00000877049392,
        "8,40": 56.70221489099985,
        "8,41": 29.15939988701216,
        "8,42": 22.648834882718255,
        "8,43": 56.956803306292635,
        "8,44": 97.72524109280987,
        "8,45": 75.59587817876738,
        "8,46": 67.22681764600084,
        "8,47": 17.347622586984038,
        "8,48": 68.2634945752017,
        "8,49": 57.72529633948188,
        "8,50": 31.556764271783933,
        "8,51": 85.04821764117244,
        "8,52": 80.6092655896427,
        "8,53": 27.748714227049312,
        "8,54": 64.69386130030651,
        "8,55": 47.84170785991581,
        "8,56": 36.36667583183016,
        "8,57": 93.06811892433169,
        "8,58": 44.012889643327405,
        "8,59": 52.33772098119335,
        "8,60": 7.557879710235721,
        "9,0": 4.534395102691431,
        "9,1": 29.051236006358987,
        "9,2": 50.38194604961489,
        "9,3": 16.907894186946713,
        "9,4": 19.61035876141795,
        "9,5": 27.531320725896315,
        "9,6": 42.26358663498168,
        "9,7": 36.41116338703261,
        "9,8": 50.12801396351614,
        "9,9": 0.0,
        "9,10": 44.40121973146094,
        "9,11": 43.17542930835292,
        "9,12": 46.652448802370365,
        "9,13": 53.74068967020002,
        "9,14": 10.267423610224924,
        "9,15": 30.775298519351995,
        "9,16": 36.68785706087793,
        "9,17": 65.45055913335769,
        "9,18": 54.39624347055084,
        "9,19": 30.224446914528023,
        "9,20": 42.563231492487034,
        "9,21": 30.396143262873935,
        "9,22": 19.07051183348381,
        "9,23": 46.06832780200537,
        "9,24": 37.174673405468226,
        "9,25": 39.61498739999157,
        "9,26": 55.84708935894603,
        "9,27": 18.3973647000733,
        "9,28": 21.641237684880586,
        "9,29": 28.222731259807816,
        "9,30": 51.13034060645469,
        "9,31": 58.558870446067246,
        "9,32": 53.83777809617125,
        "9,33": 33.359218575128004,
        "9,34": 51.9494404027515,
        "9,35": 38.42436909218641,
        "9,36": 31.931666043535675,
        "9,37": 32.146541574740624,
        "9,38": 8.149940457405378,
        "9,39": 46.872818872882746,
        "9,40": 46.86449467533192,
        "9,41": 51.85376959204697,
        "9,42": 41.61507980087815,
        "9,43": 19.142858623782786,
        "9,44": 47.60849635988651,
        "9,45": 43.03670837334513,
        "9,46": 47.05108309669762,
        "9,47": 37.80384002654052,
        "9,48": 30.994180579161217,
        "9,49": 15.289499763628719,
        "9,50": 26.01422586125557,
        "9,51": 49.35793100793194,
        "9,52": 52.378432624414685,
        "9,53": 29.234955253753327,
        "9,54": 27.326913385721983,
        "9,55": 49.03017077067609,
        "9,56": 40.40797534832561,
        "9,57": 46.33237661837821,
        "9,58": 48.606094915857966,
        "9,59": 20.349473101946078,
        "9,60": 43.46630815171707,
        "10,0": 42.909708982588306,
        "10,1": 22.373557815123227,
        "10,2": 36.045567307120116,
        "10,3": 53.11583340596978,
        "10,4": 37.17614239765822,
        "10,5": 31.81231218747806,
        "10,6": 83.1256312198805,
        "10,7": 38.90259132884125,
        "10,8": 36.79841676523651,
        "10,9": 44.40121973146094,
        "10,10": 0.0,
        "10,11": 23.569981535690548,
        "10,12": 84.83558270521787,
        "10,13": 60.420935007261555,
        "10,14": 42.65065463579332,
        "10,15": 14.023610268415114,
        "10,16": 77.2083764996026,
        "10,17": 79.93411300929786,
        "10,18": 32.04493709145125,
        "10,19": 74.56100064069797,
        "10,20": 79.56623884152036,
        "10,21": 62.219577369211436,
        "10,22": 44.35889218431151,
        "10,23": 75.24617242900253,
        "10,24": 53.159988785061124,
        "10,25": 83.88051680049298,
        "10,26": 100.0956753959296,
        "10,27": 59.74061322522328,
        "10,28": 54.55945864607439,
        "10,29": 71.20115935465675,
        "10,30": 94.05326982469703,
        "10,31": 101.93387979007107,
        "10,32": 65.57731634502872,
        "10,33": 23.465774790019594,
        "10,34": 7.836067775380513,
        "10,35": 45.768462710303076,
        "10,36": 52.700364291598724,
        "10,37": 76.49962578144445,
        "10,38": 47.07644942764511,
        "10,39": 90.75146132448731,
        "10,40": 20.779455539694144,
        "10,41": 12.593343288240126,
        "10,42": 14.280153106504306,
        "10,43": 61.25180894376475,
        "10,44": 85.44480418411156,
        "10,45": 45.64367614982555,
        "10,46": 32.989116662319255,
        "10,47": 21.679887254303218,
        "10,48": 74.02559436801499,
        "10,49": 58.83994735033332,
        "10,50": 46.58561694925005,
        "10,51": 55.36925120637778,
        "10,52": 47.69503667758815,
        "10,53": 45.42514135182993,
        "10,54": 70.133801713309,
        "10,55": 11.063965074195375,
        "10,56": 4.010745939213122,
        "10,57": 71.59533877056148,
        "10,58": 7.45649461199894,
        "10,59": 59.565906750614154,
        "10,60": 36.93608021093359,
        "11,0": 44.12752818282992,
        "11,1": 14.456926363073654,
        "11,2": 57.45130232636584,
        "11,3": 57.61757139929612,
        "11,4": 46.53323492085297,
        "11,5": 17.812086314461457,
        "11,6": 85.42976662144777,
        "11,7": 55.352050999059735,
        "11,8": 13.392130756942839,
        "11,9": 43.17542930835292,
        "11,10": 23.569981535690548,
        "11,11": 0.0,
        "11,12": 89.38265548819547,
        "11,13": 77.91745501602244,
        "11,14": 36.259003724319435,
        "11,15": 25.889045910682864,
        "11,16": 66.71287187874859,
        "11,17": 95.83985923455133,
        "11,18": 54.849770473853305,
        "11,19": 69.91347026424835,
        "11,20": 84.85842245880924,
        "11,21": 48.297816892246054,
        "11,22": 52.48360422924723,
        "11,23": 58.2105748482928,
        "11,24": 34.15344179926172,
        "11,25": 80.88414064567613,
        "11,26": 93.84179702631742,
        "11,27": 52.2081791756599,
        "11,28": 60.895270694978834,
        "11,29": 63.842545858953095,
        "11,30": 85.0391166375538,
        "11,31": 93.31250999111988,
        "11,32": 43.57377130324043,
        "11,33": 40.523512536537396,
        "11,34": 25.042827539502202,
        "11,35": 25.25242681292841,
        "11,36": 35.807952157090256,
        "11,37": 73.2757960382489,
        "11,38": 49.315755845290184,
        "11,39": 88.8266444010502,
        "11,40": 43.31037509302091,
        "11,41": 17.897101771494615,
        "11,42": 9.312107641124493,
        "11,43": 54.14347635051839,
        "11,44": 90.25490051505862,
        "11,45": 63.10154497010371,
        "11,46": 53.979801261333584,
        "11,47": 5.551746002912613,
        "11,48": 66.48072829426857,
        "11,49": 53.711526723381596,
        "11,50": 31.705176577209084,
        "11,51": 72.69794335677138,
        "11,52": 67.61331742380634,
        "11,53": 28.893136584817345,
        "11,54": 62.66051380498093,
        "11,55": 34.63394145407783,
        "11,56": 22.977238989804167,
        "11,57": 82.81119504303076,
        "11,58": 30.90291261356767,
        "11,59": 50.48451855502442,
        "11,60": 13.9413879952565,
        "12,0": 45.25529114564106,
        "12,1": 74.97059953023411,
        "12,2": 70.57715557993883,
        "12,3": 32.193481600944665,
        "12,4": 47.82638877527593,
        "12,5": 74.16357919730827,
        "12,6": 8.721171190589946,
        "12,7": 54.437562151945336,
        "12,8": 96.75343274594381,
        "12,9": 46.652448802370365,
        "12,10": 84.83558270521787,
        "12,11": 89.38265548819547,
        "12,12": 0.0,
        "12,13": 52.11043702679122,
        "12,14": 55.707442610325025,
        "12,15": 71.0935169174207,
        "12,16": 53.220283097844174,
        "12,17": 47.15224859360093,
        "12,18": 78.29534944136206,
        "12,19": 34.40281899731248,
        "12,20": 5.648772158740863,
        "12,21": 64.31029161254837,
        "12,22": 40.60034193651836,
        "12,23": 75.98435149778493,
        "12,24": 79.27339372561556,
        "12,25": 27.543182632440104,
        "12,26": 43.300710409860464,
        "12,27": 47.76880289485305,
        "12,28": 30.282678189590282,
        "12,29": 43.57314770533849,
        "12,30": 51.12080440345701,
        "12,31": 52.80122352404535,
        "12,32": 94.296815490818,
        "12,33": 64.47303714294947,
        "12,34": 92.64463366158888,
        "12,35": 83.23089554135106,
        "12,36": 73.298211912428,
        "12,37": 29.36272276889694,
        "12,38": 40.075701951636475,
        "12,39": 24.471231338849748,
        "12,40": 77.18532890976236,
        "12,41": 95.0556345965981,
        "12,42": 86.36794912690088,
        "12,43": 46.05268539606168,
        "12,44": 1.2448974246469626,
        "12,45": 54.35231018552673,
        "12,46": 69.21147385248929,
        "12,47": 83.88484214515688,
        "12,48": 43.67791952716376,
        "12,49": 42.46732200670335,
        "12,50": 69.50155252721756,
        "12,51": 51.79184208170406,
        "12,52": 63.16894438150266,
        "12,53": 73.39002054807926,
        "12,54": 44.14943633871267,
        "12,55": 84.8894221924861,
        "12,56": 81.0032327962929,
        "12,57": 26.577827649722053,
        "12,58": 86.26432331973115,
        "12,59": 51.726496594005006,
        "12,60": 89.94639293483729,
        "13,0": 49.246621729857075,
        "13,1": 65.99789909775537,
        "13,2": 28.171945968603136,
        "13,3": 41.44317068270513,
        "13,4": 35.82931309801233,
        "13,5": 71.81133905388124,
        "13,6": 57.05767725116467,
        "13,7": 22.5680900438196,
        "13,8": 90.261504355472,
        "13,9": 53.74068967020002,
        "13,10": 60.420935007261555,
        "13,11": 77.91745501602244,
        "13,12": 52.11043702679122,
        "13,13": 0.0,
        "13,14": 62.75700833055994,
        "13,15": 52.09533857747392,
        "13,16": 85.28751294409707,
        "13,17": 20.236326711739757,
        "13,18": 36.31339498069278,
        "13,19": 69.91212787479532,
        "13,20": 47.028100400234905,
        "13,21": 84.01110699653931,
        "13,22": 34.6908248404783,
        "13,23": 99.57526177254577,
        "13,24": 89.01649556152461,
        "13,25": 71.14032548515277,
        "13,26": 90.34314967928806,
        "13,27": 69.50939066617286,
        "13,28": 36.884282881285245,
        "13,29": 74.50904075015012,
        "13,30": 92.9911713792547,
        "13,31": 97.77988674297386,
        "13,32": 105.68780646303597,
        "13,33": 37.77335191558234,
        "13,34": 66.41110268386078,
        "13,35": 87.27700492635606,
        "13,36": 84.57443727259943,
        "13,37": 67.48651026425392,
        "13,38": 46.774652146559426,
        "13,39": 72.77452959433873,
        "13,40": 42.33230665274986,
        "13,41": 73.01358882771174,
        "13,42": 70.27108188008255,
        "13,43": 69.23179820672584,
        "13,44": 51.78163838609854,
        "13,45": 14.924556626600037,
        "13,46": 29.469013501128963,
        "13,47": 73.04864106533012,
        "13,48": 76.48060801823647,
        "13,49": 64.09681367934714,
        "13,50": 77.87542664692636,
        "13,51": 5.2199708898429895,
        "13,52": 15.715019578496012,
        "13,53": 80.09061732279828,
        "13,54": 74.21107805648374,
        "13,55": 53.81932066974728,
        "13,56": 58.169252677011976,
        "13,57": 25.941857079460178,
        "13,58": 57.18827072239963,
        "13,59": 72.65311643383058,
        "13,60": 86.36478132459091,
        "14,0": 14.104479867107976,
        "14,1": 23.354743849550495,
        "14,2": 55.9015943931855,
        "14,3": 27.144413933617678,
        "14,4": 27.322233470754146,
        "14,5": 19.108859013011923,
        "14,6": 50.49320035583523,
        "14,7": 43.734714445902014,
        "14,8": 41.37071113870038,
        "14,9": 10.267423610224924,
        "14,10": 42.65065463579332,
        "14,11": 36.259003724319435,
        "14,12": 55.707442610325025,
        "14,13": 62.75700833055994,
        "14,14": 0.0,
        "14,15": 30.477656604870166,
        "14,16": 34.669112046961835,
        "14,17": 75.41086009986856,
        "14,18": 58.65373902175262,
        "14,19": 33.81376212429515,
        "14,20": 51.989632767199346,
        "14,21": 23.1288490319419,
        "14,22": 28.491402802199865,
        "14,23": 38.62857371829602,
        "14,24": 27.019838265657356,
