{
    "num_robots": 3,
    "num_tasks": 40,
    "num_nodes": 41,
    "robot_capacity": [
        163,
        182,
        196
    ],
    "robot_speed": [
        1.03,
        0.83,
        1.15
    ],
    "task_demand": {
        "0": 0,
        "1": 6,
        "2": 6,
        "3": 7,
        "4": 10,
        "5": 13,
        "6": 13,
        "7": 9,
        "8": 13,
        "9": 8,
        "10": 9,
        "11": 9,
        "12": 5,
        "13": 13,
        "14": 13,
        "15": 8,
        "16": 12,
        "17": 14,
        "18": 7,
        "19": 14,
        "20": 15,
        "21": 7,
        "22": 5,
        "23": 7,
        "24": 13,
        "25": 11,
        "26": 8,
        "27": 10,
        "28": 6,
        "29": 13,
        "30": 8,
        "31": 10,
        "32": 13,
        "33": 15,
        "34": 6,
        "35": 15,
        "36": 5,
        "37": 9,
        "38": 15,
        "39": 9,
        "40": 15
    },
    "task_service_time": {
        "0": 0,
        "1": 61,
        "2": 74,
        "3": 22,
        "4": 23,
        "5": 69,
        "6": 76,
        "7": 72,
        "8": 16,
        "9": 46,
        "10": 46,
        "11": 22,
        "12": 45,
        "13": 73,
        "14": 82,
        "15": 45,
        "16": 16,
        "17": 100,
        "18": 79,
        "19": 73,
        "20": 92,
        "21": 47,
        "22": 35,
        "23": 13,
        "24": 79,
        "25": 21,
        "26": 70,
        "27": 53,
        "28": 50,
        "29": 49,
        "30": 47,
        "31": 67,
        "32": 85,
        "33": 56,
        "34": 60,
        "35": 86,
        "36": 26,
        "37": 19,
        "38": 33,
        "39": 89,
        "40": 63
    },
    "task_precedence": [],
    "coordinates": {
        "0": [
            50.0,
            50.0
        ],
        "1": [
            70.81333104902299,
            58.3246170049823
        ],
        "2": [
            41.42208752933681,
            24.75855984036961
        ],
        "3": [
            19.059205711191353,
            10.733493019704476
        ],
        "4": [
            17.074234737120154,
            38.993534992858834
        ],
        "5": [
            41.75891702559535,
            38.919834618318475
        ],
        "6": [
            54.16236369812377,
            7.7963247081327065
        ],
        "7": [
            67.29490856992533,
            73.52741503255334
        ],
        "8": [
            57.24933104395811,
            95.36675320525629
        ],
        "9": [
            12.23040849600382,
            21.033584867146892
        ],
        "10": [
            18.54579470715426,
            2.259942432979234
        ],
        "11": [
            67.98178513619303,
            9.726491205743981
        ],
        "12": [
            81.88505789142825,
            74.19061504728015
        ],
        "13": [
            96.24281997850429,
            62.004785150162334
        ],
        "14": [
            0.39780268983938827,
            87.56710418401649
        ],
        "15": [
            74.76002319513118,
            18.83402058223872
        ],
        "16": [
            10.699369767243127,
            56.73403492225512
        ],
        "17": [
            7.396948975140782,
            57.067276350335284
        ],
        "18": [
            61.188149777603975,
            76.47111550610039
        ],
        "19": [
            57.26453552624863,
            49.42427994342141
        ],
        "20": [
            94.91514374483033,
            39.88181788607932
        ],
        "21": [
            32.44089027556305,
            11.353601243932143
        ],
        "22": [
            43.21468234939415,
            91.29573696202343
        ],
        "23": [
            30.12763460961515,
            45.84511642246737
        ],
        "24": [
            89.4711057589989,
            16.016811846808622
        ],
        "25": [
            27.571052064685396,
            50.05640143070117
        ],
        "26": [
            67.22240748512662,
            6.205465768295982
        ],
        "27": [
            12.697844304618656,
            62.97827942692128
        ],
        "28": [
            59.85808253135818,
            82.52195197769147
        ],
        "29": [
            80.03936544487428,
            31.50871481014922
        ],
        "30": [
            9.771137948462327,
            15.807967751053464
        ],
        "31": [
            92.27144975372141,
            72.04616897387547
        ],
        "32": [
            55.38865952881756,
            33.67983480524318
        ],
        "33": [
            63.96343733631714,
            70.97306736233709
        ],
        "34": [
            11.58006499946893,
            75.22399265418052
        ],
        "35": [
            39.16149681461293,
            21.817929397040814
        ],
        "36": [
            61.05165467148033,
            76.12768940505902
        ],
        "37": [
            53.23621834043891,
            65.13244865587762
        ],
        "38": [
            15.934233002219955,
            29.282235257607237
        ],
        "39": [
            57.896823125902586,
            75.95188101595821
        ],
        "40": [
            20.271588566667287,
            16.328452366270685
        ]
    },
    "distance_matrix_str_keys": {
        "0,0": 0.0,
        "0,1": 22.416377888407062,
        "0,2": 26.659161346271958,
        "0,3": 49.991912562493255,
        "0,4": 34.716686047197655,
        "0,5": 13.808892550687613,
        "0,6": 42.40843642126916,
        "0,7": 29.200224666192096,
        "0,8": 45.942301824914324,
        "0,9": 47.59826938059326,
        "0,10": 57.170622937894784,
        "0,11": 44.105556421898015,
        "0,12": 40.023028035187785,
        "0,13": 47.775655579655975,
        "0,14": 62.22270722789915,
        "0,15": 39.804233715670925,
        "0,16": 39.87338414313532,
        "0,17": 43.18525618354911,
        "0,18": 28.738382897849498,
        "0,19": 7.287312947559978,
        "0,20": 46.04071835787573,
        "0,21": 42.448397745118946,
        "0,22": 41.84947343583012,
        "0,23": 20.302067967372583,
        "0,24": 52.08478920849429,
        "0,25": 22.429018850730817,
        "0,26": 47.05924508697139,
        "0,27": 39.49539918023008,
        "0,28": 33.98321867678722,
        "0,29": 35.27451068835827,
        "0,30": 52.79636740605027,
        "0,31": 47.6750357179317,
        "0,32": 17.186781068648898,
        "0,33": 25.19617305922439,
        "0,34": 45.960213346580375,
        "0,35": 30.194407673770023,
        "0,36": 28.368912996885978,
        "0,37": 15.474627991320686,
        "0,38": 39.8710704279202,
        "0,39": 27.12673853872304,
        "0,40": 44.91716338327711,
        "1,0": 22.416377888407062,
        "1,1": 0.0,
        "1,2": 44.615304428094426,
        "1,3": 70.30934910569201,
        "1,4": 57.11025480751608,
        "1,5": 34.938582594583416,
        "1,6": 53.20115634228811,
        "1,7": 15.60462638477889,
        "1,8": 39.44745809829892,
        "1,9": 69.44479744918344,
        "1,10": 76.64948199507401,
        "1,11": 48.6805452255319,
        "1,12": 19.34717108910334,
        "1,13": 25.694406877595164,
        "1,14": 76.24611262562156,
        "1,15": 39.68732272048796,
        "1,16": 60.135000559983546,
        "1,17": 63.4288453376099,
        "1,18": 20.54116652867496,
        "1,19": 16.21067117448704,
        "1,20": 30.34854550985909,
        "1,21": 60.652456937353435,
        "1,22": 42.99744365967726,
        "1,23": 42.55659560571821,
        "1,24": 46.239192623035756,
        "1,25": 44.02565252829388,
        "1,26": 52.24270913413974,
        "1,27": 58.301512617396156,
        "1,28": 26.561786270228353,
        "1,29": 28.358637505992505,
        "1,30": 74.38961488210396,
        "1,31": 25.470214894656152,
        "1,32": 29.07379887766328,
        "1,33": 14.384169782015077,
        "1,34": 61.59682381608623,
        "1,35": 48.31745906508745,
        "1,36": 20.303687167168622,
        "1,37": 18.849441979995063,
        "1,38": 62.090058302363396,
        "1,39": 21.853068741956555,
        "1,40": 65.71259831656737,
        "2,0": 26.659161346271958,
        "2,1": 44.615304428094426,
        "2,2": 0.0,
        "2,3": 26.396988133809177,
        "2,4": 28.2037666488616,
        "2,5": 14.16527999886061,
        "2,6": 21.213959025562694,
        "2,7": 55.206920810297916,
        "2,8": 72.36033863605358,
        "2,9": 29.428380236368234,
        "2,10": 32.08601811584557,
        "2,11": 30.51852919791089,
        "2,12": 63.880983496675604,
        "2,13": 66.27664751698782,
        "2,14": 75.01936542760191,
        "2,15": 33.86027347612212,
        "2,16": 44.34316625368049,
        "2,17": 46.92081857932112,
        "2,18": 55.36140921511732,
        "2,19": 29.315199244367232,
        "2,20": 55.5897472308615,
        "2,21": 16.13551421812754,
        "2,22": 66.5613201154186,
        "2,23": 23.920859835002155,
        "2,24": 48.837754973148876,
        "2,25": 28.84149740517195,
        "2,26": 31.77851175666255,
        "2,27": 47.810345262374,
        "2,28": 60.634110720984225,
        "2,29": 39.20279002471506,
        "2,30": 32.89218308535308,
        "2,31": 69.43900644587232,
        "2,32": 16.572696835927452,
        "2,33": 51.41880158676047,
        "2,34": 58.628544393992975,
        "2,35": 3.709120890956227,
        "2,36": 54.9918846596638,
        "2,37": 42.06690605343867,
        "2,38": 25.886181017600705,
        "2,39": 53.778927527087404,
        "2,40": 22.768625746731903,
        "3,0": 49.991912562493255,
        "3,1": 70.30934910569201,
        "3,2": 26.396988133809177,
        "3,3": 0.0,
        "3,4": 28.329667878257084,
        "3,5": 36.19042340828633,
        "3,6": 35.22582374261869,
        "3,7": 79.18181402337169,
        "3,8": 92.85081799622309,
        "3,9": 12.358169907874819,
        "3,10": 8.489090081089849,
        "3,11": 48.9329421785459,
        "3,12": 89.29666308544573,
        "3,13": 92.66097187107474,
        "3,14": 79.06738750758124,
        "3,15": 56.28676234400549,
        "3,16": 46.75400209969246,
        "3,17": 47.77894630386273,
        "3,18": 78.07869708387064,
        "3,19": 54.374849140515046,
        "3,20": 81.26344920983236,
        "3,21": 13.396044789044955,
        "3,22": 84.10566093100077,
        "3,23": 36.814891229730804,
        "3,24": 70.6098373186858,
        "3,25": 40.233601059874374,
        "3,26": 48.37558305494932,
        "3,27": 52.63064340933653,
        "3,28": 82.5719758111051,
        "3,29": 64.42196614189646,
        "3,30": 10.583879088696431,
        "3,31": 95.49490515417122,
        "3,32": 42.969335764307495,
        "3,33": 75.13452159177237,
        "3,34": 64.92273938220798,
        "3,35": 22.95575826257803,
        "3,36": 77.71593588556206,
        "3,37": 64.24417924268378,
        "3,38": 18.810138038833582,
        "3,39": 75.90651262758273,
        "3,40": 5.724809366082033,
        "4,0": 34.716686047197655,
        "4,1": 57.11025480751608,
        "4,2": 28.2037666488616,
        "4,3": 28.329667878257084,
        "4,4": 0.0,
        "4,5": 24.684792310816967,
        "4,6": 48.464370824116315,
        "4,7": 60.94837939450903,
        "4,8": 69.22411498088137,
        "4,9": 18.601678987988894,
        "4,10": 36.76305633513961,
        "4,11": 58.72085268174367,
        "4,12": 73.7514558656054,
        "4,13": 82.44502727832835,
        "4,14": 51.356547876543964,
        "4,15": 61.10692441364071,
        "4,16": 18.85110715923802,
        "4,17": 20.501463030134296,
        "4,18": 57.88442399579983,
        "4,19": 41.52181014532371,
        "4,20": 77.84597717059633,
        "4,21": 31.624358334711147,
        "4,22": 58.47087593146973,
        "4,23": 14.74230023835524,
        "4,24": 75.9554918375807,
        "4,25": 15.250252057910792,
        "4,26": 59.915746790293994,
        "4,27": 24.380745656869895,
        "4,28": 61.03425855440527,
        "4,29": 63.408439644987794,
        "4,30": 24.308553042679907,
        "4,31": 82.14071925260953,
        "4,32": 38.681139548913286,
        "4,33": 56.75639004516627,
        "4,34": 36.64467169255232,
        "4,35": 27.97943126053398,
        "4,36": 57.55830859217621,
        "4,37": 44.61985954269068,
        "4,38": 9.777982742031876,
        "4,39": 55.06725945172049,
        "4,40": 22.889496324327183,
        "5,0": 13.808892550687613,
        "5,1": 34.938582594583416,
        "5,2": 14.16527999886061,
        "5,3": 36.19042340828633,
        "5,4": 24.684792310816967,
        "5,5": 0.0,
        "5,6": 33.50400511114586,
        "5,7": 43.00896983513816,
        "5,8": 58.53381539264868,
        "5,9": 34.523191424656055,
        "5,10": 43.39120582343391,
        "5,11": 39.24143360722575,
        "5,12": 53.42410628969558,
        "5,13": 59.17271856218605,
        "5,14": 63.853728280290454,
        "5,15": 38.633054938807966,
        "5,16": 35.80560303028831,
        "5,17": 38.859676912159294,
        "5,18": 42.27994538365464,
        "5,19": 18.728790048368797,
        "5,20": 53.16493064825875,
        "5,21": 29.098502452281775,
        "5,22": 52.39612961846793,
        "5,23": 13.536848182171727,
        "5,24": 52.92448777082514,
        "5,25": 18.03659148829623,
        "5,26": 41.45623325433658,
        "5,27": 37.72737354100446,
        "5,28": 47.209368034591726,
        "5,29": 38.99124809482396,
        "5,30": 39.463608557475474,
        "5,31": 60.40587711842418,
        "5,32": 14.602310733071365,
        "5,33": 38.99295387081471,
        "5,34": 47.209691804836865,
        "5,35": 17.29802745835444,
        "5,36": 41.912219980622815,
        "5,37": 28.61519841192356,
        "5,38": 27.56442682779314,
        "5,39": 40.39559968238218,
        "5,40": 31.1781307387085,
        "6,0": 42.40843642126916,
        "6,1": 53.20115634228811,
        "6,2": 21.213959025562694,
        "6,3": 35.22582374261869,
        "6,4": 48.464370824116315,
        "6,5": 33.50400511114586,
        "6,6": 0.0,
        "6,7": 67.03014224993876,
        "6,8": 87.62482133827197,
        "6,9": 43.971740056427365,
        "6,10": 36.044299346569694,
        "6,11": 13.953564117868563,
        "6,12": 71.94963212535896,
        "6,13": 68.6244998834972,
        "6,14": 96.19774050674795,
        "6,15": 23.36866078670142,
        "6,16": 65.45174804722322,
        "6,17": 67.93107308103457,
        "6,18": 69.03324243565012,
        "6,19": 41.7433842317847,
        "6,20": 51.867793031970265,
        "6,21": 22.010829698109088,
        "6,22": 84.21403430342545,
        "6,23": 45.00420817300116,
        "6,24": 36.25305055741584,
        "6,25": 49.93007048847426,
        "6,26": 13.156579186281299,
        "6,27": 69.02430365545744,
        "6,28": 74.94238175996468,
        "6,29": 35.09838548639438,
        "6,30": 45.10839553569364,
        "6,31": 74.70170632699862,
        "6,32": 25.912543225465093,
        "6,33": 63.93247888872178,
        "6,34": 79.74799412589601,
        "6,35": 20.53366516988192,
        "6,36": 68.67778193462512,
        "6,37": 57.34360343207191,
        "6,38": 43.85241531139562,
        "6,39": 68.25779107799269,
        "6,40": 34.948273796937556,
        "7,0": 29.200224666192096,
        "7,1": 15.60462638477889,
        "7,2": 55.206920810297916,
        "7,3": 79.18181402337169,
        "7,4": 60.94837939450903,
        "7,5": 43.00896983513816,
        "7,6": 67.03014224993876,
        "7,7": 0.0,
        "7,8": 24.038933413358794,
        "7,9": 76.07694377290295,
        "7,10": 86.34540377539771,
        "7,11": 63.80462115373476,
        "7,12": 14.605214530546471,
        "7,13": 31.156902514940505,
        "7,14": 68.35448519739681,
        "7,15": 55.20050120121345,
        "7,16": 59.03450370668721,
        "7,17": 62.118449184250345,
        "7,18": 6.779223807011778,
        "7,19": 26.106886151363565,
        "7,20": 43.530490445891836,
        "7,21": 71.27682451039666,
        "7,22": 29.92608492638562,
        "7,23": 46.3434559563561,
        "7,24": 61.63808238870564,
        "7,25": 46.13971451089855,
        "7,26": 67.32198830357387,
        "7,27": 55.60686727748688,
        "7,28": 11.67082158142113,
        "7,29": 43.90890968149514,
        "7,30": 81.4893783323479,
        "7,31": 25.0204256437058,
        "7,32": 41.588320670601725,
        "7,33": 4.198022463100692,
        "7,34": 55.74066890257626,
        "7,35": 58.86730639058683,
        "7,36": 6.763109200120789,
        "7,37": 16.374438354770295,
        "7,38": 67.79052240607375,
        "7,39": 9.705773813449367,
        "7,40": 74.04670117046136,
        "8,0": 45.942301824914324,
        "8,1": 39.44745809829892,
        "8,2": 72.36033863605358,
        "8,3": 92.85081799622309,
        "8,4": 69.22411498088137,
        "8,5": 58.53381539264868,
        "8,6": 87.62482133827197,
        "8,7": 24.038933413358794,
        "8,8": 0.0,
        "8,9": 86.90295335925252,
        "8,10": 100.83075888417632,
        "8,11": 86.31013872186188,
        "8,12": 32.486118028918966,
        "8,13": 51.31776584963228,
        "8,14": 57.38406399910773,
        "8,15": 78.51040378420844,
        "8,16": 60.49285756845511,
        "8,17": 62.8658088733134,
        "8,18": 19.301798286021985,
        "8,19": 45.94247577776686,
        "8,20": 67.06184827299676,
        "8,21": 87.59947737193133,
        "8,22": 14.613163149451646,
        "8,23": 56.46219024376511,
        "8,24": 85.64260598192891,
        "8,25": 54.16482457375331,
        "8,26": 89.71731957162812,
        "8,27": 55.08037948648714,
        "8,28": 13.107040203595268,
        "8,29": 67.80291096749394,
        "8,30": 92.64868678271192,
        "8,31": 42.076103049280604,
        "8,32": 61.71497387325973,
        "8,33": 25.300812878406333,
        "8,34": 49.91405276733503,
        "8,35": 75.7403408407976,
        "8,36": 19.611201923300744,
        "8,37": 30.499479424339796,
        "8,38": 77.93651800389587,
        "8,39": 19.42566622082653,
        "8,40": 87.26056634145134,
        "9,0": 47.59826938059326,
        "9,1": 69.44479744918344,
        "9,2": 29.428380236368234,
        "9,3": 12.358169907874819,
        "9,4": 18.601678987988894,
        "9,5": 34.523191424656055,
        "9,6": 43.971740056427365,
        "9,7": 76.07694377290295,
        "9,8": 86.90295335925252,
        "9,9": 0.0,
        "9,10": 19.807416622113287,
        "9,11": 56.88643392184091,
        "9,12": 87.62100227668648,
        "9,13": 93.47044739240282,
        "9,14": 67.5775092235008,
        "9,15": 62.56828907253872,
        "9,16": 35.73326480642711,
        "9,17": 36.35641969233804,
        "9,18": 73.96066680838541,
        "9,19": 53.236304945875276,
        "9,20": 84.8057859529909,
        "9,21": 22.409053007827023,
        "9,22": 76.79059345535397,
        "9,23": 30.592855386223683,
        "9,24": 77.40344517662795,
        "9,25": 32.82772039577302,
        "9,26": 56.95606261698039,
        "9,27": 41.94729905426502,
        "9,28": 77.77669717813342,
        "9,29": 68.61328581125197,
        "9,30": 5.775386209597902,
        "9,31": 94.91497259582235,
        "9,32": 44.97290595134107,
        "9,33": 71.90450740308356,
        "9,34": 54.194310059161005,
        "9,35": 26.94250757383764,
        "9,36": 73.61300450980703,
        "9,37": 60.217823179312916,
        "9,38": 9.042043421533032,
        "9,39": 71.42437033000974,
        "9,40": 9.316589975932015,
        "10,0": 57.170622937894784,
        "10,1": 76.64948199507401,
        "10,2": 32.08601811584557,
        "10,3": 8.489090081089849,
        "10,4": 36.76305633513961,
        "10,5": 43.39120582343391,
        "10,6": 36.044299346569694,
        "10,7": 86.34540377539771,
        "10,8": 100.83075888417632,
        "10,9": 19.807416622113287,
        "10,10": 0.0,
        "10,11": 49.99666489153139,
        "10,12": 95.84301708247955,
        "10,13": 98.011601187399,
        "10,14": 87.21617659745328,
        "10,15": 58.606651081564436,
        "10,16": 55.03628927233233,
        "10,17": 55.92978287357106,
        "10,18": 85.59012007727908,
        "10,19": 61.02143576985965,
        "10,20": 85.13332476208696,
        "10,21": 16.606273255165803,
        "10,22": 92.39007914772903,
        "10,23": 45.09774281735382,
        "10,24": 72.24715360393148,
        "10,25": 48.641101581795866,
        "10,26": 48.83625483108007,
        "10,27": 60.99930303880879,
        "10,28": 90.27012408003739,
        "10,29": 68.09515348133432,
        "10,30": 16.141362744577624,
        "10,31": 101.51645003083344,
        "10,32": 48.421135105984504,
        "10,33": 82.36659395378624,
        "10,34": 73.29579807221226,
        "10,35": 28.41693205590425,
        "10,36": 85.22436373501476,
        "10,37": 71.80792108538688,
        "10,38": 27.14819633122284,
        "10,39": 83.54044080402427,
        "10,40": 14.173966847310357,
        "11,0": 44.105556421898015,
        "11,1": 48.6805452255319,
        "11,2": 30.51852919791089,
        "11,3": 48.9329421785459,
        "11,4": 58.72085268174367,
        "11,5": 39.24143360722575,
        "11,6": 13.953564117868563,
        "11,7": 63.80462115373476,
        "11,8": 86.31013872186188,
        "11,9": 56.88643392184091,
        "11,10": 49.99666489153139,
        "11,11": 0.0,
        "11,12": 65.94637409261694,
        "11,13": 59.428159218482776,
        "11,14": 103.08615674348444,
        "11,15": 11.353043756074948,
        "11,16": 74.10117594721837,
        "11,17": 76.8874002081479,
        "11,18": 67.08948020652119,
        "11,19": 41.119020779477744,
        "11,20": 40.432035975686425,
        "11,21": 35.57812100955764,
        "11,22": 85.2464147850229,
        "11,23": 52.32104547536242,
        "11,24": 22.39104809063555,
        "11,25": 57.09228499657153,
        "11,26": 3.601982030506954,
        "11,27": 76.75980108508706,
        "11,28": 73.24734570625715,
        "11,29": 24.89679714446432,
        "11,30": 58.527461955782854,
        "11,31": 66.88594803361728,
        "11,32": 27.061956362369752,
        "11,33": 61.378255188186365,
        "11,34": 86.4353904970024,
        "11,35": 31.253990088834378,
        "11,36": 66.76185910055725,
        "11,37": 57.33456079097551,
        "11,38": 55.60013317034978,
        "11,39": 66.98887007752727,
        "11,40": 48.16480818884145,
        "12,0": 40.023028035187785,
        "12,1": 19.34717108910334,
        "12,2": 63.880983496675604,
        "12,3": 89.29666308544573,
        "12,4": 73.7514558656054,
        "12,5": 53.42410628969558,
        "12,6": 71.94963212535896,
        "12,7": 14.605214530546471,
        "12,8": 32.486118028918966,
        "12,9": 87.62100227668648,
        "12,10": 95.84301708247955,
        "12,11": 65.94637409261694,
        "12,12": 0.0,
        "12,13": 18.831882073509497,
        "12,14": 82.57786157266423,
        "12,15": 55.81324816018588,
        "12,16": 73.29484554438442,
        "12,17": 76.43093024460053,
        "12,18": 20.822168182366703,
        "12,19": 34.92193402449147,
        "12,20": 36.69981880058062,
        "12,21": 79.95758885151503,
        "12,22": 42.28454966391601,
        "12,23": 59.011000305553466,
        "12,24": 58.666340443701316,
        "12,25": 59.43459847461008,
        "12,26": 69.54835612308301,
        "12,27": 70.08984943606583,
        "12,28": 23.54992183768705,
        "12,29": 42.721788217017135,
        "12,30": 92.78443271829656,
        "12,31": 10.605460144607138,
        "12,32": 48.40642975895631,
        "12,33": 18.208160160385873,
        "12,34": 70.31258702975515,
        "12,35": 67.58846701400435,
        "12,36": 20.92326329214687,
        "12,37": 30.046736694567432,
        "12,38": 79.78893331095809,
        "12,39": 24.05280576104163,
        "12,40": 84.5236622038874,
        "13,0": 47.775655579655975,
        "13,1": 25.694406877595164,
        "13,2": 66.27664751698782,
        "13,3": 92.66097187107474,
        "13,4": 82.44502727832835,
        "13,5": 59.17271856218605,
        "13,6": 68.6244998834972,
        "13,7": 31.156902514940505,
        "13,8": 51.31776584963228,
        "13,9": 93.47044739240282,
        "13,10": 98.011601187399,
        "13,11": 59.428159218482776,
        "13,12": 18.831882073509497,
        "13,13": 0.0,
        "13,14": 99.19525943034282,
        "13,15": 48.22059177379301,
        "13,16": 85.70567473634112,
        "13,17": 88.98296346770361,
        "13,18": 37.922349833060494,
        "13,19": 40.95821981114158,
        "13,20": 22.162770692067166,
        "13,21": 81.4630509183262,
        "13,22": 60.58005644151064,
        "13,23": 68.06138868515258,
        "13,24": 46.483866039956546,
        "13,25": 69.70348328395711,
        "13,26": 62.8947405175132,
        "13,27": 83.5506472234478,
        "13,28": 41.77084214768022,
        "13,29": 34.53349453800531,
        "13,30": 98.03824626599197,
        "13,31": 10.798202190986228,
        "13,32": 49.712827701619254,
        "13,33": 33.50206903458267,
        "13,34": 85.68856124171106,
        "13,35": 69.80874464895352,
        "13,36": 37.919316189236135,
        "13,37": 43.12018162601163,
        "13,38": 86.71928513080688,
        "13,39": 40.80363902533008,
        "13,40": 88.64510916466685,
        "14,0": 62.22270722789915,
        "14,1": 76.24611262562156,
        "14,2": 75.01936542760191,
        "14,3": 79.06738750758124,
        "14,4": 51.356547876543964,
        "14,5": 63.853728280290454,
        "14,6": 96.19774050674795,
        "14,7": 68.35448519739681,
        "14,8": 57.38406399910773,
        "14,9": 67.5775092235008,
        "14,10": 87.21617659745328,
        "14,11": 103.08615674348444,
        "14,12": 82.57786157266423,
        "14,13": 99.19525943034282,
        "14,14": 0.0,
        "14,15": 101.26192087792236,
        "14,16": 32.50846727163282,
        "14,17": 31.292611693612965,
        "14,18": 61.79471873705172,
        "14,19": 68.47408520408632,
        "14,20": 105.8650758721766,
        "14,21": 82.67561606921718,
        "14,22": 42.97892374378426,
        "14,23": 51.230724850942444,
        "14,24": 114.2519043744578,
        "14,25": 46.31887631015185,
        "14,26": 105.28648541829466,
        "14,27": 27.49365975384943,
        "14,28": 59.67393434001743,
        "14,29": 97.39261541439512,
        "14,30": 72.36872995621206,
        "14,31": 93.17546058172265,
        "14,32": 76.99241610045415,
        "14,33": 65.69590524567528,
        "14,34": 16.655191160696145,
        "14,35": 76.3254739085666,
        "14,36": 61.723172072535604,
        "14,37": 57.403936599607626,
        "14,38": 60.32003491892361,
        "14,39": 58.66047016816871,
        "14,40": 73.95885936037699,
        "15,0": 39.804233715670925,
        "15,1": 39.68732272048796,
        "15,2": 33.86027347612212,
        "15,3": 56.28676234400549,
        "15,4": 61.10692441364071,
        "15,5": 38.633054938807966,
        "15,6": 23.36866078670142,
        "15,7": 55.20050120121345,
        "15,8": 78.51040378420844,
        "15,9": 62.56828907253872,
        "15,10": 58.606651081564436,
        "15,11": 11.353043756074948,
        "15,12": 55.81324816018588,
        "15,13": 48.22059177379301,
        "15,14": 101.26192087792236,
        "15,15": 0.0,
        "15,16": 74.43237470739084,
        "15,17": 77.45686293025702,
        "15,18": 59.2134314098045,
        "15,19": 35.23997810096434,
        "15,20": 29.141699602399044,
        "15,21": 42.975175212452434,
        "15,22": 79.03043002399825,
        "15,23": 52.16942983528303,
        "15,24": 14.978404963810949,
        "15,25": 56.58300153046391,
        "15,26": 14.707006741021907,
        "15,27": 76.16055171533563,
        "15,28": 65.4081068444769,
        "15,29": 13.73023409709209,
        "15,30": 65.05929757799278,
        "15,31": 56.019485864924434,
        "15,32": 24.40589949656716,
        "15,33": 53.245154383699834,
        "15,34": 84.6849223172579,
        "15,35": 35.723364795040055,
        "15,36": 58.9108127151479,
        "15,37": 51.057013401811794,
        "15,38": 59.7464541351451,
        "15,39": 59.5551634797579,
        "15,40": 54.54601158971435,
        "16,0": 39.87338414313532,
        "16,1": 60.135000559983546,
        "16,2": 44.34316625368049,
        "16,3": 46.75400209969246,
        "16,4": 18.85110715923802,
        "16,5": 35.80560303028831,
        "16,6": 65.45174804722322,
        "16,7": 59.03450370668721,
        "16,8": 60.49285756845511,
        "16,9": 35.73326480642711,
        "16,10": 55.03628927233233,
        "16,11": 74.10117594721837,
        "16,12": 73.29484554438442,
        "16,13": 85.70567473634112,
        "16,14": 32.50846727163282,
        "16,15": 74.43237470739084,
        "16,16": 0.0,
        "16,17": 3.3191916090365714,
        "16,18": 54.20949415838351,
        "16,19": 47.13541322630197,
        "16,20": 85.88535268413601,
        "16,21": 50.31975233291958,
        "16,22": 47.45267958925727,
        "16,23": 22.27164162966818,
        "16,24": 88.67287435360683,
        "16,25": 18.145094449832712,
        "16,26": 75.81550035186547,
        "16,27": 6.556255784408652,
        "16,28": 55.51212215978446,
        "16,29": 73.78585078002503,
        "16,30": 40.936592291141025,
        "16,31": 82.99678115767624,
        "16,32": 50.28547267779428,
        "16,33": 55.134480489368805,
        "16,34": 18.510920047919097,
        "16,35": 45.046943304829476,
        "16,36": 53.958006164756064,
        "16,37": 43.35800779302581,
        "16,38": 27.946468433719378,
        "16,39": 50.96003543978452,
        "16,40": 41.52395061205669,
        "17,0": 43.18525618354911,
        "17,1": 63.4288453376099,
        "17,2": 46.92081857932112,
        "17,3": 47.77894630386273,
        "17,4": 20.501463030134296,
        "17,5": 38.859676912159294,
        "17,6": 67.93107308103457,
        "17,7": 62.118449184250345,
        "17,8": 62.8658088733134,
        "17,9": 36.35641969233804,
        "17,10": 55.92978287357106,
        "17,11": 76.8874002081479,
        "17,12": 76.43093024460053,
        "17,13": 88.98296346770361,
        "17,14": 31.292611693612965,
        "17,15": 77.45686293025702,
        "17,16": 3.3191916090365714,
        "17,17": 0.0,
        "17,18": 57.18393356314097,
        "17,19": 50.44989179877724,
        "17,20": 89.18954197870949,
        "17,21": 52.12426582305768,
        "17,22": 49.542885865833355,
        "17,23": 25.349969287159773,
        "17,24": 91.76768411448894,
        "17,25": 21.35759355841215,
        "17,26": 78.52394069080641,
        "17,27": 7.939738576646556,
        "17,28": 58.31047114624611,
        "17,29": 77.00753689455134,
        "17,30": 41.327561256040894,
        "17,31": 86.18612479187604,
        "17,32": 53.38704621809481,
        "17,33": 58.250653465730075,
        "17,34": 18.632359126297192,
        "17,35": 47.4500048480487,
        "17,36": 56.939676756875734,
        "17,37": 46.543373537620226,
        "17,38": 29.06705570028735,
        "17,39": 53.91535572190586,
        "17,40": 42.72479519221009,
        "18,0": 28.738382897849498,
        "18,1": 20.54116652867496,
        "18,2": 55.36140921511732,
        "18,3": 78.07869708387064,
        "18,4": 57.88442399579983,
        "18,5": 42.27994538365464,
        "18,6": 69.03324243565012,
        "18,7": 6.779223807011778,
        "18,8": 19.301798286021985,
        "18,9": 73.96066680838541,
        "18,10": 85.59012007727908,
        "18,11": 67.08948020652119,
        "18,12": 20.822168182366703,
        "18,13": 37.922349833060494,
        "18,14": 61.79471873705172,
        "18,15": 59.2134314098045,
        "18,16": 54.20949415838351,
        "18,17": 57.18393356314097,
        "18,18": 0.0,
        "18,19": 27.329948092669973,
        "18,20": 49.76230322635602,
        "18,21": 71.18072486678797,
        "18,22": 23.298389058137325,
        "18,23": 43.620034644318594,
        "18,24": 66.74315268231926,
        "18,25": 42.753320085404,
        "18,26": 70.5242780832006,
        "18,27": 50.332557557936866,
        "18,28": 6.19529667453244,
        "18,29": 48.75434143209411,
        "18,30": 79.52186240895486,
        "18,31": 31.396682774114076,
        "18,32": 43.18249403595539,
        "18,33": 6.158794884121986,
        "18,34": 49.62375832967928,
        "18,35": 58.92490299205884,
        "18,36": 0.3695570333144605,
        "18,37": 13.849136417903994,
        "18,38": 65.38124656673357,
        "18,39": 3.3320317501418097,
        "18,40": 72.7413562623035,
        "19,0": 7.287312947559978,
        "19,1": 16.21067117448704,
        "19,2": 29.315199244367232,
        "19,3": 54.374849140515046,
        "19,4": 41.52181014532371,
        "19,5": 18.728790048368797,
        "19,6": 41.7433842317847,
        "19,7": 26.106886151363565,
        "19,8": 45.94247577776686,
        "19,9": 53.236304945875276,
        "19,10": 61.02143576985965,
        "19,11": 41.119020779477744,
        "19,12": 34.92193402449147,
        "19,13": 40.95821981114158,
        "19,14": 68.47408520408632,
        "19,15": 35.23997810096434,
        "19,16": 47.13541322630197,
        "19,17": 50.44989179877724,
        "19,18": 27.329948092669973,
        "19,19": 0.0,
        "19,20": 38.84104634719494,
        "19,21": 45.448761701190826,
        "19,22": 44.165793179244545,
        "19,23": 27.37191631707417,
        "19,24": 46.403901676295256,
        "19,25": 29.70021107091345,
        "19,26": 44.351156835571174,
        "19,27": 46.58219475768424,
        "19,28": 33.19913221992128,
        "19,29": 28.976893412973794,
        "19,30": 58.18659002636624,
        "19,31": 41.6801380400283,
        "19,32": 15.855802201933589,
        "19,33": 22.566025894839303,
        "19,34": 52.46614168461321,
        "19,35": 33.01258246615416,
        "19,36": 26.970620094763436,
        "19,37": 16.216470135281543,
        "19,38": 45.97712334251748,
        "19,39": 26.535135316638797,
        "19,40": 49.636800136298966,
        "20,0": 46.04071835787573,
        "20,1": 30.34854550985909,
        "20,2": 55.5897472308615,
        "20,3": 81.26344920983236,
        "20,4": 77.84597717059633,
        "20,5": 53.16493064825875,
        "20,6": 51.867793031970265,
        "20,7": 43.530490445891836,
        "20,8": 67.06184827299676,
        "20,9": 84.8057859529909,
        "20,10": 85.13332476208696,
        "20,11": 40.432035975686425,
        "20,12": 36.69981880058062,
        "20,13": 22.162770692067166,
        "20,14": 105.8650758721766,
        "20,15": 29.141699602399044,
        "20,16": 85.88535268413601,
        "20,17": 89.18954197870949,
        "20,18": 49.76230322635602,
        "20,19": 38.84104634719494,
        "20,20": 0.0,
        "20,21": 68.67962937671939,
        "20,22": 72.91315919125104,
        "20,23": 65.06137309786565,
        "20,24": 24.478073103199982,
        "20,25": 68.10836097374724,
        "20,26": 43.60027905312578,
        "20,27": 85.39982940819627,
        "20,28": 55.201255205618274,
        "20,29": 17.070373023153113,
        "20,30": 88.48193026474746,
        "20,31": 32.272815167221445,
        "20,32": 40.010093084291675,
        "20,33": 43.87110579406104,
        "20,34": 90.51963691285219,
        "20,35": 58.6069382698308,
        "20,36": 49.60341817245339,
        "20,37": 48.73117254014631,
        "20,38": 79.68899179704808,
        "20,39": 51.68564129077997,
        "20,40": 78.27145940216766,
        "21,0": 42.448397745118946,
        "21,1": 60.652456937353435,
        "21,2": 16.13551421812754,
        "21,3": 13.396044789044955,
        "21,4": 31.624358334711147,
        "21,5": 29.098502452281775,
        "21,6": 22.010829698109088,
        "21,7": 71.27682451039666,
        "21,8": 87.59947737193133,
        "21,9": 22.409053007827023,
        "21,10": 16.606273255165803,
        "21,11": 35.57812100955764,
        "21,12": 79.95758885151503,
        "21,13": 81.4630509183262,
        "21,14": 82.67561606921718,
        "21,15": 42.975175212452434,
        "21,16": 50.31975233291958,
        "21,17": 52.12426582305768,
        "21,18": 71.18072486678797,
        "21,19": 45.448761701190826,
        "21,20": 68.67962937671939,
        "21,21": 0.0,
        "21,22": 80.66486012397141,
        "21,23": 34.56900014589901,
        "21,24": 57.22054710690825,
        "21,25": 39.007974396232015,
        "21,26": 35.16044991570317,
        "21,27": 55.27110693398512,
        "21,28": 76.26687732793715,
        "21,29": 51.68987755170876,
        "21,30": 23.10322599880486,
        "21,31": 85.22490026467149,
        "21,32": 32.01657100213614,
        "21,33": 67.43998601305528,
        "21,34": 67.19078009740664,
        "21,35": 12.436587793629842,
        "21,36": 70.81142800723711,
        "21,37": 57.65943199757632,
        "21,38": 24.37017956306268,
        "21,39": 69.43300560098163,
        "21,40": 13.146902592305397,
        "22,0": 41.84947343583012,
        "22,1": 42.99744365967726,
        "22,2": 66.5613201154186,
        "22,3": 84.10566093100077,
        "22,4": 58.47087593146973,
        "22,5": 52.39612961846793,
        "22,6": 84.21403430342545,
        "22,7": 29.92608492638562,
        "22,8": 14.613163149451646,
        "22,9": 76.79059345535397,
        "22,10": 92.39007914772903,
        "22,11": 85.2464147850229,
        "22,12": 42.28454966391601,
        "22,13": 60.58005644151064,
        "22,14": 42.97892374378426,
        "22,15": 79.03043002399825,
        "22,16": 47.45267958925727,
        "22,17": 49.542885865833355,
        "22,18": 23.298389058137325,
        "22,19": 44.165793179244545,
        "22,20": 72.91315919125104,
        "22,21": 80.66486012397141,
        "22,22": 0.0,
        "22,23": 47.29724860891984,
        "22,24": 88.35481465744098,
        "22,25": 44.10675643877744,
        "22,26": 88.4122452945007,
        "22,27": 41.63118789445444,
        "22,28": 18.814411300072322,
        "22,29": 70.21784177024553,
        "22,30": 82.56436254550604,
        "22,31": 52.69831397580568,
        "22,32": 58.88801152785511,
        "22,33": 29.043445614550915,
        "22,34": 35.483094284079435,
        "22,35": 69.5959341988892,
        "22,36": 23.41425310167297,
        "22,37": 28.016938423216608,
        "22,38": 67.74878087631811,
        "22,39": 21.236741112393222,
        "22,40": 78.39948540636978,
        "23,0": 20.302067967372583,
        "23,1": 42.55659560571821,
        "23,2": 23.920859835002155,
        "23,3": 36.814891229730804,
        "23,4": 14.74230023835524,
