{
    "num_robots": 6,
    "num_tasks": 50,
    "num_nodes": 51,
    "robot_capacity": [
        115,
        125,
        122,
        121,
        102,
        105
    ],
    "robot_speed": [
        0.95,
        1.2,
        0.91,
        1.08,
        0.89,
        1.0
    ],
    "task_demand": {
        "0": 0,
        "1": 10,
        "2": 8,
        "3": 9,
        "4": 8,
        "5": 7,
        "6": 15,
        "7": 14,
        "8": 10,
        "9": 6,
        "10": 7,
        "11": 13,
        "12": 15,
        "13": 11,
        "14": 9,
        "15": 14,
        "16": 12,
        "17": 13,
        "18": 8,
        "19": 7,
        "20": 15,
        "21": 5,
        "22": 15,
        "23": 8,
        "24": 9,
        "25": 12,
        "26": 13,
        "27": 14,
        "28": 12,
        "29": 8,
        "30": 8,
        "31": 8,
        "32": 8,
        "33": 12,
        "34": 14,
        "35": 11,
        "36": 8,
        "37": 14,
        "38": 8,
        "39": 5,
        "40": 8,
        "41": 11,
        "42": 14,
        "43": 13,
        "44": 13,
        "45": 7,
        "46": 14,
        "47": 8,
        "48": 8,
        "49": 6,
        "50": 11
    },
    "task_service_time": {
        "0": 0,
        "1": 10,
        "2": 34,
        "3": 81,
        "4": 20,
        "5": 12,
        "6": 25,
        "7": 75,
        "8": 63,
        "9": 62,
        "10": 60,
        "11": 71,
        "12": 39,
        "13": 50,
        "14": 64,
        "15": 35,
        "16": 72,
        "17": 88,
        "18": 61,
        "19": 76,
        "20": 59,
        "21": 41,
        "22": 52,
        "23": 96,
        "24": 99,
        "25": 80,
        "26": 100,
        "27": 26,
        "28": 84,
        "29": 48,
        "30": 61,
        "31": 71,
        "32": 12,
        "33": 60,
        "34": 100,
        "35": 31,
        "36": 37,
        "37": 96,
        "38": 91,
        "39": 92,
        "40": 43,
        "41": 96,
        "42": 71,
        "43": 17,
        "44": 31,
        "45": 66,
        "46": 61,
        "47": 95,
        "48": 43,
        "49": 53,
        "50": 20
    },
    "task_precedence": [],
    "coordinates": {
        "0": [
            0,
            0
        ],
        "1": [
            20.640510120031998,
            74.74533246234574
        ],
        "2": [
            76.13703145795513,
            95.5752851376272
        ],
        "3": [
            57.64522684438697,
            80.19241193076017
        ],
        "4": [
            61.89659065416,
            73.78708758340868
        ],
        "5": [
            95.48966926841437,
            40.44045147557015
        ],
        "6": [
            63.24944746162616,
            24.16418680362429
        ],
        "7": [
            74.95256184918256,
            36.111387091960566
        ],
        "8": [
            21.14043158066532,
            79.19545602000679
        ],
        "9": [
            18.01038424630015,
            29.418540843736174
        ],
        "10": [
            8.140031594809582,
            93.1112775770217
        ],
        "11": [
            36.649456082762114,
            35.39578186297065
        ],
        "12": [
            60.787233364801985,
            33.54487283737541
        ],
        "13": [
            43.049793405402845,
            2.2110609282589344
        ],
        "14": [
            56.231395944977,
            29.74277514857465
        ],
        "15": [
            78.65421457866755,
            47.83989187210739
        ],
        "16": [
            99.57048713894004,
            91.62593677829736
        ],
        "17": [
            48.734737563060825,
            83.46794963112583
        ],
        "18": [
            61.85172311682686,
            9.684087328768154
        ],
        "19": [
            82.53194588270172,
            65.95775610670901
        ],
        "20": [
            86.66258355959519,
            43.30268454324606
        ],
        "21": [
            67.78216170703564,
            83.95936290482851
        ],
        "22": [
            92.26352254875799,
            7.7830370624642935
        ],
        "23": [
            72.27857147027677,
            94.95005622400802
        ],
        "24": [
            85.44526671598616,
            11.639274243041786
        ],
        "25": [
            64.82216480953254,
            61.576955704292935
        ],
        "26": [
            73.04899851707793,
            95.3363332568897
        ],
        "27": [
            64.0519735377466,
            39.74231874130566
        ],
        "28": [
            38.46856225262473,
            30.687243114834107
        ],
        "29": [
            47.58931576997002,
            20.70076355101962
        ],
        "30": [
            63.66462220318917,
            84.79205833997702
        ],
        "31": [
            71.15759806245502,
            65.9566634568858
        ],
        "32": [
            76.45897368745858,
            7.303973721084478
        ],
        "33": [
            82.13418045433535,
            16.223538039797305
        ],
        "34": [
            69.50084811855707,
            99.91319211973256
        ],
        "35": [
            14.16272079876395,
            56.46956907214155
        ],
        "36": [
            7.5297414511446785,
            60.191521436170305
        ],
        "37": [
            48.058866625381505,
            97.48776207966945
        ],
        "38": [
            63.51528656422748,
            74.81140448480802
        ],
        "39": [
            21.667798924668624,
            43.12113573872423
        ],
        "40": [
            62.39241439740139,
            64.91600092398244
        ],
        "41": [
            70.00306967090276,
            14.76986183499548
        ],
        "42": [
            41.56331164375623,
            63.30084935720297
        ],
        "43": [
            47.21724655951546,
            55.01454487919225
        ],
        "44": [
            51.665070856069704,
            54.72229116648357
        ],
        "45": [
            38.28456570338663,
            66.13201864317112
        ],
        "46": [
            60.86934511919202,
            95.14549174065455
        ],
        "47": [
            56.49402418791007,
            22.2115817388126
        ],
        "48": [
            38.302726946907896,
            86.51405276774244
        ],
        "49": [
            98.77522505913929,
            99.90375462935398
        ],
        "50": [
            83.06119519854327,
            43.56928990465776
        ]
    },
    "distance_matrix_str_keys": {
        "0,0": 0.0,
        "0,1": 77.54286158584644,
        "0,2": 122.1944462255482,
        "0,3": 98.7613037034929,
        "0,4": 96.31055097262329,
        "0,5": 103.7000822205031,
        "0,6": 67.70820133544723,
        "0,7": 83.19806972196503,
        "0,8": 81.96851896694011,
        "0,9": 34.49383258024469,
        "0,10": 93.46641175518445,
        "0,11": 50.95138864499486,
        "0,12": 69.42871332397412,
        "0,13": 43.10653665833454,
        "0,14": 63.61291192406968,
        "0,15": 92.06052750947067,
        "0,16": 135.31294912012808,
        "0,17": 96.65388383797399,
        "0,18": 62.605248980511384,
        "0,19": 105.65011917559448,
        "0,20": 96.87892380634551,
        "0,21": 107.90549599099863,
        "0,22": 92.59121588477421,
        "0,23": 119.33023535854687,
        "0,24": 86.23436849116916,
        "0,25": 89.4071279283853,
        "0,26": 120.10484013234765,
        "0,27": 75.3797533361295,
        "0,28": 49.20911675465226,
        "0,29": 51.89667221555868,
        "0,30": 106.0324350272353,
        "0,31": 97.02414759420871,
        "0,32": 76.8070484360503,
        "0,33": 83.72112508461693,
        "0,34": 121.70872544215277,
        "0,35": 58.21850987114929,
        "0,36": 60.66066484240043,
        "0,37": 108.69001065699848,
        "0,38": 98.13734186498782,
        "0,39": 48.25894588195385,
        "0,40": 90.03832822914666,
        "0,41": 71.54424213012618,
        "0,42": 75.72652378222115,
        "0,43": 72.49874840938107,
        "0,44": 75.25827992368752,
        "0,45": 76.4143432931126,
        "0,46": 112.95017385471466,
        "0,47": 60.70361712685762,
        "0,48": 94.6138479180987,
        "0,49": 140.4895201590702,
        "0,50": 93.7946969215564,
        "1,0": 77.54286158584644,
        "1,1": 0.0,
        "1,2": 59.27689945556383,
        "1,3": 37.40347222631849,
        "1,4": 41.26720749319566,
        "1,5": 82.33602786591487,
        "1,6": 66.13602526255032,
        "1,7": 66.65118677046819,
        "1,8": 4.47811580301934,
        "1,9": 45.40303514687678,
        "1,10": 22.216433181652636,
        "1,11": 42.48144869481729,
        "1,12": 57.5259703142934,
        "1,13": 75.91703711516038,
        "1,14": 57.37544177244759,
        "1,15": 63.94914102917064,
        "1,16": 80.71490614674018,
        "1,17": 29.41716617714445,
        "1,18": 77.0151264038349,
        "1,19": 62.5121693670186,
        "1,20": 73.12697374719906,
        "1,21": 48.033672265874515,
        "1,22": 98.05001231303554,
        "1,23": 55.45015998441054,
        "1,24": 90.45458010205479,
        "1,25": 46.10232919868898,
        "1,26": 56.30842716489432,
        "1,27": 55.76527706039749,
        "1,28": 47.528461786552306,
        "1,29": 60.39083999059137,
        "1,30": 44.181567665762344,
        "1,31": 51.27588982231351,
        "1,32": 87.54449008301793,
        "1,33": 84.88976330288006,
        "1,34": 54.96138452644758,
        "1,35": 19.38982418655368,
        "1,36": 19.58840653230127,
        "1,37": 35.62280699711021,
        "1,38": 42.87482735419342,
        "1,39": 31.64087768540003,
        "1,40": 42.89332429735052,
        "1,41": 77.677019525632,
        "1,42": 23.848266543819392,
        "1,43": 33.10025526223766,
        "1,44": 36.924863596225975,
        "1,45": 19.634201597622766,
        "1,46": 45.10571653316253,
        "1,47": 63.60243262720264,
        "1,48": 21.22396477725674,
        "1,49": 82.08519893713462,
        "1,50": 69.77311484540054,
        "2,0": 122.1944462255482,
        "2,1": 59.27689945556383,
        "2,2": 0.0,
        "2,3": 24.0536821706143,
        "2,4": 26.029131890019833,
        "2,5": 58.43264903429859,
        "2,6": 72.5646938016765,
        "2,7": 59.47569368270994,
        "2,8": 57.38401171045084,
        "2,9": 88.06487342655686,
        "2,10": 68.04162934297896,
        "2,11": 71.97806070877395,
        "2,12": 63.901395537498225,
        "2,13": 99.05374139407078,
        "2,14": 68.77611283457536,
        "2,15": 47.80171525245757,
        "2,16": 23.763926393086333,
        "2,17": 29.957858464335374,
        "2,18": 87.07105084608583,
        "2,19": 30.30004878539165,
        "2,20": 53.32177810186037,
        "2,21": 14.308511378660485,
        "2,22": 89.26109195496485,
        "2,23": 3.908788133288923,
        "2,24": 84.45056049852373,
        "2,25": 35.8317263263872,
        "2,26": 3.0972641871901514,
        "2,27": 57.125902719760724,
        "2,28": 75.02913813862378,
        "2,29": 80.13217864145088,
        "2,30": 16.487539925287,
        "2,31": 30.034272210378365,
        "2,32": 88.27189850680342,
        "2,33": 79.57804699515276,
        "2,34": 7.928200697478762,
        "2,35": 73.28077654253072,
        "2,36": 77.19437139946884,
        "2,37": 28.143221358242158,
        "2,38": 24.29911899487014,
        "2,39": 75.61967390783744,
        "2,40": 33.59919949395093,
        "2,41": 81.0379042320476,
        "2,42": 47.29673674510175,
        "2,43": 49.8149335930928,
        "2,44": 47.621885432083964,
        "2,45": 47.95534491132705,
        "2,46": 15.273734595799912,
        "2,47": 75.94788154386062,
        "2,48": 38.90424822427104,
        "2,49": 23.04828535196284,
        "2,50": 52.464917646729575,
        "3,0": 98.7613037034929,
        "3,1": 37.40347222631849,
        "3,2": 24.0536821706143,
        "3,3": 0.0,
        "3,4": 7.687800351064128,
        "3,5": 54.88551887717303,
        "3,6": 56.30780851377284,
        "3,7": 47.35694875947025,
        "3,8": 36.51840629510303,
        "3,9": 64.41200767665023,
        "3,10": 51.16308675485613,
        "3,11": 49.472825422701355,
        "3,12": 46.75323634191745,
        "3,13": 79.3354761846623,
        "3,14": 50.469443916755935,
        "3,15": 38.575421187132655,
        "3,16": 43.45633372944936,
        "3,17": 9.493469674420668,
        "3,18": 70.63369202491063,
        "3,19": 28.67009262142715,
        "3,20": 46.934624505398446,
        "3,21": 10.814220640000668,
        "3,22": 80.25922978880791,
        "3,23": 20.782753427447695,
        "3,24": 73.97550205097482,
        "3,25": 19.95103127848447,
        "3,26": 21.6012623445112,
        "3,27": 40.95432141091376,
        "3,28": 53.08960542665849,
        "3,29": 60.33554155284651,
        "3,30": 7.575610046418102,
        "3,31": 19.627549784583156,
        "3,32": 75.27736376176372,
        "3,33": 68.4961727090508,
        "3,34": 23.010104890206833,
        "3,35": 49.532833608651494,
        "3,36": 53.95922068355747,
        "3,37": 19.774413746604644,
        "3,38": 7.963218083657295,
        "3,39": 51.659024751002995,
        "3,40": 15.997016062737918,
        "3,41": 66.57947386663331,
        "3,42": 23.322797488652093,
        "3,43": 27.251931346018367,
        "3,44": 26.16274674783672,
        "3,45": 23.92759618554107,
        "3,46": 15.296716459783214,
        "3,47": 57.99225756343461,
        "3,48": 20.34933525095549,
        "3,49": 45.60936070728175,
        "3,50": 44.57829644926175,
        "4,0": 96.31055097262329,
        "4,1": 41.26720749319566,
        "4,2": 26.029131890019833,
        "4,3": 7.687800351064128,
        "4,4": 0.0,
        "4,5": 47.333846985979015,
        "4,6": 49.641338653805796,
        "4,7": 39.87376068753188,
        "4,8": 41.113440035710866,
        "4,9": 62.40646643308514,
        "4,10": 57.12435523321628,
        "4,11": 45.94899519017159,
        "4,12": 40.25750267045025,
        "4,13": 74.01573723387796,
        "4,14": 44.40716033423248,
        "4,15": 30.8881032903576,
        "4,16": 41.68389397529821,
        "4,17": 16.338710682872357,
        "4,18": 64.10301595667983,
        "4,19": 22.070711741585143,
        "4,20": 39.276624515188956,
        "4,21": 11.752239439069246,
        "4,22": 72.65456102587457,
        "4,23": 23.572372968142346,
        "4,24": 66.45969340324939,
        "4,25": 12.555727961531433,
        "4,26": 24.264092611035643,
        "4,27": 34.11292952660452,
        "4,28": 49.05577548055338,
        "4,29": 54.98050485293475,
        "4,30": 11.146089758802718,
        "4,31": 12.12772856794407,
        "4,32": 68.05929347590428,
        "4,33": 61.01739323324098,
        "4,34": 27.210256702717118,
        "4,35": 50.778132879813214,
        "4,36": 56.04100026879732,
        "4,37": 27.444572830968596,
        "4,38": 1.9155682091122577,
        "4,39": 50.58415054693811,
        "4,40": 8.884932172133455,
        "4,41": 59.57136843390503,
        "4,42": 22.87801187716416,
        "4,43": 23.830474242670977,
        "4,44": 21.63678487662883,
        "4,45": 24.821921818339003,
        "4,46": 21.383092889789573,
        "4,47": 51.85769496948561,
        "4,48": 26.807574441557218,
        "4,49": 45.18975517929797,
        "4,50": 36.89248950767695,
        "5,0": 103.7000822205031,
        "5,1": 82.33602786591487,
        "5,2": 58.43264903429859,
        "5,3": 54.88551887717303,
        "5,4": 47.333846985979015,
        "5,5": 0.0,
        "5,6": 36.11576793897833,
        "5,7": 20.9884153662563,
        "5,8": 83.84366119146223,
        "5,9": 78.25932609928448,
        "5,10": 102.00085844697283,
        "5,11": 59.05606979162507,
        "5,12": 35.380899683301635,
        "5,13": 64.89550741112136,
        "5,14": 40.68970758232202,
        "5,15": 18.389786643472117,
        "5,16": 51.34790141931902,
        "5,17": 63.54045354180769,
        "5,18": 45.57922066937727,
        "5,19": 28.61879506511386,
        "5,20": 9.279537717178442,
        "5,21": 51.59071260654861,
        "5,22": 32.81637912393876,
        "5,23": 59.24569242422295,
        "5,24": 30.502423389211824,
        "5,25": 37.245773461513096,
        "5,26": 59.305493340149354,
        "5,27": 31.44544644568905,
        "5,28": 57.84921536748849,
        "5,29": 51.80829223815987,
        "5,30": 54.58844797352918,
        "5,31": 35.25800282272541,
        "5,32": 38.2124787506455,
        "5,33": 27.655523459495488,
        "5,34": 64.90320257496603,
        "5,35": 82.8915264566282,
        "5,36": 90.15017285733742,
        "5,37": 74.18946479469247,
        "5,38": 46.94383410073195,
        "5,39": 73.87052598409957,
        "5,40": 41.16407172278355,
        "5,41": 36.173829373438736,
        "5,42": 58.57174948701027,
        "5,43": 50.424507858025954,
        "5,44": 46.09301867919081,
        "5,45": 62.70949288116515,
        "5,46": 64.73954181643344,
        "5,47": 43.04592927472161,
        "5,48": 73.43788605422523,
        "5,49": 59.55400321399699,
        "5,50": 12.816263013093705,
        "6,0": 67.70820133544723,
        "6,1": 66.13602526255032,
        "6,2": 72.5646938016765,
        "6,3": 56.30780851377284,
        "6,4": 49.641338653805796,
        "6,5": 36.11576793897833,
        "6,6": 0.0,
        "6,7": 16.724188503417793,
        "6,8": 69.29364913200185,
        "6,9": 45.54317816072022,
        "6,10": 88.26521989604306,
        "6,11": 28.874006804265584,
        "6,12": 9.698441561530027,
        "6,13": 29.832293905945868,
        "6,14": 8.965137757600692,
        "6,15": 28.246165410902695,
        "6,16": 76.61791978960477,
        "6,17": 61.054181584393255,
        "6,18": 14.547402316076008,
        "6,19": 46.02735252489032,
        "6,20": 30.239990702239446,
        "6,21": 59.966728970359576,
        "6,22": 33.31904290348134,
        "6,23": 71.35940295408312,
        "6,24": 25.485835811729924,
        "6,25": 37.445810402116344,
        "6,26": 71.84361928281082,
        "6,27": 15.598789785450075,
        "6,28": 25.625037275698162,
        "6,29": 16.038548102203507,
        "6,30": 60.62929306114761,
        "6,31": 42.53410338468179,
        "6,32": 21.418645342308675,
        "6,33": 20.48626473997605,
        "6,34": 76.00652482881502,
        "6,35": 58.76346192992358,
        "6,36": 66.35250167567109,
        "6,37": 74.88057449969482,
        "6,38": 50.64791534973263,
        "6,39": 45.69900882928479,
        "6,40": 40.7608250624714,
        "6,41": 11.569993714857274,
        "6,42": 44.743344114446664,
        "6,43": 34.76745689803038,
        "6,44": 32.68020078871553,
        "6,45": 48.83179528253453,
        "6,46": 71.0211978054731,
        "6,47": 7.0319563526939834,
        "6,48": 67.15537692681774,
        "6,49": 83.6574145448942,
        "6,50": 27.731991900203976,
        "7,0": 83.19806972196503,
        "7,1": 66.65118677046819,
        "7,2": 59.47569368270994,
        "7,3": 47.35694875947025,
        "7,4": 39.87376068753188,
        "7,5": 20.9884153662563,
        "7,6": 16.724188503417793,
        "7,7": 0.0,
        "7,8": 68.9346238071443,
        "7,9": 57.33415893741334,
        "7,10": 87.82312744545406,
        "7,11": 38.309789900198474,
        "7,12": 14.395955212815593,
        "7,13": 46.551248623240824,
        "7,14": 19.774763485266426,
        "7,15": 12.298782757152454,
        "7,16": 60.72814398982433,
        "7,17": 54.12964368831395,
        "7,18": 29.496341269127278,
        "7,19": 30.793713736607042,
        "7,20": 13.741883695156224,
        "7,21": 48.382263564113,
        "7,22": 33.198867085126665,
        "7,23": 58.89939906125558,
        "7,24": 26.626700184440047,
        "7,25": 27.40657090791107,
        "7,26": 59.255529713251974,
        "7,27": 11.489407738331424,
        "7,28": 36.885004601412604,
        "7,29": 31.404371573272144,
        "7,30": 49.97224564304715,
        "7,31": 30.085582451422454,
        "7,32": 28.846773506703112,
        "7,33": 21.144790982923144,
        "7,34": 64.0342994605432,
        "7,35": 64.10819252227694,
        "7,36": 71.59392139323884,
        "7,37": 67.00992649915798,
        "7,38": 40.354709912853295,
        "7,39": 53.743860449473296,
        "7,40": 31.423925312131054,
        "7,41": 21.907947715761317,
        "7,42": 43.059364690547895,
        "7,43": 33.56452127688133,
        "7,44": 29.81061869913822,
        "7,45": 47.38966406381927,
        "7,46": 60.69071185228295,
        "7,47": 23.106756618963544,
        "7,48": 62.31885032306541,
        "7,49": 68.0954142247546,
        "7,50": 11.01681665264524,
        "8,0": 81.96851896694011,
        "8,1": 4.47811580301934,
        "8,2": 57.38401171045084,
        "8,3": 36.51840629510303,
        "8,4": 41.113440035710866,
        "8,5": 83.84366119146223,
        "8,6": 69.29364913200185,
        "8,7": 68.9346238071443,
        "8,8": 0.0,
        "8,9": 49.87522913011033,
        "8,10": 19.043646956371536,
        "8,11": 46.46440893059093,
        "8,12": 60.46358107675206,
        "8,13": 80.04134696024047,
        "8,14": 60.63780524878108,
        "8,15": 65.50577560623432,
        "8,16": 79.40900746613252,
        "8,17": 27.92310735407364,
        "8,18": 80.55581689655719,
        "8,19": 62.80250574054879,
        "8,20": 74.70905864908853,
        "8,21": 46.884387571860344,
        "8,22": 100.78803326895094,
        "8,23": 53.50996896800993,
        "8,24": 93.2681591866331,
        "8,25": 47.1010124227997,
        "8,26": 54.36016224560182,
        "8,27": 58.29194176098772,
        "8,28": 51.51029830857187,
        "8,29": 64.19635910159265,
        "8,30": 42.89089350466648,
        "8,31": 51.73956485511271,
        "8,32": 90.71122492810534,
        "8,33": 87.66812337315402,
        "8,34": 52.61135311713883,
        "8,35": 23.772975945872112,
        "8,36": 23.37520942084941,
        "8,37": 32.5455159159749,
        "8,38": 42.60103570033481,
        "8,39": 36.07817484397008,
        "8,40": 43.6535098720786,
        "8,41": 80.8592269764514,
        "8,42": 25.879191467985308,
        "8,43": 35.56285622726543,
        "8,44": 39.12402587721877,
        "8,45": 21.55399570651262,
        "8,46": 42.811099150123084,
        "8,47": 67.05996151455781,
        "8,48": 18.65760543569614,
        "8,49": 80.34920528380599,
        "8,50": 71.43811783004618,
        "9,0": 34.49383258024469,
        "9,1": 45.40303514687678,
        "9,2": 88.06487342655686,
        "9,3": 64.41200767665023,
        "9,4": 62.40646643308514,
        "9,5": 78.25932609928448,
        "9,6": 45.54317816072022,
        "9,7": 57.33415893741334,
        "9,8": 49.87522913011033,
        "9,9": 0.0,
        "9,10": 64.4529950742431,
        "9,11": 19.574023835859833,
        "9,12": 42.97540501529686,
        "9,13": 36.97592425333075,
        "9,14": 38.22238693690946,
        "9,15": 63.37996790068166,
        "9,16": 102.57587675870612,
        "9,17": 62.17173374612853,
        "9,18": 48.0781826767068,
        "9,19": 74.14948528502295,
        "9,20": 70.04208675375848,
        "9,21": 73.83719322063044,
        "9,22": 77.34095662476228,
        "9,23": 85.084755700486,
        "9,24": 69.73926938647216,
        "9,25": 56.793542289981346,
        "9,26": 85.87435250102946,
        "9,27": 47.1848316152615,
        "9,28": 20.497479181381106,
        "9,29": 30.836874533703245,
        "9,30": 71.76723405099807,
        "9,31": 64.4954319352436,
        "9,32": 62.49233302320665,
        "9,33": 65.46731504442185,
        "9,34": 87.29698579163276,
        "9,35": 27.323298523778032,
        "9,36": 32.50877124626478,
        "9,37": 74.40651969385742,
        "9,38": 64.2744755287902,
        "9,39": 14.182305489083847,
        "9,40": 56.8316309152037,
        "9,41": 54.016878235999584,
        "9,42": 41.264406201853696,
        "9,43": 38.835502169615374,
        "9,44": 42.10602939244855,
        "9,45": 41.939502689999465,
        "9,46": 78.46606018725545,
        "9,47": 39.15266022501556,
        "9,48": 60.594361570555805,
        "9,49": 107.19666447202307,
        "9,50": 66.57215412264837,
        "10,0": 93.46641175518445,
        "10,1": 22.216433181652636,
        "10,2": 68.04162934297896,
        "10,3": 51.16308675485613,
        "10,4": 57.12435523321628,
        "10,5": 102.00085844697283,
        "10,6": 88.26521989604306,
        "10,7": 87.82312744545406,
        "10,8": 19.043646956371536,
        "10,9": 64.4529950742431,
        "10,10": 0.0,
        "10,11": 64.37286485898318,
        "10,12": 79.49770077063643,
        "10,13": 97.37320399609106,
        "10,14": 79.55090461512461,
        "10,15": 83.79587320103613,
        "10,16": 91.44251985972156,
        "10,17": 41.724380480971426,
        "10,18": 99.2221844089044,
        "10,19": 79.19261733050513,
        "10,20": 92.98756426031784,
        "10,21": 60.340212350395376,
        "10,22": 119.82349669238165,
        "10,23": 64.16489230310846,
        "10,24": 112.31111567602036,
        "10,25": 64.86353121550243,
        "10,26": 64.94709277323074,
        "10,27": 77.2941848979515,
        "10,28": 69.40158391851311,
        "10,29": 82.45925395880323,
        "10,30": 56.14436366138785,
        "10,31": 68.61914274834388,
        "10,32": 109.68304902620032,
        "10,33": 106.7092243275609,
        "10,34": 61.73666532869543,
        "10,35": 37.13337565323188,
        "10,36": 32.925412653945244,
        "10,37": 40.158025434524696,
        "10,38": 58.32070145427923,
        "10,39": 51.78817210467947,
        "10,40": 61.14159521389984,
        "10,41": 99.82190591482987,
        "10,42": 44.785904924197744,
        "10,43": 54.5746257123922,
        "10,44": 58.0357072871755,
        "10,45": 40.45458378531315,
        "10,46": 52.76853733064945,
        "10,47": 85.81885264698067,
        "10,48": 30.875743976261738,
        "10,49": 90.8893615272048,
        "10,50": 89.81976006573437,
        "11,0": 50.95138864499486,
        "11,1": 42.48144869481729,
        "11,2": 71.97806070877395,
        "11,3": 49.472825422701355,
        "11,4": 45.94899519017159,
        "11,5": 59.05606979162507,
        "11,6": 28.874006804265584,
        "11,7": 38.309789900198474,
        "11,8": 46.46440893059093,
        "11,9": 19.574023835859833,
        "11,10": 64.37286485898318,
        "11,11": 0.0,
        "11,12": 24.208638052116644,
        "11,13": 33.796301888790765,
        "11,14": 20.38158123601814,
        "11,15": 43.80930962956204,
        "11,16": 84.38534511971937,
        "11,17": 49.56800724648621,
        "11,18": 36.00340955349153,
        "11,19": 55.12927661339743,
        "11,20": 50.63429697358602,
        "11,21": 57.685932107375784,
        "11,22": 62.09177130910422,
        "11,23": 69.39845429090296,
        "11,24": 54.27156520360546,
        "11,25": 38.459789140256404,
        "11,26": 70.12700186686017,
        "11,27": 27.745095885677813,
        "11,28": 5.0477207133453295,
        "11,29": 18.320046210759752,
        "11,30": 56.30107752349969,
        "11,31": 46.09532890313233,
        "11,32": 48.723170838926116,
        "11,33": 49.36025814735167,
        "11,34": 72.39965597244796,
        "11,35": 30.8181402922049,
        "11,36": 38.24639174103583,
        "11,37": 63.131518722116525,
        "11,38": 47.70077729058439,
        "11,39": 16.85619007095835,
        "11,40": 39.16814057623082,
        "11,41": 39.215967620185374,
        "11,42": 28.334409616788808,
        "11,43": 22.283941703550184,
        "11,44": 24.474122024684455,
        "11,45": 30.779698420874873,
        "11,46": 64.47193851129633,
        "11,47": 23.82498722336918,
        "11,48": 51.144999020860986,
        "11,49": 89.55942005916877,
        "11,50": 47.125956345297176,
        "12,0": 69.42871332397412,
        "12,1": 57.5259703142934,
        "12,2": 63.901395537498225,
        "12,3": 46.75323634191745,
        "12,4": 40.25750267045025,
        "12,5": 35.380899683301635,
        "12,6": 9.698441561530027,
        "12,7": 14.395955212815593,
        "12,8": 60.46358107675206,
        "12,9": 42.97540501529686,
        "12,10": 79.49770077063643,
        "12,11": 24.208638052116644,
        "12,12": 0.0,
        "12,13": 36.00589597648111,
        "12,14": 5.933936419533126,
        "12,15": 22.881795971906893,
        "12,16": 69.83946421485962,
        "12,17": 51.35733882908742,
        "12,18": 23.884518490434928,
        "12,19": 39.03110969877172,
        "12,20": 27.654088974153733,
        "12,21": 50.89744425090822,
        "12,22": 40.674672257874626,
        "12,23": 62.471172537421765,
        "12,24": 32.982932836911004,
        "12,25": 28.320987652647403,
        "12,26": 62.99631310978421,
        "12,27": 7.004774381019015,
        "12,28": 22.500869490859394,
        "12,29": 18.416193205975716,
        "12,30": 51.327900682429394,
        "12,31": 34.030407507482344,
        "12,32": 30.564492980779818,
        "12,33": 27.49037630177381,
        "12,34": 66.93788827294867,
        "12,35": 51.95562404087684,
        "12,36": 59.55169457270659,
        "12,37": 65.19742636412475,
        "12,38": 41.35660658791353,
        "12,39": 40.274495180841704,
        "12,40": 31.412167763045602,
        "12,41": 20.914891272974202,
        "12,42": 35.42565885040706,
        "12,43": 25.398648772696987,
        "12,44": 23.05855363898107,
        "12,45": 39.601668192745336,
        "12,46": 61.6006736294924,
        "12,47": 12.119205096098998,
        "12,48": 57.54378377680702,
        "12,49": 76.4629891231753,
        "12,50": 24.42577149876305,
        "13,0": 43.10653665833454,
        "13,1": 75.91703711516038,
        "13,2": 99.05374139407078,
        "13,3": 79.3354761846623,
        "13,4": 74.01573723387796,
        "13,5": 64.89550741112136,
        "13,6": 29.832293905945868,
        "13,7": 46.551248623240824,
        "13,8": 80.04134696024047,
        "13,9": 36.97592425333075,
        "13,10": 97.37320399609106,
        "13,11": 33.796301888790765,
        "13,12": 36.00589597648111,
        "13,13": 0.0,
        "13,14": 30.524579168605133,
        "13,15": 57.87629065848573,
        "13,16": 105.78094744989806,
        "13,17": 81.45551271550495,
        "13,18": 20.23261437521204,
        "13,19": 74.98320818966675,
        "13,20": 59.921590402369866,
        "13,21": 85.40769823534656,
        "13,22": 49.52815415736465,
        "13,23": 97.23601552732725,
        "13,24": 43.43117962406077,
        "13,25": 63.23247282147445,
        "13,26": 97.83797143039095,
        "13,27": 43.00798627395609,
        "13,28": 28.8423409382492,
        "13,29": 19.03881210518474,
        "13,30": 85.11517079743322,
        "13,31": 69.66742800173324,
        "13,32": 33.795134085164214,
        "13,33": 41.52034231304156,
        "13,34": 101.21938912478282,
        "13,35": 61.469087107106155,
        "13,36": 67.99564612195894,
        "13,37": 95.40828369076921,
        "13,38": 75.4297440984845,
        "13,39": 46.16084822630554,
        "13,40": 65.62047307591882,
        "13,41": 29.735544078752078,
        "13,42": 61.107870837731305,
        "13,43": 52.96768432873194,
        "13,44": 53.21327190357502,
        "13,45": 64.09833250751267,
        "13,46": 94.62740012123525,
        "13,47": 24.099132225594868,
        "13,48": 84.43653873205244,
        "13,49": 112.46860066512443,
        "13,50": 57.54489879664709,
        "14,0": 63.61291192406968,
        "14,1": 57.37544177244759,
        "14,2": 68.77611283457536,
        "14,3": 50.469443916755935,
        "14,4": 44.40716033423248,
        "14,5": 40.68970758232202,
        "14,6": 8.965137757600692,
        "14,7": 19.774763485266426,
        "14,8": 60.63780524878108,
        "14,9": 38.22238693690946,
        "14,10": 79.55090461512461,
        "14,11": 20.38158123601814,
        "14,12": 5.933936419533126,
        "14,13": 30.524579168605133,
        "14,14": 0.0,
        "14,15": 28.814725908544546,
        "14,16": 75.55000012448066,
        "14,17": 54.24568425299586,
        "14,18": 20.8312033874927,
        "14,19": 44.75761133957872,
        "14,20": 33.31558677898063,
        "14,21": 55.433370613931835,
        "14,22": 42.19649564124333,
        "14,23": 67.15282084611451,
        "14,24": 34.36840104604595,
        "14,25": 32.97296409694295,
        "14,26": 67.71518752526673,
        "14,27": 12.694577816826275,
        "14,28": 17.787925132557067,
        "14,29": 12.507738543860292,
        "14,30": 55.548865267375085,
        "14,31": 39.16934025559584,
        "14,32": 30.21017561733912,
        "14,33": 29.218556044773965,
        "14,34": 71.41404468935431,
        "14,35": 49.84069564111657,
        "14,36": 57.43672432271001,
        "14,37": 68.23615969391781,
        "14,38": 45.65343812682677,
        "14,39": 37.06241723177723,
        "14,40": 35.70873786370676,
        "14,41": 20.34323303482783,
        "14,42": 36.62372238945032,
        "14,43": 26.83127344090803,
        "14,44": 25.393454772963693,
        "14,45": 40.57420064313645,
        "14,46": 65.56695745698839,
        "14,47": 7.535771212638388,
        "14,48": 59.53499084198255,
        "14,49": 82.05205931234987,
        "14,50": 30.182952776142514,
        "15,0": 92.06052750947067,
        "15,1": 63.94914102917064,
        "15,2": 47.80171525245757,
        "15,3": 38.575421187132655,
        "15,4": 30.8881032903576,
        "15,5": 18.389786643472117,
        "15,6": 28.246165410902695,
        "15,7": 12.298782757152454,
        "15,8": 65.50577560623432,
        "15,9": 63.37996790068166,
        "15,10": 83.79587320103613,
        "15,11": 43.80930962956204,
        "15,12": 22.881795971906893,
        "15,13": 57.87629065848573,
        "15,14": 28.814725908544546,
        "15,15": 0.0,
        "15,16": 48.52533550983952,
        "15,17": 46.52454840798966,
        "15,18": 41.69159555203825,
        "15,19": 18.52818945525286,
        "15,20": 9.204358971691457,
        "15,21": 37.72025611428347,
        "15,22": 42.30561287424629,
        "15,23": 47.539629892424074,
        "15,24": 36.8320934221447,
        "15,25": 19.494422883106036,
        "15,26": 47.82604302380832,
        "15,27": 16.69718940498185,
        "15,28": 43.693249046734664,
        "15,29": 41.249972412391806,
        "15,30": 39.87669101432751,
        "15,31": 19.60654665784327,
        "15,32": 40.59531676088838,
        "15,33": 31.807294637325583,
        "15,34": 52.87166269593188,
        "15,35": 65.06630540103022,
        "15,36": 72.18901184083043,
        "15,37": 58.317976066814715,
        "15,38": 30.92975321665965,
        "15,39": 57.181450038772844,
        "15,40": 23.58049290169646,
        "15,41": 34.18287868027835,
        "15,42": 40.1842791011976,
        "15,43": 32.245288090033604,
        "15,44": 27.852850822245692,
        "15,45": 44.32054210095062,
        "15,46": 50.538315767481556,
        "15,47": 33.880441532585735,
        "15,48": 55.892157545379476,
        "15,49": 55.81667195346443,
        "15,50": 6.136735235314041,
        "16,0": 135.31294912012808,
        "16,1": 80.71490614674018,
        "16,2": 23.763926393086333,
        "16,3": 43.45633372944936,
        "16,4": 41.68389397529821,
        "16,5": 51.34790141931902,
        "16,6": 76.61791978960477,
        "16,7": 60.72814398982433,
        "16,8": 79.40900746613252,
        "16,9": 102.57587675870612,
        "16,10": 91.44251985972156,
        "16,11": 84.38534511971937,
        "16,12": 69.83946421485962,
        "16,13": 105.78094744989806,
        "16,14": 75.55000012448066,
        "16,15": 48.52533550983952,
        "16,16": 0.0,
        "16,17": 51.48617473880653,
        "16,18": 90.20627389802313,
        "16,19": 30.80856028979343,
        "16,20": 50.01750375004788,
        "16,21": 32.69975517831923,
        "16,22": 84.16070083050292,
        "16,23": 27.49360709246386,
        "16,24": 81.22430692548808,
        "16,25": 45.9389504483317,
        "16,26": 26.779775965230023,
        "16,27": 62.876662038045666,
        "16,28": 86.29582614600972,
        "16,29": 87.93419343014175,
        "16,30": 36.55041766237595,
        "16,31": 38.29104149173763,
        "16,32": 87.43189067977417,
        "16,33": 77.39216062573357,
        "16,34": 31.19073246831956,
        "16,35": 92.36047174797534,
        "16,36": 97.26058469219056,
        "16,37": 51.844074336385546,
        "16,38": 39.783237484291654,
        "16,39": 91.76897381413045,
        "16,40": 45.77804895489493,
        "16,41": 82.34736444731932,
        "16,42": 64.5534118876895,
        "16,43": 63.8847072150837,
        "16,44": 60.47154676934799,
        "16,45": 66.37698417437585,
        "16,46": 38.86084997482375,
        "16,47": 81.6941512344617,
        "16,48": 61.48064571135965,
        "16,49": 8.315931105465024,
        "16,50": 50.81336467024147,
        "17,0": 96.65388383797399,
        "17,1": 29.41716617714445,
        "17,2": 29.957858464335374,
        "17,3": 9.493469674420668,
        "17,4": 16.338710682872357,
        "17,5": 63.54045354180769,
        "17,6": 61.054181584393255,
        "17,7": 54.12964368831395,
        "17,8": 27.92310735407364,
        "17,9": 62.17173374612853,
        "17,10": 41.724380480971426,
        "17,11": 49.56800724648621,
        "17,12": 51.35733882908742,
        "17,13": 81.45551271550495,
        "17,14": 54.24568425299586,
        "17,15": 46.52454840798966,
        "17,16": 51.48617473880653,
        "17,17": 0.0,
        "17,18": 74.94073422559312,
        "17,19": 38.063869580794496,
        "17,20": 55.24282778349133,
        "17,21": 19.05376218824109,
        "17,22": 87.30957056850639,
        "17,23": 26.194481992604473,
        "17,24": 80.66611158779462,
        "17,25": 27.16654064313591,
        "17,26": 27.05627128094965,
        "17,27": 46.330859204389945,
        "17,28": 53.76985527099294,
        "17,29": 62.77763645995895,
        "17,30": 14.988486222444072,
        "17,31": 28.45048007418192,
        "17,32": 81.05297338843728,
        "17,33": 75.0821794816287,
        "17,34": 26.4891930438088,
        "17,35": 43.864984850773226,
        "17,36": 47.324875214816416,
        "17,37": 14.036094279276487,
        "17,38": 17.1289346617391,
        "17,39": 48.584818189662705,
        "17,40": 23.037077447969878,
        "17,41": 71.91501385311898,
        "17,42": 21.404235169109253,
        "17,43": 28.493841807015034,
        "17,44": 28.894631573598158,
