{
    "num_robots": 7,
    "num_tasks": 50,
    "num_nodes": 51,
    "robot_capacity": [
        95,
        98,
        77,
        87,
        90,
        93,
        80
    ],
    "robot_speed": [
        0.85,
        0.99,
        0.84,
        1.06,
        1.05,
        1.07,
        0.82
    ],
    "task_demand": {
        "0": 0,
        "1": 10,
        "2": 7,
        "3": 9,
        "4": 7,
        "5": 10,
        "6": 14,
        "7": 10,
        "8": 14,
        "9": 10,
        "10": 12,
        "11": 11,
        "12": 9,
        "13": 5,
        "14": 9,
        "15": 15,
        "16": 15,
        "17": 8,
        "18": 7,
        "19": 5,
        "20": 14,
        "21": 13,
        "22": 14,
        "23": 14,
        "24": 12,
        "25": 6,
        "26": 9,
        "27": 15,
        "28": 6,
        "29": 10,
        "30": 6,
        "31": 12,
        "32": 7,
        "33": 13,
        "34": 7,
        "35": 7,
        "36": 5,
        "37": 7,
        "38": 12,
        "39": 11,
        "40": 6,
        "41": 12,
        "42": 10,
        "43": 15,
        "44": 5,
        "45": 10,
        "46": 15,
        "47": 9,
        "48": 7,
        "49": 14,
        "50": 11
    },
    "task_service_time": {
        "0": 0,
        "1": 28,
        "2": 70,
        "3": 10,
        "4": 48,
        "5": 93,
        "6": 90,
        "7": 20,
        "8": 14,
        "9": 39,
        "10": 62,
        "11": 97,
        "12": 99,
        "13": 46,
        "14": 72,
        "15": 47,
        "16": 47,
        "17": 67,
        "18": 71,
        "19": 96,
        "20": 41,
        "21": 51,
        "22": 26,
        "23": 79,
        "24": 77,
        "25": 85,
        "26": 63,
        "27": 80,
        "28": 45,
        "29": 51,
        "30": 60,
        "31": 71,
        "32": 53,
        "33": 17,
        "34": 97,
        "35": 22,
        "36": 55,
        "37": 10,
        "38": 78,
        "39": 40,
        "40": 78,
        "41": 91,
        "42": 89,
        "43": 71,
        "44": 44,
        "45": 72,
        "46": 72,
        "47": 97,
        "48": 86,
        "49": 16,
        "50": 95
    },
    "task_precedence": [],
    "coordinates": {
        "0": [
            100,
            100
        ],
        "1": [
            48.0325811105725,
            17.28942007962605
        ],
        "2": [
            18.784658940315225,
            24.603267567427
        ],
        "3": [
            46.576800400830976,
            40.065045345240215
        ],
        "4": [
            13.210572896557382,
            43.300059512429534
        ],
        "5": [
            9.106312038519459,
            1.3579054958640535
        ],
        "6": [
            76.68918579706201,
            14.257090791437632
        ],
        "7": [
            12.382198204225691,
            71.01845662183656
        ],
        "8": [
            86.42194353698221,
            0.22813831888058855
        ],
        "9": [
            63.06373534051679,
            56.743612163392584
        ],
        "10": [
            80.21939707748427,
            5.033429753925733
        ],
        "11": [
            85.65885263319772,
            25.19038672877444
        ],
        "12": [
            49.67706459121967,
            98.3433178460739
        ],
        "13": [
            39.813821669961236,
            31.96947300472012
        ],
        "14": [
            77.18819315205515,
            96.60565762886743
        ],
        "15": [
            31.945698362264917,
            62.52053010457228
        ],
        "16": [
            88.9058920627277,
            34.766824022520346
        ],
        "17": [
            46.83552476000625,
            41.32339174922475
        ],
        "18": [
            79.41352246114235,
            81.82054916260519
        ],
        "19": [
            81.25803274667615,
            23.512370137933956
        ],
        "20": [
            6.745706651731398,
            24.744985119538544
        ],
        "21": [
            20.118528868888596,
            19.06591842183759
        ],
        "22": [
            47.06351556467598,
            30.656062747933788
        ],
        "23": [
            71.7730090554367,
            53.96319664245757
        ],
        "24": [
            6.283670478195891,
            77.80973499405123
        ],
        "25": [
            0.7981508873907472,
            93.7631249295651
        ],
        "26": [
            89.0353787746111,
            89.08713284114336
        ],
        "27": [
            63.55731259796915,
            67.66733354125468
        ],
        "28": [
            26.322722002492316,
            41.1093635299481
        ],
        "29": [
            32.3520742297074,
            54.690877791969974
        ],
        "30": [
            2.0845066279897684,
            23.5506421980618
        ],
        "31": [
            75.36918492864277,
            78.42399426215688
        ],
        "32": [
            89.63527421272515,
            40.9635372807619
        ],
        "33": [
            49.80537289496782,
            43.66081152202156
        ],
        "34": [
            22.86706475526946,
            79.30778126526302
        ],
        "35": [
            2.6072032426480374,
            90.19903739837517
        ],
        "36": [
            12.365439876005835,
            25.84088982017686
        ],
        "37": [
            7.770419595511868,
            6.984005740032384
        ],
        "38": [
            51.02346879728058,
            51.85274063942798
        ],
        "39": [
            40.31547275250388,
            98.93356431672842
        ],
        "40": [
            71.56926304992398,
            90.50393281739298
        ],
        "41": [
            25.232504052734626,
            95.55304534484517
        ],
        "42": [
            49.277197650029045,
            5.071551805129582
        ],
        "43": [
            68.97170007617487,
            57.28324999182875
        ],
        "44": [
            38.23181375338878,
            12.476545214867663
        ],
        "45": [
            62.98708666729721,
            17.315277893099424
        ],
        "46": [
            98.58509293640935,
            40.81904560945966
        ],
        "47": [
            11.920969010445127,
            66.51436112699956
        ],
        "48": [
            45.83600640376395,
            57.20008091860896
        ],
        "49": [
            7.509963784626672,
            0.6476722613189656
        ],
        "50": [
            17.524148740404588,
            39.37044282854845
        ]
    },
    "distance_matrix_str_keys": {
        "0,0": 0.0,
        "0,1": 97.6813833685508,
        "0,2": 110.81786356427345,
        "0,3": 80.28846146788942,
        "0,4": 103.66912707377165,
        "0,5": 134.13398271654307,
        "0,6": 88.85516607576436,
        "0,7": 92.2865594119965,
        "0,8": 100.69154880440227,
        "0,9": 56.880600697130355,
        "0,10": 97.00475099849902,
        "0,11": 76.1718238299876,
        "0,12": 50.35019785378618,
        "0,13": 90.83242078261887,
        "0,14": 23.06295930275231,
        "0,15": 77.69233318057906,
        "0,16": 66.16983058035343,
        "0,17": 79.17957933305061,
        "0,18": 27.464440467760223,
        "0,19": 78.75035783055897,
        "0,20": 119.83188429021472,
        "0,21": 113.71620373091616,
        "0,22": 87.24020299145228,
        "0,23": 54.001391474345255,
        "0,24": 96.30762316698303,
        "0,25": 99.39771364576302,
        "0,26": 15.469763677674605,
        "0,27": 48.718279787104684,
        "0,28": 94.32098577183042,
        "0,29": 81.41964392138557,
        "0,30": 124.2253925355559,
        "0,31": 32.74448159123668,
        "0,32": 59.93939832068212,
        "0,33": 75.45597887888282,
        "0,34": 79.8602380138827,
        "0,35": 97.88470630357592,
        "0,36": 114.80152329472418,
        "0,37": 130.98958237111174,
        "0,38": 68.67939423571774,
        "0,39": 59.694053957020394,
        "0,40": 29.974690915187168,
        "0,41": 74.89962520553323,
        "0,42": 107.629981672954,
        "0,43": 52.79655412452071,
        "0,44": 107.12452552856959,
        "0,45": 90.59094338436675,
        "0,46": 59.19786587854173,
        "0,47": 94.22952674608933,
        "0,48": 69.03311723851618,
        "0,49": 135.7397945564062,
        "0,50": 102.36312443356357,
        "1,0": 97.6813833685508,
        "1,1": 0.0,
        "1,2": 30.148520964588617,
        "1,3": 22.82210340250297,
        "1,4": 43.46407274704302,
        "1,5": 42.06028507752289,
        "1,6": 28.816592669324,
        "1,7": 64.48068834250559,
        "1,8": 42.00988553692789,
        "1,9": 42.2204792780366,
        "1,10": 34.441260443710625,
        "1,11": 38.44686700740741,
        "1,12": 81.07057831946126,
        "1,13": 16.824148139688965,
        "1,14": 84.50511968207095,
        "1,15": 48.00667777139539,
        "1,16": 44.453202323057305,
        "1,17": 24.06376400568921,
        "1,18": 71.75674254571496,
        "1,19": 33.803191326430365,
        "1,20": 41.954635651432746,
        "1,21": 27.970524823666405,
        "1,22": 13.401724674625601,
        "1,23": 43.687227039327865,
        "1,24": 73.52333001388989,
        "1,25": 89.88503174602663,
        "1,26": 82.68095895708657,
        "1,27": 52.71576094967337,
        "1,28": 32.22898832525204,
        "1,29": 40.555484648184255,
        "1,30": 46.372712354070465,
        "1,31": 66.96809739559203,
        "1,32": 47.86698129822911,
        "1,33": 26.430911397809776,
        "1,34": 66.92966709599821,
        "1,35": 85.90271970089283,
        "1,36": 36.67795793893223,
        "1,37": 41.56011567086324,
        "1,38": 34.692485314173275,
        "1,39": 82.00804868803395,
        "1,40": 76.90474804680677,
        "1,41": 81.51710589500826,
        "1,42": 12.281098301993845,
        "1,43": 45.143694289478,
        "1,44": 10.918736431174676,
        "1,45": 14.954527912061549,
        "1,46": 55.76019843468612,
        "1,47": 61.05033455753918,
        "1,48": 39.971061895412724,
        "1,49": 43.80673789947357,
        "1,50": 37.6608020536411,
        "2,0": 110.81786356427345,
        "2,1": 30.148520964588617,
        "2,2": 0.0,
        "2,3": 31.80361141461449,
        "2,4": 19.510009335157367,
        "2,5": 25.179699295058253,
        "2,6": 58.821574310653496,
        "2,7": 46.85468256678034,
        "2,8": 71.89540453668697,
        "2,9": 54.71415134681613,
        "2,10": 64.47639569663674,
        "2,11": 66.8767709371706,
        "2,12": 79.94958250045715,
        "2,13": 22.281980783905624,
        "2,14": 92.71093238114744,
        "2,15": 40.13641435127102,
        "2,16": 70.85397105613478,
        "2,17": 32.65598912740277,
        "2,18": 83.36471918605015,
        "2,19": 62.48289759566995,
        "2,20": 12.039786379806506,
        "2,21": 5.695739157169339,
        "2,22": 28.919371733810515,
        "2,23": 60.578632232937714,
        "2,24": 54.65530979283226,
        "2,25": 71.4604809827726,
        "2,26": 95.35896663594637,
        "2,27": 62.12168939868276,
        "2,28": 18.14589757089227,
        "2,29": 33.005136670810124,
        "2,30": 16.733293382448675,
        "2,31": 78.09276024877418,
        "2,32": 72.7149785778151,
        "2,33": 36.40706903662642,
        "2,34": 54.856630010917556,
        "2,35": 67.56119516826737,
        "2,36": 6.537436977600224,
        "2,37": 20.778639408943487,
        "2,38": 42.212257031521936,
        "2,39": 77.3858446891571,
        "2,40": 84.43406961290093,
        "2,41": 71.24216218826301,
        "2,42": 36.21163953182144,
        "2,43": 59.889234001042915,
        "2,44": 22.91831637227552,
        "2,45": 44.799212163297824,
        "2,46": 81.43132519782202,
        "2,47": 42.469400782359116,
        "2,48": 42.359504721373085,
        "2,49": 26.476202471724154,
        "2,50": 14.820875519238264,
        "3,0": 80.28846146788942,
        "3,1": 22.82210340250297,
        "3,2": 31.80361141461449,
        "3,3": 0.0,
        "3,4": 33.522685669988604,
        "3,5": 53.872814790293695,
        "3,6": 39.65862166669799,
        "3,7": 46.12357845009649,
        "3,8": 56.343718309738854,
        "3,9": 23.451942666077926,
        "3,10": 48.569933107691135,
        "3,11": 41.8170094058607,
        "3,12": 58.36067754688626,
        "3,13": 10.548752193259187,
        "3,14": 64.29539799687966,
        "3,15": 26.80145411427385,
        "3,16": 42.659385252319076,
        "3,17": 1.2846688158632407,
        "3,18": 53.120357817960155,
        "3,19": 38.4288815026546,
        "3,20": 42.67575745746859,
        "3,21": 33.77874278304575,
        "3,22": 9.421562777327965,
        "3,23": 28.775120156947615,
        "3,24": 55.21048737013116,
        "3,25": 70.56322344053515,
        "3,26": 64.852879195749,
        "3,27": 32.40716137110743,
        "3,28": 20.280983512565665,
        "3,29": 20.40239714845442,
        "3,30": 47.45829449607667,
        "3,31": 47.96259343288265,
        "3,32": 43.06784711089903,
        "3,33": 4.832516399142555,
        "3,34": 45.849142705955344,
        "3,35": 66.68390085647874,
        "3,36": 37.0505572071562,
        "3,37": 50.993042393730235,
        "3,38": 12.598516586352538,
        "3,39": 59.20056376265493,
        "3,40": 56.29124762069853,
        "3,41": 59.45163690388616,
        "3,42": 35.097531757165505,
        "3,43": 28.24886020214835,
        "3,44": 28.822979401678012,
        "3,45": 28.05083625266553,
        "3,46": 52.013757880629434,
        "3,47": 43.59579056149891,
        "3,48": 17.151041363331352,
        "3,49": 55.49727041967236,
        "3,50": 29.060953892779754,
        "4,0": 103.66912707377165,
        "4,1": 43.46407274704302,
        "4,2": 19.510009335157367,
        "4,3": 33.522685669988604,
        "4,4": 0.0,
        "4,5": 42.14248735824835,
        "4,6": 69.80707935374912,
        "4,7": 27.730772490965332,
        "4,8": 84.94171640809331,
        "4,9": 51.633970538232106,
        "4,10": 77.1655199631596,
        "4,11": 74.67739607893108,
        "4,12": 66.02700435807446,
        "4,13": 28.915653821214217,
        "4,14": 83.27438191969884,
        "4,15": 26.84085348865097,
        "4,16": 76.17478225498671,
        "4,17": 33.683001696187155,
        "4,18": 76.59411631411561,
        "4,19": 70.86613749058891,
        "4,20": 19.64905293619032,
        "4,21": 25.199473211049142,
        "4,22": 36.13713300016347,
        "4,23": 59.52530069068613,
        "4,24": 35.19800674697849,
        "4,25": 51.9671934149589,
        "4,26": 88.57684387272752,
        "4,27": 55.93351626849119,
        "4,28": 13.293893450149605,
        "4,29": 22.27437573456317,
        "4,30": 22.667792898065883,
        "4,31": 71.39596516651633,
        "4,32": 76.46041006563156,
        "4,33": 36.59657810419009,
        "4,34": 37.28007324089976,
        "4,35": 48.08269516950837,
        "4,36": 17.47961258624747,
        "4,37": 36.721261273797744,
        "4,38": 38.76807257085454,
        "4,39": 61.88507455768988,
        "4,40": 75.05959213456791,
        "4,41": 53.61810661638934,
        "4,42": 52.55682850624481,
        "4,43": 57.4876762473892,
        "4,44": 39.70077490008942,
        "4,45": 56.150780929323936,
        "4,46": 85.41056200506947,
        "4,47": 23.25009414250412,
        "4,48": 35.46307243634431,
        "4,49": 43.031652100119594,
        "4,50": 5.835137002921073,
        "5,0": 134.13398271654307,
        "5,1": 42.06028507752289,
        "5,2": 25.179699295058253,
        "5,3": 53.872814790293695,
        "5,4": 42.14248735824835,
        "5,5": 0.0,
        "5,6": 68.80286190815495,
        "5,7": 69.73753518260375,
        "5,8": 77.32388536461599,
        "5,9": 77.3238645726689,
        "5,10": 71.20800757169548,
        "5,11": 80.17654665310104,
        "5,12": 105.12923556952494,
        "5,13": 43.35918833551133,
        "5,14": 117.0780800250314,
        "5,15": 65.28785657893091,
        "5,16": 86.510859486892,
        "5,17": 54.9612007151478,
        "5,18": 106.85195769498998,
        "5,19": 75.47642747722345,
        "5,20": 23.505913109603366,
        "5,21": 20.852880887434022,
        "5,22": 47.94925774079381,
        "5,23": 81.81950605832313,
        "5,24": 76.50391845518729,
        "5,25": 92.77796139333718,
        "5,26": 118.68055038590903,
        "5,27": 85.80123373024438,
        "5,28": 43.31954741087595,
        "5,29": 58.178788177362925,
        "5,30": 23.277098478041008,
        "5,31": 101.63636338135463,
        "5,32": 89.74140525942059,
        "5,33": 58.70220960794236,
        "5,34": 79.15517322194597,
        "5,35": 89.07853351318683,
        "5,36": 24.69895616591165,
        "5,37": 5.782526487333693,
        "5,38": 65.62603452071633,
        "5,39": 102.44520929158685,
        "5,40": 108.85143286270467,
        "5,41": 95.56557141590504,
        "5,42": 40.34217668549021,
        "5,43": 81.92379899572153,
        "5,44": 31.17561546054641,
        "5,45": 56.19408873201158,
        "5,46": 97.79383319022426,
        "5,47": 65.21722168478,
        "5,48": 66.83875375939387,
        "5,49": 1.7472146391210575,
        "5,50": 38.933442812167655,
        "6,0": 88.85516607576436,
        "6,1": 28.816592669324,
        "6,2": 58.821574310653496,
        "6,3": 39.65862166669799,
        "6,4": 69.80707935374912,
        "6,5": 68.80286190815495,
        "6,6": 0.0,
        "6,7": 85.77436274433978,
        "6,8": 17.074486249994198,
        "6,9": 44.61790446035485,
        "6,10": 9.876148774665948,
        "6,11": 14.141848648767898,
        "6,12": 88.31844808601973,
        "6,13": 40.90869055806696,
        "6,14": 82.35007874021117,
        "6,15": 65.81291090781866,
        "6,16": 23.87251702673461,
        "6,17": 40.29672101862543,
        "6,18": 67.61836227927843,
        "6,19": 10.321557936216793,
        "6,20": 70.72542825880032,
        "6,21": 56.77467788075942,
        "6,22": 33.86158026359713,
        "6,23": 40.00929436527589,
        "6,24": 94.84658756359707,
        "6,25": 109.91204958526627,
        "6,26": 75.84170141946717,
        "6,27": 55.000910213481355,
        "6,28": 57.07736176798164,
        "6,29": 60.00558801762106,
        "6,30": 75.18130254037747,
        "6,31": 64.18047914524502,
        "6,32": 29.67887277767314,
        "6,33": 39.841161993056595,
        "6,34": 84.42992979127014,
        "6,35": 106.09109007661033,
        "6,36": 65.3584630270236,
        "6,37": 69.30147257388478,
        "6,38": 45.521005224023405,
        "6,39": 92.15829951408136,
        "6,40": 76.41854832347741,
        "6,41": 96.21238133882093,
        "6,42": 28.910053971621373,
        "6,43": 43.71281232532972,
        "6,44": 38.49856889620369,
        "6,45": 14.039231777795813,
        "6,46": 34.423366965036486,
        "6,47": 83.22105628170193,
        "6,48": 52.87739668078759,
        "6,49": 70.50518442620908,
        "6,50": 64.27427215033636,
        "7,0": 92.2865594119965,
        "7,1": 64.48068834250559,
        "7,2": 46.85468256678034,
        "7,3": 46.12357845009649,
        "7,4": 27.730772490965332,
        "7,5": 69.73753518260375,
        "7,6": 85.77436274433978,
        "7,7": 0.0,
        "7,8": 102.4360925376074,
        "7,9": 52.653484127928536,
        "7,10": 94.63566622436252,
        "7,11": 86.4273109290482,
        "7,12": 46.23370090905077,
        "7,13": 47.721243566107134,
        "7,14": 69.67439871683357,
        "7,15": 21.329446629634447,
        "7,16": 84.6761866634625,
        "7,17": 45.484377411896915,
        "7,18": 67.89612385766387,
        "7,19": 83.67023865709388,
        "7,20": 46.61549315297787,
        "7,21": 52.525394216277476,
        "7,22": 53.21575530882123,
        "7,23": 61.79118308082902,
        "7,24": 9.127623039656319,
        "7,25": 25.52469566257865,
        "7,26": 78.75396594378124,
        "7,27": 51.28471857302073,
        "7,28": 32.99836440415326,
        "7,29": 25.795072764359798,
        "7,30": 48.57196576183838,
        "7,31": 63.42083635812519,
        "7,32": 82.89352163693795,
        "7,33": 46.35660416101717,
        "7,34": 13.365826934287066,
        "7,35": 21.527777530999124,
        "7,36": 45.17756990985671,
        "7,37": 64.20030686585527,
        "7,38": 43.13319443495972,
        "7,39": 39.49077189175842,
        "7,40": 62.312056839880434,
        "7,41": 27.696144211918817,
        "7,42": 75.56609847682782,
        "7,43": 58.23253062751395,
        "7,44": 63.99498429737231,
        "7,45": 73.78947175532966,
        "7,46": 91.33971472312803,
        "7,47": 4.527649345499986,
        "7,48": 36.19536973325516,
        "7,49": 70.53925119927199,
        "7,50": 32.06300722603333,
        "8,0": 100.69154880440227,
        "8,1": 42.00988553692789,
        "8,2": 71.89540453668697,
        "8,3": 56.343718309738854,
        "8,4": 84.94171640809331,
        "8,5": 77.32388536461599,
        "8,6": 17.074486249994198,
        "8,7": 102.4360925376074,
        "8,8": 0.0,
        "8,9": 61.15230718475913,
        "8,10": 7.846171573318331,
        "8,11": 24.973909453761674,
        "8,12": 104.77010347609722,
        "8,13": 56.38997563051041,
        "8,14": 96.8188430757052,
        "8,15": 82.75266378019512,
        "8,16": 34.62789064343023,
        "8,17": 57.060532823400166,
        "8,18": 81.89285361536393,
        "8,19": 23.84997748539098,
        "8,20": 83.36293241748119,
        "8,21": 68.92753264013253,
        "8,22": 49.74881342817525,
        "8,23": 55.696030150117814,
        "8,24": 111.53944123722982,
        "8,25": 126.80783724975821,
        "8,26": 88.89741813601115,
        "8,27": 71.20980550611523,
        "8,28": 72.68556255412568,
        "8,29": 76.74464644403143,
        "8,30": 87.50281396373892,
        "8,31": 78.97313061767174,
        "8,32": 40.86194100401144,
        "8,33": 56.8081890853112,
        "8,34": 101.45349942454196,
        "8,35": 122.96208103224052,
        "8,36": 78.36056899969118,
        "8,37": 78.9411423969014,
        "8,38": 62.59514021593019,
        "8,39": 108.94295649383015,
        "8,40": 91.48945944745921,
        "8,41": 113.27393965032377,
        "8,42": 37.45918847499373,
        "8,43": 59.66403242200476,
        "8,44": 49.722349904738444,
        "8,45": 29.002807714624073,
        "8,46": 42.374095364800056,
        "8,47": 99.72090322280137,
        "8,48": 69.9501289246009,
        "8,49": 78.91309496633006,
        "8,50": 79.2403062220161,
        "9,0": 56.880600697130355,
        "9,1": 42.2204792780366,
        "9,2": 54.71415134681613,
        "9,3": 23.451942666077926,
        "9,4": 51.633970538232106,
        "9,5": 77.3238645726689,
        "9,6": 44.61790446035485,
        "9,7": 52.653484127928536,
        "9,8": 61.15230718475913,
        "9,9": 0.0,
        "9,10": 54.48173725619976,
        "9,11": 38.80908863652743,
        "9,12": 43.700554534648596,
        "9,13": 33.9752329902468,
        "9,14": 42.29045964708247,
        "9,15": 31.649723636691917,
        "9,16": 33.92338840747034,
        "9,17": 22.386112129329486,
        "9,18": 29.936070352540455,
        "9,19": 37.88598559703026,
        "9,20": 64.77370213352424,
        "9,21": 57.130546685404546,
        "9,22": 30.603386534486866,
        "9,23": 9.142327882462496,
        "9,24": 60.562011995026765,
        "9,25": 72.43926651156941,
        "9,26": 41.48047242377823,
        "9,27": 10.934866585845276,
        "9,28": 39.92908453041784,
        "9,29": 30.78018594136205,
        "9,30": 69.42794530658409,
        "9,31": 24.929160786402925,
        "9,32": 30.90400364578531,
        "9,33": 18.626428733372414,
        "9,34": 46.09679005523804,
        "9,35": 69.09600387109333,
        "9,36": 59.374198194407114,
        "9,37": 74.38661974767047,
        "9,38": 12.995716321007519,
        "9,39": 47.93198841560775,
        "9,40": 34.815273261550296,
        "9,41": 54.197547588569925,
        "9,42": 53.479626430625096,
        "9,43": 5.932559001279188,
        "9,44": 50.75625622457257,
        "9,45": 39.42840877272479,
        "9,46": 38.92760801007318,
        "9,47": 52.067745132684,
        "9,48": 17.233775211564062,
        "9,49": 78.9491989039856,
        "9,50": 48.740957730088645,
        "10,0": 97.00475099849902,
        "10,1": 34.441260443710625,
        "10,2": 64.47639569663674,
        "10,3": 48.569933107691135,
        "10,4": 77.1655199631596,
        "10,5": 71.20800757169548,
        "10,6": 9.876148774665948,
        "10,7": 94.63566622436252,
        "10,8": 7.846171573318331,
        "10,9": 54.48173725619976,
        "10,10": 0.0,
        "10,11": 20.877992988515054,
        "10,12": 98.18130824892664,
        "10,13": 48.56089939469508,
        "10,14": 91.62238326532326,
        "10,15": 75.06741433120683,
        "10,16": 30.976280116572326,
        "10,17": 49.30967727059185,
        "10,18": 76.79134808674777,
        "10,19": 18.50810637988251,
        "10,20": 76.07186470509967,
        "10,21": 61.71729982462017,
        "10,22": 41.902646699665794,
        "10,23": 49.65343450744425,
        "10,24": 103.7443119991098,
        "10,25": 119.08271559025401,
        "10,26": 84.51477111107982,
        "10,27": 64.81227478528183,
        "10,28": 64.85618383740452,
        "10,29": 68.97204319334296,
        "10,30": 80.29911744381613,
        "10,31": 73.55065952610899,
        "10,32": 37.14338930571577,
        "10,33": 49.16388399255004,
        "10,34": 93.84012635982252,
        "10,35": 115.2251420363824,
        "10,36": 70.97259965866195,
        "10,37": 72.47523083689296,
        "10,38": 55.17653577324429,
        "10,39": 102.02724365308619,
        "10,40": 85.90711095489664,
        "10,41": 105.91203525210479,
        "10,42": 30.942222911406972,
        "10,43": 53.446743611996084,
        "10,44": 42.642198831237295,
        "10,45": 21.16119835422289,
        "10,46": 40.223240627060115,
        "10,47": 91.89439699420817,
        "10,48": 62.47861272435092,
        "10,49": 72.84158536545223,
        "10,50": 71.48233789499966,
        "11,0": 76.1718238299876,
        "11,1": 38.44686700740741,
        "11,2": 66.8767709371706,
        "11,3": 41.8170094058607,
        "11,4": 74.67739607893108,
        "11,5": 80.17654665310104,
        "11,6": 14.141848648767898,
        "11,7": 86.4273109290482,
        "11,8": 24.973909453761674,
        "11,9": 38.80908863652743,
        "11,10": 20.877992988515054,
        "11,11": 0.0,
        "11,12": 81.52325068193855,
        "11,13": 46.34353109935439,
        "11,14": 71.91587439348241,
        "11,15": 65.41133346898418,
        "11,16": 10.111944239263279,
        "11,17": 42.041939038764625,
        "11,18": 56.973497753254016,
        "11,19": 4.709878485984503,
        "11,20": 78.91440293942371,
        "11,21": 65.82585473180838,
        "11,22": 38.98042659822006,
        "11,23": 31.948258828846825,
        "11,24": 95.23242805894539,
        "11,25": 109.10343315013043,
        "11,26": 63.98589760667721,
        "11,27": 47.88286836060562,
        "11,28": 61.43443839265109,
        "11,29": 60.92529521248545,
        "11,30": 83.59043050687215,
        "11,31": 54.21894717244473,
        "11,32": 16.266659365517977,
        "11,33": 40.33148399678173,
        "11,34": 82.89451740811754,
        "11,35": 105.46895812689613,
        "11,36": 73.29629941455451,
        "11,37": 79.98800103623856,
        "11,38": 43.70916299265239,
        "11,39": 86.56834490605345,
        "11,40": 66.81598489355069,
        "11,41": 92.74830095634823,
        "11,42": 41.5739382065158,
        "11,43": 36.17199099970107,
        "11,44": 49.101586358768984,
        "11,45": 24.000548143454797,
        "11,46": 20.28158442492089,
        "11,47": 84.52778443344988,
        "11,48": 51.09285276768027,
        "11,49": 81.91210937155361,
        "11,50": 69.59462526338753,
        "12,0": 50.35019785378618,
        "12,1": 81.07057831946126,
        "12,2": 79.94958250045715,
        "12,3": 58.36067754688626,
        "12,4": 66.02700435807446,
        "12,5": 105.12923556952494,
        "12,6": 88.31844808601973,
        "12,7": 46.23370090905077,
        "12,8": 104.77010347609722,
        "12,9": 43.700554534648596,
        "12,10": 98.18130824892664,
        "12,11": 81.52325068193855,
        "12,12": 0.0,
        "12,13": 67.10268876839334,
        "12,14": 27.56595105780462,
        "12,15": 39.970907794519704,
        "12,16": 74.70523055105102,
        "12,17": 57.0906850607217,
        "12,18": 34.01850689870296,
        "12,19": 81.22209234275076,
        "12,20": 85.20455430699857,
        "12,21": 84.60858758730242,
        "12,22": 67.7376936515766,
        "12,23": 49.576465382411435,
        "12,24": 48.00640246247458,
        "12,25": 49.093037918006175,
        "12,26": 40.43208943653608,
        "12,27": 33.670124707199825,
        "12,28": 61.81545797300235,
        "12,29": 46.964782696224944,
        "12,30": 88.65097802095666,
        "12,31": 32.50945246345165,
        "12,32": 69.92208330620255,
        "12,33": 54.68265685663815,
        "12,34": 32.88050705392238,
        "12,35": 47.769249014240586,
        "12,36": 81.53992524241936,
        "12,37": 100.5121425663854,
        "12,38": 46.510069590285546,
        "12,39": 9.380180843183686,
        "12,40": 23.253479545719642,
        "12,41": 24.60329572538552,
        "12,42": 93.27262317511666,
        "12,43": 45.36752286264381,
        "12,44": 86.62618777736982,
        "12,45": 82.11394489541043,
        "12,46": 75.50521262115608,
        "12,47": 49.38223607056783,
        "12,48": 41.32214506616199,
        "12,49": 106.40725330848186,
        "12,50": 67.16851930437556,
        "13,0": 90.83242078261887,
        "13,1": 16.824148139688965,
        "13,2": 22.281980783905624,
        "13,3": 10.548752193259187,
        "13,4": 28.915653821214217,
        "13,5": 43.35918833551133,
        "13,6": 40.90869055806696,
        "13,7": 47.721243566107134,
        "13,8": 56.38997563051041,
        "13,9": 33.9752329902468,
        "13,10": 48.56089939469508,
        "13,11": 46.34353109935439,
        "13,12": 67.10268876839334,
        "13,13": 0.0,
        "13,14": 74.6637797492761,
        "13,15": 31.547970684396503,
        "13,16": 49.17170475146378,
        "13,17": 11.696157923161895,
        "13,18": 63.665266015703786,
        "13,19": 42.29828862579078,
        "13,20": 33.848093832031566,
        "13,21": 23.54583358884141,
        "13,22": 7.367707110743192,
        "13,23": 38.79579278469645,
        "13,24": 56.79437171228464,
        "13,25": 73.07994242487348,
        "13,26": 75.40019064296631,
        "13,27": 42.8729589407387,
        "13,28": 16.29562423016474,
        "13,29": 23.915265216346555,
        "13,30": 38.65718465806161,
        "13,31": 58.499627363893914,
        "13,32": 50.62677479034634,
        "13,33": 15.379157721021876,
        "13,34": 50.2802943397892,
        "13,35": 69.1014806228528,
        "13,36": 28.124245678001902,
        "13,37": 40.63315383944013,
        "13,38": 22.825435823932036,
        "13,39": 66.96597030620555,
        "13,40": 66.59347597773872,
        "13,41": 65.23408231121489,
        "13,42": 28.514095633554753,
        "13,43": 38.6130700476485,
        "13,44": 19.55701876228839,
        "13,45": 27.417980323251467,
        "13,46": 59.433805713255374,
        "13,47": 44.40000591065589,
        "13,48": 25.93935783076437,
        "13,49": 44.99549350863058,
        "13,50": 23.486248607213284,
        "14,0": 23.06295930275231,
        "14,1": 84.50511968207095,
        "14,2": 92.71093238114744,
        "14,3": 64.29539799687966,
        "14,4": 83.27438191969884,
        "14,5": 117.0780800250314,
        "14,6": 82.35007874021117,
        "14,7": 69.67439871683357,
        "14,8": 96.8188430757052,
        "14,9": 42.29045964708247,
        "14,10": 91.62238326532326,
        "14,11": 71.91587439348241,
        "14,12": 27.56595105780462,
        "14,13": 74.6637797492761,
        "14,14": 0.0,
        "14,15": 56.645205032303124,
        "14,16": 62.939223140698665,
        "14,17": 63.06673766182289,
        "14,18": 14.951639471744294,
        "14,19": 73.20650429134147,
        "14,20": 100.62852556726304,
        "14,21": 96.27750379859013,
        "14,22": 72.50410515758962,
        "14,23": 42.98492407551463,
        "14,24": 73.3535141850874,
        "14,25": 76.44291039294498,
        "14,26": 14.031536699838613,
        "14,27": 31.98792749897168,
        "14,28": 75.28037469341368,
        "14,29": 61.376920163808286,
        "14,30": 104.77403785814657,
        "14,31": 18.272429332117454,
        "14,32": 57.01732529472029,
        "14,33": 59.60684167534416,
        "14,34": 57.00878455984324,
        "14,35": 74.85565335126557,
        "14,36": 95.96687816796717,
        "14,37": 113.36166800480244,
        "14,38": 51.84029687053299,
        "14,39": 36.9461318572171,
        "14,40": 8.294782767957146,
        "14,41": 51.96635086674576,
        "14,42": 95.69491208452705,
        "14,43": 40.17166290856562,
        "14,44": 92.7108788191561,
        "14,45": 80.55206852734277,
        "14,46": 59.7492543969013,
        "14,47": 71.86999841599058,
        "14,48": 50.35632124935052,
        "14,49": 118.58748080458838,
        "14,50": 82.67809872507993,
        "15,0": 77.69233318057906,
        "15,1": 48.00667777139539,
        "15,2": 40.13641435127102,
        "15,3": 26.80145411427385,
        "15,4": 26.84085348865097,
        "15,5": 65.28785657893091,
        "15,6": 65.81291090781866,
        "15,7": 21.329446629634447,
        "15,8": 82.75266378019512,
        "15,9": 31.649723636691917,
        "15,10": 75.06741433120683,
        "15,11": 65.41133346898418,
        "15,12": 39.970907794519704,
        "15,13": 31.547970684396503,
        "15,14": 56.645205032303124,
        "15,15": 0.0,
        "15,16": 63.361911805777815,
        "15,17": 25.90416191677739,
        "15,18": 51.241438897852994,
        "15,19": 62.875614242906856,
        "15,20": 45.40959569438232,
        "15,21": 45.03537736849014,
        "15,22": 35.268862710439016,
        "15,23": 40.73625698357991,
        "15,24": 29.871381977993636,
        "15,25": 44.11654389339908,
        "15,26": 62.96837293869526,
        "15,27": 32.02785881389551,
        "15,28": 22.137206626601863,
        "15,29": 7.840191112586368,
        "15,30": 49.095243509296644,
        "15,31": 46.24412781956186,
        "15,32": 61.58564038322421,
        "15,33": 25.9741594556414,
        "15,34": 19.08489952035849,
        "15,35": 40.334192218226995,
        "15,36": 41.57863073480612,
        "15,37": 60.57020424221265,
        "15,38": 21.857791673538326,
        "15,39": 37.36257731847675,
        "15,40": 48.5087384493248,
        "15,41": 33.70777419136973,
        "15,42": 60.00638278726361,
        "15,43": 37.39457054035788,
        "15,44": 50.43724487272782,
        "15,45": 54.83687277194668,
        "15,46": 70.08397347825053,
        "15,47": 20.41912025160084,
        "15,48": 14.874402072962482,
        "15,49": 66.5233467441335,
        "15,50": 27.274670197516603,
        "16,0": 66.16983058035343,
        "16,1": 44.453202323057305,
        "16,2": 70.85397105613478,
        "16,3": 42.659385252319076,
        "16,4": 76.17478225498671,
        "16,5": 86.510859486892,
        "16,6": 23.87251702673461,
        "16,7": 84.6761866634625,
        "16,8": 34.62789064343023,
        "16,9": 33.92338840747034,
        "16,10": 30.976280116572326,
        "16,11": 10.111944239263279,
        "16,12": 74.70523055105102,
        "16,13": 49.17170475146378,
        "16,14": 62.939223140698665,
        "16,15": 63.361911805777815,
        "16,16": 0.0,
        "16,17": 42.57821491491577,
        "16,18": 48.001647161443884,
        "16,19": 13.607074790652037,
        "16,20": 82.76915682648102,
        "16,21": 70.55650056403506,
        "16,22": 42.043820345698265,
        "16,23": 25.73006805092043,
        "16,24": 93.16181451896807,
        "16,25": 106.03554864164535,
        "16,26": 54.320463151183894,
        "16,27": 41.53304717298632,
        "16,28": 62.903743785180424,
        "16,29": 59.96083913771025,
        "16,30": 87.54287922799111,
        "16,31": 45.70766843065387,
        "16,32": 6.2394914476743635,
        "16,33": 40.09929691191159,
        "16,34": 79.65565632297636,
        "16,35": 102.56799682070056,
        "16,36": 77.05915339745448,
        "16,37": 85.76042143201073,
        "16,38": 41.557268186231994,
        "16,39": 80.4885048235319,
        "16,40": 58.37108875410031,
        "16,41": 88.0299099358723,
        "16,42": 49.520123312851254,
        "16,43": 30.072602956646318,
        "16,44": 55.359901931126146,
        "16,45": 31.246454765837086,
        "16,46": 11.41561718394997,
        "16,47": 83.27415258990122,
        "16,48": 48.56198168981697,
        "16,49": 88.25765494934508,
        "16,50": 71.53003974446845,
        "17,0": 79.17957933305061,
        "17,1": 24.06376400568921,
        "17,2": 32.65598912740277,
        "17,3": 1.2846688158632407,
        "17,4": 33.683001696187155,
        "17,5": 54.9612007151478,
        "17,6": 40.29672101862543,
        "17,7": 45.484377411896915,
        "17,8": 57.060532823400166,
        "17,9": 22.386112129329486,
        "17,10": 49.30967727059185,
        "17,11": 42.041939038764625,
        "17,12": 57.0906850607217,
        "17,13": 11.696157923161895,
        "17,14": 63.06673766182289,
        "17,15": 25.90416191677739,
        "17,16": 42.57821491491577,
        "17,17": 0.0,
        "17,18": 51.97447154882234,
        "17,19": 38.757470853117084,
        "17,20": 43.382451317713546,
        "17,21": 34.77345235039726,
        "17,22": 10.6697651252873,
        "17,23": 27.957875289868376,
        "17,24": 54.550033263715584,
        "17,25": 69.78083840935324,
        "17,26": 63.73541120876052,
        "17,27": 31.202907839489978,
        "17,28": 20.513919300009885,
        "17,29": 19.709389193138446,
        "17,30": 48.15105658716567,
        "17,31": 46.8041073992638,
        "17,32": 42.80126222968178,
        "17,33": 3.779355651297745,
        "17,34": 44.91437322177373,
        "17,35": 65.91641041397907,
        "17,36": 37.78749287652153,
        "17,37": 52.012266562814986,
        "17,38": 11.331639921519109,
        "17,39": 57.97795323601971,
        "17,40": 55.049826789481585,
        "17,41": 58.374188069555146,
        "17,42": 36.333973989011525,
