{
    "num_robots": 6,
    "num_tasks": 40,
    "num_nodes": 41,
    "robot_capacity": [
        83,
        103,
        75,
        108,
        103,
        77
    ],
    "robot_speed": [
        1.16,
        1.06,
        0.89,
        0.98,
        1.12,
        1.17
    ],
    "task_demand": {
        "0": 0,
        "1": 8,
        "2": 9,
        "3": 7,
        "4": 11,
        "5": 5,
        "6": 14,
        "7": 12,
        "8": 5,
        "9": 7,
        "10": 15,
        "11": 9,
        "12": 7,
        "13": 12,
        "14": 7,
        "15": 7,
        "16": 14,
        "17": 10,
        "18": 12,
        "19": 6,
        "20": 15,
        "21": 9,
        "22": 13,
        "23": 5,
        "24": 6,
        "25": 5,
        "26": 6,
        "27": 13,
        "28": 13,
        "29": 15,
        "30": 12,
        "31": 10,
        "32": 12,
        "33": 13,
        "34": 6,
        "35": 11,
        "36": 13,
        "37": 13,
        "38": 12,
        "39": 11,
        "40": 5
    },
    "task_service_time": {
        "0": 0,
        "1": 48,
        "2": 54,
        "3": 100,
        "4": 54,
        "5": 38,
        "6": 85,
        "7": 57,
        "8": 31,
        "9": 39,
        "10": 20,
        "11": 91,
        "12": 95,
        "13": 97,
        "14": 48,
        "15": 46,
        "16": 79,
        "17": 76,
        "18": 85,
        "19": 41,
        "20": 31,
        "21": 11,
        "22": 16,
        "23": 68,
        "24": 48,
        "25": 29,
        "26": 54,
        "27": 54,
        "28": 67,
        "29": 80,
        "30": 90,
        "31": 57,
        "32": 27,
        "33": 73,
        "34": 80,
        "35": 71,
        "36": 97,
        "37": 22,
        "38": 65,
        "39": 27,
        "40": 99
    },
    "task_precedence": [],
    "coordinates": {
        "0": [
            100,
            0
        ],
        "1": [
            65.8722258204375,
            2.4484595308661428
        ],
        "2": [
            74.58956546517582,
            20.31783106462055
        ],
        "3": [
            36.595782724819095,
            68.31883053770318
        ],
        "4": [
            72.69359255417895,
            24.10021890002789
        ],
        "5": [
            0.02730782878401783,
            87.9901810559393
        ],
        "6": [
            7.804362314047819,
            45.325174952733335
        ],
        "7": [
            64.45756317719675,
            83.59588733377353
        ],
        "8": [
            84.29678457528964,
            48.45448440674684
        ],
        "9": [
            78.53172679289713,
            1.8503754363987657
        ],
        "10": [
            30.188268662823447,
            39.88973885983894
        ],
        "11": [
            24.94980632442513,
            18.11482436768297
        ],
        "12": [
            77.1007575634092,
            86.8631587014153
        ],
        "13": [
            70.56103473342674,
            21.205926619319094
        ],
        "14": [
            51.23139205804485,
            67.24510481433191
        ],
        "15": [
            24.140864999239685,
            37.36170364596955
        ],
        "16": [
            86.3245366431283,
            25.48494596797851
        ],
        "17": [
            75.33450980263295,
            25.869991647483737
        ],
        "18": [
            11.789170417733175,
            94.86368251815718
        ],
        "19": [
            6.35778732656247,
            54.62180796432444
        ],
        "20": [
            92.58839536363222,
            2.973068267567569
        ],
        "21": [
            21.586988700756027,
            84.94784209927502
        ],
        "22": [
            14.399364510977374,
            12.93576312794963
        ],
        "23": [
            76.19769953964266,
            32.96389295499925
        ],
        "24": [
            72.10319635095387,
            46.565901077511555
        ],
        "25": [
            39.266310594820354,
            0.47714693445354284
        ],
        "26": [
            2.197078726615964,
            24.857991645140388
        ],
        "27": [
            94.26123235876393,
            97.40069736098911
        ],
        "28": [
            38.386242897373236,
            59.383286469616394
        ],
        "29": [
            90.42239284767949,
            13.519893530823612
        ],
        "30": [
            97.40988674338877,
            58.977863702652655
        ],
        "31": [
            24.546285136991376,
            69.22918716872772
        ],
        "32": [
            54.3723429825158,
            54.353844766514335
        ],
        "33": [
            62.888455474405816,
            29.597057698188213
        ],
        "34": [
            26.153741017316847,
            18.39694162367588
        ],
        "35": [
            65.39418085434451,
            55.123334354361845
        ],
        "36": [
            11.157019297539005,
            49.99023652629205
        ],
        "37": [
            80.67794673350205,
            60.63804793060433
        ],
        "38": [
            98.6153991984159,
            64.2093689548204
        ],
        "39": [
            16.219058845813162,
            13.948284329295891
        ],
        "40": [
            39.80924820033103,
            14.548644895417851
        ]
    },
    "distance_matrix_str_keys": {
        "0,0": 0.0,
        "0,1": 34.215492463582954,
        "0,2": 32.53466524215433,
        "0,3": 93.20706719083995,
        "0,4": 36.420604588974804,
        "0,5": 133.17961984559682,
        "0,6": 102.73464407304505,
        "0,7": 90.83797220559208,
        "0,8": 50.935528207711116,
        "0,9": 21.547868659114265,
        "0,10": 80.40440969623658,
        "0,11": 77.20543007207006,
        "0,12": 89.83086131033711,
        "0,13": 36.28145531467079,
        "0,14": 83.06793149035683,
        "0,15": 84.56066025281989,
        "0,16": 28.922323022467005,
        "0,17": 35.74413063031871,
        "0,18": 129.5386765275045,
        "0,19": 108.40851396301325,
        "0,20": 7.985675814196671,
        "0,21": 115.60595234821919,
        "0,22": 86.57252892128624,
        "0,23": 40.65916558358985,
        "0,24": 54.282730191047186,
        "0,25": 60.73556370004224,
        "0,26": 100.91249257766663,
        "0,27": 97.5696125873578,
        "0,28": 85.57236572769281,
        "0,29": 16.56858714100231,
        "0,30": 59.03471092171746,
        "0,31": 102.40089571224924,
        "0,32": 70.96635488601281,
        "0,33": 47.46843752921558,
        "0,34": 76.10333387468943,
        "0,35": 65.08567207215874,
        "0,36": 101.94164491537538,
        "0,37": 63.64208198407444,
        "0,38": 64.2242958774637,
        "0,39": 84.93409643018637,
        "0,40": 61.924063743445664,
        "1,0": 34.215492463582954,
        "1,1": 0.0,
        "1,2": 19.88231499330696,
        "1,3": 72.08339543132898,
        "1,4": 22.700875046928875,
        "1,5": 107.94878112698048,
        "1,6": 72.18233507974432,
        "1,7": 81.15975794334436,
        "1,8": 49.55823534177899,
        "1,9": 12.67362100805295,
        "1,10": 51.72227949555783,
        "1,11": 43.818710668022455,
        "1,12": 85.15821370341932,
        "1,13": 19.334619225547808,
        "1,14": 66.43010803279867,
        "1,15": 54.40993558744402,
        "1,16": 30.805465835711964,
        "1,17": 25.26070040298689,
        "1,18": 107.07731002169746,
        "1,19": 79.14560427465494,
        "1,20": 26.721319753847265,
        "1,21": 93.63402346858273,
        "1,22": 52.5303625355881,
        "1,23": 32.21501334143285,
        "1,24": 44.55528747942087,
        "1,25": 26.678845521227146,
        "1,26": 67.50341833567022,
        "1,27": 99.10531348611626,
        "1,28": 63.222256965347434,
        "1,29": 26.931159497520596,
        "1,30": 64.73173559011252,
        "1,31": 78.53342573206619,
        "1,32": 53.16405102836851,
        "1,33": 27.312071835153432,
        "1,34": 42.80084246975052,
        "1,35": 52.677044000784136,
        "1,36": 72.48430440258251,
        "1,37": 60.043630552178485,
        "1,38": 69.90368613838784,
        "1,39": 50.96746963509671,
        "1,40": 28.734879298209737,
        "2,0": 32.53466524215433,
        "2,1": 19.88231499330696,
        "2,2": 0.0,
        "2,3": 61.21783626800532,
        "2,4": 4.230977548589853,
        "2,5": 100.69298494524436,
        "2,6": 71.3136074552099,
        "2,7": 64.08408441700408,
        "2,8": 29.76409521800966,
        "2,9": 18.883525976737552,
        "2,10": 48.5235482263521,
        "2,11": 49.688619683570344,
        "2,12": 66.59269266250305,
        "2,13": 4.125260424618323,
        "2,14": 52.41920722881976,
        "2,15": 53.25002320441753,
        "2,16": 12.822192674105285,
        "2,17": 5.601912995023141,
        "2,18": 97.47293771630979,
        "2,19": 76.36974780037167,
        "2,20": 24.995973159683157,
        "2,21": 83.58415800860695,
        "2,22": 60.641200663644646,
        "2,23": 12.747900867858593,
        "2,24": 26.365568660163294,
        "2,25": 40.514010926951585,
        "2,26": 72.53471716557162,
        "2,27": 79.55339562103005,
        "2,28": 53.26152805682619,
        "2,29": 17.23050717876764,
        "2,30": 44.89281887801841,
        "2,31": 69.9760720671576,
        "2,32": 39.587704071199624,
        "2,33": 14.933854891929585,
        "2,34": 48.47389922616238,
        "2,35": 35.99969662918433,
        "2,36": 70.02956203769384,
        "2,37": 40.77730097233593,
        "2,38": 50.03706411195751,
        "2,39": 58.717009193372114,
        "2,40": 35.25555244352556,
        "3,0": 93.20706719083995,
        "3,1": 72.08339543132898,
        "3,2": 61.21783626800532,
        "3,3": 0.0,
        "3,4": 57.08184903837805,
        "3,5": 41.52367261494648,
        "3,6": 36.84635784483986,
        "3,7": 31.775261986753986,
        "3,8": 51.671828153734154,
        "3,9": 78.59185026728338,
        "3,10": 29.14222863960616,
        "3,11": 51.5370837537201,
        "3,12": 44.54823334003566,
        "3,13": 58.07980767556928,
        "3,14": 14.674942844312339,
        "3,15": 33.36867814196195,
        "3,16": 65.63299957795812,
        "3,17": 57.46819032070834,
        "3,18": 36.33176545143766,
        "3,19": 33.19555381494087,
        "3,20": 86.05371181294421,
        "3,21": 22.40062328533832,
        "3,22": 59.66544340937282,
        "3,23": 53.08750725815911,
        "3,24": 41.64092172992204,
        "3,25": 67.8942247413422,
        "3,26": 55.42666645218071,
        "3,27": 64.58373680279244,
        "3,28": 9.113160561639608,
        "3,29": 76.8129380664636,
        "3,30": 61.52730214299117,
        "3,31": 12.083838020873847,
        "3,32": 22.605904586745222,
        "3,33": 46.8047041669089,
        "3,34": 51.002266888499165,
        "3,35": 31.677576522695492,
        "3,36": 31.353915914033113,
        "3,37": 44.74630269805468,
        "3,38": 62.155615209192725,
        "3,39": 58.0634753613819,
        "3,40": 53.866123160741154,
        "4,0": 36.420604588974804,
        "4,1": 22.700875046928875,
        "4,2": 4.230977548589853,
        "4,3": 57.08184903837805,
        "4,4": 0.0,
        "4,5": 96.75906262503764,
        "4,6": 68.2723293918995,
        "4,7": 60.063023086394104,
        "4,8": 26.977107210568875,
        "4,9": 23.003029051524784,
        "4,10": 45.343263002019484,
        "4,11": 48.11750275378238,
        "4,12": 62.917483388412506,
        "4,13": 3.5950981440041314,
        "4,14": 48.18824784835581,
        "4,15": 50.331246067338746,
        "4,16": 13.70109870808828,
        "4,17": 3.1790784027480785,
        "4,18": 93.36389247995551,
        "4,19": 73.02058924855412,
        "4,20": 29.01998746853103,
        "4,21": 79.46268436460136,
        "4,22": 59.3537033034964,
        "4,23": 9.531184790903387,
        "4,24": 22.47343861932325,
        "4,25": 40.93204989102262,
        "4,26": 70.50058639027773,
        "4,27": 76.40761237825821,
        "4,28": 49.21269244406848,
        "4,29": 20.64591109069911,
        "4,30": 42.74745963710154,
        "4,31": 65.99080987927397,
        "4,32": 35.368772440339306,
        "4,33": 11.240816248213587,
        "4,34": 46.88800649168313,
        "4,35": 31.870285591073923,
        "4,36": 66.76108792446453,
        "4,37": 37.40003826105675,
        "4,38": 47.7565071777561,
        "4,39": 57.37974148691998,
        "4,40": 34.243432502422884,
        "5,0": 133.17961984559682,
        "5,1": 107.94878112698048,
        "5,2": 100.69298494524436,
        "5,3": 41.52367261494648,
        "5,4": 96.75906262503764,
        "5,5": 0.0,
        "5,6": 43.36802188540958,
        "5,7": 64.57993203448214,
        "5,8": 93.08284493217221,
        "5,9": 116.54617071815457,
        "5,10": 56.77443172672759,
        "5,11": 74.18690183298048,
        "5,12": 77.08168935216321,
        "5,13": 97.13466565399784,
        "5,14": 55.24686805627393,
        "5,15": 56.07768151648793,
        "5,16": 106.55569489443789,
        "5,17": 97.62219317999607,
        "5,18": 13.623011191085215,
        "5,19": 33.963558315538734,
        "5,20": 125.68000792689564,
        "5,21": 21.77327870644458,
        "5,22": 76.41807157855736,
        "5,23": 93.9671269942489,
        "5,24": 83.13185116422841,
        "5,25": 95.90740575795665,
        "5,26": 63.169464502638206,
        "5,27": 94.70264172371095,
        "5,28": 47.85146097528512,
        "5,29": 117.12000307226235,
        "5,30": 101.61240689141773,
        "5,31": 30.873210715381997,
        "5,32": 63.91233030359345,
        "5,33": 85.79790637770947,
        "5,34": 74.3357887281168,
        "5,35": 73.16459322134403,
        "5,36": 39.59629100855286,
        "5,37": 85.16257829730888,
        "5,38": 101.41567326649076,
        "5,39": 75.79165700706373,
        "5,40": 83.52402057697236,
        "6,0": 102.73464407304505,
        "6,1": 72.18233507974432,
        "6,2": 71.3136074552099,
        "6,3": 36.84635784483986,
        "6,4": 68.2723293918995,
        "6,5": 43.36802188540958,
        "6,6": 0.0,
        "6,7": 68.36835959852043,
        "6,8": 76.55640561736882,
        "6,9": 83.02058948905072,
        "6,10": 23.034392306954768,
        "6,11": 32.16161422059431,
        "6,12": 80.79229225898645,
        "6,13": 67.23197210644753,
        "6,14": 48.6455572228688,
        "6,15": 18.174107825060663,
        "6,16": 80.98797727339962,
        "6,17": 70.276774095507,
        "6,18": 49.698515344351605,
        "6,19": 9.408504904958265,
        "6,20": 94.77358915238297,
        "6,21": 41.95135923806545,
        "6,22": 33.054017189033836,
        "6,23": 69.50143789506402,
        "6,24": 64.31080360112361,
        "6,25": 54.78320734267404,
        "6,26": 21.221385953242876,
        "6,27": 100.92893743630555,
        "6,28": 33.65831129801221,
        "6,29": 88.52861060461171,
        "6,30": 90.63964871048094,
        "6,31": 29.183793102196418,
        "6,32": 47.43515259957627,
        "6,33": 57.28552165837122,
        "6,34": 32.58572462014837,
        "6,35": 58.41738719905249,
        "6,36": 5.7448331859198785,
        "6,37": 74.465048076099,
        "6,38": 92.75374495470531,
        "6,39": 32.48563348492469,
        "6,40": 44.401661263547936,
        "7,0": 90.83797220559208,
        "7,1": 81.15975794334436,
        "7,2": 64.08408441700408,
        "7,3": 31.775261986753986,
        "7,4": 60.063023086394104,
        "7,5": 64.57993203448214,
        "7,6": 68.36835959852043,
        "7,7": 0.0,
        "7,8": 40.354837446856195,
        "7,9": 82.94824167422324,
        "7,10": 55.53928304307205,
        "7,11": 76.47635228426392,
        "7,12": 13.0585384510429,
        "7,13": 62.68779437010746,
        "7,14": 21.03044677298049,
        "7,15": 61.34358885205598,
        "7,16": 62.089017023775,
        "7,17": 58.741697291421524,
        "7,18": 53.86021541158496,
        "7,19": 64.92365693028297,
        "7,20": 85.38959347416744,
        "7,21": 42.89188661772775,
        "7,22": 86.59489827056296,
        "7,23": 51.97527928333868,
        "7,24": 37.811051146015586,
        "7,25": 86.85231264761252,
        "7,26": 85.59502505373639,
        "7,27": 32.84557012097384,
        "7,28": 35.580384789095795,
        "7,29": 74.7316351171862,
        "7,30": 41.132745056869716,
        "7,31": 42.41830015965877,
        "7,32": 30.932324837952276,
        "7,33": 54.02162253205586,
        "7,34": 75.61802241373394,
        "7,35": 28.48795404795773,
        "7,36": 63.010219362113794,
        "7,37": 28.109842275889207,
        "7,38": 39.27588135879301,
        "7,39": 84.72155513444164,
        "7,40": 73.31480832369303,
        "8,0": 50.935528207711116,
        "8,1": 49.55823534177899,
        "8,2": 29.76409521800966,
        "8,3": 51.671828153734154,
        "8,4": 26.977107210568875,
        "8,5": 93.08284493217221,
        "8,6": 76.55640561736882,
        "8,7": 40.354837446856195,
        "8,8": 0.0,
        "8,9": 46.959332024150456,
        "8,10": 54.78217192237713,
        "8,11": 66.65252282393034,
        "8,12": 39.076963365001106,
        "8,13": 30.514827956471034,
        "8,14": 38.03166572241374,
        "8,15": 61.17012706417129,
        "8,16": 23.05886975848296,
        "8,17": 24.29777113839469,
        "8,18": 86.08813960218454,
        "8,19": 78.18262704719605,
        "8,20": 46.23105042599136,
        "8,21": 72.55538335851088,
        "8,22": 78.40426578272259,
        "8,23": 17.480091588421278,
        "8,24": 12.3389764881908,
        "8,25": 65.7994566682434,
        "8,26": 85.42339358212881,
        "8,27": 49.950195016552435,
        "8,28": 47.19339521256211,
        "8,29": 35.46757274433803,
        "8,30": 16.81353503212532,
        "8,31": 63.259074115692975,
        "8,32": 30.500404215251457,
        "8,33": 28.529267375108134,
        "8,34": 65.45280278445273,
        "8,35": 20.044500169744644,
        "8,36": 73.15588697744799,
        "8,37": 12.70965017083572,
        "8,38": 21.289413140073457,
        "8,39": 76.32335543123676,
        "8,40": 55.935202204705256,
        "9,0": 21.547868659114265,
        "9,1": 12.67362100805295,
        "9,2": 18.883525976737552,
        "9,3": 78.59185026728338,
        "9,4": 23.003029051524784,
        "9,5": 116.54617071815457,
        "9,6": 83.02058948905072,
        "9,7": 82.94824167422324,
        "9,8": 46.959332024150456,
        "9,9": 0.0,
        "9,10": 61.51490155754739,
        "9,11": 55.99602218129437,
        "9,12": 85.02482573578388,
        "9,13": 20.93249372391051,
        "9,14": 70.86451091377188,
        "9,15": 64.95706488030847,
        "9,16": 24.886156986848686,
        "9,17": 24.231470434347354,
        "9,18": 114.48163226377159,
        "9,19": 89.40862167117638,
        "9,20": 14.101431505370273,
        "9,21": 100.73674683138411,
        "9,22": 65.08337508251543,
        "9,23": 31.200939979417193,
        "9,24": 45.17526133852473,
        "9,25": 39.28942180443414,
        "9,26": 79.72658840695338,
        "9,27": 96.83636385800267,
        "9,28": 70.15479833312831,
        "9,29": 16.660299870724486,
        "9,30": 60.16589431502969,
        "9,31": 86.33847451306883,
        "9,32": 57.79524303777692,
        "9,33": 31.85263433502218,
        "9,34": 54.92942969389754,
        "9,35": 54.86896449872699,
        "9,36": 82.80578141554663,
        "9,37": 58.82683654013212,
        "9,38": 65.51334192302167,
        "9,39": 63.47620015615605,
        "9,40": 40.751397468131046,
        "10,0": 80.40440969623658,
        "10,1": 51.72227949555783,
        "10,2": 48.5235482263521,
        "10,3": 29.14222863960616,
        "10,4": 45.343263002019484,
        "10,5": 56.77443172672759,
        "10,6": 23.034392306954768,
        "10,7": 55.53928304307205,
        "10,8": 54.78217192237713,
        "10,9": 61.51490155754739,
        "10,10": 0.0,
        "10,11": 22.396169065523722,
        "10,12": 66.38737671018927,
        "10,13": 44.486459513324455,
        "10,14": 34.512738064818144,
        "10,15": 6.554544462652609,
        "10,16": 57.95497080504823,
        "10,17": 47.27299864565575,
        "10,18": 57.971210937675195,
        "10,19": 28.016525495093408,
        "10,20": 72.50252671386882,
        "10,21": 45.87171987751868,
        "10,22": 31.237898489998656,
        "10,23": 46.527788160478785,
        "10,24": 42.443283391578944,
        "10,25": 40.44457006318708,
        "10,26": 31.77200242936288,
        "10,27": 86.0979385612822,
        "10,28": 21.14722629483598,
        "10,29": 65.75346727734478,
        "10,30": 69.87919896066516,
        "10,31": 29.877001274822028,
        "10,32": 28.179421753824634,
        "10,33": 34.28179550443333,
        "10,34": 21.868190285370567,
        "10,35": 38.360379103025565,
        "10,36": 21.545498497683088,
        "10,37": 54.586627675436866,
        "10,38": 72.62035941312696,
        "10,39": 29.463500913365493,
        "10,40": 27.105982560585378,
        "11,0": 77.20543007207006,
        "11,1": 43.818710668022455,
        "11,2": 49.688619683570344,
        "11,3": 51.5370837537201,
        "11,4": 48.11750275378238,
        "11,5": 74.18690183298048,
        "11,6": 32.16161422059431,
        "11,7": 76.47635228426392,
        "11,8": 66.65252282393034,
        "11,9": 55.99602218129437,
        "11,10": 22.396169065523722,
        "11,11": 0.0,
        "11,12": 86.29052780458314,
        "11,13": 45.71585140963893,
        "11,14": 55.7180958526041,
        "11,15": 19.263871574025043,
        "11,16": 61.815663177682445,
        "11,17": 50.97804394172672,
        "11,18": 77.86905396157141,
        "11,19": 40.96856138238607,
        "11,20": 69.31270810616282,
        "11,21": 66.91756721131871,
        "11,22": 11.753063336162832,
        "11,23": 53.35580003063549,
        "11,24": 55.071825436810165,
        "11,25": 22.71673303454736,
        "11,26": 23.73092745915927,
        "11,27": 105.31060457154489,
        "11,28": 43.40073492508592,
        "11,29": 65.63362686489715,
        "11,30": 83.18804744681749,
        "11,31": 51.11595557069764,
        "11,32": 46.67924873928034,
        "11,33": 39.638148059432545,
        "11,34": 1.236547164841375,
        "11,35": 54.821321058056434,
        "11,36": 34.73158323846239,
        "11,37": 70.09886001666491,
        "11,38": 86.89836945634919,
        "11,39": 9.673986118801897,
        "11,40": 15.281382427379759,
        "12,0": 89.83086131033711,
        "12,1": 85.15821370341932,
        "12,2": 66.59269266250305,
        "12,3": 44.54823334003566,
        "12,4": 62.917483388412506,
        "12,5": 77.08168935216321,
        "12,6": 80.79229225898645,
        "12,7": 13.0585384510429,
        "12,8": 39.076963365001106,
        "12,9": 85.02482573578388,
        "12,10": 66.38737671018927,
        "12,11": 86.29052780458314,
        "12,12": 0.0,
        "12,13": 65.98211954291281,
        "12,14": 32.46678471864196,
        "12,15": 72.49237389556707,
        "12,16": 62.06740770213048,
        "12,17": 61.01873530663554,
        "12,18": 65.79978568984468,
        "12,19": 77.7436334067523,
        "12,20": 85.30776164939535,
        "12,21": 55.54679982701538,
        "12,22": 96.93670361112564,
        "12,23": 53.90683038166005,
        "12,24": 40.60596741957402,
        "12,25": 94.30794455622824,
        "12,26": 97.23786219864166,
        "12,27": 20.137567286145007,
        "12,28": 47.475857271909334,
        "12,29": 74.54327945918963,
        "12,30": 34.49710720070763,
        "12,31": 55.43401053536311,
        "12,32": 39.666564281254736,
        "12,33": 59.003354606165374,
        "12,34": 85.34179149680388,
        "12,35": 33.82987419171143,
        "12,36": 75.55255790646859,
        "12,37": 26.467956424702216,
        "12,38": 31.24218293534707,
        "12,39": 94.99031605085905,
        "12,40": 81.36366251327642,
        "13,0": 36.28145531467079,
        "13,1": 19.334619225547808,
        "13,2": 4.125260424618323,
        "13,3": 58.07980767556928,
        "13,4": 3.5950981440041314,
        "13,5": 97.13466565399784,
        "13,6": 67.23197210644753,
        "13,7": 62.68779437010746,
        "13,8": 30.514827956471034,
        "13,9": 20.93249372391051,
        "13,10": 44.486459513324455,
        "13,11": 45.71585140963893,
        "13,12": 65.98211954291281,
        "13,13": 0.0,
        "13,14": 49.932364402560474,
        "13,15": 49.15120842345163,
        "13,16": 16.333952339938012,
        "13,17": 6.673797031921312,
        "13,18": 94.23161379916566,
        "13,19": 72.37871305605329,
        "13,20": 28.594435472800676,
        "13,21": 80.38338742466627,
        "13,22": 56.767321641496665,
        "13,23": 13.039239337040373,
        "13,24": 25.4068212686032,
        "13,25": 37.537209088252254,
        "13,26": 68.46143483636598,
        "13,27": 79.79562930296179,
        "13,28": 49.92722738979672,
        "13,29": 21.296681684714194,
        "13,30": 46.34199051918412,
        "13,31": 66.51007994446432,
        "13,32": 36.889811846893004,
        "13,33": 11.370116677885116,
        "13,34": 44.49604625014005,
        "13,35": 34.30870044861689,
        "13,36": 66.01040483687287,
        "13,37": 40.709263067822576,
        "13,38": 51.34533492185276,
        "13,39": 54.82448098231217,
        "13,40": 31.464134739866537,
        "14,0": 83.06793149035683,
        "14,1": 66.43010803279867,
        "14,2": 52.41920722881976,
        "14,3": 14.674942844312339,
        "14,4": 48.18824784835581,
        "14,5": 55.24686805627393,
        "14,6": 48.6455572228688,
        "14,7": 21.03044677298049,
        "14,8": 38.03166572241374,
        "14,9": 70.86451091377188,
        "14,10": 34.512738064818144,
        "14,11": 55.7180958526041,
        "14,12": 32.46678471864196,
        "14,13": 49.932364402560474,
        "14,14": 0.0,
        "14,15": 40.3350259912292,
        "14,16": 54.547590815197694,
        "14,17": 47.883820592961996,
        "14,18": 48.15054186928434,
        "14,19": 46.61531963808385,
        "14,20": 76.42837434020807,
        "14,21": 34.527924319155815,
        "14,22": 65.62090252073769,
        "14,23": 42.40893768782869,
        "14,24": 29.381315178705332,
        "14,25": 67.83158094774741,
        "14,26": 64.81536273679716,
        "14,27": 52.544523198382876,
        "14,28": 15.060081163300815,
        "14,29": 66.50062308242495,
        "14,30": 46.91269174757484,
        "14,31": 26.758765184086517,
        "14,32": 13.268389439958133,
        "14,33": 39.41145238572714,
        "14,34": 54.90930366360048,
        "14,35": 18.641939426271996,
        "14,36": 43.631248340903284,
        "14,37": 30.178680934055134,
        "14,38": 47.48115231212759,
        "14,39": 63.7684447887707,
        "14,40": 53.920147053694365,
        "15,0": 84.56066025281989,
        "15,1": 54.40993558744402,
        "15,2": 53.25002320441753,
        "15,3": 33.36867814196195,
        "15,4": 50.331246067338746,
        "15,5": 56.07768151648793,
        "15,6": 18.174107825060663,
        "15,7": 61.34358885205598,
        "15,8": 61.17012706417129,
        "15,9": 64.95706488030847,
        "15,10": 6.554544462652609,
        "15,11": 19.263871574025043,
        "15,12": 72.49237389556707,
        "15,13": 49.15120842345163,
        "15,14": 40.3350259912292,
        "15,15": 0.0,
        "15,16": 63.30771194772937,
        "15,17": 52.467596789943954,
        "15,18": 58.8136203039086,
        "15,19": 24.78203084077179,
        "15,20": 76.60053952925604,
        "15,21": 47.654620521467955,
        "15,22": 26.296832546005653,
        "15,23": 52.24226987067565,
        "15,24": 48.83751098336636,
        "15,25": 39.86539386824005,
        "15,26": 25.25613924926509,
        "15,27": 92.31222391940729,
        "15,28": 26.227483705444747,
        "15,29": 70.4391428361403,
        "15,30": 76.39115081565883,
        "15,31": 31.870062308714715,
        "15,32": 34.67960670067954,
        "15,33": 39.51791358770833,
        "15,34": 19.071283869377606,
        "15,35": 44.91449203166332,
        "15,36": 18.11242921076457,
        "15,37": 61.14106487691815,
        "15,38": 79.16598623601138,
        "15,39": 24.71726556136122,
        "15,40": 27.67551050463866,
        "16,0": 28.922323022467005,
        "16,1": 30.805465835711964,
        "16,2": 12.822192674105285,
        "16,3": 65.63299957795812,
        "16,4": 13.70109870808828,
        "16,5": 106.55569489443789,
        "16,6": 80.98797727339962,
        "16,7": 62.089017023775,
        "16,8": 23.05886975848296,
        "16,9": 24.886156986848686,
        "16,10": 57.95497080504823,
        "16,11": 61.815663177682445,
        "16,12": 62.06740770213048,
        "16,13": 16.333952339938012,
        "16,14": 54.547590815197694,
        "16,15": 63.30771194772937,
        "16,16": 0.0,
        "16,17": 10.996769986232946,
        "16,18": 101.82794264666683,
        "16,19": 85.10956305405749,
        "16,20": 23.367082908841926,
        "16,21": 87.90213950702397,
        "16,22": 73.01172766201341,
        "16,23": 12.589180980317984,
        "16,24": 25.4293764775303,
        "16,25": 53.29039924146581,
        "16,26": 84.12979405191408,
        "16,27": 72.35237686008591,
        "16,28": 58.712668956702025,
        "16,29": 12.647327990411457,
        "16,30": 35.27974667180867,
        "16,31": 75.69749663882442,
        "16,32": 43.062234005743235,
        "16,33": 23.79410354328729,
        "16,34": 60.586833980890795,
        "16,35": 36.283796102215895,
        "16,36": 79.06114677416991,
        "16,37": 35.60371546906671,
        "16,38": 40.62814588455668,
        "16,39": 71.048381958742,
        "16,40": 47.7836241830433,
        "17,0": 35.74413063031871,
        "17,1": 25.26070040298689,
        "17,2": 5.601912995023141,
        "17,3": 57.46819032070834,
        "17,4": 3.1790784027480785,
        "17,5": 97.62219317999607,
        "17,6": 70.276774095507,
        "17,7": 58.741697291421524,
        "17,8": 24.29777113839469,
        "17,9": 24.231470434347354,
        "17,10": 47.27299864565575,
        "17,11": 50.97804394172672,
        "17,12": 61.01873530663554,
        "17,13": 6.673797031921312,
        "17,14": 47.883820592961996,
        "17,15": 52.467596789943954,
        "17,16": 10.996769986232946,
        "17,17": 0.0,
        "17,18": 93.7983983738536,
        "17,19": 74.72921239420495,
        "17,20": 28.66994362076442,
        "17,21": 79.86856977936266,
        "17,22": 62.29274595898549,
        "17,23": 7.146225037238138,
        "17,24": 20.946647792878853,
        "17,25": 44.11022054710811,
        "17,26": 73.14443224472987,
        "17,27": 73.99231505088125,
        "17,28": 49.88301672049811,
        "17,29": 19.497926512122636,
        "17,30": 39.792630713461115,
        "17,31": 66.7792153363391,
        "17,32": 35.365835580414746,
        "17,33": 12.992124140705217,
        "17,34": 49.74529620952173,
        "17,35": 30.89608711675703,
        "17,36": 68.56045872472778,
        "17,37": 35.17627120574915,
        "17,38": 44.854293700525496,
        "17,39": 60.30558553905848,
        "17,40": 37.28561524492388,
        "18,0": 129.5386765275045,
        "18,1": 107.07731002169746,
        "18,2": 97.47293771630979,
        "18,3": 36.33176545143766,
        "18,4": 93.36389247995551,
        "18,5": 13.623011191085215,
        "18,6": 49.698515344351605,
        "18,7": 53.86021541158496,
        "18,8": 86.08813960218454,
        "18,9": 114.48163226377159,
        "18,10": 57.971210937675195,
        "18,11": 77.86905396157141,
        "18,12": 65.79978568984468,
        "18,13": 94.23161379916566,
        "18,14": 48.15054186928434,
        "18,15": 58.8136203039086,
        "18,16": 101.82794264666683,
        "18,17": 93.7983983738536,
        "18,18": 0.0,
        "18,19": 40.60675300845249,
        "18,20": 122.36175766639124,
        "18,21": 13.939911560690545,
        "18,22": 81.96948876754541,
        "18,23": 89.33108401676931,
        "18,24": 77.26873505087029,
        "18,25": 98.30468621487508,
        "18,26": 70.65978331143668,
        "18,27": 82.51107468163268,
        "18,28": 44.34256158870995,
        "18,29": 113.13706588264193,
        "18,30": 92.8369487659822,
        "18,31": 28.633395323995977,
        "18,32": 58.77391887858494,
        "18,33": 82.89070664853617,
        "18,34": 77.80426306786899,
        "18,35": 66.72924708168736,
        "18,36": 44.877898460418116,
        "18,37": 76.9224126325009,
        "18,38": 92.0786671510553,
        "18,39": 81.0365693717794,
        "18,40": 85.0625065894773,
        "19,0": 108.40851396301325,
        "19,1": 79.14560427465494,
        "19,2": 76.36974780037167,
        "19,3": 33.19555381494087,
        "19,4": 73.02058924855412,
        "19,5": 33.963558315538734,
        "19,6": 9.408504904958265,
        "19,7": 64.92365693028297,
        "19,8": 78.18262704719605,
        "19,9": 89.40862167117638,
        "19,10": 28.016525495093408,
        "19,11": 40.96856138238607,
        "19,12": 77.7436334067523,
        "19,13": 72.37871305605329,
        "19,14": 46.61531963808385,
        "19,15": 24.78203084077179,
        "19,16": 85.10956305405749,
        "19,17": 74.72921239420495,
        "19,18": 40.60675300845249,
        "19,19": 0.0,
        "19,20": 100.51522309932017,
        "19,21": 33.935187060777004,
        "19,22": 42.45460278595424,
        "19,23": 73.12098618373456,
        "19,24": 66.23712285081173,
        "19,25": 63.36099132539744,
        "19,26": 30.053223752798896,
        "19,27": 97.76016073299661,
        "19,28": 32.380451568929,
        "19,29": 93.57470422886648,
        "19,30": 91.1562396646935,
        "19,31": 23.328029917273568,
        "19,32": 48.015303384587924,
        "19,33": 61.82195861604576,
        "19,34": 41.28099712851356,
        "19,35": 59.038523774625745,
        "19,36": 6.669638783085687,
        "19,37": 74.56327003025534,
        "19,38": 92.75445150527294,
        "19,39": 41.8518840778478,
        "19,40": 52.20017847609764,
        "20,0": 7.985675814196671,
        "20,1": 26.721319753847265,
        "20,2": 24.995973159683157,
        "20,3": 86.05371181294421,
        "20,4": 29.01998746853103,
        "20,5": 125.68000792689564,
        "20,6": 94.77358915238297,
        "20,7": 85.38959347416744,
        "20,8": 46.23105042599136,
        "20,9": 14.101431505370273,
        "20,10": 72.50252671386882,
        "20,11": 69.31270810616282,
        "20,12": 85.30776164939535,
        "20,13": 28.594435472800676,
        "20,14": 76.42837434020807,
        "20,15": 76.60053952925604,
        "20,16": 23.367082908841926,
        "20,17": 28.66994362076442,
        "20,18": 122.36175766639124,
        "20,19": 100.51522309932017,
        "20,20": 0.0,
        "20,21": 108.44843610152572,
        "20,22": 78.82118899482863,
        "20,23": 34.17754343171566,
        "20,24": 48.16615462111094,
        "20,25": 53.38046784539689,
        "20,26": 93.00290315154449,
        "20,27": 94.44244554127701,
        "20,28": 78.23033970000607,
        "20,29": 10.766944321987062,
        "20,30": 56.21195505273584,
        "20,31": 94.97158551871719,
        "20,32": 64.03476284980646,
        "20,33": 39.88637916163187,
        "20,34": 68.20160678033669,
        "20,35": 58.81475627511007,
        "20,36": 94.03022449769385,
        "20,37": 58.88215914952009,
        "20,38": 61.53218098754618,
        "20,39": 77.1539430474782,
        "20,40": 54.03362239895302,
        "21,0": 115.60595234821919,
        "21,1": 93.63402346858273,
        "21,2": 83.58415800860695,
        "21,3": 22.40062328533832,
        "21,4": 79.46268436460136,
        "21,5": 21.77327870644458,
        "21,6": 41.95135923806545,
        "21,7": 42.89188661772775,
        "21,8": 72.55538335851088,
        "21,9": 100.73674683138411,
        "21,10": 45.87171987751868,
        "21,11": 66.91756721131871,
        "21,12": 55.54679982701538,
        "21,13": 80.38338742466627,
        "21,14": 34.527924319155815,
        "21,15": 47.654620521467955,
        "21,16": 87.90213950702397,
        "21,17": 79.86856977936266,
        "21,18": 13.939911560690545,
        "21,19": 33.935187060777004,
        "21,20": 108.44843610152572,
        "21,21": 0.0,
        "21,22": 72.36989332081329,
        "21,23": 75.39668896551849,
        "21,24": 63.443365547203086,
        "21,25": 86.3009661838275,
        "21,26": 63.1407850474281,
        "21,27": 73.73343404068946,
        "21,28": 30.59021814411384,
        "21,29": 99.19810835276864,
        "21,30": 80.14706261307717,
        "21,31": 15.994797536172012,
        "21,32": 44.842748891849524,
        "21,33": 69.06171509215864,
        "21,34": 66.70740274387781,
        "21,35": 52.99595594578714,
        "21,36": 36.4803844435375,
        "21,37": 63.89606727922219,
        "21,38": 79.77129992772629,
        "21,39": 71.20219009595274,
        "21,40": 72.71930767146661,
        "22,0": 86.57252892128624,
        "22,1": 52.5303625355881,
        "22,2": 60.641200663644646,
        "22,3": 59.66544340937282,
        "22,4": 59.3537033034964,
        "22,5": 76.41807157855736,
        "22,6": 33.054017189033836,
        "22,7": 86.59489827056296,
        "22,8": 78.40426578272259,
        "22,9": 65.08337508251543,
        "22,10": 31.237898489998656,
        "22,11": 11.753063336162832,
        "22,12": 96.93670361112564,
        "22,13": 56.767321641496665,
        "22,14": 65.62090252073769,
        "22,15": 26.296832546005653,
        "22,16": 73.01172766201341,
        "22,17": 62.29274595898549,
        "22,18": 81.96948876754541,
        "22,19": 42.45460278595424,
        "22,20": 78.82118899482863,
        "22,21": 72.36989332081329,
        "22,22": 0.0,
        "22,23": 64.9627600759413,
        "22,24": 66.78860971395385,
        "22,25": 27.81334436909011,
        "22,26": 17.05975706683261,
        "22,27": 116.24217415004337,
        "22,28": 52.27564212229654,
        "22,29": 76.02527241523423,
        "22,30": 94.9242952390416,
        "22,31": 57.20060828719814,
        "22,32": 57.561241252294806,
        "22,33": 51.271733725473915,
        "22,34": 12.961089368373639,
        "22,35": 66.18355127882869,
        "22,36": 37.19605894865171,
        "22,37": 81.66001736971127,
        "22,38": 98.59677049967289,
        "22,39": 2.082423265191094,
        "22,40": 25.461020731744284,
        "23,0": 40.65916558358985,
        "23,1": 32.21501334143285,
        "23,2": 12.747900867858593,
