{
    "num_robots": 5,
    "num_tasks": 30,
    "num_nodes": 31,
    "robot_capacity": [
        75,
        72,
        86,
        80,
        82
    ],
    "robot_speed": [
        1.1,
        1.18,
        1.14,
        0.83,
        0.97
    ],
    "task_demand": {
        "0": 0,
        "1": 15,
        "2": 12,
        "3": 12,
        "4": 5,
        "5": 14,
        "6": 7,
        "7": 6,
        "8": 14,
        "9": 13,
        "10": 6,
        "11": 5,
        "12": 13,
        "13": 11,
        "14": 7,
        "15": 9,
        "16": 8,
        "17": 8,
        "18": 6,
        "19": 7,
        "20": 11,
        "21": 5,
        "22": 12,
        "23": 12,
        "24": 5,
        "25": 14,
        "26": 11,
        "27": 13,
        "28": 14,
        "29": 10,
        "30": 13
    },
    "task_service_time": {
        "0": 0,
        "1": 55,
        "2": 75,
        "3": 79,
        "4": 98,
        "5": 68,
        "6": 19,
        "7": 47,
        "8": 79,
        "9": 16,
        "10": 38,
        "11": 12,
        "12": 50,
        "13": 72,
        "14": 86,
        "15": 17,
        "16": 19,
        "17": 77,
        "18": 20,
        "19": 28,
        "20": 24,
        "21": 75,
        "22": 59,
        "23": 64,
        "24": 52,
        "25": 22,
        "26": 30,
        "27": 80,
        "28": 11,
        "29": 49,
        "30": 46
    },
    "task_precedence": [],
    "coordinates": {
        "0": [
            0,
            100
        ],
        "1": [
            26.528940741708706,
            31.86831996433568
        ],
        "2": [
            8.35073353858805,
            30.871970820795415
        ],
        "3": [
            96.37204598454254,
            44.40019545894213
        ],
        "4": [
            91.97171646118272,
            68.85830238612036
        ],
        "5": [
            1.9032280789584743,
            45.63838338566691
        ],
        "6": [
            29.940852836146835,
            78.81132539550971
        ],
        "7": [
            5.029886041641718,
            76.63907838591003
        ],
        "8": [
            77.72238664276372,
            89.81378586587778
        ],
        "9": [
            54.452948048817206,
            84.26112031330143
        ],
        "10": [
            70.98334575053326,
            46.008175819371544
        ],
        "11": [
            25.017585405302334,
            24.551521537455823
        ],
        "12": [
            10.607653533203775,
            82.05663380726713
        ],
        "13": [
            8.502337340219047,
            72.15790398949306
        ],
        "14": [
            2.8094413395481133,
            99.33944099200326
        ],
        "15": [
            29.966693016618407,
            98.32332114212807
        ],
        "16": [
            54.80416155073571,
            7.985031978864077
        ],
        "17": [
            71.45620042746205,
            65.15961492900978
        ],
        "18": [
            66.15274664922669,
            54.40072379407486
        ],
        "19": [
            91.63311027583758,
            69.14503539194973
        ],
        "20": [
            6.882949846579245,
            92.97910314176957
        ],
        "21": [
            78.15163342052534,
            17.994254907807385
        ],
        "22": [
            34.30489927043229,
            94.82185209908613
        ],
        "23": [
            53.596788604963606,
            43.27798055607916
        ],
        "24": [
            74.56108496984567,
            3.693801066442848
        ],
        "25": [
            58.75008630552077,
            43.000980813002954
        ],
        "26": [
            11.288283591897319,
            39.413222442688
        ],
        "27": [
            72.79935905917738,
            9.956414519580015
        ],
        "28": [
            77.79676847664552,
            3.3317994404715723
        ],
        "29": [
            68.1364848906752,
            43.017975842835924
        ],
        "30": [
            7.536339197181341,
            49.415676620466
        ]
    },
    "distance_matrix_str_keys": {
        "0,0": 0.0,
        "0,1": 73.11436603950848,
        "0,2": 69.6305907545919,
        "0,3": 111.26054786963176,
        "0,4": 97.10098845578509,
        "0,5": 54.39492290686945,
        "0,6": 36.679893675565275,
        "0,7": 23.8962844863288,
        "0,8": 78.3870419382786,
        "0,9": 56.681883216770046,
        "0,10": 89.18381272569391,
        "0,11": 79.48806502755359,
        "0,12": 20.844344648057405,
        "0,13": 29.11137321572394,
        "0,14": 2.8860524671958983,
        "0,15": 30.013562639991296,
        "0,16": 107.09925519446811,
        "0,17": 79.49742770319368,
        "0,18": 80.34600101897433,
        "0,19": 96.68844677513361,
        "0,20": 9.831988165393364,
        "0,21": 113.28115480706333,
        "0,22": 34.69350558300854,
        "0,23": 78.03847281028564,
        "0,24": 121.79589215121514,
        "0,25": 81.85634263260116,
        "0,26": 61.62940013686895,
        "0,27": 115.79116531755231,
        "0,28": 124.0849635726505,
        "0,29": 88.82303558370904,
        "0,30": 51.14264541710999,
        "1,0": 73.11436603950848,
        "1,1": 0.0,
        "1,2": 18.205491719133025,
        "1,3": 70.95848964975143,
        "1,4": 75.17323788046725,
        "1,5": 28.21418740236588,
        "1,6": 47.0668344277731,
        "1,7": 49.66518058599448,
        "1,8": 77.32041077083737,
        "1,9": 59.36965312762097,
        "1,10": 46.64900479420539,
        "1,11": 7.471260547757357,
        "1,12": 52.653150264464585,
        "1,13": 44.138520717337315,
        "1,14": 71.51899625008214,
        "1,15": 66.54386013933994,
        "1,16": 37.01215417665129,
        "1,17": 55.91751946658625,
        "1,18": 45.58240029817541,
        "1,19": 75.02070650027173,
        "1,20": 64.19106463372333,
        "1,21": 53.45457960366284,
        "1,22": 63.43195361394355,
        "1,23": 29.374287102278704,
        "1,24": 55.685639030905186,
        "1,25": 34.09015046924573,
        "1,26": 17.00597494311761,
        "1,27": 51.19651561867715,
        "1,28": 58.67472338467454,
        "1,29": 43.07554475937793,
        "1,30": 25.857854494265844,
        "2,0": 69.6305907545919,
        "2,1": 18.205491719133025,
        "2,2": 0.0,
        "2,3": 89.05483875999386,
        "2,4": 91.84459793984442,
        "2,5": 16.11264306958818,
        "2,6": 52.57675311697177,
        "2,7": 45.88742924783154,
        "2,8": 91.0305652801013,
        "2,9": 70.53946034866115,
        "2,10": 64.43561759035781,
        "2,11": 17.82503941903819,
        "2,12": 51.2343967750259,
        "2,13": 41.28621151574504,
        "2,14": 68.69134145494887,
        "2,15": 70.83032093903707,
        "2,16": 51.7854510807243,
        "2,17": 71.81881710077339,
        "2,18": 62.40733078829799,
        "2,19": 91.65577857763748,
        "2,20": 62.124474034807896,
        "2,21": 70.97887848834932,
        "2,22": 69.01598390477031,
        "2,23": 46.91603752046249,
        "2,24": 71.57138777365606,
        "2,25": 51.83828356260263,
        "2,26": 9.032285402055232,
        "2,27": 67.75755180703085,
        "2,28": 74.70751507228378,
        "2,29": 61.00706108909873,
        "2,30": 18.561580291776124,
        "3,0": 111.26054786963176,
        "3,1": 70.95848964975143,
        "3,2": 89.05483875999386,
        "3,3": 0.0,
        "3,4": 24.85079263072781,
        "3,5": 94.47693192425486,
        "3,6": 74.81463283763942,
        "3,7": 96.86452268716972,
        "3,8": 49.093828402491845,
        "3,9": 57.84551929051905,
        "3,10": 25.439569579926257,
        "3,11": 74.06368138970566,
        "3,12": 93.6671680026062,
        "3,13": 92.14974812827933,
        "3,14": 108.50014602615754,
        "3,15": 85.54165293141848,
        "3,16": 55.262583612993794,
        "3,17": 32.43073937730238,
        "3,18": 31.83106374752835,
        "3,19": 25.19453541864598,
        "3,20": 101.82440080474969,
        "3,21": 32.08203750376615,
        "3,22": 79.96670656946843,
        "3,23": 42.789975580472465,
        "3,24": 46.181474259948914,
        "3,25": 37.647970087580426,
        "3,26": 85.22978659337916,
        "3,27": 41.737819951215066,
        "3,28": 45.07387365232007,
        "3,29": 28.269372850359865,
        "3,30": 88.97717601549071,
        "4,0": 97.10098845578509,
        "4,1": 75.17323788046725,
        "4,2": 91.84459793984442,
        "4,3": 24.85079263072781,
        "4,4": 0.0,
        "4,5": 93.01342504093957,
        "4,6": 62.824284389822026,
        "4,7": 87.28930261984642,
        "4,8": 25.341185610473534,
        "4,9": 40.55742574768038,
        "4,10": 31.026440163255728,
        "4,11": 80.2866520326984,
        "4,12": 82.42758451180374,
        "4,13": 83.53457141555313,
        "4,14": 94.22850479327954,
        "4,15": 68.64991087141233,
        "4,16": 71.32308313649962,
        "4,17": 20.846263143192765,
        "4,18": 29.59122810725958,
        "4,19": 0.4437003103288726,
        "4,20": 88.44156959873669,
        "4,21": 52.70812101684845,
        "4,22": 63.24213562656684,
        "4,23": 46.11927962250174,
        "4,24": 67.45029518963865,
        "4,25": 42.09842977042244,
        "4,26": 85.88846879789864,
        "4,27": 61.9436169640805,
        "4,28": 67.0421638869932,
        "4,29": 35.15452659165371,
        "4,30": 86.644957328038,
        "5,0": 54.39492290686945,
        "5,1": 28.21418740236588,
        "5,2": 16.11264306958818,
        "5,3": 94.47693192425486,
        "5,4": 93.01342504093957,
        "5,5": 0.0,
        "5,6": 43.434461935349155,
        "5,7": 31.15796977522298,
        "5,8": 87.74970649302516,
        "5,9": 65.21647703373614,
        "5,10": 69.08110743150145,
        "5,11": 31.287845199301383,
        "5,12": 37.44403806026933,
        "5,13": 27.328249415189678,
        "5,14": 53.70870330321449,
        "5,15": 59.693054292015034,
        "5,16": 64.93291641648003,
        "5,17": 72.24053186044873,
        "5,18": 64.84426918351427,
        "5,19": 92.75782688059418,
        "5,20": 47.601905170998826,
        "5,21": 81.10497615086442,
        "5,22": 58.89721462585706,
        "5,23": 51.747422171289664,
        "5,24": 83.89584110020476,
        "5,25": 56.90800631335776,
        "5,26": 11.261966779694117,
        "5,27": 79.36916460518373,
        "5,28": 86.88887454218299,
        "5,29": 66.28507255466607,
        "5,30": 6.782321509033987,
        "6,0": 36.679893675565275,
        "6,1": 47.0668344277731,
        "6,2": 52.57675311697177,
        "6,3": 74.81463283763942,
        "6,4": 62.824284389822026,
        "6,5": 43.434461935349155,
        "6,6": 0.0,
        "6,7": 25.00549786962162,
        "6,8": 49.03191929054873,
        "6,9": 25.110616805666208,
        "6,10": 52.54077318370899,
        "6,11": 54.48270254778202,
        "6,12": 19.603688988931175,
        "6,13": 22.447226177752487,
        "6,14": 34.02230179956628,
        "6,15": 19.512012856980682,
        "6,16": 75.06362607400293,
        "6,17": 43.702325845301026,
        "6,18": 43.671257413472134,
        "6,19": 62.44495007955409,
        "6,20": 27.06275700189702,
        "6,21": 77.60795981895956,
        "6,22": 16.59463366894651,
        "6,23": 42.68749105506519,
        "6,24": 87.37051892367998,
        "6,25": 45.96033846927986,
        "6,26": 43.590467486512026,
        "6,27": 81.10394754512119,
        "6,28": 89.37196148786153,
        "6,29": 52.34567967124707,
        "6,30": 36.96033547337361,
        "7,0": 23.8962844863288,
        "7,1": 49.66518058599448,
        "7,2": 45.88742924783154,
        "7,3": 96.86452268716972,
        "7,4": 87.28930261984642,
        "7,5": 31.15796977522298,
        "7,6": 25.00549786962162,
        "7,7": 0.0,
        "7,8": 73.87673896990067,
        "7,9": 50.007345273549824,
        "7,10": 72.71939933479342,
        "7,11": 55.790874740346446,
        "7,12": 7.775692697978893,
        "7,13": 5.669112981066287,
        "7,14": 22.80870090827559,
        "7,15": 33.04619079436903,
        "7,16": 84.79891856926014,
        "7,17": 67.41092881827211,
        "7,18": 65.04266679500817,
        "7,19": 86.9268607977634,
        "7,20": 16.444763740694857,
        "7,21": 93.73369330459082,
        "7,22": 34.46214821293691,
        "7,23": 58.92119205351118,
        "7,24": 100.77500239447997,
        "7,25": 63.382817267108656,
        "7,26": 37.748270034566666,
        "7,27": 95.07512363065561,
        "7,28": 103.29073688232643,
        "7,29": 71.50399537441763,
        "7,30": 27.338542592897948,
        "8,0": 78.3870419382786,
        "8,1": 77.32041077083737,
        "8,2": 91.0305652801013,
        "8,3": 49.093828402491845,
        "8,4": 25.341185610473534,
        "8,5": 87.74970649302516,
        "8,6": 49.03191929054873,
        "8,7": 73.87673896990067,
        "8,8": 0.0,
        "8,9": 23.9227688033015,
        "8,10": 44.32094475181821,
        "8,11": 83.88658545174626,
        "8,12": 67.56153349671594,
        "8,13": 71.4363030277993,
        "8,14": 75.51614052362882,
        "8,15": 48.50792166576511,
        "8,16": 84.97758530383364,
        "8,17": 25.4380273266058,
        "8,18": 37.25508736912877,
        "8,19": 24.913961510551875,
        "8,20": 70.91011944044146,
        "8,21": 71.82081369515004,
        "8,22": 43.70536508396608,
        "8,23": 52.41779904300624,
        "8,24": 86.17798796747402,
        "8,25": 50.51125515174822,
        "8,26": 83.38888919723126,
        "8,27": 80.00897423995167,
        "8,28": 86.48201841273915,
        "8,29": 47.76753445713226,
        "8,30": 80.9820257010021,
        "9,0": 56.681883216770046,
        "9,1": 59.36965312762097,
        "9,2": 70.53946034866115,
        "9,3": 57.84551929051905,
        "9,4": 40.55742574768038,
        "9,5": 65.21647703373614,
        "9,6": 25.110616805666208,
        "9,7": 50.007345273549824,
        "9,8": 23.9227688033015,
        "9,9": 0.0,
        "9,10": 41.671834740416465,
        "9,11": 66.57084016239914,
        "9,12": 43.90067894595901,
        "9,13": 47.517854222113584,
        "9,14": 53.799698323690336,
        "9,15": 28.23689390942519,
        "9,16": 76.27689691201931,
        "9,17": 25.572995510851182,
        "9,18": 32.0706808093558,
        "9,19": 40.13552648934693,
        "9,20": 48.36225753165777,
        "9,21": 70.37702138494551,
        "9,22": 22.74803124288916,
        "9,23": 40.992081593318886,
        "9,24": 83.03872651395889,
        "9,25": 41.48330397619404,
        "9,26": 62.24566009844747,
        "9,27": 76.53613591012132,
        "9,28": 84.22878919410009,
        "9,29": 43.45383925862219,
        "9,30": 58.441193795883066,
        "10,0": 89.18381272569391,
        "10,1": 46.64900479420539,
        "10,2": 64.43561759035781,
        "10,3": 25.439569579926257,
        "10,4": 31.026440163255728,
        "10,5": 69.08110743150145,
        "10,6": 52.54077318370899,
        "10,7": 72.71939933479342,
        "10,8": 44.32094475181821,
        "10,9": 41.671834740416465,
        "10,10": 0.0,
        "10,11": 50.727104560469996,
        "10,12": 70.31867130447485,
        "10,13": 67.73244935288405,
        "10,14": 86.55579176202885,
        "10,15": 66.47736631091591,
        "10,16": 41.322215198206635,
        "10,17": 19.15727568094363,
        "10,18": 9.683467828481724,
        "10,19": 31.01172432857805,
        "10,20": 79.4677844699954,
        "10,21": 28.916502433024853,
        "10,22": 61.05803328092382,
        "10,23": 17.59961180116946,
        "10,24": 42.46535680590351,
        "10,25": 12.597454443470536,
        "10,26": 60.05825385543638,
        "10,27": 36.09747078611351,
        "10,28": 43.21684660035059,
        "10,29": 4.128669598680109,
        "10,30": 63.538442712192285,
        "11,0": 79.48806502755359,
        "11,1": 7.471260547757357,
        "11,2": 17.82503941903819,
        "11,3": 74.06368138970566,
        "11,4": 80.2866520326984,
        "11,5": 31.287845199301383,
        "11,6": 54.48270254778202,
        "11,7": 55.790874740346446,
        "11,8": 83.88658545174626,
        "11,9": 66.57084016239914,
        "11,10": 50.727104560469996,
        "11,11": 0.0,
        "11,12": 59.28308421229554,
        "11,13": 50.38969208896673,
        "11,14": 78.01560458770521,
        "11,15": 73.93762292000133,
        "11,16": 34.08355460867645,
        "11,17": 61.68923904599185,
        "11,18": 50.82397432236293,
        "11,19": 80.16364282932656,
        "11,20": 70.78982222793557,
        "11,21": 53.53713481441013,
        "11,22": 70.88140486806275,
        "11,23": 34.16798388702073,
        "11,24": 53.75502629846644,
        "11,25": 38.44820105730968,
        "11,26": 20.23274282147987,
        "11,27": 49.96113531909973,
        "11,28": 56.88513664879079,
        "11,29": 46.906816428344186,
        "11,30": 30.394410291711953,
        "12,0": 20.844344648057405,
        "12,1": 52.653150264464585,
        "12,2": 51.2343967750259,
        "12,3": 93.6671680026062,
        "12,4": 82.42758451180374,
        "12,5": 37.44403806026933,
        "12,6": 19.603688988931175,
        "12,7": 7.775692697978893,
        "12,8": 67.56153349671594,
        "12,9": 43.90067894595901,
        "12,10": 70.31867130447485,
        "12,11": 59.28308421229554,
        "12,12": 0.0,
        "12,13": 10.120138747948724,
        "12,14": 18.960683996154952,
        "12,15": 25.28591557706645,
        "12,16": 86.25504923405498,
        "12,17": 63.15104833741823,
        "12,18": 62.049228262126235,
        "12,19": 82.04775447256829,
        "12,20": 11.540093323552478,
        "12,21": 93.0923069285365,
        "12,22": 26.916728136391043,
        "12,23": 57.89516112935418,
        "12,24": 101.14729332852984,
        "12,25": 61.99224035349455,
        "12,26": 42.64884277545539,
        "12,27": 95.21685700316927,
        "12,28": 103.49867976434493,
        "12,29": 69.52397610191923,
        "12,30": 32.78513470799291,
        "13,0": 29.11137321572394,
        "13,1": 44.138520717337315,
        "13,2": 41.28621151574504,
        "13,3": 92.14974812827933,
        "13,4": 83.53457141555313,
        "13,5": 27.328249415189678,
        "13,6": 22.447226177752487,
        "13,7": 5.669112981066287,
        "13,8": 71.4363030277993,
        "13,9": 47.517854222113584,
        "13,10": 67.73244935288405,
        "13,11": 50.38969208896673,
        "13,12": 10.120138747948724,
        "13,13": 0.0,
        "13,14": 27.771298469702245,
        "13,15": 33.84298478820069,
        "13,16": 79.13290356933805,
        "13,17": 63.34165238909874,
        "13,18": 60.3231890900064,
        "13,19": 83.18535199215924,
        "13,20": 20.88407886389335,
        "13,21": 88.23109047453828,
        "13,22": 34.34278302754185,
        "13,23": 53.54959862023498,
        "13,24": 95.13722472015208,
        "13,25": 58.094426971954256,
        "13,26": 32.862983220013916,
        "13,27": 89.46022744328289,
        "13,28": 97.66652883108823,
        "13,29": 66.3729385100729,
        "13,30": 22.76273397720221,
        "14,0": 2.8860524671958983,
        "14,1": 71.51899625008214,
        "14,2": 68.69134145494887,
        "14,3": 108.50014602615754,
        "14,4": 94.22850479327954,
        "14,5": 53.70870330321449,
        "14,6": 34.02230179956628,
        "14,7": 22.80870090827559,
        "14,8": 75.51614052362882,
        "14,9": 53.799698323690336,
        "14,10": 86.55579176202885,
        "14,11": 78.01560458770521,
        "14,12": 18.960683996154952,
        "14,13": 27.771298469702245,
        "14,14": 0.0,
        "14,15": 27.176254675746762,
        "14,16": 105.11459925233795,
        "14,17": 76.68531830129274,
        "14,18": 77.66506699250661,
        "14,19": 93.81549068700807,
        "14,20": 7.5529708807839535,
        "14,21": 110.87599021717607,
        "14,22": 31.817801301810643,
        "14,23": 75.64550210334116,
        "14,24": 119.56749893018242,
        "14,25": 79.39381496407516,
        "14,26": 60.52307357992089,
        "14,27": 113.52494881641827,
        "14,28": 121.8218636676252,
        "14,29": 86.25386980118472,
        "14,30": 50.14704191057805,
        "15,0": 30.013562639991296,
        "15,1": 66.54386013933994,
        "15,2": 70.83032093903707,
        "15,3": 85.54165293141848,
        "15,4": 68.64991087141233,
        "15,5": 59.693054292015034,
        "15,6": 19.512012856980682,
        "15,7": 33.04619079436903,
        "15,8": 48.50792166576511,
        "15,9": 28.23689390942519,
        "15,10": 66.47736631091591,
        "15,11": 73.93762292000133,
        "15,12": 25.28591557706645,
        "15,13": 33.84298478820069,
        "15,14": 27.176254675746762,
        "15,15": 0.0,
        "15,16": 93.69048154497216,
        "15,17": 53.1150697541147,
        "15,18": 56.908918767634425,
        "15,19": 68.22110653534715,
        "15,20": 23.694300259254028,
        "15,21": 93.67255395154945,
        "15,22": 5.5749725523997755,
        "15,23": 59.90301276019808,
        "15,24": 104.61073493400461,
        "15,25": 62.36220865809013,
        "15,26": 61.8003455282839,
        "15,27": 98.20054717949137,
        "15,28": 106.35368030166218,
        "15,29": 67.19832014554194,
        "15,30": 53.80593336354641,
        "16,0": 107.09925519446811,
        "16,1": 37.01215417665129,
        "16,2": 51.7854510807243,
        "16,3": 55.262583612993794,
        "16,4": 71.32308313649962,
        "16,5": 64.93291641648003,
        "16,6": 75.06362607400293,
        "16,7": 84.79891856926014,
        "16,8": 84.97758530383364,
        "16,9": 76.27689691201931,
        "16,10": 41.322215198206635,
        "16,11": 34.08355460867645,
        "16,12": 86.25504923405498,
        "16,13": 79.13290356933805,
        "16,14": 105.11459925233795,
        "16,15": 93.69048154497216,
        "16,16": 0.0,
        "16,17": 59.550174930684264,
        "16,18": 47.78291358239173,
        "16,19": 71.39269907830094,
        "16,20": 97.57271475181791,
        "16,21": 25.402538974517938,
        "16,22": 89.22361280865326,
        "16,23": 35.31359467264881,
        "16,24": 20.217583577972295,
        "16,25": 35.237579300023675,
        "16,26": 53.67832700782421,
        "16,27": 18.102858406607087,
        "16,28": 23.458741362352562,
        "16,29": 37.48410331616455,
        "16,30": 62.854954820331166,
        "17,0": 79.49742770319368,
        "17,1": 55.91751946658625,
        "17,2": 71.81881710077339,
        "17,3": 32.43073937730238,
        "17,4": 20.846263143192765,
        "17,5": 72.24053186044873,
        "17,6": 43.702325845301026,
        "17,7": 67.41092881827211,
        "17,8": 25.4380273266058,
        "17,9": 25.572995510851182,
        "17,10": 19.15727568094363,
        "17,11": 61.68923904599185,
        "17,12": 63.15104833741823,
        "17,13": 63.34165238909874,
        "17,14": 76.68531830129274,
        "17,15": 53.1150697541147,
        "17,16": 59.550174930684264,
        "17,17": 0.0,
        "17,18": 11.995013982120245,
        "17,19": 20.56675150080571,
        "17,20": 70.31094235608965,
        "17,21": 47.63822004330385,
        "17,22": 47.54016713889614,
        "17,23": 28.244725409821495,
        "17,24": 61.54418398036697,
        "17,25": 25.543108698176447,
        "17,26": 65.44505284886826,
        "17,27": 55.21953830442281,
        "17,28": 62.15208420697613,
        "17,29": 22.389119961882507,
        "17,30": 65.83023813690465,
        "18,0": 80.34600101897433,
        "18,1": 45.58240029817541,
        "18,2": 62.40733078829799,
        "18,3": 31.83106374752835,
        "18,4": 29.59122810725958,
        "18,5": 64.84426918351427,
        "18,6": 43.671257413472134,
        "18,7": 65.04266679500817,
        "18,8": 37.25508736912877,
        "18,9": 32.0706808093558,
        "18,10": 9.683467828481724,
        "18,11": 50.82397432236293,
        "18,12": 62.049228262126235,
        "18,13": 60.3231890900064,
        "18,14": 77.66506699250661,
        "18,15": 56.908918767634425,
        "18,16": 47.78291358239173,
        "18,17": 11.995013982120245,
        "18,18": 0.0,
        "18,19": 29.438812052111462,
        "18,20": 70.71916406549045,
        "18,21": 38.33280919156862,
        "18,22": 51.46020789030263,
        "18,23": 16.77401262511966,
        "18,24": 51.39934013020044,
        "18,25": 13.592406711056519,
        "18,26": 56.874726402215614,
        "18,27": 44.938558982404615,
        "18,28": 52.379559743772774,
        "18,29": 11.554313840813716,
        "18,30": 58.828002837996316,
        "19,0": 96.68844677513361,
        "19,1": 75.02070650027173,
        "19,2": 91.65577857763748,
        "19,3": 25.19453541864598,
        "19,4": 0.4437003103288726,
        "19,5": 92.75782688059418,
        "19,6": 62.44495007955409,
        "19,7": 86.9268607977634,
        "19,8": 24.913961510551875,
        "19,9": 40.13552648934693,
        "19,10": 31.01172432857805,
        "19,11": 80.16364282932656,
        "19,12": 82.04775447256829,
        "19,13": 83.18535199215924,
        "19,14": 93.81549068700807,
        "19,15": 68.22110653534715,
        "19,16": 71.39269907830094,
        "19,17": 20.56675150080571,
        "19,18": 29.438812052111462,
        "19,19": 0.0,
        "19,20": 88.03779005795197,
        "19,21": 52.89756669580593,
        "19,22": 62.815783791115365,
        "19,23": 45.998546630650544,
        "19,24": 67.64109788272836,
        "19,25": 42.00958051753645,
        "19,26": 85.66955046060582,
        "19,27": 62.112824969278044,
        "19,28": 67.25196191033395,
        "19,29": 35.13850658712741,
        "19,30": 86.38005848220894,
        "20,0": 9.831988165393364,
        "20,1": 64.19106463372333,
        "20,2": 62.124474034807896,
        "20,3": 101.82440080474969,
        "20,4": 88.44156959873669,
        "20,5": 47.601905170998826,
        "20,6": 27.06275700189702,
        "20,7": 16.444763740694857,
        "20,8": 70.91011944044146,
        "20,9": 48.36225753165777,
        "20,10": 79.4677844699954,
        "20,11": 70.78982222793557,
        "20,12": 11.540093323552478,
        "20,13": 20.88407886389335,
        "20,14": 7.5529708807839535,
        "20,15": 23.694300259254028,
        "20,16": 97.57271475181791,
        "20,17": 70.31094235608965,
        "20,18": 70.71916406549045,
        "20,19": 88.03779005795197,
        "20,20": 0.0,
        "20,21": 103.45024274033192,
        "20,22": 27.483795842715132,
        "20,23": 68.20838891091152,
        "20,24": 112.03657947494402,
        "20,25": 72.02785958196746,
        "20,26": 53.74672585819417,
        "20,27": 106.00820642544488,
        "20,28": 114.30401888652338,
        "20,29": 79.0449859028297,
        "20,30": 43.56832620058401,
        "21,0": 113.28115480706333,
        "21,1": 53.45457960366284,
        "21,2": 70.97887848834932,
        "21,3": 32.08203750376615,
        "21,4": 52.70812101684845,
        "21,5": 81.10497615086442,
        "21,6": 77.60795981895956,
        "21,7": 93.73369330459082,
        "21,8": 71.82081369515004,
        "21,9": 70.37702138494551,
        "21,10": 28.916502433024853,
        "21,11": 53.53713481441013,
        "21,12": 93.0923069285365,
        "21,13": 88.23109047453828,
        "21,14": 110.87599021717607,
        "21,15": 93.67255395154945,
        "21,16": 25.402538974517938,
        "21,17": 47.63822004330385,
        "21,18": 38.33280919156862,
        "21,19": 52.89756669580593,
        "21,20": 103.45024274033192,
        "21,21": 0.0,
        "21,22": 88.45911929142365,
        "21,23": 35.24495973289507,
        "21,24": 14.744321559355518,
        "21,25": 31.650535081627318,
        "21,26": 70.21025367113954,
        "21,27": 9.656796515706535,
        "21,28": 14.666749110147098,
        "21,29": 26.953474906014343,
        "21,30": 77.2905267202532,
        "22,0": 34.69350558300854,
        "22,1": 63.43195361394355,
        "22,2": 69.01598390477031,
        "22,3": 79.96670656946843,
        "22,4": 63.24213562656684,
        "22,5": 58.89721462585706,
        "22,6": 16.59463366894651,
        "22,7": 34.46214821293691,
        "22,8": 43.70536508396608,
        "22,9": 22.74803124288916,
        "22,10": 61.05803328092382,
        "22,11": 70.88140486806275,
        "22,12": 26.916728136391043,
        "22,13": 34.34278302754185,
        "22,14": 31.817801301810643,
        "22,15": 5.5749725523997755,
        "22,16": 89.22361280865326,
        "22,17": 47.54016713889614,
        "22,18": 51.46020789030263,
        "22,19": 62.815783791115365,
        "22,20": 27.483795842715132,
        "22,21": 88.45911929142365,
        "22,22": 0.0,
        "22,23": 55.035876369308475,
        "22,24": 99.62370286269072,
        "22,25": 57.29720647666217,
        "22,26": 59.99900697255967,
        "22,27": 93.18779925499024,
        "22,28": 101.30139398116111,
        "22,29": 61.87259313098742,
        "22,30": 52.709359510342075,
        "23,0": 78.03847281028564,
        "23,1": 29.374287102278704,
        "23,2": 46.91603752046249,
        "23,3": 42.789975580472465,
        "23,4": 46.11927962250174,
        "23,5": 51.747422171289664,
        "23,6": 42.68749105506519,
        "23,7": 58.92119205351118,
        "23,8": 52.41779904300624,
        "23,9": 40.992081593318886,
        "23,10": 17.59961180116946,
        "23,11": 34.16798388702073,
        "23,12": 57.89516112935418,
        "23,13": 53.54959862023498,
        "23,14": 75.64550210334116,
        "23,15": 59.90301276019808,
        "23,16": 35.31359467264881,
        "23,17": 28.244725409821495,
        "23,18": 16.77401262511966,
        "23,19": 45.998546630650544,
        "23,20": 68.20838891091152,
        "23,21": 35.24495973289507,
        "23,22": 55.035876369308475,
        "23,23": 0.0,
        "23,24": 44.792956901083805,
        "23,25": 5.160736967549499,
        "23,26": 42.48465548543001,
        "23,27": 38.45862029732498,
        "23,28": 46.70477932193593,
        "23,29": 14.542020854463262,
        "23,30": 46.46758346014627,
        "24,0": 121.79589215121514,
        "24,1": 55.685639030905186,
        "24,2": 71.57138777365606,
        "24,3": 46.181474259948914,
        "24,4": 67.45029518963865,
        "24,5": 83.89584110020476,
        "24,6": 87.37051892367998,
        "24,7": 100.77500239447997,
        "24,8": 86.17798796747402,
        "24,9": 83.03872651395889,
        "24,10": 42.46535680590351,
        "24,11": 53.75502629846644,
        "24,12": 101.14729332852984,
        "24,13": 95.13722472015208,
        "24,14": 119.56749893018242,
        "24,15": 104.61073493400461,
        "24,16": 20.217583577972295,
        "24,17": 61.54418398036697,
        "24,18": 51.39934013020044,
        "24,19": 67.64109788272836,
        "24,20": 112.03657947494402,
        "24,21": 14.744321559355518,
        "24,22": 99.62370286269072,
        "24,23": 44.792956901083805,
        "24,24": 0.0,
        "24,25": 42.367936678479744,
        "24,26": 72.65895992695644,
        "24,27": 6.50569023607293,
        "24,28": 3.2558705338791465,
        "24,29": 39.84552933544222,
        "24,30": 81.13449605480928,
        "25,0": 81.85634263260116,
        "25,1": 34.09015046924573,
        "25,2": 51.83828356260263,
        "25,3": 37.647970087580426,
        "25,4": 42.09842977042244,
        "25,5": 56.90800631335776,
        "25,6": 45.96033846927986,
        "25,7": 63.382817267108656,
        "25,8": 50.51125515174822,
        "25,9": 41.48330397619404,
        "25,10": 12.597454443470536,
        "25,11": 38.44820105730968,
        "25,12": 61.99224035349455,
        "25,13": 58.094426971954256,
        "25,14": 79.39381496407516,
        "25,15": 62.36220865809013,
        "25,16": 35.237579300023675,
        "25,17": 25.543108698176447,
        "25,18": 13.592406711056519,
        "25,19": 42.00958051753645,
        "25,20": 72.02785958196746,
        "25,21": 31.650535081627318,
        "25,22": 57.29720647666217,
        "25,23": 5.160736967549499,
        "25,24": 42.367936678479744,
        "25,25": 0.0,
        "25,26": 47.59721343682505,
        "25,27": 35.90717792346067,
        "25,28": 44.00477306491459,
        "25,29": 9.386413970757324,
        "25,30": 51.613914937536265,
        "26,0": 61.62940013686895,
        "26,1": 17.00597494311761,
        "26,2": 9.032285402055232,
        "26,3": 85.22978659337916,
        "26,4": 85.88846879789864,
        "26,5": 11.261966779694117,
        "26,6": 43.590467486512026,
        "26,7": 37.748270034566666,
        "26,8": 83.38888919723126,
        "26,9": 62.24566009844747,
        "26,10": 60.05825385543638,
        "26,11": 20.23274282147987,
        "26,12": 42.64884277545539,
        "26,13": 32.862983220013916,
        "26,14": 60.52307357992089,
        "26,15": 61.8003455282839,
        "26,16": 53.67832700782421,
        "26,17": 65.44505284886826,
        "26,18": 56.874726402215614,
        "26,19": 85.66955046060582,
        "26,20": 53.74672585819417,
        "26,21": 70.21025367113954,
        "26,22": 59.99900697255967,
        "26,23": 42.48465548543001,
        "26,24": 72.65895992695644,
        "26,25": 47.59721343682505,
        "26,26": 0.0,
        "26,27": 68.20055672910816,
        "26,28": 75.66536623535008,
        "26,29": 56.96237563499481,
        "26,30": 10.682985365504775,
        "27,0": 115.79116531755231,
        "27,1": 51.19651561867715,
        "27,2": 67.75755180703085,
        "27,3": 41.737819951215066,
        "27,4": 61.9436169640805,
        "27,5": 79.36916460518373,
        "27,6": 81.10394754512119,
        "27,7": 95.07512363065561,
        "27,8": 80.00897423995167,
        "27,9": 76.53613591012132,
        "27,10": 36.09747078611351,
        "27,11": 49.96113531909973,
        "27,12": 95.21685700316927,
        "27,13": 89.46022744328289,
        "27,14": 113.52494881641827,
        "27,15": 98.20054717949137,
        "27,16": 18.102858406607087,
        "27,17": 55.21953830442281,
        "27,18": 44.938558982404615,
        "27,19": 62.112824969278044,
        "27,20": 106.00820642544488,
        "27,21": 9.656796515706535,
        "27,22": 93.18779925499024,
        "27,23": 38.45862029732498,
        "27,24": 6.50569023607293,
        "27,25": 35.90717792346067,
        "27,26": 68.20055672910816,
        "27,27": 0.0,
        "27,28": 8.298170029117884,
        "27,29": 33.38875907611266,
        "27,30": 76.26463877219709,
        "28,0": 124.0849635726505,
        "28,1": 58.67472338467454,
        "28,2": 74.70751507228378,
        "28,3": 45.07387365232007,
        "28,4": 67.0421638869932,
        "28,5": 86.88887454218299,
        "28,6": 89.37196148786153,
        "28,7": 103.29073688232643,
        "28,8": 86.48201841273915,
        "28,9": 84.22878919410009,
        "28,10": 43.21684660035059,
        "28,11": 56.88513664879079,
        "28,12": 103.49867976434493,
        "28,13": 97.66652883108823,
        "28,14": 121.8218636676252,
        "28,15": 106.35368030166218,
        "28,16": 23.458741362352562,
        "28,17": 62.15208420697613,
        "28,18": 52.379559743772774,
        "28,19": 67.25196191033395,
        "28,20": 114.30401888652338,
        "28,21": 14.666749110147098,
        "28,22": 101.30139398116111,
        "28,23": 46.70477932193593,
        "28,24": 3.2558705338791465,
        "28,25": 44.00477306491459,
        "28,26": 75.66536623535008,
        "28,27": 8.298170029117884,
        "28,28": 0.0,
        "28,29": 40.84499573265921,
        "28,30": 84.02530367975707,
        "29,0": 88.82303558370904,
        "29,1": 43.07554475937793,
        "29,2": 61.00706108909873,
        "29,3": 28.269372850359865,
        "29,4": 35.15452659165371,
        "29,5": 66.28507255466607,
        "29,6": 52.34567967124707,
        "29,7": 71.50399537441763,
        "29,8": 47.76753445713226,
        "29,9": 43.45383925862219,
        "29,10": 4.128669598680109,
        "29,11": 46.906816428344186,
        "29,12": 69.52397610191923,
        "29,13": 66.3729385100729,
        "29,14": 86.25386980118472,
        "29,15": 67.19832014554194,
        "29,16": 37.48410331616455,
        "29,17": 22.389119961882507,
        "29,18": 11.554313840813716,
        "29,19": 35.13850658712741,
        "29,20": 79.0449859028297,
        "29,21": 26.953474906014343,
        "29,22": 61.87259313098742,
        "29,23": 14.542020854463262,
        "29,24": 39.84552933544222,
        "29,25": 9.386413970757324,
        "29,26": 56.96237563499481,
        "29,27": 33.38875907611266,
        "29,28": 40.84499573265921,
        "29,29": 0.0,
        "29,30": 60.93692011673031,
        "30,0": 51.14264541710999,
        "30,1": 25.857854494265844,
        "30,2": 18.561580291776124,
        "30,3": 88.97717601549071,
        "30,4": 86.644957328038,
        "30,5": 6.782321509033987,
        "30,6": 36.96033547337361,
        "30,7": 27.338542592897948,
        "30,8": 80.9820257010021,
        "30,9": 58.441193795883066,
        "30,10": 63.538442712192285,
        "30,11": 30.394410291711953,
        "30,12": 32.78513470799291,
        "30,13": 22.76273397720221,
        "30,14": 50.14704191057805,
        "30,15": 53.80593336354641,
        "30,16": 62.854954820331166,
        "30,17": 65.83023813690465,
        "30,18": 58.828002837996316,
        "30,19": 86.38005848220894,
        "30,20": 43.56832620058401,
        "30,21": 77.2905267202532,
        "30,22": 52.709359510342075,
        "30,23": 46.46758346014627,
        "30,24": 81.13449605480928,
        "30,25": 51.613914937536265,
        "30,26": 10.682985365504775,
        "30,27": 76.26463877219709,
        "30,28": 84.02530367975707,
        "30,29": 60.93692011673031,
        "30,30": 0.0
    }
}