{
    "num_robots": 6,
    "num_tasks": 30,
    "num_nodes": 31,
    "robot_capacity": [
        56,
        65,
        82,
        72,
        73,
        68
    ],
    "robot_speed": [
        1.06,
        0.81,
        0.98,
        0.81,
        1.11,
        0.89
    ],
    "task_demand": {
        "0": 0,
        "1": 11,
        "2": 10,
        "3": 7,
        "4": 7,
        "5": 15,
        "6": 10,
        "7": 5,
        "8": 7,
        "9": 14,
        "10": 14,
        "11": 5,
        "12": 8,
        "13": 14,
        "14": 5,
        "15": 7,
        "16": 7,
        "17": 11,
        "18": 8,
        "19": 14,
        "20": 5,
        "21": 9,
        "22": 15,
        "23": 10,
        "24": 7,
        "25": 11,
        "26": 9,
        "27": 13,
        "28": 8,
        "29": 9,
        "30": 10
    },
    "task_service_time": {
        "0": 0,
        "1": 76,
        "2": 51,
        "3": 74,
        "4": 44,
        "5": 95,
        "6": 42,
        "7": 45,
        "8": 50,
        "9": 66,
        "10": 96,
        "11": 43,
        "12": 17,
        "13": 94,
        "14": 52,
        "15": 95,
        "16": 71,
        "17": 59,
        "18": 94,
        "19": 68,
        "20": 44,
        "21": 71,
        "22": 51,
        "23": 22,
        "24": 33,
        "25": 99,
        "26": 25,
        "27": 51,
        "28": 57,
        "29": 88,
        "30": 70
    },
    "task_precedence": [],
    "coordinates": {
        "0": [
            0,
            0
        ],
        "1": [
            22.91384702608684,
            75.20951048521295
        ],
        "2": [
            92.40164578921144,
            45.942116637559984
        ],
        "3": [
            33.65719465795413,
            81.63714350530698
        ],
        "4": [
            45.57624070500075,
            57.01832865053943
        ],
        "5": [
            93.57540247235421,
            49.134779975858464
        ],
        "6": [
            85.09147768360023,
            46.3723870780863
        ],
        "7": [
            11.93861230987806,
            58.56863876267392
        ],
        "8": [
            73.56593161418775,
            3.3101697733973867
        ],
        "9": [
            23.600682818921893,
            97.2050970704735
        ],
        "10": [
            40.52179547681719,
            72.1713106841545
        ],
        "11": [
            15.593039779661034,
            90.91539126068767
        ],
        "12": [
            89.78765137317785,
            30.384046503947282
        ],
        "13": [
            53.356873570845345,
            47.33836553483829
        ],
        "14": [
            53.36173298523891,
            18.260600845983276
        ],
        "15": [
            1.2873772899138158,
            20.438384903087137
        ],
        "16": [
            61.94308166736564,
            20.4599635789541
        ],
        "17": [
            69.45372548289387,
            63.03146380339072
        ],
        "18": [
            44.85043172648189,
            7.049172436137107
        ],
        "19": [
            33.7235719227202,
            26.258729136058957
        ],
        "20": [
            1.0389011991242092,
            23.35453441941625
        ],
        "21": [
            73.56558781495866,
            2.1790077477518155
        ],
        "22": [
            70.20537031821,
            52.07577557158479
        ],
        "23": [
            57.74337543696399,
            14.975249559747617
        ],
        "24": [
            10.353117104206145,
            69.10209171074783
        ],
        "25": [
            77.26910947546493,
            67.52583125009673
        ],
        "26": [
            44.312358223376116,
            48.08677477407102
        ],
        "27": [
            26.267313384194157,
            60.54980503932035
        ],
        "28": [
            47.912325289954026,
            35.68472521120468
        ],
        "29": [
            59.34684505639582,
            4.304418540667266
        ],
        "30": [
            65.00918877393217,
            85.55271157788295
        ]
    },
    "distance_matrix_str_keys": {
        "0,0": 0.0,
        "0,1": 78.62261031637314,
        "0,2": 103.1927430863918,
        "0,3": 88.30305743262518,
        "0,4": 72.99509243025241,
        "0,5": 105.69097667795059,
        "0,6": 96.90695464051329,
        "0,7": 59.77303665030046,
        "0,8": 73.640366092192,
        "0,9": 100.02911139263175,
        "0,10": 82.76904007256431,
        "0,11": 92.24289272162932,
        "0,12": 94.78930647000936,
        "0,13": 71.32935446760429,
        "0,14": 56.39968165197619,
        "0,15": 20.478889562994524,
        "0,16": 65.23461869362048,
        "0,17": 93.79117982332527,
        "0,18": 45.40101384425471,
        "0,19": 42.7410828017704,
        "0,20": 23.37763019746099,
        "0,21": 73.59785177112954,
        "0,22": 87.41098571060202,
        "0,23": 59.65362944725909,
        "0,24": 69.87335767353684,
        "0,25": 102.61702180997032,
        "0,26": 65.39054212567014,
        "0,27": 66.00189878119545,
        "0,28": 59.74102885027638,
        "0,29": 59.50273974466297,
        "0,30": 107.44980727471396,
        "1,0": 78.62261031637314,
        "1,1": 0.0,
        "1,2": 75.39983103149592,
        "1,3": 12.519344414950474,
        "1,4": 29.060336952627246,
        "1,5": 75.31896832286924,
        "1,6": 68.53931310262746,
        "1,7": 19.934251647901743,
        "1,8": 87.94969509847016,
        "1,9": 22.00630756478727,
        "1,10": 17.868142227851468,
        "1,11": 17.32826909049912,
        "1,12": 80.50731599667668,
        "1,13": 41.27443017231935,
        "1,14": 64.57748886786072,
        "1,15": 58.88616468053089,
        "1,16": 67.23685033614107,
        "1,17": 48.10680936997394,
        "1,18": 71.60338980301073,
        "1,19": 50.13012215258982,
        "1,20": 56.28011902720976,
        "1,21": 88.87661770696148,
        "1,22": 52.646537078362954,
        "1,23": 69.57917963414873,
        "1,24": 13.966835728149668,
        "1,25": 54.89565996077402,
        "1,26": 34.547634852721366,
        "1,27": 15.038374259716063,
        "1,28": 46.766789140002984,
        "1,29": 79.71759786358953,
        "1,30": 43.34742905538112,
        "2,0": 103.1927430863918,
        "2,1": 75.39983103149592,
        "2,2": 0.0,
        "2,3": 68.73896625496967,
        "2,4": 48.11757510366555,
        "2,5": 3.4015884440857205,
        "2,6": 7.322819838305877,
        "2,7": 81.4477060307552,
        "2,8": 46.60758545464431,
        "2,9": 85.79898407617905,
        "2,10": 58.133376719147705,
        "2,11": 89.00650193922691,
        "2,12": 15.776137457865483,
        "2,13": 39.06972931269481,
        "2,14": 47.857926284588316,
        "2,15": 94.61633187006383,
        "2,16": 39.712268291635134,
        "2,17": 28.612109900169706,
        "2,18": 61.43109202589942,
        "2,19": 61.89145414526669,
        "2,20": 94.11349515077482,
        "2,21": 47.64458814714026,
        "2,22": 23.02816572598701,
        "2,23": 46.47733383515425,
        "2,24": 85.25459227962338,
        "2,25": 26.36001501824855,
        "2,26": 48.13708691967252,
        "2,27": 67.72838757197933,
        "2,28": 45.65647508688241,
        "2,29": 53.16312400803899,
        "2,30": 48.15958817162229,
        "3,0": 88.30305743262518,
        "3,1": 12.519344414950474,
        "3,2": 68.73896625496967,
        "3,3": 0.0,
        "3,4": 27.352325376920717,
        "3,5": 68.16593916825367,
        "3,6": 62.362557005253315,
        "3,7": 31.683635054567926,
        "3,8": 87.90803205305589,
        "3,9": 18.53360754348102,
        "3,10": 11.692935277351996,
        "3,11": 20.307623516236138,
        "3,12": 76.00992121618329,
        "3,13": 39.553552552691386,
        "3,14": 66.369081582771,
        "3,15": 69.23216832436394,
        "3,16": 67.39984234143688,
        "3,17": 40.34306552892529,
        "3,18": 75.42316609827239,
        "3,19": 55.37845414954641,
        "3,20": 66.78933739770966,
        "3,21": 88.9172378250703,
        "3,22": 47.006846503523484,
        "3,23": 70.87984346009907,
        "3,24": 26.461435224178246,
        "3,25": 45.838065487254866,
        "3,26": 35.201700990261706,
        "3,27": 22.344712771019182,
        "3,28": 48.112716576925166,
        "3,29": 81.48808801322292,
        "3,30": 31.595556782232812,
        "4,0": 72.99509243025241,
        "4,1": 29.060336952627246,
        "4,2": 48.11757510366555,
        "4,3": 27.352325376920717,
        "4,4": 0.0,
        "4,5": 48.64226423671734,
        "4,6": 40.92419853141857,
        "4,7": 33.67333522970588,
        "4,8": 60.5639259556723,
        "4,9": 45.80285471934924,
        "4,10": 15.973737229457884,
        "4,11": 45.2548692554249,
        "4,12": 51.61427921355176,
        "4,13": 12.419337088363278,
        "4,14": 39.53195358969391,
        "4,15": 57.442107440161,
        "4,16": 40.05480670025328,
        "4,17": 24.622998876761006,
        "4,18": 49.97442717483254,
        "4,19": 32.96420360866732,
        "4,20": 55.828537973845535,
        "4,21": 61.56910482312235,
        "4,22": 25.1201683203466,
        "4,23": 43.76824953114211,
        "4,24": 37.23822989740666,
        "4,25": 33.38930280466436,
        "4,26": 9.020535104727191,
        "4,27": 19.62921291760595,
        "4,28": 21.461125946577265,
        "4,29": 54.4828951440206,
        "4,30": 34.52318756566459,
        "5,0": 105.69097667795059,
        "5,1": 75.31896832286924,
        "5,2": 3.4015884440857205,
        "5,3": 68.16593916825367,
        "5,4": 48.64226423671734,
        "5,5": 0.0,
        "5,6": 8.922320008994095,
        "5,7": 82.18006570721235,
        "5,8": 50.002738167337526,
        "5,9": 84.89532835293875,
        "5,10": 57.839147316598314,
        "5,11": 88.46959008873469,
        "5,12": 19.129481543522346,
        "5,13": 40.258628539052474,
        "5,14": 50.698660244256644,
        "5,15": 96.64658650075194,
        "5,16": 42.69483358564463,
        "5,17": 27.838339070179046,
        "5,18": 64.38416836593888,
        "5,19": 64.0746074679135,
        "5,20": 96.0605284643019,
        "5,21": 51.041524547775346,
        "5,22": 23.554359638500387,
        "5,23": 49.505632807935484,
        "5,24": 85.58412422766106,
        "5,25": 24.578973906004727,
        "5,26": 49.274190440632786,
        "5,27": 68.2691852441433,
        "5,28": 47.602737221067684,
        "5,29": 56.40350564625783,
        "5,30": 46.28492526982893,
        "6,0": 96.90695464051329,
        "6,1": 68.53931310262746,
        "6,2": 7.322819838305877,
        "6,3": 62.362557005253315,
        "6,4": 40.92419853141857,
        "6,5": 8.922320008994095,
        "6,6": 0.0,
        "6,7": 74.16259345208827,
        "6,8": 44.577940412208356,
        "6,9": 79.78146563118588,
        "6,10": 51.497971137175654,
        "6,11": 82.54763529441007,
        "6,12": 16.66376552995574,
        "6,13": 31.74930255253158,
        "6,14": 42.39161737634748,
        "6,15": 87.72513728463429,
        "6,16": 34.74625058510348,
        "6,17": 22.848722748334886,
        "6,18": 56.26417145484076,
        "6,19": 55.16539656403761,
        "6,20": 87.14733016389506,
        "6,21": 45.67166423395243,
        "6,22": 15.941293322741926,
        "6,23": 41.6377105619166,
        "6,24": 78.11825660358508,
        "6,25": 22.553439753660815,
        "6,26": 40.815140684841126,
        "6,27": 60.50852407364637,
        "6,28": 38.684822461667885,
        "6,29": 49.3203820542278,
        "6,30": 44.027220622709564,
        "7,0": 59.77303665030046,
        "7,1": 19.934251647901743,
        "7,2": 81.4477060307552,
        "7,3": 31.683635054567926,
        "7,4": 33.67333522970588,
        "7,5": 82.18006570721235,
        "7,6": 74.16259345208827,
        "7,7": 0.0,
        "7,8": 82.77333435155417,
        "7,9": 40.35814414871235,
        "7,10": 31.654873927378524,
        "7,11": 32.55253042851912,
        "7,12": 82.79398603684841,
        "7,13": 42.913767052702156,
        "7,14": 57.79803497679551,
        "7,15": 39.58996169292218,
        "7,16": 62.87064561448513,
        "7,17": 57.6879974574336,
        "7,18": 61.13463231166359,
        "7,19": 38.96812447903016,
        "7,20": 36.862404248715656,
        "7,21": 83.53247629456982,
        "7,22": 58.6274028183043,
        "7,23": 63.23337652953749,
        "7,24": 10.652108995710451,
        "7,25": 65.94167996919322,
        "7,26": 34.02835431147534,
        "7,27": 14.465016221657974,
        "7,28": 42.63544915916805,
        "7,29": 72.0565481302736,
        "7,30": 59.536764036379374,
        "8,0": 73.640366092192,
        "8,1": 87.94969509847016,
        "8,2": 46.60758545464431,
        "8,3": 87.90803205305589,
        "8,4": 60.5639259556723,
        "8,5": 50.002738167337526,
        "8,6": 44.577940412208356,
        "8,7": 82.77333435155417,
        "8,8": 0.0,
        "8,9": 106.36156946611884,
        "8,10": 76.37913105421026,
        "8,11": 105.05013574239169,
        "8,12": 31.56166968270565,
        "8,13": 48.444690617310634,
        "8,14": 25.134140755039944,
        "8,15": 74.28031481311821,
        "8,16": 20.71728911946382,
        "8,17": 59.86270291160572,
        "8,18": 28.957901766405833,
        "8,19": 45.978799490698755,
        "8,20": 75.24590816044498,
        "8,21": 1.1311620778918032,
        "8,22": 48.881261042328205,
        "8,23": 19.657755985954207,
        "8,24": 91.2383521907523,
        "8,25": 64.32234996610666,
        "8,26": 53.48566080285401,
        "8,27": 74.25318263780062,
        "8,28": 41.30640818607232,
        "8,29": 14.25380486569101,
        "8,30": 82.68647731338432,
        "9,0": 100.02911139263175,
        "9,1": 22.00630756478727,
        "9,2": 85.79898407617905,
        "9,3": 18.53360754348102,
        "9,4": 45.80285471934924,
        "9,5": 84.89532835293875,
        "9,6": 79.78146563118588,
        "9,7": 40.35814414871235,
        "9,8": 106.36156946611884,
        "9,9": 0.0,
        "9,10": 30.216130037068524,
        "9,11": 10.182472500226874,
        "9,12": 94.0519409965383,
        "9,13": 58.069973326255024,
        "9,14": 84.36796543203225,
        "9,15": 79.94380339101465,
        "9,16": 85.79018046422489,
        "9,17": 57.18687552417164,
        "9,18": 92.62636004565056,
        "9,19": 71.66491475536074,
        "9,20": 77.22007247948665,
        "9,21": 107.36130300640384,
        "9,22": 64.87412855566046,
        "9,23": 89.03634808799907,
        "9,24": 31.06890580008382,
        "9,25": 61.328287432679254,
        "9,26": 53.30650132275371,
        "9,27": 36.75216119442181,
        "9,28": 66.14992149157857,
        "9,29": 99.54056552986931,
        "9,30": 43.016769440464216,
        "10,0": 82.76904007256431,
        "10,1": 17.868142227851468,
        "10,2": 58.133376719147705,
        "10,3": 11.692935277351996,
        "10,4": 15.973737229457884,
        "10,5": 57.839147316598314,
        "10,6": 51.497971137175654,
        "10,7": 31.654873927378524,
        "10,8": 76.37913105421026,
        "10,9": 30.216130037068524,
        "10,10": 0.0,
        "10,11": 31.189476065943516,
        "10,12": 64.6010836199162,
        "10,13": 27.953790341718406,
        "10,14": 55.418666805289234,
        "10,15": 64.92792296334635,
        "10,16": 55.97262653737003,
        "10,17": 30.341281694752578,
        "10,18": 65.26584084937389,
        "10,19": 46.413155332319334,
        "10,20": 62.78516214381383,
        "10,21": 77.40035324484884,
        "10,22": 35.84613154616674,
        "10,23": 59.732505593442326,
        "10,24": 30.324400403911845,
        "10,25": 37.03978354806445,
        "10,26": 24.381001536846295,
        "10,27": 18.39156472902246,
        "10,28": 37.22755498812322,
        "10,29": 70.4293798133231,
        "10,30": 27.9050948818718,
        "11,0": 92.24289272162932,
        "11,1": 17.32826909049912,
        "11,2": 89.00650193922691,
        "11,3": 20.307623516236138,
        "11,4": 45.2548692554249,
        "11,5": 88.46959008873469,
        "11,6": 82.54763529441007,
        "11,7": 32.55253042851912,
        "11,8": 105.05013574239169,
        "11,9": 10.182472500226874,
        "11,10": 31.189476065943516,
        "11,11": 0.0,
        "11,12": 95.7542901784154,
        "11,13": 57.66337064133116,
        "11,14": 81.88524138488991,
        "11,15": 71.91425730965888,
        "11,16": 84.33441570798935,
        "11,17": 60.65053070556126,
        "11,18": 88.82306932017885,
        "11,19": 67.15057820219346,
        "11,20": 69.11072512243119,
        "11,21": 105.99510405985612,
        "11,22": 67.0150907910221,
        "11,23": 86.85364654165166,
        "11,24": 22.43383219381281,
        "11,25": 65.96217924394777,
        "11,26": 51.56636153568725,
        "11,27": 32.1870928098784,
        "11,28": 63.99189548814246,
        "11,29": 97.03533414021175,
        "11,30": 49.706278424404,
        "12,0": 94.78930647000936,
        "12,1": 80.50731599667668,
        "12,2": 15.776137457865483,
        "12,3": 76.00992121618329,
        "12,4": 51.61427921355176,
        "12,5": 19.129481543522346,
        "12,6": 16.66376552995574,
        "12,7": 82.79398603684841,
        "12,8": 31.56166968270565,
        "12,9": 94.0519409965383,
        "12,10": 64.6010836199162,
        "12,11": 95.7542901784154,
        "12,12": 0.0,
        "12,13": 40.18271400844094,
        "12,14": 38.390434551153426,
        "12,15": 89.05736745206248,
        "12,16": 29.56023484351869,
        "12,17": 38.46196040811701,
        "12,18": 50.63467248176844,
        "12,19": 56.21564949382894,
        "12,20": 89.02670777695396,
        "12,21": 32.53735633583945,
        "12,22": 29.22322434741832,
        "12,23": 35.5565274393295,
        "12,24": 88.36816315373026,
        "12,25": 39.19471986599845,
        "12,26": 48.79947617819522,
        "12,27": 70.31931687843077,
        "12,28": 42.20947914075578,
        "12,29": 40.08478120083648,
        "12,30": 60.477713372963315,
        "13,0": 71.32935446760429,
        "13,1": 41.27443017231935,
        "13,2": 39.06972931269481,
        "13,3": 39.553552552691386,
        "13,4": 12.419337088363278,
        "13,5": 40.258628539052474,
        "13,6": 31.74930255253158,
        "13,7": 42.913767052702156,
        "13,8": 48.444690617310634,
        "13,9": 58.069973326255024,
        "13,10": 27.953790341718406,
        "13,11": 57.66337064133116,
        "13,12": 40.18271400844094,
        "13,13": 0.0,
        "13,14": 29.077765094902528,
        "13,15": 58.607520003311265,
        "13,16": 28.216510435892488,
        "13,17": 22.48070227428102,
        "13,18": 41.177404403337135,
        "13,19": 28.806554884453227,
        "13,20": 57.55340466089962,
        "13,21": 49.47483933417384,
        "13,22": 17.501854087559522,
        "13,23": 32.65903663978212,
        "13,24": 48.19733236707176,
        "13,25": 31.294229467473922,
        "13,26": 9.075426946429316,
        "13,27": 30.139449312931816,
        "13,28": 12.862753934347646,
        "13,29": 43.44882452143935,
        "13,30": 39.951379113738376,
        "14,0": 56.39968165197619,
        "14,1": 64.57748886786072,
        "14,2": 47.857926284588316,
        "14,3": 66.369081582771,
        "14,4": 39.53195358969391,
        "14,5": 50.698660244256644,
        "14,6": 42.39161737634748,
        "14,7": 57.79803497679551,
        "14,8": 25.134140755039944,
        "14,9": 84.36796543203225,
        "14,10": 55.418666805289234,
        "14,11": 81.88524138488991,
        "14,12": 38.390434551153426,
        "14,13": 29.077765094902528,
        "14,14": 0.0,
        "14,15": 52.11987398759338,
        "14,16": 8.85870993065125,
        "14,17": 47.575018575882254,
        "14,18": 14.076163401524745,
        "14,19": 21.20441996523213,
        "14,20": 52.570209105239464,
        "14,21": 25.822730036877896,
        "14,22": 37.777958657497855,
        "14,23": 5.476524778427434,
        "14,24": 66.59277913823811,
        "14,25": 54.75970760893265,
        "14,26": 31.168763767098305,
        "14,27": 50.22434036225101,
        "14,28": 18.25640036053472,
        "14,29": 15.185407174110411,
        "14,30": 68.29268916292439,
        "15,0": 20.478889562994524,
        "15,1": 58.88616468053089,
        "15,2": 94.61633187006383,
        "15,3": 69.23216832436394,
        "15,4": 57.442107440161,
        "15,5": 96.64658650075194,
        "15,6": 87.72513728463429,
        "15,7": 39.58996169292218,
        "15,8": 74.28031481311821,
        "15,9": 79.94380339101465,
        "15,10": 64.92792296334635,
        "15,11": 71.91425730965888,
        "15,12": 89.05736745206248,
        "15,13": 58.607520003311265,
        "15,14": 52.11987398759338,
        "15,15": 0.0,
        "15,16": 60.65570821583143,
        "15,17": 80.3792348568589,
        "15,18": 45.57423309643864,
        "15,19": 32.95425813529393,
        "15,20": 2.9267163117187507,
        "15,21": 74.54894077586538,
        "15,22": 75.83280458587447,
        "15,23": 56.7197106353636,
        "15,24": 49.500949472130394,
        "15,25": 89.38932391174754,
        "15,26": 51.14276534156829,
        "15,27": 47.253817122215054,
        "15,28": 49.05442557810033,
        "15,29": 60.25949442130144,
        "15,30": 91.10622809180938,
        "16,0": 65.23461869362048,
        "16,1": 67.23685033614107,
        "16,2": 39.712268291635134,
        "16,3": 67.39984234143688,
        "16,4": 40.05480670025328,
        "16,5": 42.69483358564463,
        "16,6": 34.74625058510348,
        "16,7": 62.87064561448513,
        "16,8": 20.71728911946382,
        "16,9": 85.79018046422489,
        "16,10": 55.97262653737003,
        "16,11": 84.33441570798935,
        "16,12": 29.56023484351869,
        "16,13": 28.216510435892488,
        "16,14": 8.85870993065125,
        "16,15": 60.65570821583143,
        "16,16": 0.0,
        "16,17": 43.22895328229611,
        "16,18": 21.72574512134974,
        "16,19": 28.809137651349523,
        "16,20": 60.972926277640425,
        "16,21": 21.662779028859767,
        "16,22": 32.6775914305697,
        "16,23": 6.9079389324280065,
        "16,24": 70.90543754055743,
        "16,25": 49.49831338553003,
        "16,26": 32.773207135846185,
        "16,27": 53.66521993723536,
        "16,28": 20.703996988048612,
        "16,29": 16.36282616250183,
        "16,30": 65.16492043147903,
        "17,0": 93.79117982332527,
        "17,1": 48.10680936997394,
        "17,2": 28.612109900169706,
        "17,3": 40.34306552892529,
        "17,4": 24.622998876761006,
        "17,5": 27.838339070179046,
        "17,6": 22.848722748334886,
        "17,7": 57.6879974574336,
        "17,8": 59.86270291160572,
        "17,9": 57.18687552417164,
        "17,10": 30.341281694752578,
        "17,11": 60.65053070556126,
        "17,12": 38.46196040811701,
        "17,13": 22.48070227428102,
        "17,14": 47.575018575882254,
        "17,15": 80.3792348568589,
        "17,16": 43.22895328229611,
        "17,17": 0.0,
        "17,18": 61.15013499897101,
        "17,19": 51.27258417856052,
        "17,20": 79.08759009553886,
        "17,21": 60.99121920277801,
        "17,22": 10.981442281913079,
        "17,23": 49.46243044603789,
        "17,24": 59.41156818264097,
        "17,25": 9.01551804930513,
        "17,26": 29.247770476756347,
        "17,27": 43.257656203035374,
        "17,28": 34.81200990896312,
        "17,29": 59.59039249111806,
        "17,30": 22.955620398442274,
        "18,0": 45.40101384425471,
        "18,1": 71.60338980301073,
        "18,2": 61.43109202589942,
        "18,3": 75.42316609827239,
        "18,4": 49.97442717483254,
        "18,5": 64.38416836593888,
        "18,6": 56.26417145484076,
        "18,7": 61.13463231166359,
        "18,8": 28.957901766405833,
        "18,9": 92.62636004565056,
        "18,10": 65.26584084937389,
        "18,11": 88.82306932017885,
        "18,12": 50.63467248176844,
        "18,13": 41.177404403337135,
        "18,14": 14.076163401524745,
        "18,15": 45.57423309643864,
        "18,16": 21.72574512134974,
        "18,17": 61.15013499897101,
        "18,18": 0.0,
        "18,19": 22.199416156738895,
        "18,20": 46.74735325722044,
        "18,21": 29.125224347248896,
        "18,22": 51.67463498572013,
        "18,23": 15.134420903724125,
        "18,24": 70.99739084395732,
        "18,25": 68.61775956917049,
        "18,26": 41.04112972057596,
        "18,27": 56.636119007787464,
        "18,28": 28.798785997463717,
        "18,29": 14.753971444272329,
        "18,30": 81.05048515263648,
        "19,0": 42.7410828017704,
        "19,1": 50.13012215258982,
        "19,2": 61.89145414526669,
        "19,3": 55.37845414954641,
        "19,4": 32.96420360866732,
        "19,5": 64.0746074679135,
        "19,6": 55.16539656403761,
        "19,7": 38.96812447903016,
        "19,8": 45.978799490698755,
        "19,9": 71.66491475536074,
        "19,10": 46.413155332319334,
        "19,11": 67.15057820219346,
        "19,12": 56.21564949382894,
        "19,13": 28.806554884453227,
        "19,14": 21.20441996523213,
        "19,15": 32.95425813529393,
        "19,16": 28.809137651349523,
        "19,17": 51.27258417856052,
        "19,18": 22.199416156738895,
        "19,19": 0.0,
        "19,20": 32.813443087583295,
        "19,21": 46.55340172850829,
        "19,22": 44.692745505543286,
        "19,23": 26.53804574967632,
        "19,24": 48.80299043225177,
        "19,25": 59.99322926504225,
        "19,26": 24.260790829981115,
        "19,27": 35.0923592537831,
        "19,28": 17.034380649875473,
        "19,29": 33.74231586305052,
        "19,30": 67.04152575510322,
        "20,0": 23.37763019746099,
        "20,1": 56.28011902720976,
        "20,2": 94.11349515077482,
        "20,3": 66.78933739770966,
        "20,4": 55.828537973845535,
        "20,5": 96.0605284643019,
        "20,6": 87.14733016389506,
        "20,7": 36.862404248715656,
        "20,8": 75.24590816044498,
        "20,9": 77.22007247948665,
        "20,10": 62.78516214381383,
        "20,11": 69.11072512243119,
        "20,12": 89.02670777695396,
        "20,13": 57.55340466089962,
        "20,14": 52.570209105239464,
        "20,15": 2.9267163117187507,
        "20,16": 60.972926277640425,
        "20,17": 79.08759009553886,
        "20,18": 46.74735325722044,
        "20,19": 32.813443087583295,
        "20,20": 0.0,
        "20,21": 75.55476954695735,
        "20,22": 74.89265747536581,
        "20,23": 57.320239125018546,
        "20,24": 46.6861180229214,
        "20,25": 88.10305396272236,
        "20,26": 49.842509926669926,
        "20,27": 44.94397554586917,
        "20,28": 48.46804608152354,
        "20,29": 61.34104035518555,
        "20,30": 89.2233766130807,
        "21,0": 73.59785177112954,
        "21,1": 88.87661770696148,
        "21,2": 47.64458814714026,
        "21,3": 88.9172378250703,
        "21,4": 61.56910482312235,
        "21,5": 51.041524547775346,
        "21,6": 45.67166423395243,
        "21,7": 83.53247629456982,
        "21,8": 1.1311620778918032,
        "21,9": 107.36130300640384,
        "21,10": 77.40035324484884,
        "21,11": 105.99510405985612,
        "21,12": 32.53735633583945,
        "21,13": 49.47483933417384,
        "21,14": 25.822730036877896,
        "21,15": 74.54894077586538,
        "21,16": 21.662779028859767,
        "21,17": 60.99121920277801,
        "21,18": 29.125224347248896,
        "21,19": 46.55340172850829,
        "21,20": 75.55476954695735,
        "21,21": 0.0,
        "21,22": 50.00978405163283,
        "21,23": 20.349108310818867,
        "21,24": 92.05713237156564,
        "21,25": 65.45168763703849,
        "21,26": 54.43596710705745,
        "21,27": 75.12840169058101,
        "21,28": 42.1986134952031,
        "21,29": 14.376717868582686,
        "21,30": 83.81161288809388,
        "22,0": 87.41098571060202,
        "22,1": 52.646537078362954,
        "22,2": 23.02816572598701,
        "22,3": 47.006846503523484,
        "22,4": 25.1201683203466,
        "22,5": 23.554359638500387,
        "22,6": 15.941293322741926,
        "22,7": 58.6274028183043,
        "22,8": 48.881261042328205,
        "22,9": 64.87412855566046,
        "22,10": 35.84613154616674,
        "22,11": 67.0150907910221,
        "22,12": 29.22322434741832,
        "22,13": 17.501854087559522,
        "22,14": 37.777958657497855,
        "22,15": 75.83280458587447,
        "22,16": 32.6775914305697,
        "22,17": 10.981442281913079,
        "22,18": 51.67463498572013,
        "22,19": 44.692745505543286,
        "22,20": 74.89265747536581,
        "22,21": 50.00978405163283,
        "22,22": 0.0,
        "22,23": 39.137582280657156,
        "22,24": 62.226904599730474,
        "22,25": 16.988249802462157,
        "22,26": 26.198477106614032,
        "22,27": 44.74775997250442,
        "22,28": 27.67031601822367,
        "22,29": 48.9898981774493,
        "22,30": 33.87780316093231,
        "23,0": 59.65362944725909,
        "23,1": 69.57917963414873,
        "23,2": 46.47733383515425,
        "23,3": 70.87984346009907,
        "23,4": 43.76824953114211,
        "23,5": 49.505632807935484,
        "23,6": 41.6377105619166,
        "23,7": 63.23337652953749,
        "23,8": 19.657755985954207,
        "23,9": 89.03634808799907,
        "23,10": 59.732505593442326,
        "23,11": 86.85364654165166,
        "23,12": 35.5565274393295,
        "23,13": 32.65903663978212,
        "23,14": 5.476524778427434,
        "23,15": 56.7197106353636,
        "23,16": 6.9079389324280065,
        "23,17": 49.46243044603789,
        "23,18": 15.134420903724125,
        "23,19": 26.53804574967632,
        "23,20": 57.320239125018546,
        "23,21": 20.349108310818867,
        "23,22": 39.137582280657156,
        "23,23": 0.0,
        "23,24": 71.9413068138522,
        "23,25": 56.0608412863768,
        "23,26": 35.73185309231062,
        "23,27": 55.38756710228812,
        "23,28": 22.924483173047054,
        "23,29": 10.79063248647679,
        "23,30": 70.95047701297715,
        "24,0": 69.87335767353684,
        "24,1": 13.966835728149668,
        "24,2": 85.25459227962338,
        "24,3": 26.461435224178246,
        "24,4": 37.23822989740666,
        "24,5": 85.58412422766106,
        "24,6": 78.11825660358508,
        "24,7": 10.652108995710451,
        "24,8": 91.2383521907523,
        "24,9": 31.06890580008382,
        "24,10": 30.324400403911845,
        "24,11": 22.43383219381281,
        "24,12": 88.36816315373026,
        "24,13": 48.19733236707176,
        "24,14": 66.59277913823811,
        "24,15": 49.500949472130394,
        "24,16": 70.90543754055743,
        "24,17": 59.41156818264097,
        "24,18": 70.99739084395732,
        "24,19": 48.80299043225177,
        "24,20": 46.6861180229214,
        "24,21": 92.05713237156564,
        "24,22": 62.226904599730474,
        "24,23": 71.9413068138522,
        "24,24": 0.0,
        "24,25": 66.93455484329581,
        "24,26": 39.935868631330656,
        "24,27": 18.066633625229144,
        "24,28": 50.27339757073455,
        "24,29": 81.23499139477858,
        "24,30": 57.07809618740983,
        "25,0": 102.61702180997032,
        "25,1": 54.89565996077402,
        "25,2": 26.36001501824855,
        "25,3": 45.838065487254866,
        "25,4": 33.38930280466436,
        "25,5": 24.578973906004727,
        "25,6": 22.553439753660815,
        "25,7": 65.94167996919322,
        "25,8": 64.32234996610666,
        "25,9": 61.328287432679254,
        "25,10": 37.03978354806445,
        "25,11": 65.96217924394777,
        "25,12": 39.19471986599845,
        "25,13": 31.294229467473922,
        "25,14": 54.75970760893265,
        "25,15": 89.38932391174754,
        "25,16": 49.49831338553003,
        "25,17": 9.01551804930513,
        "25,18": 68.61775956917049,
        "25,19": 59.99322926504225,
        "25,20": 88.10305396272236,
        "25,21": 65.45168763703849,
        "25,22": 16.988249802462157,
        "25,23": 56.0608412863768,
        "25,24": 66.93455484329581,
        "25,25": 0.0,
        "25,26": 38.26257139516599,
        "25,27": 51.476675749595586,
        "25,28": 43.30908463007076,
        "25,29": 65.71266686783486,
        "25,30": 21.80078140710092,
        "26,0": 65.39054212567014,
        "26,1": 34.547634852721366,
        "26,2": 48.13708691967252,
        "26,3": 35.201700990261706,
        "26,4": 9.020535104727191,
        "26,5": 49.274190440632786,
        "26,6": 40.815140684841126,
        "26,7": 34.02835431147534,
        "26,8": 53.48566080285401,
        "26,9": 53.30650132275371,
        "26,10": 24.381001536846295,
        "26,11": 51.56636153568725,
        "26,12": 48.79947617819522,
        "26,13": 9.075426946429316,
        "26,14": 31.168763767098305,
        "26,15": 51.14276534156829,
        "26,16": 32.773207135846185,
        "26,17": 29.247770476756347,
        "26,18": 41.04112972057596,
        "26,19": 24.260790829981115,
        "26,20": 49.842509926669926,
        "26,21": 54.43596710705745,
        "26,22": 26.198477106614032,
        "26,23": 35.73185309231062,
        "26,24": 39.935868631330656,
        "26,25": 38.26257139516599,
        "26,26": 0.0,
        "26,27": 21.930589746758024,
        "26,28": 12.913969035127764,
        "26,29": 46.29179745571467,
        "26,30": 42.802514125056476,
        "27,0": 66.00189878119545,
        "27,1": 15.038374259716063,
        "27,2": 67.72838757197933,
        "27,3": 22.344712771019182,
        "27,4": 19.62921291760595,
        "27,5": 68.2691852441433,
        "27,6": 60.50852407364637,
        "27,7": 14.465016221657974,
        "27,8": 74.25318263780062,
        "27,9": 36.75216119442181,
        "27,10": 18.39156472902246,
        "27,11": 32.1870928098784,
        "27,12": 70.31931687843077,
        "27,13": 30.139449312931816,
        "27,14": 50.22434036225101,
        "27,15": 47.253817122215054,
        "27,16": 53.66521993723536,
        "27,17": 43.257656203035374,
        "27,18": 56.636119007787464,
        "27,19": 35.0923592537831,
        "27,20": 44.94397554586917,
        "27,21": 75.12840169058101,
        "27,22": 44.74775997250442,
        "27,23": 55.38756710228812,
        "27,24": 18.066633625229144,
        "27,25": 51.476675749595586,
        "27,26": 21.930589746758024,
        "27,27": 0.0,
        "27,28": 32.96632729405948,
        "27,29": 65.25181160730375,
        "27,30": 46.109416002483535,
        "28,0": 59.74102885027638,
        "28,1": 46.766789140002984,
        "28,2": 45.65647508688241,
        "28,3": 48.112716576925166,
        "28,4": 21.461125946577265,
        "28,5": 47.602737221067684,
        "28,6": 38.684822461667885,
        "28,7": 42.63544915916805,
        "28,8": 41.30640818607232,
        "28,9": 66.14992149157857,
        "28,10": 37.22755498812322,
        "28,11": 63.99189548814246,
        "28,12": 42.20947914075578,
        "28,13": 12.862753934347646,
        "28,14": 18.25640036053472,
        "28,15": 49.05442557810033,
        "28,16": 20.703996988048612,
        "28,17": 34.81200990896312,
        "28,18": 28.798785997463717,
        "28,19": 17.034380649875473,
        "28,20": 48.46804608152354,
        "28,21": 42.1986134952031,
        "28,22": 27.67031601822367,
        "28,23": 22.924483173047054,
        "28,24": 50.27339757073455,
        "28,25": 43.30908463007076,
        "28,26": 12.913969035127764,
        "28,27": 32.96632729405948,
        "28,28": 0.0,
        "28,29": 33.39868094739855,
        "28,30": 52.71734823809895,
        "29,0": 59.50273974466297,
        "29,1": 79.71759786358953,
        "29,2": 53.16312400803899,
        "29,3": 81.48808801322292,
        "29,4": 54.4828951440206,
        "29,5": 56.40350564625783,
        "29,6": 49.3203820542278,
        "29,7": 72.0565481302736,
        "29,8": 14.25380486569101,
        "29,9": 99.54056552986931,
        "29,10": 70.4293798133231,
        "29,11": 97.03533414021175,
        "29,12": 40.08478120083648,
        "29,13": 43.44882452143935,
        "29,14": 15.185407174110411,
        "29,15": 60.25949442130144,
        "29,16": 16.36282616250183,
        "29,17": 59.59039249111806,
        "29,18": 14.753971444272329,
        "29,19": 33.74231586305052,
        "29,20": 61.34104035518555,
        "29,21": 14.376717868582686,
        "29,22": 48.9898981774493,
        "29,23": 10.79063248647679,
        "29,24": 81.23499139477858,
        "29,25": 65.71266686783486,
        "29,26": 46.29179745571467,
        "29,27": 65.25181160730375,
        "29,28": 33.39868094739855,
        "29,29": 0.0,
        "29,30": 81.44536363622422,
        "30,0": 107.44980727471396,
        "30,1": 43.34742905538112,
        "30,2": 48.15958817162229,
        "30,3": 31.595556782232812,
        "30,4": 34.52318756566459,
        "30,5": 46.28492526982893,
        "30,6": 44.027220622709564,
        "30,7": 59.536764036379374,
        "30,8": 82.68647731338432,
        "30,9": 43.016769440464216,
        "30,10": 27.9050948818718,
        "30,11": 49.706278424404,
        "30,12": 60.477713372963315,
        "30,13": 39.951379113738376,
        "30,14": 68.29268916292439,
        "30,15": 91.10622809180938,
        "30,16": 65.16492043147903,
        "30,17": 22.955620398442274,
        "30,18": 81.05048515263648,
        "30,19": 67.04152575510322,
        "30,20": 89.2233766130807,
        "30,21": 83.81161288809388,
        "30,22": 33.87780316093231,
        "30,23": 70.95047701297715,
        "30,24": 57.07809618740983,
        "30,25": 21.80078140710092,
        "30,26": 42.802514125056476,
        "30,27": 46.109416002483535,
        "30,28": 52.71734823809895,
        "30,29": 81.44536363622422,
        "30,30": 0.0
    }
}