{
    "num_robots": 4,
    "num_tasks": 50,
    "num_nodes": 51,
    "robot_capacity": [
        169,
        171,
        202,
        196
    ],
    "robot_speed": [
        1.15,
        0.83,
        1.08,
        0.96
    ],
    "task_demand": {
        "0": 0,
        "1": 5,
        "2": 12,
        "3": 14,
        "4": 9,
        "5": 5,
        "6": 12,
        "7": 9,
        "8": 12,
        "9": 15,
        "10": 11,
        "11": 7,
        "12": 10,
        "13": 10,
        "14": 13,
        "15": 9,
        "16": 13,
        "17": 9,
        "18": 7,
        "19": 6,
        "20": 10,
        "21": 15,
        "22": 15,
        "23": 10,
        "24": 9,
        "25": 7,
        "26": 13,
        "27": 13,
        "28": 9,
        "29": 9,
        "30": 13,
        "31": 14,
        "32": 15,
        "33": 7,
        "34": 6,
        "35": 7,
        "36": 15,
        "37": 11,
        "38": 5,
        "39": 5,
        "40": 8,
        "41": 6,
        "42": 8,
        "43": 8,
        "44": 13,
        "45": 13,
        "46": 11,
        "47": 15,
        "48": 12,
        "49": 7,
        "50": 15
    },
    "task_service_time": {
        "0": 0,
        "1": 48,
        "2": 90,
        "3": 72,
        "4": 47,
        "5": 87,
        "6": 51,
        "7": 43,
        "8": 10,
        "9": 69,
        "10": 35,
        "11": 68,
        "12": 17,
        "13": 56,
        "14": 98,
        "15": 49,
        "16": 98,
        "17": 49,
        "18": 23,
        "19": 75,
        "20": 50,
        "21": 49,
        "22": 42,
        "23": 59,
        "24": 41,
        "25": 20,
        "26": 17,
        "27": 57,
        "28": 100,
        "29": 94,
        "30": 93,
        "31": 34,
        "32": 97,
        "33": 81,
        "34": 97,
        "35": 44,
        "36": 79,
        "37": 66,
        "38": 18,
        "39": 21,
        "40": 33,
        "41": 93,
        "42": 35,
        "43": 99,
        "44": 46,
        "45": 76,
        "46": 56,
        "47": 11,
        "48": 52,
        "49": 37,
        "50": 87
    },
    "task_precedence": [],
    "coordinates": {
        "0": [
            50.0,
            50.0
        ],
        "1": [
            82.14057347727844,
            45.13842748225404
        ],
        "2": [
            39.5266093470687,
            63.27846264947442
        ],
        "3": [
            59.59272840669241,
            1.6882356410437005
        ],
        "4": [
            8.564238907790255,
            98.86213215883589
        ],
        "5": [
            29.66712032324296,
            71.43236212101088
        ],
        "6": [
            77.73527936523001,
            83.21803755433272
        ],
        "7": [
            35.26918683683421,
            80.82720224664779
        ],
        "8": [
            29.26305584768126,
            6.377444129783816
        ],
        "9": [
            38.234386808016566,
            49.91157337114834
        ],
        "10": [
            96.74081154217399,
            16.70396360529781
        ],
        "11": [
            67.70604211591153,
            84.80511129497815
        ],
        "12": [
            35.07288415337387,
            11.693905845037877
        ],
        "13": [
            53.36651694076331,
            25.607821848390444
        ],
        "14": [
            80.76080468116506,
            96.94889749811443
        ],
        "15": [
            80.85607865429648,
            7.643411905445408
        ],
        "16": [
            34.543467244978196,
            34.60902831781478
        ],
        "17": [
            92.0757706471542,
            6.051792891725127
        ],
        "18": [
            56.75386355295553,
            31.98439394258863
        ],
        "19": [
            30.431987419723427,
            19.694481583313628
        ],
        "20": [
            71.3376729474513,
            70.3452192040049
        ],
        "21": [
            13.489501501524725,
            41.239652401349794
        ],
        "22": [
            7.7414241107987225,
            64.02198182068366
        ],
        "23": [
            27.214275012522428,
            32.598024342031785
        ],
        "24": [
            63.70055669571193,
            61.41775971007027
        ],
        "25": [
            74.75094056241099,
            73.48401683413647
        ],
        "26": [
            31.53565815250876,
            70.21653809661728
        ],
        "27": [
            83.8672891377102,
            78.67492136063444
        ],
        "28": [
            61.97561134687466,
            1.5323122537097333
        ],
        "29": [
            26.05168652649048,
            35.89161359727618
        ],
        "30": [
            66.03108151850033,
            39.33431108032289
        ],
        "31": [
            16.647810414771534,
            5.722690632337479
        ],
        "32": [
            48.1772451174319,
            78.22509884066605
        ],
        "33": [
            56.14964932235602,
            75.64511158491311
        ],
        "34": [
            88.02554755356903,
            8.712215974908666
        ],
        "35": [
            14.516471082833228,
            58.60846332057004
        ],
        "36": [
            6.113003798202332,
            21.413961760028045
        ],
        "37": [
            58.140153749256164,
            71.19287235808903
        ],
        "38": [
            71.42199931261355,
            63.72005429174706
        ],
        "39": [
            41.54450699728195,
            61.74411492116183
        ],
        "40": [
            85.16672398164525,
            8.478271815380555
        ],
        "41": [
            63.8153200899918,
            0.9360773870968786
        ],
        "42": [
            22.238060686034277,
            50.02585328284786
        ],
        "43": [
            53.83373745673293,
            59.436462873327315
        ],
        "44": [
            66.79216616300585,
            75.00681914514212
        ],
        "45": [
            20.378589449532893,
            5.706723644647893
        ],
        "46": [
            43.557635973330555,
            0.4572483785203807
        ],
        "47": [
            27.423670779586885,
            11.34896494358365
        ],
        "48": [
            23.08458234126305,
            64.79608347897332
        ],
        "49": [
            41.64631466446384,
            93.27860860350093
        ],
        "50": [
            66.94100737601902,
            49.24420222510813
        ]
    },
    "distance_matrix_str_keys": {
        "0,0": 0.0,
        "0,1": 32.50617404115158,
        "0,2": 16.911814867198494,
        "0,3": 49.25491867580215,
        "0,4": 64.06582752449411,
        "0,5": 29.542717241912968,
        "0,6": 43.274516062324864,
        "0,7": 34.16596632328471,
        "0,8": 48.30060282674036,
        "0,9": 11.765945480583559,
        "0,10": 57.387537873813315,
        "0,11": 39.04996414423768,
        "0,12": 41.11174572926113,
        "0,13": 24.62339926355224,
        "0,14": 56.128656503797075,
        "0,15": 52.4039897806636,
        "0,16": 21.812528833880982,
        "0,17": 60.84254583417549,
        "0,18": 19.23997750798525,
        "0,19": 36.073973482913956,
        "0,20": 29.482608963105772,
        "0,21": 37.546773372106706,
        "0,22": 44.52418680181555,
        "0,23": 28.670856631874084,
        "0,24": 17.834530848029644,
        "0,25": 34.11902849422894,
        "0,26": 27.37956048721371,
        "0,27": 44.37616915164977,
        "0,28": 49.92526437189181,
        "0,29": 27.79511261200501,
        "0,30": 19.25493429706074,
        "0,31": 55.43328129353987,
        "0,32": 28.283893648634972,
        "0,33": 26.372143162636565,
        "0,34": 56.13041400570039,
        "0,35": 36.51282603629867,
        "0,36": 52.375853385636994,
        "0,37": 22.702421497447876,
        "0,38": 25.438984734420956,
        "0,39": 14.47133709096951,
        "0,40": 54.412796170006224,
        "0,41": 50.971870392932196,
        "0,42": 27.761951351887166,
        "0,43": 10.185498242444593,
        "0,44": 30.121717218708575,
        "0,45": 53.285291528628406,
        "0,46": 49.959866818074545,
        "0,47": 44.76151418351265,
        "0,48": 30.71422787668601,
        "0,49": 44.077454796530354,
        "0,50": 16.957858390459045,
        "1,0": 32.50617404115158,
        "1,1": 0.0,
        "1,2": 46.31426146187365,
        "1,3": 48.952267448659946,
        "1,4": 91.10276314611892,
        "1,5": 58.69271066066018,
        "1,6": 38.33357952833527,
        "1,7": 58.91193028395557,
        "1,8": 65.56253275399628,
        "1,9": 44.164874612215726,
        "1,10": 31.963818412723366,
        "1,11": 42.211390646612365,
        "1,12": 57.7399636805724,
        "1,13": 34.77629776143621,
        "1,14": 51.82883912644675,
        "1,15": 37.51701107571589,
        "1,16": 48.747848859749375,
        "1,17": 40.32955673470561,
        "1,18": 28.5921954236529,
        "1,19": 57.62961265686052,
        "1,20": 27.424168333079265,
        "1,21": 68.7616908645475,
        "1,22": 76.75820510478462,
        "1,23": 56.33968382906275,
        "1,24": 24.597781946510352,
        "1,25": 29.292987391559144,
        "1,26": 56.47804075048415,
        "1,27": 33.580916732969435,
        "1,28": 48.04288691414892,
        "1,29": 56.84599199945138,
        "1,30": 17.123185987925925,
        "1,31": 76.43887966855308,
        "1,32": 47.415561737243166,
        "1,33": 40.07724932385407,
        "1,34": 36.89853390930963,
        "1,35": 68.95260031456338,
        "1,36": 79.64321455787587,
        "1,37": 35.42392193009076,
        "1,38": 21.451449531691125,
        "1,39": 43.86102448606273,
        "1,40": 36.784841992245596,
        "1,41": 47.85041970184901,
        "1,42": 60.101563787155165,
        "1,43": 31.712943438577827,
        "1,44": 33.58116179664572,
        "1,45": 73.27620308517751,
        "1,46": 59.0343191079009,
        "1,47": 64.30915346574587,
        "1,48": 62.24173461868235,
        "1,49": 62.90677257009509,
        "1,50": 15.744338535029446,
        "2,0": 16.911814867198494,
        "2,1": 46.31426146187365,
        "2,2": 0.0,
        "2,3": 64.7765790781284,
        "2,4": 47.168484382801246,
        "2,5": 12.794358147357876,
        "2,6": 43.09859756353093,
        "2,7": 18.057793549602113,
        "2,8": 57.819256645281776,
        "2,9": 13.429205786995112,
        "2,10": 73.77431052906152,
        "2,11": 35.460922620268924,
        "2,12": 51.77646346373121,
        "2,13": 40.132533193984884,
        "2,14": 53.234923196590834,
        "2,15": 69.30644922738263,
        "2,16": 29.0992812644397,
        "2,17": 77.69366824204468,
        "2,18": 35.72250024432128,
        "2,19": 44.522753212001746,
        "2,20": 32.58654347408737,
        "2,21": 34.11217000006494,
        "2,22": 31.79388024859424,
        "2,23": 33.058779038289366,
        "2,24": 24.245452065154044,
        "2,25": 36.67297159740686,
        "2,26": 10.58263633997151,
        "2,27": 46.93769087993847,
        "2,28": 65.70041688972516,
        "2,29": 30.522336837608478,
        "2,30": 35.71847476380669,
        "2,31": 61.93630868136335,
        "2,32": 17.269494279315964,
        "2,33": 20.71857774830085,
        "2,34": 73.00426209001428,
        "2,35": 25.442403772602596,
        "2,36": 53.56403149967047,
        "2,37": 20.226267976273267,
        "2,38": 31.898446736991822,
        "2,39": 2.534982027177739,
        "2,40": 71.31676506481764,
        "2,41": 66.90675952215962,
        "2,42": 21.783607823988962,
        "2,43": 14.814009485154884,
        "2,44": 29.681053461300312,
        "2,45": 60.67249622387636,
        "2,46": 62.950410150679325,
        "2,47": 53.32123267474555,
        "2,48": 16.51191766699953,
        "2,49": 30.074938202687736,
        "2,50": 30.797884423262726,
        "3,0": 49.25491867580215,
        "3,1": 48.952267448659946,
        "3,2": 64.7765790781284,
        "3,3": 0.0,
        "3,4": 109.75733645178417,
        "3,5": 75.89324869590097,
        "3,6": 83.52401304596948,
        "3,7": 82.79257641783796,
        "3,8": 30.690026291740224,
        "3,9": 52.74153067249244,
        "3,10": 40.06809412658823,
        "3,11": 83.51192057314813,
        "3,12": 26.48275284856344,
        "3,13": 24.71664041792815,
        "3,14": 97.58422593129005,
        "3,15": 22.081535003082955,
        "3,16": 41.36718597166973,
        "3,17": 32.7748175445051,
        "3,18": 30.428873812385042,
        "3,19": 34.27205432772604,
        "3,20": 69.65432588310813,
        "3,21": 60.74390585743396,
        "3,22": 81.08053817022395,
        "3,23": 44.763593262138464,
        "3,24": 59.87061298136585,
        "3,25": 73.37850906692114,
        "3,26": 74.04949310218652,
        "3,27": 80.7230083481216,
        "3,28": 2.387978896332482,
        "3,29": 47.90482808680509,
        "3,30": 38.19266142562241,
        "3,31": 43.13400988094643,
        "3,32": 77.38349105051472,
        "3,33": 74.03697922631558,
        "3,34": 29.28756569552197,
        "3,35": 72.60703336052151,
        "3,36": 57.00162467089091,
        "3,37": 69.51981371022129,
        "3,38": 63.149649051118416,
        "3,39": 62.70922525554931,
        "3,40": 26.46004234532724,
        "3,41": 4.289058470439581,
        "3,42": 61.08925011657972,
        "3,43": 58.034676920210195,
        "3,44": 73.67120598344026,
        "3,45": 39.41949948929498,
        "3,46": 16.08227343962766,
        "3,47": 33.58836047313101,
        "3,48": 72.90709970825888,
        "3,49": 93.33204265207777,
        "3,50": 48.120340413963206,
        "4,0": 64.06582752449411,
        "4,1": 91.10276314611892,
        "4,2": 47.168484382801246,
        "4,3": 109.75733645178417,
        "4,4": 0.0,
        "4,5": 34.608147716435525,
        "4,6": 70.91805506328704,
        "4,7": 32.224415290746336,
        "4,8": 94.77266769771867,
        "4,9": 57.24050036511,
        "4,10": 120.52000921680317,
        "4,11": 60.78941291273568,
        "4,12": 91.10986747575541,
        "4,13": 85.86872594840833,
        "4,14": 72.22191202354186,
        "4,15": 116.39143017679974,
        "4,16": 69.30643302176783,
        "4,17": 124.85165200481326,
        "4,18": 82.43101232159424,
        "4,19": 82.13230377037495,
        "4,20": 68.94721419756625,
        "4,21": 57.83258929893365,
        "4,22": 34.84986513281216,
        "4,23": 68.83862165575988,
        "4,24": 66.64904025785042,
        "4,25": 70.88531733265725,
        "4,26": 36.718607834367,
        "4,27": 77.96199621444327,
        "4,28": 111.0219282330787,
        "4,29": 65.35363059638325,
        "4,30": 82.7405552434813,
        "4,31": 93.48956998604976,
        "4,32": 44.66628935943034,
        "4,33": 52.94715600155138,
        "4,34": 120.17115693738168,
        "4,35": 40.691361771343956,
        "4,36": 77.48695149304335,
        "4,37": 56.774635800588854,
        "4,38": 72.01432968463087,
        "4,39": 49.653250517071015,
        "4,40": 118.47861802905794,
        "4,41": 112.43751231221658,
        "4,42": 50.71445096297953,
        "4,43": 60.030916180606624,
        "4,44": 62.925094131196865,
        "4,45": 93.90159218122142,
        "4,46": 104.4416535200586,
        "4,47": 89.52224643389842,
        "4,48": 37.03155473491173,
        "4,49": 33.54995486827472,
        "4,50": 76.61452909012432,
        "5,0": 29.542717241912968,
        "5,1": 58.69271066066018,
        "5,2": 12.794358147357876,
        "5,3": 75.89324869590097,
        "5,4": 34.608147716435525,
        "5,5": 0.0,
        "5,6": 49.4919191293424,
        "5,7": 10.938289181082098,
        "5,8": 65.05617282737812,
        "5,9": 23.163384973646128,
        "5,10": 86.56834096727978,
        "5,11": 40.32108619095719,
        "5,12": 59.98254280058066,
        "5,13": 51.590211195841675,
        "5,14": 57.1109285418995,
        "5,15": 81.78838318870368,
        "5,16": 37.14480679291146,
        "5,17": 90.3850566631324,
        "5,18": 47.85220843595617,
        "5,19": 51.74353393621574,
        "5,20": 41.68473144604524,
        "5,21": 34.25368696879986,
        "5,22": 23.144111358958444,
        "5,23": 38.91172369415376,
        "5,24": 35.47628859912084,
        "5,25": 45.13047899612309,
        "5,26": 2.2292738005211463,
        "5,27": 54.681925385416015,
        "5,28": 77.00555540787481,
        "5,29": 35.724167830280535,
        "5,30": 48.50384061515949,
        "5,31": 66.98703872871378,
        "5,32": 19.717149693578936,
        "5,33": 26.815510441430586,
        "5,34": 85.67101470967695,
        "5,35": 19.849296029075592,
        "5,36": 55.286859016829304,
        "5,37": 28.474040595345958,
        "5,38": 42.46115414670574,
        "5,39": 15.327571497468933,
        "5,40": 83.92510644884045,
        "5,41": 78.3315115939611,
        "5,42": 22.658983819482167,
        "5,43": 26.980121987071637,
        "5,44": 37.29672601746508,
        "5,45": 66.37873423708403,
        "5,46": 72.3215956390952,
        "5,47": 60.12526658764517,
        "5,48": 9.34719211843707,
        "5,49": 24.915047309576735,
        "5,50": 43.3780715983232,
        "6,0": 43.274516062324864,
        "6,1": 38.33357952833527,
        "6,2": 43.09859756353093,
        "6,3": 83.52401304596948,
        "6,4": 70.91805506328704,
        "6,5": 49.4919191293424,
        "6,6": 0.0,
        "6,7": 42.53334113491141,
        "6,8": 90.85171022370486,
        "6,9": 51.66856945186565,
        "6,10": 69.17609620834742,
        "6,11": 10.154033822149877,
        "6,12": 83.28133873792594,
        "6,13": 62.55216651551966,
        "6,14": 14.060238910954283,
        "6,15": 75.63903377339041,
        "6,16": 65.02590570831765,
        "6,17": 78.48744489111847,
        "6,18": 55.363399888579536,
        "6,19": 79.20128529313791,
        "6,20": 14.374937222726924,
        "6,21": 76.74441213120824,
        "6,22": 72.57842881399156,
        "6,23": 71.51753364329493,
        "6,24": 25.92731290545407,
        "6,25": 10.181229664005292,
        "6,26": 47.994207862490015,
        "6,27": 7.631608519783762,
        "6,28": 83.1920961025602,
        "6,29": 70.07841446040045,
        "6,30": 45.41772447493493,
        "6,31": 98.67729048435423,
        "6,32": 29.97677143376914,
        "6,33": 22.875502881600973,
        "6,34": 75.21307777649386,
        "6,35": 67.83987665535307,
        "6,36": 94.60176606272955,
        "6,37": 22.99072738959655,
        "6,38": 20.49460554221124,
        "6,39": 42.08207882037248,
        "6,40": 75.10831479803215,
        "6,41": 83.45110086264218,
        "6,42": 64.6657743929405,
        "6,43": 33.7171618009565,
        "6,44": 13.681221960048877,
        "6,45": 96.4250676022119,
        "6,46": 89.5402676611317,
        "6,47": 87.72925142963481,
        "6,48": 57.67206496355131,
        "6,49": 37.46502986797833,
        "6,50": 35.64740936946659,
        "7,0": 34.16596632328471,
        "7,1": 58.91193028395557,
        "7,2": 18.057793549602113,
        "7,3": 82.79257641783796,
        "7,4": 32.224415290746336,
        "7,5": 10.938289181082098,
        "7,6": 42.53334113491141,
        "7,7": 0.0,
        "7,8": 74.69163335420117,
        "7,9": 31.057503435349,
        "7,10": 88.82876998906187,
        "7,11": 32.67986139494161,
        "7,12": 69.13357509992076,
        "7,13": 58.10932221647423,
        "7,14": 48.26382031994362,
        "7,15": 86.22083202035385,
        "7,16": 46.22387121652472,
        "7,17": 93.90606907114771,
        "7,18": 53.35926589284485,
        "7,19": 61.3237966363967,
        "7,20": 37.56071962593409,
        "7,21": 45.18328004980435,
        "7,22": 32.25202558392497,
        "7,23": 48.89719016316314,
        "7,24": 34.424834809088125,
        "7,25": 40.158825297182375,
        "7,26": 11.248352330071434,
        "7,27": 48.6457383565992,
        "7,28": 83.67145683626309,
        "7,29": 45.871226702985844,
        "7,30": 51.65224275620954,
        "7,31": 77.37857148252495,
        "7,32": 13.16772230534683,
        "7,33": 21.51389730466615,
        "7,34": 89.35213954375891,
        "7,35": 30.40308488676047,
        "7,36": 66.18169047782867,
        "7,37": 24.81736166297047,
        "7,38": 39.996004313677766,
        "7,39": 20.088401255158274,
        "7,40": 87.88704084030901,
        "7,41": 84.83792521644659,
        "7,42": 33.44448155896337,
        "7,43": 28.32324611791708,
        "7,44": 32.05581203224366,
        "7,45": 76.58208795759116,
        "7,46": 80.79621200188295,
        "7,47": 69.91979391377966,
        "7,48": 20.13607100843602,
        "7,49": 13.989470311395317,
        "7,50": 44.72795665606582,
        "8,0": 48.30060282674036,
        "8,1": 65.56253275399628,
        "8,2": 57.819256645281776,
        "8,3": 30.690026291740224,
        "8,4": 94.77266769771867,
        "8,5": 65.05617282737812,
        "8,6": 90.85171022370486,
        "8,7": 74.69163335420117,
        "8,8": 0.0,
        "8,9": 44.44890536339113,
        "8,10": 68.26334681250118,
        "8,11": 87.34278545016664,
        "8,12": 7.875206036123068,
        "8,13": 30.83478983009293,
        "8,14": 104.18832132330509,
        "8,15": 51.60855236036884,
        "8,16": 28.721161019195993,
        "8,17": 62.813558959899545,
        "8,18": 37.56940759452924,
        "8,19": 13.368241752707524,
        "8,20": 76.56467626809638,
        "8,21": 38.26458652959936,
        "8,22": 61.531076361587914,
        "8,23": 26.30050055754536,
        "8,24": 64.9259409160594,
        "8,25": 81.07058502283742,
        "8,26": 63.87953224423376,
        "8,27": 90.60103480169126,
        "8,28": 33.069420771830245,
        "8,29": 29.688366278273776,
        "8,30": 49.37654089672083,
        "8,31": 12.632225436357917,
        "8,32": 74.29557216406715,
        "8,33": 74.30275003892388,
        "8,34": 58.80885639980867,
        "8,35": 54.272839689250894,
        "8,36": 27.604741845165464,
        "8,37": 70.95721612095367,
        "8,38": 71.17268755826386,
        "8,39": 56.71245257314181,
        "8,40": 55.94312815526989,
        "8,41": 34.97809938088219,
        "8,42": 44.210113985540104,
        "8,43": 58.472026343894484,
        "8,44": 78.22036330814687,
        "8,45": 8.909747984595771,
        "8,46": 15.472030852537925,
        "8,47": 5.300882627522847,
        "8,48": 58.744454702381766,
        "8,49": 87.7790264574144,
        "8,50": 57.071770438412216,
        "9,0": 11.765945480583559,
        "9,1": 44.164874612215726,
        "9,2": 13.429205786995112,
        "9,3": 52.74153067249244,
        "9,4": 57.24050036511,
        "9,5": 23.163384973646128,
        "9,6": 51.66856945186565,
        "9,7": 31.057503435349,
        "9,8": 44.44890536339113,
        "9,9": 0.0,
        "9,10": 67.27367301950027,
        "9,11": 45.67425374791713,
        "9,12": 38.34820999957666,
        "9,13": 28.629594835315764,
        "9,14": 63.41140337626119,
        "9,15": 60.026711466895954,
        "9,16": 15.741371361165545,
        "9,17": 69.44476191489568,
        "9,18": 25.775080623930346,
        "9,19": 31.20817316551652,
        "9,20": 38.9019464198375,
        "9,21": 26.22044168464497,
        "9,22": 33.599470243839214,
        "9,23": 20.523202575836255,
        "9,24": 27.944912467477078,
        "9,25": 43.463994166589764,
        "9,26": 21.381406831699813,
        "9,27": 53.941560624398264,
        "9,28": 53.890617447509214,
        "9,29": 18.573568806518832,
        "9,30": 29.741128330928436,
        "9,31": 49.17964658357947,
        "9,32": 30.00860136484434,
        "9,33": 31.355567606997454,
        "9,34": 64.62620782819099,
        "9,35": 25.26213413667284,
        "9,36": 42.940623120786704,
        "9,37": 29.139890941637205,
        "9,38": 35.945678030742734,
        "9,39": 12.286819572215501,
        "9,40": 62.60481411513301,
        "9,41": 55.253808506389035,
        "9,42": 15.996734332326426,
        "9,43": 18.27739753603688,
        "9,44": 38.01733975629284,
        "9,45": 47.674922534281265,
        "9,46": 49.73999640281936,
        "9,47": 40.04929899242969,
        "9,48": 21.238295989339836,
        "9,49": 43.501045924686814,
        "9,50": 28.714377038024494,
        "10,0": 57.387537873813315,
        "10,1": 31.963818412723366,
        "10,2": 73.77431052906152,
        "10,3": 40.06809412658823,
        "10,4": 120.52000921680317,
        "10,5": 86.56834096727978,
        "10,6": 69.17609620834742,
        "10,7": 88.82876998906187,
        "10,8": 68.26334681250118,
        "10,9": 67.27367301950027,
        "10,10": 0.0,
        "10,11": 74.03231829605147,
        "10,12": 61.87110753163761,
        "10,13": 44.27875476775574,
        "10,14": 81.82059664131276,
        "10,15": 18.287108465389366,
        "10,16": 64.7232645961507,
        "10,17": 11.6289013867735,
        "10,18": 42.807097084306704,
        "10,19": 66.37622582129023,
        "10,20": 59.35236939388784,
        "10,21": 86.79159318840172,
        "10,22": 100.79625891367013,
        "10,23": 71.3201265318,
        "10,24": 55.596600637254106,
        "10,25": 60.88948078589908,
        "10,26": 84.35228305895926,
        "10,27": 63.29397431203027,
        "10,28": 37.93149284372268,
        "10,29": 73.24696790787725,
        "10,30": 38.147347810395644,
        "10,31": 80.8422982460343,
        "10,32": 78.37901546038202,
        "10,33": 71.56606301530415,
        "10,34": 11.824713805369877,
        "10,35": 92.28666892006034,
        "10,36": 90.75011635858024,
        "10,37": 66.7761331548627,
        "10,38": 53.39995352200373,
        "10,39": 71.2407696896124,
        "10,40": 14.199348868222735,
        "10,41": 36.50635866746851,
        "10,42": 81.61499994985508,
        "10,43": 60.55644887429966,
        "10,44": 65.54497939695399,
        "10,45": 77.15003726297194,
        "10,46": 55.609404953177,
        "10,47": 69.5236795212054,
        "10,48": 87.96642594786432,
        "10,49": 94.33493437114824,
        "10,50": 44.12363831072164,
        "11,0": 39.04996414423768,
        "11,1": 42.211390646612365,
        "11,2": 35.460922620268924,
        "11,3": 83.51192057314813,
        "11,4": 60.78941291273568,
        "11,5": 40.32108619095719,
        "11,6": 10.154033822149877,
        "11,7": 32.67986139494161,
        "11,8": 87.34278545016664,
        "11,9": 45.67425374791713,
        "11,10": 74.03231829605147,
        "11,11": 0.0,
        "11,12": 80.06354576804172,
        "11,13": 60.90928549960009,
        "11,14": 17.829704680185483,
        "11,15": 78.27420592788839,
        "11,16": 60.16147536688681,
        "11,17": 82.43766631953268,
        "11,18": 53.94421560182237,
        "11,19": 75.02499086933575,
        "11,20": 14.90896447709165,
        "11,21": 69.55129391178768,
        "11,22": 63.46411492524249,
        "11,23": 66.06938119331531,
        "11,24": 23.72787659289226,
        "11,25": 13.334083167311903,
        "11,26": 39.001578737583394,
        "11,27": 17.284823803866946,
        "11,28": 83.46973641366192,
        "11,29": 64.24652205834202,
        "11,30": 45.50163914810073,
        "11,31": 94.1327375694033,
        "11,32": 20.6075344499707,
        "11,33": 14.746382915390923,
        "11,34": 78.7591964117337,
        "11,35": 59.290765147516375,
        "11,36": 88.3863123372007,
        "11,37": 16.63728550930928,
        "11,38": 21.409996887370763,
        "11,39": 34.874567717986956,
        "11,40": 78.29854300151837,
        "11,41": 83.9592315741653,
        "11,42": 57.24451172978936,
        "11,43": 28.913822979647563,
        "11,44": 9.840817969601797,
        "11,45": 92.1761504119706,
        "11,46": 87.7365801578828,
        "11,47": 83.77633840933271,
        "11,48": 48.90230941951747,
        "11,49": 27.402728905736364,
        "11,50": 35.56913735289072,
        "12,0": 41.11174572926113,
        "12,1": 57.7399636805724,
        "12,2": 51.77646346373121,
        "12,3": 26.48275284856344,
        "12,4": 91.10986747575541,
        "12,5": 59.98254280058066,
        "12,6": 83.28133873792594,
        "12,7": 69.13357509992076,
        "12,8": 7.875206036123068,
        "12,9": 38.34820999957666,
        "12,10": 61.87110753163761,
        "12,11": 80.06354576804172,
        "12,12": 0.0,
        "12,13": 22.983778173055025,
        "12,14": 96.72538283160173,
        "12,15": 45.96202127696285,
        "12,16": 22.92123731837486,
        "12,17": 57.28143248209444,
        "12,18": 29.694591678653083,
        "12,19": 9.249169402508203,
        "12,20": 68.95731625441051,
        "12,21": 36.589527822396946,
        "12,22": 59.035889451856654,
        "12,23": 22.33248548113346,
        "12,24": 57.375999149317074,
        "12,25": 73.43273096136255,
        "12,26": 58.62943333714559,
        "12,27": 82.8694780801473,
        "12,28": 28.757863529185336,
        "12,29": 25.824621334804117,
        "12,30": 41.501831112240026,
        "12,31": 19.368498996807112,
        "12,32": 67.80946775855014,
        "12,33": 67.3348850565015,
        "12,34": 53.036544341199296,
        "12,35": 51.220521487502495,
        "12,36": 30.547572034064927,
        "12,37": 63.813994881454484,
        "12,38": 63.46635561507127,
        "12,39": 50.46687359840625,
        "12,40": 50.19694304390655,
        "12,41": 30.689713206562732,
        "12,42": 40.4236426836177,
        "12,43": 51.29640697231755,
        "12,44": 70.8141076463799,
        "12,45": 15.867219275726786,
        "12,46": 14.08025157680436,
        "12,47": 7.656986970291756,
        "12,48": 54.43859522254678,
        "12,49": 81.84909109373724,
        "12,50": 49.25040137871784,
        "13,0": 24.62339926355224,
        "13,1": 34.77629776143621,
        "13,2": 40.132533193984884,
        "13,3": 24.71664041792815,
        "13,4": 85.86872594840833,
        "13,5": 51.590211195841675,
        "13,6": 62.55216651551966,
        "13,7": 58.10932221647423,
        "13,8": 30.83478983009293,
        "13,9": 28.629594835315764,
        "13,10": 44.27875476775574,
        "13,11": 60.90928549960009,
        "13,12": 22.983778173055025,
        "13,13": 0.0,
        "13,14": 76.41986702202227,
        "13,15": 32.83894072287246,
        "13,16": 20.864537324254346,
        "13,17": 43.3687052038641,
        "13,18": 7.220442420214783,
        "13,19": 23.684599161523266,
        "13,20": 48.21200234766087,
        "13,21": 42.83141938784782,
        "13,22": 59.643078241484325,
        "13,23": 27.070328567923774,
        "13,24": 37.271222508984444,
        "13,25": 52.43494655230666,
        "13,26": 49.66411139593186,
        "13,27": 61.20795826730749,
        "13,28": 25.568470207208343,
        "13,29": 29.186577964792896,
        "13,30": 18.676394260617563,
        "13,31": 41.75741673549209,
        "13,32": 52.872548455113055,
        "13,33": 50.11463049878934,
        "13,34": 38.55787728663801,
        "13,35": 50.97419347805917,
        "13,36": 47.43925554596048,
        "13,37": 45.8343150745287,
        "13,38": 42.17277208693589,
        "13,39": 38.02093628706423,
        "13,40": 36.12028034465328,
        "13,41": 26.793142070587706,
        "13,42": 39.56287461670006,
        "13,43": 33.83186735320096,
        "13,44": 51.19090730748167,
        "13,45": 38.52605702484593,
        "13,46": 26.99565690433549,
        "13,47": 29.603146237760317,
        "13,48": 49.524896897574905,
        "13,49": 68.67822450713918,
        "13,50": 27.257022359196423,
        "14,0": 56.128656503797075,
        "14,1": 51.82883912644675,
        "14,2": 53.234923196590834,
        "14,3": 97.58422593129005,
        "14,4": 72.22191202354186,
        "14,5": 57.1109285418995,
        "14,6": 14.060238910954283,
        "14,7": 48.26382031994362,
        "14,8": 104.18832132330509,
        "14,9": 63.41140337626119,
        "14,10": 81.82059664131276,
        "14,11": 17.829704680185483,
        "14,12": 96.72538283160173,
        "14,13": 76.41986702202227,
        "14,14": 0.0,
        "14,15": 89.30553641332867,
        "14,16": 77.60348941321668,
        "14,17": 91.59864671836792,
        "14,18": 69.2583564961604,
        "14,19": 92.2021400254496,
        "14,20": 28.223237065358003,
        "14,21": 87.34385050327518,
        "14,22": 80.10001070479721,
        "14,23": 83.71538517802486,
        "14,24": 39.414639587824944,
        "14,25": 24.222285014024063,
        "14,26": 56.015480806099454,
        "14,27": 18.536139014151377,
        "14,28": 97.2481785346616,
        "14,29": 81.98219030136792,
        "14,30": 59.46768292561861,
        "14,31": 111.5020038067484,
        "14,32": 37.58016750904674,
        "14,33": 32.55088727409669,
        "14,34": 88.53523849422774,
        "14,35": 76.53953636395826,
        "14,36": 106.19708420488432,
        "14,37": 34.27924561009024,
        "14,38": 34.516218022040505,
        "14,39": 52.700044784814374,
        "14,40": 88.58026717941618,
        "14,41": 97.4967233998164,
        "14,42": 75.01122344787797,
        "14,43": 46.176289378727844,
        "14,44": 26.01110656044793,
        "14,45": 109.4127332890709,
        "14,46": 103.41525086621631,
        "14,47": 100.85731657234936,
        "14,48": 66.03294687314272,
        "14,49": 39.28631249985855,
        "14,50": 49.66613281347473,
        "15,0": 52.4039897806636,
        "15,1": 37.51701107571589,
        "15,2": 69.30644922738263,
        "15,3": 22.081535003082955,
        "15,4": 116.39143017679974,
        "15,5": 81.78838318870368,
        "15,6": 75.63903377339041,
        "15,7": 86.22083202035385,
        "15,8": 51.60855236036884,
        "15,9": 60.026711466895954,
        "15,10": 18.287108465389366,
        "15,11": 78.27420592788839,
        "15,12": 45.96202127696285,
        "15,13": 32.83894072287246,
        "15,14": 89.30553641332867,
        "15,15": 0.0,
        "15,16": 53.5910668306721,
        "15,17": 11.33202274527507,
        "15,18": 34.25492927045445,
        "15,19": 51.84416319329865,
        "15,20": 63.420159931253664,
        "15,21": 75.27923414022618,
        "15,22": 92.32711332378169,
        "15,23": 59.162283422826704,
        "15,24": 56.4445959812296,
        "15,25": 66.12305171796723,
        "15,26": 79.67370958986083,
        "15,27": 71.09530732796667,
        "15,28": 19.84483773428415,
        "15,29": 61.6561618601148,
        "15,30": 34.98704946960539,
        "15,31": 64.23698997094866,
        "15,32": 77.77969331356098,
        "15,33": 72.35080379395025,
        "15,34": 7.248698258069341,
        "15,35": 83.6563207323992,
        "15,36": 76.00102158682631,
        "15,37": 67.4873852517161,
        "15,38": 56.86467861815744,
        "15,39": 66.87515033956437,
        "15,40": 4.390746429413873,
        "15,41": 18.313268107794226,
        "15,42": 72.3349387753696,
        "15,43": 58.418550584203594,
        "15,44": 68.81585768922672,
        "15,45": 60.50849082510493,
        "15,46": 37.984401702027746,
        "15,47": 53.56074434329478,
        "15,48": 81.26483651763769,
        "15,49": 94.18488469841132,
        "15,50": 43.86633064093789,
        "16,0": 21.812528833880982,
        "16,1": 48.747848859749375,
        "16,2": 29.0992812644397,
        "16,3": 41.36718597166973,
        "16,4": 69.30643302176783,
        "16,5": 37.14480679291146,
        "16,6": 65.02590570831765,
        "16,7": 46.22387121652472,
        "16,8": 28.721161019195993,
        "16,9": 15.741371361165545,
        "16,10": 64.7232645961507,
        "16,11": 60.16147536688681,
        "16,12": 22.92123731837486,
        "16,13": 20.864537324254346,
        "16,14": 77.60348941321668,
        "16,15": 53.5910668306721,
        "16,16": 0.0,
        "16,17": 64.22991226789232,
        "16,18": 22.3649370614145,
        "16,19": 15.470874915436944,
        "16,20": 51.29219153370347,
        "16,21": 22.07339233701215,
        "16,22": 39.792855513626364,
        "16,23": 7.60007866873133,
        "16,24": 39.60863471643769,
        "16,25": 55.92768225768178,
        "16,26": 35.734320592173816,
        "16,27": 66.14107903388916,
        "16,28": 42.97198710337513,
        "16,29": 8.588094361962424,
        "16,30": 31.84019707576841,
        "16,31": 33.98050968222738,
        "16,32": 45.69728117656174,
        "16,33": 46.37658066163384,
        "16,34": 59.42203129865432,
        "16,35": 31.25785430463907,
        "16,36": 31.343277321666292,
        "16,37": 43.53367959114281,
        "16,38": 46.983805302663264,
        "16,39": 28.023695020187503,
        "16,40": 56.969558169394425,
        "16,41": 44.61736201707433,
        "16,42": 19.725656455068034,
        "16,43": 31.440674793184225,
        "16,44": 51.691005848542844,
        "16,45": 32.18675159720943,
        "16,46": 35.32137187150574,
        "16,47": 24.325337610850276,
        "16,48": 32.28876495840959,
        "16,49": 59.09797028970679,
        "16,50": 35.549809026760194,
        "17,0": 60.84254583417549,
        "17,1": 40.32955673470561,
        "17,2": 77.69366824204468,
        "17,3": 32.7748175445051,
        "17,4": 124.85165200481326,
        "17,5": 90.3850566631324,
        "17,6": 78.48744489111847,
        "17,7": 93.90606907114771,
        "17,8": 62.813558959899545,
        "17,9": 69.44476191489568,
        "17,10": 11.6289013867735,
        "17,11": 82.43766631953268,
        "17,12": 57.28143248209444,
        "17,13": 43.3687052038641,
        "17,14": 91.59864671836792,
        "17,15": 11.33202274527507,
        "17,16": 64.22991226789232,
        "17,17": 0.0,
        "17,18": 43.819366928727405,
        "17,19": 63.13540183863624,
        "17,20": 67.55526155063698,
        "17,21": 86.10451297753444,
        "17,22": 102.3368204028894,
        "17,23": 70.08363589436986,
        "17,24": 62.213688594393915,
        "17,25": 69.62222750878297,
        "17,26": 88.21689037861772,
        "17,27": 73.08555231577984,
        "17,28": 30.437563883129695,
        "17,29": 72.45408603875913,
        "17,30": 42.26170664777467,
        "17,31": 75.4286781875106,
        "17,32": 84.47524273586382,
        "17,33": 78.31932201044482,
        "17,34": 4.845839255417627,
        "17,35": 93.689105852678,
        "17,36": 87.32464438327541,
        "17,37": 73.45057064641526,
        "17,38": 61.25525808647575,
        "17,39": 75.20002220134899,
        "17,40": 7.322753976006868,
        "17,41": 28.719742527016404,
        "17,42": 82.52892656454232,
        "17,43": 65.6686842534694,
        "17,44": 73.44423940187734,
        "17,45": 71.69801157960951,
