{
    "num_robots": 4,
    "num_tasks": 40,
    "num_nodes": 41,
    "robot_capacity": [
        130,
        95,
        103,
        118
    ],
    "robot_speed": [
        0.96,
        0.88,
        0.95,
        0.88
    ],
    "task_demand": {
        "0": 0,
        "1": 5,
        "2": 9,
        "3": 10,
        "4": 8,
        "5": 11,
        "6": 8,
        "7": 6,
        "8": 10,
        "9": 9,
        "10": 12,
        "11": 14,
        "12": 8,
        "13": 5,
        "14": 5,
        "15": 9,
        "16": 12,
        "17": 8,
        "18": 6,
        "19": 5,
        "20": 14,
        "21": 12,
        "22": 7,
        "23": 6,
        "24": 9,
        "25": 14,
        "26": 5,
        "27": 6,
        "28": 5,
        "29": 10,
        "30": 15,
        "31": 5,
        "32": 7,
        "33": 15,
        "34": 10,
        "35": 14,
        "36": 14,
        "37": 6,
        "38": 13,
        "39": 11,
        "40": 15
    },
    "task_service_time": {
        "0": 0,
        "1": 56,
        "2": 52,
        "3": 68,
        "4": 59,
        "5": 63,
        "6": 14,
        "7": 12,
        "8": 88,
        "9": 76,
        "10": 32,
        "11": 92,
        "12": 22,
        "13": 10,
        "14": 56,
        "15": 65,
        "16": 99,
        "17": 98,
        "18": 70,
        "19": 31,
        "20": 38,
        "21": 89,
        "22": 63,
        "23": 55,
        "24": 61,
        "25": 63,
        "26": 80,
        "27": 91,
        "28": 60,
        "29": 23,
        "30": 79,
        "31": 52,
        "32": 65,
        "33": 91,
        "34": 99,
        "35": 89,
        "36": 78,
        "37": 47,
        "38": 15,
        "39": 79,
        "40": 25
    },
    "task_precedence": [],
    "coordinates": {
        "0": [
            0,
            100
        ],
        "1": [
            33.17569834484924,
            37.921335064024085
        ],
        "2": [
            84.91135585310768,
            19.76452501970172
        ],
        "3": [
            30.897714340798977,
            63.47226597144782
        ],
        "4": [
            16.717377666801138,
            92.99200068399564
        ],
        "5": [
            70.9399192727408,
            60.966877394471965
        ],
        "6": [
            97.81144936847868,
            38.88409502667454
        ],
        "7": [
            53.12809966214839,
            99.72926707097936
        ],
        "8": [
            39.01277153618338,
            48.54741546615769
        ],
        "9": [
            38.58588417995011,
            94.72966151719939
        ],
        "10": [
            97.78648839954064,
            4.774568254977163
        ],
        "11": [
            42.298498931956,
            37.17551441912848
        ],
        "12": [
            74.40191065066473,
            85.55412370412728
        ],
        "13": [
            45.97468529716453,
            99.99545028351108
        ],
        "14": [
            97.34828783574285,
            27.363705984910137
        ],
        "15": [
            23.16853959112536,
            34.06534559606244
        ],
        "16": [
            81.91742618277534,
            52.90264711148157
        ],
        "17": [
            43.24202548060392,
            59.133875755020036
        ],
        "18": [
            30.26867558964238,
            1.6934350775516638
        ],
        "19": [
            79.85476195699535,
            26.539427158719064
        ],
        "20": [
            89.68998915231407,
            68.5091083616477
        ],
        "21": [
            81.73596421106392,
            97.49811056930231
        ],
        "22": [
            84.86889912925758,
            62.6430097692049
        ],
        "23": [
            95.60125986396409,
            26.90394654660554
        ],
        "24": [
            46.99324335937948,
            6.720821417678103
        ],
        "25": [
            56.7520690801288,
            76.12889441097494
        ],
        "26": [
            60.85357872480619,
            28.802232100683877
        ],
        "27": [
            48.19906467371923,
            4.515884324865793
        ],
        "28": [
            12.955594766713174,
            37.35462180349239
        ],
        "29": [
            27.781572041427584,
            5.51249027979347
        ],
        "30": [
            11.115003985632498,
            61.217149475068
        ],
        "31": [
            12.532324038957432,
            18.77357461506576
        ],
        "32": [
            70.06010224250466,
            75.1135912055296
        ],
        "33": [
            25.01811325661103,
            74.54553526961521
        ],
        "34": [
            71.78088911391029,
            10.088729262844232
        ],
        "35": [
            50.96686362386723,
            12.4423139583691
        ],
        "36": [
            0.6846941419958896,
            35.5452664391193
        ],
        "37": [
            18.749290417157706,
            1.6943558734328068
        ],
        "38": [
            26.169807887827556,
            75.46840429978703
        ],
        "39": [
            85.75529833224329,
            7.251624203415807
        ],
        "40": [
            34.15064298233518,
            64.2136279958117
        ]
    },
    "distance_matrix_str_keys": {
        "0,0": 0.0,
        "0,1": 70.38741081259914,
        "0,2": 116.82324168643478,
        "0,3": 47.84291070520547,
        "0,4": 18.12685219412292,
        "0,5": 80.96948071193962,
        "0,6": 115.3353088532346,
        "0,7": 53.12878946512924,
        "0,8": 64.5706186910628,
        "0,9": 38.94415136669194,
        "0,10": 136.49205165334536,
        "0,11": 75.73690646176286,
        "0,12": 75.79134284616651,
        "0,13": 45.974685522287544,
        "0,14": 121.46077701380482,
        "0,15": 69.88676468511206,
        "0,16": 94.49140363819389,
        "0,17": 59.497166978532164,
        "0,18": 102.86094219285842,
        "0,19": 108.5045564452366,
        "0,20": 95.05772146606851,
        "0,21": 81.77424592275834,
        "0,22": 92.72688260971475,
        "0,23": 120.34381545405103,
        "0,24": 104.44792998631692,
        "0,25": 61.56806824091605,
        "0,26": 93.66045161892545,
        "0,27": 106.95964744558472,
        "0,28": 63.971015664461326,
        "0,29": 98.48708158037354,
        "0,30": 40.344179362577755,
        "0,31": 82.18753753843535,
        "0,32": 74.34884847067707,
        "0,33": 35.69083587744926,
        "0,34": 115.0501310192805,
        "0,35": 101.31125096759337,
        "0,36": 64.45837016611733,
        "0,37": 100.0776476456466,
        "0,38": 35.87001578595288,
        "0,39": 126.31798132077813,
        "0,40": 49.46646174256929,
        "1,0": 70.38741081259914,
        "1,1": 0.0,
        "1,2": 54.82926234044576,
        "1,3": 25.652276338731625,
        "1,4": 57.47742627647991,
        "1,5": 44.24063068713044,
        "1,6": 64.64292085862378,
        "1,7": 64.94858564513139,
        "1,8": 12.12373738389279,
        "1,9": 57.06536659989895,
        "1,10": 72.61723171110798,
        "1,11": 9.15323653067416,
        "1,12": 62.99589776102026,
        "1,13": 63.37988519465528,
        "1,14": 65.03525792782636,
        "1,15": 10.72435923956595,
        "1,16": 50.99211452067619,
        "1,17": 23.479838682818713,
        "1,18": 36.3443464479572,
        "1,19": 48.04667321752493,
        "1,20": 64.26100637849925,
        "1,21": 76.86020817434581,
        "1,22": 57.30050791717236,
        "1,23": 63.39032718578237,
        "1,24": 34.12325602905431,
        "1,25": 44.8961340016946,
        "1,26": 29.141432723584582,
        "1,27": 36.628208732311165,
        "1,28": 20.22804371732999,
        "1,29": 32.854677274714135,
        "1,30": 32.08378413910333,
        "1,31": 28.156449224713093,
        "1,32": 52.38056097237536,
        "1,33": 37.521703521709505,
        "1,34": 47.59217057457526,
        "1,35": 31.075811791291112,
        "1,36": 32.57776935611293,
        "1,37": 38.993784978784696,
        "1,38": 38.19509012021,
        "1,39": 60.8707277688355,
        "1,40": 26.31036268577634,
        "2,0": 116.82324168643478,
        "2,1": 54.82926234044576,
        "2,2": 0.0,
        "2,3": 69.48266034432721,
        "2,4": 100.06338917425899,
        "2,5": 43.50672225454302,
        "2,6": 23.064482867752563,
        "2,7": 86.04960979241872,
        "2,8": 54.176884598050634,
        "2,9": 88.12389582757325,
        "2,10": 19.760259155601396,
        "2,11": 46.03257680001735,
        "2,12": 66.62371750000835,
        "2,13": 89.17996233834714,
        "2,14": 14.574801147277435,
        "2,15": 63.377352651543994,
        "2,16": 33.273093493701545,
        "2,17": 57.32607496605165,
        "2,18": 57.553338722202525,
        "2,19": 8.453900923447252,
        "2,20": 48.978257843539126,
        "2,21": 77.79841537253465,
        "2,22": 42.878505769053774,
        "2,23": 12.854780725478813,
        "2,24": 40.098895979122304,
        "2,25": 63.00704380018761,
        "2,26": 25.69935387585963,
        "2,27": 39.75315543048639,
        "2,28": 74.07457767942662,
        "2,29": 58.880664845064864,
        "2,30": 84.6417250721288,
        "2,31": 72.38581510944131,
        "2,32": 57.30688319433892,
        "2,33": 81.16747866432668,
        "2,34": 16.310431641056905,
        "2,35": 34.72525489507121,
        "2,36": 85.69225369159447,
        "2,37": 68.58534767518273,
        "2,38": 80.95363873358394,
        "2,39": 12.54132870736981,
        "2,40": 67.47127334302976,
        "3,0": 47.84291070520547,
        "3,1": 25.652276338731625,
        "3,2": 69.48266034432721,
        "3,3": 0.0,
        "3,4": 32.74899518591569,
        "3,5": 40.12050781998237,
        "3,6": 71.28833064228621,
        "3,7": 42.529521044412185,
        "3,8": 16.988387677752684,
        "3,9": 32.189015700689005,
        "3,10": 88.99172889822714,
        "3,11": 28.661769510942147,
        "3,12": 48.78753465275359,
        "3,13": 39.512758009433284,
        "3,14": 75.62742109915112,
        "3,15": 30.40570848171849,
        "3,16": 52.10305019174269,
        "3,17": 13.084481158468177,
        "3,18": 61.78203328126288,
        "3,19": 61.325582704622725,
        "3,20": 59.00763813928182,
        "3,21": 61.174224559603836,
        "3,22": 53.9775550883782,
        "3,23": 74.32220925689437,
        "3,24": 58.98976617454561,
        "3,25": 28.786071327003846,
        "3,26": 45.81882865801953,
        "3,27": 61.44258832601271,
        "3,28": 31.686763667101268,
        "3,29": 58.043483191972705,
        "3,30": 19.91083070614221,
        "3,31": 48.32453383026141,
        "3,32": 40.85600420218958,
        "3,33": 12.537424051970195,
        "3,34": 67.24013660788913,
        "3,35": 54.834539802967214,
        "3,36": 41.14296893044983,
        "3,37": 62.96105446946489,
        "3,38": 12.894201573602679,
        "3,39": 78.5500800902695,
        "3,40": 3.3363396706713595,
        "4,0": 18.12685219412292,
        "4,1": 57.47742627647991,
        "4,2": 100.06338917425899,
        "4,3": 32.74899518591569,
        "4,4": 0.0,
        "4,5": 62.97374484590422,
        "4,6": 97.48801936534755,
        "4,7": 37.02879196775996,
        "4,8": 49.72329175523828,
        "4,9": 21.937434724390396,
        "4,10": 119.81033385883549,
        "4,11": 61.39929888963442,
        "4,12": 58.1620783632609,
        "4,13": 30.08385540569348,
        "4,14": 103.96353562563155,
        "4,15": 59.278732864545056,
        "4,16": 76.53889597026753,
        "4,17": 43.010807541272605,
        "4,18": 92.29878524221084,
        "4,19": 91.66391778197108,
        "4,20": 76.97021530100652,
        "4,21": 65.17454735180173,
        "4,22": 74.6035597488063,
        "4,23": 102.90917242968426,
        "4,24": 91.42945048197622,
        "4,25": 43.44123467093865,
        "4,26": 77.89949059276167,
        "4,27": 93.91016868686712,
        "4,28": 55.764405665980725,
        "4,29": 88.17642053133271,
        "4,30": 32.264961803990126,
        "4,31": 74.33632653028491,
        "4,32": 56.25907740657563,
        "4,33": 20.228057188367593,
        "4,34": 99.52357863951144,
        "4,35": 87.52873425292887,
        "4,36": 59.64205073945739,
        "4,37": 91.32025305144938,
        "4,38": 19.910421073398293,
        "4,39": 110.08018281616111,
        "4,40": 33.646893974657054,
        "5,0": 80.96948071193962,
        "5,1": 44.24063068713044,
        "5,2": 43.50672225454302,
        "5,3": 40.12050781998237,
        "5,4": 62.97374484590422,
        "5,5": 0.0,
        "5,6": 34.78115016484722,
        "5,7": 42.65892370036651,
        "5,8": 34.25763852312081,
        "5,9": 46.76226233303331,
        "5,10": 62.27611002871482,
        "5,11": 37.23385437155366,
        "5,12": 24.82978182329596,
        "5,13": 46.33025371407226,
        "5,14": 42.73844942133194,
        "5,15": 54.825150522236584,
        "5,16": 13.62121389660098,
        "5,17": 27.758480065211206,
        "5,18": 71.88526293217025,
        "5,19": 35.56295473973231,
        "5,20": 20.210155082312102,
        "5,21": 38.093117273125834,
        "5,22": 14.029465406097211,
        "5,23": 42.05312090324388,
        "5,24": 59.29652499377187,
        "5,25": 20.76491880785297,
        "5,26": 33.70902953993357,
        "5,27": 60.85935496239312,
        "5,28": 62.60767127528432,
        "5,29": 70.26970887945404,
        "5,30": 59.82543878003746,
        "5,31": 72.05360490931818,
        "5,32": 14.174046340359638,
        "5,33": 47.88728659543409,
        "5,34": 50.88509789297463,
        "5,35": 52.47433857246198,
        "5,36": 74.71315119667324,
        "5,37": 78.97527174884092,
        "5,38": 47.06014402871197,
        "5,39": 55.72094652871588,
        "5,40": 36.932265560605686,
        "6,0": 115.3353088532346,
        "6,1": 64.64292085862378,
        "6,2": 23.064482867752563,
        "6,3": 71.28833064228621,
        "6,4": 97.48801936534755,
        "6,5": 34.78115016484722,
        "6,6": 0.0,
        "6,7": 75.4899774942294,
        "6,8": 59.587450664902484,
        "6,9": 81.4026711389023,
        "6,10": 34.10953590477464,
        "6,11": 55.53923760604124,
        "6,12": 52.21204918153559,
        "6,13": 80.1351848485568,
        "6,14": 11.52969567156963,
        "6,15": 74.79829093037574,
        "6,16": 21.192918052550546,
        "6,17": 58.2054605943517,
        "6,18": 77.1049380856398,
        "6,19": 21.79067340776453,
        "6,20": 30.718065224556096,
        "6,21": 60.77848337263503,
        "6,22": 27.055417875863398,
        "6,23": 12.182318960295119,
        "6,24": 60.141219070038915,
        "6,25": 55.43507726016189,
        "6,26": 38.30833019818135,
        "6,27": 60.35364630198181,
        "6,28": 84.86963737719397,
        "6,29": 77.57478792638676,
        "6,30": 89.52674998577652,
        "6,31": 87.6182757659264,
        "6,32": 45.636757780105064,
        "6,33": 81.05928757703316,
        "6,34": 38.81704724266756,
        "6,35": 53.79203472307447,
        "6,36": 97.18412605545299,
        "6,37": 87.37220196567156,
        "6,38": 80.44213124372635,
        "6,39": 33.85208986448007,
        "6,40": 68.51484153209913,
        "7,0": 53.12878946512924,
        "7,1": 64.94858564513139,
        "7,2": 86.04960979241872,
        "7,3": 42.529521044412185,
        "7,4": 37.02879196775996,
        "7,5": 42.65892370036651,
        "7,6": 75.4899774942294,
        "7,7": 0.0,
        "7,8": 53.09260232651669,
        "7,9": 15.377648936819787,
        "7,10": 104.93219959506105,
        "7,11": 63.48426752199575,
        "7,12": 25.563836242745914,
        "7,13": 7.158365077291822,
        "7,14": 84.80683624219051,
        "7,15": 72.17565949205655,
        "7,16": 54.96869707699566,
        "7,17": 41.781817323075664,
        "7,18": 100.66567251834286,
        "7,19": 77.91705297176661,
        "7,20": 48.07775028978524,
        "7,21": 28.694737729836,
        "7,22": 48.81463747140461,
        "7,23": 84.30597041139426,
        "7,24": 93.21055425593563,
        "7,25": 23.87699193854916,
        "7,26": 71.34652981347503,
        "7,27": 95.3408812623162,
        "7,28": 74.19182247268631,
        "7,29": 97.56663103412,
        "7,30": 56.993713776568235,
        "7,31": 90.56401680283915,
        "7,32": 29.876817261784716,
        "7,33": 37.74111396292556,
        "7,34": 91.56064969659981,
        "7,35": 87.31370525236107,
        "7,36": 82.88484010759612,
        "7,37": 103.88814339766735,
        "7,38": 36.26760204083033,
        "7,39": 98.06451204894904,
        "7,40": 40.26790882268115,
        "8,0": 64.5706186910628,
        "8,1": 12.12373738389279,
        "8,2": 54.176884598050634,
        "8,3": 16.988387677752684,
        "8,4": 49.72329175523828,
        "8,5": 34.25763852312081,
        "8,6": 59.587450664902484,
        "8,7": 53.09260232651669,
        "8,8": 0.0,
        "8,9": 46.184218983694734,
        "8,10": 73.28309455056767,
        "8,11": 11.837066272635067,
        "8,12": 51.20437112077758,
        "8,13": 51.91693875589108,
        "8,14": 62.06272640902965,
        "8,15": 21.465554585221355,
        "8,16": 43.125136904452326,
        "8,17": 11.399988174294576,
        "8,18": 47.66292785990169,
        "8,19": 46.39417776913448,
        "8,20": 54.46695850299081,
        "8,21": 64.97262303013473,
        "8,22": 47.97364085191366,
        "8,23": 60.586275327791796,
        "8,24": 42.581121406289135,
        "8,25": 32.79360697050608,
        "8,26": 29.44304883647041,
        "8,27": 44.97959221975335,
        "8,28": 28.359391586746323,
        "8,29": 44.476337842576115,
        "8,30": 30.639967267624623,
        "8,31": 39.84589939604187,
        "8,32": 40.861943632221816,
        "8,33": 29.52545839909913,
        "8,34": 50.52543987015519,
        "8,35": 38.03260012842329,
        "8,36": 40.4734159178113,
        "8,37": 51.04721207138093,
        "8,38": 29.827526800815797,
        "8,39": 62.37151743621705,
        "8,40": 16.403368833822963,
        "9,0": 38.94415136669194,
        "9,1": 57.06536659989895,
        "9,2": 88.12389582757325,
        "9,3": 32.189015700689005,
        "9,4": 21.937434724390396,
        "9,5": 46.76226233303331,
        "9,6": 81.4026711389023,
        "9,7": 15.377648936819787,
        "9,8": 46.184218983694734,
        "9,9": 0.0,
        "9,10": 107.68765177019925,
        "9,11": 57.67376662299069,
        "9,12": 36.9726689097507,
        "9,13": 9.073197522437352,
        "9,14": 89.39346759235093,
        "9,15": 62.5927610858482,
        "9,16": 60.22558979735054,
        "9,17": 35.89901970581682,
        "9,18": 93.40725554722232,
        "9,19": 79.70588645038187,
        "9,20": 57.43820116272363,
        "9,21": 43.238798744248385,
        "9,22": 56.31758777855188,
        "9,23": 88.60632412904562,
        "9,24": 88.40949962552124,
        "9,25": 25.99997713013382,
        "9,26": 69.5864654211769,
        "9,27": 90.72452168247453,
        "9,28": 62.839533078753384,
        "9,29": 89.86899801595229,
        "9,30": 43.33287114910058,
        "9,31": 80.30015649738672,
        "9,32": 37.08660967413451,
        "9,33": 24.320430921482906,
        "9,34": 90.91752177359423,
        "9,35": 83.21355791130692,
        "9,36": 70.2801026397329,
        "9,37": 95.12653966343524,
        "9,38": 22.91626016799268,
        "9,39": 99.3849115497029,
        "9,40": 30.83666107670345,
        "10,0": 136.49205165334536,
        "10,1": 72.61723171110798,
        "10,2": 19.760259155601396,
        "10,3": 88.99172889822714,
        "10,4": 119.81033385883549,
        "10,5": 62.27611002871482,
        "10,6": 34.10953590477464,
        "10,7": 104.93219959506105,
        "10,8": 73.28309455056767,
        "10,9": 107.68765177019925,
        "10,10": 0.0,
        "10,11": 64.25525883137517,
        "10,12": 84.09622497505782,
        "10,13": 108.4042402999595,
        "10,14": 22.59338759717086,
        "10,15": 80.16101247876252,
        "10,16": 50.67681037770111,
        "10,17": 77.00670585734389,
        "10,18": 67.5880790397944,
        "10,19": 28.20028184806087,
        "10,20": 64.24675013313231,
        "10,21": 94.10246875635794,
        "10,22": 59.29266932632843,
        "10,23": 22.237009855794266,
        "10,24": 50.830518815797866,
        "10,25": 82.31198837385614,
        "10,26": 44.06096284608832,
        "10,27": 49.588098462633695,
        "10,28": 90.87211015360108,
        "10,29": 70.00880546917735,
        "10,30": 103.42974033273444,
        "10,31": 86.39586054835694,
        "10,32": 75.60641929735476,
        "10,33": 100.81281793055805,
        "10,34": 26.54301228990999,
        "10,35": 47.44335136040388,
        "10,36": 101.86066127202453,
        "10,37": 79.09719573551148,
        "10,38": 100.63084707110063,
        "10,39": 12.283539416924175,
        "10,40": 87.07768166893838,
        "11,0": 75.73690646176286,
        "11,1": 9.15323653067416,
        "11,2": 46.03257680001735,
        "11,3": 28.661769510942147,
        "11,4": 61.39929888963442,
        "11,5": 37.23385437155366,
        "11,6": 55.53923760604124,
        "11,7": 63.48426752199575,
        "11,8": 11.837066272635067,
        "11,9": 57.67376662299069,
        "11,10": 64.25525883137517,
        "11,11": 0.0,
        "11,12": 58.061337224796134,
        "11,13": 62.9274080842115,
        "11,14": 55.917357261420115,
        "11,15": 19.381137595347838,
        "11,16": 42.626307595528345,
        "11,17": 21.978623134891333,
        "11,18": 37.46591256127663,
        "11,19": 39.03330942434911,
        "11,20": 56.813268297651845,
        "11,21": 72.07030785238682,
        "11,22": 49.606776677834844,
        "11,23": 54.283417629462626,
        "11,24": 30.814427644391102,
        "11,25": 41.54842359003931,
        "11,26": 20.356886866694886,
        "11,27": 33.18837317445582,
        "11,28": 29.343450790691918,
        "11,29": 34.83228766522605,
        "11,30": 39.37525331004695,
        "11,31": 34.99509331767707,
        "11,32": 47.0106827074776,
        "11,33": 41.17195875173394,
        "11,34": 40.03629929131432,
        "11,35": 26.20823823655611,
        "11,36": 41.64572556185365,
        "11,37": 42.58494843742613,
        "11,38": 41.55093368637088,
        "11,39": 52.762985318865674,
        "11,40": 28.239106614080285,
        "12,0": 75.79134284616651,
        "12,1": 62.99589776102026,
        "12,2": 66.62371750000835,
        "12,3": 48.78753465275359,
        "12,4": 58.1620783632609,
        "12,5": 24.82978182329596,
        "12,6": 52.21204918153559,
        "12,7": 25.563836242745914,
        "12,8": 51.20437112077758,
        "12,9": 36.9726689097507,
        "12,10": 84.09622497505782,
        "12,11": 58.061337224796134,
        "12,12": 0.0,
        "12,13": 31.885091417010266,
        "12,14": 62.55126649602591,
        "12,15": 72.63575277496602,
        "12,16": 33.50525178824189,
        "12,17": 40.85300411846944,
        "12,18": 94.76474837129533,
        "12,19": 59.266077951181884,
        "12,20": 22.89667863027205,
        "12,21": 14.015961039553359,
        "12,22": 25.188826680692966,
        "12,23": 62.36389730987072,
        "12,24": 83.46211471123316,
        "12,25": 20.008794433786242,
        "12,26": 58.346675128427215,
        "12,27": 85.16915743966248,
        "12,28": 78.09508127391676,
        "12,29": 92.62893205297878,
        "12,30": 67.80502097820188,
        "12,31": 91.03563853865204,
        "12,32": 11.307343591995592,
        "12,33": 50.595933279043464,
        "12,34": 75.51089664462054,
        "12,35": 76.77589565383234,
        "12,36": 89.07925580480507,
        "12,37": 100.64628557216075,
        "12,38": 49.27532316310032,
        "12,39": 79.12130458926433,
        "12,40": 45.55854811102026,
        "13,0": 45.974685522287544,
        "13,1": 63.37988519465528,
        "13,2": 89.17996233834714,
        "13,3": 39.512758009433284,
        "13,4": 30.08385540569348,
        "13,5": 46.33025371407226,
        "13,6": 80.1351848485568,
        "13,7": 7.158365077291822,
        "13,8": 51.91693875589108,
        "13,9": 9.073197522437352,
        "13,10": 108.4042402999595,
        "13,11": 62.9274080842115,
        "13,12": 31.885091417010266,
        "13,13": 0.0,
        "13,14": 88.96413500759265,
        "13,15": 69.76316353250493,
        "13,16": 59.241984546178664,
        "13,17": 40.95284730785483,
        "13,18": 99.5488067958901,
        "13,19": 80.89281134801777,
        "13,20": 53.87408949363825,
        "13,21": 35.84837200216865,
        "13,22": 53.925547581747935,
        "13,23": 88.34684386980778,
        "13,24": 93.28019002223883,
        "13,25": 26.18710542274939,
        "13,26": 72.73139476772569,
        "13,27": 95.50547303302642,
        "13,28": 70.8105481698967,
        "13,29": 96.21860059780632,
        "13,30": 52.14359015959366,
        "13,31": 87.83726210228106,
        "13,32": 34.629672545483395,
        "13,33": 32.96780377740426,
        "13,34": 93.53704421307872,
        "13,35": 87.69534494381384,
        "13,36": 78.77188265117924,
        "13,37": 102.00160434322306,
        "13,38": 31.52473876000529,
        "13,39": 100.91538262039954,
        "13,40": 37.68483491925332,
        "14,0": 121.46077701380482,
        "14,1": 65.03525792782636,
        "14,2": 14.574801147277435,
        "14,3": 75.62742109915112,
        "14,4": 103.96353562563155,
        "14,5": 42.73844942133194,
        "14,6": 11.52969567156963,
        "14,7": 84.80683624219051,
        "14,8": 62.06272640902965,
        "14,9": 89.39346759235093,
        "14,10": 22.59338759717086,
        "14,11": 55.917357261420115,
        "14,12": 62.55126649602591,
        "14,13": 88.96413500759265,
        "14,14": 0.0,
        "14,15": 74.4818570063381,
        "14,16": 29.838716547792483,
        "14,17": 62.74417354037528,
        "14,18": 71.82365339875413,
        "14,19": 17.5129347413195,
        "14,20": 41.85204505718028,
        "14,21": 71.85109153916116,
        "14,22": 37.42144329114134,
        "14,23": 1.8065119637820224,
        "14,24": 54.42204688793504,
        "14,25": 63.451529370719456,
        "14,26": 36.52304957800822,
        "14,27": 54.20026837608455,
        "14,28": 84.98202776080038,
        "14,29": 72.91778640495453,
        "14,30": 92.6403523293981,
        "14,31": 85.24985672556171,
        "14,32": 54.99724185405433,
        "14,33": 86.35843426845314,
        "14,34": 30.856388287501897,
        "14,35": 48.72252509806613,
        "14,36": 97.00921748604962,
        "14,37": 82.6844479352215,
        "14,38": 85.90947565700246,
        "14,39": 23.214074162321598,
        "14,40": 73.1564014097671,
        "15,0": 69.88676468511206,
        "15,1": 10.72435923956595,
        "15,2": 63.377352651543994,
        "15,3": 30.40570848171849,
        "15,4": 59.278732864545056,
        "15,5": 54.825150522236584,
        "15,6": 74.79829093037574,
        "15,7": 72.17565949205655,
        "15,8": 21.465554585221355,
        "15,9": 62.5927610858482,
        "15,10": 80.16101247876252,
        "15,11": 19.381137595347838,
        "15,12": 72.63575277496602,
        "15,13": 69.76316353250493,
        "15,14": 74.4818570063381,
        "15,15": 0.0,
        "15,16": 61.695020902349675,
        "15,17": 32.115043828175935,
        "15,18": 33.141401928945406,
        "15,19": 57.18362750331955,
        "15,20": 74.90978604410569,
        "15,21": 86.33573361454961,
        "15,22": 67.99718565299372,
        "15,23": 72.78588188975158,
        "15,24": 36.2676096839495,
        "15,25": 53.8256034972511,
        "15,26": 38.05078892969621,
        "15,27": 38.72593249139795,
        "15,28": 10.729565692760001,
        "15,29": 28.923098297024314,
        "15,30": 29.707039140191426,
        "15,31": 18.62705937627921,
        "15,32": 62.31995760190607,
        "15,33": 40.52242192602592,
        "15,34": 54.203677522062605,
        "15,35": 35.2179260637818,
        "15,36": 22.53249812786088,
        "15,37": 32.6712524841673,
        "15,38": 41.511695718349706,
        "15,39": 68.08875108739605,
        "15,40": 32.08622019730983,
        "16,0": 94.49140363819389,
        "16,1": 50.99211452067619,
        "16,2": 33.273093493701545,
        "16,3": 52.10305019174269,
        "16,4": 76.53889597026753,
        "16,5": 13.62121389660098,
        "16,6": 21.192918052550546,
        "16,7": 54.96869707699566,
        "16,8": 43.125136904452326,
        "16,9": 60.22558979735054,
        "16,10": 50.67681037770111,
        "16,11": 42.626307595528345,
        "16,12": 33.50525178824189,
        "16,13": 59.241984546178664,
        "16,14": 29.838716547792483,
        "16,15": 61.695020902349675,
        "16,16": 0.0,
        "16,17": 39.174160231989354,
        "16,18": 72.7322269352977,
        "16,19": 26.44378849533568,
        "16,20": 17.43486070688211,
        "16,21": 44.59583264684048,
        "16,22": 10.177713753971846,
        "16,23": 29.379920613856683,
        "16,24": 57.900428066593996,
        "16,25": 34.24549257524187,
        "16,26": 32.00805638312449,
        "16,27": 58.976323349490194,
        "16,28": 70.69282342101813,
        "16,29": 71.94802059921645,
        "16,30": 71.28894681882004,
        "16,31": 77.32454971723827,
        "16,32": 25.177811036177143,
        "16,33": 60.87648494529765,
        "16,34": 43.997510671608936,
        "16,35": 50.940905778889885,
        "16,36": 83.06645182391247,
        "16,37": 81.31729500926801,
        "16,38": 60.14158580417344,
        "16,39": 45.81206342425984,
        "16,40": 49.087716038572566,
        "17,0": 59.497166978532164,
        "17,1": 23.479838682818713,
        "17,2": 57.32607496605165,
        "17,3": 13.084481158468177,
        "17,4": 43.010807541272605,
        "17,5": 27.758480065211206,
        "17,6": 58.2054605943517,
        "17,7": 41.781817323075664,
        "17,8": 11.399988174294576,
        "17,9": 35.89901970581682,
        "17,10": 77.00670585734389,
        "17,11": 21.978623134891333,
        "17,12": 40.85300411846944,
        "17,13": 40.95284730785483,
        "17,14": 62.74417354037528,
        "17,15": 32.115043828175935,
        "17,16": 39.174160231989354,
        "17,17": 0.0,
        "17,18": 58.8872824353024,
        "17,19": 49.01928754670543,
        "17,20": 47.38468439988685,
        "17,21": 54.347013090599525,
        "17,22": 41.77452131731118,
        "17,23": 61.48380080957142,
        "17,24": 52.54712076358897,
        "17,25": 21.71064110470527,
        "17,26": 35.073856566494115,
        "17,27": 54.84247647058331,
        "17,28": 37.30420603728803,
        "17,29": 55.80572193626544,
        "17,30": 32.19449548495827,
        "17,31": 50.71528044626056,
        "17,32": 31.21795232052311,
        "17,33": 23.866927446607146,
        "17,34": 56.74410217740203,
        "17,35": 47.32626192031322,
        "17,36": 48.65746540996837,
        "17,37": 62.443514596116565,
        "17,38": 23.627895300151266,
        "17,39": 67.07567662440593,
        "17,40": 10.414274749479928,
        "18,0": 102.86094219285842,
        "18,1": 36.3443464479572,
        "18,2": 57.553338722202525,
        "18,3": 61.78203328126288,
        "18,4": 92.29878524221084,
        "18,5": 71.88526293217025,
        "18,6": 77.1049380856398,
        "18,7": 100.66567251834286,
        "18,8": 47.66292785990169,
        "18,9": 93.40725554722232,
        "18,10": 67.5880790397944,
        "18,11": 37.46591256127663,
        "18,12": 94.76474837129533,
        "18,13": 99.5488067958901,
        "18,14": 71.82365339875413,
        "18,15": 33.141401928945406,
        "18,16": 72.7322269352977,
        "18,17": 58.8872824353024,
        "18,18": 0.0,
        "18,19": 55.462629614254865,
        "18,20": 89.41603157108023,
        "18,21": 108.75393162603527,
        "18,22": 81.82930444326999,
        "18,23": 70.02796910158573,
        "18,24": 17.46384208865331,
        "18,25": 79.00637782451267,
        "18,26": 40.869587419360315,
        "18,27": 18.15117275715391,
        "18,28": 39.64168268733923,
        "18,29": 4.557506631625766,
        "18,30": 62.52947874076153,
        "18,31": 24.623349344685757,
        "18,32": 83.50974171272938,
        "18,33": 73.04106315770268,
        "18,34": 42.35262490261989,
        "18,35": 23.32280825918294,
        "18,36": 44.95729579085809,
        "18,37": 11.519385209286337,
        "18,38": 73.88874609965143,
        "18,39": 55.76431448281768,
        "18,40": 62.64059541043957,
        "19,0": 108.5045564452366,
        "19,1": 48.04667321752493,
        "19,2": 8.453900923447252,
        "19,3": 61.325582704622725,
        "19,4": 91.66391778197108,
        "19,5": 35.56295473973231,
        "19,6": 21.79067340776453,
        "19,7": 77.91705297176661,
        "19,8": 46.39417776913448,
        "19,9": 79.70588645038187,
        "19,10": 28.20028184806087,
        "19,11": 39.03330942434911,
        "19,12": 59.266077951181884,
        "19,13": 80.89281134801777,
        "19,14": 17.5129347413195,
        "19,15": 57.18362750331955,
        "19,16": 26.44378849533568,
        "19,17": 49.01928754670543,
        "19,18": 55.462629614254865,
        "19,19": 0.0,
        "19,20": 43.10667969420747,
        "19,21": 70.98361552699393,
        "19,22": 36.45010629469326,
        "19,23": 15.750716514442004,
        "19,24": 38.375207335730124,
        "19,25": 54.706943622591254,
        "19,26": 19.13544487145796,
        "19,27": 38.56318982455918,
        "19,28": 67.76774310804264,
        "19,29": 56.15825124140806,
        "19,30": 76.99154986757539,
        "19,31": 67.76886536572556,
        "19,32": 49.55183923699633,
        "19,33": 72.88102947025659,
        "19,34": 18.325198060257,
        "19,35": 32.144039427063724,
        "19,36": 79.6806424357636,
        "19,37": 65.96329448471221,
        "19,38": 72.63689900787207,
        "19,39": 20.17016788126041,
        "19,40": 59.23016039116798,
        "20,0": 95.05772146606851,
        "20,1": 64.26100637849925,
        "20,2": 48.978257843539126,
        "20,3": 59.00763813928182,
        "20,4": 76.97021530100652,
        "20,5": 20.210155082312102,
        "20,6": 30.718065224556096,
        "20,7": 48.07775028978524,
        "20,8": 54.46695850299081,
        "20,9": 57.43820116272363,
        "20,10": 64.24675013313231,
        "20,11": 56.813268297651845,
        "20,12": 22.89667863027205,
        "20,13": 53.87408949363825,
        "20,14": 41.85204505718028,
        "20,15": 74.90978604410569,
        "20,16": 17.43486070688211,
        "20,17": 47.38468439988685,
        "20,18": 89.41603157108023,
        "20,19": 43.10667969420747,
        "20,20": 0.0,
        "20,21": 30.060418522725747,
        "20,22": 7.593024542741464,
        "20,23": 42.023000976634854,
        "20,24": 75.10528945937698,
        "20,25": 33.80780557976497,
        "20,26": 49.073155479826006,
        "20,27": 76.26683116997994,
        "20,28": 82.8176872076685,
        "20,29": 88.32454924270209,
        "20,30": 78.9126159644185,
        "20,31": 91.79830392116341,
        "20,32": 20.71114805429765,
        "20,33": 64.95298285440361,
        "20,34": 61.10381786953633,
        "20,35": 68.13931233400704,
        "20,36": 94.91342062199219,
        "20,37": 97.45149504801675,
        "20,38": 63.90027564751052,
        "20,39": 61.383720620744235,
        "20,40": 55.70520733793234,
        "21,0": 81.77424592275834,
        "21,1": 76.86020817434581,
        "21,2": 77.79841537253465,
        "21,3": 61.174224559603836,
        "21,4": 65.17454735180173,
        "21,5": 38.093117273125834,
        "21,6": 60.77848337263503,
        "21,7": 28.694737729836,
        "21,8": 64.97262303013473,
        "21,9": 43.238798744248385,
        "21,10": 94.10246875635794,
        "21,11": 72.07030785238682,
        "21,12": 14.015961039553359,
        "21,13": 35.84837200216865,
        "21,14": 71.85109153916116,
        "21,15": 86.33573361454961,
        "21,16": 44.59583264684048,
        "21,17": 54.347013090599525,
        "21,18": 108.75393162603527,
        "21,19": 70.98361552699393,
        "21,20": 30.060418522725747,
        "21,21": 0.0,
        "21,22": 34.99561876844855,
        "21,23": 71.94291082244135,
        "21,24": 97.19862590538851,
        "21,25": 32.87610705565492,
        "21,26": 71.79970572482773,
        "21,27": 98.84542492169038,
        "21,28": 91.36727237815782,
        "21,29": 106.64159964310653,
        "21,30": 79.39539130883675,
        "21,31": 104.8174430821525,
        "21,32": 25.246632643898554,
        "21,33": 61.18607137069137,
        "21,34": 87.9744477707462,
        "21,35": 90.45013039274994,
        "21,36": 102.0169754287381,
        "21,37": 114.65461390387344,
        "21,38": 59.7737876235015,
        "21,39": 90.3359471537539,
        "21,40": 58.07081518823635,
        "22,0": 92.72688260971475,
        "22,1": 57.30050791717236,
        "22,2": 42.878505769053774,
        "22,3": 53.9775550883782,
        "22,4": 74.6035597488063,
        "22,5": 14.029465406097211,
        "22,6": 27.055417875863398,
        "22,7": 48.81463747140461,
        "22,8": 47.97364085191366,
        "22,9": 56.31758777855188,
        "22,10": 59.29266932632843,
        "22,11": 49.606776677834844,
        "22,12": 25.188826680692966,
        "22,13": 53.925547581747935,
        "22,14": 37.42144329114134,
        "22,15": 67.99718565299372,
        "22,16": 10.177713753971846,
        "22,17": 41.77452131731118,
        "22,18": 81.82930444326999,
        "22,19": 36.45010629469326,
        "22,20": 7.593024542741464,
        "22,21": 34.99561876844855,
        "22,22": 0.0,
        "22,23": 37.31573672016706,
        "22,24": 67.54151649187291,
        "22,25": 31.183733204713004,
        "22,26": 41.49619075696866,
        "22,27": 68.72728331178618,
        "22,28": 76.23008533541295,
        "22,29": 80.7642196220759,
        "22,30": 73.76767670487692,
        "22,31": 84.59968934066987,
        "22,32": 19.36016184315383,
        "22,33": 61.02283738782806,
        "22,34": 54.159471985083755,
        "22,35": 60.57605031116519,
        "22,36": 88.43793339354157,
        "22,37": 89.92519706927425,
        "22,38": 60.08389182996398,
        "22,39": 55.39847740186514,
        "22,40": 50.74256938901086,
        "23,0": 120.34381545405103,
        "23,1": 63.39032718578237,
        "23,2": 12.854780725478813,
        "23,3": 74.32220925689437,
        "23,4": 102.90917242968426,
        "23,5": 42.05312090324388,
