{
    "num_robots": 3,
    "num_tasks": 30,
    "num_nodes": 31,
    "robot_capacity": [
        150,
        150,
        106
    ],
    "robot_speed": [
        0.89,
        0.87,
        0.98
    ],
    "task_demand": {
        "0": 0,
        "1": 10,
        "2": 8,
        "3": 13,
        "4": 12,
        "5": 5,
        "6": 5,
        "7": 13,
        "8": 15,
        "9": 11,
        "10": 8,
        "11": 6,
        "12": 9,
        "13": 9,
        "14": 9,
        "15": 15,
        "16": 11,
        "17": 8,
        "18": 15,
        "19": 13,
        "20": 7,
        "21": 13,
        "22": 15,
        "23": 13,
        "24": 15,
        "25": 14,
        "26": 15,
        "27": 12,
        "28": 12,
        "29": 11,
        "30": 9
    },
    "task_service_time": {
        "0": 0,
        "1": 22,
        "2": 60,
        "3": 31,
        "4": 50,
        "5": 36,
        "6": 19,
        "7": 50,
        "8": 42,
        "9": 83,
        "10": 63,
        "11": 31,
        "12": 51,
        "13": 95,
        "14": 27,
        "15": 93,
        "16": 63,
        "17": 91,
        "18": 72,
        "19": 41,
        "20": 69,
        "21": 41,
        "22": 20,
        "23": 70,
        "24": 78,
        "25": 29,
        "26": 72,
        "27": 34,
        "28": 44,
        "29": 58,
        "30": 91
    },
    "task_precedence": [],
    "coordinates": {
        "0": [
            100,
            0
        ],
        "1": [
            14.124007493064184,
            61.71161639410288
        ],
        "2": [
            94.73992409134829,
            19.40528299514799
        ],
        "3": [
            57.5684607711061,
            24.118952296421003
        ],
        "4": [
            21.378028311882456,
            40.725145037444676
        ],
        "5": [
            70.69128260654298,
            55.83689692672527
        ],
        "6": [
            97.75159972920349,
            47.21083426771443
        ],
        "7": [
            28.093565369698926,
            42.48826363551651
        ],
        "8": [
            92.05476589650054,
            28.716101462735942
        ],
        "9": [
            74.40986485604904,
            95.86617349585791
        ],
        "10": [
            42.988250078870195,
            74.57099686107517
        ],
        "11": [
            61.44239529308941,
            19.548725239831853
        ],
        "12": [
            40.93739487734014,
            50.41074699619349
        ],
        "13": [
            95.85053418524653,
            45.07953692436918
        ],
        "14": [
            54.83283067751261,
            75.286237365104
        ],
        "15": [
            46.18507909115448,
            74.67607442408237
        ],
        "16": [
            22.569558303329305,
            83.22790138470289
        ],
        "17": [
            50.92285928556678,
            53.32112597213102
        ],
        "18": [
            30.449516453170144,
            98.34457149709506
        ],
        "19": [
            62.15932285540894,
            39.76930124890752
        ],
        "20": [
            91.8119077653286,
            81.6725983183318
        ],
        "21": [
            18.1095428267674,
            29.367657701973414
        ],
        "22": [
            92.66930773935358,
            41.94457357407446
        ],
        "23": [
            20.88832040867057,
            17.074684705632627
        ],
        "24": [
            38.54346801430039,
            70.2934805735391
        ],
        "25": [
            59.02207688368032,
            40.91760658234812
        ],
        "26": [
            65.38938806511739,
            35.61089491046096
        ],
        "27": [
            65.35860737679006,
            59.0883343895926
        ],
        "28": [
            5.656402557538676,
            78.2054130017962
        ],
        "29": [
            1.6371281113753966,
            97.25964075738833
        ],
        "30": [
            83.28486678636186,
            92.94017942256156
        ]
    },
    "distance_matrix_str_keys": {
        "0,0": 0.0,
        "0,1": 105.74975029296384,
        "0,2": 20.105556612204445,
        "0,3": 48.80737015257218,
        "0,4": 88.54350270035663,
        "0,5": 63.06155701895785,
        "0,6": 47.26434360097807,
        "0,7": 83.5211822713431,
        "0,8": 29.794986628249326,
        "0,9": 99.22287154393187,
        "0,10": 93.86784967135408,
        "0,11": 43.23009992166121,
        "0,12": 77.65072270487556,
        "0,13": 45.270108414530796,
        "0,14": 87.7957329327629,
        "0,15": 92.04651978112149,
        "0,16": 113.67654494328788,
        "0,17": 72.46867058005235,
        "0,18": 120.45299707581,
        "0,19": 54.895484045479854,
        "0,20": 82.08202099431433,
        "0,21": 86.99716256833507,
        "0,22": 42.58035111798923,
        "0,23": 80.93332259062355,
        "0,24": 93.3706524281149,
        "0,25": 57.90890010486147,
        "0,26": 49.65914110041506,
        "0,27": 68.49421394403834,
        "0,28": 122.54305774366294,
        "0,29": 138.32820495630747,
        "0,30": 94.43131170034441,
        "1,0": 105.74975029296384,
        "1,1": 0.0,
        "1,2": 91.04258264485375,
        "1,3": 57.45110020346962,
        "1,4": 22.204792231491027,
        "1,5": 56.87151257514067,
        "1,6": 84.87547858769913,
        "1,7": 23.763119293344005,
        "1,8": 84.62805156046561,
        "1,9": 69.28865974174417,
        "1,10": 31.599179831865982,
        "1,11": 63.37775015319242,
        "1,12": 29.097549590435516,
        "1,13": 83.40174598085781,
        "1,14": 42.91245296611496,
        "1,15": 34.58308089267022,
        "1,16": 23.114451070390768,
        "1,17": 37.74328844665993,
        "1,18": 40.10605493419093,
        "1,19": 52.809627113727885,
        "1,20": 80.21128753543789,
        "1,21": 32.58858934925497,
        "1,22": 80.9944453195933,
        "1,23": 45.14655689841031,
        "1,24": 25.883555492677274,
        "1,25": 49.47956627796908,
        "1,26": 57.52727098658598,
        "1,27": 51.30171375032876,
        "1,28": 18.5403791730399,
        "1,29": 37.677369770534405,
        "1,30": 75.8844358680338,
        "2,0": 20.105556612204445,
        "2,1": 91.04258264485375,
        "2,2": 0.0,
        "2,3": 37.469138816496354,
        "2,4": 76.39701741468555,
        "2,5": 43.653174580140146,
        "2,6": 27.968176052774194,
        "2,7": 70.53056873511227,
        "2,8": 9.690274251420075,
        "2,9": 79.11750175954957,
        "2,10": 75.64054302707743,
        "2,11": 33.297837763861466,
        "2,12": 62.09710901277392,
        "2,13": 25.698263941418272,
        "2,14": 68.66773016517811,
        "2,15": 73.56924193012738,
        "2,16": 96.34255713896746,
        "2,17": 55.40956210829883,
        "2,18": 101.80701244745741,
        "2,19": 38.421202692455424,
        "2,20": 62.33611984365275,
        "2,21": 77.27524987053891,
        "2,22": 22.63420137487584,
        "2,23": 73.88836887420366,
        "2,24": 75.81325958166516,
        "2,25": 41.69585921012687,
        "2,26": 33.52724000833966,
        "2,27": 49.37617178209861,
        "2,28": 106.73953858652122,
        "2,29": 121.36486988358439,
        "2,30": 74.42176650987912,
        "3,0": 48.80737015257218,
        "3,1": 57.45110020346962,
        "3,2": 37.469138816496354,
        "3,3": 0.0,
        "3,4": 39.81850121410468,
        "3,5": 34.325449224965226,
        "3,6": 46.345654267707886,
        "3,7": 34.73040538197786,
        "3,8": 34.79136418220988,
        "3,9": 73.69733130441877,
        "3,10": 52.51658161556063,
        "3,11": 5.991188866109428,
        "3,12": 31.110300887290855,
        "3,13": 43.64473911974975,
        "3,14": 51.24036234560451,
        "3,15": 51.82281328047259,
        "3,16": 68.69345701207688,
        "3,17": 29.948805760679903,
        "3,18": 79.02455116381734,
        "3,19": 16.3097957378897,
        "3,20": 66.9704101261261,
        "3,21": 39.80647075253382,
        "3,22": 39.36778164721324,
        "3,23": 37.35042707786089,
        "3,24": 49.94033851518118,
        "3,25": 16.86142893176118,
        "3,26": 13.900778711374342,
        "3,27": 35.82658326042661,
        "3,28": 74.96803998773683,
        "3,29": 92.07537282920845,
        "3,30": 73.46900599225027,
        "4,0": 88.54350270035663,
        "4,1": 22.204792231491027,
        "4,2": 76.39701741468555,
        "4,3": 39.81850121410468,
        "4,4": 0.0,
        "4,5": 51.576759245740035,
        "4,6": 76.64846101408868,
        "4,7": 6.943127909362831,
        "4,8": 71.68973680509798,
        "4,9": 76.50430515140138,
        "4,10": 40.156486032589335,
        "4,11": 45.316600237104666,
        "4,12": 21.82612438673579,
        "4,13": 74.5996974508822,
        "4,14": 48.10086178234612,
        "4,15": 42.04825055316618,
        "4,16": 42.51945485110217,
        "4,17": 32.117841972501175,
        "4,18": 58.32915396811943,
        "4,19": 40.79249467725587,
        "4,20": 81.47162269804754,
        "4,21": 11.818439657662001,
        "4,22": 71.30170775207081,
        "4,23": 23.655529749660722,
        "4,24": 34.18974680445016,
        "4,25": 37.64454056463093,
        "4,26": 44.30750886351004,
        "4,27": 47.66023560650354,
        "4,28": 40.644064794742675,
        "4,29": 59.881986832725474,
        "4,30": 80.98682896461757,
        "5,0": 63.06155701895785,
        "5,1": 56.87151257514067,
        "5,2": 43.653174580140146,
        "5,3": 34.325449224965226,
        "5,4": 51.576759245740035,
        "5,5": 0.0,
        "5,6": 28.401931620510155,
        "5,7": 44.640245569813885,
        "5,8": 34.52442562708089,
        "5,9": 40.20162728789039,
        "5,10": 33.44285441734162,
        "5,11": 37.44827527289361,
        "5,12": 30.24461833236812,
        "5,13": 27.362542539405716,
        "5,14": 25.095165691290454,
        "5,15": 30.910655436508723,
        "5,16": 55.37117910187082,
        "5,17": 19.927861503264616,
        "5,18": 58.53462343368416,
        "5,19": 18.19236015641728,
        "5,20": 33.37011048070095,
        "5,21": 58.8681576355603,
        "5,22": 26.000581471825996,
        "5,23": 63.10977848127604,
        "5,24": 35.24875591839421,
        "5,25": 18.940844399928846,
        "5,26": 20.909357792393493,
        "5,27": 6.245740202806836,
        "5,28": 68.77416763864966,
        "5,29": 80.52527528362265,
        "5,30": 39.182291082324625,
        "6,0": 47.26434360097807,
        "6,1": 84.87547858769913,
        "6,2": 27.968176052774194,
        "6,3": 46.345654267707886,
        "6,4": 76.64846101408868,
        "6,5": 28.401931620510155,
        "6,6": 0.0,
        "6,7": 69.81793769659784,
        "6,8": 19.352236492069242,
        "6,9": 53.96460527321915,
        "6,10": 61.217668708141744,
        "6,11": 45.64592646287278,
        "6,12": 56.904246892647436,
        "6,13": 2.8559549310468655,
        "6,14": 51.28595320351656,
        "6,15": 58.424699122556895,
        "6,16": 83.36407185755452,
        "6,17": 47.2256984728713,
        "6,18": 84.52354403559681,
        "6,19": 36.36188370712997,
        "6,20": 34.96988879173257,
        "6,21": 81.6163964997664,
        "6,22": 7.318687967352473,
        "6,23": 82.559985576152,
        "6,24": 63.54849661202943,
        "6,25": 39.23749042104709,
        "6,26": 34.37835564542128,
        "6,27": 34.50189795777518,
        "6,28": 97.17092802372022,
        "6,29": 108.36454533386417,
        "6,30": 47.96310426078195,
        "7,0": 83.5211822713431,
        "7,1": 23.763119293344005,
        "7,2": 70.53056873511227,
        "7,3": 34.73040538197786,
        "7,4": 6.943127909362831,
        "7,5": 44.640245569813885,
        "7,6": 69.81793769659784,
        "7,7": 0.0,
        "7,8": 65.42711688392738,
        "7,9": 70.67107512390064,
        "7,10": 35.371646891373125,
        "7,11": 40.47674491688178,
        "7,12": 15.090715656374906,
        "7,13": 67.80650057574577,
        "7,14": 42.31660891385745,
        "7,15": 36.92367847457958,
        "7,16": 41.11244018547468,
        "7,17": 25.269103013386175,
        "7,18": 55.90597135758533,
        "7,19": 34.17409237324383,
        "7,20": 74.80266868355419,
        "7,21": 16.487298329353152,
        "7,22": 64.5780311055929,
        "7,23": 26.415252203487714,
        "7,24": 29.704049458822055,
        "7,25": 30.96836753929963,
        "7,26": 37.92461721769204,
        "7,27": 40.79516766518554,
        "7,28": 42.17986526664732,
        "7,29": 60.82636619287653,
        "7,30": 74.77616972437158,
        "8,0": 29.794986628249326,
        "8,1": 84.62805156046561,
        "8,2": 9.690274251420075,
        "8,3": 34.79136418220988,
        "8,4": 71.68973680509798,
        "8,5": 34.52442562708089,
        "8,6": 19.352236492069242,
        "8,7": 65.42711688392738,
        "8,8": 0.0,
        "8,9": 69.42963853269579,
        "8,10": 67.15798095888829,
        "8,11": 31.955563221023926,
        "8,12": 55.530561538065406,
        "8,13": 16.797912876571477,
        "8,14": 59.617531141532226,
        "8,15": 64.93340651951223,
        "8,16": 88.31608236894715,
        "8,17": 47.92954175201876,
        "8,18": 92.96951434906286,
        "8,19": 31.87335470477144,
        "8,20": 52.95705372552942,
        "8,21": 73.94809355463794,
        "8,22": 13.242738994523684,
        "8,23": 72.11231203813146,
        "8,24": 67.76531158904982,
        "8,25": 35.21413452864653,
        "8,26": 27.542341069292057,
        "8,27": 40.43707967537649,
        "8,28": 99.56841439061604,
        "8,29": 113.46173805155483,
        "8,30": 64.82008423468586,
        "9,0": 99.22287154393187,
        "9,1": 69.28865974174417,
        "9,2": 79.11750175954957,
        "9,3": 73.69733130441877,
        "9,4": 76.50430515140138,
        "9,5": 40.20162728789039,
        "9,6": 53.96460527321915,
        "9,7": 70.67107512390064,
        "9,8": 69.42963853269579,
        "9,9": 0.0,
        "9,10": 37.95790330236933,
        "9,11": 77.41129229755501,
        "9,12": 56.44999596759918,
        "9,13": 55.126987542658874,
        "9,14": 28.40412009504068,
        "9,15": 35.293892249876,
        "9,16": 53.35862915626259,
        "9,17": 48.59753594025158,
        "9,18": 44.03015657881576,
        "9,19": 57.41894160640825,
        "9,20": 22.456372675400903,
        "9,21": 87.13081466043069,
        "9,22": 56.929308730508374,
        "9,23": 95.25048254897666,
        "9,24": 44.04952946069926,
        "9,25": 57.062501036416535,
        "9,26": 60.92673960536156,
        "9,27": 37.875251963283084,
        "9,28": 70.98549879560822,
        "9,29": 72.78607672019787,
        "9,30": 9.344897034211861,
        "10,0": 93.86784967135408,
        "10,1": 31.599179831865982,
        "10,2": 75.64054302707743,
        "10,3": 52.51658161556063,
        "10,4": 40.156486032589335,
        "10,5": 33.44285441734162,
        "10,6": 61.217668708141744,
        "10,7": 35.371646891373125,
        "10,8": 67.15798095888829,
        "10,9": 37.95790330236933,
        "10,10": 0.0,
        "10,11": 58.034522914807944,
        "10,12": 24.24713757520995,
        "10,13": 60.53236564137885,
        "10,14": 11.866156013483884,
        "10,15": 3.1985554595832846,
        "10,16": 22.178028987169874,
        "10,17": 22.682923886919657,
        "10,18": 26.87754996108591,
        "10,19": 39.7327075453626,
        "10,20": 49.33743298087344,
        "10,21": 51.59740250893077,
        "10,22": 59.43644493714961,
        "10,23": 61.59734412216049,
        "10,24": 6.168730273861699,
        "10,25": 37.2777987448155,
        "10,26": 44.94107839250345,
        "10,27": 27.205619324736045,
        "10,28": 37.50834333904764,
        "10,29": 47.16661796042132,
        "10,30": 44.28593666219234,
        "11,0": 43.23009992166121,
        "11,1": 63.37775015319242,
        "11,2": 33.297837763861466,
        "11,3": 5.991188866109428,
        "11,4": 45.316600237104666,
        "11,5": 37.44827527289361,
        "11,6": 45.64592646287278,
        "11,7": 40.47674491688178,
        "11,8": 31.955563221023926,
        "11,9": 77.41129229755501,
        "11,10": 58.034522914807944,
        "11,11": 0.0,
        "11,12": 37.052927400409494,
        "11,13": 42.84556414955092,
        "11,14": 56.12803757768789,
        "11,15": 57.19974060927298,
        "11,16": 74.60653409803979,
        "11,17": 35.372810024601755,
        "11,18": 84.67197840008332,
        "11,19": 20.233281475539744,
        "11,20": 69.1497136225094,
        "11,21": 44.43138009970124,
        "11,22": 38.427777499317415,
        "11,23": 40.62947041613897,
        "11,24": 55.67217495658921,
        "11,25": 21.505511643145446,
        "11,26": 16.540013496684896,
        "11,27": 39.733077011482095,
        "11,28": 80.9486504192349,
        "11,29": 98.05945325797508,
        "11,30": 76.57283531377254,
        "12,0": 77.65072270487556,
        "12,1": 29.097549590435516,
        "12,2": 62.09710901277392,
        "12,3": 31.110300887290855,
        "12,4": 21.82612438673579,
        "12,5": 30.24461833236812,
        "12,6": 56.904246892647436,
        "12,7": 15.090715656374906,
        "12,8": 55.530561538065406,
        "12,9": 56.44999596759918,
        "12,10": 24.24713757520995,
        "12,11": 37.052927400409494,
        "12,12": 0.0,
        "12,13": 55.17132107788842,
        "12,14": 28.49338795528665,
        "12,15": 24.82628254069813,
        "12,16": 37.60775242644569,
        "12,17": 10.400952131008978,
        "12,18": 49.067780927237806,
        "12,19": 23.740484297898597,
        "12,20": 59.71197040525111,
        "12,21": 31.047100287907043,
        "12,22": 52.420100159922875,
        "12,23": 38.900622566874326,
        "12,24": 20.026332173747893,
        "12,25": 20.424873027449365,
        "12,26": 28.58208516911715,
        "12,27": 25.917101360170825,
        "12,28": 44.91427253594226,
        "12,29": 61.1500598080142,
        "12,30": 60.01717253915242,
        "13,0": 45.270108414530796,
        "13,1": 83.40174598085781,
        "13,2": 25.698263941418272,
        "13,3": 43.64473911974975,
        "13,4": 74.5996974508822,
        "13,5": 27.362542539405716,
        "13,6": 2.8559549310468655,
        "13,7": 67.80650057574577,
        "13,8": 16.797912876571477,
        "13,9": 55.126987542658874,
        "13,10": 60.53236564137885,
        "13,11": 42.84556414955092,
        "13,12": 55.17132107788842,
        "13,13": 0.0,
        "13,14": 50.94012909842943,
        "13,15": 57.81533068032391,
        "13,16": 82.6159738622295,
        "13,17": 45.67734407694368,
        "13,18": 84.34724078726614,
        "13,19": 34.107130102087496,
        "13,20": 36.81525017627853,
        "13,21": 79.31282926549953,
        "13,22": 4.4663404379581,
        "13,23": 80.02252959059935,
        "13,24": 62.60864786484944,
        "13,25": 37.06287807746615,
        "13,26": 31.898849580187164,
        "13,27": 33.55598317608823,
        "13,28": 96.08488458635595,
        "13,29": 107.69832459265464,
        "13,30": 49.48269492983553,
        "14,0": 87.7957329327629,
        "14,1": 42.91245296611496,
        "14,2": 68.66773016517811,
        "14,3": 51.24036234560451,
        "14,4": 48.10086178234612,
        "14,5": 25.095165691290454,
        "14,6": 51.28595320351656,
        "14,7": 42.31660891385745,
        "14,8": 59.617531141532226,
        "14,9": 28.40412009504068,
        "14,10": 11.866156013483884,
        "14,11": 56.12803757768789,
        "14,12": 28.49338795528665,
        "14,13": 50.94012909842943,
        "14,14": 0.0,
        "14,15": 8.669250620091438,
        "14,16": 33.226326485046926,
        "14,17": 22.310401045062953,
        "14,18": 33.55939191203508,
        "14,19": 36.26472444007755,
        "14,20": 37.52649395415924,
        "14,21": 58.797243377967646,
        "14,22": 50.43079952573892,
        "14,23": 67.3855670037578,
        "14,24": 17.037340060976945,
        "14,25": 34.62300630588403,
        "14,26": 41.05573897484971,
        "14,27": 19.317454178207154,
        "14,28": 49.262994925570865,
        "14,29": 57.55530582096659,
        "14,30": 33.48402647393725,
        "15,0": 92.04651978112149,
        "15,1": 34.58308089267022,
        "15,2": 73.56924193012738,
        "15,3": 51.82281328047259,
        "15,4": 42.04825055316618,
        "15,5": 30.910655436508723,
        "15,6": 58.424699122556895,
        "15,7": 36.92367847457958,
        "15,8": 64.93340651951223,
        "15,9": 35.293892249876,
        "15,10": 3.1985554595832846,
        "15,11": 57.19974060927298,
        "15,12": 24.82628254069813,
        "15,13": 57.81533068032391,
        "15,14": 8.669250620091438,
        "15,15": 0.0,
        "15,16": 25.116260996505805,
        "15,17": 21.874194489307826,
        "15,18": 28.421922616690424,
        "15,19": 38.388270048843424,
        "15,20": 46.16014342985993,
        "15,21": 53.30186077799908,
        "15,22": 56.85186594046077,
        "15,23": 62.911414682365496,
        "15,24": 8.809162770020704,
        "15,25": 36.11679198581622,
        "15,26": 43.53037713595988,
        "15,27": 24.710358684221948,
        "15,28": 40.6820581136525,
        "15,29": 49.94534417568498,
        "15,30": 41.35180502015521,
        "16,0": 113.67654494328788,
        "16,1": 23.114451070390768,
        "16,2": 96.34255713896746,
        "16,3": 68.69345701207688,
        "16,4": 42.51945485110217,
        "16,5": 55.37117910187082,
        "16,6": 83.36407185755452,
        "16,7": 41.11244018547468,
        "16,8": 88.31608236894715,
        "16,9": 53.35862915626259,
        "16,10": 22.178028987169874,
        "16,11": 74.60653409803979,
        "16,12": 37.60775242644569,
        "16,13": 82.6159738622295,
        "16,14": 33.226326485046926,
        "16,15": 25.116260996505805,
        "16,16": 0.0,
        "16,17": 41.210737583393986,
        "16,18": 17.047212550154168,
        "16,19": 58.787748579547205,
        "16,20": 69.25981465933833,
        "16,21": 54.044588883755715,
        "16,22": 81.35286120422067,
        "16,23": 66.17457697519838,
        "16,24": 20.55395419802533,
        "16,25": 55.84753492422924,
        "16,26": 64.03840352785593,
        "16,27": 49.128621142084285,
        "16,28": 17.64313540269425,
        "16,29": 25.200324274976982,
        "16,30": 61.487210286973315,
        "17,0": 72.46867058005235,
        "17,1": 37.74328844665993,
        "17,2": 55.40956210829883,
        "17,3": 29.948805760679903,
        "17,4": 32.117841972501175,
        "17,5": 19.927861503264616,
        "17,6": 47.2256984728713,
        "17,7": 25.269103013386175,
        "17,8": 47.92954175201876,
        "17,9": 48.59753594025158,
        "17,10": 22.682923886919657,
        "17,11": 35.372810024601755,
        "17,12": 10.400952131008978,
        "17,13": 45.67734407694368,
        "17,14": 22.310401045062953,
        "17,15": 21.874194489307826,
        "17,16": 41.210737583393986,
        "17,17": 0.0,
        "17,18": 49.459765604703904,
        "17,19": 17.60426274756662,
        "17,20": 49.75661031237658,
        "17,21": 40.62612926670176,
        "17,22": 43.268832928222196,
        "17,23": 47.073113664102436,
        "17,24": 21.007383201223433,
        "17,25": 14.813663252359708,
        "17,26": 22.867722649781047,
        "17,27": 15.545144447180165,
        "17,28": 51.65539512660031,
        "17,29": 66.02784548134927,
        "17,30": 51.156318532411895,
        "18,0": 120.45299707581,
        "18,1": 40.10605493419093,
        "18,2": 101.80701244745741,
        "18,3": 79.02455116381734,
        "18,4": 58.32915396811943,
        "18,5": 58.53462343368416,
        "18,6": 84.52354403559681,
        "18,7": 55.90597135758533,
        "18,8": 92.96951434906286,
        "18,9": 44.03015657881576,
        "18,10": 26.87754996108591,
        "18,11": 84.67197840008332,
        "18,12": 49.067780927237806,
        "18,13": 84.34724078726614,
        "18,14": 33.55939191203508,
        "18,15": 28.421922616690424,
        "18,16": 17.047212550154168,
        "18,17": 49.459765604703904,
        "18,18": 0.0,
        "18,19": 66.60761297866534,
        "18,20": 63.58693071079827,
        "18,21": 70.0720314091147,
        "18,22": 83.97774820399125,
        "18,23": 81.83037925427496,
        "18,24": 29.195474886967094,
        "18,25": 64.14240024254418,
        "18,26": 71.80744255532124,
        "18,27": 52.532816229039305,
        "18,28": 31.941887883162487,
        "18,29": 28.83280764456265,
        "18,30": 53.11103179685349,
        "19,0": 54.895484045479854,
        "19,1": 52.809627113727885,
        "19,2": 38.421202692455424,
        "19,3": 16.3097957378897,
        "19,4": 40.79249467725587,
        "19,5": 18.19236015641728,
        "19,6": 36.36188370712997,
        "19,7": 34.17409237324383,
        "19,8": 31.87335470477144,
        "19,9": 57.41894160640825,
        "19,10": 39.7327075453626,
        "19,11": 20.233281475539744,
        "19,12": 23.740484297898597,
        "19,13": 34.107130102087496,
        "19,14": 36.26472444007755,
        "19,15": 38.388270048843424,
        "19,16": 58.787748579547205,
        "19,17": 17.60426274756662,
        "19,18": 66.60761297866534,
        "19,19": 0.0,
        "19,20": 51.33382994798281,
        "19,21": 45.26121197061765,
        "19,22": 30.58743185210501,
        "19,23": 47.09927030225597,
        "19,24": 38.59318752472483,
        "19,25": 3.3407959270113423,
        "19,26": 5.265516549646523,
        "19,27": 19.582146535547054,
        "19,28": 68.33677405956493,
        "19,29": 83.4749974150051,
        "19,30": 57.2139047097485,
        "20,0": 82.08202099431433,
        "20,1": 80.21128753543789,
        "20,2": 62.33611984365275,
        "20,3": 66.9704101261261,
        "20,4": 81.47162269804754,
        "20,5": 33.37011048070095,
        "20,6": 34.96988879173257,
        "20,7": 74.80266868355419,
        "20,8": 52.95705372552942,
        "20,9": 22.456372675400903,
        "20,10": 49.33743298087344,
        "20,11": 69.1497136225094,
        "20,12": 59.71197040525111,
        "20,13": 36.81525017627853,
        "20,14": 37.52649395415924,
        "20,15": 46.16014342985993,
        "20,16": 69.25981465933833,
        "20,17": 49.75661031237658,
        "20,18": 63.58693071079827,
        "20,19": 51.33382994798281,
        "20,20": 0.0,
        "20,21": 90.37613296892954,
        "20,22": 39.737275759616196,
        "20,23": 95.93250589164887,
        "20,24": 54.47027624456093,
        "20,25": 52.30814812863473,
        "20,26": 53.10207216430174,
        "20,27": 34.78255422836574,
        "20,28": 86.2252425431713,
        "20,29": 91.5120034620375,
        "20,30": 14.130421501051327,
        "21,0": 86.99716256833507,
        "21,1": 32.58858934925497,
        "21,2": 77.27524987053891,
        "21,3": 39.80647075253382,
        "21,4": 11.818439657662001,
        "21,5": 58.8681576355603,
        "21,6": 81.6163964997664,
        "21,7": 16.487298329353152,
        "21,8": 73.94809355463794,
        "21,9": 87.13081466043069,
        "21,10": 51.59740250893077,
        "21,11": 44.43138009970124,
        "21,12": 31.047100287907043,
        "21,13": 79.31282926549953,
        "21,14": 58.797243377967646,
        "21,15": 53.30186077799908,
        "21,16": 54.044588883755715,
        "21,17": 40.62612926670176,
        "21,18": 70.0720314091147,
        "21,19": 45.26121197061765,
        "21,20": 90.37613296892954,
        "21,21": 0.0,
        "21,22": 75.61307662484066,
        "21,23": 12.603126197037438,
        "21,24": 45.743505290745524,
        "21,25": 42.51160738077694,
        "21,26": 47.69026920246697,
        "21,27": 55.81928630520279,
        "21,28": 50.40046671699038,
        "21,29": 69.86173351522713,
        "21,30": 91.04552911127892,
        "22,0": 42.58035111798923,
        "22,1": 80.9944453195933,
        "22,2": 22.63420137487584,
        "22,3": 39.36778164721324,
        "22,4": 71.30170775207081,
        "22,5": 26.000581471825996,
        "22,6": 7.318687967352473,
        "22,7": 64.5780311055929,
        "22,8": 13.242738994523684,
        "22,9": 56.929308730508374,
        "22,10": 59.43644493714961,
        "22,11": 38.427777499317415,
        "22,12": 52.420100159922875,
        "22,13": 4.4663404379581,
        "22,14": 50.43079952573892,
        "22,15": 56.85186594046077,
        "22,16": 81.35286120422067,
        "22,17": 43.268832928222196,
        "22,18": 83.97774820399125,
        "22,19": 30.58743185210501,
        "22,20": 39.737275759616196,
        "22,21": 75.61307662484066,
        "22,22": 0.0,
        "22,23": 75.9672397451449,
        "22,24": 61.10046688861258,
        "22,25": 33.66289954025153,
        "22,26": 28.00552629119282,
        "22,27": 32.245664657336846,
        "22,28": 94.26608162102916,
        "22,29": 106.5204881011865,
        "22,30": 51.85190013735697,
        "23,0": 80.93332259062355,
        "23,1": 45.14655689841031,
        "23,2": 73.88836887420366,
        "23,3": 37.35042707786089,
        "23,4": 23.655529749660722,
        "23,5": 63.10977848127604,
        "23,6": 82.559985576152,
        "23,7": 26.415252203487714,
        "23,8": 72.11231203813146,
        "23,9": 95.25048254897666,
        "23,10": 61.59734412216049,
        "23,11": 40.62947041613897,
        "23,12": 38.900622566874326,
        "23,13": 80.02252959059935,
        "23,14": 67.3855670037578,
        "23,15": 62.911414682365496,
        "23,16": 66.17457697519838,
        "23,17": 47.073113664102436,
        "23,18": 81.83037925427496,
        "23,19": 47.09927030225597,
        "23,20": 95.93250589164887,
        "23,21": 12.603126197037438,
        "23,22": 75.9672397451449,
        "23,23": 0.0,
        "23,24": 56.07088790635008,
        "23,25": 44.974084832428844,
        "23,26": 48.20722053096652,
        "23,27": 61.17804494092149,
        "23,28": 62.99981955087652,
        "23,29": 82.4635409250017,
        "23,30": 98.22882615865748,
        "24,0": 93.3706524281149,
        "24,1": 25.883555492677274,
        "24,2": 75.81325958166516,
        "24,3": 49.94033851518118,
        "24,4": 34.18974680445016,
        "24,5": 35.24875591839421,
        "24,6": 63.54849661202943,
        "24,7": 29.704049458822055,
        "24,8": 67.76531158904982,
        "24,9": 44.04952946069926,
        "24,10": 6.168730273861699,
        "24,11": 55.67217495658921,
        "24,12": 20.026332173747893,
        "24,13": 62.60864786484944,
        "24,14": 17.037340060976945,
        "24,15": 8.809162770020704,
        "24,16": 20.55395419802533,
        "24,17": 21.007383201223433,
        "24,18": 29.195474886967094,
        "24,19": 38.59318752472483,
        "24,20": 54.47027624456093,
        "24,21": 45.743505290745524,
        "24,22": 61.10046688861258,
        "24,23": 56.07088790635008,
        "24,24": 0.0,
        "24,25": 35.80943163429681,
        "24,26": 43.85869550786494,
        "24,27": 29.062123116409676,
        "24,28": 33.8254009452458,
        "24,29": 45.708333158093275,
        "24,30": 50.146442873238165,
        "25,0": 57.90890010486147,
        "25,1": 49.47956627796908,
        "25,2": 41.69585921012687,
        "25,3": 16.86142893176118,
        "25,4": 37.64454056463093,
        "25,5": 18.940844399928846,
        "25,6": 39.23749042104709,
        "25,7": 30.96836753929963,
        "25,8": 35.21413452864653,
        "25,9": 57.062501036416535,
        "25,10": 37.2777987448155,
        "25,11": 21.505511643145446,
        "25,12": 20.424873027449365,
        "25,13": 37.06287807746615,
        "25,14": 34.62300630588403,
        "25,15": 36.11679198581622,
        "25,16": 55.84753492422924,
        "25,17": 14.813663252359708,
        "25,18": 64.14240024254418,
        "25,19": 3.3407959270113423,
        "25,20": 52.30814812863473,
        "25,21": 42.51160738077694,
        "25,22": 33.66289954025153,
        "25,23": 44.974084832428844,
        "25,24": 35.80943163429681,
        "25,25": 0.0,
        "25,26": 8.288777982899346,
        "25,27": 19.243881306406912,
        "25,28": 65.1020407042517,
        "25,29": 80.42050211594963,
        "25,30": 57.40236109061175,
        "26,0": 49.65914110041506,
        "26,1": 57.52727098658598,
        "26,2": 33.52724000833966,
        "26,3": 13.900778711374342,
        "26,4": 44.30750886351004,
        "26,5": 20.909357792393493,
        "26,6": 34.37835564542128,
        "26,7": 37.92461721769204,
        "26,8": 27.542341069292057,
        "26,9": 60.92673960536156,
        "26,10": 44.94107839250345,
        "26,11": 16.540013496684896,
        "26,12": 28.58208516911715,
        "26,13": 31.898849580187164,
        "26,14": 41.05573897484971,
        "26,15": 43.53037713595988,
        "26,16": 64.03840352785593,
        "26,17": 22.867722649781047,
        "26,18": 71.80744255532124,
        "26,19": 5.265516549646523,
        "26,20": 53.10207216430174,
        "26,21": 47.69026920246697,
        "26,22": 28.00552629119282,
        "26,23": 48.20722053096652,
        "26,24": 43.85869550786494,
        "26,25": 8.288777982899346,
        "26,26": 0.0,
        "26,27": 23.47745965702131,
        "26,28": 73.36431373005334,
        "26,29": 88.68437581506981,
        "26,30": 60.05743102507708,
        "27,0": 68.49421394403834,
        "27,1": 51.30171375032876,
        "27,2": 49.37617178209861,
        "27,3": 35.82658326042661,
        "27,4": 47.66023560650354,
        "27,5": 6.245740202806836,
        "27,6": 34.50189795777518,
        "27,7": 40.79516766518554,
        "27,8": 40.43707967537649,
        "27,9": 37.875251963283084,
        "27,10": 27.205619324736045,
        "27,11": 39.733077011482095,
        "27,12": 25.917101360170825,
        "27,13": 33.55598317608823,
        "27,14": 19.317454178207154,
        "27,15": 24.710358684221948,
        "27,16": 49.128621142084285,
        "27,17": 15.545144447180165,
        "27,18": 52.532816229039305,
        "27,19": 19.582146535547054,
        "27,20": 34.78255422836574,
        "27,21": 55.81928630520279,
        "27,22": 32.245664657336846,
        "27,23": 61.17804494092149,
        "27,24": 29.062123116409676,
        "27,25": 19.243881306406912,
        "27,26": 23.47745965702131,
        "27,27": 0.0,
        "27,28": 62.688244152672006,
        "27,29": 74.27971156107698,
        "27,30": 38.30532846165669,
        "28,0": 122.54305774366294,
        "28,1": 18.5403791730399,
        "28,2": 106.73953858652122,
        "28,3": 74.96803998773683,
        "28,4": 40.644064794742675,
        "28,5": 68.77416763864966,
        "28,6": 97.17092802372022,
        "28,7": 42.17986526664732,
        "28,8": 99.56841439061604,
        "28,9": 70.98549879560822,
        "28,10": 37.50834333904764,
        "28,11": 80.9486504192349,
        "28,12": 44.91427253594226,
        "28,13": 96.08488458635595,
        "28,14": 49.262994925570865,
        "28,15": 40.6820581136525,
        "28,16": 17.64313540269425,
        "28,17": 51.65539512660031,
        "28,18": 31.941887883162487,
        "28,19": 68.33677405956493,
        "28,20": 86.2252425431713,
        "28,21": 50.40046671699038,
        "28,22": 94.26608162102916,
        "28,23": 62.99981955087652,
        "28,24": 33.8254009452458,
        "28,25": 65.1020407042517,
        "28,26": 73.36431373005334,
        "28,27": 62.688244152672006,
        "28,28": 0.0,
        "28,29": 19.47352465363059,
        "28,30": 79.01450373191112,
        "29,0": 138.32820495630747,
        "29,1": 37.677369770534405,
        "29,2": 121.36486988358439,
        "29,3": 92.07537282920845,
        "29,4": 59.881986832725474,
        "29,5": 80.52527528362265,
        "29,6": 108.36454533386417,
        "29,7": 60.82636619287653,
        "29,8": 113.46173805155483,
        "29,9": 72.78607672019787,
        "29,10": 47.16661796042132,
        "29,11": 98.05945325797508,
        "29,12": 61.1500598080142,
        "29,13": 107.69832459265464,
        "29,14": 57.55530582096659,
        "29,15": 49.94534417568498,
        "29,16": 25.200324274976982,
        "29,17": 66.02784548134927,
        "29,18": 28.83280764456265,
        "29,19": 83.4749974150051,
        "29,20": 91.5120034620375,
        "29,21": 69.86173351522713,
        "29,22": 106.5204881011865,
        "29,23": 82.4635409250017,
        "29,24": 45.708333158093275,
        "29,25": 80.42050211594963,
        "29,26": 88.68437581506981,
        "29,27": 74.27971156107698,
        "29,28": 19.47352465363059,
        "29,29": 0.0,
        "29,30": 81.76191642177882,
        "30,0": 94.43131170034441,
        "30,1": 75.8844358680338,
        "30,2": 74.42176650987912,
        "30,3": 73.46900599225027,
        "30,4": 80.98682896461757,
        "30,5": 39.182291082324625,
        "30,6": 47.96310426078195,
        "30,7": 74.77616972437158,
        "30,8": 64.82008423468586,
        "30,9": 9.344897034211861,
        "30,10": 44.28593666219234,
        "30,11": 76.57283531377254,
        "30,12": 60.01717253915242,
        "30,13": 49.48269492983553,
        "30,14": 33.48402647393725,
        "30,15": 41.35180502015521,
        "30,16": 61.487210286973315,
        "30,17": 51.156318532411895,
        "30,18": 53.11103179685349,
        "30,19": 57.2139047097485,
        "30,20": 14.130421501051327,
        "30,21": 91.04552911127892,
        "30,22": 51.85190013735697,
        "30,23": 98.22882615865748,
        "30,24": 50.146442873238165,
        "30,25": 57.40236109061175,
        "30,26": 60.05743102507708,
        "30,27": 38.30532846165669,
        "30,28": 79.01450373191112,
        "30,29": 81.76191642177882,
        "30,30": 0.0
    }
}