{
    "num_robots": 5,
    "num_tasks": 60,
    "num_nodes": 61,
    "robot_capacity": [
        153,
        130,
        132,
        163,
        140
    ],
    "robot_speed": [
        0.85,
        1.13,
        0.87,
        1.11,
        1.11
    ],
    "task_demand": {
        "0": 0,
        "1": 12,
        "2": 13,
        "3": 13,
        "4": 9,
        "5": 11,
        "6": 8,
        "7": 11,
        "8": 11,
        "9": 11,
        "10": 10,
        "11": 8,
        "12": 13,
        "13": 13,
        "14": 9,
        "15": 8,
        "16": 5,
        "17": 10,
        "18": 14,
        "19": 7,
        "20": 13,
        "21": 11,
        "22": 13,
        "23": 9,
        "24": 10,
        "25": 14,
        "26": 9,
        "27": 6,
        "28": 6,
        "29": 10,
        "30": 14,
        "31": 9,
        "32": 10,
        "33": 5,
        "34": 6,
        "35": 10,
        "36": 12,
        "37": 11,
        "38": 5,
        "39": 12,
        "40": 11,
        "41": 5,
        "42": 7,
        "43": 5,
        "44": 13,
        "45": 7,
        "46": 14,
        "47": 11,
        "48": 11,
        "49": 11,
        "50": 15,
        "51": 6,
        "52": 5,
        "53": 14,
        "54": 6,
        "55": 7,
        "56": 14,
        "57": 13,
        "58": 5,
        "59": 11,
        "60": 11
    },
    "task_service_time": {
        "0": 0,
        "1": 14,
        "2": 27,
        "3": 55,
        "4": 60,
        "5": 90,
        "6": 77,
        "7": 39,
        "8": 45,
        "9": 67,
        "10": 50,
        "11": 48,
        "12": 40,
        "13": 72,
        "14": 36,
        "15": 51,
        "16": 77,
        "17": 46,
        "18": 69,
        "19": 28,
        "20": 31,
        "21": 40,
        "22": 39,
        "23": 90,
        "24": 28,
        "25": 48,
        "26": 66,
        "27": 86,
        "28": 40,
        "29": 35,
        "30": 69,
        "31": 92,
        "32": 43,
        "33": 36,
        "34": 88,
        "35": 50,
        "36": 62,
        "37": 47,
        "38": 55,
        "39": 59,
        "40": 31,
        "41": 13,
        "42": 35,
        "43": 82,
        "44": 90,
        "45": 22,
        "46": 77,
        "47": 64,
        "48": 47,
        "49": 40,
        "50": 94,
        "51": 80,
        "52": 20,
        "53": 63,
        "54": 66,
        "55": 80,
        "56": 35,
        "57": 23,
        "58": 22,
        "59": 19,
        "60": 65
    },
    "task_precedence": [],
    "coordinates": {
        "0": [
            0,
            0
        ],
        "1": [
            49.416487880369786,
            68.42572961891369
        ],
        "2": [
            72.71972122515653,
            82.05841595820084
        ],
        "3": [
            9.114678590091852,
            92.18909896863154
        ],
        "4": [
            9.980078457494434,
            47.65383337073482
        ],
        "5": [
            77.4153091035304,
            65.46384901399082
        ],
        "6": [
            29.552768417391185,
            78.1442332305391
        ],
        "7": [
            36.48178761873615,
            42.27978329657787
        ],
        "8": [
            82.02721038884923,
            67.93458145452345
        ],
        "9": [
            5.83522477254137,
            52.500855077127085
        ],
        "10": [
            60.12261608051187,
            46.26958022788583
        ],
        "11": [
            62.51856954061504,
            62.25614860958396
        ],
        "12": [
            4.107061067684548,
            15.494686690699789
        ],
        "13": [
            60.292062897034846,
            52.00450218156358
        ],
        "14": [
            59.56052953518096,
            77.94720345369535
        ],
        "15": [
            37.46340499169598,
            30.18398560920489
        ],
        "16": [
            95.1049950388379,
            61.65219197259072
        ],
        "17": [
            56.41447002021087,
            40.44486596470741
        ],
        "18": [
            47.09879360129398,
            64.79882048916595
        ],
        "19": [
            59.5502223645523,
            41.040002676284146
        ],
        "20": [
            69.72673894294998,
            10.607812705983955
        ],
        "21": [
            56.04571870946848,
            67.71082245840172
        ],
        "22": [
            16.746517661137794,
            26.08615838399149
        ],
        "23": [
            95.02549105037119,
            58.56181199735913
        ],
        "24": [
            59.803286664869034,
            97.57187738216275
        ],
        "25": [
            91.37770932118848,
            7.7861738690502165
        ],
        "26": [
            74.07874330913278,
            93.12369977801514
        ],
        "27": [
            28.65700203154473,
            18.019708262617428
        ],
        "28": [
            49.064341148015934,
            25.335492928882598
        ],
        "29": [
            30.7872213873448,
            12.376054966939599
        ],
        "30": [
            65.17970165974751,
            90.92354858608095
        ],
        "31": [
            90.9506962026013,
            65.05897905523993
        ],
        "32": [
            64.43212536540415,
            37.18044388606392
        ],
        "33": [
            93.07944078142154,
            53.072205846258605
        ],
        "34": [
            6.174298873806306,
            75.34728459403965
        ],
        "35": [
            80.75201047183825,
            34.96540264548135
        ],
        "36": [
            53.61930852647774,
            82.6118663711526
        ],
        "37": [
            88.8921206850983,
            6.785702845983632
        ],
        "38": [
            21.476449880063285,
            18.279155056138418
        ],
        "39": [
            4.244629692524226,
            11.95632348672283
        ],
        "40": [
            33.62416792211109,
            34.32683973264778
        ],
        "41": [
            81.22842125035953,
            32.808189251370756
        ],
        "42": [
            67.9014809645832,
            87.17517966371348
        ],
        "43": [
            35.21883864045194,
            16.203481864149182
        ],
        "44": [
            7.405142528240671,
            40.52027355004276
        ],
        "45": [
            20.549083347420417,
            93.52563509913932
        ],
        "46": [
            98.36190083384805,
            99.55372532360157
        ],
        "47": [
            5.68233075777359,
            35.08246363065827
        ],
        "48": [
            79.19358359998726,
            12.073228593372608
        ],
        "49": [
            24.29432410324178,
            19.420627964264682
        ],
        "50": [
            72.35579308535232,
            90.88286968091212
        ],
        "51": [
            94.31525378865037,
            13.269679828147908
        ],
        "52": [
            4.489756658412802,
            94.20546116097336
        ],
        "53": [
            16.042399314944756,
            29.545166921985388
        ],
        "54": [
            11.04355362242676,
            98.02113384241156
        ],
        "55": [
            76.2368943348833,
            9.386193064624571
        ],
        "56": [
            31.749451060363587,
            45.28590642367254
        ],
        "57": [
            84.36825062191741,
            52.345782784492656
        ],
        "58": [
            76.76399531863048,
            22.48656957675378
        ],
        "59": [
            78.05775830705338,
            2.448419768350496
        ],
        "60": [
            58.21938340816089,
            39.93220586891477
        ]
    },
    "distance_matrix_str_keys": {
        "0,0": 0.0,
        "0,1": 84.40420456536165,
        "0,2": 109.6437024394634,
        "0,3": 92.63858447994993,
        "0,4": 48.6876760684211,
        "0,5": 101.38365554329626,
        "0,6": 83.5457198683502,
        "0,7": 55.84353949620453,
        "0,8": 106.50619982694818,
        "0,9": 52.82413872440876,
        "0,10": 75.8656906567744,
        "0,11": 88.22924445501798,
        "0,12": 16.029761890204085,
        "0,13": 79.6216119877779,
        "0,14": 98.0980285467702,
        "0,15": 48.11007899420369,
        "0,16": 113.33998789642851,
        "0,17": 69.41454898336818,
        "0,18": 80.10732485537415,
        "0,19": 72.3222704520332,
        "0,20": 70.52902816588026,
        "0,21": 87.89697414390363,
        "0,22": 30.99892761063662,
        "0,23": 111.62136790856046,
        "0,24": 114.44083341098275,
        "0,25": 91.7088341671984,
        "0,26": 118.99446907569393,
        "0,27": 33.85164178154143,
        "0,28": 55.21953254273663,
        "0,29": 33.18161746054721,
        "0,30": 111.87262934220826,
        "0,31": 111.8244154710769,
        "0,32": 74.39008123848168,
        "0,33": 107.14682136941722,
        "0,34": 75.5998363905524,
        "0,35": 87.99696913760444,
        "0,36": 98.48731244268362,
        "0,37": 89.15074247031302,
        "0,38": 28.202223476478252,
        "0,39": 12.68741709513084,
        "0,40": 48.05118723283755,
        "0,41": 87.60384523969036,
        "0,42": 110.49942563916059,
        "0,43": 38.76750468761179,
        "0,44": 41.19136686775341,
        "0,45": 95.75651020748715,
        "0,46": 139.9500187976224,
        "0,47": 35.53966990895104,
        "0,48": 80.10859212391641,
        "0,49": 31.10265220459075,
        "0,50": 116.16822626883813,
        "0,51": 95.24416780023374,
        "0,52": 94.31238957530141,
        "0,53": 33.61956966155456,
        "0,54": 98.64128322544965,
        "0,55": 76.81252943416568,
        "0,56": 55.30678948599393,
        "0,57": 99.28787785185035,
        "0,58": 79.98972926950628,
        "0,59": 78.09614837675677,
        "0,60": 70.59800046732082,
        "1,0": 84.40420456536165,
        "1,1": 0.0,
        "1,2": 26.997978093682633,
        "1,3": 46.786040171412694,
        "1,4": 44.572436122717804,
        "1,5": 28.15504797730467,
        "1,6": 22.113721155723454,
        "1,7": 29.170481311572,
        "1,8": 32.61442087550278,
        "1,9": 46.399656499217855,
        "1,10": 24.607237489718788,
        "1,11": 14.481998262063737,
        "1,12": 69.67524283102645,
        "1,13": 19.696061598509722,
        "1,14": 13.912585851701905,
        "1,15": 40.06628477220724,
        "1,16": 46.18788259506541,
        "1,17": 28.84268511884455,
        "1,18": 4.304204526588888,
        "1,19": 29.200524220845345,
        "1,20": 61.281463872654726,
        "1,21": 6.6676677806879265,
        "1,22": 53.47865225005728,
        "1,23": 46.663455090745394,
        "1,24": 30.941614670647414,
        "1,25": 73.74211704545932,
        "1,26": 34.90295937042323,
        "1,27": 54.51351430314288,
        "1,28": 43.09167559197494,
        "1,29": 59.06450371128408,
        "1,30": 27.470543622829794,
        "1,31": 41.67043880633517,
        "1,32": 34.666082120848245,
        "1,33": 46.28373524551523,
        "1,34": 43.792634464634006,
        "1,35": 45.842212612933885,
        "1,36": 14.795613449146837,
        "1,37": 73.19712074871042,
        "1,38": 57.40491846382635,
        "1,39": 72.31383409186063,
        "1,40": 37.57834031912139,
        "1,41": 47.755714700653556,
        "1,42": 26.329391301468792,
        "1,43": 54.11780117946171,
        "1,44": 50.43478578032771,
        "1,45": 38.25352662938682,
        "1,46": 58.00522015971998,
        "1,47": 54.99499873613493,
        "1,48": 63.736016516008206,
        "1,49": 55.06925731319904,
        "1,50": 32.10194484842863,
        "1,51": 71.12024331094497,
        "1,52": 51.79773872159508,
        "1,53": 51.239905768869306,
        "1,54": 48.459983849735785,
        "1,55": 64.84597966667287,
        "1,56": 29.11315179616379,
        "1,57": 38.47324276609971,
        "1,58": 53.46300205249333,
        "1,59": 71.92584922523783,
        "1,60": 29.822338361787747,
        "2,0": 109.6437024394634,
        "2,1": 26.997978093682633,
        "2,2": 0.0,
        "2,3": 64.40677128117994,
        "2,4": 71.55374258298181,
        "2,5": 17.24610673715663,
        "2,6": 43.34404966236272,
        "2,7": 53.81010544954981,
        "2,8": 16.914847194684462,
        "2,9": 73.12445056859076,
        "2,10": 37.9411099067582,
        "2,11": 22.2753964686854,
        "2,12": 95.5951211510395,
        "2,13": 32.52206058683981,
        "2,14": 13.786456912155655,
        "2,15": 62.721322996143876,
        "2,16": 30.290501168920567,
        "2,17": 44.69394545033319,
        "2,18": 30.892160300987907,
        "2,19": 43.08069089981701,
        "2,20": 71.51326204311553,
        "2,21": 21.99717707181195,
        "2,22": 79.15739469672253,
        "2,23": 32.39811360539528,
        "2,24": 20.186673007282398,
        "2,25": 76.57993513147596,
        "2,26": 11.148428007471692,
        "2,27": 77.73338604522165,
        "2,28": 61.45784737186897,
        "2,29": 81.32629326339993,
        "2,30": 11.637975406257546,
        "2,31": 24.926879139715158,
        "2,32": 45.6367902293981,
        "2,33": 35.42200667753624,
        "2,34": 66.88297631016887,
        "2,35": 47.77310512636094,
        "2,36": 19.10842936034897,
        "2,37": 76.99043994916565,
        "2,38": 81.81483349222317,
        "2,39": 97.99561994947544,
        "2,40": 61.69899235033786,
        "2,41": 49.979823997219604,
        "2,42": 7.0282793076727685,
        "2,43": 75.78382768878653,
        "2,44": 77.40420831631853,
        "2,45": 53.416032905825006,
        "2,46": 31.042023530618515,
        "2,47": 81.85812004777485,
        "2,48": 70.28397644227569,
        "2,49": 79.17393239689717,
        "2,50": 8.831954890918226,
        "2,51": 72.09894066538685,
        "2,52": 69.3028049355674,
        "2,53": 77.26551716809611,
        "2,54": 63.70838259138993,
        "2,55": 72.75728476913784,
        "2,56": 55.05252487255328,
        "2,57": 31.914398117817395,
        "2,58": 59.70896946219949,
        "2,59": 79.78875944163872,
        "2,60": 44.551962619997575,
        "3,0": 92.63858447994993,
        "3,1": 46.786040171412694,
        "3,2": 64.40677128117994,
        "3,3": 0.0,
        "3,4": 44.54367293797968,
        "3,5": 73.34313269605599,
        "3,6": 24.798664669489753,
        "3,7": 56.92010582771615,
        "3,8": 76.84086746742895,
        "3,9": 39.82350462394021,
        "3,10": 68.632440495791,
        "3,11": 61.22056097303078,
        "3,12": 76.85771989792624,
        "3,13": 65.06862902689566,
        "3,14": 52.41770183280174,
        "3,15": 68.1783277244929,
        "3,16": 91.25150525794263,
        "3,17": 70.10517754415255,
        "3,18": 46.82969515560512,
        "3,19": 71.83295989550578,
        "3,20": 101.63330226105303,
        "3,21": 52.931168016564754,
        "3,22": 66.542044765267,
        "3,23": 92.25758574032594,
        "3,24": 50.97361368401836,
        "3,25": 117.86034104155172,
        "3,26": 64.9707871546331,
        "3,27": 76.70072309432116,
        "3,28": 77.88055071075163,
        "3,29": 82.7032109661697,
        "3,30": 56.07930482425575,
        "3,31": 86.21587548236093,
        "3,32": 78.0126403330409,
        "3,33": 92.62943709962667,
        "3,34": 17.096565277977724,
        "3,35": 91.68674244414832,
        "3,36": 45.52346065492899,
        "3,37": 116.86821782034677,
        "3,38": 74.93659452212543,
        "3,39": 80.38044313012382,
        "3,40": 62.83912882280079,
        "3,41": 93.41565350261587,
        "3,42": 59.000233221689314,
        "3,43": 80.34451554825517,
        "3,44": 51.69709889039593,
        "3,45": 11.51225177724023,
        "3,46": 89.55056895170868,
        "3,47": 57.209691585135104,
        "3,48": 106.44062012864843,
        "3,49": 74.3348640290562,
        "3,50": 63.25460297523603,
        "3,51": 116.13532077553562,
        "3,52": 5.045356217833521,
        "3,53": 63.02583229681603,
        "3,54": 6.142734705271854,
        "3,55": 106.59133676166257,
        "3,56": 52.07919350076831,
        "3,57": 85.15039605367917,
        "3,58": 97.13327265908278,
        "3,59": 113.1659743217327,
        "3,60": 71.70812305244726,
        "4,0": 48.6876760684211,
        "4,1": 44.572436122717804,
        "4,2": 71.55374258298181,
        "4,3": 44.54367293797968,
        "4,4": 0.0,
        "4,5": 69.74745149105516,
        "4,6": 36.23195655601551,
        "4,7": 27.04109839978009,
        "4,8": 74.84716402357634,
        "4,9": 6.377572539133268,
        "4,10": 50.16164108199816,
        "4,11": 54.52999775926888,
        "4,12": 32.69102397369984,
        "4,13": 50.49974353742873,
        "4,14": 58.10257653538331,
        "4,15": 32.56576144045428,
        "4,16": 86.26821817173946,
        "4,17": 46.99065791049149,
        "4,18": 40.88703458576695,
        "4,19": 50.00941834716021,
        "4,20": 70.29986547823148,
        "4,21": 50.24267133709235,
        "4,22": 22.604187749848386,
        "4,23": 85.74209118520223,
        "4,24": 70.52774768842583,
        "4,25": 90.63666247366162,
        "4,26": 78.58846980860855,
        "4,27": 35.0286860318007,
        "4,28": 45.00764279697513,
        "4,29": 40.95679242824691,
        "4,30": 70.13748396177235,
        "4,31": 82.82016683346552,
        "4,32": 55.450133451226385,
        "4,33": 83.27582349593926,
        "4,34": 27.95373318355137,
        "4,35": 71.90036603044841,
        "4,36": 55.91463558203662,
        "4,37": 88.86683577757924,
        "4,38": 31.54422739538374,
        "4,39": 36.15532581038003,
        "4,40": 27.141328744930835,
        "4,41": 72.77856483916416,
        "4,42": 70.12008044203691,
        "4,43": 40.3251735949225,
        "4,44": 7.584060307985039,
        "4,45": 47.07362380541075,
        "4,46": 102.49363546720627,
        "4,47": 13.28570556772083,
        "4,48": 77.82344589153537,
        "4,49": 31.654565483208447,
        "4,50": 75.89123372065177,
        "4,51": 91.07519867108172,
        "4,52": 46.874275283767105,
        "4,53": 19.09647964235138,
        "4,54": 50.37852653889944,
        "4,55": 76.5139068719409,
        "4,56": 21.897777548170815,
        "4,57": 74.53599497736042,
        "4,58": 71.36863959885295,
        "4,59": 81.71964214717094,
        "4,60": 48.853393673318706,
        "5,0": 101.38365554329626,
        "5,1": 28.15504797730467,
        "5,2": 17.24610673715663,
        "5,3": 73.34313269605599,
        "5,4": 69.74745149105516,
        "5,5": 0.0,
        "5,6": 49.51378540176078,
        "5,7": 47.04310878689285,
        "5,8": 5.232031370149239,
        "5,9": 72.74439967886647,
        "5,10": 25.835192784680327,
        "5,11": 15.238182027058208,
        "5,12": 88.71874893942376,
        "5,13": 21.77979746930246,
        "5,14": 21.78594252038776,
        "5,15": 53.29937526858609,
        "5,16": 18.09568229968328,
        "5,17": 32.66473258766727,
        "5,18": 30.32380871751061,
        "5,19": 30.26029732370651,
        "5,20": 55.392227167171534,
        "5,21": 21.487398243386085,
        "5,22": 72.32775936272648,
        "5,23": 18.914455402675255,
        "5,24": 36.621152631658724,
        "5,25": 59.343599738837526,
        "5,26": 27.86036639365033,
        "5,27": 68.0317499419365,
        "5,28": 49.13310845151007,
        "5,29": 70.65757171634493,
        "5,30": 28.247236888223984,
        "5,31": 13.54144097225971,
        "5,32": 31.120958622902155,
        "5,33": 19.97292771775628,
        "5,34": 71.92331914905365,
        "5,35": 30.680430357381173,
        "5,36": 29.33094172959014,
        "5,37": 59.7899827880292,
        "5,38": 73.181632361673,
        "5,39": 90.64768951009992,
        "5,40": 53.732461259069844,
        "5,41": 32.87752938978687,
        "5,42": 23.704320374965615,
        "5,43": 64.8623611293842,
        "5,44": 74.32096192074944,
        "5,45": 63.41318057023713,
        "5,46": 40.0109906390878,
        "5,47": 77.90153246351056,
        "5,48": 53.42022659146331,
        "5,49": 70.29806008728004,
        "5,50": 25.91766413092763,
        "5,51": 54.86200349386184,
        "5,52": 78.38505258168276,
        "5,53": 71.11108056515823,
        "5,54": 73.92690120005253,
        "5,55": 56.0900361752643,
        "5,56": 49.92514354508001,
        "5,57": 14.846786095300562,
        "5,58": 42.98221443193404,
        "5,59": 63.018704080545874,
        "5,60": 31.942892245218758,
        "6,0": 83.5457198683502,
        "6,1": 22.113721155723454,
        "6,2": 43.34404966236272,
        "6,3": 24.798664669489753,
        "6,4": 36.23195655601551,
        "6,5": 49.51378540176078,
        "6,6": 0.0,
        "6,7": 36.52766179429254,
        "6,8": 53.45843291383893,
        "6,9": 34.92999741861205,
        "6,10": 44.164568266722114,
        "6,11": 36.5947438386796,
        "6,12": 67.61989133512716,
        "6,13": 40.35083350339899,
        "6,14": 30.008407955693002,
        "6,15": 48.6082659936602,
        "6,16": 67.59498383669738,
        "6,17": 46.290315458451865,
        "6,18": 22.044569421781773,
        "6,19": 47.71342754755058,
        "6,20": 78.58190634655041,
        "6,21": 28.47336431682478,
        "6,22": 53.610103666760374,
        "6,23": 68.3384857187283,
        "6,24": 35.95173447169284,
        "6,25": 93.66205119936687,
        "6,26": 46.97815298739358,
        "6,27": 60.13119739400047,
        "6,28": 56.297997501423254,
        "6,29": 65.77976243684398,
        "6,30": 37.84956107026476,
        "6,31": 62.77682226068839,
        "6,32": 53.801501638573605,
        "6,33": 68.29527552331105,
        "6,34": 23.545185492485334,
        "6,35": 66.97591953562848,
        "6,36": 24.47770615685587,
        "6,37": 92.80731968004768,
        "6,38": 60.4074043966755,
        "6,39": 70.8614230874083,
        "6,40": 44.006138968058565,
        "6,41": 68.74394503805085,
        "6,42": 39.39773784757225,
        "6,43": 62.19936520259343,
        "6,44": 43.65867238665629,
        "6,45": 17.82284680634923,
        "6,46": 72.06291040187317,
        "6,47": 49.23529013964385,
        "6,48": 82.64132250730948,
        "6,49": 58.95857064137684,
        "6,50": 44.65838979789645,
        "6,51": 91.66726346205752,
        "6,52": 29.76772750923473,
        "6,53": 50.442039206871286,
        "6,54": 27.16030578363185,
        "6,55": 83.10881842583117,
        "6,56": 32.93167252328344,
        "6,57": 60.582977268634174,
        "6,58": 72.98407681760588,
        "6,59": 89.90322697155362,
        "6,60": 47.76959127012234,
        "7,0": 55.84353949620453,
        "7,1": 29.170481311572,
        "7,2": 53.81010544954981,
        "7,3": 56.92010582771615,
        "7,4": 27.04109839978009,
        "7,5": 47.04310878689285,
        "7,6": 36.52766179429254,
        "7,7": 0.0,
        "7,8": 52.27383861773749,
        "7,9": 32.30606943948622,
        "7,10": 23.97513816252535,
        "7,11": 32.817208655919416,
        "7,12": 42.01861872362759,
        "7,13": 25.71962997829401,
        "7,14": 42.48285759115337,
        "7,15": 12.135563207398084,
        "7,16": 61.741158606967616,
        "7,17": 20.016961540974663,
        "7,18": 24.896342143271447,
        "7,19": 23.10172585778893,
        "7,20": 45.91666919149072,
        "7,21": 32.08559104291429,
        "7,22": 25.528696952818066,
        "7,23": 60.76569484589393,
        "7,24": 60.009232507406296,
        "7,25": 64.83341199490121,
        "7,26": 63.23476038032417,
        "7,27": 25.490753424308767,
        "7,28": 21.105203846017737,
        "7,29": 30.441107939372262,
        "7,30": 56.478192002272365,
        "7,31": 59.04027237173713,
        "7,32": 28.41169904416902,
        "7,33": 57.61745159250354,
        "7,34": 44.855362177577895,
        "7,35": 44.870399995681545,
        "7,36": 43.82204408739599,
        "7,37": 63.29828401434173,
        "7,38": 28.305305449463354,
        "7,39": 44.25772888433637,
        "7,40": 8.450757460819506,
        "7,41": 45.73808385929532,
        "7,42": 54.79775310091901,
        "7,43": 26.106867612117533,
        "7,44": 29.12983289115794,
        "7,45": 53.665523312153525,
        "7,46": 84.31757140021253,
        "7,47": 31.629226252055656,
        "7,48": 52.31379801717469,
        "7,49": 25.90512013962353,
        "7,50": 60.408644036278986,
        "7,51": 64.70159126695127,
        "7,52": 60.98988495351716,
        "7,53": 24.08192368647495,
        "7,54": 61.271542411828555,
        "7,55": 51.59899987751606,
        "7,56": 5.6064057609990146,
        "7,57": 48.93299178106473,
        "7,58": 44.882374787170725,
        "7,59": 57.57689518542672,
        "7,60": 21.863993013246446,
        "8,0": 106.50619982694818,
        "8,1": 32.61442087550278,
        "8,2": 16.914847194684462,
        "8,3": 76.84086746742895,
        "8,4": 74.84716402357634,
        "8,5": 5.232031370149239,
        "8,6": 53.45843291383893,
        "8,7": 52.27383861773749,
        "8,8": 0.0,
        "8,9": 77.73942746153978,
        "8,10": 30.80882227484613,
        "8,11": 20.318259455964213,
        "8,12": 93.92279932515586,
        "8,13": 26.94780254740098,
        "8,14": 24.59683613554567,
        "8,15": 58.40411148328453,
        "8,16": 14.508510225180887,
        "8,17": 37.57255550135376,
        "8,18": 35.068893568475055,
        "8,19": 35.05044020127718,
        "8,20": 58.63156157684961,
        "8,21": 25.982455195267367,
        "8,22": 77.542629285446,
        "8,23": 16.02510865650677,
        "8,24": 37.044191118065385,
        "8,25": 60.870869595824665,
        "8,26": 26.413439965899947,
        "8,27": 73.07443948376309,
        "8,28": 53.86309582454076,
        "8,29": 75.57966881606357,
        "8,30": 28.501423826766793,
        "8,31": 9.37537669787192,
        "8,32": 35.43168066239584,
        "8,33": 18.52139318117417,
        "8,34": 76.21425295273532,
        "8,35": 32.993831032041975,
        "8,36": 31.975484058041076,
        "8,37": 61.53301835971875,
        "8,38": 78.30744516965028,
        "8,39": 95.83159825908125,
        "8,40": 58.92652054619514,
        "8,41": 35.13547343209532,
        "8,42": 23.8691610915646,
        "8,43": 69.7648215834125,
        "8,44": 79.49841061099863,
        "8,45": 66.59175723138462,
        "8,46": 35.58921706005059,
        "8,47": 83.11318963555995,
        "8,48": 55.93317606087252,
        "8,49": 75.41014415926992,
        "8,50": 24.9030167887304,
        "8,51": 56.02898785822132,
        "8,52": 81.86706206741714,
        "8,53": 76.33965182400239,
        "8,54": 77.09656388272055,
        "8,55": 58.83401688699542,
        "8,56": 55.143590413992946,
        "8,57": 15.763600900416057,
        "8,58": 45.751756430953236,
        "8,59": 65.60635580656238,
        "8,60": 36.75521274567575,
        "9,0": 52.82413872440876,
        "9,1": 46.399656499217855,
        "9,2": 73.12445056859076,
        "9,3": 39.82350462394021,
        "9,4": 6.377572539133268,
        "9,5": 72.74439967886647,
        "9,6": 34.92999741861205,
        "9,7": 32.30606943948622,
        "9,8": 77.73942746153978,
        "9,9": 0.0,
        "9,10": 54.64384358069532,
        "9,11": 57.51666998358562,
        "9,12": 37.04649846389528,
        "9,13": 54.45910010929505,
        "9,14": 59.446825125823025,
        "9,15": 38.708971141372395,
        "9,16": 89.73761112472091,
        "9,17": 51.99622027900374,
        "9,18": 43.057195284422654,
        "9,19": 54.92405760742416,
        "9,20": 76.40126034364825,
        "9,21": 52.4636713272111,
        "9,22": 28.57958211540336,
        "9,23": 89.39596633796793,
        "9,24": 70.31321892812996,
        "9,25": 96.52419063786793,
        "9,26": 79.41909930140585,
        "9,27": 41.34952240236074,
        "9,28": 51.05598303088089,
        "9,29": 47.250415013496585,
        "9,30": 70.69703185777426,
        "9,31": 86.03691041995292,
        "9,32": 60.56658945452597,
        "9,33": 87.24608683892664,
        "9,34": 22.848945553731845,
        "9,35": 76.94164588502694,
        "9,36": 56.480011166359894,
        "9,37": 94.80676717484853,
        "9,38": 37.62675477888984,
        "9,39": 40.57571976679974,
        "9,40": 33.20421953775434,
        "9,41": 77.92262291830149,
        "9,42": 71.09521040992931,
        "9,43": 46.700064947499506,
        "9,44": 12.083003578861264,
        "9,45": 43.58360024155917,
        "9,46": 103.80346035361994,
        "9,47": 17.419062465074575,
        "9,48": 83.76062197098513,
        "9,49": 37.8819188259943,
        "9,50": 76.79951206683879,
        "9,51": 96.78739921140358,
        "9,52": 41.72630409052453,
        "9,53": 25.12269951289472,
        "9,54": 45.8172725975451,
        "9,55": 82.55464346490457,
        "9,56": 26.899862605010487,
        "9,57": 78.53317895306867,
        "9,58": 77.01784095440274,
        "9,59": 87.8711592644764,
        "9,60": 53.8708735670849,
        "10,0": 75.8656906567744,
        "10,1": 24.607237489718788,
        "10,2": 37.9411099067582,
        "10,3": 68.632440495791,
        "10,4": 50.16164108199816,
        "10,5": 25.835192784680327,
        "10,6": 44.164568266722114,
        "10,7": 23.97513816252535,
        "10,8": 30.80882227484613,
        "10,9": 54.64384358069532,
        "10,10": 0.0,
        "10,11": 16.165115576626437,
        "10,12": 63.91272545917768,
        "10,13": 5.737424686948385,
        "10,14": 31.682609654521652,
        "10,15": 27.78823854446435,
        "10,16": 38.21507008592637,
        "10,17": 6.90489995960839,
        "10,18": 22.648459034345475,
        "10,19": 5.260809437176592,
        "10,20": 36.93238198035678,
        "10,21": 21.825397145565955,
        "10,22": 47.84199443392612,
        "10,23": 37.00418412877226,
        "10,24": 51.30329097223125,
        "10,25": 49.57674271735345,
        "10,26": 48.888464958917076,
        "10,27": 42.28640601342961,
        "10,28": 23.67533432762791,
        "10,29": 44.825622543566475,
        "10,30": 44.93941482363121,
        "10,31": 36.10279812296191,
        "10,32": 10.059039204456884,
        "10,33": 33.651567714896004,
        "10,34": 61.2856738613582,
        "10,35": 23.523527451626475,
        "10,36": 36.91957165598535,
        "10,37": 48.85346424054704,
        "10,38": 47.71781704235731,
        "10,39": 65.57247098410353,
        "10,40": 29.065388442958273,
        "10,41": 25.033259054509262,
        "10,42": 41.6386695763568,
        "10,43": 39.040599401160904,
        "10,44": 53.03005322466029,
        "10,45": 61.63764446320107,
        "10,46": 65.58538722175861,
        "10,47": 55.57783950263915,
        "10,48": 39.1547221576167,
        "10,49": 44.7720084836801,
        "10,50": 46.260093119785914,
        "10,51": 47.51978429909629,
        "10,52": 73.43612005212545,
        "10,53": 47.14627780139132,
        "10,54": 71.32305148605008,
        "10,55": 40.24989704700291,
        "10,56": 28.390211471802417,
        "10,57": 24.99542021699801,
        "10,58": 29.027006366119565,
        "10,59": 47.34937624411345,
        "10,60": 6.616993907421113,
        "11,0": 88.22924445501798,
        "11,1": 14.481998262063737,
        "11,2": 22.2753964686854,
        "11,3": 61.22056097303078,
        "11,4": 54.52999775926888,
        "11,5": 15.238182027058208,
        "11,6": 36.5947438386796,
        "11,7": 32.817208655919416,
        "11,8": 20.318259455964213,
        "11,9": 57.51666998358562,
        "11,10": 16.165115576626437,
        "11,11": 0.0,
        "11,12": 74.82338299538779,
        "11,13": 10.490642798182089,
        "11,14": 15.967441961524708,
        "11,15": 40.69870894876513,
        "11,16": 32.59202188221217,
        "11,17": 22.649328501518347,
        "11,18": 15.628009160033207,
        "11,19": 21.422790042865888,
        "11,20": 52.148905144248765,
        "11,21": 8.46470700492646,
        "11,22": 58.33822868563127,
        "11,23": 32.71617442559371,
        "11,24": 35.41995849565142,
        "11,25": 61.642745697357284,
        "11,26": 32.96123985371367,
        "11,27": 55.70878215095044,
        "11,28": 39.29568777274582,
        "11,29": 59.11769783595279,
        "11,30": 28.790648578452316,
        "11,31": 28.56994373516207,
        "11,32": 25.148611557613865,
        "11,33": 31.91099584276852,
        "11,34": 57.845092085138155,
        "11,35": 32.821383021889694,
        "11,36": 22.21603232322066,
        "11,37": 61.42096183863616,
        "11,38": 60.15340013856939,
        "11,39": 76.9800264536803,
        "11,40": 40.1862257401054,
        "11,41": 34.88897908170438,
        "11,42": 25.49380011051625,
        "11,43": 53.53618796279199,
        "11,44": 59.244730581312474,
        "11,45": 52.33754442693352,
        "11,46": 51.72865382874839,
        "11,47": 62.998152308730944,
        "11,48": 52.880824078617835,
        "11,49": 57.41058062946345,
        "11,50": 30.269789004298616,
        "11,51": 58.40122646694902,
        "11,52": 66.2427482598964,
        "11,53": 56.83346480562215,
        "11,54": 62.68023159244159,
        "11,55": 54.620734474071455,
        "11,56": 35.13869337212525,
        "11,57": 23.99216359859528,
        "11,58": 42.24395308260666,
        "11,59": 61.79345286246361,
        "11,60": 22.734146583722087,
        "12,0": 16.029761890204085,
        "12,1": 69.67524283102645,
        "12,2": 95.5951211510395,
        "12,3": 76.85771989792624,
        "12,4": 32.69102397369984,
        "12,5": 88.71874893942376,
        "12,6": 67.61989133512716,
        "12,7": 42.01861872362759,
        "12,8": 93.92279932515586,
        "12,9": 37.04649846389528,
        "12,10": 63.91272545917768,
        "12,11": 74.82338299538779,
        "12,12": 0.0,
        "12,13": 67.00538081184983,
        "12,14": 83.51888418260783,
        "12,15": 36.447512709293754,
        "12,16": 102.03499047320078,
        "12,17": 57.95322663262117,
        "12,18": 65.41549262872263,
        "12,19": 61.04512514029147,
        "12,20": 65.80139559155332,
        "12,21": 73.64882206893415,
        "12,22": 16.49045589447387,
        "12,23": 100.6028736801101,
        "12,24": 99.19039659954608,
        "12,25": 87.61042869720674,
        "12,26": 104.5098080976555,
        "12,27": 24.679451680855266,
        "12,28": 46.02171769544047,
        "12,29": 26.8618096656055,
        "12,30": 97.0534936811642,
        "12,31": 99.99217989945095,
        "12,32": 64.10448851414611,
        "12,33": 96.58237053319714,
        "12,34": 59.88828723486708,
        "12,35": 79.07943505714405,
        "12,36": 83.40370769143875,
        "12,37": 85.23117231351411,
        "12,38": 17.591160615312344,
        "12,39": 3.5410364711194893,
        "12,40": 35.01299166382366,
        "12,41": 79.0408854159937,
        "12,42": 95.95739201768711,
        "12,43": 31.119850487032505,
        "12,44": 25.241975734379107,
        "12,45": 79.74439796103474,
        "12,46": 126.29290081090399,
        "12,47": 19.651017277639408,
        "12,48": 75.1644346849344,
        "12,49": 20.565471153130815,
        "12,50": 101.69202307253589,
        "12,51": 90.23562871461203,
        "12,52": 78.71170480700714,
        "12,53": 18.435517183042624,
        "12,54": 82.81744628063744,
        "12,55": 72.38802761184819,
        "12,56": 40.64010946940999,
        "12,57": 88.31682643740349,
        "12,58": 72.99257853397546,
        "12,59": 75.09268075383896,
        "12,60": 59.37453808380525,
        "13,0": 79.6216119877779,
        "13,1": 19.696061598509722,
        "13,2": 32.52206058683981,
        "13,3": 65.06862902689566,
        "13,4": 50.49974353742873,
        "13,5": 21.77979746930246,
        "13,6": 40.35083350339899,
        "13,7": 25.71962997829401,
        "13,8": 26.94780254740098,
        "13,9": 54.45910010929505,
        "13,10": 5.737424686948385,
        "13,11": 10.490642798182089,
        "13,12": 67.00538081184983,
        "13,13": 0.0,
        "13,14": 25.95301312669827,
        "13,15": 31.579780956231648,
        "13,16": 36.125035122663526,
        "13,17": 12.192658282115877,
        "13,18": 18.378164643570585,
        "13,19": 10.989566723802488,
        "13,20": 42.45820311352012,
        "13,21": 16.2702162123893,
        "13,22": 50.67519171252044,
        "13,23": 35.34698492521401,
        "13,24": 45.569996542432506,
        "13,25": 54.05162321670568,
        "13,26": 43.3688940112767,
        "13,27": 46.42998270166061,
        "13,28": 28.9360983927166,
        "13,29": 49.40596625058727,
        "13,30": 39.22475220714272,
        "13,31": 33.32223225731643,
        "13,32": 15.391322931781154,
        "13,33": 32.8047578812765,
        "13,34": 58.937406403998224,
        "13,35": 26.62593412003082,
        "13,36": 31.32628917576937,
        "13,37": 53.50423458785309,
        "13,38": 51.420335010710644,
        "13,39": 68.88520440259995,
        "13,40": 31.99494291370703,
        "13,41": 28.40474487145971,
        "13,42": 35.984438273789095,
        "13,43": 43.7078897956515,
        "13,44": 54.119440623090505,
        "13,45": 57.476159424930806,
        "13,46": 60.91174912893688,
        "13,47": 57.17148094146407,
        "13,48": 44.17888743799573,
        "13,49": 48.55456783120317,
        "13,50": 40.70701469612975,
        "13,51": 51.55544569876183,
        "13,52": 69.96297821227155,
        "13,53": 49.62312432153262,
        "13,54": 67.40138021718336,
        "13,55": 45.50338362768605,
        "13,56": 29.32269120351742,
        "13,57": 24.078606434212958,
        "13,58": 33.80285347368927,
        "13,59": 52.64432768633977,
        "13,60": 12.248932138108728,
        "14,0": 98.0980285467702,
        "14,1": 13.912585851701905,
        "14,2": 13.786456912155655,
        "14,3": 52.41770183280174,
        "14,4": 58.10257653538331,
        "14,5": 21.78594252038776,
        "14,6": 30.008407955693002,
        "14,7": 42.48285759115337,
        "14,8": 24.59683613554567,
        "14,9": 59.446825125823025,
        "14,10": 31.682609654521652,
        "14,11": 15.967441961524708,
        "14,12": 83.51888418260783,
        "14,13": 25.95301312669827,
        "14,14": 0.0,
        "14,15": 52.627064253580954,
        "14,16": 39.10161668153876,
        "14,17": 37.63406711491178,
        "14,18": 18.11559651427071,
        "14,19": 36.90720221666645,
        "14,20": 68.10246221683596,
        "14,21": 10.823002865256676,
        "14,22": 67.2503353781419,
        "14,23": 40.41728463404385,
        "14,24": 19.626175323345162,
