{
    "num_robots": 6,
    "num_tasks": 30,
    "num_nodes": 31,
    "robot_capacity": [
        85,
        63,
        60,
        75,
        71,
        77
    ],
    "robot_speed": [
        0.89,
        0.95,
        1.18,
        1.16,
        1.13,
        0.86
    ],
    "task_demand": {
        "0": 0,
        "1": 10,
        "2": 6,
        "3": 13,
        "4": 14,
        "5": 8,
        "6": 15,
        "7": 14,
        "8": 7,
        "9": 13,
        "10": 14,
        "11": 12,
        "12": 10,
        "13": 5,
        "14": 15,
        "15": 8,
        "16": 5,
        "17": 8,
        "18": 5,
        "19": 8,
        "20": 10,
        "21": 8,
        "22": 14,
        "23": 8,
        "24": 6,
        "25": 13,
        "26": 9,
        "27": 12,
        "28": 12,
        "29": 12,
        "30": 13
    },
    "task_service_time": {
        "0": 0,
        "1": 56,
        "2": 96,
        "3": 61,
        "4": 25,
        "5": 85,
        "6": 27,
        "7": 92,
        "8": 94,
        "9": 73,
        "10": 83,
        "11": 17,
        "12": 46,
        "13": 46,
        "14": 51,
        "15": 76,
        "16": 98,
        "17": 48,
        "18": 55,
        "19": 19,
        "20": 94,
        "21": 49,
        "22": 90,
        "23": 37,
        "24": 100,
        "25": 51,
        "26": 91,
        "27": 75,
        "28": 91,
        "29": 16,
        "30": 51
    },
    "task_precedence": [],
    "coordinates": {
        "0": [
            0,
            100
        ],
        "1": [
            25.847909596358566,
            39.91923327059808
        ],
        "2": [
            1.8167462976980353,
            54.666288833837044
        ],
        "3": [
            65.32524115885766,
            44.54522606829705
        ],
        "4": [
            23.442935529097042,
            54.62416868094856
        ],
        "5": [
            43.2696003284915,
            19.712250740729807
        ],
        "6": [
            22.123666698969245,
            21.751239633675223
        ],
        "7": [
            31.976202972924884,
            19.018841328233382
        ],
        "8": [
            80.19670677988795,
            8.31246120955319
        ],
        "9": [
            27.15163969964538,
            91.80583372226825
        ],
        "10": [
            59.6500968692216,
            65.75862063700112
        ],
        "11": [
            2.0404521198986614,
            81.7293394297572
        ],
        "12": [
            75.69668188231121,
            14.706194631398306
        ],
        "13": [
            4.5136982426365435,
            36.70482595159098
        ],
        "14": [
            55.08541419032391,
            23.35809965864365
        ],
        "15": [
            55.962396810619666,
            12.656923971915045
        ],
        "16": [
            38.68424645508909,
            81.08073846322695
        ],
        "17": [
            35.65100194823187,
            54.674062601634034
        ],
        "18": [
            59.57535435856425,
            61.479605880521504
        ],
        "19": [
            6.769247693121749,
            35.027799788858715
        ],
        "20": [
            68.07045434186834,
            78.71667184165514
        ],
        "21": [
            52.90492209679512,
            18.11844305279663
        ],
        "22": [
            57.143454661432536,
            48.596309537535845
        ],
        "23": [
            91.98513184448373,
            61.94274268006913
        ],
        "24": [
            25.655219326162282,
            59.80880357203196
        ],
        "25": [
            88.70357707477793,
            24.563731638410957
        ],
        "26": [
            64.69519273109182,
            88.21409649619395
        ],
        "27": [
            72.0204816239171,
            95.47020374617375
        ],
        "28": [
            99.31137604855498,
            71.6703360407456
        ],
        "29": [
            62.15563163177341,
            40.671366125697396
        ],
        "30": [
            96.85672817179506,
            40.796303891489536
        ]
    },
    "distance_matrix_str_keys": {
        "0,0": 0.0,
        "0,1": 65.40499186831487,
        "0,2": 45.37009957237572,
        "0,3": 85.68908381047841,
        "0,4": 51.07384158369537,
        "0,5": 91.20515881081964,
        "0,6": 81.31620457862996,
        "0,7": 87.06563970009944,
        "0,8": 121.8118079161007,
        "0,9": 28.361168864602092,
        "0,10": 68.77940183796547,
        "0,11": 18.384245497888234,
        "0,12": 114.03955840956563,
        "0,13": 63.45591012383299,
        "0,14": 94.38423461814975,
        "0,15": 103.73332534358032,
        "0,16": 43.06285384057695,
        "0,17": 57.66658079818348,
        "0,18": 70.9439469586268,
        "0,19": 65.32388165600283,
        "0,20": 71.32017114256091,
        "0,21": 97.48599976492044,
        "0,22": 76.86165366295488,
        "0,23": 99.54707085174574,
        "0,24": 47.6814696604981,
        "0,25": 116.44292666445115,
        "0,26": 65.75998391053744,
        "0,27": 72.16279392763393,
        "0,28": 103.2730326498732,
        "0,29": 85.92560352383775,
        "0,30": 113.51785509361008,
        "1,0": 65.40499186831487,
        "1,1": 0.0,
        "1,2": 28.195255935567356,
        "1,3": 39.747446668432055,
        "1,4": 14.900302872317056,
        "1,5": 26.680282062386222,
        "1,6": 18.545780596945068,
        "1,7": 21.780320545247484,
        "1,8": 62.87113642535229,
        "1,9": 51.90297697255404,
        "1,10": 42.547171514693346,
        "1,11": 48.11319994069821,
        "1,12": 55.86230764870479,
        "1,13": 21.575008424048598,
        "1,14": 33.60212525116754,
        "1,15": 40.62161799430144,
        "1,16": 43.11659835461997,
        "1,17": 17.714559216851992,
        "1,18": 40.02986631586935,
        "1,19": 19.695721909193903,
        "1,20": 57.34094980431979,
        "1,21": 34.74703411183992,
        "1,22": 32.47618809931871,
        "1,23": 69.70772649718941,
        "1,24": 19.890503671750224,
        "1,25": 64.70414487908582,
        "1,26": 61.97987754851685,
        "1,27": 72.23445665621333,
        "1,28": 80.03132780538792,
        "1,29": 36.315511606373775,
        "1,30": 71.01423496985154,
        "2,0": 45.37009957237572,
        "2,1": 28.195255935567356,
        "2,2": 0.0,
        "2,3": 64.3099123855253,
        "2,4": 21.626230248925904,
        "2,5": 54.222909238740236,
        "2,6": 38.67520497725433,
        "2,7": 46.69403966899474,
        "2,8": 91.06094410125273,
        "2,9": 44.95778706973722,
        "2,10": 58.88748817159916,
        "2,11": 27.063975167225916,
        "2,12": 83.99436892229366,
        "2,13": 18.16281086901503,
        "2,14": 61.787973655757376,
        "2,15": 68.53129362247248,
        "2,16": 45.353453199054265,
        "2,17": 33.834256543585326,
        "2,18": 58.1590757690268,
        "2,19": 20.25333360317278,
        "2,20": 70.48386164523694,
        "2,21": 62.81517919829699,
        "2,22": 55.65868581832717,
        "2,23": 90.46150856961285,
        "2,24": 24.38684592482942,
        "2,25": 91.95371287875665,
        "2,26": 71.26818662508303,
        "2,27": 81.2005167836205,
        "2,28": 98.96636020219928,
        "2,29": 61.94060820629306,
        "2,30": 96.04673152653159,
        "3,0": 85.68908381047841,
        "3,1": 39.747446668432055,
        "3,2": 64.3099123855253,
        "3,3": 0.0,
        "3,4": 43.077982880513346,
        "3,5": 33.21337014001558,
        "3,6": 48.846103768826914,
        "3,7": 41.997079253497596,
        "3,8": 39.16597680419204,
        "3,9": 60.75186321578438,
        "3,10": 21.959402811454417,
        "3,11": 73.40042786103815,
        "3,12": 31.590102560332756,
        "3,13": 61.31488910404591,
        "3,14": 23.531858869289177,
        "3,15": 33.234419881795034,
        "3,16": 45.21710146356467,
        "3,17": 31.3552834821901,
        "3,18": 17.883915059093287,
        "3,19": 59.32441128021289,
        "3,20": 34.28153878783343,
        "3,21": 29.199986064239408,
        "3,22": 9.1297813535806,
        "3,23": 31.834310980864924,
        "3,24": 42.50514592868787,
        "3,25": 30.75397063549967,
        "3,26": 43.67341531721304,
        "3,27": 51.36321248108621,
        "3,28": 43.48366309038521,
        "3,29": 5.005318712036372,
        "3,30": 31.753568157528353,
        "4,0": 51.07384158369537,
        "4,1": 14.900302872317056,
        "4,2": 21.626230248925904,
        "4,3": 43.077982880513346,
        "4,4": 0.0,
        "4,5": 40.148955793795125,
        "4,6": 32.89939109456608,
        "4,7": 36.613603881097255,
        "4,8": 73.25138087506062,
        "4,9": 37.366170553985555,
        "4,10": 37.88052999459555,
        "4,11": 34.536308103256836,
        "4,12": 65.75635832500619,
        "4,13": 26.065664543596554,
        "4,14": 44.48385693635088,
        "4,15": 53.09204262889449,
        "4,16": 30.53273068998793,
        "4,17": 12.208168376023034,
        "4,18": 36.777013332587586,
        "4,19": 25.729934702723536,
        "4,20": 50.7155217259264,
        "4,21": 46.911370222507145,
        "4,22": 34.2353629401199,
        "4,23": 68.93180834068994,
        "4,24": 5.6368997288045515,
        "4,25": 71.85110444622418,
        "4,26": 53.19804484088608,
        "4,27": 63.46791760522772,
        "4,28": 77.75983595991401,
        "4,29": 41.150377139025075,
        "4,30": 74.70471735319411,
        "5,0": 91.20515881081964,
        "5,1": 26.680282062386222,
        "5,2": 54.222909238740236,
        "5,3": 33.21337014001558,
        "5,4": 40.148955793795125,
        "5,5": 0.0,
        "5,6": 21.24401056226707,
        "5,7": 11.3146648401116,
        "5,8": 38.646686691460225,
        "5,9": 73.87336029956268,
        "5,10": 48.873191501528844,
        "5,11": 74.47121559011109,
        "5,12": 32.81122088353084,
        "5,13": 42.31746162974748,
        "5,14": 12.365503287360546,
        "5,15": 14.52187034618748,
        "5,16": 61.53955439788794,
        "5,17": 35.782276756474815,
        "5,18": 44.837368007753504,
        "5,19": 39.58335237384507,
        "5,20": 64.00471911701631,
        "5,21": 9.76625048444184,
        "5,22": 32.04329394161928,
        "5,23": 64.47183462818657,
        "5,24": 43.79497650471594,
        "5,25": 45.692265317914156,
        "5,26": 71.7743608937604,
        "5,27": 81.03012167606998,
        "5,28": 76.4220076542197,
        "5,29": 28.212881740597314,
        "5,30": 57.585741010762554,
        "6,0": 81.31620457862996,
        "6,1": 18.545780596945068,
        "6,2": 38.67520497725433,
        "6,3": 48.846103768826914,
        "6,4": 32.89939109456608,
        "6,5": 21.24401056226707,
        "6,6": 0.0,
        "6,7": 10.22440568097692,
        "6,8": 59.607707133999355,
        "6,9": 70.23479668521196,
        "6,10": 57.834959532230286,
        "6,11": 63.25114989450992,
        "6,12": 54.03425408866764,
        "6,13": 23.10239668952964,
        "6,14": 33.00089084894023,
        "6,15": 35.0394953291975,
        "6,16": 61.59742067022438,
        "6,17": 35.59355378612115,
        "6,18": 54.59827829882015,
        "6,19": 20.298404680204225,
        "6,20": 73.18584399556802,
        "6,21": 30.994884979044972,
        "6,22": 44.125313903461944,
        "6,23": 80.59765027223949,
        "6,24": 38.22106797148328,
        "6,25": 66.63928703795845,
        "6,26": 78.92810761085902,
        "6,27": 89.01785107198637,
        "6,28": 91.92311276678194,
        "6,29": 44.27786583447063,
        "6,30": 77.1216243973468,
        "7,0": 87.06563970009944,
        "7,1": 21.780320545247484,
        "7,2": 46.69403966899474,
        "7,3": 41.997079253497596,
        "7,4": 36.613603881097255,
        "7,5": 11.3146648401116,
        "7,6": 10.22440568097692,
        "7,7": 0.0,
        "7,8": 49.39477262467163,
        "7,9": 72.94671118389894,
        "7,10": 54.318057524324274,
        "7,11": 69.48924917766549,
        "7,12": 43.932666634269054,
        "7,13": 32.66470906282116,
        "7,14": 23.51307733897024,
        "7,15": 24.81554930417805,
        "7,16": 62.423368407617424,
        "7,17": 35.84409228260746,
        "7,18": 50.64217297443196,
        "7,19": 29.860966921250604,
        "7,20": 69.76120662584404,
        "7,21": 20.948078699972967,
        "7,22": 38.83577195350942,
        "7,23": 73.78030124344801,
        "7,24": 41.27681981588643,
        "7,25": 56.99772610414812,
        "7,26": 76.54094086535785,
        "7,27": 86.30385314826665,
        "7,28": 85.47634426311622,
        "7,29": 37.1433674332218,
        "7,30": 68.43785813258076,
        "8,0": 121.8118079161007,
        "8,1": 62.87113642535229,
        "8,2": 91.06094410125273,
        "8,3": 39.16597680419204,
        "8,4": 73.25138087506062,
        "8,5": 38.646686691460225,
        "8,6": 59.607707133999355,
        "8,7": 49.39477262467163,
        "8,8": 0.0,
        "8,9": 98.91876664766113,
        "8,10": 61.01003533669569,
        "8,11": 107.23077053755308,
        "8,12": 7.8185709147151545,
        "8,13": 80.83343464739438,
        "8,14": 29.273678481862216,
        "8,15": 24.620644515936718,
        "8,16": 83.77652736110237,
        "8,17": 64.29399585176846,
        "8,18": 57.02618212845839,
        "8,19": 78.13642596987434,
        "8,20": 71.44087676477629,
        "8,21": 28.9999791568601,
        "8,22": 46.413800419153134,
        "8,23": 54.91060058049224,
        "8,24": 75.01098006544468,
        "8,25": 18.34313584875684,
        "8,26": 81.39145077515438,
        "8,27": 87.54040633833594,
        "8,28": 66.17847750119043,
        "8,29": 37.04833491362301,
        "8,30": 36.5069356172713,
        "9,0": 28.361168864602092,
        "9,1": 51.90297697255404,
        "9,2": 44.95778706973722,
        "9,3": 60.75186321578438,
        "9,4": 37.366170553985555,
        "9,5": 73.87336029956268,
        "9,6": 70.23479668521196,
        "9,7": 72.94671118389894,
        "9,8": 98.91876664766113,
        "9,9": 0.0,
        "9,10": 41.64861375738803,
        "9,11": 27.057484711115215,
        "9,12": 91.10968921283403,
        "9,13": 59.57010534450309,
        "9,14": 73.92826290222675,
        "9,15": 84.22950575645753,
        "9,16": 15.748926531393051,
        "9,17": 38.09209347342126,
        "9,18": 44.39569086513381,
        "9,19": 60.32567480974417,
        "9,20": 42.96132621860614,
        "9,21": 78.05807516139939,
        "9,22": 52.59821237431035,
        "9,23": 71.3805709579959,
        "9,24": 32.032002940329924,
        "9,25": 91.15997634536838,
        "9,26": 37.71496984655031,
        "9,27": 45.01822501273658,
        "9,28": 74.91639217705794,
        "9,29": 61.96784026871712,
        "9,30": 86.37575755075792,
        "10,0": 68.77940183796547,
        "10,1": 42.547171514693346,
        "10,2": 58.88748817159916,
        "10,3": 21.959402811454417,
        "10,4": 37.88052999459555,
        "10,5": 48.873191501528844,
        "10,6": 57.834959532230286,
        "10,7": 54.318057524324274,
        "10,8": 61.01003533669569,
        "10,9": 41.64861375738803,
        "10,10": 0.0,
        "10,11": 59.78239729971093,
        "10,12": 53.51488663577512,
        "10,13": 62.32291263357046,
        "10,14": 42.64552153738022,
        "10,15": 53.22959064686695,
        "10,16": 25.96794520689937,
        "10,17": 26.435279152414786,
        "10,18": 4.279667478796645,
        "10,19": 61.161814554393686,
        "10,20": 15.453592171064743,
        "10,21": 48.11531879729281,
        "10,22": 17.34439902195226,
        "10,23": 32.55941356095998,
        "10,24": 34.5116215538215,
        "10,25": 50.40955853467493,
        "10,26": 23.01524252138682,
        "10,27": 32.18391818645573,
        "10,28": 40.099444449467036,
        "10,29": 25.21206146591913,
        "10,30": 44.804583138211285,
        "11,0": 18.384245497888234,
        "11,1": 48.11319994069821,
        "11,2": 27.063975167225916,
        "11,3": 73.40042786103815,
        "11,4": 34.536308103256836,
        "11,5": 74.47121559011109,
        "11,6": 63.25114989450992,
        "11,7": 69.48924917766549,
        "11,8": 107.23077053755308,
        "11,9": 27.057484711115215,
        "11,10": 59.78239729971093,
        "11,11": 0.0,
        "11,12": 99.58585301876514,
        "11,13": 45.09239137957988,
        "11,14": 78.87312364468445,
        "11,15": 87.627476834666,
        "11,16": 36.64953405561274,
        "11,17": 43.146924154674664,
        "11,18": 60.99439879552751,
        "11,19": 46.940337796012365,
        "11,20": 66.09869408263465,
        "11,21": 81.44654961329557,
        "11,22": 64.29726711868183,
        "11,23": 92.09535722115938,
        "11,24": 32.22060090215329,
        "11,25": 103.8190923727377,
        "11,26": 62.989432409465316,
        "11,27": 71.31630866460674,
        "11,28": 97.78965278143997,
        "11,29": 72.7982965431322,
        "11,30": 103.27458352724791,
        "12,0": 114.03955840956563,
        "12,1": 55.86230764870479,
        "12,2": 83.99436892229366,
        "12,3": 31.590102560332756,
        "12,4": 65.75635832500619,
        "12,5": 32.81122088353084,
        "12,6": 54.03425408866764,
        "12,7": 43.932666634269054,
        "12,8": 7.8185709147151545,
        "12,9": 91.10968921283403,
        "12,10": 53.51488663577512,
        "12,11": 99.58585301876514,
        "12,12": 0.0,
        "12,13": 74.50474441139941,
        "12,14": 22.353519107094364,
        "12,15": 19.840401143288577,
        "12,16": 75.99671338378805,
        "12,17": 56.57814906365283,
        "12,18": 49.47372232819688,
        "12,19": 71.86069036740996,
        "12,20": 64.46317196030164,
        "12,21": 23.045775174855887,
        "12,22": 38.63627995370102,
        "12,23": 49.96603920388913,
        "12,24": 67.3675983541805,
        "12,25": 16.32024382147637,
        "12,26": 74.32660627331794,
        "12,27": 80.84763210281021,
        "12,28": 61.66495915079602,
        "12,29": 29.283957598247408,
        "12,30": 33.59228125889335,
        "13,0": 63.45591012383299,
        "13,1": 21.575008424048598,
        "13,2": 18.16281086901503,
        "13,3": 61.31488910404591,
        "13,4": 26.065664543596554,
        "13,5": 42.31746162974748,
        "13,6": 23.10239668952964,
        "13,7": 32.66470906282116,
        "13,8": 80.83343464739438,
        "13,9": 59.57010534450309,
        "13,10": 62.32291263357046,
        "13,11": 45.09239137957988,
        "13,12": 74.50474441139941,
        "13,13": 0.0,
        "13,14": 52.30328437710608,
        "13,15": 56.79146215729342,
        "13,16": 56.00757070593147,
        "13,17": 35.95031498943689,
        "13,18": 60.37860295465288,
        "13,19": 2.810679646290667,
        "13,20": 76.18698340889826,
        "13,21": 51.83786430172332,
        "13,22": 53.95645135270289,
        "13,23": 91.0395745659873,
        "13,24": 31.317051195969917,
        "13,25": 85.06081276881957,
        "13,26": 79.21500634918283,
        "13,27": 89.50159456583542,
        "13,28": 101.04051966013185,
        "13,29": 57.77824786016353,
        "13,30": 92.43362682611856,
        "14,0": 94.38423461814975,
        "14,1": 33.60212525116754,
        "14,2": 61.787973655757376,
        "14,3": 23.531858869289177,
        "14,4": 44.48385693635088,
        "14,5": 12.365503287360546,
        "14,6": 33.00089084894023,
        "14,7": 23.51307733897024,
        "14,8": 29.273678481862216,
        "14,9": 73.92826290222675,
        "14,10": 42.64552153738022,
        "14,11": 78.87312364468445,
        "14,12": 22.353519107094364,
        "14,13": 52.30328437710608,
        "14,14": 0.0,
        "14,15": 10.737050786623495,
        "14,16": 60.00751064361605,
        "14,17": 36.85628730952595,
        "14,18": 38.3850074812947,
        "14,19": 49.705470987754474,
        "14,20": 56.861083192979315,
        "14,21": 5.675257449414774,
        "14,22": 25.32198192226929,
        "14,23": 53.388798825667095,
        "14,24": 46.84858787118377,
        "14,25": 33.639774437357914,
        "14,26": 65.56407682103773,
        "14,27": 74.07396347510456,
        "14,28": 65.49815177946476,
        "14,29": 18.701261198875986,
        "14,30": 45.26514816727204,
        "15,0": 103.73332534358032,
        "15,1": 40.62161799430144,
        "15,2": 68.53129362247248,
        "15,3": 33.234419881795034,
        "15,4": 53.09204262889449,
        "15,5": 14.52187034618748,
        "15,6": 35.0394953291975,
        "15,7": 24.81554930417805,
        "15,8": 24.620644515936718,
        "15,9": 84.22950575645753,
        "15,10": 53.22959064686695,
        "15,11": 87.627476834666,
        "15,12": 19.840401143288577,
        "15,13": 56.79146215729342,
        "15,14": 10.737050786623495,
        "15,15": 0.0,
        "15,16": 70.571615180962,
        "15,17": 46.66896934671749,
        "15,18": 48.95618174441526,
        "15,19": 54.040928979001656,
        "15,20": 67.16022145432264,
        "15,21": 6.2591007578173805,
        "15,22": 35.958786582437945,
        "15,23": 61.04694394523782,
        "15,24": 56.051982631288986,
        "15,25": 34.8390148238585,
        "15,26": 76.0601606917331,
        "15,27": 84.35580237802672,
        "15,28": 73.22374481666819,
        "15,29": 28.690854409333454,
        "15,30": 49.64041740090191,
        "16,0": 43.06285384057695,
        "16,1": 43.11659835461997,
        "16,2": 45.353453199054265,
        "16,3": 45.21710146356467,
        "16,4": 30.53273068998793,
        "16,5": 61.53955439788794,
        "16,6": 61.59742067022438,
        "16,7": 62.423368407617424,
        "16,8": 83.77652736110237,
        "16,9": 15.748926531393051,
        "16,10": 25.96794520689937,
        "16,11": 36.64953405561274,
        "16,12": 75.99671338378805,
        "16,13": 56.00757070593147,
        "16,14": 60.00751064361605,
        "16,15": 70.571615180962,
        "16,16": 0.0,
        "16,17": 26.580314187338217,
        "16,18": 28.646863492526357,
        "16,19": 56.03070860270731,
        "16,20": 29.481146940989884,
        "16,21": 64.5482630212224,
        "16,22": 37.362822300161085,
        "16,23": 56.632563652809765,
        "16,24": 24.944954638995625,
        "16,25": 75.4725479633359,
        "16,26": 26.971357455634212,
        "16,27": 36.30924519128065,
        "16,28": 61.35311333987828,
        "16,29": 46.73139517311007,
        "16,30": 70.75926298263064,
        "17,0": 57.66658079818348,
        "17,1": 17.714559216851992,
        "17,2": 33.834256543585326,
        "17,3": 31.3552834821901,
        "17,4": 12.208168376023034,
        "17,5": 35.782276756474815,
        "17,6": 35.59355378612115,
        "17,7": 35.84409228260746,
        "17,8": 64.29399585176846,
        "17,9": 38.09209347342126,
        "17,10": 26.435279152414786,
        "17,11": 43.146924154674664,
        "17,12": 56.57814906365283,
        "17,13": 35.95031498943689,
        "17,14": 36.85628730952595,
        "17,15": 46.66896934671749,
        "17,16": 26.580314187338217,
        "17,17": 0.0,
        "17,18": 24.873481010397136,
        "17,19": 34.93037891808805,
        "17,20": 40.361713944920744,
        "17,21": 40.42290292757733,
        "17,22": 22.335277162760292,
        "17,23": 56.80112588013038,
        "17,24": 11.237492383123179,
        "17,25": 61.00170291289124,
        "17,26": 44.36776861505878,
        "17,27": 54.65404087682161,
        "17,28": 65.89018547105583,
        "17,29": 29.97617225829341,
        "17,30": 62.75932687155561,
        "18,0": 70.9439469586268,
        "18,1": 40.02986631586935,
        "18,2": 58.1590757690268,
        "18,3": 17.883915059093287,
        "18,4": 36.777013332587586,
        "18,5": 44.837368007753504,
        "18,6": 54.59827829882015,
        "18,7": 50.64217297443196,
        "18,8": 57.02618212845839,
        "18,9": 44.39569086513381,
        "18,10": 4.279667478796645,
        "18,11": 60.99439879552751,
        "18,12": 49.47372232819688,
        "18,13": 60.37860295465288,
        "18,14": 38.3850074812947,
        "18,15": 48.95618174441526,
        "18,16": 28.646863492526357,
        "18,17": 24.873481010397136,
        "18,18": 0.0,
        "18,19": 59.06084105964814,
        "18,20": 19.21674183296443,
        "18,21": 43.871233266587346,
        "18,22": 13.110814650436371,
        "18,23": 32.41308643714616,
        "18,24": 33.96125941378555,
        "18,25": 47.02377196338749,
        "18,26": 27.220318393440657,
        "18,27": 36.19726420484444,
        "18,28": 41.02197461051716,
        "18,29": 20.96761008080993,
        "18,30": 42.63449090315663,
        "19,0": 65.32388165600283,
        "19,1": 19.695721909193903,
        "19,2": 20.25333360317278,
        "19,3": 59.32441128021289,
        "19,4": 25.729934702723536,
        "19,5": 39.58335237384507,
        "19,6": 20.298404680204225,
        "19,7": 29.860966921250604,
        "19,8": 78.13642596987434,
        "19,9": 60.32567480974417,
        "19,10": 61.161814554393686,
        "19,11": 46.940337796012365,
        "19,12": 71.86069036740996,
        "19,13": 2.810679646290667,
        "19,14": 49.705470987754474,
        "19,15": 54.040928979001656,
        "19,16": 56.03070860270731,
        "19,17": 34.93037891808805,
        "19,18": 59.06084105964814,
        "19,19": 0.0,
        "19,20": 75.27652673867166,
        "19,21": 49.13681713246362,
        "19,22": 52.16958102655375,
        "19,23": 89.36532360225337,
        "19,24": 31.15731171050639,
        "19,25": 82.59982477874236,
        "19,26": 78.63966725503502,
        "19,27": 88.94384591207326,
        "19,28": 99.5325121933749,
        "19,29": 55.67316558987849,
        "19,30": 90.27197670693498,
        "20,0": 71.32017114256091,
        "20,1": 57.34094980431979,
        "20,2": 70.48386164523694,
        "20,3": 34.28153878783343,
        "20,4": 50.7155217259264,
        "20,5": 64.00471911701631,
        "20,6": 73.18584399556802,
        "20,7": 69.76120662584404,
        "20,8": 71.44087676477629,
        "20,9": 42.96132621860614,
        "20,10": 15.453592171064743,
        "20,11": 66.09869408263465,
        "20,12": 64.46317196030164,
        "20,13": 76.18698340889826,
        "20,14": 56.861083192979315,
        "20,15": 67.16022145432264,
        "20,16": 29.481146940989884,
        "20,17": 40.361713944920744,
        "20,18": 19.21674183296443,
        "20,19": 75.27652673867166,
        "20,20": 0.0,
        "20,21": 62.46710094620365,
        "20,22": 32.041153964045286,
        "20,23": 29.210896932001322,
        "20,24": 46.43877306668427,
        "20,25": 57.95055380552847,
        "20,26": 10.079358412608574,
        "20,27": 17.212888973227372,
        "20,28": 32.02570900546159,
        "20,29": 38.502342976922094,
        "20,30": 47.6088633185825,
        "21,0": 97.48599976492044,
        "21,1": 34.74703411183992,
        "21,2": 62.81517919829699,
        "21,3": 29.199986064239408,
        "21,4": 46.911370222507145,
        "21,5": 9.76625048444184,
        "21,6": 30.994884979044972,
        "21,7": 20.948078699972967,
        "21,8": 28.9999791568601,
        "21,9": 78.05807516139939,
        "21,10": 48.11531879729281,
        "21,11": 81.44654961329557,
        "21,12": 23.045775174855887,
        "21,13": 51.83786430172332,
        "21,14": 5.675257449414774,
        "21,15": 6.2591007578173805,
        "21,16": 64.5482630212224,
        "21,17": 40.42290292757733,
        "21,18": 43.871233266587346,
        "21,19": 49.13681713246362,
        "21,20": 62.46710094620365,
        "21,21": 0.0,
        "21,22": 30.77117975903884,
        "21,23": 58.71824275082058,
        "21,24": 49.80594805152946,
        "21,25": 36.37424147916357,
        "21,26": 71.080314527208,
        "21,27": 79.67872676191824,
        "21,28": 70.86158487480749,
        "21,29": 24.376422338659914,
        "21,30": 49.45752348706436,
        "22,0": 76.86165366295488,
        "22,1": 32.47618809931871,
        "22,2": 55.65868581832717,
        "22,3": 9.1297813535806,
        "22,4": 34.2353629401199,
        "22,5": 32.04329394161928,
        "22,6": 44.125313903461944,
        "22,7": 38.83577195350942,
        "22,8": 46.413800419153134,
        "22,9": 52.59821237431035,
        "22,10": 17.34439902195226,
        "22,11": 64.29726711868183,
        "22,12": 38.63627995370102,
        "22,13": 53.95645135270289,
        "22,14": 25.32198192226929,
        "22,15": 35.958786582437945,
        "22,16": 37.362822300161085,
        "22,17": 22.335277162760292,
        "22,18": 13.110814650436371,
        "22,19": 52.16958102655375,
        "22,20": 32.041153964045286,
        "22,21": 30.77117975903884,
        "22,22": 0.0,
        "22,23": 37.310450902609865,
        "22,24": 33.42497549741769,
        "22,25": 39.668704632529305,
        "22,26": 40.33110203520803,
        "22,27": 49.17812409522217,
        "22,28": 48.06812138186143,
        "22,29": 9.376920926554572,
        "22,30": 40.472017258684005,
        "23,0": 99.54707085174574,
        "23,1": 69.70772649718941,
        "23,2": 90.46150856961285,
        "23,3": 31.834310980864924,
        "23,4": 68.93180834068994,
        "23,5": 64.47183462818657,
        "23,6": 80.59765027223949,
        "23,7": 73.78030124344801,
        "23,8": 54.91060058049224,
        "23,9": 71.3805709579959,
        "23,10": 32.55941356095998,
        "23,11": 92.09535722115938,
        "23,12": 49.96603920388913,
        "23,13": 91.0395745659873,
        "23,14": 53.388798825667095,
        "23,15": 61.04694394523782,
        "23,16": 56.632563652809765,
        "23,17": 56.80112588013038,
        "23,18": 32.41308643714616,
        "23,19": 89.36532360225337,
        "23,20": 29.210896932001322,
        "23,21": 58.71824275082058,
        "23,22": 37.310450902609865,
        "23,23": 0.0,
        "23,24": 66.36422975372341,
        "23,25": 37.52278065600926,
        "23,26": 37.880401372538984,
        "23,27": 39.02150565994003,
        "23,28": 12.17784573429818,
        "23,29": 36.637010569340404,
        "23,30": 21.700330048536514,
        "24,0": 47.6814696604981,
        "24,1": 19.890503671750224,
        "24,2": 24.38684592482942,
        "24,3": 42.50514592868787,
        "24,4": 5.6368997288045515,
        "24,5": 43.79497650471594,
        "24,6": 38.22106797148328,
        "24,7": 41.27681981588643,
        "24,8": 75.01098006544468,
        "24,9": 32.032002940329924,
        "24,10": 34.5116215538215,
        "24,11": 32.22060090215329,
        "24,12": 67.3675983541805,
        "24,13": 31.317051195969917,
        "24,14": 46.84858787118377,
        "24,15": 56.051982631288986,
        "24,16": 24.944954638995625,
        "24,17": 11.237492383123179,
        "24,18": 33.96125941378555,
        "24,19": 31.15731171050639,
        "24,20": 46.43877306668427,
        "24,21": 49.80594805152946,
        "24,22": 33.42497549741769,
        "24,23": 66.36422975372341,
        "24,24": 0.0,
        "24,25": 72.2309525785417,
        "24,26": 48.28022565776855,
        "24,27": 58.49335868557973,
        "24,28": 74.60512968703976,
        "24,29": 41.21312425055854,
        "24,30": 73.69620075687313,
        "25,0": 116.44292666445115,
        "25,1": 64.70414487908582,
        "25,2": 91.95371287875665,
        "25,3": 30.75397063549967,
        "25,4": 71.85110444622418,
        "25,5": 45.692265317914156,
        "25,6": 66.63928703795845,
        "25,7": 56.99772610414812,
        "25,8": 18.34313584875684,
        "25,9": 91.15997634536838,
        "25,10": 50.40955853467493,
        "25,11": 103.8190923727377,
        "25,12": 16.32024382147637,
        "25,13": 85.06081276881957,
        "25,14": 33.639774437357914,
        "25,15": 34.8390148238585,
        "25,16": 75.4725479633359,
        "25,17": 61.00170291289124,
        "25,18": 47.02377196338749,
        "25,19": 82.59982477874236,
        "25,20": 57.95055380552847,
        "25,21": 36.37424147916357,
        "25,22": 39.668704632529305,
        "25,23": 37.52278065600926,
        "25,24": 72.2309525785417,
        "25,25": 0.0,
        "25,26": 68.02772571035318,
        "25,27": 72.8426623661675,
        "25,28": 48.286204835191995,
        "25,29": 31.052363775093898,
        "25,30": 18.16508394591691,
        "26,0": 65.75998391053744,
        "26,1": 61.97987754851685,
        "26,2": 71.26818662508303,
        "26,3": 43.67341531721304,
        "26,4": 53.19804484088608,
        "26,5": 71.7743608937604,
        "26,6": 78.92810761085902,
        "26,7": 76.54094086535785,
        "26,8": 81.39145077515438,
        "26,9": 37.71496984655031,
        "26,10": 23.01524252138682,
        "26,11": 62.989432409465316,
        "26,12": 74.32660627331794,
        "26,13": 79.21500634918283,
        "26,14": 65.56407682103773,
        "26,15": 76.0601606917331,
        "26,16": 26.971357455634212,
        "26,17": 44.36776861505878,
        "26,18": 27.220318393440657,
        "26,19": 78.63966725503502,
        "26,20": 10.079358412608574,
        "26,21": 71.080314527208,
        "26,22": 40.33110203520803,
        "26,23": 37.880401372538984,
        "26,24": 48.28022565776855,
        "26,25": 68.02772571035318,
        "26,26": 0.0,
        "26,27": 10.310720139086259,
        "26,28": 38.36634146586655,
        "26,29": 47.61050915143532,
        "26,30": 57.29582373442562,
        "27,0": 72.16279392763393,
        "27,1": 72.23445665621333,
        "27,2": 81.2005167836205,
        "27,3": 51.36321248108621,
        "27,4": 63.46791760522772,
        "27,5": 81.03012167606998,
        "27,6": 89.01785107198637,
        "27,7": 86.30385314826665,
        "27,8": 87.54040633833594,
        "27,9": 45.01822501273658,
        "27,10": 32.18391818645573,
        "27,11": 71.31630866460674,
        "27,12": 80.84763210281021,
        "27,13": 89.50159456583542,
        "27,14": 74.07396347510456,
        "27,15": 84.35580237802672,
        "27,16": 36.30924519128065,
        "27,17": 54.65404087682161,
        "27,18": 36.19726420484444,
        "27,19": 88.94384591207326,
        "27,20": 17.212888973227372,
        "27,21": 79.67872676191824,
        "27,22": 49.17812409522217,
        "27,23": 39.02150565994003,
        "27,24": 58.49335868557973,
        "27,25": 72.8426623661675,
        "27,26": 10.310720139086259,
        "27,27": 0.0,
        "27,28": 36.21086330498919,
        "27,29": 55.67968992301261,
        "27,30": 60.050599230207666,
        "28,0": 103.2730326498732,
        "28,1": 80.03132780538792,
        "28,2": 98.96636020219928,
        "28,3": 43.48366309038521,
        "28,4": 77.75983595991401,
        "28,5": 76.4220076542197,
        "28,6": 91.92311276678194,
        "28,7": 85.47634426311622,
        "28,8": 66.17847750119043,
        "28,9": 74.91639217705794,
        "28,10": 40.099444449467036,
        "28,11": 97.78965278143997,
        "28,12": 61.66495915079602,
        "28,13": 101.04051966013185,
        "28,14": 65.49815177946476,
        "28,15": 73.22374481666819,
        "28,16": 61.35311333987828,
        "28,17": 65.89018547105583,
        "28,18": 41.02197461051716,
        "28,19": 99.5325121933749,
        "28,20": 32.02570900546159,
        "28,21": 70.86158487480749,
        "28,22": 48.06812138186143,
        "28,23": 12.17784573429818,
        "28,24": 74.60512968703976,
        "28,25": 48.286204835191995,
        "28,26": 38.36634146586655,
        "28,27": 36.21086330498919,
        "28,28": 0.0,
        "28,29": 48.38889830280555,
        "28,30": 30.971457139633884,
        "29,0": 85.92560352383775,
        "29,1": 36.315511606373775,
        "29,2": 61.94060820629306,
        "29,3": 5.005318712036372,
        "29,4": 41.150377139025075,
        "29,5": 28.212881740597314,
        "29,6": 44.27786583447063,
        "29,7": 37.1433674332218,
        "29,8": 37.04833491362301,
        "29,9": 61.96784026871712,
        "29,10": 25.21206146591913,
        "29,11": 72.7982965431322,
        "29,12": 29.283957598247408,
        "29,13": 57.77824786016353,
        "29,14": 18.701261198875986,
        "29,15": 28.690854409333454,
        "29,16": 46.73139517311007,
        "29,17": 29.97617225829341,
        "29,18": 20.96761008080993,
        "29,19": 55.67316558987849,
        "29,20": 38.502342976922094,
        "29,21": 24.376422338659914,
        "29,22": 9.376920926554572,
        "29,23": 36.637010569340404,
        "29,24": 41.21312425055854,
        "29,25": 31.052363775093898,
        "29,26": 47.61050915143532,
        "29,27": 55.67968992301261,
        "29,28": 48.38889830280555,
        "29,29": 0.0,
        "29,30": 34.70132145214679,
        "30,0": 113.51785509361008,
        "30,1": 71.01423496985154,
        "30,2": 96.04673152653159,
        "30,3": 31.753568157528353,
        "30,4": 74.70471735319411,
        "30,5": 57.585741010762554,
        "30,6": 77.1216243973468,
        "30,7": 68.43785813258076,
        "30,8": 36.5069356172713,
        "30,9": 86.37575755075792,
        "30,10": 44.804583138211285,
        "30,11": 103.27458352724791,
        "30,12": 33.59228125889335,
        "30,13": 92.43362682611856,
        "30,14": 45.26514816727204,
        "30,15": 49.64041740090191,
        "30,16": 70.75926298263064,
        "30,17": 62.75932687155561,
        "30,18": 42.63449090315663,
        "30,19": 90.27197670693498,
        "30,20": 47.6088633185825,
        "30,21": 49.45752348706436,
        "30,22": 40.472017258684005,
        "30,23": 21.700330048536514,
        "30,24": 73.69620075687313,
        "30,25": 18.16508394591691,
        "30,26": 57.29582373442562,
        "30,27": 60.050599230207666,
        "30,28": 30.971457139633884,
        "30,29": 34.70132145214679,
        "30,30": 0.0
    }
}