{
    "num_robots": 2,
    "num_tasks": 40,
    "num_nodes": 41,
    "robot_capacity": [
        267,
        246
    ],
    "robot_speed": [
        1.12,
        0.9
    ],
    "task_demand": {
        "0": 0,
        "1": 11,
        "2": 6,
        "3": 12,
        "4": 10,
        "5": 5,
        "6": 7,
        "7": 10,
        "8": 15,
        "9": 9,
        "10": 12,
        "11": 7,
        "12": 5,
        "13": 5,
        "14": 15,
        "15": 14,
        "16": 14,
        "17": 5,
        "18": 8,
        "19": 8,
        "20": 5,
        "21": 6,
        "22": 8,
        "23": 11,
        "24": 6,
        "25": 9,
        "26": 5,
        "27": 6,
        "28": 5,
        "29": 9,
        "30": 15,
        "31": 11,
        "32": 9,
        "33": 8,
        "34": 8,
        "35": 7,
        "36": 12,
        "37": 8,
        "38": 13,
        "39": 7,
        "40": 6
    },
    "task_service_time": {
        "0": 0,
        "1": 96,
        "2": 87,
        "3": 33,
        "4": 74,
        "5": 41,
        "6": 60,
        "7": 33,
        "8": 10,
        "9": 98,
        "10": 67,
        "11": 46,
        "12": 69,
        "13": 98,
        "14": 74,
        "15": 12,
        "16": 17,
        "17": 92,
        "18": 35,
        "19": 83,
        "20": 44,
        "21": 28,
        "22": 67,
        "23": 88,
        "24": 34,
        "25": 91,
        "26": 37,
        "27": 14,
        "28": 95,
        "29": 56,
        "30": 69,
        "31": 68,
        "32": 58,
        "33": 80,
        "34": 19,
        "35": 91,
        "36": 34,
        "37": 87,
        "38": 74,
        "39": 66,
        "40": 27
    },
    "task_precedence": [],
    "coordinates": {
        "0": [
            50.0,
            50.0
        ],
        "1": [
            95.88041469166632,
            47.0196640315786
        ],
        "2": [
            64.67484824960562,
            6.496272048416407
        ],
        "3": [
            86.51617412681198,
            70.94800592474762
        ],
        "4": [
            16.552117438371017,
            98.45320841031408
        ],
        "5": [
            56.38421222558341,
            42.12551727715576
        ],
        "6": [
            34.56304894489028,
            56.592451635089105
        ],
        "7": [
            20.23085945205296,
            66.4062532831801
        ],
        "8": [
            16.54005690498892,
            82.37717874496784
        ],
        "9": [
            63.322172128188846,
            4.8889904304161735
        ],
        "10": [
            74.17501265678453,
            30.914601905329597
        ],
        "11": [
            78.6249427283761,
            18.717660360632017
        ],
        "12": [
            76.41064253883307,
            64.35608183057873
        ],
        "13": [
            45.464894395754754,
            24.008375244736225
        ],
        "14": [
            16.41475777860678,
            55.66788447749457
        ],
        "15": [
            46.075129171871424,
            81.47261272934405
        ],
        "16": [
            26.560395385914116,
            40.56326392678803
        ],
        "17": [
            70.43323526495053,
            37.09169899663394
        ],
        "18": [
            32.30319130805262,
            81.54332431706267
        ],
        "19": [
            60.38127679109549,
            9.066711968808228
        ],
        "20": [
            65.38150981224432,
            98.34638532066133
        ],
        "21": [
            42.98771648801003,
            61.83995595457963
        ],
        "22": [
            50.42236964333958,
            29.28928469331593
        ],
        "23": [
            87.57431721041522,
            22.400292438841873
        ],
        "24": [
            75.5637873839331,
            96.90344161577174
        ],
        "25": [
            7.4776294634941625,
            80.3689400241957
        ],
        "26": [
            33.313924953212315,
            76.6752376348639
        ],
        "27": [
            53.46374667186345,
            20.577422116123678
        ],
        "28": [
            12.59445069644437,
            70.85180289053213
        ],
        "29": [
            13.159183689151355,
            77.36165901798834
        ],
        "30": [
            21.910032033842477,
            90.37275740058175
        ],
        "31": [
            1.6433725049769699,
            60.397018534992675
        ],
        "32": [
            54.487218604557185,
            64.74304962331688
        ],
        "33": [
            55.218784964837276,
            35.59336374368861
        ],
        "34": [
            92.7328217437379,
            99.75760257312974
        ],
        "35": [
            20.693756246217333,
            41.318284489856595
        ],
        "36": [
            62.328248634410585,
            33.164318807013736
        ],
        "37": [
            43.012773974447185,
            87.68152309330316
        ],
        "38": [
            54.89398258307008,
            80.64298495445247
        ],
        "39": [
            69.02313403647071,
            98.40560910518867
        ],
        "40": [
            86.15782034584664,
            55.64879651487027
        ]
    },
    "distance_matrix_str_keys": {
        "0,0": 0.0,
        "0,1": 45.97711229257375,
        "0,2": 45.91214999141674,
        "0,3": 42.09809882979175,
        "0,4": 58.87677176195936,
        "0,5": 10.13733909335488,
        "0,6": 16.785704526138968,
        "0,7": 33.99068807416647,
        "0,8": 46.5601706977646,
        "0,9": 47.037043429622315,
        "0,10": 30.8007087156731,
        "0,11": 42.4025013356003,
        "0,12": 30.060258229767285,
        "0,13": 26.384308599243173,
        "0,14": 34.060144003216976,
        "0,15": 31.71639896061285,
        "0,16": 25.2679055756534,
        "0,17": 24.169016078159224,
        "0,18": 36.16847172401374,
        "0,19": 42.22919578748623,
        "0,20": 50.73424699035185,
        "0,21": 13.7606931896221,
        "0,22": 20.715021714449943,
        "0,23": 46.62159554638123,
        "0,24": 53.417600665090205,
        "0,25": 52.25346413623785,
        "0,26": 31.464160617176653,
        "0,27": 29.62575957405334,
        "0,28": 42.82490866874482,
        "0,29": 45.89015287255376,
        "0,30": 49.18338988384172,
        "0,31": 49.46171668178733,
        "0,32": 15.41079631299655,
        "0,33": 15.322757086467089,
        "0,34": 65.58897062774813,
        "0,35": 30.56514529910156,
        "0,36": 20.866860703606516,
        "0,37": 38.32386345559776,
        "0,38": 31.031332430983266,
        "0,39": 52.00944742461561,
        "0,40": 36.59640520910397,
        "1,0": 45.97711229257375,
        "1,1": 0.0,
        "1,2": 51.14618924994196,
        "1,3": 25.695418796214454,
        "1,4": 94.54304962537717,
        "1,5": 39.79827485828552,
        "1,6": 62.06011283123669,
        "1,7": 78.0941422307821,
        "1,8": 86.86222550928291,
        "1,9": 53.24502621757192,
        "1,10": 27.02771732104268,
        "1,11": 33.14746935236789,
        "1,12": 26.069587833042725,
        "1,13": 55.41880635974513,
        "1,14": 79.93486314184346,
        "1,15": 60.5604833177473,
        "1,16": 69.62004150288189,
        "1,17": 27.315260030073873,
        "1,18": 72.3460189138105,
        "1,19": 51.96744521296665,
        "1,20": 59.70440115377768,
        "1,21": 54.9297603849319,
        "1,22": 48.79344434546915,
        "1,23": 25.982777237803084,
        "1,24": 53.86238586648925,
        "1,25": 94.48400206029632,
        "1,26": 69.23885241634167,
        "1,27": 49.98365616296599,
        "1,28": 86.62864792437804,
        "1,29": 88.11037803985838,
        "1,30": 85.73860399613696,
        "1,31": 95.18179307832922,
        "1,32": 45.027936652030846,
        "1,33": 42.23657739816026,
        "1,34": 52.83178496869356,
        "1,35": 75.40251545453488,
        "1,36": 36.300391711736886,
        "1,37": 66.69613345135171,
        "1,38": 53.01335045887156,
        "1,39": 57.981280386862935,
        "1,40": 12.999644926980281,
        "2,0": 45.91214999141674,
        "2,1": 51.14618924994196,
        "2,2": 0.0,
        "2,3": 68.05196188016731,
        "2,4": 103.78764553547136,
        "2,5": 36.58111208332055,
        "2,6": 58.44953093522324,
        "2,7": 74.5954019480204,
        "2,8": 89.86028120855471,
        "2,9": 2.1007348450036636,
        "2,10": 26.20129685272176,
        "2,11": 18.546359972905275,
        "2,12": 59.03800856759204,
        "2,13": 25.99415483191624,
        "2,14": 68.8976327688003,
        "2,15": 77.24895605555557,
        "2,16": 51.12016679099941,
        "2,17": 31.132606237869137,
        "2,18": 81.73117047586264,
        "2,19": 5.004189969782993,
        "2,20": 91.85283163130212,
        "2,21": 59.44118969494233,
        "2,22": 26.88223524658284,
        "2,23": 27.880522650519865,
        "2,24": 91.06055844684695,
        "2,25": 93.4274740679958,
        "2,26": 76.8673839855764,
        "2,27": 17.9990995834721,
        "2,28": 82.78890118407075,
        "2,29": 87.6114533919648,
        "2,30": 94.14931917438388,
        "2,31": 82.93526033211612,
        "2,32": 59.13099775620734,
        "2,33": 30.595062967227616,
        "2,34": 97.39058295254864,
        "2,35": 56.09731726457443,
        "2,36": 26.771089773723574,
        "2,37": 84.02553450662344,
        "2,38": 74.7890390896751,
        "2,39": 92.01213956592699,
        "2,40": 53.64222918105861,
        "3,0": 42.09809882979175,
        "3,1": 25.695418796214454,
        "3,2": 68.05196188016731,
        "3,3": 0.0,
        "3,4": 75.17649494406741,
        "3,5": 41.69737377650601,
        "3,6": 53.899992162631705,
        "3,7": 66.4407289137394,
        "3,8": 70.90333541376444,
        "3,9": 70.012536425932,
        "3,10": 41.892454019921594,
        "3,11": 52.823106030700146,
        "3,12": 12.065456143011076,
        "3,13": 62.35813095285471,
        "3,14": 71.74740891117402,
        "3,15": 41.78810196023361,
        "3,16": 67.21553355222339,
        "3,17": 37.48213496113864,
        "3,18": 55.23864840799082,
        "3,19": 67.17385950211452,
        "3,20": 34.60267661918495,
        "3,21": 44.47115018382201,
        "3,22": 55.119976203997666,
        "3,23": 48.55924372861435,
        "3,24": 28.1716065796127,
        "3,25": 79.59802473555123,
        "3,26": 53.509629976212196,
        "3,27": 60.246648652736226,
        "3,28": 73.92178603050355,
        "3,29": 73.6368317628581,
        "3,30": 67.46313486664316,
        "3,31": 85.52611174394711,
        "3,32": 32.624461291326185,
        "3,33": 47.21734101055255,
        "3,34": 29.47269187969605,
        "3,35": 72.18386999847588,
        "3,36": 44.86271003669719,
        "3,37": 46.61068999325279,
        "3,38": 33.07499987022704,
        "3,39": 32.55651123841211,
        "3,40": 15.303405699373318,
        "4,0": 58.87677176195936,
        "4,1": 94.54304962537717,
        "4,2": 103.78764553547136,
        "4,3": 75.17649494406741,
        "4,4": 0.0,
        "4,5": 68.9884378974474,
        "4,6": 45.57100625975985,
        "4,7": 32.257409625135224,
        "4,8": 16.07603418936268,
        "4,9": 104.60258554107733,
        "4,10": 88.77984806242571,
        "4,11": 101.04846986603336,
        "4,12": 68.88872961665892,
        "4,13": 79.86226803965775,
        "4,14": 42.785544424635155,
        "4,15": 34.058021837696046,
        "4,16": 58.748713175532664,
        "4,17": 81.66033122493994,
        "4,18": 23.10931647832457,
        "4,19": 99.5537088995375,
        "4,20": 48.82950922110685,
        "4,21": 45.159397167152484,
        "4,22": 77.01196224197196,
        "4,23": 104.05863197363286,
        "4,24": 59.032016456169124,
        "4,25": 20.233316462393045,
        "4,26": 27.48159752017615,
        "4,27": 86.18066177286657,
        "4,28": 27.883699767204526,
        "4,29": 21.36271179404688,
        "4,30": 9.6954080539733,
        "4,31": 40.87229212211517,
        "4,32": 50.74885915893424,
        "4,33": 73.80021171456463,
        "4,34": 76.19187064637364,
        "4,35": 57.28483833800287,
        "4,36": 79.73765291823534,
        "4,37": 28.56913629931607,
        "4,38": 42.27650272103892,
        "4,39": 52.47103818805096,
        "4,40": 81.713961811667,
        "5,0": 10.13733909335488,
        "5,1": 39.79827485828552,
        "5,2": 36.58111208332055,
        "5,3": 41.69737377650601,
        "5,4": 68.9884378974474,
        "5,5": 0.0,
        "5,6": 26.1812023528222,
        "5,7": 43.55019010017739,
        "5,8": 56.63702820709263,
        "5,9": 37.87735760607013,
        "5,10": 21.02848552457057,
        "5,11": 32.28897425937067,
        "5,12": 29.92082738587539,
        "5,13": 21.15330558781952,
        "5,14": 42.201338819731205,
        "5,15": 40.67519039822614,
        "5,16": 29.864706367498027,
        "5,17": 14.923618021176488,
        "5,18": 46.19154771455369,
        "5,19": 33.299566567090615,
        "5,20": 56.936257054957515,
        "5,21": 23.83537686743652,
        "5,22": 14.153177520326913,
        "5,23": 36.90402612028754,
        "5,24": 58.03858284022726,
        "5,25": 62.08392079173074,
        "5,26": 41.54420936334642,
        "5,27": 21.745103451567182,
        "5,28": 52.371201054779526,
        "5,29": 55.76727334876083,
        "5,30": 59.29810519249455,
        "5,31": 57.709681090197165,
        "5,32": 22.696945922917884,
        "5,33": 6.635303345354872,
        "5,34": 68.13720473768859,
        "5,35": 35.69958365006458,
        "5,36": 10.753355143895265,
        "5,37": 47.47783721721962,
        "5,38": 38.54628517326958,
        "5,39": 57.68180892372863,
        "5,40": 32.70086882393502,
        "6,0": 16.785704526138968,
        "6,1": 62.06011283123669,
        "6,2": 58.44953093522324,
        "6,3": 53.899992162631705,
        "6,4": 45.57100625975985,
        "6,5": 26.1812023528222,
        "6,6": 0.0,
        "6,7": 17.37015712210658,
        "6,8": 31.459186165590214,
        "6,9": 59.163629594669565,
        "6,10": 47.20656348280965,
        "6,11": 58.102928479301944,
        "6,12": 42.561661661830364,
        "6,13": 34.359456754245784,
        "6,14": 18.171827004599894,
        "6,15": 27.41441969527219,
        "6,16": 17.915839990716147,
        "6,17": 40.82829435700264,
        "6,18": 25.053003894360216,
        "6,19": 54.08582827271548,
        "6,20": 51.8957465352585,
        "6,21": 9.925287139179758,
        "6,22": 31.575005590919503,
        "6,23": 63.08167969879184,
        "6,24": 57.498143150622695,
        "6,25": 36.04082891111847,
        "6,26": 20.121595470025138,
        "6,27": 40.67331712337168,
        "6,28": 26.19061677829915,
        "6,29": 29.82424220662956,
        "6,30": 36.072259349276095,
        "6,31": 33.13879639040056,
        "6,32": 21.526838694822192,
        "6,33": 29.45540905838007,
        "6,34": 72.43585246943246,
        "6,35": 20.631467760243403,
        "6,36": 36.32882769384228,
        "6,37": 32.21689335130034,
        "6,38": 31.492459661732973,
        "6,39": 54.18337016223988,
        "6,40": 51.603400284311306,
        "7,0": 33.99068807416647,
        "7,1": 78.0941422307821,
        "7,2": 74.5954019480204,
        "7,3": 66.4407289137394,
        "7,4": 32.257409625135224,
        "7,5": 43.55019010017739,
        "7,6": 17.37015712210658,
        "7,7": 0.0,
        "7,8": 16.391841981528312,
        "7,9": 75.10815439783192,
        "7,10": 64.57266435963774,
        "7,11": 75.39277721781222,
        "7,12": 56.21717914181328,
        "7,13": 49.3389965615711,
        "7,14": 11.396279945183824,
        "7,15": 29.91523799523813,
        "7,16": 26.60682476382016,
        "7,17": 58.13451324538862,
        "7,18": 19.361614496890247,
        "7,19": 69.99913578496412,
        "7,20": 55.305996623512556,
        "7,21": 23.210463447509458,
        "7,22": 47.84554989684545,
        "7,23": 80.44666489473477,
        "7,24": 63.180783547754494,
        "7,25": 18.91035420527093,
        "7,26": 16.631856256075352,
        "7,27": 56.610127707886384,
        "7,28": 8.836155838041973,
        "7,29": 13.039536529719117,
        "7,30": 24.025256297672737,
        "7,31": 19.534727366066402,
        "7,32": 34.29671104930533,
        "7,33": 46.621766305675806,
        "7,34": 79.80505645386845,
        "7,35": 25.092238872145746,
        "7,36": 53.63969037651708,
        "7,37": 31.17134477046523,
        "7,38": 37.47287864410557,
        "7,39": 58.34933446188338,
        "7,40": 66.79885514598178,
        "8,0": 46.5601706977646,
        "8,1": 86.86222550928291,
        "8,2": 89.86028120855471,
        "8,3": 70.90333541376444,
        "8,4": 16.07603418936268,
        "8,5": 56.63702820709263,
        "8,6": 31.459186165590214,
        "8,7": 16.391841981528312,
        "8,8": 0.0,
        "8,9": 90.51511273278169,
        "8,10": 77.26697185400181,
        "8,11": 88.92169211518983,
        "8,12": 62.523971068201284,
        "8,13": 65.14263923050602,
        "8,14": 26.709588168624997,
        "8,15": 29.54892102068354,
        "8,16": 42.997798265658986,
        "8,17": 70.39353201662347,
        "8,18": 15.785174038191261,
        "8,19": 85.41941875264868,
        "8,20": 51.385825679352656,
        "8,21": 33.48516413818826,
        "8,22": 62.978850508236626,
        "8,23": 92.96823666240542,
        "8,24": 60.784974069606555,
        "8,25": 9.282274176728768,
        "8,26": 17.716511556237673,
        "8,27": 71.99006032352496,
        "8,28": 12.182039933398466,
        "8,29": 6.048614868983498,
        "8,30": 9.631506160648735,
        "8,31": 26.552563886934433,
        "8,32": 41.84434956995077,
        "8,33": 60.702301030534414,
        "8,34": 78.14996190798459,
        "8,35": 41.26846272481843,
        "8,36": 67.21952160736468,
        "8,37": 26.99890401489112,
        "8,38": 38.39311192157826,
        "8,39": 54.876078258212985,
        "8,40": 74.5723769444519,
        "9,0": 47.037043429622315,
        "9,1": 53.24502621757192,
        "9,2": 2.1007348450036636,
        "9,3": 70.012536425932,
        "9,4": 104.60258554107733,
        "9,5": 37.87735760607013,
        "9,6": 59.163629594669565,
        "9,7": 75.10815439783192,
        "9,8": 90.51511273278169,
        "9,9": 0.0,
        "9,10": 28.197811975085486,
        "9,11": 20.625394543639914,
        "9,12": 60.890418107331115,
        "9,13": 26.161675093375397,
        "9,14": 69.12887675644521,
        "9,15": 78.50166683046865,
        "9,16": 51.22579446668242,
        "9,17": 32.978502966868675,
        "9,18": 82.69258778587994,
        "9,19": 5.1090334346216935,
        "9,20": 93.48008093368443,
        "9,21": 60.47232888120694,
        "9,22": 27.60034898808749,
        "9,23": 29.913412361675668,
        "9,24": 92.82519254497592,
        "9,25": 93.89268201573753,
        "9,26": 77.80591356839508,
        "9,27": 18.528773333252147,
        "9,28": 83.2129458035533,
        "9,29": 88.13973622231394,
        "9,30": 94.98652411054601,
        "9,31": 82.97840385918963,
        "9,32": 60.50260164349954,
        "9,33": 31.75568333511291,
        "9,34": 99.32290712969098,
        "9,35": 56.073837984174965,
        "9,36": 28.292791992235543,
        "9,37": 85.24714140721912,
        "9,38": 76.22140162287867,
        "9,39": 93.69022859958497,
        "9,40": 55.65990247253404,
        "10,0": 30.8007087156731,
        "10,1": 27.02771732104268,
        "10,2": 26.20129685272176,
        "10,3": 41.892454019921594,
        "10,4": 88.77984806242571,
        "10,5": 21.02848552457057,
        "10,6": 47.20656348280965,
        "10,7": 64.57266435963774,
        "10,8": 77.26697185400181,
        "10,9": 28.197811975085486,
        "10,10": 0.0,
        "10,11": 12.983345512109917,
        "10,12": 33.516124784353416,
        "10,13": 29.529084937562935,
        "10,14": 62.84084692053014,
        "10,15": 57.842163776494864,
        "10,16": 48.582388338324876,
        "10,17": 7.222009867442763,
        "10,18": 65.70020514507122,
        "10,19": 25.837907109724426,
        "10,20": 68.0027286720845,
        "10,21": 43.92066672297134,
        "10,22": 23.80818569660072,
        "10,23": 15.87560481405576,
        "10,24": 66.00345189134575,
        "10,25": 83.03175587453119,
        "10,26": 61.348710424019124,
        "10,27": 23.14765268212992,
        "10,28": 73.3971772882565,
        "10,29": 76.68285661759118,
        "10,30": 79.16375720248561,
        "10,31": 78.29464677381422,
        "10,32": 39.14042807189923,
        "10,33": 19.52509617515449,
        "10,34": 71.30042790232426,
        "10,35": 54.48377188275813,
        "10,36": 12.058484313525353,
        "10,37": 64.75776757159379,
        "10,38": 53.33544976264635,
        "10,39": 67.6873541082075,
        "10,40": 27.483960105772184,
        "11,0": 42.4025013356003,
        "11,1": 33.14746935236789,
        "11,2": 18.546359972905275,
        "11,3": 52.823106030700146,
        "11,4": 101.04846986603336,
        "11,5": 32.28897425937067,
        "11,6": 58.102928479301944,
        "11,7": 75.39277721781222,
        "11,8": 88.92169211518983,
        "11,9": 20.625394543639914,
        "11,10": 12.983345512109917,
        "11,11": 0.0,
        "11,12": 45.692106972626064,
        "11,13": 33.57946499583734,
        "11,14": 72.35624488439733,
        "11,15": 70.69423179696156,
        "11,16": 56.461911809157804,
        "11,17": 20.117389665750217,
        "11,18": 78.05618941642354,
        "11,19": 20.639092802076814,
        "11,20": 80.7225021550006,
        "11,21": 55.94232987102727,
        "11,22": 30.118837455124673,
        "11,23": 9.677452280597057,
        "11,24": 78.24568398652649,
        "11,25": 94.14255397516143,
        "11,26": 73.5674458936816,
        "11,27": 25.22983354644769,
        "11,28": 84.1308189387631,
        "11,29": 87.89132030585185,
        "11,30": 91.38399218076182,
        "11,31": 87.54045380215238,
        "11,32": 51.970820492457655,
        "11,33": 28.85546024454603,
        "11,34": 82.25876539382934,
        "11,35": 62.18368418050785,
        "11,36": 21.778158293544998,
        "11,37": 77.61598370418956,
        "11,38": 66.31669695836884,
        "11,39": 80.26433769284488,
        "11,40": 37.69155161097341,
        "12,0": 30.060258229767285,
        "12,1": 26.069587833042725,
        "12,2": 59.03800856759204,
        "12,3": 12.065456143011076,
        "12,4": 68.88872961665892,
        "12,5": 29.92082738587539,
        "12,6": 42.561661661830364,
        "12,7": 56.21717914181328,
        "12,8": 62.523971068201284,
        "12,9": 60.890418107331115,
        "12,10": 33.516124784353416,
        "12,11": 45.692106972626064,
        "12,12": 0.0,
        "12,13": 50.84856689103513,
        "12,14": 60.621703715818576,
        "12,15": 34.831293419072125,
        "12,16": 55.237173398084444,
        "12,17": 27.911932377278497,
        "12,18": 47.33781319795914,
        "12,19": 57.56609232861303,
        "12,20": 35.73489191320763,
        "12,21": 33.51750102890515,
        "12,22": 43.64711433252586,
        "12,23": 43.415618107504855,
        "12,24": 32.55837515356348,
        "12,25": 70.76843872217142,
        "12,26": 44.8228587484668,
        "12,27": 49.42803937365508,
        "12,28": 64.14593310065167,
        "12,29": 64.57470158344249,
        "12,30": 60.39191960131325,
        "12,31": 74.87201647140282,
        "12,32": 21.926838829949872,
        "12,33": 35.72658364834845,
        "12,34": 38.98308870372251,
        "12,35": 60.291886058212306,
        "12,36": 34.223382337190934,
        "12,37": 40.736885432551205,
        "12,38": 26.985734546578183,
        "12,39": 34.84172196515096,
        "12,40": 13.069976770089918,
        "13,0": 26.384308599243173,
        "13,1": 55.41880635974513,
        "13,2": 25.99415483191624,
        "13,3": 62.35813095285471,
        "13,4": 79.86226803965775,
        "13,5": 21.15330558781952,
        "13,6": 34.359456754245784,
        "13,7": 49.3389965615711,
        "13,8": 65.14263923050602,
        "13,9": 26.161675093375397,
        "13,10": 29.529084937562935,
        "13,11": 33.57946499583734,
        "13,12": 50.84856689103513,
        "13,13": 0.0,
        "13,14": 42.96783637017429,
        "13,15": 57.46747755182394,
        "13,16": 25.128557899095455,
        "13,17": 28.188497763402054,
        "13,18": 59.02118935538342,
        "13,19": 21.11283413507638,
        "13,20": 76.9598032202311,
        "13,21": 37.91259565621977,
        "13,22": 7.243242743033995,
        "13,23": 42.140116517333695,
        "13,24": 78.86465659819666,
        "13,25": 67.96723886765889,
        "13,26": 54.05038808754517,
        "13,27": 8.703624366075632,
        "13,28": 57.22563046919142,
        "13,29": 62.37172302933371,
        "13,30": 70.42061317409654,
        "13,31": 56.96015397915848,
        "13,32": 41.72188910940799,
        "13,33": 15.144317077851218,
        "13,34": 89.2871905517407,
        "13,35": 30.219898135132286,
        "13,36": 19.18864296124149,
        "13,37": 63.72034723309389,
        "13,38": 57.41416829508248,
        "13,39": 78.03806161775324,
        "13,40": 51.54639153744142,
        "14,0": 34.060144003216976,
        "14,1": 79.93486314184346,
        "14,2": 68.8976327688003,
        "14,3": 71.74740891117402,
        "14,4": 42.785544424635155,
        "14,5": 42.201338819731205,
        "14,6": 18.171827004599894,
        "14,7": 11.396279945183824,
        "14,8": 26.709588168624997,
        "14,9": 69.12887675644521,
        "14,10": 62.84084692053014,
        "14,11": 72.35624488439733,
        "14,12": 60.621703715818576,
        "14,13": 42.96783637017429,
        "14,14": 0.0,
        "14,15": 39.31439470903998,
        "14,16": 18.195700713070522,
        "14,17": 57.12329277065497,
        "14,18": 30.36413520768749,
        "14,19": 64.0681205691245,
        "14,20": 64.9553480395874,
        "14,21": 27.280333591983382,
        "14,22": 43.03891484826475,
        "14,23": 78.55199283646026,
        "14,24": 72.10394493892751,
        "14,25": 26.26812531647438,
        "14,26": 26.96091129531234,
        "14,27": 51.02909098492195,
        "14,28": 15.657142925061434,
        "14,29": 21.93669565968652,
        "14,30": 35.137248665026206,
        "14,31": 15.509949446590603,
        "14,32": 39.13912231728601,
        "14,33": 43.68911659168357,
        "14,34": 88.13824441829112,
        "14,35": 14.974005732970491,
        "14,36": 51.131781803997626,
        "14,37": 41.62123884482271,
        "14,38": 45.873809362059376,
        "14,39": 67.78019149310211,
        "14,40": 69.74306517932985,
        "15,0": 31.71639896061285,
        "15,1": 60.5604833177473,
        "15,2": 77.24895605555557,
        "15,3": 41.78810196023361,
        "15,4": 34.058021837696046,
        "15,5": 40.67519039822614,
        "15,6": 27.41441969527219,
        "15,7": 29.91523799523813,
        "15,8": 29.54892102068354,
        "15,9": 78.50166683046865,
        "15,10": 57.842163776494864,
        "15,11": 70.69423179696156,
        "15,12": 34.831293419072125,
        "15,13": 57.46747755182394,
        "15,14": 39.31439470903998,
        "15,15": 0.0,
        "15,16": 45.32548570270345,
        "15,17": 50.62591071963006,
        "15,18": 13.77211939584913,
        "15,19": 73.80569303683552,
        "15,20": 25.64099325093424,
        "15,21": 19.873935924123625,
        "15,22": 52.36409289420078,
        "15,23": 72.192254656314,
        "15,24": 33.2819987871823,
        "15,25": 38.61327591875976,
        "15,26": 13.633163275904145,
        "15,27": 61.34179577076001,
        "15,28": 35.12488338496127,
        "15,29": 33.17166573204169,
        "15,30": 25.75198040655001,
        "15,31": 49.17684080083935,
        "15,32": 18.72542470391657,
        "15,33": 46.78153405723249,
        "15,34": 50.112684319622616,
        "15,35": 47.50351742719297,
        "15,36": 50.96915885071898,
        "15,37": 6.923047541572284,
        "15,38": 8.857790793029697,
        "15,39": 28.519068945707883,
        "15,40": 47.68114528434892,
        "16,0": 25.2679055756534,
        "16,1": 69.62004150288189,
        "16,2": 51.12016679099941,
        "16,3": 67.21553355222339,
        "16,4": 58.748713175532664,
        "16,5": 29.864706367498027,
        "16,6": 17.915839990716147,
        "16,7": 26.60682476382016,
        "16,8": 42.997798265658986,
        "16,9": 51.22579446668242,
        "16,10": 48.582388338324876,
        "16,11": 56.461911809157804,
        "16,12": 55.237173398084444,
        "16,13": 25.128557899095455,
        "16,14": 18.195700713070522,
        "16,15": 45.32548570270345,
        "16,16": 0.0,
        "16,17": 44.009974348048,
        "16,18": 41.380491231906454,
        "16,19": 46.215633764615454,
        "16,20": 69.61298760519706,
        "16,21": 26.880373922935973,
        "16,22": 26.391218676271766,
        "16,23": 63.65997321455827,
        "16,24": 74.66959253496546,
        "16,25": 44.14344577422116,
        "16,26": 36.738056653954004,
        "16,27": 33.514536895145824,
        "16,28": 33.35330873582968,
        "16,29": 39.162665336127546,
        "16,30": 50.02610837774801,
        "16,31": 31.84706974130625,
        "16,32": 36.94007974294861,
        "16,33": 29.08613417227018,
        "16,34": 88.78490715126865,
        "16,35": 5.915024162763714,
        "16,36": 36.52511074440994,
        "16,37": 49.90802648976724,
        "16,38": 49.08335971705938,
        "16,39": 71.7552860034905,
        "16,40": 61.47703925304861,
        "17,0": 24.169016078159224,
        "17,1": 27.315260030073873,
        "17,2": 31.132606237869137,
        "17,3": 37.48213496113864,
        "17,4": 81.66033122493994,
        "17,5": 14.923618021176488,
        "17,6": 40.82829435700264,
        "17,7": 58.13451324538862,
        "17,8": 70.39353201662347,
        "17,9": 32.978502966868675,
        "17,10": 7.222009867442763,
        "17,11": 20.117389665750217,
        "17,12": 27.911932377278497,
        "17,13": 28.188497763402054,
        "17,14": 57.12329277065497,
        "17,15": 50.62591071963006,
        "17,16": 44.009974348048,
        "17,17": 0.0,
        "17,18": 58.56489772707494,
        "17,19": 29.773171934980414,
        "17,20": 61.4626433429649,
        "17,21": 36.9558212382285,
        "17,22": 21.47818455751771,
        "17,23": 22.57552030203227,
        "17,24": 60.031384459993774,
        "17,25": 76.39586306067915,
        "17,26": 54.26508757150733,
        "17,27": 23.678785526227227,
        "17,28": 66.9706623476942,
        "17,29": 70.0141890192894,
        "17,30": 72.06505697251832,
        "17,31": 72.63045599003907,
        "17,32": 31.9197844418364,
        "17,33": 15.288051100936146,
        "17,34": 66.51531423802783,
        "17,35": 49.918731934881116,
        "17,36": 9.006393475473542,
        "17,37": 57.54313164501846,
        "17,38": 46.24048964372037,
        "17,39": 61.330122764221585,
        "17,40": 24.323413499500308,
        "18,0": 36.16847172401374,
        "18,1": 72.3460189138105,
        "18,2": 81.73117047586264,
        "18,3": 55.23864840799082,
        "18,4": 23.10931647832457,
        "18,5": 46.19154771455369,
        "18,6": 25.053003894360216,
        "18,7": 19.361614496890247,
        "18,8": 15.785174038191261,
        "18,9": 82.69258778587994,
        "18,10": 65.70020514507122,
        "18,11": 78.05618941642354,
        "18,12": 47.33781319795914,
        "18,13": 59.02118935538342,
        "18,14": 30.36413520768749,
        "18,15": 13.77211939584913,
        "18,16": 41.380491231906454,
        "18,17": 58.56489772707494,
        "18,18": 0.0,
        "18,19": 77.7254026806694,
        "18,20": 37.101455687821854,
        "18,21": 22.413875237201655,
        "18,22": 55.30632224751548,
        "18,23": 80.9493395789185,
        "18,24": 45.90656136404237,
        "18,25": 24.853323708617513,
        "18,26": 4.9719061180656645,
        "18,27": 64.5337921904436,
        "18,28": 22.42193316620175,
        "18,29": 19.595391100614247,
        "18,30": 13.63732555435418,
        "18,31": 37.24500956190289,
        "18,32": 27.827689391636078,
        "18,33": 51.34708666845179,
        "18,34": 63.11497577424029,
        "18,35": 41.86684620980287,
        "18,36": 56.93884650739271,
        "18,37": 12.343931509246929,
        "18,38": 22.608725337782097,
        "18,39": 40.4065692957738,
        "18,40": 59.75656983877942,
        "19,0": 42.22919578748623,
        "19,1": 51.96744521296665,
        "19,2": 5.004189969782993,
        "19,3": 67.17385950211452,
        "19,4": 99.5537088995375,
        "19,5": 33.299566567090615,
        "19,6": 54.08582827271548,
        "19,7": 69.99913578496412,
        "19,8": 85.41941875264868,
        "19,9": 5.1090334346216935,
        "19,10": 25.837907109724426,
        "19,11": 20.639092802076814,
        "19,12": 57.56609232861303,
        "19,13": 21.11283413507638,
        "19,14": 64.0681205691245,
        "19,15": 73.80569303683552,
        "19,16": 46.215633764615454,
        "19,17": 29.773171934980414,
        "19,18": 77.7254026806694,
        "19,19": 0.0,
        "19,20": 89.41958624417457,
        "19,21": 55.56573783185847,
        "19,22": 22.541789617854803,
        "19,23": 30.286066357280852,
        "19,24": 89.13921529257134,
        "19,25": 88.78515431211292,
        "19,26": 72.82550568484551,
        "19,27": 13.429395781121105,
        "19,28": 78.10875884563855,
        "19,29": 83.03087298938266,
        "19,30": 89.94837239731515,
        "19,31": 78.0060367670586,
        "19,32": 55.98744945543739,
        "19,33": 27.024333039724542,
        "19,34": 96.28842141933708,
        "19,35": 51.13964427995728,
        "19,36": 24.17613192153349,
        "19,37": 80.51057954226843,
        "19,38": 71.78630267844204,
        "19,39": 89.755892498455,
        "19,40": 53.23833955230437,
        "20,0": 50.73424699035185,
        "20,1": 59.70440115377768,
        "20,2": 91.85283163130212,
        "20,3": 34.60267661918495,
        "20,4": 48.82950922110685,
        "20,5": 56.936257054957515,
        "20,6": 51.8957465352585,
        "20,7": 55.305996623512556,
        "20,8": 51.385825679352656,
        "20,9": 93.48008093368443,
        "20,10": 68.0027286720845,
        "20,11": 80.7225021550006,
        "20,12": 35.73489191320763,
        "20,13": 76.9598032202311,
        "20,14": 64.9553480395874,
        "20,15": 25.64099325093424,
        "20,16": 69.61298760519706,
        "20,17": 61.4626433429649,
        "20,18": 37.101455687821854,
        "20,19": 89.41958624417457,
        "20,20": 0.0,
        "20,21": 42.82757714965011,
        "20,22": 70.65875049594528,
        "20,23": 79.1222454447942,
        "20,24": 10.28401006817851,
        "20,25": 60.63042057276025,
        "20,26": 38.70359984175712,
        "20,27": 78.67683722785856,
        "20,28": 59.518280159142094,
        "20,29": 56.28081452595345,
        "20,30": 44.19669809438209,
        "20,31": 74.1802169505676,
        "20,32": 35.32519994149096,
        "20,33": 63.570611868725216,
        "20,34": 27.387694289726685,
        "20,35": 72.45136025739191,
        "20,36": 65.25353782600331,
        "20,37": 24.78103366104168,
        "20,38": 20.576652106427687,
        "20,39": 3.6421057709965265,
        "20,40": 47.48409385485932,
        "21,0": 13.7606931896221,
        "21,1": 54.9297603849319,
        "21,2": 59.44118969494233,
        "21,3": 44.47115018382201,
        "21,4": 45.159397167152484,
        "21,5": 23.83537686743652,
        "21,6": 9.925287139179758,
        "21,7": 23.210463447509458,
        "21,8": 33.48516413818826,
        "21,9": 60.47232888120694,
        "21,10": 43.92066672297134,
        "21,11": 55.94232987102727,
        "21,12": 33.51750102890515,
        "21,13": 37.91259565621977,
        "21,14": 27.280333591983382,
        "21,15": 19.873935924123625,
        "21,16": 26.880373922935973,
        "21,17": 36.9558212382285,
        "21,18": 22.413875237201655,
        "21,19": 55.56573783185847,
        "21,20": 42.82757714965011,
        "21,21": 0.0,
        "21,22": 33.38892431778704,
        "21,23": 59.526901668185275,
        "21,24": 47.860718984662476,
        "21,25": 40.053583249701596,
        "21,26": 17.71066981206815,
        "21,27": 42.571632658176625,
        "21,28": 31.70116702384617,
        "21,29": 33.62535702295545,
        "21,30": 35.47378666433057,
        "21,31": 41.36951592397723,
        "21,32": 11.860290965146461,
        "21,33": 28.956564692132286,
        "21,34": 62.548568504744296,
        "21,35": 30.301149532132623,
        "21,36": 34.58826895820047,
        "21,37": 25.841579287318766,
        "21,38": 22.25563011681394,
        "21,39": 44.88752563077341,
        "21,40": 43.61179109259676,
        "22,0": 20.715021714449943,
        "22,1": 48.79344434546915,
        "22,2": 26.88223524658284,
        "22,3": 55.119976203997666,
        "22,4": 77.01196224197196,
        "22,5": 14.153177520326913,
        "22,6": 31.575005590919503,
        "22,7": 47.84554989684545,
        "22,8": 62.978850508236626,
        "22,9": 27.60034898808749,
        "22,10": 23.80818569660072,
        "22,11": 30.118837455124673,
        "22,12": 43.64711433252586,
        "22,13": 7.243242743033995,
        "22,14": 43.03891484826475,
        "22,15": 52.36409289420078,
        "22,16": 26.391218676271766,
        "22,17": 21.47818455751771,
        "22,18": 55.30632224751548,
        "22,19": 22.541789617854803,
        "22,20": 70.65875049594528,
        "22,21": 33.38892431778704,
        "22,22": 0.0,
        "22,23": 37.785254032610936,
        "22,24": 72.13712707296784,
        "22,25": 66.73366390238066,
        "22,26": 50.379831439711495,
        "22,27": 9.227487404137461,
        "22,28": 56.19959404432385,
        "22,29": 60.823500398019135,
        "22,30": 67.41026653216282,
        "22,31": 57.85396846015828,
        "22,32": 35.6860259035561,
        "22,33": 7.921301194225959,
        "22,34": 82.19463596701786,
        "22,35": 32.070037271894954,
        "22,36": 12.520616755269993,
        "22,37": 58.86047581643739,
        "22,38": 51.548015022825275,
        "22,39": 71.57551771531946,
        "22,40": 44.405476017964,
        "23,0": 46.62159554638123,
        "23,1": 25.982777237803084,
        "23,2": 27.880522650519865,
        "23,3": 48.55924372861435,
        "23,4": 104.05863197363286,
        "23,5": 36.90402612028754,
        "23,6": 63.08167969879184,
