{
    "num_robots": 5,
    "num_tasks": 30,
    "num_nodes": 31,
    "robot_capacity": [
        88,
        80,
        111,
        83,
        96
    ],
    "robot_speed": [
        0.89,
        0.98,
        0.85,
        0.84,
        0.89
    ],
    "task_demand": {
        "0": 0,
        "1": 9,
        "2": 11,
        "3": 14,
        "4": 5,
        "5": 12,
        "6": 15,
        "7": 13,
        "8": 11,
        "9": 15,
        "10": 9,
        "11": 12,
        "12": 11,
        "13": 8,
        "14": 13,
        "15": 14,
        "16": 15,
        "17": 15,
        "18": 7,
        "19": 15,
        "20": 11,
        "21": 6,
        "22": 11,
        "23": 14,
        "24": 11,
        "25": 9,
        "26": 6,
        "27": 9,
        "28": 12,
        "29": 7,
        "30": 14
    },
    "task_service_time": {
        "0": 0,
        "1": 20,
        "2": 98,
        "3": 64,
        "4": 85,
        "5": 47,
        "6": 75,
        "7": 39,
        "8": 82,
        "9": 85,
        "10": 26,
        "11": 15,
        "12": 99,
        "13": 66,
        "14": 39,
        "15": 78,
        "16": 84,
        "17": 65,
        "18": 52,
        "19": 70,
        "20": 92,
        "21": 35,
        "22": 21,
        "23": 66,
        "24": 96,
        "25": 85,
        "26": 31,
        "27": 65,
        "28": 64,
        "29": 56,
        "30": 79
    },
    "task_precedence": [],
    "coordinates": {
        "0": [
            100,
            0
        ],
        "1": [
            51.323899975654285,
            91.3429784189029
        ],
        "2": [
            46.806444272843486,
            5.503854410300257
        ],
        "3": [
            47.87423663329774,
            69.56106785212833
        ],
        "4": [
            61.53676608704535,
            74.12365373418808
        ],
        "5": [
            5.458762535442863,
            38.531325818953235
        ],
        "6": [
            46.28575884113179,
            8.019515519825692
        ],
        "7": [
            35.751575922946955,
            56.4434924105427
        ],
        "8": [
            47.17668643838123,
            53.74139234358779
        ],
        "9": [
            43.29331647354589,
            35.87053597251993
        ],
        "10": [
            20.410567464291674,
            32.319160972524266
        ],
        "11": [
            34.2078058695679,
            74.09256068535768
        ],
        "12": [
            45.47644714620014,
            72.33378632818194
        ],
        "13": [
            0.8011201780921962,
            71.21387201878356
        ],
        "14": [
            6.885138409764302,
            1.1403053320447332
        ],
        "15": [
            72.18780278628572,
            12.348394096553616
        ],
        "16": [
            78.58380095168214,
            44.160821668780805
        ],
        "17": [
            79.73697460182983,
            82.33629660070824
        ],
        "18": [
            18.651420853064682,
            29.22662535405055
        ],
        "19": [
            92.49153574366164,
            46.46909984685889
        ],
        "20": [
            96.82235828128054,
            96.03760904595084
        ],
        "21": [
            93.80113913619441,
            44.014899181561574
        ],
        "22": [
            86.75496481537735,
            36.806367159252886
        ],
        "23": [
            2.7334506716193863,
            27.037504163169444
        ],
        "24": [
            17.405786728451687,
            98.87297040969379
        ],
        "25": [
            20.790192282341767,
            17.974895582830385
        ],
        "26": [
            22.870203720730885,
            18.295162468664973
        ],
        "27": [
            58.34849354918846,
            99.0474821477495
        ],
        "28": [
            82.76650039963617,
            29.472454189212584
        ],
        "29": [
            80.75778443245265,
            65.14313031565155
        ],
        "30": [
            21.82971341709998,
            58.295336477169016
        ]
    },
    "distance_matrix_str_keys": {
        "0,0": 0.0,
        "0,1": 103.50315173953047,
        "0,2": 53.47753532342237,
        "0,3": 86.92431976892222,
        "0,4": 83.50890016009359,
        "0,5": 102.09166788086144,
        "0,6": 54.30959705655877,
        "0,7": 85.5203357797655,
        "0,8": 75.35542254314903,
        "0,9": 67.0995030348606,
        "0,10": 85.90114048907618,
        "0,11": 99.08743793947787,
        "0,12": 90.58142447749532,
        "0,13": 122.1140177286334,
        "0,14": 93.12184354499777,
        "0,15": 30.43026701523233,
        "0,16": 49.07985077543565,
        "0,17": 84.79301820437038,
        "0,18": 86.43949883479907,
        "0,19": 47.07179915900869,
        "0,20": 96.09016473164903,
        "0,21": 44.449265752899116,
        "0,22": 39.11699912446789,
        "0,23": 100.95448603020921,
        "0,24": 128.83193836771295,
        "0,25": 81.22370657561773,
        "0,26": 79.26990881687958,
        "0,27": 107.44883298310295,
        "0,28": 34.14116378231672,
        "0,29": 67.92562320118911,
        "0,30": 97.51379368806789,
        "1,0": 103.50315173953047,
        "1,1": 0.0,
        "1,2": 85.95791189059399,
        "1,3": 22.053385343628406,
        "1,4": 20.02018423508708,
        "1,5": 69.94770534297214,
        "1,6": 83.47563917446374,
        "1,7": 38.21611440283086,
        "1,8": 37.829600255660544,
        "1,9": 56.050710453584855,
        "1,10": 66.62916143027391,
        "1,11": 24.300979186654526,
        "1,12": 19.888239955677815,
        "1,13": 54.38503657202294,
        "1,14": 100.55508819311247,
        "1,15": 81.70340747332529,
        "1,16": 54.49089939444876,
        "1,17": 29.80642761363426,
        "1,18": 70.1849856457451,
        "1,19": 60.89695569423704,
        "1,20": 45.740018199747446,
        "1,21": 63.5945196616641,
        "1,22": 65.03539285160693,
        "1,23": 80.59916738293754,
        "1,24": 34.74390861189102,
        "1,25": 79.4681249592656,
        "1,26": 78.39385336662102,
        "1,27": 10.426135073993088,
        "1,28": 69.40172108729641,
        "1,29": 39.4054005797378,
        "1,30": 44.29507510615434,
        "2,0": 53.47753532342237,
        "2,1": 85.95791189059399,
        "2,2": 0.0,
        "2,3": 64.06611252805155,
        "2,4": 70.18304097145254,
        "2,5": 52.91922762764743,
        "2,6": 2.568981147609989,
        "2,7": 52.12539528703152,
        "2,8": 48.23895878982563,
        "2,9": 30.569223346945698,
        "2,10": 37.62715745998224,
        "2,11": 69.73619087749626,
        "2,12": 66.84316488995401,
        "2,13": 80.21406522032335,
        "2,14": 40.15907397303709,
        "2,15": 26.28804069352799,
        "2,16": 50.04159784736463,
        "2,17": 83.5921288201866,
        "2,18": 36.81677885174009,
        "2,19": 61.36186858607314,
        "2,20": 103.43090632169648,
        "2,21": 60.758554251015184,
        "2,22": 50.751665962169085,
        "2,23": 49.05228676272681,
        "2,24": 97.88866372849722,
        "2,25": 28.850861955238464,
        "2,26": 27.139660528690957,
        "2,27": 94.25300627449535,
        "2,28": 43.215962467631755,
        "2,29": 68.62606450284109,
        "2,30": 58.401863523836084,
        "3,0": 86.92431976892222,
        "3,1": 22.053385343628406,
        "3,2": 64.06611252805155,
        "3,3": 0.0,
        "3,4": 14.404232051924597,
        "3,5": 52.553946888803615,
        "3,6": 61.56204939056,
        "3,7": 17.86140218918921,
        "3,8": 15.835046872994898,
        "3,9": 34.00054069924375,
        "3,10": 46.27324013135146,
        "3,11": 14.398116443390448,
        "3,12": 3.6657007750067185,
        "3,13": 47.10212367206659,
        "3,14": 79.75905539189985,
        "3,15": 62.164616441650715,
        "3,16": 39.852852429903294,
        "3,17": 34.32842175850615,
        "3,18": 49.808033626676945,
        "3,19": 50.23885315430744,
        "3,20": 55.650030066963154,
        "3,21": 52.55365931365411,
        "3,22": 50.838778913823404,
        "3,23": 62.01567564775055,
        "3,24": 42.279002721780536,
        "3,25": 58.263870690181875,
        "3,26": 57.03853711902983,
        "3,27": 31.291511404102827,
        "3,28": 53.146655738195314,
        "3,29": 33.17899769335289,
        "3,30": 28.376643440897073,
        "4,0": 83.50890016009359,
        "4,1": 20.02018423508708,
        "4,2": 70.18304097145254,
        "4,3": 14.404232051924597,
        "4,4": 0.0,
        "4,5": 66.41954748987038,
        "4,6": 67.84062434174994,
        "4,7": 31.264422851363218,
        "4,8": 24.932879234270814,
        "4,9": 42.380708728009076,
        "4,10": 58.64281565731807,
        "4,11": 27.328977905259297,
        "4,12": 16.1597484452189,
        "4,13": 60.805308268349734,
        "4,14": 91.17768121511313,
        "4,15": 62.68673931594875,
        "4,16": 34.47278206144582,
        "4,17": 19.967350671399494,
        "4,18": 62.0878087325087,
        "4,19": 41.50869927137403,
        "4,20": 41.53666397177086,
        "4,21": 44.130792752509706,
        "4,22": 45.039287565607474,
        "4,23": 75.33216700235306,
        "4,24": 50.59715421891912,
        "4,25": 69.37554553848074,
        "4,26": 67.91114402079144,
        "4,27": 25.126923897769583,
        "4,28": 49.441189708464904,
        "4,29": 21.21549780479749,
        "4,30": 42.745592274790894,
        "5,0": 102.09166788086144,
        "5,1": 69.94770534297214,
        "5,2": 52.91922762764743,
        "5,3": 52.553946888803615,
        "5,4": 66.41954748987038,
        "5,5": 0.0,
        "5,6": 50.96875704855557,
        "5,7": 35.192332331560536,
        "5,8": 44.404181092045434,
        "5,9": 37.92800119044121,
        "5,10": 16.190968553781936,
        "5,11": 45.72864439113605,
        "5,12": 52.38340785099807,
        "5,13": 33.012762053984986,
        "5,14": 37.418216969642714,
        "5,15": 71.68201117699228,
        "5,16": 73.34141031436262,
        "5,17": 86.23298819459735,
        "5,18": 16.14384353947586,
        "5,19": 87.39400362056506,
        "5,20": 107.95498709273471,
        "5,21": 88.51240071477059,
        "5,22": 81.31450047511638,
        "5,23": 11.812504434287483,
        "5,24": 61.512969843632064,
        "5,25": 25.644094098577206,
        "5,26": 26.695703611036247,
        "5,27": 80.3711939908676,
        "5,28": 77.83668472438269,
        "5,29": 79.86320076992189,
        "5,30": 25.663673744569326,
        "6,0": 54.30959705655877,
        "6,1": 83.47563917446374,
        "6,2": 2.568981147609989,
        "6,3": 61.56204939056,
        "6,4": 67.84062434174994,
        "6,5": 50.96875704855557,
        "6,6": 0.0,
        "6,7": 49.55653889918537,
        "6,8": 45.73055622087725,
        "6,9": 28.011320061355836,
        "6,10": 35.496454723182644,
        "6,11": 67.16788105508272,
        "6,12": 64.31936267587031,
        "6,13": 77.86128079876836,
        "6,14": 39.99665514995426,
        "6,15": 26.261284627160553,
        "6,16": 48.47017159374809,
        "6,17": 81.49826860794403,
        "6,18": 34.8338648955238,
        "6,19": 60.11110009048244,
        "6,20": 101.49449576675455,
        "6,21": 59.61022571287571,
        "6,22": 49.66326066113969,
        "6,23": 47.523546152728635,
        "6,24": 95.33311625376818,
        "6,25": 27.370303366103986,
        "6,26": 25.57102152464236,
        "6,27": 91.8237457145556,
        "6,28": 42.32107137361795,
        "6,29": 66.71902214294343,
        "6,30": 55.90846385581659,
        "7,0": 85.5203357797655,
        "7,1": 38.21611440283086,
        "7,2": 52.12539528703152,
        "7,3": 17.86140218918921,
        "7,4": 31.264422851363218,
        "7,5": 35.192332331560536,
        "7,6": 49.55653889918537,
        "7,7": 0.0,
        "7,8": 11.740293653130003,
        "7,9": 21.911740851272658,
        "7,10": 28.588982280939938,
        "7,11": 17.716456670192,
        "7,12": 18.62993722742566,
        "7,13": 37.94335871459705,
        "7,14": 62.38360133674412,
        "7,15": 57.201191625324135,
        "7,16": 44.55854016305676,
        "7,17": 51.040695584705006,
        "7,18": 32.143010994379296,
        "7,19": 57.609995204571824,
        "7,20": 72.78279006741396,
        "7,21": 59.36515576413733,
        "7,22": 54.65310939596517,
        "7,23": 44.214349932086634,
        "7,24": 46.22584325298248,
        "7,25": 41.27560953316676,
        "7,26": 40.26443625789874,
        "7,27": 48.22572578754172,
        "7,28": 54.2018452295237,
        "7,29": 45.83931177582305,
        "7,30": 14.04448582465043,
        "8,0": 75.35542254314903,
        "8,1": 37.829600255660544,
        "8,2": 48.23895878982563,
        "8,3": 15.835046872994898,
        "8,4": 24.932879234270814,
        "8,5": 44.404181092045434,
        "8,6": 45.73055622087725,
        "8,7": 11.740293653130003,
        "8,8": 0.0,
        "8,9": 18.287921416036376,
        "8,10": 34.28319007692393,
        "8,11": 24.132175950029893,
        "8,12": 18.66997396165965,
        "8,13": 49.55785197082888,
        "8,14": 66.2592121696166,
        "8,15": 48.362550024242815,
        "8,16": 32.83586722635125,
        "8,17": 43.33406183085883,
        "8,18": 37.61202702945096,
        "8,19": 45.89468167139033,
        "8,20": 65.22010947603584,
        "8,21": 47.62818764766891,
        "8,22": 43.04921831207921,
        "8,23": 51.84880759836494,
        "8,24": 54.06630936429546,
        "8,25": 44.446477525041004,
        "8,26": 42.97953366951887,
        "8,27": 46.663165853420715,
        "8,28": 43.07686405644712,
        "8,29": 35.463922107841206,
        "8,30": 25.752814380438856,
        "9,0": 67.0995030348606,
        "9,1": 56.050710453584855,
        "9,2": 30.569223346945698,
        "9,3": 34.00054069924375,
        "9,4": 42.380708728009076,
        "9,5": 37.92800119044121,
        "9,6": 28.011320061355836,
        "9,7": 21.911740851272658,
        "9,8": 18.287921416036376,
        "9,9": 0.0,
        "9,10": 23.156693775474924,
        "9,11": 39.28701663506376,
        "9,12": 36.528546180125616,
        "9,13": 55.26968562322828,
        "9,14": 50.31644214632657,
        "9,15": 37.25832118749042,
        "9,16": 36.251167313994216,
        "9,17": 59.05257935541283,
        "9,18": 25.52184491914527,
        "9,19": 50.32687488359308,
        "9,20": 80.53219852380649,
        "9,21": 51.16024630709221,
        "9,22": 43.471722494042986,
        "9,23": 41.51054281523291,
        "9,24": 68.11366192852597,
        "9,25": 28.75142680497516,
        "9,26": 26.94433685051837,
        "9,27": 64.94601515725817,
        "9,28": 39.988344548991286,
        "9,29": 47.54441227969373,
        "9,30": 31.041229579995445,
        "10,0": 85.90114048907618,
        "10,1": 66.62916143027391,
        "10,2": 37.62715745998224,
        "10,3": 46.27324013135146,
        "10,4": 58.64281565731807,
        "10,5": 16.190968553781936,
        "10,6": 35.496454723182644,
        "10,7": 28.588982280939938,
        "10,8": 34.28319007692393,
        "10,9": 23.156693775474924,
        "10,10": 0.0,
        "10,11": 43.992962064177725,
        "10,12": 47.21724861299686,
        "10,13": 43.55833984717784,
        "10,14": 33.986148210100474,
        "10,15": 55.495167602265276,
        "10,16": 59.366236384191595,
        "10,17": 77.59727083021083,
        "10,18": 3.557860783015548,
        "10,19": 73.45669988666076,
        "10,20": 99.49272536595439,
        "10,21": 74.3166623482448,
        "10,22": 66.49597039852084,
        "10,23": 18.44929149733346,
        "10,24": 66.62160503822727,
        "10,25": 14.349287946530634,
        "10,26": 14.238059718593611,
        "10,27": 76.75907166248888,
        "10,28": 62.42087881268041,
        "10,29": 68.69643046942727,
        "10,30": 26.014912436590638,
        "11,0": 99.08743793947787,
        "11,1": 24.300979186654526,
        "11,2": 69.73619087749626,
        "11,3": 14.398116443390448,
        "11,4": 27.328977905259297,
        "11,5": 45.72864439113605,
        "11,6": 67.16788105508272,
        "11,7": 17.716456670192,
        "11,8": 24.132175950029893,
        "11,9": 39.28701663506376,
        "11,10": 43.992962064177725,
        "11,11": 0.0,
        "11,12": 11.405067446572982,
        "11,13": 33.530486088455525,
        "11,14": 77.9009609584759,
        "11,15": 72.49015294189883,
        "11,16": 53.52698328959234,
        "11,17": 46.269475762027156,
        "11,18": 47.4863482269875,
        "11,19": 64.4984399558036,
        "11,20": 66.34883059457704,
        "11,21": 66.75350995538851,
        "11,22": 64.43185656910951,
        "11,23": 56.61107117369321,
        "11,24": 29.939548315303742,
        "11,25": 57.69943406079062,
        "11,26": 56.937605062361875,
        "11,27": 34.720612132264144,
        "11,28": 65.94619563092182,
        "11,29": 47.40245571853054,
        "11,30": 20.069117206435,
        "12,0": 90.58142447749532,
        "12,1": 19.888239955677815,
        "12,2": 66.84316488995401,
        "12,3": 3.6657007750067185,
        "12,4": 16.1597484452189,
        "12,5": 52.38340785099807,
        "12,6": 64.31936267587031,
        "12,7": 18.62993722742566,
        "12,8": 18.66997396165965,
        "12,9": 36.528546180125616,
        "12,10": 47.21724861299686,
        "12,11": 11.405067446572982,
        "12,12": 0.0,
        "12,13": 44.689361684496546,
        "12,14": 80.98024973003146,
        "12,15": 65.66386983199686,
        "12,16": 43.47197733829494,
        "12,17": 35.69081048799467,
        "12,18": 50.7721317543107,
        "12,19": 53.660046241168025,
        "12,20": 56.55328285543635,
        "12,21": 56.011027710182546,
        "12,22": 54.46203754698646,
        "12,23": 62.27934589892906,
        "12,24": 38.63017302576991,
        "12,25": 59.70176029455445,
        "12,26": 58.576574758532345,
        "12,27": 29.65318065471335,
        "12,28": 56.812339015139514,
        "12,29": 36.00664236771948,
        "12,30": 27.49992891398754,
        "13,0": 122.1140177286334,
        "13,1": 54.38503657202294,
        "13,2": 80.21406522032335,
        "13,3": 47.10212367206659,
        "13,4": 60.805308268349734,
        "13,5": 33.012762053984986,
        "13,6": 77.86128079876836,
        "13,7": 37.94335871459705,
        "13,8": 49.55785197082888,
        "13,9": 55.26968562322828,
        "13,10": 43.55833984717784,
        "13,11": 33.530486088455525,
        "13,12": 44.689361684496546,
        "13,13": 0.0,
        "13,14": 70.33718807319605,
        "13,15": 92.52676880133393,
        "13,16": 82.35297785487774,
        "13,17": 79.71560350512378,
        "13,18": 45.62413962665001,
        "13,19": 94.97071157165917,
        "13,20": 99.17810285977015,
        "13,21": 96.89575661300815,
        "13,22": 92.58477087831011,
        "13,23": 44.21860895653267,
        "13,24": 32.260512628392625,
        "13,25": 56.86784342259575,
        "13,26": 57.33615150026882,
        "13,27": 63.92503449137619,
        "13,28": 91.98189776953453,
        "13,29": 80.18679482003674,
        "13,30": 24.679754742533444,
        "14,0": 93.12184354499777,
        "14,1": 100.55508819311247,
        "14,2": 40.15907397303709,
        "14,3": 79.75905539189985,
        "14,4": 91.17768121511313,
        "14,5": 37.418216969642714,
        "14,6": 39.99665514995426,
        "14,7": 62.38360133674412,
        "14,8": 66.2592121696166,
        "14,9": 50.31644214632657,
        "14,10": 33.986148210100474,
        "14,11": 77.9009609584759,
        "14,12": 80.98024973003146,
        "14,13": 70.33718807319605,
        "14,14": 0.0,
        "14,15": 66.25752205165622,
        "14,16": 83.61496897194417,
        "14,17": 109.08794174727299,
        "14,18": 30.451383793089658,
        "14,19": 96.86668610340375,
        "14,20": 130.7447963415248,
        "14,21": 96.91554044650334,
        "14,22": 87.47146469749434,
        "14,23": 26.227874835256287,
        "14,24": 98.29729327008666,
        "14,25": 21.834696061798727,
        "14,26": 23.448058264464407,
        "14,27": 110.60873471036622,
        "14,28": 80.99809723877894,
        "14,29": 97.7421579272507,
        "14,30": 59.07654278434046,
        "15,0": 30.43026701523233,
        "15,1": 81.70340747332529,
        "15,2": 26.28804069352799,
        "15,3": 62.164616441650715,
        "15,4": 62.68673931594875,
        "15,5": 71.68201117699228,
        "15,6": 26.261284627160553,
        "15,7": 57.201191625324135,
        "15,8": 48.362550024242815,
        "15,9": 37.25832118749042,
        "15,10": 55.495167602265276,
        "15,11": 72.49015294189883,
        "15,12": 65.66386983199686,
        "15,13": 92.52676880133393,
        "15,14": 66.25752205165622,
        "15,15": 0.0,
        "15,16": 32.449026804666346,
        "15,17": 70.39386686375211,
        "15,18": 56.13393698005925,
        "15,19": 39.7047117217006,
        "15,20": 87.23958977025507,
        "15,21": 38.339325143683986,
        "15,22": 28.467431494912432,
        "15,23": 70.99068236196361,
        "15,24": 102.40884526997267,
        "15,25": 51.70466018155621,
        "15,26": 49.67483901999441,
        "15,27": 87.79668757458349,
        "15,28": 20.12814639383622,
        "15,29": 53.48578089417568,
        "15,30": 68.16933826173236,
        "16,0": 49.07985077543565,
        "16,1": 54.49089939444876,
        "16,2": 50.04159784736463,
        "16,3": 39.852852429903294,
        "16,4": 34.47278206144582,
        "16,5": 73.34141031436262,
        "16,6": 48.47017159374809,
        "16,7": 44.55854016305676,
        "16,8": 32.83586722635125,
        "16,9": 36.251167313994216,
        "16,10": 59.366236384191595,
        "16,11": 53.52698328959234,
        "16,12": 43.47197733829494,
        "16,13": 82.35297785487774,
        "16,14": 83.61496897194417,
        "16,15": 32.449026804666346,
        "16,16": 0.0,
        "16,17": 38.19288802572561,
        "16,18": 61.76504192382662,
        "16,19": 14.097986919820459,
        "16,20": 54.98950847244551,
        "16,21": 15.21803781024648,
        "16,22": 10.993448959269971,
        "16,23": 77.7591386269562,
        "16,24": 82.0741655098946,
        "16,25": 63.44922322616498,
        "16,26": 61.4250538646015,
        "16,27": 58.49797572743009,
        "16,28": 15.272298906410661,
        "16,29": 21.094631552298083,
        "16,30": 58.48769922600443,
        "17,0": 84.79301820437038,
        "17,1": 29.80642761363426,
        "17,2": 83.5921288201866,
        "17,3": 34.32842175850615,
        "17,4": 19.967350671399494,
        "17,5": 86.23298819459735,
        "17,6": 81.49826860794403,
        "17,7": 51.040695584705006,
        "17,8": 43.33406183085883,
        "17,9": 59.05257935541283,
        "17,10": 77.59727083021083,
        "17,11": 46.269475762027156,
        "17,12": 35.69081048799467,
        "17,13": 79.71560350512378,
        "17,14": 109.08794174727299,
        "17,15": 70.39386686375211,
        "17,16": 38.19288802572561,
        "17,17": 0.0,
        "17,18": 80.94493224854372,
        "17,19": 38.06750100676517,
        "17,20": 21.900600407208035,
        "17,21": 40.82070827663159,
        "17,22": 46.06763138670526,
        "17,23": 94.80242160789192,
        "17,24": 64.48750702555613,
        "17,25": 87.27607396534974,
        "17,26": 85.64517786403249,
        "17,27": 27.14278622630403,
        "17,28": 52.95057942144751,
        "17,29": 17.223443895339464,
        "17,30": 62.69943111048236,
        "18,0": 86.43949883479907,
        "18,1": 70.1849856457451,
        "18,2": 36.81677885174009,
        "18,3": 49.808033626676945,
        "18,4": 62.0878087325087,
        "18,5": 16.14384353947586,
        "18,6": 34.8338648955238,
        "18,7": 32.143010994379296,
        "18,8": 37.61202702945096,
        "18,9": 25.52184491914527,
        "18,10": 3.557860783015548,
        "18,11": 47.4863482269875,
        "18,12": 50.7721317543107,
        "18,13": 45.62413962665001,
        "18,14": 30.451383793089658,
        "18,15": 56.13393698005925,
        "18,16": 61.76504192382662,
        "18,17": 80.94493224854372,
        "18,18": 0.0,
        "18,19": 75.82654873915669,
        "18,20": 102.83191625310405,
        "18,21": 76.59094725116807,
        "18,22": 68.52404823169881,
        "18,23": 16.067794692668507,
        "18,24": 69.65748333081035,
        "18,25": 11.45319894489108,
        "18,26": 11.717295323541022,
        "18,27": 80.31693236203405,
        "18,28": 64.11555082099339,
        "18,29": 71.74395950678941,
        "18,30": 29.241947780233676,
        "19,0": 47.07179915900869,
        "19,1": 60.89695569423704,
        "19,2": 61.36186858607314,
        "19,3": 50.23885315430744,
        "19,4": 41.50869927137403,
        "19,5": 87.39400362056506,
        "19,6": 60.11110009048244,
        "19,7": 57.609995204571824,
        "19,8": 45.89468167139033,
        "19,9": 50.32687488359308,
        "19,10": 73.45669988666076,
        "19,11": 64.4984399558036,
        "19,12": 53.660046241168025,
        "19,13": 94.97071157165917,
        "19,14": 96.86668610340375,
        "19,15": 39.7047117217006,
        "19,16": 14.097986919820459,
        "19,17": 38.06750100676517,
        "19,18": 75.82654873915669,
        "19,19": 0.0,
        "19,20": 49.757342453881236,
        "19,21": 2.7817551925500394,
        "19,22": 11.23728832981365,
        "19,23": 91.83736029859719,
        "19,24": 91.56437819993896,
        "19,25": 77.15570186835409,
        "19,26": 75.10592932676857,
        "19,27": 62.691575316562144,
        "19,28": 19.582192830582883,
        "19,29": 22.054485570574872,
        "19,30": 71.64462999657866,
        "20,0": 96.09016473164903,
        "20,1": 45.740018199747446,
        "20,2": 103.43090632169648,
        "20,3": 55.650030066963154,
        "20,4": 41.53666397177086,
        "20,5": 107.95498709273471,
        "20,6": 101.49449576675455,
        "20,7": 72.78279006741396,
        "20,8": 65.22010947603584,
        "20,9": 80.53219852380649,
        "20,10": 99.49272536595439,
        "20,11": 66.34883059457704,
        "20,12": 56.55328285543635,
        "20,13": 99.17810285977015,
        "20,14": 130.7447963415248,
        "20,15": 87.23958977025507,
        "20,16": 54.98950847244551,
        "20,17": 21.900600407208035,
        "20,18": 102.83191625310405,
        "20,19": 49.757342453881236,
        "20,20": 0.0,
        "20,21": 52.11036467687652,
        "20,22": 60.08071592980424,
        "20,23": 116.6779199720932,
        "20,24": 79.46717002176806,
        "20,25": 108.97099384568094,
        "20,26": 107.29775936136585,
        "20,27": 38.5914187807633,
        "20,28": 68.03298451406148,
        "20,29": 34.82153570653311,
        "20,30": 83.95460632020931,
        "21,0": 44.449265752899116,
        "21,1": 63.5945196616641,
        "21,2": 60.758554251015184,
        "21,3": 52.55365931365411,
        "21,4": 44.130792752509706,
        "21,5": 88.51240071477059,
        "21,6": 59.61022571287571,
        "21,7": 59.36515576413733,
        "21,8": 47.62818764766891,
        "21,9": 51.16024630709221,
        "21,10": 74.3166623482448,
        "21,11": 66.75350995538851,
        "21,12": 56.011027710182546,
        "21,13": 96.89575661300815,
        "21,14": 96.91554044650334,
        "21,15": 38.339325143683986,
        "21,16": 15.21803781024648,
        "21,17": 40.82070827663159,
        "21,18": 76.59094725116807,
        "21,19": 2.7817551925500394,
        "21,20": 52.11036467687652,
        "21,21": 0.0,
        "21,22": 10.080253294237776,
        "21,23": 92.63668724588233,
        "21,24": 94.05135750415317,
        "21,25": 77.51567678810544,
        "21,26": 75.44999970505884,
        "21,27": 65.46354151012768,
        "21,28": 18.255025565631176,
        "21,29": 24.83004737778708,
        "21,30": 73.37449835871386,
        "22,0": 39.11699912446789,
        "22,1": 65.03539285160693,
        "22,2": 50.751665962169085,
        "22,3": 50.838778913823404,
        "22,4": 45.039287565607474,
        "22,5": 81.31450047511638,
        "22,6": 49.66326066113969,
        "22,7": 54.65310939596517,
        "22,8": 43.04921831207921,
        "22,9": 43.471722494042986,
        "22,10": 66.49597039852084,
        "22,11": 64.43185656910951,
        "22,12": 54.46203754698646,
        "22,13": 92.58477087831011,
        "22,14": 87.47146469749434,
        "22,15": 28.467431494912432,
        "22,16": 10.993448959269971,
        "22,17": 46.06763138670526,
        "22,18": 68.52404823169881,
        "22,19": 11.23728832981365,
        "22,20": 60.08071592980424,
        "22,21": 10.080253294237776,
        "22,22": 0.0,
        "22,23": 84.58750216932741,
        "22,24": 93.06756545854077,
        "22,25": 68.60011324384774,
        "22,26": 66.5126108284504,
        "22,27": 68.41698623008816,
        "22,28": 8.348300895856532,
        "22,29": 28.964431959338842,
        "22,30": 68.38906397572538,
        "23,0": 100.95448603020921,
        "23,1": 80.59916738293754,
        "23,2": 49.05228676272681,
        "23,3": 62.01567564775055,
        "23,4": 75.33216700235306,
        "23,5": 11.812504434287483,
        "23,6": 47.523546152728635,
        "23,7": 44.214349932086634,
        "23,8": 51.84880759836494,
        "23,9": 41.51054281523291,
        "23,10": 18.44929149733346,
        "23,11": 56.61107117369321,
        "23,12": 62.27934589892906,
        "23,13": 44.21860895653267,
        "23,14": 26.227874835256287,
        "23,15": 70.99068236196361,
        "23,16": 77.7591386269562,
        "23,17": 94.80242160789192,
        "23,18": 16.067794692668507,
        "23,19": 91.83736029859719,
        "23,20": 116.6779199720932,
        "23,21": 92.63668724588233,
        "23,22": 84.58750216932741,
        "23,23": 0.0,
        "23,24": 73.31856283520675,
        "23,25": 20.203385653816248,
        "23,26": 21.952616282902877,
        "23,27": 90.98609741940551,
        "23,28": 80.07008199319229,
        "23,29": 86.83222560371601,
        "23,30": 36.629487190166145,
        "24,0": 128.83193836771295,
        "24,1": 34.74390861189102,
        "24,2": 97.88866372849722,
        "24,3": 42.279002721780536,
        "24,4": 50.59715421891912,
        "24,5": 61.512969843632064,
        "24,6": 95.33311625376818,
        "24,7": 46.22584325298248,
        "24,8": 54.06630936429546,
        "24,9": 68.11366192852597,
        "24,10": 66.62160503822727,
        "24,11": 29.939548315303742,
        "24,12": 38.63017302576991,
        "24,13": 32.260512628392625,
        "24,14": 98.29729327008666,
        "24,15": 102.40884526997267,
        "24,16": 82.0741655098946,
        "24,17": 64.48750702555613,
        "24,18": 69.65748333081035,
        "24,19": 91.56437819993896,
        "24,20": 79.46717002176806,
        "24,21": 94.05135750415317,
        "24,22": 93.06756545854077,
        "24,23": 73.31856283520675,
        "24,24": 0.0,
        "24,25": 80.96883790475194,
        "24,26": 80.76288123665994,
        "24,27": 40.94307873323066,
        "24,28": 95.33338629921754,
        "24,29": 71.7717056078327,
        "24,30": 40.81807813835091,
        "25,0": 81.22370657561773,
        "25,1": 79.4681249592656,
        "25,2": 28.850861955238464,
        "25,3": 58.263870690181875,
        "25,4": 69.37554553848074,
        "25,5": 25.644094098577206,
        "25,6": 27.370303366103986,
        "25,7": 41.27560953316676,
        "25,8": 44.446477525041004,
        "25,9": 28.75142680497516,
        "25,10": 14.349287946530634,
        "25,11": 57.69943406079062,
        "25,12": 59.70176029455445,
        "25,13": 56.86784342259575,
        "25,14": 21.834696061798727,
        "25,15": 51.70466018155621,
        "25,16": 63.44922322616498,
        "25,17": 87.27607396534974,
        "25,18": 11.45319894489108,
        "25,19": 77.15570186835409,
        "25,20": 108.97099384568094,
        "25,21": 77.51567678810544,
        "25,22": 68.60011324384774,
        "25,23": 20.203385653816248,
        "25,24": 80.96883790475194,
        "25,25": 0.0,
        "25,26": 2.10452333367719,
        "25,27": 89.34981973332415,
        "25,28": 63.033773659499445,
        "25,29": 76.29517990078114,
        "25,30": 40.33383887139264,
        "26,0": 79.26990881687958,
        "26,1": 78.39385336662102,
        "26,2": 27.139660528690957,
        "26,3": 57.03853711902983,
        "26,4": 67.91114402079144,
        "26,5": 26.695703611036247,
        "26,6": 25.57102152464236,
        "26,7": 40.26443625789874,
        "26,8": 42.97953366951887,
        "26,9": 26.94433685051837,
        "26,10": 14.238059718593611,
        "26,11": 56.937605062361875,
        "26,12": 58.576574758532345,
        "26,13": 57.33615150026882,
        "26,14": 23.448058264464407,
        "26,15": 49.67483901999441,
        "26,16": 61.4250538646015,
        "26,17": 85.64517786403249,
        "26,18": 11.717295323541022,
        "26,19": 75.10592932676857,
        "26,20": 107.29775936136585,
        "26,21": 75.44999970505884,
        "26,22": 66.5126108284504,
        "26,23": 21.952616282902877,
        "26,24": 80.76288123665994,
        "26,25": 2.10452333367719,
        "26,26": 0.0,
        "26,27": 88.20230259298847,
        "26,28": 60.93027331346597,
        "26,29": 74.46948430094297,
        "26,30": 40.01370441214551,
        "27,0": 107.44883298310295,
        "27,1": 10.426135073993088,
        "27,2": 94.25300627449535,
        "27,3": 31.291511404102827,
        "27,4": 25.126923897769583,
        "27,5": 80.3711939908676,
        "27,6": 91.8237457145556,
        "27,7": 48.22572578754172,
        "27,8": 46.663165853420715,
        "27,9": 64.94601515725817,
        "27,10": 76.75907166248888,
        "27,11": 34.720612132264144,
        "27,12": 29.65318065471335,
        "27,13": 63.92503449137619,
        "27,14": 110.60873471036622,
        "27,15": 87.79668757458349,
        "27,16": 58.49797572743009,
        "27,17": 27.14278622630403,
        "27,18": 80.31693236203405,
        "27,19": 62.691575316562144,
        "27,20": 38.5914187807633,
        "27,21": 65.46354151012768,
        "27,22": 68.41698623008816,
        "27,23": 90.98609741940551,
        "27,24": 40.94307873323066,
        "27,25": 89.34981973332415,
        "27,26": 88.20230259298847,
        "27,27": 0.0,
        "27,28": 73.73549738070332,
        "27,29": 40.64088324637436,
        "27,30": 54.720733539418426,
        "28,0": 34.14116378231672,
        "28,1": 69.40172108729641,
        "28,2": 43.215962467631755,
        "28,3": 53.146655738195314,
        "28,4": 49.441189708464904,
        "28,5": 77.83668472438269,
        "28,6": 42.32107137361795,
        "28,7": 54.2018452295237,
        "28,8": 43.07686405644712,
        "28,9": 39.988344548991286,
        "28,10": 62.42087881268041,
        "28,11": 65.94619563092182,
        "28,12": 56.812339015139514,
        "28,13": 91.98189776953453,
        "28,14": 80.99809723877894,
        "28,15": 20.12814639383622,
        "28,16": 15.272298906410661,
        "28,17": 52.95057942144751,
        "28,18": 64.11555082099339,
        "28,19": 19.582192830582883,
        "28,20": 68.03298451406148,
        "28,21": 18.255025565631176,
        "28,22": 8.348300895856532,
        "28,23": 80.07008199319229,
        "28,24": 95.33338629921754,
        "28,25": 63.033773659499445,
        "28,26": 60.93027331346597,
        "28,27": 73.73549738070332,
        "28,28": 0.0,
        "28,29": 35.727189578164705,
        "28,30": 67.40957314165685,
        "29,0": 67.92562320118911,
        "29,1": 39.4054005797378,
        "29,2": 68.62606450284109,
        "29,3": 33.17899769335289,
        "29,4": 21.21549780479749,
        "29,5": 79.86320076992189,
        "29,6": 66.71902214294343,
        "29,7": 45.83931177582305,
        "29,8": 35.463922107841206,
        "29,9": 47.54441227969373,
        "29,10": 68.69643046942727,
        "29,11": 47.40245571853054,
        "29,12": 36.00664236771948,
        "29,13": 80.18679482003674,
        "29,14": 97.7421579272507,
        "29,15": 53.48578089417568,
        "29,16": 21.094631552298083,
        "29,17": 17.223443895339464,
        "29,18": 71.74395950678941,
        "29,19": 22.054485570574872,
        "29,20": 34.82153570653311,
        "29,21": 24.83004737778708,
        "29,22": 28.964431959338842,
        "29,23": 86.83222560371601,
        "29,24": 71.7717056078327,
        "29,25": 76.29517990078114,
        "29,26": 74.46948430094297,
        "29,27": 40.64088324637436,
        "29,28": 35.727189578164705,
        "29,29": 0.0,
        "29,30": 59.324614065704694,
        "30,0": 97.51379368806789,
        "30,1": 44.29507510615434,
        "30,2": 58.401863523836084,
        "30,3": 28.376643440897073,
        "30,4": 42.745592274790894,
        "30,5": 25.663673744569326,
        "30,6": 55.90846385581659,
        "30,7": 14.04448582465043,
        "30,8": 25.752814380438856,
        "30,9": 31.041229579995445,
        "30,10": 26.014912436590638,
        "30,11": 20.069117206435,
        "30,12": 27.49992891398754,
        "30,13": 24.679754742533444,
        "30,14": 59.07654278434046,
        "30,15": 68.16933826173236,
        "30,16": 58.48769922600443,
        "30,17": 62.69943111048236,
        "30,18": 29.241947780233676,
        "30,19": 71.64462999657866,
        "30,20": 83.95460632020931,
        "30,21": 73.37449835871386,
        "30,22": 68.38906397572538,
        "30,23": 36.629487190166145,
        "30,24": 40.81807813835091,
        "30,25": 40.33383887139264,
        "30,26": 40.01370441214551,
        "30,27": 54.720733539418426,
        "30,28": 67.40957314165685,
        "30,29": 59.324614065704694,
        "30,30": 0.0
    }
}