{
    "num_robots": 4,
    "num_tasks": 40,
    "num_nodes": 41,
    "robot_capacity": [
        127,
        151,
        105,
        109
    ],
    "robot_speed": [
        0.93,
        0.89,
        0.9,
        0.8
    ],
    "task_demand": {
        "0": 0,
        "1": 13,
        "2": 7,
        "3": 12,
        "4": 7,
        "5": 8,
        "6": 12,
        "7": 6,
        "8": 8,
        "9": 9,
        "10": 13,
        "11": 6,
        "12": 5,
        "13": 9,
        "14": 10,
        "15": 5,
        "16": 13,
        "17": 10,
        "18": 14,
        "19": 11,
        "20": 6,
        "21": 15,
        "22": 14,
        "23": 8,
        "24": 15,
        "25": 11,
        "26": 12,
        "27": 11,
        "28": 9,
        "29": 6,
        "30": 7,
        "31": 9,
        "32": 6,
        "33": 14,
        "34": 14,
        "35": 10,
        "36": 8,
        "37": 11,
        "38": 8,
        "39": 8,
        "40": 14
    },
    "task_service_time": {
        "0": 0,
        "1": 67,
        "2": 37,
        "3": 22,
        "4": 85,
        "5": 51,
        "6": 97,
        "7": 93,
        "8": 58,
        "9": 80,
        "10": 31,
        "11": 58,
        "12": 21,
        "13": 99,
        "14": 65,
        "15": 72,
        "16": 97,
        "17": 58,
        "18": 23,
        "19": 41,
        "20": 44,
        "21": 87,
        "22": 47,
        "23": 68,
        "24": 34,
        "25": 97,
        "26": 15,
        "27": 68,
        "28": 27,
        "29": 25,
        "30": 95,
        "31": 41,
        "32": 89,
        "33": 63,
        "34": 11,
        "35": 23,
        "36": 22,
        "37": 32,
        "38": 19,
        "39": 15,
        "40": 87
    },
    "task_precedence": [],
    "coordinates": {
        "0": [
            0,
            0
        ],
        "1": [
            84.3751498408645,
            12.339266679839856
        ],
        "2": [
            52.136141037084435,
            5.205931138137565
        ],
        "3": [
            84.25764537838432,
            95.89164290040523
        ],
        "4": [
            11.158204326412125,
            13.014425201573898
        ],
        "5": [
            20.95141510096259,
            6.107758832019927
        ],
        "6": [
            30.894577167333658,
            17.471987884672245
        ],
        "7": [
            79.44735234719887,
            2.457403238029443
        ],
        "8": [
            1.9515048109343902,
            14.641674455227161
        ],
        "9": [
            43.59158240676131,
            48.3522757068496
        ],
        "10": [
            52.12605940274578,
            67.31300007789888
        ],
        "11": [
            97.5542400638642,
            65.80410342851276
        ],
        "12": [
            27.001021911367108,
            33.613319928711235
        ],
        "13": [
            44.90120176345849,
            40.37530973814063
        ],
        "14": [
            70.23466031966039,
            24.229679746425482
        ],
        "15": [
            50.30435448631866,
            80.01938365763095
        ],
        "16": [
            4.690466483280975,
            10.610366979456265
        ],
        "17": [
            99.17401615474287,
            88.46030069959477
        ],
        "18": [
            57.718873692083115,
            34.10002299177115
        ],
        "19": [
            66.3240954420212,
            35.579008152499426
        ],
        "20": [
            86.17424019298554,
            49.912202887438326
        ],
        "21": [
            87.12674688674682,
            87.96949411521597
        ],
        "22": [
            81.55738298414269,
            97.77423965511616
        ],
        "23": [
            57.37456662997674,
            23.116576505891473
        ],
        "24": [
            32.281431390456525,
            88.5568130601145
        ],
        "25": [
            77.39506393950062,
            97.7866113644832
        ],
        "26": [
            62.66140819660511,
            13.67135377276789
        ],
        "27": [
            34.35711625068548,
            37.092305716771776
        ],
        "28": [
            75.08215971760163,
            86.04616176191175
        ],
        "29": [
            21.433180402272246,
            89.14571746894717
        ],
        "30": [
            40.750954645279094,
            55.344792267359935
        ],
        "31": [
            93.25291159394332,
            59.37217424946235
        ],
        "32": [
            99.07365990317678,
            65.35795795456292
        ],
        "33": [
            91.49867468349203,
            33.3248914204083
        ],
        "34": [
            33.73641545703288,
            65.97738301469974
        ],
        "35": [
            12.87978192022241,
            66.32122303274922
        ],
        "36": [
            58.09285532932821,
            77.82514474031098
        ],
        "37": [
            19.944776785407946,
            13.060772115474851
        ],
        "38": [
            26.475690694234867,
            96.58589644255828
        ],
        "39": [
            34.969852549059986,
            55.91556593915487
        ],
        "40": [
            11.57343838023709,
            48.24404329858181
        ]
    },
    "distance_matrix_str_keys": {
        "0,0": 0.0,
        "0,1": 85.2726416435221,
        "0,2": 52.39540935286019,
        "0,3": 127.6501389848378,
        "0,4": 17.142951528757354,
        "0,5": 21.82353116896898,
        "0,6": 35.49289025974734,
        "0,7": 79.48534849677797,
        "0,8": 14.771154385489025,
        "0,9": 65.1012182893428,
        "0,10": 85.1361618135666,
        "0,11": 117.67331805667949,
        "0,12": 43.1150839137305,
        "0,13": 60.38446452734015,
        "0,14": 74.2966008026775,
        "0,15": 94.5178810661366,
        "0,16": 11.600877693929803,
        "0,17": 132.8936051137297,
        "0,18": 67.03939101992175,
        "0,19": 75.26454316155754,
        "0,20": 99.58527837946315,
        "0,21": 123.81317344270867,
        "0,22": 127.3240301724628,
        "0,23": 61.856422506724186,
        "0,24": 94.2570949689243,
        "0,25": 124.70852931675469,
        "0,26": 64.1354659386033,
        "0,27": 50.55937678066825,
        "0,28": 114.1983916778889,
        "0,29": 91.68609581179525,
        "0,30": 68.72907925775536,
        "0,31": 110.54935818835101,
        "0,32": 118.68973314739887,
        "0,33": 97.3784157655972,
        "0,34": 74.10236701589172,
        "0,35": 67.56029460320724,
        "0,36": 97.11607999793138,
        "0,37": 23.840677198270043,
        "0,38": 100.14887712475556,
        "0,39": 65.95029265741718,
        "0,40": 49.61282283580104,
        "1,0": 85.2726416435221,
        "1,1": 0.0,
        "1,2": 33.01875474030965,
        "1,3": 83.55245884713149,
        "1,4": 73.22005838222034,
        "1,5": 63.72912849251024,
        "1,6": 53.72631087703072,
        "1,7": 11.04239164407631,
        "1,8": 82.45579628858171,
        "1,9": 54.40805263774405,
        "1,10": 63.734725211668014,
        "1,11": 55.06520850471931,
        "1,12": 61.19130573297278,
        "1,13": 48.41706607369596,
        "1,14": 18.475263646111067,
        "1,15": 75.77214085809395,
        "1,16": 79.70343691442882,
        "1,17": 77.54623307687311,
        "1,18": 34.410573569578126,
        "1,19": 29.426623126448828,
        "1,20": 37.61598412052195,
        "1,21": 75.68026551373632,
        "1,22": 85.48142732398092,
        "1,23": 29.072012328264833,
        "1,24": 92.31939058626682,
        "1,25": 85.73196785824216,
        "1,26": 21.754563480262934,
        "1,27": 55.80785451701357,
        "1,28": 74.29041693294376,
        "1,29": 99.3021772149445,
        "1,30": 61.25802508668869,
        "1,31": 47.8634416668618,
        "1,32": 55.01843166191028,
        "1,33": 22.161702369978034,
        "1,34": 73.76536412130163,
        "1,35": 89.58593218689745,
        "1,36": 70.5631577393049,
        "1,37": 64.43441271680028,
        "1,38": 102.2244686748177,
        "1,39": 65.87698579647495,
        "1,40": 81.17414721226338,
        "2,0": 52.39540935286019,
        "2,1": 33.01875474030965,
        "2,2": 0.0,
        "2,3": 96.20649333063356,
        "2,4": 41.71527150340252,
        "2,5": 31.19776313937401,
        "2,6": 24.528762376889517,
        "2,7": 27.449165175709727,
        "2,8": 51.06398892661063,
        "2,9": 43.98427596117795,
        "2,10": 62.10706975802042,
        "2,11": 75.7294011869919,
        "2,12": 37.930910236412885,
        "2,13": 35.90584266388144,
        "2,14": 26.257559127480036,
        "2,15": 74.83587455127424,
        "2,16": 47.752486433989624,
        "2,17": 95.62348951309046,
        "2,18": 29.428480218037137,
        "2,19": 33.523452350808405,
        "2,20": 56.189348882766765,
        "2,21": 89.85627331682107,
        "2,22": 97.13136063806515,
        "2,23": 18.660983901759135,
        "2,24": 85.68301472475885,
        "2,25": 95.96455354641665,
        "2,26": 13.507206563986346,
        "2,27": 36.50800742473298,
        "2,28": 84.03369955316522,
        "2,29": 89.3787419972154,
        "2,30": 51.41524933822256,
        "2,31": 68.00419629567368,
        "2,32": 76.29807997209845,
        "2,33": 48.374424879480365,
        "2,34": 63.49582084363124,
        "2,35": 72.63704725878952,
        "2,36": 72.86310883675982,
        "2,37": 33.13581837171631,
        "2,38": 94.91447081891667,
        "2,39": 53.5364223880026,
        "2,40": 59.1406116400802,
        "3,0": 127.6501389848378,
        "3,1": 83.55245884713149,
        "3,2": 96.20649333063356,
        "3,3": 0.0,
        "3,4": 110.50864896292163,
        "3,5": 109.85820238081088,
        "3,6": 94.85388416761762,
        "3,7": 93.55798234427755,
        "3,8": 115.65404509765864,
        "3,9": 62.559732342583764,
        "3,10": 43.00206556534518,
        "3,11": 32.894672238869,
        "3,12": 84.59852506403652,
        "3,13": 68.0513989701784,
        "3,14": 73.02110019055824,
        "3,15": 37.48005570795036,
        "3,16": 116.635466218601,
        "3,17": 16.665022173503093,
        "3,18": 67.24961482083542,
        "3,19": 62.922381737775346,
        "3,20": 46.01936809202597,
        "3,21": 8.42568601598491,
        "3,22": 3.291745363572901,
        "3,23": 77.58163578914129,
        "3,24": 52.49120449470445,
        "3,25": 7.119405135624832,
        "3,26": 85.00925481760173,
        "3,27": 77.1195491458485,
        "3,28": 13.458195865704282,
        "3,29": 63.18560682197747,
        "3,30": 59.47166749641841,
        "3,31": 37.61098782052895,
        "3,32": 33.93847673026617,
        "3,33": 62.98437025292169,
        "3,34": 58.713351269328726,
        "3,35": 77.26065701896063,
        "3,36": 31.796141182223277,
        "3,37": 104.86705021906204,
        "3,38": 57.78612528195582,
        "3,39": 63.46158878564425,
        "3,40": 86.90965248328403,
        "4,0": 17.142951528757354,
        "4,1": 73.22005838222034,
        "4,2": 41.71527150340252,
        "4,3": 110.50864896292163,
        "4,4": 0.0,
        "4,5": 11.983697994154355,
        "4,6": 20.233493963960253,
        "4,7": 69.10035057902152,
        "4,8": 9.349398702687413,
        "4,9": 47.96548438237739,
        "4,10": 68.01985286043588,
        "4,11": 101.24734622917698,
        "4,12": 25.986714548204148,
        "4,13": 43.442005923528136,
        "4,14": 60.13160223400016,
        "4,15": 77.60209745902415,
        "4,16": 6.900081792471896,
        "4,17": 115.92611121513131,
        "4,18": 51.112604765843265,
        "4,19": 59.60231494101916,
        "4,20": 83.59935188319646,
        "4,21": 106.72151523751064,
        "4,22": 110.18289568659003,
        "4,23": 47.307563935904305,
        "4,24": 78.44006046000575,
        "4,25": 107.58087710296354,
        "4,26": 51.50739329496604,
        "4,27": 33.43551771057744,
        "4,28": 97.05620339717278,
        "4,29": 76.82153861814867,
        "4,30": 51.648725515340494,
        "4,31": 94.279275867651,
        "4,32": 102.31799817399339,
        "4,33": 82.86800477399736,
        "4,34": 57.57473854194941,
        "4,35": 53.33459031834131,
        "4,36": 80.02056505608023,
        "4,37": 8.786694692181582,
        "4,38": 84.96361688399992,
        "4,39": 49.06630684762058,
        "4,40": 35.23206509105708,
        "5,0": 21.82353116896898,
        "5,1": 63.72912849251024,
        "5,2": 31.19776313937401,
        "5,3": 109.85820238081088,
        "5,4": 11.983697994154355,
        "5,5": 0.0,
        "5,6": 15.100071981261136,
        "5,7": 58.60972419554788,
        "5,8": 20.82844945964869,
        "5,9": 47.92886793595616,
        "5,10": 68.68726230757014,
        "5,11": 97.11666360867305,
        "5,12": 28.162983396726833,
        "5,13": 41.8073836335478,
        "5,14": 52.5094494059333,
        "5,15": 79.5268717788036,
        "5,16": 16.872816305413917,
        "5,17": 113.58132094525726,
        "5,18": 46.2105276321214,
        "5,19": 54.10392460664707,
        "5,20": 78.56746293465825,
        "5,21": 105.26404058620724,
        "5,22": 109.89006802049096,
        "5,23": 40.19882891289908,
        "5,24": 83.2238896725422,
        "5,25": 107.6610305350889,
        "5,26": 42.390228738074235,
        "5,27": 33.760257240860405,
        "5,28": 96.54162716535046,
        "5,29": 83.0393561655772,
        "5,30": 53.06889133644816,
        "5,31": 89.8031421771331,
        "5,32": 98.04933058924,
        "5,33": 75.61539618978865,
        "5,34": 61.219507788612916,
        "5,35": 60.75205785203439,
        "5,36": 80.76428680893555,
        "5,37": 7.025504566808231,
        "5,38": 90.64662710935217,
        "5,39": 51.742963167060516,
        "5,40": 43.16726671937307,
        "6,0": 35.49289025974734,
        "6,1": 53.72631087703072,
        "6,2": 24.528762376889517,
        "6,3": 94.85388416761762,
        "6,4": 20.233493963960253,
        "6,5": 15.100071981261136,
        "6,6": 0.0,
        "6,7": 50.82135112113547,
        "6,8": 29.081129818778717,
        "6,9": 33.388712434452586,
        "6,10": 54.17473889515284,
        "6,11": 82.33774377782184,
        "6,12": 16.60428778018451,
        "6,13": 26.846744392948867,
        "6,14": 39.91626913590983,
        "6,15": 65.48981732721292,
        "6,16": 27.087584945671715,
        "6,17": 98.49579861468523,
        "6,18": 31.560013237807734,
        "6,19": 39.78837704852918,
        "6,20": 64.09530945127976,
        "6,21": 90.17735467443275,
        "6,22": 94.94825713321684,
        "6,23": 27.07491870060714,
        "6,24": 71.09835254673192,
        "6,25": 92.80481676482249,
        "6,26": 31.99338014800647,
        "6,27": 19.92350493101908,
        "6,28": 81.57793681249008,
        "6,29": 72.2955153606756,
        "6,30": 39.13435177433092,
        "6,31": 75.1278077003784,
        "6,32": 83.31538544731943,
        "6,33": 62.64320542773482,
        "6,34": 48.58857274694221,
        "6,35": 52.06515746972692,
        "6,36": 66.19856401326665,
        "6,37": 11.804954594001462,
        "6,38": 79.23722032585248,
        "6,39": 38.65897778095022,
        "6,40": 36.33491156487061,
        "7,0": 79.48534849677797,
        "7,1": 11.04239164407631,
        "7,2": 27.449165175709727,
        "7,3": 93.55798234427755,
        "7,4": 69.10035057902152,
        "7,5": 58.60972419554788,
        "7,6": 50.82135112113547,
        "7,7": 0.0,
        "7,8": 78.4478352184315,
        "7,9": 58.240669269427634,
        "7,10": 70.37543242930948,
        "7,11": 65.88371428362935,
        "7,12": 61.002530447688464,
        "7,13": 51.29526443547826,
        "7,14": 23.641186915049868,
        "7,15": 82.85635238730895,
        "7,16": 75.20015160782503,
        "7,17": 88.23627166171737,
        "7,18": 38.38466060219506,
        "7,19": 35.62668359403574,
        "7,20": 47.92920852523365,
        "7,21": 85.85622159565517,
        "7,22": 95.34018845088629,
        "7,23": 30.23258687955681,
        "7,24": 98.17195358863458,
        "7,25": 95.35129684343633,
        "7,26": 20.187139659258655,
        "7,27": 56.85688930069347,
        "7,28": 83.70266099866477,
        "7,29": 104.30967342798962,
        "7,30": 65.53233639543832,
        "7,31": 58.56521685607605,
        "7,32": 65.8913631057171,
        "7,33": 33.13662923024212,
        "7,34": 78.25776371840269,
        "7,35": 92.24873392802154,
        "7,36": 78.33460922249486,
        "7,37": 60.43995309427214,
        "7,38": 108.01004662174316,
        "7,39": 69.54152103364898,
        "7,40": 81.87358918008363,
        "8,0": 14.771154385489025,
        "8,1": 82.45579628858171,
        "8,2": 51.06398892661063,
        "8,3": 115.65404509765864,
        "8,4": 9.349398702687413,
        "8,5": 20.82844945964869,
        "8,6": 29.081129818778717,
        "8,7": 78.4478352184315,
        "8,8": 0.0,
        "8,9": 53.575187343885005,
        "8,10": 72.74444632641159,
        "8,11": 108.43190087003123,
        "8,12": 31.422947648755677,
        "8,13": 50.06891703629775,
        "8,14": 68.95302148341945,
        "8,15": 81.31569917478656,
        "8,16": 4.873740966320422,
        "8,17": 122.0713164203721,
        "8,18": 59.064598192959366,
        "8,19": 67.69196678268713,
        "8,20": 91.30979865886479,
        "8,21": 112.39124075639118,
        "8,22": 115.10047452743831,
        "8,23": 56.06727874764161,
        "8,24": 79.89588325626615,
        "8,25": 112.27115011270543,
        "8,26": 60.717657162676176,
        "8,27": 39.42276622493621,
        "8,28": 102.20906757528185,
        "8,29": 77.0090131688257,
        "8,30": 56.23291835816626,
        "8,31": 101.66987996648045,
        "8,32": 109.5666665630865,
        "8,33": 91.47545150668962,
        "8,34": 60.37909835434421,
        "8,35": 52.82237198151793,
        "8,36": 84.52219918633936,
        "8,37": 18.062588091278883,
        "8,38": 85.53532141956138,
        "8,39": 52.85589281795195,
        "8,40": 34.952836758937394,
        "9,0": 65.1012182893428,
        "9,1": 54.40805263774405,
        "9,2": 43.98427596117795,
        "9,3": 62.559732342583764,
        "9,4": 47.96548438237739,
        "9,5": 47.92886793595616,
        "9,6": 33.388712434452586,
        "9,7": 58.240669269427634,
        "9,8": 53.575187343885005,
        "9,9": 0.0,
        "9,10": 20.792940298810315,
        "9,11": 56.71450178079938,
        "9,12": 22.19196960572119,
        "9,13": 8.083754630453415,
        "9,14": 35.940968775795135,
        "9,15": 32.37077439540988,
        "9,16": 54.201000862335974,
        "9,17": 68.54240009050916,
        "9,18": 20.067562545431134,
        "9,19": 26.075343006627463,
        "9,20": 42.6112205521905,
        "9,21": 58.86284516327421,
        "9,22": 62.321204529319324,
        "9,23": 28.754324340151765,
        "9,24": 41.765109119954325,
        "9,25": 59.88680076315509,
        "9,26": 39.578082341781816,
        "9,27": 14.562358647044896,
        "9,28": 49.11705920860917,
        "9,29": 46.423051065071014,
        "9,30": 7.547479972037999,
        "9,31": 50.869300963617874,
        "9,32": 58.02976953278759,
        "9,33": 50.208682206403054,
        "9,34": 20.193284111809348,
        "9,35": 35.58226745340895,
        "9,36": 32.84717530379649,
        "9,37": 42.48130932344348,
        "9,38": 51.180425148596775,
        "9,39": 11.468983602624197,
        "9,40": 32.01832695750121,
        "10,0": 85.1361618135666,
        "10,1": 63.734725211668014,
        "10,2": 62.10706975802042,
        "10,3": 43.00206556534518,
        "10,4": 68.01985286043588,
        "10,5": 68.68726230757014,
        "10,6": 54.17473889515284,
        "10,7": 70.37543242930948,
        "10,8": 72.74444632641159,
        "10,9": 20.792940298810315,
        "10,10": 0.0,
        "10,11": 45.45323274837272,
        "10,12": 42.034937267715,
        "10,13": 27.88974235715835,
        "10,14": 46.73429060071876,
        "10,15": 12.836307587379624,
        "10,16": 73.92783018537592,
        "10,17": 51.58215348472927,
        "10,18": 33.68057924974957,
        "10,19": 34.76536309164455,
        "10,20": 38.236976318589726,
        "10,21": 40.641590400308196,
        "10,22": 42.35669869493512,
        "10,23": 44.50697343867124,
        "10,24": 29.07075594079879,
        "10,25": 39.58741687865446,
        "10,26": 54.6664411914023,
        "10,27": 35.05746294884743,
        "10,28": 29.629611680632816,
        "10,29": 37.66590460901068,
        "10,30": 16.511541613053172,
        "10,31": 41.886449909179156,
        "10,32": 46.988289843875855,
        "10,33": 52.013405619696144,
        "10,34": 18.438082258998737,
        "10,35": 39.25880688383826,
        "10,36": 12.087507560823274,
        "10,37": 63.07883313587684,
        "10,38": 38.92099531690634,
        "10,39": 20.597012855107483,
        "10,40": 44.812277162030895,
        "11,0": 117.67331805667949,
        "11,1": 55.06520850471931,
        "11,2": 75.7294011869919,
        "11,3": 32.894672238869,
        "11,4": 101.24734622917698,
        "11,5": 97.11666360867305,
        "11,6": 82.33774377782184,
        "11,7": 65.88371428362935,
        "11,8": 108.43190087003123,
        "11,9": 56.71450178079938,
        "11,10": 45.45323274837272,
        "11,11": 0.0,
        "11,12": 77.55000408771711,
        "11,13": 58.47192480850533,
        "11,14": 49.7472827589368,
        "11,15": 49.34192820597412,
        "11,16": 108.02790837016948,
        "11,17": 22.71402538896983,
        "11,18": 50.911738629842624,
        "11,19": 43.461227750091375,
        "11,20": 19.54627585676106,
        "11,21": 24.495655905752326,
        "11,22": 35.74897266742941,
        "11,23": 58.62278662792617,
        "11,24": 69.12470866264295,
        "11,25": 37.80572967008471,
        "11,26": 62.73223495449033,
        "11,27": 69.41357061913884,
        "11,28": 30.244591593566078,
        "11,29": 79.61938627003003,
        "11,30": 57.75820655379683,
        "11,31": 7.737644316616782,
        "11,32": 1.5835663648936795,
        "11,33": 33.03890259593014,
        "11,34": 63.81805985270372,
        "11,35": 84.67603719237474,
        "11,36": 41.251743228462836,
        "11,37": 93.83542928109262,
        "11,38": 77.45759460279137,
        "11,39": 63.36078230484231,
        "11,40": 87.75564921944344,
        "12,0": 43.1150839137305,
        "12,1": 61.19130573297278,
        "12,2": 37.930910236412885,
        "12,3": 84.59852506403652,
        "12,4": 25.986714548204148,
        "12,5": 28.162983396726833,
        "12,6": 16.60428778018451,
        "12,7": 61.002530447688464,
        "12,8": 31.422947648755677,
        "12,9": 22.19196960572119,
        "12,10": 42.034937267715,
        "12,11": 77.55000408771711,
        "12,12": 0.0,
        "12,13": 19.13480976963307,
        "12,14": 44.2402553461173,
        "12,15": 51.92848986742592,
        "12,16": 32.045229409310544,
        "12,17": 90.64839986307545,
        "12,18": 30.721707275046246,
        "12,19": 39.3721734489013,
        "12,20": 61.37689587708348,
        "12,21": 81.05366417385856,
        "12,22": 84.22006977936577,
        "12,23": 32.13617651896207,
        "12,24": 55.19664991416974,
        "12,25": 81.59516410691145,
        "12,26": 40.85762063773637,
        "12,27": 8.137288617376123,
        "12,28": 71.14069661907688,
        "12,29": 55.81082364234738,
        "12,30": 25.71609496390457,
        "12,31": 71.08327132617018,
        "12,32": 78.75396618895327,
        "12,33": 64.49829768387686,
        "12,34": 33.057496965875075,
        "12,35": 35.62606271187769,
        "12,36": 54.04986178022872,
        "12,37": 21.7301131357614,
        "12,38": 62.974767690560114,
        "12,39": 23.68316783799375,
        "12,40": 21.261900195788503,
        "13,0": 60.38446452734015,
        "13,1": 48.41706607369596,
        "13,2": 35.90584266388144,
        "13,3": 68.0513989701784,
        "13,4": 43.442005923528136,
        "13,5": 41.8073836335478,
        "13,6": 26.846744392948867,
        "13,7": 51.29526443547826,
        "13,8": 50.06891703629775,
        "13,9": 8.083754630453415,
        "13,10": 27.88974235715835,
        "13,11": 58.47192480850533,
        "13,12": 19.13480976963307,
        "13,13": 0.0,
        "13,14": 30.041063400754826,
        "13,15": 40.0105818038249,
        "13,16": 50.028542345347915,
        "13,17": 72.51003197981595,
        "13,18": 14.271367748713233,
        "13,19": 21.953243096714132,
        "13,20": 42.360548062393356,
        "13,21": 63.625490548033504,
        "13,22": 68.10515969658621,
        "13,23": 21.294335018385365,
        "13,24": 49.806785347306615,
        "13,25": 65.96899751812595,
        "13,26": 32.070643846804025,
        "13,27": 11.043362472770406,
        "13,28": 54.74227751570951,
        "13,29": 54.12301448402711,
        "13,30": 15.534154574181319,
        "13,31": 51.94967473231106,
        "13,32": 59.65557754984053,
        "13,33": 47.12783552199564,
        "13,34": 27.930603454391225,
        "13,35": 41.213611167527404,
        "13,36": 39.7052876263566,
        "13,37": 36.99874475201948,
        "13,38": 59.153440439394025,
        "13,39": 18.442647857926886,
        "13,40": 34.244076567681105,
        "14,0": 74.2966008026775,
        "14,1": 18.475263646111067,
        "14,2": 26.257559127480036,
        "14,3": 73.02110019055824,
        "14,4": 60.13160223400016,
        "14,5": 52.5094494059333,
        "14,6": 39.91626913590983,
        "14,7": 23.641186915049868,
        "14,8": 68.95302148341945,
        "14,9": 35.940968775795135,
        "14,10": 46.73429060071876,
        "14,11": 49.7472827589368,
        "14,12": 44.2402553461173,
        "14,13": 30.041063400754826,
        "14,14": 0.0,
        "14,15": 59.24278988290905,
        "14,16": 66.94420830740631,
        "14,17": 70.44898142754961,
        "14,18": 15.939529186521884,
        "14,19": 12.004156485615395,
        "14,20": 30.226845707529133,
        "14,21": 65.94017382717315,
        "14,22": 74.41106329504889,
        "14,23": 12.908176034263269,
        "14,24": 74.68887244101143,
        "14,25": 73.90462481511315,
        "14,26": 12.99355205805456,
        "14,27": 38.11358439289414,
        "14,28": 62.00625532302348,
        "14,29": 81.21376974207696,
        "14,30": 42.86536046137902,
        "14,31": 42.00993705805811,
        "14,32": 50.23169482850455,
        "14,33": 23.12749840038458,
        "14,34": 55.45261586461177,
        "14,35": 71.14267420078319,
        "14,36": 54.95359220591554,
        "14,37": 51.51521021559926,
        "14,38": 84.55926630036853,
        "14,39": 47.40888156153863,
        "14,40": 63.38634408325986,
        "15,0": 94.5178810661366,
        "15,1": 75.77214085809395,
        "15,2": 74.83587455127424,
        "15,3": 37.48005570795036,
        "15,4": 77.60209745902415,
        "15,5": 79.5268717788036,
        "15,6": 65.48981732721292,
        "15,7": 82.85635238730895,
        "15,8": 81.31569917478656,
        "15,9": 32.37077439540988,
        "15,10": 12.836307587379624,
        "15,11": 49.34192820597412,
        "15,12": 51.92848986742592,
        "15,13": 40.0105818038249,
        "15,14": 59.24278988290905,
        "15,15": 0.0,
        "15,16": 83.05563421577611,
        "15,17": 49.59327486762259,
        "15,18": 46.51411376145914,
        "15,19": 47.239592243423395,
        "15,20": 46.83044986478778,
        "15,21": 37.6708486548805,
        "15,22": 35.94421652751994,
        "15,23": 57.34036415566598,
        "15,24": 19.942754516910423,
        "15,25": 32.39723628743447,
        "15,26": 67.48894610231802,
        "15,27": 45.79354133373656,
        "15,28": 25.50022914402206,
        "15,29": 30.279277762636394,
        "15,30": 26.459457832684542,
        "15,31": 47.653812166202016,
        "15,32": 50.925460768552405,
        "15,33": 62.26835168686652,
        "15,34": 21.718065883826114,
        "15,35": 39.85270676202639,
        "15,36": 8.091688934199215,
        "15,37": 73.5197906541565,
        "15,38": 29.021622352468952,
        "15,39": 28.568181220884743,
        "15,40": 50.09746617694098,
        "16,0": 11.600877693929803,
        "16,1": 79.70343691442882,
        "16,2": 47.752486433989624,
        "16,3": 116.635466218601,
        "16,4": 6.900081792471896,
        "16,5": 16.872816305413917,
        "16,6": 27.087584945671715,
        "16,7": 75.20015160782503,
        "16,8": 4.873740966320422,
        "16,9": 54.201000862335974,
        "16,10": 73.92783018537592,
        "16,11": 108.02790837016948,
        "16,12": 32.045229409310544,
        "16,13": 50.028542345347915,
        "16,14": 66.94420830740631,
        "16,15": 83.05563421577611,
        "16,16": 0.0,
        "16,17": 122.42448014490226,
        "16,18": 57.99806816333988,
        "16,19": 66.4991523303256,
        "16,20": 90.46678773844182,
        "16,21": 113.0494355490795,
        "16,22": 116.21559083087388,
        "16,23": 54.14812725280689,
        "16,24": 82.68560818615265,
        "16,25": 113.51500374993995,
        "16,26": 58.051698711393904,
        "16,27": 39.76686042056593,
        "16,28": 103.17727274383367,
        "16,29": 80.30018521697421,
        "16,30": 57.45892108559507,
        "16,31": 101.09906296408637,
        "16,32": 109.1122629117142,
        "16,33": 89.7307897631008,
        "16,34": 62.52338455676169,
        "16,35": 56.309540661565116,
        "16,36": 85.84661603060147,
        "16,37": 15.449869518031644,
        "16,38": 88.69265843564649,
        "16,39": 54.49222213580914,
        "16,40": 38.25792591642937,
        "17,0": 132.8936051137297,
        "17,1": 77.54623307687311,
        "17,2": 95.62348951309046,
        "17,3": 16.665022173503093,
        "17,4": 115.92611121513131,
        "17,5": 113.58132094525726,
        "17,6": 98.49579861468523,
        "17,7": 88.23627166171737,
        "17,8": 122.0713164203721,
        "17,9": 68.54240009050916,
        "17,10": 51.58215348472927,
        "17,11": 22.71402538896983,
        "17,12": 90.64839986307545,
        "17,13": 72.51003197981595,
        "17,14": 70.44898142754961,
        "17,15": 49.59327486762259,
        "17,16": 122.42448014490226,
        "17,17": 0.0,
        "17,18": 68.36350363367227,
        "17,19": 62.25390262693241,
        "17,20": 40.681076927626485,
        "17,21": 12.057262870107454,
        "17,22": 19.92724825796752,
        "17,23": 77.56929980395748,
        "17,24": 66.89265438807885,
        "17,25": 23.691830452960307,
        "17,26": 83.2259402009277,
        "17,27": 82.70369654210097,
        "17,28": 24.212509440333967,
        "17,29": 77.74385724698978,
        "17,30": 67.15572213046335,
        "17,31": 29.684652256659746,
        "17,32": 23.102560717075374,
        "17,33": 55.667083838510024,
        "17,34": 69.19220456596756,
        "17,35": 89.08890852435505,
        "17,36": 42.4354606083388,
        "17,37": 109.37258011837741,
        "17,38": 73.151020710172,
        "17,39": 71.98148640402391,
        "17,40": 96.39091547325279,
        "18,0": 67.03939101992175,
        "18,1": 34.410573569578126,
        "18,2": 29.428480218037137,
        "18,3": 67.24961482083542,
        "18,4": 51.112604765843265,
        "18,5": 46.2105276321214,
        "18,6": 31.560013237807734,
        "18,7": 38.38466060219506,
        "18,8": 59.064598192959366,
        "18,9": 20.067562545431134,
        "18,10": 33.68057924974957,
        "18,11": 50.911738629842624,
        "18,12": 30.721707275046246,
        "18,13": 14.271367748713233,
        "18,14": 15.939529186521884,
        "18,15": 46.51411376145914,
        "18,16": 57.99806816333988,
        "18,17": 68.36350363367227,
        "18,18": 0.0,
        "18,19": 8.731393844699825,
        "18,20": 32.553539220085135,
        "18,21": 61.37379672916671,
        "18,22": 67.99029631468166,
        "18,23": 10.988841797987579,
        "18,24": 60.10495366769864,
        "18,25": 66.65683761781555,
        "18,26": 21.01806778435738,
        "18,27": 23.552610612351128,
        "18,28": 54.77120625593954,
        "18,29": 65.92935626863675,
        "18,30": 27.18916141317889,
        "18,31": 43.60446627127158,
        "18,32": 51.838950999257136,
        "18,33": 33.788693137973155,
        "18,34": 39.89140740845496,
        "18,35": 55.2154858984875,
        "18,36": 43.72672105463234,
        "18,37": 43.23809055162613,
        "18,38": 69.86144047144188,
        "18,39": 31.51881782451329,
        "18,40": 48.264422824262994,
        "19,0": 75.26454316155754,
        "19,1": 29.426623126448828,
        "19,2": 33.523452350808405,
        "19,3": 62.922381737775346,
        "19,4": 59.60231494101916,
        "19,5": 54.10392460664707,
        "19,6": 39.78837704852918,
        "19,7": 35.62668359403574,
        "19,8": 67.69196678268713,
        "19,9": 26.075343006627463,
        "19,10": 34.76536309164455,
        "19,11": 43.461227750091375,
        "19,12": 39.3721734489013,
        "19,13": 21.953243096714132,
        "19,14": 12.004156485615395,
        "19,15": 47.239592243423395,
        "19,16": 66.4991523303256,
        "19,17": 62.25390262693241,
        "19,18": 8.731393844699825,
        "19,19": 0.0,
        "19,20": 24.484050276535477,
        "19,21": 56.36943610273517,
        "19,22": 64.03358393066128,
        "19,23": 15.342955012121667,
        "19,24": 62.972619356010725,
        "19,25": 63.185063431572146,
        "19,26": 22.211722091713288,
        "19,27": 32.00277844402457,
        "19,28": 51.22145335004872,
        "19,29": 69.88981757093639,
        "19,30": 32.32138227064659,
        "19,31": 35.93432749143481,
        "19,32": 44.264204767613315,
        "19,33": 25.27529390980423,
        "19,34": 44.564762773595696,
        "19,35": 61.6553195074016,
        "19,36": 43.04055494982419,
        "19,37": 51.55688269543482,
        "19,38": 72.8679338240019,
        "19,39": 37.37196984373161,
        "19,40": 56.196419494026415,
        "20,0": 99.58527837946315,
        "20,1": 37.61598412052195,
        "20,2": 56.189348882766765,
        "20,3": 46.01936809202597,
        "20,4": 83.59935188319646,
        "20,5": 78.56746293465825,
        "20,6": 64.09530945127976,
        "20,7": 47.92920852523365,
        "20,8": 91.30979865886479,
        "20,9": 42.6112205521905,
        "20,10": 38.236976318589726,
        "20,11": 19.54627585676106,
        "20,12": 61.37689587708348,
        "20,13": 42.360548062393356,
        "20,14": 30.226845707529133,
        "20,15": 46.83044986478778,
        "20,16": 90.46678773844182,
        "20,17": 40.681076927626485,
        "20,18": 32.553539220085135,
        "20,19": 24.484050276535477,
        "20,20": 0.0,
        "20,21": 38.06920914068929,
        "20,22": 48.08419630229239,
        "20,23": 39.33734600243536,
        "20,24": 66.31621774516438,
        "20,25": 48.672712300802594,
        "20,26": 43.2001436692324,
        "20,27": 53.37943515173376,
        "20,28": 37.79811150328187,
        "20,29": 75.70121194037901,
        "20,30": 45.746998779365995,
        "20,31": 11.815187132375529,
        "20,32": 20.12377644611655,
        "20,33": 17.42092145519177,
        "20,34": 54.843554548915264,
        "20,35": 75.10881143798665,
        "20,36": 39.59414727889328,
        "20,37": 75.7916207320867,
        "20,38": 75.77829822800211,
        "20,39": 51.555113053121225,
        "20,40": 74.61945046379574,
        "21,0": 123.81317344270867,
        "21,1": 75.68026551373632,
        "21,2": 89.85627331682107,
        "21,3": 8.42568601598491,
        "21,4": 106.72151523751064,
        "21,5": 105.26404058620724,
        "21,6": 90.17735467443275,
        "21,7": 85.85622159565517,
        "21,8": 112.39124075639118,
        "21,9": 58.86284516327421,
        "21,10": 40.641590400308196,
        "21,11": 24.495655905752326,
        "21,12": 81.05366417385856,
        "21,13": 63.625490548033504,
        "21,14": 65.94017382717315,
        "21,15": 37.6708486548805,
        "21,16": 113.0494355490795,
        "21,17": 12.057262870107454,
        "21,18": 61.37379672916671,
        "21,19": 56.36943610273517,
        "21,20": 38.06920914068929,
        "21,21": 0.0,
        "21,22": 11.276118542380734,
        "21,23": 71.35189662842306,
        "21,24": 54.84846010081465,
        "21,25": 13.823221190141712,
        "21,26": 78.22254442019549,
        "21,27": 73.30158399923651,
        "21,28": 12.197183585418548,
        "21,29": 65.70409560162855,
        "21,30": 56.70172199047643,
        "21,31": 29.246138164276093,
        "21,32": 25.57362504938758,
        "21,33": 54.819215210848604,
        "21,34": 57.742362619069795,
        "21,35": 77.3386025707749,
        "21,36": 30.755075730813584,
        "21,37": 100.62173591392512,
        "21,38": 61.26004412611757,
        "21,39": 61.21924483745869,
        "21,40": 85.36049360719896,
        "22,0": 127.3240301724628,
        "22,1": 85.48142732398092,
        "22,2": 97.13136063806515,
        "22,3": 3.291745363572901,
        "22,4": 110.18289568659003,
        "22,5": 109.89006802049096,
        "22,6": 94.94825713321684,
        "22,7": 95.34018845088629,
        "22,8": 115.10047452743831,
        "22,9": 62.321204529319324,
        "22,10": 42.35669869493512,
        "22,11": 35.74897266742941,
        "22,12": 84.22006977936577,
        "22,13": 68.10515969658621,
        "22,14": 74.41106329504889,
        "22,15": 35.94421652751994,
        "22,16": 116.21559083087388,
        "22,17": 19.92724825796752,
        "22,18": 67.99029631468166,
        "22,19": 64.03358393066128,
        "22,20": 48.08419630229239,
        "22,21": 11.276118542380734,
        "22,22": 0.0,
        "22,23": 78.47659060969977,
        "22,24": 50.130632935337516,
        "22,25": 4.162337430889377,
        "22,26": 86.1994969643707,
        "22,27": 76.87757986700089,
        "22,28": 13.396877525028914,
        "22,29": 60.740193704194,
        "22,30": 58.8678401116024,
        "22,31": 40.14354265486267,
        "22,32": 36.846102594357376,
        "22,33": 65.21156161701843,
        "22,34": 57.42721504165151,
        "22,35": 75.53744199098799,
        "22,36": 30.798546166717994,
        "22,37": 104.7496292365287,
        "22,38": 55.09450957319543,
        "22,39": 62.630236765471885,
        "22,40": 85.73793124072552,
        "23,0": 61.856422506724186,
        "23,1": 29.072012328264833,
        "23,2": 18.660983901759135,
        "23,3": 77.58163578914129,
        "23,4": 47.307563935904305,
