{
    "num_robots": 3,
    "num_tasks": 50,
    "num_nodes": 51,
    "robot_capacity": [
        216,
        307,
        239
    ],
    "robot_speed": [
        1.1,
        1.11,
        1.19
    ],
    "task_demand": {
        "0": 0,
        "1": 12,
        "2": 6,
        "3": 12,
        "4": 9,
        "5": 11,
        "6": 6,
        "7": 13,
        "8": 13,
        "9": 9,
        "10": 5,
        "11": 15,
        "12": 14,
        "13": 10,
        "14": 14,
        "15": 11,
        "16": 15,
        "17": 9,
        "18": 15,
        "19": 15,
        "20": 11,
        "21": 11,
        "22": 5,
        "23": 8,
        "24": 8,
        "25": 15,
        "26": 10,
        "27": 12,
        "28": 10,
        "29": 7,
        "30": 11,
        "31": 9,
        "32": 9,
        "33": 7,
        "34": 8,
        "35": 13,
        "36": 15,
        "37": 8,
        "38": 10,
        "39": 13,
        "40": 7,
        "41": 10,
        "42": 9,
        "43": 6,
        "44": 11,
        "45": 11,
        "46": 14,
        "47": 5,
        "48": 15,
        "49": 11,
        "50": 11
    },
    "task_service_time": {
        "0": 0,
        "1": 29,
        "2": 19,
        "3": 43,
        "4": 97,
        "5": 87,
        "6": 15,
        "7": 43,
        "8": 42,
        "9": 37,
        "10": 24,
        "11": 44,
        "12": 38,
        "13": 53,
        "14": 16,
        "15": 92,
        "16": 19,
        "17": 85,
        "18": 98,
        "19": 92,
        "20": 48,
        "21": 37,
        "22": 36,
        "23": 29,
        "24": 10,
        "25": 36,
        "26": 23,
        "27": 73,
        "28": 35,
        "29": 66,
        "30": 60,
        "31": 32,
        "32": 44,
        "33": 18,
        "34": 94,
        "35": 53,
        "36": 72,
        "37": 89,
        "38": 24,
        "39": 86,
        "40": 53,
        "41": 80,
        "42": 82,
        "43": 46,
        "44": 62,
        "45": 51,
        "46": 39,
        "47": 98,
        "48": 13,
        "49": 84,
        "50": 91
    },
    "task_precedence": [],
    "coordinates": {
        "0": [
            0,
            100
        ],
        "1": [
            97.3899111621337,
            54.51069441052202
        ],
        "2": [
            53.715042155412554,
            23.568433264982414
        ],
        "3": [
            3.2714895455338233,
            54.66940515547167
        ],
        "4": [
            52.88626156049092,
            28.46154107780513
        ],
        "5": [
            34.91166565008349,
            53.3830992419594
        ],
        "6": [
            47.17325828373555,
            1.8479849767286227
        ],
        "7": [
            96.2568942793747,
            45.04891510095034
        ],
        "8": [
            60.09014985000931,
            66.93907159437455
        ],
        "9": [
            66.96702736771354,
            32.727783510817346
        ],
        "10": [
            46.20413488720948,
            98.34817383947248
        ],
        "11": [
            54.253562439444046,
            10.59074852329066
        ],
        "12": [
            58.2501404001183,
            54.75036557878027
        ],
        "13": [
            71.806561112287,
            93.47040589333406
        ],
        "14": [
            20.632047173034906,
            0.32186367232928115
        ],
        "15": [
            68.5119991281518,
            79.19555864050498
        ],
        "16": [
            31.650962753781297,
            5.16206555694263
        ],
        "17": [
            85.2646345779782,
            23.94589674869645
        ],
        "18": [
            6.7880369417895,
            60.71586652927301
        ],
        "19": [
            86.27641481463691,
            64.12522148786006
        ],
        "20": [
            92.47328163075443,
            48.19907808691597
        ],
        "21": [
            29.359536769302863,
            53.551906050491425
        ],
        "22": [
            3.576836672404915,
            43.39210427637775
        ],
        "23": [
            88.04474112408793,
            55.4858399850078
        ],
        "24": [
            96.25652141134637,
            6.1500318095051405
        ],
        "25": [
            33.7188053945868,
            23.64460125613127
        ],
        "26": [
            57.34816302656762,
            65.28893381369197
        ],
        "27": [
            45.56944793335469,
            18.12250214241814
        ],
        "28": [
            16.358342154681104,
            36.7077677796933
        ],
        "29": [
            43.59855593044606,
            14.607452868388993
        ],
        "30": [
            60.051966155834755,
            87.50750457730895
        ],
        "31": [
            93.46257051256347,
            37.617584828967566
        ],
        "32": [
            19.69195586987166,
            66.02594753369023
        ],
        "33": [
            36.98471455050345,
            16.687516857850326
        ],
        "34": [
            63.550834464189,
            14.698360585201065
        ],
        "35": [
            50.0121677699416,
            72.32705529313017
        ],
        "36": [
            90.18444702806214,
            32.56195841127008
        ],
        "37": [
            6.497378826013467,
            8.90733778654138
        ],
        "38": [
            39.46857691791807,
            2.001004075102697
        ],
        "39": [
            16.914640824777372,
            17.735299247160306
        ],
        "40": [
            71.6736822617104,
            5.952307939222901
        ],
        "41": [
            71.70261476521954,
            72.73573299216591
        ],
        "42": [
            60.971468157004914,
            15.77908313002161
        ],
        "43": [
            94.69217786610099,
            53.79251776364976
        ],
        "44": [
            73.69216377613304,
            99.41912536733163
        ],
        "45": [
            40.06960448540622,
            57.36762824472045
        ],
        "46": [
            22.19529958282207,
            41.39081320826765
        ],
        "47": [
            33.746336657064504,
            49.53906336671449
        ],
        "48": [
            30.376605357774988,
            15.031435090662516
        ],
        "49": [
            8.967911216333924,
            94.73095281420876
        ],
        "50": [
            94.15874549803559,
            51.66351973867776
        ]
    },
    "distance_matrix_str_keys": {
        "0,0": 0.0,
        "0,1": 107.48986798383002,
        "0,2": 93.4188960934949,
        "0,3": 45.44849252511369,
        "0,4": 88.96464335232972,
        "0,5": 58.24053429312119,
        "0,6": 108.89965266350721,
        "0,7": 110.83777076382077,
        "0,8": 68.58462725741437,
        "0,9": 94.9217249413197,
        "0,10": 46.233652357779945,
        "0,11": 104.58232779488179,
        "0,12": 73.76047906492695,
        "0,13": 72.10282808579989,
        "0,14": 101.79102235613927,
        "0,15": 71.60110896359454,
        "0,16": 99.980084280155,
        "0,17": 114.25534793206005,
        "0,18": 39.86628385075529,
        "0,19": 93.43778404137373,
        "0,20": 105.99360040401615,
        "0,21": 54.94913858151392,
        "0,22": 56.72078647936355,
        "0,23": 98.65792862942132,
        "0,24": 134.43635833943839,
        "0,25": 83.4691844609327,
        "0,26": 67.03484107769657,
        "0,27": 93.70431815220174,
        "0,28": 65.37202779078255,
        "0,29": 95.87867951137335,
        "0,30": 61.337599244407016,
        "0,31": 112.36911412566603,
        "0,32": 39.26842710071976,
        "0,33": 91.15283296581185,
        "0,34": 106.37235659675464,
        "0,35": 57.15775357550592,
        "0,36": 112.61049657594363,
        "0,37": 91.32408795462455,
        "0,38": 105.64834010155414,
        "0,39": 83.98563010530725,
        "0,40": 118.24586720436099,
        "0,41": 76.71118053871906,
        "0,42": 103.97443324029459,
        "0,43": 105.36479470699845,
        "0,44": 73.69445309755201,
        "0,45": 58.50719891686188,
        "0,46": 62.67111056906041,
        "0,47": 60.7052004665201,
        "0,48": 90.23522137067268,
        "0,49": 10.401263857346489,
        "0,50": 105.84084598025959,
        "1,0": 107.48986798383002,
        "1,1": 0.0,
        "1,2": 53.5249260396782,
        "1,3": 94.11855543250023,
        "1,4": 51.566784049591405,
        "1,5": 62.488419992252865,
        "1,6": 72.76725356379534,
        "1,7": 9.529375370907355,
        "1,8": 39.31585880234028,
        "1,9": 37.41720280343342,
        "1,10": 67.39219758659195,
        "1,11": 61.560589892095905,
        "1,12": 39.14050456460686,
        "1,13": 46.60865712072112,
        "1,14": 93.95849648084781,
        "1,15": 37.99047677372698,
        "1,16": 82.20034371925915,
        "1,17": 32.882049637311354,
        "1,18": 90.81411659682868,
        "1,19": 14.69520098490289,
        "1,20": 8.000609137137069,
        "1,21": 68.0371304152965,
        "1,22": 94.46965646061435,
        "1,23": 9.395909319029611,
        "1,24": 48.37394194746365,
        "1,25": 70.75821801231056,
        "1,26": 41.46699938968523,
        "1,27": 63.320304372181695,
        "1,28": 82.96420536853361,
        "1,29": 66.97595526180586,
        "1,30": 49.82882316969143,
        "1,31": 17.34362003481896,
        "1,32": 78.54663144329606,
        "1,33": 71.26977296070638,
        "1,34": 52.25040704519132,
        "1,35": 50.616926852938555,
        "1,36": 23.101206144966753,
        "1,37": 101.69129053093299,
        "1,38": 78.180231131353,
        "1,39": 88.47993459136367,
        "1,40": 54.947623475042235,
        "1,41": 31.495860481741527,
        "1,42": 53.16428033277231,
        "1,43": 2.7916917151856477,
        "1,44": 50.777459587628414,
        "1,45": 57.391459542749715,
        "1,46": 76.33060260029927,
        "1,47": 63.837463068468224,
        "1,48": 77.77785720417612,
        "1,49": 97.13968941928087,
        "1,50": 4.30660366888318,
        "2,0": 93.4188960934949,
        "2,1": 53.5249260396782,
        "2,2": 0.0,
        "2,3": 59.26063155619088,
        "2,4": 4.962799748370406,
        "2,5": 35.24884785804878,
        "2,6": 22.684197364386524,
        "2,7": 47.657321389713154,
        "2,8": 43.83667719178365,
        "2,9": 16.10927710957014,
        "2,10": 75.15599329647358,
        "2,11": 12.988853119157685,
        "2,12": 31.50999871328788,
        "2,13": 72.2051856551991,
        "2,14": 40.43374277543559,
        "2,15": 57.561506349271326,
        "2,16": 28.733568731451694,
        "2,17": 31.55185035321303,
        "2,18": 59.85044374475706,
        "2,19": 52.01053797460886,
        "2,20": 45.92243233510385,
        "2,21": 38.628995364779776,
        "2,22": 53.91491056678415,
        "2,23": 46.87482355178943,
        "2,24": 45.969317664581666,
        "2,25": 19.996381826667413,
        "2,26": 41.87839220050474,
        "2,27": 9.798411658127897,
        "2,28": 39.600064980175496,
        "2,29": 13.514527857386227,
        "2,30": 64.25232638644226,
        "2,31": 42.157379783026634,
        "2,32": 54.407820377872966,
        "2,33": 18.0900766269666,
        "2,34": 13.244659289162156,
        "2,35": 48.89902351579582,
        "2,36": 37.561961960501286,
        "2,37": 49.44143455560774,
        "2,38": 25.847935577597188,
        "2,39": 37.259830790889126,
        "2,40": 25.15632377674439,
        "2,41": 52.35433249365114,
        "2,42": 10.645642011715385,
        "2,43": 50.917786036264005,
        "2,44": 78.43731816332351,
        "2,45": 36.44974006058722,
        "2,46": 36.209548446303344,
        "2,47": 32.76007977952355,
        "2,48": 24.85081427208502,
        "2,49": 84.06194094757193,
        "2,50": 49.2445633956736,
        "3,0": 45.44849252511369,
        "3,1": 94.11855543250023,
        "3,2": 59.26063155619088,
        "3,3": 0.0,
        "3,4": 56.11129780721183,
        "3,5": 31.666312176034207,
        "3,6": 68.68382435509739,
        "3,7": 93.481759303114,
        "3,8": 58.12834827618378,
        "3,9": 67.36880805576041,
        "3,10": 61.245790629108164,
        "3,11": 67.39510165477674,
        "3,12": 54.97871046487399,
        "3,13": 78.75642001081295,
        "3,14": 57.05299489421804,
        "3,15": 69.69832347604266,
        "3,16": 57.06462278594084,
        "3,17": 87.56032092867548,
        "3,18": 6.994698044589495,
        "3,19": 83.54178643913026,
        "3,20": 89.43614953467647,
        "3,21": 26.11197066862697,
        "3,22": 11.28143395076623,
        "3,23": 84.777182950554,
        "3,24": 104.88253305947308,
        "3,25": 43.4692707484784,
        "3,26": 55.109536413375004,
        "3,27": 55.89985155278471,
        "3,28": 22.22354896123712,
        "3,29": 56.84392935279551,
        "3,30": 65.5924027440023,
        "3,31": 91.78886458851463,
        "3,32": 19.965038670059894,
        "3,33": 50.78587775049964,
        "3,34": 72.32761455945273,
        "3,35": 49.96482371890827,
        "3,36": 89.68055184881214,
        "3,37": 45.875627205831506,
        "3,38": 63.90766469373318,
        "3,39": 39.373388933068554,
        "3,40": 83.97747036889353,
        "3,41": 70.77578046433129,
        "3,42": 69.58264639267054,
        "3,43": 91.42489368057379,
        "3,44": 83.43625601698538,
        "3,45": 36.896905980954756,
        "3,46": 23.117776502676957,
        "3,47": 30.903668282918098,
        "3,48": 48.019329171217215,
        "3,49": 40.46451310302429,
        "3,50": 90.93694871565936,
        "4,0": 88.96464335232972,
        "4,1": 51.566784049591405,
        "4,2": 4.962799748370406,
        "4,3": 56.11129780721183,
        "4,4": 0.0,
        "4,5": 30.727351976240318,
        "4,6": 27.21984156429578,
        "4,7": 46.43439198934369,
        "4,8": 39.14608998535347,
        "4,9": 14.71287837967417,
        "4,10": 70.20535774171324,
        "4,11": 17.92302257489165,
        "4,12": 26.830458248961627,
        "4,13": 67.70620532664203,
        "4,14": 42.803922603380904,
        "4,15": 53.08581931726914,
        "4,16": 31.524648688883342,
        "4,17": 32.691743345477306,
        "4,18": 56.26177941840676,
        "4,19": 48.85489161512787,
        "4,20": 44.23463038423024,
        "4,21": 34.39524958279713,
        "4,22": 51.52029794382372,
        "4,23": 44.34446320173133,
        "4,24": 48.772767866506825,
        "4,25": 19.763458328882706,
        "4,26": 37.0967036327519,
        "4,27": 12.666155208337479,
        "4,28": 37.44715143954572,
        "4,29": 16.67924566593616,
        "4,30": 59.479182307194414,
        "4,31": 41.59651410091047,
        "4,32": 50.12929844577141,
        "4,33": 19.786026474330917,
        "4,34": 17.41144027616005,
        "4,35": 43.95956952122891,
        "4,36": 37.522900493990605,
        "4,37": 50.3417849078593,
        "4,38": 29.668068350314282,
        "4,39": 37.53677879311825,
        "4,40": 29.319494420805732,
        "4,41": 48.10674815028293,
        "4,42": 15.040455621609697,
        "4,43": 48.881417921440026,
        "4,44": 73.94500885936873,
        "4,45": 31.620066000589333,
        "4,46": 33.303171394602494,
        "4,47": 28.471014578835675,
        "4,48": 26.211683829741876,
        "4,49": 79.50129828399727,
        "4,50": 47.34711970283378,
        "5,0": 58.24053429312119,
        "5,1": 62.488419992252865,
        "5,2": 35.24884785804878,
        "5,3": 31.666312176034207,
        "5,4": 30.727351976240318,
        "5,5": 0.0,
        "5,6": 52.97371665499809,
        "5,7": 61.90876917591123,
        "5,8": 28.595811809168104,
        "5,9": 38.13382072126089,
        "5,10": 46.361382583259456,
        "5,11": 46.96056059545952,
        "5,12": 23.37849056063748,
        "5,13": 54.48142312502741,
        "5,14": 54.94908756317841,
        "5,15": 42.37057316155827,
        "5,16": 48.33115220051634,
        "5,17": 58.32641228879843,
        "5,18": 29.06386016708508,
        "5,19": 52.47600067729404,
        "5,20": 57.794582009407854,
        "5,21": 5.554694487314772,
        "5,22": 32.88907854383645,
        "5,23": 53.17466716359143,
        "5,24": 77.42192187907065,
        "5,25": 29.762412167736798,
        "5,26": 25.399710852181794,
        "5,27": 36.836096848251806,
        "5,28": 24.945791069867717,
        "5,29": 39.736794214320334,
        "5,30": 42.38525390994739,
        "5,31": 60.636291978661056,
        "5,32": 19.785883319215163,
        "5,33": 36.754092265385474,
        "5,34": 48.13222408433384,
        "5,35": 24.2259909011072,
        "5,36": 59.064373921588476,
        "5,37": 52.777505177487946,
        "5,38": 51.583768222560444,
        "5,39": 39.933176019844495,
        "5,40": 60.00938117459034,
        "5,41": 41.57040257036443,
        "5,42": 45.751233146731956,
        "5,43": 59.78191419096014,
        "5,44": 60.193377844414805,
        "5,45": 6.517730003826049,
        "5,46": 17.479155879803688,
        "5,47": 4.0167901951857745,
        "5,48": 38.61886734523352,
        "5,49": 48.81314770787554,
        "5,50": 59.27202902025303,
        "6,0": 108.89965266350721,
        "6,1": 72.76725356379534,
        "6,2": 22.684197364386524,
        "6,3": 68.68382435509739,
        "6,4": 27.21984156429578,
        "6,5": 52.97371665499809,
        "6,6": 0.0,
        "6,7": 65.38748875855603,
        "6,8": 66.36034693098553,
        "6,9": 36.679084667637916,
        "6,10": 96.50505505258741,
        "6,11": 11.250183170439362,
        "6,12": 54.049599358224384,
        "6,13": 94.87606454139389,
        "6,14": 26.58505093955099,
        "6,15": 80.23708003472252,
        "6,16": 15.872138753532536,
        "6,17": 44.03715082372229,
        "6,18": 71.38902983878104,
        "6,19": 73.53578066590153,
        "6,20": 64.81138748514579,
        "6,21": 54.68659916831229,
        "6,22": 60.22094175364892,
        "6,23": 67.43513623815406,
        "6,24": 49.2714351953105,
        "6,25": 25.61473762851854,
        "6,26": 64.25171340796996,
        "6,27": 16.353351846527108,
        "6,28": 46.52701917284763,
        "6,29": 13.25075536688099,
        "6,30": 86.62225126754139,
        "6,31": 58.49927093739896,
        "6,32": 69.81427404424548,
        "6,33": 18.000503600033266,
        "6,34": 20.817232160529407,
        "6,35": 70.53622303281587,
        "6,36": 52.85177879066896,
        "6,37": 41.283914927639174,
        "6,38": 7.706200736630359,
        "6,39": 34.1758787049438,
        "6,40": 24.841824451537022,
        "6,41": 75.01174673406727,
        "6,42": 19.60780690091249,
        "6,43": 70.40086792594846,
        "6,44": 101.11073031897985,
        "6,45": 55.97224924810141,
        "6,46": 46.77107744550621,
        "6,47": 49.54514287363135,
        "6,48": 21.352538641149046,
        "6,49": 100.43353154618723,
        "6,50": 68.47790528618786,
        "7,0": 110.83777076382077,
        "7,1": 9.529375370907355,
        "7,2": 47.657321389713154,
        "7,3": 93.481759303114,
        "7,4": 46.43439198934369,
        "7,5": 61.90876917591123,
        "7,6": 65.38748875855603,
        "7,7": 0.0,
        "7,8": 42.27543440256569,
        "7,9": 31.77588059148317,
        "7,10": 73.11695907821874,
        "7,11": 54.32904499021748,
        "7,12": 39.225393328966874,
        "7,13": 54.244442688062435,
        "7,14": 87.86140580115814,
        "7,15": 43.99741437823092,
        "7,16": 75.92685397694265,
        "7,17": 23.794267312075615,
        "7,18": 90.83022514752783,
        "7,19": 21.529408624328386,
        "7,20": 4.923337436429402,
        "7,21": 67.43557886545013,
        "7,22": 92.69486555435344,
        "7,23": 13.280393837584198,
        "7,24": 38.89888329323228,
        "7,25": 66.09960069871184,
        "7,26": 43.858268606903515,
        "7,27": 57.39554801458097,
        "7,28": 80.33276647954614,
        "7,29": 60.824199300333646,
        "7,30": 55.79900214835964,
        "7,31": 7.939327107825554,
        "7,32": 79.38655858100422,
        "7,33": 65.70814409276322,
        "7,34": 44.61885821094007,
        "7,35": 53.69051743349548,
        "7,36": 13.885197261469642,
        "7,37": 96.76251456631125,
        "7,38": 71.26033702161962,
        "7,39": 83.91201817536016,
        "7,40": 46.1831030211686,
        "7,41": 37.00638495449934,
        "7,42": 45.84522178203109,
        "7,43": 8.882506683202248,
        "7,44": 58.86668690434717,
        "7,45": 57.521841311886824,
        "7,46": 74.15188142221128,
        "7,47": 62.67161435371446,
        "7,48": 72.39655775353883,
        "7,49": 100.43740058126481,
        "7,50": 6.9393964306760845,
        "8,0": 68.58462725741437,
        "8,1": 39.31585880234028,
        "8,2": 43.83667719178365,
        "8,3": 58.12834827618378,
        "8,4": 39.14608998535347,
        "8,5": 28.595811809168104,
        "8,6": 66.36034693098553,
        "8,7": 42.27543440256569,
        "8,8": 0.0,
        "8,9": 34.8956111385035,
        "8,10": 34.34171101430615,
        "8,11": 56.64979492923531,
        "8,12": 12.326807742082803,
        "8,13": 29.00320659082324,
        "8,14": 77.42605671345834,
        "8,15": 14.871079986864176,
        "8,16": 68.00871883547846,
        "8,17": 49.82135851850878,
        "8,18": 53.66417354029519,
        "8,19": 26.337012458128473,
        "8,20": 37.41463056865181,
        "8,21": 33.51994602643951,
        "8,22": 61.22266113282568,
        "8,23": 30.209860767613453,
        "8,24": 70.73410627044868,
        "8,25": 50.69377644499935,
        "8,26": 3.200225997513911,
        "8,27": 50.930425456793714,
        "8,28": 53.163923243462094,
        "8,29": 54.86867037289767,
        "8,30": 20.568468425431302,
        "8,31": 44.42373292523276,
        "8,32": 40.4085123755754,
        "8,33": 55.30894949117676,
        "8,34": 52.355212011248696,
        "8,35": 11.427864679992595,
        "8,36": 45.68864884678615,
        "8,37": 78.9928302744854,
        "8,38": 68.1337059268837,
        "8,39": 65.46094860895593,
        "8,40": 62.07707760729605,
        "8,41": 12.978852983512558,
        "8,42": 51.16757900888972,
        "8,43": 37.015297114173464,
        "8,44": 35.21318894875395,
        "8,45": 22.190871197223604,
        "8,46": 45.702660571741575,
        "8,47": 31.571455143331782,
        "8,48": 59.81051290277895,
        "8,49": 58.18824576025493,
        "8,50": 37.33646600744099,
        "9,0": 94.9217249413197,
        "9,1": 37.41720280343342,
        "9,2": 16.10927710957014,
        "9,3": 67.36880805576041,
        "9,4": 14.71287837967417,
        "9,5": 38.13382072126089,
        "9,6": 36.679084667637916,
        "9,7": 31.77588059148317,
        "9,8": 34.8956111385035,
        "9,9": 0.0,
        "9,10": 68.82683583488368,
        "9,11": 25.528033777032636,
        "9,12": 23.684979192433204,
        "9,13": 60.935106964457574,
        "9,14": 56.5426744169373,
        "9,15": 46.49345183188455,
        "9,16": 44.80059403766883,
        "9,17": 20.29591004916615,
        "9,18": 66.36899637429681,
        "9,19": 36.85989087202573,
        "9,20": 29.831693924269704,
        "9,21": 42.98799167973435,
        "9,22": 64.28097707547977,
        "9,23": 31.019335126306242,
        "9,24": 39.550617527778336,
        "9,25": 34.466628269184554,
        "9,26": 33.95218785674586,
        "9,27": 25.90696141001113,
        "9,28": 50.764941581492124,
        "9,29": 29.570793697588066,
        "9,30": 55.214453829469825,
        "9,31": 26.942976143544126,
        "9,32": 57.82473616386164,
        "9,33": 34.00337095300004,
        "9,34": 18.350217028275967,
        "9,35": 43.076322842945125,
        "9,36": 23.218011836683633,
        "9,37": 64.99224591641611,
        "9,38": 41.234691118412826,
        "9,39": 52.249554859725855,
        "9,40": 27.18600177253425,
        "9,41": 40.28724127688016,
        "9,42": 17.977907966365233,
        "9,43": 34.819635255135644,
        "9,44": 67.02956465869597,
        "9,45": 36.47729850496775,
        "9,46": 45.602145699334464,
        "9,47": 37.23215574857164,
        "9,48": 40.64504558089352,
        "9,49": 84.90165179786695,
        "9,50": 33.13535334608626,
        "10,0": 46.233652357779945,
        "10,1": 67.39219758659195,
        "10,2": 75.15599329647358,
        "10,3": 61.245790629108164,
        "10,4": 70.20535774171324,
        "10,5": 46.361382583259456,
        "10,6": 96.50505505258741,
        "10,7": 73.11695907821874,
        "10,8": 34.34171101430615,
        "10,9": 68.82683583488368,
        "10,10": 0.0,
        "10,11": 88.12581336954516,
        "10,12": 45.23135122846886,
        "10,13": 26.06294014010915,
        "10,14": 101.30690576187982,
        "10,15": 29.40175974243776,
        "10,16": 94.31566993871468,
        "10,17": 84.0322644725534,
        "10,18": 54.49604876256841,
        "10,19": 52.69723034698159,
        "10,20": 68.23317188270511,
        "10,21": 47.85860521970824,
        "10,22": 69.5503855842481,
        "10,23": 59.89838056008777,
        "10,24": 104.90823986007787,
        "10,25": 75.73973335874561,
        "10,26": 34.88699921536638,
        "10,27": 80.22818224771729,
        "10,28": 68.48584527511875,
        "10,29": 83.78124724815686,
        "10,30": 17.58643058997286,
        "10,31": 76.95170030167357,
        "10,32": 41.80456852557589,
        "10,33": 82.17944152897988,
        "10,34": 85.42949867398534,
        "10,35": 26.298283686179385,
        "10,36": 79.13339368669011,
        "10,37": 97.85851843733701,
        "10,38": 96.58232168860913,
        "10,39": 85.76893384244144,
        "10,40": 95.84202564073263,
        "10,41": 36.14096847410238,
        "10,42": 83.87925174014569,
        "10,43": 65.85056416060404,
        "10,44": 27.508883462861963,
        "10,45": 41.437152176449075,
        "10,46": 61.81071996625117,
        "10,47": 50.37386228873956,
        "10,48": 84.80677830658686,
        "10,49": 37.41150412925258,
        "10,50": 66.92609063247909,
        "11,0": 104.58232779488179,
        "11,1": 61.560589892095905,
        "11,2": 12.988853119157685,
        "11,3": 67.39510165477674,
        "11,4": 17.92302257489165,
        "11,5": 46.96056059545952,
        "11,6": 11.250183170439362,
        "11,7": 54.32904499021748,
        "11,8": 56.64979492923531,
        "11,9": 25.528033777032636,
        "11,10": 88.12581336954516,
        "11,11": 0.0,
        "11,12": 44.340099389640926,
        "11,13": 84.7180344919818,
        "11,14": 35.15474768636076,
        "11,15": 70.0708426381824,
        "11,16": 23.24538903308437,
        "11,17": 33.764575805182695,
        "11,18": 69.03262682154106,
        "11,19": 62.38110987981544,
        "11,20": 53.620270305443924,
        "11,21": 49.65252833585222,
        "11,22": 60.366045702102,
        "11,23": 56.19086219532033,
        "11,24": 42.23705159368258,
        "11,25": 24.332680042732747,
        "11,26": 54.785655301884454,
        "11,27": 11.495266736101058,
        "11,28": 46.02332468727151,
        "11,29": 11.386969636506512,
        "11,30": 77.13500403533803,
        "11,31": 47.62138379732155,
        "11,32": 65.32660972369924,
        "11,33": 18.313483872181656,
        "11,34": 10.164238483686667,
        "11,35": 61.881830954830484,
        "11,36": 42.11606025333136,
        "11,37": 47.785844609343236,
        "11,38": 17.099108355610497,
        "11,39": 38.01630797949965,
        "11,40": 18.027082561358725,
        "11,41": 64.54818759426477,
        "11,42": 8.488172548990683,
        "11,43": 59.174948104094646,
        "11,44": 90.93041160510427,
        "11,45": 48.88006894138983,
        "11,46": 44.45645287225506,
        "11,47": 44.01724137689641,
        "11,48": 24.286390770748604,
        "11,49": 95.55293917414895,
        "11,50": 57.266012348086825,
        "12,0": 73.76047906492695,
        "12,1": 39.14050456460686,
        "12,2": 31.50999871328788,
        "12,3": 54.97871046487399,
        "12,4": 26.830458248961627,
        "12,5": 23.37849056063748,
        "12,6": 54.049599358224384,
        "12,7": 39.225393328966874,
        "12,8": 12.326807742082803,
        "12,9": 23.684979192433204,
        "12,10": 45.23135122846886,
        "12,11": 44.340099389640926,
        "12,12": 0.0,
        "12,13": 41.02460316061555,
        "12,14": 66.16330371000285,
        "12,15": 26.511756041030395,
        "12,16": 56.27180244596024,
        "12,17": 40.97191959854007,
        "12,18": 51.806710896813996,
        "12,19": 29.552664530866057,
        "12,20": 34.844551417590736,
        "12,21": 28.91545059987536,
        "12,22": 55.840668336942855,
        "12,23": 29.803676868852737,
        "12,24": 61.69665663596028,
        "12,25": 39.61508514757728,
        "12,26": 10.577097126541256,
        "12,27": 38.76080934848277,
        "12,28": 45.61203893245765,
        "12,29": 42.73315303538968,
        "12,30": 32.8066568156966,
        "12,31": 39.15925702365902,
        "12,32": 40.17303004119109,
        "12,33": 43.60044482935771,
        "12,34": 40.401243317088245,
        "12,35": 19.411445447726816,
        "12,36": 38.886056015476235,
        "12,37": 69.13704887906432,
        "12,38": 55.99323410807397,
        "12,39": 55.48638265986742,
        "12,40": 50.61068963671093,
        "12,41": 22.45979758453268,
        "12,42": 39.06618077648909,
        "12,43": 36.45462339826097,
        "12,44": 47.26260876202973,
        "12,45": 18.367959876062994,
        "12,46": 38.45034701925379,
        "12,47": 25.051827650364732,
        "12,48": 48.52347261765866,
        "12,49": 63.46010927356457,
        "12,50": 36.04103962594211,
        "13,0": 72.10282808579989,
        "13,1": 46.60865712072112,
        "13,2": 72.2051856551991,
        "13,3": 78.75642001081295,
        "13,4": 67.70620532664203,
        "13,5": 54.48142312502741,
        "13,6": 94.87606454139389,
        "13,7": 54.244442688062435,
        "13,8": 29.00320659082324,
        "13,9": 60.935106964457574,
        "13,10": 26.06294014010915,
        "13,11": 84.7180344919818,
        "13,12": 41.02460316061555,
        "13,13": 0.0,
        "13,14": 106.28020415306426,
        "13,15": 14.650099069935012,
        "13,16": 97.0094585723349,
        "13,17": 70.8150909990995,
        "13,18": 72.80294179675292,
        "13,19": 32.71874866125971,
        "13,20": 49.765514750121966,
        "13,21": 58.26865800133821,
        "13,22": 84.63528572635111,
        "13,23": 41.30987457424233,
        "13,24": 90.67881940544551,
        "13,25": 79.53816774884882,
        "13,26": 31.673974234073953,
        "13,27": 79.78529129871868,
        "13,28": 79.35050139218245,
        "13,29": 83.75593660244901,
        "13,30": 13.180542276208007,
        "13,31": 59.90425998201634,
        "13,32": 58.89932405577341,
        "13,33": 84.30998189187213,
        "13,34": 79.20348568412044,
        "13,35": 30.36505978528631,
        "13,36": 63.62063867495038,
        "13,37": 106.84662736153989,
        "13,38": 97.0175071352605,
        "13,39": 93.53571131689556,
        "13,40": 87.5181988291254,
        "13,41": 20.7349334496522,
        "13,42": 78.44323343707089,
        "13,43": 45.8048715818983,
        "13,44": 6.240413510835738,
        "13,45": 48.06916859985979,
        "13,46": 71.92747211453624,
        "13,47": 58.12524014378857,
        "13,48": 88.7080231681621,
        "13,49": 62.85129194603632,
        "13,50": 47.40712896561966,
        "14,0": 101.79102235613927,
        "14,1": 93.95849648084781,
        "14,2": 40.43374277543559,
        "14,3": 57.05299489421804,
        "14,4": 42.803922603380904,
        "14,5": 54.94908756317841,
        "14,6": 26.58505093955099,
        "14,7": 87.86140580115814,
        "14,8": 77.42605671345834,
        "14,9": 56.5426744169373,
        "14,10": 101.30690576187982,
        "14,11": 35.15474768636076,
        "14,12": 66.16330371000285,
        "14,13": 106.28020415306426,
        "14,14": 0.0,
        "14,15": 92.26889810308307,
        "14,16": 12.035117567328962,
        "14,17": 68.81472439420887,
        "14,18": 61.96040832957248,
        "14,19": 91.54262106583172,
        "14,20": 86.33302165747087,
        "14,21": 53.940768313344435,
        "14,22": 46.32413874980759,
        "14,23": 87.1064612320125,
        "14,24": 75.84872212276372,
        "14,25": 26.743472645717606,
        "14,26": 74.62434834638607,
        "14,27": 30.638810137203517,
        "14,28": 36.63602833679154,
        "14,29": 27.04696994457644,
        "14,30": 95.68315417367138,
        "14,31": 81.82454366816434,
        "14,32": 65.71080891085602,
        "14,33": 23.13534816134996,
        "14,34": 45.26263322023082,
        "14,35": 77.76849687782988,
        "14,36": 76.66133337197749,
        "14,37": 16.53781167646118,
        "14,38": 18.911223263503985,
        "14,39": 17.805809402463456,
        "14,40": 51.35124550746656,
        "14,41": 88.6113499731173,
        "14,42": 43.199473592686545,
        "14,43": 91.3455735502694,
        "14,44": 112.40837713169846,
        "14,45": 60.266391047750645,
        "14,46": 41.09869066140864,
        "14,47": 50.93444153446586,
        "14,48": 17.64448654755448,
        "14,49": 95.12690565878694,
        "14,50": 89.67798511458025,
        "15,0": 71.60110896359454,
        "15,1": 37.99047677372698,
        "15,2": 57.561506349271326,
        "15,3": 69.69832347604266,
        "15,4": 53.08581931726914,
        "15,5": 42.37057316155827,
        "15,6": 80.23708003472252,
        "15,7": 43.99741437823092,
        "15,8": 14.871079986864176,
        "15,9": 46.49345183188455,
        "15,10": 29.40175974243776,
        "15,11": 70.0708426381824,
        "15,12": 26.511756041030395,
        "15,13": 14.650099069935012,
        "15,14": 92.26889810308307,
        "15,15": 0.0,
        "15,16": 82.70244313650316,
        "15,17": 57.73366378183478,
        "15,18": 64.43094387411543,
        "15,19": 23.29569759798208,
        "15,20": 39.17811718138779,
        "15,21": 46.80290831688125,
        "15,22": 74.15161945337663,
        "15,23": 30.719354950952965,
        "15,24": 78.13710710501765,
        "15,25": 65.54750335826598,
        "15,26": 17.83326808458748,
        "15,27": 65.24016313088428,
        "15,28": 67.2697280203995,
        "15,29": 69.22646213114862,
        "15,30": 11.86004229119962,
        "15,31": 48.4897815903672,
        "15,32": 50.56515876020842,
        "15,33": 70.00874916995821,
        "15,34": 64.68772458363375,
        "15,35": 19.733729969651367,
        "15,36": 51.42361002802531,
        "15,37": 93.734983448198,
        "15,38": 82.47738858761696,
        "15,39": 80.24743527729727,
        "15,40": 73.31145895102543,
        "15,41": 7.2048161357831,
        "15,42": 63.86320516149,
        "15,43": 36.478983600727474,
        "15,44": 20.87646418660508,
        "15,45": 35.8528709921102,
        "15,46": 59.7865823907724,
        "15,47": 45.696378401115396,
        "15,48": 74.64142957460786,
        "15,49": 61.53736163813529,
        "15,50": 37.626702824628076,
        "16,0": 99.980084280155,
        "16,1": 82.20034371925915,
        "16,2": 28.733568731451694,
        "16,3": 57.06462278594084,
        "16,4": 31.524648688883342,
        "16,5": 48.33115220051634,
        "16,6": 15.872138753532536,
        "16,7": 75.92685397694265,
        "16,8": 68.00871883547846,
        "16,9": 44.80059403766883,
        "16,10": 94.31566993871468,
        "16,11": 23.24538903308437,
        "16,12": 56.27180244596024,
        "16,13": 97.0094585723349,
        "16,14": 12.035117567328962,
        "16,15": 82.70244313650316,
        "16,16": 0.0,
        "16,17": 56.808961623259655,
        "16,18": 60.86369921723378,
        "16,19": 80.37781889418571,
        "16,20": 74.50864997486724,
        "16,21": 48.44406357886834,
        "16,22": 47.430922568747555,
        "16,23": 75.58267335551217,
        "16,24": 64.61311234395293,
        "16,25": 18.597852001210143,
        "16,26": 65.3879682221751,
        "16,27": 19.01833710344141,
        "16,28": 35.05703315334143,
        "16,29": 15.230243733385175,
        "16,30": 87.10561590219265,
        "16,31": 69.8142935575683,
        "16,32": 62.02765492043738,
        "16,33": 12.69980062515281,
        "16,34": 33.294785447671174,
        "16,35": 69.62951741831655,
        "16,36": 64.62911812578064,
        "16,37": 25.430883753520316,
        "16,38": 8.432520436458129,
        "16,39": 19.371251622547955,
        "16,40": 40.0305203542637,
        "16,41": 78.55148222338964,
        "16,42": 31.183538914746883,
        "16,43": 79.61856369381823,
        "16,44": 103.2078287122689,
        "16,45": 52.87999909373067,
        "16,46": 37.44237869561739,
        "16,47": 44.42643949725272,
        "16,48": 9.951303520940073,
        "16,49": 92.39646309007365,
        "16,50": 77.9076898939951,
        "17,0": 114.25534793206005,
        "17,1": 32.882049637311354,
        "17,2": 31.55185035321303,
        "17,3": 87.56032092867548,
        "17,4": 32.691743345477306,
        "17,5": 58.32641228879843,
        "17,6": 44.03715082372229,
        "17,7": 23.794267312075615,
        "17,8": 49.82135851850878,
        "17,9": 20.29591004916615,
        "17,10": 84.0322644725534,
        "17,11": 33.764575805182695,
        "17,12": 40.97191959854007,
        "17,13": 70.8150909990995,
        "17,14": 68.81472439420887,
        "17,15": 57.73366378183478,
        "17,16": 56.808961623259655,
        "17,17": 0.0,
        "17,18": 86.66375859733277,
        "17,19": 40.19206184985361,
        "17,20": 25.301806207384857,
        "17,21": 63.26053863014072,
        "17,22": 83.97053836835532,
        "17,23": 31.662233208626716,
        "17,24": 20.91684452998375,
        "17,25": 51.54670974152671,
        "17,26": 49.88563017180709,
        "17,27": 40.12006689291442,
        "17,28": 70.07811703903528,
        "17,29": 42.69974992863524,
        "17,30": 68.37950452235876,
        "17,31": 15.941179647434875,
        "17,32": 77.9134575476164,
        "17,33": 48.822482080484164,
        "17,34": 23.600975413671925,
        "17,35": 59.86211588436675,
        "17,36": 9.9217474830431,
        "17,37": 80.19001704921652,
        "17,38": 50.78244983908418,
        "17,39": 68.63157558579492,
        "17,40": 22.54957257039425,
        "17,41": 50.63967320260099,
        "17,42": 25.62917828256062,
        "17,43": 31.30014949580404,
        "17,44": 76.35529004974266,
        "17,45": 56.21034496657008,
        "17,46": 65.4374978663812,
