{
    "num_robots": 3,
    "num_tasks": 50,
    "num_nodes": 51,
    "robot_capacity": [
        244,
        200,
        214
    ],
    "robot_speed": [
        0.87,
        0.86,
        1.09
    ],
    "task_demand": {
        "0": 0,
        "1": 6,
        "2": 11,
        "3": 5,
        "4": 10,
        "5": 7,
        "6": 8,
        "7": 6,
        "8": 10,
        "9": 13,
        "10": 5,
        "11": 11,
        "12": 15,
        "13": 10,
        "14": 5,
        "15": 15,
        "16": 6,
        "17": 12,
        "18": 9,
        "19": 9,
        "20": 15,
        "21": 6,
        "22": 6,
        "23": 13,
        "24": 9,
        "25": 15,
        "26": 13,
        "27": 6,
        "28": 9,
        "29": 10,
        "30": 12,
        "31": 11,
        "32": 5,
        "33": 13,
        "34": 14,
        "35": 6,
        "36": 5,
        "37": 15,
        "38": 8,
        "39": 15,
        "40": 7,
        "41": 11,
        "42": 13,
        "43": 15,
        "44": 6,
        "45": 8,
        "46": 11,
        "47": 5,
        "48": 6,
        "49": 13,
        "50": 5
    },
    "task_service_time": {
        "0": 0,
        "1": 15,
        "2": 100,
        "3": 51,
        "4": 79,
        "5": 79,
        "6": 94,
        "7": 65,
        "8": 24,
        "9": 66,
        "10": 11,
        "11": 79,
        "12": 87,
        "13": 63,
        "14": 55,
        "15": 76,
        "16": 57,
        "17": 68,
        "18": 35,
        "19": 62,
        "20": 71,
        "21": 78,
        "22": 29,
        "23": 74,
        "24": 60,
        "25": 54,
        "26": 54,
        "27": 87,
        "28": 17,
        "29": 100,
        "30": 15,
        "31": 86,
        "32": 47,
        "33": 88,
        "34": 22,
        "35": 39,
        "36": 34,
        "37": 27,
        "38": 95,
        "39": 90,
        "40": 30,
        "41": 43,
        "42": 17,
        "43": 15,
        "44": 28,
        "45": 71,
        "46": 18,
        "47": 62,
        "48": 68,
        "49": 81,
        "50": 87
    },
    "task_precedence": [],
    "coordinates": {
        "0": [
            50.0,
            50.0
        ],
        "1": [
            30.60972242583232,
            79.36998825392533
        ],
        "2": [
            49.932516337587195,
            36.70318182161033
        ],
        "3": [
            87.22417728709802,
            3.7733373063658315
        ],
        "4": [
            10.920307305050137,
            87.92347436865633
        ],
        "5": [
            8.75192109093571,
            46.863257524930134
        ],
        "6": [
            86.80186123365804,
            40.27667135159867
        ],
        "7": [
            75.42774897276215,
            12.860948892326618
        ],
        "8": [
            34.323063643948295,
            3.1596011807623503
        ],
        "9": [
            1.898860385343626,
            5.6532502000047895
        ],
        "10": [
            63.35868902687073,
            31.3625434668379
        ],
        "11": [
            13.310712919647239,
            76.53707659127866
        ],
        "12": [
            45.114514179712394,
            23.457493958716313
        ],
        "13": [
            92.87806764795914,
            4.00678918146935
        ],
        "14": [
            17.730381904975612,
            36.037173138201496
        ],
        "15": [
            88.50217683016949,
            71.77998021073581
        ],
        "16": [
            74.08910356955779,
            25.65892716839476
        ],
        "17": [
            34.398152905835474,
            49.64682750151629
        ],
        "18": [
            88.74130098085601,
            45.58692490375503
        ],
        "19": [
            91.59082417895709,
            47.8168922117977
        ],
        "20": [
            29.39857330006007,
            41.58878077033006
        ],
        "21": [
            76.38960168703511,
            80.66811125888572
        ],
        "22": [
            54.894538948009554,
            35.421797358476915
        ],
        "23": [
            8.310370014884693,
            33.928185089351416
        ],
        "24": [
            85.46351481947433,
            4.131804036297549
        ],
        "25": [
            36.97835450415241,
            16.961765449969267
        ],
        "26": [
            71.72757171130434,
            77.49939359980252
        ],
        "27": [
            29.685700518569057,
            0.9357756953199181
        ],
        "28": [
            57.98898011333037,
            17.952978048630474
        ],
        "29": [
            38.44770977899288,
            37.80057397923537
        ],
        "30": [
            51.76973862363501,
            41.473019359446994
        ],
        "31": [
            15.102677813285858,
            52.847880411032456
        ],
        "32": [
            50.843364183474414,
            41.99273351749374
        ],
        "33": [
            53.924333950458234,
            16.25726632362171
        ],
        "34": [
            92.61704920464214,
            56.78884721883243
        ],
        "35": [
            96.40524684500869,
            25.31581757705593
        ],
        "36": [
            35.37205808578461,
            88.32213102373744
        ],
        "37": [
            31.35847972781608,
            40.46282174037491
        ],
        "38": [
            39.09466845887331,
            20.31790492512542
        ],
        "39": [
            52.89688175453408,
            83.61014499696822
        ],
        "40": [
            77.87941694042168,
            43.61408182438089
        ],
        "41": [
            44.99224774685652,
            18.557150788194775
        ],
        "42": [
            91.09847579386916,
            30.12958879938894
        ],
        "43": [
            24.47664162951685,
            23.510405211056806
        ],
        "44": [
            85.32459706707161,
            72.50445168185955
        ],
        "45": [
            25.857070385775128,
            22.336081281050657
        ],
        "46": [
            49.6095712047528,
            99.8215811502429
        ],
        "47": [
            16.177697820067593,
            64.62994003880897
        ],
        "48": [
            54.61472959398952,
            44.32836907986268
        ],
        "49": [
            2.5337864058864734,
            68.59145879740728
        ],
        "50": [
            77.07315010045727,
            46.04065972855953
        ]
    },
    "distance_matrix_str_keys": {
        "0,0": 0.0,
        "0,1": 35.19345215290739,
        "0,2": 13.296989422942573,
        "0,3": 59.35102120850435,
        "0,4": 54.455599246742764,
        "0,5": 41.36717499471413,
        "0,6": 38.06468324137539,
        "0,7": 45.00977155018876,
        "0,8": 49.3942232964234,
        "0,9": 65.42441325722409,
        "0,10": 22.93053332441579,
        "0,11": 45.28046179618678,
        "0,12": 26.988378955613697,
        "0,13": 62.8800773426748,
        "0,14": 35.16089853759837,
        "0,15": 44.23556440966571,
        "0,16": 34.24576962747943,
        "0,17": 15.60584389142014,
        "0,18": 38.99184060152037,
        "0,19": 41.64808057401723,
        "0,20": 22.252356976342238,
        "0,21": 40.45916614795415,
        "0,22": 15.377922609081278,
        "0,23": 44.68029188375979,
        "0,24": 57.97889516294429,
        "0,25": 35.51180358137801,
        "0,26": 35.04716851368641,
        "0,27": 53.103379083079304,
        "0,28": 33.027797674122155,
        "0,29": 16.80123223416919,
        "0,30": 8.708695289212459,
        "0,31": 35.01333344083184,
        "0,32": 8.051557592654705,
        "0,33": 33.970170339721776,
        "0,34": 43.154389457754334,
        "0,35": 52.56192344877963,
        "0,36": 41.0190493654614,
        "0,37": 20.939533118341238,
        "0,38": 31.622033838065928,
        "0,39": 33.734756122091355,
        "0,40": 28.60143073140876,
        "0,41": 31.83913235603609,
        "0,42": 45.64995020655135,
        "0,43": 36.78505749065127,
        "0,44": 41.88409606822278,
        "0,45": 36.71748152101465,
        "0,46": 49.82311093212062,
        "0,47": 36.85082455373023,
        "0,48": 7.311848365488742,
        "0,49": 50.97728683617539,
        "0,50": 27.36113725244146,
        "1,0": 35.19345215290739,
        "1,1": 0.0,
        "1,2": 46.8383041504364,
        "1,3": 94.44601703473492,
        "1,4": 21.467072285558228,
        "1,5": 39.17206941027253,
        "1,6": 68.45322410393607,
        "1,7": 80.20042281910983,
        "1,8": 76.30079947709254,
        "1,9": 79.11049910358491,
        "1,10": 58.11376401870022,
        "1,11": 17.529435769112514,
        "1,12": 57.763275548874546,
        "1,13": 97.75969819479086,
        "1,14": 45.20630794596796,
        "1,15": 58.38787972733673,
        "1,16": 69.10379633258181,
        "1,17": 29.963619451183895,
        "1,18": 67.23522733374604,
        "1,19": 68.66070667323987,
        "1,20": 37.80061535376552,
        "1,21": 45.7982801915783,
        "1,22": 50.211510597656655,
        "1,23": 50.61836220973092,
        "1,24": 93.11134680762851,
        "1,25": 62.73233415151415,
        "1,26": 41.160377236157885,
        "1,27": 78.4396552527712,
        "1,28": 67.24338550426884,
        "1,29": 42.3018941524975,
        "1,30": 43.40422256970317,
        "1,31": 30.72280320943299,
        "1,32": 42.50246381574479,
        "1,33": 67.28139995567903,
        "1,34": 65.99103351744738,
        "1,35": 85.15224249048619,
        "1,36": 10.140054295177737,
        "1,37": 38.914370656743415,
        "1,38": 59.65855223398525,
        "1,39": 22.686921345755792,
        "1,40": 59.269797233506175,
        "1,41": 62.4904651546399,
        "1,42": 77.9968346951432,
        "1,43": 56.19526401554902,
        "1,44": 55.14393075787129,
        "1,45": 57.23158433945702,
        "1,46": 27.91526295091188,
        "1,47": 20.628920369358973,
        "1,48": 42.47535101071342,
        "1,49": 30.073823844684597,
        "1,50": 57.18124037852682,
        "2,0": 13.296989422942573,
        "2,1": 46.8383041504364,
        "2,2": 0.0,
        "2,3": 49.74980036313159,
        "2,4": 64.38533079982848,
        "2,5": 42.41542836239809,
        "2,6": 37.042116846724106,
        "2,7": 34.906431472952235,
        "2,8": 36.997659596304494,
        "2,9": 57.195544912561886,
        "2,10": 14.44937822603206,
        "2,11": 54.11003287841589,
        "2,12": 14.094729218913859,
        "2,13": 53.97568405337773,
        "2,14": 32.20902093486178,
        "2,15": 52.13444634542905,
        "2,16": 26.56155619576682,
        "2,17": 20.220148632408552,
        "2,18": 39.812594196273764,
        "2,19": 43.11530089009352,
        "2,20": 21.1071526681393,
        "2,21": 51.31171781973953,
        "2,22": 5.124803852705236,
        "2,23": 41.71454987618235,
        "2,24": 48.20110480013329,
        "2,25": 23.61215426777735,
        "2,26": 46.25316566673576,
        "2,27": 41.1003758110828,
        "2,28": 20.407762006112527,
        "2,29": 11.537116244363144,
        "2,30": 5.111431880178634,
        "2,31": 38.389698412102625,
        "2,32": 5.367401693722993,
        "2,33": 20.831948262352196,
        "2,34": 47.17418044362678,
        "2,35": 47.84753645960866,
        "2,36": 53.633225348045826,
        "2,37": 18.9507184111813,
        "2,38": 19.645260131050065,
        "2,39": 47.00053889754427,
        "2,40": 28.788709456191405,
        "2,41": 18.806506746715094,
        "2,42": 41.68750823901625,
        "2,43": 28.67143023724041,
        "2,44": 50.342132473393804,
        "2,45": 28.036416955830394,
        "2,46": 63.11922549720922,
        "2,47": 43.809720356018666,
        "2,48": 8.94799428374,
        "2,49": 57.127067206565435,
        "2,50": 28.701959771294494,
        "3,0": 59.35102120850435,
        "3,1": 94.44601703473492,
        "3,2": 49.74980036313159,
        "3,3": 0.0,
        "3,4": 113.5936888292635,
        "3,5": 89.52450065182363,
        "3,6": 36.50577690266088,
        "3,7": 14.890950450275286,
        "3,8": 52.90467367555831,
        "3,9": 85.34602379063996,
        "3,10": 36.47911493531712,
        "3,11": 103.71963155314997,
        "3,12": 46.483220092112674,
        "3,13": 5.658707978914242,
        "3,14": 76.61816167982589,
        "3,15": 68.01865010388391,
        "3,16": 25.524678355939365,
        "3,17": 69.96403329293067,
        "3,18": 41.8411014681342,
        "3,19": 44.25948862996469,
        "3,20": 69.09275100068034,
        "3,21": 77.6543256338152,
        "3,22": 45.241911308059585,
        "3,23": 84.47901409824252,
        "3,24": 1.7967834375257017,
        "3,25": 51.947832909893044,
        "3,26": 75.33708357080671,
        "3,27": 57.608402726850784,
        "3,28": 32.49244474287466,
        "3,29": 59.472654372919266,
        "3,30": 51.7521327854676,
        "3,31": 87.23429066188862,
        "3,32": 52.766332152462226,
        "3,33": 35.56301519771118,
        "3,34": 53.28909230600461,
        "3,35": 23.41731185341875,
        "3,36": 99.18236125808798,
        "3,37": 66.8363256905895,
        "3,38": 50.89373574162018,
        "3,39": 86.90384963168324,
        "3,40": 40.92199249409248,
        "3,41": 44.74479873412584,
        "3,42": 26.639485386978706,
        "3,43": 65.77845453166107,
        "3,44": 68.75735952106884,
        "3,45": 64.11315990737072,
        "3,46": 103.15097544969157,
        "3,47": 93.54746571016011,
        "3,48": 52.03928017371991,
        "3,49": 106.64825915709928,
        "3,50": 43.46918331054309,
        "4,0": 54.455599246742764,
        "4,1": 21.467072285558228,
        "4,2": 64.38533079982848,
        "4,3": 113.5936888292635,
        "4,4": 0.0,
        "4,5": 41.11743311574031,
        "4,6": 89.60037982266886,
        "4,7": 98.9726869464395,
        "4,8": 87.93522162405237,
        "4,9": 82.76337528934678,
        "4,10": 77.12926021999463,
        "4,11": 11.634607571678918,
        "4,12": 72.97332672971659,
        "4,13": 117.29912417930134,
        "4,14": 52.33130393401304,
        "4,15": 79.24366777629274,
        "4,16": 88.69707244075465,
        "4,17": 44.90335098237165,
        "4,18": 88.59170659426226,
        "4,19": 90.09034479348028,
        "4,20": 49.88336541406481,
        "4,21": 65.87009033491324,
        "4,22": 68.48473652917016,
        "4,23": 54.05832995028996,
        "4,24": 112.15049622549692,
        "4,25": 75.59488049128137,
        "4,26": 61.6942855088516,
        "4,27": 88.98876166652256,
        "4,28": 84.32870398152512,
        "4,29": 57.18446493944177,
        "4,30": 61.85726157545582,
        "4,31": 35.324064241650625,
        "4,32": 60.856252149262,
        "4,33": 83.57865566801821,
        "4,34": 87.42838580671099,
        "4,35": 105.9593958886384,
        "4,36": 24.455000375624394,
        "4,37": 51.674291866314974,
        "4,38": 73.2414339442514,
        "4,39": 42.19760197904302,
        "4,40": 80.292245147364,
        "4,41": 77.28249460608332,
        "4,42": 98.83659196580497,
        "4,43": 65.82414206519074,
        "4,44": 75.9851603644212,
        "4,45": 67.26673043457527,
        "4,46": 40.477451575993165,
        "4,47": 23.87946600330864,
        "4,48": 61.72305682891254,
        "4,49": 21.072744454368642,
        "4,50": 78.29667152625683,
        "5,0": 41.36717499471413,
        "5,1": 39.17206941027253,
        "5,2": 42.41542836239809,
        "5,3": 89.52450065182363,
        "5,4": 41.11743311574031,
        "5,5": 0.0,
        "5,6": 78.32736605874898,
        "5,7": 74.84532728282886,
        "5,8": 50.63489813671602,
        "5,9": 41.775939783024995,
        "5,10": 56.76417215744276,
        "5,11": 30.02196064416707,
        "5,12": 43.244282214617144,
        "5,13": 94.41337518279833,
        "5,14": 14.064738239221505,
        "5,15": 83.55205778360299,
        "5,16": 68.6918557043981,
        "5,17": 25.79684996502729,
        "5,18": 79.99956199963762,
        "5,19": 82.84439198849006,
        "5,20": 21.309724364227623,
        "5,21": 75.61497187987372,
        "5,22": 47.539964171678605,
        "5,23": 12.942606625654284,
        "5,24": 87.81028259619448,
        "5,25": 41.1197126879518,
        "5,26": 70.03217406775855,
        "5,27": 50.47332670167464,
        "5,28": 57.09721745034979,
        "5,29": 31.04790007158537,
        "5,30": 43.3542073247481,
        "5,31": 8.726271943695961,
        "5,32": 42.37229738543142,
        "5,33": 54.564398475248716,
        "5,34": 84.45044135053465,
        "5,35": 90.26293638064784,
        "5,36": 49.26936051355477,
        "5,37": 23.49514995983055,
        "5,38": 40.31548167245981,
        "5,39": 57.43789072444493,
        "5,40": 69.20381366047495,
        "5,41": 45.98474697896357,
        "5,42": 84.02958253174513,
        "5,43": 28.153553012187544,
        "5,44": 80.75175257503487,
        "5,45": 29.90265049953049,
        "5,46": 66.88745483292408,
        "5,47": 19.256094297127976,
        "5,48": 45.93280813554426,
        "5,49": 22.600440913811617,
        "5,50": 68.3261809301975,
        "6,0": 38.06468324137539,
        "6,1": 68.45322410393607,
        "6,2": 37.042116846724106,
        "6,3": 36.50577690266088,
        "6,4": 89.60037982266886,
        "6,5": 78.32736605874898,
        "6,6": 0.0,
        "6,7": 29.681513904908833,
        "6,8": 64.27830967385898,
        "6,9": 91.691334624868,
        "6,10": 25.080749571393493,
        "6,11": 81.94977650157287,
        "6,12": 44.952415202849295,
        "6,13": 36.7753264706686,
        "6,14": 69.20146387002231,
        "6,15": 31.549160721038664,
        "6,16": 19.372471510670273,
        "6,17": 53.234842657617946,
        "6,18": 5.6533370075735405,
        "6,19": 8.932474277154562,
        "6,20": 57.41828190319071,
        "6,21": 41.71191156792291,
        "6,22": 32.2745568045377,
        "6,23": 78.7478093128229,
        "6,24": 36.1696364975525,
        "6,25": 55.00878711648646,
        "6,26": 40.159248700276656,
        "6,27": 69.35388875809407,
        "6,28": 36.448997258348854,
        "6,29": 48.417507382124924,
        "6,30": 35.05254431734692,
        "6,31": 72.79291311909535,
        "6,32": 35.999421932376656,
        "6,33": 40.71687141905126,
        "6,34": 17.50623783136557,
        "6,35": 17.777855913004426,
        "6,36": 70.38032997177638,
        "6,37": 55.44369400364284,
        "6,38": 51.71391108509381,
        "6,39": 55.02124654761789,
        "6,40": 9.526191307639305,
        "6,41": 47.11455564281447,
        "6,42": 11.019264086152816,
        "6,43": 64.54099998450525,
        "6,44": 32.2616201458239,
        "6,45": 63.53056196486569,
        "6,46": 70.20585958823439,
        "6,47": 74.70511464164274,
        "6,48": 32.44114205250133,
        "6,49": 88.89789436921569,
        "6,50": 11.308022918397565,
        "7,0": 45.00977155018876,
        "7,1": 80.20042281910983,
        "7,2": 34.906431472952235,
        "7,3": 14.890950450275286,
        "7,4": 98.9726869464395,
        "7,5": 74.84532728282886,
        "7,6": 29.681513904908833,
        "7,7": 0.0,
        "7,8": 42.23400648057768,
        "7,9": 73.88131277488445,
        "7,10": 22.090070388686083,
        "7,11": 88.95603074978798,
        "7,12": 32.11197550700657,
        "7,13": 19.568080285283404,
        "7,14": 62.178159645087405,
        "7,15": 60.352240350282216,
        "7,16": 12.867797770801042,
        "7,17": 55.10561331175984,
        "7,18": 35.33044258104911,
        "7,19": 38.51185497317922,
        "7,20": 54.25839416642644,
        "7,21": 67.813984021357,
        "7,22": 30.505812518816747,
        "7,23": 70.3460801975246,
        "7,24": 13.3009235035607,
        "7,25": 38.66746218000598,
        "7,26": 64.74426496584566,
        "7,27": 47.270971563575415,
        "7,28": 18.166987099167983,
        "7,29": 44.60390339699295,
        "7,30": 37.12616368674346,
        "7,31": 72.37450450730249,
        "7,32": 38.11893034851431,
        "7,33": 21.76997541835003,
        "7,34": 47.171307951397125,
        "7,35": 24.396294204939387,
        "7,36": 85.43329784751991,
        "7,37": 51.999652657526234,
        "7,38": 37.0904156474934,
        "7,39": 74.25017661297822,
        "7,40": 30.850702762826145,
        "7,41": 30.963954058075252,
        "7,42": 23.319039502980136,
        "7,43": 52.05214942139707,
        "7,44": 60.45903594341262,
        "7,45": 50.468111806944194,
        "7,46": 90.7123468220125,
        "7,47": 78.68034701195394,
        "7,48": 37.72771274434904,
        "7,49": 91.75739486810512,
        "7,50": 33.22048398273349,
        "8,0": 49.3942232964234,
        "8,1": 76.30079947709254,
        "8,2": 36.997659596304494,
        "8,3": 52.90467367555831,
        "8,4": 87.93522162405237,
        "8,5": 50.63489813671602,
        "8,6": 64.27830967385898,
        "8,7": 42.23400648057768,
        "8,8": 0.0,
        "8,9": 32.51995145117038,
        "8,10": 40.478061897392244,
        "8,11": 76.32675009838924,
        "8,12": 22.98825473782555,
        "8,13": 58.56113234405793,
        "8,14": 36.82732443590528,
        "8,15": 87.43073100382148,
        "8,16": 45.689797562069806,
        "8,17": 46.487286965301045,
        "8,18": 69.00306046221164,
        "8,19": 72.62141584219975,
        "8,20": 38.743418138753526,
        "8,21": 88.18822346243869,
        "8,22": 38.26270897878171,
        "8,23": 40.29101618946105,
        "8,24": 51.149691346367604,
        "8,25": 14.055259089268173,
        "8,26": 83.21960082016066,
        "8,27": 5.143008511205321,
        "8,28": 27.90913114897247,
        "8,29": 34.88566614189681,
        "8,30": 42.09874677922835,
        "8,31": 53.27615155343731,
        "8,32": 42.20109592176914,
        "8,33": 23.574533501711997,
        "8,34": 79.2103830514803,
        "8,35": 65.91733759800537,
        "8,36": 85.16899012313476,
        "8,37": 37.420836734563956,
        "8,38": 17.8094244683437,
        "8,39": 82.56680155806197,
        "8,40": 59.44510843317652,
        "8,41": 18.732752689743492,
        "8,42": 62.85560959009349,
        "8,43": 22.607681242571722,
        "8,44": 86.08057099328214,
        "8,45": 20.962118950244196,
        "8,46": 97.86324992062544,
        "8,47": 64.09256478099104,
        "8,48": 45.89792105703761,
        "8,49": 72.74535131871487,
        "8,50": 60.55043413732557,
        "9,0": 65.42441325722409,
        "9,1": 79.11049910358491,
        "9,2": 57.195544912561886,
        "9,3": 85.34602379063996,
        "9,4": 82.76337528934678,
        "9,5": 41.775939783024995,
        "9,6": 91.691334624868,
        "9,7": 73.88131277488445,
        "9,8": 32.51995145117038,
        "9,9": 0.0,
        "9,10": 66.62040450887329,
        "9,11": 71.79656831724581,
        "9,12": 46.7395317551894,
        "9,13": 90.99410413878202,
        "9,14": 34.26105437287134,
        "9,15": 108.96274060959902,
        "9,16": 74.91100267623942,
        "9,17": 54.69587606133177,
        "9,18": 95.58403561228225,
        "9,19": 99.10812820779887,
        "9,20": 45.25037643779999,
        "9,21": 105.71707487136946,
        "9,22": 60.784112613770944,
        "9,23": 28.992747346991607,
        "9,24": 83.57850363056723,
        "9,25": 36.85720316017236,
        "9,26": 100.18940685955104,
        "9,27": 28.184446957351838,
        "9,28": 57.42285987522866,
        "9,29": 48.67513552283485,
        "9,30": 61.40163156540884,
        "9,31": 49.00687620554973,
        "9,32": 60.96000738047279,
        "9,33": 53.095150980333095,
        "9,34": 104.13759678966014,
        "9,35": 96.53016957159373,
        "9,36": 89.18855767945415,
        "9,37": 45.60236224832572,
        "9,38": 39.98224901690572,
        "9,39": 93.15618943450418,
        "9,40": 84.93567985266056,
        "9,41": 44.98389361404023,
        "9,42": 92.49682448744156,
        "9,43": 28.78600686094687,
        "9,44": 106.90620506058829,
        "9,45": 29.19439465554109,
        "9,46": 105.56508173087757,
        "9,47": 60.68059939412087,
        "9,48": 65.38140168881516,
        "9,49": 62.94141110987036,
        "9,50": 85.33649092035034,
        "10,0": 22.93053332441579,
        "10,1": 58.11376401870022,
        "10,2": 14.44937822603206,
        "10,3": 36.47911493531712,
        "10,4": 77.12926021999463,
        "10,5": 56.76417215744276,
        "10,6": 25.080749571393493,
        "10,7": 22.090070388686083,
        "10,8": 40.478061897392244,
        "10,9": 66.62040450887329,
        "10,10": 0.0,
        "10,11": 67.42060779494953,
        "10,12": 19.883151751659952,
        "10,13": 40.24588186009385,
        "10,14": 45.867140453426764,
        "10,15": 47.6000438220557,
        "10,16": 12.152079457351167,
        "10,17": 34.2494918951885,
        "10,18": 29.09656366084334,
        "10,19": 32.67719461438559,
        "10,20": 35.46639803484006,
        "10,21": 50.99846762455766,
        "10,22": 9.387192270017277,
        "10,23": 55.10807511590799,
        "10,24": 35.073301715911185,
        "10,25": 30.055023823341923,
        "10,26": 46.88973381858176,
        "10,27": 45.38345901429398,
        "10,28": 14.444729783604096,
        "10,29": 25.729460234656333,
        "10,30": 15.37938536560181,
        "10,31": 52.82293367327491,
        "10,32": 16.42054494981197,
        "10,33": 17.809448427202895,
        "10,34": 38.76272130257229,
        "10,35": 33.59520617013229,
        "10,36": 63.46373867087145,
        "10,37": 33.26903154345064,
        "10,38": 26.65945863368727,
        "10,39": 53.284718982601305,
        "10,40": 18.998729727687714,
        "10,41": 22.389824629649443,
        "10,42": 27.76717391256311,
        "10,43": 39.66698482362851,
        "10,44": 46.63858625219924,
        "10,45": 38.57263823351491,
        "10,46": 69.82605589194013,
        "10,47": 57.73011004608624,
        "10,48": 15.63871671177791,
        "10,49": 71.31381994776974,
        "10,50": 20.088144253054775,
        "11,0": 45.28046179618678,
        "11,1": 17.529435769112514,
        "11,2": 54.11003287841589,
        "11,3": 103.71963155314997,
        "11,4": 11.634607571678918,
        "11,5": 30.02196064416707,
        "11,6": 81.94977650157287,
        "11,7": 88.95603074978798,
        "11,8": 76.32675009838924,
        "11,9": 71.79656831724581,
        "11,10": 67.42060779494953,
        "11,11": 0.0,
        "11,12": 61.87829883761137,
        "11,13": 107.66432338621073,
        "11,14": 40.74034429958153,
        "11,15": 75.34179591024588,
        "11,16": 79.26284664765981,
        "11,17": 34.172585814956356,
        "11,18": 81.53333983555741,
        "11,19": 83.38240107817302,
        "11,20": 38.473401622526055,
        "11,21": 63.214014708397244,
        "11,22": 58.47803667658792,
        "11,23": 42.90129443487943,
        "11,24": 102.21815061796408,
        "11,25": 64.10440667970045,
        "11,26": 58.42478451059361,
        "11,27": 77.35435938604971,
        "11,28": 73.67661882500347,
        "11,29": 46.177757045135806,
        "11,30": 52.04406563343374,
        "11,31": 23.756875927744048,
        "11,32": 51.009916185889,
        "11,33": 72.68508608469178,
        "11,34": 81.72813186593369,
        "11,35": 97.61310846026336,
        "11,36": 25.01180638249603,
        "11,37": 40.33700224124239,
        "11,38": 61.84987975798494,
        "11,39": 40.21309562438249,
        "11,40": 72.47786643757907,
        "11,41": 66.07110900491067,
        "11,42": 90.57919725925247,
        "11,43": 54.18953627426544,
        "11,44": 72.12670499654567,
        "11,45": 55.63415298436044,
        "11,46": 43.12511177212881,
        "11,47": 12.247428436141123,
        "11,48": 52.37769213119541,
        "11,49": 13.389360970908404,
        "11,50": 70.68012334950672,
        "12,0": 26.988378955613697,
        "12,1": 57.763275548874546,
        "12,2": 14.094729218913859,
        "12,3": 46.483220092112674,
        "12,4": 72.97332672971659,
        "12,5": 43.244282214617144,
        "12,6": 44.952415202849295,
        "12,7": 32.11197550700657,
        "12,8": 22.98825473782555,
        "12,9": 46.7395317551894,
        "12,10": 19.883151751659952,
        "12,11": 61.87829883761137,
        "12,12": 0.0,
        "12,13": 51.57215291458835,
        "12,14": 30.135345173053082,
        "12,15": 64.94268201919661,
        "12,16": 29.058099361224862,
        "12,17": 28.29702440837688,
        "12,18": 48.91838346208586,
        "12,19": 52.47311382411108,
        "12,20": 23.994465177988978,
        "12,21": 65.20111832213567,
        "12,22": 15.452942771848637,
        "12,23": 38.26461028755659,
        "12,24": 44.73839674826297,
        "12,25": 10.411127850792987,
        "12,26": 60.23937041501227,
        "12,27": 27.299745136650742,
        "12,28": 14.001841610312479,
        "12,29": 15.816770384388398,
        "12,30": 19.20549837581304,
        "12,31": 42.00601311600103,
        "12,32": 19.400382157753278,
        "12,33": 11.377882157510873,
        "12,34": 58.029905600003616,
        "12,35": 51.32438625072268,
        "12,36": 65.59219917276005,
        "12,37": 21.872577735681,
        "12,38": 6.789371237644092,
        "12,39": 60.653991393801476,
        "12,40": 38.46851813242864,
        "12,41": 4.901868242770339,
        "12,42": 46.46548800233538,
        "12,43": 20.637940376857838,
        "12,44": 63.422825762528895,
        "12,45": 19.290067596311896,
        "12,46": 76.49627017216879,
        "12,47": 50.324046511085974,
        "12,48": 22.931365446483017,
        "12,49": 62.049924736528595,
        "12,50": 39.1325157139551,
        "13,0": 62.8800773426748,
        "13,1": 97.75969819479086,
        "13,2": 53.97568405337773,
        "13,3": 5.658707978914242,
        "13,4": 117.29912417930134,
        "13,5": 94.41337518279833,
        "13,6": 36.7753264706686,
        "13,7": 19.568080285283404,
        "13,8": 58.56113234405793,
        "13,9": 90.99410413878202,
        "13,10": 40.24588186009385,
        "13,11": 107.66432338621073,
        "13,12": 51.57215291458835,
        "13,13": 0.0,
        "13,14": 81.68916800250749,
        "13,15": 67.91431250287866,
        "13,16": 28.66775628723522,
        "13,17": 74.18162525923388,
        "13,18": 41.785410434046874,
        "13,19": 43.829010064984054,
        "13,20": 73.77026700812561,
        "13,21": 78.4144617554818,
        "13,22": 49.291492077856056,
        "13,23": 89.70499103191152,
        "13,24": 7.415606675135885,
        "13,25": 57.3812629669065,
        "13,26": 76.47552799789,
        "13,27": 63.266945455330244,
        "13,28": 37.57319008172606,
        "13,29": 64.06780586770128,
        "13,30": 55.62025817021432,
        "13,31": 91.83933501735467,
        "13,32": 56.65552278857471,
        "13,33": 40.83463675834787,
        "13,34": 52.78270342912833,
        "13,35": 21.598974148139867,
        "13,36": 102.05889478993701,
        "13,37": 71.51015317981214,
        "13,38": 56.202371170044984,
        "13,39": 89.07968052554706,
        "13,40": 42.35206197516183,
        "13,41": 50.04762502344447,
        "13,42": 26.183345986430446,
        "13,43": 71.12767477983527,
        "13,44": 68.91287750365454,
        "13,45": 69.48220652001093,
        "13,46": 105.13152307693024,
        "13,47": 97.76560311074184,
        "13,48": 55.58698448859118,
        "13,49": 111.05525067526786,
        "13,50": 44.907033879481155,
        "14,0": 35.16089853759837,
        "14,1": 45.20630794596796,
        "14,2": 32.20902093486178,
        "14,3": 76.61816167982589,
        "14,4": 52.33130393401304,
        "14,5": 14.064738239221505,
        "14,6": 69.20146387002231,
        "14,7": 62.178159645087405,
        "14,8": 36.82732443590528,
        "14,9": 34.26105437287134,
        "14,10": 45.867140453426764,
        "14,11": 40.74034429958153,
        "14,12": 30.135345173053082,
        "14,13": 81.68916800250749,
        "14,14": 0.0,
        "14,15": 79.28552966562124,
        "14,16": 57.30631289025367,
        "14,17": 21.518301095253744,
        "14,18": 71.65018064725955,
        "14,19": 74.7938949003259,
        "14,20": 12.92157257199878,
        "14,21": 73.70769771857145,
        "14,22": 37.16925148653872,
        "14,23": 9.653209549142025,
        "14,24": 74.8714222647191,
        "14,25": 27.098996801559466,
        "14,26": 68.07945529002929,
        "14,27": 37.08150139349359,
        "14,28": 44.13380610982254,
        "14,29": 20.7922403017494,
        "14,30": 34.47065752145107,
        "14,31": 17.01483787187803,
        "14,32": 33.644290671785186,
        "14,33": 41.24617410456581,
        "14,34": 77.70871840662201,
        "14,35": 79.40202666431728,
        "14,36": 55.181025358004995,
        "14,37": 14.328692048433052,
        "14,38": 26.524104756083243,
        "14,39": 59.15970218944654,
        "14,40": 60.62438421076142,
        "14,41": 32.38457210675243,
        "14,42": 73.60554838875723,
        "14,43": 14.227857708436222,
        "14,44": 76.80390828441266,
        "14,45": 15.929939853685719,
        "14,46": 71.30731670633527,
        "14,47": 28.634893869193945,
        "14,48": 37.80474883645022,
        "14,49": 35.926564399398224,
        "14,50": 60.180012305300686,
        "15,0": 44.23556440966571,
        "15,1": 58.38787972733673,
        "15,2": 52.13444634542905,
        "15,3": 68.01865010388391,
        "15,4": 79.24366777629274,
        "15,5": 83.55205778360299,
        "15,6": 31.549160721038664,
        "15,7": 60.352240350282216,
        "15,8": 87.43073100382148,
        "15,9": 108.96274060959902,
        "15,10": 47.6000438220557,
        "15,11": 75.34179591024588,
        "15,12": 64.94268201919661,
        "15,13": 67.91431250287866,
        "15,14": 79.28552966562124,
        "15,15": 0.0,
        "15,16": 48.32068102324507,
        "15,17": 58.456153257416275,
        "15,18": 26.19414680179516,
        "15,19": 24.16131885659441,
        "15,20": 66.36824898921712,
        "15,21": 15.023759520411762,
        "15,22": 49.511521733195444,
        "15,23": 88.67628924470857,
        "15,24": 67.7163880205012,
        "15,25": 75.23124973467142,
        "15,26": 17.722840246667364,
        "15,27": 92.07757164008578,
        "15,28": 61.87407644272208,
        "15,29": 60.49834476762696,
        "15,30": 47.62125463108283,
        "15,31": 75.80178664619606,
        "15,32": 48.01527085754012,
        "15,33": 65.40947160468683,
        "15,34": 15.545618129850364,
        "15,35": 47.131485494396465,
        "15,36": 55.64577496371605,
        "15,37": 65.1626160707442,
        "15,38": 71.34036077958629,
        "15,39": 37.5191929056647,
        "15,40": 30.102505868875866,
        "15,41": 68.744334316188,
        "15,42": 41.73123378271131,
        "15,43": 80.18242343793088,
        "15,44": 3.2591213636993293,
        "15,45": 79.80669459887699,
        "15,46": 47.94753544849578,
        "15,47": 72.67704822392581,
        "15,48": 43.611352121501106,
        "15,49": 86.0275003760147,
        "15,50": 28.162657383007303,
        "16,0": 34.24576962747943,
        "16,1": 69.10379633258181,
        "16,2": 26.56155619576682,
        "16,3": 25.524678355939365,
        "16,4": 88.69707244075465,
        "16,5": 68.6918557043981,
        "16,6": 19.372471510670273,
        "16,7": 12.867797770801042,
        "16,8": 45.689797562069806,
        "16,9": 74.91100267623942,
        "16,10": 12.152079457351167,
        "16,11": 79.26284664765981,
        "16,12": 29.058099361224862,
        "16,13": 28.66775628723522,
        "16,14": 57.30631289025367,
        "16,15": 48.32068102324507,
        "16,16": 0.0,
        "16,17": 46.37662047823031,
        "16,18": 24.734833387758616,
        "16,19": 28.23624690276912,
        "16,20": 47.44474398232098,
        "16,21": 55.05726678550289,
        "16,22": 21.534738107513313,
        "16,23": 66.29647362130191,
        "16,24": 24.347366626120017,
        "16,25": 38.11624743009118,
        "16,26": 51.89422696739456,
        "16,27": 50.822204018215885,
        "16,28": 17.84924724301169,
        "16,29": 37.65273613714301,
        "16,30": 27.35396796474665,
        "16,31": 64.9510400373275,
        "16,32": 28.410519697034303,
        "16,33": 22.24880132572313,
        "16,34": 36.22646397046339,
        "16,35": 22.318780766030233,
        "16,36": 73.65926098196203,
        "16,37": 45.22235628981233,
        "16,38": 35.39967524312907,
        "16,39": 61.70456963039234,
        "16,40": 18.350859766499493,
        "16,41": 29.950997421144947,
        "16,42": 17.587085002467536,
        "16,43": 49.65896219569208,
        "16,44": 48.17405402365785,
        "16,45": 48.346357978988976,
        "16,46": 78.09831464526536,
        "16,47": 69.80308560535184,
        "16,48": 26.97775570773013,
        "16,49": 83.44678355976194,
        "16,50": 20.599018322547654,
        "17,0": 15.60584389142014,
        "17,1": 29.963619451183895,
        "17,2": 20.220148632408552,
        "17,3": 69.96403329293067,
        "17,4": 44.90335098237165,
        "17,5": 25.79684996502729,
        "17,6": 53.234842657617946,
        "17,7": 55.10561331175984,
        "17,8": 46.487286965301045,
        "17,9": 54.69587606133177,
        "17,10": 34.2494918951885,
        "17,11": 34.172585814956356,
        "17,12": 28.29702440837688,
        "17,13": 74.18162525923388,
        "17,14": 21.518301095253744,
        "17,15": 58.456153257416275,
        "17,16": 46.37662047823031,
        "17,17": 0.0,
        "17,18": 54.49459195009094,
        "17,19": 57.22193906640973,
        "17,20": 9.483032919718587,
        "17,21": 52.20729658485818,
        "17,22": 24.94901447673249,
        "17,23": 30.45731661599381,
        "17,24": 68.40532543896221,
        "17,25": 32.78674612707758,
        "17,26": 46.575218159591,
        "17,27": 48.93846928100837,
        "17,28": 39.50983702163389,
        "17,29": 12.51929045046442,
        "17,30": 19.19851895053926,
        "17,31": 19.559194737430385,
        "17,32": 18.139187652219523,
        "17,33": 38.679898420752735,
        "17,34": 58.655335067611176,
        "17,35": 66.60989222874963,
        "17,36": 38.68756381365287,
        "17,37": 9.673963761036557,
        "17,38": 29.702574936053214,
        "17,39": 38.67440890711253,
        "17,40": 43.897771497541825,
        "17,41": 32.845134246024855,
        "17,42": 59.96540020847934,
        "17,43": 27.956197097447735,
        "17,44": 55.820907356270325,
        "17,45": 28.6151524499374,
