{
    "num_robots": 5,
    "num_tasks": 30,
    "num_nodes": 31,
    "robot_capacity": [
        87,
        92,
        81,
        77,
        75
    ],
    "robot_speed": [
        1.01,
        1.11,
        0.99,
        1.12,
        0.91
    ],
    "task_demand": {
        "0": 0,
        "1": 10,
        "2": 14,
        "3": 14,
        "4": 10,
        "5": 12,
        "6": 9,
        "7": 11,
        "8": 7,
        "9": 6,
        "10": 13,
        "11": 15,
        "12": 9,
        "13": 11,
        "14": 6,
        "15": 9,
        "16": 13,
        "17": 9,
        "18": 10,
        "19": 15,
        "20": 6,
        "21": 8,
        "22": 6,
        "23": 9,
        "24": 9,
        "25": 7,
        "26": 11,
        "27": 8,
        "28": 8,
        "29": 7,
        "30": 10
    },
    "task_service_time": {
        "0": 0,
        "1": 84,
        "2": 43,
        "3": 97,
        "4": 62,
        "5": 55,
        "6": 25,
        "7": 49,
        "8": 21,
        "9": 55,
        "10": 11,
        "11": 27,
        "12": 62,
        "13": 66,
        "14": 97,
        "15": 47,
        "16": 13,
        "17": 69,
        "18": 46,
        "19": 37,
        "20": 61,
        "21": 15,
        "22": 78,
        "23": 27,
        "24": 80,
        "25": 40,
        "26": 86,
        "27": 18,
        "28": 78,
        "29": 83,
        "30": 42
    },
    "task_precedence": [],
    "coordinates": {
        "0": [
            0,
            100
        ],
        "1": [
            36.77707150251568,
            58.31754272449785
        ],
        "2": [
            10.902598279013498,
            37.38314993687608
        ],
        "3": [
            10.288405462312156,
            80.01013358674649
        ],
        "4": [
            46.31072036388073,
            53.310331585381945
        ],
        "5": [
            43.86371615183465,
            94.17641407680514
        ],
        "6": [
            93.68701195569133,
            82.71651069342032
        ],
        "7": [
            36.18529088587081,
            49.99122823584226
        ],
        "8": [
            22.247993977341462,
            88.24474283406065
        ],
        "9": [
            99.2728200905679,
            29.006284620746225
        ],
        "10": [
            53.603836329343544,
            55.15140732487232
        ],
        "11": [
            94.67229783811906,
            47.25773483717873
        ],
        "12": [
            91.99331797503402,
            13.59108146777298
        ],
        "13": [
            4.253792855417126,
            76.26573049182261
        ],
        "14": [
            34.61900436162739,
            56.597445628702346
        ],
        "15": [
            67.19222788488256,
            19.521702085872082
        ],
        "16": [
            72.95231886679991,
            10.338592572597861
        ],
        "17": [
            95.83140602540158,
            47.94901713078943
        ],
        "18": [
            62.90951183338095,
            28.430463092153392
        ],
        "19": [
            96.57648163944037,
            85.13967833470753
        ],
        "20": [
            1.3648728895704898,
            87.2151888741003
        ],
        "21": [
            54.59025371611078,
            36.7648367705819
        ],
        "22": [
            59.28482124652127,
            31.556170170722798
        ],
        "23": [
            53.71300175720577,
            67.5163542713488
        ],
        "24": [
            6.36939843600951,
            52.33910476485828
        ],
        "25": [
            37.884201246749384,
            2.670479737125475
        ],
        "26": [
            95.47963224697907,
            95.74215438913541
        ],
        "27": [
            33.4310819608728,
            70.07372207602009
        ],
        "28": [
            97.83931307502873,
            28.625261025302628
        ],
        "29": [
            9.249933430294943,
            66.13069958126387
        ],
        "30": [
            49.961386419796995,
            92.31208336414626
        ]
    },
    "distance_matrix_str_keys": {
        "0,0": 0.0,
        "0,1": 55.58759063698672,
        "0,2": 63.55892196270552,
        "0,3": 22.482127260930074,
        "0,4": 65.76175147674019,
        "0,5": 44.248612946097566,
        "0,6": 95.26791281326838,
        "0,7": 61.72724301193684,
        "0,8": 25.162656995102694,
        "0,9": 122.04589477768089,
        "0,10": 69.89111198258736,
        "0,11": 108.37246196545907,
        "0,12": 126.21121881181864,
        "0,13": 24.1124511973295,
        "0,14": 55.51807983840782,
        "0,15": 104.84060245577147,
        "0,16": 115.59069517009513,
        "0,17": 109.05486324990842,
        "0,18": 95.28801232221143,
        "0,19": 97.71307980945603,
        "0,20": 12.857459839704461,
        "0,21": 83.53910263727099,
        "0,22": 90.54969835361705,
        "0,23": 62.77160024719865,
        "0,24": 48.08461470212479,
        "0,25": 104.44255942241894,
        "0,26": 95.57452287751336,
        "0,27": 44.868912973882956,
        "0,28": 121.10691370313947,
        "0,29": 35.1096963717929,
        "0,30": 50.54942329233947,
        "1,0": 55.58759063698672,
        "1,1": 0.0,
        "1,2": 33.282685678595136,
        "1,3": 34.237668245754485,
        "1,4": 10.768594337400472,
        "1,5": 36.55241697955206,
        "1,6": 61.91971382631305,
        "1,7": 8.347317968199881,
        "1,8": 33.26757280190934,
        "1,9": 69.02802650522305,
        "1,10": 17.12204508539016,
        "1,11": 58.942146066758966,
        "1,12": 71.05835778473356,
        "1,13": 37.147020043173896,
        "1,14": 2.759707919970135,
        "1,15": 49.297048477789,
        "1,16": 60.088502889867854,
        "1,17": 59.95765796733808,
        "1,18": 39.70065448574283,
        "1,19": 65.53927380904224,
        "1,20": 45.706649008544815,
        "1,21": 27.96119801637091,
        "1,22": 34.96812633671882,
        "1,23": 19.272879065313656,
        "1,24": 30.989809643764904,
        "1,25": 55.65807538346215,
        "1,26": 69.61747048124012,
        "1,27": 12.223068311923216,
        "1,28": 67.8986666906229,
        "1,29": 28.614484977289635,
        "1,30": 36.46169158361628,
        "2,0": 63.55892196270552,
        "2,1": 33.282685678595136,
        "2,2": 0.0,
        "2,3": 42.63140823269162,
        "2,4": 38.825381193767626,
        "2,5": 65.66513643550711,
        "2,6": 94.38417635003395,
        "2,7": 28.252047427499825,
        "2,8": 52.11160749382592,
        "2,9": 88.76636736708281,
        "2,10": 46.25047785306696,
        "2,11": 84.34968874380093,
        "2,12": 84.50897788316375,
        "2,13": 39.44694771681011,
        "2,14": 30.523058110359433,
        "2,15": 59.05551388735912,
        "2,16": 67.68733934830132,
        "2,17": 85.58352607121513,
        "2,18": 52.7718642762516,
        "2,19": 98.0851685764413,
        "2,20": 50.73657763631143,
        "2,21": 43.692030723716066,
        "2,22": 48.73184987739329,
        "2,23": 52.35208352519222,
        "2,24": 15.627875275713437,
        "2,25": 43.96562715468969,
        "2,26": 102.75722882346149,
        "2,27": 39.70146198552869,
        "2,28": 87.37673029881098,
        "2,29": 28.795015396049546,
        "2,30": 67.40012357914553,
        "3,0": 22.482127260930074,
        "3,1": 34.237668245754485,
        "3,2": 42.63140823269162,
        "3,3": 0.0,
        "3,4": 44.83844999305663,
        "3,5": 36.4415283820668,
        "3,6": 83.44250740528496,
        "3,7": 39.64572301153646,
        "3,8": 14.520349407117333,
        "3,9": 102.56519222465242,
        "3,10": 49.941794346612824,
        "3,11": 90.51718575133924,
        "3,12": 105.29569418116988,
        "3,13": 7.101908465516291,
        "3,14": 33.76584073024252,
        "3,15": 83.04754874007662,
        "3,16": 93.70640143795586,
        "3,17": 91.35381838620188,
        "3,18": 73.68475584573878,
        "3,19": 86.44040906700533,
        "3,20": 11.469187210548384,
        "3,21": 61.90968789632827,
        "3,22": 68.90889151931309,
        "3,23": 45.18617139077338,
        "3,24": 27.94717252485442,
        "3,25": 82.11546749885531,
        "3,26": 86.63164317732492,
        "3,27": 25.18562584546049,
        "3,28": 101.51633637974855,
        "3,29": 13.918229502125238,
        "3,30": 41.5365307455813,
        "4,0": 65.76175147674019,
        "4,1": 10.768594337400472,
        "4,2": 38.825381193767626,
        "4,3": 44.83844999305663,
        "4,4": 0.0,
        "4,5": 40.939278545298976,
        "4,6": 55.76052703056434,
        "4,7": 10.655551095981748,
        "4,8": 42.41966395959853,
        "4,9": 58.272383736370145,
        "4,10": 7.521908026839238,
        "4,11": 48.738856194961286,
        "4,12": 60.5352670301183,
        "4,13": 47.913834019059465,
        "4,14": 12.145013042855949,
        "4,15": 39.720383177970525,
        "4,16": 50.56031175312881,
        "4,17": 49.81005923574252,
        "4,18": 29.908656514265232,
        "4,19": 59.49583238429692,
        "4,20": 56.29980952856163,
        "4,21": 18.501461325994356,
        "4,22": 25.32924855908637,
        "4,23": 16.018890422877952,
        "4,24": 39.95312852434401,
        "4,25": 51.33615509214479,
        "4,26": 64.94645088237709,
        "4,27": 21.13992303992269,
        "4,28": 57.13622822122115,
        "4,29": 39.21560612417557,
        "4,30": 39.17223512213931,
        "5,0": 44.248612946097566,
        "5,1": 36.55241697955206,
        "5,2": 65.66513643550711,
        "5,3": 36.4415283820668,
        "5,4": 40.939278545298976,
        "5,5": 0.0,
        "5,6": 51.12426224714756,
        "5,7": 44.84739526845922,
        "5,8": 22.414820294994083,
        "5,9": 85.54130331373742,
        "5,10": 40.222146798259274,
        "5,11": 69.1583287432742,
        "5,12": 93.8640208139842,
        "5,13": 43.4711238643475,
        "5,14": 38.69940006909025,
        "5,15": 78.2147395452297,
        "5,16": 88.74078612723918,
        "5,17": 69.55295118972116,
        "5,18": 68.44904969405667,
        "5,19": 53.481756125092055,
        "5,20": 43.065187041893466,
        "5,21": 58.40503246216266,
        "5,22": 64.49112674778301,
        "5,23": 28.4212458517687,
        "5,24": 56.179928012046744,
        "5,25": 91.70109387503457,
        "5,26": 51.63965856845535,
        "5,27": 26.263655835529335,
        "5,28": 84.9135956699316,
        "5,29": 44.54970320730964,
        "5,30": 6.376308626702062,
        "6,0": 95.26791281326838,
        "6,1": 61.91971382631305,
        "6,2": 94.38417635003395,
        "6,3": 83.44250740528496,
        "6,4": 55.76052703056434,
        "6,5": 51.12426224714756,
        "6,6": 0.0,
        "6,7": 66.16186241272013,
        "6,8": 71.6525968846336,
        "6,9": 53.99990404896487,
        "6,10": 48.646643173104735,
        "6,11": 35.47246218538111,
        "6,12": 69.14617534564073,
        "6,13": 89.6655633108217,
        "6,14": 64.58509952757963,
        "6,15": 68.52413748383438,
        "6,16": 75.28937859349752,
        "6,17": 34.83356189874628,
        "6,18": 62.40376172912843,
        "6,19": 3.771044480125658,
        "6,20": 92.4316799972687,
        "6,21": 60.33334767071257,
        "6,22": 61.65136793282428,
        "6,23": 42.76641493747249,
        "6,24": 92.45081082241063,
        "6,25": 97.57725531533524,
        "6,26": 13.148417440759125,
        "6,27": 61.567988464499436,
        "6,28": 54.25039073817158,
        "6,29": 86.05062091671441,
        "6,30": 44.76611825236177,
        "7,0": 61.72724301193684,
        "7,1": 8.347317968199881,
        "7,2": 28.252047427499825,
        "7,3": 39.64572301153646,
        "7,4": 10.655551095981748,
        "7,5": 44.84739526845922,
        "7,6": 66.16186241272013,
        "7,7": 0.0,
        "7,8": 40.71338384650198,
        "7,9": 66.4861203536668,
        "7,10": 18.166815174850758,
        "7,11": 58.55084942503287,
        "7,12": 66.62962233362694,
        "7,13": 41.35178394299797,
        "7,14": 6.789356502478986,
        "7,15": 43.47208490358381,
        "7,16": 54.07537204303291,
        "7,17": 59.681066322877996,
        "7,18": 34.33730593440097,
        "7,19": 69.87495592117713,
        "7,20": 50.97141115405439,
        "7,21": 22.664511642098685,
        "7,22": 29.55401273510821,
        "7,23": 24.786098744044068,
        "7,24": 29.908192302063334,
        "7,25": 47.351235832796455,
        "7,26": 74.89303146042171,
        "7,27": 20.270476699952553,
        "7,28": 65.25122992666905,
        "7,29": 31.40057350701308,
        "7,30": 44.50657914231059,
        "8,0": 25.162656995102694,
        "8,1": 33.26757280190934,
        "8,2": 52.11160749382592,
        "8,3": 14.520349407117333,
        "8,4": 42.41966395959853,
        "8,5": 22.414820294994083,
        "8,6": 71.6525968846336,
        "8,7": 40.71338384650198,
        "8,8": 0.0,
        "8,9": 97.17005078347633,
        "8,10": 45.589008595573915,
        "8,11": 83.21787436755824,
        "8,12": 102.16447217568081,
        "8,13": 21.616845531014793,
        "8,14": 33.97930720795216,
        "8,15": 82.11480068302518,
        "8,16": 92.95319688454708,
        "8,17": 83.8943623766691,
        "8,18": 72.32639279958703,
        "8,19": 74.3933162567709,
        "8,20": 20.908484586955957,
        "8,21": 60.796401976717455,
        "8,22": 67.71499719245064,
        "8,23": 37.679076514608006,
        "8,24": 39.25996232196054,
        "8,25": 86.99106553178531,
        "8,26": 73.61442809450617,
        "8,27": 21.33652858917176,
        "8,28": 96.27320569126806,
        "8,29": 25.651130325411664,
        "8,30": 28.01027275228195,
        "9,0": 122.04589477768089,
        "9,1": 69.02802650522305,
        "9,2": 88.76636736708281,
        "9,3": 102.56519222465242,
        "9,4": 58.272383736370145,
        "9,5": 85.54130331373742,
        "9,6": 53.99990404896487,
        "9,7": 66.4861203536668,
        "9,8": 97.17005078347633,
        "9,9": 0.0,
        "9,10": 52.623412270554866,
        "9,11": 18.822333542847208,
        "9,12": 17.047569894196023,
        "9,13": 106.12290403468764,
        "9,14": 70.29500731971477,
        "9,15": 33.45327640349027,
        "9,16": 32.2684290146712,
        "9,17": 19.252803580646958,
        "9,18": 36.36786710600434,
        "9,19": 56.198115011890025,
        "9,20": 113.90453309455879,
        "9,21": 45.35115069399548,
        "9,22": 40.06921471490868,
        "9,23": 59.65502921852626,
        "9,24": 95.78865408284089,
        "9,25": 66.79923010349576,
        "9,26": 66.84358299612724,
        "9,27": 77.59941300733,
        "9,28": 1.4832806018703293,
        "9,29": 97.37731927306818,
        "9,30": 80.24488547693683,
        "10,0": 69.89111198258736,
        "10,1": 17.12204508539016,
        "10,2": 46.25047785306696,
        "10,3": 49.941794346612824,
        "10,4": 7.521908026839238,
        "10,5": 40.222146798259274,
        "10,6": 48.646643173104735,
        "10,7": 18.166815174850758,
        "10,8": 45.589008595573915,
        "10,9": 52.623412270554866,
        "10,10": 0.0,
        "10,11": 41.82019363944585,
        "10,12": 56.57749540562118,
        "10,13": 53.67719658921134,
        "10,14": 19.039823308491098,
        "10,15": 38.132929083466486,
        "10,16": 48.81139357285265,
        "10,17": 42.83739099132042,
        "10,18": 28.294954625772355,
        "10,19": 52.40176183208643,
        "10,20": 61.29433406521812,
        "10,21": 18.41301159530445,
        "10,22": 24.26950362058851,
        "10,23": 12.365428827170472,
        "10,24": 47.31808500761935,
        "10,25": 54.784620904048,
        "10,26": 58.319731060511955,
        "10,27": 25.092140130785534,
        "10,28": 51.579199687705795,
        "10,29": 45.69259853443981,
        "10,30": 37.33876383919832,
        "11,0": 108.37246196545907,
        "11,1": 58.942146066758966,
        "11,2": 84.34968874380093,
        "11,3": 90.51718575133924,
        "11,4": 48.738856194961286,
        "11,5": 69.1583287432742,
        "11,6": 35.47246218538111,
        "11,7": 58.55084942503287,
        "11,8": 83.21787436755824,
        "11,9": 18.822333542847208,
        "11,10": 41.82019363944585,
        "11,11": 0.0,
        "11,12": 33.7730733307251,
        "11,13": 94.9577266745931,
        "11,14": 60.77522731379077,
        "11,15": 39.04410016143703,
        "11,16": 42.83433846888391,
        "11,17": 1.3495936422808978,
        "11,18": 36.9234442616587,
        "11,19": 37.92977140847515,
        "11,20": 101.50307228671319,
        "11,21": 41.43273067074641,
        "11,22": 38.71450157881126,
        "11,23": 45.695465823454,
        "11,24": 88.4489816965747,
        "11,25": 72.2004932935223,
        "11,26": 48.49114071805166,
        "11,27": 65.3533151095371,
        "11,28": 18.899710734851652,
        "11,29": 87.48239331005169,
        "11,30": 63.4740885798804,
        "12,0": 126.21121881181864,
        "12,1": 71.05835778473356,
        "12,2": 84.50897788316375,
        "12,3": 105.29569418116988,
        "12,4": 60.5352670301183,
        "12,5": 93.8640208139842,
        "12,6": 69.14617534564073,
        "12,7": 66.62962233362694,
        "12,8": 102.16447217568081,
        "12,9": 17.047569894196023,
        "12,10": 56.57749540562118,
        "12,11": 33.7730733307251,
        "12,12": 0.0,
        "12,13": 107.82548816724034,
        "12,14": 71.7032720379761,
        "12,15": 25.5003202053549,
        "12,16": 19.316788839064568,
        "12,17": 34.57164536012644,
        "12,18": 32.65080438027915,
        "12,19": 71.69523765775416,
        "12,20": 116.76482454055802,
        "12,21": 44.00013807696069,
        "12,22": 37.317424487013895,
        "12,23": 66.13106423366403,
        "12,24": 93.98332249211457,
        "12,25": 55.200145428019965,
        "12,26": 82.22501547177583,
        "12,27": 81.36230194051005,
        "12,28": 16.130784657827544,
        "12,29": 98.01468847795225,
        "12,30": 89.23944985169359,
        "13,0": 24.1124511973295,
        "13,1": 37.147020043173896,
        "13,2": 39.44694771681011,
        "13,3": 7.101908465516291,
        "13,4": 47.913834019059465,
        "13,5": 43.4711238643475,
        "13,6": 89.6655633108217,
        "13,7": 41.35178394299797,
        "13,8": 21.616845531014793,
        "13,9": 106.12290403468764,
        "13,10": 53.67719658921134,
        "13,11": 94.9577266745931,
        "13,12": 107.82548816724034,
        "13,13": 0.0,
        "13,14": 36.17855026495299,
        "13,15": 84.74155629733008,
        "13,16": 95.21488849101867,
        "13,17": 95.85559706914471,
        "13,18": 75.68821689021166,
        "13,19": 92.74818496676824,
        "13,20": 11.324155484374923,
        "13,21": 63.98499743499954,
        "13,22": 70.90387062698744,
        "13,23": 50.22713339857413,
        "13,24": 24.01997513843145,
        "13,25": 80.91517349801914,
        "13,26": 93.28174987918521,
        "13,27": 29.827087819039793,
        "13,28": 105.01363685619955,
        "13,29": 11.299569558258472,
        "13,30": 48.442435425458015,
        "14,0": 55.51807983840782,
        "14,1": 2.759707919970135,
        "14,2": 30.523058110359433,
        "14,3": 33.76584073024252,
        "14,4": 12.145013042855949,
        "14,5": 38.69940006909025,
        "14,6": 64.58509952757963,
        "14,7": 6.789356502478986,
        "14,8": 33.97930720795216,
        "14,9": 70.29500731971477,
        "14,10": 19.039823308491098,
        "14,11": 60.77522731379077,
        "14,12": 71.7032720379761,
        "14,13": 36.17855026495299,
        "14,14": 0.0,
        "14,15": 49.35205821391509,
        "14,16": 60.07765380754093,
        "14,17": 61.820331873346795,
        "14,18": 39.9215695861723,
        "14,19": 68.21574626487981,
        "14,20": 45.20269307687273,
        "14,21": 28.14574878908271,
        "14,22": 35.14922473059007,
        "14,23": 21.99552914773394,
        "14,24": 28.56875394316996,
        "14,25": 54.025726843513226,
        "14,26": 72.36245055647557,
        "14,27": 13.52853231192303,
        "14,28": 69.1321238304194,
        "14,29": 27.101156632937396,
        "14,30": 38.87060632139456,
        "15,0": 104.84060245577147,
        "15,1": 49.297048477789,
        "15,2": 59.05551388735912,
        "15,3": 83.04754874007662,
        "15,4": 39.720383177970525,
        "15,5": 78.2147395452297,
        "15,6": 68.52413748383438,
        "15,7": 43.47208490358381,
        "15,8": 82.11480068302518,
        "15,9": 33.45327640349027,
        "15,10": 38.132929083466486,
        "15,11": 39.04410016143703,
        "15,12": 25.5003202053549,
        "15,13": 84.74155629733008,
        "15,14": 49.35205821391509,
        "15,15": 0.0,
        "15,16": 10.840117547921386,
        "15,17": 40.35238239840823,
        "15,18": 9.884719492470584,
        "15,19": 71.89682312665127,
        "15,20": 94.4227134710016,
        "15,21": 21.35732770515623,
        "15,22": 14.399843812683892,
        "15,23": 49.85154135436466,
        "15,24": 69.11149326097237,
        "15,25": 33.80716078094137,
        "15,26": 81.30027426066161,
        "15,27": 60.78915774368489,
        "15,28": 31.970589860303836,
        "15,29": 74.36200733027299,
        "15,30": 74.80201537546593,
        "16,0": 115.59069517009513,
        "16,1": 60.088502889867854,
        "16,2": 67.68733934830132,
        "16,3": 93.70640143795586,
        "16,4": 50.56031175312881,
        "16,5": 88.74078612723918,
        "16,6": 75.28937859349752,
        "16,7": 54.07537204303291,
        "16,8": 92.95319688454708,
        "16,9": 32.2684290146712,
        "16,10": 48.81139357285265,
        "16,11": 42.83433846888391,
        "16,12": 19.316788839064568,
        "16,13": 95.21488849101867,
        "16,14": 60.07765380754093,
        "16,15": 10.840117547921386,
        "16,16": 0.0,
        "16,17": 44.022683524046,
        "16,18": 20.692359749599657,
        "16,19": 78.4429952124388,
        "16,20": 105.0465300733295,
        "16,21": 32.17936946258639,
        "16,22": 25.23858336620294,
        "16,23": 60.32783566250883,
        "16,24": 78.72311171127055,
        "16,25": 35.896696615026215,
        "16,26": 88.32467502957455,
        "16,27": 71.62551126075849,
        "16,28": 30.88308151431075,
        "16,29": 84.68029944897148,
        "16,30": 85.1365736175395,
        "17,0": 109.05486324990842,
        "17,1": 59.95765796733808,
        "17,2": 85.58352607121513,
        "17,3": 91.35381838620188,
        "17,4": 49.81005923574252,
        "17,5": 69.55295118972116,
        "17,6": 34.83356189874628,
        "17,7": 59.681066322877996,
        "17,8": 83.8943623766691,
        "17,9": 19.252803580646958,
        "17,10": 42.83739099132042,
        "17,11": 1.3495936422808978,
        "17,12": 34.57164536012644,
        "17,13": 95.85559706914471,
        "17,14": 61.820331873346795,
        "17,15": 40.35238239840823,
        "17,16": 44.022683524046,
        "17,17": 0.0,
        "17,18": 38.27303318199065,
        "17,19": 37.1981238566578,
        "17,20": 102.30228798066179,
        "17,21": 42.73076800301831,
        "17,22": 40.054691241551865,
        "17,23": 46.441798639495964,
        "17,24": 89.56965820722579,
        "17,25": 73.53927175440668,
        "17,26": 47.79443182826096,
        "17,27": 66.20651789870634,
        "17,28": 19.427795570889685,
        "17,29": 88.46990998903011,
        "17,30": 63.8133241905149,
        "18,0": 95.28801232221143,
        "18,1": 39.70065448574283,
        "18,2": 52.7718642762516,
        "18,3": 73.68475584573878,
        "18,4": 29.908656514265232,
        "18,5": 68.44904969405667,
        "18,6": 62.40376172912843,
        "18,7": 34.33730593440097,
        "18,8": 72.32639279958703,
        "18,9": 36.36786710600434,
        "18,10": 28.294954625772355,
        "18,11": 36.9234442616587,
        "18,12": 32.65080438027915,
        "18,13": 75.68821689021166,
        "18,14": 39.9215695861723,
        "18,15": 9.884719492470584,
        "18,16": 20.692359749599657,
        "18,17": 38.27303318199065,
        "18,18": 0.0,
        "18,19": 65.94998066222955,
        "18,20": 85.10808755918961,
        "18,21": 11.775900824711778,
        "18,22": 4.786274813619465,
        "18,23": 40.153240054235944,
        "18,24": 61.3873567570833,
        "18,25": 35.91438308545323,
        "18,26": 74.77751352523354,
        "18,27": 51.02096477474505,
        "18,28": 34.930344415934094,
        "18,29": 65.57940367014471,
        "18,30": 65.18063639073333,
        "19,0": 97.71307980945603,
        "19,1": 65.53927380904224,
        "19,2": 98.0851685764413,
        "19,3": 86.44040906700533,
        "19,4": 59.49583238429692,
        "19,5": 53.481756125092055,
        "19,6": 3.771044480125658,
        "19,7": 69.87495592117713,
        "19,8": 74.3933162567709,
        "19,9": 56.198115011890025,
        "19,10": 52.40176183208643,
        "19,11": 37.92977140847515,
        "19,12": 71.69523765775416,
        "19,13": 92.74818496676824,
        "19,14": 68.21574626487981,
        "19,15": 71.89682312665127,
        "19,16": 78.4429952124388,
        "19,17": 37.1981238566578,
        "19,18": 65.94998066222955,
        "19,19": 0.0,
        "19,20": 95.234228010403,
        "19,21": 64.05441929784422,
        "19,22": 65.2829248886769,
        "19,23": 46.34500467857231,
        "19,24": 95.98539204786212,
        "19,25": 101.22229248056817,
        "19,26": 10.659060797014874,
        "19,27": 64.91782912694113,
        "19,28": 56.52852472032394,
        "19,29": 89.3715127732158,
        "19,30": 47.16365651900557,
        "20,0": 12.857459839704461,
        "20,1": 45.706649008544815,
        "20,2": 50.73657763631143,
        "20,3": 11.469187210548384,
        "20,4": 56.29980952856163,
        "20,5": 43.065187041893466,
        "20,6": 92.4316799972687,
        "20,7": 50.97141115405439,
        "20,8": 20.908484586955957,
        "20,9": 113.90453309455879,
        "20,10": 61.29433406521812,
        "20,11": 101.50307228671319,
        "20,12": 116.76482454055802,
        "20,13": 11.324155484374923,
        "20,14": 45.20269307687273,
        "20,15": 94.4227134710016,
        "20,16": 105.0465300733295,
        "20,17": 102.30228798066179,
        "20,18": 85.10808755918961,
        "20,19": 95.234228010403,
        "20,20": 0.0,
        "20,21": 73.33607019399953,
        "20,22": 80.3283684677759,
        "20,23": 55.93183959650451,
        "20,24": 35.23331546618747,
        "20,25": 92.09489229438908,
        "20,26": 94.50024904621958,
        "20,27": 36.36030319172486,
        "20,28": 112.87203929417097,
        "20,29": 22.51066121797901,
        "20,30": 48.863068474422974,
        "21,0": 83.53910263727099,
        "21,1": 27.96119801637091,
        "21,2": 43.692030723716066,
        "21,3": 61.90968789632827,
        "21,4": 18.501461325994356,
        "21,5": 58.40503246216266,
        "21,6": 60.33334767071257,
        "21,7": 22.664511642098685,
        "21,8": 60.796401976717455,
        "21,9": 45.35115069399548,
        "21,10": 18.41301159530445,
        "21,11": 41.43273067074641,
        "21,12": 44.00013807696069,
        "21,13": 63.98499743499954,
        "21,14": 28.14574878908271,
        "21,15": 21.35732770515623,
        "21,16": 32.17936946258639,
        "21,17": 42.73076800301831,
        "21,18": 11.775900824711778,
        "21,19": 64.05441929784422,
        "21,20": 73.33607019399953,
        "21,21": 0.0,
        "21,22": 7.012073305811358,
        "21,23": 30.764027688184388,
        "21,24": 50.67355037395754,
        "21,25": 37.9673197715332,
        "21,26": 71.76534867274299,
        "21,27": 39.46127709107368,
        "21,28": 44.00833817294566,
        "21,29": 54.019427451946925,
        "21,30": 55.73977948084411,
        "22,0": 90.54969835361705,
        "22,1": 34.96812633671882,
        "22,2": 48.73184987739329,
        "22,3": 68.90889151931309,
        "22,4": 25.32924855908637,
        "22,5": 64.49112674778301,
        "22,6": 61.65136793282428,
        "22,7": 29.55401273510821,
        "22,8": 67.71499719245064,
        "22,9": 40.06921471490868,
        "22,10": 24.26950362058851,
        "22,11": 38.71450157881126,
        "22,12": 37.317424487013895,
        "22,13": 70.90387062698744,
        "22,14": 35.14922473059007,
        "22,15": 14.399843812683892,
        "22,16": 25.23858336620294,
        "22,17": 40.054691241551865,
        "22,18": 4.786274813619465,
        "22,19": 65.2829248886769,
        "22,20": 80.3283684677759,
        "22,21": 7.012073305811358,
        "22,22": 0.0,
        "22,23": 36.3892843151996,
        "22,24": 56.85043835855042,
        "22,25": 35.949543087503244,
        "22,26": 73.68788851259869,
        "22,27": 46.38984414532511,
        "22,28": 38.665735070901675,
        "22,29": 60.818484712649024,
        "22,30": 61.467124749210306,
        "23,0": 62.77160024719865,
        "23,1": 19.272879065313656,
        "23,2": 52.35208352519222,
        "23,3": 45.18617139077338,
        "23,4": 16.018890422877952,
        "23,5": 28.4212458517687,
        "23,6": 42.76641493747249,
        "23,7": 24.786098744044068,
        "23,8": 37.679076514608006,
        "23,9": 59.65502921852626,
        "23,10": 12.365428827170472,
        "23,11": 45.695465823454,
        "23,12": 66.13106423366403,
        "23,13": 50.22713339857413,
        "23,14": 21.99552914773394,
        "23,15": 49.85154135436466,
        "23,16": 60.32783566250883,
        "23,17": 46.441798639495964,
        "23,18": 40.153240054235944,
        "23,19": 46.34500467857231,
        "23,20": 55.93183959650451,
        "23,21": 30.764027688184388,
        "23,22": 36.3892843151996,
        "23,23": 0.0,
        "23,24": 49.71685506965471,
        "23,25": 66.74981924850476,
        "23,26": 50.40979284582017,
        "23,27": 20.44251453988115,
        "23,28": 58.818776631192264,
        "23,29": 44.48465447728795,
        "23,30": 25.07793450193383,
        "24,0": 48.08461470212479,
        "24,1": 30.989809643764904,
        "24,2": 15.627875275713437,
        "24,3": 27.94717252485442,
        "24,4": 39.95312852434401,
        "24,5": 56.179928012046744,
        "24,6": 92.45081082241063,
        "24,7": 29.908192302063334,
        "24,8": 39.25996232196054,
        "24,9": 95.78865408284089,
        "24,10": 47.31808500761935,
        "24,11": 88.4489816965747,
        "24,12": 93.98332249211457,
        "24,13": 24.01997513843145,
        "24,14": 28.56875394316996,
        "24,15": 69.11149326097237,
        "24,16": 78.72311171127055,
        "24,17": 89.56965820722579,
        "24,18": 61.3873567570833,
        "24,19": 95.98539204786212,
        "24,20": 35.23331546618747,
        "24,21": 50.67355037395754,
        "24,22": 56.85043835855042,
        "24,23": 49.71685506965471,
        "24,24": 0.0,
        "24,25": 58.82308312512481,
        "24,26": 99.1184063962548,
        "24,27": 32.35508254313714,
        "24,28": 94.49387106565972,
        "24,29": 14.08920045400762,
        "24,30": 59.144741393278636,
        "25,0": 104.44255942241894,
        "25,1": 55.65807538346215,
        "25,2": 43.96562715468969,
        "25,3": 82.11546749885531,
        "25,4": 51.33615509214479,
        "25,5": 91.70109387503457,
        "25,6": 97.57725531533524,
        "25,7": 47.351235832796455,
        "25,8": 86.99106553178531,
        "25,9": 66.79923010349576,
        "25,10": 54.784620904048,
        "25,11": 72.2004932935223,
        "25,12": 55.200145428019965,
        "25,13": 80.91517349801914,
        "25,14": 54.025726843513226,
        "25,15": 33.80716078094137,
        "25,16": 35.896696615026215,
        "25,17": 73.53927175440668,
        "25,18": 35.91438308545323,
        "25,19": 101.22229248056817,
        "25,20": 92.09489229438908,
        "25,21": 37.9673197715332,
        "25,22": 35.949543087503244,
        "25,23": 66.74981924850476,
        "25,24": 58.82308312512481,
        "25,25": 0.0,
        "25,26": 109.45122335831522,
        "25,27": 67.55018393142984,
        "25,28": 65.33196848449151,
        "25,29": 69.62126683744569,
        "25,30": 90.45150912244631,
        "26,0": 95.57452287751336,
        "26,1": 69.61747048124012,
        "26,2": 102.75722882346149,
        "26,3": 86.63164317732492,
        "26,4": 64.94645088237709,
        "26,5": 51.63965856845535,
        "26,6": 13.148417440759125,
        "26,7": 74.89303146042171,
        "26,8": 73.61442809450617,
        "26,9": 66.84358299612724,
        "26,10": 58.319731060511955,
        "26,11": 48.49114071805166,
        "26,12": 82.22501547177583,
        "26,13": 93.28174987918521,
        "26,14": 72.36245055647557,
        "26,15": 81.30027426066161,
        "26,16": 88.32467502957455,
        "26,17": 47.79443182826096,
        "26,18": 74.77751352523354,
        "26,19": 10.659060797014874,
        "26,20": 94.50024904621958,
        "26,21": 71.76534867274299,
        "26,22": 73.68788851259869,
        "26,23": 50.40979284582017,
        "26,24": 99.1184063962548,
        "26,25": 109.45122335831522,
        "26,26": 0.0,
        "26,27": 67.14827629969693,
        "26,28": 67.15836112072991,
        "26,29": 91.17235992259207,
        "26,30": 45.64730102010685,
        "27,0": 44.868912973882956,
        "27,1": 12.223068311923216,
        "27,2": 39.70146198552869,
        "27,3": 25.18562584546049,
        "27,4": 21.13992303992269,
        "27,5": 26.263655835529335,
        "27,6": 61.567988464499436,
        "27,7": 20.270476699952553,
        "27,8": 21.33652858917176,
        "27,9": 77.59941300733,
        "27,10": 25.092140130785534,
        "27,11": 65.3533151095371,
        "27,12": 81.36230194051005,
        "27,13": 29.827087819039793,
        "27,14": 13.52853231192303,
        "27,15": 60.78915774368489,
        "27,16": 71.62551126075849,
        "27,17": 66.20651789870634,
        "27,18": 51.02096477474505,
        "27,19": 64.91782912694113,
        "27,20": 36.36030319172486,
        "27,21": 39.46127709107368,
        "27,22": 46.38984414532511,
        "27,23": 20.44251453988115,
        "27,24": 32.35508254313714,
        "27,25": 67.55018393142984,
        "27,26": 67.14827629969693,
        "27,27": 0.0,
        "27,28": 76.59239622003848,
        "27,29": 24.50051776293761,
        "27,30": 27.709126263488674,
        "28,0": 121.10691370313947,
        "28,1": 67.8986666906229,
        "28,2": 87.37673029881098,
        "28,3": 101.51633637974855,
        "28,4": 57.13622822122115,
        "28,5": 84.9135956699316,
        "28,6": 54.25039073817158,
        "28,7": 65.25122992666905,
        "28,8": 96.27320569126806,
        "28,9": 1.4832806018703293,
        "28,10": 51.579199687705795,
        "28,11": 18.899710734851652,
        "28,12": 16.130784657827544,
        "28,13": 105.01363685619955,
        "28,14": 69.1321238304194,
        "28,15": 31.970589860303836,
        "28,16": 30.88308151431075,
        "28,17": 19.427795570889685,
        "28,18": 34.930344415934094,
        "28,19": 56.52852472032394,
        "28,20": 112.87203929417097,
        "28,21": 44.00833817294566,
        "28,22": 38.665735070901675,
        "28,23": 58.818776631192264,
        "28,24": 94.49387106565972,
        "28,25": 65.33196848449151,
        "28,26": 67.15836112072991,
        "28,27": 76.59239622003848,
        "28,28": 0.0,
        "28,29": 96.20153900595227,
        "28,30": 79.67626497535625,
        "29,0": 35.1096963717929,
        "29,1": 28.614484977289635,
        "29,2": 28.795015396049546,
        "29,3": 13.918229502125238,
        "29,4": 39.21560612417557,
        "29,5": 44.54970320730964,
        "29,6": 86.05062091671441,
        "29,7": 31.40057350701308,
        "29,8": 25.651130325411664,
        "29,9": 97.37731927306818,
        "29,10": 45.69259853443981,
        "29,11": 87.48239331005169,
        "29,12": 98.01468847795225,
        "29,13": 11.299569558258472,
        "29,14": 27.101156632937396,
        "29,15": 74.36200733027299,
        "29,16": 84.68029944897148,
        "29,17": 88.46990998903011,
        "29,18": 65.57940367014471,
        "29,19": 89.3715127732158,
        "29,20": 22.51066121797901,
        "29,21": 54.019427451946925,
        "29,22": 60.818484712649024,
        "29,23": 44.48465447728795,
        "29,24": 14.08920045400762,
        "29,25": 69.62126683744569,
        "29,26": 91.17235992259207,
        "29,27": 24.50051776293761,
        "29,28": 96.20153900595227,
        "29,29": 0.0,
        "29,30": 48.40338068051665,
        "30,0": 50.54942329233947,
        "30,1": 36.46169158361628,
        "30,2": 67.40012357914553,
        "30,3": 41.5365307455813,
        "30,4": 39.17223512213931,
        "30,5": 6.376308626702062,
        "30,6": 44.76611825236177,
        "30,7": 44.50657914231059,
        "30,8": 28.01027275228195,
        "30,9": 80.24488547693683,
        "30,10": 37.33876383919832,
        "30,11": 63.4740885798804,
        "30,12": 89.23944985169359,
        "30,13": 48.442435425458015,
        "30,14": 38.87060632139456,
        "30,15": 74.80201537546593,
        "30,16": 85.1365736175395,
        "30,17": 63.8133241905149,
        "30,18": 65.18063639073333,
        "30,19": 47.16365651900557,
        "30,20": 48.863068474422974,
        "30,21": 55.73977948084411,
        "30,22": 61.467124749210306,
        "30,23": 25.07793450193383,
        "30,24": 59.144741393278636,
        "30,25": 90.45150912244631,
        "30,26": 45.64730102010685,
        "30,27": 27.709126263488674,
        "30,28": 79.67626497535625,
        "30,29": 48.40338068051665,
        "30,30": 0.0
    }
}