{
    "num_robots": 7,
    "num_tasks": 40,
    "num_nodes": 41,
    "robot_capacity": [
        79,
        89,
        68,
        81,
        98,
        96,
        91
    ],
    "robot_speed": [
        1.08,
        1.07,
        1.2,
        0.98,
        1.02,
        1.17,
        1.02
    ],
    "task_demand": {
        "0": 0,
        "1": 7,
        "2": 10,
        "3": 8,
        "4": 12,
        "5": 5,
        "6": 9,
        "7": 10,
        "8": 5,
        "9": 10,
        "10": 15,
        "11": 9,
        "12": 15,
        "13": 5,
        "14": 15,
        "15": 11,
        "16": 11,
        "17": 7,
        "18": 12,
        "19": 15,
        "20": 5,
        "21": 15,
        "22": 12,
        "23": 11,
        "24": 5,
        "25": 11,
        "26": 9,
        "27": 6,
        "28": 9,
        "29": 13,
        "30": 12,
        "31": 13,
        "32": 6,
        "33": 11,
        "34": 12,
        "35": 14,
        "36": 10,
        "37": 13,
        "38": 5,
        "39": 14,
        "40": 8
    },
    "task_service_time": {
        "0": 0,
        "1": 100,
        "2": 99,
        "3": 13,
        "4": 37,
        "5": 19,
        "6": 63,
        "7": 50,
        "8": 28,
        "9": 35,
        "10": 63,
        "11": 38,
        "12": 93,
        "13": 95,
        "14": 63,
        "15": 68,
        "16": 28,
        "17": 31,
        "18": 11,
        "19": 62,
        "20": 25,
        "21": 49,
        "22": 35,
        "23": 26,
        "24": 57,
        "25": 90,
        "26": 70,
        "27": 34,
        "28": 57,
        "29": 36,
        "30": 11,
        "31": 78,
        "32": 95,
        "33": 41,
        "34": 97,
        "35": 18,
        "36": 20,
        "37": 83,
        "38": 84,
        "39": 67,
        "40": 29
    },
    "task_precedence": [],
    "coordinates": {
        "0": [
            0,
            0
        ],
        "1": [
            81.85918345291286,
            86.40110285727745
        ],
        "2": [
            92.25580156557554,
            53.92306501342126
        ],
        "3": [
            54.02070167463795,
            21.009514883759984
        ],
        "4": [
            54.69417514702835,
            79.30647595074602
        ],
        "5": [
            23.972947160418524,
            4.715988261750792
        ],
        "6": [
            25.21483137080278,
            72.66280047471854
        ],
        "7": [
            57.354492011449935,
            69.81613075963735
        ],
        "8": [
            19.428835377196584,
            70.99386668463809
        ],
        "9": [
            61.77165295395379,
            63.292327528857086
        ],
        "10": [
            28.578815404485592,
            74.81149514403037
        ],
        "11": [
            87.67294032153686,
            44.00722370046909
        ],
        "12": [
            97.42530767550551,
            75.84503320249722
        ],
        "13": [
            24.75176026460886,
            12.935001560202119
        ],
        "14": [
            14.602630251671645,
            39.641984074792525
        ],
        "15": [
            45.7098529116982,
            69.98517192544503
        ],
        "16": [
            61.824522814784764,
            8.85853790350285
        ],
        "17": [
            24.601295560488644,
            90.53828251393344
        ],
        "18": [
            29.73286469297298,
            43.595526544191756
        ],
        "19": [
            3.5566106113906315,
            9.624884594586513
        ],
        "20": [
            2.4668175578090534,
            45.38064056335387
        ],
        "21": [
            13.168593234582826,
            49.33525543837145
        ],
        "22": [
            23.476029384858123,
            58.48712190247842
        ],
        "23": [
            54.865821660046834,
            48.66996854265765
        ],
        "24": [
            85.29191604952348,
            3.8388573276024407
        ],
        "25": [
            98.19739137808975,
            59.34795609525919
        ],
        "26": [
            60.998831962363894,
            67.2641486841082
        ],
        "27": [
            81.89153737253494,
            44.442311384158096
        ],
        "28": [
            41.64958375587917,
            5.628928383377918
        ],
        "29": [
            9.703926262417252,
            67.98474772703256
        ],
        "30": [
            71.01496147039451,
            68.06077515360705
        ],
        "31": [
            45.60321811781214,
            54.586346573680885
        ],
        "32": [
            85.53036351866696,
            38.391787169301026
        ],
        "33": [
            62.28495579003172,
            73.46055312554898
        ],
        "34": [
            14.366351640230612,
            18.057213059878087
        ],
        "35": [
            45.203592595599915,
            17.58025065941914
        ],
        "36": [
            20.66218030857273,
            48.670559616428164
        ],
        "37": [
            29.79476338605164,
            86.44989693282926
        ],
        "38": [
            5.437912978411552,
            67.83920208065484
        ],
        "39": [
            38.232199175408624,
            44.69605836647968
        ],
        "40": [
            97.17963752641806,
            8.205878033184788
        ]
    },
    "distance_matrix_str_keys": {
        "0,0": 0.0,
        "0,1": 119.02132788089486,
        "0,2": 106.8589250505006,
        "0,3": 57.9623664550643,
        "0,4": 96.33779073001452,
        "0,5": 24.43241168696185,
        "0,6": 76.91339476246499,
        "0,7": 90.35391451474726,
        "0,8": 73.60440714352892,
        "0,9": 88.4401256935099,
        "0,10": 80.08438359386268,
        "0,11": 98.09780936619784,
        "0,12": 123.4672411498484,
        "0,13": 27.927833814298975,
        "0,14": 42.24599048019989,
        "0,15": 83.590160561176,
        "0,16": 62.45594699517123,
        "0,17": 93.82112951690223,
        "0,18": 52.76943412161976,
        "0,19": 10.26098837832717,
        "0,20": 45.44763719715068,
        "0,21": 51.0625036298384,
        "0,22": 63.02275290808942,
        "0,23": 73.34183134047956,
        "0,24": 85.37826285993788,
        "0,25": 114.7384310775886,
        "0,26": 90.80376203093418,
        "0,27": 93.17372448498425,
        "0,28": 42.028236481955695,
        "0,29": 68.67380947941281,
        "0,30": 98.36357998340377,
        "0,31": 71.12891630668045,
        "0,32": 93.75165281576759,
        "0,33": 96.31131077541106,
        "0,34": 23.07498652091889,
        "0,35": 48.5018556015848,
        "0,36": 52.87484343693377,
        "0,37": 91.44021328128892,
        "0,38": 68.05680154474423,
        "0,39": 58.816993184690034,
        "0,40": 97.52547556439552,
        "1,0": 119.02132788089486,
        "1,1": 0.0,
        "1,2": 34.10150451765289,
        "1,3": 71.07067500325023,
        "1,4": 28.076171519665102,
        "1,5": 100.11630386003475,
        "1,6": 58.28656427648375,
        "1,7": 29.58954548689126,
        "1,8": 64.30343138071697,
        "1,9": 30.61901988513056,
        "1,10": 54.52629298166917,
        "1,11": 42.790662052479895,
        "1,12": 18.807839585389853,
        "1,13": 93.05120000838342,
        "1,14": 81.91372984931112,
        "1,15": 39.70210179495145,
        "1,16": 80.0889318601223,
        "1,17": 57.40715967031349,
        "1,18": 67.44976257154849,
        "1,19": 109.66257613389469,
        "1,20": 89.36344940314943,
        "1,21": 78.05302191090463,
        "1,22": 64.71308222978642,
        "1,23": 46.39267267089103,
        "1,24": 82.6335769526055,
        "1,25": 31.603952093584937,
        "1,26": 28.308607866428687,
        "1,27": 41.95880394697671,
        "1,28": 90.2272468661089,
        "1,29": 74.46840455192971,
        "1,30": 21.3064490397662,
        "1,31": 48.235606555372264,
        "1,32": 48.14947513631867,
        "1,33": 23.46504242394714,
        "1,34": 96.05295216043119,
        "1,35": 77.97398308627169,
        "1,36": 71.89344258761,
        "1,37": 52.06444293143248,
        "1,38": 78.64321166749275,
        "1,39": 60.35415887185425,
        "1,40": 79.68192704941805,
        "2,0": 106.8589250505006,
        "2,1": 34.10150451765289,
        "2,2": 0.0,
        "2,3": 50.450219482254994,
        "2,4": 45.334240150460225,
        "2,5": 84.16581614979242,
        "2,6": 69.6108423294519,
        "2,7": 38.34958862108492,
        "2,8": 74.80093096948266,
        "2,9": 31.891478433252214,
        "2,10": 67.01555849115174,
        "2,11": 10.923668162561546,
        "2,12": 22.523243165749058,
        "2,13": 78.97352048381617,
        "2,14": 78.95545761935759,
        "2,15": 49.23938072866745,
        "2,16": 54.37714896947891,
        "2,17": 76.92727952685023,
        "2,18": 63.370148224608556,
        "2,19": 99.14572741347249,
        "2,20": 90.19442701537638,
        "2,21": 79.22016484637457,
        "2,22": 68.93103565534133,
        "2,23": 37.757192955342816,
        "2,24": 50.56603169121453,
        "2,25": 8.045615747099621,
        "2,26": 33.98503585821805,
        "2,27": 14.04644658416961,
        "2,28": 69.95221879142736,
        "2,29": 83.74092808660811,
        "2,30": 25.51564492535829,
        "2,31": 46.65729830132375,
        "2,32": 16.92489611176581,
        "2,33": 35.77659903111201,
        "2,34": 85.75036878070142,
        "2,35": 59.4534315588572,
        "2,36": 71.78603915551133,
        "2,37": 70.42283780974294,
        "2,38": 87.92613177893847,
        "2,39": 54.805905401457906,
        "2,40": 45.981576157795956,
        "3,0": 57.9623664550643,
        "3,1": 71.07067500325023,
        "3,2": 50.450219482254994,
        "3,3": 0.0,
        "3,4": 58.30085107580934,
        "3,5": 34.18108484423682,
        "3,6": 59.14254032676056,
        "3,7": 48.9203425096888,
        "3,8": 60.786780132640736,
        "3,9": 42.987364316909584,
        "3,10": 59.51422230786429,
        "3,11": 40.75987949891383,
        "3,12": 69.93492611975161,
        "3,13": 30.362290702053908,
        "3,14": 43.59992273916147,
        "3,15": 49.6758008473463,
        "3,16": 14.44111719923847,
        "3,17": 75.49669518780212,
        "3,18": 33.16665415704593,
        "3,19": 51.732333155009385,
        "3,20": 57.0241592171422,
        "3,21": 49.71159162574845,
        "3,22": 48.34819575888574,
        "3,23": 27.673361277693804,
        "3,24": 35.67520608757401,
        "3,25": 58.492871255244815,
        "3,26": 46.778044532844625,
        "3,27": 36.41262740215596,
        "3,28": 19.73846497718527,
        "3,29": 64.58056273846553,
        "3,30": 50.02625269782414,
        "3,31": 34.61585844324403,
        "3,32": 35.986138711089104,
        "3,33": 53.09811021802391,
        "3,34": 39.764098917372664,
        "3,35": 9.460510854705413,
        "3,36": 43.33502444250954,
        "3,37": 69.78065411480851,
        "3,38": 67.47819618559168,
        "3,39": 28.46628098868803,
        "3,40": 45.01807259822968,
        "4,0": 96.33779073001452,
        "4,1": 28.076171519665102,
        "4,2": 45.334240150460225,
        "4,3": 58.30085107580934,
        "4,4": 0.0,
        "4,5": 80.66929219156077,
        "4,6": 30.218705023671323,
        "4,7": 9.856162420817009,
        "4,8": 36.23180456301703,
        "4,9": 17.508387755182085,
        "4,10": 26.499374840459257,
        "4,11": 48.307723625358875,
        "4,12": 42.87110067476321,
        "4,13": 72.8129165860396,
        "4,14": 56.39684288924321,
        "4,15": 12.946225502452066,
        "4,16": 70.80786561513693,
        "4,17": 32.12063013832136,
        "4,18": 43.56993145623725,
        "4,19": 86.43248625698162,
        "4,20": 62.278882355776204,
        "4,21": 51.21179563507421,
        "4,22": 37.52356763175943,
        "4,23": 30.63698824446171,
        "4,24": 81.43453327050183,
        "4,25": 47.86305816878342,
        "4,26": 13.59287841319731,
        "4,27": 44.217716844626175,
        "4,28": 74.82340796905626,
        "4,29": 46.392930761818455,
        "4,30": 19.820036645570255,
        "4,31": 26.338760337682835,
        "4,32": 51.23360490316566,
        "4,33": 9.58095843057229,
        "4,34": 73.33352271280904,
        "4,35": 62.45156559992007,
        "4,36": 45.7901304030464,
        "4,37": 25.903844683172665,
        "4,38": 50.573488438461375,
        "4,39": 38.325939756873254,
        "4,40": 82.82698556524468,
        "5,0": 24.43241168696185,
        "5,1": 100.11630386003475,
        "5,2": 84.16581614979242,
        "5,3": 34.18108484423682,
        "5,4": 80.66929219156077,
        "5,5": 0.0,
        "5,6": 67.95816040988973,
        "5,7": 73.15979831770011,
        "5,8": 66.43347138406547,
        "5,9": 69.7131958928966,
        "5,10": 70.24666616548724,
        "5,11": 74.84310463247309,
        "5,12": 102.24769092464159,
        "5,13": 8.255830028009196,
        "5,14": 36.16113967372926,
        "5,15": 68.79360004946003,
        "5,16": 38.07758523137453,
        "5,17": 85.82459444949386,
        "5,18": 39.303882086094504,
        "5,19": 20.998191857626697,
        "5,20": 46.00138647143701,
        "5,21": 45.90874717451325,
        "5,22": 53.77342968683194,
        "5,23": 53.724501648541455,
        "5,24": 61.325241983205096,
        "5,25": 92.1624654009629,
        "5,26": 72.68554545154,
        "5,27": 70.23349514999933,
        "5,28": 17.700196072181097,
        "5,29": 64.85785134941858,
        "5,30": 78.90192099508522,
        "5,31": 54.359187446562885,
        "5,32": 70.16676521519652,
        "5,33": 78.69958833150598,
        "5,34": 16.44004125915325,
        "5,35": 24.823971330761164,
        "5,36": 44.07908256895446,
        "5,37": 81.94098712376633,
        "5,38": 65.78820270348815,
        "5,39": 42.446817002056065,
        "5,40": 73.2898277045327,
        "6,0": 76.91339476246499,
        "6,1": 58.28656427648375,
        "6,2": 69.6108423294519,
        "6,3": 59.14254032676056,
        "6,4": 30.218705023671323,
        "6,5": 67.95816040988973,
        "6,6": 0.0,
        "6,7": 32.26548178104155,
        "6,8": 6.021884226195256,
        "6,9": 37.73866674236726,
        "6,10": 3.991650956784922,
        "6,11": 68.7179558337315,
        "6,12": 72.28056096410555,
        "6,13": 59.729593988426714,
        "6,14": 34.68419133136177,
        "6,15": 20.66919453219336,
        "6,16": 73.56122232453865,
        "6,17": 17.886008060068416,
        "6,18": 29.416305662889116,
        "6,19": 66.65476250782109,
        "6,20": 35.52166074193923,
        "6,21": 26.25426080957759,
        "6,22": 14.281921976043444,
        "6,23": 38.14232831452435,
        "6,24": 91.35639689595713,
        "6,25": 74.18718990544434,
        "6,26": 36.188950516602524,
        "6,27": 63.313861102583395,
        "6,28": 69.01913570537513,
        "6,29": 16.200998573898854,
        "6,30": 46.03075661115815,
        "6,31": 27.247834772362488,
        "6,32": 69.37193792348705,
        "6,33": 37.07870728260386,
        "6,34": 55.6727912842927,
        "6,35": 58.59725138141629,
        "6,36": 24.420365539783436,
        "6,37": 14.527897508227085,
        "6,38": 20.35665990693258,
        "6,39": 30.84786100703141,
        "6,40": 96.61070424983548,
        "7,0": 90.35391451474726,
        "7,1": 29.58954548689126,
        "7,2": 38.34958862108492,
        "7,3": 48.9203425096888,
        "7,4": 9.856162420817009,
        "7,5": 73.15979831770011,
        "7,6": 32.26548178104155,
        "7,7": 0.0,
        "7,8": 37.94393881831883,
        "7,9": 7.878535357915233,
        "7,10": 29.20604782440543,
        "7,11": 39.81592635516845,
        "7,12": 40.521820450816904,
        "7,13": 65.56219166836418,
        "7,14": 52.327820631913625,
        "7,15": 11.64586599095166,
        "7,16": 61.1212671841563,
        "7,17": 38.75795984160337,
        "7,18": 38.08509394952145,
        "7,19": 80.72916547343094,
        "7,20": 60.081194961997284,
        "7,21": 48.70174436962997,
        "7,22": 35.72249531635442,
        "7,23": 21.29210315175024,
        "7,24": 71.64844919053468,
        "7,25": 42.1630775617411,
        "7,26": 4.449025308047772,
        "7,27": 35.29727050001727,
        "7,28": 66.08056516258603,
        "7,29": 47.685746088480144,
        "7,30": 13.772788357568684,
        "7,31": 19.236391669803947,
        "7,32": 42.206268554264724,
        "7,33": 6.1311734156737,
        "7,34": 67.28273013207854,
        "7,35": 53.63050928770374,
        "7,36": 42.34927292260896,
        "7,37": 32.19038395251013,
        "7,38": 51.95420508000776,
        "7,39": 31.57024105617185,
        "7,40": 73.36119857462623,
        "8,0": 73.60440714352892,
        "8,1": 64.30343138071697,
        "8,2": 74.80093096948266,
        "8,3": 60.786780132640736,
        "8,4": 36.23180456301703,
        "8,5": 66.43347138406547,
        "8,6": 6.021884226195256,
        "8,7": 37.94393881831883,
        "8,8": 0.0,
        "8,9": 43.037517420345786,
        "8,10": 9.914455181892228,
        "8,11": 73.38621641159277,
        "8,12": 78.14719129671181,
        "8,13": 58.30236143497518,
        "8,14": 31.72117272572343,
        "8,15": 26.30036782567888,
        "8,16": 75.22096380694312,
        "8,17": 20.217283063165343,
        "8,18": 29.271864692772347,
        "8,19": 63.38832291349358,
        "8,20": 30.720472015339485,
        "8,21": 22.545200660031067,
        "8,22": 13.145282210045155,
        "8,23": 41.882411882130604,
        "8,24": 94.062429680468,
        "8,25": 79.62482431956539,
        "8,26": 41.73697895696691,
        "8,27": 67.8717483893917,
        "8,28": 69.03866176017806,
        "8,29": 10.17981601954275,
        "8,30": 51.669443883524835,
        "8,31": 30.891827852098665,
        "8,32": 73.70418991727648,
        "8,33": 42.92704973367256,
        "8,34": 53.17817257648914,
        "8,35": 59.30727178480866,
        "8,36": 22.35735177030908,
        "8,37": 18.61024810468055,
        "8,38": 14.342169233851953,
        "8,39": 32.32864383896288,
        "8,40": 99.93757428386188,
        "9,0": 88.4401256935099,
        "9,1": 30.61901988513056,
        "9,2": 31.891478433252214,
        "9,3": 42.987364316909584,
        "9,4": 17.508387755182085,
        "9,5": 69.7131958928966,
        "9,6": 37.73866674236726,
        "9,7": 7.878535357915233,
        "9,8": 43.037517420345786,
        "9,9": 0.0,
        "9,10": 35.13482157535232,
        "9,11": 32.292288815905,
        "9,12": 37.79885599767094,
        "9,13": 62.50066186404738,
        "9,14": 52.76604446216926,
        "9,15": 17.400447888325758,
        "9,16": 54.4338153007807,
        "9,17": 46.08663072743261,
        "9,18": 37.60914678986317,
        "9,19": 79.1781888277928,
        "9,20": 61.95072260526103,
        "9,21": 50.567353850322775,
        "9,22": 38.59591669668771,
        "9,23": 16.17108184943704,
        "9,24": 63.93682737715636,
        "9,25": 36.6386747269843,
        "9,26": 4.046308882715498,
        "9,27": 27.57050702603195,
        "9,28": 61.07344160781306,
        "9,29": 52.27874300459788,
        "9,30": 10.40080982808979,
        "9,31": 18.36334363460123,
        "9,32": 34.41675809682971,
        "9,33": 10.181173389484433,
        "9,34": 65.5246379132805,
        "9,35": 48.621955902199794,
        "9,36": 43.632382906119965,
        "9,37": 39.481571487690275,
        "9,38": 56.51693841514941,
        "9,39": 29.998785157933533,
        "9,40": 65.4846721723727,
        "10,0": 80.08438359386268,
        "10,1": 54.52629298166917,
        "10,2": 67.01555849115174,
        "10,3": 59.51422230786429,
        "10,4": 26.499374840459257,
        "10,5": 70.24666616548724,
        "10,6": 3.991650956784922,
        "10,7": 29.20604782440543,
        "10,8": 9.914455181892228,
        "10,9": 35.13482157535232,
        "10,10": 0.0,
        "10,11": 66.64096892213276,
        "10,12": 68.85424967960877,
        "10,13": 61.99473210905259,
        "10,14": 37.8447917192707,
        "10,15": 17.797916784943713,
        "10,16": 73.85844318682918,
        "10,17": 16.221975992077294,
        "10,18": 31.23729382303097,
        "10,19": 69.82409990563752,
        "10,20": 39.34477897883997,
        "10,21": 29.774380545461483,
        "10,22": 17.10332093166713,
        "10,23": 37.072713832820405,
        "10,24": 90.84872648197141,
        "10,25": 71.31526597093615,
        "10,26": 33.286933054867085,
        "10,27": 61.35579553622805,
        "10,28": 70.40648073073903,
        "10,29": 20.07152013228833,
        "10,30": 42.969741834414805,
        "10,31": 26.436469553218153,
        "10,32": 67.60084290573957,
        "10,33": 33.7332023980446,
        "10,34": 58.50677448926568,
        "10,35": 59.596967724134586,
        "10,36": 27.31339637430861,
        "10,37": 11.701748830469388,
        "10,38": 24.168455384129828,
        "10,39": 31.624790126281834,
        "10,40": 95.61579904242596,
        "11,0": 98.09780936619784,
        "11,1": 42.790662052479895,
        "11,2": 10.923668162561546,
        "11,3": 40.75987949891383,
        "11,4": 48.307723625358875,
        "11,5": 74.84310463247309,
        "11,6": 68.7179558337315,
        "11,7": 39.81592635516845,
        "11,8": 73.38621641159277,
        "11,9": 32.292288815905,
        "11,10": 66.64096892213276,
        "11,11": 0.0,
        "11,12": 33.29796965122928,
        "11,13": 70.17519425331469,
        "11,14": 73.20058422373296,
        "11,15": 49.353363603155664,
        "11,16": 43.629930103739845,
        "11,17": 78.37838864869536,
        "11,18": 57.941538281203655,
        "11,19": 90.87189976168612,
        "11,20": 85.21719093179914,
        "11,21": 74.69461598437609,
        "11,22": 65.8096560221402,
        "11,23": 33.13681071455795,
        "11,24": 40.23887341425902,
        "11,25": 18.603820587458365,
        "11,26": 35.389159589505915,
        "11,27": 5.797751404745283,
        "11,28": 59.92531102143341,
        "11,29": 81.57259841267543,
        "11,30": 29.258530327305593,
        "11,31": 43.37948094508602,
        "11,32": 6.010304717048298,
        "11,33": 38.88506619248862,
        "11,34": 77.76412409547864,
        "11,35": 50.02029988293679,
        "11,36": 67.17282679313226,
        "11,37": 71.77230577656144,
        "11,38": 85.61870657536359,
        "11,39": 49.4455395185001,
        "11,40": 37.042052363950795,
        "12,0": 123.4672411498484,
        "12,1": 18.807839585389853,
        "12,2": 22.523243165749058,
        "12,3": 69.93492611975161,
        "12,4": 42.87110067476321,
        "12,5": 102.24769092464159,
        "12,6": 72.28056096410555,
        "12,7": 40.521820450816904,
        "12,8": 78.14719129671181,
        "12,9": 37.79885599767094,
        "12,10": 68.85424967960877,
        "12,11": 33.29796965122928,
        "12,12": 0.0,
        "12,13": 96.12032342079594,
        "12,14": 90.38947207388391,
        "12,15": 52.0463854231367,
        "12,16": 75.85912229350876,
        "12,17": 74.29150904279805,
        "12,18": 74.98198127982153,
        "12,19": 114.87576058581004,
        "12,20": 99.72559382778599,
        "12,21": 88.3287169921681,
        "12,22": 75.95915247293728,
        "12,23": 50.49548483940405,
        "12,24": 73.0212883786347,
        "12,25": 16.515134462848106,
        "12,26": 37.42351816702999,
        "12,27": 35.034682208141156,
        "12,28": 89.67292096685557,
        "12,29": 88.07283829181563,
        "12,30": 27.533635067777233,
        "12,31": 56.01304065401026,
        "12,32": 39.296759852657495,
        "12,33": 35.22115949074199,
        "12,34": 101.184101194335,
        "12,35": 78.24252303369963,
        "12,36": 81.43113494132271,
        "12,37": 68.45694746062442,
        "12,38": 92.3351185362883,
        "12,39": 66.8885844314192,
        "12,40": 67.63960131343529,
        "13,0": 27.927833814298975,
        "13,1": 93.05120000838342,
        "13,2": 78.97352048381617,
        "13,3": 30.362290702053908,
        "13,4": 72.8129165860396,
        "13,5": 8.255830028009196,
        "13,6": 59.729593988426714,
        "13,7": 65.56219166836418,
        "13,8": 58.30236143497518,
        "13,9": 62.50066186404738,
        "13,10": 61.99473210905259,
        "13,11": 70.17519425331469,
        "13,12": 96.12032342079594,
        "13,13": 0.0,
        "13,14": 28.570399980646766,
        "13,15": 60.777986032010155,
        "13,16": 37.29620998233085,
        "13,17": 77.60342682131339,
        "13,18": 31.062504625675654,
        "13,19": 21.45206850512027,
        "13,20": 39.361633118662546,
        "13,21": 38.198798945001705,
        "13,22": 45.56998087507578,
        "13,23": 46.731622687056294,
        "13,24": 61.219688845680906,
        "13,25": 86.88166134651654,
        "13,26": 65.31084468810081,
        "13,27": 65.25078313925609,
        "13,28": 18.409648122852236,
        "13,29": 57.06936009094527,
        "13,30": 71.96620526384831,
        "13,31": 46.57915666943483,
        "13,32": 65.89451075060673,
        "13,33": 71.21855908847837,
        "13,34": 11.579886136863472,
        "13,35": 20.972739088844538,
        "13,36": 35.96880278528484,
        "13,37": 73.68766329672285,
        "13,38": 58.202198685141035,
        "13,39": 34.5034340708196,
        "13,40": 72.58210532896857,
        "14,0": 42.24599048019989,
        "14,1": 81.91372984931112,
        "14,2": 78.95545761935759,
        "14,3": 43.59992273916147,
        "14,4": 56.39684288924321,
        "14,5": 36.16113967372926,
        "14,6": 34.68419133136177,
        "14,7": 52.327820631913625,
        "14,8": 31.72117272572343,
        "14,9": 52.76604446216926,
        "14,10": 37.8447917192707,
        "14,11": 73.20058422373296,
        "14,12": 90.38947207388391,
        "14,13": 28.570399980646766,
        "14,14": 0.0,
        "14,15": 43.455360435284106,
        "14,16": 56.3695635553699,
        "14,17": 51.86912861003005,
        "14,18": 15.638238145842534,
        "14,19": 31.985009162075567,
        "14,20": 13.42423659036981,
        "14,21": 9.798773999555259,
        "14,22": 20.82970071607637,
        "14,23": 41.26292628909724,
        "14,24": 79.23912550934504,
        "14,25": 85.8860257612047,
        "14,26": 53.99621756089378,
        "14,27": 67.45991523710364,
        "14,28": 43.45601973634994,
        "14,29": 28.762989278256104,
        "14,30": 63.166278977886634,
        "14,31": 34.41468318239292,
        "14,32": 70.93875061414977,
        "14,33": 58.457675128138035,
        "14,34": 21.586064193097243,
        "14,35": 37.72451428004764,
        "14,36": 10.873514758490522,
        "14,37": 49.211600413909395,
        "14,38": 29.649201438975012,
        "14,39": 24.164026867795222,
        "14,40": 88.35830970266876,
        "15,0": 83.590160561176,
        "15,1": 39.70210179495145,
        "15,2": 49.23938072866745,
        "15,3": 49.6758008473463,
        "15,4": 12.946225502452066,
        "15,5": 68.79360004946003,
        "15,6": 20.66919453219336,
        "15,7": 11.64586599095166,
        "15,8": 26.30036782567888,
        "15,9": 17.400447888325758,
        "15,10": 17.797916784943713,
        "15,11": 49.353363603155664,
        "15,12": 52.0463854231367,
        "15,13": 60.777986032010155,
        "15,14": 43.455360435284106,
        "15,15": 0.0,
        "15,16": 63.215092920424496,
        "15,17": 29.461866001866504,
        "15,18": 30.849271237576858,
        "15,19": 73.62241590094852,
        "15,20": 49.752819720753855,
        "15,21": 38.54027286224851,
        "15,22": 25.030942110781805,
        "15,23": 23.198483980000233,
        "15,24": 77.08485361680043,
        "15,25": 53.55457081219948,
        "15,26": 15.529225605019384,
        "15,27": 44.28941199717138,
        "15,28": 64.48419859518727,
        "15,29": 36.06145380939313,
        "15,30": 25.378176098822895,
        "15,31": 15.399194563138725,
        "15,32": 50.83124064342188,
        "15,33": 16.935533942376193,
        "15,34": 60.654167077773835,
        "15,35": 52.407366585300096,
        "15,36": 32.889186683727154,
        "15,37": 22.89928479621424,
        "15,38": 40.329075523311914,
        "15,39": 26.371472655088688,
        "15,40": 80.41032198736626,
        "16,0": 62.45594699517123,
        "16,1": 80.0889318601223,
        "16,2": 54.37714896947891,
        "16,3": 14.44111719923847,
        "16,4": 70.80786561513693,
        "16,5": 38.07758523137453,
        "16,6": 73.56122232453865,
        "16,7": 61.1212671841563,
        "16,8": 75.22096380694312,
        "16,9": 54.4338153007807,
        "16,10": 73.85844318682918,
        "16,11": 43.629930103739845,
        "16,12": 75.85912229350876,
        "16,13": 37.29620998233085,
        "16,14": 56.3695635553699,
        "16,15": 63.215092920424496,
        "16,16": 0.0,
        "16,17": 89.76162502344829,
        "16,18": 47.29199616035041,
        "16,19": 58.272951528075026,
        "16,20": 69.69362349649141,
        "16,21": 63.291106371362396,
        "16,22": 62.71844464022128,
        "16,23": 40.41501616104075,
        "16,24": 23.998244484085337,
        "16,25": 62.22673795777436,
        "16,26": 58.41144696067147,
        "16,27": 40.85205023476228,
        "16,28": 20.43180226223414,
        "16,29": 78.81919355760198,
        "16,30": 59.911343317439915,
        "16,31": 48.51971982450471,
        "16,32": 37.87056502976429,
        "16,33": 64.60365600547833,
        "16,34": 48.34142773921554,
        "16,35": 18.770284887228673,
        "16,36": 57.26548274020875,
        "16,37": 83.94238789241317,
        "16,38": 81.59760116337588,
        "16,39": 42.90600899220702,
        "16,40": 35.361138290206,
        "17,0": 93.82112951690223,
        "17,1": 57.40715967031349,
        "17,2": 76.92727952685023,
        "17,3": 75.49669518780212,
        "17,4": 32.12063013832136,
        "17,5": 85.82459444949386,
        "17,6": 17.886008060068416,
        "17,7": 38.75795984160337,
        "17,8": 20.217283063165343,
        "17,9": 46.08663072743261,
        "17,10": 16.221975992077294,
        "17,11": 78.37838864869536,
        "17,12": 74.29150904279805,
        "17,13": 77.60342682131339,
        "17,14": 51.86912861003005,
        "17,15": 29.461866001866504,
        "17,16": 89.76162502344829,
        "17,17": 0.0,
        "17,18": 47.222402943901365,
        "17,19": 83.60536303049803,
        "17,20": 50.290632755890535,
        "17,21": 42.75974886107573,
        "17,22": 32.070907696965854,
        "17,23": 51.661371011890175,
        "17,24": 105.83072211311921,
        "17,25": 79.93260774988498,
        "17,26": 43.20261521776719,
        "17,27": 73.53237627929495,
        "17,28": 86.60394072593452,
        "17,29": 27.029493953588336,
        "17,30": 51.57001764911357,
        "17,31": 41.63679201086266,
        "17,32": 80.19730855197125,
        "17,33": 41.37278198717771,
        "17,34": 73.20013323932152,
        "17,35": 75.81114070641121,
        "17,36": 42.05262000862924,
        "17,37": 6.609614566291937,
        "17,38": 29.70662357965824,
        "17,39": 47.82584079913944,
        "17,40": 109.75536683964475,
        "18,0": 52.76943412161976,
        "18,1": 67.44976257154849,
        "18,2": 63.370148224608556,
        "18,3": 33.16665415704593,
        "18,4": 43.56993145623725,
        "18,5": 39.303882086094504,
        "18,6": 29.416305662889116,
        "18,7": 38.08509394952145,
        "18,8": 29.271864692772347,
        "18,9": 37.60914678986317,
        "18,10": 31.23729382303097,
        "18,11": 57.941538281203655,
        "18,12": 74.98198127982153,
        "18,13": 31.062504625675654,
        "18,14": 15.638238145842534,
        "18,15": 30.849271237576858,
        "18,16": 47.29199616035041,
        "18,17": 47.222402943901365,
        "18,18": 0.0,
        "18,19": 42.88590435343338,
        "18,20": 27.324420550825778,
        "18,21": 17.530532699433863,
        "18,22": 16.152634472054945,
        "18,23": 25.64011481067471,
        "18,24": 68.31837918772017,
        "18,25": 70.25333053299615,
        "18,26": 39.21433900109457,
        "18,27": 52.165545911634815,
        "18,28": 39.792848215840806,
        "18,29": 31.559348607988134,
        "18,30": 47.98708059322732,
        "18,31": 19.304565334394955,
        "18,32": 56.03962686068769,
        "18,33": 44.17644675046177,
        "18,34": 29.804952256683436,
        "18,35": 30.26777165894363,
        "18,36": 10.39390570890923,
        "18,37": 42.854415091735135,
        "18,38": 34.32201163000459,
        "18,39": 8.570289197931885,
        "18,40": 76.16754156055559,
        "19,0": 10.26098837832717,
        "19,1": 109.66257613389469,
        "19,2": 99.14572741347249,
        "19,3": 51.732333155009385,
        "19,4": 86.43248625698162,
        "19,5": 20.998191857626697,
        "19,6": 66.65476250782109,
        "19,7": 80.72916547343094,
        "19,8": 63.38832291349358,
        "19,9": 79.1781888277928,
        "19,10": 69.82409990563752,
        "19,11": 90.87189976168612,
        "19,12": 114.87576058581004,
        "19,13": 21.45206850512027,
        "19,14": 31.985009162075567,
        "19,15": 73.62241590094852,
        "19,16": 58.272951528075026,
        "19,17": 83.60536303049803,
        "19,18": 42.88590435343338,
        "19,19": 0.0,
        "19,20": 35.77235991373336,
        "19,21": 40.8571139766317,
        "19,22": 52.766480638806236,
        "19,23": 64.47599335370852,
        "19,24": 81.93984541478677,
        "19,25": 106.90772293707978,
        "19,26": 81.37501802467287,
        "19,27": 85.72405706055343,
        "19,28": 38.301987794742736,
        "19,29": 58.682732677945324,
        "19,30": 89.24899106456215,
        "19,31": 61.55851091519848,
        "19,32": 86.87479985269785,
        "19,33": 86.74105777667533,
        "19,34": 13.709655883980203,
        "19,35": 42.39998770776406,
        "19,36": 42.62822131612371,
        "19,37": 81.18203730997148,
        "19,38": 58.24470842029274,
        "19,39": 49.31920185890464,
        "19,40": 93.63377995335472,
        "20,0": 45.44763719715068,
        "20,1": 89.36344940314943,
        "20,2": 90.19442701537638,
        "20,3": 57.0241592171422,
        "20,4": 62.278882355776204,
        "20,5": 46.00138647143701,
        "20,6": 35.52166074193923,
        "20,7": 60.081194961997284,
        "20,8": 30.720472015339485,
        "20,9": 61.95072260526103,
        "20,10": 39.34477897883997,
        "20,11": 85.21719093179914,
        "20,12": 99.72559382778599,
        "20,13": 39.361633118662546,
        "20,14": 13.42423659036981,
        "20,15": 49.752819720753855,
        "20,16": 69.69362349649141,
        "20,17": 50.290632755890535,
        "20,18": 27.324420550825778,
        "20,19": 35.77235991373336,
        "20,20": 0.0,
        "20,21": 11.40907452187499,
        "20,22": 24.762205771833788,
        "20,23": 52.50214576054737,
        "20,24": 92.65914253093622,
        "20,25": 96.74414022114216,
        "20,26": 62.48907614876489,
        "20,27": 79.43026236451848,
        "20,28": 55.816554785943886,
        "20,29": 23.734392831277265,
        "20,30": 72.20274606199217,
        "20,31": 44.10775528658884,
        "20,32": 83.3570437297,
        "20,33": 66.08094393295106,
        "20,34": 29.802157672162082,
        "20,35": 50.98326803414568,
        "20,36": 18.4903973188155,
        "20,37": 49.33052241698902,
        "20,38": 22.654235661895928,
        "20,39": 35.77193278307459,
        "20,40": 101.74714362369394,
        "21,0": 51.0625036298384,
        "21,1": 78.05302191090463,
        "21,2": 79.22016484637457,
        "21,3": 49.71159162574845,
        "21,4": 51.21179563507421,
        "21,5": 45.90874717451325,
        "21,6": 26.25426080957759,
        "21,7": 48.70174436962997,
        "21,8": 22.545200660031067,
        "21,9": 50.567353850322775,
        "21,10": 29.774380545461483,
        "21,11": 74.69461598437609,
        "21,12": 88.3287169921681,
        "21,13": 38.198798945001705,
        "21,14": 9.798773999555259,
        "21,15": 38.54027286224851,
        "21,16": 63.291106371362396,
        "21,17": 42.75974886107573,
        "21,18": 17.530532699433863,
        "21,19": 40.8571139766317,
        "21,20": 11.40907452187499,
        "21,21": 0.0,
        "21,22": 13.784045116323725,
        "21,23": 41.702535474703836,
        "21,24": 85.27423957398696,
        "21,25": 85.61629919690343,
        "21,26": 51.08010326706038,
        "21,27": 68.89690814910163,
        "21,28": 52.16713376937851,
        "21,29": 18.96859193121211,
        "21,30": 60.80170562310567,
        "21,31": 32.8569452236072,
        "21,32": 73.18459739865153,
        "21,33": 54.72154108916556,
        "21,34": 31.300967400850833,
        "21,35": 45.10677900905416,
        "21,36": 7.5230092231219166,
        "21,37": 40.668490839564264,
        "21,38": 20.05391379665394,
        "21,39": 25.489340757046804,
        "21,40": 93.53866178614584,
        "22,0": 63.02275290808942,
        "22,1": 64.71308222978642,
        "22,2": 68.93103565534133,
        "22,3": 48.34819575888574,
        "22,4": 37.52356763175943,
        "22,5": 53.77342968683194,
        "22,6": 14.281921976043444,
        "22,7": 35.72249531635442,
        "22,8": 13.145282210045155,
        "22,9": 38.59591669668771,
        "22,10": 17.10332093166713,
        "22,11": 65.8096560221402,
        "22,12": 75.95915247293728,
        "22,13": 45.56998087507578,
        "22,14": 20.82970071607637,
        "22,15": 25.030942110781805,
        "22,16": 62.71844464022128,
        "22,17": 32.070907696965854,
        "22,18": 16.152634472054945,
        "22,19": 52.766480638806236,
        "22,20": 24.762205771833788,
        "22,21": 13.784045116323725,
        "22,22": 0.0,
        "22,23": 32.88914044437369,
        "22,24": 82.50840360341725,
        "22,25": 74.7263204877038,
        "22,26": 38.535657674365964,
        "22,27": 60.080182056597124,
        "22,28": 55.895140223271085,
        "22,29": 16.729486564697172,
        "22,30": 48.493349032687846,
        "22,31": 22.468389559323622,
        "22,32": 65.22701022451389,
        "22,33": 41.59731254918044,
        "22,34": 41.44350078880806,
        "22,35": 46.31910100566515,
        "22,36": 10.211887276111915,
        "22,37": 28.667807498583695,
        "22,38": 20.318342628067803,
        "22,39": 20.197474603066325,
        "22,40": 89.22121574002452,
        "23,0": 73.34183134047956,
        "23,1": 46.39267267089103,
        "23,2": 37.757192955342816,
