{
    "num_robots": 3,
    "num_tasks": 60,
    "num_nodes": 61,
    "robot_capacity": [
        327,
        299,
        265
    ],
    "robot_speed": [
        0.99,
        0.89,
        0.83
    ],
    "task_demand": {
        "0": 0,
        "1": 8,
        "2": 6,
        "3": 14,
        "4": 7,
        "5": 10,
        "6": 12,
        "7": 6,
        "8": 5,
        "9": 5,
        "10": 8,
        "11": 7,
        "12": 8,
        "13": 11,
        "14": 10,
        "15": 9,
        "16": 5,
        "17": 15,
        "18": 10,
        "19": 12,
        "20": 9,
        "21": 5,
        "22": 7,
        "23": 14,
        "24": 12,
        "25": 5,
        "26": 5,
        "27": 9,
        "28": 12,
        "29": 12,
        "30": 11,
        "31": 13,
        "32": 13,
        "33": 10,
        "34": 5,
        "35": 14,
        "36": 13,
        "37": 15,
        "38": 14,
        "39": 11,
        "40": 10,
        "41": 13,
        "42": 14,
        "43": 14,
        "44": 6,
        "45": 12,
        "46": 9,
        "47": 6,
        "48": 12,
        "49": 6,
        "50": 15,
        "51": 15,
        "52": 11,
        "53": 15,
        "54": 9,
        "55": 8,
        "56": 13,
        "57": 15,
        "58": 8,
        "59": 13,
        "60": 5
    },
    "task_service_time": {
        "0": 0,
        "1": 81,
        "2": 83,
        "3": 16,
        "4": 89,
        "5": 45,
        "6": 90,
        "7": 23,
        "8": 36,
        "9": 47,
        "10": 64,
        "11": 21,
        "12": 27,
        "13": 86,
        "14": 25,
        "15": 67,
        "16": 76,
        "17": 52,
        "18": 81,
        "19": 39,
        "20": 59,
        "21": 39,
        "22": 89,
        "23": 59,
        "24": 76,
        "25": 20,
        "26": 71,
        "27": 14,
        "28": 81,
        "29": 50,
        "30": 44,
        "31": 27,
        "32": 47,
        "33": 57,
        "34": 85,
        "35": 89,
        "36": 27,
        "37": 30,
        "38": 89,
        "39": 24,
        "40": 42,
        "41": 67,
        "42": 54,
        "43": 83,
        "44": 33,
        "45": 86,
        "46": 87,
        "47": 68,
        "48": 56,
        "49": 69,
        "50": 38,
        "51": 26,
        "52": 33,
        "53": 69,
        "54": 35,
        "55": 98,
        "56": 92,
        "57": 69,
        "58": 62,
        "59": 90,
        "60": 62
    },
    "task_precedence": [],
    "coordinates": {
        "0": [
            50.0,
            50.0
        ],
        "1": [
            85.22545348759974,
            38.76212788525708
        ],
        "2": [
            53.63147750566161,
            8.848938669836215
        ],
        "3": [
            2.9895069055873913,
            29.211745563249625
        ],
        "4": [
            54.60557731753588,
            45.523174559380564
        ],
        "5": [
            88.5373385434925,
            87.21444304064356
        ],
        "6": [
            58.25350163871066,
            66.65252926171166
        ],
        "7": [
            55.25775192566439,
            32.97746288973046
        ],
        "8": [
            69.61924176752522,
            47.16468980824126
        ],
        "9": [
            90.45279310503878,
            11.893152442054799
        ],
        "10": [
            82.08349048654642,
            21.78101955363523
        ],
        "11": [
            16.071142312473675,
            83.15672889060399
        ],
        "12": [
            59.01002809459824,
            50.88166342799313
        ],
        "13": [
            88.14825558085717,
            59.901970857486575
        ],
        "14": [
            44.825758117477676,
            92.4201587980659
        ],
        "15": [
            89.8204955407014,
            43.163519678350994
        ],
        "16": [
            97.67041834254043,
            1.992698008096827
        ],
        "17": [
            6.209738181554291,
            30.440827062332776
        ],
        "18": [
            37.258081501936225,
            89.43550287968765
        ],
        "19": [
            15.77067519195765,
            41.443485995468244
        ],
        "20": [
            43.68036621648661,
            64.645121997745
        ],
        "21": [
            21.115089616076823,
            30.28916372615521
        ],
        "22": [
            88.74169459401425,
            64.39058321305629
        ],
        "23": [
            11.530564006014487,
            48.758092525481224
        ],
        "24": [
            50.24818493974347,
            15.597393852999652
        ],
        "25": [
            50.07427734583077,
            34.125029407939735
        ],
        "26": [
            98.50357753121153,
            81.3879035117663
        ],
        "27": [
            11.243792614222626,
            19.430140523921946
        ],
        "28": [
            73.74084812192828,
            12.337132023327369
        ],
        "29": [
            8.15361224597565,
            38.81146862808207
        ],
        "30": [
            72.59163071999996,
            53.02543735262007
        ],
        "31": [
            15.758955986128576,
            65.71906401622618
        ],
        "32": [
            31.66242936601098,
            78.4602389782331
        ],
        "33": [
            51.402753297484885,
            42.74464863875485
        ],
        "34": [
            83.86662256222748,
            17.67284202279823
        ],
        "35": [
            38.33682358857736,
            7.3870617717554214
        ],
        "36": [
            93.91920497106302,
            5.003396730882903
        ],
        "37": [
            43.93689608487147,
            88.11765382324246
        ],
        "38": [
            70.417578524044,
            55.35441749194243
        ],
        "39": [
            59.29213563159201,
            61.11926461210266
        ],
        "40": [
            45.12750599312301,
            29.386742396795775
        ],
        "41": [
            81.64602256506632,
            31.373552360677927
        ],
        "42": [
            97.86786729649947,
            18.79600558371557
        ],
        "43": [
            14.873617928401838,
            38.001656022091304
        ],
        "44": [
            67.48847424723193,
            47.681657197628915
        ],
        "45": [
            14.536736197866063,
            1.2538862309855237
        ],
        "46": [
            48.54833315132887,
            72.95686196306964
        ],
        "47": [
            57.91954410831435,
            12.650596810233505
        ],
        "48": [
            24.49025748069734,
            88.11507738544115
        ],
        "49": [
            50.74763677054668,
            88.75516026058979
        ],
        "50": [
            20.615863767958544,
            14.507194728394301
        ],
        "51": [
            78.55807456921792,
            2.372330245946297
        ],
        "52": [
            60.16736269754344,
            14.452435550100951
        ],
        "53": [
            90.85152071893597,
            56.218872739815886
        ],
        "54": [
            34.590344200618915,
            84.3365618277659
        ],
        "55": [
            40.59031326009291,
            44.95411510316376
        ],
        "56": [
            13.035850807281001,
            39.089352194629576
        ],
        "57": [
            56.89214144311357,
            2.595533984500986
        ],
        "58": [
            29.154409390692425,
            87.63283947859311
        ],
        "59": [
            34.49585373629237,
            62.92049392341884
        ],
        "60": [
            44.550849949998984,
            58.10254258402638
        ]
    },
    "distance_matrix_str_keys": {
        "0,0": 0.0,
        "0,1": 36.97461755142802,
        "0,2": 41.310984949199984,
        "0,3": 51.401731327912366,
        "0,4": 6.422873846930081,
        "0,5": 53.57276577554174,
        "0,6": 18.585667061269625,
        "0,7": 17.81602438767783,
        "0,8": 19.823058074275455,
        "0,9": 55.57481714592993,
        "0,10": 42.72775701148648,
        "0,11": 47.439815078744004,
        "0,12": 9.05306228111296,
        "0,13": 39.41241467767375,
        "0,14": 42.734560387489374,
        "0,15": 40.40308562839371,
        "0,16": 67.65478423211921,
        "0,17": 47.959861093768794,
        "0,18": 41.44291705931367,
        "0,19": 35.28258222868915,
        "0,20": 15.950466121294326,
        "0,21": 34.969345354203995,
        "0,22": 41.32805082783085,
        "0,23": 38.489477001780806,
        "0,24": 34.40350135480314,
        "0,25": 15.875144359119444,
        "0,26": 57.77367497563401,
        "0,27": 49.361522660028875,
        "0,28": 44.52100059271734,
        "0,29": 43.31631796818089,
        "0,30": 22.793311513763733,
        "0,31": 37.67675767241784,
        "0,32": 33.856339132497396,
        "0,33": 7.38971177981432,
        "0,34": 46.81872773426607,
        "0,35": 44.18022395199184,
        "0,36": 62.877586396493996,
        "0,37": 38.596849121064245,
        "0,38": 21.107991364967013,
        "0,39": 14.490749811857922,
        "0,40": 21.181302765956325,
        "0,41": 36.720774717441536,
        "0,42": 57.1403709040009,
        "0,43": 37.11903791388067,
        "0,44": 17.641469463891053,
        "0,45": 60.281229973196844,
        "0,46": 23.002713923164904,
        "0,47": 38.179799600250334,
        "0,48": 45.86399554660807,
        "0,49": 38.76237102609529,
        "0,50": 46.077832936796106,
        "0,51": 55.53340030380107,
        "0,52": 36.97302533663055,
        "0,53": 41.32216261528044,
        "0,54": 37.6358468751188,
        "0,55": 10.677226181705779,
        "0,56": 38.540764925912185,
        "0,57": 47.902870601734136,
        "0,58": 43.0205678143886,
        "0,59": 20.18211372952651,
        "0,60": 9.764447377777556,
        "1,0": 36.97461755142802,
        "1,1": 0.0,
        "1,2": 43.508369394690654,
        "1,3": 82.78865086916262,
        "1,4": 31.35743243315244,
        "1,5": 48.56537271081465,
        "1,6": 38.79897776331911,
        "1,7": 30.520902444319916,
        "1,8": 17.724471532922347,
        "1,9": 27.372740470100084,
        "1,10": 17.269336167619908,
        "1,11": 82.17785195860326,
        "1,12": 28.881337751352,
        "1,13": 21.340940301844032,
        "1,14": 67.16635815226704,
        "1,15": 6.362912948177684,
        "1,16": 38.81839929378997,
        "1,17": 79.45267341450271,
        "1,18": 69.77578167628936,
        "1,19": 69.50651702834772,
        "1,20": 48.94817320995228,
        "1,21": 64.6678426838293,
        "1,22": 25.868546035821936,
        "1,23": 74.3697253241645,
        "1,24": 41.95252337886341,
        "1,25": 35.45571697819699,
        "1,26": 44.64600011063756,
        "1,27": 76.46575626332482,
        "1,28": 28.812784778778532,
        "1,29": 77.0718570353862,
        "1,30": 19.05401466056141,
        "1,31": 74.51356038125576,
        "1,32": 66.67036506124865,
        "1,33": 34.056357992340224,
        "1,34": 21.13301681427086,
        "1,35": 56.41753616947567,
        "1,36": 34.86019569666145,
        "1,37": 64.3483714868802,
        "1,38": 22.23909250235763,
        "1,39": 34.24001369222268,
        "1,40": 41.17940318080221,
        "1,41": 8.209955786214596,
        "1,42": 23.632110922970295,
        "1,43": 70.35594561942216,
        "1,44": 19.853423778469516,
        "1,45": 80.0235149444407,
        "1,46": 50.14470056559925,
        "1,47": 37.78127501966639,
        "1,48": 78.25904202304403,
        "1,49": 60.729096252585286,
        "1,50": 69.01232401668739,
        "1,51": 36.99555802892113,
        "1,52": 34.91230521567794,
        "1,53": 18.340953448735448,
        "1,54": 68.12446933139803,
        "1,55": 45.06258369019599,
        "1,56": 72.19034430511414,
        "1,57": 45.94343354378765,
        "1,58": 74.37948936203013,
        "1,59": 56.188245572910105,
        "1,60": 45.0385947123284,
        "2,0": 41.310984949199984,
        "2,1": 43.508369394690654,
        "2,2": 0.0,
        "2,3": 54.58253466849287,
        "2,4": 36.68717008063495,
        "2,5": 85.7879444332558,
        "2,6": 57.98808664199604,
        "2,7": 24.183267966078915,
        "2,8": 41.51753113316243,
        "2,9": 36.9469419568102,
        "2,10": 31.253091985426945,
        "2,11": 83.26119424628897,
        "2,12": 42.37544993310075,
        "2,13": 61.62645587931829,
        "2,14": 84.03385941193264,
        "2,15": 49.87118903866599,
        "2,16": 44.569455303445224,
        "2,17": 52.10595939887887,
        "2,18": 82.2330981286934,
        "2,19": 49.95843139251108,
        "2,20": 56.67661501758156,
        "2,21": 38.94866790856325,
        "2,22": 65.70845929221487,
        "2,23": 58.01058075022447,
        "2,24": 7.54906060021791,
        "2,25": 25.525172594479024,
        "2,26": 85.2959951055249,
        "2,27": 43.688415662882896,
        "2,28": 20.40966142427917,
        "2,29": 54.46089817545181,
        "2,30": 48.07338604447567,
        "2,31": 68.32670812472674,
        "2,32": 72.9956999198453,
        "2,33": 33.968902924486144,
        "2,34": 31.496432607106378,
        "2,35": 15.364358838185302,
        "2,36": 40.47084354360196,
        "2,37": 79.85933953518641,
        "2,38": 49.44221625162759,
        "2,39": 52.57594530324143,
        "2,40": 22.228785693626676,
        "2,41": 35.946807324254415,
        "2,42": 45.34095634099635,
        "2,43": 48.497964988554536,
        "2,44": 41.231012441542894,
        "2,45": 39.825665336216886,
        "2,46": 64.30912987669858,
        "2,47": 5.730629965827038,
        "2,48": 84.45313168512403,
        "2,49": 79.95824401708758,
        "2,50": 33.49696422217119,
        "2,51": 25.75425591713525,
        "2,52": 8.60912147251953,
        "2,53": 60.243192732392856,
        "2,54": 77.85207773447031,
        "2,55": 38.38822384744584,
        "2,56": 50.62101853168087,
        "2,57": 7.052446346592958,
        "2,58": 82.49866599011699,
        "2,59": 57.35769507733106,
        "2,60": 50.08368292508637,
        "3,0": 51.401731327912366,
        "3,1": 82.78865086916262,
        "3,2": 54.58253466849287,
        "3,3": 0.0,
        "3,4": 54.13207404734319,
        "3,5": 103.35736264341035,
        "3,6": 66.752688319031,
        "3,7": 52.40372185696128,
        "3,8": 69.00601259916351,
        "3,9": 89.16142720091823,
        "3,10": 79.44226789143785,
        "3,11": 55.508471525590046,
        "3,12": 60.06566518863455,
        "3,13": 90.52017678147112,
        "3,14": 75.799574003603,
        "3,15": 87.9447132482113,
        "3,16": 98.51574260158532,
        "3,17": 3.4468145877177516,
        "3,18": 69.29095287391239,
        "3,19": 17.691063754497314,
        "3,20": 53.956187754585166,
        "3,21": 18.157576338612824,
        "3,22": 92.68758445305737,
        "3,23": 21.330947844873105,
        "3,24": 49.18061835750352,
        "3,25": 47.340426334676266,
        "3,26": 108.83606546428108,
        "3,27": 12.798946429498816,
        "3,28": 72.73585681101738,
        "3,29": 10.900581034426674,
        "3,30": 73.56322149087781,
        "3,31": 38.67613127560171,
        "3,32": 56.98728442439711,
        "3,33": 50.26909479843052,
        "3,34": 81.69610842539184,
        "3,35": 41.54214269012,
        "3,36": 94.09704641203206,
        "3,37": 71.7397707588646,
        "3,38": 72.31862925799255,
        "3,39": 64.71534418753592,
        "3,40": 42.13836246216628,
        "3,41": 78.68621775329693,
        "3,42": 95.44836776911933,
        "3,43": 14.781563539660958,
        "3,44": 67.09138859734765,
        "3,45": 30.24864299057274,
        "3,46": 63.16044535722864,
        "3,47": 57.3722984994718,
        "3,48": 62.70474284333118,
        "3,49": 76.3299233722774,
        "3,50": 22.954569730110453,
        "3,51": 80.1932829687587,
        "3,52": 59.05204844059139,
        "3,53": 91.91908610113724,
        "3,54": 63.540209992914995,
        "3,55": 40.76325351637476,
        "3,56": 14.08886576539707,
        "3,57": 60.11586087623485,
        "3,58": 64.01270449153387,
        "3,59": 46.14032516818541,
        "3,60": 50.61643397307818,
        "4,0": 6.422873846930081,
        "4,1": 31.35743243315244,
        "4,2": 36.68717008063495,
        "4,3": 54.13207404734319,
        "4,4": 0.0,
        "4,5": 53.75431412893374,
        "4,6": 21.441944454501783,
        "4,7": 12.562651512219956,
        "4,8": 15.10313518873204,
        "4,9": 49.15283580148369,
        "4,10": 36.31426216296458,
        "4,11": 53.862668823225874,
        "4,12": 6.936323925726798,
        "4,13": 36.494671502277065,
        "4,14": 47.90586596930827,
        "4,15": 35.29388667491584,
        "4,16": 61.233021494049915,
        "4,17": 50.69156193783647,
        "4,18": 47.21470310806466,
        "4,19": 39.04860409645597,
        "4,20": 22.02292240911869,
        "4,21": 36.79249723175104,
        "4,22": 39.00325130060675,
        "4,23": 43.1963131069672,
        "4,24": 30.2413494940362,
        "4,25": 12.265822121932503,
        "4,26": 56.68609358200619,
        "4,27": 50.60722080723356,
        "4,28": 38.307597261668136,
        "4,29": 46.934337701917975,
        "4,30": 19.487997947842544,
        "4,31": 43.78280415664211,
        "4,32": 40.14023231693113,
        "4,33": 4.2400811307101876,
        "4,34": 40.39616059986525,
        "4,35": 41.46125235016385,
        "4,36": 56.457184791229054,
        "4,37": 43.910254189696595,
        "4,38": 18.619149275776856,
        "4,39": 16.285019304982903,
        "4,40": 18.714119775409113,
        "4,41": 30.51880547385021,
        "4,42": 50.85240698017826,
        "4,43": 40.437628985965326,
        "4,44": 13.062468396164316,
        "4,45": 59.70998172647448,
        "4,46": 28.09443737561544,
        "4,47": 33.03920010781285,
        "4,48": 52.16323106575808,
        "4,49": 43.403782011866916,
        "4,50": 46.014037337082996,
        "4,51": 49.35298865878416,
        "4,52": 31.564604847772696,
        "4,53": 37.791088534527105,
        "4,54": 43.670225416983904,
        "4,55": 14.026812013588923,
        "4,56": 42.06466726789311,
        "4,57": 42.98849498210453,
        "4,58": 49.203514391237796,
        "4,59": 26.59074469751388,
        "4,60": 16.103975979085945,
        "5,0": 53.57276577554174,
        "5,1": 48.56537271081465,
        "5,2": 85.7879444332558,
        "5,3": 103.35736264341035,
        "5,4": 53.75431412893374,
        "5,5": 0.0,
        "5,6": 36.604686529564155,
        "5,7": 63.63317453454656,
        "5,8": 44.293082073854166,
        "5,9": 75.34564210101605,
        "5,10": 65.75093203881082,
        "5,11": 72.5797123190493,
        "5,12": 46.8180834371379,
        "5,13": 27.31524340560664,
        "5,14": 44.0204695555038,
        "5,15": 44.06960790556298,
        "5,16": 85.70973674564742,
        "5,17": 100.00538611798724,
        "5,18": 51.32733491564327,
        "5,19": 85.9649219399802,
        "5,20": 50.21476096411488,
        "5,21": 88.23971370909426,
        "5,22": 22.824774671937877,
        "5,23": 86.07516610272093,
        "5,24": 81.20998102472932,
        "5,25": 65.55831691371728,
        "5,26": 11.544456784184359,
        "5,27": 102.80566088498523,
        "5,28": 76.32527650771625,
        "5,29": 93.83171844028641,
        "5,30": 37.72470951416185,
        "5,31": 75.88639065780752,
        "5,32": 57.544690308603585,
        "5,33": 57.93565426867344,
        "5,34": 69.69827730943449,
        "5,35": 94.3000662883494,
        "5,36": 82.38701731213374,
        "5,37": 44.60958705505542,
        "5,38": 36.652243193647685,
        "5,39": 39.19490056851298,
        "5,40": 72.30806679621293,
        "5,41": 56.26451197554623,
        "5,42": 69.05172952836342,
        "5,43": 88.59030500563544,
        "5,44": 44.787228588873994,
        "5,45": 113.42533435940129,
        "5,46": 42.45467195065916,
        "5,47": 80.60531310495023,
        "5,48": 64.05341314002933,
        "5,49": 37.821096885733276,
        "5,50": 99.49708886606969,
        "5,51": 85.42698527360301,
        "5,52": 78.09715272372938,
        "5,53": 31.08184063749589,
        "5,54": 54.023702195475906,
        "5,55": 63.91285121875173,
        "5,56": 89.53490391639671,
        "5,57": 90.34256067531824,
        "5,58": 59.38440308991715,
        "5,59": 59.25097504579267,
        "5,60": 52.74764380502244,
        "6,0": 18.585667061269625,
        "6,1": 38.79897776331911,
        "6,2": 57.98808664199604,
        "6,3": 66.752688319031,
        "6,4": 21.441944454501783,
        "6,5": 36.604686529564155,
        "6,6": 0.0,
        "6,7": 33.808055423235395,
        "6,8": 22.560051756145935,
        "6,9": 63.52467017317544,
        "6,10": 50.80669987285116,
        "6,11": 45.296137183187064,
        "6,12": 15.789000646766986,
        "6,13": 30.647452618942705,
        "6,14": 29.056411134116505,
        "6,15": 39.34728294578331,
        "6,16": 75.72705659262482,
        "6,17": 63.4022136124674,
        "6,18": 30.981793905406175,
        "6,19": 49.399255108799665,
        "6,20": 14.710743011755302,
        "6,21": 51.976494693615194,
        "6,22": 30.571985699441427,
        "6,23": 50.03242715615313,
        "6,24": 51.678931365235115,
        "6,25": 33.54009476388475,
        "6,26": 42.86256949415484,
        "6,27": 66.6323250432548,
        "6,28": 56.4802645023438,
        "6,29": 57.31599754317918,
        "6,30": 19.78078814027751,
        "6,31": 42.504796994973546,
        "6,32": 29.094795640484783,
        "6,33": 24.870052446996596,
        "6,34": 55.27243187579568,
        "6,35": 62.522553541547886,
        "6,36": 71.22259428015143,
        "6,37": 25.801487690174998,
        "6,38": 16.601569083508313,
        "6,39": 5.629900376896672,
        "6,40": 39.50988018647138,
        "6,41": 42.32985053686889,
        "6,42": 62.12523500970921,
        "6,43": 51.987372006216184,
        "6,44": 21.09925842184823,
        "6,45": 78.66471948001956,
        "6,46": 11.573024936371654,
        "6,47": 54.002965067911944,
        "6,48": 40.00746965301636,
        "6,49": 23.342328600456867,
        "6,50": 64.30962368169676,
        "6,51": 67.41082752345271,
        "6,52": 52.23516677156738,
        "6,53": 34.22706584519964,
        "6,54": 29.540988943113998,
        "6,55": 27.978731220239585,
        "6,56": 52.9562524801785,
        "6,57": 64.07145968000687,
        "6,58": 35.87381477422292,
        "6,59": 24.04899003329551,
        "6,60": 16.151313738849502,
        "7,0": 17.81602438767783,
        "7,1": 30.520902444319916,
        "7,2": 24.183267966078915,
        "7,3": 52.40372185696128,
        "7,4": 12.562651512219956,
        "7,5": 63.63317453454656,
        "7,6": 33.808055423235395,
        "7,7": 0.0,
        "7,8": 20.187367290342483,
        "7,9": 41.02729665322618,
        "7,10": 29.06854989013358,
        "7,11": 63.66748863716106,
        "7,12": 18.29316739556806,
        "7,13": 42.50546270772749,
        "7,14": 60.35114407917123,
        "7,15": 36.0324714542284,
        "7,16": 52.52513614793703,
        "7,17": 49.113564048674476,
        "7,18": 59.25789748945232,
        "7,19": 40.38443730201685,
        "7,20": 33.71759916186931,
        "7,21": 34.24833341900611,
        "7,22": 45.91250967944452,
        "7,23": 46.48758151443363,
        "7,24": 18.08763558644296,
        "7,25": 5.30898461417023,
        "7,26": 64.91357480161645,
        "7,27": 46.051694404792386,
        "7,28": 27.706463204005974,
        "7,29": 47.464045317679634,
        "7,30": 26.50254014469915,
        "7,31": 51.30465207951065,
        "7,32": 51.238873596235074,
        "7,33": 10.500425318967372,
        "7,34": 32.44532168094715,
        "7,35": 30.678762119220078,
        "7,36": 47.720606964299435,
        "7,37": 56.29034049596942,
        "7,38": 27.028659599809853,
        "7,39": 28.429513820464205,
        "7,40": 10.747797742428551,
        "7,41": 26.436969499614126,
        "7,42": 44.908080155337295,
        "7,43": 40.69546406345699,
        "7,44": 19.126000594785204,
        "7,45": 51.61963229166656,
        "7,46": 40.53848357492816,
        "7,47": 20.500405416416047,
        "7,48": 63.14107416491015,
        "7,49": 55.959741446039494,
        "7,50": 39.2582630930441,
        "7,51": 38.46529837967355,
        "7,52": 19.164574502591275,
        "7,53": 42.509757806044036,
        "7,54": 55.36152802985285,
        "7,55": 18.936049092929544,
        "7,56": 42.661975164376585,
        "7,57": 30.42585796813569,
        "7,58": 60.5689250488109,
        "7,59": 36.4368155017734,
        "7,60": 27.311304977265895,
        "8,0": 19.823058074275455,
        "8,1": 17.724471532922347,
        "8,2": 41.51753113316243,
        "8,3": 69.00601259916351,
        "8,4": 15.10313518873204,
        "8,5": 44.293082073854166,
        "8,6": 22.560051756145935,
        "8,7": 20.187367290342483,
        "8,8": 0.0,
        "8,9": 40.96484113855564,
        "8,10": 28.278759020229174,
        "8,11": 64.51996460441076,
        "8,12": 11.24149935052047,
        "8,13": 22.484721066139773,
        "8,14": 51.60207655699676,
        "8,15": 20.593688752056803,
        "8,16": 53.17308859220986,
        "8,17": 65.57783718729405,
        "8,18": 53.23594961542716,
        "8,19": 54.1516416677336,
        "8,20": 31.27923871170951,
        "8,21": 51.35597488586915,
        "8,22": 25.737125047202685,
        "8,23": 58.11052758579929,
        "8,24": 37.03690074170574,
        "8,25": 23.495496964322626,
        "8,26": 44.78317997537146,
        "8,27": 64.6289276396735,
        "8,28": 35.070591956825766,
        "8,29": 62.030636918905216,
        "8,30": 6.571412166630243,
        "8,31": 56.96661466774776,
        "8,32": 49.1948270200752,
        "8,33": 18.74505844533613,
        "8,34": 32.75296849613775,
        "8,35": 50.604835533094985,
        "8,36": 48.66274597315895,
        "8,37": 48.33971598362269,
        "8,38": 8.228546719195933,
        "8,39": 17.360278773665843,
        "8,40": 30.263848654909285,
        "8,41": 19.84952085668418,
        "8,42": 40.03457366960548,
        "8,43": 55.50715735561424,
        "8,44": 2.1925842075567132,
        "8,45": 71.70693345096339,
        "8,46": 33.304944593504466,
        "8,47": 36.443182363675,
        "8,48": 60.93898149365187,
        "8,49": 45.671705766367666,
        "8,50": 58.88839478419024,
        "8,51": 45.67557560682224,
        "8,52": 34.05039789198914,
        "8,53": 23.08219872605158,
        "8,54": 51.07613664118239,
        "8,55": 29.112975299964532,
        "8,56": 57.1567249773258,
        "8,57": 46.35071448757269,
        "8,58": 57.228260475285936,
        "8,59": 38.495425054263244,
        "8,60": 27.350701849527862,
        "9,0": 55.57481714592993,
        "9,1": 27.372740470100084,
        "9,2": 36.9469419568102,
        "9,3": 89.16142720091823,
        "9,4": 49.15283580148369,
        "9,5": 75.34564210101605,
        "9,6": 63.52467017317544,
        "9,7": 41.02729665322618,
        "9,8": 40.96484113855564,
        "9,9": 0.0,
        "9,10": 12.954348394889529,
        "9,11": 103.01032619531556,
        "9,12": 50.08743814972391,
        "9,13": 48.06409823190551,
        "9,14": 92.5549840603799,
        "9,15": 31.276759219949458,
        "9,16": 12.252065624534453,
        "9,17": 86.26070099796853,
        "9,18": 94.03453330521671,
        "9,19": 80.31588229672477,
        "9,20": 70.50127806677992,
        "9,21": 71.73653432030262,
        "9,22": 52.52530909638252,
        "9,23": 87.10764635388502,
        "9,24": 40.37489222469193,
        "9,25": 46.094260904616476,
        "9,26": 69.9595279866715,
        "9,27": 79.56677666023879,
        "9,28": 16.717841457170813,
        "9,29": 86.58955431438436,
        "9,30": 44.84290338179098,
        "9,31": 92.06735610593368,
        "9,32": 88.81150757915465,
        "9,33": 49.766659788924365,
        "9,34": 8.762559789738926,
        "9,35": 52.31041131332935,
        "9,36": 7.712635411099078,
        "9,37": 89.29671486903362,
        "9,38": 47.85698886310222,
        "9,39": 58.259734753563784,
        "9,40": 48.58402351887102,
        "9,41": 21.37861521084139,
        "9,42": 10.130780165426668,
        "9,43": 79.96165130592009,
        "9,44": 42.522664700636696,
        "9,45": 76.65795250228828,
        "9,46": 74.05916813250711,
        "9,47": 32.54206527333133,
        "9,48": 100.80098188047444,
        "9,49": 86.5116621354774,
        "9,50": 69.8858348759397,
        "9,51": 15.23582568607007,
        "9,52": 30.393374689138646,
        "9,53": 44.32751361880602,
        "9,54": 91.48038456972434,
        "9,55": 59.827202411335215,
        "9,56": 82.05495862966664,
        "9,57": 34.8247476509928,
        "9,58": 97.43711838095383,
        "9,59": 75.72957574272615,
        "9,60": 65.13291121008983,
        "10,0": 42.72775701148648,
        "10,1": 17.269336167619908,
        "10,2": 31.253091985426945,
        "10,3": 79.44226789143785,
        "10,4": 36.31426216296458,
        "10,5": 65.75093203881082,
        "10,6": 50.80669987285116,
        "10,7": 29.06854989013358,
        "10,8": 28.278759020229174,
        "10,9": 12.954348394889529,
        "10,10": 0.0,
        "10,11": 90.13660637094719,
        "10,12": 37.13801476458928,
        "10,13": 38.60036662986215,
        "10,14": 79.86254825936383,
        "10,15": 22.739229511825798,
        "10,16": 25.189878713038322,
        "10,17": 76.36634438630014,
        "10,18": 81.15692456440594,
        "10,19": 69.16648074660483,
        "10,20": 57.55111842562917,
        "10,21": 61.55919445511502,
        "10,22": 43.12663442911998,
        "10,23": 75.53461392696495,
        "10,24": 32.43029303080476,
        "10,25": 34.306913372831,
        "10,26": 61.82717746875141,
        "10,27": 70.87869515485215,
        "10,28": 12.601059213773487,
        "10,29": 75.86608657590655,
        "10,30": 32.65438784337113,
        "10,31": 79.55812735285903,
        "10,32": 75.86051225178012,
        "10,33": 37.158866759936814,
        "10,34": 4.478468781201519,
        "10,35": 46.05384767105133,
        "10,36": 20.532237212284876,
        "10,37": 76.52262221503865,
        "10,38": 35.54246124061736,
        "10,39": 45.46364900010217,
        "10,40": 37.730515631848,
        "10,41": 9.602502998516302,
        "10,42": 16.064148271203145,
        "10,43": 69.13954018305186,
        "10,44": 29.72974149553468,
        "10,45": 70.59693490075327,
        "10,46": 61.18474992849984,
        "10,47": 25.831394156012998,
        "10,48": 87.84752538631578,
        "10,49": 73.94235086569456,
        "10,50": 61.89650767211305,
        "10,51": 19.726271265308906,
        "10,52": 23.108976627292854,
        "10,53": 35.53651764353157,
        "10,54": 78.54167564641754,
        "10,55": 47.52553117739411,
        "10,56": 71.18395130989131,
        "10,57": 31.66523208744132,
        "10,58": 84.48638833019535,
        "10,59": 62.90500395752482,
        "10,60": 52.22980127181147,
        "11,0": 47.439815078744004,
        "11,1": 82.17785195860326,
        "11,2": 83.26119424628897,
        "11,3": 55.508471525590046,
        "11,4": 53.862668823225874,
        "11,5": 72.5797123190493,
        "11,6": 45.296137183187064,
        "11,7": 63.66748863716106,
        "11,8": 64.51996460441076,
        "11,9": 103.01032619531556,
        "11,10": 90.13660637094719,
        "11,11": 0.0,
        "11,12": 53.716177850124026,
        "11,13": 75.73568530278328,
        "11,14": 30.2099166457613,
        "11,15": 83.89531503413609,
        "11,16": 115.09144954221232,
        "11,17": 53.630342130190094,
        "11,18": 22.097723752096673,
        "11,19": 41.714325037319064,
        "11,20": 33.24077066401536,
        "11,21": 53.10763458127996,
        "11,22": 75.0544961510972,
        "11,23": 34.6970176692037,
        "11,24": 75.71217863375409,
        "11,25": 59.668423359889566,
        "11,26": 82.45141065689678,
        "11,27": 63.909164991930055,
        "11,28": 91.33022647838239,
        "11,29": 45.04652472838172,
        "11,30": 64.05045151731792,
        "11,31": 17.44045918470802,
        "11,32": 16.28328128734505,
        "11,33": 53.679222843462064,
        "11,34": 94.25691795094056,
        "11,35": 78.97343235538237,
        "11,36": 110.30985535011524,
        "11,37": 28.30390449198089,
        "11,38": 61.045095200240524,
        "11,39": 48.514988357388006,
        "11,40": 61.11860369712708,
        "11,41": 83.55574361868459,
        "11,42": 104.08173193552362,
        "11,43": 45.170949407900835,
        "11,44": 62.46777357094482,
        "11,45": 81.91721453913556,
        "11,46": 34.041228093634174,
        "11,47": 81.99026401836237,
        "11,48": 9.77070724216358,
        "11,49": 35.12551354365098,
        "11,50": 68.79980402440358,
        "11,51": 102.13097359390008,
        "11,52": 81.63796038404273,
        "11,53": 79.48429460348909,
        "11,54": 18.55674659883823,
        "11,55": 45.39415649784555,
        "11,56": 44.171786056106036,
        "11,57": 90.31312249459,
        "11,58": 13.827777964514434,
        "11,59": 27.367411216593393,
        "11,60": 37.93159630972072,
        "12,0": 9.05306228111296,
        "12,1": 28.881337751352,
        "12,2": 42.37544993310075,
        "12,3": 60.06566518863455,
        "12,4": 6.936323925726798,
        "12,5": 46.8180834371379,
        "12,6": 15.789000646766986,
        "12,7": 18.29316739556806,
        "12,8": 11.24149935052047,
        "12,9": 50.08743814972391,
        "12,10": 37.13801476458928,
        "12,11": 53.716177850124026,
        "12,12": 0.0,
        "12,13": 30.502495753028963,
        "12,14": 43.893508772862994,
        "12,15": 31.76247230911855,
        "12,16": 62.32781653444151,
        "12,17": 56.61888736304515,
        "12,18": 44.2667563419442,
        "12,19": 44.25743816226731,
        "12,20": 20.601731118974076,
        "12,21": 43.128614703710554,
        "12,22": 32.65674366178855,
        "12,23": 47.52692987682993,
        "12,24": 36.35587400835092,
        "12,25": 18.990324513449192,
        "12,26": 49.90361841741566,
        "12,27": 57.1910093017426,
        "12,28": 41.263518510699654,
        "12,29": 52.269155679768076,
        "12,30": 13.749752598291693,
        "12,31": 45.725306939896434,
        "12,32": 38.839013705295365,
        "12,33": 11.139193845116374,
        "12,34": 41.48103310731674,
        "12,35": 48.157676000639384,
        "12,36": 57.64950984460733,
        "12,37": 40.17111262210384,
        "12,38": 12.253070460783418,
        "12,39": 10.241487326912509,
        "12,40": 25.588201383359454,
        "12,41": 29.8823466796329,
        "12,42": 50.39266917658622,
        "12,43": 45.9773563086745,
        "12,44": 9.062234218860098,
        "12,45": 66.63925240913025,
        "12,46": 24.428701386874252,
        "12,47": 38.24661566800278,
        "12,48": 50.773434768223254,
        "12,49": 38.76427314835752,
        "12,50": 52.88869281348431,
        "12,51": 52.299918993634414,
        "12,52": 36.4476071527689,
        "12,53": 32.28570048464121,
        "12,54": 41.41921279335222,
        "12,55": 19.349979941273403,
        "12,56": 47.462443905367834,
        "12,57": 48.332553631090256,
        "12,58": 47.34983536713939,
        "12,59": 27.310770479190314,
        "12,60": 16.161959299642238,
        "13,0": 39.41241467767375,
        "13,1": 21.340940301844032,
        "13,2": 61.62645587931829,
        "13,3": 90.52017678147112,
        "13,4": 36.494671502277065,
        "13,5": 27.31524340560664,
        "13,6": 30.647452618942705,
        "13,7": 42.50546270772749,
        "13,8": 22.484721066139773,
        "13,9": 48.06409823190551,
        "13,10": 38.60036662986215,
        "13,11": 75.73568530278328,
        "13,12": 30.502495753028963,
        "13,13": 0.0,
        "13,14": 54.16891482578695,
        "13,15": 16.821775600679175,
        "13,16": 58.68692755294876,
        "13,17": 87.07398938439992,
        "13,18": 58.83909696357731,
        "13,19": 74.69424212315813,
        "13,20": 44.72013715610938,
        "13,21": 73.2827652689172,
        "13,22": 4.527671668850331,
        "13,23": 77.42387672117857,
        "13,24": 58.303609649385514,
        "13,25": 45.97910970358854,
        "13,26": 23.85116338294077,
        "13,27": 86.90377134932238,
        "13,28": 49.698966619107274,
        "13,29": 82.72818290379296,
        "13,30": 17.008682785712487,
        "13,31": 72.62264983207943,
        "13,32": 59.45635272042274,
        "13,33": 40.55373772878035,
        "13,34": 42.445632324691864,
        "13,35": 72.3808982633134,
        "13,36": 55.20106247164556,
        "13,37": 52.447774725981766,
        "13,38": 18.304566383978415,
        "13,39": 28.881784269871655,
        "13,40": 52.74432730729138,
        "13,41": 29.260035818855286,
        "13,42": 42.239451144532154,
        "13,43": 76.47742355092814,
        "13,44": 24.003387900430084,
        "13,45": 94.11829586339579,
        "13,46": 41.69633123193562,
        "13,47": 56.09338059560738,
        "13,48": 69.62987937715867,
        "13,49": 47.23677408678008,
        "13,50": 81.371430144623,
        "13,51": 58.32350401621108,
        "13,52": 53.372189632848766,
        "13,53": 4.568681883338081,
        "13,54": 58.868489935604,
        "13,55": 49.85174289267309,
        "13,56": 77.94253297446171,
        "13,57": 65.27612410421698,
        "13,58": 65.18646303328542,
        "13,59": 53.737246907431214,
        "13,60": 43.63452440273542,
        "14,0": 42.734560387489374,
        "14,1": 67.16635815226704,
        "14,2": 84.03385941193264,
        "14,3": 75.799574003603,
        "14,4": 47.90586596930827,
        "14,5": 44.0204695555038,
        "14,6": 29.056411134116505,
        "14,7": 60.35114407917123,
        "14,8": 51.60207655699676,
        "14,9": 92.5549840603799,
        "14,10": 79.86254825936383,
        "14,11": 30.2099166457613,
        "14,12": 43.893508772862994,
        "14,13": 54.16891482578695,
        "14,14": 0.0,
        "14,15": 66.71388830786793,
        "14,16": 104.73625818800156,
        "14,17": 73.02488999032924,
        "14,18": 8.134980043523354,
        "14,19": 58.675540166511844,
        "14,20": 27.79864370551262,
        "14,21": 66.50155148121819,
        "14,22": 52.0986236294872,
        "14,23": 54.90852376554654,
        "14,24": 77.01389437268918,
