{
    "num_robots": 4,
    "num_tasks": 50,
    "num_nodes": 51,
    "robot_capacity": [
        150,
        140,
        125,
        167
    ],
    "robot_speed": [
        1.01,
        1.13,
        0.97,
        0.98
    ],
    "task_demand": {
        "0": 0,
        "1": 10,
        "2": 9,
        "3": 13,
        "4": 8,
        "5": 6,
        "6": 13,
        "7": 15,
        "8": 8,
        "9": 15,
        "10": 11,
        "11": 8,
        "12": 8,
        "13": 14,
        "14": 5,
        "15": 13,
        "16": 5,
        "17": 7,
        "18": 6,
        "19": 11,
        "20": 9,
        "21": 15,
        "22": 9,
        "23": 15,
        "24": 14,
        "25": 7,
        "26": 5,
        "27": 10,
        "28": 10,
        "29": 10,
        "30": 13,
        "31": 11,
        "32": 11,
        "33": 5,
        "34": 8,
        "35": 12,
        "36": 9,
        "37": 15,
        "38": 5,
        "39": 9,
        "40": 11,
        "41": 11,
        "42": 5,
        "43": 6,
        "44": 7,
        "45": 11,
        "46": 9,
        "47": 10,
        "48": 15,
        "49": 7,
        "50": 5
    },
    "task_service_time": {
        "0": 0,
        "1": 51,
        "2": 77,
        "3": 26,
        "4": 74,
        "5": 82,
        "6": 79,
        "7": 94,
        "8": 56,
        "9": 20,
        "10": 15,
        "11": 81,
        "12": 40,
        "13": 30,
        "14": 58,
        "15": 94,
        "16": 62,
        "17": 21,
        "18": 55,
        "19": 48,
        "20": 60,
        "21": 69,
        "22": 62,
        "23": 94,
        "24": 87,
        "25": 71,
        "26": 38,
        "27": 52,
        "28": 95,
        "29": 100,
        "30": 97,
        "31": 69,
        "32": 18,
        "33": 44,
        "34": 62,
        "35": 67,
        "36": 37,
        "37": 60,
        "38": 72,
        "39": 64,
        "40": 55,
        "41": 78,
        "42": 38,
        "43": 32,
        "44": 82,
        "45": 32,
        "46": 98,
        "47": 72,
        "48": 79,
        "49": 22,
        "50": 79
    },
    "task_precedence": [],
    "coordinates": {
        "0": [
            50.0,
            50.0
        ],
        "1": [
            12.326196565512825,
            19.37716206559992
        ],
        "2": [
            41.76394450944688,
            24.994579238438796
        ],
        "3": [
            20.286086167097483,
            6.868291083255773
        ],
        "4": [
            32.669760207518564,
            76.54466665295331
        ],
        "5": [
            41.817716604517486,
            40.21223368106853
        ],
        "6": [
            99.66096440390827,
            49.340366922181786
        ],
        "7": [
            49.022589614070554,
            65.56945751192066
        ],
        "8": [
            6.368855466408219,
            98.67227468780794
        ],
        "9": [
            27.7937655181273,
            80.57822575775526
        ],
        "10": [
            18.14238322295302,
            70.85334761892202
        ],
        "11": [
            58.08298875332767,
            28.915713121283304
        ],
        "12": [
            16.10162765361696,
            21.463976637137904
        ],
        "13": [
            59.73629663442887,
            78.1704651702109
        ],
        "14": [
            67.07570510031766,
            60.04724312828179
        ],
        "15": [
            56.40894226251881,
            82.64759036276268
        ],
        "16": [
            8.518192207155517,
            44.60063648309075
        ],
        "17": [
            61.89517525011866,
            13.706647500266712
        ],
        "18": [
            52.22046448910438,
            70.18489680915185
        ],
        "19": [
            28.955649518401614,
            35.03667190643128
        ],
        "20": [
            31.050070674882914,
            40.90695652560542
        ],
        "21": [
            53.405814329465706,
            86.24586358987172
        ],
        "22": [
            92.38784134259002,
            68.1837406487211
        ],
        "23": [
            38.37487554354788,
            61.831409256129135
        ],
        "24": [
            93.47762203025323,
            40.37220829401398
        ],
        "25": [
            49.47665940468323,
            74.36820562427066
        ],
        "26": [
            31.882403751828637,
            52.51570058850582
        ],
        "27": [
            52.69605591880286,
            51.856256828767236
        ],
        "28": [
            87.89878158399256,
            67.26751082597443
        ],
        "29": [
            47.702034628655724,
            68.08787827517142
        ],
        "30": [
            62.23982149975929,
            95.96800959246609
        ],
        "31": [
            19.39694062879055,
            26.768476910714966
        ],
        "32": [
            1.1721007182297072,
            76.6470485833982
        ],
        "33": [
            22.0504462062455,
            19.57428857341914
        ],
        "34": [
            23.324444275726986,
            0.4623763190305885
        ],
        "35": [
            87.31073183699479,
            86.13108241398835
        ],
        "36": [
            59.11978603921602,
            21.02470201942258
        ],
        "37": [
            1.065749959862894,
            53.351411536874714
        ],
        "38": [
            2.0005953484885097,
            72.1388828143837
        ],
        "39": [
            22.729240238517423,
            92.57915762899565
        ],
        "40": [
            84.13182274696373,
            63.71922916611178
        ],
        "41": [
            32.97472566424137,
            0.5981360694910065
        ],
        "42": [
            87.70361701107265,
            28.500878998193745
        ],
        "43": [
            78.58808422556123,
            28.885355840578384
        ],
        "44": [
            68.53429578112937,
            89.42838272088133
        ],
        "45": [
            66.22549851530904,
            69.98781689281095
        ],
        "46": [
            96.0738425219688,
            20.876491448982936
        ],
        "47": [
            68.47977931285261,
            79.4481415510468
        ],
        "48": [
            95.7139876963413,
            46.19049062190381
        ],
        "49": [
            47.50062848739331,
            69.29767208735645
        ],
        "50": [
            81.36172190956074,
            81.15374438146058
        ]
    },
    "distance_matrix_str_keys": {
        "0,0": 0.0,
        "0,1": 48.54970307197471,
        "0,2": 26.326862279925923,
        "0,3": 52.37614905038274,
        "0,4": 31.701049493373535,
        "0,5": 12.757355959523826,
        "0,6": 49.66534507404128,
        "0,7": 15.600106995723634,
        "0,8": 65.36564156035345,
        "0,9": 37.79080232485359,
        "0,10": 38.07584343949305,
        "0,11": 22.580563774415523,
        "0,12": 44.31031795304383,
        "0,13": 29.805546129196433,
        "0,14": 19.812289094191524,
        "0,15": 33.27070329011779,
        "0,16": 41.831728438473874,
        "0,17": 38.192965712300115,
        "0,18": 20.30666200397008,
        "0,19": 25.821810061034316,
        "0,20": 21.01864079939905,
        "0,21": 36.40552428715156,
        "0,22": 46.12350287721582,
        "0,23": 16.586915433980465,
        "0,24": 44.53086559387111,
        "0,25": 24.373824704494833,
        "0,26": 18.291419935662777,
        "0,27": 3.2732868697468214,
        "0,28": 41.647143667679266,
        "0,29": 18.233265899046053,
        "0,30": 47.5696451136544,
        "0,31": 38.42201072205558,
        "0,32": 55.625793895248705,
        "0,33": 41.314664140999014,
        "0,34": 56.263322272650555,
        "0,35": 51.937903563953704,
        "0,36": 30.376609265425483,
        "0,37": 49.048881600706814,
        "0,38": 52.85899146946106,
        "0,39": 50.56361342273073,
        "0,40": 36.78584745445513,
        "0,41": 52.25326904621726,
        "0,42": 43.40247619166392,
        "0,43": 35.54021324734533,
        "0,44": 43.56739014545953,
        "0,45": 25.744506719120388,
        "0,46": 54.506675876082774,
        "0,47": 34.7662952334905,
        "0,48": 45.87244306556004,
        "0,49": 19.45885417873226,
        "0,50": 44.205354767471434,
        "1,0": 48.54970307197471,
        "1,1": 0.0,
        "1,2": 29.968923565992473,
        "1,3": 14.82672235264244,
        "1,4": 60.67935532288893,
        "1,5": 36.108862671548096,
        "1,6": 92.3317676569875,
        "1,7": 58.994520265651964,
        "1,8": 79.51858146835704,
        "1,9": 63.125398108488305,
        "1,10": 51.80372290052359,
        "1,11": 46.74043204294064,
        "1,12": 4.313777342075785,
        "1,13": 75.52728035945219,
        "1,14": 68.20237663342667,
        "1,15": 77.11313484156454,
        "1,16": 25.509303379023955,
        "1,17": 49.892267770372634,
        "1,18": 64.59859536344766,
        "1,19": 22.842043559354227,
        "1,20": 28.532709495482955,
        "1,21": 78.47903056979376,
        "1,22": 93.7653938156358,
        "1,23": 49.80860147620372,
        "1,24": 83.82330118226412,
        "1,25": 66.36393418745007,
        "1,26": 38.478669090136535,
        "1,27": 51.81329116007998,
        "1,28": 89.46899524844152,
        "1,29": 60.20119427651848,
        "1,30": 91.41951585389354,
        "1,31": 10.228731922774946,
        "1,32": 58.34598320306097,
        "1,33": 9.726247474508067,
        "1,34": 21.87991253487667,
        "1,35": 100.39305957962985,
        "1,36": 46.82258433419612,
        "1,37": 35.79172089876524,
        "1,38": 53.76260054039105,
        "1,39": 73.93751058918504,
        "1,40": 84.39352383954922,
        "1,41": 27.910814594052496,
        "1,42": 75.92758210092562,
        "1,43": 66.94059683880488,
        "1,44": 89.8138292955351,
        "1,45": 73.93627751458959,
        "1,46": 83.76106608590754,
        "1,47": 82.22984513972598,
        "1,48": 87.59268404351461,
        "1,49": 61.0679783672204,
        "1,50": 92.6404333007839,
        "2,0": 26.326862279925923,
        "2,1": 29.968923565992473,
        "2,2": 0.0,
        "2,3": 28.10446087827973,
        "2,4": 52.34611447434783,
        "2,5": 15.21774944508868,
        "2,6": 62.80750186563345,
        "2,7": 41.21903292973706,
        "2,8": 81.73870035114716,
        "2,9": 57.312369183570034,
        "2,10": 51.58492798275862,
        "2,11": 16.783518581064282,
        "2,12": 25.90404719609129,
        "2,13": 56.130920939649506,
        "2,14": 43.23626336750046,
        "2,15": 59.483994913664766,
        "2,16": 38.59634084762286,
        "2,17": 23.079944845250417,
        "2,18": 46.38430351128357,
        "2,19": 16.275627352891306,
        "2,20": 19.183087433259818,
        "2,21": 62.34783851591294,
        "2,22": 66.54383963896386,
        "2,23": 36.992402384919956,
        "2,24": 53.951607187338006,
        "2,25": 49.972401918888316,
        "2,26": 29.241357152320848,
        "2,27": 29.00104796095004,
        "2,28": 62.573348455227666,
        "2,29": 43.500498113620566,
        "2,30": 73.86805368182087,
        "2,31": 22.4372363616601,
        "2,32": 65.69380010170326,
        "2,33": 20.44508660396485,
        "2,34": 30.689479450593108,
        "2,35": 76.23766691337596,
        "2,36": 17.804077070730823,
        "2,37": 49.602953315275556,
        "2,38": 61.67421905591623,
        "2,39": 70.21392456565196,
        "2,40": 57.39891652609723,
        "2,41": 25.93138652684455,
        "2,42": 46.073285617176126,
        "2,43": 37.02911568481844,
        "2,44": 69.7736822765095,
        "2,45": 51.212879815574944,
        "2,46": 54.46580274972726,
        "2,47": 60.65415301342479,
        "2,48": 57.96441856210994,
        "2,49": 44.67296250577798,
        "2,50": 68.71561543484975,
        "3,0": 52.37614905038274,
        "3,1": 14.82672235264244,
        "3,2": 28.10446087827973,
        "3,3": 0.0,
        "3,4": 70.76830289945453,
        "3,5": 39.69168196561924,
        "3,6": 90.02359980125225,
        "3,7": 65.35758234852103,
        "3,8": 92.8528982640881,
        "3,9": 74.0912931386466,
        "3,10": 64.0209568983871,
        "3,11": 43.757224130832114,
        "3,12": 15.183666547933775,
        "3,13": 81.48815334417144,
        "3,14": 70.83268582034098,
        "3,15": 83.94857313727015,
        "3,16": 39.52484304364645,
        "3,17": 42.16727893527002,
        "3,18": 70.91401186974011,
        "3,19": 29.472343084690728,
        "3,20": 35.700057529086045,
        "3,21": 86.00997273916693,
        "3,22": 94.6480187579317,
        "3,23": 57.86318916539968,
        "3,24": 80.49542465552284,
        "3,25": 73.5413355126433,
        "3,26": 47.0973521131065,
        "3,27": 55.44657970718996,
        "3,28": 90.66169161816384,
        "3,29": 67.07810437091511,
        "3,30": 98.48287032161254,
        "3,31": 19.92003955206161,
        "3,32": 72.34928775049006,
        "3,33": 12.827912478956979,
        "3,34": 7.089948093095805,
        "3,35": 103.80218310187189,
        "3,36": 41.333524122090076,
        "3,37": 50.30011740567591,
        "3,38": 67.78354755697742,
        "3,39": 85.74568004184425,
        "3,40": 85.48863807738663,
        "3,41": 14.153318204050924,
        "3,42": 70.8031943135044,
        "3,43": 62.320735860042994,
        "3,44": 95.62457038948038,
        "3,45": 78.06730522646544,
        "3,46": 77.07148429083027,
        "3,47": 87.12328479203542,
        "3,48": 85.06235187004033,
        "3,49": 68.10329600142961,
        "3,50": 96.16944344783235,
        "4,0": 31.701049493373535,
        "4,1": 60.67935532288893,
        "4,2": 52.34611447434783,
        "4,3": 70.76830289945453,
        "4,4": 0.0,
        "4,5": 37.46639550180793,
        "4,6": 72.3041863485375,
        "4,7": 19.69442167948067,
        "4,8": 34.371043445684386,
        "4,9": 6.3281058195089095,
        "4,10": 15.602429118531886,
        "4,11": 53.98471449997219,
        "4,12": 57.51856594997829,
        "4,13": 27.11532066872858,
        "4,14": 38.15670356462562,
        "4,15": 24.511108552005542,
        "4,16": 40.046464268013096,
        "4,17": 69.30181480629237,
        "4,18": 20.559102859126522,
        "4,19": 41.67383167034576,
        "4,20": 35.67449757604168,
        "4,21": 22.89316846915682,
        "4,22": 60.30053314941107,
        "4,23": 15.780630032498646,
        "4,24": 70.75339428735552,
        "4,25": 16.947237038320694,
        "4,26": 24.04186224722797,
        "4,27": 31.78946522926693,
        "4,28": 56.00277156035288,
        "4,29": 17.247798234527252,
        "4,30": 35.37873338282186,
        "4,31": 51.51540356849376,
        "4,32": 31.497825883112473,
        "4,33": 57.951650609647885,
        "4,34": 76.65409207811615,
        "4,35": 55.47553648011569,
        "4,36": 61.4985393274179,
        "4,37": 39.20128246133576,
        "4,38": 30.984005621974788,
        "4,39": 18.86581135585993,
        "4,40": 53.03617376416445,
        "4,41": 75.94714287973294,
        "4,42": 73.05430122100769,
        "4,43": 66.18083096891812,
        "4,44": 38.10846430426949,
        "4,45": 34.190347353573294,
        "4,46": 84.37430523967308,
        "4,47": 35.92753310218013,
        "4,48": 69.97106989453836,
        "4,49": 16.506773887370763,
        "4,50": 48.90961798972227,
        "5,0": 12.757355959523826,
        "5,1": 36.108862671548096,
        "5,2": 15.21774944508868,
        "5,3": 39.69168196561924,
        "5,4": 37.46639550180793,
        "5,5": 0.0,
        "5,6": 58.559065331076134,
        "5,7": 26.360936923632313,
        "5,8": 68.36810770014486,
        "5,9": 42.73271019264517,
        "5,10": 38.722077347176764,
        "5,11": 19.803294039944735,
        "5,12": 31.824744666939946,
        "5,13": 41.97502648089288,
        "5,14": 32.11531694729189,
        "5,15": 44.873860575008706,
        "5,16": 33.58744414574145,
        "5,17": 33.25132244668981,
        "5,18": 31.726608683246344,
        "5,19": 13.864314242357302,
        "5,20": 10.790034230561893,
        "5,21": 47.46977029082413,
        "5,22": 57.79050716221179,
        "5,23": 21.891594439793444,
        "5,24": 51.66015312087981,
        "5,25": 35.00414010086552,
        "5,26": 15.814099387040944,
        "5,27": 15.934915792085945,
        "5,28": 53.43643486452171,
        "5,29": 28.48994138544226,
        "5,30": 59.378185521572135,
        "5,31": 26.142413650123462,
        "5,32": 54.58536276093321,
        "5,33": 28.577434406621414,
        "5,34": 43.84121669991802,
        "5,35": 64.63865023265248,
        "5,36": 25.836466050715895,
        "5,37": 42.817762437259006,
        "5,38": 51.036399461552236,
        "5,39": 55.73746185236035,
        "5,40": 48.40518996314394,
        "5,41": 40.58910221167004,
        "5,42": 47.35685467414821,
        "5,43": 38.475421980793,
        "5,44": 56.000044010779476,
        "5,45": 38.50097626559826,
        "5,46": 57.59859483733948,
        "5,47": 47.4375595308677,
        "5,48": 54.226816185850424,
        "5,49": 29.635421622688266,
        "5,50": 56.920432658190556,
        "6,0": 49.66534507404128,
        "6,1": 92.3317676569875,
        "6,2": 62.80750186563345,
        "6,3": 90.02359980125225,
        "6,4": 72.3041863485375,
        "6,5": 58.559065331076134,
        "6,6": 0.0,
        "6,7": 53.175449059937634,
        "6,8": 105.53224490080093,
        "6,9": 78.3626065181577,
        "6,10": 84.30947405964712,
        "6,11": 46.32380103237244,
        "6,12": 88.0866385638178,
        "6,13": 49.245849180355485,
        "6,14": 34.29921751257583,
        "6,15": 54.59037051202369,
        "6,16": 91.2659299429114,
        "6,17": 51.92318162678651,
        "6,18": 51.81790673478905,
        "6,19": 72.1376271037678,
        "6,20": 69.12725330296794,
        "6,21": 59.17393507869893,
        "6,22": 20.19829330570064,
        "6,23": 62.546069631819826,
        "6,24": 10.89319017046056,
        "6,25": 56.07902618941435,
        "6,26": 67.85289992299613,
        "6,27": 47.03224777784264,
        "6,28": 21.44134868044475,
        "6,29": 55.23766437241984,
        "6,30": 59.786946712810625,
        "6,31": 83.37747736206954,
        "6,32": 102.20426181643886,
        "6,33": 83.12287263548114,
        "6,34": 90.64393124022126,
        "6,35": 38.808310847754065,
        "6,36": 49.450622059617615,
        "6,37": 98.67676925278994,
        "6,38": 100.28619052954285,
        "6,39": 88.25011730783952,
        "6,40": 21.163787941466563,
        "6,41": 82.60060233279688,
        "6,42": 24.026285888730204,
        "6,43": 29.3679035233959,
        "6,44": 50.753507368743215,
        "6,45": 39.296915521161665,
        "6,46": 28.68901619696395,
        "6,47": 43.34448519460347,
        "6,48": 5.04978671204329,
        "6,49": 55.84796032425524,
        "6,50": 36.70086185954606,
        "7,0": 15.600106995723634,
        "7,1": 58.994520265651964,
        "7,2": 41.21903292973706,
        "7,3": 65.35758234852103,
        "7,4": 19.69442167948067,
        "7,5": 26.360936923632313,
        "7,6": 53.175449059937634,
        "7,7": 0.0,
        "7,8": 53.992013684615195,
        "7,9": 25.998578744878998,
        "7,10": 31.329006390578094,
        "7,11": 37.756957112786914,
        "7,12": 55.037107296781684,
        "7,13": 16.53991874594202,
        "7,14": 18.8788196256716,
        "7,15": 18.607010160642364,
        "7,16": 45.610280251675775,
        "7,17": 53.43645313138125,
        "7,18": 5.615040838925266,
        "7,19": 36.53673605611132,
        "7,20": 30.516395460792197,
        "7,21": 21.135903747083596,
        "7,22": 43.4439815601335,
        "7,23": 11.28480481400687,
        "7,24": 51.09942539083146,
        "7,25": 8.810456725921176,
        "7,26": 21.544988772515026,
        "7,27": 14.196697773371215,
        "7,28": 38.91325850066526,
        "7,29": 2.8436435448692405,
        "7,30": 33.14765734277009,
        "7,31": 48.817980021854275,
        "7,32": 49.116008709155786,
        "7,33": 53.320278372243855,
        "7,34": 69.99519051540763,
        "7,35": 43.459892469910734,
        "7,36": 45.67481382046793,
        "7,37": 49.488777688155935,
        "7,38": 47.47868251665238,
        "7,39": 37.69435132482347,
        "7,40": 35.15795210349258,
        "7,41": 66.92388622403624,
        "7,42": 53.57519382620994,
        "7,43": 47.115196986274626,
        "7,44": 30.82133984233035,
        "7,45": 17.76124923205042,
        "7,46": 64.89438816805276,
        "7,47": 23.899792920280404,
        "7,48": 50.553249278374246,
        "7,49": 4.0269032260048805,
        "7,50": 35.89832133759643,
        "8,0": 65.36564156035345,
        "8,1": 79.51858146835704,
        "8,2": 81.73870035114716,
        "8,3": 92.8528982640881,
        "8,4": 34.371043445684386,
        "8,5": 68.36810770014486,
        "8,6": 105.53224490080093,
        "8,7": 53.992013684615195,
        "8,8": 0.0,
        "8,9": 28.043205548000284,
        "8,10": 30.207758260058377,
        "8,11": 86.8350704681099,
        "8,12": 77.81933013287382,
        "8,13": 57.16999186914388,
        "8,14": 71.95286412262185,
        "8,15": 52.54332302281264,
        "8,16": 54.114339195512294,
        "8,17": 101.50039404896475,
        "8,18": 53.980558985356346,
        "8,19": 67.52520423439175,
        "8,20": 62.81715025809056,
        "8,21": 48.65070597493807,
        "8,22": 91.26235061085882,
        "8,23": 48.801994702402624,
        "8,24": 104.81810413184941,
        "8,25": 49.487074407626366,
        "8,26": 52.73870000954561,
        "8,27": 65.86310826201853,
        "8,28": 87.36926259249465,
        "8,29": 51.41825554784745,
        "8,30": 55.93637363295687,
        "8,31": 73.07453138931078,
        "8,32": 22.629998781773896,
        "8,33": 80.63748319165099,
        "8,34": 99.66281216921523,
        "8,35": 81.9076849510486,
        "8,36": 93.87122145572292,
        "8,37": 45.63007303039486,
        "8,38": 26.89056676171968,
        "8,39": 17.45818619971308,
        "8,40": 85.25722533321449,
        "8,41": 101.61894013769673,
        "8,42": 107.42145134262444,
        "8,43": 100.42823828364548,
        "8,44": 62.84895789286699,
        "8,45": 66.37481326585025,
        "8,46": 118.73991996115097,
        "8,47": 65.01795256633919,
        "8,48": 103.6189669506718,
        "8,49": 50.543941573489185,
        "8,50": 77.01187519762729,
        "9,0": 37.79080232485359,
        "9,1": 63.125398108488305,
        "9,2": 57.312369183570034,
        "9,3": 74.0912931386466,
        "9,4": 6.3281058195089095,
        "9,5": 42.73271019264517,
        "9,6": 78.3626065181577,
        "9,7": 25.998578744878998,
        "9,8": 28.043205548000284,
        "9,9": 0.0,
        "9,10": 13.701183708817293,
        "9,11": 59.88699571781362,
        "9,12": 60.25944354984642,
        "9,13": 32.033148536521125,
        "9,14": 44.32371853839201,
        "9,15": 28.68990432157665,
        "9,16": 40.81586280458987,
        "9,17": 75.06473289339388,
        "9,18": 26.545901929537266,
        "9,19": 45.55637278826241,
        "9,20": 39.80468723358634,
        "9,21": 26.231644304359165,
        "9,22": 65.77247062969818,
        "9,23": 21.52679767907195,
        "9,24": 77.01229023084703,
        "9,25": 22.554650016214588,
        "9,26": 28.35881311833841,
        "9,27": 38.014149554571546,
        "9,28": 61.56125476525843,
        "9,29": 23.502084146154118,
        "9,30": 37.72765854341946,
        "9,31": 54.46095609887637,
        "9,32": 26.910354711417174,
        "9,33": 61.27369801724605,
        "9,34": 80.24041477744349,
        "9,35": 59.775442255544036,
        "9,36": 67.28998254822055,
        "9,37": 38.153456308716876,
        "9,38": 27.13872024830537,
        "9,39": 13.025812146885917,
        "9,40": 58.80648313236131,
        "9,41": 80.14772045777981,
        "9,42": 79.38035242692223,
        "9,43": 72.47217130200076,
        "9,44": 41.690719403514215,
        "9,45": 39.86420526102783,
        "9,46": 90.69986766873349,
        "9,47": 40.70170523232203,
        "9,48": 76.12931701067221,
        "9,49": 22.707076852826653,
        "9,50": 53.57104790500879,
        "10,0": 38.07584343949305,
        "10,1": 51.80372290052359,
        "10,2": 51.58492798275862,
        "10,3": 64.0209568983871,
        "10,4": 15.602429118531886,
        "10,5": 38.722077347176764,
        "10,6": 84.30947405964712,
        "10,7": 31.329006390578094,
        "10,8": 30.207758260058377,
        "10,9": 13.701183708817293,
        "10,10": 0.0,
        "10,11": 57.913877070962286,
        "10,12": 49.43151473776699,
        "10,13": 42.23261585718709,
        "10,14": 50.112292745557035,
        "10,15": 40.042898279585266,
        "10,16": 27.961221266066975,
        "10,17": 71.97257911610454,
        "10,18": 34.084636557655976,
        "10,19": 37.41337978678227,
        "10,20": 32.609733744245446,
        "10,21": 38.47647490765894,
        "10,22": 74.29343748118079,
        "10,23": 22.152857994510864,
        "10,24": 81.26806298108383,
        "10,25": 31.530795908614625,
        "10,26": 22.914132380390388,
        "10,27": 39.43153249952761,
        "10,28": 69.84850275997114,
        "10,29": 29.688732069892886,
        "10,30": 50.74771234865784,
        "10,31": 44.102718052789825,
        "10,32": 17.932023286731766,
        "10,33": 51.42776344420931,
        "10,34": 70.58146071948933,
        "10,35": 70.83551108350949,
        "10,36": 64.51388582194375,
        "10,37": 24.45259025588384,
        "10,38": 16.192897100981657,
        "10,39": 22.204730979569376,
        "10,40": 66.37395403915451,
        "10,41": 71.80385179188472,
        "10,42": 81.4401427085882,
        "10,43": 73.58665030835301,
        "10,44": 53.706394221823466,
        "10,45": 48.09090474981568,
        "10,46": 92.57968730291182,
        "10,47": 51.06587831269652,
        "10,48": 81.39785215735833,
        "10,49": 29.399433521184427,
        "10,50": 64.05296993456066,
        "11,0": 22.580563774415523,
        "11,1": 46.74043204294064,
        "11,2": 16.783518581064282,
        "11,3": 43.757224130832114,
        "11,4": 53.98471449997219,
        "11,5": 19.803294039944735,
        "11,6": 46.32380103237244,
        "11,7": 37.756957112786914,
        "11,8": 86.8350704681099,
        "11,9": 59.88699571781362,
        "11,10": 57.913877070962286,
        "11,11": 0.0,
        "11,12": 42.63757798484158,
        "11,13": 49.28249208746499,
        "11,14": 32.40433779409893,
        "11,15": 53.75794884058356,
        "11,16": 51.98736267141479,
        "11,17": 15.679554934713689,
        "11,18": 41.683506486518645,
        "11,19": 29.76353519587253,
        "11,20": 29.573105657296193,
        "11,21": 57.52062337407529,
        "11,22": 52.14212209976338,
        "11,23": 38.36473352352394,
        "11,24": 37.20257177200049,
        "11,25": 46.26011218740677,
        "11,26": 35.26230370911458,
        "11,27": 23.564540966432215,
        "11,28": 48.57820385010832,
        "11,29": 40.52434738995842,
        "11,30": 67.18102202661997,
        "11,31": 38.745592560160674,
        "11,32": 74.27738257330023,
        "11,33": 37.223733490754604,
        "11,34": 44.91935873745053,
        "11,35": 64.24841981765363,
        "11,36": 7.9588318754522405,
        "11,37": 62.032804842991915,
        "11,38": 70.80591252384012,
        "11,39": 72.82116245045128,
        "11,40": 43.47213454053807,
        "11,41": 37.84587223773509,
        "11,42": 29.623532971831704,
        "11,43": 20.505117943818444,
        "11,44": 61.408574325247876,
        "11,45": 41.8714481889879,
        "11,46": 38.832126585684925,
        "11,47": 51.59088656873225,
        "11,48": 41.406642210459886,
        "11,49": 41.745526212225926,
        "11,50": 57.19013312887429,
        "12,0": 44.31031795304383,
        "12,1": 4.313777342075785,
        "12,2": 25.90404719609129,
        "12,3": 15.183666547933775,
        "12,4": 57.51856594997829,
        "12,5": 31.824744666939946,
        "12,6": 88.0866385638178,
        "12,7": 55.037107296781684,
        "12,8": 77.81933013287382,
        "12,9": 60.25944354984642,
        "12,10": 49.43151473776699,
        "12,11": 42.63757798484158,
        "12,12": 0.0,
        "12,13": 71.55145126981401,
        "12,14": 63.92984455376744,
        "12,15": 73.26741567373217,
        "12,16": 24.347762155852738,
        "12,17": 46.445938001194655,
        "12,18": 60.64897721113126,
        "12,19": 18.693419563404145,
        "12,20": 24.52519960578073,
        "12,21": 74.75490098116214,
        "12,22": 89.4557027153534,
        "12,23": 46.10452459157463,
        "12,24": 79.65278231275627,
        "12,25": 62.55197989758325,
        "12,26": 34.83163008838152,
        "12,27": 47.56934806471854,
        "12,28": 85.16334338604824,
        "12,29": 56.323830879487446,
        "12,30": 87.63323489403341,
        "12,31": 6.244742649359263,
        "12,32": 57.16696776933856,
        "12,33": 6.241743598567528,
        "12,34": 22.20892378928241,
        "12,35": 96.19028583050122,
        "12,36": 43.02040112642205,
        "12,37": 35.25459009131271,
        "12,38": 52.60023981069802,
        "12,39": 71.42334503564095,
        "12,40": 80.08504111709114,
        "12,41": 26.834394702891966,
        "12,42": 71.9469448606696,
        "12,43": 62.9256237489843,
        "12,44": 85.83906558954283,
        "12,45": 69.76364026710232,
        "12,46": 79.97437270648727,
        "12,47": 78.13855739646897,
        "12,48": 83.36383127838593,
        "12,49": 57.218525617004026,
        "12,50": 88.44064832228364,
        "13,0": 29.805546129196433,
        "13,1": 75.52728035945219,
        "13,2": 56.130920939649506,
        "13,3": 81.48815334417144,
        "13,4": 27.11532066872858,
        "13,5": 41.97502648089288,
        "13,6": 49.245849180355485,
        "13,7": 16.53991874594202,
        "13,8": 57.16999186914388,
        "13,9": 32.033148536521125,
        "13,10": 42.23261585718709,
        "13,11": 49.28249208746499,
        "13,12": 71.55145126981401,
        "13,13": 0.0,
        "13,14": 19.55295613993509,
        "13,15": 5.57816610599315,
        "13,16": 61.2391020444101,
        "13,17": 64.49995771673879,
        "13,18": 10.966176858223665,
        "13,19": 52.990304379234104,
        "13,20": 47.02625475528235,
        "13,21": 10.260948584303115,
        "13,22": 34.144663397040134,
        "13,23": 26.89377361370891,
        "13,24": 50.66739841698871,
        "13,25": 10.941541652832859,
        "13,26": 37.86827556752588,
        "13,27": 27.239723749899916,
        "13,28": 30.199337276948754,
        "13,29": 15.69974587436424,
        "13,30": 17.97276339947406,
        "13,31": 65.34086041657997,
        "13,32": 58.584006703262745,
        "13,33": 69.66875364363723,
        "13,34": 85.81590799551584,
        "13,35": 28.70053838593335,
        "13,36": 57.149088631403444,
        "13,37": 63.70414798383888,
        "13,38": 58.04990257265262,
        "13,39": 39.713129333534155,
        "13,40": 28.3545396075045,
        "13,41": 82.05880771070694,
        "13,42": 57.002094694399375,
        "13,43": 52.76752691774556,
        "13,44": 14.28794934772083,
        "13,45": 10.443441668456579,
        "13,46": 67.84553534240725,
        "13,47": 8.836342358806725,
        "13,48": 48.13640022121288,
        "13,49": 15.114166602744941,
        "13,50": 21.83023071757573,
        "14,0": 19.812289094191524,
        "14,1": 68.20237663342667,
        "14,2": 43.23626336750046,
        "14,3": 70.83268582034098,
        "14,4": 38.15670356462562,
        "14,5": 32.11531694729189,
        "14,6": 34.29921751257583,
        "14,7": 18.8788196256716,
        "14,8": 71.95286412262185,
        "14,9": 44.32371853839201,
        "14,10": 50.112292745557035,
        "14,11": 32.40433779409893,
        "14,12": 63.92984455376744,
        "14,13": 19.55295613993509,
        "14,14": 0.0,
        "14,15": 24.991108910109503,
        "14,16": 60.56054799194036,
        "14,17": 46.62926862699021,
        "14,18": 17.984721175773025,
        "14,19": 45.592404086773335,
        "14,20": 40.79456957718345,
        "14,21": 29.550526692048347,
        "14,22": 26.587719590959146,
        "14,23": 28.756231777103686,
        "14,24": 32.92670972485514,
        "14,25": 22.689565359621774,
        "14,26": 35.9901735593761,
        "14,27": 16.548914379568057,
        "14,28": 22.0393461761305,
        "14,29": 20.975960552736137,
        "14,30": 36.2448235417503,
        "14,31": 58.14413867703969,
        "14,32": 67.96203801901821,
        "14,33": 60.542001857208206,
        "14,34": 73.92245380408829,
        "14,35": 33.01246702257508,
        "14,36": 39.82531057881919,
        "14,37": 66.34868754048821,
        "14,38": 66.18895421073765,
        "14,39": 54.99940369513691,
        "14,40": 17.446908913565462,
        "14,41": 68.53519627598119,
        "14,42": 37.69195988040385,
        "14,43": 33.2204469032985,
        "14,44": 29.417322286944657,
        "14,45": 9.9768661414914,
        "14,46": 48.73643155839642,
        "14,47": 19.451639622529292,
        "14,48": 31.814475008598258,
        "14,49": 21.650728863683668,
        "14,50": 25.486754823327622,
        "15,0": 33.27070329011779,
        "15,1": 77.11313484156454,
        "15,2": 59.483994913664766,
        "15,3": 83.94857313727015,
        "15,4": 24.511108552005542,
        "15,5": 44.873860575008706,
        "15,6": 54.59037051202369,
        "15,7": 18.607010160642364,
        "15,8": 52.54332302281264,
        "15,9": 28.68990432157665,
        "15,10": 40.042898279585266,
        "15,11": 53.75794884058356,
        "15,12": 73.26741567373217,
        "15,13": 5.57816610599315,
        "15,14": 24.991108910109503,
        "15,15": 0.0,
        "15,16": 61.16448839307955,
        "15,17": 69.1588920903463,
        "15,18": 13.147702334233148,
        "15,19": 54.95891955587952,
        "15,20": 48.840074542591,
        "15,21": 4.686827028941167,
        "15,22": 38.77736617621586,
        "15,23": 27.541622288610064,
        "15,24": 56.22539416297161,
        "15,25": 10.798368268818013,
        "15,26": 38.85205107435557,
        "15,27": 31.014379661748922,
        "15,28": 35.04506851256203,
        "15,29": 16.96453526089573,
        "15,30": 14.540726293219823,
        "15,31": 67.02509668118297,
        "15,32": 55.56181391418752,
        "15,33": 71.82442237747935,
        "15,34": 88.59454506035964,
        "15,35": 31.097513015933355,
        "15,36": 61.68248569697415,
        "15,37": 62.618966999202094,
        "15,38": 55.4139075346147,
        "15,39": 35.11350675721855,
        "15,40": 33.56845185506321,
        "15,41": 85.3303899991009,
        "15,42": 62.539771499548294,
        "15,43": 58.15747758487411,
        "15,44": 13.892564304519224,
        "15,45": 16.019820254131712,
        "15,46": 73.4096245298127,
        "15,47": 12.487657097890757,
        "15,48": 53.60976327190582,
        "15,49": 16.04924833991039,
        "15,50": 24.997455629117184,
        "16,0": 41.831728438473874,
        "16,1": 25.509303379023955,
        "16,2": 38.59634084762286,
        "16,3": 39.52484304364645,
        "16,4": 40.046464268013096,
        "16,5": 33.58744414574145,
        "16,6": 91.2659299429114,
        "16,7": 45.610280251675775,
        "16,8": 54.114339195512294,
        "16,9": 40.81586280458987,
        "16,10": 27.961221266066975,
        "16,11": 51.98736267141479,
        "16,12": 24.347762155852738,
        "16,13": 61.2391020444101,
        "16,14": 60.56054799194036,
        "16,15": 61.16448839307955,
        "16,16": 0.0,
        "16,17": 61.67285362328898,
        "16,18": 50.640329570780445,
        "16,19": 22.564553613413313,
        "16,20": 22.83262619395251,
        "16,21": 61.230903639997635,
        "16,22": 87.12221787918315,
        "16,23": 34.472033160312584,
        "16,24": 85.06458911213316,
        "16,25": 50.63303474754284,
        "16,26": 24.668494500010873,
        "16,27": 44.76971821137008,
        "16,28": 82.55340793867987,
        "16,29": 45.683958168186564,
        "16,30": 74.32779072466583,
        "16,31": 20.888587368127606,
        "16,32": 32.87761531295115,
        "16,33": 28.45065883229792,
        "16,34": 46.555462736700804,
        "16,35": 89.06762734315426,
        "16,36": 55.82424190421219,
        "16,37": 11.494127173959736,
        "16,38": 28.299011993620482,
        "16,39": 50.03890863615751,
        "16,40": 77.99321579207952,
        "16,41": 50.34224936756805,
        "16,42": 80.8055300858135,
        "16,43": 71.81058287706597,
        "16,44": 74.90967574994372,
        "16,45": 63.04476291095666,
        "16,46": 90.71288199395522,
        "16,47": 69.35229295196608,
        "16,48": 87.21028831035139,
        "16,49": 46.14730659508924,
        "16,50": 81.500365131299,
        "17,0": 38.192965712300115,
        "17,1": 49.892267770372634,
        "17,2": 23.079944845250417,
        "17,3": 42.16727893527002,
        "17,4": 69.30181480629237,
        "17,5": 33.25132244668981,
        "17,6": 51.92318162678651,
        "17,7": 53.43645313138125,
        "17,8": 101.50039404896475,
        "17,9": 75.06473289339388,
        "17,10": 71.97257911610454,
        "17,11": 15.679554934713689,
        "17,12": 46.445938001194655,
        "17,13": 64.49995771673879,
        "17,14": 46.62926862699021,
        "17,15": 69.1588920903463,
        "17,16": 61.67285362328898,
        "17,17": 0.0,
        "17,18": 57.30089592062126,
        "17,19": 39.24260817782154,
        "17,20": 41.12514179101577,
        "17,21": 73.03428728847513,
        "17,22": 62.43041216692653,
        "17,23": 53.564887681628086,
        "17,24": 41.33404259282007,
        "17,25": 61.919658993208614,
        "17,26": 49.06025942261549,
        "17,27": 39.243043821663505,
        "17,28": 59.53951311996285,
        "17,29": 56.20287805169825,
        "17,30": 82.26208406247272,
        "17,31": 44.46022192339015,
        "17,32": 87.45733742294469,
        "17,33": 40.274453991867034,
        "17,34": 40.78127029680439,
        "17,35": 76.75447406628884,
        "17,36": 7.826666417915895,
        "17,37": 72.60803190185736,
        "17,38": 83.67608275604863,
        "17,39": 88.06158821722113,
        "17,40": 54.733233202340315,
        "17,41": 31.752566450289454,
        "17,42": 29.748024333437847,
        "17,43": 22.562056576089386,
