{
    "num_robots": 2,
    "num_tasks": 60,
    "num_nodes": 61,
    "robot_capacity": [
        349,
        387
    ],
    "robot_speed": [
        1.16,
        0.95
    ],
    "task_demand": {
        "0": 0,
        "1": 6,
        "2": 11,
        "3": 10,
        "4": 15,
        "5": 10,
        "6": 7,
        "7": 7,
        "8": 14,
        "9": 10,
        "10": 14,
        "11": 6,
        "12": 15,
        "13": 6,
        "14": 8,
        "15": 7,
        "16": 15,
        "17": 6,
        "18": 8,
        "19": 14,
        "20": 12,
        "21": 6,
        "22": 6,
        "23": 7,
        "24": 15,
        "25": 5,
        "26": 11,
        "27": 9,
        "28": 13,
        "29": 11,
        "30": 7,
        "31": 6,
        "32": 8,
        "33": 14,
        "34": 6,
        "35": 8,
        "36": 8,
        "37": 6,
        "38": 14,
        "39": 11,
        "40": 7,
        "41": 9,
        "42": 13,
        "43": 11,
        "44": 8,
        "45": 10,
        "46": 14,
        "47": 14,
        "48": 5,
        "49": 13,
        "50": 11,
        "51": 13,
        "52": 13,
        "53": 5,
        "54": 13,
        "55": 7,
        "56": 12,
        "57": 13,
        "58": 14,
        "59": 15,
        "60": 11
    },
    "task_service_time": {
        "0": 0,
        "1": 10,
        "2": 94,
        "3": 82,
        "4": 34,
        "5": 32,
        "6": 72,
        "7": 82,
        "8": 78,
        "9": 43,
        "10": 73,
        "11": 30,
        "12": 88,
        "13": 70,
        "14": 87,
        "15": 50,
        "16": 38,
        "17": 31,
        "18": 71,
        "19": 70,
        "20": 10,
        "21": 63,
        "22": 33,
        "23": 98,
        "24": 53,
        "25": 96,
        "26": 21,
        "27": 95,
        "28": 55,
        "29": 26,
        "30": 59,
        "31": 64,
        "32": 53,
        "33": 84,
        "34": 83,
        "35": 87,
        "36": 99,
        "37": 96,
        "38": 18,
        "39": 88,
        "40": 75,
        "41": 17,
        "42": 71,
        "43": 11,
        "44": 34,
        "45": 36,
        "46": 65,
        "47": 53,
        "48": 34,
        "49": 20,
        "50": 47,
        "51": 43,
        "52": 42,
        "53": 30,
        "54": 61,
        "55": 76,
        "56": 38,
        "57": 75,
        "58": 17,
        "59": 78,
        "60": 88
    },
    "task_precedence": [],
    "coordinates": {
        "0": [
            50.0,
            50.0
        ],
        "1": [
            56.5982361273741,
            59.16228337312831
        ],
        "2": [
            16.87300727729568,
            57.760830520748286
        ],
        "3": [
            17.597649392496695,
            28.361335036911804
        ],
        "4": [
            49.9922543186609,
            96.19525689060676
        ],
        "5": [
            96.43684133649427,
            8.434468760556502
        ],
        "6": [
            3.3876234332481214,
            35.80992375674305
        ],
        "7": [
            42.249022943999,
            53.48916090988205
        ],
        "8": [
            49.6820646005364,
            10.930644629579023
        ],
        "9": [
            32.816378059825944,
            24.856990894854867
        ],
        "10": [
            94.89153930497761,
            23.262747191828147
        ],
        "11": [
            1.2095346116066108,
            77.32823621103098
        ],
        "12": [
            22.647322727774455,
            63.95572623347846
        ],
        "13": [
            77.03923117340756,
            17.21627560041028
        ],
        "14": [
            52.44935484990314,
            46.171931815545406
        ],
        "15": [
            81.87981705401384,
            72.82839312796291
        ],
        "16": [
            86.469916435018,
            38.475742159307224
        ],
        "17": [
            9.853702014233857,
            50.07671922264595
        ],
        "18": [
            43.36663767257525,
            29.374759847617284
        ],
        "19": [
            97.9571327163972,
            62.320051906973696
        ],
        "20": [
            50.475880370377226,
            7.145812970650322
        ],
        "21": [
            38.65923775218562,
            25.87100282690291
        ],
        "22": [
            85.4243122240343,
            44.19916224134087
        ],
        "23": [
            30.39267609238857,
            55.824883608942464
        ],
        "24": [
            98.55677042384531,
            5.94697240470855
        ],
        "25": [
            91.02407375961454,
            13.913941311826427
        ],
        "26": [
            69.84259080993176,
            85.0067793918415
        ],
        "27": [
            1.9835689802001788,
            80.10145532247896
        ],
        "28": [
            57.149972729017705,
            40.233306219766895
        ],
        "29": [
            72.72673115399122,
            27.15968027064629
        ],
        "30": [
            64.84279793354669,
            42.259158663401266
        ],
        "31": [
            17.599545580565124,
            55.309473556740606
        ],
        "32": [
            6.352601230392397,
            46.09769190357191
        ],
        "33": [
            23.903655038076298,
            56.78410232299799
        ],
        "34": [
            85.21736776726219,
            61.89143945813136
        ],
        "35": [
            33.048807213557616,
            29.436322888316468
        ],
        "36": [
            12.284163122076352,
            60.55069033150403
        ],
        "37": [
            63.61816721885315,
            1.302207079088591
        ],
        "38": [
            75.76441161968984,
            49.33935980459637
        ],
        "39": [
            55.08756316660421,
            22.840313993746364
        ],
        "40": [
            87.67305535633632,
            93.47050192837581
        ],
        "41": [
            39.075393074488574,
            58.21187030715693
        ],
        "42": [
            4.963643956705344,
            4.3971717832603785
        ],
        "43": [
            83.14812986296396,
            7.362053042617767
        ],
        "44": [
            89.8627359438428,
            65.19298021997557
        ],
        "45": [
            96.60243239955008,
            62.162497913299006
        ],
        "46": [
            38.80459632195835,
            71.90726786969826
        ],
        "47": [
            6.186922337524658,
            40.74183865563273
        ],
        "48": [
            81.46335070979237,
            37.40839748135275
        ],
        "49": [
            46.80423995837404,
            70.5119760610612
        ],
        "50": [
            54.97193948405522,
            37.8500255206341
        ],
        "51": [
            43.20006764789238,
            9.01911122364526
        ],
        "52": [
            70.9137633097882,
            97.0923261176743
        ],
        "53": [
            74.04118560944386,
            78.8427582869152
        ],
        "54": [
            51.376591488427245,
            91.07231792361402
        ],
        "55": [
            18.65223104985686,
            5.116425224059295
        ],
        "56": [
            61.24940079101373,
            71.52706486007939
        ],
        "57": [
            64.08326163666888,
            13.238082889295722
        ],
        "58": [
            91.95399875061145,
            27.897280471024168
        ],
        "59": [
            58.739698727193236,
            46.11249110608519
        ],
        "60": [
            57.47829095907944,
            37.10034908855433
        ]
    },
    "distance_matrix_str_keys": {
        "0,0": 0.0,
        "0,1": 11.290888211389229,
        "0,2": 34.02393476983347,
        "0,3": 38.96336928804221,
        "0,4": 46.195257539976225,
        "0,5": 62.322336449525835,
        "0,6": 48.72444882181967,
        "0,7": 8.500111127373739,
        "0,8": 39.07064898332858,
        "0,9": 30.454027153140885,
        "0,10": 52.25065539204694,
        "0,11": 55.922643063627795,
        "0,12": 30.70718561936803,
        "0,13": 42.495795179726066,
        "0,14": 4.544606166168584,
        "0,15": 39.21043570533508,
        "0,16": 38.24739629773464,
        "0,17": 40.14637129057935,
        "0,18": 21.665687782998212,
        "0,19": 49.514343955753475,
        "0,20": 42.85682918827981,
        "0,21": 26.66123389756707,
        "0,22": 35.896122565649776,
        "0,23": 20.45425187768346,
        "0,24": 65.56240686785019,
        "0,25": 54.63678485673001,
        "0,26": 40.23932173185139,
        "0,27": 56.671644235988,
        "0,28": 12.104148769018865,
        "0,29": 32.22087078719164,
        "0,30": 16.7400500326162,
        "0,31": 32.83260507537598,
        "0,32": 43.82149504332995,
        "0,33": 26.963739812953012,
        "0,34": 37.1708128084523,
        "0,35": 26.649723323830464,
        "0,36": 39.16377685915185,
        "0,37": 50.566090552549305,
        "0,38": 25.77288015679644,
        "0,39": 27.63207996030117,
        "0,40": 57.523418168486,
        "0,41": 13.666815664905188,
        "0,42": 64.09283350752926,
        "0,43": 54.00734240964337,
        "0,44": 42.659868317812524,
        "0,45": 48.16339960016982,
        "0,46": 24.6021431795895,
        "0,47": 44.780568617832806,
        "0,48": 33.88939202575041,
        "0,49": 20.759432655378642,
        "0,50": 13.127911565909866,
        "0,51": 41.54121236667507,
        "0,52": 51.527397323668815,
        "0,53": 37.54841289728696,
        "0,54": 41.095380564540775,
        "0,55": 54.74685290333152,
        "0,56": 24.28916506689609,
        "0,57": 39.36720472653807,
        "0,58": 47.420124649170596,
        "0,59": 9.565304973829628,
        "0,60": 14.910594532271686,
        "1,0": 11.290888211389229,
        "1,1": 0.0,
        "1,2": 39.749941852643595,
        "1,3": 49.69652084477316,
        "1,4": 37.61755073371085,
        "1,5": 64.50136153892869,
        "1,6": 58.10939685573463,
        "1,7": 15.429978530929167,
        "1,8": 48.72498747538972,
        "1,9": 41.742422847325116,
        "1,10": 52.489558640593835,
        "1,11": 58.2915954328897,
        "1,12": 34.287630643171546,
        "1,13": 46.66156712478575,
        "1,14": 13.636804957325806,
        "1,15": 28.738839398650388,
        "1,16": 36.33524833812478,
        "1,17": 47.61931273534996,
        "1,18": 32.59404478508165,
        "1,19": 41.47926987273101,
        "1,20": 52.37553277196425,
        "1,21": 37.816888067535395,
        "1,22": 32.478264379966305,
        "1,23": 26.417221919293834,
        "1,24": 67.76715961122885,
        "1,25": 56.855525289790116,
        "1,26": 29.040504565497294,
        "1,27": 58.49111718475782,
        "1,28": 18.937016379305152,
        "1,29": 35.837061223803005,
        "1,30": 18.806605869438133,
        "1,31": 39.18854434457883,
        "1,32": 51.91634979914508,
        "1,33": 32.780960597759616,
        "1,34": 28.7489650032406,
        "1,35": 37.923717234884705,
        "1,36": 44.33581780232462,
        "1,37": 58.284370643262605,
        "1,38": 21.536761837274067,
        "1,39": 36.353371128289616,
        "1,40": 46.28928872371349,
        "1,41": 17.54859862359464,
        "1,42": 75.26850972406704,
        "1,43": 58.2079094253097,
        "1,44": 33.80674862358726,
        "1,45": 40.1165428055538,
        "1,46": 21.887170839162476,
        "1,47": 53.6713456288267,
        "1,48": 33.037939926532665,
        "1,49": 14.991260289545547,
        "1,50": 21.37421754224635,
        "1,51": 51.90229890686221,
        "1,52": 40.54161394312667,
        "1,53": 26.297862640645015,
        "1,54": 32.334437953189074,
        "1,55": 66.03676312791424,
        "1,56": 13.210645478111132,
        "1,57": 46.53018157018134,
        "1,58": 47.19671977096806,
        "1,59": 13.224331373623494,
        "1,60": 22.079480086353225,
        "2,0": 34.02393476983347,
        "2,1": 39.749941852643595,
        "2,2": 0.0,
        "2,3": 29.408424658577765,
        "2,4": 50.735487136392514,
        "2,5": 93.61353350182333,
        "2,6": 25.762334622144586,
        "2,7": 25.73303970348568,
        "2,8": 57.17954663200089,
        "2,9": 36.56301046188283,
        "2,10": 85.30538724561039,
        "2,11": 25.064471695946363,
        "2,12": 8.468733778625975,
        "2,13": 72.55229446134263,
        "2,14": 37.41629430884926,
        "2,15": 66.73017878193308,
        "2,16": 72.2194184234188,
        "2,17": 10.407507521864753,
        "2,18": 38.828874047307494,
        "2,19": 81.21220288769763,
        "2,20": 60.75387297700837,
        "2,21": 38.62124996227039,
        "2,22": 69.87989880088146,
        "2,23": 13.657574283712522,
        "2,24": 96.73113797868149,
        "2,25": 86.14482197883248,
        "2,26": 59.56608522898863,
        "2,27": 26.847698026734392,
        "2,28": 43.925482969692005,
        "2,29": 63.68727398408152,
        "2,30": 50.41232632975204,
        "2,31": 2.556757491649646,
        "2,32": 15.706933048663254,
        "2,33": 7.098169194126754,
        "2,34": 68.46906995845703,
        "2,35": 32.61800478566493,
        "2,36": 5.37036390243349,
        "2,37": 73.29860939259977,
        "2,38": 59.49049230290807,
        "2,39": 51.76673407053703,
        "2,40": 79.29582233658465,
        "2,41": 22.20696674416198,
        "2,42": 54.676439245372336,
        "2,43": 83.26120732391209,
        "2,44": 73.36714073730755,
        "2,45": 79.85083535041956,
        "2,46": 26.098204683305983,
        "2,47": 20.09573326467264,
        "2,48": 67.72100113960917,
        "2,49": 32.53414210332117,
        "2,50": 42.98800752591159,
        "2,51": 55.39737636201401,
        "2,52": 66.83838611497428,
        "2,53": 60.931504922775176,
        "2,54": 47.95990530021854,
        "2,55": 52.67446294244397,
        "2,56": 46.46260334042569,
        "2,57": 64.89285918597461,
        "2,58": 80.80214664344315,
        "2,59": 43.45691733291858,
        "2,60": 45.55924226639602,
        "3,0": 38.96336928804221,
        "3,1": 49.69652084477316,
        "3,2": 29.408424658577765,
        "3,3": 0.0,
        "3,4": 75.17214498985284,
        "3,5": 81.31849842427145,
        "3,6": 16.043887050204376,
        "3,7": 35.20082173867566,
        "3,8": 36.51354087620334,
        "3,9": 15.61698210653255,
        "3,10": 77.46186814050353,
        "3,11": 51.63649597588495,
        "3,12": 35.95079811975302,
        "3,13": 60.47738415688848,
        "3,14": 39.138966911517834,
        "3,15": 78.16339510625363,
        "3,16": 69.61099337758318,
        "3,17": 23.054861338367154,
        "3,18": 25.78890821314038,
        "3,19": 87.2401341788587,
        "3,20": 39.12897198724867,
        "3,21": 21.208306362111795,
        "3,22": 69.65122368932536,
        "3,23": 30.297841646216867,
        "3,24": 84.00466017059091,
        "3,25": 74.83426341447957,
        "3,26": 77.0599783926693,
        "3,27": 54.04479211068,
        "3,28": 41.29564118745762,
        "3,29": 55.14217650803093,
        "3,30": 49.2468634759503,
        "3,31": 26.948138586540818,
        "3,32": 21.00070148993996,
        "3,33": 29.113904021980506,
        "3,34": 75.47644808534967,
        "3,35": 15.488507897534857,
        "3,36": 32.62495564176966,
        "3,37": 53.38618235876997,
        "3,38": 61.83405009497931,
        "3,39": 37.89426484508035,
        "3,40": 95.65440990512379,
        "3,41": 36.774283536045814,
        "3,42": 27.090574261157013,
        "3,43": 68.83193542379142,
        "3,44": 81.1098811561492,
        "3,45": 85.93180057340616,
        "3,46": 48.43534726154601,
        "3,47": 16.836910695737295,
        "3,48": 64.50331110589313,
        "3,49": 51.28061496539898,
        "3,50": 38.55998971659422,
        "3,51": 32.08746550550096,
        "3,52": 86.98595943130971,
        "3,53": 75.7248101616624,
        "3,54": 71.22979926783795,
        "3,55": 23.268819795590996,
        "3,56": 61.39019165407967,
        "3,57": 48.88378975934564,
        "3,58": 74.35779741564521,
        "3,59": 44.808166278600986,
        "3,60": 40.82690214009695,
        "4,0": 46.195257539976225,
        "4,1": 37.61755073371085,
        "4,2": 50.735487136392514,
        "4,3": 75.17214498985284,
        "4,4": 0.0,
        "4,5": 99.29277716160762,
        "4,6": 76.27830673037563,
        "4,7": 43.40239931197836,
        "4,8": 85.26517648890801,
        "4,9": 73.376828226215,
        "4,10": 85.64517945129732,
        "4,11": 52.30409363845781,
        "4,12": 42.27449137130067,
        "4,13": 83.48184498810748,
        "4,14": 50.08363399940037,
        "4,15": 39.5326065331269,
        "4,16": 68.28002793124662,
        "4,17": 61.13937272925153,
        "4,18": 67.14817660229541,
        "4,19": 58.72102751479055,
        "4,20": 89.05075719280192,
        "4,21": 71.23157989341784,
        "4,22": 62.920780241388854,
        "4,23": 44.87661423891828,
        "4,24": 102.48543836652274,
        "4,25": 91.94468500141734,
        "4,26": 22.78635309910421,
        "4,27": 50.63441830258946,
        "4,28": 56.41784164364563,
        "4,29": 72.68264769686506,
        "4,30": 55.94319742052991,
        "4,31": 52.16258101565674,
        "4,32": 66.43933578306304,
        "4,33": 47.26366592610934,
        "4,34": 49.168694388883615,
        "4,35": 68.87550848397116,
        "4,36": 51.8886814910173,
        "4,37": 95.86634657112418,
        "4,38": 53.47596828187196,
        "4,39": 73.53169262064881,
        "4,40": 37.77918813904136,
        "4,41": 39.52107685491766,
        "4,42": 102.2470741904355,
        "4,43": 94.81903916939719,
        "4,44": 50.50541024272875,
        "4,45": 57.71254096242622,
        "4,46": 26.74079471763983,
        "4,47": 70.66815905286133,
        "4,48": 66.68076744656801,
        "4,49": 25.880385424693685,
        "4,50": 58.55735041787743,
        "4,51": 87.44034636892661,
        "4,52": 20.940732357393138,
        "4,53": 29.655695979354746,
        "4,54": 5.306683809982396,
        "4,55": 96.3200427545195,
        "4,56": 27.11536547338021,
        "4,57": 84.14540513610919,
        "4,58": 80.15860264988527,
        "4,59": 50.840940316910036,
        "4,60": 59.567179492693505,
        "5,0": 62.322336449525835,
        "5,1": 64.50136153892869,
        "5,2": 93.61353350182333,
        "5,3": 81.31849842427145,
        "5,4": 99.29277716160762,
        "5,5": 0.0,
        "5,6": 96.9926414149755,
        "5,7": 70.47158964297985,
        "5,8": 46.82136308992251,
        "5,9": 65.70587934720471,
        "5,10": 14.908581408166418,
        "5,11": 117.53548885164808,
        "5,12": 92.34448054908913,
        "5,13": 21.292895796757833,
        "5,14": 57.95701066510151,
        "5,15": 66.01881891851734,
        "5,16": 31.651503904398528,
        "5,17": 96.07662066520318,
        "5,18": 57.05210169433445,
        "5,19": 53.9070251164841,
        "5,20": 45.97902311569693,
        "5,21": 60.351339638755114,
        "5,22": 37.421773036926496,
        "5,23": 81.28765701072248,
        "5,24": 3.268292743276503,
        "5,25": 7.702121284519026,
        "5,26": 81.05907053799453,
        "5,27": 118.56465587045342,
        "5,28": 50.543289453085755,
        "5,29": 30.212627673938485,
        "5,30": 46.28491358500028,
        "5,31": 91.720146515093,
        "5,32": 97.6406098558094,
        "5,33": 87.17081036805483,
        "5,34": 54.62164683833758,
        "5,35": 66.77664821458389,
        "5,36": 98.9837047270482,
        "5,37": 33.58473652617901,
        "5,38": 45.831860770876325,
        "5,39": 43.78688367597728,
        "5,40": 85.48643682844946,
        "5,41": 75.94817609032,
        "5,42": 91.56224989461928,
        "5,43": 13.331913894817136,
        "5,44": 57.13796885436771,
        "5,45": 53.7282843299329,
        "5,46": 85.73372669005452,
        "5,47": 95.85830182544365,
        "5,48": 32.61432150245827,
        "5,49": 79.479632813719,
        "5,50": 50.83908993223374,
        "5,51": 53.239983842794885,
        "5,52": 92.25856699034715,
        "5,53": 73.88431923941722,
        "5,54": 94.12459949804021,
        "5,55": 77.85534670370527,
        "5,56": 72.24148153740522,
        "5,57": 32.70823792396614,
        "5,58": 19.972403894547142,
        "5,59": 53.298291987418686,
        "5,60": 48.36839197749561,
        "6,0": 48.72444882181967,
        "6,1": 58.10939685573463,
        "6,2": 25.762334622144586,
        "6,3": 16.043887050204376,
        "6,4": 76.27830673037563,
        "6,5": 96.9926414149755,
        "6,6": 0.0,
        "6,7": 42.693837942390694,
        "6,8": 52.55619671246061,
        "6,9": 31.400928921742995,
        "6,10": 92.36015515151378,
        "6,11": 41.57540546966246,
        "6,12": 34.10457761027078,
        "6,13": 75.96237933656245,
        "6,14": 50.14403953223831,
        "6,15": 86.78359023448914,
        "6,16": 83.12505036502168,
        "6,17": 15.66370406645216,
        "6,18": 40.49361572008156,
        "6,19": 98.21496311966558,
        "6,20": 55.12653796978806,
        "6,21": 36.64517602513994,
        "6,22": 82.46452346377659,
        "6,23": 33.6135610581221,
        "6,24": 99.74448557374924,
        "6,25": 90.330401709689,
        "6,26": 82.68369424146942,
        "6,27": 44.31378044520354,
        "6,28": 53.94401277449169,
        "6,29": 69.87659530828313,
        "6,30": 61.79264603286872,
        "6,31": 24.12905247878549,
        "6,32": 10.706505815646159,
        "6,33": 29.339797534056988,
        "6,34": 85.88569449595126,
        "6,35": 30.33823678593242,
        "6,36": 26.291708752793262,
        "6,37": 69.41542274606527,
        "6,38": 73.63046317902666,
        "6,39": 53.30191878194509,
        "6,40": 102.12138027635793,
        "6,41": 42.136256492643525,
        "6,42": 31.452262672785533,
        "6,43": 84.68187370442584,
        "6,44": 91.33076749289648,
        "6,45": 96.8682547344637,
        "6,46": 50.570546967664264,
        "6,47": 5.670966313193354,
        "6,48": 78.09208863905218,
        "6,49": 55.58088722413011,
        "6,50": 51.624642155046324,
        "6,51": 47.987272797354834,
        "6,52": 91.18833481182298,
        "6,53": 82.72696474479608,
        "6,54": 73.19066377657478,
        "6,55": 34.27971846245079,
        "6,56": 67.99779001993575,
        "6,57": 64.756841314767,
        "6,58": 88.91913607667978,
        "6,59": 56.30270982230162,
        "6,60": 54.106057987317854,
        "7,0": 8.500111127373739,
        "7,1": 15.429978530929167,
        "7,2": 25.73303970348568,
        "7,3": 35.20082173867566,
        "7,4": 43.40239931197836,
        "7,5": 70.47158964297985,
        "7,6": 42.693837942390694,
        "7,7": 0.0,
        "7,8": 43.20274778586008,
        "7,9": 30.145910987733277,
        "7,10": 60.703135133787434,
        "7,11": 47.46094303528344,
        "7,12": 22.221063004272505,
        "7,13": 50.260131290314995,
        "7,14": 12.553430312452951,
        "7,15": 44.097684118049145,
        "7,16": 46.700001752935286,
        "7,17": 32.57455412451975,
        "7,18": 24.14028585732337,
        "7,19": 56.403706706351144,
        "7,20": 47.06789862879634,
        "7,21": 27.850479594071423,
        "7,22": 44.16344279691323,
        "7,23": 12.084227786358493,
        "7,24": 73.694111800846,
        "7,25": 62.810855656488265,
        "7,26": 41.88991838552791,
        "7,27": 48.265111590190465,
        "7,28": 19.94382079896169,
        "7,29": 40.27570295432866,
        "7,30": 25.230767303716195,
        "7,31": 24.716599127362816,
        "7,32": 36.649514402135416,
        "7,33": 18.638915272073245,
        "7,34": 43.782153232261415,
        "7,35": 25.75233943505584,
        "7,36": 30.785678844552173,
        "7,37": 56.39253919781322,
        "7,38": 33.77132107715148,
        "7,39": 33.22920300482953,
        "7,40": 60.51322458962307,
        "7,41": 5.689983356720581,
        "7,42": 61.6459478200673,
        "7,43": 61.64776579055531,
        "7,44": 49.031062114488314,
        "7,45": 55.0410746099459,
        "7,46": 18.73741547646987,
        "7,47": 38.24878200420449,
        "7,48": 42.38342193083751,
        "7,49": 17.62175467197482,
        "7,50": 20.16073314660119,
        "7,51": 44.480218132616805,
        "7,52": 52.181446476464494,
        "7,53": 40.663823072883936,
        "7,54": 38.6756538232008,
        "7,55": 53.821279671017884,
        "7,56": 26.19886137308018,
        "7,57": 45.79173791316301,
        "7,58": 55.90643043812335,
        "7,59": 18.065371437661536,
        "7,60": 22.372388276400965,
        "8,0": 39.07064898332858,
        "8,1": 48.72498747538972,
        "8,2": 57.17954663200089,
        "8,3": 36.51354087620334,
        "8,4": 85.26517648890801,
        "8,5": 46.82136308992251,
        "8,6": 52.55619671246061,
        "8,7": 43.20274778586008,
        "8,8": 0.0,
        "8,9": 21.87223131712593,
        "8,10": 46.86125645623836,
        "8,11": 82.20843223991685,
        "8,12": 59.51921158102703,
        "8,13": 28.069978973937477,
        "8,14": 35.34976970007017,
        "8,15": 69.77124430755552,
        "8,16": 45.957354585724474,
        "8,17": 55.84544406083584,
        "8,18": 19.495384157761226,
        "8,19": 70.50782496938155,
        "8,20": 3.8671816821655747,
        "8,21": 18.566556352567535,
        "8,22": 48.82932038502634,
        "8,23": 48.86279978219076,
        "8,24": 49.128137133010966,
        "8,25": 41.44950880774836,
        "8,26": 76.77057091331672,
        "8,27": 84.02230380295599,
        "8,28": 30.239306011952536,
        "8,29": 28.18578106774675,
        "8,30": 34.804074858585835,
        "8,31": 54.76101244145411,
        "8,32": 55.804691647888376,
        "8,33": 52.602908493847536,
        "8,34": 62.126969833631186,
        "8,35": 24.882230187774407,
        "8,36": 62.134949669680516,
        "8,37": 16.9387651808492,
        "8,38": 46.427558921648576,
        "8,39": 13.078976990252231,
        "8,40": 90.86332275188384,
        "8,41": 48.456328610776175,
        "8,42": 45.193178825041706,
        "8,43": 33.65579251872686,
        "8,44": 67.51953356861716,
        "8,45": 69.47102781217023,
        "8,46": 61.939227456587815,
        "8,47": 52.730775546531184,
        "8,48": 41.365704911653545,
        "8,49": 59.65079152718062,
        "8,50": 27.434209371530727,
        "8,51": 6.757976358059198,
        "8,52": 88.73905784341203,
        "8,53": 72.14861022731861,
        "8,54": 80.15958595041288,
        "8,55": 31.569854568534204,
        "8,56": 61.69059418821415,
        "8,57": 14.584880780997675,
        "8,58": 45.54978757979549,
        "8,59": 36.32909381568481,
        "8,60": 27.30631020302365,
        "9,0": 30.454027153140885,
        "9,1": 41.742422847325116,
        "9,2": 36.56301046188283,
        "9,3": 15.61698210653255,
        "9,4": 73.376828226215,
        "9,5": 65.70587934720471,
        "9,6": 31.400928921742995,
        "9,7": 30.145910987733277,
        "9,8": 21.87223131712593,
        "9,9": 0.0,
        "9,10": 62.095629931551706,
        "9,11": 61.255400886702056,
        "9,12": 40.39951474245771,
        "9,13": 44.87807112294572,
        "9,14": 28.97896623574136,
        "9,15": 68.61833922609203,
        "9,16": 55.35496875783808,
        "9,17": 34.1074652840459,
        "9,18": 11.47685558883413,
        "9,19": 75.14518519256805,
        "9,20": 25.010874541270972,
        "9,21": 5.930196420266127,
        "9,22": 56.05099757740717,
        "9,23": 31.062593426470357,
        "9,24": 68.40605227224336,
        "9,25": 59.227410654660616,
        "9,26": 70.63241102247838,
        "9,27": 63.26620713805812,
        "9,28": 28.78462962234606,
        "9,29": 39.97672651008748,
        "9,30": 36.44896449794548,
        "9,31": 34.04270393159654,
        "9,32": 33.93374225486746,
        "9,33": 33.14780650069463,
        "9,34": 64.16707958684742,
        "9,35": 4.58522680113486,
        "9,36": 41.1778099189818,
        "9,37": 38.775998452711065,
        "9,38": 49.43601899518076,
        "9,39": 22.362304706443986,
        "9,40": 87.84684934794518,
        "9,41": 33.93704833309733,
        "9,42": 34.55978870158648,
        "9,43": 53.2856274245347,
        "9,44": 69.86615047837961,
        "9,45": 73.89425946670977,
        "9,46": 47.42981468827824,
        "9,47": 31.0073588112418,
        "9,48": 50.24008116341138,
        "9,49": 47.74974294191932,
        "9,50": 25.68438924345865,
        "9,51": 18.93830620570472,
        "9,52": 81.6661154802721,
        "9,53": 67.92604683339579,
        "9,54": 68.767369122577,
        "9,55": 24.296357618437558,
        "9,56": 54.64917735475777,
        "9,57": 33.355914495775664,
        "9,58": 59.21572039310326,
        "9,59": 33.52334773934078,
        "9,60": 27.533793195082904,
        "10,0": 52.25065539204694,
        "10,1": 52.489558640593835,
        "10,2": 85.30538724561039,
        "10,3": 77.46186814050353,
        "10,4": 85.64517945129732,
        "10,5": 14.908581408166418,
        "10,6": 92.36015515151378,
        "10,7": 60.703135133787434,
        "10,8": 46.86125645623836,
        "10,9": 62.095629931551706,
        "10,10": 0.0,
        "10,11": 108.16374210545014,
        "10,12": 82.91649638122698,
        "10,13": 18.848467426566692,
        "10,14": 48.23038214074328,
        "10,15": 51.24507950040177,
        "10,16": 17.388471687999793,
        "10,17": 89.16514379036512,
        "10,18": 51.88614638738616,
        "10,19": 39.1774286365998,
        "10,20": 47.249405575991325,
        "10,21": 56.29275917364535,
        "10,22": 22.97742073705422,
        "10,23": 72.25230850127237,
        "10,24": 17.699434330875178,
        "10,25": 10.117186423434395,
        "10,26": 66.6316391290485,
        "10,27": 108.9152408610982,
        "10,28": 41.3814659156532,
        "10,29": 22.504773000206416,
        "10,30": 35.54983131893116,
        "10,31": 83.67224727830725,
        "10,32": 91.43619773024047,
        "10,33": 78.50452829309263,
        "10,34": 39.82167074779631,
        "10,35": 62.150113028146784,
        "10,36": 90.63315785854019,
        "10,37": 38.21372951807284,
        "10,38": 32.33939917261428,
        "10,39": 39.80621768305852,
        "10,40": 70.57786717990295,
        "10,41": 65.85501792994779,
        "10,42": 91.88545204365144,
        "10,43": 19.767137874500413,
        "10,44": 42.23071518503689,
        "10,45": 38.93735688735983,
        "10,46": 74.24307755717153,
        "10,47": 90.41032966283548,
        "10,48": 19.504247513333876,
        "10,49": 67.41571024017344,
        "10,50": 42.50133102509425,
        "10,51": 53.61799518509955,
        "10,52": 77.6256430958432,
        "10,53": 59.362234480845295,
        "10,54": 80.57101567130807,
        "10,55": 78.36913374650287,
        "10,56": 58.832285726245594,
        "10,57": 32.398207778611436,
        "10,58": 5.487079662673151,
        "10,59": 42.767585553882554,
        "10,60": 39.890229104934114,
        "11,0": 55.922643063627795,
        "11,1": 58.2915954328897,
        "11,2": 25.064471695946363,
        "11,3": 51.63649597588495,
        "11,4": 52.30409363845781,
        "11,5": 117.53548885164808,
        "11,6": 41.57540546966246,
        "11,7": 47.46094303528344,
        "11,8": 82.20843223991685,
        "11,9": 61.255400886702056,
        "11,10": 108.16374210545014,
        "11,11": 0.0,
        "11,12": 25.26663377684984,
        "11,13": 96.76564829063886,
        "11,14": 59.96861247050073,
        "11,15": 80.79568711948671,
        "11,16": 93.69551218021667,
        "11,17": 28.58962763403682,
        "11,18": 63.849488908131505,
        "11,19": 97.90476666205089,
        "11,20": 85.74815074574296,
        "11,21": 63.64218045342348,
        "11,22": 90.496764088004,
        "11,23": 36.249826479820335,
        "11,24": 120.7135830918435,
        "11,25": 109.94555125120947,
        "11,26": 69.06125128103335,
        "11,27": 2.8792140323123467,
        "11,28": 67.12202654736136,
        "11,29": 87.35899156026,
        "11,30": 72.65695012207044,
        "11,31": 27.449196133740475,
        "11,32": 31.65119321582415,
        "11,33": 30.61183658555191,
        "11,34": 85.41434730476371,
        "11,35": 57.509778660083086,
        "11,36": 20.103070471560834,
        "11,37": 98.36053339361895,
        "11,38": 79.6354625037432,
        "11,39": 76.62751221676191,
        "11,40": 87.9574508615596,
        "11,41": 42.41766946099005,
        "11,42": 73.02762145614894,
        "11,43": 107.7459984357735,
        "11,44": 89.47991140151207,
        "11,45": 96.59091347790601,
        "11,46": 37.983885566946505,
        "11,47": 36.92341905425025,
        "11,48": 89.63408125554106,
        "11,49": 46.10139431829159,
        "11,50": 66.70026459456103,
        "11,51": 80.18317417771445,
        "11,52": 72.45204447250804,
        "11,53": 72.84739641324944,
        "11,54": 52.01570318475293,
        "11,55": 74.28858125617337,
        "11,56": 60.31947546095055,
        "11,57": 89.78114113122855,
        "11,58": 103.33429806819053,
        "11,59": 65.45336145396413,
        "11,60": 69.16976104650057,
        "12,0": 30.70718561936803,
        "12,1": 34.287630643171546,
        "12,2": 8.468733778625975,
        "12,3": 35.95079811975302,
        "12,4": 42.27449137130067,
        "12,5": 92.34448054908913,
        "12,6": 34.10457761027078,
        "12,7": 22.221063004272505,
        "12,8": 59.51921158102703,
        "12,9": 40.39951474245771,
        "12,10": 82.91649638122698,
        "12,11": 25.26663377684984,
        "12,12": 0.0,
        "12,13": 71.71510266212515,
        "12,14": 34.70481900986802,
        "12,15": 59.89334355275603,
        "12,16": 68.72083422034328,
        "12,17": 18.876005047908652,
        "12,18": 40.31294144517249,
        "12,19": 75.32757072297532,
        "12,20": 63.259741268817415,
        "12,21": 41.31376985587647,
        "12,22": 65.8124018023119,
        "12,23": 11.229474632756002,
        "12,24": 95.53669331879425,
        "12,25": 84.73228617130027,
        "12,26": 51.67726935919625,
        "12,27": 26.223563578502954,
        "12,28": 41.87106481109877,
        "12,29": 62.144156175932494,
        "12,30": 47.446803603234066,
        "12,31": 10.011879917272543,
        "12,32": 24.17493203310747,
        "12,33": 7.2808351435315135,
        "12,34": 62.60408785482301,
        "12,35": 36.05246297847026,
        "12,36": 10.908223801651104,
        "12,37": 74.86036041017738,
        "12,38": 55.09140858550444,
        "12,39": 52.37219036255976,
        "12,40": 71.41055866047624,
        "12,41": 17.403257632378104,
        "12,42": 62.12836633195784,
        "12,43": 82.84438127744899,
        "12,44": 67.22679950164158,
        "12,45": 73.97684715079885,
        "12,46": 18.007901165595317,
        "12,47": 28.45750090018791,
        "12,48": 64.52972812165687,
        "12,49": 25.030802262167267,
        "12,50": 41.5498310243138,
        "12,51": 58.655323650032514,
        "12,52": 58.54642207976804,
        "12,53": 53.50656843098695,
        "12,54": 39.505448085186295,
        "12,55": 58.9747751228608,
        "12,56": 39.337585073299536,
        "12,57": 65.49210929302365,
        "12,58": 78.12571185044234,
        "12,59": 40.262149037214364,
        "12,60": 43.98190115861625,
        "13,0": 42.495795179726066,
        "13,1": 46.66156712478575,
        "13,2": 72.55229446134263,
        "13,3": 60.47738415688848,
        "13,4": 83.48184498810748,
        "13,5": 21.292895796757833,
        "13,6": 75.96237933656245,
        "13,7": 50.260131290314995,
        "13,8": 28.069978973937477,
        "13,9": 44.87807112294572,
        "13,10": 18.848467426566692,
        "13,11": 96.76564829063886,
        "13,12": 71.71510266212515,
        "13,13": 0.0,
        "13,14": 37.98805133794489,
        "13,15": 55.8223869748137,
        "13,16": 23.257315900000453,
        "13,17": 74.79106954341746,
        "13,18": 35.800451006403186,
        "13,19": 49.71829886545516,
        "13,20": 28.408199933509408,
        "13,21": 39.3437186648394,
        "13,22": 28.255720760633416,
        "13,23": 60.55184318650452,
        "13,24": 24.28995038922028,
        "13,25": 14.36945489274193,
        "13,26": 68.17143123638567,
        "13,27": 97.91781378246624,
        "13,28": 30.41983399034474,
        "13,29": 10.8383095016491,
        "13,30": 27.85496321808779,
        "13,31": 70.59863988715455,
        "13,32": 76.35925523718325,
        "13,33": 66.24954613265143,
        "13,34": 45.41753167953947,
        "13,35": 45.656182011705745,
        "13,36": 77.91720181332855,
        "13,37": 20.81784173668254,
        "13,38": 32.14837015594679,
        "13,39": 22.660660540474804,
        "13,40": 76.9921116065148,
        "13,41": 55.873891832955096,
        "13,42": 73.20669160197936,
        "13,43": 11.59415134530211,
        "13,44": 49.66091481991036,
        "13,45": 49.019197692477185,
        "13,46": 66.73074207307283,
        "13,47": 74.65588914774625,
        "13,48": 20.671105914465667,
        "13,49": 61.274679773660026,
        "13,50": 30.21120650145067,
        "13,51": 34.817847318957874,
        "13,52": 80.11057859474457,
        "13,53": 61.69936503331045,
        "13,54": 78.1875058001468,
        "13,55": 59.627578875530325,
        "13,56": 56.55953123491174,
        "13,57": 13.552976200217635,
        "13,58": 18.344867318356105,
        "13,59": 34.20327701113531,
        "13,60": 27.892772550437364,
        "14,0": 4.544606166168584,
        "14,1": 13.636804957325806,
        "14,2": 37.41629430884926,
        "14,3": 39.138966911517834,
        "14,4": 50.08363399940037,
        "14,5": 57.95701066510151,
        "14,6": 50.14403953223831,
        "14,7": 12.553430312452951,
        "14,8": 35.34976970007017,
        "14,9": 28.97896623574136,
        "14,10": 48.23038214074328,
        "14,11": 59.96861247050073,
        "14,12": 34.70481900986802,
        "14,13": 37.98805133794489,
        "14,14": 0.0,
        "14,15": 39.70792156796928,
        "14,16": 34.88022284606825,
        "14,17": 42.774256337095,
        "14,18": 19.09556852894088,
        "14,19": 48.28788283651869,
        "14,20": 39.07598435890279,
        "14,21": 24.541700172780743,
        "14,22": 33.033916413569166,
        "14,23": 24.0764730834448,
        "14,24": 61.18775310886712,
        "14,25": 50.2850563318892,
