{
    "num_robots": 2,
    "num_tasks": 50,
    "num_nodes": 51,
    "robot_capacity": [
        363,
        396
    ],
    "robot_speed": [
        1.07,
        1.04
    ],
    "task_demand": {
        "0": 0,
        "1": 11,
        "2": 13,
        "3": 14,
        "4": 12,
        "5": 7,
        "6": 8,
        "7": 12,
        "8": 7,
        "9": 10,
        "10": 14,
        "11": 15,
        "12": 13,
        "13": 9,
        "14": 14,
        "15": 14,
        "16": 8,
        "17": 13,
        "18": 9,
        "19": 8,
        "20": 12,
        "21": 6,
        "22": 10,
        "23": 7,
        "24": 11,
        "25": 13,
        "26": 9,
        "27": 10,
        "28": 10,
        "29": 11,
        "30": 13,
        "31": 13,
        "32": 10,
        "33": 14,
        "34": 9,
        "35": 5,
        "36": 13,
        "37": 14,
        "38": 15,
        "39": 12,
        "40": 6,
        "41": 8,
        "42": 6,
        "43": 14,
        "44": 12,
        "45": 9,
        "46": 15,
        "47": 14,
        "48": 8,
        "49": 13,
        "50": 11
    },
    "task_service_time": {
        "0": 0,
        "1": 86,
        "2": 96,
        "3": 87,
        "4": 20,
        "5": 76,
        "6": 36,
        "7": 100,
        "8": 81,
        "9": 34,
        "10": 21,
        "11": 57,
        "12": 55,
        "13": 23,
        "14": 71,
        "15": 49,
        "16": 93,
        "17": 52,
        "18": 48,
        "19": 84,
        "20": 79,
        "21": 64,
        "22": 68,
        "23": 67,
        "24": 14,
        "25": 18,
        "26": 91,
        "27": 49,
        "28": 16,
        "29": 44,
        "30": 79,
        "31": 87,
        "32": 12,
        "33": 19,
        "34": 54,
        "35": 75,
        "36": 88,
        "37": 62,
        "38": 93,
        "39": 51,
        "40": 19,
        "41": 94,
        "42": 22,
        "43": 36,
        "44": 50,
        "45": 88,
        "46": 78,
        "47": 97,
        "48": 22,
        "49": 78,
        "50": 35
    },
    "task_precedence": [],
    "coordinates": {
        "0": [
            50.0,
            50.0
        ],
        "1": [
            0.46893861290593364,
            79.21324218584675
        ],
        "2": [
            44.30818411684787,
            49.09121521724481
        ],
        "3": [
            62.80561191362825,
            45.83926575846567
        ],
        "4": [
            25.184967732919205,
            17.599458797856805
        ],
        "5": [
            72.44080018420392,
            98.85913016242574
        ],
        "6": [
            68.0792265151903,
            84.12112644781133
        ],
        "7": [
            65.13104206367714,
            85.43345351456473
        ],
        "8": [
            0.41359656069682726,
            46.23104901959584
        ],
        "9": [
            27.406703911343644,
            78.64557661386475
        ],
        "10": [
            14.183617773624391,
            31.50432824699323
        ],
        "11": [
            82.87328883385888,
            70.93202154591526
        ],
        "12": [
            14.647967238936111,
            85.43198286487078
        ],
        "13": [
            54.19278316111854,
            44.3846781819969
        ],
        "14": [
            76.85652759573766,
            69.41392460139137
        ],
        "15": [
            89.62562399907274,
            63.060914132131515
        ],
        "16": [
            39.61943310565401,
            89.02168390680707
        ],
        "17": [
            44.370670330950055,
            94.71336952065202
        ],
        "18": [
            75.76676299850844,
            1.1015210987340263
        ],
        "19": [
            3.3155957712633133,
            63.576615821933835
        ],
        "20": [
            16.954067300374597,
            84.26797532446128
        ],
        "21": [
            73.81761059284098,
            12.360017975261906
        ],
        "22": [
            67.47739242874118,
            1.3648433829359652
        ],
        "23": [
            27.753787958406384,
            40.266994762859376
        ],
        "24": [
            70.0042243730597,
            43.860064742877015
        ],
        "25": [
            6.135762100567687,
            71.68584814220952
        ],
        "26": [
            80.32251195824382,
            63.73846598904338
        ],
        "27": [
            56.01604082378239,
            8.663936658599102
        ],
        "28": [
            97.3418983122577,
            44.44495588802063
        ],
        "29": [
            36.34959510007748,
            4.210370333215496
        ],
        "30": [
            97.82874386183065,
            1.1853970092667643
        ],
        "31": [
            52.29435656796865,
            2.4203246641501974
        ],
        "32": [
            2.262336824167732,
            36.25220141320339
        ],
        "33": [
            89.85462023259247,
            13.915376834840975
        ],
        "34": [
            90.13903113652717,
            45.239023764728145
        ],
        "35": [
            52.13485306448506,
            29.56360799379487
        ],
        "36": [
            70.09792281257468,
            43.959614371896336
        ],
        "37": [
            62.4345959312774,
            77.29202865470378
        ],
        "38": [
            88.21243136529866,
            68.2546513305366
        ],
        "39": [
            42.980629298688555,
            59.59744613678425
        ],
        "40": [
            18.88932350820357,
            25.20353432031981
        ],
        "41": [
            23.1713795901612,
            21.769815238352543
        ],
        "42": [
            9.041074853373898,
            34.51133865409967
        ],
        "43": [
            30.196189719620037,
            86.91668491886891
        ],
        "44": [
            50.07968232828267,
            37.0183691098087
        ],
        "45": [
            69.66687119531157,
            99.24370009000639
        ],
        "46": [
            79.89617766163364,
            87.64401289725193
        ],
        "47": [
            59.31350113796123,
            82.51480892173467
        ],
        "48": [
            99.76707786039601,
            62.78835183962709
        ],
        "49": [
            63.553990526672244,
            86.09526008701364
        ],
        "50": [
            43.14957757781397,
            76.41731031557659
        ]
    },
    "distance_matrix_str_keys": {
        "0,0": 0.0,
        "0,1": 57.50425689582483,
        "0,2": 5.763909942831365,
        "0,3": 13.46459824544104,
        "0,4": 40.811528966801035,
        "0,5": 53.76619861154616,
        "0,6": 38.614889634117695,
        "0,7": 38.528925003191915,
        "0,8": 49.72943190443691,
        "0,9": 36.48323022555006,
        "0,10": 40.3100869433546,
        "0,11": 38.97181859694222,
        "0,12": 50.05188937568522,
        "0,13": 7.007943332811765,
        "0,14": 33.13870158785838,
        "0,15": 41.72262641880066,
        "0,16": 40.3788061236431,
        "0,17": 45.066337397365885,
        "0,18": 55.27193966452469,
        "0,19": 48.61849540420263,
        "0,20": 47.605963920774236,
        "0,21": 44.54264048274212,
        "0,22": 51.68014807713468,
        "0,23": 24.28220214778206,
        "0,24": 20.925290863674455,
        "0,25": 48.93206899513821,
        "0,26": 33.28964071884738,
        "0,27": 41.7715558694876,
        "0,28": 47.66669540564129,
        "0,29": 47.780997676410024,
        "0,30": 68.34072142246893,
        "0,31": 47.63496171013318,
        "0,32": 49.67782655745256,
        "0,33": 53.763284710438775,
        "0,34": 40.420399741862035,
        "0,35": 20.54759635184189,
        "0,36": 20.986013435533938,
        "0,37": 29.99123211979316,
        "0,38": 42.348815875383366,
        "0,39": 11.890438906571298,
        "0,40": 39.783651189662976,
        "0,41": 38.94506650105981,
        "0,42": 43.78963552548602,
        "0,43": 41.89310834755911,
        "0,44": 12.98187543626149,
        "0,45": 53.025727917374894,
        "0,46": 48.07133392973854,
        "0,47": 33.822390552173005,
        "0,48": 51.38388834583086,
        "0,49": 38.55617278654977,
        "0,50": 27.291071281132556,
        "1,0": 57.50425689582483,
        "1,1": 0.0,
        "1,2": 53.19037464666024,
        "1,3": 70.70843755009987,
        "1,4": 66.38629677006762,
        "1,5": 74.60502511511119,
        "1,6": 67.78818745296721,
        "1,7": 64.96059306727541,
        "1,8": 32.982239596465114,
        "1,9": 26.943745906523997,
        "1,10": 49.64104041724325,
        "1,11": 82.81941529994458,
        "1,12": 15.482815907021934,
        "1,13": 64.02562255543307,
        "1,14": 77.01357267216638,
        "1,15": 90.60801427358822,
        "1,16": 40.360460205753014,
        "1,17": 46.55766312046062,
        "1,18": 108.49517652133632,
        "1,19": 15.89363209030094,
        "1,20": 17.242673659992818,
        "1,21": 99.24404903353569,
        "1,22": 102.71565644518839,
        "1,23": 47.552846309545,
        "1,24": 78.0064299981761,
        "1,25": 9.422024704303219,
        "1,26": 81.3391779793748,
        "1,27": 89.79245555391886,
        "1,28": 102.92329208201531,
        "1,29": 83.14356436966503,
        "1,30": 124.76889155959063,
        "1,31": 92.64462276738476,
        "1,32": 42.99845696548753,
        "1,33": 110.69603108519316,
        "1,34": 95.89042189145205,
        "1,35": 71.65509675886608,
        "1,36": 78.04494675968623,
        "1,37": 61.99543328609044,
        "1,38": 88.42517307827723,
        "1,39": 46.81904846963545,
        "1,40": 57.064517201238736,
        "1,41": 61.766885349658544,
        "1,42": 45.5163893458913,
        "1,43": 30.709159680827913,
        "1,44": 65.12782205705757,
        "1,45": 72.03869180884303,
        "1,46": 79.87342610463148,
        "1,47": 58.93710954633475,
        "1,48": 100.64739182362985,
        "1,49": 63.4593251252688,
        "1,50": 42.77211916045333,
        "2,0": 5.763909942831365,
        "2,1": 53.19037464666024,
        "2,2": 0.0,
        "2,3": 18.781107804907496,
        "2,4": 36.84329148223084,
        "2,5": 57.16895525356418,
        "2,6": 42.333876948906585,
        "2,7": 41.88495789102596,
        "2,8": 43.9876729027893,
        "2,9": 34.045855998918135,
        "2,10": 34.882489743016876,
        "2,11": 44.32029019445288,
        "2,12": 46.90820672828476,
        "2,13": 10.94791254669843,
        "2,14": 38.371958249902576,
        "2,15": 47.421754978613485,
        "2,16": 40.20480961045685,
        "2,17": 45.622197095392615,
        "2,18": 57.38164276876263,
        "2,19": 43.47665039936817,
        "2,20": 44.5606570693243,
        "2,21": 47.11673908253304,
        "2,22": 53.05298089897131,
        "2,23": 18.759394947551385,
        "2,24": 26.223108513948866,
        "2,25": 44.35821501822285,
        "2,26": 38.8789630139424,
        "2,27": 42.088463506386724,
        "2,28": 53.236853467450686,
        "2,29": 45.58101991665126,
        "2,30": 71.82908696059077,
        "2,31": 47.34924471877007,
        "2,32": 43.96241064841353,
        "2,33": 57.54839223428052,
        "2,34": 45.99245500653438,
        "2,35": 21.037685012596857,
        "2,36": 26.295321812631425,
        "2,37": 33.52391211957007,
        "2,38": 47.904281751439655,
        "2,39": 10.589772893216576,
        "2,40": 34.88179716234535,
        "2,41": 34.54306590918033,
        "2,42": 38.162046543632336,
        "2,43": 40.3722001384105,
        "2,44": 13.381472442837907,
        "2,45": 56.19906359767946,
        "2,46": 52.4673564561745,
        "2,47": 36.63736009904274,
        "2,48": 57.125304786148575,
        "2,49": 41.70971590754727,
        "2,50": 27.35064610636034,
        "3,0": 13.46459824544104,
        "3,1": 70.70843755009987,
        "3,2": 18.781107804907496,
        "3,3": 0.0,
        "3,4": 47.040403545717695,
        "3,5": 53.8882443063768,
        "3,6": 38.64339359844419,
        "3,7": 39.66241709033857,
        "3,8": 62.393245419068656,
        "3,9": 48.26320254288234,
        "3,10": 50.69111113014183,
        "3,11": 32.13032912970768,
        "3,12": 62.34374057178256,
        "3,13": 8.734795025510056,
        "3,14": 27.44435772733775,
        "3,15": 31.87315831494545,
        "3,16": 49.01346881066018,
        "3,17": 52.23528586801948,
        "3,18": 46.57743267596915,
        "3,19": 62.07798005648102,
        "3,20": 59.82582939106513,
        "3,21": 35.24378167904428,
        "3,22": 44.71912095310468,
        "3,23": 35.49197890561106,
        "3,24": 7.465738945421873,
        "3,25": 62.28577444934355,
        "3,26": 25.04442365212995,
        "3,27": 37.790254951077756,
        "3,28": 34.564420698501195,
        "3,29": 49.32429178371744,
        "3,30": 56.75022260513062,
        "3,31": 44.673156757646915,
        "3,32": 61.29763422284982,
        "3,33": 41.84236531372626,
        "3,34": 27.34000908679048,
        "3,35": 19.461812096751334,
        "3,36": 7.530663156849133,
        "3,37": 31.45495106761625,
        "3,38": 33.881499155060766,
        "3,39": 24.13125489909324,
        "3,40": 48.52292035003375,
        "3,41": 46.3703657545499,
        "3,42": 54.94494861027074,
        "3,43": 52.4473905995955,
        "3,44": 15.484104801294183,
        "3,45": 53.84338850037514,
        "3,46": 45.163307240776255,
        "3,47": 36.841421036522696,
        "3,48": 40.66228576851888,
        "3,49": 40.2629500897357,
        "3,50": 36.35074269870383,
        "4,0": 40.811528966801035,
        "4,1": 66.38629677006762,
        "4,2": 36.84329148223084,
        "4,3": 47.040403545717695,
        "4,4": 0.0,
        "4,5": 94.00131855959063,
        "4,6": 79.15206695602743,
        "4,7": 78.7219136814191,
        "4,8": 37.86012134657775,
        "4,9": 61.08653380289671,
        "4,10": 17.7306259146259,
        "4,11": 78.56401619520679,
        "4,12": 68.6460465046038,
        "4,13": 39.48292457978504,
        "4,14": 73.17574027751604,
        "4,15": 78.86280556208236,
        "4,16": 72.86623381313355,
        "4,17": 79.46474948770253,
        "4,18": 53.20432276247976,
        "4,19": 50.91334204325912,
        "4,20": 67.17468881795132,
        "4,21": 48.91406435447962,
        "4,22": 45.30134572308154,
        "4,23": 22.812628609512693,
        "4,24": 51.94598339019494,
        "4,25": 57.342913664484506,
        "4,26": 71.89545721245533,
        "4,27": 32.099822800684,
        "4,28": 76.98898196917186,
        "4,29": 17.43320378362768,
        "4,30": 74.47509405611419,
        "4,31": 31.069680977746785,
        "4,32": 29.552864748670554,
        "4,33": 64.77450435424971,
        "4,34": 70.59019694120299,
        "4,35": 29.48622026247538,
        "4,36": 52.077167126051684,
        "4,37": 70.36147878655251,
        "4,38": 80.86043347925964,
        "4,39": 45.61267927982427,
        "4,40": 9.872036302380394,
        "4,41": 4.631026889302188,
        "4,42": 23.38026855231194,
        "4,43": 69.4981307871767,
        "4,44": 31.572787214438872,
        "4,45": 92.97538314956458,
        "4,46": 88.87944672896515,
        "4,47": 73.34002641180815,
        "4,48": 87.20394030895413,
        "4,49": 78.51023311894572,
        "4,50": 61.500137105861974,
        "5,0": 53.76619861154616,
        "5,1": 74.60502511511119,
        "5,2": 57.16895525356418,
        "5,3": 53.8882443063768,
        "5,4": 94.00131855959063,
        "5,5": 0.0,
        "5,6": 15.369843146962205,
        "5,7": 15.28663982808281,
        "5,8": 89.20556589472679,
        "5,9": 49.362511830069906,
        "5,10": 89.05374019931274,
        "5,11": 29.81208169691532,
        "5,12": 59.33211461249186,
        "5,13": 57.44959568041242,
        "5,14": 29.774465219455074,
        "5,15": 39.709324352092636,
        "5,16": 34.26393856136661,
        "5,17": 28.374628125799536,
        "5,18": 97.8141715626714,
        "5,19": 77.60895375739734,
        "5,20": 57.373158581577854,
        "5,21": 86.51006887102152,
        "5,22": 97.62054789432594,
        "5,23": 73.68831245421282,
        "5,24": 55.05301171332277,
        "5,25": 71.65713733482978,
        "5,26": 35.99419998372714,
        "5,27": 91.67849066842498,
        "5,28": 59.841181889634285,
        "5,29": 101.29641070458517,
        "5,30": 100.91930356603169,
        "5,31": 98.52066989376578,
        "5,32": 94.04596879710553,
        "5,33": 86.71033593554593,
        "5,34": 56.46541586619356,
        "5,35": 72.20942376900699,
        "5,36": 54.9494850604906,
        "5,37": 23.775281091832912,
        "5,38": 34.429325794793456,
        "5,39": 49.08545101283149,
        "5,40": 91.06540206376877,
        "5,41": 91.48900634030088,
        "5,42": 90.3336229984367,
        "5,43": 43.90021767257861,
        "5,44": 65.75940479758981,
        "5,45": 2.800459973757297,
        "5,46": 13.467052706608309,
        "5,47": 20.963368457106068,
        "5,48": 45.25291703800801,
        "5,49": 15.552869998530781,
        "5,50": 36.90001354763332,
        "6,0": 38.614889634117695,
        "6,1": 67.78818745296721,
        "6,2": 42.333876948906585,
        "6,3": 38.64339359844419,
        "6,4": 79.15206695602743,
        "6,5": 15.369843146962205,
        "6,6": 0.0,
        "6,7": 3.2270720305375136,
        "6,8": 77.55188872396732,
        "6,9": 41.03944128450642,
        "6,10": 75.3210733761115,
        "6,11": 19.819605646981692,
        "6,12": 53.447336812908134,
        "6,13": 42.092976015097705,
        "6,14": 17.127253148415733,
        "6,15": 30.129384117750693,
        "6,16": 28.878630582532892,
        "6,17": 25.96711862443382,
        "6,18": 83.37477489923971,
        "6,19": 67.94412987147983,
        "6,20": 51.12537011438478,
        "6,21": 71.99017808723382,
        "6,22": 82.75847141520553,
        "6,23": 59.576218918609314,
        "6,24": 40.30705529260765,
        "6,25": 63.17933942534845,
        "6,26": 23.77710844105122,
        "6,27": 76.41536455393368,
        "6,28": 49.30012648049178,
        "6,29": 85.97963975584761,
        "6,30": 88.10998240756562,
        "6,31": 83.21167665264164,
        "6,32": 81.38364057087362,
        "6,33": 73.50520423933918,
        "6,34": 44.70405897666766,
        "6,35": 56.83965046159152,
        "6,36": 40.212214400166275,
        "6,37": 8.859934034555296,
        "6,38": 25.6337857169698,
        "6,39": 35.09060384538355,
        "6,40": 76.75238901779026,
        "6,41": 76.8400984186032,
        "6,42": 77.11442405011358,
        "6,43": 37.986045122118625,
        "6,44": 50.424729446762534,
        "6,45": 15.20568476570292,
        "6,46": 12.330898723656796,
        "6,47": 8.911688806482122,
        "6,48": 38.199570617474826,
        "6,49": 4.937100806871288,
        "6,50": 26.092837698113808,
        "7,0": 38.528925003191915,
        "7,1": 64.96059306727541,
        "7,2": 41.88495789102596,
        "7,3": 39.66241709033857,
        "7,4": 78.7219136814191,
        "7,5": 15.28663982808281,
        "7,6": 3.2270720305375136,
        "7,7": 0.0,
        "7,8": 75.66489457217517,
        "7,9": 38.330157341845876,
        "7,10": 74.18888457118139,
        "7,11": 22.91459904941374,
        "7,12": 50.48307484616218,
        "7,13": 42.48114245312892,
        "7,14": 19.8522622782029,
        "7,15": 33.17401185579359,
        "7,16": 25.76271703401832,
        "7,17": 22.740050034268812,
        "7,18": 84.99996108700196,
        "7,19": 65.56577425953506,
        "7,20": 48.19107009348824,
        "7,21": 73.58793008590814,
        "7,22": 84.10134701358494,
        "7,23": 58.62651380237001,
        "7,24": 41.85802861796491,
        "7,25": 60.57590041757261,
        "7,26": 26.48496255028602,
        "7,27": 77.3087444336129,
        "7,28": 52.13056874759695,
        "7,29": 86.17169448724377,
        "7,30": 90.37076257175686,
        "7,31": 83.99976223806385,
        "7,32": 79.82023337945071,
        "7,33": 75.67093635895695,
        "7,34": 47.33911385294759,
        "7,35": 57.36149027890933,
        "7,36": 41.770195565806276,
        "7,37": 8.576340740298008,
        "7,38": 28.772587241521705,
        "7,39": 34.03145696093684,
        "7,40": 75.93378497815647,
        "7,41": 76.24744004526167,
        "7,42": 75.75715282080822,
        "7,43": 34.96632499562667,
        "7,44": 50.70072807962332,
        "7,45": 14.536046793605248,
        "7,46": 14.929695308693633,
        "7,47": 6.508630323012339,
        "7,48": 41.38182699664014,
        "7,49": 1.7102863765188818,
        "7,50": 23.758695652916725,
        "8,0": 49.72943190443691,
        "8,1": 32.982239596465114,
        "8,2": 43.9876729027893,
        "8,3": 62.393245419068656,
        "8,4": 37.86012134657775,
        "8,5": 89.20556589472679,
        "8,6": 77.55188872396732,
        "8,7": 75.66489457217517,
        "8,8": 0.0,
        "8,9": 42.18209861544543,
        "8,10": 20.161591924217696,
        "8,11": 86.07984022714359,
        "8,12": 41.70528171523531,
        "8,13": 53.81087247641423,
        "8,14": 79.88095784020757,
        "8,15": 90.78562771370633,
        "8,16": 58.03564467842603,
        "8,17": 65.44279743112008,
        "8,18": 87.83378611083769,
        "8,19": 17.586650821361598,
        "8,20": 41.4776437977364,
        "8,21": 80.8417962445012,
        "8,22": 80.68784991844666,
        "8,23": 27.98313793770613,
        "8,24": 69.63100635319915,
        "8,25": 26.09003596851296,
        "8,26": 81.80430556489324,
        "8,27": 67.10379824699412,
        "8,28": 96.94475648077257,
        "8,29": 55.29135039304419,
        "8,30": 107.32577364611569,
        "8,31": 67.90429167203625,
        "8,32": 10.148657059600684,
        "8,33": 95.09994418625666,
        "8,34": 89.73091843911943,
        "8,35": 54.34051862725649,
        "8,36": 69.72133633642518,
        "8,37": 69.36417532716833,
        "8,38": 90.51891764596081,
        "8,39": 44.61628456081527,
        "8,40": 27.991228280786395,
        "8,41": 33.410606796597015,
        "8,42": 14.552834526020435,
        "8,43": 50.42146193634371,
        "8,44": 50.51330068995085,
        "8,45": 87.21443241305005,
        "8,46": 89.6242951191196,
        "8,47": 69.1788261814763,
        "8,48": 100.72367409424604,
        "8,49": 74.67171267760115,
        "8,50": 52.32183525570011,
        "9,0": 36.48323022555006,
        "9,1": 26.943745906523997,
        "9,2": 34.045855998918135,
        "9,3": 48.26320254288234,
        "9,4": 61.08653380289671,
        "9,5": 49.362511830069906,
        "9,6": 41.03944128450642,
        "9,7": 38.330157341845876,
        "9,8": 42.18209861544543,
        "9,9": 0.0,
        "9,10": 48.96067099818598,
        "9,11": 56.00036584481287,
        "9,12": 14.451320745161341,
        "9,13": 43.489115913455706,
        "9,14": 50.304159483059244,
        "9,15": 64.14106111963508,
        "9,16": 16.025428447570803,
        "9,17": 23.36557565267626,
        "9,18": 91.38805097302244,
        "9,19": 28.415753918659203,
        "9,20": 11.868823841555995,
        "9,21": 80.91815335899794,
        "9,22": 87.05154683845817,
        "9,23": 38.3801512794054,
        "9,24": 54.996187009764114,
        "9,25": 22.38058948992598,
        "9,26": 54.97549170709661,
        "9,27": 75.60373065793688,
        "9,28": 77.8499445980964,
        "9,29": 74.97049577571393,
        "9,30": 104.68688139000304,
        "9,31": 80.18531218093669,
        "9,32": 49.2893239669475,
        "9,33": 89.9429875882385,
        "9,34": 71.0727982588955,
        "9,35": 54.959266772415475,
        "9,36": 55.00596465769948,
        "9,37": 35.05403416780853,
        "9,38": 61.68717710714575,
        "9,39": 24.604439165371545,
        "9,40": 54.11651922876082,
        "9,41": 57.03323771407165,
        "9,42": 47.80300504135814,
        "9,43": 8.728829455756609,
        "9,44": 47.401353935101085,
        "9,45": 47.01281133486202,
        "9,46": 53.25520359672435,
        "9,47": 32.14054554472833,
        "9,48": 74.0774952032491,
        "9,49": 36.906965650142816,
        "9,50": 15.899787482055592,
        "10,0": 40.3100869433546,
        "10,1": 49.64104041724325,
        "10,2": 34.882489743016876,
        "10,3": 50.69111113014183,
        "10,4": 17.7306259146259,
        "10,5": 89.05374019931274,
        "10,6": 75.3210733761115,
        "10,7": 74.18888457118139,
        "10,8": 20.161591924217696,
        "10,9": 48.96067099818598,
        "10,10": 0.0,
        "10,11": 79.20109790424043,
        "10,12": 53.9296537445868,
        "10,13": 42.031377915219586,
        "10,14": 73.24637275199461,
        "10,15": 81.77600146770871,
        "10,16": 62.8905947157652,
        "10,17": 70.04741994416243,
        "10,18": 68.67906856010352,
        "10,19": 33.863631413855984,
        "10,20": 52.83633071567208,
        "10,21": 62.631603167591784,
        "10,22": 61.22593376063043,
        "10,23": 16.153446793555485,
        "10,24": 57.17170931050282,
        "10,25": 40.97953784541761,
        "10,26": 73.57576340030559,
        "10,27": 47.661673346186404,
        "10,28": 84.15913180330321,
        "10,29": 35.160925605505646,
        "10,30": 88.97047099858418,
        "10,31": 47.94066828755689,
        "10,32": 12.831961622382476,
        "10,33": 77.68829915067137,
        "10,34": 77.18721837256682,
        "10,35": 38.000824401629,
        "10,36": 57.284759408083275,
        "10,37": 66.51819602031136,
        "10,38": 82.64896544141178,
        "10,39": 40.230475333313855,
        "10,40": 7.864074679633708,
        "10,41": 13.249173785040023,
        "10,42": 5.957168729779684,
        "10,43": 57.67956078418812,
        "10,44": 36.31710474623485,
        "10,45": 87.5614864420492,
        "10,46": 86.42803202471809,
        "10,47": 68.10855681297922,
        "10,48": 91.12199938855876,
        "10,49": 73.60437177869699,
        "10,50": 53.44345409562163,
        "11,0": 38.97181859694222,
        "11,1": 82.81941529994458,
        "11,2": 44.32029019445288,
        "11,3": 32.13032912970768,
        "11,4": 78.56401619520679,
        "11,5": 29.81208169691532,
        "11,6": 19.819605646981692,
        "11,7": 22.91459904941374,
        "11,8": 86.07984022714359,
        "11,9": 56.00036584481287,
        "11,10": 79.20109790424043,
        "11,11": 0.0,
        "11,12": 69.74914612367554,
        "11,13": 39.08110598903095,
        "11,14": 6.2053230479589665,
        "11,15": 10.37055264210665,
        "11,16": 46.884239566057026,
        "11,17": 45.2548797708717,
        "11,18": 70.19117823595984,
        "11,19": 79.89698691944862,
        "11,20": 67.25467590260244,
        "11,21": 59.26790793241714,
        "11,22": 71.2504449366937,
        "11,23": 63.07537748095166,
        "11,24": 29.975050712914122,
        "11,25": 76.74122922966416,
        "11,26": 7.632411428832627,
        "11,27": 67.81317103785052,
        "11,28": 30.181207851973607,
        "11,29": 81.34022878738325,
        "11,30": 71.33202134630635,
        "11,31": 75.02615349423665,
        "11,32": 87.75429054095291,
        "11,33": 57.442464799204245,
        "11,34": 26.70058325566821,
        "11,35": 51.538306853904096,
        "11,36": 29.844944726684457,
        "11,37": 21.405369840062914,
        "11,38": 5.972834690599256,
        "11,39": 41.471639520210594,
        "11,40": 78.64504029330843,
        "11,41": 77.33848004952046,
        "11,42": 82.32655685479814,
        "11,43": 55.04894398839989,
        "11,44": 47.17580364126939,
        "11,45": 31.240368256915332,
        "11,46": 16.97509487039586,
        "11,47": 26.253086669365405,
        "11,48": 18.754185238454436,
        "11,49": 24.55929742757955,
        "11,50": 40.10064374595751,
        "12,0": 50.05188937568522,
        "12,1": 15.482815907021934,
        "12,2": 46.90820672828476,
        "12,3": 62.34374057178256,
        "12,4": 68.6460465046038,
        "12,5": 59.33211461249186,
        "12,6": 53.447336812908134,
        "12,7": 50.48307484616218,
        "12,8": 41.70528171523531,
        "12,9": 14.451320745161341,
        "12,10": 53.9296537445868,
        "12,11": 69.74914612367554,
        "12,12": 0.0,
        "12,13": 56.99713754258167,
        "12,14": 64.23770833550992,
        "12,15": 78.24393733373728,
        "12,16": 25.228160081605942,
        "12,17": 31.138131243703906,
        "12,18": 104.14957501972906,
        "12,19": 24.61868622942375,
        "12,20": 2.583217189377765,
        "12,21": 94.02424552984475,
        "12,22": 99.2886302985407,
        "12,23": 47.0280627602895,
        "12,24": 69.22817042390302,
        "12,25": 16.168297873654456,
        "12,26": 69.16469112582053,
        "12,27": 87.20464683977293,
        "12,28": 92.29421767781719,
        "12,29": 84.070868878975,
        "12,30": 118.39142210444783,
        "12,31": 91.1492513778712,
        "12,32": 50.71542905669835,
        "12,33": 103.78181725409675,
        "12,34": 85.52411759039619,
        "12,35": 67.27958025755517,
        "12,36": 69.24344677682899,
        "12,37": 48.47494957525289,
        "12,38": 75.54330612859958,
        "12,39": 38.34270500821489,
        "12,40": 60.377604433154495,
        "12,41": 64.23021208914012,
        "12,42": 51.22840275729092,
        "12,43": 15.618948828201956,
        "12,44": 59.99403662862638,
        "12,45": 56.72603745431171,
        "12,46": 65.28569552535049,
        "12,47": 44.76069506050453,
        "12,48": 88.0794926131827,
        "12,49": 48.910520856907695,
        "12,50": 29.89324527514916,
        "13,0": 7.007943332811765,
        "13,1": 64.02562255543307,
        "13,2": 10.94791254669843,
        "13,3": 8.734795025510056,
        "13,4": 39.48292457978504,
        "13,5": 57.44959568041242,
        "13,6": 42.092976015097705,
        "13,7": 42.48114245312892,
        "13,8": 53.81087247641423,
        "13,9": 43.489115913455706,
        "13,10": 42.031377915219586,
        "13,11": 39.08110598903095,
        "13,12": 56.99713754258167,
        "13,13": 0.0,
        "13,14": 33.76549256445847,
        "13,15": 40.05356412496766,
        "13,16": 46.95577506458438,
        "13,17": 51.27817344943343,
        "13,18": 48.361847494885005,
        "13,19": 54.37663714388443,
        "13,20": 54.56555094481618,
        "13,21": 37.55945570800675,
        "13,22": 45.02429377049572,
        "13,23": 26.757723820782598,
        "13,24": 15.820141986062467,
        "13,25": 55.27052699595549,
        "13,26": 32.516639271171606,
        "13,27": 35.767242603894665,
        "13,28": 43.14915725397323,
        "13,29": 43.958552880074855,
        "13,30": 61.40256476821377,
        "13,31": 42.007273057178935,
        "13,32": 52.56337541625246,
        "13,33": 46.905702722549094,
        "13,34": 35.9563992897551,
        "13,35": 14.963261603214745,
        "13,36": 15.910818538811242,
        "13,37": 33.9237555832475,
        "13,38": 41.55853801625103,
        "13,39": 18.89816665925583,
        "13,40": 40.17773691122171,
        "13,41": 38.38957547918475,
        "13,42": 46.21860660535748,
        "13,43": 48.83449696538191,
        "13,44": 8.436830436134011,
        "13,45": 56.99964636024877,
        "13,46": 50.31932560016657,
        "13,47": 38.47243978262693,
        "13,48": 49.14988851903067,
        "13,49": 42.74815605609214,
        "13,50": 33.88276716799221,
        "14,0": 33.13870158785838,
        "14,1": 77.01357267216638,
        "14,2": 38.371958249902576,
        "14,3": 27.44435772733775,
        "14,4": 73.17574027751604,
        "14,5": 29.774465219455074,
        "14,6": 17.127253148415733,
        "14,7": 19.8522622782029,
        "14,8": 79.88095784020757,
        "14,9": 50.304159483059244,
        "14,10": 73.24637275199461,
        "14,11": 6.2053230479589665,
        "14,12": 64.23770833550992,
        "14,13": 33.76549256445847,
        "14,14": 0.0,
        "14,15": 14.262207577377016,
        "14,16": 42.08402821787066,
        "14,17": 41.17514827478897,
        "14,18": 68.32109527215768,
        "14,19": 73.77223615560744,
        "14,20": 61.7166717534337,
        "14,21": 57.13478168203318,
        "14,22": 68.69239864174735,
        "14,23": 57.10186125603832,
        "14,24": 26.45664024633729,
        "14,25": 70.75724916076194,
        "14,26": 6.650103612847869,
        "14,27": 64.22528259137088,
        "14,28": 32.297055779165746,
        "14,29": 76.76141654119554,
        "14,30": 71.37902936087801,
        "14,31": 71.35434589531668,
        "14,32": 81.63328476592972,
        "14,33": 57.00034400240348,
        "14,34": 27.583522812969086,
        "14,35": 46.89572395597348,
        "14,36": 26.336299054240122,
        "14,37": 16.433400025836985,
        "14,38": 11.41492290556743,
        "14,39": 35.26952983636314,
        "14,40": 72.90236867571927,
        "14,41": 71.77782577772786,
        "14,42": 76.2700867736484,
        "14,43": 49.835065460421774,
        "14,44": 42.02941182178783,
        "14,45": 30.683980590160804,
        "14,46": 18.481763763179462,
        "14,47": 21.894998225011587,
        "14,48": 23.849350679858553,
        "14,49": 21.335989455793708,
        "14,50": 34.426819356026186,
        "15,0": 41.72262641880066,
        "15,1": 90.60801427358822,
        "15,2": 47.421754978613485,
        "15,3": 31.87315831494545,
        "15,4": 78.86280556208236,
        "15,5": 39.709324352092636,
        "15,6": 30.129384117750693,
        "15,7": 33.17401185579359,
        "15,8": 90.78562771370633,
        "15,9": 64.14106111963508,
        "15,10": 81.77600146770871,
        "15,11": 10.37055264210665,
        "15,12": 78.24393733373728,
        "15,13": 40.05356412496766,
        "15,14": 14.262207577377016,
        "15,15": 0.0,
        "15,16": 56.34341749452852,
        "15,17": 55.22579798994499,
        "15,18": 63.49042772969786,
        "15,19": 86.31156887067993,
        "15,20": 75.70267232685592,
        "15,21": 53.10813646665903,
        "15,22": 65.55111980418621,
        "15,23": 65.93699155448313,
        "15,24": 27.453086175374523,
        "15,25": 83.93417972738905,
        "15,26": 9.327752685562626,
        "15,27": 63.94243692159968,
        "15,28": 20.15179373214201,
        "15,29": 79.38338466376142,
        "15,30": 62.41691112755182,
        "15,31": 71.21028450327144,
        "15,32": 91.38408517707524,
        "15,33": 49.146070804433,
        "15,34": 17.829283865498752,
        "15,35": 50.2755151519621,
        "15,36": 27.31649256693689,
        "15,37": 30.690008601142516,
        "15,38": 5.382566256559234,
        "15,39": 46.773402069484575,
        "15,40": 80.2297040587232,
        "15,41": 78.2375961275344,
        "15,42": 85.49238457892837,
        "15,43": 64.0387028179455,
        "15,44": 47.3507724738387,
        "15,45": 41.32246136370668,
        "15,46": 26.438435485648007,
        "15,47": 36.0177569378226,
        "15,48": 10.145115900010405,
        "15,49": 34.78952666375886,
        "15,50": 48.35717330407296,
        "16,0": 40.3788061236431,
        "16,1": 40.360460205753014,
        "16,2": 40.20480961045685,
        "16,3": 49.01346881066018,
        "16,4": 72.86623381313355,
        "16,5": 34.26393856136661,
        "16,6": 28.878630582532892,
        "16,7": 25.76271703401832,
        "16,8": 58.03564467842603,
        "16,9": 16.025428447570803,
        "16,10": 62.8905947157652,
        "16,11": 46.884239566057026,
        "16,12": 25.228160081605942,
        "16,13": 46.95577506458438,
        "16,14": 42.08402821787066,
        "16,15": 56.34341749452852,
        "16,16": 0.0,
        "16,17": 7.414144609993014,
        "16,18": 95.0609514289696,
        "16,19": 44.3330587152041,
        "16,20": 23.158509286501957,
        "16,21": 83.9435903857166,
        "16,22": 91.97710360885557,
        "16,23": 50.17781629648078,
        "16,24": 54.43167630958712,
        "16,25": 37.70527052858735,
        "16,26": 47.91640362503504,
        "16,27": 82.01351283458759,
        "16,28": 72.93125304276921,
        "16,29": 84.87432327070886,
        "16,30": 105.37332278454615,
        "16,31": 87.52399161059351,
        "16,32": 64.65424135528141,
        "16,33": 90.35779649630123,
        "16,34": 66.85170988327665,
        "16,35": 60.76099512041773,
        "16,36": 54.40154819105794,
        "16,37": 25.653780756311566,
        "16,38": 52.84457514150063,
        "16,39": 29.61559400374923,
        "16,40": 67.10062339923208,
        "16,41": 69.23404006590668,
        "16,42": 62.50130985006753,
        "16,43": 9.655492563906499,
        "16,44": 53.044901391888864,
        "16,45": 31.738590872963986,
        "16,46": 40.300299371570475,
        "16,47": 20.741160472174794,
        "16,48": 65.61956172430274,
        "16,49": 24.112797334881602,
        "16,50": 13.089390880466134,
        "17,0": 45.066337397365885,
        "17,1": 46.55766312046062,
        "17,2": 45.622197095392615,
        "17,3": 52.23528586801948,
        "17,4": 79.46474948770253,
        "17,5": 28.374628125799536,
        "17,6": 25.96711862443382,
        "17,7": 22.740050034268812,
        "17,8": 65.44279743112008,
        "17,9": 23.36557565267626,
        "17,10": 70.04741994416243,
        "17,11": 45.2548797708717,
        "17,12": 31.138131243703906,
        "17,13": 51.27817344943343,
        "17,14": 41.17514827478897,
        "17,15": 55.22579798994499,
        "17,16": 7.414144609993014,
        "17,17": 0.0,
        "17,18": 98.73648160511931,
        "17,19": 51.526852979743275,
        "17,20": 29.33899080830789,
        "17,21": 87.45968672220351,
        "17,22": 96.16583560801833,
        "17,23": 56.92564012858312,
        "17,24": 56.94855309532482,
        "17,25": 44.633787070115254,
        "17,26": 47.45502676415297,
        "17,27": 86.83386176945191,
        "17,28": 73.02646371685398,
        "17,29": 90.8577487602486,
        "17,30": 107.72765321737717,
        "17,31": 92.63255870625066,
        "17,32": 72.04734503925718,
        "17,33": 92.72057657667737,
        "17,34": 67.39772799439304,
        "17,35": 65.61077625303696,
        "17,36": 56.90197871737946,
        "17,37": 25.095986246045797,
        "17,38": 51.20706766508771,
        "17,39": 35.143424551017254,
        "17,40": 74.0332102875354,
        "17,41": 75.96164847636778,
        "17,42": 69.80304317912288,
        "17,43": 16.177273916845586,
        "17,44": 57.97677026527865,
        "17,45": 25.698670651178652,
        "17,46": 36.222057840096056,
        "17,47": 19.289714181719262,
