{
    "num_robots": 5,
    "num_tasks": 50,
    "num_nodes": 51,
    "robot_capacity": [
        108,
        130,
        131,
        135,
        131
    ],
    "robot_speed": [
        1.0,
        1.17,
        1.19,
        1.07,
        0.81
    ],
    "task_demand": {
        "0": 0,
        "1": 11,
        "2": 15,
        "3": 15,
        "4": 7,
        "5": 8,
        "6": 11,
        "7": 15,
        "8": 7,
        "9": 5,
        "10": 9,
        "11": 14,
        "12": 13,
        "13": 15,
        "14": 6,
        "15": 11,
        "16": 10,
        "17": 6,
        "18": 13,
        "19": 11,
        "20": 13,
        "21": 6,
        "22": 15,
        "23": 9,
        "24": 14,
        "25": 8,
        "26": 11,
        "27": 11,
        "28": 9,
        "29": 8,
        "30": 15,
        "31": 12,
        "32": 8,
        "33": 11,
        "34": 7,
        "35": 9,
        "36": 12,
        "37": 5,
        "38": 15,
        "39": 11,
        "40": 6,
        "41": 7,
        "42": 13,
        "43": 5,
        "44": 9,
        "45": 6,
        "46": 9,
        "47": 9,
        "48": 14,
        "49": 8,
        "50": 5
    },
    "task_service_time": {
        "0": 0,
        "1": 47,
        "2": 69,
        "3": 34,
        "4": 54,
        "5": 88,
        "6": 81,
        "7": 70,
        "8": 28,
        "9": 59,
        "10": 20,
        "11": 94,
        "12": 43,
        "13": 43,
        "14": 64,
        "15": 65,
        "16": 27,
        "17": 42,
        "18": 97,
        "19": 90,
        "20": 23,
        "21": 66,
        "22": 12,
        "23": 51,
        "24": 77,
        "25": 96,
        "26": 40,
        "27": 70,
        "28": 30,
        "29": 51,
        "30": 53,
        "31": 86,
        "32": 65,
        "33": 78,
        "34": 94,
        "35": 72,
        "36": 51,
        "37": 36,
        "38": 16,
        "39": 60,
        "40": 78,
        "41": 61,
        "42": 47,
        "43": 31,
        "44": 94,
        "45": 56,
        "46": 31,
        "47": 39,
        "48": 75,
        "49": 36,
        "50": 17
    },
    "task_precedence": [],
    "coordinates": {
        "0": [
            100,
            0
        ],
        "1": [
            8.856398157715828,
            89.39295345919146
        ],
        "2": [
            77.34708603347799,
            28.575955895818993
        ],
        "3": [
            46.16378655173218,
            67.39511713163462
        ],
        "4": [
            5.375245078426493,
            72.84555930980638
        ],
        "5": [
            33.8044853729779,
            9.734423101201983
        ],
        "6": [
            47.69921871258417,
            52.80798633102456
        ],
        "7": [
            23.7039285789324,
            73.40821205292362
        ],
        "8": [
            35.903790615278695,
            18.86786078476126
        ],
        "9": [
            28.789167123284763,
            13.292001517381546
        ],
        "10": [
            71.36483836322394,
            35.82003614537405
        ],
        "11": [
            63.0937231061995,
            86.18701561557894
        ],
        "12": [
            53.319245822116045,
            73.2414071708586
        ],
        "13": [
            1.7451349118597137,
            66.11800353494476
        ],
        "14": [
            66.85856948397716,
            55.354409291128235
        ],
        "15": [
            70.65289145089454,
            70.81019228251112
        ],
        "16": [
            21.998853730599144,
            79.66429683697258
        ],
        "17": [
            23.586748498744413,
            74.5751921540738
        ],
        "18": [
            60.970483676413615,
            99.12624744592445
        ],
        "19": [
            33.79230236050369,
            83.8857920119353
        ],
        "20": [
            6.697926237975271,
            11.501212947088534
        ],
        "21": [
            95.26022219028987,
            39.85883425689218
        ],
        "22": [
            76.07014572307953,
            15.836013855474896
        ],
        "23": [
            60.71251977505368,
            31.76277768141548
        ],
        "24": [
            53.664517649058126,
            74.72638743894025
        ],
        "25": [
            74.64217637978186,
            73.70610375131359
        ],
        "26": [
            5.156497662225434,
            71.3165152456898
        ],
        "27": [
            22.610871753566443,
            0.46058285564731793
        ],
        "28": [
            57.87558020394238,
            2.614071005791707
        ],
        "29": [
            48.83499530333448,
            81.60623094515712
        ],
        "30": [
            63.473113153369766,
            45.739163480660636
        ],
        "31": [
            9.746575937610158,
            67.33718296784706
        ],
        "32": [
            0.39516192429762675,
            34.00304712246381
        ],
        "33": [
            67.0011998434243,
            32.35060711258817
        ],
        "34": [
            54.27712054730686,
            39.657114252618044
        ],
        "35": [
            45.799674968833436,
            85.43620461520428
        ],
        "36": [
            88.90127409521811,
            87.00472198765632
        ],
        "37": [
            51.034186278341934,
            85.51087622009062
        ],
        "38": [
            44.00628103893239,
            65.13569249542253
        ],
        "39": [
            36.78487698894068,
            81.71031938620759
        ],
        "40": [
            76.9777663424852,
            65.00227976287397
        ],
        "41": [
            97.3989962892934,
            7.238435522176633
        ],
        "42": [
            87.19928016467384,
            85.39565107865332
        ],
        "43": [
            49.644291074519295,
            46.64801421113296
        ],
        "44": [
            64.19272157331714,
            91.74403714768005
        ],
        "45": [
            14.947259362300313,
            74.94073483880825
        ],
        "46": [
            44.038444501107655,
            53.04405631731193
        ],
        "47": [
            17.74502729282419,
            85.19807954483792
        ],
        "48": [
            77.1566522594651,
            34.258965782349314
        ],
        "49": [
            19.286114680852695,
            23.42478085709252
        ],
        "50": [
            53.336257971968294,
            78.74768610537916
        ]
    },
    "distance_matrix_str_keys": {
        "0,0": 0.0,
        "0,1": 127.66462425018919,
        "0,2": 36.46559702698477,
        "0,3": 86.2579833501468,
        "0,4": 119.41658073787899,
        "0,5": 66.90743717890794,
        "0,6": 74.3239876729699,
        "0,7": 105.87660795046114,
        "0,8": 66.81556875521729,
        "0,9": 72.44073455821346,
        "0,10": 45.85899553435721,
        "0,11": 93.75646609638143,
        "0,12": 86.85272900135912,
        "0,13": 118.42976359402066,
        "0,14": 64.51716860354392,
        "0,15": 76.65074110065197,
        "0,16": 111.4925065189125,
        "0,17": 106.77286307770889,
        "0,18": 106.53316890604418,
        "0,19": 106.86573505194559,
        "0,20": 94.00827020825658,
        "0,21": 40.139658219818244,
        "0,22": 28.6952480481602,
        "0,23": 50.521086176611185,
        "0,24": 87.92616166061757,
        "0,25": 77.94619265206927,
        "0,26": 118.6648022055578,
        "0,27": 77.39049881807105,
        "0,28": 42.2054511926814,
        "0,29": 96.31944058539857,
        "0,30": 58.5344730788373,
        "0,31": 112.6054029122532,
        "0,32": 105.2489001448442,
        "0,33": 46.21128208918966,
        "0,34": 60.524940448468925,
        "0,35": 101.17816114426647,
        "0,36": 87.70976778477323,
        "0,37": 98.53811884419032,
        "0,38": 85.89502313841743,
        "0,39": 103.30889638118981,
        "0,40": 68.95882551894385,
        "0,41": 7.691564802549482,
        "0,42": 86.34972872829199,
        "0,43": 68.64207639072262,
        "0,44": 98.48415883014326,
        "0,45": 113.35820406201034,
        "0,46": 77.10620989550561,
        "0,47": 118.42547569331005,
        "0,48": 41.17639217405019,
        "0,49": 84.04434330468216,
        "0,50": 91.535254885809,
        "1,0": 127.66462425018919,
        "1,1": 0.0,
        "1,2": 91.59520466879435,
        "1,3": 43.30988376659496,
        "1,4": 16.909603185661968,
        "1,5": 83.47387923473458,
        "1,6": 53.359390255387616,
        "1,7": 21.816533121332665,
        "1,8": 75.53376818013514,
        "1,9": 78.66810131866924,
        "1,10": 82.32473848387677,
        "1,11": 54.33199292336437,
        "1,12": 47.30557334957287,
        "1,13": 24.337077863376603,
        "1,14": 67.25231867855683,
        "1,15": 64.53003638836275,
        "1,16": 16.351479999017062,
        "1,17": 20.893761539389768,
        "1,18": 53.01523291736365,
        "1,19": 25.53679983116048,
        "1,20": 77.92164167311341,
        "1,21": 99.59543048051759,
        "1,22": 99.64091140513138,
        "1,23": 77.5260892175627,
        "1,24": 47.1473830787754,
        "1,25": 67.63021418005715,
        "1,26": 18.45120272944485,
        "1,27": 89.98973322032394,
        "1,28": 99.6667178567754,
        "1,29": 40.729857319198125,
        "1,30": 69.91880245260332,
        "1,31": 22.073727108186244,
        "1,32": 56.03243919899589,
        "1,33": 81.45334394483882,
        "1,34": 67.35499776538056,
        "1,35": 37.15456315121003,
        "1,36": 80.08049583645048,
        "1,37": 42.35606608785539,
        "1,38": 42.70748149947067,
        "1,39": 28.96589021807456,
        "1,40": 72.35624207160805,
        "1,41": 120.78558068475448,
        "1,42": 78.44479324644563,
        "1,43": 59.0828404861584,
        "1,44": 55.38624634028112,
        "1,45": 15.683278141538631,
        "1,46": 50.586744393561325,
        "1,47": 9.828768745820657,
        "1,48": 87.77631404606656,
        "1,49": 66.78756458513301,
        "1,50": 45.735977590182685,
        "2,0": 36.46559702698477,
        "2,1": 91.59520466879435,
        "2,2": 0.0,
        "2,3": 49.79282524240314,
        "2,4": 84.4970039521577,
        "2,5": 47.44429818566622,
        "2,6": 38.29082573789775,
        "2,7": 69.91079697607098,
        "2,8": 42.565171746458184,
        "2,9": 50.90649025744221,
        "2,10": 9.394891476236097,
        "2,11": 59.348062788691465,
        "2,12": 50.718237773267305,
        "2,13": 84.4100725881334,
        "2,14": 28.759251479374456,
        "2,15": 42.76146588081937,
        "2,16": 75.32227691176756,
        "2,17": 70.75382412415055,
        "2,18": 72.42607777980447,
        "2,19": 70.4002638630796,
        "2,20": 72.6832210800794,
        "2,21": 21.170351699564524,
        "2,22": 12.803776776703327,
        "2,23": 16.937078487716263,
        "2,24": 51.87221199157643,
        "2,25": 45.21113559393816,
        "2,26": 83.89419802899037,
        "2,27": 61.534765416668364,
        "2,28": 32.45241140982695,
        "2,29": 60.20921349438465,
        "2,30": 22.0694997242426,
        "2,31": 77.9247180896463,
        "2,32": 77.14306153690933,
        "2,33": 11.012962946718776,
        "2,34": 25.593268217669756,
        "2,35": 65.02558749686168,
        "2,36": 59.560221362757694,
        "2,37": 62.72123919259726,
        "2,38": 49.47952726044083,
        "2,39": 66.84723918084788,
        "2,40": 36.428196050610765,
        "2,41": 29.2808620194638,
        "2,42": 57.66752543562951,
        "2,43": 33.076338072559004,
        "2,44": 64.52320352704493,
        "2,45": 77.73950794174914,
        "2,46": 41.32981416566265,
        "2,47": 82.20991602385405,
        "2,48": 5.686199644110833,
        "2,49": 58.28902983143547,
        "2,50": 55.62124033514781,
        "3,0": 86.2579833501468,
        "3,1": 43.30988376659496,
        "3,2": 49.79282524240314,
        "3,3": 0.0,
        "3,4": 41.15109276139786,
        "3,5": 58.97039902949892,
        "3,6": 14.667717508688437,
        "3,7": 23.250860859133137,
        "3,8": 49.60002142309217,
        "3,9": 56.82450632827897,
        "3,10": 40.39899443914918,
        "3,11": 25.293441845054573,
        "3,12": 9.240113884192763,
        "3,13": 44.43700746723608,
        "3,14": 23.942695878141418,
        "3,15": 24.726079289857346,
        "3,16": 27.101231501386604,
        "3,17": 23.69126684189583,
        "3,18": 35.01575232326863,
        "3,19": 20.61543060674688,
        "3,20": 68.42282262005997,
        "3,21": 56.29126812365192,
        "3,22": 59.604793846865505,
        "3,23": 38.48804039047743,
        "3,24": 10.488493281361897,
        "3,25": 29.169285889649927,
        "3,26": 41.194357686901476,
        "3,27": 70.9575343020949,
        "3,28": 65.83122395725708,
        "3,29": 14.459983126391496,
        "3,30": 27.723511969721514,
        "3,31": 36.41725669625123,
        "3,32": 56.65507338080477,
        "3,33": 40.77150322423536,
        "3,34": 28.900224778365992,
        "3,35": 18.044761423599223,
        "3,36": 47.021584874809626,
        "3,37": 18.759038377484508,
        "3,38": 3.124072618311489,
        "3,39": 17.113998953381785,
        "3,40": 30.906747179511996,
        "3,41": 79.01818182616952,
        "3,42": 44.809942629237405,
        "3,43": 21.037019544769883,
        "3,44": 30.29706923054292,
        "3,45": 32.115540106798,
        "3,46": 14.507585096374282,
        "3,47": 33.53462909444054,
        "3,48": 45.37138140965415,
        "3,49": 51.534451751182715,
        "3,50": 13.428520714424614,
        "4,0": 119.41658073787899,
        "4,1": 16.909603185661968,
        "4,2": 84.4970039521577,
        "4,3": 41.15109276139786,
        "4,4": 0.0,
        "4,5": 69.21876347686631,
        "4,6": 46.82758882394951,
        "4,7": 18.33731760566563,
        "4,8": 62.01277312502898,
        "4,9": 63.990921162758575,
        "4,10": 75.66713809503369,
        "4,11": 59.24033391365509,
        "4,12": 47.94563486742045,
        "4,13": 7.644455933896496,
        "4,14": 63.9229184951226,
        "4,15": 65.30937019191651,
        "4,16": 17.967736253768145,
        "4,17": 18.29345474764731,
        "4,18": 61.49394379672695,
        "4,19": 30.486322879120948,
        "4,20": 61.35860425497731,
        "4,21": 95.7467134690103,
        "4,22": 90.81771440675466,
        "4,23": 68.92030845241501,
        "4,24": 48.325887057063916,
        "4,25": 69.27227662378719,
        "4,26": 1.5446119843199375,
        "4,27": 74.40867989121939,
        "4,28": 87.68550129689872,
        "4,29": 44.333951517023934,
        "4,30": 64.11020955900739,
        "4,31": 7.032122254704375,
        "4,32": 39.1604645177492,
        "4,33": 73.7400803779908,
        "4,34": 59.100476391378535,
        "4,35": 42.33980256414482,
        "4,36": 84.71764521663557,
        "4,37": 47.38300501166286,
        "4,38": 39.392879885550855,
        "4,39": 32.636619738663924,
        "4,40": 72.03081344411784,
        "4,41": 113.01621776809247,
        "4,42": 82.78090070301191,
        "4,43": 51.4398658882506,
        "4,44": 61.77902561400282,
        "4,45": 9.79863347350092,
        "4,46": 43.43895153384551,
        "4,47": 17.4813119698864,
        "4,48": 81.49537175167221,
        "4,49": 51.34126640401395,
        "4,50": 48.32280888447505,
        "5,0": 66.90743717890794,
        "5,1": 83.47387923473458,
        "5,2": 47.44429818566622,
        "5,3": 58.97039902949892,
        "5,4": 69.21876347686631,
        "5,5": 0.0,
        "5,6": 45.25920308503332,
        "5,7": 64.46993599359416,
        "5,8": 9.371593590196506,
        "5,9": 6.148965875085967,
        "5,10": 45.73007024532287,
        "5,11": 81.87098600336104,
        "5,12": 66.43766176658285,
        "5,13": 64.8606976104724,
        "5,14": 56.336095146771356,
        "5,15": 71.33060080758885,
        "5,16": 70.91939212356768,
        "5,17": 65.64089790823196,
        "5,18": 93.42852735380124,
        "5,19": 74.15136991156307,
        "5,20": 27.164077280462195,
        "5,21": 68.44185660278208,
        "5,22": 42.703810773311346,
        "5,23": 34.77485759704713,
        "5,24": 67.95863676152422,
        "5,25": 75.89527608466196,
        "5,26": 67.91952055755114,
        "5,27": 14.536199598269938,
        "5,28": 25.10213178843379,
        "5,29": 73.42665041744011,
        "5,30": 46.65371157971958,
        "5,31": 62.42484241593832,
        "5,32": 41.293449906539706,
        "5,33": 40.168565207998476,
        "5,34": 36.25598208191587,
        "5,35": 76.64622820357346,
        "5,36": 94.90181883138575,
        "5,37": 77.71057483101917,
        "5,38": 56.33273724310657,
        "5,39": 72.03757616837468,
        "5,40": 70.13179143332317,
        "5,41": 63.64347392058371,
        "5,42": 92.60467336966954,
        "5,43": 40.16855303958258,
        "5,44": 87.4586856488245,
        "5,45": 67.87825913530536,
        "5,46": 44.50233981208409,
        "5,47": 77.1535458528727,
        "5,48": 49.808268063377334,
        "5,49": 19.955174342466478,
        "5,50": 71.72391938079237,
        "6,0": 74.3239876729699,
        "6,1": 53.359390255387616,
        "6,2": 38.29082573789775,
        "6,3": 14.667717508688437,
        "6,4": 46.82758882394951,
        "6,5": 45.25920308503332,
        "6,6": 0.0,
        "6,7": 31.62504147651537,
        "6,8": 35.93138246846089,
        "6,9": 43.80756905949051,
        "6,10": 29.131632377175336,
        "6,11": 36.75799724555434,
        "6,12": 21.19220120538773,
        "6,13": 47.84280903053935,
        "6,14": 19.327829466161493,
        "6,15": 29.1710560538557,
        "6,16": 37.17216935018908,
        "6,17": 32.48418798671591,
        "6,18": 48.1820276290674,
        "6,19": 34.04750105902357,
        "6,20": 58.200992362504145,
        "6,21": 49.29228734036736,
        "6,22": 46.60296394187453,
        "6,23": 24.74362163564685,
        "6,24": 22.715657563209064,
        "6,25": 34.09771663276875,
        "6,26": 46.394490588362274,
        "6,27": 58.048908721439304,
        "6,28": 51.215109771232974,
        "6,29": 28.820632909766427,
        "6,30": 17.285369603189682,
        "6,31": 40.6386595314885,
        "6,32": 50.904808488659526,
        "6,33": 28.125981583977143,
        "6,34": 14.704224868039123,
        "6,35": 32.68346515953445,
        "6,36": 53.54461781844358,
        "6,37": 32.8724963420948,
        "6,38": 12.868959862289275,
        "6,39": 30.89446085131104,
        "6,40": 31.716464866350233,
        "6,41": 67.42886512536408,
        "6,42": 51.20752628689172,
        "6,43": 6.459764934655571,
        "6,44": 42.285360230393984,
        "6,45": 39.52909558529574,
        "6,46": 3.668377961148117,
        "6,47": 44.1177030455025,
        "6,48": 34.81101197155984,
        "6,49": 40.873918880397376,
        "6,50": 26.545135825523477,
        "7,0": 105.87660795046114,
        "7,1": 21.816533121332665,
        "7,2": 69.91079697607098,
        "7,3": 23.250860859133137,
        "7,4": 18.33731760566563,
        "7,5": 64.46993599359416,
        "7,6": 31.62504147651537,
        "7,7": 0.0,
        "7,8": 55.88816109124027,
        "7,9": 60.33090766934131,
        "7,10": 60.699532860832356,
        "7,11": 41.41079247482779,
        "7,12": 29.615786994153833,
        "7,13": 23.1373239495989,
        "7,14": 46.77887157473097,
        "7,15": 47.02079137445833,
        "7,16": 6.484279224680848,
        "7,17": 1.1728485527438588,
        "7,18": 45.279283047650466,
        "7,19": 14.54492926604245,
        "7,20": 64.20031661845995,
        "7,21": 79.0307782189676,
        "7,22": 77.82530888646885,
        "7,23": 55.71335590604121,
        "7,24": 29.989572917553147,
        "7,25": 50.93911884283742,
        "7,26": 18.66500439709055,
        "7,27": 72.95581799093749,
        "7,28": 78.60987330725229,
        "7,29": 26.434409932203273,
        "7,30": 48.447541636391776,
        "7,31": 15.220548180209228,
        "7,32": 45.782809286422705,
        "7,33": 59.668925098309366,
        "7,34": 45.53961648785449,
        "7,35": 25.15739679706753,
        "7,36": 66.59999207789161,
        "7,37": 29.890089759975,
        "7,38": 21.923049405575533,
        "7,39": 15.493101609382988,
        "7,40": 53.93293509278207,
        "7,41": 99.04242692383748,
        "7,42": 64.61701298723507,
        "7,43": 37.269432447170814,
        "7,44": 44.447101593328206,
        "7,45": 8.889762756045158,
        "7,46": 28.778314346282436,
        "7,47": 13.210203632589463,
        "7,48": 66.2559971053297,
        "7,49": 50.1782868753652,
        "7,50": 30.10954879127592,
        "8,0": 66.81556875521729,
        "8,1": 75.53376818013514,
        "8,2": 42.565171746458184,
        "8,3": 49.60002142309217,
        "8,4": 62.01277312502898,
        "8,5": 9.371593590196506,
        "8,6": 35.93138246846089,
        "8,7": 55.88816109124027,
        "8,8": 0.0,
        "8,9": 9.039251849708368,
        "8,10": 39.30473453464633,
        "8,11": 72.60276190336312,
        "8,12": 57.09448858394684,
        "8,13": 58.30428585770892,
        "8,14": 47.84837047086861,
        "8,15": 62.4940461988655,
        "8,16": 62.366288220620774,
        "8,17": 57.05275010716724,
        "8,18": 84.08179190808154,
        "8,19": 65.0522079849069,
        "8,20": 30.120591202526708,
        "8,21": 62.95877172107702,
        "8,22": 40.28061790053104,
        "8,23": 27.95982697183028,
        "8,24": 58.614148673712286,
        "8,25": 67.14086254508567,
        "8,26": 60.796853361853834,
        "8,27": 22.70527631683241,
        "8,28": 27.33029856967254,
        "8,29": 64.0571552995233,
        "8,30": 38.49849937054619,
        "8,31": 55.07699222526055,
        "8,32": 38.599696591954476,
        "8,33": 33.894443633776994,
        "8,34": 27.74477090447779,
        "8,35": 67.2998731608538,
        "8,36": 86.32129001462523,
        "8,37": 68.33901066912215,
        "8,38": 46.97193419768311,
        "8,39": 62.8486349594989,
        "8,40": 61.7693783074364,
        "8,41": 62.585172787389595,
        "8,42": 84.00698857535713,
        "8,43": 30.992551964353346,
        "8,44": 78.17416898201034,
        "8,45": 59.86103412770344,
        "8,46": 35.13096831744562,
        "8,47": 68.77091395466941,
        "8,48": 44.030497463475996,
        "8,49": 17.23115416932994,
        "8,50": 62.36573096316406,
        "9,0": 72.44073455821346,
        "9,1": 78.66810131866924,
        "9,2": 50.90649025744221,
        "9,3": 56.82450632827897,
        "9,4": 63.990921162758575,
        "9,5": 6.148965875085967,
        "9,6": 43.80756905949051,
        "9,7": 60.33090766934131,
        "9,8": 9.039251849708368,
        "9,9": 0.0,
        "9,10": 48.16845571254505,
        "9,11": 80.56355032867735,
        "9,12": 64.77388361968117,
        "9,13": 59.34615545603766,
        "9,14": 56.732050410902986,
        "9,15": 71.14009898413092,
        "9,16": 66.71873756271091,
        "9,17": 61.503614643028335,
        "9,18": 91.66872372414852,
        "9,19": 70.77085995373271,
        "9,20": 22.16370563683478,
        "9,21": 71.58350203454674,
        "9,22": 47.349371021489,
        "9,23": 36.88183857443993,
        "9,24": 66.27946014670837,
        "9,25": 75.84432877024096,
        "9,26": 62.65259180003904,
        "9,27": 14.241370669573357,
        "9,28": 30.98447394920546,
        "9,29": 71.19458666032716,
        "9,30": 47.49520430200416,
        "9,31": 57.30184915932882,
        "9,32": 35.14494190201353,
        "9,33": 42.701169677640635,
        "9,34": 36.670900442815004,
        "9,35": 74.12248928485448,
        "9,36": 95.11587966125333,
        "9,37": 75.56723324652327,
        "9,38": 54.030813894928556,
        "9,39": 68.88394294939474,
        "9,40": 70.68305292596644,
        "9,41": 68.87636981902567,
        "9,42": 92.7937367798201,
        "9,43": 39.33903631060453,
        "9,44": 86.07051505732977,
        "9,45": 63.18357959628426,
        "9,46": 42.576593585706796,
        "9,47": 72.74927547326784,
        "9,48": 52.71647948115524,
        "9,49": 13.891768169347186,
        "9,50": 69.90712634643876,
        "10,0": 45.85899553435721,
        "10,1": 82.32473848387677,
        "10,2": 9.394891476236097,
        "10,3": 40.39899443914918,
        "10,4": 75.66713809503369,
        "10,5": 45.73007024532287,
        "10,6": 29.131632377175336,
        "10,7": 60.699532860832356,
        "10,8": 39.30473453464633,
        "10,9": 48.16845571254505,
        "10,10": 0.0,
        "10,11": 51.04159057618624,
        "10,12": 41.54518527563288,
        "10,13": 75.92674058983032,
        "10,14": 20.047398669394248,
        "10,15": 34.997398401984206,
        "10,16": 66.02514395547654,
        "10,17": 61.519980399516854,
        "10,18": 64.1538697085776,
        "10,19": 61.00829737584533,
        "10,20": 69.08845551583929,
        "10,21": 24.23429921471645,
        "10,22": 20.530491086038282,
        "10,23": 11.398826147776843,
        "10,24": 42.74348516865123,
        "10,25": 38.027556628274155,
        "10,26": 75.12352765211874,
        "10,27": 60.22657384513886,
        "10,28": 35.84126401982639,
        "10,29": 51.029104073527805,
        "10,30": 12.675504482326433,
        "10,31": 69.21084314022715,
        "10,32": 70.99293220423614,
        "10,33": 5.574789587510608,
        "10,34": 17.51323124262057,
        "10,35": 55.81524659990727,
        "10,36": 54.10544004955042,
        "10,37": 53.6890584898597,
        "10,38": 40.098608031958975,
        "10,39": 57.460350021304684,
        "10,40": 29.71713820426672,
        "10,41": 38.661159748557516,
        "10,42": 52.04297400395452,
        "10,43": 24.2698842913066,
        "10,44": 56.38202858494882,
        "10,45": 68.65400415553286,
        "10,46": 32.3016821913477,
        "10,47": 72.89221706866037,
        "10,48": 5.998503887387792,
        "10,49": 53.53350179136843,
        "10,50": 46.55977708293602,
        "11,0": 93.75646609638143,
        "11,1": 54.33199292336437,
        "11,2": 59.348062788691465,
        "11,3": 25.293441845054573,
        "11,4": 59.24033391365509,
        "11,5": 81.87098600336104,
        "11,6": 36.75799724555434,
        "11,7": 41.41079247482779,
        "11,8": 72.60276190336312,
        "11,9": 80.56355032867735,
        "11,10": 51.04159057618624,
        "11,11": 0.0,
        "11,12": 16.221257170178834,
        "11,13": 64.54776928237975,
        "11,14": 31.06161104976404,
        "11,15": 17.134401707670406,
        "11,16": 41.609303638278305,
        "11,17": 41.178094743871554,
        "11,18": 13.112279208269772,
        "11,19": 29.391646564802375,
        "11,20": 93.58661776471409,
        "11,21": 56.400213220609,
        "11,22": 71.5377592085609,
        "11,23": 54.47630497765701,
        "11,24": 14.841021317825446,
        "11,25": 17.004115207080748,
        "11,26": 59.81516424283017,
        "11,27": 94.80444360567948,
        "11,28": 83.7356918291056,
        "11,29": 14.976478449654557,
        "11,30": 40.44963138442806,
        "11,31": 56.57945123341714,
        "11,32": 81.5737466466456,
        "11,33": 53.97802566742183,
        "11,34": 47.357831469867186,
        "11,35": 17.310338475483896,
        "11,36": 25.820502159364207,
        "11,37": 12.078476434740606,
        "11,38": 28.41634476459824,
        "11,39": 26.687004199641294,
        "11,40": 25.329028598348067,
        "11,41": 86.07978895728695,
        "11,42": 24.118543466172778,
        "11,43": 41.763858227366484,
        "11,44": 5.664652322866976,
        "11,45": 49.44249996058614,
        "11,46": 38.23034650332449,
        "11,47": 45.35947758215537,
        "11,48": 53.79859046343266,
        "11,49": 76.53890950247381,
        "11,50": 12.269953113482828,
        "12,0": 86.85272900135912,
        "12,1": 47.30557334957287,
        "12,2": 50.718237773267305,
        "12,3": 9.240113884192763,
        "12,4": 47.94563486742045,
        "12,5": 66.43766176658285,
        "12,6": 21.19220120538773,
        "12,7": 29.615786994153833,
        "12,8": 57.09448858394684,
        "12,9": 64.77388361968117,
        "12,10": 41.54518527563288,
        "12,11": 16.221257170178834,
        "12,12": 0.0,
        "12,13": 52.0637282140222,
        "12,14": 22.433412098254486,
        "12,15": 17.50331616058495,
        "12,16": 31.972182791129985,
        "12,17": 29.76239875187737,
        "12,18": 26.99196911617801,
        "12,19": 22.239704350506752,
        "12,20": 77.36536061155172,
        "12,21": 53.604493030640626,
        "12,22": 61.74935325975131,
        "12,23": 42.13237714710251,
        "12,24": 1.5245914308665753,
        "12,25": 21.32799358774578,
        "12,26": 48.201198317434255,
        "12,27": 78.99400373405325,
        "12,28": 70.7741534514711,
        "12,29": 9.490984116005178,
        "12,30": 29.316794329799002,
        "12,31": 43.97087017905778,
        "12,32": 65.88328737783799,
        "12,33": 43.11906069531943,
        "12,34": 33.597950157819774,
        "12,35": 14.326794146847972,
        "12,36": 38.151141146420755,
        "12,37": 12.48043941007911,
        "12,38": 12.346413384153248,
        "12,39": 18.577077994743096,
        "12,40": 25.052121939223664,
        "12,41": 79.36886459881694,
        "12,42": 35.99419914407127,
        "12,43": 26.846114085790308,
        "12,44": 21.461122779834472,
        "12,45": 38.409595928561146,
        "12,46": 22.22760118999109,
        "12,47": 37.52981532366623,
        "12,48": 45.6930266262581,
        "12,49": 60.33200040247166,
        "12,50": 5.506305214750408,
        "13,0": 118.42976359402066,
        "13,1": 24.337077863376603,
        "13,2": 84.4100725881334,
        "13,3": 44.43700746723608,
        "13,4": 7.644455933896496,
        "13,5": 64.8606976104724,
        "13,6": 47.84280903053935,
        "13,7": 23.1373239495989,
        "13,8": 58.30428585770892,
        "13,9": 59.34615545603766,
        "13,10": 75.92674058983032,
        "13,11": 64.54776928237975,
        "13,12": 52.0637282140222,
        "13,13": 0.0,
        "13,14": 65.99707813852778,
        "13,15": 69.06732618601713,
        "13,16": 24.366271528757196,
        "13,17": 23.42178736600416,
        "13,18": 67.80255232931702,
        "13,19": 36.64307913978441,
        "13,20": 54.8408967472067,
        "13,21": 97.13194901712737,
        "13,22": 89.73564352148068,
        "13,23": 68.2453956033009,
        "13,24": 52.628191848573564,
        "13,25": 73.29091294062053,
        "13,26": 6.217871003915735,
        "13,27": 68.8932207419975,
        "13,28": 84.7548012525232,
        "13,29": 49.57156584171048,
        "13,30": 65.0049261190445,
        "13,31": 8.093791261094784,
        "13,32": 32.14331738390888,
        "13,33": 73.4751051138898,
        "13,34": 58.819964097357094,
        "13,35": 48.104005993356125,
        "13,36": 89.62392317384786,
        "13,37": 52.9669151035814,
        "13,38": 42.27256092256722,
        "13,39": 38.35236418311002,
        "13,40": 75.2409042443796,
        "13,41": 112.32303737783931,
        "13,42": 87.60159037202754,
        "13,43": 51.70502533955664,
        "13,44": 67.50107168453901,
        "13,45": 15.878812224631108,
        "13,46": 44.26795829786394,
        "13,47": 24.90072000456504,
        "13,48": 81.86510389164295,
        "13,49": 46.15622638254668,
        "13,50": 53.1145258891878,
        "14,0": 64.51716860354392,
        "14,1": 67.25231867855683,
        "14,2": 28.759251479374456,
        "14,3": 23.942695878141418,
        "14,4": 63.9229184951226,
        "14,5": 56.336095146771356,
        "14,6": 19.327829466161493,
        "14,7": 46.77887157473097,
        "14,8": 47.84837047086861,
        "14,9": 56.732050410902986,
        "14,10": 20.047398669394248,
        "14,11": 31.06161104976404,
        "14,12": 22.433412098254486,
        "14,13": 65.99707813852778,
        "14,14": 0.0,
        "14,15": 15.914713540160012,
        "14,16": 51.023178360089155,
        "14,17": 47.34859010828656,
        "14,18": 44.16608846079654,
        "14,19": 43.673994796011854,
        "14,20": 74.44733591849752,
        "14,21": 32.35377446437493,
        "14,22": 40.57778597480969,
        "14,23": 24.379069076422024,
        "14,24": 23.438356196240314,
        "14,25": 19.934122149430518,
        "14,26": 63.733307568344976,
        "14,27": 70.50667298327512,
        "14,28": 53.49988204526206,
        "14,29": 31.843482322134143,
        "14,30": 10.193834732923838,
        "14,31": 58.35551963463038,
        "14,32": 69.80877603067928,
        "14,33": 23.00424434944214,
        "14,34": 20.117105380051054,
        "14,35": 36.72044999887057,
        "14,36": 38.56971765992629,
        "14,37": 34.05618301390208,
        "14,38": 24.857606246341106,
        "14,39": 39.988260492623574,
        "14,40": 13.981400133778521,
        "14,41": 56.990039490996296,
        "14,42": 36.27975632680505,
        "14,43": 19.290741210417323,
        "14,44": 36.487145142105895,
        "14,45": 55.48340532995981,
        "14,46": 22.936779091611946,
        "14,47": 57.46985888945891,
        "14,48": 23.474842825520348,
        "14,49": 57.29432456998601,
        "14,50": 27.020331395746748,
        "15,0": 76.65074110065197,
        "15,1": 64.53003638836275,
        "15,2": 42.76146588081937,
        "15,3": 24.726079289857346,
        "15,4": 65.30937019191651,
        "15,5": 71.33060080758885,
        "15,6": 29.1710560538557,
        "15,7": 47.02079137445833,
        "15,8": 62.4940461988655,
        "15,9": 71.14009898413092,
        "15,10": 34.997398401984206,
        "15,11": 17.134401707670406,
        "15,12": 17.50331616058495,
        "15,13": 69.06732618601713,
        "15,14": 15.914713540160012,
        "15,15": 0.0,
        "15,16": 49.45311470422528,
        "15,17": 47.216491149015916,
        "15,18": 29.925708017168034,
        "15,19": 39.111051333028094,
        "15,20": 87.22266107609477,
        "15,21": 39.541210018764424,
        "15,22": 55.240446572933514,
        "15,23": 40.29282288551792,
        "15,24": 17.43391605274503,
        "15,25": 4.929573762404731,
        "15,26": 65.49835083621156,
        "15,27": 85.18863306281388,
        "15,28": 69.3827834544746,
        "15,29": 24.34286431607964,
        "15,30": 26.078836277426653,
        "15,31": 61.005254389302316,
        "15,32": 79.31528536836542,
        "15,33": 38.632558070086766,
        "15,34": 35.19488802970392,
        "15,35": 28.83752080641271,
        "15,36": 24.39807905357469,
        "15,37": 24.51537682517139,
        "15,38": 27.244114855883247,
        "15,39": 35.57885853244669,
        "15,40": 8.586960476794562,
        "15,41": 68.96899579971972,
        "15,42": 22.057166358384396,
        "15,43": 32.01830943268589,
        "15,44": 21.90798155207635,
        "15,45": 55.858560921305525,
        "15,46": 31.99944333229822,
        "15,47": 54.829311409521196,
        "15,48": 37.125342602072095,
        "15,49": 69.88506973381011,
        "15,50": 19.049136548188677,
        "16,0": 111.4925065189125,
        "16,1": 16.351479999017062,
        "16,2": 75.32227691176756,
        "16,3": 27.101231501386604,
        "16,4": 17.967736253768145,
        "16,5": 70.91939212356768,
        "16,6": 37.17216935018908,
        "16,7": 6.484279224680848,
        "16,8": 62.366288220620774,
        "16,9": 66.71873756271091,
        "16,10": 66.02514395547654,
        "16,11": 41.609303638278305,
        "16,12": 31.972182791129985,
        "16,13": 24.366271528757196,
        "16,14": 51.023178360089155,
        "16,15": 49.45311470422528,
        "16,16": 0.0,
        "16,17": 5.331078340092686,
        "16,18": 43.56093963792316,
        "16,19": 12.526230562241414,
        "16,20": 69.85931854458576,
        "16,21": 83.37687305122894,
        "16,22": 83.65258110842858,
        "16,23": 61.58980009718944,
        "16,24": 32.04835753388886,
        "16,25": 52.97942510439263,
        "16,26": 18.797617280646087,
        "16,27": 79.2060785198713,
        "16,28": 84.99339270248636,
        "16,29": 26.906311575398515,
        "16,30": 53.58198267991608,
        "16,31": 17.380335079018412,
        "16,32": 50.51404977976312,
        "16,33": 65.29775180658082,
        "16,34": 51.40487493446955,
        "16,35": 24.49069233432971,
        "16,36": 67.30390547387998,
        "16,37": 29.61811990388844,
        "16,38": 26.370574526257084,
        "16,39": 14.926911672150908,
        "16,40": 56.900400496539234,
        "16,41": 104.54992532307938,
        "16,42": 65.4518451124857,
        "16,43": 43.06210775572806,
        "16,44": 43.88898050197661,
        "16,45": 8.487462582275457,
        "16,46": 34.55981433190964,
        "16,47": 6.979813064873774,
        "16,48": 71.44247214879188,
        "16,49": 56.304903079600486,
        "16,50": 31.350806685319174,
        "17,0": 106.77286307770889,
        "17,1": 20.893761539389768,
        "17,2": 70.75382412415055,
        "17,3": 23.69126684189583,
        "17,4": 18.29345474764731,
        "17,5": 65.64089790823196,
        "17,6": 32.48418798671591,
        "17,7": 1.1728485527438588,
        "17,8": 57.05275010716724,
        "17,9": 61.503614643028335,
        "17,10": 61.519980399516854,
        "17,11": 41.178094743871554,
        "17,12": 29.76239875187737,
        "17,13": 23.42178736600416,
        "17,14": 47.34859010828656,
        "17,15": 47.216491149015916,
        "17,16": 5.331078340092686,
        "17,17": 0.0,
        "17,18": 44.72469085167173,
        "17,19": 13.814506843839201,
        "17,20": 65.29593532800538,
        "17,21": 79.638635954277,
        "17,22": 78.77054050469592,
        "17,23": 56.667677964069725,
        "17,24": 30.078149163034105,
        "17,25": 51.06282435165164,
        "17,26": 18.716119284997188,
        "17,27": 74.12103376829134,
        "17,28": 79.71277775002652,
        "17,29": 26.208957880602785,
        "17,30": 49.21827541691859,
        "17,31": 15.618551581432778,
        "17,32": 46.732736280963216,
        "17,33": 60.56178801426878,
        "17,34": 46.48839748594606,
        "17,35": 24.726012497902143,
        "17,36": 66.48669390018078,
        "17,37": 29.54574464549187,
        "17,38": 22.49580989796707,
        "17,39": 15.003354167067695,
        "17,40": 54.2424320808003,
        "17,41": 99.91239521499197,
        "17,42": 64.52624672400671,
        "17,43": 38.19584784953729,
        "17,44": 44.086441087338905,
