{
    "num_robots": 2,
    "num_tasks": 40,
    "num_nodes": 41,
    "robot_capacity": [
        332,
        265
    ],
    "robot_speed": [
        1.14,
        0.83
    ],
    "task_demand": {
        "0": 0,
        "1": 12,
        "2": 12,
        "3": 6,
        "4": 14,
        "5": 6,
        "6": 7,
        "7": 13,
        "8": 6,
        "9": 11,
        "10": 10,
        "11": 9,
        "12": 6,
        "13": 15,
        "14": 12,
        "15": 9,
        "16": 6,
        "17": 12,
        "18": 15,
        "19": 9,
        "20": 9,
        "21": 11,
        "22": 8,
        "23": 13,
        "24": 13,
        "25": 13,
        "26": 5,
        "27": 10,
        "28": 13,
        "29": 7,
        "30": 6,
        "31": 11,
        "32": 11,
        "33": 13,
        "34": 12,
        "35": 12,
        "36": 10,
        "37": 13,
        "38": 7,
        "39": 6,
        "40": 8
    },
    "task_service_time": {
        "0": 0,
        "1": 54,
        "2": 34,
        "3": 16,
        "4": 82,
        "5": 40,
        "6": 69,
        "7": 77,
        "8": 83,
        "9": 98,
        "10": 59,
        "11": 91,
        "12": 21,
        "13": 34,
        "14": 81,
        "15": 21,
        "16": 45,
        "17": 37,
        "18": 54,
        "19": 47,
        "20": 65,
        "21": 35,
        "22": 86,
        "23": 32,
        "24": 51,
        "25": 10,
        "26": 74,
        "27": 29,
        "28": 97,
        "29": 18,
        "30": 94,
        "31": 47,
        "32": 37,
        "33": 29,
        "34": 26,
        "35": 60,
        "36": 64,
        "37": 63,
        "38": 69,
        "39": 57,
        "40": 63
    },
    "task_precedence": [],
    "coordinates": {
        "0": [
            0,
            0
        ],
        "1": [
            64.05983968146555,
            20.620942376370333
        ],
        "2": [
            19.80178503385429,
            96.86865107440043
        ],
        "3": [
            43.64970226498136,
            72.13448076595208
        ],
        "4": [
            36.520062555725396,
            9.626147626877767
        ],
        "5": [
            1.073832830639887,
            72.0262070585112
        ],
        "6": [
            85.59703900908015,
            74.43797253190245
        ],
        "7": [
            0.10171112363853707,
            6.535910306428927
        ],
        "8": [
            22.06280005595942,
            66.51120387421834
        ],
        "9": [
            94.46597126948848,
            84.27169866860224
        ],
        "10": [
            90.86825897288716,
            69.17140429047109
        ],
        "11": [
            39.41689510444025,
            48.348265915681395
        ],
        "12": [
            93.44083418507192,
            71.70892781483549
        ],
        "13": [
            35.759629144377335,
            48.988799922041906
        ],
        "14": [
            73.92961971250568,
            15.063245633143751
        ],
        "15": [
            48.17470112152981,
            53.35600541946113
        ],
        "16": [
            3.2818495764469713,
            38.05841115421621
        ],
        "17": [
            36.12343215632099,
            37.75408505911129
        ],
        "18": [
            12.805545409618635,
            34.07393555179122
        ],
        "19": [
            72.23181312623895,
            81.37011175764884
        ],
        "20": [
            69.03889446684859,
            73.33700086711316
        ],
        "21": [
            58.25643047030612,
            88.9997290117906
        ],
        "22": [
            67.65624088944328,
            71.207050626812
        ],
        "23": [
            65.21564203529047,
            77.88190342993158
        ],
        "24": [
            17.378251408593847,
            30.35680211713021
        ],
        "25": [
            24.443150024681202,
            99.32707999798434
        ],
        "26": [
            17.329994512000713,
            91.65702445140063
        ],
        "27": [
            71.00180953988139,
            35.80704457175178
        ],
        "28": [
            9.07982017433352,
            23.871032689200344
        ],
        "29": [
            47.50404025616347,
            68.50056898296128
        ],
        "30": [
            18.618817010751798,
            28.17812635753506
        ],
        "31": [
            84.91368929012837,
            71.85539907227437
        ],
        "32": [
            84.49018453355032,
            34.69803390202696
        ],
        "33": [
            89.58599053799236,
            42.975123075010494
        ],
        "34": [
            5.050098831646411,
            39.91167294794336
        ],
        "35": [
            28.099250676856215,
            62.39840928090155
        ],
        "36": [
            66.45313202952248,
            8.436285282021473
        ],
        "37": [
            0.9561046212106405,
            56.499986521456606
        ],
        "38": [
            71.73847637663998,
            48.424182567112275
        ],
        "39": [
            60.23734013299635,
            51.797317408447206
        ],
        "40": [
            69.27821101357739,
            4.464853471096153
        ]
    },
    "distance_matrix_str_keys": {
        "0,0": 0.0,
        "0,1": 67.29700085817089,
        "0,2": 98.87186784672835,
        "0,3": 84.31298727476704,
        "0,4": 37.76741568082917,
        "0,5": 72.03421145666613,
        "0,6": 113.43661155809552,
        "0,7": 6.536701667229099,
        "0,8": 70.07501257300693,
        "0,9": 126.59201761714488,
        "0,10": 114.20036628785168,
        "0,11": 62.37985601721028,
        "0,12": 117.78522751837512,
        "0,13": 60.65190511719524,
        "0,14": 75.44859203351731,
        "0,15": 71.88647398829832,
        "0,16": 38.19964916364801,
        "0,17": 52.25201708453881,
        "0,18": 36.40075654743218,
        "0,19": 108.80500868506086,
        "0,20": 100.72082528150578,
        "0,21": 106.37087691334398,
        "0,22": 98.22327112380113,
        "0,23": 101.5808586690639,
        "0,24": 34.97912315651859,
        "0,25": 102.29045118707344,
        "0,26": 93.2809671962648,
        "0,27": 79.51981764881639,
        "0,28": 25.539564131893588,
        "0,29": 83.36043301020356,
        "0,30": 33.77376425424138,
        "0,31": 111.23638345746535,
        "0,32": 91.33753247805416,
        "0,33": 99.36050978122826,
        "0,34": 40.22990350116428,
        "0,35": 68.43339367142116,
        "0,36": 66.98648868161996,
        "0,37": 56.50807564385358,
        "0,38": 86.55235669890655,
        "0,39": 79.4449446913378,
        "0,40": 69.42193772691824,
        "1,0": 67.29700085817089,
        "1,1": 0.0,
        "1,2": 88.16171778550256,
        "1,3": 55.40955104289043,
        "1,4": 29.65341187315399,
        "1,5": 81.30029702315494,
        "1,6": 57.96657389943669,
        "1,7": 65.49068893385383,
        "1,8": 62.20665107243118,
        "1,9": 70.54042539367951,
        "1,10": 55.46024429244082,
        "1,11": 37.09554135040994,
        "1,12": 58.93407413527233,
        "1,13": 40.070403768555096,
        "1,14": 11.32698331202046,
        "1,15": 36.38573868294398,
        "1,16": 63.22997231206167,
        "1,17": 32.77174764333012,
        "1,18": 52.990430331173954,
        "1,19": 61.29635168994438,
        "1,20": 52.950673360735124,
        "1,21": 68.62461672173113,
        "1,22": 50.713789540657935,
        "1,23": 57.2726246985291,
        "1,24": 47.686032006968894,
        "1,25": 88.11434729188208,
        "1,26": 85.02825051788727,
        "1,27": 16.697564055985033,
        "1,28": 55.07599869313465,
        "1,29": 50.66116005972824,
        "1,30": 46.06514486122337,
        "1,31": 55.315934380838144,
        "1,32": 24.81055212196658,
        "1,33": 33.93072018477682,
        "1,34": 62.082862378822675,
        "1,35": 55.12277843612049,
        "1,36": 12.417476264126053,
        "1,37": 72.59054475150255,
        "1,38": 28.844091710445092,
        "1,39": 31.409837040945526,
        "1,40": 16.977944754148844,
        "2,0": 98.87186784672835,
        "2,1": 88.16171778550256,
        "2,2": 0.0,
        "2,3": 34.35843909594869,
        "2,4": 88.82992294879752,
        "2,5": 31.110821564344356,
        "2,6": 69.51367337108113,
        "2,7": 92.45591904643803,
        "2,8": 30.441530668513185,
        "2,9": 75.71937609452029,
        "2,10": 76.27306993649282,
        "2,11": 52.335268405078864,
        "2,12": 77.8185147274949,
        "2,13": 50.469128534459195,
        "2,14": 98.09152280603969,
        "2,15": 51.945863157816376,
        "2,16": 61.08643537632994,
        "2,17": 61.3264060578011,
        "2,18": 63.183254636376105,
        "2,19": 54.672777199636926,
        "2,20": 54.57134327460503,
        "2,21": 39.25149283875268,
        "2,22": 54.30070609822847,
        "2,23": 49.22311442667599,
        "2,24": 66.55598821253798,
        "2,25": 5.252251112655186,
        "2,26": 5.768084642364872,
        "2,27": 79.68665068944786,
        "2,28": 73.78084318005656,
        "2,29": 39.650511042716545,
        "2,30": 68.70071032545424,
        "2,31": 69.75114946436415,
        "2,32": 89.7205364976497,
        "2,33": 88.1722615002292,
        "2,34": 58.83629494713378,
        "2,35": 35.454837545800075,
        "2,36": 99.98315606214557,
        "2,37": 44.55096798054565,
        "2,38": 71.0231401487531,
        "2,39": 60.55129424383464,
        "2,40": 104.81592693498179,
        "3,0": 84.31298727476704,
        "3,1": 55.40955104289043,
        "3,2": 34.35843909594869,
        "3,3": 0.0,
        "3,4": 62.91361914728237,
        "3,5": 42.57600710829769,
        "3,6": 42.01053599085141,
        "3,7": 78.73753856185432,
        "3,8": 22.307299029308385,
        "3,9": 52.24562425653313,
        "3,10": 47.3114354017849,
        "3,11": 24.15989804120799,
        "3,12": 49.79295043676429,
        "3,13": 24.45354362002833,
        "3,14": 64.60649565030737,
        "3,15": 19.315971396503286,
        "3,16": 52.82747439417373,
        "3,17": 35.19455001427737,
        "3,18": 48.989459214380005,
        "3,19": 30.03720927616294,
        "3,20": 25.417654007737465,
        "3,21": 22.311277580138473,
        "3,22": 24.024446370119907,
        "3,23": 22.318660924325762,
        "3,24": 49.351429192920136,
        "3,25": 33.291577042148376,
        "3,26": 32.76975325132242,
        "3,27": 45.47329318205723,
        "3,28": 59.36697034562741,
        "3,29": 5.2972857386428664,
        "3,30": 50.583656545259444,
        "3,31": 41.26493077424519,
        "3,32": 55.402459744354175,
        "3,33": 54.40965650736496,
        "3,34": 50.28159433517445,
        "3,35": 18.346869829936598,
        "3,36": 67.65690295110616,
        "3,37": 45.46625880858625,
        "3,38": 36.75809396274091,
        "3,39": 26.244045867019892,
        "3,40": 72.3602025902469,
        "4,0": 37.76741568082917,
        "4,1": 29.65341187315399,
        "4,2": 88.82992294879752,
        "4,3": 62.91361914728237,
        "4,4": 0.0,
        "4,5": 71.76491217018885,
        "4,6": 81.29650832183825,
        "4,7": 36.54922554210523,
        "4,8": 58.693458436611486,
        "4,9": 94.49701914339128,
        "4,10": 80.61863336060466,
        "4,11": 38.83032427867934,
        "4,12": 84.22734614569366,
        "4,13": 39.369996884468826,
        "4,14": 37.8026057487596,
        "4,15": 45.25628202425713,
        "4,16": 43.73982637532861,
        "4,17": 28.130733724262782,
        "4,18": 34.059839369770025,
        "4,19": 80.14066082837064,
        "4,20": 71.53004438320094,
        "4,21": 82.29602124030903,
        "4,22": 69.00484921740205,
        "4,23": 74.04245053963403,
        "4,24": 28.21646628454161,
        "4,25": 90.51027060244782,
        "4,26": 84.24561391623202,
        "4,27": 43.2946906666102,
        "4,28": 30.91736813489007,
        "4,29": 59.890276807987654,
        "4,30": 25.780428756795295,
        "4,31": 78.83161068989467,
        "4,32": 54.12699958395455,
        "4,33": 62.67493020386463,
        "4,34": 43.67575598392949,
        "4,35": 53.439888405385474,
        "4,36": 29.956709107024253,
        "4,37": 58.83835378970818,
        "4,38": 52.39870406112011,
        "4,39": 48.383021985230265,
        "4,40": 33.16225637300901,
        "5,0": 72.03421145666613,
        "5,1": 81.30029702315494,
        "5,2": 31.110821564344356,
        "5,3": 42.57600710829769,
        "5,4": 71.76491217018885,
        "5,5": 0.0,
        "5,6": 84.55760755474202,
        "5,7": 65.49751132133969,
        "5,8": 21.701428646711214,
        "5,9": 94.19152608888908,
        "5,10": 89.8397955533065,
        "5,11": 45.06479026130983,
        "5,12": 92.3675462775109,
        "5,13": 41.639243430801294,
        "5,14": 92.4810502563836,
        "5,15": 50.66624342694599,
        "5,16": 34.03948437543677,
        "5,17": 49.02094204758347,
        "5,18": 39.72414873292514,
        "5,19": 71.7688422281942,
        "5,20": 67.9777006350047,
        "5,21": 59.64855337993052,
        "5,22": 66.58744686627203,
        "5,23": 64.40854654500491,
        "5,24": 44.745652004791665,
        "5,25": 35.9369259866919,
        "5,26": 25.487875237522527,
        "5,27": 78.75118829510131,
        "5,28": 48.81615154727087,
        "5,29": 46.56387317885952,
        "5,30": 47.22796471413619,
        "5,31": 83.84003045392932,
        "5,32": 91.38752782860536,
        "5,33": 93.15775621292973,
        "5,34": 32.359758844119746,
        "5,35": 28.689156484796367,
        "5,36": 91.2037878340428,
        "5,37": 15.526666870147997,
        "5,38": 74.50199599726069,
        "5,39": 62.52622308112375,
        "5,40": 96.00194634425327,
        "6,0": 113.43661155809552,
        "6,1": 57.96657389943669,
        "6,2": 69.51367337108113,
        "6,3": 42.01053599085141,
        "6,4": 81.29650832183825,
        "6,5": 84.55760755474202,
        "6,6": 0.0,
        "6,7": 109.17939890250014,
        "6,8": 64.02681610625883,
        "6,9": 13.242361162999757,
        "6,10": 7.451342224625775,
        "6,11": 53.040347683379096,
        "6,12": 8.304986925375793,
        "6,13": 55.95916197146678,
        "6,14": 60.51022118075803,
        "6,15": 42.95207457504286,
        "6,16": 89.99590489218454,
        "6,17": 61.59014024288126,
        "6,18": 83.23374929541642,
        "6,19": 15.05602262035031,
        "6,20": 16.59470666471998,
        "6,21": 30.9766626196246,
        "6,22": 18.229401897110034,
        "6,23": 20.67031694564945,
        "6,24": 81.22162622612561,
        "6,25": 66.02473633703026,
        "6,26": 70.40514976457759,
        "6,27": 41.29611747272276,
        "6,28": 91.71641174435445,
        "6,29": 38.55294171516216,
        "6,30": 81.40058716086443,
        "6,31": 2.6714513869368495,
        "6,32": 39.75534994357704,
        "6,33": 31.71470684472832,
        "6,34": 87.63489564613164,
        "6,35": 58.74475930984889,
        "6,36": 68.72198988877619,
        "6,37": 86.52085942801644,
        "6,38": 29.47502377555419,
        "6,39": 33.995787849451084,
        "6,40": 71.85082837549321,
        "7,0": 6.536701667229099,
        "7,1": 65.49068893385383,
        "7,2": 92.45591904643803,
        "7,3": 78.73753856185432,
        "7,4": 36.54922554210523,
        "7,5": 65.49751132133969,
        "7,6": 109.17939890250014,
        "7,7": 0.0,
        "7,8": 63.86959578419006,
        "7,9": 122.25983144582787,
        "7,10": 110.2804212682148,
        "7,11": 57.393002822982474,
        "7,12": 113.84074009346774,
        "7,13": 55.44127482561299,
        "7,14": 74.31874282023588,
        "7,15": 67.10539228505215,
        "7,16": 31.682508427802567,
        "7,17": 47.66695732942697,
        "7,18": 30.327054587939372,
        "7,19": 103.93704499237654,
        "7,20": 95.99333803651216,
        "7,21": 100.90714928963374,
        "7,22": 93.51989564909532,
        "7,23": 96.59231197950626,
        "7,24": 29.42641213051328,
        "7,25": 95.93073970579098,
        "7,26": 86.84709449251032,
        "7,27": 76.70477988112266,
        "7,28": 19.5221133628466,
        "7,29": 78.0166631693985,
        "7,30": 28.48277946474537,
        "7,31": 107.05002220057946,
        "7,32": 88.96358608930468,
        "7,33": 96.61911037419101,
        "7,34": 33.74059976958729,
        "7,35": 62.48584649908284,
        "7,36": 66.37862970322324,
        "7,37": 49.97138081211873,
        "7,38": 82.98465815377423,
        "7,39": 75.26545588253451,
        "7,40": 69.207495355907,
        "8,0": 70.07501257300693,
        "8,1": 62.20665107243118,
        "8,2": 30.441530668513185,
        "8,3": 22.307299029308385,
        "8,4": 58.693458436611486,
        "8,5": 21.701428646711214,
        "8,6": 64.02681610625883,
        "8,7": 63.86959578419006,
        "8,8": 0.0,
        "8,9": 74.5496772435464,
        "8,10": 68.85686489394983,
        "8,11": 25.12084652708521,
        "8,12": 71.56703214678959,
        "8,13": 22.240453397819465,
        "8,14": 73.05518043547663,
        "8,15": 29.238512678352542,
        "8,16": 34.09230872911521,
        "8,17": 32.01051792158168,
        "8,18": 33.73237524705801,
        "8,19": 52.32319768452757,
        "8,20": 47.469410684028766,
        "8,21": 42.61117981743221,
        "8,22": 45.83462472585805,
        "8,23": 44.625783794566715,
        "8,24": 36.45662851173256,
        "8,25": 32.902094032811185,
        "8,26": 25.587335555246284,
        "8,27": 57.77345452488235,
        "8,28": 44.57288374442854,
        "8,29": 25.51890037717853,
        "8,30": 38.48747654907667,
        "8,31": 63.07768781305082,
        "8,32": 70.06608392362524,
        "8,33": 71.50754052727406,
        "8,34": 31.574785010283136,
        "8,35": 7.3043696145075465,
        "8,36": 73.09718012490924,
        "8,37": 23.36058785774627,
        "8,38": 52.86599244959591,
        "8,39": 40.91202714387179,
        "8,40": 77.96822833849549,
        "9,0": 126.59201761714488,
        "9,1": 70.54042539367951,
        "9,2": 75.71937609452029,
        "9,3": 52.24562425653313,
        "9,4": 94.49701914339128,
        "9,5": 94.19152608888908,
        "9,6": 13.242361162999757,
        "9,7": 122.25983144582787,
        "9,8": 74.5496772435464,
        "9,9": 0.0,
        "9,10": 15.522964410038941,
        "9,11": 65.73350597206046,
        "9,12": 12.604527661364285,
        "9,13": 68.49319345504799,
        "9,14": 72.19107775087758,
        "9,15": 55.66562476956743,
        "9,16": 102.22627838192443,
        "9,17": 74.61729187054014,
        "9,18": 95.8553106173402,
        "9,19": 22.42268928877278,
        "9,20": 27.67858108244058,
        "9,21": 36.51691547507485,
        "9,22": 29.823592531862616,
        "9,23": 29.940127646707133,
        "9,24": 94.07089147822347,
        "9,25": 71.62304099977423,
        "9,26": 77.48872141963474,
        "9,27": 53.84598018794459,
        "9,28": 104.58984295618724,
        "9,29": 49.53939337599525,
        "9,30": 94.33599346890624,
        "9,31": 15.665586062416546,
        "9,32": 50.567425872687124,
        "9,33": 41.583907556854385,
        "9,34": 99.81487928038565,
        "9,35": 69.87833992632208,
        "9,36": 80.84385620316347,
        "9,37": 97.54672293912604,
        "9,38": 42.44506372655172,
        "9,39": 47.182461017924304,
        "9,40": 83.68724996729165,
        "10,0": 114.20036628785168,
        "10,1": 55.46024429244082,
        "10,2": 76.27306993649282,
        "10,3": 47.3114354017849,
        "10,4": 80.61863336060466,
        "10,5": 89.8397955533065,
        "10,6": 7.451342224625775,
        "10,7": 110.2804212682148,
        "10,8": 68.85686489394983,
        "10,9": 15.522964410038941,
        "10,10": 0.0,
        "10,11": 55.505368530431035,
        "10,12": 3.613470472973343,
        "10,13": 58.68814702023109,
        "10,14": 56.69753374953662,
        "10,15": 45.52874612216265,
        "10,16": 92.94835906489942,
        "10,17": 63.1192839856489,
        "10,18": 85.58983327897957,
        "10,19": 22.273876574696867,
        "10,20": 22.22326145228978,
        "10,21": 38.16665848009029,
        "10,22": 23.30110811770084,
        "10,23": 27.091134177173437,
        "10,24": 83.1104960499852,
        "10,25": 72.94970785519115,
        "10,26": 76.89915119128999,
        "10,27": 38.83112556331937,
        "10,28": 93.49584155628513,
        "10,29": 43.36940724660243,
        "10,30": 83.06883109522431,
        "10,31": 6.531518054447781,
        "10,32": 35.05842408740842,
        "10,33": 26.22764499261459,
        "10,34": 90.66911540466546,
        "10,35": 63.13336569411499,
        "10,36": 65.45878936117862,
        "10,37": 90.80066259910551,
        "10,38": 28.220485315066668,
        "10,39": 35.21522517264503,
        "10,40": 68.21339963545027,
        "11,0": 62.37985601721028,
        "11,1": 37.09554135040994,
        "11,2": 52.335268405078864,
        "11,3": 24.15989804120799,
        "11,4": 38.83032427867934,
        "11,5": 45.06479026130983,
        "11,6": 53.040347683379096,
        "11,7": 57.393002822982474,
        "11,8": 25.12084652708521,
        "11,9": 65.73350597206046,
        "11,10": 55.505368530431035,
        "11,11": 0.0,
        "11,12": 58.85835979837012,
        "11,13": 3.7129338959829545,
        "11,14": 47.94810460363483,
        "11,15": 10.088439977057211,
        "11,16": 37.5715667270104,
        "11,17": 11.094303322532285,
        "11,18": 30.19802046355952,
        "11,19": 46.553852124051254,
        "11,20": 38.75435099055883,
        "11,21": 44.80479376870336,
        "11,22": 36.33159353558259,
        "11,23": 39.214934502370134,
        "11,24": 28.44986090593499,
        "11,25": 53.13240561984388,
        "11,26": 48.6156327088884,
        "11,27": 33.983658612509245,
        "11,28": 38.98041895283398,
        "11,29": 21.714447624117422,
        "11,30": 28.972307160222208,
        "11,31": 51.2107761161326,
        "11,32": 47.09490687948031,
        "11,33": 50.45600856793086,
        "11,34": 35.38718393654691,
        "11,35": 18.041496722070036,
        "11,36": 48.207098078714765,
        "11,37": 39.31517459492588,
        "11,38": 32.321670428264945,
        "11,39": 21.10419122797357,
        "11,40": 53.079676672026416,
        "12,0": 117.78522751837512,
        "12,1": 58.93407413527233,
        "12,2": 77.8185147274949,
        "12,3": 49.79295043676429,
        "12,4": 84.22734614569366,
        "12,5": 92.3675462775109,
        "12,6": 8.304986925375793,
        "12,7": 113.84074009346774,
        "12,8": 71.56703214678959,
        "12,9": 12.604527661364285,
        "12,10": 3.613470472973343,
        "12,11": 58.85835979837012,
        "12,12": 0.0,
        "12,13": 61.994561264771825,
        "12,14": 59.91177513664328,
        "12,15": 48.845189762932996,
        "12,16": 96.23408843640016,
        "12,17": 66.619936369614,
        "12,18": 88.98563051718038,
        "12,19": 23.305815785998462,
        "12,20": 24.456191115448824,
        "12,21": 39.20349564511116,
        "12,22": 25.78947715896613,
        "12,23": 28.892336351300067,
        "12,24": 86.57664118194582,
        "12,25": 74.31986779797582,
        "12,26": 78.68155104700016,
        "12,27": 42.33739537840611,
        "12,28": 96.98064185687403,
        "12,29": 46.04869816684361,
        "12,30": 86.56364669738196,
        "12,31": 8.528402774764892,
        "12,32": 38.07782028175262,
        "12,33": 28.9912289213448,
        "12,34": 93.93608206322745,
        "12,35": 66.00157794122694,
        "12,36": 68.78781404232812,
        "12,37": 93.72692834914629,
        "12,38": 31.830358083071822,
        "12,39": 38.71620134055003,
        "12,40": 71.45346662600764,
        "13,0": 60.65190511719524,
        "13,1": 40.070403768555096,
        "13,2": 50.469128534459195,
        "13,3": 24.45354362002833,
        "13,4": 39.369996884468826,
        "13,5": 41.639243430801294,
        "13,6": 55.95916197146678,
        "13,7": 55.44127482561299,
        "13,8": 22.240453397819465,
        "13,9": 68.49319345504799,
        "13,10": 58.68814702023109,
        "13,11": 3.7129338959829545,
        "13,12": 61.994561264771825,
        "13,13": 0.0,
        "13,14": 51.067518187003984,
        "13,15": 13.160793899099145,
        "13,16": 34.26776275567001,
        "13,17": 11.240603661852568,
        "13,18": 27.37413266726979,
        "13,19": 48.77263126592188,
        "13,20": 41.235232382818054,
        "13,21": 45.901857440883695,
        "13,22": 38.872155911339625,
        "13,23": 41.260975821558894,
        "13,24": 26.173008800437735,
        "13,25": 51.594623175971954,
        "13,26": 46.47826177010781,
        "13,27": 37.626718607183285,
        "13,28": 36.643068068070384,
        "13,29": 22.773676125063698,
        "13,30": 26.96092681657492,
        "13,31": 54.212572208939896,
        "13,32": 50.78280242341958,
        "13,33": 54.16125450999609,
        "13,34": 32.02295248930752,
        "13,35": 15.44341352884385,
        "13,36": 50.85860362799479,
        "13,37": 35.604820507424165,
        "13,38": 35.98327723985103,
        "13,39": 24.638305658340318,
        "13,40": 55.73039689513212,
        "14,0": 75.44859203351731,
        "14,1": 11.32698331202046,
        "14,2": 98.09152280603969,
        "14,3": 64.60649565030737,
        "14,4": 37.8026057487596,
        "14,5": 92.4810502563836,
        "14,6": 60.51022118075803,
        "14,7": 74.31874282023588,
        "14,8": 73.05518043547663,
        "14,9": 72.19107775087758,
        "14,10": 56.69753374953662,
        "14,11": 47.94810460363483,
        "14,12": 59.91177513664328,
        "14,13": 51.067518187003984,
        "14,14": 0.0,
        "14,15": 46.1481449646722,
        "14,16": 74.29592897688883,
        "14,17": 44.09287937284724,
        "14,18": 64.01217689289923,
        "14,19": 66.32859897855081,
        "14,20": 58.47862637320652,
        "14,21": 75.57944452973125,
        "14,22": 56.49320420214006,
        "14,23": 63.42016378368111,
        "14,24": 58.58284840269862,
        "14,25": 97.72054269205253,
        "14,26": 95.23720137896584,
        "14,27": 20.94939776729436,
        "14,28": 65.44519549184609,
        "14,29": 59.614249776344664,
        "14,30": 56.84439279231819,
        "14,31": 57.84460628908984,
        "14,32": 22.294628045862506,
        "14,33": 32.00304438260429,
        "14,34": 73.22453643960887,
        "14,35": 65.88657255847984,
        "14,36": 9.990719271861575,
        "14,37": 83.91744395669261,
        "14,38": 33.4328165464792,
        "14,39": 39.202940569255695,
        "14,40": 11.574174670576635,
        "15,0": 71.88647398829832,
        "15,1": 36.38573868294398,
        "15,2": 51.945863157816376,
        "15,3": 19.315971396503286,
        "15,4": 45.25628202425713,
        "15,5": 50.66624342694599,
        "15,6": 42.95207457504286,
        "15,7": 67.10539228505215,
        "15,8": 29.238512678352542,
        "15,9": 55.66562476956743,
        "15,10": 45.52874612216265,
        "15,11": 10.088439977057211,
        "15,12": 48.845189762932996,
        "15,13": 13.160793899099145,
        "15,14": 46.1481449646722,
        "15,15": 0.0,
        "15,16": 47.4276766261315,
        "15,17": 19.71428422749616,
        "15,18": 40.28368645190163,
        "15,19": 36.926071980843155,
        "15,20": 28.88866114983413,
        "15,21": 37.04208819961913,
        "15,22": 26.42328909737921,
        "15,23": 29.864918222661867,
        "15,24": 38.43676192739631,
        "15,25": 51.73515454085819,
        "15,26": 49.17686432371344,
        "15,27": 28.79310517428805,
        "15,28": 48.967063759017385,
        "15,29": 15.159406041307506,
        "15,30": 38.82622669828624,
        "15,31": 41.133694426518176,
        "15,32": 40.82810596383479,
        "15,33": 42.692594315447145,
        "15,34": 45.17168801655882,
        "15,35": 22.017919478232674,
        "15,36": 48.496209065082226,
        "15,37": 47.3231494369263,
        "15,38": 24.074351100710746,
        "15,39": 12.162925973491456,
        "15,40": 53.25131799872997,
        "16,0": 38.19964916364801,
        "16,1": 63.22997231206167,
        "16,2": 61.08643537632994,
        "16,3": 52.82747439417373,
        "16,4": 43.73982637532861,
        "16,5": 34.03948437543677,
        "16,6": 89.99590489218454,
        "16,7": 31.682508427802567,
        "16,8": 34.09230872911521,
        "16,9": 102.22627838192443,
        "16,10": 92.94835906489942,
        "16,11": 37.5715667270104,
        "16,12": 96.23408843640016,
        "16,13": 34.26776275567001,
        "16,14": 74.29592897688883,
        "16,15": 47.4276766261315,
        "16,16": 0.0,
        "16,17": 32.842992566495006,
        "16,18": 10.323605385188415,
        "16,19": 81.42481736349814,
        "16,20": 74.62283728758383,
        "16,21": 74.94813146117714,
        "16,22": 72.40783490619583,
        "16,23": 73.63222925709273,
        "16,24": 16.06310450608719,
        "16,25": 64.82013898895745,
        "16,26": 55.40904008834153,
        "16,27": 67.7573732440817,
        "16,28": 15.326388053404912,
        "16,29": 53.68730875899285,
        "16,30": 18.243974285896574,
        "16,31": 88.35153449359859,
        "16,32": 81.27783093674513,
        "16,33": 86.44407905242774,
        "16,34": 2.561500479133694,
        "16,35": 34.76116951694289,
        "16,36": 69.77163655780474,
        "16,37": 18.587651589762892,
        "16,38": 69.23697689706937,
        "16,39": 58.58912398730445,
        "16,40": 74.05435058623814,
        "17,0": 52.25201708453881,
        "17,1": 32.77174764333012,
        "17,2": 61.3264060578011,
        "17,3": 35.19455001427737,
        "17,4": 28.130733724262782,
        "17,5": 49.02094204758347,
        "17,6": 61.59014024288126,
        "17,7": 47.66695732942697,
        "17,8": 32.01051792158168,
        "17,9": 74.61729187054014,
        "17,10": 63.1192839856489,
        "17,11": 11.094303322532285,
        "17,12": 66.619936369614,
        "17,13": 11.240603661852568,
        "17,14": 44.09287937284724,
        "17,15": 19.71428422749616,
        "17,16": 32.842992566495006,
        "17,17": 0.0,
        "17,18": 23.60651060043109,
        "17,19": 56.62307799154223,
        "17,20": 48.47237931559696,
        "17,21": 55.82101430905431,
        "17,22": 45.97193635114191,
        "17,23": 49.564084606129384,
        "17,24": 20.15196258900568,
        "17,25": 62.67106745873402,
        "17,26": 57.08520100358562,
        "17,27": 34.93268062387247,
        "17,28": 30.39894886567603,
        "17,29": 32.785126420402385,
        "17,30": 19.95270749669788,
        "17,31": 59.52637069910608,
        "17,32": 48.463204435890695,
        "17,33": 53.71689107419644,
        "17,34": 31.148149694714878,
        "17,35": 25.917758482633165,
        "17,36": 42.18322033899269,
        "17,37": 39.85159655017212,
        "17,38": 37.179058025258335,
        "17,39": 27.905070018278085,
        "17,40": 46.98310654686512,
        "18,0": 36.40075654743218,
        "18,1": 52.990430331173954,
        "18,2": 63.183254636376105,
        "18,3": 48.989459214380005,
        "18,4": 34.059839369770025,
        "18,5": 39.72414873292514,
        "18,6": 83.23374929541642,
        "18,7": 30.327054587939372,
        "18,8": 33.73237524705801,
        "18,9": 95.8553106173402,
        "18,10": 85.58983327897957,
        "18,11": 30.19802046355952,
        "18,12": 88.98563051718038,
        "18,13": 27.37413266726979,
        "18,14": 64.01217689289923,
        "18,15": 40.28368645190163,
        "18,16": 10.323605385188415,
        "18,17": 23.60651060043109,
        "18,18": 0.0,
        "18,19": 75.95004659921521,
        "18,20": 68.58409322975336,
        "18,21": 71.29253635557046,
        "18,22": 66.2379576209532,
        "18,23": 68.30780539531655,
        "18,24": 5.892938242009555,
        "18,25": 66.2827783160322,
        "18,26": 57.76056411515011,
        "18,27": 58.22206476581174,
        "18,28": 10.861871632103993,
        "18,29": 48.879224973600536,
        "18,30": 8.279776130042215,
        "18,31": 81.40653167677576,
        "18,32": 71.68735582429501,
        "18,33": 77.29468218082485,
        "18,34": 9.707014449881807,
        "18,35": 32.189644807487255,
        "18,36": 59.45883165262425,
        "18,37": 25.364088966332236,
        "18,38": 60.654925123722926,
        "18,39": 50.63490313131334,
        "18,40": 63.76409414457234,
        "19,0": 108.80500868506086,
        "19,1": 61.29635168994438,
        "19,2": 54.672777199636926,
        "19,3": 30.03720927616294,
        "19,4": 80.14066082837064,
        "19,5": 71.7688422281942,
        "19,6": 15.05602262035031,
        "19,7": 103.93704499237654,
        "19,8": 52.32319768452757,
        "19,9": 22.42268928877278,
        "19,10": 22.273876574696867,
        "19,11": 46.553852124051254,
        "19,12": 23.305815785998462,
        "19,13": 48.77263126592188,
        "19,14": 66.32859897855081,
        "19,15": 36.926071980843155,
        "19,16": 81.42481736349814,
        "19,17": 56.62307799154223,
        "19,18": 75.95004659921521,
        "19,19": 0.0,
        "19,20": 8.644397037684357,
        "19,21": 15.922386122200583,
        "19,22": 11.145567407864968,
        "19,23": 7.835448558635119,
        "19,24": 74.9084173747579,
        "19,25": 51.05104337247775,
        "19,26": 55.857231044150296,
        "19,27": 45.57966652147668,
        "19,28": 85.40678139069054,
        "19,29": 27.876296065717796,
        "19,30": 75.52311343744482,
        "19,31": 15.854328762879014,
        "19,32": 48.25505694661255,
        "19,33": 42.13481493466584,
        "19,34": 78.94418841243701,
        "19,35": 48.03757449346174,
        "19,36": 73.16239607608865,
        "19,37": 75.49006393001433,
        "19,38": 32.94962262873969,
        "19,39": 31.912654982088192,
        "19,40": 76.96195500090484,
        "20,0": 100.72082528150578,
        "20,1": 52.950673360735124,
        "20,2": 54.57134327460503,
        "20,3": 25.417654007737465,
        "20,4": 71.53004438320094,
        "20,5": 67.9777006350047,
        "20,6": 16.59470666471998,
        "20,7": 95.99333803651216,
        "20,8": 47.469410684028766,
        "20,9": 27.67858108244058,
        "20,10": 22.22326145228978,
        "20,11": 38.75435099055883,
        "20,12": 24.456191115448824,
        "20,13": 41.235232382818054,
        "20,14": 58.47862637320652,
        "20,15": 28.88866114983413,
        "20,16": 74.62283728758383,
        "20,17": 48.47237931559696,
        "20,18": 68.58409322975336,
        "20,19": 8.644397037684357,
        "20,20": 0.0,
        "20,21": 19.015324945180545,
        "20,22": 2.5393737301292703,
        "20,23": 5.93914122251092,
        "20,24": 67.20207977273054,
        "20,25": 51.6165151437023,
        "20,26": 54.858304737471755,
        "20,27": 37.58125403862509,
        "20,28": 77.73012670640404,
        "20,29": 22.071271355440842,
        "20,30": 67.68683888061713,
        "20,31": 15.943784198229109,
        "20,32": 41.61384544661042,
        "20,33": 36.66097080028554,
        "20,34": 72.19292564613032,
        "20,35": 42.37578576901437,
        "20,36": 64.95220589663795,
        "20,37": 70.13381014347607,
        "20,38": 25.058656351379497,
        "20,39": 23.26854791754915,
        "20,40": 68.87256318265084,
        "21,0": 106.37087691334398,
        "21,1": 68.62461672173113,
        "21,2": 39.25149283875268,
        "21,3": 22.311277580138473,
        "21,4": 82.29602124030903,
        "21,5": 59.64855337993052,
        "21,6": 30.9766626196246,
        "21,7": 100.90714928963374,
        "21,8": 42.61117981743221,
        "21,9": 36.51691547507485,
        "21,10": 38.16665848009029,
        "21,11": 44.80479376870336,
        "21,12": 39.20349564511116,
        "21,13": 45.901857440883695,
        "21,14": 75.57944452973125,
        "21,15": 37.04208819961913,
        "21,16": 74.94813146117714,
        "21,17": 55.82101430905431,
        "21,18": 71.29253635557046,
        "21,19": 15.922386122200583,
        "21,20": 19.015324945180545,
        "21,21": 0.0,
        "21,22": 20.12301766701516,
        "21,23": 13.116275053339299,
        "21,24": 71.48439268941084,
        "21,25": 35.35522751852288,
        "21,26": 41.01261244181655,
        "21,27": 54.69832141450701,
        "21,28": 81.60935047457576,
        "21,29": 23.147990349158704,
        "21,30": 72.59757399666456,
        "21,31": 31.694439525916597,
        "21,32": 60.30658292462367,
        "21,33": 55.67589860676391,
        "21,34": 72.39164989534672,
        "21,35": 40.2130041717782,
        "21,36": 80.97934540393949,
        "21,37": 65.87534139836045,
        "21,38": 42.756760063231425,
        "21,39": 37.255112832956485,
        "21,40": 85.25036556534369,
        "22,0": 98.22327112380113,
        "22,1": 50.713789540657935,
        "22,2": 54.30070609822847,
        "22,3": 24.024446370119907,
        "22,4": 69.00484921740205,
        "22,5": 66.58744686627203,
        "22,6": 18.229401897110034,
        "22,7": 93.51989564909532,
        "22,8": 45.83462472585805,
        "22,9": 29.823592531862616,
        "22,10": 23.30110811770084,
        "22,11": 36.33159353558259,
        "22,12": 25.78947715896613,
        "22,13": 38.872155911339625,
        "22,14": 56.49320420214006,
        "22,15": 26.42328909737921,
        "22,16": 72.40783490619583,
        "22,17": 45.97193635114191,
        "22,18": 66.2379576209532,
        "22,19": 11.145567407864968,
        "22,20": 2.5393737301292703,
        "22,21": 20.12301766701516,
        "22,22": 0.0,
        "22,23": 7.1070516186534975,
        "22,24": 64.78131697904239,
        "22,25": 51.556835375358126,
        "22,26": 54.32248617165282,
        "22,27": 35.55774540508854,
        "22,28": 75.31198880645387,
        "22,29": 20.333131417773902,
        "22,30": 65.23923102267248,
        "22,31": 17.26962307084442,
        "22,32": 40.203108845257304,
        "22,33": 35.74850560426558,
        "22,34": 69.99235449264492,
        "22,35": 40.525888479336174,
        "22,36": 62.7822941035096,
        "22,37": 68.30231264605787,
        "22,38": 23.14570637501941,
        "22,39": 20.77926447307755,
        "22,40": 66.76190282081562,
        "23,0": 101.5808586690639,
        "23,1": 57.2726246985291,
        "23,2": 49.22311442667599,
        "23,3": 22.318660924325762,
        "23,4": 74.04245053963403,
        "23,5": 64.40854654500491,
        "23,6": 20.67031694564945,
