{
    "num_robots": 4,
    "num_tasks": 50,
    "num_nodes": 51,
    "robot_capacity": [
        139,
        162,
        166,
        167
    ],
    "robot_speed": [
        0.83,
        0.97,
        1.04,
        0.97
    ],
    "task_demand": {
        "0": 0,
        "1": 14,
        "2": 5,
        "3": 15,
        "4": 13,
        "5": 14,
        "6": 9,
        "7": 13,
        "8": 10,
        "9": 7,
        "10": 11,
        "11": 9,
        "12": 9,
        "13": 15,
        "14": 8,
        "15": 12,
        "16": 8,
        "17": 14,
        "18": 5,
        "19": 14,
        "20": 10,
        "21": 8,
        "22": 8,
        "23": 12,
        "24": 13,
        "25": 10,
        "26": 15,
        "27": 10,
        "28": 11,
        "29": 8,
        "30": 8,
        "31": 10,
        "32": 11,
        "33": 6,
        "34": 10,
        "35": 14,
        "36": 13,
        "37": 8,
        "38": 14,
        "39": 6,
        "40": 5,
        "41": 8,
        "42": 6,
        "43": 8,
        "44": 15,
        "45": 13,
        "46": 8,
        "47": 13,
        "48": 8,
        "49": 7,
        "50": 11
    },
    "task_service_time": {
        "0": 0,
        "1": 81,
        "2": 78,
        "3": 65,
        "4": 64,
        "5": 46,
        "6": 53,
        "7": 22,
        "8": 75,
        "9": 46,
        "10": 39,
        "11": 68,
        "12": 17,
        "13": 92,
        "14": 82,
        "15": 94,
        "16": 55,
        "17": 80,
        "18": 44,
        "19": 40,
        "20": 25,
        "21": 48,
        "22": 41,
        "23": 54,
        "24": 57,
        "25": 29,
        "26": 22,
        "27": 49,
        "28": 39,
        "29": 55,
        "30": 86,
        "31": 55,
        "32": 22,
        "33": 98,
        "34": 28,
        "35": 79,
        "36": 44,
        "37": 86,
        "38": 32,
        "39": 40,
        "40": 75,
        "41": 56,
        "42": 44,
        "43": 96,
        "44": 77,
        "45": 51,
        "46": 71,
        "47": 81,
        "48": 73,
        "49": 79,
        "50": 75
    },
    "task_precedence": [],
    "coordinates": {
        "0": [
            50.0,
            50.0
        ],
        "1": [
            98.14930170525658,
            31.758206775083607
        ],
        "2": [
            12.745060165150656,
            48.01862236815844
        ],
        "3": [
            93.35800469196747,
            63.38115487155318
        ],
        "4": [
            77.66079987158189,
            22.666317463536366
        ],
        "5": [
            89.11458568129716,
            90.47841134428194
        ],
        "6": [
            71.35772967397622,
            23.003420658095852
        ],
        "7": [
            77.08871953328662,
            68.41284150402174
        ],
        "8": [
            89.04660763382181,
            2.8810039683272337
        ],
        "9": [
            98.40210743870439,
            29.41791011129714
        ],
        "10": [
            35.038810740738505,
            49.68811574310491
        ],
        "11": [
            42.746288511003804,
            19.85039285724407
        ],
        "12": [
            74.08112445194945,
            95.36467005486581
        ],
        "13": [
            65.11966527996739,
            54.678844542012875
        ],
        "14": [
            1.399835094333135,
            49.63692624224932
        ],
        "15": [
            25.73004525677628,
            70.54459892348773
        ],
        "16": [
            33.84600356462144,
            84.4882041931729
        ],
        "17": [
            64.19513238150766,
            92.11578921508715
        ],
        "18": [
            21.749880852937597,
            88.35356801351331
        ],
        "19": [
            17.85067212128172,
            63.65991971796603
        ],
        "20": [
            72.52084644560169,
            50.4377863144404
        ],
        "21": [
            27.552720976122636,
            95.31147955289065
        ],
        "22": [
            82.72332585754425,
            89.70253731788851
        ],
        "23": [
            31.778487889327067,
            20.81029743594105
        ],
        "24": [
            46.15548289470573,
            49.8879245277045
        ],
        "25": [
            87.2852735631225,
            78.23294025922114
        ],
        "26": [
            21.285231967005913,
            63.065523119824896
        ],
        "27": [
            93.65782987201128,
            44.615367396669605
        ],
        "28": [
            87.18059642278389,
            33.45896464034696
        ],
        "29": [
            91.54171089614282,
            51.33705619203728
        ],
        "30": [
            82.44774843687185,
            54.710285016085855
        ],
        "31": [
            44.26130546487441,
            57.03409007487244
        ],
        "32": [
            31.13477312325238,
            36.640356895839645
        ],
        "33": [
            32.265738589823755,
            15.566895609915932
        ],
        "34": [
            57.34925485301808,
            26.79173882954523
        ],
        "35": [
            0.5981570101757927,
            60.24616185848504
        ],
        "36": [
            57.90059691181906,
            71.28676313902173
        ],
        "37": [
            4.5956873077947265,
            59.10347842178132
        ],
        "38": [
            25.28231643991369,
            96.9525110590253
        ],
        "39": [
            67.9688094978928,
            78.29683470149914
        ],
        "40": [
            73.7481068985107,
            63.46483270498345
        ],
        "41": [
            5.971002882366494,
            54.694836282822244
        ],
        "42": [
            81.75586592071087,
            71.27856883589995
        ],
        "43": [
            92.283199937116,
            48.94064775053685
        ],
        "44": [
            32.152482730310986,
            66.58880443744701
        ],
        "45": [
            56.57422270128677,
            49.098148110088346
        ],
        "46": [
            9.076667761606883,
            49.43192193082828
        ],
        "47": [
            40.03545898299736,
            46.57204418758331
        ],
        "48": [
            25.875347179895602,
            66.67326947301545
        ],
        "49": [
            86.03368536145605,
            66.30754884471264
        ],
        "50": [
            9.185155986055204,
            59.110251694798734
        ]
    },
    "distance_matrix_str_keys": {
        "0,0": 0.0,
        "0,1": 51.48901120398827,
        "0,2": 37.30759171292361,
        "0,3": 45.37589532521826,
        "0,4": 38.88765936052055,
        "0,5": 56.289009566490236,
        "0,6": 34.4233628948476,
        "0,7": 32.75410597475208,
        "0,8": 61.19507622956626,
        "0,9": 52.59644882208805,
        "0,10": 14.96443971023107,
        "0,11": 31.00992004549697,
        "0,12": 51.3600413167388,
        "0,13": 15.827061143073124,
        "0,14": 48.601521081254035,
        "0,15": 31.797975535639065,
        "0,16": 38.08395763709718,
        "0,17": 44.44368891685498,
        "0,18": 47.634708051907,
        "0,19": 34.93097035231929,
        "0,20": 22.525101142580507,
        "0,21": 50.566891488876706,
        "0,22": 51.45004883046618,
        "0,23": 34.41020545387124,
        "0,24": 3.8461503720461208,
        "0,25": 46.76847806330276,
        "0,26": 31.547516504208982,
        "0,27": 43.98863918566166,
        "0,28": 40.69401185829707,
        "0,29": 41.563222486224234,
        "0,30": 32.78785085294982,
        "0,31": 9.07805255266234,
        "0,32": 23.11659250369094,
        "0,33": 38.731675740960306,
        "0,34": 24.344094426588317,
        "0,35": 50.453205285903465,
        "0,36": 22.705631823401415,
        "0,37": 46.307935933567485,
        "0,38": 53.06130582000837,
        "0,39": 33.51997865296946,
        "0,40": 27.299712471677854,
        "0,41": 44.27859612619944,
        "0,42": 38.22580950193598,
        "0,43": 42.29646822266096,
        "0,44": 24.36641757328535,
        "0,45": 6.635792413679889,
        "0,46": 40.92727494210406,
        "0,47": 10.537692286805937,
        "0,48": 29.32570184344034,
        "0,49": 39.55202434833267,
        "0,50": 41.81923215250644,
        "1,0": 51.48901120398827,
        "1,1": 0.0,
        "1,2": 86.93840111423872,
        "1,3": 31.98386113935529,
        "1,4": 22.41519927731891,
        "1,5": 59.41118176136618,
        "1,6": 28.185716451094255,
        "1,7": 42.27422818377855,
        "1,8": 30.277910781635377,
        "1,9": 2.3539114710188573,
        "1,10": 65.60804604150354,
        "1,11": 56.66824422288412,
        "1,12": 68.0077887249607,
        "1,13": 40.203389384846325,
        "1,14": 98.38753934967475,
        "1,15": 82.15188932970769,
        "1,16": 83.15868432987088,
        "1,17": 69.2526055283672,
        "1,18": 95.07842247470298,
        "1,19": 86.40364113713306,
        "1,20": 31.7134736470682,
        "1,21": 94.98892404599324,
        "1,22": 59.96253974697901,
        "1,23": 67.26768648828994,
        "1,24": 55.06399785970947,
        "1,25": 47.72764356109251,
        "1,26": 82.9953810367563,
        "1,27": 13.619100501798844,
        "1,28": 11.099778055889194,
        "1,29": 20.663775085700866,
        "1,30": 27.80893149009886,
        "1,31": 59.521310598708986,
        "1,32": 67.19213072131183,
        "1,33": 67.84395659181813,
        "1,34": 41.101211989416036,
        "1,35": 101.62573205716397,
        "1,36": 56.413340671921866,
        "1,37": 97.46816222880511,
        "1,38": 97.77471479235763,
        "1,39": 55.468062875424884,
        "1,40": 40.009104412063,
        "1,41": 94.98909277942013,
        "1,42": 42.7855554391904,
        "1,43": 18.156195301580023,
        "1,44": 74.62406212696528,
        "1,45": 45.0462069400714,
        "1,46": 90.80910926259443,
        "1,47": 59.97223103096512,
        "1,48": 80.26572186141765,
        "1,49": 36.61209085581435,
        "1,50": 93.07391463153041,
        "2,0": 37.30759171292361,
        "2,1": 86.93840111423872,
        "2,2": 0.0,
        "2,3": 82.06372054812957,
        "2,4": 69.6906925321456,
        "2,5": 87.37927733426439,
        "2,6": 63.7275869898267,
        "2,7": 67.49837535114696,
        "2,8": 88.65286651272285,
        "2,9": 87.65338695159686,
        "2,10": 22.356174155152615,
        "2,11": 41.15243438776824,
        "2,12": 77.48394036022098,
        "2,13": 52.796380750370474,
        "2,14": 11.460062798100365,
        "2,15": 26.000566486155343,
        "2,16": 42.13407422548993,
        "2,17": 67.76186283592135,
        "2,18": 41.32789174193292,
        "2,19": 16.453493739376032,
        "2,20": 59.82471880122086,
        "2,21": 49.55684775475809,
        "2,22": 81.452479611437,
        "2,23": 33.204883926142095,
        "2,24": 33.462675289511054,
        "2,25": 80.43101652371038,
        "2,26": 17.301553590232995,
        "2,27": 80.98430987565693,
        "2,28": 75.84611190504397,
        "2,29": 78.86649586145836,
        "2,30": 70.02316117755899,
        "2,31": 32.78036570514677,
        "2,32": 21.625135094143033,
        "2,33": 37.87045623901474,
        "2,34": 49.397517837590065,
        "2,35": 17.235427997117878,
        "2,36": 50.797921943839704,
        "2,37": 13.75813619999996,
        "2,38": 50.5144361277965,
        "2,39": 62.979620771074856,
        "2,40": 62.92819022125099,
        "2,41": 9.511029613285396,
        "2,42": 72.82524576487101,
        "2,43": 79.54348376322503,
        "2,44": 26.86074668934617,
        "2,45": 43.842455045840296,
        "2,46": 3.9312235347561235,
        "2,47": 27.32871120396359,
        "2,48": 22.812283877251964,
        "2,49": 75.53613317366288,
        "2,50": 11.64891234767986,
        "3,0": 45.37589532521826,
        "3,1": 31.98386113935529,
        "3,2": 82.06372054812957,
        "3,3": 0.0,
        "3,4": 43.63599688713874,
        "3,5": 27.427502862071837,
        "3,6": 45.982317482700374,
        "3,7": 17.02960686398355,
        "3,8": 60.65357700833561,
        "3,9": 34.335768043902824,
        "3,10": 59.9051559024286,
        "3,11": 66.75682029821998,
        "3,12": 37.34358519570914,
        "3,13": 29.548841226331373,
        "3,14": 92.97961484304962,
        "3,15": 68.00629256218178,
        "3,16": 63.14416686635847,
        "3,17": 40.94083941802836,
        "3,18": 75.83762138858643,
        "3,19": 75.50784715365508,
        "3,20": 24.52993993855967,
        "3,21": 73.1428807142463,
        "3,22": 28.388581644696146,
        "3,23": 74.86197160407869,
        "3,24": 49.09323099097398,
        "3,25": 16.045360468515195,
        "3,26": 72.07346385228519,
        "3,27": 18.76818250899872,
        "3,28": 30.55319690567045,
        "3,29": 12.180280627090154,
        "3,30": 13.936200185212071,
        "3,31": 49.505263422477654,
        "3,32": 67.72592430695846,
        "3,33": 77.57878812042762,
        "3,34": 51.33629740504457,
        "3,35": 92.81280904671067,
        "3,36": 36.32803887586551,
        "3,37": 88.86533352898388,
        "3,38": 75.9034603114834,
        "3,39": 29.446370530037832,
        "3,40": 19.610076324421282,
        "3,41": 87.81765321332685,
        "3,42": 14.034912589387748,
        "3,43": 14.480450655044361,
        "3,44": 61.28951732830331,
        "3,45": 39.45948428053737,
        "3,46": 85.42789271896837,
        "3,47": 55.909212862203276,
        "3,48": 67.56291204085827,
        "3,49": 7.887295819319014,
        "3,50": 84.28113118138369,
        "4,0": 38.88765936052055,
        "4,1": 22.41519927731891,
        "4,2": 69.6906925321456,
        "4,3": 43.63599688713874,
        "4,4": 0.0,
        "4,5": 68.77259109460604,
        "4,6": 6.312078301140355,
        "4,7": 45.75010095836041,
        "4,8": 22.827510782001337,
        "4,9": 21.812515739255538,
        "4,10": 50.46594435588643,
        "4,11": 35.02788225023401,
        "4,12": 72.78643105416816,
        "4,13": 34.381418626856885,
        "4,14": 80.88973041524592,
        "4,15": 70.63379580924047,
        "4,16": 75.77388768060173,
        "4,17": 70.74286767952437,
        "4,18": 86.26033706359398,
        "4,19": 72.5101841626513,
        "4,20": 28.243116034849603,
        "4,21": 88.25043425152153,
        "4,22": 67.22710719434222,
        "4,23": 45.919836271265154,
        "4,24": 41.636533104587485,
        "4,25": 56.3939718654137,
        "4,26": 69.35632973436924,
        "4,27": 27.1600029786783,
        "4,28": 14.391238982776827,
        "4,29": 31.854214008663586,
        "4,30": 32.399548346783725,
        "4,31": 47.92358522573395,
        "4,32": 48.579264537885294,
        "4,33": 45.946853857802274,
        "4,34": 20.726262627117958,
        "4,35": 85.73736425580844,
        "4,36": 52.48250526312405,
        "4,37": 81.64666173614165,
        "4,38": 90.89523686920013,
        "4,39": 56.46847904421505,
        "4,40": 40.98570497390658,
        "4,41": 78.519125123197,
        "4,42": 48.78442937492037,
        "4,43": 30.069170519103494,
        "4,44": 63.2470694262101,
        "4,45": 33.81250372401925,
        "4,46": 73.62187691018221,
        "4,47": 44.577461201676826,
        "4,48": 67.95840592338429,
        "4,49": 44.43717236607107,
        "4,50": 77.56980177743168,
        "5,0": 56.289009566490236,
        "5,1": 59.41118176136618,
        "5,2": 87.37927733426439,
        "5,3": 27.427502862071837,
        "5,4": 68.77259109460604,
        "5,5": 0.0,
        "5,6": 69.77234626530506,
        "5,7": 25.129879207534326,
        "5,8": 87.59743375238742,
        "5,9": 61.762795202432756,
        "5,10": 67.73505481398352,
        "5,11": 84.4886736662258,
        "5,12": 15.807608317549416,
        "5,13": 43.09715986345593,
        "5,14": 96.75693451051897,
        "5,15": 66.44514160158838,
        "5,16": 55.592254414629785,
        "5,17": 24.97318880423948,
        "5,18": 67.39820780845973,
        "5,19": 76.14313408968749,
        "5,20": 43.34286371021914,
        "5,21": 61.75128933299512,
        "5,22": 6.4381816252378234,
        "5,23": 90.22790148039529,
        "5,24": 59.10221765920188,
        "5,25": 12.381354728815452,
        "5,26": 73.15933068382331,
        "5,27": 46.08752399421212,
        "5,28": 57.05223586218971,
        "5,29": 39.21653503259421,
        "5,30": 36.384139125083756,
        "5,31": 55.94943584473767,
        "5,32": 79.12139262588497,
        "5,33": 94.04002661234145,
        "5,34": 71.16901361287324,
        "5,35": 93.53687536828019,
        "5,36": 36.641949398682,
        "5,37": 90.15448185288318,
        "5,38": 64.15974254640452,
        "5,39": 24.403578833905122,
        "5,40": 31.07832204420615,
        "5,41": 90.51695755393992,
        "5,42": 20.561729228387264,
        "5,43": 41.658443569965904,
        "5,44": 61.768879630132865,
        "5,45": 52.6422017795797,
        "5,46": 89.94933350552321,
        "5,47": 65.85233294551217,
        "5,48": 67.57134056497824,
        "5,49": 24.36642240366612,
        "5,50": 85.86428344312955,
        "6,0": 34.4233628948476,
        "6,1": 28.185716451094255,
        "6,2": 63.7275869898267,
        "6,3": 45.982317482700374,
        "6,4": 6.312078301140355,
        "6,5": 69.77234626530506,
        "6,6": 0.0,
        "6,7": 45.76963782170368,
        "6,8": 26.791940148391447,
        "6,9": 27.79467653394358,
        "6,10": 45.0681353536953,
        "6,11": 28.784651287364536,
        "6,12": 72.41248023219639,
        "6,13": 32.283833812136095,
        "6,14": 74.85619970127783,
        "6,15": 65.89422748721894,
        "6,16": 72.02435839393873,
        "6,17": 69.4825322475475,
        "6,18": 82.04620907772521,
        "6,19": 67.20086401046186,
        "6,20": 27.459010535531934,
        "6,21": 84.54190776267201,
        "6,22": 67.6605419709639,
        "6,23": 39.63995673200556,
        "6,24": 36.850098928473074,
        "6,25": 57.48031393191728,
        "6,26": 64.12664875282836,
        "6,27": 31.054318712110746,
        "6,28": 18.965271211224763,
        "6,29": 34.78775647475707,
        "6,30": 33.59038200999438,
        "6,31": 43.50060535065612,
        "6,32": 42.47178196913461,
        "6,33": 39.79303546747425,
        "6,34": 14.5116753470284,
        "6,35": 79.96210912477746,
        "6,36": 50.1236030559327,
        "6,37": 75.89719672982159,
        "6,38": 87.12870752980594,
        "6,39": 55.39716975202879,
        "6,40": 40.531959835463105,
        "6,41": 72.66202491549328,
        "6,42": 49.382296108976135,
        "6,43": 33.32589166066531,
        "6,44": 58.623690323171395,
        "6,45": 29.991446767459024,
        "6,46": 67.65645832036438,
        "6,47": 39.19903897181235,
        "6,48": 63.05317448674402,
        "6,49": 45.72342062164434,
        "6,50": 71.89667701982464,
        "7,0": 32.75410597475208,
        "7,1": 42.27422818377855,
        "7,2": 67.49837535114696,
        "7,3": 17.02960686398355,
        "7,4": 45.75010095836041,
        "7,5": 25.129879207534326,
        "7,6": 45.76963782170368,
        "7,7": 0.0,
        "7,8": 66.61390859745119,
        "7,9": 44.43945519839445,
        "7,10": 46.0305353464758,
        "7,11": 59.47868514931354,
        "7,12": 27.119120384101272,
        "7,13": 18.217599520007237,
        "7,14": 77.98296109747636,
        "7,15": 51.40289693330653,
        "7,16": 46.13404133537841,
        "7,17": 26.982852329470656,
        "7,18": 58.821931626018824,
        "7,19": 59.428415145377244,
        "7,20": 18.546376293327256,
        "7,21": 56.36800406205111,
        "7,22": 22.022714098774028,
        "7,23": 65.71924598915326,
        "7,24": 36.05603524956523,
        "7,25": 14.156413869523279,
        "7,26": 56.059103082925034,
        "7,27": 28.997503190911587,
        "7,28": 36.381581699449356,
        "7,29": 22.371218191144177,
        "7,30": 14.713233672260348,
        "7,31": 34.74356197204534,
        "7,32": 55.86820176838938,
        "7,33": 69.29497541741965,
        "7,34": 46.06476585963381,
        "7,35": 76.92529370457255,
        "7,36": 19.40215130599172,
        "7,37": 73.08832986355064,
        "7,38": 59.147410254227005,
        "7,39": 13.448646050121782,
        "7,40": 5.970132649362566,
        "7,41": 72.42867725486514,
        "7,42": 5.476737034249593,
        "7,43": 24.698958769867424,
        "7,44": 44.97324192487507,
        "7,45": 28.176265919595988,
        "7,46": 70.61100830633764,
        "7,47": 43.011214175205126,
        "7,48": 51.242907984014096,
        "7,49": 9.189378153523752,
        "7,50": 68.53781525239592,
        "8,0": 61.19507622956626,
        "8,1": 30.277910781635377,
        "8,2": 88.65286651272285,
        "8,3": 60.65357700833561,
        "8,4": 22.827510782001337,
        "8,5": 87.59743375238742,
        "8,6": 26.791940148391447,
        "8,7": 66.61390859745119,
        "8,8": 0.0,
        "8,9": 28.137746253741646,
        "8,10": 71.46850941457411,
        "8,11": 49.31206454954082,
        "8,12": 93.68668090861833,
        "8,13": 57.05711926220624,
        "8,14": 99.33817495944803,
        "8,15": 92.667951059157,
        "8,16": 98.52330596433856,
        "8,17": 92.63067915249107,
        "8,18": 108.78606822511517,
        "8,19": 93.61056475210188,
        "8,20": 50.34628417237625,
        "8,21": 111.01752525191023,
        "8,22": 87.0514936436543,
        "8,23": 60.00914183120442,
        "8,24": 63.63410376411394,
        "8,25": 75.37251886792387,
        "8,26": 90.62990884777683,
        "8,27": 41.98833720569242,
        "8,28": 30.63484415986646,
        "8,29": 48.520248735930444,
        "8,30": 52.24767283457438,
        "8,31": 70.27289680400847,
        "8,32": 67.03338337324114,
        "8,33": 58.18074368838702,
        "8,34": 39.70447600603981,
        "8,35": 105.42243479206066,
        "8,36": 75.1626361406661,
        "8,37": 101.45405155824123,
        "8,38": 113.64564786113353,
        "8,39": 78.30594549223838,
        "8,40": 62.48555376357647,
        "8,41": 97.90929130544573,
        "8,42": 68.785040485131,
        "8,43": 46.17322075707719,
        "8,44": 85.41443255767416,
        "8,45": 56.48433584479021,
        "8,46": 92.53204442957679,
        "8,47": 65.65820350507515,
        "8,48": 89.77784406833578,
        "8,49": 63.498065290018474,
        "8,50": 97.67077228717639,
        "9,0": 52.59644882208805,
        "9,1": 2.3539114710188573,
        "9,2": 87.65338695159686,
        "9,3": 34.335768043902824,
        "9,4": 21.812515739255538,
        "9,5": 61.762795202432756,
        "9,6": 27.79467653394358,
        "9,7": 44.43945519839445,
        "9,8": 28.137746253741646,
        "9,9": 0.0,
        "9,10": 66.52660073076201,
        "9,11": 56.47218401053387,
        "9,12": 70.28858627470535,
        "9,13": 41.7831995467388,
        "9,14": 99.08708015314245,
        "9,15": 83.50229430637692,
        "9,16": 84.85415627808499,
        "9,17": 71.42227374339987,
        "9,18": 96.69010090450206,
        "9,19": 87.52741829621237,
        "9,20": 33.34178858712543,
        "9,21": 96.75535156195944,
        "9,22": 62.290131395811194,
        "9,23": 67.17735986051494,
        "9,24": 56.113556886455605,
        "9,25": 50.06486955700588,
        "9,26": 84.13782944484066,
        "9,27": 15.920768749358436,
        "9,28": 11.926962362109608,
        "9,29": 22.967673056494352,
        "9,30": 29.90394287520863,
        "9,31": 60.77729702898978,
        "9,32": 67.65395778121437,
        "9,33": 67.57122085054155,
        "9,34": 41.13676556346147,
        "9,35": 102.54751983940945,
        "9,36": 58.25266696741537,
        "9,37": 98.39144995218413,
        "9,38": 99.53605457760379,
        "9,39": 57.57894487266035,
        "9,40": 42.03584994663886,
        "9,41": 95.82500762423867,
        "9,42": 45.048996720604514,
        "9,43": 20.459186541590103,
        "9,44": 75.96504563948324,
        "9,45": 46.22643950485219,
        "9,46": 91.54012695326087,
        "9,47": 60.835269111423266,
        "9,48": 81.53583724234086,
        "9,49": 38.907882370579784,
        "9,50": 94.02818500436824,
        "10,0": 14.96443971023107,
        "10,1": 65.60804604150354,
        "10,2": 22.356174155152615,
        "10,3": 59.9051559024286,
        "10,4": 50.46594435588643,
        "10,5": 67.73505481398352,
        "10,6": 45.0681353536953,
        "10,7": 46.0305353464758,
        "10,8": 71.46850941457411,
        "10,9": 66.52660073076201,
        "10,10": 0.0,
        "10,11": 30.817120575948646,
        "10,12": 60.08868340810817,
        "10,13": 30.492051156891637,
        "10,14": 33.63901459472991,
        "10,15": 22.83957104433001,
        "10,16": 34.82052476761303,
        "10,17": 51.48007933040827,
        "10,18": 40.88536237870613,
        "10,19": 22.150472128458272,
        "10,20": 37.48953195955059,
        "10,21": 46.233460451105685,
        "10,22": 62.24923225140519,
        "10,23": 29.06128172116646,
        "10,24": 11.118467670016107,
        "10,25": 59.53570260026015,
        "10,26": 19.18634819886239,
        "10,27": 58.83810142840084,
        "10,28": 54.60907579906936,
        "10,29": 56.52695578726767,
        "10,30": 47.6742022238687,
        "10,31": 11.790578773737192,
        "10,32": 13.619306908030808,
        "10,33": 34.23372010944355,
        "10,34": 31.968734605156627,
        "10,35": 36.02264519941612,
        "10,36": 31.45095922647439,
        "10,37": 31.86585662938411,
        "10,38": 48.26087696697631,
        "10,39": 43.62159578221055,
        "10,40": 41.08780280421222,
        "10,41": 29.495842151972216,
        "10,42": 51.46485120391164,
        "10,43": 57.24926901599927,
        "10,44": 17.145383277338578,
        "10,45": 21.5434915953411,
        "10,46": 25.963407005597748,
        "10,47": 5.888666707837975,
        "10,48": 19.299339669003956,
        "10,49": 53.63471631510245,
        "10,50": 27.517051260383255,
        "11,0": 31.00992004549697,
        "11,1": 56.66824422288412,
        "11,2": 41.15243438776824,
        "11,3": 66.75682029821998,
        "11,4": 35.02788225023401,
        "11,5": 84.4886736662258,
        "11,6": 28.784651287364536,
        "11,7": 59.47868514931354,
        "11,8": 49.31206454954082,
        "11,9": 56.47218401053387,
        "11,10": 30.817120575948646,
        "11,11": 0.0,
        "11,12": 81.75743393799266,
        "11,13": 41.3955195015629,
        "11,14": 50.958480954920056,
        "11,15": 53.47387271531601,
        "11,16": 65.2476951809482,
        "11,17": 75.38130016215831,
        "11,18": 71.64868554994017,
        "11,19": 50.389149220685574,
        "11,20": 42.686214855689215,
        "11,21": 76.97545127977415,
        "11,22": 80.48282798682853,
        "11,23": 11.009726030971708,
        "11,24": 30.23038066580998,
        "11,25": 73.43189382425699,
        "11,26": 48.25064177393399,
        "11,27": 56.615271859207475,
        "11,28": 46.47150681411941,
        "11,29": 58.072396314451645,
        "11,30": 52.833871726113216,
        "11,31": 37.214548433949574,
        "11,32": 20.41397026590665,
        "11,33": 11.322114436721389,
        "11,34": 16.168763400247506,
        "11,35": 58.38050310003084,
        "11,36": 53.62232045399713,
        "11,37": 54.73822337729989,
        "11,38": 79.05521457627738,
        "11,39": 63.656595331418295,
        "11,40": 53.510112189791165,
        "11,41": 50.66119689373887,
        "11,42": 64.54924022926626,
        "11,43": 57.446919181059904,
        "11,44": 47.923979780058836,
        "11,45": 32.351861635786534,
        "11,46": 44.81863701340691,
        "11,47": 26.85880203118025,
        "11,48": 49.769573395533996,
        "11,49": 63.49855170421236,
        "11,50": 51.64964793976704,
        "12,0": 51.3600413167388,
        "12,1": 68.0077887249607,
        "12,2": 77.48394036022098,
        "12,3": 37.34358519570914,
        "12,4": 72.78643105416816,
        "12,5": 15.807608317549416,
        "12,6": 72.41248023219639,
        "12,7": 27.119120384101272,
        "12,8": 93.68668090861833,
        "12,9": 70.28858627470535,
        "12,10": 60.08868340810817,
        "12,11": 81.75743393799266,
        "12,12": 0.0,
        "12,13": 41.66106273432564,
        "12,14": 85.86964758794481,
        "12,15": 54.34945068999848,
        "12,16": 41.67928097338616,
        "12,17": 10.406155194302977,
        "12,18": 52.798812566698665,
        "12,19": 64.55273009901784,
        "12,20": 44.953969236128565,
        "12,21": 46.52843387906833,
        "12,22": 10.33186296202262,
        "12,23": 85.71970331697837,
        "12,24": 53.36642989863425,
        "12,25": 21.629741550491804,
        "12,26": 61.89217362488637,
        "12,27": 54.39429304069572,
        "12,28": 63.27647689927012,
        "12,29": 47.36351825434297,
        "12,30": 41.506378061527535,
        "12,31": 48.56392659191172,
        "12,32": 72.75255355276029,
        "12,33": 90.09001776648486,
        "12,34": 70.58471758892424,
        "12,35": 81.44357630892709,
        "12,36": 29.009568644241686,
        "12,37": 78.37793052744857,
        "12,38": 48.82463417630506,
        "12,39": 18.129296669954346,
        "12,40": 31.901575566730994,
        "12,41": 79.32858273831083,
        "12,42": 25.27927863968027,
        "12,43": 49.86487139139671,
        "12,44": 50.85333262091352,
        "12,45": 49.467996338783834,
        "12,46": 79.595205507825,
        "12,47": 59.49645095506455,
        "12,48": 56.09806975067028,
        "12,49": 31.419420830387665,
        "12,50": 74.3361928925144,
        "13,0": 15.827061143073124,
        "13,1": 40.203389384846325,
        "13,2": 52.796380750370474,
        "13,3": 29.548841226331373,
        "13,4": 34.381418626856885,
        "13,5": 43.09715986345593,
        "13,6": 32.283833812136095,
        "13,7": 18.217599520007237,
        "13,8": 57.05711926220624,
        "13,9": 41.7831995467388,
        "13,10": 30.492051156891637,
        "13,11": 41.3955195015629,
        "13,12": 41.66106273432564,
        "13,13": 0.0,
        "13,14": 63.91899325730621,
        "13,15": 42.46485991575466,
        "13,16": 43.20462752875093,
        "13,17": 37.44835894315208,
        "13,18": 54.90833454157082,
        "13,19": 48.11462797894207,
        "13,20": 8.530185082177294,
        "13,21": 55.33792851431452,
        "13,22": 39.19882551033203,
        "13,23": 47.52591496089636,
        "13,24": 19.55998793775112,
        "13,25": 32.34361784985846,
        "13,26": 44.62951849881419,
        "13,27": 30.26054213885524,
        "13,28": 30.609932798508655,
        "13,29": 26.63253731658491,
        "13,30": 17.328111680041935,
        "13,31": 20.99091126406714,
        "13,32": 38.47544582541824,
        "13,33": 51.07959522381018,
        "13,34": 28.94943770130239,
        "13,35": 64.7612542459693,
        "13,36": 18.109055972879215,
        "13,37": 60.68549492709141,
        "13,38": 58.086807825836885,
        "13,39": 23.78922197021432,
        "13,40": 12.31436530091865,
        "13,41": 59.14866455940608,
        "13,42": 23.501362053977605,
        "13,43": 27.76300627611893,
        "13,44": 35.052564385123375,
        "13,45": 10.206309888045869,
        "13,46": 56.288078380157216,
        "13,47": 26.361669475500413,
        "13,48": 41.03635866600592,
        "13,49": 23.92954240533109,
        "13,50": 56.10977365223024,
        "14,0": 48.601521081254035,
        "14,1": 98.38753934967475,
        "14,2": 11.460062798100365,
        "14,3": 92.97961484304962,
        "14,4": 80.88973041524592,
        "14,5": 96.75693451051897,
        "14,6": 74.85619970127783,
        "14,7": 77.98296109747636,
        "14,8": 99.33817495944803,
        "14,9": 99.08708015314245,
        "14,10": 33.63901459472991,
        "14,11": 50.958480954920056,
        "14,12": 85.86964758794481,
        "14,13": 63.91899325730621,
        "14,14": 0.0,
        "14,15": 32.07943115914705,
        "14,16": 47.616860703062564,
        "14,17": 75.81360801894184,
        "14,18": 43.73902962368597,
        "14,19": 21.616530362368884,
        "14,20": 71.12552026159457,
        "14,21": 52.63210294176474,
        "14,22": 90.6573954003669,
        "14,23": 41.87883802083666,
        "14,24": 44.7563516181815,
        "14,25": 90.52093989036489,
        "14,26": 23.99492077261638,
        "14,27": 92.39455424232375,
        "14,28": 87.29298629146135,
        "14,29": 90.15790711254918,
        "14,30": 81.2065466968503,
        "14,31": 43.49509943765453,
        "14,32": 32.45115335946788,
        "14,33": 45.97250249748294,
        "14,34": 60.43376671410693,
        "14,35": 10.639481571553322,
        "14,36": 60.50662379949094,
        "14,37": 9.991450422140392,
        "14,38": 53.00129698201285,
        "14,39": 72.47633204042793,
        "14,40": 73.65788097816335,
        "14,41": 6.817479660760435,
        "14,42": 83.2193029550301,
        "14,43": 90.88603197898124,
        "14,44": 35.115402759578785,
        "14,45": 55.17701812963486,
        "14,46": 7.67956942601749,
        "14,47": 38.75699853284998,
        "14,48": 29.820926922665993,
        "14,49": 86.26006184203406,
        "14,50": 12.261937714611209,
        "15,0": 31.797975535639065,
        "15,1": 82.15188932970769,
        "15,2": 26.000566486155343,
        "15,3": 68.00629256218178,
        "15,4": 70.63379580924047,
        "15,5": 66.44514160158838,
        "15,6": 65.89422748721894,
        "15,7": 51.40289693330653,
        "15,8": 92.667951059157,
        "15,9": 83.50229430637692,
        "15,10": 22.83957104433001,
        "15,11": 53.47387271531601,
        "15,12": 54.34945068999848,
        "15,13": 42.46485991575466,
        "15,14": 32.07943115914705,
        "15,15": 0.0,
        "15,16": 16.133595605799506,
        "15,17": 44.100784325333365,
        "15,18": 18.248317421917868,
        "15,19": 10.463428155786051,
        "15,20": 50.92801772293449,
        "15,21": 24.83385839713572,
        "15,22": 60.127037488650075,
        "15,23": 50.10074253674735,
        "15,24": 29.049900168405937,
        "15,25": 62.03351291311136,
        "15,26": 8.700168967201389,
        "15,27": 72.70838308135518,
        "15,28": 71.7740517791004,
        "15,29": 68.55731202438055,
        "15,30": 58.88652945235916,
        "15,31": 22.93341348881045,
        "15,32": 34.332327488534794,
        "15,33": 55.36481869363219,
        "15,34": 53.9822858157301,
        "15,35": 27.160073873637323,
        "15,36": 32.179111260452714,
        "15,37": 24.032484770623416,
        "15,38": 26.411707336931507,
        "15,39": 42.944270446411174,
        "15,40": 48.53717475850939,
        "15,41": 25.330509890627084,
        "15,42": 56.03062816799119,
        "15,43": 69.97180220766413,
        "15,44": 7.542944591951674,
        "15,45": 37.56745313060241,
        "15,46": 26.890148973053048,
        "15,47": 27.916451107622684,
        "15,48": 3.874055286512588,
        "15,49": 60.45230850219693,
        "15,50": 20.111629907261346,
        "16,0": 38.08395763709718,
        "16,1": 83.15868432987088,
        "16,2": 42.13407422548993,
        "16,3": 63.14416686635847,
        "16,4": 75.77388768060173,
        "16,5": 55.592254414629785,
        "16,6": 72.02435839393873,
        "16,7": 46.13404133537841,
        "16,8": 98.52330596433856,
        "16,9": 84.85415627808499,
        "16,10": 34.82052476761303,
        "16,11": 65.2476951809482,
        "16,12": 41.67928097338616,
        "16,13": 43.20462752875093,
        "16,14": 47.616860703062564,
        "16,15": 16.133595605799506,
        "16,16": 0.0,
        "16,17": 31.292965235184795,
        "16,18": 12.69870946670213,
        "16,19": 26.261531984300465,
        "16,20": 51.528384697997424,
        "16,21": 12.519931918783561,
        "16,22": 49.15467327184421,
        "16,23": 63.711462312917455,
        "16,24": 36.72468698718069,
        "16,25": 53.80412535165025,
        "16,26": 24.833530709463123,
        "16,27": 71.88391809317268,
        "16,28": 73.81437586734476,
        "16,29": 66.54166558088073,
        "16,30": 56.998719943034224,
        "16,31": 29.363359748061495,
        "16,32": 47.92459975310308,
        "16,33": 68.9394227871042,
        "16,34": 62.29995936260156,
        "16,35": 41.14724677380933,
        "16,36": 27.43905076720534,
        "16,37": 38.72938553105553,
        "16,38": 15.122687684932874,
        "16,39": 34.67995012888756,
        "16,40": 45.10166293163472,
        "16,41": 40.80025042174651,
        "16,42": 49.697579189046536,
        "16,43": 68.39981497723431,
        "16,44": 17.979336039785334,
        "16,45": 42.05981472484336,
        "16,46": 42.92392016323389,
        "16,47": 38.41802373815622,
        "16,48": 19.51674312703947,
        "16,49": 55.263825059682205,
        "16,50": 35.38640807291709,
        "17,0": 44.44368891685498,
        "17,1": 69.2526055283672,
        "17,2": 67.76186283592135,
        "17,3": 40.94083941802836,
        "17,4": 70.74286767952437,
        "17,5": 24.97318880423948,
        "17,6": 69.4825322475475,
        "17,7": 26.982852329470656,
        "17,8": 92.63067915249107,
        "17,9": 71.42227374339987,
        "17,10": 51.48007933040827,
        "17,11": 75.38130016215831,
        "17,12": 10.406155194302977,
        "17,13": 37.44835894315208,
        "17,14": 75.81360801894184,
        "17,15": 44.100784325333365,
        "17,16": 31.292965235184795,
        "17,17": 0.0,
        "17,18": 42.61166138151799,
        "17,19": 54.38332010505473,
        "17,20": 42.5014522159346,
        "17,21": 36.78150010992783,
        "17,22": 18.68469261734797,
        "17,23": 78.32823244525753,
        "17,24": 45.91972898071778,
        "17,25": 26.942310868191978,
        "17,26": 51.81869849569748,
        "17,27": 55.89580141964623,
        "17,28": 62.99963989091245,
        "17,29": 49.099291475766556,
        "17,30": 41.62126544503472,
        "17,31": 40.349511398613416,
        "17,32": 64.57949322573162,
        "17,33": 82.94105919314175,
        "17,34": 65.68179045906024,
        "17,35": 71.13542313243434,
        "17,36": 21.759354403487734,
        "17,37": 68.13153834318099,
        "17,38": 39.212257301767245,
        "17,39": 14.324948266131482,
        "17,40": 30.201599809718076,
        "17,41": 69.21254925439133,
        "17,42": 27.250121386256446,
        "17,43": 51.50759535730966,
        "17,44": 40.967772071558954,
        "17,45": 43.687477732098095,
