{
    "num_robots": 4,
    "num_tasks": 60,
    "num_nodes": 61,
    "robot_capacity": [
        170,
        200,
        215,
        160
    ],
    "robot_speed": [
        0.91,
        0.96,
        0.85,
        1.14
    ],
    "task_demand": {
        "0": 0,
        "1": 7,
        "2": 13,
        "3": 10,
        "4": 11,
        "5": 15,
        "6": 12,
        "7": 14,
        "8": 6,
        "9": 12,
        "10": 5,
        "11": 15,
        "12": 5,
        "13": 15,
        "14": 14,
        "15": 6,
        "16": 11,
        "17": 5,
        "18": 11,
        "19": 10,
        "20": 13,
        "21": 10,
        "22": 7,
        "23": 13,
        "24": 6,
        "25": 13,
        "26": 12,
        "27": 12,
        "28": 15,
        "29": 9,
        "30": 5,
        "31": 5,
        "32": 7,
        "33": 6,
        "34": 5,
        "35": 5,
        "36": 9,
        "37": 8,
        "38": 10,
        "39": 10,
        "40": 5,
        "41": 14,
        "42": 14,
        "43": 13,
        "44": 13,
        "45": 6,
        "46": 8,
        "47": 14,
        "48": 7,
        "49": 13,
        "50": 7,
        "51": 14,
        "52": 9,
        "53": 6,
        "54": 6,
        "55": 12,
        "56": 15,
        "57": 8,
        "58": 10,
        "59": 12,
        "60": 7
    },
    "task_service_time": {
        "0": 0,
        "1": 26,
        "2": 50,
        "3": 43,
        "4": 85,
        "5": 77,
        "6": 33,
        "7": 90,
        "8": 76,
        "9": 32,
        "10": 26,
        "11": 62,
        "12": 49,
        "13": 43,
        "14": 21,
        "15": 56,
        "16": 58,
        "17": 84,
        "18": 22,
        "19": 75,
        "20": 23,
        "21": 25,
        "22": 19,
        "23": 83,
        "24": 77,
        "25": 65,
        "26": 60,
        "27": 29,
        "28": 92,
        "29": 52,
        "30": 28,
        "31": 25,
        "32": 97,
        "33": 68,
        "34": 83,
        "35": 42,
        "36": 32,
        "37": 11,
        "38": 42,
        "39": 78,
        "40": 31,
        "41": 43,
        "42": 71,
        "43": 47,
        "44": 79,
        "45": 22,
        "46": 52,
        "47": 64,
        "48": 51,
        "49": 82,
        "50": 88,
        "51": 59,
        "52": 79,
        "53": 21,
        "54": 53,
        "55": 97,
        "56": 73,
        "57": 88,
        "58": 77,
        "59": 83,
        "60": 90
    },
    "task_precedence": [],
    "coordinates": {
        "0": [
            50.0,
            50.0
        ],
        "1": [
            52.525037633279915,
            90.26367667331029
        ],
        "2": [
            76.6563433073714,
            21.487192078519445
        ],
        "3": [
            52.21608285056352,
            42.72260090929109
        ],
        "4": [
            49.741786172842694,
            69.66897610801928
        ],
        "5": [
            81.22207748895723,
            47.09085808385941
        ],
        "6": [
            84.03809938174396,
            45.198835259799566
        ],
        "7": [
            49.27262751484138,
            64.93362238435773
        ],
        "8": [
            64.4130677094757,
            12.648452454204362
        ],
        "9": [
            83.30683838189448,
            68.26259417700183
        ],
        "10": [
            34.11550749122699,
            80.87654017301735
        ],
        "11": [
            8.475800936895993,
            35.928501341356956
        ],
        "12": [
            43.87021678638685,
            37.287638880474525
        ],
        "13": [
            94.58448112381879,
            67.6452097705848
        ],
        "14": [
            83.16475249583138,
            59.091617068518445
        ],
        "15": [
            61.68892276247387,
            22.129356677795677
        ],
        "16": [
            26.80049642029442,
            80.2196378128377
        ],
        "17": [
            33.97381364285078,
            72.12206987722828
        ],
        "18": [
            11.000867576483142,
            87.20736499447389
        ],
        "19": [
            15.741182950292199,
            88.1248966311092
        ],
        "20": [
            48.157716130237915,
            86.59298717156365
        ],
        "21": [
            70.99264142117093,
            22.901877186012186
        ],
        "22": [
            56.49033231006248,
            5.833122626089859
        ],
        "23": [
            75.16194615497245,
            69.52558404552775
        ],
        "24": [
            99.854934369083,
            75.74339006745473
        ],
        "25": [
            47.33019202289005,
            89.30376797606725
        ],
        "26": [
            48.01327782035037,
            6.834068868774546
        ],
        "27": [
            67.31521939356799,
            66.90574583726801
        ],
        "28": [
            8.660966601896513,
            27.117611292805886
        ],
        "29": [
            21.039312111289576,
            60.09648944830646
        ],
        "30": [
            59.52110457318756,
            52.666027655443145
        ],
        "31": [
            41.68991728405969,
            71.85388160506295
        ],
        "32": [
            38.124135403453465,
            85.87600829079224
        ],
        "33": [
            80.85958835103513,
            64.34401024283257
        ],
        "34": [
            29.499451531702803,
            85.97663537009174
        ],
        "35": [
            85.92530569346701,
            79.27474593014293
        ],
        "36": [
            53.146086268737,
            21.988879374350844
        ],
        "37": [
            33.46913597914756,
            9.960177066211761
        ],
        "38": [
            76.22458038525834,
            21.047165928862732
        ],
        "39": [
            87.09523941535426,
            12.91781744729532
        ],
        "40": [
            25.006607329652653,
            33.50902515968988
        ],
        "41": [
            43.56227554760787,
            40.7632645740251
        ],
        "42": [
            92.03040972374339,
            87.73096148771344
        ],
        "43": [
            30.590127063137473,
            80.85243984386251
        ],
        "44": [
            13.239243778688902,
            98.9468472024901
        ],
        "45": [
            10.296913230854543,
            42.709870478663525
        ],
        "46": [
            34.835554702969006,
            7.8865610237318755
        ],
        "47": [
            63.69661786760402,
            90.43819662371959
        ],
        "48": [
            48.89239173421509,
            88.60491981857125
        ],
        "49": [
            58.06363769043536,
            84.58956440963568
        ],
        "50": [
            55.06572788686012,
            80.37412598176176
        ],
        "51": [
            78.4581308331191,
            50.41695990596233
        ],
        "52": [
            4.021400447695022,
            38.677260065438645
        ],
        "53": [
            58.45434028089399,
            47.507213609820894
        ],
        "54": [
            3.7840954479262723,
            90.2920420789326
        ],
        "55": [
            69.5812028925921,
            7.200258448920527
        ],
        "56": [
            81.95364723838708,
            66.21520891193474
        ],
        "57": [
            76.93548904557647,
            28.853944312823888
        ],
        "58": [
            1.9822788246495748,
            18.672143741200784
        ],
        "59": [
            88.3381864454348,
            71.26038812177707
        ],
        "60": [
            89.0147875851831,
            89.07042791544164
        ]
    },
    "distance_matrix_str_keys": {
        "0,0": 0.0,
        "0,1": 40.34277474718801,
        "0,2": 39.03256145947494,
        "0,3": 7.607335980881389,
        "0,4": 19.670670947336,
        "0,5": 31.357315405096394,
        "0,6": 34.37504025283494,
        "0,7": 14.951325969650858,
        "0,8": 40.03591668569315,
        "0,9": 37.98510009295092,
        "0,10": 34.72287193360048,
        "0,11": 43.84365612414732,
        "0,12": 14.113056631329606,
        "0,13": 47.9492375844298,
        "0,14": 34.3883455407545,
        "0,15": 30.222568959977778,
        "0,16": 38.0978145814673,
        "0,17": 27.317112307252515,
        "0,18": 53.901023548899374,
        "0,19": 51.25596832348513,
        "0,20": 36.63933296329243,
        "0,21": 34.278262118722246,
        "0,22": 44.64120821009504,
        "0,23": 31.849206687525214,
        "0,24": 56.10914910342787,
        "0,25": 39.39434035177096,
        "0,26": 43.211626623454144,
        "0,27": 24.199608777038065,
        "0,28": 47.24954386273629,
        "0,29": 30.670189796723825,
        "0,30": 9.887321970744186,
        "0,31": 23.380539257123193,
        "0,32": 37.790529644297145,
        "0,33": 34.03035149747691,
        "0,34": 41.40761741580332,
        "0,35": 46.34261902874581,
        "0,36": 28.187244234139012,
        "0,37": 43.31808959135927,
        "0,38": 39.06398875094149,
        "0,39": 52.45135889712074,
        "0,40": 29.94364587617737,
        "0,41": 11.258844410257533,
        "0,42": 56.481685494796075,
        "0,43": 36.450188089285675,
        "0,44": 61.2139448902501,
        "0,45": 40.36683152584749,
        "0,46": 44.7604975796126,
        "0,47": 42.69478993026873,
        "0,48": 38.62080566571275,
        "0,49": 35.51704124573084,
        "0,50": 30.79365402448445,
        "0,51": 28.461185254274007,
        "0,52": 47.35225502990254,
        "0,53": 8.814184793400283,
        "0,54": 61.313607694025514,
        "0,55": 47.066350863010996,
        "0,56": 35.832507195184796,
        "0,57": 34.24436072186957,
        "0,58": 57.33355147420821,
        "0,59": 43.838574828722706,
        "0,60": 55.21459940824237,
        "1,0": 40.34277474718801,
        "1,1": 0.0,
        "1,2": 72.88706844670008,
        "1,3": 47.542079654322826,
        "1,4": 20.781919547193507,
        "1,5": 51.84025811505926,
        "1,6": 54.99011722471028,
        "1,7": 25.538007397990253,
        "1,8": 78.52036862925837,
        "1,9": 37.83605275840463,
        "1,10": 20.664683199272304,
        "1,11": 69.94745550688863,
        "1,12": 53.678361600553515,
        "1,13": 47.75554241932052,
        "1,14": 43.70914580340312,
        "1,15": 68.74781707016044,
        "1,16": 27.61584214267732,
        "1,17": 25.94736612233932,
        "1,18": 41.63649528939689,
        "1,19": 36.845981401071064,
        "1,20": 5.705037995418261,
        "1,21": 69.84743674490483,
        "1,22": 84.52361811111928,
        "1,23": 30.7001321374675,
        "1,24": 49.50714946488004,
        "1,25": 5.282787675349979,
        "1,26": 83.55151366090392,
        "1,27": 27.64674319777453,
        "1,28": 76.88616455829478,
        "1,29": 43.60516135407078,
        "1,30": 38.24301458172976,
        "1,31": 21.36165694502536,
        "1,32": 15.054488329663315,
        "1,33": 38.40150872354205,
        "1,34": 23.42127960758427,
        "1,35": 35.16154867707739,
        "1,36": 68.27762186559812,
        "1,37": 82.53350493586976,
        "1,38": 73.16142211773277,
        "1,39": 84.7200141092048,
        "1,40": 63.07419817015581,
        "1,41": 50.30528702038603,
        "1,42": 39.58647584993293,
        "1,43": 23.86863381888668,
        "1,44": 40.23395393475812,
        "1,45": 63.5970044431712,
        "1,46": 84.25501165560289,
        "1,47": 11.172943307160914,
        "1,48": 3.993443442836802,
        "1,49": 7.929163926537575,
        "1,50": 10.210696344782038,
        "1,51": 47.542466911686375,
        "1,52": 70.8079176269981,
        "1,53": 43.16563174084836,
        "1,54": 48.740950439155604,
        "1,55": 84.7964870762513,
        "1,56": 38.00489264502301,
        "1,57": 66.08347272002783,
        "1,58": 87.63514167020385,
        "1,59": 40.54265165988017,
        "1,60": 36.50925491092051,
        "2,0": 39.03256145947494,
        "2,1": 72.88706844670008,
        "2,2": 0.0,
        "2,3": 32.37698132016976,
        "2,4": 55.189470898108596,
        "2,5": 26.007568927716072,
        "2,6": 24.83409642201391,
        "2,7": 51.35620894230922,
        "2,8": 15.100368058841013,
        "2,9": 47.24581808171985,
        "2,10": 73.05352406985988,
        "2,11": 69.6931687553171,
        "2,12": 36.39483770250143,
        "2,13": 49.517478962751625,
        "2,14": 38.16349262047293,
        "2,15": 14.981189977447862,
        "2,16": 77.03963688103873,
        "2,17": 66.22453614977503,
        "2,18": 92.89662330543673,
        "2,19": 90.28422026781266,
        "2,20": 71.0699395361971,
        "2,21": 5.837709568753186,
        "2,22": 25.528765931103553,
        "2,23": 48.06163049278527,
        "2,24": 59.00770837325468,
        "2,25": 73.88579779381251,
        "2,26": 32.173579538089015,
        "2,27": 46.369188277447385,
        "2,28": 68.22809446150495,
        "2,29": 67.7047413587452,
        "2,30": 35.57718643190208,
        "2,31": 61.31438952405021,
        "2,32": 75.03766187168014,
        "2,33": 43.06244456676935,
        "2,34": 79.89155611201375,
        "2,35": 58.52619109312633,
        "2,36": 23.515609202516035,
        "2,37": 44.69907104073817,
        "2,38": 0.6164756550694648,
        "2,39": 13.505729655354694,
        "2,40": 53.0303658029961,
        "2,41": 38.29861997174062,
        "2,42": 68.00440356119215,
        "2,43": 75.14205827165698,
        "2,44": 100.1085744806872,
        "2,45": 69.67048183094525,
        "2,46": 43.97676118795659,
        "2,47": 70.15836023786734,
        "2,48": 72.63350730857135,
        "2,49": 65.78448218214437,
        "2,50": 62.720217304799334,
        "2,51": 28.985822479924376,
        "2,52": 74.64136495016258,
        "2,53": 31.754597063500647,
        "2,54": 100.22211278788609,
        "2,55": 15.942838029203203,
        "2,56": 45.04061410313847,
        "2,57": 7.3720391225757576,
        "2,58": 74.72710621662758,
        "2,59": 51.12569318320169,
        "2,60": 68.70389298399925,
        "3,0": 7.607335980881389,
        "3,1": 47.542079654322826,
        "3,2": 32.37698132016976,
        "3,3": 0.0,
        "3,4": 27.059735408906235,
        "3,5": 29.333076819619386,
        "3,6": 31.91821537413017,
        "3,7": 22.405209311212936,
        "3,8": 32.45336415453918,
        "3,9": 40.23588368140679,
        "3,10": 42.22977515544137,
        "3,11": 44.26479471121619,
        "3,12": 9.959532750880115,
        "3,13": 49.15503641229672,
        "3,14": 35.01092462122317,
        "3,15": 22.667518699114396,
        "3,16": 45.29878376005713,
        "3,17": 34.59926533097728,
        "3,18": 60.64312166934646,
        "3,19": 58.23904858036604,
        "3,20": 44.05770229185403,
        "3,21": 27.302385256054126,
        "3,22": 37.13627359400512,
        "3,23": 35.283318264953586,
        "3,24": 57.964063786379256,
        "3,25": 46.83670627278199,
        "3,26": 36.13378339096486,
        "3,27": 28.509795210625928,
        "3,28": 46.26622798938236,
        "3,29": 35.6909377390869,
        "3,30": 12.338357987353957,
        "3,31": 30.974694131004767,
        "3,32": 45.39603012914136,
        "3,33": 35.88782173557072,
        "3,34": 48.85649225653817,
        "3,35": 49.722942494364816,
        "3,36": 20.754568534331405,
        "3,37": 37.746846663970025,
        "3,38": 32.345516466184684,
        "3,39": 45.878978627336956,
        "3,40": 28.72708715161854,
        "3,41": 8.872845074235325,
        "3,42": 60.0910404829347,
        "3,43": 43.83567703248194,
        "3,44": 68.41315557166702,
        "3,45": 41.919171552760865,
        "3,46": 38.93112422725033,
        "3,47": 49.07729371777014,
        "3,48": 46.002544615812084,
        "3,49": 42.273354850833584,
        "3,50": 37.7592083751206,
        "3,51": 27.346814123191848,
        "3,52": 48.364162294578236,
        "3,53": 7.86183022337321,
        "3,54": 67.88600103821993,
        "3,55": 39.53965361438954,
        "3,56": 37.89756412338171,
        "3,57": 28.34411188280166,
        "3,58": 55.6943404387562,
        "3,59": 46.034896188693,
        "3,60": 59.1799437169196,
        "4,0": 19.670670947336,
        "4,1": 20.781919547193507,
        "4,2": 55.189470898108596,
        "4,3": 27.059735408906235,
        "4,4": 0.0,
        "4,5": 38.73990390876478,
        "4,6": 42.131044288680606,
        "4,7": 4.75853808796072,
        "4,8": 58.877726006380506,
        "4,9": 33.59450312078249,
        "4,10": 19.229926617295067,
        "4,11": 53.303857036551754,
        "4,12": 32.909365349455484,
        "4,13": 44.88833835925351,
        "4,14": 35.05674260507023,
        "4,15": 49.01784867027313,
        "4,16": 25.251123498171296,
        "4,17": 15.957651041024544,
        "4,18": 42.52591984216534,
        "4,19": 38.686716348792416,
        "4,20": 16.997983067965745,
        "4,21": 51.368865963404296,
        "4,22": 64.19158094900409,
        "4,23": 25.420564407594433,
        "4,24": 50.47995767717052,
        "4,25": 19.782336516338216,
        "4,26": 62.85867727600642,
        "4,27": 17.789350654042643,
        "4,28": 59.14602593799532,
        "4,29": 30.25664419767185,
        "4,30": 19.614671153406697,
        "4,31": 8.343045285335764,
        "4,32": 19.94085508630281,
        "4,33": 31.570126288415786,
        "4,34": 25.994073600183366,
        "4,35": 37.436852148318,
        "4,36": 47.80147365589146,
        "4,37": 61.88650763568195,
        "4,38": 55.36622449106573,
        "4,39": 67.94096318477655,
        "4,40": 43.81062799127838,
        "4,41": 29.558865182105254,
        "4,42": 45.9843777568652,
        "4,43": 22.17782468560151,
        "4,44": 46.793475368489624,
        "4,45": 47.77751958551585,
        "4,46": 63.55519294503508,
        "4,47": 25.021947335467356,
        "4,48": 18.954984440024322,
        "4,49": 17.084413011490668,
        "4,50": 11.95594367641231,
        "4,51": 34.57265651482467,
        "4,52": 55.234410779153215,
        "4,53": 23.812860309342803,
        "4,54": 50.37281198035019,
        "4,55": 65.54344468939719,
        "4,56": 32.3964890250577,
        "4,57": 49.044513417642754,
        "4,58": 69.86878740604776,
        "4,59": 38.629194998079896,
        "4,60": 43.803937861446016,
        "5,0": 31.357315405096394,
        "5,1": 51.84025811505926,
        "5,2": 26.007568927716072,
        "5,3": 29.333076819619386,
        "5,4": 38.73990390876478,
        "5,5": 0.0,
        "5,6": 3.392599249457203,
        "5,7": 36.59414695728906,
        "5,8": 38.325215137353105,
        "5,9": 21.2741307032365,
        "5,10": 57.96983052572006,
        "5,11": 73.59768311730923,
        "5,12": 38.61689532696583,
        "5,13": 24.51601933761989,
        "5,14": 12.15698163156497,
        "5,15": 31.695751860677806,
        "5,16": 63.71204385627729,
        "5,17": 53.46924349862993,
        "5,18": 80.87244554408582,
        "5,19": 77.27573920112931,
        "5,20": 51.513786451023186,
        "5,21": 26.263056926819182,
        "5,22": 48.10259821150078,
        "5,23": 23.238806354034185,
        "5,24": 34.17822325086843,
        "5,25": 54.13492091074553,
        "5,26": 52.186525591740974,
        "5,27": 24.2080663987332,
        "5,28": 75.25985251474154,
        "5,29": 61.57200415522692,
        "5,30": 22.4056854669274,
        "5,31": 46.64760470139238,
        "5,32": 57.980345709384814,
        "5,33": 17.256959691550296,
        "5,34": 64.7096106545891,
        "5,35": 32.52572816165462,
        "5,36": 37.66126150476779,
        "5,37": 60.48992391856352,
        "5,38": 26.518840064484614,
        "5,39": 34.67406433289787,
        "5,40": 57.83290819949934,
        "5,41": 38.18768285569783,
        "5,42": 42.05280074351131,
        "5,43": 60.8558855564525,
        "5,44": 85.50268584523846,
        "5,45": 71.06034039769108,
        "5,46": 60.734556919053325,
        "5,47": 46.756106482778584,
        "5,48": 52.617733728409874,
        "5,49": 44.07341954067752,
        "5,50": 42.33120062637798,
        "5,51": 4.324621884895271,
        "5,52": 77.65779527674502,
        "5,53": 22.77154385410497,
        "5,54": 88.67346480860664,
        "5,55": 41.55442095136551,
        "5,56": 19.138338195715594,
        "5,57": 18.73392282398725,
        "5,58": 84.18176178513755,
        "5,59": 25.1953406195325,
        "5,60": 42.69672837453134,
        "6,0": 34.37504025283494,
        "6,1": 54.99011722471028,
        "6,2": 24.83409642201391,
        "6,3": 31.91821537413017,
        "6,4": 42.131044288680606,
        "6,5": 3.392599249457203,
        "6,6": 0.0,
        "6,7": 39.97624115621705,
        "6,8": 38.00880541306607,
        "6,9": 23.075348708973564,
        "6,10": 61.36093063946924,
        "6,11": 76.12883840718773,
        "6,12": 40.93953859469643,
        "6,13": 24.800522101923548,
        "6,14": 13.920205500200183,
        "6,15": 32.11987760880893,
        "6,16": 67.10141432362971,
        "6,17": 56.84446559525963,
        "6,18": 84.25647631039658,
        "6,19": 80.66669411162296,
        "6,20": 54.780267567520674,
        "6,21": 25.83289207087179,
        "6,22": 48.04725592367821,
        "6,23": 25.895497728158343,
        "6,24": 34.3968326654441,
        "6,25": 57.3821884609911,
        "6,26": 52.62739846095541,
        "6,27": 27.401545246886133,
        "6,28": 77.51543592250087,
        "6,29": 64.73629042406047,
        "6,30": 25.62892890302556,
        "6,31": 50.038585338184426,
        "6,32": 61.34105064304878,
        "6,33": 19.40723209278671,
        "6,34": 68.09767316983557,
        "6,35": 34.12812968324265,
        "6,36": 38.639597906534554,
        "6,37": 61.63589125580685,
        "6,38": 25.38413304762163,
        "6,39": 32.42545629896855,
        "6,40": 60.177809149824874,
        "6,41": 40.71813603740379,
        "6,42": 43.276538517654465,
        "6,43": 64.24846507744165,
        "6,44": 88.8894073694602,
        "6,45": 73.78317884600703,
        "6,46": 61.75027296728628,
        "6,47": 49.60217421449827,
        "6,48": 55.850773877976,
        "6,49": 47.18370696658972,
        "6,50": 45.57081727829904,
        "6,51": 7.639690689192458,
        "6,52": 80.28202196829582,
        "6,53": 25.68768849735552,
        "6,54": 92.05488823871511,
        "6,55": 40.65579535257336,
        "6,56": 21.119491050309584,
        "6,57": 17.8214066127217,
        "6,58": 86.23701670524656,
        "6,59": 26.413922206536633,
        "6,60": 44.15296216129602,
        "7,0": 14.951325969650858,
        "7,1": 25.538007397990253,
        "7,2": 51.35620894230922,
        "7,3": 22.405209311212936,
        "7,4": 4.75853808796072,
        "7,5": 36.59414695728906,
        "7,6": 39.97624115621705,
        "7,7": 0.0,
        "7,8": 54.43318770669519,
        "7,9": 34.19663086532437,
        "7,10": 21.99806616560218,
        "7,11": 50.05674885117968,
        "7,12": 28.16889145095886,
        "7,13": 45.39291556657872,
        "7,14": 34.391934546305194,
        "7,15": 44.56870595332947,
        "7,16": 27.17828073315588,
        "7,17": 16.903475478361514,
        "7,18": 44.281454567810066,
        "7,19": 40.77000092927976,
        "7,20": 21.68804072249898,
        "7,21": 47.31201336351892,
        "7,22": 59.539603073819514,
        "7,23": 26.293400912546357,
        "7,24": 51.7244704570205,
        "7,25": 24.44743446256705,
        "7,26": 58.113200568916604,
        "7,27": 18.150052138101696,
        "7,28": 55.491960651831235,
        "7,29": 28.644684563064533,
        "7,30": 15.985154439302137,
        "7,31": 10.265840546480204,
        "7,32": 23.724932113953567,
        "7,33": 31.59246329972817,
        "7,34": 28.87536811848359,
        "7,35": 39.35843800535501,
        "7,36": 43.11907507024781,
        "7,37": 57.19991289211839,
        "7,38": 51.50173612364185,
        "7,39": 64.31324851247483,
        "7,40": 39.703212040848655,
        "7,41": 24.835746742733456,
        "7,42": 48.45561484097883,
        "7,43": 24.544746330670257,
        "7,44": 49.5510262860986,
        "7,45": 44.866484737639325,
        "7,46": 58.8455289827385,
        "7,47": 29.300764577527836,
        "7,48": 23.674351130873085,
        "7,49": 21.53225294316609,
        "7,50": 16.491487600023547,
        "7,51": 32.596427617959186,
        "7,52": 52.31701552367828,
        "7,53": 19.697298598933507,
        "7,54": 52.079324102843024,
        "7,55": 61.20114006434377,
        "7,56": 32.70613878461427,
        "7,57": 45.46401959587541,
        "7,58": 66.15513196639542,
        "7,59": 39.574560758849245,
        "7,60": 46.49757701538895,
        "8,0": 40.03591668569315,
        "8,1": 78.52036862925837,
        "8,2": 15.100368058841013,
        "8,3": 32.45336415453918,
        "8,4": 58.877726006380506,
        "8,5": 38.325215137353105,
        "8,6": 38.00880541306607,
        "8,7": 54.43318770669519,
        "8,8": 0.0,
        "8,9": 58.73591175580196,
        "8,10": 74.65262292072829,
        "8,11": 60.58827023587127,
        "8,12": 32.07956096639648,
        "8,13": 62.729239615477944,
        "8,14": 50.085858500370335,
        "8,15": 9.864507620210306,
        "8,16": 77.3341490530188,
        "8,17": 66.81062308879297,
        "8,18": 91.7163811008394,
        "8,19": 89.80894160160597,
        "8,20": 75.71017546889837,
        "8,21": 12.18291873725173,
        "8,22": 10.450763458958518,
        "8,23": 57.88390524051381,
        "8,24": 72.36779024356996,
        "8,25": 78.53573733963215,
        "8,26": 17.40000473810203,
        "8,27": 54.334854096181424,
        "8,28": 57.599074084627546,
        "8,29": 64.28529294702533,
        "8,30": 40.31547628781785,
        "8,31": 63.416278716063275,
        "8,32": 77.80348896798405,
        "8,33": 54.24867497267227,
        "8,34": 81.21565738424262,
        "8,35": 70.01313709170424,
        "8,36": 14.63517836709028,
        "8,37": 31.060485113611723,
        "8,38": 14.493109387553176,
        "8,39": 22.683771088477787,
        "8,40": 44.58735934395993,
        "8,41": 35.002831232776416,
        "8,42": 80.00062963939727,
        "8,43": 76.12998889934482,
        "8,44": 100.33032040131297,
        "8,45": 61.905145417770136,
        "8,46": 29.95838589853732,
        "8,47": 77.79304338007704,
        "8,48": 77.52597188815606,
        "8,49": 72.22076467990763,
        "8,50": 68.36767961925244,
        "8,51": 40.295458221499665,
        "8,52": 65.76208862498422,
        "8,53": 35.36438408727702,
        "8,54": 98.51090948369594,
        "8,55": 7.50948994207838,
        "8,56": 56.36549767022255,
        "8,57": 20.479965881285437,
        "8,58": 62.72071633441988,
        "8,59": 63.306953087551314,
        "8,60": 80.28426342840002,
        "9,0": 37.98510009295092,
        "9,1": 37.83605275840463,
        "9,2": 47.24581808171985,
        "9,3": 40.23588368140679,
        "9,4": 33.59450312078249,
        "9,5": 21.2741307032365,
        "9,6": 23.075348708973564,
        "9,7": 34.19663086532437,
        "9,8": 58.73591175580196,
        "9,9": 0.0,
        "9,10": 50.782858017105866,
        "9,11": 81.5179595218064,
        "9,12": 50.146734474830204,
        "9,13": 11.294529176542287,
        "9,14": 9.17207771027615,
        "9,15": 50.9471282594667,
        "9,16": 57.7575759047293,
        "9,17": 49.48376382798439,
        "9,18": 74.74662370595435,
        "9,19": 70.42463242843691,
        "9,20": 39.64169651259869,
        "9,21": 47.00249028215579,
        "9,22": 67.94530091203313,
        "9,23": 8.242233483478488,
        "9,24": 18.1604456981601,
        "9,25": 41.6779327472386,
        "9,26": 70.84560070078383,
        "9,27": 16.04907833131993,
        "9,28": 85.23447536259417,
        "9,29": 62.800717307213084,
        "9,30": 28.443171765470687,
        "9,31": 41.77158683907467,
        "9,32": 48.49442241311771,
        "9,33": 4.619992723227013,
        "9,34": 56.648231526117975,
        "9,35": 11.31918094633982,
        "9,36": 55.23520299291398,
        "9,37": 76.70051122219012,
        "9,38": 47.743638769851714,
        "9,39": 55.47428497647701,
        "9,40": 67.87287750041136,
        "9,41": 48.33056386492619,
        "9,42": 21.333495323108966,
        "9,43": 54.19922385219676,
        "9,44": 76.49177208831908,
        "9,45": 77.35238108141257,
        "9,46": 77.42564640225886,
        "9,47": 29.602670360863954,
        "9,48": 39.97704779712509,
        "9,49": 30.063085971446682,
        "9,50": 30.72864339098704,
        "9,51": 18.49261007616964,
        "9,52": 84.62548471300248,
        "9,53": 32.37950716655127,
        "9,54": 82.51765398147157,
        "9,55": 62.58595620547881,
        "9,56": 2.4541623203204628,
        "9,57": 39.920367940222846,
        "9,58": 95.25175463793575,
        "9,59": 5.856725353968891,
        "9,60": 21.57652958642509,
        "10,0": 34.72287193360048,
        "10,1": 20.664683199272304,
        "10,2": 73.05352406985988,
        "10,3": 42.22977515544137,
        "10,4": 19.229926617295067,
        "10,5": 57.96983052572006,
        "10,6": 61.36093063946924,
        "10,7": 21.99806616560218,
        "10,8": 74.65262292072829,
        "10,9": 50.782858017105866,
        "10,10": 0.0,
        "10,11": 51.74669793334309,
        "10,12": 44.667064704591006,
        "10,13": 61.89963551102234,
        "10,14": 53.66946347962348,
        "10,15": 64.89626182101613,
        "10,16": 7.344447404582302,
        "10,17": 8.755616900397179,
        "10,18": 23.965932514889545,
        "10,19": 19.75232831033244,
        "10,20": 15.161180354731687,
        "10,21": 68.70942115418997,
        "10,22": 78.3080283419017,
        "10,23": 42.58702069862145,
        "10,24": 65.93952893549675,
        "10,25": 15.673099748163164,
        "10,26": 75.33548683695274,
        "10,27": 36.01949423257145,
        "10,28": 59.48072029014301,
        "10,29": 24.551932586577667,
        "10,30": 37.96415914510861,
        "10,31": 11.780494528823512,
        "10,32": 6.408102620848767,
        "10,33": 49.58158570800995,
        "10,34": 6.878876626359867,
        "10,35": 51.83455348079443,
        "10,36": 61.88634359005077,
        "10,37": 70.91930874189289,
        "10,38": 73.16234032917453,
        "10,39": 86.16983224576892,
        "10,40": 48.23539717563578,
        "10,41": 41.21063340925209,
        "10,42": 58.31911343771691,
        "10,43": 3.5254628048842065,
        "10,44": 27.610765703523096,
        "10,45": 44.98911099475243,
        "10,46": 72.99353070101668,
        "10,47": 31.08805824075631,
        "10,48": 16.675855596534824,
        "10,49": 24.23426270840421,
        "10,50": 20.956243810501373,
        "10,51": 53.79641507466908,
        "10,52": 51.83082596626691,
        "10,53": 41.30243015664596,
        "10,54": 31.75919131024563,
        "10,55": 81.76802577408174,
        "10,56": 50.03441064723372,
        "10,57": 67.37878969191898,
        "10,58": 70.01379378369056,
        "10,59": 55.06876876455168,
        "10,60": 55.507393662196904,
        "11,0": 43.84365612414732,
        "11,1": 69.94745550688863,
        "11,2": 69.6931687553171,
        "11,3": 44.26479471121619,
        "11,4": 53.303857036551754,
        "11,5": 73.59768311730923,
        "11,6": 76.12883840718773,
        "11,7": 50.05674885117968,
        "11,8": 60.58827023587127,
        "11,9": 81.5179595218064,
        "11,10": 51.74669793334309,
        "11,11": 0.0,
        "11,12": 35.42050152350935,
        "11,13": 91.76412369285941,
        "11,14": 78.19826989878275,
        "11,15": 54.97320008758526,
        "11,16": 47.93223585954044,
        "11,17": 44.27327698865137,
        "11,18": 51.340995501541585,
        "11,19": 52.69961534057579,
        "11,20": 64.35483290205013,
        "11,21": 63.85959819025555,
        "11,22": 56.66680724198374,
        "11,23": 74.67131932862358,
        "11,24": 99.67633315430993,
        "11,25": 66.0195637291689,
        "11,26": 49.088675671801816,
        "11,27": 66.49561520039352,
        "11,28": 8.812835512543698,
        "11,29": 27.23845557601908,
        "11,30": 53.719342982169174,
        "11,31": 48.92658246612778,
        "11,32": 58.084224941930195,
        "11,33": 77.76151893157133,
        "11,34": 54.28452453591835,
        "11,35": 88.75428275294085,
        "11,36": 46.794737441416736,
        "11,37": 36.04192922407644,
        "11,38": 69.36390459310951,
        "11,39": 81.91768844358654,
        "11,40": 16.706927455054647,
        "11,41": 35.418012876558855,
        "11,42": 98.31005811583049,
        "11,43": 50.071984887706094,
        "11,44": 63.19811945604415,
        "11,45": 7.021639221978085,
        "11,46": 38.48619278891129,
        "11,47": 77.5928186256357,
        "11,48": 66.39507417922313,
        "11,49": 69.47555406638129,
        "11,50": 64.38971069106269,
        "11,51": 71.46636921854984,
        "11,52": 5.234248584219997,
        "11,53": 51.302251147054285,
        "11,54": 54.565617946847034,
        "11,55": 67.5217156761735,
        "11,56": 79.47501841818749,
        "11,57": 68.82425628430556,
        "11,58": 18.43767086827132,
        "11,59": 87.32893473860136,
        "11,60": 96.49141272848262,
        "12,0": 14.113056631329606,
        "12,1": 53.678361600553515,
        "12,2": 36.39483770250143,
        "12,3": 9.959532750880115,
        "12,4": 32.909365349455484,
        "12,5": 38.61689532696583,
        "12,6": 40.93953859469643,
        "12,7": 28.16889145095886,
        "12,8": 32.07956096639648,
        "12,9": 50.146734474830204,
        "12,10": 44.667064704591006,
        "12,11": 35.42050152350935,
        "12,12": 0.0,
        "12,13": 59.10599561495426,
        "12,14": 44.93855807038658,
        "12,15": 23.394012097079237,
        "12,16": 46.20099442333491,
        "12,17": 36.21293108886644,
        "12,18": 59.76933304613083,
        "12,19": 58.100510498244525,
        "12,20": 49.49141360609058,
        "12,21": 30.70140155757392,
        "12,22": 33.89179706991454,
        "12,23": 44.927246024453595,
        "12,24": 67.92005154716225,
        "12,25": 52.13107628590247,
        "12,26": 30.7340996482516,
        "12,27": 37.77433529467844,
        "12,28": 36.64861197491624,
        "12,29": 32.2721841917938,
        "12,30": 21.941857939315632,
        "12,31": 34.634936726014246,
        "12,32": 48.926956713173894,
        "12,33": 45.828602859409095,
        "12,34": 50.765512635756885,
        "12,35": 59.426826108944525,
        "12,36": 17.891165335992078,
        "12,37": 29.239915375539493,
        "12,38": 36.20162711232762,
        "12,39": 49.621474967596285,
        "12,40": 19.23833889365435,
        "12,41": 3.489240858440365,
        "12,42": 69.74190260826978,
        "12,43": 45.54396410104378,
        "12,44": 68.84848929567036,
        "12,45": 34.00834172870411,
        "12,46": 30.757901392972034,
        "12,47": 56.728017489167705,
        "12,48": 51.56244334868295,
        "12,49": 49.3854771742239,
        "12,50": 44.51724204766297,
        "12,51": 36.995984494191454,
        "12,52": 39.87303864307928,
        "12,53": 17.8083229348451,
        "12,54": 66.45572874016578,
        "12,55": 39.576574735397934,
        "12,56": 47.82417780701905,
        "12,57": 34.123883624739356,
        "12,58": 45.83815011501527,
        "12,59": 55.960236030689074,
        "12,60": 68.69854083492194,
        "13,0": 47.9492375844298,
        "13,1": 47.75554241932052,
        "13,2": 49.517478962751625,
        "13,3": 49.15503641229672,
        "13,4": 44.88833835925351,
        "13,5": 24.51601933761989,
        "13,6": 24.800522101923548,
        "13,7": 45.39291556657872,
        "13,8": 62.729239615477944,
        "13,9": 11.294529176542287,
        "13,10": 61.89963551102234,
        "13,11": 91.76412369285941,
        "13,12": 59.10599561495426,
        "13,13": 0.0,
        "13,14": 14.267941338879902,
        "13,15": 56.15879844395721,
        "13,16": 68.94044402872251,
        "13,17": 60.77577880128669,
        "13,18": 85.84228777609485,
        "13,19": 81.45970317147464,
        "13,20": 50.144419193029165,
        "13,21": 50.58201964462381,
        "13,22": 72.6078390465055,
        "13,23": 19.51334599780176,
        "13,24": 9.662204796583868,
        "13,25": 51.98135225226854,
        "13,26": 76.5955079290738,
        "13,27": 27.27928595512715,
        "13,28": 95.00177148966777,
        "13,29": 73.93155661546336,
        "13,30": 38.12894270721306,
        "13,31": 53.06173576513193,
        "13,32": 59.33070582377706,
        "13,33": 14.116323882174166,
        "13,34": 67.61732205224392,
        "13,35": 14.499221717736368,
        "13,36": 61.65744945597203,
        "13,37": 84.03956455299418,
        "13,38": 50.08456493776146,
        "13,39": 55.2374529814242,
        "13,40": 77.5007072322957,
        "13,41": 57.67065492442381,
        "13,42": 20.247486331859058,
        "13,43": 65.34300481193324,
        "13,44": 87.15985397334009,
        "13,45": 87.89860776436844,
        "13,46": 84.50461708388404,
        "13,47": 38.38724197206408,
        "13,48": 50.270035588640674,
        "13,49": 40.26019323375921,
        "13,50": 41.51815464727202,
        "13,51": 23.59813058477756,
        "13,52": 95.08319352898272,
        "13,53": 41.36334085516455,
        "13,54": 93.58199106929308,
        "13,55": 65.4122011752127,
        "13,56": 12.711524971344307,
        "13,57": 42.617475255959675,
        "13,58": 104.75461358324353,
        "13,59": 7.2170431424605885,
        "13,60": 22.13733178748114,
        "14,0": 34.3883455407545,
        "14,1": 43.70914580340312,
        "14,2": 38.16349262047293,
        "14,3": 35.01092462122317,
        "14,4": 35.05674260507023,
        "14,5": 12.15698163156497,
        "14,6": 13.920205500200183,
        "14,7": 34.391934546305194,
        "14,8": 50.085858500370335,
        "14,9": 9.17207771027615,
        "14,10": 53.66946347962348,
        "14,11": 78.19826989878275,
        "14,12": 44.93855807038658,
        "14,13": 14.267941338879902,
        "14,14": 0.0,
        "14,15": 42.74833278535849,
        "14,16": 60.194041428708616,
        "14,17": 50.887534481812835,
        "14,18": 77.4475407491342,
        "14,19": 73.40891670922346,
        "14,20": 44.51761395949531,
        "14,21": 38.18190095814162,
        "14,22": 59.565022643504065,
        "14,23": 13.149622664039168,
        "14,24": 23.576338031389017,
