{
    "num_robots": 7,
    "num_tasks": 50,
    "num_nodes": 51,
    "robot_capacity": [
        92,
        84,
        76,
        97,
        82,
        88,
        75
    ],
    "robot_speed": [
        1.15,
        0.92,
        1.01,
        0.93,
        1.0,
        1.07,
        0.82
    ],
    "task_demand": {
        "0": 0,
        "1": 7,
        "2": 13,
        "3": 7,
        "4": 9,
        "5": 11,
        "6": 6,
        "7": 14,
        "8": 13,
        "9": 6,
        "10": 10,
        "11": 14,
        "12": 15,
        "13": 12,
        "14": 6,
        "15": 11,
        "16": 12,
        "17": 7,
        "18": 11,
        "19": 11,
        "20": 7,
        "21": 9,
        "22": 8,
        "23": 8,
        "24": 10,
        "25": 8,
        "26": 11,
        "27": 7,
        "28": 12,
        "29": 13,
        "30": 12,
        "31": 13,
        "32": 5,
        "33": 6,
        "34": 11,
        "35": 7,
        "36": 8,
        "37": 15,
        "38": 8,
        "39": 12,
        "40": 6,
        "41": 5,
        "42": 6,
        "43": 5,
        "44": 10,
        "45": 7,
        "46": 5,
        "47": 15,
        "48": 5,
        "49": 12,
        "50": 12
    },
    "task_service_time": {
        "0": 0,
        "1": 53,
        "2": 77,
        "3": 92,
        "4": 45,
        "5": 47,
        "6": 43,
        "7": 82,
        "8": 72,
        "9": 10,
        "10": 66,
        "11": 20,
        "12": 31,
        "13": 11,
        "14": 88,
        "15": 95,
        "16": 76,
        "17": 67,
        "18": 78,
        "19": 63,
        "20": 25,
        "21": 59,
        "22": 55,
        "23": 20,
        "24": 92,
        "25": 25,
        "26": 23,
        "27": 87,
        "28": 43,
        "29": 70,
        "30": 61,
        "31": 27,
        "32": 92,
        "33": 88,
        "34": 43,
        "35": 27,
        "36": 56,
        "37": 24,
        "38": 40,
        "39": 40,
        "40": 41,
        "41": 95,
        "42": 74,
        "43": 80,
        "44": 65,
        "45": 82,
        "46": 12,
        "47": 71,
        "48": 96,
        "49": 36,
        "50": 63
    },
    "task_precedence": [],
    "coordinates": {
        "0": [
            100,
            100
        ],
        "1": [
            82.14774856036358,
            26.085818179756092
        ],
        "2": [
            22.811754060392808,
            60.2630722062685
        ],
        "3": [
            3.2513839909218745,
            71.75413814902043
        ],
        "4": [
            30.39349342670199,
            85.04631182724204
        ],
        "5": [
            24.99298518371863,
            61.926831712461095
        ],
        "6": [
            78.2272719837778,
            2.7229929176009415
        ],
        "7": [
            62.43189610928363,
            99.72872054569594
        ],
        "8": [
            38.97233976923765,
            26.33303103518282
        ],
        "9": [
            34.36439353764826,
            47.73624778739385
        ],
        "10": [
            6.284542467887489,
            50.459740231671226
        ],
        "11": [
            35.59523412510464,
            65.02846250467438
        ],
        "12": [
            29.147829427974226,
            91.04969484563077
        ],
        "13": [
            91.55795623064833,
            93.16670923610701
        ],
        "14": [
            89.81888651713719,
            5.47082527501882
        ],
        "15": [
            36.37002062995434,
            64.64899771494709
        ],
        "16": [
            87.45745470893404,
            97.0328068089498
        ],
        "17": [
            66.65539164139813,
            60.50884906781009
        ],
        "18": [
            20.255834480220038,
            5.5591691936852765
        ],
        "19": [
            3.406927422037054,
            72.96466455479904
        ],
        "20": [
            65.13928675855747,
            0.7553404248074602
        ],
        "21": [
            39.323722509502964,
            16.52318946379764
        ],
        "22": [
            51.79326188225964,
            67.7067707491601
        ],
        "23": [
            90.87706178129129,
            70.27862045820868
        ],
        "24": [
            78.4389760729837,
            86.58472803873374
        ],
        "25": [
            85.09708672649306,
            84.27197526363067
        ],
        "26": [
            67.99118209382543,
            39.00609472835642
        ],
        "27": [
            88.65864583076703,
            54.41636754064332
        ],
        "28": [
            85.33432124600327,
            78.53706315181293
        ],
        "29": [
            17.718195855376372,
            47.46071969586589
        ],
        "30": [
            36.93626141473041,
            31.470622102369806
        ],
        "31": [
            67.9559055947305,
            21.889024814622225
        ],
        "32": [
            47.42580411748693,
            73.58679859904156
        ],
        "33": [
            13.890638518192489,
            26.58357591394035
        ],
        "34": [
            70.66572967372639,
            31.179321611242973
        ],
        "35": [
            24.220265629890136,
            31.300652709418674
        ],
        "36": [
            71.90126935657591,
            25.33944692939961
        ],
        "37": [
            12.066201084305606,
            56.042484634187616
        ],
        "38": [
            29.77159534460032,
            71.05732566338155
        ],
        "39": [
            87.93500773466049,
            85.83924773810028
        ],
        "40": [
            37.658634415542146,
            9.158229925449445
        ],
        "41": [
            49.64821193041603,
            70.02105627642172
        ],
        "42": [
            41.91488166226509,
            46.34611017888235
        ],
        "43": [
            48.29092551864791,
            14.30910882467722
        ],
        "44": [
            31.581627388364574,
            93.25506261056246
        ],
        "45": [
            24.15775826586105,
            27.965993100893314
        ],
        "46": [
            67.49749431130607,
            46.61654650974872
        ],
        "47": [
            98.77344187940206,
            90.51979807268779
        ],
        "48": [
            85.3571822060181,
            95.05393047767842
        ],
        "49": [
            21.93614070942117,
            34.049395951174766
        ],
        "50": [
            42.93557692401011,
            51.32168266849592
        ]
    },
    "distance_matrix_str_keys": {
        "0,0": 0.0,
        "0,1": 76.03952364145948,
        "0,2": 86.8161778801481,
        "0,3": 100.7875161484629,
        "0,4": 71.19465251903868,
        "0,5": 84.11669522217996,
        "0,6": 99.68383917254341,
        "0,7": 37.56908333305441,
        "0,8": 95.66189225446416,
        "0,9": 83.90192268965833,
        "0,10": 106.00388822286982,
        "0,11": 73.28698589918304,
        "0,12": 71.41525073206536,
        "0,13": 10.8610296780533,
        "0,14": 95.07586416087392,
        "0,15": 72.79057382099865,
        "0,16": 12.888742289744785,
        "0,17": 51.68572248249556,
        "0,18": 123.60502602173192,
        "0,19": 100.30518946039709,
        "0,20": 105.18921894328308,
        "0,21": 103.19878171471223,
        "0,22": 58.02363531699564,
        "0,23": 31.090004882752716,
        "0,24": 25.39384324154392,
        "0,25": 21.667200699340814,
        "0,26": 68.88266040185202,
        "0,27": 46.97333139752485,
        "0,28": 25.994995508072268,
        "0,29": 97.62515694312904,
        "0,30": 93.13061129074278,
        "0,31": 84.4283627145791,
        "0,32": 58.83624122036049,
        "0,33": 113.15826730906035,
        "0,34": 74.81166479542897,
        "0,35": 102.28474206525779,
        "0,36": 79.77303334197363,
        "0,37": 98.30877961241005,
        "0,38": 75.95858883759043,
        "0,39": 18.603519639724098,
        "0,40": 110.1756463707499,
        "0,41": 58.600679420854604,
        "0,42": 79.0735155740865,
        "0,43": 100.08375099954552,
        "0,44": 68.75003920880349,
        "0,45": 104.59896644422506,
        "0,46": 62.4996478597232,
        "0,47": 9.559219288509857,
        "0,48": 15.455604700800016,
        "0,49": 102.19319107330104,
        "0,50": 75.00617947357523,
        "1,0": 76.03952364145948,
        "1,1": 0.0,
        "1,2": 68.47514100820327,
        "1,3": 91.16047274498617,
        "1,4": 78.45280578535969,
        "1,5": 67.46291742647821,
        "1,6": 23.689485870688557,
        "1,7": 76.23642113027148,
        "1,8": 43.17611652843181,
        "1,9": 52.45941402095654,
        "1,10": 79.68258350996368,
        "1,11": 60.693213354230004,
        "1,12": 83.84090111335152,
        "1,13": 67.73771440868009,
        "1,14": 21.99600622872754,
        "1,15": 59.855820020562284,
        "1,16": 71.145401642939,
        "1,17": 37.748618231990115,
        "1,18": 65.20699615149614,
        "1,19": 91.63920095130035,
        "1,20": 30.510995987634438,
        "1,21": 43.87870867703449,
        "1,22": 51.51406171401909,
        "1,23": 45.04669446842318,
        "1,24": 60.61248293452306,
        "1,25": 58.260857115283805,
        "1,26": 19.16616602802512,
        "1,27": 29.069086851076264,
        "1,28": 52.54795281073834,
        "1,29": 67.88264635816813,
        "1,30": 45.53102989396078,
        "1,31": 14.799374355384789,
        "1,32": 58.83839364469049,
        "1,33": 68.25892494077968,
        "1,34": 12.561072204221334,
        "1,35": 58.16173809156715,
        "1,36": 10.273626726575769,
        "1,37": 76.21564906041955,
        "1,38": 69.03403443976666,
        "1,39": 60.03303018118014,
        "1,40": 47.60067774200585,
        "1,41": 54.64910820655724,
        "1,42": 45.04623192598876,
        "1,43": 35.84655282885722,
        "1,44": 84.07520447662735,
        "1,45": 58.02046218439294,
        "1,46": 25.22183092723424,
        "1,47": 66.54435695971107,
        "1,48": 69.0427474704236,
        "1,49": 60.73595550345037,
        "1,50": 46.63092601410445,
        "2,0": 86.8161778801481,
        "2,1": 68.47514100820327,
        "2,2": 0.0,
        "2,3": 22.685957633640417,
        "2,4": 25.91701637784016,
        "2,5": 2.7433309876519583,
        "2,6": 79.88579567897632,
        "2,7": 55.922205382349134,
        "2,8": 37.5820731775735,
        "2,9": 17.040680999090245,
        "2,10": 19.21598399321782,
        "2,11": 13.642811559976401,
        "2,12": 31.43186256972637,
        "2,13": 76.21476000503449,
        "2,14": 86.5571841261644,
        "2,15": 14.250015261008228,
        "2,16": 74.37123096394481,
        "2,17": 43.844326458507844,
        "2,18": 54.76358032223991,
        "2,19": 23.192191467235062,
        "2,20": 73.02595542742668,
        "2,21": 46.752780071237574,
        "2,22": 29.9221731100262,
        "2,23": 68.79823632861199,
        "2,24": 61.540372070705175,
        "2,25": 66.75245382264677,
        "2,26": 49.930349577432146,
        "2,27": 66.10595367488786,
        "2,28": 65.1383923086609,
        "2,29": 13.778409378026993,
        "2,30": 32.070342857353936,
        "2,31": 59.24999519807202,
        "2,32": 27.988803925902456,
        "2,33": 34.84099271005683,
        "2,34": 55.99881722568052,
        "2,35": 28.996648909019033,
        "2,36": 60.24483475363967,
        "2,37": 11.544707368118956,
        "2,38": 12.843492453291525,
        "2,39": 69.96555526798947,
        "2,40": 53.21780492304723,
        "2,41": 28.555449989851244,
        "2,42": 23.63495962012888,
        "2,43": 52.544789738620075,
        "2,44": 34.13769337588138,
        "2,45": 32.32511478804059,
        "2,46": 46.723046190909514,
        "2,47": 81.7658087250916,
        "2,48": 71.57048554523651,
        "2,49": 26.228296199853787,
        "2,50": 22.02082408794992,
        "3,0": 100.7875161484629,
        "3,1": 91.16047274498617,
        "3,2": 22.685957633640417,
        "3,3": 0.0,
        "3,4": 30.222110874587685,
        "3,5": 23.859446226278223,
        "3,6": 101.91507637380549,
        "3,7": 65.45922604843376,
        "3,8": 57.784631634744386,
        "3,9": 39.3049414257012,
        "3,10": 21.509333625400732,
        "3,11": 33.03572845231999,
        "3,12": 32.294649626622885,
        "3,13": 90.86555398658813,
        "3,14": 109.02939997624073,
        "3,15": 33.87221742691446,
        "3,16": 87.91856137918408,
        "3,17": 64.39351452329372,
        "3,18": 68.34416764758188,
        "3,19": 1.2204785692712343,
        "3,20": 94.1856771874579,
        "3,21": 65.96719865864264,
        "3,22": 48.71031812754869,
        "3,23": 87.63809993762722,
        "3,24": 76.63628644170718,
        "3,25": 82.79743536068854,
        "3,26": 72.5511943822182,
        "3,27": 87.14928952463454,
        "3,28": 82.36271401559772,
        "3,29": 28.27470292791051,
        "3,30": 52.511261955296455,
        "3,31": 81.68968505160315,
        "3,32": 44.21241949773104,
        "3,33": 46.406609761210646,
        "3,34": 78.68296982775219,
        "3,35": 45.56510157347542,
        "3,36": 82.86815022510268,
        "3,37": 18.015467147980605,
        "3,38": 26.529364068592326,
        "3,39": 85.84699437084258,
        "3,40": 71.4290319696148,
        "3,41": 46.42918495541523,
        "3,42": 46.264823975816455,
        "3,43": 72.9965183765802,
        "3,44": 35.565326424191326,
        "3,45": 48.52296499678949,
        "3,46": 68.98884840843307,
        "3,47": 97.34789949259765,
        "3,48": 85.34777339272938,
        "3,49": 42.08049094099911,
        "3,50": 44.63541649535923,
        "4,0": 71.19465251903868,
        "4,1": 78.45280578535969,
        "4,2": 25.91701637784016,
        "4,3": 30.222110874587685,
        "4,4": 0.0,
        "4,5": 23.741858605852293,
        "4,6": 95.21133969935427,
        "4,7": 35.2424796549134,
        "4,8": 59.33671667640557,
        "4,9": 37.52077992724413,
        "4,10": 42.16008125075269,
        "4,11": 20.682659350152264,
        "4,12": 6.131254884866935,
        "4,13": 61.70115366971055,
        "4,14": 99.31583662224166,
        "4,15": 21.254865334949596,
        "4,16": 58.30927661330213,
        "4,17": 43.783699487406174,
        "4,18": 80.13100506646964,
        "4,19": 29.56756576960414,
        "4,20": 91.17147588048608,
        "4,21": 69.1025852621078,
        "4,22": 27.542871577778,
        "4,23": 62.26031440071033,
        "4,24": 48.07010637760164,
        "4,25": 54.709073443284446,
        "4,26": 59.4414651873796,
        "4,27": 65.82569005843438,
        "4,28": 55.32508364014179,
        "4,29": 39.66534891297211,
        "4,30": 53.97371899768395,
        "4,31": 73.48317978064973,
        "4,32": 20.52851799070573,
        "4,33": 60.74731031576436,
        "4,34": 67.25701188178586,
        "4,35": 54.09902601194037,
        "4,36": 72.7172962820664,
        "4,37": 34.30906055910339,
        "4,38": 14.00280297359075,
        "4,39": 57.546977472424395,
        "4,40": 76.23505262227413,
        "4,41": 24.423400439429493,
        "4,42": 40.37880625400253,
        "4,43": 72.96622481745838,
        "4,44": 8.294290309213908,
        "4,45": 57.41991970473056,
        "4,46": 53.41866475308337,
        "4,47": 68.59866180963738,
        "4,48": 55.867338537665105,
        "4,49": 51.693444882839636,
        "4,50": 35.98130723512415,
        "5,0": 84.11669522217996,
        "5,1": 67.46291742647821,
        "5,2": 2.7433309876519583,
        "5,3": 23.859446226278223,
        "5,4": 23.741858605852293,
        "5,5": 0.0,
        "5,6": 79.61773558170782,
        "5,7": 53.203898829433875,
        "5,8": 38.24056748116438,
        "5,9": 17.005762748858956,
        "5,10": 21.943108619344223,
        "5,11": 11.046619219757977,
        "5,12": 29.41774783642278,
        "5,13": 73.53111802611862,
        "5,14": 85.96323718052177,
        "5,15": 11.698167518461782,
        "5,16": 71.65360731004301,
        "5,17": 41.686530038196096,
        "5,18": 56.56636787542808,
        "5,19": 24.244414687635743,
        "5,20": 73.16882448484048,
        "5,21": 47.611561219364,
        "5,22": 27.416464512885636,
        "5,23": 66.41132376612002,
        "5,24": 58.85988271626623,
        "5,25": 64.12338467818518,
        "5,26": 48.72581575935719,
        "5,27": 64.10712454713037,
        "5,28": 62.58575417976846,
        "5,29": 16.19231165239981,
        "5,30": 32.71425608116541,
        "5,31": 58.72681254275234,
        "5,32": 25.2821318941142,
        "5,33": 37.046023159324264,
        "5,34": 55.05823250590274,
        "5,35": 30.635925574972685,
        "5,36": 59.48969532032696,
        "5,37": 14.203073177676128,
        "5,38": 10.305388632044728,
        "5,39": 67.33128428142834,
        "5,40": 54.26733828943336,
        "5,41": 25.94988780752022,
        "5,42": 23.00237952772642,
        "5,43": 53.01171150668219,
        "5,44": 32.01356364582979,
        "5,45": 33.971107771240945,
        "5,46": 45.177849983875475,
        "5,47": 79.12719832965574,
        "5,48": 68.85666964606588,
        "5,49": 28.04453106694225,
        "5,50": 20.842403522710413,
        "6,0": 99.68383917254341,
        "6,1": 23.689485870688557,
        "6,2": 79.88579567897632,
        "6,3": 101.91507637380549,
        "6,4": 95.21133969935427,
        "6,5": 79.61773558170782,
        "6,6": 0.0,
        "6,7": 98.28328999210753,
        "6,8": 45.808117218259596,
        "6,9": 62.85018074399524,
        "6,10": 86.33975546828907,
        "6,11": 75.49478255117418,
        "6,12": 101.04651381948537,
        "6,13": 91.42085628559909,
        "6,14": 11.912854828061212,
        "6,15": 74.74529791938816,
        "6,16": 94.76042037349048,
        "6,17": 58.93312808320137,
        "6,18": 58.04077413420609,
        "6,19": 102.62541787844553,
        "6,20": 13.235067570208392,
        "6,21": 41.27870621047865,
        "6,22": 70.15446009562473,
        "6,23": 68.72976061595584,
        "6,24": 83.86200233805788,
        "6,25": 81.8378327931055,
        "6,26": 37.69935030268868,
        "6,27": 52.73536327981303,
        "6,28": 76.14646015865561,
        "6,29": 75.25166105275925,
        "6,30": 50.312759192456916,
        "6,31": 21.744832631586014,
        "6,32": 77.26842420015515,
        "6,33": 68.61872795826423,
        "6,34": 29.44383746775023,
        "6,35": 61.101877012786915,
        "6,36": 23.484511945262334,
        "6,37": 84.97208659012759,
        "6,38": 83.77072060315342,
        "6,39": 83.68125207473383,
        "6,40": 41.07586431823491,
        "6,41": 73.11492327412724,
        "6,42": 56.7588411655259,
        "6,43": 32.10020126872261,
        "6,44": 101.84238706262164,
        "6,45": 59.671780365141494,
        "6,46": 45.18597322009809,
        "6,47": 90.16886432034143,
        "6,48": 92.60581866438054,
        "6,49": 64.4207651861475,
        "6,50": 60.06110543184646,
        "7,0": 37.56908333305441,
        "7,1": 76.23642113027148,
        "7,2": 55.922205382349134,
        "7,3": 65.45922604843376,
        "7,4": 35.2424796549134,
        "7,5": 53.203898829433875,
        "7,6": 98.28328999210753,
        "7,7": 0.0,
        "7,8": 77.05373464275068,
        "7,9": 59.08470126971569,
        "7,10": 74.699114734485,
        "7,11": 43.86700735822492,
        "7,12": 34.39701414292005,
        "7,13": 29.85611111013161,
        "7,14": 98.15598842891755,
        "7,15": 43.70135361041151,
        "7,16": 25.17035029753287,
        "7,17": 39.44662511865464,
        "7,18": 103.18296650308879,
        "7,19": 64.80942540722222,
        "7,20": 99.01040317401832,
        "7,21": 86.35478035255689,
        "7,22": 33.74293714228605,
        "7,23": 40.94430174360017,
        "7,24": 20.71210148650703,
        "7,25": 27.433954152274246,
        "7,26": 60.97657703422315,
        "7,27": 52.35505453924989,
        "7,28": 31.202682901359044,
        "7,29": 68.78414717966706,
        "7,30": 72.86422573236408,
        "7,31": 78.0354593265231,
        "7,32": 30.142708569921762,
        "7,33": 87.78647886619616,
        "7,34": 69.04213285698614,
        "7,35": 78.37428897093662,
        "7,36": 74.98955299811257,
        "7,37": 66.67226142456138,
        "7,38": 43.45968396729521,
        "7,39": 29.040078468374897,
        "7,40": 93.89743482193087,
        "7,41": 32.341426955546375,
        "7,42": 57.189605448841846,
        "7,43": 86.58219860811356,
        "7,44": 31.522171993916174,
        "7,45": 81.33141261514115,
        "7,46": 53.35319405592394,
        "7,47": 37.490161403700135,
        "7,48": 23.39705974683917,
        "7,49": 77.1600925647317,
        "7,50": 52.185704726665726,
        "8,0": 95.66189225446416,
        "8,1": 43.17611652843181,
        "8,2": 37.5820731775735,
        "8,3": 57.784631634744386,
        "8,4": 59.33671667640557,
        "8,5": 38.24056748116438,
        "8,6": 45.808117218259596,
        "8,7": 77.05373464275068,
        "8,8": 0.0,
        "8,9": 21.893625917498127,
        "8,10": 40.62745609887571,
        "8,11": 38.84251870234154,
        "8,12": 65.45813607337239,
        "8,13": 85.0410935988671,
        "8,14": 54.96001223949784,
        "8,15": 38.404236322409616,
        "8,16": 85.72785233036285,
        "8,17": 43.98110843482664,
        "8,18": 27.961775802753515,
        "8,19": 58.646464515213566,
        "8,20": 36.59135651628616,
        "8,21": 9.816132715373874,
        "8,22": 43.31469013796725,
        "8,23": 68.00966840740901,
        "8,24": 72.02695587722609,
        "8,25": 74.05682642523936,
        "8,26": 31.665434676165777,
        "8,27": 57.07366116974538,
        "8,28": 69.81901099046095,
        "8,29": 29.968614610186474,
        "8,30": 5.526342102994748,
        "8,31": 29.322282981532286,
        "8,32": 48.00395409199444,
        "8,33": 25.082952585031773,
        "8,34": 32.06177624501734,
        "8,35": 15.566019289180632,
        "8,36": 32.94391617800085,
        "8,37": 40.08231445518354,
        "8,38": 45.66088290821171,
        "8,39": 77.06057799281561,
        "8,40": 17.22497067966233,
        "8,41": 44.97352327626723,
        "8,42": 20.228244847346556,
        "8,43": 15.212190693434062,
        "8,44": 67.32890122133956,
        "8,45": 14.904307774205332,
        "8,46": 35.001506276956725,
        "8,47": 87.72749213511831,
        "8,48": 82.91028662398014,
        "8,49": 18.702255637287266,
        "8,50": 25.300987316625616,
        "9,0": 83.90192268965833,
        "9,1": 52.45941402095654,
        "9,2": 17.040680999090245,
        "9,3": 39.3049414257012,
        "9,4": 37.52077992724413,
        "9,5": 17.005762748858956,
        "9,6": 62.85018074399524,
        "9,7": 59.08470126971569,
        "9,8": 21.893625917498127,
        "9,9": 0.0,
        "9,10": 28.211619010506666,
        "9,11": 17.335964304885476,
        "9,12": 43.626451118295556,
        "9,13": 73.04129271145975,
        "9,14": 69.72493622630117,
        "9,15": 17.03125509600934,
        "9,16": 72.45014752161408,
        "9,17": 34.72532076172757,
        "9,18": 44.4742329599602,
        "9,19": 39.935419377904466,
        "9,20": 56.16315259465309,
        "9,21": 31.6045875430023,
        "9,22": 26.506362238908412,
        "9,23": 60.84275008286492,
        "9,24": 58.75179353434959,
        "9,25": 62.519321336778006,
        "9,26": 34.74156704922891,
        "9,27": 54.70365464926988,
        "9,28": 59.55353690342808,
        "9,29": 16.64847779848041,
        "9,30": 16.467698178630823,
        "9,31": 42.384768699206965,
        "9,32": 28.962931888893802,
        "9,33": 29.43824335762379,
        "9,34": 39.89885724763357,
        "9,35": 19.314039364568952,
        "9,36": 43.710796548658855,
        "9,37": 23.795019589009417,
        "9,38": 23.769023297980656,
        "9,39": 65.73925243481753,
        "9,40": 38.71841274016909,
        "9,41": 27.022357300127517,
        "9,42": 7.677392362682645,
        "9,43": 36.21217905968342,
        "9,44": 45.603796885210265,
        "9,45": 22.24945783475155,
        "9,46": 33.15201498896445,
        "9,47": 77.32372005603877,
        "9,48": 69.56455700538517,
        "9,49": 18.48760075155639,
        "9,50": 9.290884130655634,
        "10,0": 106.00388822286982,
        "10,1": 79.68258350996368,
        "10,2": 19.21598399321782,
        "10,3": 21.509333625400732,
        "10,4": 42.16008125075269,
        "10,5": 21.943108619344223,
        "10,6": 86.33975546828907,
        "10,7": 74.699114734485,
        "10,8": 40.62745609887571,
        "10,9": 28.211619010506666,
        "10,10": 0.0,
        "10,11": 32.73170197365785,
        "10,12": 46.586202959487565,
        "10,13": 95.3700178059166,
        "10,14": 94.87881272821305,
        "10,15": 33.26365921192227,
        "10,16": 93.58467936635925,
        "10,17": 61.201503399273896,
        "10,18": 47.0240181187347,
        "10,19": 22.688153013011323,
        "10,20": 77.03511073322807,
        "10,21": 47.36324414398515,
        "10,22": 48.667274470708186,
        "10,23": 86.88315335680693,
        "10,24": 80.69248436460892,
        "10,25": 85.75945644866883,
        "10,26": 62.76061957343138,
        "10,27": 82.46907180574101,
        "10,28": 83.88804197995658,
        "10,29": 11.820429516706158,
        "10,30": 36.057100295570265,
        "10,31": 67.96795428262449,
        "10,32": 47.19601931146901,
        "10,33": 25.05841015814352,
        "10,34": 67.20618876422193,
        "10,35": 26.24425270472245,
        "10,36": 70.26082822723397,
        "10,37": 8.037077293433846,
        "10,38": 31.23943306864114,
        "10,39": 88.98599906545958,
        "10,40": 51.866640522737086,
        "10,41": 47.57155573089915,
        "10,42": 35.8670186009042,
        "10,43": 55.420252328291994,
        "10,44": 49.71299752566785,
        "10,45": 28.730132316860487,
        "10,46": 61.33347871569741,
        "10,47": 100.79188830743699,
        "10,48": 90.78063757681632,
        "10,49": 22.67756439564891,
        "10,50": 36.661168441121546,
        "11,0": 73.28698589918304,
        "11,1": 60.693213354230004,
        "11,2": 13.642811559976401,
        "11,3": 33.03572845231999,
        "11,4": 20.682659350152264,
        "11,5": 11.046619219757977,
        "11,6": 75.49478255117418,
        "11,7": 43.86700735822492,
        "11,8": 38.84251870234154,
        "11,9": 17.335964304885476,
        "11,10": 32.73170197365785,
        "11,11": 0.0,
        "11,12": 26.80808758323902,
        "11,13": 62.63854400112832,
        "11,14": 80.54388015927238,
        "11,15": 0.8627210758640328,
        "11,16": 60.94233321946563,
        "11,17": 31.387263189957277,
        "11,18": 61.41574739734052,
        "11,19": 33.15223056433983,
        "11,20": 70.7381457765307,
        "11,21": 48.648362134840646,
        "11,22": 16.41796084396732,
        "11,23": 55.53057380889723,
        "11,24": 47.96101341580813,
        "11,25": 53.11069755024593,
        "11,26": 41.55311142956705,
        "11,27": 54.114159157934274,
        "11,28": 51.54084864516897,
        "11,29": 25.064199262968113,
        "11,30": 33.584624557348654,
        "11,31": 53.927953254123686,
        "11,32": 14.601626726115294,
        "11,33": 44.14859879355166,
        "11,34": 48.7411940482511,
        "11,35": 35.594312212094636,
        "11,36": 53.78983316169735,
        "11,37": 25.186567732104557,
        "11,38": 8.38224072860058,
        "11,39": 56.32531121557462,
        "11,40": 55.9083223609443,
        "11,41": 14.913489791670658,
        "11,42": 19.72227759207757,
        "11,43": 52.28416029426819,
        "11,44": 28.510524242372785,
        "11,45": 38.78714338974949,
        "11,46": 36.83412623630826,
        "11,47": 68.12704399932696,
        "11,48": 58.118673451872745,
        "11,49": 33.85665957333248,
        "11,50": 15.548519089704712,
        "12,0": 71.41525073206536,
        "12,1": 83.84090111335152,
        "12,2": 31.43186256972637,
        "12,3": 32.294649626622885,
        "12,4": 6.131254884866935,
        "12,5": 29.41774783642278,
        "12,6": 101.04651381948537,
        "12,7": 34.39701414292005,
        "12,8": 65.45813607337239,
        "12,9": 43.626451118295556,
        "12,10": 46.586202959487565,
        "12,11": 26.80808758323902,
        "12,12": 0.0,
        "12,13": 62.44602211074252,
        "12,14": 104.90338452738445,
        "12,15": 27.37072989059752,
        "12,16": 58.61578310635761,
        "12,17": 48.36900333910645,
        "12,18": 85.95171639005724,
        "12,19": 31.458899483287098,
        "12,20": 97.20316579748032,
        "12,21": 75.2180085114935,
        "12,22": 32.52241867412684,
        "12,23": 65.13014400519646,
        "12,24": 49.49295976365246,
        "12,25": 56.35829020639368,
        "12,26": 64.94106835809254,
        "12,27": 69.8823149184488,
        "12,28": 57.56290311235683,
        "12,29": 45.06257070131126,
        "12,30": 60.08598490296309,
        "12,31": 79.3048867025406,
        "12,32": 25.279183216029875,
        "12,33": 66.24698004114889,
        "12,34": 72.85737870690329,
        "12,35": 59.951888387097846,
        "12,36": 78.39447242593775,
        "12,37": 38.95236570042175,
        "12,38": 20.002097625951453,
        "12,39": 59.01763374045503,
        "12,40": 82.33253201687471,
        "12,41": 29.36782802355068,
        "12,42": 46.49094648219431,
        "12,43": 79.0921972812498,
        "12,44": 3.284359829647176,
        "12,45": 63.28075723331655,
        "12,46": 58.694134866290966,
        "12,47": 69.62762885397144,
        "12,48": 56.35179893067787,
        "12,49": 57.45469979236361,
        "12,50": 42.0525496558891,
        "13,0": 10.8610296780533,
        "13,1": 67.73771440868009,
        "13,2": 76.21476000503449,
        "13,3": 90.86555398658813,
        "13,4": 61.70115366971055,
        "13,5": 73.53111802611862,
        "13,6": 91.42085628559909,
        "13,7": 29.85611111013161,
        "13,8": 85.0410935988671,
        "13,9": 73.04129271145975,
        "13,10": 95.3700178059166,
        "13,11": 62.63854400112832,
        "13,12": 62.44602211074252,
        "13,13": 0.0,
        "13,14": 87.7131257405931,
        "13,15": 62.1205932543343,
        "13,16": 5.635674154200378,
        "13,17": 41.06913139931027,
        "13,18": 112.95606950667779,
        "13,19": 90.43631178526786,
        "13,20": 96.11351196503857,
        "13,21": 92.75044094517081,
        "13,22": 47.21693959142095,
        "13,23": 22.898214453448567,
        "13,24": 14.67753783370267,
        "13,25": 10.993594825663186,
        "13,26": 59.06576848795915,
        "13,27": 38.8586538921519,
        "13,28": 15.898433160969008,
        "13,29": 86.8409332753294,
        "13,30": 82.40107227565045,
        "13,31": 75.08372054386494,
        "13,32": 48.280635359268885,
        "13,33": 102.30115289499417,
        "13,34": 65.4134646312279,
        "13,35": 91.442733585599,
        "13,36": 70.61814816949125,
        "13,37": 87.73338696607958,
        "13,38": 65.62300841554634,
        "13,39": 8.17419401588631,
        "13,40": 99.81263190707658,
        "13,41": 47.87638163271157,
        "13,42": 68.23930940945583,
        "13,43": 89.94752408644675,
        "13,44": 59.97639392057959,
        "13,45": 93.77590346265522,
        "13,46": 52.40060569900462,
        "13,47": 7.685660144347021,
        "13,48": 6.481604933900814,
        "13,49": 91.33484508390329,
        "13,50": 64.1493727006171,
        "14,0": 95.07586416087392,
        "14,1": 21.99600622872754,
        "14,2": 86.5571841261644,
        "14,3": 109.02939997624073,
        "14,4": 99.31583662224166,
        "14,5": 85.96323718052177,
        "14,6": 11.912854828061212,
        "14,7": 98.15598842891755,
        "14,8": 54.96001223949784,
        "14,9": 69.72493622630117,
        "14,10": 94.87881272821305,
        "14,11": 80.54388015927238,
        "14,12": 104.90338452738445,
        "14,13": 87.7131257405931,
        "14,14": 0.0,
        "14,15": 79.74231848871679,
        "14,16": 91.59242775800143,
        "14,17": 59.71374680820362,
        "14,18": 69.56310813454795,
        "14,19": 109.64691065131775,
        "14,20": 25.1260510549561,
        "14,21": 51.690582723734884,
        "14,22": 72.93326427586312,
        "14,23": 64.81643349796371,
        "14,24": 81.90828763488071,
        "14,25": 78.94248940076965,
        "14,26": 40.013285015097445,
        "14,27": 48.95929192835966,
        "14,28": 73.20373243994682,
        "14,29": 83.43656768693693,
        "14,30": 58.92844366505223,
        "14,31": 27.341309605352713,
        "14,32": 80.23066282427506,
        "14,33": 78.80892769052585,
        "14,34": 32.0588552655572,
        "14,35": 70.5007733829895,
        "14,36": 26.754497400574902,
        "14,37": 92.75221195398342,
        "14,38": 88.92281040516055,
        "14,39": 80.39049899379529,
        "14,40": 52.29042792288056,
        "14,41": 76.02904326036675,
        "14,42": 62.97287191408395,
        "14,43": 42.45805931500177,
        "14,44": 105.34538753744684,
        "14,45": 69.40761009244443,
        "14,46": 46.810414716520526,
        "14,47": 85.51907293507398,
        "14,48": 89.69414441930218,
        "14,49": 73.65325437675533,
        "14,50": 65.57702221145738,
        "15,0": 72.79057382099865,
        "15,1": 59.855820020562284,
        "15,2": 14.250015261008228,
        "15,3": 33.87221742691446,
        "15,4": 21.254865334949596,
        "15,5": 11.698167518461782,
        "15,6": 74.74529791938816,
        "15,7": 43.70135361041151,
        "15,8": 38.404236322409616,
        "15,9": 17.03125509600934,
        "15,10": 33.26365921192227,
        "15,11": 0.8627210758640328,
        "15,12": 27.37072989059752,
        "15,13": 62.1205932543343,
        "15,14": 79.74231848871679,
        "15,15": 0.0,
        "15,16": 60.486668053471995,
        "15,17": 30.56704971241402,
        "15,18": 61.24765162796378,
        "15,19": 33.995820755281905,
        "15,20": 70.07189247828407,
        "15,21": 48.21636417876874,
        "15,22": 15.723433042932205,
        "15,23": 54.79699067745407,
        "15,24": 47.444423032696726,
        "15,25": 52.529879290291476,
        "15,26": 40.71186959479884,
        "15,27": 53.28045650775841,
        "15,28": 50.895786627160774,
        "15,29": 25.363900896407678,
        "15,30": 33.183207152347514,
        "15,31": 53.160919964242424,
        "15,32": 14.21670261231198,
        "15,33": 44.20745363640794,
        "15,34": 47.92092316829811,
        "15,35": 35.49265644002062,
        "15,36": 52.9878327452122,
        "15,37": 25.782701796296315,
        "15,38": 9.198145646872824,
        "15,39": 55.74921157426583,
        "15,40": 55.50572795087328,
        "15,41": 14.323734757372794,
        "15,42": 19.124360800441725,
        "15,43": 51.73212142228457,
        "15,44": 29.00406279555092,
        "15,45": 38.66241300752114,
        "15,46": 35.97344735010956,
        "15,47": 67.55357351603318,
        "15,48": 57.655892461964285,
        "15,49": 33.833009290659156,
        "15,50": 14.856778109596274,
        "16,0": 12.888742289744785,
        "16,1": 71.145401642939,
        "16,2": 74.37123096394481,
        "16,3": 87.91856137918408,
        "16,4": 58.30927661330213,
        "16,5": 71.65360731004301,
        "16,6": 94.76042037349048,
        "16,7": 25.17035029753287,
        "16,8": 85.72785233036285,
        "16,9": 72.45014752161408,
        "16,10": 93.58467936635925,
        "16,11": 60.94233321946563,
        "16,12": 58.61578310635761,
        "16,13": 5.635674154200378,
        "16,14": 91.59242775800143,
        "16,15": 60.486668053471995,
        "16,16": 0.0,
        "16,17": 42.03243172768263,
        "16,18": 113.50543660958729,
        "16,19": 87.42863723501272,
        "16,20": 98.83041613800316,
        "16,21": 93.80114423880646,
        "16,22": 46.17305535654208,
        "16,23": 26.971840868199898,
        "16,24": 13.802003727565502,
        "16,25": 12.977293968333477,
        "16,26": 61.20486160763546,
        "16,27": 42.63336435258687,
        "16,28": 18.617202505530607,
        "16,29": 85.56258555110814,
        "16,30": 82.76950546771435,
        "16,31": 77.63310112487278,
        "16,32": 46.3923307245367,
        "16,33": 101.85858126903548,
        "16,34": 67.96060286918159,
        "16,35": 91.21216018263824,
        "16,36": 73.36165724365569,
        "16,37": 85.81402936049471,
        "16,38": 63.26439750242991,
        "16,39": 11.203741409233702,
        "16,40": 101.00427597417723,
        "16,41": 46.46690764744785,
        "16,42": 68.14152313369337,
        "16,43": 91.52719386612198,
        "16,44": 56.00338766527027,
        "16,45": 93.68605192646645,
        "16,46": 54.223604838037794,
        "16,47": 13.05644853858897,
        "16,48": 2.8856708268565336,
        "16,49": 90.88428154253108,
        "16,50": 63.80990888317965,
        "17,0": 51.68572248249556,
        "17,1": 37.748618231990115,
        "17,2": 43.844326458507844,
        "17,3": 64.39351452329372,
        "17,4": 43.783699487406174,
        "17,5": 41.686530038196096,
        "17,6": 58.93312808320137,
        "17,7": 39.44662511865464,
        "17,8": 43.98110843482664,
        "17,9": 34.72532076172757,
        "17,10": 61.201503399273896,
        "17,11": 31.387263189957277,
        "17,12": 48.36900333910645,
        "17,13": 41.06913139931027,
        "17,14": 59.71374680820362,
        "17,15": 30.56704971241402,
        "17,16": 42.03243172768263,
        "17,17": 0.0,
        "17,18": 71.91930354934084,
        "17,19": 64.46328851023435,
        "17,20": 59.77273934801017,
        "17,21": 51.78569675436881,
        "17,22": 16.513418104932676,
        "17,23": 26.11776669982414,
        "17,24": 28.614757139674705,
        "17,25": 30.079599136459727,
        "17,26": 21.544205260711973,
        "17,27": 22.831152535096614,
        "17,28": 25.959948270989155,
        "17,29": 50.646844042905755,
        "17,30": 41.55051536053504,
        "17,31": 38.641715307293616,
        "17,32": 23.25531767749472,
        "17,33": 62.729923726380484,
        "17,34": 29.602432196680443,
        "17,35": 51.51561563373684,
        "17,36": 35.558488153686035,
        "17,37": 54.77159972953581,
        "17,38": 38.36254407297559,
        "17,39": 33.08249020059508,
        "17,40": 58.97201044494758,
        "17,41": 19.486565826261025,
        "17,42": 28.507472824919567,
        "17,43": 49.71588895420248,
