{
    "num_robots": 4,
    "num_tasks": 50,
    "num_nodes": 51,
    "robot_capacity": [
        163,
        219,
        165,
        181
    ],
    "robot_speed": [
        1.13,
        0.89,
        0.92,
        0.84
    ],
    "task_demand": {
        "0": 0,
        "1": 12,
        "2": 15,
        "3": 10,
        "4": 6,
        "5": 8,
        "6": 13,
        "7": 11,
        "8": 12,
        "9": 9,
        "10": 11,
        "11": 14,
        "12": 13,
        "13": 12,
        "14": 15,
        "15": 6,
        "16": 6,
        "17": 9,
        "18": 6,
        "19": 11,
        "20": 8,
        "21": 5,
        "22": 13,
        "23": 11,
        "24": 14,
        "25": 7,
        "26": 9,
        "27": 9,
        "28": 9,
        "29": 7,
        "30": 12,
        "31": 8,
        "32": 8,
        "33": 11,
        "34": 6,
        "35": 11,
        "36": 11,
        "37": 12,
        "38": 11,
        "39": 11,
        "40": 11,
        "41": 10,
        "42": 8,
        "43": 6,
        "44": 15,
        "45": 12,
        "46": 9,
        "47": 11,
        "48": 8,
        "49": 9,
        "50": 9
    },
    "task_service_time": {
        "0": 0,
        "1": 96,
        "2": 47,
        "3": 80,
        "4": 18,
        "5": 24,
        "6": 39,
        "7": 84,
        "8": 70,
        "9": 64,
        "10": 24,
        "11": 86,
        "12": 53,
        "13": 37,
        "14": 29,
        "15": 55,
        "16": 74,
        "17": 96,
        "18": 93,
        "19": 42,
        "20": 87,
        "21": 84,
        "22": 15,
        "23": 46,
        "24": 38,
        "25": 61,
        "26": 97,
        "27": 33,
        "28": 16,
        "29": 96,
        "30": 31,
        "31": 87,
        "32": 96,
        "33": 20,
        "34": 75,
        "35": 71,
        "36": 86,
        "37": 43,
        "38": 54,
        "39": 52,
        "40": 13,
        "41": 51,
        "42": 45,
        "43": 66,
        "44": 73,
        "45": 49,
        "46": 81,
        "47": 85,
        "48": 73,
        "49": 72,
        "50": 35
    },
    "task_precedence": [],
    "coordinates": {
        "0": [
            100,
            100
        ],
        "1": [
            27.109320098048496,
            66.03523687779416
        ],
        "2": [
            42.48833020252619,
            87.71611403287886
        ],
        "3": [
            83.93323169325976,
            16.318619857515593
        ],
        "4": [
            42.05244611749096,
            37.3460276450942
        ],
        "5": [
            58.10271579453586,
            45.770902259395804
        ],
        "6": [
            66.87935149139358,
            80.41183763659566
        ],
        "7": [
            36.67745209609584,
            66.47326854539017
        ],
        "8": [
            4.618969612105106,
            4.924722429469464
        ],
        "9": [
            80.249764943437,
            72.09344799855185
        ],
        "10": [
            72.11467538630461,
            12.527964487250742
        ],
        "11": [
            26.483816823928642,
            9.630303522456652
        ],
        "12": [
            39.351759934890985,
            54.337655119355645
        ],
        "13": [
            22.212345921727017,
            66.86131146181705
        ],
        "14": [
            86.32912601494606,
            24.907503383923668
        ],
        "15": [
            87.29871726507908,
            46.840448259681146
        ],
        "16": [
            44.73800537941964,
            70.56777551058607
        ],
        "17": [
            80.28273777751753,
            60.503650314341186
        ],
        "18": [
            77.2295810593181,
            30.352704309983626
        ],
        "19": [
            23.874484875725464,
            78.57857648295301
        ],
        "20": [
            7.874963435958316,
            97.39643386039042
        ],
        "21": [
            78.57675533877776,
            81.13845319686268
        ],
        "22": [
            9.05155709034985,
            82.93784522439704
        ],
        "23": [
            48.70381783689087,
            32.75747731867933
        ],
        "24": [
            35.948936806526596,
            29.508216877680404
        ],
        "25": [
            27.905548075124475,
            9.15999302276479
        ],
        "26": [
            40.60176133958831,
            78.75198446213444
        ],
        "27": [
            27.593986859721355,
            53.12557256532542
        ],
        "28": [
            70.66031366144914,
            99.98944902563498
        ],
        "29": [
            22.484053159230978,
            35.7971715978521
        ],
        "30": [
            30.495289813331837,
            60.13337784808962
        ],
        "31": [
            25.838902596374393,
            38.62951765194795
        ],
        "32": [
            32.17769623052703,
            74.74736902667374
        ],
        "33": [
            32.965985386933305,
            71.2932169159832
        ],
        "34": [
            38.505881972018145,
            98.32706254483274
        ],
        "35": [
            99.86691188367396,
            87.00491544653458
        ],
        "36": [
            70.11640947225794,
            94.34205195178465
        ],
        "37": [
            96.12986889328077,
            89.10799855785194
        ],
        "38": [
            49.995527991704236,
            63.84686527427912
        ],
        "39": [
            10.107555191923934,
            24.821361844429678
        ],
        "40": [
            87.26368775278142,
            89.49407045310548
        ],
        "41": [
            67.93895079091735,
            67.74643428479364
        ],
        "42": [
            62.13919299704549,
            97.14814211470329
        ],
        "43": [
            14.802656706672979,
            11.985928720752813
        ],
        "44": [
            16.794456135857228,
            37.806760283367545
        ],
        "45": [
            80.92004262691769,
            31.340102016717086
        ],
        "46": [
            80.54796361028416,
            19.31744493876456
        ],
        "47": [
            94.89333775987451,
            26.976614272406707
        ],
        "48": [
            84.0142395966862,
            45.00781514511347
        ],
        "49": [
            33.985361675499846,
            68.19958729746796
        ],
        "50": [
            44.59765613141749,
            31.583017692706893
        ]
    },
    "distance_matrix_str_keys": {
        "0,0": 0.0,
        "0,1": 80.4155230693447,
        "0,2": 58.80889403267924,
        "0,3": 85.20982587925795,
        "0,4": 85.34306798337863,
        "0,5": 68.52866163550429,
        "0,6": 38.479520038661384,
        "0,7": 71.65044867320623,
        "0,8": 134.67312041743875,
        "0,9": 34.18841074690398,
        "0,10": 91.80930413392116,
        "0,11": 116.4959708754813,
        "0,12": 75.9161297946227,
        "0,13": 84.55230218646774,
        "0,14": 76.3267701632308,
        "0,15": 54.65583705647584,
        "0,16": 62.611052441564254,
        "0,17": 44.14444549478423,
        "0,18": 73.27508291136039,
        "0,19": 79.0820550974293,
        "0,20": 92.16181920171356,
        "0,21": 28.543184118481363,
        "0,22": 92.53505494285137,
        "0,23": 84.57455386260575,
        "0,24": 95.24510582690569,
        "0,25": 115.9720520900287,
        "0,26": 63.084300109112746,
        "0,27": 86.254522699965,
        "0,28": 29.33968823569208,
        "0,29": 100.65150366217377,
        "0,30": 80.1264768970652,
        "0,31": 96.26112648282593,
        "0,32": 72.37099045663022,
        "0,33": 72.92214005483953,
        "0,34": 61.516869814452235,
        "0,35": 12.995766041231379,
        "0,36": 30.414492580775676,
        "0,37": 11.559135356892018,
        "0,38": 61.70491367245043,
        "0,39": 117.18566153117528,
        "0,40": 16.510245464648953,
        "0,41": 45.47750408424318,
        "0,42": 37.96806289913798,
        "0,43": 122.4951592814566,
        "0,44": 103.88051596030073,
        "0,45": 71.26167528506087,
        "0,46": 82.99431553375277,
        "0,47": 73.20172718150576,
        "0,48": 57.26853351349384,
        "0,49": 73.27481641850716,
        "0,50": 88.03580620502728,
        "1,0": 80.4155230693447,
        "1,1": 0.0,
        "1,2": 26.581466964926914,
        "1,3": 75.50297303365899,
        "1,4": 32.347607973860676,
        "1,5": 37.03017464616471,
        "1,6": 42.28879339027806,
        "1,7": 9.578153354059143,
        "1,8": 65.11766919292701,
        "1,9": 53.48465948615032,
        "1,10": 69.91788185648913,
        "1,11": 56.4084015122393,
        "1,12": 16.932535313828865,
        "1,13": 4.9661610225533375,
        "1,14": 72.10045683057668,
        "1,15": 63.1759720259577,
        "1,16": 18.202045247921532,
        "1,17": 53.46036660577855,
        "1,18": 61.52465919676943,
        "1,19": 12.953745688638797,
        "1,20": 36.789742488711404,
        "1,21": 53.63771092654157,
        "1,22": 24.73420655207801,
        "1,23": 39.67028628415892,
        "1,24": 37.58140515789046,
        "1,25": 56.88081699976307,
        "1,26": 18.54081011661111,
        "1,27": 12.918759016658662,
        "1,28": 55.222980388058964,
        "1,29": 30.589764401337845,
        "1,30": 6.804170112461986,
        "1,31": 27.435149114128695,
        "1,32": 10.079170759532708,
        "1,33": 7.870634179532328,
        "1,34": 34.24388452640311,
        "1,35": 75.71918238940516,
        "1,36": 51.48675087898181,
        "1,37": 72.77491660963811,
        "1,38": 22.990595512659112,
        "1,39": 44.582995695544206,
        "1,40": 64.56674701930501,
        "1,41": 40.865473679889966,
        "1,42": 46.85194625200507,
        "1,43": 55.4326769702081,
        "1,44": 30.0540065448952,
        "1,45": 64.02613717933697,
        "1,46": 70.98056567882695,
        "1,47": 78.2320206194933,
        "1,48": 60.66566020303784,
        "1,49": 7.208630973630276,
        "1,50": 38.636735162191535,
        "2,0": 58.80889403267924,
        "2,1": 26.581466964926914,
        "2,2": 0.0,
        "2,3": 82.55472145248655,
        "2,4": 50.37197234225077,
        "2,5": 44.75723213222977,
        "2,6": 25.461232750738564,
        "2,7": 22.023278338456116,
        "2,8": 91.04121591431226,
        "2,9": 40.86555576169472,
        "2,10": 80.81446752311203,
        "2,11": 79.70908512556942,
        "2,12": 33.525506595509796,
        "2,13": 29.086738023250074,
        "2,14": 76.59593298027212,
        "2,15": 60.653036536499755,
        "2,16": 17.29527543801143,
        "2,17": 46.57183081624869,
        "2,18": 67.06351680408132,
        "2,19": 20.735713885139482,
        "2,20": 35.9415323947082,
        "2,21": 36.6829667678133,
        "2,22": 33.776465903958474,
        "2,23": 55.30898693717235,
        "2,24": 58.57408093361605,
        "2,25": 79.89819574139926,
        "2,26": 9.160500042885282,
        "2,27": 37.66094824392887,
        "2,28": 30.729389903710096,
        "2,29": 55.639443595317616,
        "2,30": 30.07723978719671,
        "2,31": 51.83336168797958,
        "2,32": 16.567966680933225,
        "2,33": 18.983851045011622,
        "2,34": 11.333672054193775,
        "2,35": 57.38298910974719,
        "2,36": 28.41150853861468,
        "2,37": 53.6595938825722,
        "2,38": 25.02197144402805,
        "2,39": 70.74082585843678,
        "2,40": 44.81064352121517,
        "2,41": 32.349995325738846,
        "2,42": 21.797237492520637,
        "2,43": 80.63223601220508,
        "2,44": 56.134826589628865,
        "2,45": 68.2294016587977,
        "2,46": 78.27460398481152,
        "2,47": 80.22201473559569,
        "2,48": 59.56844756159664,
        "2,49": 21.288383912021345,
        "2,50": 56.172713666061405,
        "3,0": 85.20982587925795,
        "3,1": 75.50297303365899,
        "3,2": 82.55472145248655,
        "3,3": 0.0,
        "3,4": 46.86312066762781,
        "3,5": 39.17464090804574,
        "3,6": 66.32326435886723,
        "3,7": 68.91006813477877,
        "3,8": 80.12847850844868,
        "3,9": 55.89632708380024,
        "3,10": 12.411580935432319,
        "3,11": 57.83743462694675,
        "3,12": 58.59142144020121,
        "3,13": 79.77487959896973,
        "3,14": 8.916794818256875,
        "3,15": 30.70681523937909,
        "3,16": 66.92709955514444,
        "3,17": 44.335572876635716,
        "3,18": 15.552956575550239,
        "3,19": 86.5063885981494,
        "3,20": 111.16866507152271,
        "3,21": 65.04077669490778,
        "3,22": 100.22667499133861,
        "3,23": 38.876054780440036,
        "3,24": 49.7640234037734,
        "3,25": 56.48315916955318,
        "3,26": 75.99698243262283,
        "3,27": 67.2968221838768,
        "3,28": 84.7170467306302,
        "3,29": 64.46251252012993,
        "3,30": 69.1038830322517,
        "3,31": 62.23124001344363,
        "3,32": 78.05481522946924,
        "3,33": 74.96576897351632,
        "3,34": 93.74982013153397,
        "3,35": 72.45988233849516,
        "3,36": 79.2373682807284,
        "3,37": 73.80414358672496,
        "3,38": 58.40121441314965,
        "3,39": 74.31370756580458,
        "3,40": 73.25120140606583,
        "3,41": 53.85756324184731,
        "3,42": 83.71613817548733,
        "3,43": 69.26621550556,
        "3,44": 70.49365476628661,
        "3,45": 15.320712601205342,
        "3,46": 4.522498409235891,
        "3,47": 15.287798073604183,
        "3,48": 28.68930965586913,
        "3,49": 72.0168348500296,
        "3,50": 42.19347515970207,
        "4,0": 85.34306798337863,
        "4,1": 32.347607973860676,
        "4,2": 50.37197234225077,
        "4,3": 46.86312066762781,
        "4,4": 0.0,
        "4,5": 18.12704247726503,
        "4,6": 49.709548586451895,
        "4,7": 29.619026371471218,
        "4,8": 49.52177495974847,
        "4,9": 51.63737393313931,
        "4,10": 38.982994850542504,
        "4,11": 31.789048141184093,
        "4,12": 17.204915288398333,
        "4,13": 35.563767440467466,
        "4,14": 45.990665015168375,
        "4,15": 46.23168908408775,
        "4,16": 33.33011790839697,
        "4,17": 44.69709932536919,
        "4,18": 35.865546057252736,
        "4,19": 45.06175050498527,
        "4,20": 69.09523579139557,
        "4,21": 57.024571018109036,
        "4,22": 56.28207980135515,
        "4,23": 8.080565564839816,
        "4,24": 9.933987292865657,
        "4,25": 31.53707773323751,
        "4,26": 41.43136186826882,
        "4,27": 21.401894355364394,
        "4,28": 68.86659805502701,
        "4,29": 19.629593934260516,
        "4,30": 25.550561463747137,
        "4,31": 16.264265741460157,
        "4,32": 38.68295519310214,
        "4,33": 35.14221717537934,
        "4,34": 61.08407922430429,
        "4,35": 76.21363125783465,
        "4,36": 63.53056607607517,
        "4,37": 74.85766017479233,
        "4,38": 27.665627495303237,
        "4,39": 34.31243666172238,
        "4,40": 69.01793056091147,
        "4,41": 39.92863443778672,
        "4,42": 63.08542062346515,
        "4,43": 37.224798728620534,
        "4,44": 25.262191759154238,
        "4,45": 39.32888507284688,
        "4,46": 42.50805407727947,
        "4,47": 53.84871923505508,
        "4,48": 42.65554008198798,
        "4,49": 31.89075092588446,
        "4,50": 6.300029978207014,
        "5,0": 68.52866163550429,
        "5,1": 37.03017464616471,
        "5,2": 44.75723213222977,
        "5,3": 39.17464090804574,
        "5,4": 18.12704247726503,
        "5,5": 0.0,
        "5,6": 35.73546890643376,
        "5,7": 29.793118238733722,
        "5,8": 67.29726229502474,
        "5,9": 34.400119188656966,
        "5,10": 36.075309053756826,
        "5,11": 48.01976311038939,
        "5,12": 20.61522738690943,
        "5,13": 41.628403884038114,
        "5,14": 35.10002345537576,
        "5,15": 29.21558540427845,
        "5,16": 28.16913927537566,
        "5,17": 26.627189870807747,
        "5,18": 24.567413434555764,
        "5,19": 47.41218492951435,
        "5,20": 72.02792944462506,
        "5,21": 40.86624468401146,
        "5,22": 61.54183796074746,
        "5,23": 16.05267926253698,
        "5,24": 27.482082513416273,
        "5,25": 47.45764020057356,
        "5,26": 37.33678066060265,
        "5,27": 31.38269772544914,
        "5,28": 55.65378763058243,
        "5,29": 36.98870680676308,
        "5,30": 31.119940140422585,
        "5,31": 33.044712378795964,
        "5,32": 38.88112994383526,
        "5,33": 35.82239189409812,
        "5,34": 56.09087162645909,
        "5,35": 58.68979398915209,
        "5,36": 50.034842042546565,
        "5,37": 57.65560066790602,
        "5,38": 19.810778202428377,
        "5,39": 52.36810751658695,
        "5,40": 52.555472811544654,
        "5,41": 24.076451705002665,
        "5,42": 51.53555979472985,
        "5,43": 54.92103016167144,
        "5,44": 42.06898945117594,
        "5,45": 26.99774804349111,
        "5,46": 34.69257202521618,
        "5,47": 41.313135024279404,
        "5,48": 25.92275771775424,
        "5,49": 32.9346729487333,
        "5,50": 19.58782032238596,
        "6,0": 38.479520038661384,
        "6,1": 42.28879339027806,
        "6,2": 25.461232750738564,
        "6,3": 66.32326435886723,
        "6,4": 49.709548586451895,
        "6,5": 35.73546890643376,
        "6,6": 0.0,
        "6,7": 33.26316935281416,
        "6,8": 97.85019015847018,
        "6,9": 15.746858799420865,
        "6,10": 68.08545255809774,
        "6,11": 81.49739132402574,
        "6,12": 37.91610859310298,
        "6,13": 46.67716943189661,
        "6,14": 58.813475070338846,
        "6,15": 39.29362140724583,
        "6,16": 24.231070277454933,
        "6,17": 23.999722631585335,
        "6,18": 51.11794285297736,
        "6,19": 43.04392406703716,
        "6,20": 61.40027946745629,
        "6,21": 11.719949954723372,
        "6,22": 57.8829380700653,
        "6,23": 51.002824244700015,
        "6,24": 59.56399213405112,
        "6,25": 81.21442429521673,
        "6,26": 26.3299611991173,
        "6,27": 47.83179001232408,
        "6,28": 19.9393716709337,
        "6,29": 62.93974054403416,
        "6,30": 41.65352176691735,
        "6,31": 58.56689089241611,
        "6,32": 35.160931194677104,
        "6,33": 35.11788211697195,
        "6,34": 33.55605841095829,
        "6,35": 33.639973478619964,
        "6,36": 14.301378088791791,
        "6,37": 30.51583167876128,
        "6,38": 23.65294496110311,
        "6,39": 79.45651549034773,
        "6,40": 22.316095486231884,
        "6,41": 12.709649591526484,
        "6,42": 17.39462532322745,
        "6,43": 85.98887806373665,
        "6,44": 65.75476681617522,
        "6,45": 51.0409271497927,
        "6,46": 62.60475841638142,
        "6,47": 60.33329530724642,
        "6,48": 39.33254630656749,
        "6,49": 35.08779879607219,
        "6,50": 53.672410093338364,
        "7,0": 71.65044867320623,
        "7,1": 9.578153354059143,
        "7,2": 22.023278338456116,
        "7,3": 68.91006813477877,
        "7,4": 29.619026371471218,
        "7,5": 29.793118238733722,
        "7,6": 33.26316935281416,
        "7,7": 0.0,
        "7,8": 69.39718890675587,
        "7,9": 43.93327740963918,
        "7,10": 64.5437264530429,
        "7,11": 57.749743485667665,
        "7,12": 12.426787020094556,
        "7,13": 14.470310084471311,
        "7,14": 64.75339030816852,
        "7,15": 54.29512058812894,
        "7,16": 9.040879742665524,
        "7,17": 44.01201291900737,
        "7,18": 54.30626413346751,
        "7,19": 17.61971764555551,
        "7,20": 42.259028693477866,
        "7,21": 44.39165747169169,
        "7,22": 32.160105100689556,
        "7,23": 35.79648098590866,
        "7,24": 36.9722298397539,
        "7,25": 57.98066790996378,
        "7,26": 12.890580576633065,
        "7,27": 16.14528812615806,
        "7,28": 47.73017110962739,
        "7,29": 33.80052510414226,
        "7,30": 8.855130972726935,
        "7,31": 29.878899227949756,
        "7,32": 9.418521201552709,
        "7,33": 6.083328647081641,
        "7,34": 31.906227416761276,
        "7,35": 66.44137530725283,
        "7,36": 43.52967905874467,
        "7,37": 63.61541374355145,
        "7,38": 13.57457696223673,
        "7,39": 49.40486568470601,
        "7,40": 55.57809423134259,
        "7,41": 31.28741362986588,
        "7,42": 39.865374928632455,
        "7,43": 58.71436684913351,
        "7,44": 34.886992193244126,
        "7,45": 56.49554148080574,
        "7,46": 64.40724711191838,
        "7,47": 70.34966270265788,
        "7,48": 51.97631326436589,
        "7,49": 3.1980505415706197,
        "7,50": 35.77791548601304,
        "8,0": 134.67312041743875,
        "8,1": 65.11766919292701,
        "8,2": 91.04121591431226,
        "8,3": 80.12847850844868,
        "8,4": 49.52177495974847,
        "8,5": 67.29726229502474,
        "8,6": 97.85019015847018,
        "8,7": 69.39718890675587,
        "8,8": 0.0,
        "8,9": 101.15164307624724,
        "8,10": 67.92259997781683,
        "8,11": 22.365465276158822,
        "8,12": 60.39871389873986,
        "8,13": 64.38686163289748,
        "8,14": 84.11813831778748,
        "8,15": 92.69772782454234,
        "8,16": 76.93209634937394,
        "8,17": 93.88302848662823,
        "8,18": 76.93427816814749,
        "8,19": 76.12926562761112,
        "8,20": 92.52901658801139,
        "8,21": 106.1992788444306,
        "8,22": 78.13894777874053,
        "8,23": 52.13574673604697,
        "8,24": 39.8235488585428,
        "8,25": 23.668592132038388,
        "8,26": 82.12932435947108,
        "8,27": 53.39637975881426,
        "8,28": 115.75301882304204,
        "8,29": 35.66888458867416,
        "8,30": 60.97195732702332,
        "8,31": 39.82836648478178,
        "8,32": 75.0645415004115,
        "8,33": 72.16876307478715,
        "8,34": 99.35954895385962,
        "8,35": 125.73515257352169,
        "8,36": 110.83940385592408,
        "8,37": 124.34254568311269,
        "8,38": 74.36969119070834,
        "8,39": 20.63978758795602,
        "8,40": 118.24603190676083,
        "8,41": 89.1963423965272,
        "8,42": 108.69100807652957,
        "8,43": 12.392260372027687,
        "8,44": 35.0638116227437,
        "8,45": 80.7442011660908,
        "8,46": 77.28106230380817,
        "8,47": 92.92872256913687,
        "8,48": 88.9396605434012,
        "8,49": 69.75739033883423,
        "8,50": 48.051639744668414,
        "9,0": 34.18841074690398,
        "9,1": 53.48465948615032,
        "9,2": 40.86555576169472,
        "9,3": 55.89632708380024,
        "9,4": 51.63737393313931,
        "9,5": 34.400119188656966,
        "9,6": 15.746858799420865,
        "9,7": 43.93327740963918,
        "9,8": 101.15164307624724,
        "9,9": 0.0,
        "9,10": 60.11843733862058,
        "9,11": 82.41614887284656,
        "9,12": 44.586040353993866,
        "9,13": 58.27278317911869,
        "9,14": 47.5759603183429,
        "9,15": 26.218347099773226,
        "9,16": 35.54451777522259,
        "9,17": 11.589844587772616,
        "9,18": 41.84986492652802,
        "9,19": 56.747062427689634,
        "9,20": 76.67041793789402,
        "9,21": 9.198428136086733,
        "9,22": 72.01934290649505,
        "9,23": 50.42286552921003,
        "9,24": 61.44969717772506,
        "9,25": 81.85680664884472,
        "9,26": 40.20323740207569,
        "9,27": 55.96794854246404,
        "9,28": 29.498210949015903,
        "9,29": 68.22240935713097,
        "9,30": 51.17178004990867,
        "9,31": 63.87782538247019,
        "9,32": 48.14527066246741,
        "9,33": 47.29055063047528,
        "9,34": 49.30268043113227,
        "9,35": 24.641110273830947,
        "9,36": 24.447602560845937,
        "9,37": 23.273861565989062,
        "9,38": 31.35801301358021,
        "9,39": 84.58474873278281,
        "9,40": 18.76104408025731,
        "9,41": 13.05575249939582,
        "9,42": 30.91489145184464,
        "9,43": 88.86077790727295,
        "9,44": 72.12595351427862,
        "9,45": 40.75885769851874,
        "9,46": 52.77684550455424,
        "9,47": 47.43377394117967,
        "9,48": 27.345982821727514,
        "9,49": 46.42797821247184,
        "9,50": 53.96450524473287,
        "10,0": 91.80930413392116,
        "10,1": 69.91788185648913,
        "10,2": 80.81446752311203,
        "10,3": 12.411580935432319,
        "10,4": 38.982994850542504,
        "10,5": 36.075309053756826,
        "10,6": 68.08545255809774,
        "10,7": 64.5437264530429,
        "10,8": 67.92259997781683,
        "10,9": 60.11843733862058,
        "10,10": 0.0,
        "10,11": 45.72276995334438,
        "10,12": 53.11740637144097,
        "10,13": 73.77231919527718,
        "10,14": 18.849498400974046,
        "10,15": 37.52201580951744,
        "10,16": 64.17243741896011,
        "10,17": 48.66604230679164,
        "10,18": 18.544099055816787,
        "10,19": 81.7911934471174,
        "10,20": 106.43964339099887,
        "10,21": 68.91413235530099,
        "10,22": 94.52252744520086,
        "10,23": 30.94028830822163,
        "10,24": 39.95359330853154,
        "10,25": 44.33723231553505,
        "10,26": 73.33951576980533,
        "10,27": 60.25161814044496,
        "10,28": 87.47357569966344,
        "10,29": 54.81473033959536,
        "10,30": 63.23328741041471,
        "10,31": 53.129447813004425,
        "10,32": 73.93386643027256,
        "10,33": 70.61143548802502,
        "10,34": 92.14681883960378,
        "10,35": 79.47957507937174,
        "10,36": 81.83848712138834,
        "10,37": 80.25728089981588,
        "10,38": 55.88279036924443,
        "10,39": 63.21400614881061,
        "10,40": 78.44280746650293,
        "10,41": 55.37613278912386,
        "10,42": 85.20613071017858,
        "10,43": 57.31458180870387,
        "10,44": 60.822234214301446,
        "10,45": 20.770917424842313,
        "10,46": 10.826698253401188,
        "10,47": 26.974635125302004,
        "10,48": 34.59104403099248,
        "10,49": 67.47721208215454,
        "10,50": 33.470605033918844,
        "11,0": 116.4959708754813,
        "11,1": 56.4084015122393,
        "11,2": 79.70908512556942,
        "11,3": 57.83743462694675,
        "11,4": 31.789048141184093,
        "11,5": 48.01976311038939,
        "11,6": 81.49739132402574,
        "11,7": 57.749743485667665,
        "11,8": 22.365465276158822,
        "11,9": 82.41614887284656,
        "11,10": 45.72276995334438,
        "11,11": 0.0,
        "11,12": 46.52237361437731,
        "11,13": 57.39018847698175,
        "11,14": 61.76450329902833,
        "11,15": 71.29549065005608,
        "11,16": 63.61282018684187,
        "11,17": 74.04337451506282,
        "11,18": 54.81378003962717,
        "11,19": 68.99763008575748,
        "11,20": 89.71723947441846,
        "11,21": 88.47084103233735,
        "11,22": 75.35170435896377,
        "11,23": 32.07171047538206,
        "11,24": 22.016356093658143,
        "11,25": 1.4975018252901326,
        "11,26": 70.54872878566886,
        "11,27": 43.50943468513364,
        "11,28": 100.58000819695737,
        "11,29": 26.47079700818593,
        "11,30": 50.662140024727734,
        "11,31": 29.006384374633623,
        "11,32": 65.36552977355407,
        "11,33": 62.00268863087117,
        "11,34": 89.5077935796563,
        "11,35": 106.6391542115244,
        "11,36": 95.28842250330727,
        "11,37": 105.67533570794183,
        "11,38": 59.09514472633164,
        "11,39": 22.33719315360494,
        "11,40": 100.36141678195361,
        "11,41": 71.38636275232149,
        "11,42": 94.5022641099408,
        "11,43": 11.916311164106624,
        "11,44": 29.79591291004565,
        "11,45": 58.605614324358065,
        "11,46": 54.925155225598985,
        "11,47": 70.57447875343783,
        "11,48": 67.53752936718547,
        "11,49": 59.04772795864323,
        "11,50": 28.461075768463733,
        "12,0": 75.9161297946227,
        "12,1": 16.932535313828865,
        "12,2": 33.525506595509796,
        "12,3": 58.59142144020121,
        "12,4": 17.204915288398333,
        "12,5": 20.61522738690943,
        "12,6": 37.91610859310298,
        "12,7": 12.426787020094556,
        "12,8": 60.39871389873986,
        "12,9": 44.586040353993866,
        "12,10": 53.11740637144097,
        "12,11": 46.52237361437731,
        "12,12": 0.0,
        "12,13": 21.227375742156994,
        "12,14": 55.434707133618545,
        "12,15": 48.52956653339928,
        "12,16": 17.100539403847456,
        "12,17": 41.39280666852841,
        "12,18": 44.83310382364901,
        "12,19": 28.760533927818138,
        "12,20": 53.33710851278506,
        "12,21": 47.50666313293582,
        "12,22": 41.66621132842349,
        "12,23": 23.51946132272509,
        "12,24": 25.061528457779595,
        "12,25": 46.605116869850264,
        "12,26": 24.446308121461104,
        "12,27": 11.820083409391337,
        "12,28": 55.3562265992741,
        "12,29": 25.065295950393068,
        "12,30": 10.584302762224517,
        "12,31": 20.720591114784327,
        "12,32": 21.633853374118207,
        "12,33": 18.118200584401304,
        "12,34": 43.99753942179828,
        "12,35": 68.76942280307412,
        "12,36": 50.465982870478896,
        "12,37": 66.57875366602896,
        "12,38": 14.272872038161688,
        "12,39": 41.55039205278353,
        "12,40": 59.42664693843885,
        "12,41": 31.575668476635,
        "12,42": 48.4974731541861,
        "12,43": 48.95229512751998,
        "12,44": 27.966094449536584,
        "12,45": 47.5058898945481,
        "12,46": 54.06979118100285,
        "12,47": 61.915211568055796,
        "12,48": 45.62656028548764,
        "12,49": 14.86443386035882,
        "12,50": 23.351508544909372,
        "13,0": 84.55230218646774,
        "13,1": 4.9661610225533375,
        "13,2": 29.086738023250074,
        "13,3": 79.77487959896973,
        "13,4": 35.563767440467466,
        "13,5": 41.628403884038114,
        "13,6": 46.67716943189661,
        "13,7": 14.470310084471311,
        "13,8": 64.38686163289748,
        "13,9": 58.27278317911869,
        "13,10": 73.77231919527718,
        "13,11": 57.39018847698175,
        "13,12": 21.227375742156994,
        "13,13": 0.0,
        "13,14": 76.62299590696595,
        "13,15": 68.09604025200994,
        "13,16": 22.828561271984583,
        "13,17": 58.4173798244254,
        "13,18": 66.02858894715143,
        "13,19": 11.834568242142817,
        "13,20": 33.73357728494095,
        "13,21": 58.144504684927014,
        "13,22": 20.77646024912512,
        "13,23": 43.184135831281395,
        "13,24": 39.798839231161224,
        "13,25": 57.98150308817772,
        "13,26": 21.89882882281953,
        "13,27": 14.752375477125362,
        "13,28": 58.69138843609341,
        "13,29": 31.065328105637136,
        "13,30": 10.671094143629183,
        "13,31": 28.463768110308106,
        "13,32": 12.70819069314487,
        "13,33": 11.631102600454943,
        "13,34": 35.434062824356445,
        "13,35": 80.22466202005153,
        "13,36": 55.22671819445955,
        "13,37": 77.19271525862439,
        "13,38": 27.9462357349083,
        "13,39": 43.74795220858681,
        "13,40": 68.87611235819307,
        "13,41": 45.73517065973204,
        "13,42": 50.114321589466584,
        "13,43": 55.37337921097086,
        "13,44": 29.555379779542232,
        "13,45": 68.61741741621667,
        "13,46": 75.25598670582515,
        "13,47": 82.9054620906718,
        "13,48": 65.55188298649503,
        "13,49": 11.848834632607138,
        "13,50": 41.781097693140005,
        "14,0": 76.3267701632308,
        "14,1": 72.10045683057668,
        "14,2": 76.59593298027212,
        "14,3": 8.916794818256875,
        "14,4": 45.990665015168375,
        "14,5": 35.10002345537576,
        "14,6": 58.813475070338846,
        "14,7": 64.75339030816852,
        "14,8": 84.11813831778748,
        "14,9": 47.5759603183429,
        "14,10": 18.849498400974046,
        "14,11": 61.76450329902833,
        "14,12": 55.434707133618545,
        "14,13": 76.62299590696595,
        "14,14": 0.0,
        "14,15": 21.954365809910126,
        "14,16": 61.76311007713079,
        "14,17": 36.10601732411907,
        "14,18": 10.6043355060399,
        "14,19": 82.34783717518133,
        "14,20": 106.81620039859247,
        "14,21": 56.762830866386324,
        "14,22": 96.64027748831184,
        "14,23": 38.43547718280559,
        "14,24": 50.5898214004337,
        "14,25": 60.50866501473333,
        "14,26": 70.64148938644311,
        "14,27": 65.16192139516748,
        "14,28": 76.69948006286607,
        "14,29": 64.76710740615957,
        "14,30": 66.01726665618523,
        "14,31": 62.02709734302079,
        "14,32": 73.59612459215663,
        "14,33": 70.70543966034973,
        "14,34": 87.62131212308834,
        "14,35": 63.55596141276776,
        "14,36": 71.30223497560367,
        "14,37": 64.94426950505192,
        "14,38": 53.257903166972206,
        "14,39": 76.22161949928513,
        "14,40": 64.59332822686679,
        "14,41": 46.61944385661407,
        "14,42": 76.1830869920715,
        "14,43": 72.68426861077457,
        "14,44": 70.72100921050061,
        "14,45": 8.404552829821474,
        "14,46": 8.041802793489207,
        "14,47": 8.810615340645034,
        "14,48": 20.233171576064613,
        "14,49": 67.92697692964734,
        "14,50": 42.26201687007639,
        "15,0": 54.65583705647584,
        "15,1": 63.1759720259577,
        "15,2": 60.653036536499755,
        "15,3": 30.70681523937909,
        "15,4": 46.23168908408775,
        "15,5": 29.21558540427845,
        "15,6": 39.29362140724583,
        "15,7": 54.29512058812894,
        "15,8": 92.69772782454234,
        "15,9": 26.218347099773226,
        "15,10": 37.52201580951744,
        "15,11": 71.29549065005608,
        "15,12": 48.52956653339928,
        "15,13": 68.09604025200994,
        "15,14": 21.954365809910126,
        "15,15": 0.0,
        "15,16": 48.72781807844107,
        "15,17": 15.359266211520355,
        "15,18": 19.319244407609578,
        "15,19": 70.9220842706669,
        "15,20": 94.14903266825368,
        "15,21": 35.389627894550955,
        "15,22": 86.1721541046643,
        "15,23": 41.084015533989174,
        "15,24": 54.1959979871277,
        "15,25": 70.3375095755304,
        "15,26": 56.559277183391536,
        "15,27": 60.034636838360626,
        "15,28": 55.69248384563798,
        "15,29": 65.74872350535493,
        "15,30": 58.33807802206289,
        "15,31": 62.00587230703667,
        "15,32": 61.782871304162704,
        "15,33": 59.58173921849803,
        "15,34": 70.93385811080452,
        "15,35": 42.084960976276356,
        "15,36": 50.5137016502345,
        "15,37": 43.18026224200923,
        "15,38": 40.99690414701621,
        "15,39": 80.27026640522888,
        "15,40": 42.65363657750782,
        "15,41": 28.493171280436215,
        "15,42": 56.248250838620784,
        "15,43": 80.43951969509529,
        "15,44": 71.08064684448851,
        "15,45": 16.761510188264463,
        "15,46": 28.33881413734372,
        "15,47": 21.26617410664095,
        "15,48": 3.7611617469581873,
        "15,49": 57.43280164380306,
        "15,50": 45.345008649759286,
        "16,0": 62.611052441564254,
        "16,1": 18.202045247921532,
        "16,2": 17.29527543801143,
        "16,3": 66.92709955514444,
        "16,4": 33.33011790839697,
        "16,5": 28.16913927537566,
        "16,6": 24.231070277454933,
        "16,7": 9.040879742665524,
        "16,8": 76.93209634937394,
        "16,9": 35.54451777522259,
        "16,10": 64.17243741896011,
        "16,11": 63.61282018684187,
        "16,12": 17.100539403847456,
        "16,13": 22.828561271984583,
        "16,14": 61.76311007713079,
        "16,15": 48.72781807844107,
        "16,16": 0.0,
        "16,17": 36.942044031402496,
        "16,18": 51.70062322479385,
        "16,19": 22.34858877036629,
        "16,20": 45.59233236165831,
        "16,21": 35.45137833087883,
        "16,22": 37.76958056707799,
        "16,23": 38.01771058084299,
        "16,24": 41.98970208882214,
        "16,25": 63.672972044443554,
        "16,26": 9.170048577823605,
        "16,27": 24.457060628526424,
        "16,28": 39.21225496059498,
        "16,29": 41.28236046878462,
        "16,30": 17.65592255521051,
        "16,31": 37.111028024685176,
        "16,32": 13.237460778996756,
        "16,33": 11.794351187588171,
        "16,34": 28.450261489391917,
        "16,35": 57.52717533156628,
        "16,36": 34.77469790813318,
        "16,37": 54.633904364137294,
        "16,38": 8.533005239842494,
        "16,39": 57.375974444916594,
        "16,40": 46.54716212156536,
        "16,41": 23.37185988105466,
        "16,42": 31.769753214544885,
        "16,43": 65.78721664173378,
        "16,44": 43.05956412976613,
        "16,45": 53.36618955032229,
        "16,46": 62.5215922079504,
        "16,47": 66.45108504973307,
        "16,48": 46.860795428312045,
        "16,49": 11.010343411365405,
        "16,50": 38.98501045312297,
        "17,0": 44.14444549478423,
        "17,1": 53.46036660577855,
        "17,2": 46.57183081624869,
        "17,3": 44.335572876635716,
        "17,4": 44.69709932536919,
        "17,5": 26.627189870807747,
        "17,6": 23.999722631585335,
        "17,7": 44.01201291900737,
        "17,8": 93.88302848662823,
        "17,9": 11.589844587772616,
        "17,10": 48.66604230679164,
        "17,11": 74.04337451506282,
        "17,12": 41.39280666852841,
        "17,13": 58.4173798244254,
        "17,14": 36.10601732411907,
        "17,15": 15.359266211520355,
        "17,16": 36.942044031402496,
        "17,17": 0.0,
        "17,18": 30.305136708214526,
        "17,19": 59.23338544632833,
        "17,20": 81.26477258242836,
        "17,21": 20.705203840624364,
        "17,22": 74.68048073861273,
        "17,23": 42.03663046108362,
        "17,24": 54.094387901721426,
        "17,25": 73.3453553075811,
        "17,26": 43.67586965633325,
        "17,27": 53.20282421590125,
        "17,28": 40.64135019580803,
        "17,29": 62.857760333728734,
        "17,30": 49.78882481527116,
        "17,31": 58.6737494026371,
        "17,32": 50.169498153696274,
        "17,33": 48.53132807005312,
        "17,34": 56.355267666396415,
        "17,35": 32.95234330100149,
        "17,36": 35.33258632745782,
        "17,37": 32.7007691505296,
        "17,38": 30.47116937168997,
        "17,39": 78.7259929208351,
        "17,40": 29.819089898573484,
        "17,41": 14.311778254752374,
        "17,42": 40.89018215302787,
        "17,43": 81.49607552316446,
        "17,44": 67.42336926384567,
