{
    "num_robots": 5,
    "num_tasks": 30,
    "num_nodes": 31,
    "robot_capacity": [
        65,
        74,
        63,
        78,
        71
    ],
    "robot_speed": [
        1.1,
        0.91,
        1.19,
        0.89,
        1.12
    ],
    "task_demand": {
        "0": 0,
        "1": 8,
        "2": 14,
        "3": 10,
        "4": 12,
        "5": 6,
        "6": 6,
        "7": 13,
        "8": 7,
        "9": 8,
        "10": 11,
        "11": 6,
        "12": 14,
        "13": 7,
        "14": 8,
        "15": 11,
        "16": 7,
        "17": 5,
        "18": 9,
        "19": 9,
        "20": 15,
        "21": 15,
        "22": 7,
        "23": 13,
        "24": 6,
        "25": 8,
        "26": 10,
        "27": 8,
        "28": 13,
        "29": 14,
        "30": 12
    },
    "task_service_time": {
        "0": 0,
        "1": 46,
        "2": 41,
        "3": 92,
        "4": 96,
        "5": 24,
        "6": 87,
        "7": 59,
        "8": 39,
        "9": 98,
        "10": 43,
        "11": 91,
        "12": 91,
        "13": 65,
        "14": 23,
        "15": 19,
        "16": 18,
        "17": 67,
        "18": 14,
        "19": 39,
        "20": 75,
        "21": 45,
        "22": 37,
        "23": 74,
        "24": 41,
        "25": 59,
        "26": 70,
        "27": 38,
        "28": 51,
        "29": 77,
        "30": 42
    },
    "task_precedence": [],
    "coordinates": {
        "0": [
            100,
            0
        ],
        "1": [
            28.62417601095174,
            71.5048627527936
        ],
        "2": [
            11.830333310641228,
            74.51635042562631
        ],
        "3": [
            91.42034430057902,
            81.02716864051166
        ],
        "4": [
            86.52520320462398,
            82.20332216171575
        ],
        "5": [
            29.116838952668978,
            86.12344300919096
        ],
        "6": [
            39.0869974522618,
            24.346546901259025
        ],
        "7": [
            59.366280397962726,
            46.937793647852374
        ],
        "8": [
            6.496215063803512,
            92.94143549702949
        ],
        "9": [
            93.00456616685034,
            76.92262748670974
        ],
        "10": [
            81.13962925210397,
            93.23815117602787
        ],
        "11": [
            18.155718214110294,
            1.0824087732115406
        ],
        "12": [
            50.29896427725752,
            3.7035802951262964
        ],
        "13": [
            89.01968380491635,
            36.244306333143015
        ],
        "14": [
            55.45458875027835,
            62.52809592030072
        ],
        "15": [
            1.1144501966106946,
            48.345448420058304
        ],
        "16": [
            35.34840526670748,
            22.560982339555522
        ],
        "17": [
            89.48411408513878,
            13.07491324497365
        ],
        "18": [
            20.30711309073798,
            2.674318791565211
        ],
        "19": [
            51.476725528482824,
            84.85388609581852
        ],
        "20": [
            44.67170478536144,
            6.161987390936508
        ],
        "21": [
            17.039009306483322,
            67.176901697026
        ],
        "22": [
            58.754379017498394,
            40.67288864933237
        ],
        "23": [
            80.65186532370554,
            40.657593228661796
        ],
        "24": [
            85.5908778192682,
            80.18565359940516
        ],
        "25": [
            62.08624732826426,
            43.11711719438406
        ],
        "26": [
            56.382543576796806,
            6.940417319926873
        ],
        "27": [
            67.21509922673835,
            47.42013144559222
        ],
        "28": [
            45.694780042605075,
            76.53524588802075
        ],
        "29": [
            50.168576736681224,
            67.37178298625435
        ],
        "30": [
            67.26455800584091,
            21.253109770358613
        ]
    },
    "distance_matrix_str_keys": {
        "0,0": 0.0,
        "0,1": 101.03194369807723,
        "0,2": 115.44079263790319,
        "0,3": 81.48013592169887,
        "0,4": 83.30039809688488,
        "0,5": 111.54223395566017,
        "0,6": 65.59838584443953,
        "0,7": 62.08265169292754,
        "0,8": 131.83727936226148,
        "0,9": 77.2400589977318,
        "0,10": 95.12658103533376,
        "0,11": 81.85143902095089,
        "0,12": 49.838834847092606,
        "0,13": 37.871058676972936,
        "0,14": 76.77275846825589,
        "0,15": 110.07104225387849,
        "0,16": 68.47500730692646,
        "0,17": 16.77907068159509,
        "0,18": 79.73774642496076,
        "0,19": 97.74809538298092,
        "0,20": 55.67037219171663,
        "0,21": 106.7485929577606,
        "0,22": 57.9265493648048,
        "0,23": 45.026549974424576,
        "0,24": 81.4700058008041,
        "0,25": 57.41548951988303,
        "0,26": 44.16618499944013,
        "0,27": 57.64996604534869,
        "0,28": 93.84402366565939,
        "0,29": 83.79813773106761,
        "0,30": 39.0295252016197,
        "1,0": 101.03194369807723,
        "1,1": 0.0,
        "1,2": 17.06171769331553,
        "1,3": 63.51403830082339,
        "1,4": 58.88111737906072,
        "1,5": 14.626879553988005,
        "1,6": 48.305045145055345,
        "1,7": 39.352482342907386,
        "1,8": 30.8086563598193,
        "1,9": 64.60794696736455,
        "1,10": 56.834924604605,
        "1,11": 71.1962824391176,
        "1,12": 71.18153095637639,
        "1,13": 69.93514281614218,
        "1,14": 28.292285000112024,
        "1,15": 35.96030431761566,
        "1,16": 49.40363032196431,
        "1,17": 84.36818749908208,
        "1,18": 69.33121459788072,
        "1,19": 26.465740943034913,
        "1,20": 67.28457877047829,
        "1,21": 12.367187815771402,
        "1,22": 43.10962491523461,
        "1,23": 60.48499394328205,
        "1,24": 57.62431122920482,
        "1,25": 43.88136637268614,
        "1,26": 70.27869224718246,
        "1,27": 45.48992896001074,
        "1,28": 17.796355708197027,
        "1,29": 21.937263981348934,
        "1,30": 63.390202701352976,
        "2,0": 115.44079263790319,
        "2,1": 17.06171769331553,
        "2,2": 0.0,
        "2,3": 79.85587394303379,
        "2,4": 75.08936757591216,
        "2,5": 20.821812494480366,
        "2,6": 57.09583982920928,
        "2,7": 54.95673807126411,
        "2,8": 19.181672955185405,
        "2,9": 81.20989009405662,
        "2,10": 71.79334458875002,
        "2,11": 73.70586327279052,
        "2,12": 80.58712044738132,
        "2,13": 86.1565156488181,
        "2,14": 45.241506481848816,
        "2,15": 28.27978540757706,
        "2,16": 57.03034263872008,
        "2,17": 99.02100722269904,
        "2,18": 72.34039884289894,
        "2,19": 40.97195454970908,
        "2,20": 75.83452133572635,
        "2,21": 8.999878514147536,
        "2,22": 57.85538843100692,
        "2,23": 76.69953524988422,
        "2,24": 73.97809760115058,
        "2,25": 59.25849087900119,
        "2,26": 80.94075719132918,
        "2,27": 61.657743865591065,
        "2,28": 33.92457356180169,
        "2,29": 38.9982788452264,
        "2,30": 76.8760435549258,
        "3,0": 81.48013592169887,
        "3,1": 63.51403830082339,
        "3,2": 79.85587394303379,
        "3,3": 0.0,
        "3,4": 5.034455626455425,
        "3,5": 62.51158925413681,
        "3,6": 77.1457845452006,
        "3,7": 46.79261159695143,
        "3,8": 85.75580144429219,
        "3,9": 4.399661010217238,
        "3,10": 15.962493426486448,
        "3,11": 108.43832378744312,
        "3,12": 87.57799500804434,
        "3,13": 44.847161864004,
        "3,14": 40.44442191219496,
        "3,15": 96.03774959090374,
        "3,16": 81.0083778852306,
        "3,17": 67.97983525125379,
        "3,18": 105.81238458968713,
        "3,19": 40.12650554301116,
        "3,20": 88.26228333810259,
        "3,21": 75.65984991995224,
        "3,22": 51.918524646622245,
        "3,23": 41.78112921413685,
        "3,24": 5.889891936286675,
        "3,25": 47.93392583368493,
        "3,26": 81.95422015245857,
        "3,27": 41.41650441678278,
        "3,28": 45.945670054146014,
        "3,29": 43.453168866175304,
        "3,30": 64.47045932308518,
        "4,0": 83.30039809688488,
        "4,1": 58.88111737906072,
        "4,2": 75.08936757591216,
        "4,3": 5.034455626455425,
        "4,4": 0.0,
        "4,5": 57.54205100223622,
        "4,6": 74.81837881525131,
        "4,7": 44.511398420857276,
        "4,8": 80.7461827013861,
        "4,9": 8.358700894690964,
        "4,10": 12.27891925916799,
        "4,11": 106.08953325777843,
        "4,12": 86.45547906260086,
        "4,13": 46.02666150609051,
        "4,14": 36.776318606155485,
        "4,15": 91.87683246445683,
        "4,16": 78.58926992052015,
        "4,17": 69.19170523234081,
        "4,18": 103.48766996787656,
        "4,19": 35.14856009260879,
        "4,20": 86.79861706071665,
        "4,21": 71.0923656550522,
        "4,22": 49.95993978938261,
        "4,23": 41.95883328266204,
        "4,24": 2.2234995734329934,
        "4,25": 46.097657023702645,
        "4,26": 81.07456305564162,
        "4,27": 39.78379660151827,
        "4,28": 41.22196676814382,
        "4,29": 39.26549175093522,
        "4,30": 63.92105164986688,
        "5,0": 111.54223395566017,
        "5,1": 14.626879553988005,
        "5,2": 20.821812494480366,
        "5,3": 62.51158925413681,
        "5,4": 57.54205100223622,
        "5,5": 0.0,
        "5,6": 62.57626509498006,
        "5,7": 49.502967826404415,
        "5,8": 23.625783514747898,
        "5,9": 64.54685658397611,
        "5,10": 52.507045078143975,
        "5,11": 85.74452560817096,
        "5,12": 85.09827379607557,
        "5,13": 77.95049131942847,
        "5,14": 35.36124246469111,
        "5,15": 47.024574971199435,
        "5,16": 63.867196784462145,
        "5,17": 94.7644216340344,
        "5,18": 83.91285719394322,
        "5,19": 22.395899232662035,
        "5,20": 81.46034762792964,
        "5,21": 22.46876491166915,
        "5,22": 54.25989930614348,
        "5,23": 68.72410377246892,
        "5,24": 56.785336214388344,
        "5,25": 54.18972179967433,
        "5,26": 83.74586679924475,
        "5,27": 54.308597495237606,
        "5,28": 19.15102229166392,
        "5,29": 28.19220490388448,
        "5,30": 75.25562174001949,
        "6,0": 65.59838584443953,
        "6,1": 48.305045145055345,
        "6,2": 57.09583982920928,
        "6,3": 77.1457845452006,
        "6,4": 74.81837881525131,
        "6,5": 62.57626509498006,
        "6,6": 0.0,
        "6,7": 30.35809194197259,
        "6,8": 75.94351742023808,
        "6,9": 75.30835588313016,
        "6,10": 80.71230997093593,
        "6,11": 31.294385652802724,
        "6,12": 23.49128073108649,
        "6,13": 51.33059366393067,
        "6,14": 41.541891271250414,
        "6,15": 44.920614635061284,
        "6,16": 4.143104190567651,
        "6,17": 51.64222197184501,
        "6,18": 28.67698603184807,
        "6,19": 61.76279995440763,
        "6,20": 19.022806327690926,
        "6,21": 48.17211925177952,
        "6,22": 25.56081635056852,
        "6,23": 44.65073877849341,
        "6,24": 72.66785208079149,
        "6,25": 29.686694056225715,
        "6,26": 24.537914800325723,
        "6,27": 36.381044695827555,
        "6,28": 52.60535231981693,
        "6,29": 44.429408499398875,
        "6,30": 28.34685647533869,
        "7,0": 62.08265169292754,
        "7,1": 39.352482342907386,
        "7,2": 54.95673807126411,
        "7,3": 46.79261159695143,
        "7,4": 44.511398420857276,
        "7,5": 49.502967826404415,
        "7,6": 30.35809194197259,
        "7,7": 0.0,
        "7,8": 70.08265742554019,
        "7,9": 45.06245144034258,
        "7,10": 51.16445863645008,
        "7,11": 61.652467570330124,
        "7,12": 44.174805329076875,
        "7,13": 31.522611004886304,
        "7,14": 16.073545237217328,
        "7,15": 58.26883569941022,
        "7,16": 34.2211521632583,
        "7,17": 45.318633862772884,
        "7,18": 59.03281932185638,
        "7,19": 38.72822152592667,
        "7,20": 43.34278403997597,
        "7,21": 46.91715435400694,
        "7,22": 6.294716668754445,
        "7,23": 22.192725000238504,
        "7,24": 42.34559836945995,
        "7,25": 4.68996680841359,
        "7,26": 40.10851279386555,
        "7,27": 7.863625547930879,
        "7,28": 32.60244010922484,
        "7,29": 22.408607116969062,
        "7,30": 26.871653746241556,
        "8,0": 131.83727936226148,
        "8,1": 30.8086563598193,
        "8,2": 19.181672955185405,
        "8,3": 85.75580144429219,
        "8,4": 80.7461827013861,
        "8,5": 23.625783514747898,
        "8,6": 75.94351742023808,
        "8,7": 70.08265742554019,
        "8,8": 0.0,
        "8,9": 87.97895782878714,
        "8,10": 74.64400392449708,
        "8,11": 92.59603017602382,
        "8,12": 99.40862960373504,
        "8,13": 100.12336065320547,
        "8,14": 57.63587058624106,
        "8,15": 44.91954425921006,
        "8,16": 76.06482147586975,
        "8,17": 115.17661551119423,
        "8,18": 91.31754082665766,
        "8,19": 45.70180277604105,
        "8,20": 94.80527743263484,
        "8,21": 27.83813413961153,
        "8,22": 73.91154638742964,
        "8,23": 90.73401031483431,
        "8,24": 80.11663777406322,
        "8,25": 74.65061541264824,
        "8,26": 99.42243660263323,
        "8,27": 75.88789110612639,
        "8,28": 42.493417771274586,
        "8,29": 50.60713688412365,
        "8,30": 93.97876116130884,
        "9,0": 77.2400589977318,
        "9,1": 64.60794696736455,
        "9,2": 81.20989009405662,
        "9,3": 4.399661010217238,
        "9,4": 8.358700894690964,
        "9,5": 64.54685658397611,
        "9,6": 75.30835588313016,
        "9,7": 45.06245144034258,
        "9,8": 87.97895782878714,
        "9,9": 0.0,
        "9,10": 20.173572842895528,
        "9,11": 106.55556679199655,
        "9,12": 84.76318366127902,
        "9,13": 40.8730363358433,
        "9,14": 40.214466837214346,
        "9,15": 96.23122453981117,
        "9,16": 79.24280000636195,
        "9,17": 63.9446963926956,
        "9,18": 103.9121312833253,
        "9,19": 42.27843908199794,
        "9,20": 85.69208642626093,
        "9,21": 76.58815182698537,
        "9,22": 49.87102250349093,
        "9,23": 38.311120159264746,
        "9,24": 8.100007057231945,
        "9,25": 45.8121705000866,
        "9,26": 78.98532951386706,
        "9,27": 39.18537836631522,
        "9,28": 47.311372075060696,
        "9,29": 43.88781859620548,
        "9,30": 61.3322364087595,
        "10,0": 95.12658103533376,
        "10,1": 56.834924604605,
        "10,2": 71.79334458875002,
        "10,3": 15.962493426486448,
        "10,4": 12.27891925916799,
        "10,5": 52.507045078143975,
        "10,6": 80.71230997093593,
        "10,7": 51.16445863645008,
        "10,8": 74.64400392449708,
        "10,9": 20.173572842895528,
        "10,10": 0.0,
        "10,11": 111.62281983293623,
        "10,12": 94.6973389220516,
        "10,13": 57.53602010680033,
        "10,14": 40.03534437706559,
        "10,15": 91.75720158984579,
        "10,16": 84.21459724311438,
        "10,17": 80.59637177143621,
        "10,18": 109.09813361686761,
        "10,19": 30.825050823186572,
        "10,20": 94.40427858121737,
        "10,21": 69.19594064552975,
        "10,22": 57.13323247083371,
        "10,23": 52.58282027151233,
        "10,24": 13.790623872560058,
        "10,25": 53.62041971231478,
        "10,26": 89.77868432892598,
        "10,27": 47.887195245137285,
        "10,28": 39.18321554625463,
        "10,29": 40.35189087567027,
        "10,30": 73.31005243665285,
        "11,0": 81.85143902095089,
        "11,1": 71.1962824391176,
        "11,2": 73.70586327279052,
        "11,3": 108.43832378744312,
        "11,4": 106.08953325777843,
        "11,5": 85.74452560817096,
        "11,6": 31.294385652802724,
        "11,7": 61.652467570330124,
        "11,8": 92.59603017602382,
        "11,9": 106.55556679199655,
        "11,10": 111.62281983293623,
        "11,11": 0.0,
        "11,12": 32.24994275379921,
        "11,13": 79.10790516294854,
        "11,14": 71.88030475903525,
        "11,15": 50.24141451336401,
        "11,16": 27.512135695605192,
        "11,17": 72.32952523720441,
        "11,18": 2.6763178850268603,
        "11,19": 90.15514373155047,
        "11,20": 26.998141839401093,
        "11,21": 66.1039260077685,
        "11,22": 56.70676640269739,
        "11,23": 73.97272219019035,
        "11,24": 103.94625579118205,
        "11,25": 60.80138238808819,
        "11,26": 38.67307126984774,
        "11,27": 67.48338616137066,
        "11,28": 80.3214202754632,
        "11,29": 73.61456543608043,
        "11,30": 53.08987967971084,
        "12,0": 49.838834847092606,
        "12,1": 71.18153095637639,
        "12,2": 80.58712044738132,
        "12,3": 87.57799500804434,
        "12,4": 86.45547906260086,
        "12,5": 85.09827379607557,
        "12,6": 23.49128073108649,
        "12,7": 44.174805329076875,
        "12,8": 99.40862960373504,
        "12,9": 84.76318366127902,
        "12,10": 94.6973389220516,
        "12,11": 32.24994275379921,
        "12,12": 0.0,
        "12,13": 50.57858214522111,
        "12,14": 59.05001356683334,
        "12,15": 66.42298408708514,
        "12,16": 24.064929390986844,
        "12,17": 40.29017059684647,
        "12,18": 30.009507107532542,
        "12,19": 81.15885197013786,
        "12,20": 6.140831770848676,
        "12,21": 71.65952228731912,
        "12,22": 37.92392119253828,
        "12,23": 47.821518941030874,
        "12,24": 84.23198144634758,
        "12,25": 41.13838757940938,
        "12,26": 6.891084894187763,
        "12,27": 46.87528630440939,
        "12,28": 72.97705136206743,
        "12,29": 63.66833620277274,
        "12,30": 24.409370236968343,
        "13,0": 37.871058676972936,
        "13,1": 69.93514281614218,
        "13,2": 86.1565156488181,
        "13,3": 44.847161864004,
        "13,4": 46.02666150609051,
        "13,5": 77.95049131942847,
        "13,6": 51.33059366393067,
        "13,7": 31.522611004886304,
        "13,8": 100.12336065320547,
        "13,9": 40.8730363358433,
        "13,10": 57.53602010680033,
        "13,11": 79.10790516294854,
        "13,12": 50.57858214522111,
        "13,13": 0.0,
        "13,14": 42.631598622252774,
        "13,15": 88.73425345118143,
        "13,16": 55.38808080660936,
        "13,17": 23.174047371128285,
        "13,18": 76.47458033681944,
        "13,19": 61.419581249386106,
        "13,20": 53.588143801213334,
        "13,21": 78.34566329539295,
        "13,22": 30.587595773557776,
        "13,23": 9.460311165952795,
        "13,24": 44.07492155479644,
        "13,25": 27.796502110449918,
        "13,26": 43.862293984341825,
        "13,27": 24.501815760693503,
        "13,28": 59.16423832205014,
        "13,29": 49.78281152383281,
        "13,30": 26.420096005079863,
        "14,0": 76.77275846825589,
        "14,1": 28.292285000112024,
        "14,2": 45.241506481848816,
        "14,3": 40.44442191219496,
        "14,4": 36.776318606155485,
        "14,5": 35.36124246469111,
        "14,6": 41.541891271250414,
        "14,7": 16.073545237217328,
        "14,8": 57.63587058624106,
        "14,9": 40.214466837214346,
        "14,10": 40.03534437706559,
        "14,11": 71.88030475903525,
        "14,12": 59.05001356683334,
        "14,13": 42.631598622252774,
        "14,14": 0.0,
        "14,15": 56.1604678412487,
        "14,16": 44.739566183091284,
        "14,17": 60.030207989271354,
        "14,18": 69.41051564290763,
        "14,19": 22.6773962961483,
        "14,20": 57.388228560785244,
        "14,21": 38.69584136767465,
        "14,22": 22.10291158794759,
        "14,23": 33.364976168173236,
        "14,24": 34.92828741923396,
        "14,25": 20.512556900419884,
        "14,26": 55.59542348375916,
        "14,27": 19.145761860944045,
        "14,28": 17.07202730283004,
        "14,29": 7.16960441034089,
        "14,30": 42.931338850485965,
        "15,0": 110.07104225387849,
        "15,1": 35.96030431761566,
        "15,2": 28.27978540757706,
        "15,3": 96.03774959090374,
        "15,4": 91.87683246445683,
        "15,5": 47.024574971199435,
        "15,6": 44.920614635061284,
        "15,7": 58.26883569941022,
        "15,8": 44.91954425921006,
        "15,9": 96.23122453981117,
        "15,10": 91.75720158984579,
        "15,11": 50.24141451336401,
        "15,12": 66.42298408708514,
        "15,13": 88.73425345118143,
        "15,14": 56.1604678412487,
        "15,15": 0.0,
        "15,16": 42.8579324139418,
        "15,17": 95.14834810604076,
        "15,18": 49.53998779279452,
        "15,19": 62.20309315563145,
        "15,20": 60.63562328948788,
        "15,21": 24.662019693578312,
        "15,22": 58.14834105898776,
        "15,23": 79.90809422420045,
        "15,24": 90.27771313978327,
        "15,25": 61.19555125063322,
        "15,26": 69.05750318599581,
        "15,27": 66.10712528697154,
        "15,28": 52.74533619631597,
        "15,29": 52.61471978100879,
        "15,30": 71.48308594823528,
        "16,0": 68.47500730692646,
        "16,1": 49.40363032196431,
        "16,2": 57.03034263872008,
        "16,3": 81.0083778852306,
        "16,4": 78.58926992052015,
        "16,5": 63.867196784462145,
        "16,6": 4.143104190567651,
        "16,7": 34.2211521632583,
        "16,8": 76.06482147586975,
        "16,9": 79.24280000636195,
        "16,10": 84.21459724311438,
        "16,11": 27.512135695605192,
        "16,12": 24.064929390986844,
        "16,13": 55.38808080660936,
        "16,14": 44.739566183091284,
        "16,15": 42.8579324139418,
        "16,16": 0.0,
        "16,17": 54.960535624583954,
        "16,18": 24.934310846579415,
        "16,19": 64.34693911021283,
        "16,20": 18.864012013338122,
        "16,21": 48.22669634694648,
        "16,22": 29.59528268824016,
        "16,23": 48.78412465964453,
        "16,24": 76.45200315230831,
        "16,25": 33.72635287543928,
        "16,26": 26.19994324383955,
        "16,27": 40.41612893658215,
        "16,28": 54.95697040960785,
        "16,29": 47.1979378468764,
        "16,30": 31.94293875530165,
        "17,0": 16.77907068159509,
        "17,1": 84.36818749908208,
        "17,2": 99.02100722269904,
        "17,3": 67.97983525125379,
        "17,4": 69.19170523234081,
        "17,5": 94.7644216340344,
        "17,6": 51.64222197184501,
        "17,7": 45.318633862772884,
        "17,8": 115.17661551119423,
        "17,9": 63.9446963926956,
        "17,10": 80.59637177143621,
        "17,11": 72.32952523720441,
        "17,12": 40.29017059684647,
        "17,13": 23.174047371128285,
        "17,14": 60.030207989271354,
        "17,15": 95.14834810604076,
        "17,16": 54.960535624583954,
        "17,17": 0.0,
        "17,18": 69.95448399898036,
        "17,19": 81.2205794636984,
        "17,20": 45.342480866337546,
        "17,21": 90.41746712254427,
        "17,22": 41.303327514220406,
        "17,23": 28.962266024370226,
        "17,24": 67.22357294537245,
        "17,25": 40.65928087122817,
        "17,26": 33.66520474277783,
        "17,27": 40.932908961027444,
        "17,28": 77.10200772388998,
        "17,29": 67.03627033703147,
        "17,30": 23.676815046979645,
        "18,0": 79.73774642496076,
        "18,1": 69.33121459788072,
        "18,2": 72.34039884289894,
        "18,3": 105.81238458968713,
        "18,4": 103.48766996787656,
        "18,5": 83.91285719394322,
        "18,6": 28.67698603184807,
        "18,7": 59.03281932185638,
        "18,8": 91.31754082665766,
        "18,9": 103.9121312833253,
        "18,10": 109.09813361686761,
        "18,11": 2.6763178850268603,
        "18,12": 30.009507107532542,
        "18,13": 76.47458033681944,
        "18,14": 69.41051564290763,
        "18,15": 49.53998779279452,
        "18,16": 24.934310846579415,
        "18,17": 69.95448399898036,
        "18,18": 0.0,
        "18,19": 87.89212718914885,
        "18,20": 24.61294701381277,
        "18,21": 64.58532111726706,
        "18,22": 54.05629998879541,
        "18,23": 71.30370438498996,
        "18,24": 101.34089480966283,
        "18,25": 58.147364517132566,
        "18,26": 36.32679839193308,
        "18,27": 64.82705386954188,
        "18,28": 78.102305886618,
        "18,29": 71.25636030770215,
        "18,30": 50.49923867929714,
        "19,0": 97.74809538298092,
        "19,1": 26.465740943034913,
        "19,2": 40.97195454970908,
        "19,3": 40.12650554301116,
        "19,4": 35.14856009260879,
        "19,5": 22.395899232662035,
        "19,6": 61.76279995440763,
        "19,7": 38.72822152592667,
        "19,8": 45.70180277604105,
        "19,9": 42.27843908199794,
        "19,10": 30.825050823186572,
        "19,11": 90.15514373155047,
        "19,12": 81.15885197013786,
        "19,13": 61.419581249386106,
        "19,14": 22.6773962961483,
        "19,15": 62.20309315563145,
        "19,16": 64.34693911021283,
        "19,17": 81.2205794636984,
        "19,18": 87.89212718914885,
        "19,19": 0.0,
        "19,20": 78.98558874309747,
        "19,21": 38.70958635818939,
        "19,22": 44.77638636237405,
        "19,23": 52.957540400497045,
        "19,24": 34.432074888967506,
        "19,25": 43.06413625224341,
        "19,26": 78.06776330480469,
        "19,27": 40.6076642258488,
        "19,28": 10.130679567948627,
        "19,29": 17.530977793463933,
        "19,30": 65.53101863647707,
        "20,0": 55.67037219171663,
        "20,1": 67.28457877047829,
        "20,2": 75.83452133572635,
        "20,3": 88.26228333810259,
        "20,4": 86.79861706071665,
        "20,5": 81.46034762792964,
        "20,6": 19.022806327690926,
        "20,7": 43.34278403997597,
        "20,8": 94.80527743263484,
        "20,9": 85.69208642626093,
        "20,10": 94.40427858121737,
        "20,11": 26.998141839401093,
        "20,12": 6.140831770848676,
        "20,13": 53.588143801213334,
        "20,14": 57.388228560785244,
        "20,15": 60.63562328948788,
        "20,16": 18.864012013338122,
        "20,17": 45.342480866337546,
        "20,18": 24.61294701381277,
        "20,19": 78.98558874309747,
        "20,20": 0.0,
        "20,21": 66.98048691378598,
        "20,22": 37.2736370534892,
        "20,23": 49.84494733146701,
        "20,24": 84.58062355363424,
        "20,25": 40.85275891256586,
        "20,26": 11.736681743718504,
        "20,27": 47.01530690928461,
        "20,28": 70.38069475701008,
        "20,29": 61.45611993991971,
        "20,30": 27.1694495953235,
        "21,0": 106.7485929577606,
        "21,1": 12.367187815771402,
        "21,2": 8.999878514147536,
        "21,3": 75.65984991995224,
        "21,4": 71.0923656550522,
        "21,5": 22.46876491166915,
        "21,6": 48.17211925177952,
        "21,7": 46.91715435400694,
        "21,8": 27.83813413961153,
        "21,9": 76.58815182698537,
        "21,10": 69.19594064552975,
        "21,11": 66.1039260077685,
        "21,12": 71.65952228731912,
        "21,13": 78.34566329539295,
        "21,14": 38.69584136767465,
        "21,15": 24.662019693578312,
        "21,16": 48.22669634694648,
        "21,17": 90.41746712254427,
        "21,18": 64.58532111726706,
        "21,19": 38.70958635818939,
        "21,20": 66.98048691378598,
        "21,21": 0.0,
        "21,22": 49.42301870342389,
        "21,23": 68.91929463008235,
        "21,24": 69.77525566167279,
        "21,25": 51.0698236114494,
        "21,26": 71.94683967341331,
        "21,27": 53.925596616574,
        "21,28": 30.145178760098556,
        "21,29": 33.13014060985738,
        "21,30": 68.05586240049699,
        "22,0": 57.9265493648048,
        "22,1": 43.10962491523461,
        "22,2": 57.85538843100692,
        "22,3": 51.918524646622245,
        "22,4": 49.95993978938261,
        "22,5": 54.25989930614348,
        "22,6": 25.56081635056852,
        "22,7": 6.294716668754445,
        "22,8": 73.91154638742964,
        "22,9": 49.87102250349093,
        "22,10": 57.13323247083371,
        "22,11": 56.70676640269739,
        "22,12": 37.92392119253828,
        "22,13": 30.587595773557776,
        "22,14": 22.10291158794759,
        "22,15": 58.14834105898776,
        "22,16": 29.59528268824016,
        "22,17": 41.303327514220406,
        "22,18": 54.05629998879541,
        "22,19": 44.77638636237405,
        "22,20": 37.2736370534892,
        "22,21": 49.42301870342389,
        "22,22": 0.0,
        "22,23": 21.897491648141408,
        "22,24": 47.764592136195326,
        "22,25": 4.1322632564650625,
        "22,26": 33.81575409992999,
        "22,27": 10.821694498123746,
        "22,28": 38.1662389043031,
        "22,29": 28.045444543087733,
        "22,30": 21.20261677533841,
        "23,0": 45.026549974424576,
        "23,1": 60.48499394328205,
        "23,2": 76.69953524988422,
        "23,3": 41.78112921413685,
        "23,4": 41.95883328266204,
        "23,5": 68.72410377246892,
        "23,6": 44.65073877849341,
        "23,7": 22.192725000238504,
        "23,8": 90.73401031483431,
        "23,9": 38.311120159264746,
        "23,10": 52.58282027151233,
        "23,11": 73.97272219019035,
        "23,12": 47.821518941030874,
        "23,13": 9.460311165952795,
        "23,14": 33.364976168173236,
        "23,15": 79.90809422420045,
        "23,16": 48.78412465964453,
        "23,17": 28.962266024370226,
        "23,18": 71.30370438498996,
        "23,19": 52.957540400497045,
        "23,20": 49.84494733146701,
        "23,21": 68.91929463008235,
        "23,22": 21.897491648141408,
        "23,23": 0.0,
        "23,24": 39.835428968500594,
        "23,25": 18.72782501228093,
        "23,26": 41.54332592987171,
        "23,27": 15.0425598313602,
        "23,28": 50.091953163115306,
        "23,29": 40.53244154358912,
        "23,30": 23.574434786575765,
        "24,0": 81.4700058008041,
        "24,1": 57.62431122920482,
        "24,2": 73.97809760115058,
        "24,3": 5.889891936286675,
        "24,4": 2.2234995734329934,
        "24,5": 56.785336214388344,
        "24,6": 72.66785208079149,
        "24,7": 42.34559836945995,
        "24,8": 80.11663777406322,
        "24,9": 8.100007057231945,
        "24,10": 13.790623872560058,
        "24,11": 103.94625579118205,
        "24,12": 84.23198144634758,
        "24,13": 44.07492155479644,
        "24,14": 34.92828741923396,
        "24,15": 90.27771313978327,
        "24,16": 76.45200315230831,
        "24,17": 67.22357294537245,
        "24,18": 101.34089480966283,
        "24,19": 34.432074888967506,
        "24,20": 84.58062355363424,
        "24,21": 69.77525566167279,
        "24,22": 47.764592136195326,
        "24,23": 39.835428968500594,
        "24,24": 0.0,
        "24,25": 43.89241444405863,
        "24,26": 78.85424165418452,
        "24,27": 37.56658995561994,
        "24,28": 40.06275195570568,
        "24,29": 37.668749568787284,
        "24,30": 61.716275973737346,
        "25,0": 57.41548951988303,
        "25,1": 43.88136637268614,
        "25,2": 59.25849087900119,
        "25,3": 47.93392583368493,
        "25,4": 46.097657023702645,
        "25,5": 54.18972179967433,
        "25,6": 29.686694056225715,
        "25,7": 4.68996680841359,
        "25,8": 74.65061541264824,
        "25,9": 45.8121705000866,
        "25,10": 53.62041971231478,
        "25,11": 60.80138238808819,
        "25,12": 41.13838757940938,
        "25,13": 27.796502110449918,
        "25,14": 20.512556900419884,
        "25,15": 61.19555125063322,
        "25,16": 33.72635287543928,
        "25,17": 40.65928087122817,
        "25,18": 58.147364517132566,
        "25,19": 43.06413625224341,
        "25,20": 40.85275891256586,
        "25,21": 51.0698236114494,
        "25,22": 4.1322632564650625,
        "25,23": 18.72782501228093,
        "25,24": 43.89241444405863,
        "25,25": 0.0,
        "25,26": 36.6235696006145,
        "25,27": 6.6948527573488725,
        "25,28": 37.22165398207473,
        "25,29": 27.02442756109379,
        "25,30": 22.468861166319584,
        "26,0": 44.16618499944013,
        "26,1": 70.27869224718246,
        "26,2": 80.94075719132918,
        "26,3": 81.95422015245857,
        "26,4": 81.07456305564162,
        "26,5": 83.74586679924475,
        "26,6": 24.537914800325723,
        "26,7": 40.10851279386555,
        "26,8": 99.42243660263323,
        "26,9": 78.98532951386706,
        "26,10": 89.77868432892598,
        "26,11": 38.67307126984774,
        "26,12": 6.891084894187763,
        "26,13": 43.862293984341825,
        "26,14": 55.59542348375916,
        "26,15": 69.05750318599581,
        "26,16": 26.19994324383955,
        "26,17": 33.66520474277783,
        "26,18": 36.32679839193308,
        "26,19": 78.06776330480469,
        "26,20": 11.736681743718504,
        "26,21": 71.94683967341331,
        "26,22": 33.81575409992999,
        "26,23": 41.54332592987171,
        "26,24": 78.85424165418452,
        "26,25": 36.6235696006145,
        "26,26": 0.0,
        "26,27": 41.90407519090083,
        "26,28": 70.41071262801687,
        "26,29": 60.75000691512256,
        "26,30": 17.979749809565476,
        "27,0": 57.64996604534869,
        "27,1": 45.48992896001074,
        "27,2": 61.657743865591065,
        "27,3": 41.41650441678278,
        "27,4": 39.78379660151827,
        "27,5": 54.308597495237606,
        "27,6": 36.381044695827555,
        "27,7": 7.863625547930879,
        "27,8": 75.88789110612639,
        "27,9": 39.18537836631522,
        "27,10": 47.887195245137285,
        "27,11": 67.48338616137066,
        "27,12": 46.87528630440939,
        "27,13": 24.501815760693503,
        "27,14": 19.145761860944045,
        "27,15": 66.10712528697154,
        "27,16": 40.41612893658215,
        "27,17": 40.932908961027444,
        "27,18": 64.82705386954188,
        "27,19": 40.6076642258488,
        "27,20": 47.01530690928461,
        "27,21": 53.925596616574,
        "27,22": 10.821694498123746,
        "27,23": 15.0425598313602,
        "27,24": 37.56658995561994,
        "27,25": 6.6948527573488725,
        "27,26": 41.90407519090083,
        "27,27": 0.0,
        "27,28": 36.205165747206365,
        "27,29": 26.242186040877552,
        "27,30": 26.167068416675484,
        "28,0": 93.84402366565939,
        "28,1": 17.796355708197027,
        "28,2": 33.92457356180169,
        "28,3": 45.945670054146014,
        "28,4": 41.22196676814382,
        "28,5": 19.15102229166392,
        "28,6": 52.60535231981693,
        "28,7": 32.60244010922484,
        "28,8": 42.493417771274586,
        "28,9": 47.311372075060696,
        "28,10": 39.18321554625463,
        "28,11": 80.3214202754632,
        "28,12": 72.97705136206743,
        "28,13": 59.16423832205014,
        "28,14": 17.07202730283004,
        "28,15": 52.74533619631597,
        "28,16": 54.95697040960785,
        "28,17": 77.10200772388998,
        "28,18": 78.102305886618,
        "28,19": 10.130679567948627,
        "28,20": 70.38069475701008,
        "28,21": 30.145178760098556,
        "28,22": 38.1662389043031,
        "28,23": 50.091953163115306,
        "28,24": 40.06275195570568,
        "28,25": 37.22165398207473,
        "28,26": 70.41071262801687,
        "28,27": 36.205165747206365,
        "28,28": 0.0,
        "28,29": 10.197250080878469,
        "28,30": 59.34113156247545,
        "29,0": 83.79813773106761,
        "29,1": 21.937263981348934,
        "29,2": 38.9982788452264,
        "29,3": 43.453168866175304,
        "29,4": 39.26549175093522,
        "29,5": 28.19220490388448,
        "29,6": 44.429408499398875,
        "29,7": 22.408607116969062,
        "29,8": 50.60713688412365,
        "29,9": 43.88781859620548,
        "29,10": 40.35189087567027,
        "29,11": 73.61456543608043,
        "29,12": 63.66833620277274,
        "29,13": 49.78281152383281,
        "29,14": 7.16960441034089,
        "29,15": 52.61471978100879,
        "29,16": 47.1979378468764,
        "29,17": 67.03627033703147,
        "29,18": 71.25636030770215,
        "29,19": 17.530977793463933,
        "29,20": 61.45611993991971,
        "29,21": 33.13014060985738,
        "29,22": 28.045444543087733,
        "29,23": 40.53244154358912,
        "29,24": 37.668749568787284,
        "29,25": 27.02442756109379,
        "29,26": 60.75000691512256,
        "29,27": 26.242186040877552,
        "29,28": 10.197250080878469,
        "29,29": 0.0,
        "29,30": 49.185410385093235,
        "30,0": 39.0295252016197,
        "30,1": 63.390202701352976,
        "30,2": 76.8760435549258,
        "30,3": 64.47045932308518,
        "30,4": 63.92105164986688,
        "30,5": 75.25562174001949,
        "30,6": 28.34685647533869,
        "30,7": 26.871653746241556,
        "30,8": 93.97876116130884,
        "30,9": 61.3322364087595,
        "30,10": 73.31005243665285,
        "30,11": 53.08987967971084,
        "30,12": 24.409370236968343,
        "30,13": 26.420096005079863,
        "30,14": 42.931338850485965,
        "30,15": 71.48308594823528,
        "30,16": 31.94293875530165,
        "30,17": 23.676815046979645,
        "30,18": 50.49923867929714,
        "30,19": 65.53101863647707,
        "30,20": 27.1694495953235,
        "30,21": 68.05586240049699,
        "30,22": 21.20261677533841,
        "30,23": 23.574434786575765,
        "30,24": 61.716275973737346,
        "30,25": 22.468861166319584,
        "30,26": 17.979749809565476,
        "30,27": 26.167068416675484,
        "30,28": 59.34113156247545,
        "30,29": 49.185410385093235,
        "30,30": 0.0
    }
}