{
    "num_robots": 3,
    "num_tasks": 40,
    "num_nodes": 41,
    "robot_capacity": [
        207,
        205,
        170
    ],
    "robot_speed": [
        1.1,
        0.85,
        0.92
    ],
    "task_demand": {
        "0": 0,
        "1": 15,
        "2": 8,
        "3": 13,
        "4": 7,
        "5": 9,
        "6": 5,
        "7": 11,
        "8": 9,
        "9": 7,
        "10": 7,
        "11": 10,
        "12": 9,
        "13": 13,
        "14": 8,
        "15": 7,
        "16": 10,
        "17": 7,
        "18": 9,
        "19": 12,
        "20": 12,
        "21": 15,
        "22": 13,
        "23": 14,
        "24": 13,
        "25": 13,
        "26": 12,
        "27": 9,
        "28": 5,
        "29": 5,
        "30": 6,
        "31": 6,
        "32": 15,
        "33": 11,
        "34": 9,
        "35": 6,
        "36": 10,
        "37": 8,
        "38": 14,
        "39": 11,
        "40": 11
    },
    "task_service_time": {
        "0": 0,
        "1": 25,
        "2": 20,
        "3": 33,
        "4": 65,
        "5": 100,
        "6": 51,
        "7": 23,
        "8": 40,
        "9": 74,
        "10": 89,
        "11": 20,
        "12": 82,
        "13": 94,
        "14": 49,
        "15": 34,
        "16": 74,
        "17": 25,
        "18": 69,
        "19": 99,
        "20": 91,
        "21": 42,
        "22": 12,
        "23": 24,
        "24": 65,
        "25": 34,
        "26": 60,
        "27": 97,
        "28": 99,
        "29": 15,
        "30": 67,
        "31": 49,
        "32": 63,
        "33": 25,
        "34": 68,
        "35": 22,
        "36": 56,
        "37": 59,
        "38": 67,
        "39": 50,
        "40": 49
    },
    "task_precedence": [],
    "coordinates": {
        "0": [
            0,
            0
        ],
        "1": [
            7.816007410959147,
            29.725984212929035
        ],
        "2": [
            47.59637513305507,
            61.875042121820854
        ],
        "3": [
            72.08012460804292,
            5.475236319039101
        ],
        "4": [
            16.218874480078107,
            94.12133853874917
        ],
        "5": [
            20.833125113493324,
            30.740177340101027
        ],
        "6": [
            18.192535936791998,
            11.956033361056463
        ],
        "7": [
            57.666739014260216,
            56.08915714361419
        ],
        "8": [
            5.315937880613875,
            27.89150294942947
        ],
        "9": [
            92.32755893637186,
            95.73254257609504
        ],
        "10": [
            6.943719735376563,
            40.64072876916158
        ],
        "11": [
            0.12065593816882325,
            97.63756478935971
        ],
        "12": [
            28.61934844591468,
            34.07516733410824
        ],
        "13": [
            92.87509527799467,
            38.86558895554791
        ],
        "14": [
            60.22098736690901,
            22.650742740469777
        ],
        "15": [
            1.3306900066097582,
            59.30282437434481
        ],
        "16": [
            91.44952657826818,
            28.060622714839965
        ],
        "17": [
            68.72689624664419,
            51.81298738616606
        ],
        "18": [
            56.44577185495406,
            10.156726005856175
        ],
        "19": [
            4.215159270043445,
            65.32226920663854
        ],
        "20": [
            62.18105705117486,
            60.67119714480231
        ],
        "21": [
            31.35741035312325,
            52.47736962794429
        ],
        "22": [
            45.27770218286228,
            69.38142292300218
        ],
        "23": [
            60.1140047160867,
            45.31510665834446
        ],
        "24": [
            42.45791274065003,
            84.13253866370947
        ],
        "25": [
            45.719405685249285,
            65.5293179550403
        ],
        "26": [
            35.320782530930494,
            44.15940927599663
        ],
        "27": [
            86.23627989270655,
            75.87741910400617
        ],
        "28": [
            61.11430014635143,
            12.314490305792237
        ],
        "29": [
            7.346538532567748,
            95.95162429540112
        ],
        "30": [
            96.05242170276584,
            89.03446892793488
        ],
        "31": [
            75.72687840237366,
            6.362946577344286
        ],
        "32": [
            53.4419316063595,
            95.2266526938612
        ],
        "33": [
            4.284423246066038,
            76.09097612290385
        ],
        "34": [
            90.682873218,
            39.92249664875841
        ],
        "35": [
            4.891798072653531,
            21.930509276389188
        ],
        "36": [
            68.92461098045911,
            98.42708226691097
        ],
        "37": [
            50.462890945652305,
            78.61410336069945
        ],
        "38": [
            76.42200550165225,
            98.67261129288688
        ],
        "39": [
            86.25389132725316,
            51.201590538793404
        ],
        "40": [
            40.03900027969009,
            26.909407218113234
        ]
    },
    "distance_matrix_str_keys": {
        "0,0": 0.0,
        "0,1": 30.73636460734214,
        "0,2": 78.06366480881876,
        "0,3": 72.2877761192051,
        "0,4": 95.50852452910347,
        "0,5": 37.13458771678133,
        "0,6": 21.769591120233823,
        "0,7": 80.44530028298637,
        "0,8": 28.393575546742582,
        "0,9": 133.00036784623217,
        "0,10": 41.22965047938214,
        "0,11": 97.63763933981521,
        "0,12": 44.499259929982614,
        "0,13": 100.67927953535522,
        "0,14": 64.33990570509377,
        "0,15": 59.31775210397032,
        "0,16": 95.65779873347478,
        "0,17": 86.06957609734114,
        "0,18": 57.35228193768369,
        "0,19": 65.45812724159155,
        "0,20": 86.87622240282396,
        "0,21": 61.13232783987578,
        "0,22": 82.84836849196527,
        "0,23": 75.28049185853416,
        "0,24": 94.23883709115483,
        "0,25": 79.90216247302179,
        "0,26": 56.54742351515462,
        "0,27": 114.86548088794224,
        "0,28": 62.342636725356606,
        "0,29": 96.23245727578775,
        "0,30": 130.97024231574653,
        "0,31": 75.9937313316962,
        "0,32": 109.19778128284507,
        "0,33": 76.21150129663997,
        "0,34": 99.08173007039183,
        "0,35": 22.469466515816727,
        "0,36": 120.16027847165171,
        "0,37": 93.41670412618683,
        "0,38": 124.80627846487418,
        "0,39": 100.30621437775356,
        "0,40": 48.24145250950958,
        "1,0": 30.73636460734214,
        "1,1": 0.0,
        "1,2": 51.147234339057384,
        "1,3": 68.6875209374565,
        "1,4": 64.94127988982976,
        "1,5": 13.056566967653923,
        "1,6": 20.577742770415554,
        "1,7": 56.39248467976536,
        "1,8": 3.100914246265412,
        "1,9": 107.23370779835288,
        "1,10": 10.949544945648714,
        "1,11": 68.34618651160292,
        "1,12": 21.253103115503276,
        "1,13": 85.54870427787537,
        "1,14": 52.88044029768582,
        "1,15": 30.279511484980965,
        "1,16": 83.65009836950561,
        "1,17": 64.79175941373843,
        "1,18": 52.419556051663776,
        "1,19": 35.77794869311717,
        "1,20": 62.55529414671548,
        "1,21": 32.73871089074678,
        "1,22": 54.55210714969314,
        "1,23": 54.571982378737935,
        "1,24": 64.49910675410166,
        "1,25": 52.139680741144396,
        "1,26": 31.061816003759066,
        "1,27": 90.99282432487102,
        "1,28": 56.07020713878122,
        "1,29": 66.22730407740384,
        "1,30": 106.31632596297443,
        "1,31": 71.81725368164878,
        "1,32": 79.82519984399288,
        "1,33": 46.499296355168156,
        "1,34": 83.49183381945889,
        "1,35": 8.325889126120687,
        "1,36": 91.94619243904091,
        "1,37": 64.87530245808708,
        "1,38": 97.26469225635253,
        "1,39": 81.32467829834631,
        "1,40": 32.34585561375694,
        "2,0": 78.06366480881876,
        "2,1": 51.147234339057384,
        "2,2": 0.0,
        "2,3": 61.484893127868915,
        "2,4": 44.99301256679723,
        "2,5": 41.056684676012864,
        "2,6": 57.9352500222185,
        "2,7": 11.614159189580567,
        "2,8": 54.24496574742284,
        "2,9": 56.09999234810364,
        "2,10": 45.864304796228225,
        "2,11": 59.43821952765679,
        "2,12": 33.65947979539996,
        "2,13": 50.78973747692212,
        "2,14": 41.20590365485306,
        "2,15": 46.33713332047866,
        "2,16": 55.37611264352169,
        "2,17": 23.403928474406783,
        "2,18": 52.46995372794233,
        "2,19": 43.51796484588304,
        "2,20": 14.63428130730796,
        "2,21": 18.762202040966038,
        "2,22": 7.856334831351022,
        "2,23": 20.758673197786308,
        "2,24": 22.842940880507143,
        "2,25": 4.108131713230239,
        "2,26": 21.553046672370513,
        "2,27": 41.09876885000535,
        "2,28": 51.371028731906485,
        "2,29": 52.73767912032816,
        "2,30": 55.54838353726095,
        "2,31": 62.232772442855534,
        "2,32": 33.86001267323485,
        "2,33": 45.58528222775417,
        "2,34": 48.356597998317014,
        "2,35": 58.47432433254396,
        "2,36": 42.31956147139016,
        "2,37": 16.98272899338612,
        "2,38": 46.74374891946923,
        "2,39": 40.103941539453686,
        "2,40": 35.77302809231628,
        "3,0": 72.2877761192051,
        "3,1": 68.6875209374565,
        "3,2": 61.484893127868915,
        "3,3": 0.0,
        "3,4": 104.77886573449025,
        "3,5": 57.13643497797272,
        "3,6": 54.275896520479066,
        "3,7": 52.62617851897873,
        "3,8": 70.42688150855301,
        "3,9": 92.5004861049929,
        "3,10": 74.02272015398742,
        "3,11": 116.92758408656985,
        "3,12": 52.02686919930247,
        "3,13": 39.33632487097091,
        "3,14": 20.871922693816582,
        "3,15": 88.89820994977434,
        "3,16": 29.753544517112456,
        "3,17": 46.45892071930551,
        "3,18": 16.32021236674915,
        "3,19": 90.48381549082288,
        "3,20": 56.07660501469954,
        "3,21": 62.18954889590319,
        "3,22": 69.29913804744166,
        "3,23": 41.59811647083716,
        "3,24": 84.0502626293196,
        "3,25": 65.58490850241408,
        "3,26": 53.36398099191975,
        "3,27": 71.8113088122715,
        "3,28": 12.923803666875713,
        "3,29": 111.24933234604214,
        "3,30": 86.9299510076085,
        "3,31": 3.7532442951619696,
        "3,32": 91.66623685771486,
        "3,33": 97.89198042337014,
        "3,34": 39.14940612664149,
        "3,35": 69.1740358134973,
        "3,36": 93.00539194783693,
        "3,37": 76.26662876613902,
        "3,38": 93.29845996430102,
        "3,39": 47.87269715862095,
        "3,40": 38.5494141376452,
        "4,0": 95.50852452910347,
        "4,1": 64.94127988982976,
        "4,2": 44.99301256679723,
        "4,3": 104.77886573449025,
        "4,4": 0.0,
        "4,5": 63.54890167262526,
        "4,6": 82.1890060439296,
        "4,7": 56.25275367585451,
        "4,8": 67.12127195368288,
        "4,9": 76.12573696272274,
        "4,10": 54.27894727115723,
        "4,11": 16.477757349486442,
        "4,12": 61.313248412675385,
        "4,13": 94.49536522507537,
        "4,14": 83.92992316371105,
        "4,15": 37.86802035402499,
        "4,16": 100.11827600536375,
        "4,17": 67.43210605556123,
        "4,18": 93.10348774459341,
        "4,19": 31.200570078755494,
        "4,20": 56.84570507939775,
        "4,21": 44.310217952787795,
        "4,22": 38.16384273280639,
        "4,23": 65.64168438423856,
        "4,24": 28.076026281925127,
        "4,25": 41.082660362329385,
        "4,26": 53.48903875411773,
        "4,27": 72.35521858897094,
        "4,28": 93.31644905141818,
        "4,29": 9.059155099482927,
        "4,30": 79.99544677414171,
        "4,31": 106.03177773888126,
        "4,32": 37.239464298078985,
        "4,33": 21.62232862352572,
        "4,34": 92.09995423591397,
        "4,35": 73.07406167394039,
        "4,36": 52.88132079572331,
        "4,37": 37.5915815916524,
        "4,38": 60.37492085695334,
        "4,39": 82.14017502515928,
        "4,40": 71.30807881971876,
        "5,0": 37.13458771678133,
        "5,1": 13.056566967653923,
        "5,2": 41.056684676012864,
        "5,3": 57.13643497797272,
        "5,4": 63.54890167262526,
        "5,5": 0.0,
        "5,6": 18.968836976092877,
        "5,7": 44.713374845449614,
        "5,8": 15.776502952311864,
        "5,9": 96.62019254080795,
        "5,10": 17.056860800192158,
        "5,11": 70.0304707029376,
        "5,12": 8.470385589952263,
        "5,13": 72.49874329326917,
        "5,14": 40.209981907926284,
        "5,15": 34.585687512336655,
        "5,16": 70.66722131811902,
        "5,17": 52.32472299584752,
        "5,18": 41.13318704843208,
        "5,19": 38.36766694287922,
        "5,20": 51.044269238304956,
        "5,21": 24.150902847797738,
        "5,22": 45.72398941801116,
        "5,23": 41.89768569963296,
        "5,24": 57.60534426275385,
        "5,25": 42.773955456821795,
        "5,26": 19.747607530898083,
        "5,27": 79.46661719946901,
        "5,28": 44.29536098412616,
        "5,29": 66.59144713556478,
        "5,30": 95.16389552299937,
        "5,31": 60.06307958972096,
        "5,32": 72.26229836118077,
        "5,33": 48.27581675886242,
        "5,34": 70.45070828706532,
        "5,35": 18.213625647184976,
        "5,36": 83.031970417807,
        "5,37": 56.301294975287256,
        "5,38": 87.77778309776713,
        "5,39": 68.54594139759875,
        "5,40": 19.5841885363435,
        "6,0": 21.769591120233823,
        "6,1": 20.577742770415554,
        "6,2": 57.9352500222185,
        "6,3": 54.275896520479066,
        "6,4": 82.1890060439296,
        "6,5": 18.968836976092877,
        "6,6": 0.0,
        "6,7": 59.211023664582626,
        "6,8": 20.487702860553476,
        "6,9": 111.86824898694748,
        "6,10": 30.811485140917718,
        "6,11": 87.5666470443168,
        "6,12": 24.453517268855425,
        "6,13": 79.38267350023735,
        "6,14": 43.36781684986939,
        "6,15": 50.259730077162224,
        "6,16": 75.00629624304433,
        "6,17": 64.36068952462881,
        "6,18": 38.295529310469675,
        "6,19": 55.16631387731517,
        "6,20": 65.63655362911501,
        "6,21": 42.606250847169974,
        "6,22": 63.492374321004,
        "6,23": 53.57459580684873,
        "6,24": 76.14628309469286,
        "6,25": 60.231431830370084,
        "6,26": 36.47511825489488,
        "6,27": 93.3589559005296,
        "6,28": 42.923260992639484,
        "6,29": 84.69294513772797,
        "6,30": 109.55933114494596,
        "6,31": 57.805563596568874,
        "6,32": 90.42408937411865,
        "6,33": 65.62565414289882,
        "6,34": 77.6979540783776,
        "6,35": 16.625275862856512,
        "6,36": 100.25460456814416,
        "6,37": 74.05858564997835,
        "6,38": 104.45303257451266,
        "6,39": 78.56565315567404,
        "6,40": 26.47397578744883,
        "7,0": 80.44530028298637,
        "7,1": 56.39248467976536,
        "7,2": 11.614159189580567,
        "7,3": 52.62617851897873,
        "7,4": 56.25275367585451,
        "7,5": 44.713374845449614,
        "7,6": 59.211023664582626,
        "7,7": 0.0,
        "7,8": 59.46187081979014,
        "7,9": 52.659001568784866,
        "7,10": 53.02337808935409,
        "7,11": 70.97761517054133,
        "7,12": 36.44676454999869,
        "7,13": 39.19540345401509,
        "7,14": 33.535827743525644,
        "7,15": 56.42763573695309,
        "7,16": 43.896189787040434,
        "7,17": 11.858022845296322,
        "7,18": 45.94865603071526,
        "7,19": 54.24317224794961,
        "7,20": 6.4322747073567195,
        "7,21": 26.556087506597652,
        "7,22": 18.170651148476317,
        "7,23": 11.048496425961185,
        "7,24": 31.902031968237964,
        "7,25": 15.22679906677962,
        "7,26": 25.331021600792006,
        "7,27": 34.75333045073972,
        "7,28": 43.91021674419081,
        "7,29": 64.19609695257972,
        "7,30": 50.58511840481092,
        "7,31": 52.904297103345954,
        "7,32": 39.364864480643874,
        "7,33": 57.0065294440511,
        "7,34": 36.76174682078215,
        "7,35": 62.86499515236717,
        "7,36": 43.80912673123275,
        "7,37": 23.648861052451753,
        "7,38": 46.53074884736222,
        "7,39": 29.0019582904813,
        "7,40": 34.09098089831146,
        "8,0": 28.393575546742582,
        "8,1": 3.100914246265412,
        "8,2": 54.24496574742284,
        "8,3": 70.42688150855301,
        "8,4": 67.12127195368288,
        "8,5": 15.776502952311864,
        "8,6": 20.487702860553476,
        "8,7": 59.46187081979014,
        "8,8": 0.0,
        "8,9": 110.33326269252457,
        "8,10": 12.852720831373357,
        "8,11": 69.9392886483761,
        "8,12": 24.109886959447113,
        "8,13": 88.24418738822965,
        "8,14": 55.15460113771409,
        "8,15": 31.663122307766802,
        "8,16": 86.13375472735258,
        "8,17": 67.77305554979398,
        "8,18": 54.11822461502124,
        "8,19": 37.4469488229857,
        "8,20": 65.63649998152142,
        "8,21": 35.81372821796369,
        "8,22": 57.60517394784884,
        "8,23": 57.50139211454157,
        "8,24": 67.39866760343617,
        "8,25": 55.21816122469848,
        "8,26": 34.13115114876142,
        "8,27": 94.07842420315146,
        "8,28": 57.93186130652561,
        "8,29": 68.09040649486609,
        "8,30": 109.41467810607641,
        "8,31": 73.62865803900573,
        "8,32": 82.76553427119015,
        "8,33": 48.21050960777913,
        "8,34": 86.21054725664811,
        "8,35": 5.976063934290103,
        "8,36": 94.98068879080472,
        "8,37": 67.90456217028536,
        "8,38": 100.32964741718143,
        "8,39": 84.2277418167801,
        "8,40": 34.73694825967892,
        "9,0": 133.00036784623217,
        "9,1": 107.23370779835288,
        "9,2": 56.09999234810364,
        "9,3": 92.5004861049929,
        "9,4": 76.12573696272274,
        "9,5": 96.62019254080795,
        "9,6": 111.86824898694748,
        "9,7": 52.659001568784866,
        "9,8": 110.33326269252457,
        "9,9": 0.0,
        "9,10": 101.61450656889126,
        "9,11": 92.22658006319575,
        "9,12": 88.65871646729138,
        "9,13": 56.86958950200762,
        "9,14": 79.8234389459602,
        "9,15": 98.01813364515382,
        "9,16": 67.67761578638839,
        "9,17": 49.85898722873863,
        "9,18": 92.7939816249921,
        "9,19": 93.21255120081129,
        "9,20": 46.2396963589362,
        "9,21": 74.75539448787522,
        "9,22": 53.926528976908834,
        "9,23": 59.8300168813593,
        "9,24": 51.20099317839287,
        "9,25": 55.53876778422452,
        "9,26": 76.87366671708658,
        "9,27": 20.76847631579387,
        "9,28": 89.06648622722106,
        "9,29": 84.98130280050727,
        "9,30": 7.664123774094844,
        "9,31": 90.89833487568292,
        "9,32": 38.888917925567824,
        "9,33": 90.20745465268782,
        "9,34": 55.83427457685504,
        "9,35": 114.41919592877862,
        "9,36": 23.55755753834729,
        "9,37": 45.22931999427332,
        "9,38": 16.17500028204571,
        "9,39": 44.9432434029245,
        "9,40": 86.43331144238508,
        "10,0": 41.22965047938214,
        "10,1": 10.949544945648714,
        "10,2": 45.864304796228225,
        "10,3": 74.02272015398742,
        "10,4": 54.27894727115723,
        "10,5": 17.056860800192158,
        "10,6": 30.811485140917718,
        "10,7": 53.02337808935409,
        "10,8": 12.852720831373357,
        "10,9": 101.61450656889126,
        "10,10": 0.0,
        "10,11": 57.40377614664494,
        "10,12": 22.6481671875356,
        "10,13": 85.94970869063107,
        "10,14": 56.232613700542686,
        "10,15": 19.487942813776392,
        "10,16": 85.4370555350902,
        "10,17": 62.78519142622473,
        "10,18": 58.135424557859544,
        "10,19": 24.831904489583334,
        "10,20": 58.75698338994972,
        "10,21": 27.13179604078685,
        "10,22": 47.91160309078324,
        "10,23": 53.37535961078681,
        "10,24": 56.14975897294047,
        "10,25": 46.0759773911156,
        "10,26": 28.594384158641923,
        "10,27": 86.76943264800988,
        "10,28": 61.129596494215136,
        "10,29": 55.31236233336952,
        "10,30": 101.40174975249626,
        "10,31": 76.85108501640666,
        "10,32": 71.70569571457983,
        "10,33": 35.54985084721974,
        "10,34": 83.74223357043412,
        "10,35": 18.822398783833908,
        "10,36": 84.74015299786521,
        "10,37": 57.757211157556306,
        "10,38": 90.5258614003077,
        "10,39": 80.01021884265897,
        "10,40": 35.830807775503786,
        "11,0": 97.63763933981521,
        "11,1": 68.34618651160292,
        "11,2": 59.43821952765679,
        "11,3": 116.92758408656985,
        "11,4": 16.477757349486442,
        "11,5": 70.0304707029376,
        "11,6": 87.5666470443168,
        "11,7": 70.97761517054133,
        "11,8": 69.9392886483761,
        "11,9": 92.22658006319575,
        "11,10": 57.40377614664494,
        "11,11": 0.0,
        "11,12": 69.65883895752505,
        "11,13": 109.80679013911477,
        "11,14": 96.09928885707896,
        "11,15": 38.353832991415146,
        "11,16": 114.8125144783315,
        "11,17": 82.50277633780306,
        "11,18": 104.04525860078695,
        "11,19": 32.5736593911917,
        "11,20": 72.2357648477524,
        "11,21": 54.91063697861557,
        "11,22": 53.26883121223054,
        "11,23": 79.60428080487094,
        "11,24": 44.439048642086576,
        "11,25": 55.76903704808299,
        "11,26": 64.02313667150254,
        "11,27": 88.82232055810725,
        "11,28": 104.88208461468895,
        "11,29": 7.419957858182666,
        "11,30": 96.31675316949992,
        "11,31": 118.52154574192834,
        "11,32": 53.37575232271114,
        "11,33": 21.94521454339779,
        "11,34": 107.38968427699936,
        "11,35": 75.85724785220893,
        "11,36": 68.80848470435068,
        "11,37": 53.81665829718917,
        "11,38": 76.30836957027294,
        "11,39": 97.85312434046584,
        "11,40": 81.21543257528913,
        "12,0": 44.499259929982614,
        "12,1": 21.253103115503276,
        "12,2": 33.65947979539996,
        "12,3": 52.02686919930247,
        "12,4": 61.313248412675385,
        "12,5": 8.470385589952263,
        "12,6": 24.453517268855425,
        "12,7": 36.44676454999869,
        "12,8": 24.109886959447113,
        "12,9": 88.65871646729138,
        "12,10": 22.6481671875356,
        "12,11": 69.65883895752505,
        "12,12": 0.0,
        "12,13": 64.43406816474895,
        "12,14": 33.603289419171965,
        "12,15": 37.16322858898088,
        "12,16": 63.11739879874994,
        "12,17": 43.85482471504118,
        "12,18": 36.69334647197188,
        "12,19": 39.64777200252238,
        "12,20": 42.82215648698374,
        "12,21": 18.604785198194886,
        "12,22": 39.0388579870567,
        "12,23": 33.44023937696615,
        "12,24": 51.93501984373461,
        "12,25": 35.80189309062861,
        "12,26": 12.107896363049724,
        "12,27": 71.18383975579182,
        "12,28": 39.108169872091906,
        "12,29": 65.43109633570357,
        "12,30": 86.99278246236898,
        "12,31": 54.65424556125808,
        "12,32": 65.99746053039676,
        "12,33": 48.554266266301084,
        "12,34": 62.33836994379316,
        "12,35": 26.655006397571277,
        "12,36": 75.9320956084924,
        "12,37": 49.6070274388481,
        "12,38": 80.36120822633272,
        "12,39": 60.12532665131078,
        "12,40": 13.481712281629319,
        "13,0": 100.67927953535522,
        "13,1": 85.54870427787537,
        "13,2": 50.78973747692212,
        "13,3": 39.33632487097091,
        "13,4": 94.49536522507537,
        "13,5": 72.49874329326917,
        "13,6": 79.38267350023735,
        "13,7": 39.19540345401509,
        "13,8": 88.24418738822965,
        "13,9": 56.86958950200762,
        "13,10": 85.94970869063107,
        "13,11": 109.80679013911477,
        "13,12": 64.43406816474895,
        "13,13": 0.0,
        "13,14": 36.45835982662223,
        "13,15": 93.79796761153673,
        "13,16": 10.898602735235299,
        "13,17": 27.400194206955717,
        "13,18": 46.38204843390036,
        "13,19": 92.523187271313,
        "13,20": 37.65114249491979,
        "13,21": 63.00560396971984,
        "13,22": 56.539614008072185,
        "13,23": 33.38989867316494,
        "13,24": 67.75683752128015,
        "13,25": 54.17207311083569,
        "13,26": 57.79726160790034,
        "13,27": 37.60251907330493,
        "13,28": 41.39696784673089,
        "13,29": 102.82971092917983,
        "13,30": 50.269393480460046,
        "13,31": 36.74891976070496,
        "13,32": 68.78621884409827,
        "13,33": 96.0938948155828,
        "13,34": 2.4336991252607296,
        "13,35": 89.59831198668223,
        "13,36": 64.19655118124372,
        "13,37": 58.126925548706765,
        "13,38": 62.028897169362494,
        "13,39": 14.000617015658642,
        "13,40": 54.17197814745584,
        "14,0": 64.33990570509377,
        "14,1": 52.88044029768582,
        "14,2": 41.20590365485306,
        "14,3": 20.871922693816582,
        "14,4": 83.92992316371105,
        "14,5": 40.209981907926284,
        "14,6": 43.36781684986939,
        "14,7": 33.535827743525644,
        "14,8": 55.15460113771409,
        "14,9": 79.8234389459602,
        "14,10": 56.232613700542686,
        "14,11": 96.09928885707896,
        "14,12": 33.603289419171965,
        "14,13": 36.45835982662223,
        "14,14": 0.0,
        "14,15": 69.36456019669345,
        "14,16": 31.693665969914065,
        "14,17": 30.37740934717441,
        "14,18": 13.051923472289822,
        "14,19": 70.4096012754553,
        "14,20": 38.070944646529426,
        "14,21": 41.50582789820436,
        "14,22": 49.061779853709716,
        "14,23": 22.664616411698585,
        "14,24": 63.996390914839395,
        "14,25": 45.264424040314815,
        "14,26": 32.90353988570501,
        "14,27": 59.24419399326368,
        "14,28": 10.374782991238542,
        "14,29": 90.38100782944083,
        "14,30": 75.43666740450004,
        "14,31": 22.48832943229062,
        "14,32": 72.89182603397597,
        "14,33": 77.36121605568385,
        "14,34": 35.01770941500002,
        "14,35": 55.33387682245242,
        "14,36": 76.2745481535803,
        "14,37": 56.80772991131062,
        "14,38": 77.72900029463433,
        "14,39": 38.637585310310776,
        "14,40": 20.626410883181137,
        "15,0": 59.31775210397032,
        "15,1": 30.279511484980965,
        "15,2": 46.33713332047866,
        "15,3": 88.89820994977434,
        "15,4": 37.86802035402499,
        "15,5": 34.585687512336655,
        "15,6": 50.259730077162224,
        "15,7": 56.42763573695309,
        "15,8": 31.663122307766802,
        "15,9": 98.01813364515382,
        "15,10": 19.487942813776392,
        "15,11": 38.353832991415146,
        "15,12": 37.16322858898088,
        "15,13": 93.79796761153673,
        "15,14": 69.36456019669345,
        "15,15": 0.0,
        "15,16": 95.38071015442507,
        "15,17": 67.81110730299828,
        "15,18": 73.84450712134826,
        "15,19": 6.674869213754031,
        "15,20": 60.865750742903224,
        "15,21": 30.792706397179327,
        "15,22": 45.08789225418156,
        "15,23": 60.42461696308813,
        "15,24": 48.04126519469318,
        "15,25": 44.823289726542164,
        "15,26": 37.21087758509283,
        "15,27": 86.50824460338205,
        "15,28": 76.03935546727446,
        "15,29": 37.1392645207318,
        "15,30": 99.27828132768819,
        "15,31": 91.30949298391347,
        "15,32": 63.293782808405254,
        "15,33": 17.046013586246932,
        "15,34": 91.42980776198199,
        "15,35": 37.5415959495454,
        "15,36": 78.10022860570267,
        "15,37": 52.7910850921183,
        "15,38": 84.78611787779539,
        "15,39": 85.30873409097578,
        "15,40": 50.47441687879807,
        "16,0": 95.65779873347478,
        "16,1": 83.65009836950561,
        "16,2": 55.37611264352169,
        "16,3": 29.753544517112456,
        "16,4": 100.11827600536375,
        "16,5": 70.66722131811902,
        "16,6": 75.00629624304433,
        "16,7": 43.896189787040434,
        "16,8": 86.13375472735258,
        "16,9": 67.67761578638839,
        "16,10": 85.4370555350902,
        "16,11": 114.8125144783315,
        "16,12": 63.11739879874994,
        "16,13": 10.898602735235299,
        "16,14": 31.693665969914065,
        "16,15": 95.38071015442507,
        "16,16": 0.0,
        "16,17": 32.87084964930627,
        "16,18": 39.31682034569805,
        "16,19": 94.85918584378655,
        "16,20": 43.81886435213154,
        "16,21": 64.86324045431985,
        "16,22": 61.961648604948024,
        "16,23": 35.7719463620853,
        "16,24": 74.45963997086868,
        "16,25": 59.1197689431643,
        "16,26": 58.39183878825211,
        "16,27": 48.10014509258259,
        "16,28": 34.17845298603966,
        "16,29": 108.08561742353598,
        "16,30": 61.14733490141066,
        "16,31": 26.79535063085775,
        "16,32": 77.17417222550195,
        "16,33": 99.52220901596282,
        "16,34": 11.886623178976624,
        "16,35": 86.77452768422292,
        "16,36": 73.8837631187101,
        "16,37": 65.08117013308923,
        "16,38": 72.19334678939856,
        "16,39": 23.71706173814198,
        "16,40": 51.42341403890539,
        "17,0": 86.06957609734114,
        "17,1": 64.79175941373843,
        "17,2": 23.403928474406783,
        "17,3": 46.45892071930551,
        "17,4": 67.43210605556123,
        "17,5": 52.32472299584752,
        "17,6": 64.36068952462881,
        "17,7": 11.858022845296322,
        "17,8": 67.77305554979398,
        "17,9": 49.85898722873863,
        "17,10": 62.78519142622473,
        "17,11": 82.50277633780306,
        "17,12": 43.85482471504118,
        "17,13": 27.400194206955717,
        "17,14": 30.37740934717441,
        "17,15": 67.81110730299828,
        "17,16": 32.87084964930627,
        "17,17": 0.0,
        "17,18": 43.42890890304364,
        "17,19": 65.9110377937039,
        "17,20": 11.01434931809143,
        "17,21": 37.37539136529878,
        "17,22": 29.3004202948161,
        "17,23": 10.789084969085389,
        "17,24": 41.64868412351044,
        "17,25": 26.785860938325456,
        "17,26": 34.27164559042444,
        "17,27": 29.76029888236314,
        "17,28": 40.22540106691905,
        "17,29": 75.60269559554918,
        "17,30": 46.17491775431105,
        "17,31": 45.98593219348821,
        "17,32": 46.025824050236466,
        "17,33": 68.86401864204129,
        "17,34": 24.96895461854748,
        "17,35": 70.48320549509876,
        "17,36": 46.61451418460839,
        "17,37": 32.432602533793805,
        "17,38": 47.487251543186126,
        "17,39": 17.53765556340608,
        "17,40": 37.989257431508385,
        "18,0": 57.35228193768369,
        "18,1": 52.419556051663776,
        "18,2": 52.46995372794233,
        "18,3": 16.32021236674915,
        "18,4": 93.10348774459341,
        "18,5": 41.13318704843208,
        "18,6": 38.295529310469675,
        "18,7": 45.94865603071526,
        "18,8": 54.11822461502124,
        "18,9": 92.7939816249921,
        "18,10": 58.135424557859544,
        "18,11": 104.04525860078695,
        "18,12": 36.69334647197188,
        "18,13": 46.38204843390036,
        "18,14": 13.051923472289822,
        "18,15": 73.84450712134826,
        "18,16": 39.31682034569805,
        "18,17": 43.42890890304364,
        "18,18": 0.0,
        "18,19": 75.96890184563951,
        "18,20": 50.83901347124481,
        "18,21": 49.198198741766284,
        "18,22": 60.268486832908785,
        "18,23": 35.349224353990515,
        "18,24": 75.28665924977297,
        "18,25": 56.40194030684971,
        "18,26": 40.03058385172016,
        "18,27": 72.15735492968555,
        "18,28": 5.143063598834476,
        "18,29": 98.8508942061704,
        "18,30": 88.26315788962407,
        "18,31": 19.650797236884486,
        "18,32": 85.12294334045097,
        "18,33": 84.07218105411175,
        "18,34": 45.367171078978934,
        "18,35": 52.88132170481004,
        "18,36": 89.14806346956603,
        "18,37": 68.71831908798626,
        "18,38": 90.74200713481193,
        "18,39": 50.726767007192805,
        "18,40": 23.448549663516513,
        "19,0": 65.45812724159155,
        "19,1": 35.77794869311717,
        "19,2": 43.51796484588304,
        "19,3": 90.48381549082288,
        "19,4": 31.200570078755494,
        "19,5": 38.36766694287922,
        "19,6": 55.16631387731517,
        "19,7": 54.24317224794961,
        "19,8": 37.4469488229857,
        "19,9": 93.21255120081129,
        "19,10": 24.831904489583334,
        "19,11": 32.5736593911917,
        "19,12": 39.64777200252238,
        "19,13": 92.523187271313,
        "19,14": 70.4096012754553,
        "19,15": 6.674869213754031,
        "19,16": 94.85918584378655,
        "19,17": 65.9110377937039,
        "19,18": 75.96890184563951,
        "19,19": 0.0,
        "19,20": 58.15219494479094,
        "19,21": 30.028207389780803,
        "19,22": 41.262684829760616,
        "19,23": 59.371436528304514,
        "19,24": 42.61847521980587,
        "19,25": 41.504762855343984,
        "19,26": 37.62215356531583,
        "19,27": 82.6974934175961,
        "19,28": 77.76462471113038,
        "19,29": 30.78900662962794,
        "19,30": 94.84909692115878,
        "19,31": 92.6829417863206,
        "19,32": 57.5981533245847,
        "19,33": 10.768929665792925,
        "19,34": 90.12110741317863,
        "19,35": 43.3970352664049,
        "19,36": 72.68591189782379,
        "19,37": 48.11990794170512,
        "19,38": 79.53662024492232,
        "19,39": 83.24510270037023,
        "19,40": 52.52518967918091,
        "20,0": 86.87622240282396,
        "20,1": 62.55529414671548,
        "20,2": 14.63428130730796,
        "20,3": 56.07660501469954,
        "20,4": 56.84570507939775,
        "20,5": 51.044269238304956,
        "20,6": 65.63655362911501,
        "20,7": 6.4322747073567195,
        "20,8": 65.63649998152142,
        "20,9": 46.2396963589362,
        "20,10": 58.75698338994972,
        "20,11": 72.2357648477524,
        "20,12": 42.82215648698374,
        "20,13": 37.65114249491979,
        "20,14": 38.070944646529426,
        "20,15": 60.865750742903224,
        "20,16": 43.81886435213154,
        "20,17": 11.01434931809143,
        "20,18": 50.83901347124481,
        "20,19": 58.15219494479094,
        "20,20": 0.0,
        "20,21": 31.894137472932666,
        "20,22": 19.015557812257942,
        "20,23": 15.494586809085126,
        "20,24": 30.650236008236295,
        "20,25": 17.16354577294991,
        "20,26": 31.529565267020846,
        "20,27": 28.458442196092204,
        "20,28": 48.36847182419506,
        "20,29": 65.20378026691533,
        "20,30": 44.17855282379552,
        "20,31": 55.97209443800007,
        "20,32": 35.643398010616266,
        "20,33": 59.91485449950097,
        "20,34": 35.25424934787333,
        "20,35": 69.15851423234813,
        "20,36": 38.35338812870424,
        "20,37": 21.430429308557905,
        "20,38": 40.58216467887583,
        "20,39": 25.868413158833256,
        "20,40": 40.37485773505014,
        "21,0": 61.13232783987578,
        "21,1": 32.73871089074678,
        "21,2": 18.762202040966038,
        "21,3": 62.18954889590319,
        "21,4": 44.310217952787795,
        "21,5": 24.150902847797738,
        "21,6": 42.606250847169974,
        "21,7": 26.556087506597652,
        "21,8": 35.81372821796369,
        "21,9": 74.75539448787522,
        "21,10": 27.13179604078685,
        "21,11": 54.91063697861557,
        "21,12": 18.604785198194886,
        "21,13": 63.00560396971984,
        "21,14": 41.50582789820436,
        "21,15": 30.792706397179327,
        "21,16": 64.86324045431985,
        "21,17": 37.37539136529878,
        "21,18": 49.198198741766284,
        "21,19": 30.028207389780803,
        "21,20": 31.894137472932666,
        "21,21": 0.0,
        "21,22": 21.897980327584012,
        "21,23": 29.635109755182654,
        "21,24": 33.54505745916013,
        "21,25": 19.406706702920882,
        "21,26": 9.213945052820199,
        "21,27": 59.65947231936222,
        "21,28": 49.9852914927189,
        "21,29": 49.66420022988428,
        "21,30": 74.30925919937404,
        "21,31": 63.99366928269672,
        "21,32": 48.116808722467596,
        "21,33": 35.92421248402924,
        "21,34": 60.63938802177477,
        "21,35": 40.417067072185716,
        "21,36": 59.35209056619757,
        "21,37": 32.375117588797195,
        "21,38": 64.53540182243597,
        "21,39": 54.91130335028774,
        "21,40": 27.00167967819041,
        "22,0": 82.84836849196527,
        "22,1": 54.55210714969314,
        "22,2": 7.856334831351022,
        "22,3": 69.29913804744166,
        "22,4": 38.16384273280639,
        "22,5": 45.72398941801116,
        "22,6": 63.492374321004,
        "22,7": 18.170651148476317,
        "22,8": 57.60517394784884,
        "22,9": 53.926528976908834,
        "22,10": 47.91160309078324,
        "22,11": 53.26883121223054,
        "22,12": 39.0388579870567,
        "22,13": 56.539614008072185,
        "22,14": 49.061779853709716,
        "22,15": 45.08789225418156,
        "22,16": 61.961648604948024,
        "22,17": 29.3004202948161,
        "22,18": 60.268486832908785,
        "22,19": 41.262684829760616,
        "22,20": 19.015557812257942,
        "22,21": 21.897980327584012,
        "22,22": 0.0,
        "22,23": 28.27195521020592,
        "22,24": 15.018209883143665,
        "22,25": 3.8773463435986133,
        "22,26": 27.116235383341092,
        "22,27": 41.47050824859722,
        "22,28": 59.22358173392056,
        "22,29": 46.31143246365044,
        "22,30": 54.44551735080563,
        "22,31": 69.98914696847719,
        "22,32": 27.10406877182825,
        "22,33": 41.53874121988163,
        "22,34": 54.12446668523801,
        "22,35": 62.310596664590676,
        "22,36": 37.45432715193611,
        "22,37": 10.589077890468168,
        "22,38": 42.754430709961056,
        "22,39": 44.82805351913936,
        "22,40": 42.79387941828403,
        "23,0": 75.28049185853416,
        "23,1": 54.571982378737935,
        "23,2": 20.758673197786308,
        "23,3": 41.59811647083716,
        "23,4": 65.64168438423856,
        "23,5": 41.89768569963296,
