{
    "num_robots": 6,
    "num_tasks": 50,
    "num_nodes": 51,
    "robot_capacity": [
        114,
        101,
        102,
        117,
        139,
        131
    ],
    "robot_speed": [
        1.04,
        1.16,
        0.83,
        1.04,
        0.82,
        1.17
    ],
    "task_demand": {
        "0": 0,
        "1": 11,
        "2": 12,
        "3": 10,
        "4": 5,
        "5": 13,
        "6": 14,
        "7": 13,
        "8": 7,
        "9": 5,
        "10": 10,
        "11": 10,
        "12": 13,
        "13": 15,
        "14": 13,
        "15": 8,
        "16": 12,
        "17": 5,
        "18": 7,
        "19": 9,
        "20": 8,
        "21": 9,
        "22": 14,
        "23": 11,
        "24": 13,
        "25": 5,
        "26": 6,
        "27": 6,
        "28": 9,
        "29": 8,
        "30": 5,
        "31": 15,
        "32": 5,
        "33": 6,
        "34": 8,
        "35": 13,
        "36": 12,
        "37": 7,
        "38": 8,
        "39": 14,
        "40": 5,
        "41": 9,
        "42": 13,
        "43": 7,
        "44": 10,
        "45": 7,
        "46": 13,
        "47": 7,
        "48": 11,
        "49": 6,
        "50": 14
    },
    "task_service_time": {
        "0": 0,
        "1": 84,
        "2": 86,
        "3": 85,
        "4": 20,
        "5": 87,
        "6": 39,
        "7": 48,
        "8": 17,
        "9": 68,
        "10": 66,
        "11": 44,
        "12": 89,
        "13": 81,
        "14": 51,
        "15": 91,
        "16": 22,
        "17": 18,
        "18": 85,
        "19": 31,
        "20": 25,
        "21": 98,
        "22": 59,
        "23": 32,
        "24": 52,
        "25": 14,
        "26": 48,
        "27": 52,
        "28": 54,
        "29": 39,
        "30": 82,
        "31": 47,
        "32": 58,
        "33": 36,
        "34": 61,
        "35": 53,
        "36": 16,
        "37": 78,
        "38": 11,
        "39": 75,
        "40": 98,
        "41": 75,
        "42": 95,
        "43": 41,
        "44": 77,
        "45": 66,
        "46": 46,
        "47": 71,
        "48": 65,
        "49": 92,
        "50": 47
    },
    "task_precedence": [],
    "coordinates": {
        "0": [
            0,
            100
        ],
        "1": [
            65.14110254643391,
            48.10211741084187
        ],
        "2": [
            34.5621219086383,
            16.617601666283843
        ],
        "3": [
            98.66583814706306,
            68.21597577679728
        ],
        "4": [
            74.07528148107657,
            57.57178455884648
        ],
        "5": [
            72.02723954942046,
            98.64944422491152
        ],
        "6": [
            94.26572377656939,
            9.581282814893754
        ],
        "7": [
            82.0693270090536,
            21.92939140630231
        ],
        "8": [
            92.66130471668032,
            62.229041154572485
        ],
        "9": [
            34.71135826380257,
            98.79644005296944
        ],
        "10": [
            99.93393246956136,
            33.375537474757344
        ],
        "11": [
            34.318175724014644,
            60.34972322486125
        ],
        "12": [
            26.418253037607364,
            19.73473167139701
        ],
        "13": [
            27.01837927835189,
            5.1341391260335545
        ],
        "14": [
            53.19032848903712,
            63.54234005304148
        ],
        "15": [
            66.55203597614988,
            30.13193628243679
        ],
        "16": [
            70.52855860071963,
            77.23820306615924
        ],
        "17": [
            58.47471812852307,
            56.508786756383
        ],
        "18": [
            74.64161433857586,
            22.769206731813043
        ],
        "19": [
            67.00034515629478,
            56.199418862731456
        ],
        "20": [
            32.752785649163265,
            1.113984611490082
        ],
        "21": [
            37.040810604006126,
            69.20954203763158
        ],
        "22": [
            48.26510187362334,
            38.65789927766278
        ],
        "23": [
            51.576742334382374,
            60.365751032891744
        ],
        "24": [
            33.10244615952013,
            42.26852637557236
        ],
        "25": [
            41.86364852734831,
            84.86236004709374
        ],
        "26": [
            23.920292971518354,
            76.08121303437615
        ],
        "27": [
            43.42370035872371,
            58.964826222390165
        ],
        "28": [
            46.84071241301131,
            1.3320156737799183
        ],
        "29": [
            36.009732635836535,
            78.35013079953221
        ],
        "30": [
            92.16744176433025,
            62.6532248498874
        ],
        "31": [
            50.84761505776836,
            25.343332243301454
        ],
        "32": [
            77.77994112558821,
            12.484602541643985
        ],
        "33": [
            90.04532016176562,
            57.90277357586985
        ],
        "34": [
            86.88217750567371,
            50.690390097714356
        ],
        "35": [
            6.498574368465249,
            25.586586496912776
        ],
        "36": [
            59.71452594217933,
            14.45670121165965
        ],
        "37": [
            95.80831763373838,
            29.585309465899623
        ],
        "38": [
            55.56866230554323,
            78.61884658457666
        ],
        "39": [
            20.144326438540183,
            37.85691874109879
        ],
        "40": [
            59.671375981711186,
            12.888706957895835
        ],
        "41": [
            20.205375457040155,
            58.360399101816874
        ],
        "42": [
            89.70380660670598,
            79.47956429434548
        ],
        "43": [
            57.802993015626015,
            80.75629509040135
        ],
        "44": [
            83.94829460268272,
            43.119502611289406
        ],
        "45": [
            88.30843758386095,
            60.760680066605886
        ],
        "46": [
            57.786714559294175,
            16.3549898834792
        ],
        "47": [
            99.30855228891404,
            4.959968353062505
        ],
        "48": [
            86.42871254623601,
            6.681878034544219
        ],
        "49": [
            59.66450794373886,
            57.01887432330571
        ],
        "50": [
            62.164116141479155,
            84.30797073876958
        ]
    },
    "distance_matrix_str_keys": {
        "0,0": 0.0,
        "0,1": 83.28717463213086,
        "0,2": 90.26164535787106,
        "0,3": 103.65892056684548,
        "0,4": 85.36568861094992,
        "0,5": 72.039900319276,
        "0,6": 130.61994907563204,
        "0,7": 113.27133071483408,
        "0,8": 100.0637932715948,
        "0,9": 34.73221773892579,
        "0,10": 120.10666037155605,
        "0,11": 52.439313814822704,
        "0,12": 84.50110882953956,
        "0,13": 98.63835145716716,
        "0,14": 64.48544032244595,
        "0,15": 96.49207128159402,
        "0,16": 74.11057264623278,
        "0,17": 72.87508689265483,
        "0,18": 107.40561447104209,
        "0,19": 80.04709338273987,
        "0,20": 104.16904054082794,
        "0,21": 48.16714597870865,
        "0,22": 78.05365705654415,
        "0,23": 65.04639913949113,
        "0,24": 66.548440917815,
        "0,25": 44.51643754126307,
        "0,26": 33.82733784604056,
        "0,27": 59.74531981505211,
        "0,28": 109.22190014075768,
        "0,29": 42.016873764022414,
        "0,30": 99.44656321610253,
        "0,31": 90.32772551989262,
        "0,32": 117.08400417560887,
        "0,33": 99.3998800584757,
        "0,34": 99.89970168545541,
        "0,35": 74.69663699259772,
        "0,36": 104.3239213991234,
        "0,37": 118.90106126868855,
        "0,38": 59.540154113013266,
        "0,39": 65.32653699694228,
        "0,40": 105.58906423971227,
        "0,41": 46.282972682401606,
        "0,42": 92.02098239685995,
        "0,43": 60.92213210494377,
        "0,44": 101.40368410410898,
        "0,45": 96.6338676517603,
        "0,46": 101.66509773245787,
        "0,47": 137.4583434105433,
        "0,48": 127.1935306513644,
        "0,49": 73.533874320644,
        "0,50": 64.11409453456096,
        "1,0": 83.28717463213086,
        "1,1": 0.0,
        "1,2": 43.890190117109334,
        "1,3": 39.095718377564125,
        "1,4": 13.018991863051856,
        "1,5": 51.01422478948656,
        "1,6": 48.291803235821,
        "1,7": 31.170119825973348,
        "1,8": 30.93430946299618,
        "1,9": 59.12599838692335,
        "1,10": 37.78112188214585,
        "1,11": 33.16710216578793,
        "1,12": 48.00174629920966,
        "1,13": 57.442050688137186,
        "1,14": 19.524893746487884,
        "1,15": 18.02548592772955,
        "1,16": 29.629987682259518,
        "1,17": 10.72906196704192,
        "1,18": 27.055795826112398,
        "1,19": 8.3080126314959,
        "1,20": 57.06914836763859,
        "1,21": 35.144697773992604,
        "1,22": 19.338889700698225,
        "1,23": 18.286294801795112,
        "1,24": 32.56541551163608,
        "1,25": 43.51040455209253,
        "1,26": 49.81952362199307,
        "1,27": 24.28258636363205,
        "1,28": 50.222969799988896,
        "1,29": 41.99498811561266,
        "1,30": 30.694588109688777,
        "1,31": 26.87500859331763,
        "1,32": 37.793486291786465,
        "1,33": 26.763275515095287,
        "1,34": 21.89459969684063,
        "1,35": 62.81636127188477,
        "1,36": 34.080225422641156,
        "1,37": 35.823878317134664,
        "1,38": 31.982844958328823,
        "1,39": 46.14839060992725,
        "1,40": 35.63568695030983,
        "1,41": 46.091777057343634,
        "1,42": 39.84809410347748,
        "1,43": 33.468540025139646,
        "1,44": 19.4560253721398,
        "1,45": 26.400087523459042,
        "1,46": 32.58783713142089,
        "1,47": 55.03325946396922,
        "1,48": 46.57036149197763,
        "1,49": 10.46430323902362,
        "1,50": 36.328036875926834,
        "2,0": 90.26164535787106,
        "2,1": 43.890190117109334,
        "2,2": 0.0,
        "2,3": 82.29020990631258,
        "2,4": 56.90812662348358,
        "2,5": 90.18236098817287,
        "2,6": 60.116801802681195,
        "2,7": 47.8032388724351,
        "2,8": 73.86418926080555,
        "2,9": 82.17897389280724,
        "2,10": 67.48556903941856,
        "2,11": 43.7328019426515,
        "2,12": 8.72004011787351,
        "2,13": 13.739649369082606,
        "2,14": 50.48703945635612,
        "2,15": 34.727393253224825,
        "2,16": 70.48717530450536,
        "2,17": 46.509342135401106,
        "2,18": 40.54883424124135,
        "2,19": 51.175761645898326,
        "2,20": 15.60883850520413,
        "2,21": 52.65031898927052,
        "2,22": 25.952772081589615,
        "2,23": 46.940365158732874,
        "2,24": 25.692422846710112,
        "2,25": 68.63424318384267,
        "2,26": 60.40835703826449,
        "2,27": 43.26447734842422,
        "2,28": 19.606451078874816,
        "2,29": 61.74949983607039,
        "2,30": 73.74043312579141,
        "2,31": 18.475812870157085,
        "2,32": 43.41499256746728,
        "2,33": 69.15815720506079,
        "2,34": 62.436712991395545,
        "2,35": 29.461931189784632,
        "2,36": 25.24505732695583,
        "2,37": 62.603977001253554,
        "2,38": 65.46318897567494,
        "2,39": 25.670633338936288,
        "2,40": 25.384627156063797,
        "2,41": 44.14269255969123,
        "2,42": 83.61956551425587,
        "2,43": 68.21957258708494,
        "2,44": 56.047701175559965,
        "2,45": 69.55054147393578,
        "2,46": 23.226077342878348,
        "2,47": 65.78754184078792,
        "2,48": 52.80967551930658,
        "2,49": 47.56461517727474,
        "2,50": 73.1016836386079,
        "3,0": 103.65892056684548,
        "3,1": 39.095718377564125,
        "3,2": 82.29020990631258,
        "3,3": 0.0,
        "3,4": 26.79541535090272,
        "3,5": 40.445159624220686,
        "3,6": 58.79955973653309,
        "3,7": 49.17206599931531,
        "3,8": 8.479257508023789,
        "3,9": 70.88963459127584,
        "3,10": 34.86350820398033,
        "3,11": 64.82668885977006,
        "3,12": 87.00657782119379,
        "3,13": 95.46033981490584,
        "3,14": 45.71503964272126,
        "3,15": 49.816567064386895,
        "3,16": 29.5483854978573,
        "3,17": 41.861490693767635,
        "3,18": 51.40595438495837,
        "3,19": 33.868880796645435,
        "3,20": 94.05959657546836,
        "3,21": 61.63303654370109,
        "3,22": 58.42870958042381,
        "3,23": 47.73896702889211,
        "3,24": 70.5111941420746,
        "3,25": 59.1911383136733,
        "3,26": 75.1582229746513,
        "3,27": 56.01140558407615,
        "3,28": 84.61269276185631,
        "3,29": 63.470376207005216,
        "3,30": 8.554142471455075,
        "3,31": 64.22340712674591,
        "3,32": 59.516440225097575,
        "3,33": 13.441557572396547,
        "3,34": 21.11873129490275,
        "3,35": 101.5483596263847,
        "3,36": 66.38723012938691,
        "3,37": 38.736207908209,
        "3,38": 44.33493302755998,
        "3,39": 84.1861042280048,
        "3,40": 67.6880695139405,
        "3,41": 79.07702951634496,
        "3,42": 14.393972197520691,
        "3,43": 42.74379160443022,
        "3,44": 29.093625647687638,
        "3,45": 12.761550867861535,
        "3,46": 66.03532844721089,
        "3,47": 63.25927249549843,
        "3,48": 62.73908214122653,
        "3,49": 40.57682637403412,
        "3,50": 39.89145285934156,
        "4,0": 85.36568861094992,
        "4,1": 13.018991863051856,
        "4,2": 56.90812662348358,
        "4,3": 26.79541535090272,
        "4,4": 0.0,
        "4,5": 41.12868341431425,
        "4,6": 52.064788655327845,
        "4,7": 36.527865439194464,
        "4,8": 19.160644527594464,
        "4,9": 56.999918172437454,
        "4,10": 35.413672555928976,
        "4,11": 39.85403870889808,
        "4,12": 60.85092383250464,
        "4,13": 70.45607641257213,
        "4,14": 21.72162043653649,
        "4,15": 28.452495432910336,
        "4,16": 19.98367483959898,
        "4,17": 15.636736911679414,
        "4,18": 34.8071854120985,
        "4,19": 7.20681008516182,
        "4,20": 69.96450411940478,
        "4,21": 38.81996177586472,
        "4,22": 31.998444146532695,
        "4,23": 22.671358856350455,
        "4,24": 43.73743185546369,
        "4,25": 42.218062580197056,
        "4,26": 53.461404909379866,
        "4,27": 30.683220013169205,
        "4,28": 62.48706551414395,
        "4,29": 43.36733426655567,
        "4,30": 18.79221379046002,
        "4,31": 39.72653554147202,
        "4,32": 45.239125603110644,
        "4,33": 15.973468289388324,
        "4,34": 14.538575429337698,
        "4,35": 74.7640571347274,
        "4,36": 45.44383029282232,
        "4,37": 35.433990017228375,
        "4,38": 28.026305022659546,
        "4,39": 57.42145806239927,
        "4,40": 46.947310013750794,
        "4,41": 53.87567807402427,
        "4,42": 26.91099423175536,
        "4,43": 28.325057819722346,
        "4,44": 17.50270954998372,
        "4,45": 14.586013410306338,
        "4,46": 44.31863688874883,
        "4,47": 58.349988518703725,
        "4,48": 52.36783215996122,
        "4,49": 14.421376621980254,
        "4,50": 29.26942963562389,
        "5,0": 72.039900319276,
        "5,1": 51.01422478948656,
        "5,2": 90.18236098817287,
        "5,3": 40.445159624220686,
        "5,4": 41.12868341431425,
        "5,5": 0.0,
        "5,6": 91.80243764564277,
        "5,7": 77.37447915842218,
        "5,8": 41.85941238398704,
        "5,9": 37.31617080966097,
        "5,10": 70.98919926416175,
        "5,11": 53.747949944813904,
        "5,12": 91.14664836426279,
        "5,13": 103.78299374481739,
        "5,14": 39.841410387074994,
        "5,15": 68.73592036785311,
        "5,16": 21.463627199153603,
        "5,17": 44.266306020987685,
        "5,18": 75.9252619195166,
        "5,19": 42.746629346527065,
        "5,20": 105.1458444788228,
        "5,21": 45.72480783064196,
        "5,22": 64.52615479076142,
        "5,23": 43.403502171633356,
        "5,24": 68.51238893791663,
        "5,25": 33.165130988329665,
        "5,26": 53.13758903185749,
        "5,27": 48.91861977038771,
        "5,28": 100.52384318656783,
        "5,29": 41.34395880672109,
        "5,30": 41.24749149405717,
        "5,31": 76.30440713004553,
        "5,32": 86.35666458199391,
        "5,33": 44.552692375819916,
        "5,34": 50.20697216980487,
        "5,35": 98.1437065724518,
        "5,36": 85.0883123141446,
        "5,37": 73.04378402618104,
        "5,38": 25.92507679297521,
        "5,39": 79.92226115151631,
        "5,40": 86.64624297155612,
        "5,41": 65.6407857580932,
        "5,42": 26.075761148680407,
        "5,43": 22.858127119341713,
        "5,44": 56.79512275887068,
        "5,45": 41.238766456822816,
        "5,46": 83.517481806796,
        "5,47": 97.58067387516769,
        "5,48": 93.0883217995555,
        "5,49": 43.4274277742374,
        "5,50": 17.405719321935297,
        "6,0": 130.61994907563204,
        "6,1": 48.291803235821,
        "6,2": 60.116801802681195,
        "6,3": 58.79955973653309,
        "6,4": 52.064788655327845,
        "6,5": 91.80243764564277,
        "6,6": 0.0,
        "6,7": 17.35591771978329,
        "6,8": 52.67219967604302,
        "6,9": 107.2663355048675,
        "6,10": 24.46007245708299,
        "6,11": 78.55662326738454,
        "6,12": 68.60300146025635,
        "6,13": 67.39423142266193,
        "6,14": 67.81580786428547,
        "6,15": 34.50185284071219,
        "6,16": 71.70015249964028,
        "6,17": 59.018528543813865,
        "6,18": 23.64375199651693,
        "6,19": 54.006031884240784,
        "6,20": 62.09296816815457,
        "6,21": 82.64514496049615,
        "6,22": 54.41972841149403,
        "6,23": 66.3431333956743,
        "6,24": 69.34985523024085,
        "6,25": 91.72359608991292,
        "6,26": 96.80248113733579,
        "6,27": 70.87768128755943,
        "6,28": 48.13711781150876,
        "6,29": 90.12721540646564,
        "6,30": 53.113405264289085,
        "6,31": 46.190630726384256,
        "6,32": 16.739483117800532,
        "6,33": 48.505445838946244,
        "6,34": 41.7669182143585,
        "6,35": 89.21458547333012,
        "6,36": 34.89348042736184,
        "6,37": 20.063416410530102,
        "6,38": 79.14321056000578,
        "6,39": 79.33153931680198,
        "6,40": 34.75209279760463,
        "6,41": 88.68109933319029,
        "6,42": 70.046990242589,
        "6,43": 79.9713267800635,
        "6,44": 35.089336440997464,
        "6,45": 51.524945044418956,
        "6,46": 37.10257701191461,
        "6,47": 6.840077979091091,
        "6,48": 8.356153008692766,
        "6,49": 58.71600484730786,
        "6,50": 81.33013648598909,
        "7,0": 113.27133071483408,
        "7,1": 31.170119825973348,
        "7,2": 47.8032388724351,
        "7,3": 49.17206599931531,
        "7,4": 36.527865439194464,
        "7,5": 77.37447915842218,
        "7,6": 17.35591771978329,
        "7,7": 0.0,
        "7,8": 41.66835443825582,
        "7,9": 90.28466299059471,
        "7,10": 21.216936350001436,
        "7,11": 61.28861514257643,
        "7,12": 55.69433153856319,
        "7,13": 57.555949694243814,
        "7,14": 50.652088314256744,
        "7,15": 17.55186780501819,
        "7,16": 56.50003524494763,
        "7,17": 41.86215654982901,
        "7,18": 7.475038815694413,
        "7,19": 37.43673324347601,
        "7,20": 53.52945368425956,
        "7,21": 65.29149970218798,
        "7,22": 37.71695391477186,
        "7,23": 49.06272986174443,
        "7,24": 53.022974562264906,
        "7,25": 74.67968347627819,
        "7,26": 79.45898278443512,
        "7,27": 53.52670259985552,
        "7,28": 40.80817532582394,
        "7,29": 72.83396232187324,
        "7,30": 41.95715114198765,
        "7,31": 31.40780618266035,
        "7,32": 10.373180223790872,
        "7,33": 36.84699026365477,
        "7,34": 29.160908347138673,
        "7,35": 75.6591946203221,
        "7,36": 23.570707021314217,
        "7,37": 15.728094122316435,
        "7,38": 62.577788057244845,
        "7,39": 63.94053348744265,
        "7,40": 24.153719910582875,
        "7,41": 71.7939191250938,
        "7,42": 58.054351070101795,
        "7,43": 63.63536408742268,
        "7,44": 21.273253914190654,
        "7,45": 39.329320866047176,
        "7,46": 24.914237289607396,
        "7,47": 24.18991953292954,
        "7,48": 15.858464814846899,
        "7,49": 41.63229189862316,
        "7,50": 65.47751201152589,
        "8,0": 100.0637932715948,
        "8,1": 30.93430946299618,
        "8,2": 73.86418926080555,
        "8,3": 8.479257508023789,
        "8,4": 19.160644527594464,
        "8,5": 41.85941238398704,
        "8,6": 52.67219967604302,
        "8,7": 41.66835443825582,
        "8,8": 0.0,
        "8,9": 68.52277691458426,
        "8,10": 29.755937038397587,
        "8,11": 58.37338894167239,
        "8,12": 78.70138648212131,
        "8,13": 86.99897411895387,
        "8,14": 39.492818566922956,
        "8,15": 41.375331483120675,
        "8,16": 26.741978085433388,
        "8,17": 34.66185241630313,
        "8,18": 43.37957784481473,
        "8,19": 26.359840487795218,
        "8,20": 85.58084361074745,
        "8,21": 56.056817229632415,
        "8,22": 50.265510603825234,
        "8,23": 41.12679316725879,
        "8,24": 62.81464624492043,
        "8,25": 55.61177032265868,
        "8,26": 70.12281626928656,
        "8,27": 49.345686559558075,
        "8,28": 76.21006752042247,
        "8,29": 58.9006803914171,
        "8,30": 0.6510241340188133,
        "8,31": 55.757870877382146,
        "8,32": 51.92267476975444,
        "8,33": 5.055686536375236,
        "8,34": 12.904990489455242,
        "8,35": 93.63058039122618,
        "8,36": 58.031773152619884,
        "8,37": 32.795074460384974,
        "8,38": 40.55230995977764,
        "8,39": 76.50302274766399,
        "8,40": 59.35321370050725,
        "8,41": 72.55913502936986,
        "8,42": 17.50220967953319,
        "8,43": 39.47608178442417,
        "8,44": 21.00216675926191,
        "8,45": 4.593858569942437,
        "8,46": 57.625216864394964,
        "8,47": 57.653556697147636,
        "8,48": 55.895729137798284,
        "8,49": 33.40560485434192,
        "8,50": 37.65046669797486,
        "9,0": 34.73221773892579,
        "9,1": 59.12599838692335,
        "9,2": 82.17897389280724,
        "9,3": 70.88963459127584,
        "9,4": 56.999918172437454,
        "9,5": 37.31617080966097,
        "9,6": 107.2663355048675,
        "9,7": 90.28466299059471,
        "9,8": 68.52277691458426,
        "9,9": 0.0,
        "9,10": 92.37899479954102,
        "9,11": 38.44872725293169,
        "9,12": 79.49546733308476,
        "9,13": 93.97770235858334,
        "9,14": 39.80356651595465,
        "9,15": 75.68779845678606,
        "9,16": 41.80465789782669,
        "9,17": 48.50714270488942,
        "9,18": 85.87529072245708,
        "9,19": 53.4517061357738,
        "9,20": 97.70208855374288,
        "9,21": 29.678458220993953,
        "9,22": 61.64696304299166,
        "9,23": 41.96854820465068,
        "9,24": 56.55080567842127,
        "9,25": 15.66249793692424,
        "9,26": 25.14813370110339,
        "9,27": 40.77330456471893,
        "9,28": 98.21626775460203,
        "9,29": 20.487492235438374,
        "9,30": 67.87881507831372,
        "9,31": 75.20463968545766,
        "9,32": 96.46054179976362,
        "9,33": 68.8050819145322,
        "9,34": 70.96468433429047,
        "9,35": 78.45791121884567,
        "9,36": 87.96789153875045,
        "9,37": 92.32019844753377,
        "9,38": 29.020034632393845,
        "9,39": 62.65639371938147,
        "9,40": 89.46027660371232,
        "9,41": 42.959247491004476,
        "9,42": 58.286456950315774,
        "9,43": 29.303078776505565,
        "9,44": 74.3249437465222,
        "9,45": 65.72188333714186,
        "9,46": 85.6099572141724,
        "9,47": 113.92138033312857,
        "9,48": 105.63984697935265,
        "9,49": 48.662353798862604,
        "9,50": 31.04141843020136,
        "10,0": 120.10666037155605,
        "10,1": 37.78112188214585,
        "10,2": 67.48556903941856,
        "10,3": 34.86350820398033,
        "10,4": 35.413672555928976,
        "10,5": 70.98919926416175,
        "10,6": 24.46007245708299,
        "10,7": 21.216936350001436,
        "10,8": 29.755937038397587,
        "10,9": 92.37899479954102,
        "10,10": 0.0,
        "10,11": 70.9438808507955,
        "10,12": 74.77049354729988,
        "10,13": 78.19369845372066,
        "10,14": 55.63272859464338,
        "10,15": 33.53911093323227,
        "10,16": 52.807285909706735,
        "10,17": 47.47645391246053,
        "10,18": 27.426184719492117,
        "10,19": 40.069324113751456,
        "10,20": 74.52593026090497,
        "10,21": 72.38522405165071,
        "10,22": 51.938149768436446,
        "10,23": 55.37950402164643,
        "10,24": 67.42056669888831,
        "10,25": 77.60831640825933,
        "10,26": 87.1885778914983,
        "10,27": 62.03400705927737,
        "10,28": 62.01352518106807,
        "10,29": 78.16020323099774,
        "10,30": 30.290284843663837,
        "10,31": 49.73914834344794,
        "10,32": 30.45045968205428,
        "10,33": 26.445603871600397,
        "10,34": 21.682998616245104,
        "10,35": 93.75944699503796,
        "10,36": 44.44685621013842,
        "10,37": 5.602367904082359,
        "10,38": 63.36587580025211,
        "10,39": 79.91535527443952,
        "10,40": 45.17503380811058,
        "10,41": 83.55169725279168,
        "10,42": 47.225382625778316,
        "10,43": 63.40309339065069,
        "10,44": 18.72125729199127,
        "10,45": 29.750599424437205,
        "10,46": 45.45422992288518,
        "10,47": 28.422450085806528,
        "10,48": 29.91558823569182,
        "10,49": 46.69725825971841,
        "10,50": 63.40876740364951,
        "11,0": 52.439313814822704,
        "11,1": 33.16710216578793,
        "11,2": 43.7328019426515,
        "11,3": 64.82668885977006,
        "11,4": 39.85403870889808,
        "11,5": 53.747949944813904,
        "11,6": 78.55662326738454,
        "11,7": 61.28861514257643,
        "11,8": 58.37338894167239,
        "11,9": 38.44872725293169,
        "11,10": 70.9438808507955,
        "11,11": 0.0,
        "11,12": 41.37615638673056,
        "11,13": 55.696029979908126,
        "11,14": 19.140296554597192,
        "11,15": 44.18298761346885,
        "11,16": 39.95513207871423,
        "11,17": 24.459994560418444,
        "11,18": 55.12054899569266,
        "11,19": 32.944638791441925,
        "11,20": 59.256418851952866,
        "11,21": 9.268717823133104,
        "11,22": 25.788601652258926,
        "11,23": 17.258574052775337,
        "11,24": 18.122021903659665,
        "11,25": 25.64768067105711,
        "11,26": 18.857246282570816,
        "11,27": 9.210239876395566,
        "11,28": 60.331614678477074,
        "11,29": 18.079713428044265,
        "11,30": 57.895109475150925,
        "11,31": 38.71265651233554,
        "11,32": 64.65287951700503,
        "11,33": 55.780840705126145,
        "11,34": 53.444148414615555,
        "11,35": 44.52421694704721,
        "11,36": 52.45134959091025,
        "11,37": 68.75672116971948,
        "11,38": 28.023990584572815,
        "11,39": 26.586166649445904,
        "11,40": 53.80829702192795,
        "11,41": 14.252317069236197,
        "11,42": 58.59623646291166,
        "11,43": 31.112132979334948,
        "11,44": 52.53598007368932,
        "11,45": 53.991825874113125,
        "11,46": 49.86290080653488,
        "11,47": 85.39188480649305,
        "11,48": 74.80471679828702,
        "11,49": 25.564254563699365,
        "11,50": 36.73409889558581,
        "12,0": 84.50110882953956,
        "12,1": 48.00174629920966,
        "12,2": 8.72004011787351,
        "12,3": 87.00657782119379,
        "12,4": 60.85092383250464,
        "12,5": 91.14664836426279,
        "12,6": 68.60300146025635,
        "12,7": 55.69433153856319,
        "12,8": 78.70138648212131,
        "12,9": 79.49546733308476,
        "12,10": 74.77049354729988,
        "12,11": 41.37615638673056,
        "12,12": 0.0,
        "12,13": 14.61292079567097,
        "12,14": 51.34053540913432,
        "12,15": 41.45868300708397,
        "12,16": 72.4732245682457,
        "12,17": 48.784711555144824,
        "12,18": 48.31873978133156,
        "12,19": 54.558038937369275,
        "12,20": 19.668719441689582,
        "12,21": 50.60232791113791,
        "12,22": 28.902786653168214,
        "12,23": 47.78942684370783,
        "12,24": 23.50426219775781,
        "12,25": 66.93405874199895,
        "12,26": 56.40182414142587,
        "12,27": 42.75728659621803,
        "12,28": 27.49066756244702,
        "12,29": 59.39496187248409,
        "12,30": 78.51721387654015,
        "12,31": 25.064918294046986,
        "12,32": 51.87087213114049,
        "12,33": 74.19705582867648,
        "12,34": 67.92745358606389,
        "12,35": 20.761449929636118,
        "12,36": 33.71200668707884,
        "12,37": 70.0857685093114,
        "12,38": 65.70453066263168,
        "12,39": 19.177482086023414,
        "12,40": 33.95052635694405,
        "12,41": 39.12214248065298,
        "12,42": 87.03163973918554,
        "12,43": 68.61948051091184,
        "12,44": 62.101152923198896,
        "12,45": 74.25310353712946,
        "12,46": 31.550008443589107,
        "12,47": 74.37263849062936,
        "12,48": 61.41361606762673,
        "12,49": 49.954186597034585,
        "12,50": 73.80697753392151,
        "13,0": 98.63835145716716,
        "13,1": 57.442050688137186,
        "13,2": 13.739649369082606,
        "13,3": 95.46033981490584,
        "13,4": 70.45607641257213,
        "13,5": 103.78299374481739,
        "13,6": 67.39423142266193,
        "13,7": 57.555949694243814,
        "13,8": 86.99897411895387,
        "13,9": 93.97770235858334,
        "13,10": 78.19369845372066,
        "13,11": 55.696029979908126,
        "13,12": 14.61292079567097,
        "13,13": 0.0,
        "13,14": 64.00381911274059,
        "13,15": 46.77392301883636,
        "13,16": 84.21479526393406,
        "13,17": 60.23998400563665,
        "13,18": 50.78354189165777,
        "13,19": 64.85538057904063,
        "13,20": 7.003217742324334,
        "13,21": 64.85450167845775,
        "13,22": 39.68961722849418,
        "13,23": 60.4453815425265,
        "13,24": 37.62949091089645,
        "13,25": 81.09852791705023,
        "13,26": 71.01468464282874,
        "13,27": 56.27501606411096,
        "13,28": 20.183682360946772,
        "13,29": 73.76602112038424,
        "13,30": 86.90710883069325,
        "13,31": 31.244903012844354,
        "13,32": 51.290988229854044,
        "13,33": 82.20051130511159,
        "13,34": 75.22663318796253,
        "13,35": 28.971796578714137,
        "13,36": 33.999237792969225,
        "13,37": 73.00626925084599,
        "13,38": 78.83603802323141,
        "13,39": 33.436999090538194,
        "13,40": 33.56116082570068,
        "13,41": 53.66052340481671,
        "13,42": 97.24559137974035,
        "13,43": 81.64804293828685,
        "13,44": 68.43904658849718,
        "13,45": 82.76945876412309,
        "13,46": 32.75054118150334,
        "13,47": 72.2903828275599,
        "13,48": 59.43049044665522,
        "13,49": 61.300860216868514,
        "13,50": 86.62400609469675,
        "14,0": 64.48544032244595,
        "14,1": 19.524893746487884,
        "14,2": 50.48703945635612,
        "14,3": 45.71503964272126,
        "14,4": 21.72162043653649,
        "14,5": 39.841410387074994,
        "14,6": 67.81580786428547,
        "14,7": 50.652088314256744,
        "14,8": 39.492818566922956,
        "14,9": 39.80356651595465,
        "14,10": 55.63272859464338,
        "14,11": 19.140296554597192,
        "14,12": 51.34053540913432,
        "14,13": 64.00381911274059,
        "14,14": 0.0,
        "14,15": 35.983194787094725,
        "14,16": 22.09504213799425,
        "14,17": 8.797479516250196,
        "14,18": 46.071749103211715,
        "14,19": 15.640813660325938,
        "14,20": 65.68860419028827,
        "14,21": 17.11502574503112,
        "14,22": 25.367168740648026,
        "14,23": 3.5629170747337557,
        "14,24": 29.25915523162269,
        "14,25": 24.14201589555668,
        "14,26": 31.842712115001365,
        "14,27": 10.786132666791808,
        "14,28": 62.53352767664615,
        "14,29": 22.681347858160233,
        "14,30": 38.987252854228025,
        "14,31": 38.27077872044971,
        "14,32": 56.670465053662646,
        "14,33": 37.28397941807345,
        "14,34": 36.05985729053941,
        "14,35": 60.17274408625151,
        "14,36": 49.51732113992193,
        "14,37": 54.49195284658059,
        "14,38": 15.262946011113302,
        "14,39": 41.854260470033964,
        "14,40": 51.06656951803137,
        "14,41": 33.38951390099928,
        "14,42": 39.8400451903244,
        "14,43": 17.82124917235318,
        "14,44": 36.9207904658121,
        "14,45": 35.2281026834555,
        "14,46": 47.41068213948986,
        "14,47": 74.55725880455927,
        "14,48": 65.86275362973237,
        "14,49": 9.190789124918444,
        "14,50": 22.621677272191242,
        "15,0": 96.49207128159402,
        "15,1": 18.02548592772955,
        "15,2": 34.727393253224825,
        "15,3": 49.816567064386895,
        "15,4": 28.452495432910336,
        "15,5": 68.73592036785311,
        "15,6": 34.50185284071219,
        "15,7": 17.55186780501819,
        "15,8": 41.375331483120675,
        "15,9": 75.68779845678606,
        "15,10": 33.53911093323227,
        "15,11": 44.18298761346885,
        "15,12": 41.45868300708397,
        "15,13": 46.77392301883636,
        "15,14": 35.983194787094725,
        "15,15": 0.0,
        "15,16": 47.27380990022857,
        "15,17": 27.58588959117518,
        "15,18": 10.938512902467995,
        "15,19": 26.071337311211487,
        "15,20": 44.54695098257235,
        "15,21": 48.969089173925774,
        "15,22": 20.17681847730487,
        "15,23": 33.739338671971474,
        "15,24": 35.58330898032921,
        "15,25": 60.04111724710883,
        "15,26": 62.68015272507928,
        "15,27": 36.962892888974054,
        "15,28": 34.89945133774571,
        "15,29": 57.077373589016574,
        "15,30": 41.39786496645132,
        "15,31": 16.41826924573118,
        "15,32": 20.91636302524193,
        "15,33": 36.37518117899119,
        "15,34": 28.913053762710195,
        "15,35": 60.22523105591555,
        "15,36": 17.101594603684465,
        "15,37": 29.26138782260177,
        "15,38": 49.7153393615686,
        "15,39": 47.04626296013091,
        "15,40": 18.565355894724405,
        "15,41": 54.26655557909243,
        "15,42": 54.50864953135048,
        "15,43": 51.37481345409083,
        "15,44": 21.70959910609969,
        "15,45": 37.569415176607286,
        "15,46": 16.328965417947945,
        "15,47": 41.31122523462397,
        "15,48": 30.74064903838833,
        "15,49": 27.755098263396075,
        "15,50": 54.35344101240744,
        "16,0": 74.11057264623278,
        "16,1": 29.629987682259518,
        "16,2": 70.48717530450536,
        "16,3": 29.5483854978573,
        "16,4": 19.98367483959898,
        "16,5": 21.463627199153603,
        "16,6": 71.70015249964028,
        "16,7": 56.50003524494763,
        "16,8": 26.741978085433388,
        "16,9": 41.80465789782669,
        "16,10": 52.807285909706735,
        "16,11": 39.95513207871423,
        "16,12": 72.4732245682457,
        "16,13": 84.21479526393406,
        "16,14": 22.09504213799425,
        "16,15": 47.27380990022857,
        "16,16": 0.0,
        "16,17": 23.979236240405594,
        "16,18": 54.62406785633721,
        "16,19": 21.33257440788202,
        "16,20": 84.98179603551417,
        "16,21": 34.43673422092154,
        "16,22": 44.54325252888437,
        "16,23": 25.374218754631997,
        "16,24": 51.221013073791156,
        "16,25": 29.661504331108986,
        "16,26": 46.622623809646655,
        "16,27": 32.6892894017764,
        "16,28": 79.51643441112996,
        "16,29": 34.53673014745506,
        "16,30": 26.095264975422555,
        "16,31": 55.50150589364159,
        "16,32": 65.15835579118362,
        "16,33": 27.472946973425962,
        "16,34": 31.180558441054288,
        "16,35": 82.26620433081376,
        "16,36": 63.70604584689362,
        "16,37": 53.94315976326523,
        "16,38": 15.023470760359631,
        "16,39": 63.94885773540956,
        "16,40": 65.2589922065144,
        "16,41": 53.74750453954534,
        "16,42": 19.305797995584122,
        "16,43": 13.20291600183668,
        "16,44": 36.662992718700956,
        "16,45": 24.241139842341575,
        "16,46": 62.202252668401606,
        "16,47": 77.79737302720454,
        "16,48": 72.32572085681569,
        "16,49": 22.953188264139417,
        "16,50": 10.951963869490765,
        "17,0": 72.87508689265483,
        "17,1": 10.72906196704192,
        "17,2": 46.509342135401106,
        "17,3": 41.861490693767635,
        "17,4": 15.636736911679414,
        "17,5": 44.266306020987685,
        "17,6": 59.018528543813865,
        "17,7": 41.86215654982901,
        "17,8": 34.66185241630313,
        "17,9": 48.50714270488942,
        "17,10": 47.47645391246053,
        "17,11": 24.459994560418444,
        "17,12": 48.784711555144824,
        "17,13": 60.23998400563665,
        "17,14": 8.797479516250196,
        "17,15": 27.58588959117518,
        "17,16": 23.979236240405594,
        "17,17": 0.0,
        "17,18": 37.412936175886806,
        "17,19": 8.531238169825873,
        "17,20": 61.07537896030264,
        "17,21": 24.914284587033755,
        "17,22": 20.5643003248407,
        "17,23": 7.903052795395941,
        "17,24": 29.09531234722078,
        "17,25": 32.8611130615927,
        "17,26": 39.712569399857735,
        "17,27": 15.250090680563215,
        "17,28": 56.389947296398,
        "17,29": 31.33240946365003,
        "17,30": 34.24841230602942,
        "17,31": 32.085171906331915,
        "17,32": 48.07099365251033,
        "17,33": 31.601362502181473,
        "17,34": 28.997197932594627,
        "17,35": 60.4789383922451,
        "17,36": 42.070357997948314,
        "17,37": 46.02902650966004,
        "17,38": 22.3002221076961,
        "17,39": 42.62758622731401,
        "17,40": 43.636491055583114,
        "17,41": 38.31411041359497,
        "17,42": 38.76741657470534,
