{
    "num_robots": 7,
    "num_tasks": 40,
    "num_nodes": 41,
    "robot_capacity": [
        78,
        65,
        58,
        80,
        84,
        57,
        72
    ],
    "robot_speed": [
        0.87,
        0.96,
        0.81,
        1.18,
        0.85,
        0.89,
        1.12
    ],
    "task_demand": {
        "0": 0,
        "1": 11,
        "2": 15,
        "3": 7,
        "4": 6,
        "5": 9,
        "6": 12,
        "7": 6,
        "8": 6,
        "9": 5,
        "10": 10,
        "11": 6,
        "12": 8,
        "13": 8,
        "14": 5,
        "15": 14,
        "16": 8,
        "17": 10,
        "18": 14,
        "19": 8,
        "20": 9,
        "21": 14,
        "22": 6,
        "23": 10,
        "24": 11,
        "25": 9,
        "26": 14,
        "27": 11,
        "28": 10,
        "29": 15,
        "30": 9,
        "31": 8,
        "32": 14,
        "33": 6,
        "34": 5,
        "35": 13,
        "36": 15,
        "37": 9,
        "38": 13,
        "39": 15,
        "40": 14
    },
    "task_service_time": {
        "0": 0,
        "1": 36,
        "2": 53,
        "3": 13,
        "4": 38,
        "5": 62,
        "6": 71,
        "7": 33,
        "8": 48,
        "9": 55,
        "10": 42,
        "11": 90,
        "12": 13,
        "13": 71,
        "14": 74,
        "15": 53,
        "16": 91,
        "17": 64,
        "18": 72,
        "19": 84,
        "20": 19,
        "21": 39,
        "22": 66,
        "23": 59,
        "24": 42,
        "25": 21,
        "26": 100,
        "27": 34,
        "28": 91,
        "29": 55,
        "30": 11,
        "31": 58,
        "32": 27,
        "33": 52,
        "34": 92,
        "35": 72,
        "36": 19,
        "37": 38,
        "38": 13,
        "39": 90,
        "40": 64
    },
    "task_precedence": [],
    "coordinates": {
        "0": [
            0,
            0
        ],
        "1": [
            29.709401906390998,
            90.0294404458436
        ],
        "2": [
            78.26602516700189,
            43.508835647827595
        ],
        "3": [
            82.35544894271605,
            13.50793704709149
        ],
        "4": [
            14.725127599431243,
            0.4659217626695966
        ],
        "5": [
            89.98926848719722,
            43.4897875494515
        ],
        "6": [
            80.83254727771794,
            47.83747969136834
        ],
        "7": [
            2.8359768882496916,
            67.1639536018247
        ],
        "8": [
            84.12678230793207,
            78.68059198183866
        ],
        "9": [
            64.40390361521902,
            21.02913558511357
        ],
        "10": [
            78.95200182807545,
            1.3241858634222559
        ],
        "11": [
            45.491230224727275,
            73.80839413574714
        ],
        "12": [
            51.266105915292215,
            10.849538269030024
        ],
        "13": [
            17.38418530040259,
            29.682174218754664
        ],
        "14": [
            34.53076802723223,
            54.05718282725181
        ],
        "15": [
            70.95205124074086,
            84.78193396974953
        ],
        "16": [
            38.83080803302465,
            81.91357940071786
        ],
        "17": [
            52.35570991932116,
            57.97617512818768
        ],
        "18": [
            85.26794921516799,
            24.462564317612788
        ],
        "19": [
            60.68322628982813,
            11.539225075189275
        ],
        "20": [
            7.690851944676968,
            83.53988231426091
        ],
        "21": [
            96.40013382675949,
            28.44523480887531
        ],
        "22": [
            21.244930828870245,
            4.656772750478688
        ],
        "23": [
            59.674632257597935,
            3.623831950061762
        ],
        "24": [
            29.643547117076718,
            55.31884674676295
        ],
        "25": [
            41.40029812311952,
            87.37159499791346
        ],
        "26": [
            17.145882787522037,
            97.65745290939361
        ],
        "27": [
            63.66817205168681,
            73.4608889813238
        ],
        "28": [
            97.84012469835666,
            10.149710673763934
        ],
        "29": [
            94.38370193060699,
            51.9963108224984
        ],
        "30": [
            37.20083979572758,
            63.06934422428385
        ],
        "31": [
            85.68184119256509,
            69.03185944747536
        ],
        "32": [
            35.455970702368646,
            20.647288467374015
        ],
        "33": [
            55.935465861960886,
            54.132721677525055
        ],
        "34": [
            45.67532031335805,
            4.8202602845592635
        ],
        "35": [
            68.44575768565481,
            72.77496986316024
        ],
        "36": [
            53.65111849765576,
            46.866785757910044
        ],
        "37": [
            19.61619323688134,
            7.245955699211026
        ],
        "38": [
            61.615572854066734,
            55.792131979142745
        ],
        "39": [
            90.419965542992,
            68.79781922247832
        ],
        "40": [
            8.057455585274775,
            77.60196205749544
        ]
    },
    "distance_matrix_str_keys": {
        "0,0": 0.0,
        "0,1": 94.80479264587402,
        "0,2": 89.54657712537899,
        "0,3": 83.4558825597363,
        "0,4": 14.732496933936924,
        "0,5": 99.94713634695741,
        "0,6": 93.92723333850829,
        "0,7": 67.22380105542045,
        "0,8": 115.18659234519774,
        "0,9": 67.7501833527815,
        "0,10": 78.96310569412348,
        "0,11": 86.70139025561777,
        "0,12": 52.40158486505066,
        "0,13": 34.39827560955981,
        "0,14": 64.14478120447096,
        "0,15": 110.55392305531127,
        "0,16": 90.6513438550986,
        "0,17": 78.11758600757189,
        "0,18": 88.70761081414497,
        "0,19": 61.770605212174864,
        "0,20": 83.89315312178643,
        "0,21": 100.50928904906844,
        "0,22": 21.749313055199746,
        "0,23": 59.784562330770946,
        "0,24": 62.760773506022005,
        "0,25": 96.68391953764902,
        "0,26": 99.15119467416353,
        "0,27": 97.2118220296769,
        "0,28": 98.36516978967249,
        "0,29": 107.75852416062281,
        "0,30": 73.22325219756765,
        "0,31": 110.03079354855137,
        "0,32": 41.02970118709347,
        "0,33": 77.84040016219716,
        "0,34": 45.92896466216888,
        "0,35": 99.90504483632073,
        "0,36": 71.23859995344756,
        "0,37": 20.911693166781067,
        "0,38": 83.12184315156208,
        "0,39": 113.61738466698074,
        "0,40": 78.01914576359856,
        "1,0": 94.80479264587402,
        "1,1": 0.0,
        "1,2": 67.2451658726937,
        "1,3": 92.8824351045782,
        "1,4": 90.80832756645987,
        "1,5": 76.15511543367562,
        "1,6": 66.28527396763936,
        "1,7": 35.284719933983666,
        "1,8": 55.58819704959835,
        "1,9": 77.2317973356671,
        "1,10": 101.4566697540347,
        "1,11": 22.631580776952703,
        "1,12": 82.06185713507308,
        "1,13": 61.59304754164776,
        "1,14": 36.293923588522794,
        "1,15": 41.575142192574624,
        "1,16": 12.209309981763075,
        "1,17": 39.246236560217454,
        "1,18": 85.9404876893096,
        "1,19": 84.38063584654779,
        "1,20": 22.954975651472342,
        "1,21": 90.7759225125851,
        "1,22": 85.79125631464659,
        "1,23": 91.4540551836124,
        "1,24": 34.710656170633435,
        "1,25": 11.989211682817192,
        "1,26": 14.697910967013652,
        "1,27": 37.78511568612005,
        "1,28": 104.98841182062019,
        "1,29": 75.02855478128632,
        "1,30": 27.981573042371085,
        "1,31": 59.781371408052195,
        "1,32": 69.61972469128527,
        "1,33": 44.45650513629468,
        "1,34": 86.69206961617735,
        "1,35": 42.405447930028885,
        "1,36": 49.358084981553276,
        "1,37": 83.39651196568244,
        "1,38": 46.79954097623537,
        "1,39": 64.31604991637963,
        "1,40": 24.964955409240346,
        "2,0": 89.54657712537899,
        "2,1": 67.2451658726937,
        "2,2": 0.0,
        "2,3": 30.278330595807724,
        "2,4": 76.74723512555767,
        "2,5": 11.72325879500049,
        "2,6": 5.032315073649017,
        "2,7": 79.05224088381304,
        "2,8": 35.656709296905284,
        "2,9": 26.410136857388455,
        "2,10": 42.19022684713211,
        "2,11": 44.63463260822258,
        "2,12": 42.37481970316306,
        "2,13": 62.43216311979309,
        "2,14": 44.98933590640608,
        "2,15": 41.9161408014271,
        "2,16": 55.04598707561793,
        "2,17": 29.675719837506588,
        "2,18": 20.292545231203732,
        "2,19": 36.48576183282036,
        "2,20": 81.1377826451483,
        "2,21": 23.574519446198252,
        "2,22": 68.99918833506423,
        "2,23": 44.00515208793885,
        "2,24": 50.0362042312607,
        "2,25": 57.29767437058493,
        "2,26": 81.65625852209648,
        "2,27": 33.32000621952096,
        "2,28": 38.67785660424555,
        "2,29": 18.21583758976537,
        "2,30": 45.485854343375145,
        "2,31": 26.57854531765021,
        "2,32": 48.531959601369586,
        "2,33": 24.728947273346556,
        "2,34": 50.586163192088584,
        "2,35": 30.86979535589873,
        "2,36": 24.842895549481007,
        "2,37": 68.95505237181077,
        "2,38": 20.69098670890849,
        "2,39": 28.057992745420638,
        "2,40": 78.04860351792213,
        "3,0": 83.4558825597363,
        "3,1": 92.8824351045782,
        "3,2": 30.278330595807724,
        "3,3": 0.0,
        "3,4": 68.87637133063166,
        "3,5": 30.938431769945417,
        "3,6": 34.36330495814506,
        "3,7": 95.92869512477932,
        "3,8": 65.19672210421588,
        "3,9": 19.463463388963586,
        "3,10": 12.650187554645855,
        "3,11": 70.67613279451922,
        "3,12": 31.20279368806623,
        "3,13": 66.95424592484194,
        "3,14": 62.70120762798506,
        "3,15": 72.18046907911088,
        "3,16": 81.0785191782005,
        "3,17": 53.64148151858649,
        "3,18": 11.335189300275559,
        "3,19": 21.761458166783303,
        "3,20": 102.36833203087467,
        "3,21": 20.50307386506399,
        "3,22": 61.748186479833635,
        "3,23": 24.74095752134629,
        "3,24": 67.28073100071015,
        "3,25": 84.45806263780815,
        "3,26": 106.45857662963779,
        "3,27": 62.79785635856025,
        "3,28": 15.844647917572571,
        "3,29": 40.32410923772697,
        "3,30": 67.0467882049599,
        "3,31": 55.62347385882785,
        "3,32": 47.43976599772716,
        "3,33": 48.46017573489081,
        "3,34": 37.694927560568296,
        "3,35": 60.87742348102238,
        "3,36": 44.008537508198295,
        "3,37": 63.05098426609465,
        "3,38": 47.0966623151178,
        "3,39": 55.87492728374942,
        "3,40": 98.12357443029006,
        "4,0": 14.732496933936924,
        "4,1": 90.80832756645987,
        "4,2": 76.74723512555767,
        "4,3": 68.87637133063166,
        "4,4": 0.0,
        "4,5": 86.69339035250904,
        "4,6": 81.32807287224496,
        "4,7": 67.74938638725916,
        "4,8": 104.5663632042893,
        "4,9": 53.76640725522175,
        "4,10": 64.23260846679607,
        "4,11": 79.53408907220783,
        "4,12": 37.98766362954403,
        "4,13": 29.337007267865474,
        "4,14": 57.13393610847716,
        "4,15": 101.34424925307856,
        "4,16": 84.94000685125502,
        "4,17": 68.72765067933062,
        "4,18": 74.51260655365215,
        "4,19": 47.27329987939618,
        "4,20": 83.37124177865181,
        "4,21": 86.33451569778848,
        "4,22": 7.750552635304381,
        "4,23": 45.06029700042138,
        "4,24": 56.84542743453547,
        "4,25": 90.90742963552997,
        "4,26": 97.22167341866366,
        "4,27": 87.88450852970543,
        "4,28": 83.67722814738197,
        "4,29": 94.87291215691008,
        "4,30": 66.51575860379323,
        "4,31": 98.67189576842381,
        "4,32": 28.93191002730997,
        "4,33": 67.6640036711784,
        "4,34": 31.254994688728075,
        "4,35": 90.08054470339273,
        "4,36": 60.56626905228239,
        "4,37": 8.36010665305764,
        "4,38": 72.52381259348785,
        "4,39": 101.97527495309704,
        "4,40": 77.4236821809281,
        "5,0": 99.94713634695741,
        "5,1": 76.15511543367562,
        "5,2": 11.72325879500049,
        "5,3": 30.938431769945417,
        "5,4": 86.69339035250904,
        "5,5": 0.0,
        "5,6": 10.13646734661604,
        "5,7": 90.31147421455658,
        "5,8": 35.67578255344365,
        "5,9": 34.04543702605935,
        "5,10": 43.58622742162291,
        "5,11": 53.84508626181974,
        "5,12": 50.644537638902776,
        "5,13": 73.90634810658287,
        "5,14": 56.45631157120711,
        "5,15": 45.4692972948132,
        "5,16": 63.981058574163825,
        "5,17": 40.32542815102054,
        "5,18": 19.60423626624249,
        "5,19": 43.355305923216726,
        "5,20": 91.52616814920411,
        "5,21": 16.353524438663957,
        "5,22": 78.95433489340095,
        "5,23": 50.0826475496798,
        "5,24": 61.494168253369494,
        "5,25": 65.47137592860801,
        "5,26": 90.77606959291812,
        "5,27": 39.88818169090962,
        "5,28": 34.25195862027539,
        "5,29": 9.57454873523796,
        "5,30": 56.30255094840151,
        "5,31": 25.9027289439233,
        "5,32": 59.12410956288052,
        "5,33": 35.678193901780766,
        "5,34": 58.81375979857051,
        "5,35": 36.35580780017594,
        "5,36": 36.49472922988119,
        "5,37": 79.15797538703936,
        "5,38": 30.925948366190543,
        "5,39": 25.31169625127481,
        "5,40": 88.74943613940805,
        "6,0": 93.92723333850829,
        "6,1": 66.28527396763936,
        "6,2": 5.032315073649017,
        "6,3": 34.36330495814506,
        "6,4": 81.32807287224496,
        "6,5": 10.13646734661604,
        "6,6": 0.0,
        "6,7": 80.35532083397356,
        "6,8": 31.01853575197984,
        "6,9": 31.441813661249416,
        "6,10": 46.55129379419028,
        "6,11": 43.85769132224417,
        "6,12": 47.3527429564549,
        "6,13": 65.99477065956326,
        "6,14": 46.7176569281811,
        "6,15": 38.24286735934059,
        "6,16": 54.08628912192755,
        "6,17": 30.227858195663874,
        "6,18": 23.79200409963333,
        "6,19": 41.51576115710733,
        "6,20": 81.39022760281797,
        "6,21": 24.867828866720078,
        "6,22": 73.58843309902704,
        "6,23": 49.01534468501638,
        "6,24": 51.73281927813011,
        "6,25": 55.83769825540388,
        "6,26": 80.85802968989248,
        "6,27": 30.841123204912094,
        "6,28": 41.34761931772279,
        "6,29": 14.174966271697905,
        "6,30": 46.21401946317873,
        "6,31": 21.742064867869672,
        "6,32": 52.899340265223685,
        "6,33": 25.680629561735934,
        "6,34": 55.55638373145848,
        "6,35": 27.84440648435985,
        "6,36": 27.198755803125355,
        "6,37": 73.45143852954095,
        "6,38": 20.79828355943488,
        "6,39": 23.048957075163354,
        "6,40": 78.62657554139695,
        "7,0": 67.22380105542045,
        "7,1": 35.284719933983666,
        "7,2": 79.05224088381304,
        "7,3": 95.92869512477932,
        "7,4": 67.74938638725916,
        "7,5": 90.31147421455658,
        "7,6": 80.35532083397356,
        "7,7": 0.0,
        "7,8": 82.10254566916105,
        "7,9": 76.93523922684922,
        "7,10": 100.64056969476553,
        "7,11": 43.16965632487608,
        "7,12": 74.27510196459167,
        "7,13": 40.206145720829426,
        "7,14": 34.29791867564159,
        "7,15": 70.3576066778759,
        "7,16": 38.89960578654026,
        "7,17": 50.3648610913325,
        "7,18": 92.83554657838576,
        "7,19": 80.25219428146688,
        "7,20": 17.080423092192778,
        "7,21": 101.2590274917826,
        "7,22": 65.16162400654827,
        "7,23": 85.25244749399499,
        "7,24": 29.307889347090892,
        "7,25": 43.53797931805233,
        "7,26": 33.684223411958534,
        "7,27": 61.15723476070587,
        "7,28": 110.798971104359,
        "7,29": 92.79570759422174,
        "7,30": 34.607941698465616,
        "7,31": 82.86691924149984,
        "7,32": 56.81429513479666,
        "7,33": 54.67511988769813,
        "7,34": 75.64354196844316,
        "7,35": 65.84927364647632,
        "7,36": 54.71885999605652,
        "7,37": 62.223324673023555,
        "7,38": 59.86951836220827,
        "7,39": 87.59922708300789,
        "7,40": 11.671155054412594,
        "8,0": 115.18659234519774,
        "8,1": 55.58819704959835,
        "8,2": 35.656709296905284,
        "8,3": 65.19672210421588,
        "8,4": 104.5663632042893,
        "8,5": 35.67578255344365,
        "8,6": 31.01853575197984,
        "8,7": 82.10254566916105,
        "8,8": 0.0,
        "8,9": 60.93178455117632,
        "8,10": 77.52929717579075,
        "8,11": 38.94154846209238,
        "8,12": 75.37158549991986,
        "8,13": 82.7974588897219,
        "8,14": 55.37216729482037,
        "8,15": 14.51895012548282,
        "8,16": 45.41120448924149,
        "8,17": 37.92194507105486,
        "8,18": 54.23003582618153,
        "8,19": 71.1165484881493,
        "8,20": 76.59023536346625,
        "8,21": 51.71292167147301,
        "8,22": 97.1269944919117,
        "8,23": 78.93937463998431,
        "8,24": 59.28063813160787,
        "8,25": 43.60144474923347,
        "8,26": 69.61725469470214,
        "8,27": 21.113977195936528,
        "8,28": 69.88946596146262,
        "8,29": 28.587676735557494,
        "8,30": 49.45457650416674,
        "8,31": 9.773241409806523,
        "8,32": 75.74108673069209,
        "8,33": 37.381121698449434,
        "8,34": 83.26982363348866,
        "8,35": 16.7562199142017,
        "8,36": 44.05546902633843,
        "8,37": 96.252394064383,
        "8,38": 32.103522429334866,
        "8,39": 11.716371137992942,
        "8,40": 76.0769735895959,
        "9,0": 67.7501833527815,
        "9,1": 77.2317973356671,
        "9,2": 26.410136857388455,
        "9,3": 19.463463388963586,
        "9,4": 53.76640725522175,
        "9,5": 34.04543702605935,
        "9,6": 31.441813661249416,
        "9,7": 76.93523922684922,
        "9,8": 60.93178455117632,
        "9,9": 0.0,
        "9,10": 24.493513532061893,
        "9,11": 56.06549159625769,
        "9,12": 16.620046026465072,
        "9,13": 47.809298133312616,
        "9,14": 44.533763982928264,
        "9,15": 64.08820124794946,
        "9,16": 66.03710105987032,
        "9,17": 38.8618412112879,
        "9,18": 21.14466437799146,
        "9,19": 10.19322526220477,
        "9,20": 84.40357626558948,
        "9,21": 32.84444055615157,
        "9,22": 46.16006062346244,
        "9,23": 18.036368875202204,
        "9,24": 48.82690524114021,
        "9,25": 70.21743221291385,
        "9,26": 90.02899282176602,
        "9,27": 52.436915099332275,
        "9,28": 35.16166615395455,
        "9,29": 43.10167339227375,
        "9,30": 50.07380376596422,
        "9,31": 52.50725783881305,
        "9,32": 28.95045124256636,
        "9,33": 34.16960418498446,
        "9,34": 24.76867923413893,
        "9,35": 51.90344833879314,
        "9,36": 27.985827738987815,
        "9,37": 46.86059163840129,
        "9,38": 34.874642746913885,
        "9,39": 54.393773675636425,
        "9,40": 79.84614518350551,
        "10,0": 78.96310569412348,
        "10,1": 101.4566697540347,
        "10,2": 42.19022684713211,
        "10,3": 12.650187554645855,
        "10,4": 64.23260846679607,
        "10,5": 43.58622742162291,
        "10,6": 46.55129379419028,
        "10,7": 100.64056969476553,
        "10,8": 77.52929717579075,
        "10,9": 24.493513532061893,
        "10,10": 0.0,
        "10,11": 79.83472731310104,
        "10,12": 29.278681168121032,
        "10,13": 67.78474412097722,
        "10,14": 68.94936534281105,
        "10,15": 83.84029418113327,
        "10,16": 90.02422197525023,
        "10,17": 62.584428022877745,
        "10,18": 23.98490668912159,
        "10,19": 20.93072348880472,
        "10,20": 108.80060765271776,
        "10,21": 32.24885433849026,
        "10,22": 57.80321944898131,
        "10,23": 19.414050316216063,
        "10,24": 73.12145451161085,
        "10,25": 93.88443465188104,
        "10,26": 114.45564507967917,
        "10,27": 73.73804573864086,
        "10,28": 20.848287069704227,
        "10,29": 52.9698179713948,
        "10,30": 74.53605913958185,
        "10,31": 68.04130951147631,
        "10,32": 47.59503144164633,
        "10,33": 57.60644393389357,
        "10,34": 33.459827689186675,
        "10,35": 72.21908127466979,
        "10,36": 52.09859021556061,
        "10,37": 59.63057553938987,
        "10,38": 57.16037896686725,
        "10,39": 68.44125503261148,
        "10,40": 104.13614083537819,
        "11,0": 86.70139025561777,
        "11,1": 22.631580776952703,
        "11,2": 44.63463260822258,
        "11,3": 70.67613279451922,
        "11,4": 79.53408907220783,
        "11,5": 53.84508626181974,
        "11,6": 43.85769132224417,
        "11,7": 43.16965632487608,
        "11,8": 38.94154846209238,
        "11,9": 56.06549159625769,
        "11,10": 79.83472731310104,
        "11,11": 0.0,
        "11,12": 63.223150200599285,
        "11,13": 52.31758077874768,
        "11,14": 22.588538680834397,
        "11,15": 27.724934324501408,
        "11,16": 10.490722184445806,
        "11,17": 17.256310155442232,
        "11,18": 63.38137182236405,
        "11,19": 64.09560172066705,
        "11,20": 39.032940707605576,
        "11,21": 68.1874819162298,
        "11,22": 73.27912236513926,
        "11,23": 71.60336348540044,
        "11,24": 24.351846388518563,
        "11,25": 14.166726618645333,
        "11,26": 37.043708314971944,
        "11,27": 18.180263309782447,
        "11,28": 82.41865524700194,
        "11,29": 53.53728390546491,
        "11,30": 13.566789099346583,
        "11,31": 40.47345418414827,
        "11,32": 54.09999620670063,
        "11,33": 22.275864623607756,
        "11,34": 68.98837946661847,
        "11,35": 22.97777832345086,
        "11,36": 28.15020494794696,
        "11,37": 71.41481463772104,
        "11,38": 24.178091887571053,
        "11,39": 45.2072684229004,
        "11,40": 37.62550519706327,
        "12,0": 52.40158486505066,
        "12,1": 82.06185713507308,
        "12,2": 42.37481970316306,
        "12,3": 31.20279368806623,
        "12,4": 37.98766362954403,
        "12,5": 50.644537638902776,
        "12,6": 47.3527429564549,
        "12,7": 74.27510196459167,
        "12,8": 75.37158549991986,
        "12,9": 16.620046026465072,
        "12,10": 29.278681168121032,
        "12,11": 63.223150200599285,
        "12,12": 0.0,
        "12,13": 38.76406481999202,
        "12,14": 46.33543009940847,
        "12,15": 76.50840200529822,
        "12,16": 72.14384641386228,
        "12,17": 47.139231416523046,
        "12,18": 36.62567167969346,
        "12,19": 9.442342084413673,
        "12,20": 84.75074557794552,
        "12,21": 48.442636305587556,
        "12,22": 30.653242868208277,
        "12,23": 11.08666528119376,
        "12,24": 49.44749180160765,
        "12,25": 77.15542320155176,
        "12,26": 93.27273808834752,
        "12,27": 63.827834699834185,
        "12,28": 46.57927633903661,
        "12,29": 59.60020115491849,
        "12,30": 54.08086394482374,
        "12,31": 67.59900393043594,
        "12,32": 18.599900118013416,
        "12,33": 43.53431851177842,
        "12,34": 8.222473877174567,
        "12,35": 64.26429423147992,
        "12,36": 36.09612723954284,
        "12,37": 31.854399694367757,
        "12,38": 46.118848590452146,
        "12,39": 69.93588484608884,
        "12,40": 79.51649857090415,
        "13,0": 34.39827560955981,
        "13,1": 61.59304754164776,
        "13,2": 62.43216311979309,
        "13,3": 66.95424592484194,
        "13,4": 29.337007267865474,
        "13,5": 73.90634810658287,
        "13,6": 65.99477065956326,
        "13,7": 40.206145720829426,
        "13,8": 82.7974588897219,
        "13,9": 47.809298133312616,
        "13,10": 67.78474412097722,
        "13,11": 52.31758077874768,
        "13,12": 38.76406481999202,
        "13,13": 0.0,
        "13,14": 29.80178423974515,
        "13,15": 76.84724969717136,
        "13,16": 56.46306149969052,
        "13,17": 44.98397516488092,
        "13,18": 68.08413714482766,
        "13,19": 46.94649671945663,
        "13,20": 54.72306125251018,
        "13,21": 79.02562964395536,
        "13,22": 25.321454829530875,
        "13,23": 49.674129138130844,
        "13,24": 28.417088704870217,
        "13,25": 62.488742545744245,
        "13,26": 67.9756964006819,
        "13,27": 63.70858102214679,
        "13,28": 82.79296658861578,
        "13,29": 80.16761349607246,
        "13,30": 38.82528707382847,
        "13,31": 78.82237961368357,
        "13,32": 20.20442001531384,
        "13,33": 45.65118294162339,
        "13,34": 37.6630201230944,
        "13,35": 66.81521691130585,
        "13,36": 40.1322976826109,
        "13,37": 22.546967886729625,
        "13,38": 51.36288094696096,
        "13,39": 82.85082304781977,
        "13,40": 48.81899173158922,
        "14,0": 64.14478120447096,
        "14,1": 36.293923588522794,
        "14,2": 44.98933590640608,
        "14,3": 62.70120762798506,
        "14,4": 57.13393610847716,
        "14,5": 56.45631157120711,
        "14,6": 46.7176569281811,
        "14,7": 34.29791867564159,
        "14,8": 55.37216729482037,
        "14,9": 44.533763982928264,
        "14,10": 68.94936534281105,
        "14,11": 22.588538680834397,
        "14,12": 46.33543009940847,
        "14,13": 29.80178423974515,
        "14,14": 0.0,
        "14,15": 47.64997590436978,
        "14,16": 28.18632956079288,
        "14,17": 18.250672702975677,
        "14,18": 58.7375774068738,
        "14,19": 49.91720950316628,
        "14,20": 39.86992180027313,
        "14,21": 66.96111039798946,
        "14,22": 51.15578154827396,
        "14,23": 56.3536759150353,
        "14,24": 5.047447282583293,
        "14,25": 34.01529805859462,
        "14,26": 46.93844677909147,
        "14,27": 35.00702966259596,
        "14,28": 77.04505664233729,
        "14,29": 59.88840363761355,
        "14,30": 9.399379569688124,
        "14,31": 53.29796643255261,
        "14,32": 33.42270248092266,
        "14,33": 21.40483112556458,
        "14,34": 50.48242849876874,
        "14,35": 38.73734728982526,
        "14,36": 20.427667809288067,
        "14,37": 49.129782478757136,
        "14,38": 27.140315050996826,
        "14,39": 57.800421800293854,
        "14,40": 35.42870165064494,
        "15,0": 110.55392305531127,
        "15,1": 41.575142192574624,
        "15,2": 41.9161408014271,
        "15,3": 72.18046907911088,
        "15,4": 101.34424925307856,
        "15,5": 45.4692972948132,
        "15,6": 38.24286735934059,
        "15,7": 70.3576066778759,
        "15,8": 14.51895012548282,
        "15,9": 64.08820124794946,
        "15,10": 83.84029418113327,
        "15,11": 27.724934324501408,
        "15,12": 76.50840200529822,
        "15,13": 76.84724969717136,
        "15,14": 47.64997590436978,
        "15,15": 0.0,
        "15,16": 32.249057709380274,
        "15,17": 32.62472402357932,
        "15,18": 61.99492955109572,
        "15,19": 73.95906416448076,
        "15,20": 63.27339115845789,
        "15,21": 61.81770441910368,
        "15,22": 94.2912471020208,
        "15,23": 81.93788929646284,
        "15,24": 50.73919610758622,
        "15,25": 29.66500390301059,
        "15,26": 55.3252451560885,
        "15,27": 13.461833295309146,
        "15,28": 79.32803570216521,
        "15,29": 40.29813071602048,
        "15,30": 40.132042403307814,
        "15,31": 21.56459040839988,
        "15,32": 73.30228159683696,
        "15,33": 34.13022195316099,
        "15,34": 83.86168603666492,
        "15,35": 12.265752909674543,
        "15,36": 41.67590116250048,
        "15,37": 92.99031263181045,
        "15,38": 30.456172578303764,
        "15,39": 25.18911692643725,
        "15,40": 63.303097549214215,
        "16,0": 90.6513438550986,
        "16,1": 12.209309981763075,
        "16,2": 55.04598707561793,
        "16,3": 81.0785191782005,
        "16,4": 84.94000685125502,
        "16,5": 63.981058574163825,
        "16,6": 54.08628912192755,
        "16,7": 38.89960578654026,
        "16,8": 45.41120448924149,
        "16,9": 66.03710105987032,
        "16,10": 90.02422197525023,
        "16,11": 10.490722184445806,
        "16,12": 72.14384641386228,
        "16,13": 56.46306149969052,
        "16,14": 28.18632956079288,
        "16,15": 32.249057709380274,
        "16,16": 0.0,
        "16,17": 27.494041069666228,
        "16,18": 73.8716942762888,
        "16,19": 73.68906248830503,
        "16,20": 31.18239449354107,
        "16,21": 78.56902153989957,
        "16,22": 79.23305655363825,
        "16,23": 81.01697084063575,
        "16,24": 28.13690757835765,
        "16,25": 6.032595924005365,
        "16,26": 26.797491225116925,
        "16,27": 26.236284544913172,
        "16,28": 92.9093768570692,
        "16,29": 63.096489439408266,
        "16,30": 18.91459742736679,
        "16,31": 48.589690440155344,
        "16,32": 61.35917153724878,
        "16,33": 32.62430651035009,
        "16,34": 77.39655806753618,
        "16,35": 30.992893172592947,
        "16,36": 38.051535408043776,
        "16,37": 77.10029475296443,
        "16,38": 34.66230695363928,
        "16,39": 53.23029529921203,
        "16,40": 31.073932242119113,
        "17,0": 78.11758600757189,
        "17,1": 39.246236560217454,
        "17,2": 29.675719837506588,
        "17,3": 53.64148151858649,
        "17,4": 68.72765067933062,
        "17,5": 40.32542815102054,
        "17,6": 30.227858195663874,
        "17,7": 50.3648610913325,
        "17,8": 37.92194507105486,
        "17,9": 38.8618412112879,
        "17,10": 62.584428022877745,
        "17,11": 17.256310155442232,
        "17,12": 47.139231416523046,
        "17,13": 44.98397516488092,
        "17,14": 18.250672702975677,
        "17,15": 32.62472402357932,
        "17,16": 27.494041069666228,
        "17,17": 0.0,
        "17,18": 46.9720938965868,
        "17,19": 47.17772630305248,
        "17,20": 51.46311944480658,
        "17,21": 53.0281784854139,
        "17,22": 61.73199531467355,
        "17,23": 54.84290139249106,
        "17,24": 22.867088430370433,
        "17,25": 31.370555572731313,
        "17,26": 53.05031322245332,
        "17,27": 19.176761004135,
        "17,28": 66.00153551245305,
        "17,29": 42.45127665471514,
        "17,30": 15.987822237703867,
        "17,31": 35.11209451754809,
        "17,32": 40.976175577240916,
        "17,33": 5.25231254175481,
        "17,34": 53.57405051095666,
        "17,35": 21.86078595866924,
        "17,36": 11.1846598323445,
        "17,37": 60.3774056739098,
        "17,38": 9.513942718303756,
        "17,39": 39.572661486026604,
        "17,40": 48.451076867686304,
        "18,0": 88.70761081414497,
        "18,1": 85.9404876893096,
        "18,2": 20.292545231203732,
        "18,3": 11.335189300275559,
        "18,4": 74.51260655365215,
        "18,5": 19.60423626624249,
        "18,6": 23.79200409963333,
        "18,7": 92.83554657838576,
        "18,8": 54.23003582618153,
        "18,9": 21.14466437799146,
        "18,10": 23.98490668912159,
        "18,11": 63.38137182236405,
        "18,12": 36.62567167969346,
        "18,13": 68.08413714482766,
        "18,14": 58.7375774068738,
        "18,15": 61.99492955109572,
        "18,16": 73.8716942762888,
        "18,17": 46.9720938965868,
        "18,18": 0.0,
        "18,19": 27.774472065018532,
        "18,20": 97.51069440113895,
        "18,21": 11.823163640435999,
        "18,22": 67.01653723442429,
        "18,23": 33.00410034491262,
        "18,24": 63.60962406835636,
        "18,25": 76.69365653995585,
        "18,26": 99.9905378040133,
        "18,27": 53.547980292093875,
        "18,28": 19.05039043721487,
        "18,29": 29.003519513402754,
        "18,30": 61.651686616852565,
        "18,31": 44.57121688872478,
        "18,32": 49.9578775887547,
        "18,33": 41.72185059927385,
        "18,34": 44.19724393085327,
        "18,35": 51.157351939414035,
        "18,36": 38.75013707028273,
        "18,37": 67.87167800601162,
        "18,38": 39.255276299951895,
        "18,39": 44.63359832818287,
        "18,40": 93.72969603455046,
        "19,0": 61.770605212174864,
        "19,1": 84.38063584654779,
        "19,2": 36.48576183282036,
        "19,3": 21.761458166783303,
        "19,4": 47.27329987939618,
        "19,5": 43.355305923216726,
        "19,6": 41.51576115710733,
        "19,7": 80.25219428146688,
        "19,8": 71.1165484881493,
        "19,9": 10.19322526220477,
        "19,10": 20.93072348880472,
        "19,11": 64.09560172066705,
        "19,12": 9.442342084413673,
        "19,13": 46.94649671945663,
        "19,14": 49.91720950316628,
        "19,15": 73.95906416448076,
        "19,16": 73.68906248830503,
        "19,17": 47.17772630305248,
        "19,18": 27.774472065018532,
        "19,19": 0.0,
        "19,20": 89.39958826300551,
        "19,21": 39.515954361715615,
        "19,22": 40.03432650698304,
        "19,23": 7.979392849532242,
        "19,24": 53.66672113007708,
        "19,25": 78.24563659897802,
        "19,26": 96.49792456079933,
        "19,27": 61.993567102607685,
        "19,28": 37.18287037889193,
        "19,29": 52.65451400953058,
        "19,30": 56.62839972114874,
        "19,31": 62.69237397100793,
        "19,32": 26.82109698038209,
        "19,33": 42.857288550415916,
        "19,34": 16.443288285993532,
        "19,35": 61.725791476567615,
        "19,36": 36.02064802015713,
        "19,37": 41.2908387624487,
        "19,38": 44.26272743026372,
        "19,39": 64.51992145945793,
        "19,40": 84.46157090559936,
        "20,0": 83.89315312178643,
        "20,1": 22.954975651472342,
        "20,2": 81.1377826451483,
        "20,3": 102.36833203087467,
        "20,4": 83.37124177865181,
        "20,5": 91.52616814920411,
        "20,6": 81.39022760281797,
        "20,7": 17.080423092192778,
        "20,8": 76.59023536346625,
        "20,9": 84.40357626558948,
        "20,10": 108.80060765271776,
        "20,11": 39.032940707605576,
        "20,12": 84.75074557794552,
        "20,13": 54.72306125251018,
        "20,14": 39.86992180027313,
        "20,15": 63.27339115845789,
        "20,16": 31.18239449354107,
        "20,17": 51.46311944480658,
        "20,18": 97.51069440113895,
        "20,19": 89.39958826300551,
        "20,20": 0.0,
        "20,21": 104.42584390742297,
        "20,22": 80.03910312372699,
        "20,23": 95.33566238000995,
        "20,24": 35.75398822277437,
        "20,25": 33.926520360145666,
        "20,26": 16.991274459195438,
        "20,27": 56.87746893953737,
        "20,28": 116.2454673156719,
        "20,29": 92.25316873223868,
        "20,30": 35.9149316115506,
        "20,31": 79.32891737170861,
        "20,32": 68.74867402661812,
        "20,33": 56.500653701904824,
        "20,34": 87.40479809341373,
        "20,35": 61.701231038569766,
        "20,36": 58.79848733302834,
        "20,37": 77.22031470589958,
        "20,38": 60.64497649282773,
        "20,39": 84.03234294582658,
        "20,40": 5.949226437529943,
        "21,0": 100.50928904906844,
        "21,1": 90.7759225125851,
        "21,2": 23.574519446198252,
        "21,3": 20.50307386506399,
        "21,4": 86.33451569778848,
        "21,5": 16.353524438663957,
        "21,6": 24.867828866720078,
        "21,7": 101.2590274917826,
        "21,8": 51.71292167147301,
        "21,9": 32.84444055615157,
        "21,10": 32.24885433849026,
        "21,11": 68.1874819162298,
        "21,12": 48.442636305587556,
        "21,13": 79.02562964395536,
        "21,14": 66.96111039798946,
        "21,15": 61.81770441910368,
        "21,16": 78.56902153989957,
        "21,17": 53.0281784854139,
        "21,18": 11.823163640435999,
        "21,19": 39.515954361715615,
        "21,20": 104.42584390742297,
        "21,21": 0.0,
        "21,22": 78.83016849377981,
        "21,23": 44.326792184704786,
        "21,24": 71.96271873488084,
        "21,25": 80.60581773393066,
        "21,26": 105.22151606104231,
        "21,27": 55.657797676680474,
        "21,28": 18.35210552194832,
        "21,29": 23.63724135746966,
        "21,30": 68.5812318829485,
        "21,31": 41.97804064682917,
        "21,32": 61.44102038603602,
        "21,33": 47.929493374418755,
        "21,34": 55.95664506780169,
        "21,35": 52.407752817893844,
        "21,36": 46.54924114285675,
        "21,37": 79.65665676689791,
        "21,38": 44.24724247796873,
        "21,39": 40.79330192028019,
        "21,40": 101.09803476167936,
        "22,0": 21.749313055199746,
        "22,1": 85.79125631464659,
        "22,2": 68.99918833506423,
        "22,3": 61.748186479833635,
        "22,4": 7.750552635304381,
        "22,5": 78.95433489340095,
        "22,6": 73.58843309902704,
        "22,7": 65.16162400654827,
        "22,8": 97.1269944919117,
        "22,9": 46.16006062346244,
        "22,10": 57.80321944898131,
        "22,11": 73.27912236513926,
        "22,12": 30.653242868208277,
        "22,13": 25.321454829530875,
        "22,14": 51.15578154827396,
        "22,15": 94.2912471020208,
        "22,16": 79.23305655363825,
        "22,17": 61.73199531467355,
        "22,18": 67.01653723442429,
        "22,19": 40.03432650698304,
        "22,20": 80.03910312372699,
        "22,21": 78.83016849377981,
        "22,22": 0.0,
        "22,23": 38.44358098042274,
        "22,24": 51.35350520813072,
        "22,25": 85.13507297342748,
        "22,26": 93.09097005008634,
        "22,27": 80.83153967454119,
        "22,28": 76.79190120665899,
        "22,29": 87.12239495757935,
        "22,30": 60.552617921449404,
        "22,31": 91.0838471105864,
        "22,32": 21.3927615603605,
        "22,33": 60.426010484838315,
        "22,34": 24.430936505536827,
        "22,35": 82.87343865103156,
        "22,36": 53.215093698236316,
        "22,37": 3.0588649014894567,
        "22,38": 65.1506999269469,
        "22,39": 94.3358853789117,
        "22,40": 74.12766114168822,
        "23,0": 59.784562330770946,
        "23,1": 91.4540551836124,
        "23,2": 44.00515208793885,
        "23,3": 24.74095752134629,
