{
    "num_robots": 3,
    "num_tasks": 40,
    "num_nodes": 41,
    "robot_capacity": [
        211,
        175,
        211
    ],
    "robot_speed": [
        0.91,
        0.99,
        0.97
    ],
    "task_demand": {
        "0": 0,
        "1": 12,
        "2": 6,
        "3": 13,
        "4": 11,
        "5": 14,
        "6": 7,
        "7": 5,
        "8": 5,
        "9": 14,
        "10": 9,
        "11": 11,
        "12": 7,
        "13": 5,
        "14": 5,
        "15": 15,
        "16": 10,
        "17": 10,
        "18": 11,
        "19": 5,
        "20": 10,
        "21": 7,
        "22": 14,
        "23": 5,
        "24": 6,
        "25": 14,
        "26": 14,
        "27": 13,
        "28": 11,
        "29": 14,
        "30": 7,
        "31": 13,
        "32": 10,
        "33": 15,
        "34": 13,
        "35": 7,
        "36": 13,
        "37": 12,
        "38": 6,
        "39": 10,
        "40": 14
    },
    "task_service_time": {
        "0": 0,
        "1": 89,
        "2": 82,
        "3": 76,
        "4": 38,
        "5": 57,
        "6": 44,
        "7": 98,
        "8": 84,
        "9": 82,
        "10": 30,
        "11": 15,
        "12": 42,
        "13": 99,
        "14": 45,
        "15": 85,
        "16": 52,
        "17": 63,
        "18": 86,
        "19": 51,
        "20": 11,
        "21": 85,
        "22": 73,
        "23": 52,
        "24": 15,
        "25": 58,
        "26": 13,
        "27": 48,
        "28": 17,
        "29": 94,
        "30": 65,
        "31": 69,
        "32": 79,
        "33": 75,
        "34": 19,
        "35": 72,
        "36": 21,
        "37": 27,
        "38": 79,
        "39": 41,
        "40": 89
    },
    "task_precedence": [],
    "coordinates": {
        "0": [
            50.0,
            50.0
        ],
        "1": [
            18.978943922856438,
            87.26481312005211
        ],
        "2": [
            32.84900128560796,
            18.486159150145888
        ],
        "3": [
            33.40561952862402,
            30.920780848584563
        ],
        "4": [
            10.874311129036196,
            86.10464787518798
        ],
        "5": [
            17.178799510752953,
            40.81568677157821
        ],
        "6": [
            99.08603669823435,
            34.857054972903946
        ],
        "7": [
            52.17564427356612,
            57.13455391353289
        ],
        "8": [
            39.85749229850406,
            88.58260201354017
        ],
        "9": [
            73.40500960400182,
            1.2956801197789636
        ],
        "10": [
            84.98453864880254,
            70.66282725606679
        ],
        "11": [
            6.770452906366497,
            64.31537972085648
        ],
        "12": [
            11.420120979108706,
            23.16153295021698
        ],
        "13": [
            83.25720898339874,
            8.182132704782985
        ],
        "14": [
            96.30961548644355,
            49.112165543368505
        ],
        "15": [
            70.51616404057035,
            75.05698360143914
        ],
        "16": [
            84.54029511679963,
            2.4342562664838696
        ],
        "17": [
            75.05522647924589,
            72.37966202702438
        ],
        "18": [
            36.06103514818386,
            39.05264699946399
        ],
        "19": [
            9.830398393275818,
            95.8082191307968
        ],
        "20": [
            15.266714600418174,
            1.5927485011289932
        ],
        "21": [
            50.95555072277098,
            3.568676411755356
        ],
        "22": [
            25.043108408695215,
            4.103705934141811
        ],
        "23": [
            28.14833935441704,
            87.89238715714379
        ],
        "24": [
            39.82780049818052,
            73.94139353576638
        ],
        "25": [
            43.91566604215057,
            92.8216416892975
        ],
        "26": [
            95.18800125860896,
            29.353767495282213
        ],
        "27": [
            79.00114589742331,
            77.69701195573197
        ],
        "28": [
            53.11170664485424,
            91.64968831745416
        ],
        "29": [
            50.31509433513905,
            18.4575123477151
        ],
        "30": [
            13.798097883409222,
            40.270997577264254
        ],
        "31": [
            76.20904130760393,
            45.41587022124144
        ],
        "32": [
            14.746239571348795,
            6.127170432842133
        ],
        "33": [
            28.915406876027983,
            30.742487156205122
        ],
        "34": [
            81.0984783929908,
            13.411265422491015
        ],
        "35": [
            67.94094035792101,
            76.82331676470905
        ],
        "36": [
            62.71026737009798,
            54.79363303526649
        ],
        "37": [
            33.201672583665534,
            27.561342310927948
        ],
        "38": [
            99.33025207126262,
            14.413730341133357
        ],
        "39": [
            30.76748363674806,
            44.436266731590294
        ],
        "40": [
            61.98769776068632,
            83.29824095517495
        ]
    },
    "distance_matrix_str_keys": {
        "0,0": 0.0,
        "0,1": 48.486825190083266,
        "0,2": 35.87866945708844,
        "0,3": 25.286163541678718,
        "0,4": 53.23875588158289,
        "0,5": 34.08200127681933,
        "0,6": 51.36874324756313,
        "0,7": 7.45890659213591,
        "0,8": 39.89345360595067,
        "0,9": 54.03614761951773,
        "0,10": 40.63090418245225,
        "0,11": 45.53815804875056,
        "0,12": 46.996918822928144,
        "0,13": 53.43010363536495,
        "0,14": 46.31812535632929,
        "0,15": 32.38464781562989,
        "0,16": 58.78377296225669,
        "0,17": 33.59484553276204,
        "0,18": 17.723974691318833,
        "0,19": 60.92610141128379,
        "0,20": 59.57904927341282,
        "0,21": 46.44115510342171,
        "0,22": 52.24285833374614,
        "0,23": 43.741605793987425,
        "0,24": 26.01276546504144,
        "0,25": 43.25172963798351,
        "0,26": 49.68120745701447,
        "0,27": 40.1022559794283,
        "0,28": 41.765766546116545,
        "0,29": 31.54406143372445,
        "0,30": 37.486413605476024,
        "0,31": 26.606918124656787,
        "0,32": 56.281904717143455,
        "0,33": 28.555417491824084,
        "0,34": 48.01927588315672,
        "0,35": 32.27022874394292,
        "0,36": 13.58417514228139,
        "0,37": 28.0299333369476,
        "0,38": 60.82644455866119,
        "0,39": 20.02110919866236,
        "0,40": 35.39036236478025,
        "1,0": 48.486825190083266,
        "1,1": 0.0,
        "1,2": 70.16325058859599,
        "1,3": 58.16166212929464,
        "1,4": 8.18724960643421,
        "1,5": 46.48399572369957,
        "1,6": 95.72731808074943,
        "1,7": 44.831388937070024,
        "1,8": 20.920094403277883,
        "1,9": 101.74914473521143,
        "1,10": 68.06147566541453,
        "1,11": 25.994686884896907,
        "1,12": 64.5473960189511,
        "1,13": 101.91057698225895,
        "1,14": 86.23025734384656,
        "1,15": 52.96334731696263,
        "1,16": 107.21247197253699,
        "1,17": 58.01824875335598,
        "1,18": 51.148908127833906,
        "1,19": 12.517414731933988,
        "1,20": 85.75245362443752,
        "1,21": 89.59657740299146,
        "1,22": 83.38191554106783,
        "1,23": 9.190846628703799,
        "1,24": 24.742439853768722,
        "1,25": 25.548355207388106,
        "1,26": 95.71577521682723,
        "1,27": 60.779992999305826,
        "1,28": 34.41326229134626,
        "1,29": 75.6068711311085,
        "1,30": 47.278534928168256,
        "1,31": 70.89864644981311,
        "1,32": 81.24797134061028,
        "1,33": 57.38908109024854,
        "1,34": 96.50483444005354,
        "1,35": 50.06297974597515,
        "1,36": 54.468396217860466,
        "1,37": 61.374183800804566,
        "1,38": 108.46019077625209,
        "1,39": 44.42132431990998,
        "1,40": 43.19127922882379,
        "2,0": 35.87866945708844,
        "2,1": 70.16325058859599,
        "2,2": 0.0,
        "2,3": 12.447073577823032,
        "2,4": 71.09955713600455,
        "2,5": 27.279351668633513,
        "2,6": 68.2301333011531,
        "2,7": 43.211312719825955,
        "2,8": 70.44593848036199,
        "2,9": 44.048863549643556,
        "2,10": 73.75987358167367,
        "2,11": 52.72957560693316,
        "2,12": 21.93298956733128,
        "2,13": 51.450562332110145,
        "2,14": 70.46418822597056,
        "2,15": 67.96376482441113,
        "2,16": 54.12627314095356,
        "2,17": 68.4534520490836,
        "2,18": 20.815801305510277,
        "2,19": 80.67562853034528,
        "2,20": 24.382865468121654,
        "2,21": 23.460145433705392,
        "2,22": 16.36419640912389,
        "2,23": 69.56522628979747,
        "2,24": 55.89263510708284,
        "2,25": 75.15474059007998,
        "2,26": 63.27918953950893,
        "2,27": 75.07293481831317,
        "2,28": 75.91758181535549,
        "2,29": 17.46611654186951,
        "2,30": 28.9398705203662,
        "2,31": 51.04216305253705,
        "2,32": 21.91927425344391,
        "2,33": 12.872091561637946,
        "2,34": 48.51563240320435,
        "2,35": 68.07839706104511,
        "2,36": 47.009869943315394,
        "2,37": 9.082033166985017,
        "2,38": 66.60586597612543,
        "2,39": 26.033455383622314,
        "2,40": 71.06102715390851,
        "3,0": 25.286163541678718,
        "3,1": 58.16166212929464,
        "3,2": 12.447073577823032,
        "3,3": 0.0,
        "3,4": 59.60636743005889,
        "3,5": 19.005758367328465,
        "3,6": 65.79826330197349,
        "3,7": 32.24090146423249,
        "3,8": 58.02165356397594,
        "3,9": 49.775473876138136,
        "3,10": 65.11386296527328,
        "3,11": 42.715703609274264,
        "3,12": 23.314546412466658,
        "3,13": 54.79258244119378,
        "3,14": 65.48159424277172,
        "3,15": 57.66452035189608,
        "3,16": 58.5340681165643,
        "3,17": 58.766730279208836,
        "3,18": 8.554442074642912,
        "3,19": 69.03745866128381,
        "3,20": 34.48410290797617,
        "3,21": 32.49827229319283,
        "3,22": 28.09069417436614,
        "3,23": 57.21366025878413,
        "3,24": 43.497327784431114,
        "3,25": 62.78676333860346,
        "3,26": 61.80225095479132,
        "3,27": 65.32203166954574,
        "3,28": 63.84614375038621,
        "3,29": 21.00627049137784,
        "3,30": 21.72283264081479,
        "3,31": 45.191155461113865,
        "3,32": 31.030558774175756,
        "3,33": 4.4937510285145805,
        "3,34": 50.805431964633634,
        "3,35": 57.44328671231803,
        "3,36": 37.79782343786436,
        "3,37": 3.365623514989506,
        "3,38": 67.95984029070013,
        "3,39": 13.770552626446456,
        "3,40": 59.668530426693074,
        "4,0": 53.23875588158289,
        "4,1": 8.18724960643421,
        "4,2": 71.09955713600455,
        "4,3": 59.60636743005889,
        "4,4": 0.0,
        "4,5": 45.72566644237654,
        "4,6": 102.01776465975796,
        "4,7": 50.44865175267394,
        "4,8": 29.08891622962213,
        "4,9": 105.36910962661246,
        "4,10": 75.70188668101112,
        "4,11": 22.172367014217006,
        "4,12": 62.945481369599065,
        "4,13": 106.35413613149738,
        "4,14": 93.10013415518155,
        "4,15": 60.65642179214449,
        "4,16": 111.47830115694856,
        "4,17": 65.63204348276132,
        "4,18": 53.36910954124906,
        "4,19": 9.759561922164359,
        "4,20": 84.62596731539605,
        "4,21": 91.75343237603123,
        "4,22": 83.216039893586,
        "4,23": 17.36629099351678,
        "4,24": 31.404606394199753,
        "4,25": 33.7171935426597,
        "4,26": 101.63395479444843,
        "4,27": 68.64367383315994,
        "4,28": 42.599824570836134,
        "4,29": 78.30523817078324,
        "4,30": 45.92681165307919,
        "4,31": 76.96884820808057,
        "4,32": 80.07114791173738,
        "4,33": 58.227570576373985,
        "4,34": 101.07305041567679,
        "4,35": 57.81646200459999,
        "4,36": 60.558616312883636,
        "4,37": 62.656441775095935,
        "4,38": 113.85974330222805,
        "4,39": 46.173502136503686,
        "4,40": 51.1903722662499,
        "5,0": 34.08200127681933,
        "5,1": 46.48399572369957,
        "5,2": 27.279351668633513,
        "5,3": 19.005758367328465,
        "5,4": 45.72566644237654,
        "5,5": 0.0,
        "5,6": 82.12369205411133,
        "5,7": 38.61456419732342,
        "5,8": 52.8772285421047,
        "5,9": 68.7256693471109,
        "5,10": 74.08420921598629,
        "5,11": 25.70154173872459,
        "5,12": 18.569639888245103,
        "5,13": 73.697388349012,
        "5,14": 79.56454987611868,
        "5,15": 63.38249650792612,
        "5,16": 77.52873852901794,
        "5,17": 65.92393596081558,
        "5,18": 18.964364790456926,
        "5,19": 55.48132671686072,
        "5,20": 39.269516870873254,
        "5,21": 50.281295758793966,
        "5,22": 37.544865047707276,
        "5,23": 48.33783739033061,
        "5,24": 40.12841504913292,
        "5,25": 58.476314682285,
        "5,26": 78.84675738947054,
        "5,27": 71.98773965122636,
        "5,28": 62.2516628554938,
        "5,29": 39.97376637566847,
        "5,30": 3.424299900932588,
        "5,31": 59.20921494467941,
        "5,32": 34.773704341665315,
        "5,33": 15.466651316228106,
        "5,34": 69.54658624178983,
        "5,35": 62.23619815758305,
        "5,36": 47.62874706705107,
        "5,37": 20.794473029924017,
        "5,38": 86.2897703158189,
        "5,39": 14.062749927482624,
        "5,40": 61.746293591883834,
        "6,0": 51.36874324756313,
        "6,1": 95.72731808074943,
        "6,2": 68.2301333011531,
        "6,3": 65.79826330197349,
        "6,4": 102.01776465975796,
        "6,5": 82.12369205411133,
        "6,6": 0.0,
        "6,7": 51.931415121158544,
        "6,8": 79.96533546810416,
        "6,9": 42.259685690344114,
        "6,10": 38.4825359875339,
        "6,11": 96.90180549292778,
        "6,12": 88.44262555044371,
        "6,13": 31.01778948984346,
        "6,14": 14.522971187792542,
        "6,15": 49.31806854910745,
        "6,16": 35.536129137976104,
        "6,17": 44.55811800243553,
        "6,18": 63.16449804152013,
        "6,19": 108.08151267181628,
        "6,20": 90.17867176880365,
        "6,21": 57.406500618135745,
        "6,22": 80.17558048925973,
        "6,23": 88.57145908437826,
        "6,24": 70.98678805550949,
        "6,25": 80.02289117203888,
        "6,26": 6.743949388149622,
        "6,27": 47.314530038573345,
        "6,28": 73.0687499966001,
        "6,29": 51.45434692326538,
        "6,30": 85.4596002904569,
        "6,31": 25.196140528887558,
        "6,32": 89.09886444332216,
        "6,33": 70.29115846223714,
        "6,34": 27.99060812531834,
        "6,35": 52.26073243675141,
        "6,36": 41.480884019635624,
        "6,37": 66.28707911823541,
        "6,38": 20.444783274673796,
        "6,39": 68.98685375006511,
        "6,40": 61.01504118899012,
        "7,0": 7.45890659213591,
        "7,1": 44.831388937070024,
        "7,2": 43.211312719825955,
        "7,3": 32.24090146423249,
        "7,4": 50.44865175267394,
        "7,5": 38.61456419732342,
        "7,6": 51.931415121158544,
        "7,7": 0.0,
        "7,8": 33.77449625651131,
        "7,9": 59.73831081381431,
        "7,10": 35.48855773000268,
        "7,11": 45.969507963074214,
        "7,12": 53.05825885174676,
        "7,13": 57.9862329092896,
        "7,14": 44.85717479044843,
        "7,15": 25.643481652104423,
        "7,16": 63.55779406870704,
        "7,17": 27.493428365674994,
        "7,18": 24.220569458889813,
        "7,19": 57.34781800556366,
        "7,20": 66.68703950608933,
        "7,21": 53.57977100369251,
        "7,22": 59.56882859240891,
        "7,23": 39.0301894374027,
        "7,24": 20.85519369338982,
        "7,25": 36.63052653591791,
        "7,26": 51.203856763189485,
        "7,27": 33.79973695324806,
        "7,28": 34.527825238258075,
        "7,29": 38.72176636411849,
        "7,30": 41.91915551672232,
        "7,31": 26.738207129044284,
        "7,32": 63.267001714231824,
        "7,33": 35.17925285609513,
        "7,34": 52.42381414939809,
        "7,35": 25.22284566097231,
        "7,36": 10.79157978908955,
        "7,37": 35.13668234454694,
        "7,38": 63.628812681509835,
        "7,39": 24.890878634690537,
        "7,40": 27.943065566381513,
        "8,0": 39.89345360595067,
        "8,1": 20.920094403277883,
        "8,2": 70.44593848036199,
        "8,3": 58.02165356397594,
        "8,4": 29.08891622962213,
        "8,5": 52.8772285421047,
        "8,6": 79.96533546810416,
        "8,7": 33.77449625651131,
        "8,8": 0.0,
        "8,9": 93.51172467156319,
        "8,10": 48.55480037710553,
        "8,11": 41.03230743620674,
        "8,12": 71.33442622566801,
        "8,13": 91.36613636023759,
        "8,14": 68.88220065860375,
        "8,15": 33.50964796021498,
        "8,16": 97.04684612419425,
        "8,17": 38.74810647844348,
        "8,18": 49.67524061935309,
        "8,19": 30.884234021885458,
        "8,20": 90.39878849800716,
        "8,21": 85.73525789903617,
        "8,22": 85.76800016806044,
        "8,23": 11.729478215846266,
        "8,24": 14.641238584649917,
        "8,25": 5.868409623251147,
        "8,26": 81.05257590092639,
        "8,27": 40.62907441695955,
        "8,28": 13.604455752974891,
        "8,29": 70.90056164091114,
        "8,30": 54.8917403667316,
        "8,31": 56.43404866735367,
        "8,32": 86.19439199093081,
        "8,33": 58.866018381596646,
        "8,34": 85.74117318377708,
        "8,35": 30.446031670307157,
        "8,36": 40.79146666997407,
        "8,37": 61.38317417476942,
        "8,38": 95.06855778934589,
        "8,39": 45.07246583333478,
        "8,40": 22.752372746453684,
        "9,0": 54.03614761951773,
        "9,1": 101.74914473521143,
        "9,2": 44.048863549643556,
        "9,3": 49.775473876138136,
        "9,4": 105.36910962661246,
        "9,5": 68.7256693471109,
        "9,6": 42.259685690344114,
        "9,7": 59.73831081381431,
        "9,8": 93.51172467156319,
        "9,9": 0.0,
        "9,10": 70.3269976234361,
        "9,11": 91.71502976121431,
        "9,12": 65.72854735837981,
        "9,13": 12.0203603031231,
        "9,14": 53.01921584571329,
        "9,15": 73.81785231231623,
        "9,16": 11.19334351716993,
        "9,17": 71.1031342454391,
        "9,18": 53.10518784554308,
        "9,19": 113.90500963919075,
        "9,20": 58.13905396157489,
        "9,21": 22.56423533389538,
        "9,22": 48.44335347804409,
        "9,23": 97.70954851904108,
        "9,24": 80.03017336638615,
        "9,25": 96.15936264833435,
        "9,26": 35.52119075419712,
        "9,27": 76.60600660341169,
        "9,28": 92.60488616902083,
        "9,29": 28.769300869904527,
        "9,30": 71.21839155568088,
        "9,31": 44.20920456628905,
        "9,32": 58.85740905263241,
        "9,33": 53.35203084732064,
        "9,34": 14.351894273385652,
        "9,35": 75.72502855657798,
        "9,36": 54.55647053830889,
        "9,37": 48.022841626774806,
        "9,38": 29.05514478704656,
        "9,39": 60.65532815688522,
        "9,40": 82.79356855028252,
        "10,0": 40.63090418245225,
        "10,1": 68.06147566541453,
        "10,2": 73.75987358167367,
        "10,3": 65.11386296527328,
        "10,4": 75.70188668101112,
        "10,5": 74.08420921598629,
        "10,6": 38.4825359875339,
        "10,7": 35.48855773000268,
        "10,8": 48.55480037710553,
        "10,9": 70.3269976234361,
        "10,10": 0.0,
        "10,11": 78.47122592859999,
        "10,12": 87.567668164752,
        "10,13": 62.504566708231884,
        "10,14": 24.34519224885342,
        "10,15": 15.120928337629085,
        "10,16": 68.23001723285934,
        "10,17": 10.076644371579004,
        "10,18": 58.246997267069226,
        "10,19": 79.24919892390787,
        "10,20": 98.1389360511657,
        "10,21": 75.23029374387167,
        "10,22": 89.57171255690258,
        "10,23": 59.39032989145545,
        "10,24": 45.27560046265786,
        "10,25": 46.665462113513485,
        "10,26": 42.55054720623213,
        "10,27": 9.234757344200286,
        "10,28": 38.16183639661342,
        "10,29": 62.668694526839964,
        "10,30": 77.40266571682267,
        "10,31": 26.72860252807283,
        "10,32": 95.38485025882707,
        "10,33": 68.82863569359327,
        "10,34": 57.38329719261129,
        "10,35": 18.122799830242325,
        "10,36": 27.34912222018843,
        "10,37": 67.37360924275876,
        "10,38": 58.04963735756603,
        "10,39": 60.22724907485125,
        "10,40": 26.23944302345124,
        "11,0": 45.53815804875056,
        "11,1": 25.994686884896907,
        "11,2": 52.72957560693316,
        "11,3": 42.715703609274264,
        "11,4": 22.172367014217006,
        "11,5": 25.70154173872459,
        "11,6": 96.90180549292778,
        "11,7": 45.969507963074214,
        "11,8": 41.03230743620674,
        "11,9": 91.71502976121431,
        "11,10": 78.47122592859999,
        "11,11": 0.0,
        "11,12": 41.41567960577194,
        "11,13": 94.87447114874978,
        "11,14": 90.8206989450535,
        "11,15": 64.64439451284781,
        "11,16": 99.38521920995582,
        "11,17": 68.75931174039616,
        "11,18": 38.68001903589477,
        "11,19": 31.641147268756654,
        "11,20": 63.29545741915247,
        "11,21": 75.11647510346309,
        "11,22": 62.92325165870345,
        "11,23": 31.82592196051027,
        "11,24": 34.43034086050919,
        "11,25": 46.82279178259464,
        "11,26": 95.07879461810903,
        "11,27": 73.45979234409639,
        "11,28": 53.802195350272996,
        "11,29": 63.2382779428172,
        "11,30": 25.05035142648603,
        "11,31": 71.9646372775025,
        "11,32": 58.73228135421839,
        "11,33": 40.218628786621366,
        "11,34": 90.08820247535927,
        "11,35": 62.436183612980116,
        "11,36": 56.74439621831609,
        "11,37": 45.271057415970155,
        "11,38": 105.15460537828443,
        "11,39": 31.161460445795683,
        "11,40": 58.38915267361996,
        "12,0": 46.996918822928144,
        "12,1": 64.5473960189511,
        "12,2": 21.93298956733128,
        "12,3": 23.314546412466658,
        "12,4": 62.945481369599065,
        "12,5": 18.569639888245103,
        "12,6": 88.44262555044371,
        "12,7": 53.05825885174676,
        "12,8": 71.33442622566801,
        "12,9": 65.72854735837981,
        "12,10": 87.567668164752,
        "12,11": 41.41567960577194,
        "12,12": 0.0,
        "12,13": 73.38221613339992,
        "12,14": 88.76745805584144,
        "12,15": 78.64782326177607,
        "12,16": 76.00118331085557,
        "12,17": 80.44781464921756,
        "12,18": 29.320677973299055,
        "12,19": 72.6640779953861,
        "12,20": 21.909101877957443,
        "12,21": 44.12403236732557,
        "12,22": 23.426193824036304,
        "12,23": 66.85743620847585,
        "12,24": 58.18582728419461,
        "12,25": 76.8667106001337,
        "12,26": 83.996437633877,
        "12,27": 86.84073582928018,
        "12,28": 80.1798961144938,
        "12,29": 39.17839662613917,
        "12,30": 17.273926999428028,
        "12,31": 68.50445040071929,
        "12,32": 17.356052871058854,
        "12,33": 19.067141770287225,
        "12,34": 70.3572399171466,
        "12,35": 77.93709043456528,
        "12,36": 60.26001055923986,
        "12,37": 22.22148313485335,
        "12,38": 88.34429918861305,
        "12,39": 28.756472997823025,
        "12,40": 78.57164546599698,
        "13,0": 53.43010363536495,
        "13,1": 101.91057698225895,
        "13,2": 51.450562332110145,
        "13,3": 54.79258244119378,
        "13,4": 106.35413613149738,
        "13,5": 73.697388349012,
        "13,6": 31.01778948984346,
        "13,7": 57.9862329092896,
        "13,8": 91.36613636023759,
        "13,9": 12.0203603031231,
        "13,10": 62.504566708231884,
        "13,11": 94.87447114874978,
        "13,12": 73.38221613339992,
        "13,13": 0.0,
        "13,14": 42.960829876626164,
        "13,15": 68.07774899837072,
        "13,16": 5.889345768052659,
        "13,17": 64.71935790842237,
        "13,18": 56.395633496769285,
        "13,19": 114.32334641610623,
        "13,20": 68.30905731032655,
        "13,21": 32.62945150250089,
        "13,22": 58.35679112704176,
        "13,23": 96.90568701910227,
        "13,24": 78.80605247322855,
        "13,25": 93.33597099799083,
        "13,26": 24.30189136706222,
        "13,27": 69.64504655943465,
        "13,28": 88.7444880045941,
        "13,29": 34.50748243939956,
        "13,30": 76.51315810764217,
        "13,31": 37.894958464558904,
        "13,32": 68.54178141628611,
        "13,33": 58.838771649741695,
        "13,34": 5.6572030846848325,
        "13,35": 70.32922745030291,
        "13,36": 50.939265529835176,
        "13,37": 53.67597683530237,
        "13,38": 17.238779632146134,
        "13,39": 63.79289538028925,
        "13,40": 78.0693398610344,
        "14,0": 46.31812535632929,
        "14,1": 86.23025734384656,
        "14,2": 70.46418822597056,
        "14,3": 65.48159424277172,
        "14,4": 93.10013415518155,
        "14,5": 79.56454987611868,
        "14,6": 14.522971187792542,
        "14,7": 44.85717479044843,
        "14,8": 68.88220065860375,
        "14,9": 53.01921584571329,
        "14,10": 24.34519224885342,
        "14,11": 90.8206989450535,
        "14,12": 88.76745805584144,
        "14,13": 42.960829876626164,
        "14,14": 0.0,
        "14,15": 36.584637780863794,
        "14,16": 48.13880052955607,
        "14,17": 31.513892883714373,
        "14,18": 61.08261083246926,
        "14,19": 98.28110911913444,
        "14,20": 93.94704242314612,
        "14,21": 64.27441631682679,
        "14,22": 84.28924289289911,
        "14,23": 78.42107594492624,
        "14,24": 61.69834671258905,
        "14,25": 68.23228153390933,
        "14,26": 19.790207474978658,
        "14,27": 33.416710848502824,
        "14,28": 60.62590347402764,
        "14,29": 55.27389744249613,
        "14,30": 82.9838344990198,
        "14,31": 20.437604591228702,
        "14,32": 92.19703951493797,
        "14,33": 69.85287709373199,
        "14,34": 38.80635207175089,
        "14,35": 39.65715106458931,
        "14,36": 34.07631533345218,
        "14,37": 66.68620876475278,
        "14,38": 34.82966624676812,
        "14,39": 65.70871385973749,
        "14,40": 48.44256174517781,
        "15,0": 32.38464781562989,
        "15,1": 52.96334731696263,
        "15,2": 67.96376482441113,
        "15,3": 57.66452035189608,
        "15,4": 60.65642179214449,
        "15,5": 63.38249650792612,
        "15,6": 49.31806854910745,
        "15,7": 25.643481652104423,
        "15,8": 33.50964796021498,
        "15,9": 73.81785231231623,
        "15,10": 15.120928337629085,
        "15,11": 64.64439451284781,
        "15,12": 78.64782326177607,
        "15,13": 68.07774899837072,
        "15,14": 36.584637780863794,
        "15,15": 0.0,
        "15,16": 73.96442914003,
        "15,17": 5.269832884923574,
        "15,18": 49.834407402308834,
        "15,19": 64.13560577552245,
        "15,20": 91.92113740763641,
        "15,21": 74.11609581066088,
        "15,22": 84.27435197159456,
        "15,23": 44.269404254794495,
        "15,24": 30.708633934196886,
        "15,25": 31.9870219111196,
        "15,26": 51.937303685881474,
        "15,27": 8.886206548499429,
        "15,28": 24.046475563628118,
        "15,29": 60.09645050620568,
        "15,30": 66.5357336495375,
        "15,31": 30.18285032920587,
        "15,32": 88.66568456150533,
        "15,33": 60.78155634613086,
        "15,34": 62.54742158436061,
        "15,35": 3.1227727838165054,
        "15,36": 21.71486585262965,
        "15,37": 60.40039084546005,
        "15,38": 67.14056772945901,
        "15,39": 50.17555077394419,
        "15,40": 11.859724274097745,
        "16,0": 58.78377296225669,
        "16,1": 107.21247197253699,
        "16,2": 54.12627314095356,
        "16,3": 58.5340681165643,
        "16,4": 111.47830115694856,
        "16,5": 77.52873852901794,
        "16,6": 35.536129137976104,
        "16,7": 63.55779406870704,
        "16,8": 97.04684612419425,
        "16,9": 11.19334351716993,
        "16,10": 68.23001723285934,
        "16,11": 99.38521920995582,
        "16,12": 76.00118331085557,
        "16,13": 5.889345768052659,
        "16,14": 48.13880052955607,
        "16,15": 73.96442914003,
        "16,16": 0.0,
        "16,17": 70.58559565567013,
        "16,18": 60.75479558831414,
        "16,19": 119.58371799465714,
        "16,20": 69.27869147781833,
        "16,21": 33.60389806374011,
        "16,22": 59.52060389790983,
        "16,23": 102.38722972144367,
        "16,24": 84.33550767896078,
        "16,25": 99.09712372730644,
        "16,26": 28.948812253350297,
        "16,27": 75.46631412765542,
        "16,28": 94.58937302562163,
        "16,29": 37.79033082667699,
        "16,30": 80.22516726331472,
        "16,31": 43.781604906502096,
        "16,32": 69.89168623321063,
        "16,33": 62.413813598466355,
        "16,34": 11.503948555663609,
        "16,35": 76.21857319721822,
        "16,36": 56.72789831323823,
        "16,37": 57.15789198951025,
        "16,38": 19.032882751177436,
        "16,39": 68.23257387480027,
        "16,40": 83.95000695199396,
        "17,0": 33.59484553276204,
        "17,1": 58.01824875335598,
        "17,2": 68.4534520490836,
        "17,3": 58.766730279208836,
        "17,4": 65.63204348276132,
        "17,5": 65.92393596081558,
        "17,6": 44.55811800243553,
        "17,7": 27.493428365674994,
        "17,8": 38.74810647844348,
        "17,9": 71.1031342454391,
        "17,10": 10.076644371579004,
        "17,11": 68.75931174039616,
        "17,12": 80.44781464921756,
        "17,13": 64.71935790842237,
        "17,14": 31.513892883714373,
        "17,15": 5.269832884923574,
        "17,16": 70.58559565567013,
        "17,17": 0.0,
        "17,18": 51.29558351564693,
        "17,19": 69.30494561580058,
        "17,20": 92.65772109871531,
        "17,21": 72.90916343582599,
        "17,22": 84.63343390351079,
        "17,23": 49.405472376084745,
        "17,24": 35.262026977427674,
        "17,25": 37.249788680317366,
        "17,26": 47.5032232650918,
        "17,27": 6.621517221836415,
        "17,28": 29.20362949970765,
        "17,29": 59.32682668528381,
        "17,30": 69.16214381114976,
        "17,31": 26.988467114746367,
        "17,32": 89.59110750679496,
        "17,33": 62.149314430978826,
        "17,34": 59.27725273494483,
        "17,35": 8.388035195671463,
        "17,36": 21.48642434435016,
        "17,37": 61.32211473738073,
        "17,38": 62.843663990146624,
        "17,39": 52.36637763603766,
        "17,40": 17.028672074493436,
        "18,0": 17.723974691318833,
        "18,1": 51.148908127833906,
        "18,2": 20.815801305510277,
        "18,3": 8.554442074642912,
        "18,4": 53.36910954124906,
        "18,5": 18.964364790456926,
        "18,6": 63.16449804152013,
        "18,7": 24.220569458889813,
        "18,8": 49.67524061935309,
        "18,9": 53.10518784554308,
        "18,10": 58.246997267069226,
        "18,11": 38.68001903589477,
        "18,12": 29.320677973299055,
        "18,13": 56.395633496769285,
        "18,14": 61.08261083246926,
        "18,15": 49.834407402308834,
        "18,16": 60.75479558831414,
        "18,17": 51.29558351564693,
        "18,18": 0.0,
        "18,19": 62.52392560070788,
        "18,20": 42.8444601150346,
        "18,21": 38.4832270329684,
        "18,22": 36.64455199922768,
        "18,23": 49.476569943705435,
        "18,24": 35.09149691985635,
        "18,25": 54.339672583075064,
        "18,26": 59.91716269200333,
        "18,27": 57.76885020519434,
        "18,28": 55.29171867371942,
        "18,29": 25.046711852634257,
        "18,30": 22.296249769540115,
        "18,31": 40.64914523513378,
        "18,32": 39.22253838829701,
        "18,33": 10.959870438301067,
        "18,34": 51.82520374494571,
        "18,35": 49.42622634489733,
        "18,36": 30.95093244793822,
        "18,37": 11.841707550861877,
        "18,38": 67.89749644983796,
        "18,39": 7.550168807673374,
        "18,40": 51.28220372328181,
        "19,0": 60.92610141128379,
        "19,1": 12.517414731933988,
        "19,2": 80.67562853034528,
        "19,3": 69.03745866128381,
        "19,4": 9.759561922164359,
        "19,5": 55.48132671686072,
        "19,6": 108.08151267181628,
        "19,7": 57.34781800556366,
        "19,8": 30.884234021885458,
        "19,9": 113.90500963919075,
        "19,10": 79.24919892390787,
        "19,11": 31.641147268756654,
        "19,12": 72.6640779953861,
        "19,13": 114.32334641610623,
        "19,14": 98.28110911913444,
        "19,15": 64.13560577552245,
        "19,16": 119.58371799465714,
        "19,17": 69.30494561580058,
        "19,18": 62.52392560070788,
        "19,19": 0.0,
        "19,20": 94.37218043403381,
        "19,21": 100.99213531331067,
        "19,22": 92.9577553873194,
        "19,23": 19.955133597422062,
        "19,24": 37.12145194691095,
        "19,25": 34.215860584084396,
        "19,26": 108.17631214407744,
        "19,27": 71.50250440103932,
        "19,28": 43.480628129014775,
        "19,29": 87.30488213924465,
        "19,30": 55.678771692002734,
        "19,31": 83.3397448026465,
        "19,32": 89.81567786334942,
        "19,33": 67.80698360918382,
        "19,34": 108.94217368519165,
        "19,35": 61.13314653504001,
        "19,36": 66.92142269552812,
        "19,37": 72.13773390500099,
        "19,38": 120.9763886620513,
        "19,39": 55.4746701819737,
        "19,40": 53.636586685360726,
        "20,0": 59.57904927341282,
        "20,1": 85.75245362443752,
        "20,2": 24.382865468121654,
        "20,3": 34.48410290797617,
        "20,4": 84.62596731539605,
        "20,5": 39.269516870873254,
        "20,6": 90.17867176880365,
        "20,7": 66.68703950608933,
        "20,8": 90.39878849800716,
        "20,9": 58.13905396157489,
        "20,10": 98.1389360511657,
        "20,11": 63.29545741915247,
        "20,12": 21.909101877957443,
        "20,13": 68.30905731032655,
        "20,14": 93.94704242314612,
        "20,15": 91.92113740763641,
        "20,16": 69.27869147781833,
        "20,17": 92.65772109871531,
        "20,18": 42.8444601150346,
        "20,19": 94.37218043403381,
        "20,20": 0.0,
        "20,21": 35.74349332222785,
        "20,22": 10.093700170151676,
        "20,23": 87.25573842711755,
        "20,24": 76.40401415387296,
        "20,25": 95.62151102680295,
        "20,26": 84.60547403504363,
        "20,27": 99.26699677496185,
        "20,28": 97.68569921910087,
        "20,29": 38.8948477517307,
        "20,30": 38.706120790606704,
        "20,31": 75.06286153472406,
        "20,32": 4.564195056161152,
        "20,33": 32.186861675123446,
        "20,34": 66.88421686961429,
        "20,35": 91.83796851201333,
        "20,36": 71.28271048875752,
        "20,37": 31.55995219133224,
        "20,38": 85.03561552346046,
        "20,39": 45.5613969834279,
        "20,40": 94.12033661552758,
        "21,0": 46.44115510342171,
        "21,1": 89.59657740299146,
        "21,2": 23.460145433705392,
        "21,3": 32.49827229319283,
        "21,4": 91.75343237603123,
        "21,5": 50.281295758793966,
        "21,6": 57.406500618135745,
        "21,7": 53.57977100369251,
        "21,8": 85.73525789903617,
        "21,9": 22.56423533389538,
        "21,10": 75.23029374387167,
        "21,11": 75.11647510346309,
        "21,12": 44.12403236732557,
        "21,13": 32.62945150250089,
        "21,14": 64.27441631682679,
        "21,15": 74.11609581066088,
        "21,16": 33.60389806374011,
        "21,17": 72.90916343582599,
        "21,18": 38.4832270329684,
        "21,19": 100.99213531331067,
        "21,20": 35.74349332222785,
        "21,21": 0.0,
        "21,22": 25.917965260994723,
        "21,23": 87.3536323473312,
        "21,24": 71.24707811887409,
        "21,25": 89.53017249592773,
        "21,26": 51.19941994389322,
        "21,27": 79.2563280705135,
        "21,28": 88.10739847874405,
        "21,29": 14.902604467420613,
        "21,30": 52.22773861125481,
        "21,31": 48.876644897608685,
        "21,32": 36.299588230673415,
        "21,33": 34.98833993147284,
        "21,34": 31.709188683508728,
        "21,35": 75.1980438196264,
        "21,36": 52.556346377383804,
        "21,37": 29.847080358512887,
        "21,38": 49.575466969932585,
        "21,39": 45.58199196195388,
        "21,40": 80.48920257121134,
        "22,0": 52.24285833374614,
        "22,1": 83.38191554106783,
        "22,2": 16.36419640912389,
        "22,3": 28.09069417436614,
        "22,4": 83.216039893586,
        "22,5": 37.544865047707276,
        "22,6": 80.17558048925973,
        "22,7": 59.56882859240891,
        "22,8": 85.76800016806044,
        "22,9": 48.44335347804409,
        "22,10": 89.57171255690258,
        "22,11": 62.92325165870345,
        "22,12": 23.426193824036304,
        "22,13": 58.35679112704176,
        "22,14": 84.28924289289911,
        "22,15": 84.27435197159456,
        "22,16": 59.52060389790983,
        "22,17": 84.63343390351079,
        "22,18": 36.64455199922768,
        "22,19": 92.9577553873194,
        "22,20": 10.093700170151676,
        "22,21": 25.917965260994723,
        "22,22": 0.0,
        "22,23": 83.84620182403084,
        "22,24": 71.38550083681557,
        "22,25": 90.70306255184565,
        "22,26": 74.55113414138822,
        "22,27": 91.25483275324328,
        "22,28": 91.93554937238449,
        "22,29": 29.063809647475896,
        "22,30": 37.87510061389233,
        "22,31": 65.76205294468794,
        "22,32": 10.493803716051504,
        "22,33": 26.91875480807128,
        "22,34": 56.82284019393456,
        "22,35": 84.42964991810145,
        "22,36": 63.15285879309755,
        "22,37": 24.83591902432099,
        "22,38": 74.99917544090529,
        "22,39": 40.73676389002228,
        "22,40": 87.38808305246715,
        "23,0": 43.741605793987425,
        "23,1": 9.190846628703799,
        "23,2": 69.56522628979747,
        "23,3": 57.21366025878413,
        "23,4": 17.36629099351678,
        "23,5": 48.33783739033061,
        "23,6": 88.57145908437826,
