{
    "num_robots": 7,
    "num_tasks": 40,
    "num_nodes": 41,
    "robot_capacity": [
        104,
        77,
        72,
        87,
        71,
        93,
        79
    ],
    "robot_speed": [
        0.82,
        1.11,
        0.85,
        0.8,
        1.19,
        0.87,
        0.89
    ],
    "task_demand": {
        "0": 0,
        "1": 14,
        "2": 9,
        "3": 7,
        "4": 11,
        "5": 9,
        "6": 12,
        "7": 7,
        "8": 14,
        "9": 5,
        "10": 10,
        "11": 10,
        "12": 6,
        "13": 15,
        "14": 5,
        "15": 9,
        "16": 14,
        "17": 10,
        "18": 11,
        "19": 7,
        "20": 13,
        "21": 7,
        "22": 10,
        "23": 12,
        "24": 7,
        "25": 10,
        "26": 8,
        "27": 5,
        "28": 14,
        "29": 10,
        "30": 14,
        "31": 12,
        "32": 11,
        "33": 7,
        "34": 9,
        "35": 13,
        "36": 15,
        "37": 10,
        "38": 15,
        "39": 10,
        "40": 6
    },
    "task_service_time": {
        "0": 0,
        "1": 17,
        "2": 71,
        "3": 53,
        "4": 100,
        "5": 82,
        "6": 23,
        "7": 68,
        "8": 35,
        "9": 87,
        "10": 82,
        "11": 42,
        "12": 12,
        "13": 37,
        "14": 12,
        "15": 23,
        "16": 88,
        "17": 58,
        "18": 63,
        "19": 21,
        "20": 59,
        "21": 61,
        "22": 80,
        "23": 66,
        "24": 56,
        "25": 42,
        "26": 16,
        "27": 90,
        "28": 32,
        "29": 70,
        "30": 22,
        "31": 17,
        "32": 78,
        "33": 62,
        "34": 47,
        "35": 28,
        "36": 74,
        "37": 52,
        "38": 19,
        "39": 43,
        "40": 71
    },
    "task_precedence": [],
    "coordinates": {
        "0": [
            0,
            100
        ],
        "1": [
            91.68465971091823,
            33.5424209830648
        ],
        "2": [
            78.17177671385332,
            82.82141293683128
        ],
        "3": [
            20.975084088715747,
            17.03660381119676
        ],
        "4": [
            11.803886178954336,
            68.25891401064
        ],
        "5": [
            28.289789168822832,
            87.80622393884414
        ],
        "6": [
            11.191580673538848,
            13.789373239319625
        ],
        "7": [
            14.37226571816982,
            66.65030283383831
        ],
        "8": [
            55.32178548838651,
            98.90987843834105
        ],
        "9": [
            92.13657200265438,
            8.258198152081064
        ],
        "10": [
            32.27870578460224,
            73.68560065628878
        ],
        "11": [
            76.09710149391114,
            61.54259675328267
        ],
        "12": [
            36.631708851792396,
            14.99078983237052
        ],
        "13": [
            7.957356794804538,
            26.152071053068436
        ],
        "14": [
            34.10655185340392,
            31.389825629034895
        ],
        "15": [
            29.39000117553041,
            42.982551894375874
        ],
        "16": [
            94.5728871574425,
            75.52033806850402
        ],
        "17": [
            83.72269122605097,
            65.01885711588352
        ],
        "18": [
            68.05165785484178,
            59.38072066962393
        ],
        "19": [
            97.11602762871281,
            8.252525681633681
        ],
        "20": [
            66.40269577766621,
            30.762710696717342
        ],
        "21": [
            31.570990830474642,
            61.37664235381457
        ],
        "22": [
            87.64976707062748,
            0.5773045922165321
        ],
        "23": [
            2.5363089498615876,
            13.349180679380169
        ],
        "24": [
            0.534768670370922,
            47.39716864851008
        ],
        "25": [
            71.80248619317202,
            82.06191742499915
        ],
        "26": [
            82.94189185989134,
            87.44973025823676
        ],
        "27": [
            83.59008223120998,
            12.258944351692646
        ],
        "28": [
            67.77430923819006,
            59.05086797900704
        ],
        "29": [
            49.545629559509344,
            98.13718529044435
        ],
        "30": [
            40.5350125853013,
            52.007385011705075
        ],
        "31": [
            57.24113925026797,
            6.944911360623696
        ],
        "32": [
            5.108964252302439,
            88.60425420812209
        ],
        "33": [
            13.388512984985834,
            16.363014214033623
        ],
        "34": [
            67.34239527510054,
            98.16695780909862
        ],
        "35": [
            77.70861124688328,
            36.99277878678424
        ],
        "36": [
            23.752069860532053,
            89.4019917020355
        ],
        "37": [
            30.85997116164029,
            96.85442161334595
        ],
        "38": [
            98.10839804570843,
            49.20865303997991
        ],
        "39": [
            38.062310294802145,
            3.202503889963282
        ],
        "40": [
            29.543395299619235,
            81.59881190068661
        ]
    },
    "distance_matrix_str_keys": {
        "0,0": 0.0,
        "0,1": 113.23730231288211,
        "0,2": 80.0370572178126,
        "0,3": 85.57382344916599,
        "0,4": 33.86485299997115,
        "0,5": 30.80584921481736,
        "0,6": 86.9340189134361,
        "0,7": 36.31479482178541,
        "0,8": 55.33252492560091,
        "0,9": 130.02194471204902,
        "0,10": 41.64567756621596,
        "0,11": 85.26277452825023,
        "0,12": 92.56591114836327,
        "0,13": 74.27540734934325,
        "0,14": 76.61992499698212,
        "0,15": 64.14640720706981,
        "0,16": 97.68973760623317,
        "0,17": 90.73681382774934,
        "0,18": 79.25246993066882,
        "0,19": 133.60060578522913,
        "0,20": 95.93289444506378,
        "0,21": 49.884779421012425,
        "0,22": 132.54189537532704,
        "0,23": 86.68793083252046,
        "0,24": 52.60554955253391,
        "0,25": 74.00926854109697,
        "0,26": 83.886033974011,
        "0,27": 121.18496067458129,
        "0,28": 79.18452125249306,
        "0,29": 49.58063621102762,
        "0,30": 62.82020645226539,
        "0,31": 109.25107571255649,
        "0,32": 12.488576295335166,
        "0,33": 84.70181622203314,
        "0,34": 67.36733811767769,
        "0,35": 100.04268182596036,
        "0,36": 26.009202266569414,
        "0,37": 31.019872396318064,
        "0,38": 110.47632639216562,
        "0,39": 104.01199314574438,
        "0,40": 34.80540086388715,
        "1,0": 113.23730231288211,
        "1,1": 0.0,
        "1,2": 51.09811204801746,
        "1,3": 72.61050946786632,
        "1,4": 87.0986387275862,
        "1,5": 83.44740812195835,
        "1,6": 82.88135295761333,
        "1,7": 84.10313968892444,
        "1,8": 74.80082296265873,
        "1,9": 25.28826108862097,
        "1,10": 71.6975748276908,
        "1,11": 32.04655698092513,
        "1,12": 58.094667712697465,
        "1,13": 84.05283175297818,
        "1,14": 57.61833190235328,
        "1,15": 63.005877135893094,
        "1,16": 42.077159844919024,
        "1,17": 32.467814428714405,
        "1,18": 35.01623205631575,
        "1,19": 25.866552955811414,
        "1,20": 25.43431716398696,
        "1,21": 66.24497766309166,
        "1,22": 33.21113152665602,
        "1,23": 91.40675794151514,
        "1,24": 92.1968365486409,
        "1,25": 52.43512523841865,
        "1,26": 54.6116652647215,
        "1,27": 22.770783080367803,
        "1,28": 34.96263330862661,
        "1,29": 77.12445421542549,
        "1,30": 54.3805231461974,
        "1,31": 43.51762424396672,
        "1,32": 102.601932351428,
        "1,33": 80.15870887847787,
        "1,34": 69.05705320850778,
        "1,35": 14.395655582249153,
        "1,36": 87.94957876356474,
        "1,37": 87.79551333026866,
        "1,38": 16.93207728115389,
        "1,39": 61.61060725329948,
        "1,40": 78.55541643109187,
        "2,0": 80.0370572178126,
        "2,1": 51.09811204801746,
        "2,2": 0.0,
        "2,3": 87.17283268857697,
        "2,4": 67.94676790714666,
        "2,5": 50.13044007555055,
        "2,6": 96.18611732676281,
        "2,7": 65.81703734787415,
        "2,8": 27.94567625227882,
        "2,9": 75.85966323742093,
        "2,10": 46.79355751962637,
        "2,11": 21.379716916776335,
        "2,12": 79.53974269963432,
        "2,13": 90.23014504093025,
        "2,14": 67.72704197734794,
        "2,15": 62.982509269093036,
        "2,16": 17.95277466064034,
        "2,17": 18.647885823322905,
        "2,18": 25.531996782203215,
        "2,19": 76.93766040895399,
        "2,20": 53.37246242218328,
        "2,21": 51.29825952512156,
        "2,22": 82.78843916033104,
        "2,23": 102.69914818882901,
        "2,24": 85.33687421825577,
        "2,25": 6.414413080659356,
        "2,26": 6.646451664917402,
        "2,27": 70.77019151809675,
        "2,28": 25.94505998257508,
        "2,29": 32.46581561719733,
        "2,30": 48.64185780825726,
        "2,31": 78.7104508694765,
        "2,32": 73.29130792911734,
        "2,33": 92.80942850897395,
        "2,34": 18.781939457169315,
        "2,35": 45.83097457297467,
        "2,36": 54.816133673276134,
        "2,37": 49.34908587933065,
        "2,38": 39.08051302136603,
        "2,39": 89.15121970132788,
        "2,40": 48.6437481313047,
        "3,0": 85.57382344916599,
        "3,1": 72.61050946786632,
        "3,2": 87.17283268857697,
        "3,3": 0.0,
        "3,4": 52.036870901967184,
        "3,5": 71.14663761148842,
        "3,6": 10.308319235535517,
        "3,7": 50.05113726124195,
        "3,8": 88.78586033378252,
        "3,9": 71.70089098499145,
        "3,10": 57.76573990696356,
        "3,11": 70.84645517299835,
        "3,12": 15.789719877431196,
        "3,13": 15.89191514375396,
        "3,14": 19.453802255783042,
        "3,15": 27.276419330861433,
        "3,16": 94.00523277574723,
        "3,17": 78.99087816739656,
        "3,18": 63.3184651588906,
        "3,19": 76.64596083126162,
        "3,20": 47.456020840298066,
        "3,21": 45.58851014938835,
        "3,22": 68.6762104481483,
        "3,23": 18.80386976061795,
        "3,24": 36.60014196204888,
        "3,25": 82.53312192848057,
        "3,26": 93.79708759549347,
        "3,27": 62.79700647559201,
        "3,28": 62.89169951713609,
        "3,29": 85.9859313188545,
        "3,30": 40.069269279154135,
        "3,31": 37.64397712115049,
        "3,32": 73.30526817357641,
        "3,33": 7.616415433611543,
        "3,34": 93.44550222712657,
        "3,35": 60.14101781199581,
        "3,36": 72.41865101317768,
        "3,37": 80.42757631025292,
        "3,38": 83.5738528103572,
        "3,39": 21.985350123403492,
        "3,40": 65.1282939312668,
        "4,0": 33.86485299997115,
        "4,1": 87.0986387275862,
        "4,2": 67.94676790714666,
        "4,3": 52.036870901967184,
        "4,4": 0.0,
        "4,5": 25.57112283065848,
        "4,6": 54.47298220100029,
        "4,7": 3.030545062458575,
        "4,8": 53.22864999841789,
        "4,9": 100.26677572949488,
        "4,10": 21.181764936706443,
        "4,11": 64.64306964429267,
        "4,12": 58.770007930452316,
        "4,13": 42.28217132736588,
        "4,14": 43.089889466983784,
        "4,15": 30.792302975018128,
        "4,16": 83.08691715501965,
        "4,17": 71.99175291714707,
        "4,18": 56.9441317038308,
        "4,19": 104.30210026186005,
        "4,20": 66.23439644592088,
        "4,21": 20.930936182180155,
        "4,22": 101.65332213804868,
        "4,23": 55.68632509159915,
        "4,24": 23.710871535576466,
        "4,25": 61.56585828950078,
        "4,26": 73.68109174347275,
        "4,27": 91.045343348553,
        "4,28": 56.7228029028053,
        "4,29": 48.136787263726376,
        "4,30": 33.008935447552844,
        "4,31": 76.3148143392409,
        "4,32": 21.418563148709225,
        "4,33": 51.920087228488,
        "4,34": 63.079450508650076,
        "4,35": 72.94521230427489,
        "4,36": 24.285568297923486,
        "4,37": 34.36331517656239,
        "4,38": 88.38201859885841,
        "4,39": 70.1558360711169,
        "4,40": 22.19556396127441,
        "5,0": 30.80584921481736,
        "5,1": 83.44740812195835,
        "5,2": 50.13044007555055,
        "5,3": 71.14663761148842,
        "5,4": 25.57112283065848,
        "5,5": 0.0,
        "5,6": 75.96606427362092,
        "5,7": 25.323318439744575,
        "5,8": 29.223620040390312,
        "5,9": 102.00147099332425,
        "5,10": 14.67322247004677,
        "5,11": 54.54646848963463,
        "5,12": 73.29171213794447,
        "5,13": 64.92027706584925,
        "5,14": 56.71547166673114,
        "5,15": 44.837172547003334,
        "5,16": 67.41210626132356,
        "5,17": 59.93388621815219,
        "5,18": 48.87755555991586,
        "5,19": 105.19430596252312,
        "5,20": 68.60434427337027,
        "5,21": 26.632481429715874,
        "5,22": 105.51062196235598,
        "5,23": 78.78510667842062,
        "5,24": 49.02277952469403,
        "5,25": 43.89022510374956,
        "5,26": 54.653265376365304,
        "5,27": 93.62432304591121,
        "5,28": 48.84565304594875,
        "5,29": 23.63344056972233,
        "5,30": 37.83520007943291,
        "5,31": 85.88790685196064,
        "5,32": 23.194557467670222,
        "5,33": 72.98068407250132,
        "5,34": 40.40359946864038,
        "5,35": 70.88177610503558,
        "5,36": 4.810132147340206,
        "5,37": 9.406153126175601,
        "5,38": 79.77725631278867,
        "5,39": 85.16625866660527,
        "5,40": 6.332731838838064,
        "6,0": 86.9340189134361,
        "6,1": 82.88135295761333,
        "6,2": 96.18611732676281,
        "6,3": 10.308319235535517,
        "6,4": 54.47298220100029,
        "6,5": 75.96606427362092,
        "6,6": 0.0,
        "6,7": 52.95653533748031,
        "6,8": 95.88000512274202,
        "6,9": 81.13375080147766,
        "6,10": 63.49980239524316,
        "6,11": 80.57975545345303,
        "6,12": 25.46848098250126,
        "6,13": 12.778751947347786,
        "6,14": 28.89414868959944,
        "6,15": 34.400932963414505,
        "6,16": 103.74562299058535,
        "6,17": 88.79877260548062,
        "6,18": 72.88099435088986,
        "6,19": 86.10265539128022,
        "6,20": 57.76124492671449,
        "6,21": 51.767446722047076,
        "6,22": 77.59132055241561,
        "6,23": 8.666458221240854,
        "6,24": 35.256936258513264,
        "6,25": 91.29524717911366,
        "6,26": 102.829739625717,
        "6,27": 72.41467558703962,
        "6,28": 72.4583195905877,
        "6,29": 92.65843978699013,
        "6,30": 48.18353889238971,
        "6,31": 46.555434736672034,
        "6,32": 75.06173883480167,
        "6,33": 3.383805468375304,
        "6,34": 101.35329673103465,
        "6,35": 70.44794805596078,
        "6,36": 76.64877011019038,
        "6,37": 85.36186411842101,
        "6,38": 93.85658487130533,
        "6,39": 28.881099580856986,
        "6,40": 70.24890797471309,
        "7,0": 36.31479482178541,
        "7,1": 84.10313968892444,
        "7,2": 65.81703734787415,
        "7,3": 50.05113726124195,
        "7,4": 3.030545062458575,
        "7,5": 25.323318439744575,
        "7,6": 52.95653533748031,
        "7,7": 0.0,
        "7,8": 52.130062225111494,
        "7,9": 97.24672344646076,
        "7,10": 19.23891918230628,
        "7,11": 61.935805580839755,
        "7,12": 56.251116363746924,
        "7,13": 41.0031441948545,
        "7,14": 40.40721843900857,
        "7,15": 28.03024817584908,
        "7,16": 80.68963504880745,
        "7,17": 69.36961246291352,
        "7,18": 54.16940063361291,
        "7,19": 101.27601153001227,
        "7,20": 63.20668415267876,
        "7,21": 17.98909781915671,
        "7,22": 98.66728587073219,
        "7,23": 54.59944592709463,
        "7,24": 23.709903004991347,
        "7,25": 59.46215677314306,
        "7,26": 71.65479614372144,
        "7,27": 88.03139213011558,
        "7,28": 53.94005619413981,
        "7,29": 47.20793673474171,
        "7,30": 29.981733872131965,
        "7,31": 73.50152439834723,
        "7,32": 23.82823398810657,
        "7,33": 50.29691010560773,
        "7,34": 61.63711678937964,
        "7,35": 69.93612369537055,
        "7,36": 24.609349282423615,
        "7,37": 34.41123685712636,
        "7,38": 85.53333271132756,
        "7,39": 67.7262238934463,
        "7,40": 21.298382476112486,
        "8,0": 55.33252492560091,
        "8,1": 74.80082296265873,
        "8,2": 27.94567625227882,
        "8,3": 88.78586033378252,
        "8,4": 53.22864999841789,
        "8,5": 29.223620040390312,
        "8,6": 95.88000512274202,
        "8,7": 52.130062225111494,
        "8,8": 0.0,
        "8,9": 97.84199325858717,
        "8,10": 34.16500712514327,
        "8,11": 42.75426874196198,
        "8,12": 85.97518477525067,
        "8,13": 86.8164019122069,
        "8,14": 70.7745976290815,
        "8,15": 61.64676221833391,
        "8,16": 45.69157013002295,
        "8,17": 44.21778797044209,
        "8,18": 41.528351332196785,
        "8,19": 99.8274225097408,
        "8,20": 69.04218307704403,
        "8,21": 44.41670921915644,
        "8,22": 103.51035442111694,
        "8,23": 100.53327575683296,
        "8,24": 75.20090745269547,
        "8,25": 23.568353485719065,
        "8,26": 29.90326524450448,
        "8,27": 91.14538374941986,
        "8,28": 41.75890399108578,
        "8,29": 5.827609459762155,
        "8,30": 49.17817140279868,
        "8,31": 91.98499382219302,
        "8,32": 51.259470415342875,
        "8,33": 92.58717047253741,
        "8,34": 12.043545603591957,
        "8,35": 65.83993618467525,
        "8,36": 32.97039361327087,
        "8,37": 24.548019531433194,
        "8,38": 65.58129321863878,
        "8,39": 97.25117493841101,
        "8,40": 31.05154465393682,
        "9,0": 130.02194471204902,
        "9,1": 25.28826108862097,
        "9,2": 75.85966323742093,
        "9,3": 71.70089098499145,
        "9,4": 100.26677572949488,
        "9,5": 102.00147099332425,
        "9,6": 81.13375080147766,
        "9,7": 97.24672344646076,
        "9,8": 97.84199325858717,
        "9,9": 0.0,
        "9,10": 88.67755717556632,
        "9,11": 55.646129681160936,
        "9,12": 55.911694877989696,
        "9,13": 86.0600427632138,
        "9,14": 62.470436434004355,
        "9,15": 71.7141052609827,
        "9,16": 67.30624857819598,
        "9,17": 57.38088353910198,
        "9,18": 56.51190492333612,
        "9,19": 4.97945885702513,
        "9,20": 34.18604204108312,
        "9,21": 80.55903882952283,
        "9,22": 8.89536645540977,
        "9,23": 89.74477835630844,
        "9,24": 99.61299807377888,
        "9,25": 76.55366760791473,
        "9,26": 79.72352789639962,
        "9,27": 9.436549028490779,
        "9,28": 56.33307336859867,
        "9,29": 99.4596436109308,
        "9,30": 67.65140268450402,
        "9,31": 34.92013672901265,
        "9,32": 118.44531748663432,
        "9,33": 79.16403755777172,
        "9,34": 93.26487153618194,
        "9,35": 32.153416238750275,
        "9,36": 106.11670634213804,
        "9,37": 107.72238682013759,
        "9,38": 41.3836013635152,
        "9,39": 54.31008952046852,
        "9,40": 96.4196629054444,
        "10,0": 41.64567756621596,
        "10,1": 71.6975748276908,
        "10,2": 46.79355751962637,
        "10,3": 57.76573990696356,
        "10,4": 21.181764936706443,
        "10,5": 14.67322247004677,
        "10,6": 63.49980239524316,
        "10,7": 19.23891918230628,
        "10,8": 34.16500712514327,
        "10,9": 88.67755717556632,
        "10,10": 0.0,
        "10,11": 45.46981797111137,
        "10,12": 58.85600609418311,
        "10,13": 53.39442342814237,
        "10,14": 42.33525252561165,
        "10,15": 30.838641630183304,
        "10,16": 62.32119458325635,
        "10,17": 52.168918732279145,
        "10,18": 38.52705142172886,
        "10,19": 92.11604422984962,
        "10,20": 54.834488923744054,
        "10,21": 12.329286879148556,
        "10,22": 91.71029048766995,
        "10,23": 67.26881703363816,
        "10,24": 41.216006610780184,
        "10,25": 40.40163239764728,
        "10,26": 52.499616065249356,
        "10,27": 80.03806255531471,
        "10,28": 38.394182698292376,
        "10,29": 29.93370421063395,
        "10,30": 23.19723335918194,
        "10,31": 71.25617651957123,
        "10,32": 30.996146191609125,
        "10,33": 60.35493600722723,
        "10,34": 42.76446151572021,
        "10,35": 58.39725581788055,
        "10,36": 17.880393387296373,
        "10,37": 23.21221817213,
        "10,38": 70.23296482282001,
        "10,39": 70.71999017888514,
        "10,40": 8.372624179295412,
        "11,0": 85.26277452825023,
        "11,1": 32.04655698092513,
        "11,2": 21.379716916776335,
        "11,3": 70.84645517299835,
        "11,4": 64.64306964429267,
        "11,5": 54.54646848963463,
        "11,6": 80.57975545345303,
        "11,7": 61.935805580839755,
        "11,8": 42.75426874196198,
        "11,9": 55.646129681160936,
        "11,10": 45.46981797111137,
        "11,11": 0.0,
        "11,12": 61.02940229101449,
        "11,13": 76.78225131498132,
        "11,14": 51.69522091628173,
        "11,15": 50.25961087509447,
        "11,16": 23.167475221957105,
        "11,17": 8.380573063431054,
        "11,18": 8.330838586273131,
        "11,19": 57.285486213190595,
        "11,20": 32.27046463635607,
        "11,21": 44.52641992879392,
        "11,22": 62.050229090726155,
        "11,23": 87.9420010721895,
        "11,24": 76.87495871870601,
        "11,25": 20.963927146650594,
        "11,26": 26.79609526773873,
        "11,27": 49.85000656339256,
        "11,28": 8.687783561786285,
        "11,29": 45.21221706671208,
        "11,30": 36.81823502696171,
        "11,31": 57.762051230626014,
        "11,32": 75.97136916784203,
        "11,33": 77.28882035069843,
        "11,34": 37.65619077554776,
        "11,35": 24.60265282184288,
        "11,36": 59.29711817289312,
        "11,37": 57.387480652548625,
        "11,38": 25.231395986232787,
        "11,39": 69.64346183857138,
        "11,40": 50.69022910249477,
        "12,0": 92.56591114836327,
        "12,1": 58.094667712697465,
        "12,2": 79.53974269963432,
        "12,3": 15.789719877431196,
        "12,4": 58.770007930452316,
        "12,5": 73.29171213794447,
        "12,6": 25.46848098250126,
        "12,7": 56.251116363746924,
        "12,8": 85.97518477525067,
        "12,9": 55.911694877989696,
        "12,10": 58.85600609418311,
        "12,11": 61.02940229101449,
        "12,12": 0.0,
        "12,13": 30.769996171198784,
        "12,14": 16.592311259339063,
        "12,15": 28.913337292750448,
        "12,16": 83.7914455843647,
        "12,17": 68.70493531833382,
        "12,18": 54.38454886353628,
        "12,19": 60.85849999526141,
        "12,20": 33.69072795728475,
        "12,21": 46.661099226576816,
        "12,22": 53.01500562282892,
        "12,23": 34.1348967346287,
        "12,24": 48.50940608208123,
        "12,25": 75.73321421505608,
        "12,26": 85.99378522825268,
        "12,27": 47.03777003824792,
        "12,28": 53.95509285613891,
        "12,29": 84.14328508987273,
        "12,30": 37.22182288264183,
        "12,31": 22.1243029660084,
        "12,32": 80.0788708991624,
        "12,33": 23.283667104997967,
        "12,34": 88.66465575348303,
        "12,35": 46.598277096111254,
        "12,36": 75.51762750665057,
        "12,37": 82.0668457072346,
        "12,38": 70.35798090295101,
        "12,39": 11.874776037833206,
        "12,40": 66.98412343882097,
        "13,0": 74.27540734934325,
        "13,1": 84.05283175297818,
        "13,2": 90.23014504093025,
        "13,3": 15.89191514375396,
        "13,4": 42.28217132736588,
        "13,5": 64.92027706584925,
        "13,6": 12.778751947347786,
        "13,7": 41.0031441948545,
        "13,8": 86.8164019122069,
        "13,9": 86.0600427632138,
        "13,10": 53.39442342814237,
        "13,11": 76.78225131498132,
        "13,12": 30.769996171198784,
        "13,13": 0.0,
        "13,14": 26.66860467311209,
        "13,15": 27.251116133110532,
        "13,16": 99.69692015357546,
        "13,17": 85.15287992975489,
        "13,18": 68.66926659892478,
        "13,19": 90.93768365959878,
        "13,20": 58.6269191305939,
        "13,21": 42.40724154778174,
        "13,22": 83.69557297191534,
        "13,23": 13.903300387240444,
        "13,24": 22.504421483451278,
        "13,25": 84.86525478207899,
        "13,26": 96.8508312972077,
        "13,27": 76.89816725045644,
        "13,28": 68.26711242456642,
        "13,29": 83.13507745422233,
        "13,30": 41.59087540198881,
        "13,31": 52.89429266535775,
        "13,32": 62.51710582639401,
        "13,33": 11.194779647675022,
        "13,34": 93.34198792499593,
        "13,35": 70.58865660859739,
        "13,36": 65.19221903670172,
        "13,37": 74.31925806669739,
        "13,38": 93.05276036497438,
        "13,39": 37.85486571381402,
        "13,40": 59.50040444361931,
        "14,0": 76.61992499698212,
        "14,1": 57.61833190235328,
        "14,2": 67.72704197734794,
        "14,3": 19.453802255783042,
        "14,4": 43.089889466983784,
        "14,5": 56.71547166673114,
        "14,6": 28.89414868959944,
        "14,7": 40.40721843900857,
        "14,8": 70.7745976290815,
        "14,9": 62.470436434004355,
        "14,10": 42.33525252561165,
        "14,11": 51.69522091628173,
        "14,12": 16.592311259339063,
        "14,13": 26.66860467311209,
        "14,14": 0.0,
        "14,15": 12.515476521494325,
        "14,16": 74.85773061795662,
        "14,17": 59.93891094263719,
        "14,18": 43.99727749102352,
        "14,19": 67.12323507054208,
        "14,20": 32.302231896805516,
        "14,21": 30.093824067182357,
        "14,22": 61.776106614469434,
        "14,23": 36.36131333145391,
        "14,24": 37.1927366112218,
        "14,25": 63.15571512323121,
        "14,26": 74.34785363804687,
        "14,27": 53.05290187255565,
        "14,28": 43.573514331618625,
        "14,29": 68.50967188787807,
        "14,30": 21.596501158277416,
        "14,31": 33.65654420188018,
        "14,32": 64.1432063769424,
        "14,33": 25.5937921351115,
        "14,34": 74.59092887305557,
        "14,35": 43.96058083602212,
        "14,36": 58.92899719002616,
        "14,37": 65.54505025993348,
        "14,38": 66.43603635320554,
        "14,39": 28.46354039237973,
        "14,40": 50.415917131013885,
        "15,0": 64.14640720706981,
        "15,1": 63.005877135893094,
        "15,2": 62.982509269093036,
        "15,3": 27.276419330861433,
        "15,4": 30.792302975018128,
        "15,5": 44.837172547003334,
        "15,6": 34.400932963414505,
        "15,7": 28.03024817584908,
        "15,8": 61.64676221833391,
        "15,9": 71.7141052609827,
        "15,10": 30.838641630183304,
        "15,11": 50.25961087509447,
        "15,12": 28.913337292750448,
        "15,13": 27.251116133110532,
        "15,14": 12.515476521494325,
        "15,15": 0.0,
        "15,16": 72.8527017621463,
        "15,17": 58.63139053392287,
        "15,18": 41.99551924158649,
        "15,19": 76.11169016566983,
        "15,20": 38.977738269516934,
        "15,21": 18.522939283628485,
        "15,22": 72.05834664290326,
        "15,23": 39.990717369368134,
        "15,24": 29.190979497315524,
        "15,25": 57.671619499089324,
        "15,26": 69.60700358091246,
        "15,27": 62.30239840390622,
        "15,28": 41.611847919129644,
        "15,29": 58.72208222302552,
        "15,30": 14.340812115063962,
        "15,31": 45.54555332080218,
        "15,32": 51.68083277261732,
        "15,33": 31.058773488779277,
        "15,34": 66.97539006269372,
        "15,35": 48.68845305724829,
        "15,36": 46.760567378610524,
        "15,37": 53.89192109006459,
        "15,38": 68.99987249178496,
        "15,39": 40.71438523045109,
        "15,40": 38.61656466637471,
        "16,0": 97.68973760623317,
        "16,1": 42.077159844919024,
        "16,2": 17.95277466064034,
        "16,3": 94.00523277574723,
        "16,4": 83.08691715501965,
        "16,5": 67.41210626132356,
        "16,6": 103.74562299058535,
        "16,7": 80.68963504880745,
        "16,8": 45.69157013002295,
        "16,9": 67.30624857819598,
        "16,10": 62.32119458325635,
        "16,11": 23.167475221957105,
        "16,12": 83.7914455843647,
        "16,13": 99.69692015357546,
        "16,14": 74.85773061795662,
        "16,15": 72.8527017621463,
        "16,16": 0.0,
        "16,17": 15.099928938502867,
        "16,18": 31.04614071834629,
        "16,19": 67.3158684618404,
        "16,20": 52.884826654957756,
        "16,21": 64.56998582362962,
        "16,22": 75.26212764973103,
        "16,23": 111.06747741469312,
        "16,24": 98.15335137841292,
        "16,25": 23.691420821701964,
        "16,26": 16.661045874377557,
        "16,27": 64.2076781938196,
        "16,28": 31.454844198041737,
        "16,29": 50.38824967243076,
        "16,30": 58.93174738394997,
        "16,31": 78.07847686765345,
        "16,32": 90.41560906793362,
        "16,33": 100.45143889161638,
        "16,34": 35.41707319682669,
        "16,35": 42.05682615454832,
        "16,36": 72.16847282715429,
        "16,37": 67.18987115173272,
        "16,38": 26.548156363132012,
        "16,39": 91.77861645080131,
        "16,40": 65.31295932213783,
        "17,0": 90.73681382774934,
        "17,1": 32.467814428714405,
        "17,2": 18.647885823322905,
        "17,3": 78.99087816739656,
        "17,4": 71.99175291714707,
        "17,5": 59.93388621815219,
        "17,6": 88.79877260548062,
        "17,7": 69.36961246291352,
        "17,8": 44.21778797044209,
        "17,9": 57.38088353910198,
        "17,10": 52.168918732279145,
        "17,11": 8.380573063431054,
        "17,12": 68.70493531833382,
        "17,13": 85.15287992975489,
        "17,14": 59.93891094263719,
        "17,15": 58.63139053392287,
        "17,16": 15.099928938502867,
        "17,17": 0.0,
        "17,18": 16.654424922770307,
        "17,19": 58.324933300415935,
        "17,20": 38.3857500880655,
        "17,21": 52.27872973325757,
        "17,22": 64.56109986942282,
        "17,23": 96.23400713962039,
        "17,24": 85.03384246034624,
        "17,25": 20.798009345272092,
        "17,26": 22.44445850490804,
        "17,27": 52.760079416454104,
        "17,28": 17.028440397423427,
        "17,29": 47.59091515443361,
        "17,30": 45.105143749848295,
        "17,31": 63.826763748688975,
        "17,32": 82.0755080684954,
        "17,33": 85.52360888863038,
        "17,34": 36.974459766279885,
        "17,35": 28.66409294752991,
        "17,36": 64.73803116571305,
        "17,37": 61.70875415595698,
        "17,38": 21.37547926065889,
        "17,39": 76.8513624663772,
        "17,40": 56.65942999845637,
        "18,0": 79.25246993066882,
        "18,1": 35.01623205631575,
        "18,2": 25.531996782203215,
        "18,3": 63.3184651588906,
        "18,4": 56.9441317038308,
        "18,5": 48.87755555991586,
        "18,6": 72.88099435088986,
        "18,7": 54.16940063361291,
        "18,8": 41.528351332196785,
        "18,9": 56.51190492333612,
        "18,10": 38.52705142172886,
        "18,11": 8.330838586273131,
        "18,12": 54.38454886353628,
        "18,13": 68.66926659892478,
        "18,14": 43.99727749102352,
        "18,15": 41.99551924158649,
        "18,16": 31.04614071834629,
        "18,17": 16.654424922770307,
        "18,18": 0.0,
        "18,19": 58.811817801206075,
        "18,20": 28.665476984368222,
        "18,21": 36.53522642481048,
        "18,22": 61.98328506304389,
        "18,23": 80.06974220025127,
        "18,24": 68.57212147943842,
        "18,25": 22.98924530035,
        "18,26": 31.77402033125133,
        "18,27": 49.61758191868345,
        "18,28": 0.43095829573849637,
        "18,29": 42.94806902728631,
        "18,30": 28.4873980141055,
        "18,31": 53.538597389076905,
        "18,32": 69.39594793947894,
        "18,33": 69.55992003849771,
        "18,34": 38.792721544725204,
        "18,35": 24.381892678081197,
        "18,36": 53.513831958355446,
        "18,37": 52.796778514458374,
        "18,38": 31.7313502826985,
        "18,39": 63.68165361875742,
        "18,40": 44.45818105786357,
        "19,0": 133.60060578522913,
        "19,1": 25.866552955811414,
        "19,2": 76.93766040895399,
        "19,3": 76.64596083126162,
        "19,4": 104.30210026186005,
        "19,5": 105.19430596252312,
        "19,6": 86.10265539128022,
        "19,7": 101.27601153001227,
        "19,8": 99.8274225097408,
        "19,9": 4.97945885702513,
        "19,10": 92.11604422984962,
        "19,11": 57.285486213190595,
        "19,12": 60.85849999526141,
        "19,13": 90.93768365959878,
        "19,14": 67.12323507054208,
        "19,15": 76.11169016566983,
        "19,16": 67.3158684618404,
        "19,17": 58.324933300415935,
        "19,18": 58.811817801206075,
        "19,19": 0.0,
        "19,20": 38.07909114994489,
        "19,21": 84.37015835638738,
        "19,22": 12.186841581188947,
        "19,23": 94.71694187175119,
        "19,24": 104.21248799919577,
        "19,25": 78.0294924341715,
        "19,26": 80.45559854690849,
        "19,27": 14.106827760202691,
        "19,28": 58.6635152225798,
        "19,29": 101.69658207360874,
        "19,30": 71.52551277926706,
        "19,31": 39.89632286822867,
        "19,32": 122.15441043345625,
        "19,33": 84.11941947404122,
        "19,34": 94.71575522758907,
        "19,35": 34.6792439243681,
        "19,36": 109.39609743865529,
        "19,37": 110.63526102134831,
        "19,38": 40.96814820366676,
        "19,39": 59.269252155310404,
        "19,40": 99.72832266718466,
        "20,0": 95.93289444506378,
        "20,1": 25.43431716398696,
        "20,2": 53.37246242218328,
        "20,3": 47.456020840298066,
        "20,4": 66.23439644592088,
        "20,5": 68.60434427337027,
        "20,6": 57.76124492671449,
        "20,7": 63.20668415267876,
        "20,8": 69.04218307704403,
        "20,9": 34.18604204108312,
        "20,10": 54.834488923744054,
        "20,11": 32.27046463635607,
        "20,12": 33.69072795728475,
        "20,13": 58.6269191305939,
        "20,14": 32.302231896805516,
        "20,15": 38.977738269516934,
        "20,16": 52.884826654957756,
        "20,17": 38.3857500880655,
        "20,18": 28.665476984368222,
        "20,19": 38.07909114994489,
        "20,20": 0.0,
        "20,21": 46.37305770631941,
        "20,22": 36.91336858404843,
        "20,23": 66.19778239566246,
        "20,24": 67.93591842878055,
        "20,25": 51.58261671806096,
        "20,26": 59.050513916598355,
        "20,27": 25.254615856407877,
        "20,28": 28.321390606971434,
        "20,29": 69.45128154515287,
        "20,30": 33.473470398069836,
        "20,31": 25.51904549976617,
        "20,32": 84.27672086694582,
        "20,33": 54.93500556083654,
        "20,34": 67.41079708720584,
        "20,35": 12.90881377214621,
        "20,36": 72.50959362694005,
        "20,37": 75.04265137252189,
        "20,38": 36.681117011900064,
        "20,39": 39.531537391662184,
        "20,40": 62.79265257457404,
        "21,0": 49.884779421012425,
        "21,1": 66.24497766309166,
        "21,2": 51.29825952512156,
        "21,3": 45.58851014938835,
        "21,4": 20.930936182180155,
        "21,5": 26.632481429715874,
        "21,6": 51.767446722047076,
        "21,7": 17.98909781915671,
        "21,8": 44.41670921915644,
        "21,9": 80.55903882952283,
        "21,10": 12.329286879148556,
        "21,11": 44.52641992879392,
        "21,12": 46.661099226576816,
        "21,13": 42.40724154778174,
        "21,14": 30.093824067182357,
        "21,15": 18.522939283628485,
        "21,16": 64.56998582362962,
        "21,17": 52.27872973325757,
        "21,18": 36.53522642481048,
        "21,19": 84.37015835638738,
        "21,20": 46.37305770631941,
        "21,21": 0.0,
        "21,22": 82.71268715766651,
        "21,23": 56.12174112407477,
        "21,24": 34.03928276342809,
        "21,25": 45.23774777648983,
        "21,26": 57.60881343549659,
        "21,27": 71.5439314490454,
        "21,28": 36.27794771170135,
        "21,29": 40.91974040038763,
        "21,30": 12.966752452471601,
        "21,31": 60.18114205304942,
        "21,32": 37.96816690219215,
        "21,33": 48.54718548904942,
        "21,34": 51.3139424254297,
        "21,35": 52.18479491330934,
        "21,36": 29.095630792681494,
        "21,37": 35.48490341197936,
        "21,38": 67.64086429716461,
        "21,39": 58.53518270578216,
        "21,40": 20.32356476652617,
        "22,0": 132.54189537532704,
        "22,1": 33.21113152665602,
        "22,2": 82.78843916033104,
        "22,3": 68.6762104481483,
        "22,4": 101.65332213804868,
        "22,5": 105.51062196235598,
        "22,6": 77.59132055241561,
        "22,7": 98.66728587073219,
        "22,8": 103.51035442111694,
        "22,9": 8.89536645540977,
        "22,10": 91.71029048766995,
        "22,11": 62.050229090726155,
        "22,12": 53.01500562282892,
        "22,13": 83.69557297191534,
        "22,14": 61.776106614469434,
        "22,15": 72.05834664290326,
        "22,16": 75.26212764973103,
        "22,17": 64.56109986942282,
        "22,18": 61.98328506304389,
        "22,19": 12.186841581188947,
        "22,20": 36.91336858404843,
        "22,21": 82.71268715766651,
        "22,22": 0.0,
        "22,23": 86.06637887155024,
        "22,24": 98.89955822209981,
        "22,25": 83.01131513063413,
        "22,26": 86.99989902349354,
        "22,27": 12.366961973967959,
        "22,28": 61.75914053156831,
        "22,29": 104.73707852197637,
        "22,30": 69.74850007109559,
        "22,31": 31.068167983873895,
        "22,32": 120.67198510248677,
        "22,33": 75.92050109579465,
        "22,34": 99.68013726030411,
        "22,35": 37.74802431819697,
        "22,36": 109.42001987255475,
        "22,37": 111.77819188591603,
        "22,38": 49.74325093639035,
        "22,39": 49.65689822015906,
        "22,40": 99.70373657454917,
        "23,0": 86.68793083252046,
        "23,1": 91.40675794151514,
        "23,2": 102.69914818882901,
        "23,3": 18.80386976061795,
