{
    "num_robots": 7,
    "num_tasks": 60,
    "num_nodes": 61,
    "robot_capacity": [
        103,
        103,
        135,
        124,
        108,
        103,
        127
    ],
    "robot_speed": [
        1.17,
        1.11,
        1.08,
        0.95,
        1.05,
        0.91,
        0.88
    ],
    "task_demand": {
        "0": 0,
        "1": 12,
        "2": 5,
        "3": 15,
        "4": 11,
        "5": 15,
        "6": 10,
        "7": 10,
        "8": 12,
        "9": 14,
        "10": 5,
        "11": 14,
        "12": 10,
        "13": 14,
        "14": 6,
        "15": 14,
        "16": 8,
        "17": 14,
        "18": 14,
        "19": 15,
        "20": 9,
        "21": 14,
        "22": 15,
        "23": 8,
        "24": 5,
        "25": 8,
        "26": 7,
        "27": 10,
        "28": 12,
        "29": 9,
        "30": 15,
        "31": 13,
        "32": 10,
        "33": 6,
        "34": 13,
        "35": 7,
        "36": 11,
        "37": 9,
        "38": 13,
        "39": 14,
        "40": 15,
        "41": 8,
        "42": 5,
        "43": 14,
        "44": 6,
        "45": 11,
        "46": 6,
        "47": 6,
        "48": 6,
        "49": 6,
        "50": 6,
        "51": 5,
        "52": 15,
        "53": 12,
        "54": 8,
        "55": 14,
        "56": 10,
        "57": 8,
        "58": 10,
        "59": 8,
        "60": 14
    },
    "task_service_time": {
        "0": 0,
        "1": 78,
        "2": 15,
        "3": 50,
        "4": 40,
        "5": 51,
        "6": 79,
        "7": 10,
        "8": 22,
        "9": 78,
        "10": 40,
        "11": 63,
        "12": 82,
        "13": 74,
        "14": 41,
        "15": 89,
        "16": 81,
        "17": 90,
        "18": 20,
        "19": 49,
        "20": 70,
        "21": 25,
        "22": 62,
        "23": 86,
        "24": 42,
        "25": 10,
        "26": 64,
        "27": 45,
        "28": 33,
        "29": 82,
        "30": 22,
        "31": 23,
        "32": 84,
        "33": 77,
        "34": 100,
        "35": 78,
        "36": 83,
        "37": 56,
        "38": 56,
        "39": 97,
        "40": 42,
        "41": 40,
        "42": 17,
        "43": 10,
        "44": 51,
        "45": 58,
        "46": 55,
        "47": 10,
        "48": 76,
        "49": 69,
        "50": 62,
        "51": 33,
        "52": 15,
        "53": 57,
        "54": 51,
        "55": 35,
        "56": 51,
        "57": 22,
        "58": 37,
        "59": 21,
        "60": 77
    },
    "task_precedence": [],
    "coordinates": {
        "0": [
            100,
            0
        ],
        "1": [
            16.941906383545557,
            56.355559175080685
        ],
        "2": [
            68.17885571133404,
            90.63574911409961
        ],
        "3": [
            32.151474995861975,
            93.6720707368368
        ],
        "4": [
            33.28011376822816,
            35.521757540447815
        ],
        "5": [
            53.91826286854919,
            75.29761723452604
        ],
        "6": [
            35.02342112236659,
            39.438449822327094
        ],
        "7": [
            19.621746248796313,
            50.92445491788773
        ],
        "8": [
            5.227172643616562,
            43.61263403582131
        ],
        "9": [
            60.131466596732416,
            91.80406586352139
        ],
        "10": [
            62.467529411934756,
            1.4694140451578908
        ],
        "11": [
            15.696655571174045,
            98.74218424181359
        ],
        "12": [
            22.86709710045497,
            38.11058749311999
        ],
        "13": [
            89.85585967138573,
            42.92877476525793
        ],
        "14": [
            80.81425122644744,
            5.480162301290436
        ],
        "15": [
            85.22844321358133,
            43.47146266004754
        ],
        "16": [
            24.425659174800728,
            0.05224597999815561
        ],
        "17": [
            11.710562592323503,
            76.58140416393904
        ],
        "18": [
            31.17139683855763,
            8.102669808703734
        ],
        "19": [
            9.918114646199161,
            23.841623917924835
        ],
        "20": [
            26.375465434027877,
            75.89982216968768
        ],
        "21": [
            4.091621170009308,
            33.39318152045472
        ],
        "22": [
            40.66012445890856,
            27.407994949853553
        ],
        "23": [
            68.64426184381936,
            5.40012494508384
        ],
        "24": [
            91.52785407334487,
            87.6848849017765
        ],
        "25": [
            45.39477264053014,
            10.25308389272216
        ],
        "26": [
            55.71376213895449,
            40.53377656634605
        ],
        "27": [
            8.770749520230915,
            16.9159624492941
        ],
        "28": [
            52.575430819383875,
            41.15431146658312
        ],
        "29": [
            17.042212054476735,
            10.893235839940907
        ],
        "30": [
            63.63089781244348,
            74.3359377262151
        ],
        "31": [
            73.73236574748987,
            19.850217728449937
        ],
        "32": [
            26.632982149812435,
            19.587356848268932
        ],
        "33": [
            53.974369652132424,
            37.201047422741205
        ],
        "34": [
            20.795303094457683,
            9.371524313235202
        ],
        "35": [
            64.76075924676884,
            80.84817664695065
        ],
        "36": [
            6.240255715959464,
            97.2292995942889
        ],
        "37": [
            57.895739910608945,
            22.264770976115745
        ],
        "38": [
            19.133249379028538,
            68.1001794277022
        ],
        "39": [
            85.36637103936448,
            30.311507057751275
        ],
        "40": [
            13.836288446055322,
            89.41603267043038
        ],
        "41": [
            61.354198117798035,
            79.29895100112833
        ],
        "42": [
            17.3363144685145,
            70.9294817321433
        ],
        "43": [
            28.515512663707476,
            56.49297847274928
        ],
        "44": [
            7.822205451955977,
            21.821332679195336
        ],
        "45": [
            3.7079496718564475,
            18.83145276873881
        ],
        "46": [
            40.1914026833219,
            80.48665805349603
        ],
        "47": [
            78.95525942336847,
            2.762953069610652
        ],
        "48": [
            19.823892865642744,
            72.98325269767606
        ],
        "49": [
            44.65354921491406,
            83.1358459411703
        ],
        "50": [
            41.08570361275772,
            48.76763733114211
        ],
        "51": [
            88.42285227157328,
            18.848707568114065
        ],
        "52": [
            45.35879462678638,
            87.60638950355666
        ],
        "53": [
            46.1103698635037,
            90.34556053492786
        ],
        "54": [
            38.17885597691982,
            72.86016269014816
        ],
        "55": [
            95.68903004295112,
            68.60835125945583
        ],
        "56": [
            13.392510756821386,
            80.41683193489155
        ],
        "57": [
            32.20792632809212,
            64.76145331985417
        ],
        "58": [
            81.15421882046864,
            94.75471800559842
        ],
        "59": [
            46.99249360058758,
            2.343298704874941
        ],
        "60": [
            39.63736964071754,
            26.63960328740216
        ]
    },
    "distance_matrix_str_keys": {
        "0,0": 0.0,
        "0,1": 100.37228683822906,
        "0,2": 96.05948282868333,
        "0,3": 115.66278217890186,
        "0,4": 75.5866289600412,
        "0,5": 88.27942941732987,
        "0,6": 76.00886216112913,
        "0,7": 95.15231886179585,
        "0,8": 104.32617434117547,
        "0,9": 100.08739413533173,
        "0,10": 37.56122370317679,
        "0,11": 129.8347905252268,
        "0,12": 86.03430472074146,
        "0,13": 44.111033606716404,
        "0,14": 19.953073318422867,
        "0,15": 45.91260127348808,
        "0,16": 75.57435888451722,
        "0,17": 116.87487420949212,
        "0,18": 69.30389506502642,
        "0,19": 93.18352375789985,
        "0,20": 105.74192685707139,
        "0,21": 101.55551044554424,
        "0,22": 65.36374389830665,
        "0,23": 31.817348486972936,
        "0,24": 88.09322503371261,
        "0,25": 55.55948689729409,
        "0,26": 60.03547206956538,
        "0,27": 92.78429785629882,
        "0,28": 62.791457335019544,
        "0,29": 83.66992989048681,
        "0,30": 82.7559256583156,
        "0,31": 32.92445524364089,
        "0,32": 75.93670954506239,
        "0,33": 59.1800353013378,
        "0,34": 79.7571907720701,
        "0,35": 88.19428414586018,
        "0,36": 135.07193027348302,
        "0,37": 47.62865465551147,
        "0,38": 105.72164297852935,
        "0,39": 33.65903380475524,
        "0,40": 124.17492535641345,
        "0,41": 88.21463389368998,
        "0,42": 108.92325869362693,
        "0,43": 91.11250488519717,
        "0,44": 94.7254789781373,
        "0,45": 98.11616874796411,
        "0,46": 100.2754727618322,
        "0,47": 21.22533899853174,
        "0,48": 108.4193863179126,
        "0,49": 99.87391298462248,
        "0,50": 76.47991088949853,
        "0,51": 22.120219856820963,
        "0,52": 103.24989494661286,
        "0,53": 105.1970177553465,
        "0,54": 95.55342566102631,
        "0,55": 68.74365661289376,
        "0,56": 118.18512618537027,
        "0,57": 93.75399238878863,
        "0,58": 96.61066220965084,
        "0,59": 53.059276130607145,
        "0,60": 65.97966055688326,
        "1,0": 100.37228683822906,
        "1,1": 0.0,
        "1,2": 61.64703073687799,
        "1,3": 40.29705960130886,
        "1,4": 26.47610830722915,
        "1,5": 41.54578802277638,
        "1,6": 24.76145722899251,
        "1,7": 6.056272381249595,
        "1,8": 17.309451975790548,
        "1,9": 55.874276172930585,
        "1,10": 71.30968573304716,
        "1,11": 42.40491285374257,
        "1,12": 19.1829840407403,
        "1,13": 74.13988888344248,
        "1,14": 81.65771514557728,
        "1,15": 69.49137396287773,
        "1,16": 56.79850026703323,
        "1,17": 20.891427987940034,
        "1,18": 50.307253262458026,
        "1,19": 33.2639389771587,
        "1,20": 21.701849053970065,
        "1,21": 26.31350637263864,
        "1,22": 37.42345979788782,
        "1,23": 72.59194058370419,
        "1,24": 80.89864178881425,
        "1,25": 54.17567558783491,
        "1,26": 41.87583555747031,
        "1,27": 40.27715971090278,
        "1,28": 38.74049555200074,
        "1,29": 45.46243398957447,
        "1,30": 50.0315493812634,
        "1,31": 67.51145257586232,
        "1,32": 38.023908950197246,
        "1,33": 41.69290894396488,
        "1,34": 47.141788236243016,
        "1,35": 53.72644599987931,
        "1,36": 42.25148497825682,
        "1,37": 53.286004922391285,
        "1,38": 11.947304675203517,
        "1,39": 73.21338685053153,
        "1,40": 33.206020094410306,
        "1,41": 49.98850753495148,
        "1,42": 14.579258432332812,
        "1,43": 11.574422075921333,
        "1,44": 35.71808708134782,
        "1,45": 39.789397731573274,
        "1,46": 33.50893927406793,
        "1,47": 81.96232905681596,
        "1,48": 16.875604817734718,
        "1,49": 38.53724053026283,
        "1,50": 25.308091641904433,
        "1,51": 80.72353772298487,
        "1,52": 42.2390096196399,
        "1,53": 44.78972487327941,
        "1,54": 26.89628162443829,
        "1,55": 79.6946698248549,
        "1,56": 24.321658169973215,
        "1,57": 17.42728955748514,
        "1,58": 74.8178886857171,
        "1,59": 61.80907759536943,
        "1,60": 37.3914707757812,
        "2,0": 96.05948282868333,
        "2,1": 61.64703073687799,
        "2,2": 0.0,
        "2,3": 36.15510213253822,
        "2,4": 65.23399617064754,
        "2,5": 20.943323465555252,
        "2,6": 60.99546128651401,
        "2,7": 62.72782290256025,
        "2,8": 78.57536352269298,
        "2,9": 8.13175476688692,
        "2,10": 89.34906019497349,
        "2,11": 53.10457251528953,
        "2,12": 69.36892727814524,
        "2,13": 52.400838754786506,
        "2,14": 86.08790382659592,
        "2,15": 50.15135442554534,
        "2,16": 100.59678547155609,
        "2,17": 58.19100222330422,
        "2,18": 90.45032444303891,
        "2,19": 88.63277672611281,
        "2,20": 44.32460920964584,
        "2,21": 85.9295361087663,
        "2,22": 68.95672169119956,
        "2,23": 85.23689477186424,
        "2,24": 23.534725919558824,
        "2,25": 83.54931064628443,
        "2,26": 51.62931542199673,
        "2,27": 94.67803349836656,
        "2,28": 51.88332622359319,
        "2,29": 94.73027366036574,
        "2,30": 16.92240444885686,
        "2,31": 71.00304871813941,
        "2,32": 82.30391031748908,
        "2,33": 55.2904582098079,
        "2,34": 94.0695237102948,
        "2,35": 10.367254132158887,
        "2,36": 62.28856297364565,
        "2,37": 69.13995315384433,
        "2,38": 53.97521099165763,
        "2,39": 62.724993924465124,
        "2,40": 54.35625378173425,
        "2,41": 13.23249571030642,
        "2,42": 54.52798340445904,
        "2,43": 52.33459246790368,
        "2,44": 91.53332256511453,
        "2,45": 96.5005424813951,
        "2,46": 29.770817529110776,
        "2,47": 88.53111973561107,
        "2,48": 51.47633496607962,
        "2,49": 24.69187302238968,
        "2,50": 49.86960672500651,
        "2,51": 74.58685360474749,
        "2,52": 23.02025646148356,
        "2,53": 22.070393676311475,
        "2,54": 34.87078227944163,
        "2,55": 35.24224663671045,
        "2,56": 55.73122878414191,
        "2,57": 44.31012235982072,
        "2,58": 13.61344748926686,
        "2,59": 90.79878159288852,
        "2,60": 70.0722706053623,
        "3,0": 115.66278217890186,
        "3,1": 40.29705960130886,
        "3,2": 36.15510213253822,
        "3,3": 0.0,
        "3,4": 58.16126503366841,
        "3,5": 28.485322462684945,
        "3,6": 54.309609757871485,
        "3,7": 44.54607458216166,
        "3,8": 56.84070073440426,
        "3,9": 28.042278298874194,
        "3,10": 97.05870932771509,
        "3,11": 17.218220966535284,
        "3,12": 56.33185682317374,
        "3,13": 76.84190326143721,
        "3,14": 100.7267516798384,
        "3,15": 73.0565918070655,
        "3,16": 93.93806373138707,
        "3,17": 26.644357447592874,
        "3,18": 85.57501345833376,
        "3,19": 73.2844704925051,
        "3,20": 18.687297974585114,
        "3,21": 66.48984796109164,
        "3,22": 66.80811968307493,
        "3,23": 95.51785124149634,
        "3,24": 59.67747302438748,
        "3,25": 84.46367443228979,
        "3,26": 58.12795956132603,
        "3,27": 80.23813609011493,
        "3,28": 56.34938340611627,
        "3,29": 84.14645169892468,
        "3,30": 36.943742374989114,
        "3,31": 84.72683434007605,
        "3,32": 74.28996295087825,
        "3,33": 60.54102084801516,
        "3,34": 85.06200542881678,
        "3,35": 35.04022943682104,
        "3,36": 26.154257047667816,
        "3,37": 75.90632144372526,
        "3,38": 28.694874513351195,
        "3,39": 82.74289208537631,
        "3,40": 18.803189048055625,
        "3,41": 32.54820438478091,
        "3,42": 27.142482128344128,
        "3,43": 37.35646026676482,
        "3,44": 75.85803791272114,
        "3,45": 80.06342629880471,
        "3,46": 15.443300969986577,
        "3,47": 102.24999712357,
        "3,48": 24.083115932843974,
        "3,49": 16.349736778416474,
        "3,50": 45.784588896979606,
        "3,51": 93.62159780939444,
        "3,52": 14.533608659144777,
        "3,53": 14.349788014088528,
        "3,54": 21.667137282867834,
        "3,55": 68.30234941349184,
        "3,56": 22.96954712261865,
        "3,57": 28.910672530815503,
        "3,58": 49.014702156073376,
        "3,59": 92.52675523378021,
        "3,60": 67.44916834916049,
        "4,0": 75.5866289600412,
        "4,1": 26.47610830722915,
        "4,2": 65.23399617064754,
        "4,3": 58.16126503366841,
        "4,4": 0.0,
        "4,5": 44.8112955926302,
        "4,6": 4.287143450122219,
        "4,7": 20.586259733056544,
        "4,8": 29.196400261064923,
        "4,9": 62.35938885921141,
        "4,10": 44.849384939814975,
        "4,11": 65.6201215670187,
        "4,12": 10.730002639663,
        "4,13": 57.05855701529162,
        "4,14": 56.23158959526441,
        "4,15": 52.55308500603496,
        "4,16": 36.558003453196676,
        "4,17": 46.38038506498134,
        "4,18": 27.500055620499353,
        "4,19": 26.119121815590884,
        "4,20": 40.964158380492165,
        "4,21": 29.266003075739032,
        "4,22": 10.968030870264904,
        "4,23": 46.45358672182843,
        "4,24": 78.19073542796815,
        "4,25": 28.022684159578827,
        "4,26": 22.98671168169467,
        "4,27": 30.77148918747686,
        "4,28": 20.100619986344764,
        "4,29": 29.499720900676184,
        "4,30": 49.27180406268686,
        "4,31": 43.38181474157941,
        "4,32": 17.26526814652622,
        "4,33": 20.762279284733626,
        "4,34": 28.97766718349681,
        "4,35": 55.186187662891776,
        "4,36": 67.37191306333379,
        "4,37": 27.958482490084137,
        "4,38": 35.51742311472413,
        "4,39": 52.34620240865082,
        "4,40": 57.294460770177665,
        "4,41": 52.00573890793797,
        "4,42": 38.8318383358904,
        "4,43": 21.50566276766654,
        "4,44": 28.910322329897074,
        "4,45": 33.9570193438009,
        "4,46": 45.49294662490242,
        "4,47": 56.20816845420979,
        "4,48": 39.80494316531821,
        "4,49": 48.95361527090463,
        "4,50": 15.374672817674739,
        "4,51": 57.60826507566634,
        "4,52": 53.46684410001585,
        "4,53": 56.30510497501904,
        "4,54": 37.658387835253734,
        "4,55": 70.6370689830211,
        "4,56": 49.10279481273905,
        "4,57": 29.25934714205051,
        "4,58": 76.1608399377203,
        "4,59": 35.900410740974834,
        "4,60": 10.92279114527041,
        "5,0": 88.27942941732987,
        "5,1": 41.54578802277638,
        "5,2": 20.943323465555252,
        "5,3": 28.485322462684945,
        "5,4": 44.8112955926302,
        "5,5": 0.0,
        "5,6": 40.5326403298551,
        "5,7": 42.07495803399195,
        "5,8": 58.09268824555059,
        "5,9": 17.637084422023165,
        "5,10": 74.32155504697464,
        "5,11": 44.8390341840004,
        "5,12": 48.446362882531076,
        "5,13": 48.36582292035919,
        "5,14": 74.8189227609071,
        "5,15": 44.64562137810421,
        "5,16": 80.81880701834342,
        "5,17": 42.22721955667735,
        "5,18": 70.94068560244824,
        "5,19": 67.70326647796901,
        "5,20": 27.549380052970466,
        "5,21": 65.1051146644364,
        "5,22": 49.6909866742228,
        "5,23": 71.43188695654266,
        "5,24": 39.59704219827477,
        "5,25": 65.6006189248255,
        "5,26": 34.810177184734805,
        "5,27": 73.80186702921934,
        "5,28": 34.169701881572074,
        "5,29": 74.21433464271735,
        "5,30": 9.760128330614386,
        "5,31": 58.88134496496878,
        "5,32": 62.0332141373058,
        "5,33": 38.096611127439665,
        "5,34": 73.7792666815194,
        "5,35": 12.180658336172211,
        "5,36": 52.48038735729693,
        "5,37": 53.18179299241702,
        "5,38": 35.52182814058464,
        "5,39": 54.88837414571703,
        "5,40": 42.49581541782949,
        "5,41": 8.444158036345192,
        "5,42": 36.841818040237605,
        "5,43": 31.605603252121337,
        "5,44": 70.60141301133115,
        "5,45": 75.56125515624599,
        "5,46": 14.674904945713108,
        "5,47": 76.73414300038213,
        "5,48": 34.172830569101464,
        "5,49": 12.13559839239563,
        "5,50": 29.47056855113852,
        "5,51": 66.15924797334097,
        "5,52": 14.99234375781863,
        "5,53": 16.952987664430896,
        "5,54": 15.92702464229206,
        "5,55": 42.302993624840845,
        "5,56": 40.84780218530305,
        "5,57": 24.13191792495448,
        "5,58": 33.47201916572351,
        "5,59": 73.28232305323594,
        "5,60": 50.71041542585932,
        "6,0": 76.00886216112913,
        "6,1": 24.76145722899251,
        "6,2": 60.99546128651401,
        "6,3": 54.309609757871485,
        "6,4": 4.287143450122219,
        "6,5": 40.5326403298551,
        "6,6": 0.0,
        "6,7": 19.213013869937505,
        "6,8": 30.087210526328256,
        "6,9": 58.07384687547922,
        "6,10": 46.848978192245546,
        "6,11": 62.37352629736233,
        "6,12": 12.228631652438995,
        "6,13": 54.94341348550529,
        "6,14": 57.00846790593649,
        "6,15": 50.36674930674579,
        "6,16": 40.787076524393875,
        "6,17": 43.85303216500397,
        "6,18": 31.571651843786242,
        "6,19": 29.555665980561624,
        "6,20": 37.47290769396393,
        "6,21": 31.517003619225495,
        "6,22": 13.285490918396873,
        "6,23": 47.84316556485424,
        "6,24": 74.29986164850595,
        "6,25": 30.973384005598387,
        "6,26": 20.719313503561423,
        "6,27": 34.58995813408874,
        "6,28": 17.635680468482573,
        "6,29": 33.73652502619943,
        "6,30": 45.12452087917724,
        "6,31": 43.3829601405259,
        "6,32": 21.551458382598078,
        "6,33": 19.082568476898135,
        "6,34": 33.26348376501456,
        "6,35": 50.98112154920658,
        "6,36": 64.5620083964095,
        "6,37": 28.60206656631285,
        "6,38": 32.77182176816564,
        "6,39": 51.16359731853499,
        "6,40": 54.28308556431409,
        "6,41": 47.772056386640465,
        "6,42": 36.11812332513695,
        "6,43": 18.254035718009266,
        "6,44": 32.40785322083243,
        "6,45": 37.48742562159093,
        "6,46": 41.3722543790374,
        "6,47": 57.22847611603763,
        "6,48": 36.827699618262436,
        "6,49": 44.74596959108122,
        "6,50": 11.125871137485506,
        "6,51": 57.23143133937671,
        "6,52": 49.2642909074152,
        "6,53": 52.10042565558935,
        "6,54": 33.57033899352828,
        "6,55": 67.3141831678667,
        "6,56": 46.337070298041,
        "6,57": 25.479040740819798,
        "6,58": 72.02735606689178,
        "6,59": 38.97831361687572,
        "6,60": 13.605109097488079,
        "7,0": 95.15231886179585,
        "7,1": 6.056272381249595,
        "7,2": 62.72782290256025,
        "7,3": 44.54607458216166,
        "7,4": 20.586259733056544,
        "7,5": 42.07495803399195,
        "7,6": 19.213013869937505,
        "7,7": 0.0,
        "7,8": 16.145168747534356,
        "7,9": 57.55154240969011,
        "7,10": 65.43364732754897,
        "7,11": 47.978553276686,
        "7,12": 13.218453030891524,
        "7,13": 70.68777538839593,
        "7,14": 76.22143003685235,
        "7,15": 66.02867392447433,
        "7,16": 51.0985246520966,
        "7,17": 26.84894544411187,
        "7,18": 44.351997798100435,
        "7,19": 28.768736525114782,
        "7,20": 25.872411797032886,
        "7,21": 23.420724410195163,
        "7,22": 31.553720020623242,
        "7,23": 66.90046079614855,
        "7,24": 80.7577708649514,
        "7,25": 48.14986303672821,
        "7,26": 37.55795265480571,
        "7,27": 35.69764263911171,
        "7,28": 34.371514802767294,
        "7,29": 40.11424307557402,
        "7,30": 49.84880087461158,
        "7,31": 62.39845638665938,
        "7,32": 32.11185364136744,
        "7,33": 36.99235931877392,
        "7,34": 41.56949936558134,
        "7,35": 54.15680581930147,
        "7,36": 48.19961544852864,
        "7,37": 47.815019339813475,
        "7,38": 17.182669805033633,
        "7,39": 68.9002852558485,
        "7,40": 38.92393967556898,
        "7,41": 50.464934033211435,
        "7,42": 20.135150763314552,
        "7,43": 10.493213789113879,
        "7,44": 31.40415397772357,
        "7,45": 35.82191659358136,
        "7,46": 36.0143668563726,
        "7,47": 76.41986682740767,
        "7,48": 22.05972399519761,
        "7,49": 40.79417692991673,
        "7,50": 21.572049689921638,
        "7,51": 75.91077497960292,
        "7,52": 44.810266503986504,
        "7,53": 47.49390223040707,
        "7,54": 28.73223967830602,
        "7,55": 78.09578640131497,
        "7,56": 30.14305354352102,
        "7,57": 18.704931268638344,
        "7,58": 75.54692014319009,
        "7,59": 55.76097694256028,
        "7,60": 31.47029072763583,
        "8,0": 104.32617434117547,
        "8,1": 17.309451975790548,
        "8,2": 78.57536352269298,
        "8,3": 56.84070073440426,
        "8,4": 29.196400261064923,
        "8,5": 58.09268824555059,
        "8,6": 30.087210526328256,
        "8,7": 16.145168747534356,
        "8,8": 0.0,
        "8,9": 73.0540594087284,
        "8,10": 71.08100614190688,
        "8,11": 56.114858804824955,
        "8,12": 18.478080284515958,
        "8,13": 84.63145001443635,
        "8,14": 84.66104091771992,
        "8,15": 80.00139512637293,
        "8,16": 47.60345883086607,
        "8,17": 33.60021054975195,
        "8,18": 43.97795275463076,
        "8,19": 20.319886268224003,
        "8,20": 38.59679786641173,
        "8,21": 10.282348314613941,
        "8,22": 38.96260261136669,
        "8,23": 74.04000981655913,
        "8,24": 96.90289423761884,
        "8,25": 52.21394138792817,
        "8,26": 50.58038238475575,
        "8,27": 26.93082269221208,
        "8,28": 47.41203330520156,
        "8,29": 34.78727029504846,
        "8,30": 65.99179118078273,
        "8,31": 72.50940567239397,
        "8,32": 32.17798353772763,
        "8,33": 49.167038339563284,
        "8,34": 37.614096835742146,
        "8,35": 70.21918233203988,
        "8,36": 53.626235770563206,
        "8,37": 56.83053083663431,
        "8,38": 28.160590361187268,
        "8,39": 81.23552854754985,
        "8,40": 46.60545248552694,
        "8,41": 66.51132390148143,
        "8,42": 29.880453206060057,
        "8,43": 26.612967773348192,
        "8,44": 21.94527306942538,
        "8,45": 24.82770596390098,
        "8,46": 50.81526374550746,
        "8,47": 84.28835753082286,
        "8,48": 32.797827394816856,
        "8,49": 55.82583137631608,
        "8,50": 36.227176294042344,
        "8,51": 86.80307116027417,
        "8,52": 59.548279598615885,
        "8,53": 62.09188541259705,
        "8,54": 44.05940724617123,
        "8,55": 93.85165701073923,
        "8,56": 37.69909454478823,
        "8,57": 34.28168062524096,
        "8,58": 91.54468359174967,
        "8,59": 58.71541597652955,
        "8,60": 38.368547407558694,
        "9,0": 100.08739413533173,
        "9,1": 55.874276172930585,
        "9,2": 8.13175476688692,
        "9,3": 28.042278298874194,
        "9,4": 62.35938885921141,
        "9,5": 17.637084422023165,
        "9,6": 58.07384687547922,
        "9,7": 57.55154240969011,
        "9,8": 73.0540594087284,
        "9,9": 0.0,
        "9,10": 90.36485217506602,
        "9,11": 44.973213333141764,
        "9,12": 65.35765336567597,
        "9,13": 57.2043147288427,
        "9,14": 88.76707670223531,
        "9,15": 54.4600658072602,
        "9,16": 98.45456381291098,
        "9,17": 50.75739723256221,
        "9,18": 88.56979926545952,
        "9,19": 84.50014336861626,
        "9,20": 37.31504498147308,
        "9,21": 80.94625182916211,
        "9,22": 67.27545699410992,
        "9,23": 86.82228221577495,
        "9,24": 31.665451179119316,
        "9,25": 82.87178536245246,
        "9,26": 51.460263090002975,
        "9,27": 90.80832170892948,
        "9,28": 51.210265544505226,
        "9,29": 91.66922205468984,
        "9,30": 17.81520472671713,
        "9,31": 73.22800501962347,
        "9,32": 79.6077981182383,
        "9,33": 54.949062463607,
        "9,34": 91.33705527066958,
        "9,35": 11.893773958061095,
        "9,36": 54.16360190413299,
        "9,37": 69.57522552786017,
        "9,38": 47.35744975389029,
        "9,39": 66.46905438405054,
        "9,40": 46.35672791013441,
        "9,41": 12.564751095594819,
        "9,42": 47.614843361448706,
        "9,43": 47.39663949916597,
        "9,44": 87.37185900197494,
        "9,45": 92.24215697853448,
        "9,46": 22.9279276954835,
        "9,47": 91.00909264440587,
        "9,48": 44.48509310219421,
        "9,49": 17.739897494084882,
        "9,50": 47.0624613515308,
        "9,51": 78.24887735561354,
        "9,52": 15.357484297717388,
        "9,53": 14.096751093641851,
        "9,54": 28.996354606523372,
        "9,55": 42.454463772672106,
        "9,56": 48.10612320225453,
        "9,57": 38.87193067396169,
        "9,58": 21.228812004541144,
        "9,59": 90.42047042571156,
        "9,60": 68.31116448192772,
        "10,0": 37.56122370317679,
        "10,1": 71.30968573304716,
        "10,2": 89.34906019497349,
        "10,3": 97.05870932771509,
        "10,4": 44.849384939814975,
        "10,5": 74.32155504697464,
        "10,6": 46.848978192245546,
        "10,7": 65.43364732754897,
        "10,8": 71.08100614190688,
        "10,9": 90.36485217506602,
        "10,10": 0.0,
        "10,11": 107.93287942772463,
        "10,12": 53.95155077381683,
        "10,13": 49.68902520396362,
        "10,14": 18.779997415153865,
        "10,15": 47.77270439208502,
        "10,16": 38.06825785958496,
        "10,17": 90.65363059652378,
        "10,18": 31.991373775988595,
        "10,19": 57.113542761874264,
        "10,20": 82.71954264724506,
        "10,21": 66.53475477437728,
        "10,22": 33.88765099759371,
        "10,23": 7.321373622066546,
        "10,24": 90.9813710847172,
        "10,25": 19.199788534422765,
        "10,26": 39.64388719039027,
        "10,27": 55.87432351572064,
        "10,28": 40.899201678196484,
        "10,29": 46.39254114882698,
        "10,30": 72.87581011143118,
        "10,31": 21.55807230970722,
        "10,32": 40.1543849274034,
        "10,33": 36.72714781378417,
        "10,34": 42.41482987050498,
        "10,35": 79.41188107120462,
        "10,36": 111.04711607090381,
        "10,37": 21.291973349841715,
        "10,38": 79.48282029114216,
        "10,39": 36.826936842821944,
        "10,40": 100.49679261300112,
        "10,41": 77.83749950603033,
        "10,42": 82.8343380811955,
        "10,43": 64.65548765255124,
        "10,44": 58.31219446031432,
        "10,45": 61.27094417315392,
        "10,46": 82.09720258755758,
        "10,47": 16.538394243024754,
        "10,48": 83.26289003337955,
        "10,49": 83.58674529544669,
        "10,50": 51.90668936194229,
        "10,51": 31.23649513157871,
        "10,52": 87.81962962270643,
        "10,53": 90.36883358417259,
        "10,54": 75.40940690209001,
        "10,55": 74.90864432388335,
        "10,56": 92.95726032675427,
        "10,57": 70.15358732339634,
        "10,58": 95.13853213100775,
        "10,59": 15.499690569845784,
        "10,60": 33.98168067753115,
        "11,0": 129.8347905252268,
        "11,1": 42.40491285374257,
        "11,2": 53.10457251528953,
        "11,3": 17.218220966535284,
        "11,4": 65.6201215670187,
        "11,5": 44.8390341840004,
        "11,6": 62.37352629736233,
        "11,7": 47.978553276686,
        "11,8": 56.114858804824955,
        "11,9": 44.973213333141764,
        "11,10": 107.93287942772463,
        "11,11": 0.0,
        "11,12": 61.054121531810026,
        "11,13": 92.8155387323401,
        "11,14": 113.7457955282669,
        "11,15": 88.8229821438006,
        "11,16": 99.07522100925674,
        "11,17": 22.516418696052956,
        "11,18": 91.95101518723105,
        "11,19": 75.12313539818548,
        "11,20": 25.21528276900897,
        "11,21": 66.3714470245179,
        "11,22": 75.57606327965273,
        "11,23": 107.31350820729551,
        "11,24": 76.63311643780918,
        "11,25": 93.33969701074004,
        "11,26": 70.63701255128592,
        "11,27": 82.11880873140503,
        "11,28": 68.38426101512032,
        "11,29": 87.85925254385361,
        "11,30": 53.789928873580614,
        "11,31": 97.93919560633026,
        "11,32": 79.90675777890428,
        "11,33": 72.47409824376834,
        "11,34": 89.51598216316623,
        "11,35": 52.225298249933694,
        "11,36": 9.576654853257386,
        "11,37": 87.34733801839113,
        "11,38": 30.834114808572167,
        "11,39": 97.65565438461799,
        "11,40": 9.509893215627395,
        "11,41": 49.62509959938083,
        "11,42": 27.86099248395591,
        "11,43": 44.15108702258113,
        "11,44": 77.32285800329942,
        "11,45": 80.80503742776311,
        "11,46": 30.54925322328557,
        "11,47": 114.9507015104129,
        "11,48": 26.087480560230734,
        "11,49": 32.894672587654625,
        "11,50": 56.054072995499155,
        "11,51": 108.03734216240295,
        "11,52": 31.68356699942532,
        "11,53": 31.551502448068817,
        "11,54": 34.283062504464056,
        "11,55": 85.47998516519317,
        "11,56": 18.469640508096557,
        "11,57": 37.779784753209846,
        "11,58": 65.57890265565868,
        "11,59": 101.35173708786192,
        "11,60": 75.97328458377386,
        "12,0": 86.03430472074146,
        "12,1": 19.1829840407403,
        "12,2": 69.36892727814524,
        "12,3": 56.33185682317374,
        "12,4": 10.730002639663,
        "12,5": 48.446362882531076,
        "12,6": 12.228631652438995,
        "12,7": 13.218453030891524,
        "12,8": 18.478080284515958,
        "12,9": 65.35765336567597,
        "12,10": 53.95155077381683,
        "12,11": 61.054121531810026,
        "12,12": 0.0,
        "12,13": 67.16181384815278,
        "12,14": 66.50276174341266,
        "12,15": 62.591345021468584,
        "12,16": 38.09024119730672,
        "12,17": 40.05586096379526,
        "12,18": 31.13577553064889,
        "12,19": 19.268613549263762,
        "12,20": 37.951744436912556,
        "12,21": 19.359039633351713,
        "12,22": 20.763846217063456,
        "12,23": 56.26298225341064,
        "12,24": 84.6871330938306,
        "12,25": 35.8264800403986,
        "12,26": 32.93592642443794,
        "12,27": 25.454255947696847,
        "12,28": 29.863846838307392,
        "12,29": 27.833675948599947,
        "12,30": 54.53405768872438,
        "12,31": 54.0436551176686,
        "12,32": 18.90216822820397,
        "12,33": 31.12056665203849,
        "12,34": 28.813644039945657,
        "12,35": 59.846306942961114,
        "12,36": 61.41232754851478,
        "12,37": 38.446010432968414,
        "12,38": 30.22113901244557,
        "12,39": 62.98400510072541,
        "12,40": 52.09418595001156,
        "12,41": 56.37143100176722,
        "12,42": 33.28166725982897,
        "12,43": 19.23062392391753,
        "12,44": 22.17405211295496,
        "12,45": 27.180102389645512,
        "12,46": 45.7805954533853,
        "12,47": 66.29733940438,
        "12,48": 35.00519776381552,
        "12,49": 50.01923024247119,
        "12,50": 21.10664195224355,
        "12,51": 68.32698628141704,
        "12,52": 54.36644989579813,
        "12,53": 57.172914368745246,
        "12,54": 37.97345041295188,
        "12,55": 78.95028506743108,
        "12,56": 43.354193628181974,
        "12,57": 28.240391993994486,
        "12,58": 81.276971399766,
        "12,59": 43.143176790198595,
        "12,60": 20.318108172822406,
        "13,0": 44.111033606716404,
        "13,1": 74.13988888344248,
        "13,2": 52.400838754786506,
        "13,3": 76.84190326143721,
        "13,4": 57.05855701529162,
        "13,5": 48.36582292035919,
        "13,6": 54.94341348550529,
        "13,7": 70.68777538839593,
        "13,8": 84.63145001443635,
        "13,9": 57.2043147288427,
        "13,10": 49.68902520396362,
        "13,11": 92.8155387323401,
        "13,12": 67.16181384815278,
        "13,13": 0.0,
        "13,14": 38.5246578018287,
        "13,15": 4.659130093172997,
        "13,16": 78.22728333322411,
        "13,17": 85.08341155019507,
        "13,18": 68.24019170857092,
        "13,19": 82.18492810230224,
        "13,20": 71.53216353134812,
        "13,21": 86.29271199963132,
        "13,22": 51.58599586297069,
        "13,23": 43.10836855789918,
        "13,24": 44.787330349467844,
        "13,25": 55.176888585374506,
        "13,26": 34.22599655651882,
        "13,27": 85.15551357845521,
        "13,28": 37.32263516135371,
        "13,29": 79.54937481536167,
        "13,30": 40.91648212834403,
        "13,31": 28.15291905318357,
        "13,32": 67.39402074726951,
        "13,33": 36.33577006906539,
        "13,34": 76.78183074539744,
        "13,35": 45.47136576337826,
        "13,36": 99.70013150211442,
        "13,37": 38.058511633022086,
        "13,38": 75.0685501341617,
        "13,39": 13.392197451499072,
        "13,40": 89.10690409179921,
        "13,41": 46.207514873054265,
        "13,42": 77.7375329366495,
        "13,43": 62.82217596709545,
        "13,44": 84.70563461783077,
        "13,45": 89.45469984685501,
        "13,46": 62.26678797731707,
        "13,47": 41.61870154454128,
        "13,48": 76.20858231505751,
        "13,49": 60.49675564150636,
        "13,50": 49.11843277269964,
        "13,51": 24.12266872522361,
        "13,52": 63.05615002747276,
        "13,53": 64.51371521822537,
        "13,54": 59.71934940995345,
        "13,55": 26.333752590640586,
        "13,56": 85.15866460662784,
        "13,57": 61.64373505573092,
        "13,58": 52.55137435166985,
        "13,59": 59.029221729302606,
        "13,60": 52.794259615940355,
        "14,0": 19.953073318422867,
        "14,1": 81.65771514557728,
        "14,2": 86.08790382659592,
        "14,3": 100.7267516798384,
        "14,4": 56.23158959526441,
        "14,5": 74.8189227609071,
        "14,6": 57.00846790593649,
        "14,7": 76.22143003685235,
        "14,8": 84.66104091771992,
        "14,9": 88.76707670223531,
        "14,10": 18.779997415153865,
        "14,11": 113.7457955282669,
        "14,12": 66.50276174341266,
        "14,13": 38.5246578018287,
        "14,14": 0.0,
        "14,15": 38.24688214545828,
        "14,16": 56.64923290882221,
        "14,17": 99.14991869513966,
        "14,18": 49.71207637389199,
        "14,19": 73.23527466122016,
        "14,20": 89.00848214936428,
        "14,21": 81.64250488995606,
        "14,22": 45.7513250204513,
