{
    "num_robots": 3,
    "num_tasks": 30,
    "num_nodes": 31,
    "robot_capacity": [
        168,
        118,
        168
    ],
    "robot_speed": [
        0.83,
        1.15,
        1.08
    ],
    "task_demand": {
        "0": 0,
        "1": 11,
        "2": 13,
        "3": 12,
        "4": 11,
        "5": 5,
        "6": 13,
        "7": 11,
        "8": 8,
        "9": 11,
        "10": 7,
        "11": 11,
        "12": 14,
        "13": 10,
        "14": 6,
        "15": 15,
        "16": 13,
        "17": 11,
        "18": 13,
        "19": 5,
        "20": 9,
        "21": 12,
        "22": 14,
        "23": 13,
        "24": 14,
        "25": 12,
        "26": 14,
        "27": 6,
        "28": 12,
        "29": 11,
        "30": 7
    },
    "task_service_time": {
        "0": 0,
        "1": 82,
        "2": 94,
        "3": 64,
        "4": 42,
        "5": 56,
        "6": 95,
        "7": 23,
        "8": 90,
        "9": 92,
        "10": 93,
        "11": 76,
        "12": 34,
        "13": 25,
        "14": 44,
        "15": 36,
        "16": 49,
        "17": 56,
        "18": 80,
        "19": 32,
        "20": 17,
        "21": 88,
        "22": 18,
        "23": 63,
        "24": 86,
        "25": 23,
        "26": 46,
        "27": 54,
        "28": 27,
        "29": 71,
        "30": 27
    },
    "task_precedence": [],
    "coordinates": {
        "0": [
            50.0,
            50.0
        ],
        "1": [
            92.93527794687304,
            25.65700577824407
        ],
        "2": [
            44.81528378252349,
            46.74546642100993
        ],
        "3": [
            20.582089511055145,
            75.21971089239642
        ],
        "4": [
            38.61231235299388,
            10.4928288550325
        ],
        "5": [
            27.161398779813272,
            90.77816858368455
        ],
        "6": [
            80.36633242168317,
            77.79486669230111
        ],
        "7": [
            86.05431464308393,
            99.72591013672093
        ],
        "8": [
            90.68786340019736,
            42.23664500272868
        ],
        "9": [
            74.5784405495824,
            56.42940023282462
        ],
        "10": [
            56.985588188021694,
            53.240783693007934
        ],
        "11": [
            56.33855866313905,
            46.84790264493534
        ],
        "12": [
            42.37465679996312,
            54.030778935056446
        ],
        "13": [
            90.21457905154887,
            87.61804379421498
        ],
        "14": [
            56.10008136642971,
            78.58092640640092
        ],
        "15": [
            73.90219568935869,
            64.81738374086895
        ],
        "16": [
            41.6208164292747,
            8.281210733441624
        ],
        "17": [
            83.90953662545486,
            35.9456252986454
        ],
        "18": [
            15.989181023046228,
            43.10808334735048
        ],
        "19": [
            53.866711183885464,
            83.302945893097
        ],
        "20": [
            58.35550064573126,
            42.3433445032265
        ],
        "21": [
            41.60000062308804,
            72.07238385987293
        ],
        "22": [
            69.31443979040247,
            68.68716515869029
        ],
        "23": [
            94.68639499375287,
            10.843780463967722
        ],
        "24": [
            64.5256793917536,
            62.057737402170524
        ],
        "25": [
            88.34530136546137,
            83.48640026541516
        ],
        "26": [
            94.81065899720156,
            86.8434241804983
        ],
        "27": [
            88.22803754961153,
            11.765178863891911
        ],
        "28": [
            48.40690477765903,
            26.119861803526767
        ],
        "29": [
            45.40484316423433,
            68.59788473923997
        ],
        "30": [
            12.838309628816901,
            87.2051859633048
        ]
    },
    "distance_matrix_str_keys": {
        "0,0": 0.0,
        "0,1": 49.35604785693122,
        "0,2": 6.121541560141357,
        "0,3": 38.74851319769096,
        "0,4": 41.11564181456406,
        "0,5": 46.738214971628004,
        "0,6": 41.16635469879445,
        "0,7": 61.42132970970053,
        "0,8": 41.421877177245086,
        "0,9": 25.405450738044415,
        "0,10": 7.700722127014736,
        "0,11": 7.0790566929401475,
        "0,12": 8.625139867946691,
        "0,13": 55.06659229693398,
        "0,14": 29.224653067661357,
        "0,15": 28.122407786257646,
        "0,16": 42.55194584480737,
        "0,17": 36.70670405251799,
        "0,18": 34.70207951449288,
        "0,19": 33.52667088361341,
        "0,20": 11.333082742003052,
        "0,21": 23.616733872186902,
        "0,22": 26.87485304304473,
        "0,23": 59.41450518090391,
        "0,24": 18.878145911389634,
        "0,25": 50.9087530739425,
        "0,26": 58.01235269412548,
        "0,27": 54.067406098357324,
        "0,28": 23.93321860239666,
        "0,29": 19.15716010058221,
        "0,30": 52.58533154604785,
        "1,0": 49.35604785693122,
        "1,1": 0.0,
        "1,2": 52.53814814645183,
        "1,3": 87.70088719654663,
        "1,4": 56.39979479282031,
        "1,5": 92.55792254483494,
        "1,6": 53.631473337106335,
        "1,7": 74.38783669964657,
        "1,8": 16.73126740443407,
        "1,9": 35.83174206899335,
        "1,10": 45.31274652687338,
        "1,11": 42.289170863794126,
        "1,12": 57.97799077163335,
        "1,13": 62.020741969889485,
        "1,14": 64.48079622473152,
        "1,15": 43.54070994364864,
        "1,16": 54.17649134338678,
        "1,17": 13.686478657300386,
        "1,18": 78.90020240870057,
        "1,19": 69.63768606608944,
        "1,20": 38.39524577654646,
        "1,21": 69.20764423364277,
        "1,22": 49.0870513630711,
        "1,23": 14.916368697621776,
        "1,24": 46.174869277781006,
        "1,25": 58.01126400769734,
        "1,26": 61.21515213555911,
        "1,27": 14.6676844517439,
        "1,28": 44.53077871312065,
        "1,29": 64.05514278002644,
        "1,30": 101.01337940013883,
        "2,0": 6.121541560141357,
        "2,1": 52.53814814645183,
        "2,2": 0.0,
        "2,3": 37.39024341743458,
        "2,4": 36.779485926881556,
        "2,5": 47.43984101402245,
        "2,6": 47.201083849322295,
        "2,7": 67.13855138913765,
        "2,8": 46.093633306149556,
        "2,9": 31.298946864265773,
        "2,10": 13.795124348348754,
        "2,11": 11.523730175346767,
        "2,12": 7.683257023901029,
        "2,13": 61.08734395971709,
        "2,14": 33.776369979486645,
        "2,15": 34.24387010680615,
        "2,16": 38.596678448664505,
        "2,17": 40.558564738108814,
        "2,18": 29.05468561049124,
        "2,19": 37.66135477321805,
        "2,20": 14.237842184886215,
        "2,21": 25.53019374682323,
        "2,22": 32.88839899711625,
        "2,23": 61.44964432770047,
        "2,24": 24.95927358063232,
        "2,25": 56.962783030061324,
        "2,26": 64.08887391223347,
        "2,27": 55.752019759112606,
        "2,28": 20.935981161852464,
        "2,29": 21.860369773164386,
        "2,30": 51.57049332193727,
        "3,0": 38.74851319769096,
        "3,1": 87.70088719654663,
        "3,2": 37.39024341743458,
        "3,3": 0.0,
        "3,4": 67.19120622528511,
        "3,5": 16.892392257627968,
        "3,6": 59.839678540168975,
        "3,7": 69.90826893252037,
        "3,8": 77.4771073806818,
        "3,9": 57.17238581832213,
        "3,10": 42.52396920279108,
        "3,11": 45.645203356482355,
        "3,12": 30.395506683297207,
        "3,13": 70.7276626105464,
        "3,14": 35.676680271152456,
        "3,15": 54.325336013990466,
        "3,16": 70.16687846747786,
        "3,17": 74.5172420131903,
        "3,18": 32.43842523876548,
        "3,19": 34.25207625794379,
        "3,20": 50.07680157222719,
        "3,21": 21.252252938523227,
        "3,22": 49.168242977677835,
        "3,23": 98.16164479876484,
        "3,24": 45.87239516049313,
        "3,25": 68.265591874788,
        "3,26": 75.13315671901229,
        "3,27": 92.74940388483138,
        "3,28": 56.43594178509301,
        "3,29": 25.690809261855637,
        "3,30": 14.269468789689542,
        "4,0": 41.11564181456406,
        "4,1": 56.39979479282031,
        "4,2": 36.779485926881556,
        "4,3": 67.19120622528511,
        "4,4": 0.0,
        "4,5": 81.09783719067684,
        "4,6": 79.20203588889395,
        "4,7": 101.06080534172149,
        "4,8": 60.9879732446376,
        "4,9": 58.341502958018054,
        "4,10": 46.529183398589794,
        "4,11": 40.446399079735336,
        "4,12": 43.700209758172754,
        "4,13": 92.79597355404972,
        "4,14": 70.29801628233864,
        "4,15": 64.78065397507574,
        "4,16": 3.7339458342010574,
        "4,17": 51.958477398684636,
        "4,18": 39.69333567200831,
        "4,19": 74.39092570191984,
        "4,20": 37.47330824758248,
        "4,21": 61.65199003919846,
        "4,22": 65.79666714208327,
        "4,23": 56.075180882762055,
        "4,24": 57.7099851391437,
        "4,25": 88.32571348909016,
        "4,26": 94.8033099216244,
        "4,27": 49.63203664299223,
        "4,28": 18.442835995004494,
        "4,29": 58.50073498793434,
        "4,30": 80.92641688307334,
        "5,0": 46.738214971628004,
        "5,1": 92.55792254483494,
        "5,2": 47.43984101402245,
        "5,3": 16.892392257627968,
        "5,4": 81.09783719067684,
        "5,5": 0.0,
        "5,6": 54.76614914195246,
        "5,7": 59.56876377580964,
        "5,8": 79.94930405404044,
        "5,9": 58.55094992753804,
        "5,10": 47.943065591256136,
        "5,11": 52.736845983679984,
        "5,12": 39.772023654520694,
        "5,13": 63.13232081164929,
        "5,14": 31.404140914539347,
        "5,15": 53.466479642803634,
        "5,16": 83.75453906091487,
        "5,17": 78.91108256799947,
        "5,18": 48.961775662694016,
        "5,19": 27.731798803412786,
        "5,20": 57.61079911723311,
        "5,21": 23.630057243311995,
        "5,22": 47.590874112202684,
        "5,23": 104.63809783136391,
        "5,24": 47.126984126929905,
        "5,25": 61.61687934987777,
        "5,26": 67.76359362872013,
        "5,27": 99.86083774483913,
        "5,28": 68.0592988560821,
        "5,29": 28.71912697885493,
        "5,30": 14.762015026171923,
        "6,0": 41.16635469879445,
        "6,1": 53.631473337106335,
        "6,2": 47.201083849322295,
        "6,3": 59.839678540168975,
        "6,4": 79.20203588889395,
        "6,5": 54.76614914195246,
        "6,6": 0.0,
        "6,7": 22.656650421278083,
        "6,8": 37.02595213448545,
        "6,9": 22.13555622418703,
        "6,10": 33.90519418696894,
        "6,11": 39.17969493935259,
        "6,12": 44.81182080076666,
        "6,13": 13.909808411988502,
        "6,14": 24.278979182632867,
        "6,15": 14.498280154863163,
        "6,16": 79.58243131674642,
        "6,17": 41.99896785939021,
        "6,18": 73.12722175101804,
        "6,19": 27.06600935174928,
        "6,20": 41.72873279877672,
        "6,21": 39.186417173380406,
        "6,22": 14.321122789735917,
        "6,23": 68.46540834042929,
        "6,24": 22.328984005299098,
        "6,25": 9.80089280727329,
        "6,26": 17.04449948920285,
        "6,27": 66.49606065200905,
        "6,28": 60.75945313766795,
        "6,29": 36.15093647671721,
        "6,30": 68.18055420056432,
        "7,0": 61.42132970970053,
        "7,1": 74.38783669964657,
        "7,2": 67.13855138913765,
        "7,3": 69.90826893252037,
        "7,4": 101.06080534172149,
        "7,5": 59.56876377580964,
        "7,6": 22.656650421278083,
        "7,7": 0.0,
        "7,8": 57.67569141094889,
        "7,9": 44.79155563349068,
        "7,10": 54.825704174294195,
        "7,11": 60.6556660977436,
        "7,12": 63.2135865524923,
        "7,13": 12.802664852144197,
        "7,14": 36.665602792640904,
        "7,15": 36.96321428387123,
        "7,16": 101.6684258384711,
        "7,17": 63.81633651950691,
        "7,18": 90.08163663891155,
        "7,19": 36.13524001572364,
        "7,20": 63.71799695174226,
        "7,21": 52.353639324623124,
        "7,22": 35.26509747462296,
        "7,23": 89.30031235300648,
        "7,24": 43.386327027587264,
        "7,25": 16.400314052552385,
        "7,26": 15.576649538978556,
        "7,27": 87.98758615466843,
        "7,28": 82.67513423517259,
        "7,29": 51.19895991771733,
        "7,30": 74.27887939432003,
        "8,0": 41.421877177245086,
        "8,1": 16.73126740443407,
        "8,2": 46.093633306149556,
        "8,3": 77.4771073806818,
        "8,4": 60.9879732446376,
        "8,5": 79.94930405404044,
        "8,6": 37.02595213448545,
        "8,7": 57.67569141094889,
        "8,8": 0.0,
        "8,9": 21.46969505142845,
        "8,10": 35.453270974511376,
        "8,11": 34.65744412044988,
        "8,12": 49.73195680053825,
        "8,13": 45.383866674696094,
        "8,14": 50.17191900620043,
        "8,15": 28.136247128194626,
        "8,16": 59.67031602784256,
        "8,17": 9.247845304845612,
        "8,18": 74.70376532458712,
        "8,19": 55.15648936757194,
        "8,20": 32.33253881262331,
        "8,21": 57.44379501021865,
        "8,22": 34.00666483683263,
        "8,23": 31.646487938690083,
        "8,24": 32.82279049683134,
        "8,25": 41.316218439229374,
        "8,26": 44.796899358649576,
        "8,27": 30.570590309404984,
        "8,28": 45.24853768610512,
        "8,29": 52.397202999172194,
        "8,30": 89.90396375314089,
        "9,0": 25.405450738044415,
        "9,1": 35.83174206899335,
        "9,2": 31.298946864265773,
        "9,3": 57.17238581832213,
        "9,4": 58.341502958018054,
        "9,5": 58.55094992753804,
        "9,6": 22.13555622418703,
        "9,7": 44.79155563349068,
        "9,8": 21.46969505142845,
        "9,9": 0.0,
        "9,10": 17.879477890969426,
        "9,11": 20.603358640234664,
        "9,12": 32.29298796832448,
        "9,13": 34.88868461911591,
        "9,14": 28.846834660326927,
        "9,15": 8.415199013820327,
        "9,16": 58.34769181145028,
        "9,17": 22.50898464016694,
        "9,18": 60.08459715626816,
        "9,19": 33.928795877139784,
        "9,20": 21.484895744250412,
        "9,21": 36.500416939283014,
        "9,22": 13.340258804477125,
        "9,23": 49.82347400211704,
        "9,24": 11.52111913783518,
        "9,25": 30.35799248118011,
        "9,26": 36.52883129805619,
        "9,27": 46.70336357004953,
        "9,28": 40.04519202673584,
        "9,29": 31.609663072947455,
        "9,30": 68.9854532016837,
        "10,0": 7.700722127014736,
        "10,1": 45.31274652687338,
        "10,2": 13.795124348348754,
        "10,3": 42.52396920279108,
        "10,4": 46.529183398589794,
        "10,5": 47.943065591256136,
        "10,6": 33.90519418696894,
        "10,7": 54.825704174294195,
        "10,8": 35.453270974511376,
        "10,9": 17.879477890969426,
        "10,10": 0.0,
        "10,11": 6.425540856680909,
        "10,12": 14.632272841531302,
        "10,13": 47.81173334940299,
        "10,14": 25.355609932837538,
        "10,15": 20.498518922654554,
        "10,16": 47.51251847571285,
        "10,17": 32.00033598804313,
        "10,18": 42.23004874175897,
        "10,19": 30.223517166461516,
        "10,20": 10.98320722907349,
        "10,21": 24.317595883699333,
        "10,22": 19.763382357706448,
        "10,23": 56.73496908086152,
        "10,24": 11.601364060752132,
        "10,25": 43.56866916049144,
        "10,26": 50.5951917621724,
        "10,27": 51.92606703816974,
        "10,28": 28.44535486139293,
        "10,29": 19.23419371458437,
        "10,30": 55.700653728323246,
        "11,0": 7.0790566929401475,
        "11,1": 42.289170863794126,
        "11,2": 11.523730175346767,
        "11,3": 45.645203356482355,
        "11,4": 40.446399079735336,
        "11,5": 52.736845983679984,
        "11,6": 39.17969493935259,
        "11,7": 60.6556660977436,
        "11,8": 34.65744412044988,
        "11,9": 20.603358640234664,
        "11,10": 6.425540856680909,
        "11,11": 0.0,
        "11,12": 15.703001848168778,
        "11,13": 53.007444445928,
        "11,14": 31.733919840870353,
        "11,15": 25.12734758079151,
        "11,16": 41.27955500557811,
        "11,17": 29.648245768239494,
        "11,18": 40.522321309636375,
        "11,19": 36.53874940643193,
        "11,20": 4.935493796286084,
        "11,21": 29.2147145401541,
        "11,22": 25.40328479101814,
        "11,23": 52.600887494999455,
        "11,24": 17.273332601652456,
        "11,25": 48.6498826956301,
        "11,26": 55.495443479765555,
        "11,27": 47.410298159237136,
        "11,28": 22.193756114775887,
        "11,29": 24.343538274325724,
        "11,30": 59.33786297876919,
        "12,0": 8.625139867946691,
        "12,1": 57.97799077163335,
        "12,2": 7.683257023901029,
        "12,3": 30.395506683297207,
        "12,4": 43.700209758172754,
        "12,5": 39.772023654520694,
        "12,6": 44.81182080076666,
        "12,7": 63.2135865524923,
        "12,8": 49.73195680053825,
        "12,9": 32.29298796832448,
        "12,10": 14.632272841531302,
        "12,11": 15.703001848168778,
        "12,12": 0.0,
        "12,13": 58.45307966016021,
        "12,14": 28.12644699201316,
        "12,15": 33.32171291604211,
        "12,16": 45.75577849778851,
        "12,17": 45.30142408545931,
        "12,18": 28.55693630059008,
        "12,19": 31.44721088399463,
        "12,20": 19.798573019820136,
        "12,21": 18.05822805414565,
        "12,22": 30.6685761767365,
        "12,23": 67.83535059095236,
        "12,24": 23.560557380817343,
        "12,25": 54.5979284380356,
        "12,26": 61.8563174981506,
        "12,27": 62.36115357775103,
        "12,28": 28.555337693459926,
        "12,29": 14.878931443907273,
        "12,30": 44.4177564256725,
        "13,0": 55.06659229693398,
        "13,1": 62.020741969889485,
        "13,2": 61.08734395971709,
        "13,3": 70.7276626105464,
        "13,4": 92.79597355404972,
        "13,5": 63.13232081164929,
        "13,6": 13.909808411988502,
        "13,7": 12.802664852144197,
        "13,8": 45.383866674696094,
        "13,9": 34.88868461911591,
        "13,10": 47.81173334940299,
        "13,11": 53.007444445928,
        "13,12": 58.45307966016021,
        "13,13": 0.0,
        "13,14": 35.291194978197204,
        "13,15": 28.03504859677094,
        "13,16": 93.03594383840554,
        "13,17": 52.055666292692166,
        "13,18": 86.54794215618928,
        "13,19": 36.603108726190875,
        "13,20": 55.36062926627069,
        "13,21": 51.03963928723611,
        "13,22": 28.19918415572121,
        "13,23": 76.90438640105712,
        "13,24": 36.2387752081416,
        "13,25": 4.53482935916867,
        "13,26": 4.660899742837794,
        "13,27": 75.87887364264678,
        "13,28": 74.36335129854947,
        "13,29": 48.67934757951705,
        "13,30": 77.37737086104535,
        "14,0": 29.224653067661357,
        "14,1": 64.48079622473152,
        "14,2": 33.776369979486645,
        "14,3": 35.676680271152456,
        "14,4": 70.29801628233864,
        "14,5": 31.404140914539347,
        "14,6": 24.278979182632867,
        "14,7": 36.665602792640904,
        "14,8": 50.17191900620043,
        "14,9": 28.846834660326927,
        "14,10": 25.355609932837538,
        "14,11": 31.733919840870353,
        "14,12": 28.12644699201316,
        "14,13": 35.291194978197204,
        "14,14": 0.0,
        "14,15": 22.502230579934782,
        "14,16": 71.77533794291215,
        "14,17": 50.90318951060631,
        "14,18": 53.54630632498253,
        "14,19": 5.2235438549910995,
        "14,20": 36.307702465382185,
        "14,21": 15.893818535625508,
        "14,22": 16.507749095013544,
        "14,23": 77.95655546374942,
        "14,24": 18.54741159714374,
        "14,25": 32.61622121839719,
        "14,26": 39.58254274266596,
        "14,27": 74.1387192239841,
        "14,28": 53.02214881813963,
        "14,29": 14.630421768697277,
        "14,30": 44.113022417220094,
        "15,0": 28.122407786257646,
        "15,1": 43.54070994364864,
        "15,2": 34.24387010680615,
        "15,3": 54.325336013990466,
        "15,4": 64.78065397507574,
        "15,5": 53.466479642803634,
        "15,6": 14.498280154863163,
        "15,7": 36.96321428387123,
        "15,8": 28.136247128194626,
        "15,9": 8.415199013820327,
        "15,10": 20.498518922654554,
        "15,11": 25.12734758079151,
        "15,12": 33.32171291604211,
        "15,13": 28.03504859677094,
        "15,14": 22.502230579934782,
        "15,15": 0.0,
        "15,16": 65.10319735050756,
        "15,17": 30.556919153562795,
        "15,18": 61.8482901244371,
        "15,19": 27.260532780064004,
        "15,20": 27.327315390185003,
        "15,21": 33.10690007877735,
        "15,22": 6.001892402411338,
        "15,23": 57.837122952452454,
        "15,24": 9.774185684441726,
        "15,25": 23.60371749459921,
        "15,26": 30.369561988010283,
        "15,27": 54.952399286234254,
        "15,28": 46.34121343645713,
        "15,29": 28.747022258660046,
        "15,30": 65.03854141327075,
        "16,0": 42.55194584480737,
        "16,1": 54.17649134338678,
        "16,2": 38.596678448664505,
        "16,3": 70.16687846747786,
        "16,4": 3.7339458342010574,
        "16,5": 83.75453906091487,
        "16,6": 79.58243131674642,
        "16,7": 101.6684258384711,
        "16,8": 59.67031602784256,
        "16,9": 58.34769181145028,
        "16,10": 47.51251847571285,
        "16,11": 41.27955500557811,
        "16,12": 45.75577849778851,
        "16,13": 93.03594383840554,
        "16,14": 71.77533794291215,
        "16,15": 65.10319735050756,
        "16,16": 0.0,
        "16,17": 50.53370844363468,
        "16,18": 43.24224542809103,
        "16,19": 76.01462151919507,
        "16,20": 37.95100279011398,
        "16,21": 63.791176522651774,
        "16,22": 66.45160724085777,
        "16,23": 53.127416575687306,
        "16,24": 58.4512409439051,
        "16,25": 88.53811622737405,
        "16,26": 94.87455261608214,
        "16,27": 46.737255958110815,
        "16,28": 19.085818480545374,
        "16,29": 60.43525478934162,
        "16,30": 84.00849102205358,
        "17,0": 36.70670405251799,
        "17,1": 13.686478657300386,
        "17,2": 40.558564738108814,
        "17,3": 74.5172420131903,
        "17,4": 51.958477398684636,
        "17,5": 78.91108256799947,
        "17,6": 41.99896785939021,
        "17,7": 63.81633651950691,
        "17,8": 9.247845304845612,
        "17,9": 22.50898464016694,
        "17,10": 32.00033598804313,
        "17,11": 29.648245768239494,
        "17,12": 45.30142408545931,
        "17,13": 52.055666292692166,
        "17,14": 50.90318951060631,
        "17,15": 30.556919153562795,
        "17,16": 50.53370844363468,
        "17,17": 0.0,
        "17,18": 68.29696560211956,
        "17,19": 56.082859898531204,
        "17,20": 26.34273269563494,
        "17,21": 55.634876838875094,
        "17,22": 35.84724932308565,
        "17,23": 27.317453951541484,
        "17,24": 32.520398517908355,
        "17,25": 47.74726477265192,
        "17,26": 52.052093137369056,
        "17,27": 24.56305029950321,
        "17,28": 36.837243333101526,
        "17,29": 50.485457956905336,
        "17,30": 87.62797422251377,
        "18,0": 34.70207951449288,
        "18,1": 78.90020240870057,
        "18,2": 29.05468561049124,
        "18,3": 32.43842523876548,
        "18,4": 39.69333567200831,
        "18,5": 48.961775662694016,
        "18,6": 73.12722175101804,
        "18,7": 90.08163663891155,
        "18,8": 74.70376532458712,
        "18,9": 60.08459715626816,
        "18,10": 42.23004874175897,
        "18,11": 40.522321309636375,
        "18,12": 28.55693630059008,
        "18,13": 86.54794215618928,
        "18,14": 53.54630632498253,
        "18,15": 61.8482901244371,
        "18,16": 43.24224542809103,
        "18,17": 68.29696560211956,
        "18,18": 0.0,
        "18,19": 55.22983130661131,
        "18,20": 42.37322107028469,
        "18,21": 38.66322263812982,
        "18,22": 59.14281569993704,
        "18,23": 85.05431633551495,
        "18,24": 52.10452055909248,
        "18,25": 82.86022343767684,
        "18,26": 90.1421401333575,
        "18,27": 78.7453494101391,
        "18,28": 36.599296231654826,
        "18,29": 38.923144197283165,
        "18,30": 44.20952894642713,
        "19,0": 33.52667088361341,
        "19,1": 69.63768606608944,
        "19,2": 37.66135477321805,
        "19,3": 34.25207625794379,
        "19,4": 74.39092570191984,
        "19,5": 27.731798803412786,
        "19,6": 27.06600935174928,
        "19,7": 36.13524001572364,
        "19,8": 55.15648936757194,
        "19,9": 33.928795877139784,
        "19,10": 30.223517166461516,
        "19,11": 36.53874940643193,
        "19,12": 31.44721088399463,
        "19,13": 36.603108726190875,
        "19,14": 5.2235438549910995,
        "19,15": 27.260532780064004,
        "19,16": 76.01462151919507,
        "19,17": 56.082859898531204,
        "19,18": 55.22983130661131,
        "19,19": 0.0,
        "19,20": 41.204831959976005,
        "19,21": 16.63122700117081,
        "19,22": 21.266249447818918,
        "19,23": 83.16596203389626,
        "19,24": 23.76914990232672,
        "19,25": 34.479078241968494,
        "19,26": 41.096737693436346,
        "19,27": 79.36216265410593,
        "19,28": 57.443142253782845,
        "19,29": 16.965907989868082,
        "19,30": 41.21355616456177,
        "20,0": 11.333082742003052,
        "20,1": 38.39524577654646,
        "20,2": 14.237842184886215,
        "20,3": 50.07680157222719,
        "20,4": 37.47330824758248,
        "20,5": 57.61079911723311,
        "20,6": 41.72873279877672,
        "20,7": 63.71799695174226,
        "20,8": 32.33253881262331,
        "20,9": 21.484895744250412,
        "20,10": 10.98320722907349,
        "20,11": 4.935493796286084,
        "20,12": 19.798573019820136,
        "20,13": 55.36062926627069,
        "20,14": 36.307702465382185,
        "20,15": 27.327315390185003,
        "20,16": 37.95100279011398,
        "20,17": 26.34273269563494,
        "20,18": 42.37322107028469,
        "20,19": 41.204831959976005,
        "20,20": 0.0,
        "20,21": 34.125687715822366,
        "20,22": 28.532354159862937,
        "20,23": 48.08488763416707,
        "20,24": 20.65740528555802,
        "20,25": 50.91305514953596,
        "20,26": 57.52595641720626,
        "20,27": 42.748013695846396,
        "20,28": 19.030920909238215,
        "20,29": 29.27491096839584,
        "20,30": 63.90930681254077,
        "21,0": 23.616733872186902,
        "21,1": 69.20764423364277,
        "21,2": 25.53019374682323,
        "21,3": 21.252252938523227,
        "21,4": 61.65199003919846,
        "21,5": 23.630057243311995,
        "21,6": 39.186417173380406,
        "21,7": 52.353639324623124,
        "21,8": 57.44379501021865,
        "21,9": 36.500416939283014,
        "21,10": 24.317595883699333,
        "21,11": 29.2147145401541,
        "21,12": 18.05822805414565,
        "21,13": 51.03963928723611,
        "21,14": 15.893818535625508,
        "21,15": 33.10690007877735,
        "21,16": 63.791176522651774,
        "21,17": 55.634876838875094,
        "21,18": 38.66322263812982,
        "21,19": 16.63122700117081,
        "21,20": 34.125687715822366,
        "21,21": 0.0,
        "21,22": 27.920419839493977,
        "21,23": 81.03768963322443,
        "21,24": 25.017591624231418,
        "21,25": 48.11863372957419,
        "21,26": 55.22280142079137,
        "21,27": 76.23078644516607,
        "21,28": 46.45393662014551,
        "21,29": 5.15256934957655,
        "21,30": 32.499793358597984,
        "22,0": 26.87485304304473,
        "22,1": 49.0870513630711,
        "22,2": 32.88839899711625,
        "22,3": 49.168242977677835,
        "22,4": 65.79666714208327,
        "22,5": 47.590874112202684,
        "22,6": 14.321122789735917,
        "22,7": 35.26509747462296,
        "22,8": 34.00666483683263,
        "22,9": 13.340258804477125,
        "22,10": 19.763382357706448,
        "22,11": 25.40328479101814,
        "22,12": 30.6685761767365,
        "22,13": 28.19918415572121,
        "22,14": 16.507749095013544,
        "22,15": 6.001892402411338,
        "22,16": 66.45160724085777,
        "22,17": 35.84724932308565,
        "22,18": 59.14281569993704,
        "22,19": 21.266249447818918,
        "22,20": 28.532354159862937,
        "22,21": 27.920419839493977,
        "22,22": 0.0,
        "22,23": 63.163227148258386,
        "22,24": 8.178113384796182,
        "22,25": 24.1079043476029,
        "22,26": 31.300270534104577,
        "22,27": 59.98196982379265,
        "22,28": 47.424680655114685,
        "22,29": 23.909763315837495,
        "22,30": 59.43458902481358,
        "23,0": 59.41450518090391,
        "23,1": 14.916368697621776,
        "23,2": 61.44964432770047,
        "23,3": 98.16164479876484,
        "23,4": 56.075180882762055,
        "23,5": 104.63809783136391,
        "23,6": 68.46540834042929,
        "23,7": 89.30031235300648,
        "23,8": 31.646487938690083,
        "23,9": 49.82347400211704,
        "23,10": 56.73496908086152,
        "23,11": 52.600887494999455,
        "23,12": 67.83535059095236,
        "23,13": 76.90438640105712,
        "23,14": 77.95655546374942,
        "23,15": 57.837122952452454,
        "23,16": 53.127416575687306,
        "23,17": 27.317453951541484,
        "23,18": 85.05431633551495,
        "23,19": 83.16596203389626,
        "23,20": 48.08488763416707,
        "23,21": 81.03768963322443,
        "23,22": 63.163227148258386,
        "23,23": 0.0,
        "23,24": 59.43515921483489,
        "23,25": 72.91885682058107,
        "23,26": 75.99974530603468,
        "23,27": 6.5237532056078535,
        "23,28": 48.73550939258099,
        "23,29": 75.92238083308862,
        "23,30": 111.93825676568326,
        "24,0": 18.878145911389634,
        "24,1": 46.174869277781006,
        "24,2": 24.95927358063232,
        "24,3": 45.87239516049313,
        "24,4": 57.7099851391437,
        "24,5": 47.126984126929905,
        "24,6": 22.328984005299098,
        "24,7": 43.386327027587264,
        "24,8": 32.82279049683134,
        "24,9": 11.52111913783518,
        "24,10": 11.601364060752132,
        "24,11": 17.273332601652456,
        "24,12": 23.560557380817343,
        "24,13": 36.2387752081416,
        "24,14": 18.54741159714374,
        "24,15": 9.774185684441726,
        "24,16": 58.4512409439051,
        "24,17": 32.520398517908355,
        "24,18": 52.10452055909248,
        "24,19": 23.76914990232672,
        "24,20": 20.65740528555802,
        "24,21": 25.017591624231418,
        "24,22": 8.178113384796182,
        "24,23": 59.43515921483489,
        "24,24": 0.0,
        "24,25": 32.04000597810403,
        "24,26": 39.13451492960876,
        "24,27": 55.59805056447173,
        "24,28": 39.38712730834243,
        "24,29": 20.208411744374914,
        "24,30": 57.480243233179145,
        "25,0": 50.9087530739425,
        "25,1": 58.01126400769734,
        "25,2": 56.962783030061324,
        "25,3": 68.265591874788,
        "25,4": 88.32571348909016,
        "25,5": 61.61687934987777,
        "25,6": 9.80089280727329,
        "25,7": 16.400314052552385,
        "25,8": 41.316218439229374,
        "25,9": 30.35799248118011,
        "25,10": 43.56866916049144,
        "25,11": 48.6498826956301,
        "25,12": 54.5979284380356,
        "25,13": 4.53482935916867,
        "25,14": 32.61622121839719,
        "25,15": 23.60371749459921,
        "25,16": 88.53811622737405,
        "25,17": 47.74726477265192,
        "25,18": 82.86022343767684,
        "25,19": 34.479078241968494,
        "25,20": 50.91305514953596,
        "25,21": 48.11863372957419,
        "25,22": 24.1079043476029,
        "25,23": 72.91885682058107,
        "25,24": 32.04000597810403,
        "25,25": 0.0,
        "25,26": 7.284947417294191,
        "25,27": 71.72131726431705,
        "25,28": 69.8998945428668,
        "25,29": 45.448331598690025,
        "25,30": 75.59851300246932,
        "26,0": 58.01235269412548,
        "26,1": 61.21515213555911,
        "26,2": 64.08887391223347,
        "26,3": 75.13315671901229,
        "26,4": 94.8033099216244,
        "26,5": 67.76359362872013,
        "26,6": 17.04449948920285,
        "26,7": 15.576649538978556,
        "26,8": 44.796899358649576,
        "26,9": 36.52883129805619,
        "26,10": 50.5951917621724,
        "26,11": 55.495443479765555,
        "26,12": 61.8563174981506,
        "26,13": 4.660899742837794,
        "26,14": 39.58254274266596,
        "26,15": 30.369561988010283,
        "26,16": 94.87455261608214,
        "26,17": 52.052093137369056,
        "26,18": 90.1421401333575,
        "26,19": 41.096737693436346,
        "26,20": 57.52595641720626,
        "26,21": 55.22280142079137,
        "26,22": 31.300270534104577,
        "26,23": 75.99974530603468,
        "26,24": 39.13451492960876,
        "26,25": 7.284947417294191,
        "26,26": 0.0,
        "26,27": 75.36626450171724,
        "26,28": 76.4242071167092,
        "26,29": 52.66720371942665,
        "26,30": 81.97314763116036,
        "27,0": 54.067406098357324,
        "27,1": 14.6676844517439,
        "27,2": 55.752019759112606,
        "27,3": 92.74940388483138,
        "27,4": 49.63203664299223,
        "27,5": 99.86083774483913,
        "27,6": 66.49606065200905,
        "27,7": 87.98758615466843,
        "27,8": 30.570590309404984,
        "27,9": 46.70336357004953,
        "27,10": 51.92606703816974,
        "27,11": 47.410298159237136,
        "27,12": 62.36115357775103,
        "27,13": 75.87887364264678,
        "27,14": 74.1387192239841,
        "27,15": 54.952399286234254,
        "27,16": 46.737255958110815,
        "27,17": 24.56305029950321,
        "27,18": 78.7453494101391,
        "27,19": 79.36216265410593,
        "27,20": 42.748013695846396,
        "27,21": 76.23078644516607,
        "27,22": 59.98196982379265,
        "27,23": 6.5237532056078535,
        "27,24": 55.59805056447173,
        "27,25": 71.72131726431705,
        "27,26": 75.36626450171724,
        "27,27": 0.0,
        "27,28": 42.32941692887953,
        "27,29": 71.16025881404327,
        "27,30": 106.65273436312314,
        "28,0": 23.93321860239666,
        "28,1": 44.53077871312065,
        "28,2": 20.935981161852464,
        "28,3": 56.43594178509301,
        "28,4": 18.442835995004494,
        "28,5": 68.0592988560821,
        "28,6": 60.75945313766795,
        "28,7": 82.67513423517259,
        "28,8": 45.24853768610512,
        "28,9": 40.04519202673584,
        "28,10": 28.44535486139293,
        "28,11": 22.193756114775887,
        "28,12": 28.555337693459926,
        "28,13": 74.36335129854947,
        "28,14": 53.02214881813963,
        "28,15": 46.34121343645713,
        "28,16": 19.085818480545374,
        "28,17": 36.837243333101526,
        "28,18": 36.599296231654826,
        "28,19": 57.443142253782845,
        "28,20": 19.030920909238215,
        "28,21": 46.45393662014551,
        "28,22": 47.424680655114685,
        "28,23": 48.73550939258099,
        "28,24": 39.38712730834243,
        "28,25": 69.8998945428668,
        "28,26": 76.4242071167092,
        "28,27": 42.32941692887953,
        "28,28": 0.0,
        "28,29": 42.58397358699368,
        "28,30": 70.6862206414192,
        "29,0": 19.15716010058221,
        "29,1": 64.05514278002644,
        "29,2": 21.860369773164386,
        "29,3": 25.690809261855637,
        "29,4": 58.50073498793434,
        "29,5": 28.71912697885493,
        "29,6": 36.15093647671721,
        "29,7": 51.19895991771733,
        "29,8": 52.397202999172194,
        "29,9": 31.609663072947455,
        "29,10": 19.23419371458437,
        "29,11": 24.343538274325724,
        "29,12": 14.878931443907273,
        "29,13": 48.67934757951705,
        "29,14": 14.630421768697277,
        "29,15": 28.747022258660046,
        "29,16": 60.43525478934162,
        "29,17": 50.485457956905336,
        "29,18": 38.923144197283165,
        "29,19": 16.965907989868082,
        "29,20": 29.27491096839584,
        "29,21": 5.15256934957655,
        "29,22": 23.909763315837495,
        "29,23": 75.92238083308862,
        "29,24": 20.208411744374914,
        "29,25": 45.448331598690025,
        "29,26": 52.66720371942665,
        "29,27": 71.16025881404327,
        "29,28": 42.58397358699368,
        "29,29": 0.0,
        "29,30": 37.50747612618786,
        "30,0": 52.58533154604785,
        "30,1": 101.01337940013883,
        "30,2": 51.57049332193727,
        "30,3": 14.269468789689542,
        "30,4": 80.92641688307334,
        "30,5": 14.762015026171923,
        "30,6": 68.18055420056432,
        "30,7": 74.27887939432003,
        "30,8": 89.90396375314089,
        "30,9": 68.9854532016837,
        "30,10": 55.700653728323246,
        "30,11": 59.33786297876919,
        "30,12": 44.4177564256725,
        "30,13": 77.37737086104535,
        "30,14": 44.113022417220094,
        "30,15": 65.03854141327075,
        "30,16": 84.00849102205358,
        "30,17": 87.62797422251377,
        "30,18": 44.20952894642713,
        "30,19": 41.21355616456177,
        "30,20": 63.90930681254077,
        "30,21": 32.499793358597984,
        "30,22": 59.43458902481358,
        "30,23": 111.93825676568326,
        "30,24": 57.480243233179145,
        "30,25": 75.59851300246932,
        "30,26": 81.97314763116036,
        "30,27": 106.65273436312314,
        "30,28": 70.6862206414192,
        "30,29": 37.50747612618786,
        "30,30": 0.0
    }
}