{
    "num_robots": 7,
    "num_tasks": 60,
    "num_nodes": 61,
    "robot_capacity": [
        143,
        125,
        136,
        102,
        104,
        100,
        145
    ],
    "robot_speed": [
        0.82,
        1.1,
        0.98,
        0.87,
        1.17,
        0.92,
        0.92
    ],
    "task_demand": {
        "0": 0,
        "1": 9,
        "2": 10,
        "3": 14,
        "4": 9,
        "5": 11,
        "6": 14,
        "7": 13,
        "8": 11,
        "9": 5,
        "10": 5,
        "11": 14,
        "12": 11,
        "13": 11,
        "14": 5,
        "15": 13,
        "16": 13,
        "17": 8,
        "18": 9,
        "19": 15,
        "20": 13,
        "21": 5,
        "22": 15,
        "23": 12,
        "24": 13,
        "25": 8,
        "26": 8,
        "27": 11,
        "28": 14,
        "29": 8,
        "30": 10,
        "31": 8,
        "32": 10,
        "33": 14,
        "34": 15,
        "35": 15,
        "36": 9,
        "37": 6,
        "38": 13,
        "39": 8,
        "40": 7,
        "41": 14,
        "42": 9,
        "43": 7,
        "44": 10,
        "45": 5,
        "46": 7,
        "47": 5,
        "48": 15,
        "49": 12,
        "50": 9,
        "51": 9,
        "52": 5,
        "53": 10,
        "54": 9,
        "55": 7,
        "56": 10,
        "57": 10,
        "58": 10,
        "59": 15,
        "60": 7
    },
    "task_service_time": {
        "0": 0,
        "1": 46,
        "2": 51,
        "3": 33,
        "4": 23,
        "5": 43,
        "6": 18,
        "7": 64,
        "8": 88,
        "9": 38,
        "10": 99,
        "11": 58,
        "12": 59,
        "13": 78,
        "14": 64,
        "15": 90,
        "16": 22,
        "17": 81,
        "18": 55,
        "19": 84,
        "20": 94,
        "21": 72,
        "22": 94,
        "23": 15,
        "24": 38,
        "25": 97,
        "26": 70,
        "27": 52,
        "28": 52,
        "29": 17,
        "30": 64,
        "31": 65,
        "32": 84,
        "33": 46,
        "34": 42,
        "35": 96,
        "36": 99,
        "37": 34,
        "38": 85,
        "39": 31,
        "40": 90,
        "41": 56,
        "42": 39,
        "43": 16,
        "44": 29,
        "45": 42,
        "46": 87,
        "47": 57,
        "48": 78,
        "49": 10,
        "50": 87,
        "51": 89,
        "52": 34,
        "53": 26,
        "54": 44,
        "55": 91,
        "56": 64,
        "57": 13,
        "58": 74,
        "59": 93,
        "60": 52
    },
    "task_precedence": [],
    "coordinates": {
        "0": [
            100,
            0
        ],
        "1": [
            11.591614766283376,
            96.67718472712805
        ],
        "2": [
            99.40427514550339,
            84.73629812069302
        ],
        "3": [
            16.672056635725518,
            66.44439894655146
        ],
        "4": [
            83.89940871166698,
            21.020940700084157
        ],
        "5": [
            25.72278064681225,
            56.16314320610821
        ],
        "6": [
            84.17262730301796,
            58.34712345018567
        ],
        "7": [
            1.0134579817687728,
            98.89839194058746
        ],
        "8": [
            28.504441300992987,
            18.19992949889696
        ],
        "9": [
            77.87379767452242,
            41.445873880439585
        ],
        "10": [
            59.617264068205756,
            15.958640129481916
        ],
        "11": [
            61.96974409104469,
            65.35512902332536
        ],
        "12": [
            43.36795654000644,
            98.04374390274074
        ],
        "13": [
            2.8240002930857377,
            31.405076547803557
        ],
        "14": [
            44.58986544037907,
            34.66968625126202
        ],
        "15": [
            22.366199148215927,
            57.24193666399191
        ],
        "16": [
            84.37517578633232,
            76.67971588503688
        ],
        "17": [
            10.975815260384314,
            79.62996213962494
        ],
        "18": [
            77.52275101072273,
            71.9692493402015
        ],
        "19": [
            92.68067017661696,
            49.899938535836284
        ],
        "20": [
            52.042299095047625,
            78.30090980714087
        ],
        "21": [
            21.671110266279612,
            97.937360505973
        ],
        "22": [
            87.27234912897323,
            80.94460138964538
        ],
        "23": [
            86.27920155101305,
            60.08377510410268
        ],
        "24": [
            71.03497546143667,
            29.18317666950201
        ],
        "25": [
            3.3461865038945104,
            32.065262437877685
        ],
        "26": [
            62.67017237861228,
            29.277126198723767
        ],
        "27": [
            44.89022866215624,
            13.468003446064781
        ],
        "28": [
            67.23949208239537,
            61.356446577685816
        ],
        "29": [
            6.973384714104425,
            25.423176820285743
        ],
        "30": [
            35.13050590860614,
            27.022823127351813
        ],
        "31": [
            69.42927453885301,
            44.890112139866275
        ],
        "32": [
            26.415684378347816,
            50.59668357786627
        ],
        "33": [
            11.462472328871554,
            88.74165306343762
        ],
        "34": [
            84.8147244329229,
            88.37962367093552
        ],
        "35": [
            4.869818866682795,
            75.73012093054801
        ],
        "36": [
            43.29834625858604,
            99.88409393359284
        ],
        "37": [
            86.26907591454433,
            31.811890065144777
        ],
        "38": [
            53.47490181335672,
            25.740445039012826
        ],
        "39": [
            59.05639058562077,
            54.841177945539556
        ],
        "40": [
            61.6772865316784,
            57.918926619831026
        ],
        "41": [
            39.43733481812883,
            50.1051413760224
        ],
        "42": [
            82.24696787003853,
            70.81286485162553
        ],
        "43": [
            61.304804589589715,
            14.878247682055068
        ],
        "44": [
            91.05452956863745,
            65.28088898162065
        ],
        "45": [
            25.868027311017816,
            85.80925142106793
        ],
        "46": [
            21.14753385893673,
            76.79907049580657
        ],
        "47": [
            65.6442089249424,
            79.3132056335617
        ],
        "48": [
            19.697326435892528,
            32.27562010853896
        ],
        "49": [
            2.651979130999571,
            98.01534496178797
        ],
        "50": [
            81.36786462491776,
            3.104590434952048
        ],
        "51": [
            59.60425534684373,
            15.59188293803999
        ],
        "52": [
            12.997642674832754,
            15.914309592854647
        ],
        "53": [
            79.30485440185507,
            54.889393414066866
        ],
        "54": [
            20.286995572240695,
            70.84645488704695
        ],
        "55": [
            26.112133657451185,
            33.01809572957778
        ],
        "56": [
            88.95066749887755,
            65.7486040646295
        ],
        "57": [
            63.84660158306765,
            39.103767720978865
        ],
        "58": [
            34.42223960323175,
            62.4626987614718
        ],
        "59": [
            5.763946285527066,
            93.87931236393473
        ],
        "60": [
            73.62409764200272,
            14.246064872135566
        ]
    },
    "distance_matrix_str_keys": {
        "0,0": 0.0,
        "0,1": 131.00580378897908,
        "0,2": 84.7383921684925,
        "0,3": 106.57581478313091,
        "0,4": 26.47846271501425,
        "0,5": 93.12037354752925,
        "0,6": 60.455707269044325,
        "0,7": 139.9257925800712,
        "0,8": 73.77568940679562,
        "0,9": 46.98222313877105,
        "0,10": 43.42169453302504,
        "0,11": 75.61476875687801,
        "0,12": 113.2243969510141,
        "0,13": 102.12469707182295,
        "0,14": 65.36260518581129,
        "0,15": 96.45541118951766,
        "0,16": 78.25544044932592,
        "0,17": 119.4413510427244,
        "0,18": 75.39760986077782,
        "0,19": 50.43388201342133,
        "0,20": 91.82033300263552,
        "0,21": 125.40790066735927,
        "0,22": 81.93913345174776,
        "0,23": 61.63051468905733,
        "0,24": 41.117276746435216,
        "0,25": 101.83388786916619,
        "0,26": 47.44118620669723,
        "0,27": 56.73159625581356,
        "0,28": 69.55475839696267,
        "0,29": 96.43800636256192,
        "0,30": 70.27292674597751,
        "0,31": 54.31106170155939,
        "0,32": 89.30104083707897,
        "0,33": 125.35539395872587,
        "0,34": 89.67469249606744,
        "0,35": 121.5927735460178,
        "0,36": 114.85603927502463,
        "0,37": 34.648731950208564,
        "0,38": 53.17100029229502,
        "0,39": 68.43927198861468,
        "0,40": 69.44949552277863,
        "0,41": 78.60255470557317,
        "0,42": 73.00432849017945,
        "0,43": 41.45697048673979,
        "0,44": 65.89093949450913,
        "0,45": 113.39654758503033,
        "0,46": 110.07183402463774,
        "0,47": 86.43439690461575,
        "0,48": 86.54614396340445,
        "0,49": 138.14356668006528,
        "0,50": 18.889016660593715,
        "0,51": 43.30038105648201,
        "0,52": 88.44588984205716,
        "0,53": 58.661184446724434,
        "0,54": 106.64606530464381,
        "0,55": 80.92966970315597,
        "0,56": 66.67058335703817,
        "0,57": 53.255730837814205,
        "0,58": 90.565067190514,
        "0,59": 133.01789018625374,
        "0,60": 29.977301238432073,
        "1,0": 131.00580378897908,
        "1,1": 0.0,
        "1,2": 88.6208107377944,
        "1,3": 30.656683213338898,
        "1,4": 104.65316204266199,
        "1,5": 42.90777796052766,
        "1,6": 82.08042993522744,
        "1,7": 10.808846489931128,
        "1,8": 80.27903393508234,
        "1,9": 86.27760699581778,
        "1,10": 93.92521723601935,
        "1,11": 59.32138811402254,
        "1,12": 31.805713016703592,
        "1,13": 65.85832650260758,
        "1,14": 70.24111626949693,
        "1,15": 40.880685640097425,
        "1,16": 75.48076254814598,
        "1,17": 17.058341272800877,
        "1,18": 70.4087835256892,
        "1,19": 93.61381131318643,
        "1,20": 44.42910467925596,
        "1,21": 10.157965964110721,
        "1,22": 77.29869165870056,
        "1,23": 83.17038684270413,
        "1,24": 89.93861381196058,
        "1,25": 65.13591627621683,
        "1,26": 84.568238348616,
        "1,27": 89.624581097215,
        "1,28": 65.91085489667476,
        "1,29": 71.40351316009034,
        "1,30": 73.52421020373156,
        "1,31": 77.63437238186343,
        "1,32": 48.40625606293518,
        "1,33": 7.936582422842593,
        "1,34": 73.69174518719151,
        "1,35": 21.999136842473646,
        "1,36": 31.868496804579372,
        "1,37": 98.91526502585909,
        "1,38": 82.37858199463598,
        "1,39": 63.270501871006786,
        "1,40": 63.330696251523584,
        "1,41": 54.261766899936205,
        "1,42": 75.24056063612657,
        "1,43": 95.72077801664538,
        "1,44": 85.44051858120683,
        "1,45": 17.942350166363987,
        "1,46": 22.055725222689965,
        "1,47": 56.77315127102343,
        "1,48": 64.90966096809584,
        "1,49": 9.039234376055374,
        "1,50": 116.72427102750629,
        "1,51": 94.23396320725112,
        "1,52": 80.7751132121389,
        "1,53": 79.56948111410749,
        "1,54": 27.255022499199434,
        "1,55": 65.29414277610807,
        "1,56": 83.31266495246065,
        "1,57": 77.75141151764542,
        "1,58": 41.132328895159496,
        "1,59": 6.464503823366612,
        "1,60": 103.16452128650891,
        "2,0": 84.7383921684925,
        "2,1": 88.6208107377944,
        "2,2": 0.0,
        "2,3": 84.7302399084683,
        "2,4": 65.5747486031555,
        "2,5": 79.02776609099813,
        "2,6": 30.469519782694935,
        "2,7": 99.40481780834844,
        "2,8": 97.23103819539679,
        "2,9": 48.3489637017128,
        "2,10": 79.45673344167258,
        "2,11": 42.15416741969876,
        "2,12": 57.594766395037176,
        "2,13": 110.32664539912906,
        "2,14": 74.23803025003745,
        "2,15": 81.7973414315867,
        "2,16": 17.05234133096468,
        "2,17": 88.57577086769082,
        "2,18": 25.33374494669982,
        "2,19": 35.47927300415095,
        "2,20": 47.79718609029353,
        "2,21": 78.84613478313723,
        "2,22": 12.710648802118586,
        "2,23": 27.928738746035496,
        "2,24": 62.377611909523814,
        "2,25": 109.55087582205627,
        "2,26": 66.52153077281866,
        "2,27": 89.72709228442756,
        "2,28": 39.76418901058912,
        "2,29": 109.82493279915134,
        "2,30": 86.3826522383108,
        "2,31": 49.86200155015164,
        "2,32": 80.57820836496735,
        "2,33": 88.03296854506682,
        "2,34": 15.037579960219917,
        "2,35": 94.96249076089217,
        "2,36": 58.11480856247513,
        "2,37": 54.53005067728405,
        "2,38": 74.76642304884527,
        "2,39": 50.21623242283796,
        "2,40": 46.28711574599271,
        "2,41": 69.24847254417129,
        "2,42": 22.09604459949551,
        "2,43": 79.57208598326562,
        "2,44": 21.17147127544737,
        "2,45": 73.54407504591835,
        "2,46": 78.658229951874,
        "2,47": 34.19286480160215,
        "2,48": 95.42180259296845,
        "2,49": 97.65930508193354,
        "2,50": 83.60052514283241,
        "2,51": 79.7808982584478,
        "2,52": 110.46525354086448,
        "2,53": 35.983669001320905,
        "2,54": 80.32727850567996,
        "2,55": 89.70234368439334,
        "2,56": 21.675111035384894,
        "2,57": 57.85046222679278,
        "2,58": 68.69336337399817,
        "2,59": 94.0856306693888,
        "2,60": 75.05658222666442,
        "3,0": 106.57581478313091,
        "3,1": 30.656683213338898,
        "3,2": 84.7302399084683,
        "3,3": 0.0,
        "3,4": 81.13450207039635,
        "3,5": 13.697438619145522,
        "3,6": 67.98450493218427,
        "3,7": 36.034058515002634,
        "3,8": 49.674280660644946,
        "3,9": 66.11035744617466,
        "3,10": 66.28048494658191,
        "3,11": 45.310782356580695,
        "3,12": 41.36652841802937,
        "3,13": 37.67655476065085,
        "3,14": 42.29700243895989,
        "3,15": 10.821671359567418,
        "3,16": 68.47243281461897,
        "3,17": 14.363364596245654,
        "3,18": 61.100989990273746,
        "3,19": 77.78835711525413,
        "3,20": 37.304569444218316,
        "3,21": 31.887257094086333,
        "3,22": 72.07397013501362,
        "3,23": 69.89715415467906,
        "3,24": 65.90694674183099,
        "3,25": 36.87145022713985,
        "3,26": 59.13740622826995,
        "3,27": 60.02302652097128,
        "3,28": 50.822758553240384,
        "3,29": 42.1521636665981,
        "3,30": 43.52901319382755,
        "3,31": 56.990449380777115,
        "3,32": 18.60345032497089,
        "3,33": 22.897757746190262,
        "3,34": 71.58615269888746,
        "3,35": 15.01723839862361,
        "3,36": 42.74543835202547,
        "3,37": 77.73773706454922,
        "3,38": 54.87496038154125,
        "3,39": 43.943901760933414,
        "3,40": 45.80561533678209,
        "3,41": 28.021941914833445,
        "3,42": 65.72025926418601,
        "3,43": 68.19934124422385,
        "3,44": 74.39157233890052,
        "3,45": 21.43742960386395,
        "3,46": 11.280475134870679,
        "3,47": 50.63474978101392,
        "3,48": 34.302444587008864,
        "3,49": 34.54398942704072,
        "3,50": 90.53992994066492,
        "3,51": 66.5518750341931,
        "3,52": 50.66351002495373,
        "3,53": 63.6897598430755,
        "3,54": 5.696128511364985,
        "3,55": 34.733741533689944,
        "3,56": 72.28195984355065,
        "3,57": 54.52474490358995,
        "3,58": 18.191287248125455,
        "3,59": 29.523911421615924,
        "3,60": 77.25413293102841,
        "4,0": 26.47846271501425,
        "4,1": 104.65316204266199,
        "4,2": 65.5747486031555,
        "4,3": 81.13450207039635,
        "4,4": 0.0,
        "4,5": 67.96686288163406,
        "4,6": 37.32718268357036,
        "4,7": 113.7320457923627,
        "4,8": 55.46675146992887,
        "4,9": 21.29520800069683,
        "4,10": 24.804222131586638,
        "4,11": 49.46140358555942,
        "4,12": 87.0362615714782,
        "4,13": 81.73770321916102,
        "4,14": 41.61163836378056,
        "4,15": 71.40235589808648,
        "4,16": 55.66080855861191,
        "4,17": 93.5567628552234,
        "4,18": 51.34580719711851,
        "4,19": 30.18455016913771,
        "4,20": 65.54288896616225,
        "4,21": 98.93683218682479,
        "4,22": 60.01851245654431,
        "4,23": 39.13525834377455,
        "4,24": 15.235345052544417,
        "4,25": 81.30681798411906,
        "4,26": 22.77817100367448,
        "4,27": 39.73365059113371,
        "4,28": 43.64064454721446,
        "4,29": 77.05188414913407,
        "4,30": 49.136834180532425,
        "4,31": 27.91275923660986,
        "4,32": 64.64598309254573,
        "4,33": 99.16251628274267,
        "4,34": 67.36490165091342,
        "4,35": 96.11852304605915,
        "4,36": 88.70086363869774,
        "4,37": 11.048072721144388,
        "4,38": 30.788379970542373,
        "4,39": 41.96407984157343,
        "4,40": 43.07300870749777,
        "4,41": 53.12971620357757,
        "4,42": 49.8193363208296,
        "4,43": 23.414713599511188,
        "4,44": 44.83457121867164,
        "4,45": 86.97796521732587,
        "4,46": 83.95830846938959,
        "4,47": 61.0838806096008,
        "4,48": 65.18109524342474,
        "4,49": 111.93428027677753,
        "4,50": 18.094317403153244,
        "4,51": 24.894359706646295,
        "4,52": 71.0854282424134,
        "4,53": 34.178677834946946,
        "4,54": 80.80297624107843,
        "4,55": 59.0194958212394,
        "4,56": 45.011988240772745,
        "4,57": 27.001920428080734,
        "4,58": 64.53998430588038,
        "4,59": 106.83394970726538,
        "4,60": 12.30776015619767,
        "5,0": 93.12037354752925,
        "5,1": 42.90777796052766,
        "5,2": 79.02776609099813,
        "5,3": 13.697438619145522,
        "5,4": 67.96686288163406,
        "5,5": 0.0,
        "5,6": 58.49063466778662,
        "5,7": 49.36448228193061,
        "5,8": 38.064986943047934,
        "5,9": 54.1878823486283,
        "5,10": 52.58553103318033,
        "5,11": 37.39431724462212,
        "5,12": 45.44597833706013,
        "5,13": 33.724116094351054,
        "5,14": 28.599573082084046,
        "5,15": 3.525682158319409,
        "5,16": 62.13721276410908,
        "5,17": 27.715782128003582,
        "5,18": 54.15782418842383,
        "5,19": 67.25017994791722,
        "5,20": 34.39182695683379,
        "5,21": 41.970242599832666,
        "5,22": 66.35111189756073,
        "5,23": 60.68320580857853,
        "5,24": 52.736264498301985,
        "5,25": 32.88494827359038,
        "5,26": 45.69428483196175,
        "5,27": 46.80027801787673,
        "5,28": 41.84026443911077,
        "5,29": 36.00674077506788,
        "5,30": 30.621292410572224,
        "5,31": 45.13688998763042,
        "5,32": 5.609419611156155,
        "5,33": 35.562841532234714,
        "5,34": 67.30348753193597,
        "5,35": 28.595675062363245,
        "5,36": 47.12135438512887,
        "5,37": 65.25976861882577,
        "5,38": 41.17913055187973,
        "5,39": 33.359813304375436,
        "5,40": 35.9973508583726,
        "5,41": 14.992944417001619,
        "5,42": 58.39176385019959,
        "5,43": 54.50250477084858,
        "5,44": 65.96492026229761,
        "5,45": 29.646464019956323,
        "5,46": 21.13703806770672,
        "5,47": 46.148085834202085,
        "5,48": 24.63574350785449,
        "5,49": 47.789838610107786,
        "5,50": 76.88683497907803,
        "5,51": 52.858126031748455,
        "5,52": 42.21253064711099,
        "5,53": 53.59721136797672,
        "5,54": 15.657183696199224,
        "5,55": 23.148322152107294,
        "5,56": 63.95034586026737,
        "5,57": 41.76658969466262,
        "5,58": 10.740809388939912,
        "5,59": 42.67158873305519,
        "5,60": 63.652004099872,
        "6,0": 60.455707269044325,
        "6,1": 82.08042993522744,
        "6,2": 30.469519782694935,
        "6,3": 67.98450493218427,
        "6,4": 37.32718268357036,
        "6,5": 58.49063466778662,
        "6,6": 0.0,
        "6,7": 92.51947264430795,
        "6,8": 68.6348607845783,
        "6,9": 18.036837076041227,
        "6,10": 48.98723692782792,
        "6,11": 23.282615081594283,
        "6,12": 56.92840092108666,
        "6,13": 85.69406635054281,
        "6,14": 46.123920789362145,
        "6,15": 61.81630852038225,
        "6,16": 18.333711333782283,
        "6,17": 76.22816091107886,
        "6,18": 15.158600478483157,
        "6,19": 11.989233775192243,
        "6,20": 37.8221043932104,
        "6,21": 73.9853127453492,
        "6,22": 22.80908337971239,
        "6,23": 2.7301307714775738,
        "6,24": 31.986461006762735,
        "6,25": 84.99205698489996,
        "6,26": 36.15826749135114,
        "6,27": 59.64262113056282,
        "6,28": 17.198461968606274,
        "6,29": 83.92680929232577,
        "6,30": 58.192280085758064,
        "6,31": 19.96140285988624,
        "6,32": 58.274640918825426,
        "6,33": 78.80732241851157,
        "6,34": 30.039363479167992,
        "6,35": 81.1856146573539,
        "6,36": 58.27543880434231,
        "6,37": 26.61792079745072,
        "6,38": 44.783320859983604,
        "6,39": 25.35975159038194,
        "6,40": 22.499415746730353,
        "6,41": 45.4882035501448,
        "6,42": 12.613598730711017,
        "6,43": 49.11700801349728,
        "6,44": 9.769221219649724,
        "6,45": 64.44838906377923,
        "6,46": 65.67066889722967,
        "6,47": 27.979973011300164,
        "6,48": 69.54701796913972,
        "6,49": 90.65971473747065,
        "6,50": 55.313688609779405,
        "6,51": 49.31141340327157,
        "6,52": 82.86387710379779,
        "6,53": 5.970855049318645,
        "6,54": 65.09690643962279,
        "6,55": 63.34493324361644,
        "6,56": 8.80974366251583,
        "6,57": 27.990249396689517,
        "6,58": 49.92032688616839,
        "6,59": 86.08401540300608,
        "6,60": 45.345064182487654,
        "7,0": 139.9257925800712,
        "7,1": 10.808846489931128,
        "7,2": 99.40481780834844,
        "7,3": 36.034058515002634,
        "7,4": 113.7320457923627,
        "7,5": 49.36448228193061,
        "7,6": 92.51947264430795,
        "7,7": 0.0,
        "7,8": 85.2525425093633,
        "7,9": 95.95990646690471,
        "7,10": 101.55495319433953,
        "7,11": 69.57599660351603,
        "7,12": 42.363120416092485,
        "7,13": 67.51759538202519,
        "7,14": 77.61591281125806,
        "7,15": 46.81025338034705,
        "7,16": 86.27192800088093,
        "7,17": 21.691494866454104,
        "7,18": 81.11011429521145,
        "7,19": 103.94097472908794,
        "7,20": 55.02907318501657,
        "7,21": 20.6799946645562,
        "7,22": 88.10751895889685,
        "7,23": 93.68469195433825,
        "7,24": 98.80902868892713,
        "7,25": 66.87382762698658,
        "7,26": 92.99823156228904,
        "7,27": 96.03917056943162,
        "7,28": 76.12677094379119,
        "7,29": 73.71653792487425,
        "7,30": 79.56173924361062,
        "7,31": 87.16431748258911,
        "7,32": 54.57406102408384,
        "7,33": 14.571933483397688,
        "7,34": 84.45884645629472,
        "7,35": 23.487024095643303,
        "7,36": 42.296375553963635,
        "7,37": 108.48557103589019,
        "7,38": 90.02382064625158,
        "7,39": 72.8698849337691,
        "7,40": 73.20803693794765,
        "7,41": 62.10616404023191,
        "7,42": 85.95161406647601,
        "7,43": 103.4138826125825,
        "7,44": 96.11207560815527,
        "7,45": 28.090482660185373,
        "7,46": 29.89583616069818,
        "7,47": 67.53305479659164,
        "7,48": 69.19306805595627,
        "7,49": 1.8613230571944013,
        "7,50": 125.03312790566197,
        "7,51": 101.84721880378864,
        "7,52": 83.84496768353345,
        "7,53": 89.81277584349787,
        "7,54": 34.03498822839716,
        "7,55": 70.49934006445358,
        "7,56": 93.97798281447042,
        "7,57": 86.73754100956315,
        "7,58": 49.43385911370119,
        "7,59": 6.910737943296423,
        "7,60": 111.52722299946545,
        "8,0": 73.77568940679562,
        "8,1": 80.27903393508234,
        "8,2": 97.23103819539679,
        "8,3": 49.674280660644946,
        "8,4": 55.46675146992887,
        "8,5": 38.064986943047934,
        "8,6": 68.6348607845783,
        "8,7": 85.2525425093633,
        "8,8": 0.0,
        "8,9": 54.56837251491311,
        "8,10": 31.19344672493641,
        "8,11": 57.82334591683963,
        "8,12": 81.2155082716093,
        "8,13": 28.876650757036398,
        "8,14": 23.021593281656664,
        "8,15": 39.52159334092509,
        "8,16": 80.87907261894044,
        "8,17": 63.88193517037824,
        "8,18": 72.75942855050121,
        "8,19": 71.57848088384179,
        "8,20": 64.54578672186946,
        "8,21": 80.02969646723764,
        "8,22": 85.96837116728254,
        "8,23": 71.35950843880589,
        "8,24": 43.925824458776766,
        "8,25": 28.726037700046838,
        "8,26": 35.91659041160303,
        "8,27": 17.05535551123838,
        "8,28": 57.990422704181206,
        "8,29": 22.710387482686144,
        "8,30": 11.033955961634652,
        "8,31": 48.85906082759831,
        "8,32": 32.464019780906874,
        "8,33": 72.57109252245567,
        "8,34": 89.97798319855237,
        "8,35": 62.195806159055564,
        "8,36": 83.01302514237588,
        "8,37": 59.346764718004465,
        "8,38": 26.084157506238256,
        "8,39": 47.70746998970975,
        "8,40": 51.749747757759906,
        "8,41": 33.72640961592706,
        "8,42": 75.20890990072228,
        "8,43": 32.96812706169797,
        "8,44": 78.28876220827598,
        "8,45": 67.66070565329838,
        "8,46": 59.05915181143965,
        "8,47": 71.51359911983694,
        "8,48": 16.603925390865783,
        "8,49": 83.89785662199507,
        "8,50": 54.97645666082832,
        "8,51": 31.20897852461841,
        "8,52": 15.674337688948192,
        "8,53": 62.664174243348924,
        "8,54": 53.28398492746305,
        "8,55": 15.010036185880365,
        "8,56": 76.90658433790807,
        "8,57": 41.061402141412906,
        "8,58": 44.65661294296646,
        "8,59": 79.0221431269831,
        "8,60": 45.2925648845103,
        "9,0": 46.98222313877105,
        "9,1": 86.27760699581778,
        "9,2": 48.3489637017128,
        "9,3": 66.11035744617466,
        "9,4": 21.29520800069683,
        "9,5": 54.1878823486283,
        "9,6": 18.036837076041227,
        "9,7": 95.95990646690471,
        "9,8": 54.56837251491311,
        "9,9": 0.0,
        "9,10": 31.351237672451237,
        "9,11": 28.71569957137978,
        "9,12": 66.28704219877179,
        "9,13": 75.71848980315028,
        "9,14": 33.966702279627704,
        "9,15": 57.71142948861646,
        "9,16": 35.82864133284495,
        "9,17": 77.02833665131027,
        "9,18": 30.525394071457306,
        "9,19": 17.050357254055147,
        "9,20": 45.006221703447295,
        "9,21": 79.68707632402807,
        "9,22": 40.6015054436218,
        "9,23": 20.44559063343355,
        "9,24": 14.040770354554311,
        "9,25": 75.11564882124513,
        "9,26": 19.473793731055665,
        "9,27": 43.25132435933247,
        "9,28": 22.57253553677725,
        "9,29": 72.6883441759356,
        "9,30": 45.11112261973085,
        "9,31": 9.119909439054458,
        "9,32": 52.265425877155735,
        "9,33": 81.53131216099003,
        "9,34": 47.44421285744297,
        "9,35": 80.65352142075612,
        "9,36": 67.90056997990915,
        "9,37": 12.778667414122165,
        "9,38": 29.01666097842976,
        "9,39": 23.098246265591897,
        "9,40": 23.101697767805778,
        "9,41": 39.39980444711599,
        "9,42": 29.690819730358868,
        "9,43": 31.310865425050697,
        "9,44": 27.236733250117762,
        "9,45": 68.35721920846328,
        "9,46": 66.84098680749877,
        "9,47": 39.79318603837677,
        "9,48": 58.894782112001984,
        "9,49": 94.11921718447402,
        "9,50": 38.50016259837173,
        "9,51": 31.657621902355896,
        "9,52": 69.71926751275319,
        "9,53": 13.519472652728075,
        "9,54": 64.65782195445065,
        "9,55": 52.4432770369693,
        "9,56": 26.70804634396243,
        "9,57": 14.221381488811408,
        "9,58": 48.267430291063974,
        "9,59": 89.15770375321173,
        "9,60": 27.529794050348695,
        "10,0": 43.42169453302504,
        "10,1": 93.92521723601935,
        "10,2": 79.45673344167258,
        "10,3": 66.28048494658191,
        "10,4": 24.804222131586638,
        "10,5": 52.58553103318033,
        "10,6": 48.98723692782792,
        "10,7": 101.55495319433953,
        "10,8": 31.19344672493641,
        "10,9": 31.351237672451237,
        "10,10": 0.0,
        "10,11": 49.452474936017666,
        "10,12": 83.67797952037719,
        "10,13": 58.85632683285301,
        "10,14": 23.998457377318854,
        "10,15": 55.605327176715555,
        "10,16": 65.57440989863649,
        "10,17": 80.12507590413401,
        "10,18": 58.80301698726513,
        "10,19": 47.38354736613666,
        "10,20": 62.800785687016116,
        "10,21": 90.33504958168976,
        "10,22": 70.62562488662137,
        "10,23": 51.55469374233179,
        "10,24": 17.471476759491217,
        "10,25": 58.530824805687175,
        "10,26": 13.663905749394587,
        "10,27": 14.936158908495154,
        "10,28": 46.033240057689625,
        "10,29": 53.48790039084305,
        "10,30": 26.870382776899024,
        "10,31": 30.55005109920023,
        "10,32": 47.980610123612955,
        "10,33": 87.2711346276821,
        "10,34": 76.67927272700872,
        "10,35": 81.05499783015217,
        "10,36": 85.49730331830986,
        "10,37": 31.01039516380318,
        "10,38": 11.550425159184275,
        "10,39": 38.886582854252175,
        "10,40": 42.01082402074716,
        "10,41": 39.663750351146845,
        "10,42": 59.338768642651466,
        "10,43": 2.003756684772334,
        "10,44": 58.48919467711052,
        "10,45": 77.57653562451064,
        "10,46": 71.9824847413143,
        "10,47": 63.6405926631492,
        "10,48": 43.12592325046185,
        "10,49": 99.89167380674571,
        "10,50": 25.264900912671,
        "10,51": 0.3669878258278384,
        "10,52": 46.6196424702927,
        "10,53": 43.62573511645189,
        "10,54": 67.52438247644679,
        "10,55": 37.59812215009299,
        "10,56": 57.78831253367627,
        "10,57": 23.528370683948594,
        "10,58": 52.89061095353495,
        "10,59": 94.71964420156571,
        "10,60": 14.111141016095079,
        "11,0": 75.61476875687801,
        "11,1": 59.32138811402254,
        "11,2": 42.15416741969876,
        "11,3": 45.310782356580695,
        "11,4": 49.46140358555942,
        "11,5": 37.39431724462212,
        "11,6": 23.282615081594283,
        "11,7": 69.57599660351603,
        "11,8": 57.82334591683963,
        "11,9": 28.71569957137978,
        "11,10": 49.452474936017666,
        "11,11": 0.0,
        "11,12": 37.61079689169984,
        "11,13": 68.19695794171822,
        "11,14": 35.26551545106688,
        "11,15": 40.426039409002264,
        "11,16": 25.104773192376165,
        "11,17": 52.95424098299076,
        "11,18": 16.900964818899148,
        "11,19": 34.38057437039201,
        "11,20": 16.314024771685066,
        "11,21": 51.82259831898952,
        "11,22": 29.71958058865674,
        "11,23": 24.874422488566754,
        "11,24": 37.2905960918568,
        "11,25": 67.4161458513524,
        "11,26": 36.08480133793154,
        "11,27": 54.62585146206919,
        "11,28": 6.615111880641961,
        "11,29": 67.96440503280674,
        "11,30": 46.794341340766366,
        "11,31": 21.782137419042346,
        "11,32": 38.495491606428494,
        "11,33": 55.658907710597056,
        "11,34": 32.43486520087035,
        "11,35": 58.03483365792182,
        "11,36": 39.25392355921156,
        "11,37": 41.41987936817472,
        "11,38": 40.515250616277115,
        "11,39": 10.910123551712838,
        "11,40": 7.4419511964111535,
        "11,41": 27.207932499274495,
        "11,42": 20.99887341156436,
        "11,43": 50.481260824996006,
        "11,44": 29.08488022772972,
        "11,45": 41.493434149599,
        "11,46": 42.39595080500018,
        "11,47": 14.43362721123064,
        "11,48": 53.67691500500987,
        "11,49": 67.71474687985005,
        "11,50": 65.20288823962649,
        "11,51": 49.81943594565892,
        "11,52": 69.5892329536413,
        "11,53": 20.249386937160978,
        "11,54": 42.042908841128416,
        "11,55": 48.28511104106828,
        "11,56": 26.98379236778019,
        "11,57": 26.3183693315467,
        "11,58": 27.698937819450048,
        "11,59": 63.02952278260899,
        "11,60": 52.42099193167907,
        "12,0": 113.2243969510141,
        "12,1": 31.805713016703592,
        "12,2": 57.594766395037176,
        "12,3": 41.36652841802937,
        "12,4": 87.0362615714782,
        "12,5": 45.44597833706013,
        "12,6": 56.92840092108666,
        "12,7": 42.363120416092485,
        "12,8": 81.2155082716093,
        "12,9": 66.28704219877179,
        "12,10": 83.67797952037719,
        "12,11": 37.61079689169984,
        "12,12": 0.0,
        "12,13": 78.0033613057424,
        "12,14": 63.38583630886129,
        "12,15": 45.88966427739088,
        "12,16": 46.23866048511219,
        "12,17": 37.26014191463387,
        "12,18": 42.970097184306674,
        "12,19": 68.91712212079617,
        "12,20": 21.56440856802197,
        "12,21": 21.697107080273202,
        "12,22": 47.116625126267984,
        "12,23": 57.29165890064814,
        "12,24": 74.21079204322085,
        "12,25": 77.16801211144877,
        "12,26": 71.42424831057411,
        "12,27": 84.58943897561261,
        "12,28": 43.7699439589374,
        "12,29": 81.22999213202034,
        "12,30": 71.4970403631425,
        "12,31": 59.198824865196954,
        "12,32": 50.384551847914885,
        "12,33": 33.23385046499464,
        "12,34": 42.5585454242045,
        "12,35": 44.49724007687834,
        "12,36": 1.841666046637318,
        "12,37": 78.91238499977698,
        "12,38": 73.00628308122566,
        "12,39": 45.96290534866034,
        "12,40": 44.10479029233478,
        "12,41": 48.0994740026872,
        "12,42": 47.466812573599555,
        "12,43": 85.07778957863634,
        "12,44": 57.85683978405079,
        "12,45": 21.352525127106606,
        "12,46": 30.742207667841505,
        "12,47": 29.104372251786263,
        "12,48": 69.89810324275784,
        "12,49": 40.715987312978235,
        "12,50": 102.26160509028813,
        "12,51": 84.03527102049027,
        "12,52": 87.56483280593332,
        "12,53": 56.158335036147996,
        "12,54": 35.67104272373747,
        "12,55": 67.27628366440948,
        "12,56": 55.86375923193093,
        "12,57": 62.39627949730939,
        "12,58": 36.68837179349768,
        "12,59": 37.83390116364413,
        "12,60": 89.09256470267447,
        "13,0": 102.12469707182295,
        "13,1": 65.85832650260758,
        "13,2": 110.32664539912906,
        "13,3": 37.67655476065085,
        "13,4": 81.73770321916102,
        "13,5": 33.724116094351054,
        "13,6": 85.69406635054281,
        "13,7": 67.51759538202519,
        "13,8": 28.876650757036398,
        "13,9": 75.71848980315028,
        "13,10": 58.85632683285301,
        "13,11": 68.19695794171822,
        "13,12": 78.0033613057424,
        "13,13": 0.0,
        "13,14": 41.89325921932796,
        "13,15": 32.395074884261895,
        "13,16": 93.27586607181334,
        "13,17": 48.90901427758828,
        "13,18": 85.00209099255848,
        "13,19": 91.7402912711437,
        "13,20": 67.98279277910528,
        "13,21": 69.15025931283378,
        "13,22": 97.90652757943775,
        "13,23": 88.24533057269504,
        "13,24": 68.24715358523449,
        "13,25": 0.8417385866240144,
        "13,26": 59.883991900829436,
        "13,27": 45.73080100606059,
        "13,28": 71.03830057881133,
        "13,29": 7.280145288623729,
        "13,30": 32.60236878091395,
        "13,31": 67.95666812221644,
        "13,32": 30.4119275675706,
        "13,33": 57.983671888267075,
        "13,34": 99.84276571119642,
        "13,35": 44.37223155497524,
        "13,36": 79.54588929327674,
        "13,37": 83.4460672692778,
        "13,38": 50.96667416014679,
        "13,39": 60.92070720811563,
        "13,40": 64.54993064848072,
        "13,41": 41.112390949959355,
        "13,42": 88.66217659029438,
        "13,43": 60.771214760968334,
        "13,44": 94.51030083697303,
        "13,45": 59.08334304052127,
        "13,46": 48.952697258580166,
        "13,47": 79.00359134272102,
        "13,48": 16.8957681450908,
        "13,49": 66.61049053612543,
        "13,50": 83.48686207063322,
        "13,51": 58.941110068522434,
        "13,52": 18.532858931212317,
        "13,53": 80.0052134793847,
        "13,54": 43.13442394908185,
        "13,55": 23.34392825719876,
        "13,56": 92.72152223877796,
        "13,57": 61.506322552856545,
        "13,58": 44.30603373207983,
        "13,59": 62.54337233670758,
        "13,60": 72.84974582180664,
        "14,0": 65.36260518581129,
        "14,1": 70.24111626949693,
        "14,2": 74.23803025003745,
        "14,3": 42.29700243895989,
        "14,4": 41.61163836378056,
        "14,5": 28.599573082084046,
        "14,6": 46.123920789362145,
        "14,7": 77.61591281125806,
        "14,8": 23.021593281656664,
        "14,9": 33.966702279627704,
        "14,10": 23.998457377318854,
        "14,11": 35.26551545106688,
        "14,12": 63.38583630886129,
        "14,13": 41.89325921932796,
        "14,14": 0.0,
        "14,15": 31.67645548606114,
        "14,16": 57.85942886992972,
        "14,17": 56.13671505762439,
        "14,18": 49.757736670945214,
        "14,19": 50.44488165146926,
        "14,20": 44.26310468505699,
        "14,21": 67.29092022205172,
