{
    "num_robots": 2,
    "num_tasks": 30,
    "num_nodes": 31,
    "robot_capacity": [
        205,
        178
    ],
    "robot_speed": [
        0.91,
        0.89
    ],
    "task_demand": {
        "0": 0,
        "1": 9,
        "2": 5,
        "3": 7,
        "4": 8,
        "5": 11,
        "6": 13,
        "7": 11,
        "8": 11,
        "9": 5,
        "10": 14,
        "11": 9,
        "12": 7,
        "13": 9,
        "14": 8,
        "15": 15,
        "16": 6,
        "17": 15,
        "18": 10,
        "19": 13,
        "20": 6,
        "21": 12,
        "22": 13,
        "23": 11,
        "24": 7,
        "25": 6,
        "26": 12,
        "27": 9,
        "28": 5,
        "29": 9,
        "30": 7
    },
    "task_service_time": {
        "0": 0,
        "1": 20,
        "2": 62,
        "3": 11,
        "4": 35,
        "5": 33,
        "6": 40,
        "7": 35,
        "8": 85,
        "9": 86,
        "10": 19,
        "11": 14,
        "12": 47,
        "13": 62,
        "14": 92,
        "15": 56,
        "16": 52,
        "17": 18,
        "18": 77,
        "19": 89,
        "20": 56,
        "21": 97,
        "22": 79,
        "23": 91,
        "24": 99,
        "25": 76,
        "26": 71,
        "27": 31,
        "28": 91,
        "29": 18,
        "30": 26
    },
    "task_precedence": [],
    "coordinates": {
        "0": [
            50.0,
            50.0
        ],
        "1": [
            68.13471807841353,
            74.87794793353842
        ],
        "2": [
            5.357705028818993,
            72.78697103507083
        ],
        "3": [
            7.5026557450346925,
            41.79247337852433
        ],
        "4": [
            70.2760808447809,
            26.488398885626097
        ],
        "5": [
            43.841390599444885,
            72.00014750571276
        ],
        "6": [
            35.14637153174156,
            53.30391022203095
        ],
        "7": [
            24.785833987128115,
            69.76096298473993
        ],
        "8": [
            1.151035223341157,
            22.158887631391742
        ],
        "9": [
            9.807418789130018,
            50.825193798908586
        ],
        "10": [
            83.64120634926152,
            91.43333327206284
        ],
        "11": [
            19.055389403782243,
            22.11402019416009
        ],
        "12": [
            33.12666980386122,
            65.65185689848776
        ],
        "13": [
            68.65588513832105,
            34.54642975014471
        ],
        "14": [
            48.36794374183187,
            31.194997856421804
        ],
        "15": [
            44.08530279469824,
            17.33198813416783
        ],
        "16": [
            64.60715452246023,
            46.0890489797987
        ],
        "17": [
            51.07207910094924,
            92.2109198742034
        ],
        "18": [
            3.9583557185492446,
            37.8433429976241
        ],
        "19": [
            90.47213580640263,
            37.09801961113327
        ],
        "20": [
            90.87890352516375,
            64.37763521160365
        ],
        "21": [
            30.78314529208831,
            98.13394964066737
        ],
        "22": [
            49.46472357334187,
            83.27918777709905
        ],
        "23": [
            81.41628474026757,
            94.81058734343829
        ],
        "24": [
            58.46481757900973,
            13.715043984327846
        ],
        "25": [
            85.06106080292787,
            46.501927282578784
        ],
        "26": [
            54.07316172911817,
            41.57388575810182
        ],
        "27": [
            92.31477296965632,
            32.371031490839506
        ],
        "28": [
            30.00522516720587,
            81.13603049107122
        ],
        "29": [
            45.907551529540115,
            53.89037460819743
        ],
        "30": [
            5.764613882926984,
            24.316755689377032
        ]
    },
    "distance_matrix_str_keys": {
        "0,0": 0.0,
        "0,1": 30.786040556839833,
        "0,2": 50.1216574870294,
        "0,3": 43.28264966435471,
        "0,4": 31.046977975086712,
        "0,5": 22.84589591199534,
        "0,6": 15.21663896622044,
        "0,7": 32.03513424053231,
        "0,8": 56.225873916487316,
        "0,9": 40.20105134443794,
        "0,10": 53.370889730895655,
        "0,11": 41.655693424587994,
        "0,12": 23.01499285854045,
        "0,13": 24.225087899973467,
        "0,14": 18.87569106681412,
        "0,15": 33.19913616792696,
        "0,16": 15.121656692487239,
        "0,17": 42.224532090067164,
        "0,18": 47.61950564225821,
        "0,19": 42.4788756287946,
        "0,20": 43.33360298541526,
        "0,21": 51.828222165874934,
        "0,22": 33.28349230408905,
        "0,23": 54.726334473866245,
        "0,24": 37.259242741971754,
        "0,25": 35.23513157862436,
        "0,26": 9.358955480665154,
        "0,27": 45.840162981500505,
        "0,28": 37.00328925048494,
        "0,29": 5.646516543451971,
        "0,30": 51.150742157330264,
        "1,0": 30.786040556839833,
        "1,1": 0.0,
        "1,2": 62.81182652828119,
        "1,3": 69.07167009222538,
        "1,4": 48.436906296309814,
        "1,5": 24.463186532069088,
        "1,6": 39.41662226854137,
        "1,7": 43.64984864722818,
        "1,8": 85.24149862578845,
        "1,9": 63.0920662511746,
        "1,10": 22.683296987011737,
        "1,11": 72.06117244146687,
        "1,12": 36.203372768022966,
        "1,13": 40.33488532377091,
        "1,14": 47.94711143659444,
        "1,15": 62.36915796064089,
        "1,16": 29.00421361819565,
        "1,17": 24.32212090199296,
        "1,18": 74.09566416804599,
        "1,19": 43.88944309057422,
        "1,20": 25.051038678956804,
        "1,21": 43.99979096557318,
        "1,22": 20.47314156958908,
        "1,23": 23.95224680146658,
        "1,24": 61.9225951908407,
        "1,25": 33.04087810593731,
        "1,26": 36.150904889777735,
        "1,27": 48.903098061473585,
        "1,28": 38.63964061637648,
        "1,29": 30.570004365029487,
        "1,30": 80.28987519299612,
        "2,0": 50.1216574870294,
        "2,1": 62.81182652828119,
        "2,2": 0.0,
        "2,3": 31.068628848995914,
        "2,4": 79.7367750894141,
        "2,5": 38.49172828498548,
        "2,6": 35.5943016600544,
        "2,7": 19.662373191996863,
        "2,8": 50.80254816426244,
        "2,9": 22.40802561404096,
        "2,10": 80.47355717041995,
        "2,11": 52.49166128216432,
        "2,12": 28.67098286455495,
        "2,13": 73.95267813229688,
        "2,14": 59.831203122148665,
        "2,15": 67.63935213509352,
        "2,16": 64.9867394732874,
        "2,17": 49.66984784868878,
        "2,18": 34.971635919864916,
        "2,19": 92.29391951982673,
        "2,20": 85.93365069193237,
        "2,21": 35.90156454827066,
        "2,22": 45.337795458630126,
        "2,23": 79.1829983204789,
        "2,24": 79.4346144253683,
        "2,25": 83.92573173183892,
        "2,26": 57.85717253743104,
        "2,27": 95.89045747158765,
        "2,28": 26.023202008438858,
        "2,29": 44.736689727249264,
        "2,30": 48.47192332137732,
        "3,0": 43.28264966435471,
        "3,1": 69.07167009222538,
        "3,2": 31.068628848995914,
        "3,3": 0.0,
        "3,4": 64.61205456288808,
        "3,5": 47.254705871410685,
        "3,6": 29.944752473484698,
        "3,7": 32.87772286824259,
        "3,8": 20.63542518441542,
        "3,9": 9.32212265968724,
        "3,10": 90.89166000839863,
        "3,11": 22.81900906523273,
        "3,12": 35.01228753508748,
        "3,13": 61.58102478436262,
        "3,14": 42.21703744346277,
        "3,15": 44.00687904804928,
        "3,16": 57.26590907790132,
        "3,17": 66.6356841234827,
        "3,18": 5.306382331032502,
        "3,19": 83.10218118574208,
        "3,20": 86.38106406452665,
        "3,21": 60.961817073870925,
        "3,22": 59.00815713116585,
        "3,23": 90.96232714504141,
        "3,24": 58.18491196331185,
        "3,25": 77.70125578907103,
        "3,26": 46.57101897276198,
        "3,27": 85.33380804444381,
        "3,28": 45.32417806058785,
        "3,29": 40.2653105586142,
        "3,30": 17.561933215486686,
        "4,0": 31.046977975086712,
        "4,1": 48.436906296309814,
        "4,2": 79.7367750894141,
        "4,3": 64.61205456288808,
        "4,4": 0.0,
        "4,5": 52.63185452579857,
        "4,6": 44.194661721202266,
        "4,7": 62.78437196374672,
        "4,8": 69.26049812026093,
        "4,9": 65.18234943181847,
        "4,10": 66.30589025274521,
        "4,11": 51.40714367313502,
        "4,12": 53.98013694140081,
        "4,13": 8.219300185585482,
        "4,14": 22.408001811707962,
        "4,15": 27.745210626666953,
        "4,16": 20.403975342126067,
        "4,17": 68.47074884993646,
        "4,18": 67.28280182710152,
        "4,19": 22.813256846666082,
        "4,20": 43.128535006015156,
        "4,21": 81.80939372445151,
        "4,22": 60.48393418417263,
        "4,23": 69.22445795019144,
        "4,24": 17.397256547165004,
        "4,25": 24.882462724948248,
        "4,26": 22.138349126534848,
        "4,27": 22.81028971633121,
        "4,28": 67.88302775428129,
        "4,29": 36.67006264636234,
        "4,30": 64.5480085187931,
        "5,0": 22.84589591199534,
        "5,1": 24.463186532069088,
        "5,2": 38.49172828498548,
        "5,3": 47.254705871410685,
        "5,4": 52.63185452579857,
        "5,5": 0.0,
        "5,6": 20.619229984542542,
        "5,7": 19.18666685811201,
        "5,8": 65.62482478450994,
        "5,9": 40.083536541460596,
        "5,10": 44.29078959274517,
        "5,11": 55.70432257388857,
        "5,12": 12.454157352510615,
        "5,13": 44.928166142562155,
        "5,14": 41.055449349043585,
        "5,15": 54.66870349872612,
        "5,16": 33.20545103030573,
        "5,17": 21.465278380135953,
        "5,18": 52.51041578120025,
        "5,19": 58.245900543521486,
        "5,20": 47.65113131827002,
        "5,21": 29.214609094356508,
        "5,22": 12.603119581233486,
        "5,23": 43.95666997492561,
        "5,24": 60.091579352894534,
        "5,25": 48.46875742404937,
        "5,26": 32.10056922212048,
        "5,27": 62.61098653214952,
        "5,28": 16.580224117618194,
        "5,29": 18.227256935387526,
        "5,30": 61.02087167707253,
        "6,0": 15.21663896622044,
        "6,1": 39.41662226854137,
        "6,2": 35.5943016600544,
        "6,3": 29.944752473484698,
        "6,4": 44.194661721202266,
        "6,5": 20.619229984542542,
        "6,6": 0.0,
        "6,7": 19.446730415366286,
        "6,8": 46.10526350529485,
        "6,9": 25.459901044555483,
        "6,10": 61.68956075469212,
        "6,11": 35.095996150458305,
        "6,12": 12.512033495568327,
        "6,13": 38.4022209748698,
        "6,14": 25.76070607915896,
        "6,15": 37.06593679942757,
        "6,16": 30.331369193804687,
        "6,17": 42.04026119869094,
        "6,18": 34.80978984803466,
        "6,19": 57.650421360712926,
        "6,20": 56.82202484549908,
        "6,21": 45.04187138091504,
        "6,22": 33.219459202259294,
        "6,23": 62.158741251615524,
        "6,24": 45.94592752405925,
        "6,25": 50.37601787505321,
        "6,26": 22.26694548203429,
        "6,27": 60.88030498397114,
        "6,28": 28.30297342350978,
        "6,29": 10.777148761210517,
        "6,30": 41.273996782885376,
        "7,0": 32.03513424053231,
        "7,1": 43.64984864722818,
        "7,2": 19.662373191996863,
        "7,3": 32.87772286824259,
        "7,4": 62.78437196374672,
        "7,5": 19.18666685811201,
        "7,6": 19.446730415366286,
        "7,7": 0.0,
        "7,8": 53.14660187209098,
        "7,9": 24.143659136566278,
        "7,10": 62.71878896914555,
        "7,11": 47.990302691393666,
        "7,12": 9.298080175486357,
        "7,13": 56.255175219162695,
        "7,14": 45.204530378730226,
        "7,15": 55.868299599471385,
        "7,16": 46.32598711128557,
        "7,17": 34.568298287920584,
        "7,18": 38.111918302154,
        "7,19": 73.35910384212897,
        "7,20": 66.31194506929076,
        "7,21": 28.999898528547295,
        "7,22": 28.138763170140983,
        "7,23": 61.92327214396577,
        "7,24": 65.38668803650314,
        "7,25": 64.60716453684152,
        "7,26": 40.647987512879425,
        "7,27": 77.18914805349638,
        "7,28": 12.515358766901869,
        "7,29": 26.41973745817851,
        "7,30": 49.264417087349976,
        "8,0": 56.225873916487316,
        "8,1": 85.24149862578845,
        "8,2": 50.80254816426244,
        "8,3": 20.63542518441542,
        "8,4": 69.26049812026093,
        "8,5": 65.62482478450994,
        "8,6": 46.10526350529485,
        "8,7": 53.14660187209098,
        "8,8": 0.0,
        "8,9": 29.944783948592345,
        "8,10": 107.71990137020143,
        "8,11": 17.904410398156145,
        "8,12": 53.98221542781946,
        "8,13": 68.6320330588264,
        "8,14": 48.07377391096328,
        "8,15": 43.20474847334706,
        "8,16": 67.81837286948739,
        "8,17": 86.01975263378753,
        "8,18": 15.93371232632717,
        "8,19": 90.56178373727808,
        "8,20": 99.16407110052948,
        "8,21": 81.54919983935848,
        "8,22": 77.90958587928924,
        "8,23": 108.26255008572373,
        "8,24": 57.93244465279373,
        "8,25": 87.36976577870723,
        "8,26": 56.37103534754016,
        "8,27": 91.7339357167509,
        "8,28": 65.65719806089554,
        "8,29": 54.863767803772305,
        "8,30": 5.093280141898632,
        "9,0": 40.20105134443794,
        "9,1": 63.0920662511746,
        "9,2": 22.40802561404096,
        "9,3": 9.32212265968724,
        "9,4": 65.18234943181847,
        "9,5": 40.083536541460596,
        "9,6": 25.459901044555483,
        "9,7": 24.143659136566278,
        "9,8": 29.944783948592345,
        "9,9": 0.0,
        "9,10": 84.26416306441178,
        "9,11": 30.163826850243616,
        "9,12": 27.633628183003133,
        "9,13": 61.05849777555289,
        "9,14": 43.269604543702116,
        "9,15": 47.9246091022119,
        "9,16": 55.004018982165384,
        "9,17": 58.44271137985613,
        "9,18": 14.238679328871848,
        "9,19": 81.82439662263447,
        "9,20": 82.19643730448105,
        "9,21": 51.75035730912447,
        "9,22": 51.24415623155772,
        "9,23": 84.03894649550969,
        "9,24": 61.1940003289376,
        "9,25": 75.37772396213657,
        "9,26": 45.22214831799797,
        "9,27": 84.5459614669049,
        "9,28": 36.423868595540405,
        "9,29": 36.23002783974726,
        "9,30": 26.814950354540734,
        "10,0": 53.370889730895655,
        "10,1": 22.683296987011737,
        "10,2": 80.47355717041995,
        "10,3": 90.89166000839863,
        "10,4": 66.30589025274521,
        "10,5": 44.29078959274517,
        "10,6": 61.68956075469212,
        "10,7": 62.71878896914555,
        "10,8": 107.71990137020143,
        "10,9": 84.26416306441178,
        "10,10": 0.0,
        "10,11": 94.74436614441652,
        "10,12": 56.713339933368346,
        "10,13": 58.827541543966326,
        "10,14": 69.8058744563806,
        "10,15": 83.99808841434042,
        "10,16": 49.17722284679189,
        "10,17": 32.57840835032593,
        "10,18": 96.02730727376897,
        "10,19": 54.763015876410954,
        "10,20": 28.007053717747578,
        "10,21": 53.281074298882736,
        "10,22": 35.13576616050618,
        "10,23": 4.044270172576292,
        "10,24": 81.69444926874115,
        "10,25": 44.95383444002791,
        "10,26": 57.96752339936753,
        "10,27": 59.69578083595794,
        "10,28": 54.61550074772954,
        "10,29": 53.2287746551674,
        "10,30": 102.80758065716864,
        "11,0": 41.655693424587994,
        "11,1": 72.06117244146687,
        "11,2": 52.49166128216432,
        "11,3": 22.81900906523273,
        "11,4": 51.40714367313502,
        "11,5": 55.70432257388857,
        "11,6": 35.095996150458305,
        "11,7": 47.990302691393666,
        "11,8": 17.904410398156145,
        "11,9": 30.163826850243616,
        "11,10": 94.74436614441652,
        "11,11": 0.0,
        "11,12": 45.75526370801887,
        "11,13": 51.13486075545469,
        "11,14": 30.68696787112745,
        "11,15": 25.482629279168773,
        "11,16": 51.475871150466304,
        "11,17": 77.06259640006127,
        "11,18": 21.802110492992018,
        "11,19": 72.97171990068513,
        "11,20": 83.33564864502448,
        "11,21": 76.91924291897081,
        "11,22": 68.30743246591072,
        "11,23": 95.77928869258527,
        "11,24": 40.29448883497273,
        "11,25": 70.36702828033405,
        "11,26": 40.061586918090846,
        "11,27": 73.97393839178815,
        "11,28": 60.02913128419097,
        "11,29": 41.602587788195294,
        "11,30": 13.47207324830347,
        "12,0": 23.01499285854045,
        "12,1": 36.203372768022966,
        "12,2": 28.67098286455495,
        "12,3": 35.01228753508748,
        "12,4": 53.98013694140081,
        "12,5": 12.454157352510615,
        "12,6": 12.512033495568327,
        "12,7": 9.298080175486357,
        "12,8": 53.98221542781946,
        "12,9": 27.633628183003133,
        "12,10": 56.713339933368346,
        "12,11": 45.75526370801887,
        "12,12": 0.0,
        "12,13": 47.22152835691887,
        "12,14": 37.67720220898927,
        "12,15": 49.54696110185733,
        "12,16": 37.063787876868034,
        "12,17": 32.053416993949995,
        "12,18": 40.30017359706949,
        "12,19": 64.06109657882348,
        "12,20": 57.76628896430235,
        "12,21": 32.56652354871237,
        "12,22": 24.0344501680085,
        "12,23": 56.41026920577213,
        "12,24": 57.78801145874213,
        "12,25": 55.35251369846001,
        "12,26": 31.914012881681195,
        "12,27": 67.90320240002801,
        "12,28": 15.795665496108843,
        "12,29": 17.36903576340972,
        "12,30": 49.57088556993671,
        "13,0": 24.225087899973467,
        "13,1": 40.33488532377091,
        "13,2": 73.95267813229688,
        "13,3": 61.58102478436262,
        "13,4": 8.219300185585482,
        "13,5": 44.928166142562155,
        "13,6": 38.4022209748698,
        "13,7": 56.255175219162695,
        "13,8": 68.6320330588264,
        "13,9": 61.05849777555289,
        "13,10": 58.827541543966326,
        "13,11": 51.13486075545469,
        "13,12": 47.22152835691887,
        "13,13": 0.0,
        "13,14": 20.56289526904328,
        "13,15": 30.000841935762836,
        "13,16": 12.232100321718535,
        "13,17": 60.285849550517035,
        "13,18": 64.78147844857853,
        "13,19": 21.964958548362198,
        "13,20": 37.19896995221408,
        "13,21": 74.01160118040981,
        "13,22": 52.37539868227083,
        "13,23": 61.60029617161496,
        "13,24": 23.190612129107873,
        "13,25": 20.299352448653256,
        "13,26": 16.18767926458534,
        "13,27": 23.758689589333244,
        "13,28": 60.534819842812,
        "13,29": 29.860925716524207,
        "13,30": 63.71780152758804,
        "14,0": 18.87569106681412,
        "14,1": 47.94711143659444,
        "14,2": 59.831203122148665,
        "14,3": 42.21703744346277,
        "14,4": 22.408001811707962,
        "14,5": 41.055449349043585,
        "14,6": 25.76070607915896,
        "14,7": 45.204530378730226,
        "14,8": 48.07377391096328,
        "14,9": 43.269604543702116,
        "14,10": 69.8058744563806,
        "14,11": 30.68696787112745,
        "14,12": 37.67720220898927,
        "14,13": 20.56289526904328,
        "14,14": 0.0,
        "14,15": 14.509446992955104,
        "14,16": 22.035079433563222,
        "14,17": 61.07581426162432,
        "14,18": 44.90447640841875,
        "14,19": 42.515981174693124,
        "14,20": 53.928370303074885,
        "14,21": 69.2101755704438,
        "14,22": 52.09573654045007,
        "14,23": 71.68776791426475,
        "14,24": 20.186521459984615,
        "14,25": 39.75785366586889,
        "14,26": 11.843598539214964,
        "14,27": 43.9625619622975,
        "14,28": 53.209925522086884,
        "14,29": 22.82835201549476,
        "14,30": 43.15499890366317,
        "15,0": 33.19913616792696,
        "15,1": 62.36915796064089,
        "15,2": 67.63935213509352,
        "15,3": 44.00687904804928,
        "15,4": 27.745210626666953,
        "15,5": 54.66870349872612,
        "15,6": 37.06593679942757,
        "15,7": 55.868299599471385,
        "15,8": 43.20474847334706,
        "15,9": 47.9246091022119,
        "15,10": 83.99808841434042,
        "15,11": 25.482629279168773,
        "15,12": 49.54696110185733,
        "15,13": 30.000841935762836,
        "15,14": 14.509446992955104,
        "15,15": 0.0,
        "15,16": 35.328670323344525,
        "15,17": 75.2041851340901,
        "15,18": 45.065369852989036,
        "15,19": 50.422557225949355,
        "15,20": 66.35460781480717,
        "15,21": 81.88958650232686,
        "15,22": 66.16623994650392,
        "15,23": 86.00311359742267,
        "15,24": 14.827431686414696,
        "15,25": 50.298092352205494,
        "15,26": 26.218827710314745,
        "15,27": 50.51984380855726,
        "15,28": 65.3391491150423,
        "15,29": 36.60377319397747,
        "15,30": 38.9520497082381,
        "16,0": 15.121656692487239,
        "16,1": 29.00421361819565,
        "16,2": 64.9867394732874,
        "16,3": 57.26590907790132,
        "16,4": 20.403975342126067,
        "16,5": 33.20545103030573,
        "16,6": 30.331369193804687,
        "16,7": 46.32598711128557,
        "16,8": 67.81837286948739,
        "16,9": 55.004018982165384,
        "16,10": 49.17722284679189,
        "16,11": 51.475871150466304,
        "16,12": 37.063787876868034,
        "16,13": 12.232100321718535,
        "16,14": 22.035079433563222,
        "16,15": 35.328670323344525,
        "16,16": 0.0,
        "16,17": 48.066883001356835,
        "16,18": 61.206768118417635,
        "16,19": 27.383131046812288,
        "16,20": 32.01057922030182,
        "16,21": 62.070405872814895,
        "16,22": 40.15469634813944,
        "16,23": 51.539646479179574,
        "16,24": 32.95154780239691,
        "16,25": 20.458072993883366,
        "16,26": 11.460877064550807,
        "16,27": 30.9175698243376,
        "16,28": 49.250222620385095,
        "16,29": 20.261683880002128,
        "16,30": 62.74135274314113,
        "17,0": 42.224532090067164,
        "17,1": 24.32212090199296,
        "17,2": 49.66984784868878,
        "17,3": 66.6356841234827,
        "17,4": 68.47074884993646,
        "17,5": 21.465278380135953,
        "17,6": 42.04026119869094,
        "17,7": 34.568298287920584,
        "17,8": 86.01975263378753,
        "17,9": 58.44271137985613,
        "17,10": 32.57840835032593,
        "17,11": 77.06259640006127,
        "17,12": 32.053416993949995,
        "17,13": 60.285849550517035,
        "17,14": 61.07581426162432,
        "17,15": 75.2041851340901,
        "17,16": 48.066883001356835,
        "17,17": 0.0,
        "17,18": 71.94120061817195,
        "17,19": 67.74803498109786,
        "17,20": 48.57236874859565,
        "17,21": 21.1358254325389,
        "17,22": 9.07520964201786,
        "17,23": 30.455362201619547,
        "17,24": 78.8432312498907,
        "17,25": 56.96106460450535,
        "17,26": 50.725888075186354,
        "17,27": 72.67580091943492,
        "17,28": 23.80053590813224,
        "17,29": 38.66699541624429,
        "17,30": 81.6234276102055,
        "18,0": 47.61950564225821,
        "18,1": 74.09566416804599,
        "18,2": 34.971635919864916,
        "18,3": 5.306382331032502,
        "18,4": 67.28280182710152,
        "18,5": 52.51041578120025,
        "18,6": 34.80978984803466,
        "18,7": 38.111918302154,
        "18,8": 15.93371232632717,
        "18,9": 14.238679328871848,
        "18,10": 96.02730727376897,
        "18,11": 21.802110492992018,
        "18,12": 40.30017359706949,
        "18,13": 64.78147844857853,
        "18,14": 44.90447640841875,
        "18,15": 45.065369852989036,
        "18,16": 61.206768118417635,
        "18,17": 71.94120061817195,
        "18,18": 0.0,
        "18,19": 86.51699053966168,
        "18,20": 90.88041755130098,
        "18,21": 65.98883682147174,
        "18,22": 64.30587458514381,
        "18,23": 96.15091105491021,
        "18,24": 59.608130299656835,
        "18,25": 81.5635939241483,
        "18,26": 50.25346486327792,
        "18,27": 88.52571752140176,
        "18,28": 50.52421398181901,
        "18,29": 44.91372009419387,
        "18,30": 13.646652804406356,
        "19,0": 42.4788756287946,
        "19,1": 43.88944309057422,
        "19,2": 92.29391951982673,
        "19,3": 83.10218118574208,
        "19,4": 22.813256846666082,
        "19,5": 58.245900543521486,
        "19,6": 57.650421360712926,
        "19,7": 73.35910384212897,
        "19,8": 90.56178373727808,
        "19,9": 81.82439662263447,
        "19,10": 54.763015876410954,
        "19,11": 72.97171990068513,
        "19,12": 64.06109657882348,
        "19,13": 21.964958548362198,
        "19,14": 42.515981174693124,
        "19,15": 50.422557225949355,
        "19,16": 27.383131046812288,
        "19,17": 67.74803498109786,
        "19,18": 86.51699053966168,
        "19,19": 0.0,
        "19,20": 27.2826480988641,
        "19,21": 85.37072298620932,
        "19,22": 61.76008542113096,
        "19,23": 58.418737685676795,
        "19,24": 39.638768513582434,
        "19,25": 10.849571981709751,
        "19,26": 36.67313310373693,
        "19,27": 5.073433591247837,
        "19,28": 74.80370100810615,
        "19,29": 47.62336987359261,
        "19,30": 85.66635849534924,
        "20,0": 43.33360298541526,
        "20,1": 25.051038678956804,
        "20,2": 85.93365069193237,
        "20,3": 86.38106406452665,
        "20,4": 43.128535006015156,
        "20,5": 47.65113131827002,
        "20,6": 56.82202484549908,
        "20,7": 66.31194506929076,
        "20,8": 99.16407110052948,
        "20,9": 82.19643730448105,
        "20,10": 28.007053717747578,
        "20,11": 83.33564864502448,
        "20,12": 57.76628896430235,
        "20,13": 37.19896995221408,
        "20,14": 53.928370303074885,
        "20,15": 66.35460781480717,
        "20,16": 32.01057922030182,
        "20,17": 48.57236874859565,
        "20,18": 90.88041755130098,
        "20,19": 27.2826480988641,
        "20,20": 0.0,
        "20,21": 68.92741777726822,
        "20,22": 45.52365308790663,
        "20,23": 31.870138526947265,
        "20,24": 60.14458510611493,
        "20,25": 18.798623032139226,
        "20,26": 43.29750129389988,
        "20,27": 32.038795276971015,
        "20,28": 63.13832852690187,
        "20,29": 46.17797240327945,
        "20,30": 94.07080508530225,
        "21,0": 51.828222165874934,
        "21,1": 43.99979096557318,
        "21,2": 35.90156454827066,
        "21,3": 60.961817073870925,
        "21,4": 81.80939372445151,
        "21,5": 29.214609094356508,
        "21,6": 45.04187138091504,
        "21,7": 28.999898528547295,
        "21,8": 81.54919983935848,
        "21,9": 51.75035730912447,
        "21,10": 53.281074298882736,
        "21,11": 76.91924291897081,
        "21,12": 32.56652354871237,
        "21,13": 74.01160118040981,
        "21,14": 69.2101755704438,
        "21,15": 81.88958650232686,
        "21,16": 62.070405872814895,
        "21,17": 21.1358254325389,
        "21,18": 65.98883682147174,
        "21,19": 85.37072298620932,
        "21,20": 68.92741777726822,
        "21,21": 0.0,
        "21,22": 23.867662581449576,
        "21,23": 50.74208851966394,
        "21,24": 88.84158155286558,
        "21,25": 74.91300184205674,
        "21,26": 61.167521545645585,
        "21,27": 90.06054967760197,
        "21,28": 17.015710832548383,
        "21,29": 46.75726249139558,
        "21,30": 77.94167714845253,
        "22,0": 33.28349230408905,
        "22,1": 20.47314156958908,
        "22,2": 45.337795458630126,
        "22,3": 59.00815713116585,
        "22,4": 60.48393418417263,
        "22,5": 12.603119581233486,
        "22,6": 33.219459202259294,
        "22,7": 28.138763170140983,
        "22,8": 77.90958587928924,
        "22,9": 51.24415623155772,
        "22,10": 35.13576616050618,
        "22,11": 68.30743246591072,
        "22,12": 24.0344501680085,
        "22,13": 52.37539868227083,
        "22,14": 52.09573654045007,
        "22,15": 66.16623994650392,
        "22,16": 40.15469634813944,
        "22,17": 9.07520964201786,
        "22,18": 64.30587458514381,
        "22,19": 61.76008542113096,
        "22,20": 45.52365308790663,
        "22,21": 23.867662581449576,
        "22,22": 0.0,
        "22,23": 33.96874205740276,
        "22,24": 70.1439362577565,
        "22,25": 51.182673959497386,
        "22,26": 41.959145829382535,
        "22,27": 66.54146909809562,
        "22,28": 19.57716019679728,
        "22,29": 29.603307457542815,
        "22,30": 73.3911982778148,
        "23,0": 54.726334473866245,
        "23,1": 23.95224680146658,
        "23,2": 79.1829983204789,
        "23,3": 90.96232714504141,
        "23,4": 69.22445795019144,
        "23,5": 43.95666997492561,
        "23,6": 62.158741251615524,
        "23,7": 61.92327214396577,
        "23,8": 108.26255008572373,
        "23,9": 84.03894649550969,
        "23,10": 4.044270172576292,
        "23,11": 95.77928869258527,
        "23,12": 56.41026920577213,
        "23,13": 61.60029617161496,
        "23,14": 71.68776791426475,
        "23,15": 86.00311359742267,
        "23,16": 51.539646479179574,
        "23,17": 30.455362201619547,
        "23,18": 96.15091105491021,
        "23,19": 58.418737685676795,
        "23,20": 31.870138526947265,
        "23,21": 50.74208851966394,
        "23,22": 33.96874205740276,
        "23,23": 0.0,
        "23,24": 84.28082224067144,
        "23,25": 48.44595988751408,
        "23,26": 59.84808076863463,
        "23,27": 63.38355607534124,
        "23,28": 53.19859539060705,
        "23,29": 54.17872224894185,
        "23,30": 103.40481422437992,
        "24,0": 37.259242741971754,
        "24,1": 61.9225951908407,
        "24,2": 79.4346144253683,
        "24,3": 58.18491196331185,
        "24,4": 17.397256547165004,
        "24,5": 60.091579352894534,
        "24,6": 45.94592752405925,
        "24,7": 65.38668803650314,
        "24,8": 57.93244465279373,
        "24,9": 61.1940003289376,
        "24,10": 81.69444926874115,
        "24,11": 40.29448883497273,
        "24,12": 57.78801145874213,
        "24,13": 23.190612129107873,
        "24,14": 20.186521459984615,
        "24,15": 14.827431686414696,
        "24,16": 32.95154780239691,
        "24,17": 78.8432312498907,
        "24,18": 59.608130299656835,
        "24,19": 39.638768513582434,
        "24,20": 60.14458510611493,
        "24,21": 88.84158155286558,
        "24,22": 70.1439362577565,
        "24,23": 84.28082224067144,
        "24,24": 0.0,
        "24,25": 42.21776723180583,
        "24,26": 28.202866983341615,
        "24,27": 38.65055432709708,
        "24,28": 73.18154017092341,
        "24,29": 42.092067202436084,
        "24,30": 53.75600208986519,
        "25,0": 35.23513157862436,
        "25,1": 33.04087810593731,
        "25,2": 83.92573173183892,
        "25,3": 77.70125578907103,
        "25,4": 24.882462724948248,
        "25,5": 48.46875742404937,
        "25,6": 50.37601787505321,
        "25,7": 64.60716453684152,
        "25,8": 87.36976577870723,
        "25,9": 75.37772396213657,
        "25,10": 44.95383444002791,
        "25,11": 70.36702828033405,
        "25,12": 55.35251369846001,
        "25,13": 20.299352448653256,
        "25,14": 39.75785366586889,
        "25,15": 50.298092352205494,
        "25,16": 20.458072993883366,
        "25,17": 56.96106460450535,
        "25,18": 81.5635939241483,
        "25,19": 10.849571981709751,
        "25,20": 18.798623032139226,
        "25,21": 74.91300184205674,
        "25,22": 51.182673959497386,
        "25,23": 48.44595988751408,
        "25,24": 42.21776723180583,
        "25,25": 0.0,
        "25,26": 31.377308397559936,
        "25,27": 15.883908715260835,
        "25,28": 65.04357110894314,
        "25,29": 39.84452838602438,
        "25,30": 82.34141323025932,
        "26,0": 9.358955480665154,
        "26,1": 36.150904889777735,
        "26,2": 57.85717253743104,
        "26,3": 46.57101897276198,
        "26,4": 22.138349126534848,
        "26,5": 32.10056922212048,
        "26,6": 22.26694548203429,
        "26,7": 40.647987512879425,
        "26,8": 56.37103534754016,
        "26,9": 45.22214831799797,
        "26,10": 57.96752339936753,
        "26,11": 40.061586918090846,
        "26,12": 31.914012881681195,
        "26,13": 16.18767926458534,
        "26,14": 11.843598539214964,
        "26,15": 26.218827710314745,
        "26,16": 11.460877064550807,
        "26,17": 50.725888075186354,
        "26,18": 50.25346486327792,
        "26,19": 36.67313310373693,
        "26,20": 43.29750129389988,
        "26,21": 61.167521545645585,
        "26,22": 41.959145829382535,
        "26,23": 59.84808076863463,
        "26,24": 28.202866983341615,
        "26,25": 31.377308397559936,
        "26,26": 0.0,
        "26,27": 39.33336188195616,
        "26,28": 46.307978429431074,
        "26,29": 14.777451997079293,
        "26,30": 51.29838528859002,
        "27,0": 45.840162981500505,
        "27,1": 48.903098061473585,
        "27,2": 95.89045747158765,
        "27,3": 85.33380804444381,
        "27,4": 22.81028971633121,
        "27,5": 62.61098653214952,
        "27,6": 60.88030498397114,
        "27,7": 77.18914805349638,
        "27,8": 91.7339357167509,
        "27,9": 84.5459614669049,
        "27,10": 59.69578083595794,
        "27,11": 73.97393839178815,
        "27,12": 67.90320240002801,
        "27,13": 23.758689589333244,
        "27,14": 43.9625619622975,
        "27,15": 50.51984380855726,
        "27,16": 30.9175698243376,
        "27,17": 72.67580091943492,
        "27,18": 88.52571752140176,
        "27,19": 5.073433591247837,
        "27,20": 32.038795276971015,
        "27,21": 90.06054967760197,
        "27,22": 66.54146909809562,
        "27,23": 63.38355607534124,
        "27,24": 38.65055432709708,
        "27,25": 15.883908715260835,
        "27,26": 39.33336188195616,
        "27,27": 0.0,
        "27,28": 79.12335227250206,
        "27,29": 51.15381051294772,
        "27,30": 86.92411286072571,
        "28,0": 37.00328925048494,
        "28,1": 38.63964061637648,
        "28,2": 26.023202008438858,
        "28,3": 45.32417806058785,
        "28,4": 67.88302775428129,
        "28,5": 16.580224117618194,
        "28,6": 28.30297342350978,
        "28,7": 12.515358766901869,
        "28,8": 65.65719806089554,
        "28,9": 36.423868595540405,
        "28,10": 54.61550074772954,
        "28,11": 60.02913128419097,
        "28,12": 15.795665496108843,
        "28,13": 60.534819842812,
        "28,14": 53.209925522086884,
        "28,15": 65.3391491150423,
        "28,16": 49.250222620385095,
        "28,17": 23.80053590813224,
        "28,18": 50.52421398181901,
        "28,19": 74.80370100810615,
        "28,20": 63.13832852690187,
        "28,21": 17.015710832548383,
        "28,22": 19.57716019679728,
        "28,23": 53.19859539060705,
        "28,24": 73.18154017092341,
        "28,25": 65.04357110894314,
        "28,26": 46.307978429431074,
        "28,27": 79.12335227250206,
        "28,28": 0.0,
        "28,29": 31.546945148812206,
        "28,30": 61.774082141509396,
        "29,0": 5.646516543451971,
        "29,1": 30.570004365029487,
        "29,2": 44.736689727249264,
        "29,3": 40.2653105586142,
        "29,4": 36.67006264636234,
        "29,5": 18.227256935387526,
        "29,6": 10.777148761210517,
        "29,7": 26.41973745817851,
        "29,8": 54.863767803772305,
        "29,9": 36.23002783974726,
        "29,10": 53.2287746551674,
        "29,11": 41.602587788195294,
        "29,12": 17.36903576340972,
        "29,13": 29.860925716524207,
        "29,14": 22.82835201549476,
        "29,15": 36.60377319397747,
        "29,16": 20.261683880002128,
        "29,17": 38.66699541624429,
        "29,18": 44.91372009419387,
        "29,19": 47.62336987359261,
        "29,20": 46.17797240327945,
        "29,21": 46.75726249139558,
        "29,22": 29.603307457542815,
        "29,23": 54.17872224894185,
        "29,24": 42.092067202436084,
        "29,25": 39.84452838602438,
        "29,26": 14.777451997079293,
        "29,27": 51.15381051294772,
        "29,28": 31.546945148812206,
        "29,29": 0.0,
        "29,30": 49.86034876387732,
        "30,0": 51.150742157330264,
        "30,1": 80.28987519299612,
        "30,2": 48.47192332137732,
        "30,3": 17.561933215486686,
        "30,4": 64.5480085187931,
        "30,5": 61.02087167707253,
        "30,6": 41.273996782885376,
        "30,7": 49.264417087349976,
        "30,8": 5.093280141898632,
        "30,9": 26.814950354540734,
        "30,10": 102.80758065716864,
        "30,11": 13.47207324830347,
        "30,12": 49.57088556993671,
        "30,13": 63.71780152758804,
        "30,14": 43.15499890366317,
        "30,15": 38.9520497082381,
        "30,16": 62.74135274314113,
        "30,17": 81.6234276102055,
        "30,18": 13.646652804406356,
        "30,19": 85.66635849534924,
        "30,20": 94.07080508530225,
        "30,21": 77.94167714845253,
        "30,22": 73.3911982778148,
        "30,23": 103.40481422437992,
        "30,24": 53.75600208986519,
        "30,25": 82.34141323025932,
        "30,26": 51.29838528859002,
        "30,27": 86.92411286072571,
        "30,28": 61.774082141509396,
        "30,29": 49.86034876387732,
        "30,30": 0.0
    }
}