{
    "num_robots": 2,
    "num_tasks": 60,
    "num_nodes": 61,
    "robot_capacity": [
        331,
        440
    ],
    "robot_speed": [
        1.16,
        1.15
    ],
    "task_demand": {
        "0": 0,
        "1": 9,
        "2": 9,
        "3": 11,
        "4": 6,
        "5": 5,
        "6": 7,
        "7": 6,
        "8": 11,
        "9": 5,
        "10": 7,
        "11": 11,
        "12": 5,
        "13": 12,
        "14": 12,
        "15": 8,
        "16": 9,
        "17": 12,
        "18": 7,
        "19": 11,
        "20": 14,
        "21": 12,
        "22": 6,
        "23": 14,
        "24": 13,
        "25": 9,
        "26": 10,
        "27": 11,
        "28": 11,
        "29": 13,
        "30": 15,
        "31": 10,
        "32": 15,
        "33": 12,
        "34": 11,
        "35": 11,
        "36": 11,
        "37": 14,
        "38": 14,
        "39": 6,
        "40": 15,
        "41": 5,
        "42": 10,
        "43": 11,
        "44": 5,
        "45": 10,
        "46": 6,
        "47": 9,
        "48": 9,
        "49": 12,
        "50": 14,
        "51": 10,
        "52": 12,
        "53": 15,
        "54": 15,
        "55": 13,
        "56": 7,
        "57": 11,
        "58": 8,
        "59": 6,
        "60": 13
    },
    "task_service_time": {
        "0": 0,
        "1": 12,
        "2": 51,
        "3": 53,
        "4": 60,
        "5": 16,
        "6": 15,
        "7": 71,
        "8": 57,
        "9": 94,
        "10": 36,
        "11": 97,
        "12": 97,
        "13": 97,
        "14": 39,
        "15": 47,
        "16": 94,
        "17": 83,
        "18": 85,
        "19": 83,
        "20": 91,
        "21": 25,
        "22": 25,
        "23": 66,
        "24": 50,
        "25": 50,
        "26": 27,
        "27": 83,
        "28": 69,
        "29": 39,
        "30": 40,
        "31": 64,
        "32": 78,
        "33": 85,
        "34": 11,
        "35": 100,
        "36": 35,
        "37": 71,
        "38": 42,
        "39": 91,
        "40": 59,
        "41": 44,
        "42": 65,
        "43": 48,
        "44": 45,
        "45": 23,
        "46": 66,
        "47": 34,
        "48": 53,
        "49": 49,
        "50": 65,
        "51": 58,
        "52": 39,
        "53": 56,
        "54": 61,
        "55": 47,
        "56": 81,
        "57": 71,
        "58": 91,
        "59": 42,
        "60": 37
    },
    "task_precedence": [],
    "coordinates": {
        "0": [
            50.0,
            50.0
        ],
        "1": [
            69.28587960725493,
            99.83628251425796
        ],
        "2": [
            73.39694567796558,
            49.902885745551565
        ],
        "3": [
            73.25473135081296,
            9.057984160314502
        ],
        "4": [
            12.690134114576978,
            91.7190118050177
        ],
        "5": [
            79.35459499610081,
            0.43661543015344195
        ],
        "6": [
            0.6811886310711834,
            58.22583559414397
        ],
        "7": [
            91.49818924237138,
            60.01933896716915
        ],
        "8": [
            66.11925251944805,
            57.93296905170416
        ],
        "9": [
            25.645330464673787,
            59.70805965334208
        ],
        "10": [
            42.8328203151385,
            34.56000782187185
        ],
        "11": [
            26.650993310334535,
            97.19188305307883
        ],
        "12": [
            17.223519480326953,
            41.50030080362678
        ],
        "13": [
            11.461147202691413,
            47.14997639582538
        ],
        "14": [
            75.73678793672335,
            95.61316563797419
        ],
        "15": [
            13.1257818173521,
            74.96880796926216
        ],
        "16": [
            83.76184328639391,
            33.42668419242478
        ],
        "17": [
            47.212747782559994,
            82.24149190448463
        ],
        "18": [
            40.83975944809417,
            83.29958965072505
        ],
        "19": [
            0.03299358104773553,
            90.67835935719792
        ],
        "20": [
            38.54091290456449,
            53.53591942997067
        ],
        "21": [
            27.208941095849337,
            39.80191360544124
        ],
        "22": [
            87.38199856533745,
            4.827477563618188
        ],
        "23": [
            21.1623966902873,
            40.07531849507803
        ],
        "24": [
            97.1030773824618,
            27.943040223835204
        ],
        "25": [
            22.140956204584317,
            29.881838568138342
        ],
        "26": [
            91.78299499309996,
            36.26088092805628
        ],
        "27": [
            29.07312400751235,
            89.2442284308872
        ],
        "28": [
            13.01348403930177,
            58.825442072375935
        ],
        "29": [
            83.357437425842,
            96.7708277456024
        ],
        "30": [
            34.43959826128151,
            17.077945229284275
        ],
        "31": [
            32.19771311590113,
            28.731795604771605
        ],
        "32": [
            36.502923780382034,
            21.043981152752533
        ],
        "33": [
            22.597677481453726,
            92.52959047052565
        ],
        "34": [
            79.56033555588346,
            19.8430966674897
        ],
        "35": [
            53.34620426689198,
            76.87777795127502
        ],
        "36": [
            97.79785824188131,
            1.1671714297569191
        ],
        "37": [
            13.033742768379842,
            94.5291352939714
        ],
        "38": [
            86.75146580233996,
            13.845475939077767
        ],
        "39": [
            96.69733079196484,
            81.14655327003813
        ],
        "40": [
            80.38821236440982,
            91.76944826321107
        ],
        "41": [
            81.03404688186986,
            83.08459230183553
        ],
        "42": [
            50.87221157922106,
            83.29854216275817
        ],
        "43": [
            24.95144310838906,
            28.63464117308868
        ],
        "44": [
            57.6231859532335,
            85.61722957430682
        ],
        "45": [
            45.06027143983475,
            60.390578961694395
        ],
        "46": [
            0.34688276012578845,
            68.24641775393357
        ],
        "47": [
            83.64153031318634,
            51.22558221132266
        ],
        "48": [
            24.92463985249225,
            77.50314559097926
        ],
        "49": [
            97.32053409096666,
            2.046006423213731
        ],
        "50": [
            70.06219979800512,
            22.39567484504905
        ],
        "51": [
            82.33960017133951,
            61.13432014142055
        ],
        "52": [
            73.97439143183098,
            80.82540872988638
        ],
        "53": [
            88.41778521262673,
            54.01601372310697
        ],
        "54": [
            75.42554185720213,
            90.56338797511026
        ],
        "55": [
            12.787482451789034,
            95.46904608742196
        ],
        "56": [
            34.66879944534057,
            8.371409422383614
        ],
        "57": [
            19.547853749428967,
            19.95723554415244
        ],
        "58": [
            31.36360539246954,
            39.635298743484796
        ],
        "59": [
            56.09095644777018,
            26.355311551797868
        ],
        "60": [
            76.32071339585302,
            8.867510205304463
        ]
    },
    "distance_matrix_str_keys": {
        "0,0": 0.0,
        "0,1": 53.43781626401349,
        "0,2": 23.397147224311112,
        "0,3": 47.085360689024576,
        "0,4": 55.96875948576544,
        "0,5": 57.60400452575854,
        "0,6": 50.00009526056794,
        "0,7": 42.69059455822444,
        "0,8": 17.9655865409685,
        "0,9": 26.218244609580466,
        "0,10": 17.02239181477591,
        "0,11": 52.652159874876084,
        "0,12": 33.86063439578966,
        "0,13": 38.64409152091652,
        "0,14": 52.373114599163735,
        "0,15": 44.53256491588387,
        "0,16": 37.6103291524103,
        "0,17": 32.361745551662885,
        "0,18": 34.53654119733844,
        "0,19": 64.43159667791066,
        "0,20": 11.992222616180065,
        "0,21": 24.968646981431526,
        "0,22": 58.63421015076702,
        "0,23": 30.49765019837583,
        "0,24": 52.01162729107345,
        "0,25": 34.363741655898515,
        "0,26": 43.98388413346943,
        "0,27": 44.47520212366226,
        "0,28": 38.02487068595826,
        "0,29": 57.447619268580446,
        "0,30": 36.41411529333535,
        "0,31": 27.735499571865855,
        "0,32": 31.94717661954382,
        "0,33": 50.593016761219666,
        "0,34": 42.22857156929179,
        "0,35": 27.08527331584106,
        "0,36": 68.33213298794156,
        "0,37": 57.87355236844476,
        "0,38": 51.55404784003258,
        "0,39": 56.131528428304094,
        "0,40": 51.65394717654728,
        "0,41": 45.36190377006647,
        "0,42": 33.30996342243429,
        "0,43": 32.92276963068185,
        "0,44": 36.423893347999645,
        "0,45": 11.505001060726523,
        "0,46": 52.899563443262515,
        "0,47": 33.66384727819661,
        "0,48": 37.21823080058779,
        "0,49": 67.37075364441752,
        "0,50": 34.12463374155589,
        "0,51": 34.20267276476717,
        "0,52": 39.050957323620196,
        "0,53": 38.627122425411194,
        "0,54": 47.87323493092625,
        "0,55": 58.75547305890755,
        "0,56": 44.36197993694602,
        "0,57": 42.77734105125872,
        "0,58": 21.324686072821756,
        "0,59": 24.416614062174478,
        "0,60": 48.83299776152769,
        "1,0": 53.43781626401349,
        "1,1": 0.0,
        "1,2": 50.102345025944715,
        "1,3": 90.8650165696343,
        "1,4": 57.17489389267868,
        "1,5": 99.90832220597238,
        "1,6": 80.23735362553585,
        "1,7": 45.59359267219841,
        "1,8": 42.02279388920107,
        "1,9": 59.28551087273661,
        "1,10": 70.4326372048362,
        "1,11": 42.71681610398433,
        "1,12": 78.18936055582648,
        "1,13": 78.22753051237503,
        "1,14": 7.710313510224977,
        "1,15": 61.41944215000217,
        "1,16": 67.9690243692447,
        "1,17": 28.22764257163761,
        "1,18": 32.903555476152306,
        "1,19": 69.85577842605048,
        "1,20": 55.578562407518035,
        "1,21": 73.31162394035823,
        "1,22": 96.71681621876202,
        "1,23": 76.72836782156514,
        "1,24": 77.08718946163758,
        "1,25": 84.35797549997554,
        "1,26": 67.43850448765038,
        "1,27": 41.58433987247699,
        "1,28": 69.63096679427696,
        "1,29": 14.401588536703578,
        "1,30": 89.79535463383505,
        "1,31": 80.19588613109586,
        "1,32": 85.34019537468255,
        "1,33": 47.25649126164159,
        "1,34": 80.65032068724781,
        "1,35": 27.94935029163796,
        "1,36": 102.7060193360983,
        "1,37": 56.50193545850729,
        "1,38": 87.74659831918271,
        "1,39": 33.17670320080012,
        "1,40": 13.723542089579418,
        "1,41": 20.46065881845701,
        "1,42": 24.749950023793204,
        "1,43": 83.87619441384115,
        "1,44": 18.39021179260002,
        "1,45": 46.290858923097346,
        "1,46": 75.83208319612528,
        "1,47": 50.68614101638143,
        "1,48": 49.66576886964956,
        "1,49": 101.72944485243077,
        "1,50": 77.44449876663224,
        "1,51": 40.844112330588445,
        "1,52": 19.580486847228702,
        "1,53": 49.65407177851764,
        "1,54": 11.12124209239157,
        "1,55": 56.666935995734235,
        "1,56": 97.79655029012571,
        "1,57": 94.09853006867901,
        "1,58": 71.14954201251243,
        "1,59": 74.65627294990428,
        "1,60": 91.24037714647736,
        "2,0": 23.397147224311112,
        "2,1": 50.102345025944715,
        "2,2": 0.0,
        "2,3": 40.84514916636428,
        "2,4": 73.71502810698735,
        "2,5": 49.82374418200537,
        "2,6": 73.190524093527,
        "2,7": 20.736384553801063,
        "2,8": 10.837299276724039,
        "2,9": 48.747904476400784,
        "2,10": 34.19897165377269,
        "2,11": 66.49385933383736,
        "2,12": 56.79839121390512,
        "2,13": 61.99694865602325,
        "2,14": 45.77012726265336,
        "2,15": 65.27567425954349,
        "2,16": 19.465259311205205,
        "2,17": 41.61006690367544,
        "2,18": 46.6402209143177,
        "2,19": 83.93395448525538,
        "2,20": 35.044856319473396,
        "2,21": 47.2796087700911,
        "2,22": 47.19506464695747,
        "2,23": 53.151003621838996,
        "2,24": 32.314323383425,
        "2,25": 55.02743667458604,
        "2,26": 22.894346569821952,
        "2,27": 59.26501844899022,
        "2,28": 61.03912229769803,
        "2,29": 47.91466772481725,
        "2,30": 50.942630847264915,
        "2,31": 46.32053347546962,
        "2,32": 46.840209500766015,
        "2,33": 66.3144147603767,
        "2,34": 30.685147778767305,
        "2,35": 33.61066855395979,
        "2,36": 54.50297591712412,
        "2,37": 75.06809185174258,
        "2,38": 38.45100791532406,
        "2,39": 38.975308938369366,
        "2,40": 42.4462821331395,
        "2,41": 34.04924323367575,
        "2,42": 40.28192539781653,
        "2,43": 52.908458174595694,
        "2,44": 39.04261583157727,
        "2,45": 30.215208353970944,
        "2,46": 75.31797168566666,
        "2,47": 10.329619561666568,
        "2,48": 55.77937589802654,
        "2,49": 53.50344830968828,
        "2,50": 27.708612047676397,
        "2,51": 14.356747123794095,
        "2,52": 30.927914111937323,
        "2,53": 15.573806281246355,
        "2,54": 40.71107520096173,
        "2,55": 75.82731698317097,
        "2,56": 56.78673116316387,
        "2,57": 61.61547425373388,
        "2,58": 43.26921582836133,
        "2,59": 29.223030534938946,
        "2,60": 41.13940280798046,
        "3,0": 47.085360689024576,
        "3,1": 90.8650165696343,
        "3,2": 40.84514916636428,
        "3,3": 0.0,
        "3,4": 102.47397684127355,
        "3,5": 10.561076425843314,
        "3,6": 87.6606908341094,
        "3,7": 54.12839771867621,
        "3,8": 49.39310889472765,
        "3,9": 69.51320162520571,
        "3,10": 39.69692534563757,
        "3,11": 99.69700363293542,
        "3,12": 64.74566095778333,
        "3,13": 72.59095614703803,
        "3,14": 86.59076189482492,
        "3,15": 89.21730363091918,
        "3,16": 26.537387634840755,
        "3,17": 77.67889490659717,
        "3,18": 81.00954505024582,
        "3,19": 109.65084828355997,
        "3,20": 56.42105916207905,
        "3,21": 55.366090686728406,
        "3,22": 14.747096833454023,
        "3,23": 60.627438999340086,
        "3,24": 30.420206293968178,
        "3,25": 55.19285209243554,
        "3,26": 32.913434128855506,
        "3,27": 91.5524341438148,
        "3,28": 78.13966818892604,
        "3,29": 88.29273809241397,
        "3,30": 39.63501396878561,
        "3,31": 45.52732809087234,
        "3,32": 38.656946123519866,
        "3,33": 97.64039208611385,
        "3,34": 12.493169981371004,
        "3,35": 70.68149602618512,
        "3,36": 25.780418986894144,
        "3,37": 104.55565571482948,
        "3,38": 14.320681491701496,
        "3,39": 75.80446731456989,
        "3,40": 83.01850905319907,
        "3,41": 74.4342425438054,
        "3,42": 77.54119965437667,
        "3,43": 52.11960432338764,
        "3,44": 78.13874371831487,
        "3,45": 58.56588476847602,
        "3,46": 93.90859948582354,
        "3,47": 43.42800845164498,
        "3,48": 83.7886499921428,
        "3,49": 25.066525353817713,
        "3,50": 13.714454072887056,
        "3,51": 52.86283770952157,
        "3,52": 71.77103273592627,
        "3,53": 47.44620769445317,
        "3,54": 81.53430731457509,
        "3,55": 105.46639186388671,
        "3,56": 38.5920396699179,
        "3,57": 54.801664047893055,
        "3,58": 51.86365395125909,
        "3,59": 24.36786210996939,
        "3,60": 3.0718929388969904,
        "4,0": 55.96875948576544,
        "4,1": 57.17489389267868,
        "4,2": 73.71502810698735,
        "4,3": 102.47397684127355,
        "4,4": 0.0,
        "4,5": 113.03373935494682,
        "4,6": 35.58100088977897,
        "4,7": 84.94456316358402,
        "4,8": 63.21524640820807,
        "4,9": 34.533145963355665,
        "4,10": 64.61991386353594,
        "4,11": 14.995262891380815,
        "4,12": 50.42291659072904,
        "4,13": 44.58597678794786,
        "4,14": 63.166802928787625,
        "4,15": 16.755868150003238,
        "4,16": 91.91943920138542,
        "4,17": 35.799919524124746,
        "4,18": 29.381764341672653,
        "4,19": 12.699848975584796,
        "4,20": 46.110858887796084,
        "4,21": 53.90900519972436,
        "4,22": 114.58190667795279,
        "4,23": 52.33402613828683,
        "4,24": 105.79659513552853,
        "4,25": 62.55520787356397,
        "4,26": 96.59857619196866,
        "4,27": 16.568853629050363,
        "4,28": 32.89515898927966,
        "4,29": 70.84764358525887,
        "4,30": 77.74527644964583,
        "4,31": 65.93887353564244,
        "4,32": 74.57887709912568,
        "4,33": 9.940646525227628,
        "4,34": 98.17214990850528,
        "4,35": 43.28022946486579,
        "4,36": 124.26970870439847,
        "4,37": 2.8310529719765913,
        "4,38": 107.4679879760884,
        "4,39": 84.66986460994957,
        "4,40": 67.69809703792868,
        "4,41": 68.88718032043604,
        "4,42": 39.0995568838356,
        "4,43": 64.26490112237259,
        "4,44": 45.34546166846704,
        "4,45": 45.047713536589896,
        "4,46": 26.520153194997786,
        "4,47": 81.69344198154205,
        "4,48": 18.75563869524366,
        "4,49": 123.30268648479944,
        "4,50": 89.98488188606434,
        "4,51": 76.06886016070851,
        "4,52": 62.24492576014459,
        "4,53": 84.59428588972496,
        "4,54": 62.74605048184055,
        "4,55": 3.751297617887065,
        "4,56": 86.19677808744002,
        "4,57": 72.08870126937174,
        "4,58": 55.33002526515212,
        "4,59": 78.4604657772956,
        "4,60": 104.466367492117,
        "5,0": 57.60400452575854,
        "5,1": 99.90832220597238,
        "5,2": 49.82374418200537,
        "5,3": 10.561076425843314,
        "5,4": 113.03373935494682,
        "5,5": 0.0,
        "5,6": 97.6171031952867,
        "5,7": 60.80762966360801,
        "5,8": 59.00004212073664,
        "5,9": 79.98618128657829,
        "5,10": 49.98245626383487,
        "5,11": 110.17827119462267,
        "5,12": 74.47480648647837,
        "5,13": 82.41151828467652,
        "5,14": 95.24528459394043,
        "5,15": 99.70608516912282,
        "5,16": 33.28315601669533,
        "5,17": 87.89275372452036,
        "5,18": 91.37650165096666,
        "5,19": 120.1477789975446,
        "5,20": 66.97232809999961,
        "5,21": 65.33602315043463,
        "5,22": 9.149802092859042,
        "5,23": 70.4099334208774,
        "5,24": 32.73548582119161,
        "5,25": 64.34610811394768,
        "5,26": 37.918901948100235,
        "5,27": 102.05399772504926,
        "5,28": 88.37645659132207,
        "5,29": 96.41733874130387,
        "5,30": 47.898755611939116,
        "5,31": 54.99444271721653,
        "5,32": 47.549229730932694,
        "5,33": 108.17792629529868,
        "5,34": 19.407571800537642,
        "5,35": 80.7445831985262,
        "5,36": 18.45772659949525,
        "5,37": 115.11671353254565,
        "5,38": 15.313759756244817,
        "5,39": 82.5521928903357,
        "5,40": 91.33868139060976,
        "5,41": 82.66503879887017,
        "5,42": 87.62046032146658,
        "5,43": 61.27668064701835,
        "5,44": 87.90899365231955,
        "5,45": 69.06937361322461,
        "5,46": 104.11718342306794,
        "5,47": 50.96956897121639,
        "5,48": 94.34972224635702,
        "5,49": 18.037879779202783,
        "5,50": 23.844263438078926,
        "5,51": 60.77105900930457,
        "5,52": 80.56863334189161,
        "5,53": 54.34053126659586,
        "5,54": 90.21237491574352,
        "5,55": 116.02733880045521,
        "5,56": 45.38481331572794,
        "5,57": 62.911850300093874,
        "5,58": 61.96508578735841,
        "5,59": 34.82780049261683,
        "5,60": 8.960157603189293,
        "6,0": 50.00009526056794,
        "6,1": 80.23735362553585,
        "6,2": 73.190524093527,
        "6,3": 87.6606908341094,
        "6,4": 35.58100088977897,
        "6,5": 97.6171031952867,
        "6,6": 0.0,
        "6,7": 90.83470842349831,
        "6,8": 65.438719243816,
        "6,9": 25.008105998853516,
        "6,10": 48.34078462102279,
        "6,11": 46.82716743142865,
        "6,12": 23.52429008397576,
        "6,13": 15.455813268373396,
        "6,14": 83.85198527725449,
        "6,15": 20.86132842189107,
        "6,16": 86.7029012675031,
        "6,17": 52.363515400371156,
        "6,18": 47.34346789743826,
        "6,19": 32.458996525069225,
        "6,20": 38.149102685278365,
        "6,21": 32.29802706479681,
        "6,22": 101.82541472350596,
        "6,23": 27.36642385348119,
        "6,24": 101.06546554498992,
        "6,25": 35.55142460885951,
        "6,26": 93.71231699145996,
        "6,27": 42.05047786404496,
        "6,28": 12.34686348691857,
        "6,29": 91.2199459259368,
        "6,30": 53.22385839301385,
        "6,31": 43.164681285717634,
        "6,32": 51.63029158166931,
        "6,33": 40.70724852096763,
        "6,34": 87.7220295427427,
        "6,35": 55.87037520560416,
        "6,36": 112.63808713095034,
        "6,37": 38.347296681912674,
        "6,38": 96.83857152732098,
        "6,39": 98.71402562067352,
        "6,40": 86.47764788267202,
        "6,41": 84.11028245182122,
        "6,42": 56.105074630175274,
        "6,43": 38.27119072694841,
        "6,44": 63.187653249773746,
        "6,45": 44.431847866079664,
        "6,46": 10.02615715199209,
        "6,47": 83.25516103784194,
        "6,48": 30.97353076159559,
        "6,49": 111.78254021354107,
        "6,50": 78.08665141912665,
        "6,51": 81.7101918835195,
        "6,52": 76.69833298521601,
        "6,53": 87.83753741937718,
        "6,54": 81.43976690281211,
        "6,55": 39.16144887411806,
        "6,56": 60.33756290883603,
        "6,57": 42.66657711223705,
        "6,58": 35.87504367545572,
        "6,59": 63.92161349836418,
        "6,60": 90.31933343328329,
        "7,0": 42.69059455822444,
        "7,1": 45.59359267219841,
        "7,2": 20.736384553801063,
        "7,3": 54.12839771867621,
        "7,4": 84.94456316358402,
        "7,5": 60.80762966360801,
        "7,6": 90.83470842349831,
        "7,7": 0.0,
        "7,8": 25.464551215568353,
        "7,9": 65.85359446534866,
        "7,10": 54.92263354200697,
        "7,11": 74.74594874685098,
        "7,12": 76.54855545837228,
        "7,13": 81.06508861066028,
        "7,14": 38.92739739809221,
        "7,15": 79.78546778102988,
        "7,16": 27.695132004005746,
        "7,17": 49.548202858023224,
        "7,18": 55.75165092722294,
        "7,19": 96.46687280429701,
        "7,20": 53.35267421614561,
        "7,21": 67.39326164760188,
        "7,22": 55.345140625699734,
        "7,23": 73.10873864676505,
        "7,24": 32.56230508017719,
        "7,25": 75.6220517108567,
        "7,26": 23.760165039661125,
        "7,27": 68.92737434244064,
        "7,28": 78.49378536297085,
        "7,29": 37.64231352573367,
        "7,30": 71.41180645313048,
        "7,31": 67.04816804715827,
        "7,32": 67.40591769271066,
        "7,33": 76.18528055817505,
        "7,34": 41.91232272211295,
        "7,35": 41.71068115662973,
        "7,36": 59.188372619586566,
        "7,37": 85.71811595565582,
        "7,38": 46.41720597314199,
        "7,39": 21.75753334024932,
        "7,40": 33.63779164183417,
        "7,41": 25.327932934473374,
        "7,42": 46.82297900078882,
        "7,43": 73.57627794776283,
        "7,44": 42.45901378240066,
        "7,45": 46.439401686161766,
        "7,46": 91.52183072242325,
        "7,47": 11.792253703619966,
        "7,48": 68.83110468694704,
        "7,49": 58.26497220275664,
        "7,50": 43.30175222127955,
        "7,51": 9.226209231908815,
        "7,52": 27.202500412200287,
        "7,53": 6.7475034622044685,
        "7,54": 34.514763852118364,
        "7,55": 86.32529813666866,
        "7,56": 76.7925007469219,
        "7,57": 82.35182395201369,
        "7,58": 63.49549015986613,
        "7,59": 48.85630845647215,
        "7,60": 53.35602457787476,
        "8,0": 17.9655865409685,
        "8,1": 42.02279388920107,
        "8,2": 10.837299276724039,
        "8,3": 49.39310889472765,
        "8,4": 63.21524640820807,
        "8,5": 59.00004212073664,
        "8,6": 65.438719243816,
        "8,7": 25.464551215568353,
        "8,8": 0.0,
        "8,9": 40.5128289945292,
        "8,10": 32.99323023677963,
        "8,11": 55.668714854621044,
        "8,12": 51.58318810605224,
        "8,13": 55.71159132024857,
        "8,14": 38.88822703958745,
        "8,15": 55.66442081508516,
        "8,16": 30.196340946778122,
        "8,17": 30.795457532729092,
        "8,18": 35.81226341016859,
        "8,19": 73.75401146197012,
        "8,20": 27.926669355471706,
        "8,21": 42.927235022499374,
        "8,22": 57.20399982171839,
        "8,23": 48.373697082676195,
        "8,24": 43.120682209846294,
        "8,25": 52.162788155580735,
        "8,26": 33.59028254410916,
        "8,27": 48.50577905397803,
        "8,28": 53.11326721224675,
        "8,29": 42.49157901036669,
        "8,30": 51.698486104019196,
        "8,31": 44.75912606591225,
        "8,32": 47.30670519270421,
        "8,33": 55.59724550177849,
        "8,34": 40.39184436786831,
        "8,35": 22.84855675755878,
        "8,36": 65.00684456403997,
        "8,37": 64.47752111521052,
        "8,38": 48.67643448226895,
        "8,39": 38.39126675562878,
        "8,40": 36.7220715713026,
        "8,41": 29.241327654364085,
        "8,42": 29.595346875567856,
        "8,43": 50.52900699784367,
        "8,44": 28.95861577805273,
        "8,45": 21.201899221088503,
        "8,46": 66.57606062159675,
        "8,47": 18.762176241242823,
        "8,48": 45.606884596066294,
        "8,49": 64.0068165396739,
        "8,50": 35.75536481105799,
        "8,51": 16.53324912858477,
        "8,52": 24.20262386089665,
        "8,53": 22.639944772790063,
        "8,54": 33.93156731356472,
        "8,55": 65.2168289460703,
        "8,56": 58.69820432907069,
        "8,57": 60.09202541795976,
        "8,58": 39.277980420629355,
        "8,59": 33.13178496976307,
        "8,60": 50.11475886224101,
        "9,0": 26.218244609580466,
        "9,1": 59.28551087273661,
        "9,2": 48.747904476400784,
        "9,3": 69.51320162520571,
        "9,4": 34.533145963355665,
        "9,5": 79.98618128657829,
        "9,6": 25.008105998853516,
        "9,7": 65.85359446534866,
        "9,8": 40.5128289945292,
        "9,9": 0.0,
        "9,10": 30.460372917581637,
        "9,11": 37.49731156258798,
        "9,12": 20.061141108756775,
        "9,13": 18.944564125685826,
        "9,14": 61.63059911636275,
        "9,15": 19.73903588057207,
        "9,16": 63.782754398621464,
        "9,17": 31.19149016608038,
        "9,18": 28.061200254971737,
        "9,19": 40.18894455428015,
        "9,20": 14.29655068192943,
        "9,21": 19.967461748712164,
        "9,22": 82.60323527972996,
        "9,23": 20.13805404235798,
        "9,24": 78.19991083066266,
        "9,25": 30.031385302350436,
        "9,26": 70.17094027765438,
        "9,27": 29.734408260934956,
        "9,28": 12.662644191021649,
        "9,29": 68.58816274371249,
        "9,30": 43.52775898075518,
        "9,31": 31.661690618393468,
        "9,32": 40.15966009454094,
        "9,33": 32.962722489039955,
        "9,34": 67.0525394586107,
        "9,35": 32.59045313948229,
        "9,36": 92.91406168415519,
        "9,37": 37.0345710518124,
        "9,38": 76.40246305488508,
        "9,39": 74.21587268948932,
        "9,40": 63.44064752413459,
        "9,41": 60.11964890957568,
        "9,42": 34.538477033513914,
        "9,43": 31.081164967101305,
        "9,44": 41.1566316362337,
        "9,45": 19.42693402663575,
        "9,46": 26.700468447457737,
        "9,47": 58.61323758693914,
        "9,48": 17.80967373329391,
        "9,49": 91.99047340667784,
        "9,50": 58.00924358631447,
        "9,51": 56.71220712114816,
        "9,52": 52.74126056502464,
        "9,53": 63.02999652511259,
        "9,54": 58.567232580419216,
        "9,55": 38.00226843572485,
        "9,56": 52.12364769834153,
        "9,57": 40.21575859849824,
        "9,58": 20.871377498721838,
        "9,59": 45.15907381056055,
        "9,60": 71.78269919277214,
        "10,0": 17.02239181477591,
        "10,1": 70.4326372048362,
        "10,2": 34.19897165377269,
        "10,3": 39.69692534563757,
        "10,4": 64.61991386353594,
        "10,5": 49.98245626383487,
        "10,6": 48.34078462102279,
        "10,7": 54.92263354200697,
        "10,8": 32.99323023677963,
        "10,9": 30.460372917581637,
        "10,10": 0.0,
        "10,11": 64.68850995494394,
        "10,12": 26.533072869919838,
        "10,13": 33.803685931675744,
        "10,14": 69.35531100471111,
        "10,15": 50.1535568595159,
        "10,16": 40.944710816302226,
        "10,17": 47.8822272763113,
        "10,18": 48.78031496896285,
        "10,19": 70.57686977693629,
        "10,20": 19.455222707009025,
        "10,21": 16.479780887583242,
        "10,22": 53.559804315605646,
        "10,23": 22.361259175245277,
        "10,24": 54.672159847099714,
        "10,25": 21.214111056940794,
        "10,26": 48.97971590695766,
        "10,27": 56.38876861657435,
        "10,28": 38.44481909564628,
        "10,29": 74.24574538350298,
        "10,30": 19.392490529493653,
        "10,31": 12.127388951741716,
        "10,32": 14.924830553847722,
        "10,33": 61.3997843478194,
        "10,34": 39.56637271326664,
        "10,35": 43.60418455655368,
        "10,36": 64.31358267581453,
        "10,37": 66.96477635595194,
        "10,38": 48.55861666639376,
        "10,39": 71.21581078455961,
        "10,40": 68.43484162022743,
        "10,41": 61.757339726998225,
        "10,42": 49.39713090448434,
        "10,43": 18.83755877847685,
        "10,44": 53.1563242595447,
        "10,45": 25.92643330507195,
        "10,46": 54.220190925884296,
        "10,47": 44.08051929634097,
        "10,48": 46.52758331290423,
        "10,49": 63.45132969031079,
        "10,50": 29.822979458682134,
        "10,51": 47.61281056462901,
        "10,52": 55.7699271363638,
        "10,53": 49.5633452294549,
        "10,54": 64.79709936491476,
        "10,55": 67.9163696744538,
        "10,56": 27.43162268062489,
        "10,57": 27.48509825634868,
        "10,58": 12.541988234780762,
        "10,59": 15.591510978592156,
        "10,60": 42.20833349899861,
        "11,0": 52.652159874876084,
        "11,1": 42.71681610398433,
        "11,2": 66.49385933383736,
        "11,3": 99.69700363293542,
        "11,4": 14.995262891380815,
        "11,5": 110.17827119462267,
        "11,6": 46.82716743142865,
        "11,7": 74.74594874685098,
        "11,8": 55.668714854621044,
        "11,9": 37.49731156258798,
        "11,10": 64.68850995494394,
        "11,11": 0.0,
        "11,12": 56.483887935082514,
        "11,13": 52.29649937297092,
        "11,14": 49.11117574219513,
        "11,15": 26.01531110924598,
        "11,16": 85.60169256928695,
        "11,17": 25.422429908882574,
        "11,18": 19.85741424478818,
        "11,19": 27.403355643517717,
        "11,20": 45.246141800372286,
        "11,21": 57.39268157990299,
        "11,22": 110.5415686549847,
        "11,23": 57.37967096250959,
        "11,24": 98.78713672991728,
        "11,25": 67.46097036998438,
        "11,26": 89.18948740273856,
        "11,27": 8.308545667435121,
        "11,28": 40.71812191940172,
        "11,29": 56.708007298767996,
        "11,30": 80.49164801839215,
        "11,31": 68.6844208975466,
        "11,32": 76.78257287827991,
        "11,33": 6.177891333941226,
        "11,34": 93.71357026695827,
        "11,35": 33.54544908183875,
        "11,36": 119.50992273418092,
        "11,37": 13.87514821365873,
        "11,38": 102.75548828444691,
        "11,39": 71.86057335171338,
        "11,40": 54.01010563511277,
        "11,41": 56.18302384265727,
        "11,42": 27.922971466584613,
        "11,43": 68.57830476966026,
        "11,44": 33.064320955714386,
        "11,45": 41.14896722975977,
        "11,46": 39.111969948107,
        "11,47": 73.21763531382487,
        "11,48": 19.76427785457609,
        "11,49": 118.51971073965267,
        "11,50": 86.4812442730452,
        "11,51": 66.3428125515324,
        "11,52": 50.073600744677535,
        "11,53": 75.36107930689337,
        "11,54": 49.22289642990747,
        "11,55": 13.970150340466732,
        "11,56": 89.18162227275059,
        "11,57": 77.56059158780192,
        "11,58": 57.74919142311943,
        "11,59": 76.71069867749648,
        "11,60": 101.33250185565547,
        "12,0": 33.86063439578966,
        "12,1": 78.18936055582648,
        "12,2": 56.79839121390512,
        "12,3": 64.74566095778333,
        "12,4": 50.42291659072904,
        "12,5": 74.47480648647837,
        "12,6": 23.52429008397576,
        "12,7": 76.54855545837228,
        "12,8": 51.58318810605224,
        "12,9": 20.061141108756775,
        "12,10": 26.533072869919838,
        "12,11": 56.483887935082514,
        "12,12": 0.0,
        "12,13": 8.069929898279613,
        "12,14": 79.69946502976457,
        "12,15": 33.71842857920205,
        "12,16": 67.02635168428678,
        "12,17": 50.58852109401968,
        "12,18": 48.00945051068925,
        "12,19": 52.09602310918043,
        "12,20": 24.48034677292219,
        "12,21": 10.128828358438215,
        "12,22": 79.16506901351612,
        "12,23": 4.188714391650727,
        "12,24": 81.02186794359216,
        "12,25": 12.61625335250311,
        "12,26": 74.74334023424643,
        "12,27": 49.19243593000629,
        "12,28": 17.8293274802165,
        "12,29": 86.18889865445415,
        "12,30": 29.880509038362316,
        "12,31": 19.678953225435084,
        "12,32": 28.109721518074956,
        "12,33": 51.31149947262647,
        "12,34": 65.99176561838661,
        "12,35": 50.5609952979756,
        "12,36": 90.10541266733672,
        "12,37": 53.19409287035861,
        "12,38": 74.82596245986817,
        "12,39": 88.81391793535656,
        "12,40": 80.72648644313674,
        "12,41": 76.16453706726676,
        "12,42": 53.65936507900909,
        "12,43": 15.008197804200819,
        "12,44": 59.82003389567199,
        "12,45": 33.64115587408268,
        "12,46": 31.62555357468278,
        "12,47": 67.1262486770466,
        "12,48": 36.81727974428275,
        "12,49": 89.28702646293762,
        "12,50": 56.18641179796902,
        "12,51": 68.01175398352345,
        "12,52": 69.04437399721988,
        "12,53": 72.28600516728088,
        "12,54": 76.12267685489564,
        "12,55": 54.150751537035234,
        "12,56": 37.441437435118765,
        "12,57": 21.668091530370003,
        "12,58": 14.262547538469667,
        "12,59": 41.713886846662774,
        "12,60": 67.50835023108803,
        "13,0": 38.64409152091652,
        "13,1": 78.22753051237503,
        "13,2": 61.99694865602325,
        "13,3": 72.59095614703803,
        "13,4": 44.58597678794786,
        "13,5": 82.41151828467652,
        "13,6": 15.455813268373396,
        "13,7": 81.06508861066028,
        "13,8": 55.71159132024857,
        "13,9": 18.944564125685826,
        "13,10": 33.803685931675744,
        "13,11": 52.29649937297092,
        "13,12": 8.069929898279613,
        "13,13": 0.0,
        "13,14": 80.49868758738042,
        "13,15": 27.868591613347988,
        "13,16": 73.59157154924625,
        "13,17": 50.0958222281752,
        "13,18": 46.58215748486267,
        "13,19": 45.00358672852415,
        "13,20": 27.822544436188622,
        "13,21": 17.377774289960435,
        "13,22": 86.92047847907403,
        "13,23": 12.006874115821583,
        "13,24": 87.76928051449192,
        "13,25": 20.30386427143633,
        "13,26": 81.05659524413636,
        "13,27": 45.63011923461145,
        "13,28": 11.778210747758237,
        "13,29": 87.35734334632761,
        "13,30": 37.84621872173546,
        "13,31": 27.735077961398147,
        "13,32": 36.17476415677532,
        "13,33": 46.726134873521524,
        "13,34": 73.37005611870089,
        "13,35": 51.36243949221583,
        "13,36": 97.81843397648557,
        "13,37": 47.40525028632368,
        "13,38": 82.32752775050449,
        "13,39": 91.7658663775839,
        "13,40": 82.10869370250754,
        "13,41": 78.30507640045764,
        "13,42": 53.47850785406442,
        "13,43": 22.90863858970229,
        "13,44": 60.088795866650045,
        "13,45": 36.113912911927585,
        "13,46": 23.84505634456284,
        "13,47": 72.29535440635959,
        "13,48": 33.20512783473178,
        "13,49": 96.98557843370727,
        "13,50": 63.6149260044016,
        "13,51": 72.24484040555303,
        "13,52": 71.00662255689939,
        "13,53": 77.26232330425901,
        "13,54": 77.30567953566145,
        "13,55": 48.337269896575314,
        "13,56": 45.1926142099508,
        "13,57": 28.369701757320083,
        "13,58": 21.273885921816294,
        "13,59": 49.23655104927184,
        "13,60": 75.31474320737932,
        "14,0": 52.373114599163735,
        "14,1": 7.710313510224977,
        "14,2": 45.77012726265336,
        "14,3": 86.59076189482492,
        "14,4": 63.166802928787625,
        "14,5": 95.24528459394043,
        "14,6": 83.85198527725449,
        "14,7": 38.92739739809221,
        "14,8": 38.88822703958745,
        "14,9": 61.63059911636275,
        "14,10": 69.35531100471111,
        "14,11": 49.11117574219513,
        "14,12": 79.69946502976457,
        "14,13": 80.49868758738042,
        "14,14": 0.0,
        "14,15": 65.92668345088848,
        "14,16": 62.70215297693483,
        "14,17": 31.50273837543679,
        "14,18": 37.005766455107434,
        "14,19": 75.86446330710586,
        "14,20": 56.16073154666814,
        "14,21": 73.95841921275927,
        "14,22": 91.52951485569588,
        "14,23": 77.86409085828187,
        "14,24": 70.96311857750034,
        "14,25": 84.81226643252435,
