{
    "num_robots": 6,
    "num_tasks": 30,
    "num_nodes": 31,
    "robot_capacity": [
        66,
        49,
        62,
        62,
        65,
        51
    ],
    "robot_speed": [
        0.8,
        0.84,
        0.84,
        1.1,
        0.97,
        0.95
    ],
    "task_demand": {
        "0": 0,
        "1": 14,
        "2": 10,
        "3": 5,
        "4": 9,
        "5": 14,
        "6": 11,
        "7": 10,
        "8": 6,
        "9": 5,
        "10": 5,
        "11": 6,
        "12": 14,
        "13": 5,
        "14": 11,
        "15": 13,
        "16": 13,
        "17": 8,
        "18": 9,
        "19": 11,
        "20": 11,
        "21": 11,
        "22": 9,
        "23": 14,
        "24": 9,
        "25": 7,
        "26": 5,
        "27": 8,
        "28": 13,
        "29": 11,
        "30": 13
    },
    "task_service_time": {
        "0": 0,
        "1": 75,
        "2": 91,
        "3": 10,
        "4": 19,
        "5": 33,
        "6": 97,
        "7": 69,
        "8": 39,
        "9": 45,
        "10": 87,
        "11": 46,
        "12": 35,
        "13": 61,
        "14": 31,
        "15": 58,
        "16": 33,
        "17": 93,
        "18": 43,
        "19": 58,
        "20": 93,
        "21": 94,
        "22": 22,
        "23": 30,
        "24": 20,
        "25": 64,
        "26": 90,
        "27": 75,
        "28": 49,
        "29": 50,
        "30": 31
    },
    "task_precedence": [],
    "coordinates": {
        "0": [
            50.0,
            50.0
        ],
        "1": [
            52.06325764125535,
            40.84107073659057
        ],
        "2": [
            41.917731331436755,
            76.94100209531761
        ],
        "3": [
            63.63161065772856,
            66.8593306974592
        ],
        "4": [
            39.00915903231279,
            54.26578437280132
        ],
        "5": [
            83.79242418467594,
            5.441773714422893
        ],
        "6": [
            11.77957420551804,
            38.33207344184931
        ],
        "7": [
            89.75418167836452,
            42.60849003936739
        ],
        "8": [
            73.79723641166545,
            65.6451777114732
        ],
        "9": [
            90.47470268651963,
            0.7463075831896204
        ],
        "10": [
            23.688904165938762,
            68.62075979912487
        ],
        "11": [
            89.39399978044482,
            57.62939692877268
        ],
        "12": [
            30.480986919570284,
            84.87955418242993
        ],
        "13": [
            29.987543419169015,
            44.25302624175319
        ],
        "14": [
            73.4196385679306,
            88.08191430873899
        ],
        "15": [
            61.40656352527319,
            47.204971186710395
        ],
        "16": [
            12.081006053946652,
            16.063711183899176
        ],
        "17": [
            57.75864014377453,
            28.900180549087885
        ],
        "18": [
            76.11710258181502,
            55.28398435309809
        ],
        "19": [
            75.27792577096456,
            40.721657107287946
        ],
        "20": [
            41.50368990876849,
            16.331017610312294
        ],
        "21": [
            40.27427739261968,
            7.228186595206154
        ],
        "22": [
            27.386658183776113,
            19.65157844856622
        ],
        "23": [
            67.97937017666692,
            5.746502689599842
        ],
        "24": [
            55.18996822507229,
            87.67887218369592
        ],
        "25": [
            57.51055553596894,
            38.999881415786
        ],
        "26": [
            94.28976785296516,
            81.1179294371603
        ],
        "27": [
            80.50481205640965,
            26.580988993990296
        ],
        "28": [
            23.826848621382123,
            81.62202483139927
        ],
        "29": [
            25.007893239373114,
            13.071668743957222
        ],
        "30": [
            19.249170344609055,
            13.768409403362957
        ]
    },
    "distance_matrix_str_keys": {
        "0,0": 0.0,
        "0,1": 9.388451275175061,
        "0,2": 28.127222769600756,
        "0,3": 21.680817343684,
        "0,4": 11.789635341783372,
        "0,5": 55.92283488874438,
        "0,6": 39.96174993763287,
        "0,7": 40.43549653973034,
        "0,8": 28.47946710274393,
        "0,9": 63.7505119528614,
        "0,10": 32.23362312067726,
        "0,11": 40.125988040152386,
        "0,12": 39.96967815230755,
        "0,13": 20.821290204442732,
        "0,14": 44.706953240750394,
        "0,15": 11.74401454031848,
        "0,16": 50.88734420748091,
        "0,17": 22.481078215727972,
        "0,18": 26.646266866351734,
        "0,19": 26.92696006082258,
        "0,20": 34.7244533480869,
        "0,21": 43.86362618582977,
        "0,22": 37.84692746790564,
        "0,23": 47.76640844936129,
        "0,24": 38.034631314271394,
        "0,25": 13.319574066975411,
        "0,26": 54.12863446389197,
        "0,27": 38.45768629411394,
        "0,28": 41.04858472012987,
        "0,29": 44.59043675151207,
        "0,30": 47.522012601079815,
        "1,0": 9.388451275175061,
        "1,1": 0.0,
        "1,2": 37.49848994570349,
        "1,3": 28.47413989754712,
        "1,4": 18.725181620114103,
        "1,5": 47.537882148911194,
        "1,6": 40.361742016118626,
        "1,7": 37.73234058156162,
        "1,8": 32.97892593784792,
        "1,9": 55.52503167754771,
        "1,10": 39.709130682417346,
        "1,11": 40.93204374323086,
        "1,12": 49.04265932546452,
        "1,13": 22.33782887355963,
        "1,14": 51.84392257240434,
        "1,15": 11.304715555083986,
        "1,16": 47.03719792243364,
        "1,17": 13.229597133699857,
        "1,18": 28.05682109859181,
        "1,19": 23.214975252784566,
        "1,20": 26.687959362790572,
        "1,21": 35.620303698941896,
        "1,22": 32.52582272916563,
        "1,23": 38.53506642844602,
        "1,24": 46.94204899099971,
        "1,25": 5.750046301448009,
        "1,26": 58.354978463240755,
        "1,27": 31.816221473578924,
        "1,28": 49.602227885655225,
        "1,29": 38.77025186850229,
        "1,30": 42.540490321287564,
        "2,0": 28.127222769600756,
        "2,1": 37.49848994570349,
        "2,2": 0.0,
        "2,3": 23.940189088041034,
        "2,4": 22.860999356606182,
        "2,5": 82.85909461620048,
        "2,6": 48.9791576766605,
        "2,7": 58.881638613969066,
        "2,8": 33.82156845373942,
        "2,9": 90.35159621708323,
        "2,10": 20.03787842305049,
        "2,11": 51.253625822480146,
        "2,12": 13.921915528480778,
        "2,13": 34.797027876317685,
        "2,14": 33.41392051950542,
        "2,15": 35.553426198851206,
        "2,16": 67.79583116975473,
        "2,17": 50.58512554929058,
        "2,18": 40.479913678366586,
        "2,19": 49.24168482500382,
        "2,20": 60.61139867691779,
        "2,21": 69.7321847198379,
        "2,22": 59.1035544497928,
        "2,23": 75.81468040511652,
        "2,24": 17.072027594743094,
        "2,25": 41.02029747688608,
        "2,26": 52.53833772999806,
        "2,27": 63.44362630273772,
        "2,28": 18.686680044477324,
        "2,29": 66.06992028939496,
        "2,30": 67.1166158610305,
        "3,0": 21.680817343684,
        "3,1": 28.47413989754712,
        "3,2": 23.940189088041034,
        "3,3": 0.0,
        "3,4": 27.65614819668935,
        "3,5": 64.64189591768528,
        "3,6": 59.181399871658286,
        "3,7": 35.64396147108691,
        "3,8": 10.237876461575603,
        "3,9": 71.35463134915695,
        "3,10": 39.981526163585364,
        "3,11": 27.365897951366197,
        "3,12": 37.73184740610024,
        "3,13": 40.53354489181508,
        "3,14": 23.370997957054715,
        "3,15": 19.77990602908441,
        "3,16": 72.37167813987611,
        "3,17": 38.4107909661383,
        "3,18": 17.0257496627415,
        "3,19": 28.614937295460305,
        "3,20": 55.16117565919891,
        "3,21": 64.04247312683223,
        "3,22": 59.516959366485885,
        "3,23": 61.267289477768784,
        "3,24": 22.465854861499363,
        "3,25": 28.523958878138586,
        "3,26": 33.811687929289235,
        "3,27": 43.66978057904409,
        "3,28": 42.454166095478016,
        "3,29": 66.21860860541528,
        "3,30": 69.1986049859644,
        "4,0": 11.789635341783372,
        "4,1": 18.725181620114103,
        "4,2": 22.860999356606182,
        "4,3": 27.65614819668935,
        "4,4": 0.0,
        "4,5": 66.25198000419545,
        "4,6": 31.548905430628658,
        "4,7": 52.06678244835774,
        "4,8": 36.60192509292426,
        "4,9": 74.24982545068275,
        "4,10": 20.99465476403482,
        "4,11": 50.49699066916081,
        "4,12": 31.779437086605025,
        "4,13": 13.477569278701184,
        "4,14": 48.245328745023514,
        "4,15": 23.484011813788513,
        "4,16": 46.73888978951603,
        "4,17": 31.542937391603942,
        "4,18": 37.121910048823196,
        "4,19": 38.7152014605007,
        "4,20": 38.0166965111125,
        "4,21": 47.05460794813205,
        "4,22": 36.51336437168709,
        "4,23": 56.51012147219567,
        "4,24": 37.1248302782793,
        "4,25": 23.986443372841027,
        "4,26": 61.457167247924524,
        "4,27": 49.8832348095317,
        "4,28": 31.286841346522746,
        "4,29": 43.508511882700844,
        "4,30": 45.061009002833835,
        "5,0": 55.92283488874438,
        "5,1": 47.537882148911194,
        "5,2": 82.85909461620048,
        "5,3": 64.64189591768528,
        "5,4": 66.25198000419545,
        "5,5": 0.0,
        "5,6": 79.1683167579092,
        "5,7": 37.6418298544644,
        "5,8": 61.02748259145047,
        "5,9": 8.167021988813378,
        "5,10": 87.20101720354933,
        "5,11": 52.487385779042704,
        "5,12": 95.66854398889205,
        "5,13": 66.34213229110607,
        "5,14": 83.28857976276994,
        "5,15": 47.384506123536596,
        "5,16": 72.49381384591207,
        "5,17": 35.0436122953806,
        "5,18": 50.42971864939771,
        "5,19": 36.292793436869104,
        "5,20": 43.668211313064724,
        "5,21": 43.55479733847449,
        "5,22": 58.16810972286059,
        "5,23": 15.815989909219166,
        "5,24": 87.06917279706965,
        "5,25": 42.624913045825366,
        "5,26": 76.40075110273571,
        "5,27": 21.39333578808643,
        "5,28": 96.94999181476335,
        "5,29": 59.27762121257041,
        "5,30": 65.0781413237935,
        "6,0": 39.96174993763287,
        "6,1": 40.361742016118626,
        "6,2": 48.9791576766605,
        "6,3": 59.181399871658286,
        "6,4": 31.548905430628658,
        "6,5": 79.1683167579092,
        "6,6": 0.0,
        "6,7": 78.09178669655351,
        "6,8": 67.76574422493383,
        "6,9": 87.21016593163515,
        "6,10": 32.54591620089355,
        "6,11": 79.97740775422027,
        "6,12": 50.163839573900624,
        "6,13": 19.146483357106373,
        "6,14": 79.21202055801386,
        "6,15": 50.41395028495439,
        "6,16": 22.270402304640683,
        "6,17": 46.93650080795395,
        "6,18": 66.5333363143149,
        "6,19": 63.54329832187794,
        "6,20": 36.98066402922788,
        "6,21": 42.18293359511405,
        "6,22": 24.342184854660736,
        "6,23": 64.96334726943046,
        "6,24": 65.72342698765232,
        "6,25": 45.73585705916204,
        "6,26": 92.9438622448557,
        "6,27": 69.7226383849775,
        "6,28": 44.935027675085855,
        "6,29": 28.514495786577417,
        "6,30": 25.67427618213902,
        "7,0": 40.43549653973034,
        "7,1": 37.73234058156162,
        "7,2": 58.881638613969066,
        "7,3": 35.64396147108691,
        "7,4": 52.06678244835774,
        "7,5": 37.6418298544644,
        "7,6": 78.09178669655351,
        "7,7": 0.0,
        "7,8": 28.023438067920598,
        "7,9": 41.8683827072113,
        "7,10": 71.00182441915292,
        "7,11": 15.025224616616295,
        "7,12": 72.8021598628836,
        "7,13": 59.78925947130044,
        "7,14": 48.318212026200825,
        "7,15": 28.717853225673963,
        "7,16": 82.0837833927468,
        "7,17": 34.8085108439439,
        "7,18": 18.618219098049273,
        "7,19": 14.598702805732835,
        "7,20": 54.94192855431637,
        "7,21": 60.827845596629494,
        "7,22": 66.45846655344899,
        "7,23": 42.81294812680954,
        "7,24": 56.798100305208756,
        "7,25": 32.444930004682725,
        "7,26": 38.77561688328779,
        "7,27": 18.504908218175668,
        "7,28": 76.60593411071602,
        "7,29": 71.16534043241883,
        "7,30": 76.17550048581384,
        "8,0": 28.47946710274393,
        "8,1": 32.97892593784792,
        "8,2": 33.82156845373942,
        "8,3": 10.237876461575603,
        "8,4": 36.60192509292426,
        "8,5": 61.02748259145047,
        "8,6": 67.76574422493383,
        "8,7": 28.023438067920598,
        "8,8": 0.0,
        "8,9": 67.00747141384099,
        "8,10": 50.19660396091041,
        "8,11": 17.53601349047179,
        "8,12": 47.394711817753766,
        "8,13": 48.75359827336066,
        "8,14": 22.43991375354815,
        "8,15": 22.21643516078763,
        "8,16": 79.16574330221346,
        "8,17": 40.09278472129504,
        "8,18": 10.617726068092018,
        "8,19": 24.967465235501745,
        "8,20": 58.9470909563627,
        "8,21": 67.35230977828931,
        "8,22": 65.34028577075489,
        "8,23": 60.180551982383236,
        "8,24": 28.839454250437193,
        "8,25": 31.22863731627975,
        "8,26": 25.67780930759885,
        "8,27": 39.63587278192678,
        "8,28": 52.46236079137868,
        "8,29": 71.72429053215647,
        "8,30": 75.27742425023122,
        "9,0": 63.7505119528614,
        "9,1": 55.52503167754771,
        "9,2": 90.35159621708323,
        "9,3": 71.35463134915695,
        "9,4": 74.24982545068275,
        "9,5": 8.167021988813378,
        "9,6": 87.21016593163515,
        "9,7": 41.8683827072113,
        "9,8": 67.00747141384099,
        "9,9": 0.0,
        "9,10": 95.22228808238594,
        "9,11": 56.89335437701651,
        "9,12": 103.33271076892393,
        "9,13": 74.50859685076108,
        "9,14": 88.98529886564975,
        "9,15": 54.80295738482272,
        "9,16": 79.87611986562014,
        "9,17": 43.162267216641276,
        "9,18": 56.39591180418691,
        "9,19": 42.76646581370708,
        "9,20": 51.39108170790107,
        "9,21": 50.61716561814629,
        "9,22": 65.85978003055737,
        "9,23": 23.044347155669332,
        "9,24": 93.82048429866502,
        "9,25": 50.49723664052382,
        "9,26": 80.46211730784795,
        "9,27": 27.691686167041635,
        "9,28": 104.7989412728021,
        "9,29": 66.61694729520673,
        "9,30": 72.40615714981367,
        "10,0": 32.23362312067726,
        "10,1": 39.709130682417346,
        "10,2": 20.03787842305049,
        "10,3": 39.981526163585364,
        "10,4": 20.99465476403482,
        "10,5": 87.20101720354933,
        "10,6": 32.54591620089355,
        "10,7": 71.00182441915292,
        "10,8": 50.19660396091041,
        "10,9": 95.22228808238594,
        "10,10": 0.0,
        "10,11": 66.61808799011827,
        "10,12": 17.620464889745985,
        "10,13": 25.16861726764883,
        "10,14": 53.40301938100999,
        "10,15": 43.37346918841528,
        "10,16": 53.82366261897816,
        "10,17": 52.330405363974634,
        "10,18": 54.09792573132756,
        "10,19": 58.6496980484425,
        "10,20": 55.241141635880545,
        "10,21": 63.593416716408804,
        "10,22": 49.10859504119755,
        "10,23": 76.90785126709837,
        "10,24": 36.81750513710258,
        "10,25": 44.95887607132118,
        "10,26": 71.69840446143775,
        "10,27": 70.67807098928718,
        "10,28": 13.00199681249879,
        "10,29": 55.564748260305706,
        "10,30": 55.03173248539156,
        "11,0": 40.125988040152386,
        "11,1": 40.93204374323086,
        "11,2": 51.253625822480146,
        "11,3": 27.365897951366197,
        "11,4": 50.49699066916081,
        "11,5": 52.487385779042704,
        "11,6": 79.97740775422027,
        "11,7": 15.025224616616295,
        "11,8": 17.53601349047179,
        "11,9": 56.89335437701651,
        "11,10": 66.61808799011827,
        "11,11": 0.0,
        "11,12": 64.9100466391345,
        "11,13": 60.89379566228993,
        "11,14": 34.388021619817394,
        "11,15": 29.86578711819037,
        "11,16": 87.77815918777931,
        "11,17": 42.73363842609493,
        "11,18": 13.482468593440752,
        "11,19": 22.025785146326673,
        "11,20": 63.23794678779993,
        "11,21": 70.3777601984137,
        "11,22": 72.7133076431094,
        "11,23": 56.12861191674167,
        "11,24": 45.528965919919195,
        "11,25": 36.92712912127361,
        "11,26": 23.993326247469142,
        "11,27": 32.29584019154471,
        "11,28": 69.81903397204285,
        "11,29": 78.3004588524878,
        "11,30": 82.7289751132373,
        "12,0": 39.96967815230755,
        "12,1": 49.04265932546452,
        "12,2": 13.921915528480778,
        "12,3": 37.73184740610024,
        "12,4": 31.779437086605025,
        "12,5": 95.66854398889205,
        "12,6": 50.163839573900624,
        "12,7": 72.8021598628836,
        "12,8": 47.394711817753766,
        "12,9": 103.33271076892393,
        "12,10": 17.620464889745985,
        "12,11": 64.9100466391345,
        "12,12": 0.0,
        "12,13": 40.62952447423765,
        "12,14": 43.05790189683899,
        "12,15": 48.741824876552975,
        "12,16": 71.23327553505982,
        "12,17": 62.27166801845965,
        "12,18": 54.392580433921644,
        "12,19": 62.90219077706587,
        "12,20": 69.42911383106532,
        "12,21": 78.2664898053801,
        "12,22": 65.30132991496171,
        "12,23": 87.56807971780016,
        "12,24": 24.867045229135275,
        "12,25": 53.24980706784704,
        "12,26": 63.91956152016534,
        "12,27": 76.81865518447864,
        "12,28": 7.408714730926049,
        "12,29": 72.01615905876288,
        "12,30": 71.9926983475616,
        "13,0": 20.821290204442732,
        "13,1": 22.33782887355963,
        "13,2": 34.797027876317685,
        "13,3": 40.53354489181508,
        "13,4": 13.477569278701184,
        "13,5": 66.34213229110607,
        "13,6": 19.146483357106373,
        "13,7": 59.78925947130044,
        "13,8": 48.75359827336066,
        "13,9": 74.50859685076108,
        "13,10": 25.16861726764883,
        "13,11": 60.89379566228993,
        "13,12": 40.62952447423765,
        "13,13": 0.0,
        "13,14": 61.70347087643814,
        "13,15": 31.55738904576608,
        "13,16": 33.39583153393638,
        "13,17": 31.732375961314126,
        "13,18": 47.43014089578803,
        "13,19": 45.42784720340253,
        "13,20": 30.203645408860407,
        "13,21": 38.42727737809518,
        "13,22": 24.738549624595798,
        "13,23": 54.09372659046772,
        "13,24": 50.20922536616705,
        "13,25": 28.019845226983346,
        "13,26": 74.1201534991734,
        "13,27": 53.519111829826315,
        "13,28": 37.87342361055374,
        "13,29": 31.576478133549,
        "13,30": 32.320651603454706,
        "14,0": 44.706953240750394,
        "14,1": 51.84392257240434,
        "14,2": 33.41392051950542,
        "14,3": 23.370997957054715,
        "14,4": 48.245328745023514,
        "14,5": 83.28857976276994,
        "14,6": 79.21202055801386,
        "14,7": 48.318212026200825,
        "14,8": 22.43991375354815,
        "14,9": 88.98529886564975,
        "14,10": 53.40301938100999,
        "14,11": 34.388021619817394,
        "14,12": 43.05790189683899,
        "14,13": 61.70347087643814,
        "14,14": 0.0,
        "14,15": 42.60561525177261,
        "14,16": 94.5994155373925,
        "14,17": 61.21882457577609,
        "14,18": 32.90866939700431,
        "14,19": 47.396700238693356,
        "14,20": 78.52909623727099,
        "14,21": 87.38386723312213,
        "14,22": 82.47269941613406,
        "14,23": 82.51494729236671,
        "14,24": 18.23412525359654,
        "14,25": 51.595977322101085,
        "14,26": 22.001349541917506,
        "14,27": 61.90770144281035,
        "14,28": 50.01174848714974,
        "14,29": 89.27616717492955,
        "14,30": 91.96160415551284,
        "15,0": 11.74401454031848,
        "15,1": 11.304715555083986,
        "15,2": 35.553426198851206,
        "15,3": 19.77990602908441,
        "15,4": 23.484011813788513,
        "15,5": 47.384506123536596,
        "15,6": 50.41395028495439,
        "15,7": 28.717853225673963,
        "15,8": 22.21643516078763,
        "15,9": 54.80295738482272,
        "15,10": 43.37346918841528,
        "15,11": 29.86578711819037,
        "15,12": 48.741824876552975,
        "15,13": 31.55738904576608,
        "15,14": 42.60561525177261,
        "15,15": 0.0,
        "15,16": 58.33342690447585,
        "15,17": 18.66474498310859,
        "15,18": 16.783039446915097,
        "15,19": 15.311696574959587,
        "15,20": 36.73316468305098,
        "15,21": 45.21854512772244,
        "15,22": 43.77834408502493,
        "15,23": 41.97625992632638,
        "15,24": 40.94853744690115,
        "15,25": 9.083081877955891,
        "15,26": 47.237631864367394,
        "15,27": 28.108570551393957,
        "15,28": 50.95849834756834,
        "15,29": 49.899354046221134,
        "15,30": 53.807522370768176,
        "16,0": 50.88734420748091,
        "16,1": 47.03719792243364,
        "16,2": 67.79583116975473,
        "16,3": 72.37167813987611,
        "16,4": 46.73888978951603,
        "16,5": 72.49381384591207,
        "16,6": 22.270402304640683,
        "16,7": 82.0837833927468,
        "16,8": 79.16574330221346,
        "16,9": 79.87611986562014,
        "16,10": 53.82366261897816,
        "16,11": 87.77815918777931,
        "16,12": 71.23327553505982,
        "16,13": 33.39583153393638,
        "16,14": 94.5994155373925,
        "16,15": 58.33342690447585,
        "16,16": 0.0,
        "16,17": 47.44703575364465,
        "16,18": 75.09228646134741,
        "16,19": 67.83704709729022,
        "16,20": 29.42389807531279,
        "16,21": 29.54533877845101,
        "16,22": 15.720552745632785,
        "16,23": 56.842518440961626,
        "16,24": 83.58895802974428,
        "16,25": 50.89117675045059,
        "16,26": 104.83478348845243,
        "16,27": 69.22738157981512,
        "16,28": 66.60223198904806,
        "16,29": 13.26863709154624,
        "16,30": 7.526685164244641,
        "17,0": 22.481078215727972,
        "17,1": 13.229597133699857,
        "17,2": 50.58512554929058,
        "17,3": 38.4107909661383,
        "17,4": 31.542937391603942,
        "17,5": 35.0436122953806,
        "17,6": 46.93650080795395,
        "17,7": 34.8085108439439,
        "17,8": 40.09278472129504,
        "17,9": 43.162267216641276,
        "17,10": 52.330405363974634,
        "17,11": 42.73363842609493,
        "17,12": 62.27166801845965,
        "17,13": 31.732375961314126,
        "17,14": 61.21882457577609,
        "17,15": 18.66474498310859,
        "17,16": 47.44703575364465,
        "17,17": 0.0,
        "17,18": 32.142467955299374,
        "17,19": 21.13463216862647,
        "17,20": 20.547682694747177,
        "17,21": 27.8456147849362,
        "17,22": 31.748920123245814,
        "17,23": 25.30921019759833,
        "17,24": 58.83479128629819,
        "17,25": 10.102747327802112,
        "17,26": 63.727675233315885,
        "17,27": 22.86409819232735,
        "17,28": 62.6973631060142,
        "17,29": 36.37517297225292,
        "17,30": 41.37571464300564,
        "18,0": 26.646266866351734,
        "18,1": 28.05682109859181,
        "18,2": 40.479913678366586,
        "18,3": 17.0257496627415,
        "18,4": 37.121910048823196,
        "18,5": 50.42971864939771,
        "18,6": 66.5333363143149,
        "18,7": 18.618219098049273,
        "18,8": 10.617726068092018,
        "18,9": 56.39591180418691,
        "18,10": 54.09792573132756,
        "18,11": 13.482468593440752,
        "18,12": 54.392580433921644,
        "18,13": 47.43014089578803,
        "18,14": 32.90866939700431,
        "18,15": 16.783039446915097,
        "18,16": 75.09228646134741,
        "18,17": 32.142467955299374,
        "18,18": 0.0,
        "18,19": 14.586486641200946,
        "18,20": 52.10971075470669,
        "18,21": 59.950544748906395,
        "18,22": 60.368241334129316,
        "18,23": 50.20144199382347,
        "18,24": 38.56648428288709,
        "18,25": 24.726010625296183,
        "18,26": 31.585415648105823,
        "18,27": 29.036424315304583,
        "18,28": 58.548809001406674,
        "18,29": 66.28748651665161,
        "18,30": 70.40954963882758,
        "19,0": 26.92696006082258,
        "19,1": 23.214975252784566,
        "19,2": 49.24168482500382,
        "19,3": 28.614937295460305,
        "19,4": 38.7152014605007,
        "19,5": 36.292793436869104,
        "19,6": 63.54329832187794,
        "19,7": 14.598702805732835,
        "19,8": 24.967465235501745,
        "19,9": 42.76646581370708,
        "19,10": 58.6496980484425,
        "19,11": 22.025785146326673,
        "19,12": 62.90219077706587,
        "19,13": 45.42784720340253,
        "19,14": 47.396700238693356,
        "19,15": 15.311696574959587,
        "19,16": 67.83704709729022,
        "19,17": 21.13463216862647,
        "19,18": 14.586486641200946,
        "19,19": 0.0,
        "19,20": 41.660560523673695,
        "19,21": 48.44654752135077,
        "19,22": 52.321331460432155,
        "19,23": 35.728564766922574,
        "19,24": 51.073536064165424,
        "19,25": 17.85060101507104,
        "19,26": 44.64648874771833,
        "19,27": 15.075769795649139,
        "19,28": 65.72711327770155,
        "19,29": 57.37245007161177,
        "19,30": 62.17474564817695,
        "20,0": 34.7244533480869,
        "20,1": 26.687959362790572,
        "20,2": 60.61139867691779,
        "20,3": 55.16117565919891,
        "20,4": 38.0166965111125,
        "20,5": 43.668211313064724,
        "20,6": 36.98066402922788,
        "20,7": 54.94192855431637,
        "20,8": 58.9470909563627,
        "20,9": 51.39108170790107,
        "20,10": 55.241141635880545,
        "20,11": 63.23794678779993,
        "20,12": 69.42911383106532,
        "20,13": 30.203645408860407,
        "20,14": 78.52909623727099,
        "20,15": 36.73316468305098,
        "20,16": 29.42389807531279,
        "20,17": 20.547682694747177,
        "20,18": 52.10971075470669,
        "20,19": 41.660560523673695,
        "20,20": 0.0,
        "20,21": 9.185476994932905,
        "20,22": 14.50230012808268,
        "20,23": 28.513042660417188,
        "20,24": 72.64867904081962,
        "20,25": 27.750624018900314,
        "20,26": 83.56861832524565,
        "20,27": 40.325543296296,
        "20,28": 67.64160215313855,
        "20,29": 16.81471566190299,
        "20,30": 22.401575878805474,
        "21,0": 43.86362618582977,
        "21,1": 35.620303698941896,
        "21,2": 69.7321847198379,
        "21,3": 64.04247312683223,
        "21,4": 47.05460794813205,
        "21,5": 43.55479733847449,
        "21,6": 42.18293359511405,
        "21,7": 60.827845596629494,
        "21,8": 67.35230977828931,
        "21,9": 50.61716561814629,
        "21,10": 63.593416716408804,
        "21,11": 70.3777601984137,
        "21,12": 78.2664898053801,
        "21,13": 38.42727737809518,
        "21,14": 87.38386723312213,
        "21,15": 45.21854512772244,
        "21,16": 29.54533877845101,
        "21,17": 27.8456147849362,
        "21,18": 59.950544748906395,
        "21,19": 48.44654752135077,
        "21,20": 9.185476994932905,
        "21,21": 0.0,
        "21,22": 17.900597588189257,
        "21,23": 27.744685137315923,
        "21,24": 81.8217003286252,
        "21,25": 36.14595241526995,
        "21,26": 91.52795915413928,
        "21,27": 44.64332962516115,
        "21,28": 76.19029518710242,
        "21,29": 16.346521609726953,
        "21,30": 22.01884739855019,
        "22,0": 37.84692746790564,
        "22,1": 32.52582272916563,
        "22,2": 59.1035544497928,
        "22,3": 59.516959366485885,
        "22,4": 36.51336437168709,
        "22,5": 58.16810972286059,
        "22,6": 24.342184854660736,
        "22,7": 66.45846655344899,
        "22,8": 65.34028577075489,
        "22,9": 65.85978003055737,
        "22,10": 49.10859504119755,
        "22,11": 72.7133076431094,
        "22,12": 65.30132991496171,
        "22,13": 24.738549624595798,
        "22,14": 82.47269941613406,
        "22,15": 43.77834408502493,
        "22,16": 15.720552745632785,
        "22,17": 31.748920123245814,
        "22,18": 60.368241334129316,
        "22,19": 52.321331460432155,
        "22,20": 14.50230012808268,
        "22,21": 17.900597588189257,
        "22,22": 0.0,
        "22,23": 42.90826725469552,
        "22,24": 73.48970500810339,
        "22,25": 35.80231863157435,
        "22,26": 90.85228883886512,
        "22,27": 53.56822753595463,
        "22,28": 62.07260642995506,
        "22,29": 6.996694532529505,
        "22,30": 10.041433480685395,
        "23,0": 47.76640844936129,
        "23,1": 38.53506642844602,
        "23,2": 75.81468040511652,
        "23,3": 61.267289477768784,
        "23,4": 56.51012147219567,
        "23,5": 15.815989909219166,
        "23,6": 64.96334726943046,
        "23,7": 42.81294812680954,
        "23,8": 60.180551982383236,
        "23,9": 23.044347155669332,
        "23,10": 76.90785126709837,
        "23,11": 56.12861191674167,
        "23,12": 87.56807971780016,
        "23,13": 54.09372659046772,
        "23,14": 82.51494729236671,
        "23,15": 41.97625992632638,
        "23,16": 56.842518440961626,
        "23,17": 25.30921019759833,
        "23,18": 50.20144199382347,
        "23,19": 35.728564766922574,
        "23,20": 28.513042660417188,
        "23,21": 27.744685137315923,
        "23,22": 42.90826725469552,
        "23,23": 0.0,
        "23,24": 82.92455591196457,
        "23,25": 34.86234754987768,
        "23,26": 79.83162904418168,
        "23,27": 24.309720562989742,
        "23,28": 87.7869011867977,
        "23,29": 43.59135106757168,
        "23,30": 49.386064461511914,
        "24,0": 38.034631314271394,
        "24,1": 46.94204899099971,
        "24,2": 17.072027594743094,
        "24,3": 22.465854861499363,
        "24,4": 37.1248302782793,
        "24,5": 87.06917279706965,
        "24,6": 65.72342698765232,
        "24,7": 56.798100305208756,
        "24,8": 28.839454250437193,
        "24,9": 93.82048429866502,
        "24,10": 36.81750513710258,
        "24,11": 45.528965919919195,
        "24,12": 24.867045229135275,
        "24,13": 50.20922536616705,
        "24,14": 18.23412525359654,
        "24,15": 40.94853744690115,
        "24,16": 83.58895802974428,
        "24,17": 58.83479128629819,
        "24,18": 38.56648428288709,
        "24,19": 51.073536064165424,
        "24,20": 72.64867904081962,
        "24,21": 81.8217003286252,
        "24,22": 73.48970500810339,
        "24,23": 82.92455591196457,
        "24,24": 0.0,
        "24,25": 48.734272002870355,
        "24,26": 39.646441210588996,
        "24,27": 66.13465542715039,
        "24,28": 31.94261528310413,
        "24,29": 80.48100679999553,
        "24,30": 82.18574974219858,
        "25,0": 13.319574066975411,
        "25,1": 5.750046301448009,
        "25,2": 41.02029747688608,
        "25,3": 28.523958878138586,
        "25,4": 23.986443372841027,
        "25,5": 42.624913045825366,
        "25,6": 45.73585705916204,
        "25,7": 32.444930004682725,
        "25,8": 31.22863731627975,
        "25,9": 50.49723664052382,
        "25,10": 44.95887607132118,
        "25,11": 36.92712912127361,
        "25,12": 53.24980706784704,
        "25,13": 28.019845226983346,
        "25,14": 51.595977322101085,
        "25,15": 9.083081877955891,
        "25,16": 50.89117675045059,
        "25,17": 10.102747327802112,
        "25,18": 24.726010625296183,
        "25,19": 17.85060101507104,
        "25,20": 27.750624018900314,
        "25,21": 36.14595241526995,
        "25,22": 35.80231863157435,
        "25,23": 34.86234754987768,
        "25,24": 48.734272002870355,
        "25,25": 0.0,
        "25,26": 55.91636994467253,
        "25,27": 26.133593742766507,
        "25,28": 54.3253092107987,
        "25,29": 41.577581323618794,
        "25,30": 45.83187511629107,
        "26,0": 54.12863446389197,
        "26,1": 58.354978463240755,
        "26,2": 52.53833772999806,
        "26,3": 33.811687929289235,
        "26,4": 61.457167247924524,
        "26,5": 76.40075110273571,
        "26,6": 92.9438622448557,
        "26,7": 38.77561688328779,
        "26,8": 25.67780930759885,
        "26,9": 80.46211730784795,
        "26,10": 71.69840446143775,
        "26,11": 23.993326247469142,
        "26,12": 63.91956152016534,
        "26,13": 74.1201534991734,
        "26,14": 22.001349541917506,
        "26,15": 47.237631864367394,
        "26,16": 104.83478348845243,
        "26,17": 63.727675233315885,
        "26,18": 31.585415648105823,
        "26,19": 44.64648874771833,
        "26,20": 83.56861832524565,
        "26,21": 91.52795915413928,
        "26,22": 90.85228883886512,
        "26,23": 79.83162904418168,
        "26,24": 39.646441210588996,
        "26,25": 55.91636994467253,
        "26,26": 0.0,
        "26,27": 56.252136663551376,
        "26,28": 70.46472237086503,
        "26,29": 97.10958626366835,
        "26,30": 100.83178627394226,
        "27,0": 38.45768629411394,
        "27,1": 31.816221473578924,
        "27,2": 63.44362630273772,
        "27,3": 43.66978057904409,
        "27,4": 49.8832348095317,
        "27,5": 21.39333578808643,
        "27,6": 69.7226383849775,
        "27,7": 18.504908218175668,
        "27,8": 39.63587278192678,
        "27,9": 27.691686167041635,
        "27,10": 70.67807098928718,
        "27,11": 32.29584019154471,
        "27,12": 76.81865518447864,
        "27,13": 53.519111829826315,
        "27,14": 61.90770144281035,
        "27,15": 28.108570551393957,
        "27,16": 69.22738157981512,
        "27,17": 22.86409819232735,
        "27,18": 29.036424315304583,
        "27,19": 15.075769795649139,
        "27,20": 40.325543296296,
        "27,21": 44.64332962516115,
        "27,22": 53.56822753595463,
        "27,23": 24.309720562989742,
        "27,24": 66.13465542715039,
        "27,25": 26.133593742766507,
        "27,26": 56.252136663551376,
        "27,27": 0.0,
        "27,28": 79.00574134325464,
        "27,29": 57.117508102180864,
        "27,30": 62.58127385480935,
        "28,0": 41.04858472012987,
        "28,1": 49.602227885655225,
        "28,2": 18.686680044477324,
        "28,3": 42.454166095478016,
        "28,4": 31.286841346522746,
        "28,5": 96.94999181476335,
        "28,6": 44.935027675085855,
        "28,7": 76.60593411071602,
        "28,8": 52.46236079137868,
        "28,9": 104.7989412728021,
        "28,10": 13.00199681249879,
        "28,11": 69.81903397204285,
        "28,12": 7.408714730926049,
        "28,13": 37.87342361055374,
        "28,14": 50.01174848714974,
        "28,15": 50.95849834756834,
        "28,16": 66.60223198904806,
        "28,17": 62.6973631060142,
        "28,18": 58.548809001406674,
        "28,19": 65.72711327770155,
        "28,20": 67.64160215313855,
        "28,21": 76.19029518710242,
        "28,22": 62.07260642995506,
        "28,23": 87.7869011867977,
        "28,24": 31.94261528310413,
        "28,25": 54.3253092107987,
        "28,26": 70.46472237086503,
        "28,27": 79.00574134325464,
        "28,28": 0.0,
        "28,29": 68.56052935986412,
        "28,30": 68.00785443653909,
        "29,0": 44.59043675151207,
        "29,1": 38.77025186850229,
        "29,2": 66.06992028939496,
        "29,3": 66.21860860541528,
        "29,4": 43.508511882700844,
        "29,5": 59.27762121257041,
        "29,6": 28.514495786577417,
        "29,7": 71.16534043241883,
        "29,8": 71.72429053215647,
        "29,9": 66.61694729520673,
        "29,10": 55.564748260305706,
        "29,11": 78.3004588524878,
        "29,12": 72.01615905876288,
        "29,13": 31.576478133549,
        "29,14": 89.27616717492955,
        "29,15": 49.899354046221134,
        "29,16": 13.26863709154624,
        "29,17": 36.37517297225292,
        "29,18": 66.28748651665161,
        "29,19": 57.37245007161177,
        "29,20": 16.81471566190299,
        "29,21": 16.346521609726953,
        "29,22": 6.996694532529505,
        "29,23": 43.59135106757168,
        "29,24": 80.48100679999553,
        "29,25": 41.577581323618794,
        "29,26": 97.10958626366835,
        "29,27": 57.117508102180864,
        "29,28": 68.56052935986412,
        "29,29": 0.0,
        "29,30": 5.800718655920909,
        "30,0": 47.522012601079815,
        "30,1": 42.540490321287564,
        "30,2": 67.1166158610305,
        "30,3": 69.1986049859644,
        "30,4": 45.061009002833835,
        "30,5": 65.0781413237935,
        "30,6": 25.67427618213902,
        "30,7": 76.17550048581384,
        "30,8": 75.27742425023122,
        "30,9": 72.40615714981367,
        "30,10": 55.03173248539156,
        "30,11": 82.7289751132373,
        "30,12": 71.9926983475616,
        "30,13": 32.320651603454706,
        "30,14": 91.96160415551284,
        "30,15": 53.807522370768176,
        "30,16": 7.526685164244641,
        "30,17": 41.37571464300564,
        "30,18": 70.40954963882758,
        "30,19": 62.17474564817695,
        "30,20": 22.401575878805474,
        "30,21": 22.01884739855019,
        "30,22": 10.041433480685395,
        "30,23": 49.386064461511914,
        "30,24": 82.18574974219858,
        "30,25": 45.83187511629107,
        "30,26": 100.83178627394226,
        "30,27": 62.58127385480935,
        "30,28": 68.00785443653909,
        "30,29": 5.800718655920909,
        "30,30": 0.0
    }
}