{
    "num_robots": 5,
    "num_tasks": 60,
    "num_nodes": 61,
    "robot_capacity": [
        205,
        165,
        165,
        169,
        142
    ],
    "robot_speed": [
        0.88,
        1.09,
        0.96,
        1.02,
        1.02
    ],
    "task_demand": {
        "0": 0,
        "1": 12,
        "2": 15,
        "3": 14,
        "4": 6,
        "5": 9,
        "6": 12,
        "7": 9,
        "8": 13,
        "9": 5,
        "10": 10,
        "11": 6,
        "12": 8,
        "13": 5,
        "14": 12,
        "15": 13,
        "16": 5,
        "17": 7,
        "18": 15,
        "19": 6,
        "20": 6,
        "21": 11,
        "22": 7,
        "23": 12,
        "24": 10,
        "25": 5,
        "26": 14,
        "27": 14,
        "28": 11,
        "29": 6,
        "30": 10,
        "31": 6,
        "32": 6,
        "33": 7,
        "34": 8,
        "35": 15,
        "36": 5,
        "37": 12,
        "38": 13,
        "39": 14,
        "40": 15,
        "41": 12,
        "42": 9,
        "43": 10,
        "44": 9,
        "45": 8,
        "46": 14,
        "47": 6,
        "48": 6,
        "49": 13,
        "50": 7,
        "51": 13,
        "52": 6,
        "53": 15,
        "54": 8,
        "55": 8,
        "56": 9,
        "57": 8,
        "58": 13,
        "59": 7,
        "60": 11
    },
    "task_service_time": {
        "0": 0,
        "1": 66,
        "2": 97,
        "3": 94,
        "4": 22,
        "5": 57,
        "6": 56,
        "7": 31,
        "8": 10,
        "9": 51,
        "10": 68,
        "11": 19,
        "12": 69,
        "13": 19,
        "14": 83,
        "15": 94,
        "16": 22,
        "17": 56,
        "18": 20,
        "19": 12,
        "20": 47,
        "21": 57,
        "22": 98,
        "23": 11,
        "24": 16,
        "25": 27,
        "26": 67,
        "27": 28,
        "28": 28,
        "29": 65,
        "30": 95,
        "31": 24,
        "32": 20,
        "33": 37,
        "34": 15,
        "35": 45,
        "36": 83,
        "37": 41,
        "38": 63,
        "39": 99,
        "40": 53,
        "41": 30,
        "42": 33,
        "43": 65,
        "44": 46,
        "45": 11,
        "46": 99,
        "47": 18,
        "48": 29,
        "49": 88,
        "50": 78,
        "51": 97,
        "52": 43,
        "53": 88,
        "54": 92,
        "55": 76,
        "56": 84,
        "57": 36,
        "58": 11,
        "59": 96,
        "60": 62
    },
    "task_precedence": [],
    "coordinates": {
        "0": [
            50.0,
            50.0
        ],
        "1": [
            41.88449829378145,
            67.95515736474455
        ],
        "2": [
            69.85909566279328,
            13.634922999042132
        ],
        "3": [
            41.9454680469009,
            79.53238294327625
        ],
        "4": [
            49.84704512295151,
            74.76095327900238
        ],
        "5": [
            88.40784992522126,
            49.761432441202835
        ],
        "6": [
            65.44931053559178,
            30.99274923260531
        ],
        "7": [
            54.628809242638354,
            65.62888270538576
        ],
        "8": [
            55.49986641276041,
            18.1303194119823
        ],
        "9": [
            45.76503880274632,
            42.90830585877066
        ],
        "10": [
            20.479758569160612,
            6.988997103656603
        ],
        "11": [
            40.50225291237315,
            17.945480520463185
        ],
        "12": [
            96.57992106281841,
            33.52740488537043
        ],
        "13": [
            93.12672081043219,
            85.55514774936816
        ],
        "14": [
            5.196768548290809,
            83.12033081219703
        ],
        "15": [
            30.705992517809754,
            94.710146173654
        ],
        "16": [
            40.031160003149616,
            24.74249591822427
        ],
        "17": [
            88.43282724856347,
            31.903239324881426
        ],
        "18": [
            20.8286920396489,
            7.292439397016615
        ],
        "19": [
            65.94886678971078,
            16.418699138869762
        ],
        "20": [
            79.38269745119129,
            39.51514294168146
        ],
        "21": [
            1.5176306802143325,
            94.09361223415806
        ],
        "22": [
            72.6433972938594,
            20.09815144706375
        ],
        "23": [
            1.871123897494198,
            56.189162173404995
        ],
        "24": [
            73.06843300088671,
            72.364941564171
        ],
        "25": [
            72.52156786620355,
            11.71661541731266
        ],
        "26": [
            78.40806531605475,
            80.22910622846139
        ],
        "27": [
            95.30672664126514,
            93.36454285544863
        ],
        "28": [
            38.899365811179976,
            48.745039644251456
        ],
        "29": [
            7.830200051641489,
            76.84727385044137
        ],
        "30": [
            68.458934725712,
            97.31737312603882
        ],
        "31": [
            33.3627734757577,
            26.153833565103756
        ],
        "32": [
            24.88485030841614,
            35.94611558944967
        ],
        "33": [
            51.26711044808102,
            59.193040228592395
        ],
        "34": [
            3.902853366408454,
            18.72983144646476
        ],
        "35": [
            15.681185837702106,
            74.73743564940344
        ],
        "36": [
            63.67019655397159,
            66.70467834411768
        ],
        "37": [
            14.649921708817503,
            88.46037301472101
        ],
        "38": [
            96.38258992315788,
            63.70303307961132
        ],
        "39": [
            35.33517266873491,
            75.13799857712492
        ],
        "40": [
            99.01480424177461,
            70.6688774285135
        ],
        "41": [
            42.183291037752156,
            37.79844317020383
        ],
        "42": [
            51.8768163787439,
            78.9035695314314
        ],
        "43": [
            59.5087546418846,
            53.99271966646815
        ],
        "44": [
            88.2937617969696,
            11.836944623206325
        ],
        "45": [
            64.21507619553235,
            89.80723035185152
        ],
        "46": [
            10.902179999917427,
            51.21019958406927
        ],
        "47": [
            43.47628144684117,
            51.14066125198723
        ],
        "48": [
            86.27949344165528,
            77.64089595906427
        ],
        "49": [
            95.33235319218969,
            64.28023944707402
        ],
        "50": [
            74.4090884190016,
            48.207605274519004
        ],
        "51": [
            22.494904536630102,
            59.23003937821708
        ],
        "52": [
            81.20934385981326,
            21.681145574904516
        ],
        "53": [
            38.623527739583544,
            20.805992750924528
        ],
        "54": [
            18.208509771678017,
            19.293785277441234
        ],
        "55": [
            60.23370855047968,
            27.856670306402332
        ],
        "56": [
            38.663984356694236,
            70.23542629326543
        ],
        "57": [
            45.21997057814734,
            96.21241056312026
        ],
        "58": [
            90.13806739004976,
            78.89139044357019
        ],
        "59": [
            7.554486938660155,
            98.52737105430248
        ],
        "60": [
            98.11874677403411,
            75.40486697495146
        ]
    },
    "distance_matrix_str_keys": {
        "0,0": 0.0,
        "0,1": 19.704036234649404,
        "0,2": 41.434315558840474,
        "0,3": 30.611062171898055,
        "0,4": 24.761425695612758,
        "0,5": 38.40859084057145,
        "0,6": 24.49401514165804,
        "0,7": 16.29993403739538,
        "0,8": 32.34076485398084,
        "0,9": 8.25996502020383,
        "0,10": 52.16695337360911,
        "0,11": 33.43201188688065,
        "0,12": 49.4068359240795,
        "0,13": 55.89349317532734,
        "0,14": 55.71611850824491,
        "0,15": 48.69554287193357,
        "0,16": 27.153623760443494,
        "0,17": 42.480289043866456,
        "0,18": 51.719444513404646,
        "0,19": 37.17620367118845,
        "0,20": 31.197357853536495,
        "0,21": 65.53462271743378,
        "0,22": 37.507919002395944,
        "0,23": 48.52519390274562,
        "0,24": 32.13009823024485,
        "0,25": 44.41664726493835,
        "0,26": 41.48273180942687,
        "0,27": 62.715094323522834,
        "0,28": 11.171347496542237,
        "0,29": 49.99068054032841,
        "0,30": 50.79041317765466,
        "0,31": 29.076398677616933,
        "0,32": 28.779895952830934,
        "0,33": 9.279954608302466,
        "0,34": 55.70251672164683,
        "0,35": 42.305102860230875,
        "0,36": 21.585192897091538,
        "0,37": 52.23818840297022,
        "0,38": 48.3644266332265,
        "0,39": 29.10285438095985,
        "0,40": 53.19448776907624,
        "0,41": 14.49064967733439,
        "0,42": 28.964439773242827,
        "0,43": 10.313012419975236,
        "0,44": 54.0632128924583,
        "0,45": 42.26918475118912,
        "0,46": 39.11654524356846,
        "0,47": 6.622689170768459,
        "0,48": 45.60943733267188,
        "0,49": 47.52838609302024,
        "0,50": 24.474809014547393,
        "0,51": 29.012478407963172,
        "0,52": 42.14238555314369,
        "0,53": 31.33231846434439,
        "0,54": 44.199213494420654,
        "0,55": 24.393766429469746,
        "0,56": 23.194346896074723,
        "0,57": 46.458966533148,
        "0,58": 49.45479648700411,
        "0,59": 64.47113556067029,
        "0,60": 54.41342717674193,
        "1,0": 19.704036234649404,
        "1,1": 0.0,
        "1,2": 61.100457932025044,
        "1,3": 11.57738612153037,
        "1,4": 10.474779712874865,
        "1,5": 49.95431786758875,
        "1,6": 43.83514561306495,
        "1,7": 12.95488384169958,
        "1,8": 51.65164785400681,
        "1,9": 25.345677442199566,
        "1,10": 64.6145152396845,
        "1,11": 50.02877552333133,
        "1,12": 64.62862688209258,
        "1,13": 54.180485693511386,
        "1,14": 39.698513820664324,
        "1,15": 28.996351797222736,
        "1,16": 43.252386894957624,
        "1,17": 58.876886150981235,
        "1,18": 64.21302304239903,
        "1,19": 56.87794262783432,
        "1,20": 47.063248511262046,
        "1,21": 48.090568970346155,
        "1,22": 56.88939165698585,
        "1,23": 41.70741868564969,
        "1,24": 31.494189630827393,
        "1,25": 64.04220196369336,
        "1,26": 38.530776902881485,
        "1,27": 59.15717498854973,
        "1,28": 19.44066971001476,
        "1,29": 35.196093026922995,
        "1,30": 39.60227753662048,
        "1,31": 42.661111861700675,
        "1,32": 36.24316193434159,
        "1,33": 12.837761002046319,
        "1,34": 62.175059816214954,
        "1,35": 27.066822539808367,
        "1,36": 21.8215569211979,
        "1,37": 34.09084966107923,
        "1,38": 54.6637224508186,
        "1,39": 9.720435896870113,
        "1,40": 57.194721210054034,
        "1,41": 30.15819437756616,
        "1,42": 14.822757829861631,
        "1,43": 22.484752128985196,
        "1,44": 72.82220499416985,
        "1,45": 31.24368421393379,
        "1,46": 35.21785992843544,
        "1,47": 16.8896729729233,
        "1,48": 45.43929055671133,
        "1,49": 53.574044227992694,
        "1,50": 38.05016131857708,
        "1,51": 21.26226775172836,
        "1,52": 60.72666338535739,
        "1,53": 47.26179908484699,
        "1,54": 54.11544664804824,
        "1,55": 44.09741694717002,
        "1,56": 3.9460532694517374,
        "1,57": 28.453430964944932,
        "1,58": 49.47734961053128,
        "1,59": 45.96966314345527,
        "1,60": 56.72555751524358,
        "2,0": 41.434315558840474,
        "2,1": 61.100457932025044,
        "2,2": 0.0,
        "2,3": 71.56567496908451,
        "2,4": 64.31853344562357,
        "2,5": 40.61010919909557,
        "2,6": 17.909224897316513,
        "2,7": 54.17871787320959,
        "2,8": 15.046463157980842,
        "2,9": 37.9137774433968,
        "2,10": 49.82456485322841,
        "2,11": 29.67162149964802,
        "2,12": 33.312360253463396,
        "2,13": 75.59035062855871,
        "2,14": 94.91806175235233,
        "2,15": 90.03420071669898,
        "2,16": 31.828979277865486,
        "2,17": 26.052157039315645,
        "2,18": 49.43892775627736,
        "2,19": 4.799927024087103,
        "2,20": 27.576888426785285,
        "2,21": 105.56588705352702,
        "2,22": 7.0374468057722,
        "2,23": 80.20740350159693,
        "2,24": 58.81764128907298,
        "2,25": 3.2815639887183576,
        "2,26": 67.14067412623923,
        "2,27": 83.69225893034296,
        "2,28": 46.81052406590938,
        "2,29": 88.56288833873678,
        "2,30": 83.69416293808676,
        "2,31": 38.583735627087165,
        "2,32": 50.20430320203608,
        "2,33": 49.20573096424363,
        "2,34": 66.15273229388973,
        "2,35": 81.66249423819526,
        "2,36": 53.429405803970425,
        "2,37": 92.98871360939033,
        "2,38": 56.659609907054495,
        "2,39": 70.53034499038719,
        "2,40": 64.05409667308955,
        "2,41": 36.739976438555125,
        "2,42": 67.70050655954888,
        "2,43": 41.66390897525588,
        "2,44": 18.52213923170109,
        "2,45": 76.38111915386995,
        "2,46": 69.91294096889892,
        "2,47": 45.855569867267754,
        "2,48": 66.07869579353954,
        "2,49": 56.69069524428361,
        "2,50": 34.87080145053481,
        "2,51": 65.74405858072821,
        "2,52": 13.912937571709032,
        "2,53": 32.048166014170164,
        "2,54": 51.95965497558046,
        "2,55": 17.172832426140417,
        "2,56": 64.62779543322897,
        "2,57": 86.17498440575609,
        "2,58": 68.33478790230944,
        "2,59": 105.30238366287062,
        "2,60": 67.92741611246547,
        "3,0": 30.611062171898055,
        "3,1": 11.57738612153037,
        "3,2": 71.56567496908451,
        "3,3": 0.0,
        "3,4": 9.230463765698948,
        "3,5": 55.1820842629542,
        "3,6": 53.93075794478781,
        "3,7": 18.819523446477373,
        "3,8": 62.88032379816021,
        "3,9": 36.8227123261,
        "3,10": 75.65262396281227,
        "3,11": 61.60381010912902,
        "3,12": 71.42395580235593,
        "3,13": 51.53439948572195,
        "3,14": 36.9234381490841,
        "3,15": 18.886246499673923,
        "3,16": 54.82331890267434,
        "3,17": 66.5553144937809,
        "3,18": 75.26305649192858,
        "3,19": 67.52407151948799,
        "3,20": 54.79895658509113,
        "3,21": 42.97021564536177,
        "3,22": 66.89387665247581,
        "3,23": 46.37735454848665,
        "3,24": 31.937613615452538,
        "3,25": 74.3900275930551,
        "3,26": 36.46925311750468,
        "3,27": 55.124881556430765,
        "3,28": 30.937667110538097,
        "3,29": 34.22077324124625,
        "3,30": 31.9260049353092,
        "3,31": 54.0641487477564,
        "3,32": 46.80627500087942,
        "3,33": 22.373687204411397,
        "3,34": 71.72301443923584,
        "3,35": 26.698390204569534,
        "3,36": 25.229225790523255,
        "3,37": 28.718562927317137,
        "3,38": 56.691873802836724,
        "3,39": 7.937670876527813,
        "3,40": 57.753535508518894,
        "3,41": 41.734617390811344,
        "3,42": 9.951235400457405,
        "3,43": 30.995861599740607,
        "3,44": 82.04167662163573,
        "3,45": 24.52565873453959,
        "3,46": 42.02180152016959,
        "3,47": 28.43296063129986,
        "3,48": 44.37435667944009,
        "3,49": 55.52285463433054,
        "3,50": 45.11239678470813,
        "3,51": 28.11600211802484,
        "3,52": 69.91721968802459,
        "3,53": 58.820270251246924,
        "3,54": 64.74667433085669,
        "3,55": 54.81641193333899,
        "3,56": 9.859084042712722,
        "3,57": 16.99840251982222,
        "3,58": 48.19686196044252,
        "3,59": 39.28802813740338,
        "3,60": 56.32471598707775,
        "4,0": 24.761425695612758,
        "4,1": 10.474779712874865,
        "4,2": 64.31853344562357,
        "4,3": 9.230463765698948,
        "4,4": 0.0,
        "4,5": 45.95554057040699,
        "4,6": 46.465970036721714,
        "4,7": 10.308248205094742,
        "4,8": 56.91206445662465,
        "4,9": 32.11314253192592,
        "4,10": 73.86119118566567,
        "4,11": 57.57884234886279,
        "4,12": 62.323087269012746,
        "4,13": 44.605436461014264,
        "4,14": 45.42605409823942,
        "4,15": 27.646883947035022,
        "4,16": 50.972518845326114,
        "4,17": 57.66841620521973,
        "4,18": 73.4442998544538,
        "4,19": 60.52344404559228,
        "4,20": 45.985018264528875,
        "4,21": 52.05270408589946,
        "4,22": 59.22580161059747,
        "4,23": 51.4451206850682,
        "4,24": 23.344672349705938,
        "4,25": 66.99792920720115,
        "4,26": 29.079762226495728,
        "4,27": 49.11900028375339,
        "4,28": 28.22551052796405,
        "4,29": 42.06861066488028,
        "4,30": 29.24370891150989,
        "4,31": 51.32624376106,
        "4,32": 46.14870306763927,
        "4,33": 15.632546250459669,
        "4,34": 72.45933597525355,
        "4,35": 34.16586737927731,
        "4,36": 15.99947128224442,
        "4,37": 37.76918847056656,
        "4,38": 47.83131326848673,
        "4,39": 14.51676979511237,
        "4,40": 49.337750470940264,
        "4,41": 37.748646071368505,
        "4,42": 4.6131595209498295,
        "4,43": 22.905635948670774,
        "4,44": 73.73995449094689,
        "4,45": 20.804585327652987,
        "4,46": 45.511982148119216,
        "4,47": 24.464358263774717,
        "4,48": 36.54609911242871,
        "4,49": 46.67717442798222,
        "4,50": 36.17145644184431,
        "4,51": 31.453916787063214,
        "4,52": 61.652735283717675,
        "4,53": 55.109936563574465,
        "4,54": 63.85611674136779,
        "4,55": 48.04055097863147,
        "4,56": 12.064047521476203,
        "4,57": 21.944813475067605,
        "4,58": 40.502184959558036,
        "4,59": 48.51291675050852,
        "4,60": 48.27599615895006,
        "5,0": 38.40859084057145,
        "5,1": 49.95431786758875,
        "5,2": 40.61010919909557,
        "5,3": 55.1820842629542,
        "5,4": 45.95554057040699,
        "5,5": 0.0,
        "5,6": 29.653971071171213,
        "5,7": 37.32023000092456,
        "5,8": 45.644963471600235,
        "5,9": 43.18998361173469,
        "5,10": 80.27270283217014,
        "5,11": 57.508269160010535,
        "5,12": 18.174883695954545,
        "5,13": 36.10343194203676,
        "5,14": 89.64875997159392,
        "5,15": 73.14295054526508,
        "5,16": 54.463302438955154,
        "5,17": 17.858210583552616,
        "5,18": 79.81577507429377,
        "5,19": 40.201290869220294,
        "5,20": 13.6542969678959,
        "5,21": 97.54615505308385,
        "5,22": 33.59208546821267,
        "5,23": 86.77511544854394,
        "5,24": 27.31696059686484,
        "5,25": 41.22841326124438,
        "5,26": 32.066724781875145,
        "5,27": 44.14550642749591,
        "5,28": 49.51891611887292,
        "5,29": 85.00823762433633,
        "5,30": 51.57059929898866,
        "5,31": 59.89389923875454,
        "5,32": 65.00795689783642,
        "5,33": 38.31957403682811,
        "5,34": 90.02252331334417,
        "5,35": 76.89582827146668,
        "5,36": 29.98374686463886,
        "5,37": 83.29369709821303,
        "5,38": 16.061279724715654,
        "5,39": 58.827537599511935,
        "5,40": 23.444162082933815,
        "5,41": 47.74749162667224,
        "5,42": 46.73093799785673,
        "5,43": 29.207216570191424,
        "5,44": 37.92465942310324,
        "5,45": 46.786282509261625,
        "5,46": 77.51920921168119,
        "5,47": 44.95273204200004,
        "5,48": 27.960586320120395,
        "5,49": 16.085537055628286,
        "5,50": 14.084732960618805,
        "5,51": 66.58957040803818,
        "5,52": 28.98829074069945,
        "5,53": 57.59250144889284,
        "5,54": 76.52597520899906,
        "5,55": 35.68754469539919,
        "5,56": 53.792532808504056,
        "5,57": 63.42622715391689,
        "5,58": 29.181297190071646,
        "5,59": 94.42130625580866,
        "5,60": 27.42056258166369,
        "6,0": 24.49401514165804,
        "6,1": 43.83514561306495,
        "6,2": 17.909224897316513,
        "6,3": 53.93075794478781,
        "6,4": 46.465970036721714,
        "6,5": 29.653971071171213,
        "6,6": 0.0,
        "6,7": 36.28698100111209,
        "6,8": 16.261412584514165,
        "6,9": 23.009803201328165,
        "6,10": 50.97490284767165,
        "6,11": 28.15292000668906,
        "6,12": 31.23362596747243,
        "6,13": 61.18083336653635,
        "6,14": 79.67216312658051,
        "6,15": 72.57413326956029,
        "6,16": 26.17533271963932,
        "6,17": 23.00154413737439,
        "6,18": 50.52429397095403,
        "6,19": 14.582609251630606,
        "6,20": 16.333109485713383,
        "6,21": 89.82749356778916,
        "6,22": 13.055540785207196,
        "6,23": 68.38892484366212,
        "6,24": 42.067913252991595,
        "6,25": 20.532563371762933,
        "6,26": 50.91314344728243,
        "6,27": 69.14988023299739,
        "6,28": 31.93811797411904,
        "6,29": 73.63830063825077,
        "6,30": 66.3928729034312,
        "6,31": 32.449360014171276,
        "6,32": 40.865771395964515,
        "6,33": 31.565665074262895,
        "6,34": 62.7562390739579,
        "6,35": 66.26057519859528,
        "6,36": 35.75621802463568,
        "6,37": 76.70140603885035,
        "6,38": 45.02033366181246,
        "6,39": 53.438416323407935,
        "6,40": 51.969582607116834,
        "6,41": 24.240980451419837,
        "6,42": 49.79617755756034,
        "6,43": 23.754764664900886,
        "6,44": 29.81298045595137,
        "6,45": 58.827430028281455,
        "6,46": 58.17331646373454,
        "6,47": 29.81195005489971,
        "6,48": 51.087631701942335,
        "6,49": 44.73313361697792,
        "6,50": 19.40692887254066,
        "6,51": 51.40452849206088,
        "6,52": 18.305316524405644,
        "6,53": 28.69481887441837,
        "6,54": 48.667843741427696,
        "6,55": 6.085843827973212,
        "6,56": 47.51253941221406,
        "6,57": 68.28492087702033,
        "6,58": 53.887053592447316,
        "6,59": 88.95355947863743,
        "6,60": 55.13373075076334,
        "7,0": 16.29993403739538,
        "7,1": 12.95488384169958,
        "7,2": 54.17871787320959,
        "7,3": 18.819523446477373,
        "7,4": 10.308248205094742,
        "7,5": 37.32023000092456,
        "7,6": 36.28698100111209,
        "7,7": 0.0,
        "7,8": 47.50654960667082,
        "7,9": 24.388338169175164,
        "7,10": 67.85863132486267,
        "7,11": 49.731945846520375,
        "7,12": 52.82424311978533,
        "7,13": 43.34910879919804,
        "7,14": 52.43545941517918,
        "7,15": 37.656620200976235,
        "7,16": 43.41414502012587,
        "7,17": 47.75071365722051,
        "7,18": 67.42097997512637,
        "7,19": 50.49540443960453,
        "7,20": 35.9816951502845,
        "7,21": 60.258095849735,
        "7,22": 48.96501681376957,
        "7,23": 53.59553793646573,
        "7,24": 19.631459785119812,
        "7,25": 56.80390281751602,
        "7,26": 27.90375505785702,
        "7,27": 49.233726325043584,
        "7,28": 23.075518351197708,
        "7,29": 48.12444412245318,
        "7,30": 34.575031395754124,
        "7,31": 44.83886463622743,
        "7,32": 42.02106325094112,
        "7,33": 7.260928809141846,
        "7,34": 69.08432245121989,
        "7,35": 39.99853879364484,
        "7,36": 9.105164510861531,
        "7,37": 46.03898780584957,
        "7,38": 41.7981709874729,
        "7,39": 21.50971168816602,
        "7,40": 44.67122226750131,
        "7,41": 30.486460734391116,
        "7,42": 13.556945638768182,
        "7,43": 12.618009247416845,
        "7,44": 63.457872901023094,
        "7,45": 26.009402319267227,
        "7,46": 46.0425512746993,
        "7,47": 18.283529121007962,
        "7,48": 33.8534233523354,
        "7,49": 40.72588033046365,
        "7,50": 26.358307070411353,
        "7,51": 32.76481386457842,
        "7,52": 51.36076731732805,
        "7,53": 47.59475286060187,
        "7,54": 58.93538383018767,
        "7,55": 38.185794816462284,
        "7,56": 16.616133047911475,
        "7,57": 31.998100275473277,
        "7,58": 37.90516489457478,
        "7,59": 57.43084847033542,
        "7,60": 44.575156028033156,
        "8,0": 32.34076485398084,
        "8,1": 51.65164785400681,
        "8,2": 15.046463157980842,
        "8,3": 62.88032379816021,
        "8,4": 56.91206445662465,
        "8,5": 45.644963471600235,
        "8,6": 16.261412584514165,
        "8,7": 47.50654960667082,
        "8,8": 0.0,
        "8,9": 26.621710706750616,
        "8,10": 36.749653279389676,
        "8,11": 14.998752485550797,
        "8,12": 43.87073205596838,
        "8,13": 77.21326083121696,
        "8,14": 82.18335133445488,
        "8,15": 80.49351557464965,
        "8,16": 16.82265603691737,
        "8,17": 35.69696390926925,
        "8,18": 36.3256104646501,
        "8,19": 10.588260142102607,
        "8,20": 32.057764984580764,
        "8,21": 93.19068425047536,
        "8,22": 17.256100775942613,
        "8,23": 65.76106398247688,
        "8,24": 57.00919901166921,
        "8,25": 18.18994005766346,
        "8,26": 66.18946216031229,
        "8,27": 85.11624109647424,
        "8,28": 34.825819661900034,
        "8,29": 75.63119613961207,
        "8,30": 80.24043199941423,
        "8,31": 23.546287670603952,
        "8,32": 35.42148789232773,
        "8,33": 41.28030116071579,
        "8,34": 51.6004958308048,
        "8,35": 69.2090523808514,
        "8,36": 49.2567014758835,
        "8,37": 81.33286188300086,
        "8,38": 61.22311093581661,
        "8,39": 60.46892059220321,
        "8,40": 68.21913142747704,
        "8,41": 23.75218457083463,
        "8,42": 60.881149969675405,
        "8,43": 36.08577194472299,
        "8,44": 33.39230660949402,
        "8,45": 72.20480900493862,
        "8,46": 55.52685931671188,
        "8,47": 35.13188386390146,
        "8,48": 66.99921015209043,
        "8,49": 60.96262889901295,
        "8,50": 35.52747952976775,
        "8,51": 52.711616269544734,
        "8,52": 25.953527641532894,
        "8,53": 17.08713067862745,
        "8,54": 37.30950191241486,
        "8,55": 10.817169828852274,
        "8,56": 54.75754822593603,
        "8,57": 78.75588369706172,
        "8,58": 69.9407800917945,
        "8,59": 93.607934095852,
        "8,60": 71.3914754140253,
        "9,0": 8.25996502020383,
        "9,1": 25.345677442199566,
        "9,2": 37.9137774433968,
        "9,3": 36.8227123261,
        "9,4": 32.11314253192592,
        "9,5": 43.18998361173469,
        "9,6": 23.009803201328165,
        "9,7": 24.388338169175164,
        "9,8": 26.621710706750616,
        "9,9": 0.0,
        "9,10": 43.926553904627816,
        "9,11": 25.51155746321178,
        "9,12": 51.673528640666014,
        "9,13": 63.73289610427865,
        "9,14": 57.12084997873828,
        "9,15": 53.94632086639954,
        "9,16": 19.04925239699759,
        "9,17": 44.064176609490126,
        "9,18": 43.47771076897835,
        "9,19": 33.30294546106078,
        "9,20": 33.788467375500716,
        "9,21": 67.65921012178744,
        "9,22": 35.252649538193616,
        "9,23": 45.859098444686815,
        "9,24": 40.16427170782153,
        "9,25": 41.09541823755264,
        "9,26": 49.582348877225094,
        "9,27": 70.71216787621617,
        "9,28": 9.011377636615642,
        "9,29": 50.900938492447985,
        "9,30": 58.95217988383898,
        "9,31": 20.845347852225352,
        "9,32": 22.010324052702774,
        "9,33": 17.189106023468742,
        "9,34": 48.34295392725675,
        "9,35": 43.796480594350804,
        "9,36": 29.780228635080075,
        "9,37": 55.16467469267912,
        "9,38": 54.72254710461356,
        "9,39": 33.87528893298086,
        "9,40": 60.05153497780341,
        "9,41": 6.240161355930477,
        "9,42": 36.51044825803755,
        "9,43": 17.656555568039174,
        "9,44": 52.66993230060493,
        "9,45": 50.397549527758805,
        "9,46": 35.83769472681155,
        "9,47": 8.544593937363665,
        "9,48": 53.36453737982955,
        "9,49": 53.97849758084018,
        "9,50": 29.130124488512667,
        "9,51": 28.423548931174953,
        "9,52": 41.31453853905869,
        "9,53": 23.2274282903326,
        "9,54": 36.29060311604288,
        "9,55": 20.878077906509805,
        "9,56": 28.23466814905353,
        "9,57": 53.30689146537934,
        "9,58": 57.12922231438553,
        "9,59": 67.47982429573182,
        "9,60": 61.61929261782025,
        "10,0": 52.16695337360911,
        "10,1": 64.6145152396845,
        "10,2": 49.82456485322841,
        "10,3": 75.65262396281227,
        "10,4": 73.86119118566567,
        "10,5": 80.27270283217014,
        "10,6": 50.97490284767165,
        "10,7": 67.85863132486267,
        "10,8": 36.749653279389676,
        "10,9": 43.926553904627816,
        "10,10": 0.0,
        "10,11": 22.82421539914868,
        "10,12": 80.59480019920424,
        "10,13": 107.00570615705212,
        "10,14": 77.65017550668607,
        "10,15": 88.3152073820427,
        "10,16": 26.40916542020673,
        "10,17": 72.37637051141418,
        "10,18": 0.46241949810381494,
        "10,19": 46.43661360225362,
        "10,20": 67.28674737284233,
        "10,21": 89.1446928936857,
        "10,22": 53.78564057999277,
        "10,23": 52.60168749416729,
        "10,24": 83.90222161891988,
        "10,25": 52.25610289554132,
        "10,26": 93.37988170465614,
        "10,27": 114.2795259649937,
        "10,28": 45.63824075928233,
        "10,29": 70.99429667739874,
        "10,30": 102.28009023999863,
        "10,31": 23.09248859862481,
        "10,32": 29.29026364223299,
        "10,33": 60.60629632560152,
        "10,34": 20.313566333027172,
        "10,35": 67.91816565283499,
        "10,36": 73.69787323479666,
        "10,37": 81.67969203333337,
        "10,38": 94.7508400186259,
        "10,39": 69.74933497819616,
        "10,40": 101.10826156644008,
        "10,41": 37.686407211920454,
        "10,42": 78.46961811152124,
        "10,43": 61.095110026960946,
        "10,44": 67.98706957160013,
        "10,45": 93.65702198037283,
        "10,46": 45.24648892526007,
        "10,47": 49.781618209241344,
        "10,48": 96.54685868098116,
        "10,49": 94.26132489548249,
        "10,50": 67.87743570286105,
        "10,51": 52.27989394788998,
        "10,52": 62.48153132147009,
        "10,53": 22.80582663325779,
        "10,54": 12.512648924259652,
        "10,55": 44.898065927318186,
        "10,56": 65.80863828349746,
        "10,57": 92.58993249596854,
        "10,58": 100.11110905286192,
        "10,59": 92.44639826543002,
        "10,60": 103.48209381203318,
        "11,0": 33.43201188688065,
        "11,1": 50.02877552333133,
        "11,2": 29.67162149964802,
        "11,3": 61.60381010912902,
        "11,4": 57.57884234886279,
        "11,5": 57.508269160010535,
        "11,6": 28.15292000668906,
        "11,7": 49.731945846520375,
        "11,8": 14.998752485550797,
        "11,9": 25.51155746321178,
        "11,10": 22.82421539914868,
        "11,11": 0.0,
        "11,12": 58.202244218802704,
        "11,13": 85.6761444298068,
        "11,14": 74.12312956650158,
        "11,15": 77.38721219015622,
        "11,16": 6.81332127868061,
        "11,17": 49.92152829230472,
        "11,18": 22.372668204544365,
        "11,19": 25.492375707444218,
        "11,20": 44.462785613380426,
        "11,21": 85.54728946068575,
        "11,22": 32.213151883505226,
        "11,23": 54.35939031423899,
        "11,24": 63.41950666668048,
        "11,25": 32.61955380727691,
        "11,26": 72.91159472482491,
        "11,27": 93.228564851065,
        "11,28": 30.841240073623837,
        "11,29": 67.35639758495036,
        "11,30": 84.15149074023171,
        "11,31": 10.87884306033114,
        "11,32": 23.831200703718416,
        "11,33": 42.62913721434872,
        "11,34": 36.60780317774177,
        "11,35": 61.97912179188151,
        "11,36": 53.983451028871386,
        "11,37": 75.10454774602584,
        "11,38": 72.22441194389943,
        "11,39": 57.42545463386228,
        "11,40": 78.7621434738774,
        "11,41": 19.924006001579475,
        "11,42": 62.01023552543257,
        "11,43": 40.75108045246401,
        "11,44": 48.18031270420043,
        "11,45": 75.67304062139551,
        "11,46": 44.52758527927753,
        "11,47": 33.328139304833314,
        "11,48": 75.226979035868,
        "11,49": 71.78613920167236,
        "11,50": 45.447438747454164,
        "11,51": 45.040863619659,
        "11,52": 40.87814143037981,
        "11,53": 3.4223001761231093,
        "11,54": 22.334478031531898,
        "11,55": 22.080806701102894,
        "11,56": 52.322248233475186,
        "11,57": 78.40898671884578,
        "11,58": 78.6010051794365,
        "11,59": 87.05743141550995,
        "11,60": 81.37101115653563,
        "12,0": 49.4068359240795,
        "12,1": 64.62862688209258,
        "12,2": 33.312360253463396,
        "12,3": 71.42395580235593,
        "12,4": 62.323087269012746,
        "12,5": 18.174883695954545,
        "12,6": 31.23362596747243,
        "12,7": 52.82424311978533,
        "12,8": 43.87073205596838,
        "12,9": 51.673528640666014,
        "12,10": 80.59480019920424,
        "12,11": 58.202244218802704,
        "12,12": 0.0,
        "12,13": 52.14221532985866,
        "12,14": 103.97277944480048,
        "12,15": 89.90385027073059,
        "12,16": 57.227065300822126,
        "12,17": 8.307409426900167,
        "12,18": 80.16559182526998,
        "12,19": 35.085172056046844,
        "12,20": 18.209818971623545,
        "12,21": 112.71692208982144,
        "12,22": 27.446347991166547,
        "12,23": 97.38229563880856,
        "12,24": 45.39982738032752,
        "12,25": 32.47329511695738,
        "12,26": 50.112525875478,
        "12,27": 59.85068173784864,
        "12,28": 59.65419400001997,
        "12,29": 98.75790614787586,
        "12,30": 69.71334105260777,
        "12,31": 63.64571708339278,
        "12,32": 71.73585806239984,
        "12,33": 52.07663241203584,
        "12,34": 93.85098324729881,
        "12,35": 90.79026377644259,
        "12,36": 46.73094736258498,
        "12,37": 98.64155200343737,
        "12,38": 30.176273403052033,
        "12,39": 74.0429653190286,
        "12,40": 37.22119878198732,
        "12,41": 54.564046093691154,
        "12,42": 63.69744018704173,
        "12,43": 42.3450172853665,
        "12,44": 23.219313119976917,
        "12,45": 64.92227612939233,
        "12,46": 87.48346439183717,
        "12,47": 55.94839890738389,
        "12,48": 45.300098276799424,
        "12,49": 30.778129559337035,
        "12,50": 26.590488968533297,
        "12,51": 78.41693116641626,
        "12,52": 19.40588836421415,
        "12,53": 59.336142895641025,
        "12,54": 79.65346216523368,
        "12,55": 36.78592658418696,
        "12,56": 68.56919541769656,
        "12,57": 81.03859852321851,
        "12,58": 45.8190862465187,
        "12,59": 110.22941314802122,
        "12,60": 41.90572533239098,
        "13,0": 55.89349317532734,
        "13,1": 54.180485693511386,
        "13,2": 75.59035062855871,
        "13,3": 51.53439948572195,
        "13,4": 44.605436461014264,
        "13,5": 36.10343194203676,
        "13,6": 61.18083336653635,
        "13,7": 43.34910879919804,
        "13,8": 77.21326083121696,
        "13,9": 63.73289610427865,
        "13,10": 107.00570615705212,
        "13,11": 85.6761444298068,
        "13,12": 52.14221532985866,
        "13,13": 0.0,
        "13,14": 87.9636563493128,
        "13,15": 63.088519690432356,
        "13,16": 80.72990276332413,
        "13,17": 53.85684649475555,
        "13,18": 106.54602987810595,
        "13,19": 74.28650130167479,
        "13,20": 48.04768694527525,
        "13,21": 92.00614528521666,
        "13,22": 68.58706078557732,
        "13,23": 95.86420122644478,
        "13,24": 24.006591783478427,
        "13,25": 76.65964508662339,
        "13,26": 15.652652741455368,
        "13,27": 8.107963822399514,
        "13,28": 65.54075136070155,
        "13,29": 85.73985958347741,
        "13,30": 27.32854946997938,
        "13,31": 84.26295465885016,
        "13,32": 84.36829357915066,
        "13,33": 49.46905793144639,
        "13,34": 111.47430834345556,
        "13,35": 78.19740265693025,
        "13,36": 34.97180318584868,
        "13,37": 78.53055667113048,
        "13,38": 22.093338344836056,
        "13,39": 58.72290893246759,
        "13,40": 16.00845309703619,
        "13,41": 69.82790179624158,
        "13,42": 41.78274893317514,
        "13,43": 46.11241173261105,
        "13,44": 73.87645744738893,
        "13,45": 29.222652186216923,
        "13,46": 89.10920589914981,
        "13,47": 60.41128214064028,
        "13,48": 10.465175776835093,
        "13,49": 21.388934930811335,
        "13,50": 41.77545560794512,
        "13,51": 75.37814537973843,
        "13,52": 64.97624202096124,
        "13,53": 84.63481037924456,
        "13,54": 100.01653114302353,
        "13,55": 66.41584566027765,
        "13,56": 56.57635130972915,
        "13,57": 49.07783581719866,
        "13,58": 7.30326712490646,
        "13,59": 86.54990345042754,
        "13,60": 11.311433287641709,
        "14,0": 55.71611850824491,
        "14,1": 39.698513820664324,
        "14,2": 94.91806175235233,
        "14,3": 36.9234381490841,
        "14,4": 45.42605409823942,
        "14,5": 89.64875997159392,
        "14,6": 79.67216312658051,
        "14,7": 52.43545941517918,
        "14,8": 82.18335133445488,
        "14,9": 57.12084997873828,
        "14,10": 77.65017550668607,
        "14,11": 74.12312956650158,
        "14,12": 103.97277944480048,
        "14,13": 87.9636563493128,
        "14,14": 0.0,
        "14,15": 28.01864250172988,
        "14,16": 67.9809269938141,
        "14,17": 97.73142753677187,
        "14,18": 77.4223879024153,
        "14,19": 90.22153350846658,
        "14,20": 86.05210314925,
        "14,21": 11.573632127291306,
        "14,22": 92.30841143186025,
        "14,23": 27.13572841466445,
