{
    "num_robots": 6,
    "num_tasks": 60,
    "num_nodes": 61,
    "robot_capacity": [
        139,
        168,
        168,
        164,
        175,
        125
    ],
    "robot_speed": [
        1.17,
        0.82,
        1.19,
        1.03,
        0.92,
        1.19
    ],
    "task_demand": {
        "0": 0,
        "1": 12,
        "2": 14,
        "3": 9,
        "4": 10,
        "5": 14,
        "6": 12,
        "7": 15,
        "8": 5,
        "9": 15,
        "10": 6,
        "11": 7,
        "12": 15,
        "13": 6,
        "14": 14,
        "15": 9,
        "16": 10,
        "17": 5,
        "18": 7,
        "19": 10,
        "20": 6,
        "21": 10,
        "22": 13,
        "23": 14,
        "24": 14,
        "25": 10,
        "26": 9,
        "27": 11,
        "28": 8,
        "29": 5,
        "30": 7,
        "31": 12,
        "32": 12,
        "33": 8,
        "34": 15,
        "35": 13,
        "36": 12,
        "37": 15,
        "38": 10,
        "39": 9,
        "40": 8,
        "41": 12,
        "42": 6,
        "43": 14,
        "44": 8,
        "45": 5,
        "46": 13,
        "47": 11,
        "48": 15,
        "49": 15,
        "50": 11,
        "51": 13,
        "52": 8,
        "53": 14,
        "54": 13,
        "55": 15,
        "56": 6,
        "57": 14,
        "58": 11,
        "59": 10,
        "60": 14
    },
    "task_service_time": {
        "0": 0,
        "1": 42,
        "2": 11,
        "3": 20,
        "4": 52,
        "5": 56,
        "6": 47,
        "7": 29,
        "8": 71,
        "9": 98,
        "10": 60,
        "11": 94,
        "12": 73,
        "13": 56,
        "14": 17,
        "15": 30,
        "16": 92,
        "17": 78,
        "18": 45,
        "19": 53,
        "20": 79,
        "21": 26,
        "22": 28,
        "23": 73,
        "24": 43,
        "25": 20,
        "26": 48,
        "27": 24,
        "28": 62,
        "29": 10,
        "30": 68,
        "31": 42,
        "32": 23,
        "33": 57,
        "34": 24,
        "35": 32,
        "36": 68,
        "37": 32,
        "38": 98,
        "39": 29,
        "40": 95,
        "41": 80,
        "42": 63,
        "43": 41,
        "44": 83,
        "45": 59,
        "46": 38,
        "47": 78,
        "48": 12,
        "49": 70,
        "50": 69,
        "51": 80,
        "52": 75,
        "53": 97,
        "54": 68,
        "55": 54,
        "56": 98,
        "57": 45,
        "58": 69,
        "59": 36,
        "60": 77
    },
    "task_precedence": [],
    "coordinates": {
        "0": [
            100,
            100
        ],
        "1": [
            94.8149617215001,
            75.59863775504326
        ],
        "2": [
            72.07363503597519,
            87.28522829029441
        ],
        "3": [
            55.65491876344494,
            88.64701716876469
        ],
        "4": [
            42.184852161173346,
            85.6754267931199
        ],
        "5": [
            92.15271734314383,
            37.84265232613242
        ],
        "6": [
            96.6649896481627,
            22.301544768579163
        ],
        "7": [
            41.02832758193108,
            38.95884358248166
        ],
        "8": [
            64.26459362223176,
            96.32908531798509
        ],
        "9": [
            64.5809459496859,
            74.61872543261231
        ],
        "10": [
            58.22803068730117,
            68.72717627193668
        ],
        "11": [
            50.957429827638265,
            36.66339081226923
        ],
        "12": [
            72.8171237037868,
            82.5111752841643
        ],
        "13": [
            32.9112349622138,
            84.74190982129659
        ],
        "14": [
            90.50894685934429,
            26.51073816341414
        ],
        "15": [
            25.94959513581987,
            21.67829224262443
        ],
        "16": [
            67.09600415030118,
            40.986903865574455
        ],
        "17": [
            91.5908983993964,
            70.05471486332834
        ],
        "18": [
            15.99432200554175,
            81.34985793440919
        ],
        "19": [
            63.14805060581702,
            19.0609545485092
        ],
        "20": [
            17.58476649230505,
            62.24316652335903
        ],
        "21": [
            77.51114657025923,
            41.386587241585126
        ],
        "22": [
            1.1433615025448929,
            77.77286710775503
        ],
        "23": [
            57.173618018230364,
            20.80929828917577
        ],
        "24": [
            69.79347709216145,
            79.11747288409646
        ],
        "25": [
            57.242900538478224,
            45.048475583193216
        ],
        "26": [
            0.9830911264184006,
            63.61736117027126
        ],
        "27": [
            23.217020199914916,
            14.94790233475558
        ],
        "28": [
            41.24321401781871,
            9.282041220457614
        ],
        "29": [
            62.37235586542212,
            90.73923202709757
        ],
        "30": [
            57.90619414975534,
            86.59199473836136
        ],
        "31": [
            0.7439569163046555,
            75.6980173302784
        ],
        "32": [
            79.19111443367687,
            21.09614723360461
        ],
        "33": [
            29.91088921835591,
            76.95221653852103
        ],
        "34": [
            76.74272413583617,
            96.94276595560302
        ],
        "35": [
            90.53417600478062,
            43.47020800991467
        ],
        "36": [
            89.96000505701494,
            88.41900776699683
        ],
        "37": [
            85.12537862994365,
            58.550069743507095
        ],
        "38": [
            17.663276644245208,
            64.05050624563559
        ],
        "39": [
            25.347698117550323,
            58.07855035867908
        ],
        "40": [
            78.24884702611193,
            58.72431265121749
        ],
        "41": [
            17.565019426908158,
            43.26014875549854
        ],
        "42": [
            67.65985859824936,
            24.848395020364467
        ],
        "43": [
            93.68689151205655,
            22.652551360767102
        ],
        "44": [
            50.41903527010169,
            95.86044449586943
        ],
        "45": [
            91.47486488673589,
            29.265018911327378
        ],
        "46": [
            79.80231713074464,
            81.11642849656924
        ],
        "47": [
            67.80143299414493,
            17.157569582686104
        ],
        "48": [
            16.97075943559171,
            94.71756455018262
        ],
        "49": [
            13.00407150416657,
            4.453560063520456
        ],
        "50": [
            17.36132173034942,
            33.38188648356029
        ],
        "51": [
            76.52648516074063,
            66.42451389684484
        ],
        "52": [
            42.1203143670676,
            78.768911700672
        ],
        "53": [
            34.4795895873988,
            87.90309633017995
        ],
        "54": [
            5.422469732412805,
            53.55660309844835
        ],
        "55": [
            49.16985689824196,
            60.83333560674337
        ],
        "56": [
            32.66029472207378,
            56.514277605847695
        ],
        "57": [
            66.69659346341795,
            55.98230902123341
        ],
        "58": [
            19.856829492338377,
            38.209097728234376
        ],
        "59": [
            68.94790286955872,
            65.76705229697227
        ],
        "60": [
            78.1248381312506,
            59.6435950093441
        ]
    },
    "distance_matrix_str_keys": {
        "0,0": 0.0,
        "0,1": 24.94616406101567,
        "0,2": 30.684642408440123,
        "0,3": 45.77528207496914,
        "0,4": 59.56328329755379,
        "0,5": 62.6507439297144,
        "0,6": 77.76999575283497,
        "0,7": 84.8745010269396,
        "0,8": 35.92345868074053,
        "0,9": 43.574287010623515,
        "0,10": 52.18128902382129,
        "0,11": 80.10430545551448,
        "0,12": 32.322867349238294,
        "0,13": 68.80197460972127,
        "0,14": 74.09960657793687,
        "0,15": 107.78567792884516,
        "0,16": 67.56640036473712,
        "0,17": 31.1035864756115,
        "0,18": 86.05104144852244,
        "0,19": 88.933656467897,
        "0,20": 90.65235346261386,
        "0,21": 62.779619971553466,
        "0,22": 101.32462885017661,
        "0,23": 90.02925208564815,
        "0,24": 36.7221181977323,
        "0,25": 69.62642881904384,
        "0,26": 105.4895475916626,
        "0,27": 114.58396617432366,
        "0,28": 108.08380056272358,
        "0,29": 38.75050227502049,
        "0,30": 44.17763117296151,
        "0,31": 102.18780969524612,
        "0,32": 81.6016403014874,
        "0,33": 73.78132400986581,
        "0,34": 23.457356215567803,
        "0,35": 57.31683178919423,
        "0,36": 15.327128875169198,
        "0,37": 44.038063980727664,
        "0,38": 89.8426519764259,
        "0,39": 85.61760400979583,
        "0,40": 46.656135950246934,
        "0,41": 100.0746558391993,
        "0,42": 81.8147204169299,
        "0,43": 77.60465933034766,
        "0,44": 49.75347207300409,
        "0,45": 71.24686293665344,
        "0,46": 27.650238082378127,
        "0,47": 88.87978394819619,
        "0,48": 83.197108801832,
        "0,49": 129.21847298040421,
        "0,50": 106.14671071043166,
        "0,51": 40.967293857076946,
        "0,52": 61.650767386472516,
        "0,53": 66.62776642686293,
        "0,54": 105.36554630082563,
        "0,55": 64.16954922265853,
        "0,56": 80.16011451500829,
        "0,57": 55.1966847377906,
        "0,58": 101.19804040878961,
        "0,59": 46.218258779800344,
        "0,60": 45.90383568454628,
        "1,0": 24.94616406101567,
        "1,1": 0.0,
        "1,2": 25.568424624062963,
        "1,3": 41.276738846487795,
        "1,4": 53.58609996678149,
        "1,5": 37.84972894008908,
        "1,6": 53.32919204466942,
        "1,7": 65.08053878903839,
        "1,8": 36.91986521048897,
        "1,9": 30.249891534515655,
        "1,10": 37.22661017894385,
        "1,11": 58.64670969727034,
        "1,12": 23.058361879046377,
        "1,13": 62.57532109998244,
        "1,14": 49.27640054134401,
        "1,15": 87.46337733679593,
        "1,16": 44.34312496508707,
        "1,17": 6.4132414062013146,
        "1,18": 79.03018270752294,
        "1,19": 64.80202837852357,
        "1,20": 78.37647393803785,
        "1,21": 38.33909778703359,
        "1,22": 93.69683004700832,
        "1,23": 66.47362239936791,
        "1,24": 25.267704559806948,
        "1,25": 48.42491290923584,
        "1,26": 94.59371505535113,
        "1,27": 93.83377290267119,
        "1,28": 85.25152859601937,
        "1,29": 35.80167970422322,
        "1,30": 38.511180473048945,
        "1,31": 94.07105729903898,
        "1,32": 56.69767258991087,
        "1,33": 64.91818545690012,
        "1,34": 27.967437851805705,
        "1,35": 32.41236067058573,
        "1,36": 13.708847196516098,
        "1,37": 19.609734616566097,
        "1,38": 78.01116491643032,
        "1,39": 71.64254444809232,
        "1,40": 23.646966059314252,
        "1,41": 83.7456354402512,
        "1,42": 57.55855073977453,
        "1,43": 52.95810237222995,
        "1,44": 48.80101533657436,
        "1,45": 46.453853252667265,
        "1,46": 15.994546329158853,
        "1,47": 64.38236702257643,
        "1,48": 80.15767705795447,
        "1,49": 108.41883525423714,
        "1,50": 88.21179306530978,
        "1,51": 20.4605210950018,
        "1,52": 52.78992798534899,
        "1,53": 61.57724280436517,
        "1,54": 92.069913195471,
        "1,55": 47.97384435144647,
        "1,56": 65.01857759220651,
        "1,57": 34.284734015156296,
        "1,58": 83.76574055484042,
        "1,59": 27.67245573253577,
        "1,60": 23.089469774658973,
        "2,0": 30.684642408440123,
        "2,1": 25.568424624062963,
        "2,2": 0.0,
        "2,3": 16.47509371710446,
        "2,4": 29.93210321038856,
        "2,5": 53.36420021203337,
        "2,6": 69.4810322729362,
        "2,7": 57.439103177570985,
        "2,8": 11.948743772416833,
        "2,9": 14.71668048125893,
        "2,10": 23.15387774209953,
        "2,11": 54.84947175727575,
        "2,12": 4.831599890771617,
        "2,13": 39.24489837382805,
        "2,14": 63.50904953002462,
        "2,15": 80.1978622799522,
        "2,16": 46.56513345595217,
        "2,17": 26.034864358279297,
        "2,18": 56.39253471184695,
        "2,19": 68.80565082181786,
        "2,20": 59.96783848621169,
        "2,21": 46.219603868961634,
        "2,22": 71.56527592900292,
        "2,23": 68.12532404798314,
        "2,24": 8.480055932846952,
        "2,25": 44.764874231656975,
        "2,26": 74.9268534463292,
        "2,27": 87.29064978356512,
        "2,28": 83.87497870764999,
        "2,29": 10.29781332899645,
        "2,30": 14.18439121083663,
        "2,31": 72.26469704141657,
        "2,32": 66.57066143659503,
        "2,33": 43.41046264143541,
        "2,34": 10.726995235353426,
        "2,35": 47.54521611088788,
        "2,36": 17.92226794887693,
        "2,37": 31.560376226396624,
        "2,38": 59.163666289447065,
        "2,39": 55.10302366209794,
        "2,40": 29.220868318131778,
        "2,41": 70.06708787770566,
        "2,42": 62.592647900686025,
        "2,43": 68.15068438818149,
        "2,44": 23.29068534827872,
        "2,45": 61.17803867484821,
        "2,46": 9.888711635853968,
        "2,47": 70.25767022964118,
        "2,48": 55.601857178617564,
        "2,49": 101.73641726082519,
        "2,50": 76.80499648581832,
        "2,51": 21.330665231977594,
        "2,52": 31.140473139454453,
        "2,53": 37.5991225177442,
        "2,54": 74.69938415847102,
        "2,55": 34.989793933725984,
        "2,56": 50.002627938179984,
        "2,57": 31.761381122966917,
        "2,58": 71.6593425320547,
        "2,59": 21.744012961175223,
        "2,60": 28.296235603677232,
        "3,0": 45.77528207496914,
        "3,1": 41.276738846487795,
        "3,2": 16.47509371710446,
        "3,3": 0.0,
        "3,4": 13.793949529785056,
        "3,5": 62.555357789941226,
        "3,6": 77.99710008694782,
        "3,7": 51.79625241203975,
        "3,8": 11.538659897201768,
        "3,9": 16.62729473979799,
        "3,10": 20.085342076440536,
        "3,11": 52.195438607925844,
        "3,12": 18.22607566227879,
        "3,13": 23.07650355330359,
        "3,14": 71.24409058399517,
        "3,15": 73.26128834558521,
        "3,16": 49.01412893138331,
        "3,17": 40.460701148302554,
        "3,18": 40.326312354150865,
        "3,19": 69.9883357124406,
        "3,20": 46.3303337226559,
        "3,21": 52.069596991384635,
        "3,22": 55.585582794081965,
        "3,23": 67.85471649202154,
        "3,24": 17.05025061070869,
        "3,25": 43.62745138678906,
        "3,26": 60.12896487197877,
        "3,27": 80.52190255163079,
        "3,28": 80.66285787740517,
        "3,29": 7.0357177482079605,
        "3,30": 3.0481729042933003,
        "3,31": 56.41711023967121,
        "3,32": 71.53371607587822,
        "3,33": 28.27584515093341,
        "3,34": 22.660868989475716,
        "3,35": 57.07457114584763,
        "3,36": 34.30584401959204,
        "3,37": 42.12284711485717,
        "3,38": 45.258736399782094,
        "3,39": 43.046007786997464,
        "3,40": 37.49471749437488,
        "3,41": 59.25207385257196,
        "3,42": 64.91827761479519,
        "3,43": 76.16889436268653,
        "3,44": 8.913361305326164,
        "3,45": 69.34904654947863,
        "3,46": 25.294398859408908,
        "3,47": 72.51399123010175,
        "3,48": 39.157575619703195,
        "3,49": 94.38025742318621,
        "3,50": 67.23566199113253,
        "3,51": 30.487078173337817,
        "3,52": 16.75596860241745,
        "3,53": 21.188392669761235,
        "3,54": 61.275085436753955,
        "3,55": 28.559707796632562,
        "3,56": 39.512854700998965,
        "3,57": 34.48045444224047,
        "3,58": 61.850520716898906,
        "3,59": 26.461221040984654,
        "3,60": 36.689177877860075,
        "4,0": 59.56328329755379,
        "4,1": 53.58609996678149,
        "4,2": 29.93210321038856,
        "4,3": 13.793949529785056,
        "4,4": 0.0,
        "4,5": 69.17197311088695,
        "4,6": 83.57232977165151,
        "4,7": 46.73089658864762,
        "4,8": 24.51561589990377,
        "4,9": 24.976702383607424,
        "4,10": 23.33724004568655,
        "4,11": 49.790940841706934,
        "4,12": 30.795268264334606,
        "4,13": 9.320484423543688,
        "4,14": 76.39161281873703,
        "4,15": 66.02436520977321,
        "4,16": 51.162775285075995,
        "4,17": 51.81663869923411,
        "4,18": 26.5453275697343,
        "4,19": 69.83511725097567,
        "4,20": 33.974034736331696,
        "4,21": 56.651993658643676,
        "4,22": 41.79538736586898,
        "4,23": 66.57535376554803,
        "4,24": 28.376802674946553,
        "4,25": 43.327750755687944,
        "4,26": 46.734819689252554,
        "4,27": 73.22678038340248,
        "4,28": 76.39918874992368,
        "4,29": 20.812914962991556,
        "4,30": 15.74803767839649,
        "4,31": 42.62506889478748,
        "4,32": 74.43081885756294,
        "4,33": 15.058039828197911,
        "4,34": 36.34830735013134,
        "4,35": 64.17894988757786,
        "4,36": 47.85386578721996,
        "4,37": 50.790489350705634,
        "4,38": 32.69472212020495,
        "4,39": 32.32765604287582,
        "4,40": 45.02193109039381,
        "4,41": 49.04275659944005,
        "4,42": 65.94621859707244,
        "4,43": 81.39006625542075,
        "4,44": 13.097188899786174,
        "4,45": 74.91087685961443,
        "4,46": 37.89271877557581,
        "4,47": 73.1498870148243,
        "4,48": 26.786390708565573,
        "4,49": 86.30474839076442,
        "4,50": 57.886285259615484,
        "4,51": 39.36934599935511,
        "4,52": 6.9068166219379625,
        "4,53": 8.02082183427335,
        "4,54": 48.8169191712037,
        "4,55": 25.80542163362415,
        "4,56": 30.677187229813836,
        "4,57": 38.503333682725255,
        "4,58": 52.455628784678616,
        "4,59": 33.35572302167153,
        "4,60": 44.37723354996512,
        "5,0": 62.6507439297144,
        "5,1": 37.84972894008908,
        "5,2": 53.36420021203337,
        "5,3": 62.555357789941226,
        "5,4": 69.17197311088695,
        "5,5": 0.0,
        "5,6": 16.182911526362595,
        "5,7": 51.136573128995906,
        "5,8": 64.79514093497575,
        "5,9": 45.96392205748176,
        "5,10": 45.87742564765449,
        "5,11": 41.21216290372598,
        "5,12": 48.67383408607303,
        "5,13": 75.55854411175322,
        "5,14": 11.450513525367576,
        "5,15": 68.14792679830529,
        "5,16": 25.25322145334449,
        "5,17": 32.21696157966754,
        "5,18": 87.70962387468869,
        "5,19": 34.554635925637676,
        "5,20": 78.45867948915637,
        "5,21": 15.06436422098037,
        "5,22": 99.38372554411147,
        "5,23": 38.90594478136303,
        "5,24": 46.941947517047915,
        "5,25": 35.6457458632487,
        "5,26": 94.74300164390802,
        "5,27": 72.63814368354019,
        "5,28": 58.37367587843758,
        "5,29": 60.70352604095029,
        "5,30": 59.57619269859429,
        "5,31": 98.93730409895147,
        "5,32": 21.176604609728216,
        "5,33": 73.5092047379006,
        "5,34": 61.076110891784886,
        "5,35": 5.855686043330915,
        "5,36": 50.62386509197411,
        "5,37": 21.86734152766252,
        "5,38": 78.96536191711371,
        "5,39": 69.80259424201614,
        "5,40": 25.087075312301202,
        "5,41": 74.78418247200287,
        "5,42": 27.726356638149518,
        "5,43": 15.26737887518848,
        "5,44": 71.46862547736983,
        "5,45": 8.604375570106082,
        "5,46": 45.00168985110999,
        "5,47": 31.95086379973192,
        "5,48": 94.27132350458623,
        "5,49": 85.90308271689129,
        "5,50": 74.92430373124452,
        "5,51": 32.574559752447016,
        "5,52": 64.63899793431649,
        "5,53": 76.36908876641692,
        "5,54": 88.14229461214113,
        "5,55": 48.74523371300289,
        "5,56": 62.353652177800384,
        "5,57": 31.257981188747173,
        "5,58": 72.29681654380752,
        "5,59": 36.30751338889714,
        "5,60": 25.92416820382376,
        "6,0": 77.76999575283497,
        "6,1": 53.32919204466942,
        "6,2": 69.4810322729362,
        "6,3": 77.99710008694782,
        "6,4": 83.57232977165151,
        "6,5": 16.182911526362595,
        "6,6": 0.0,
        "6,7": 58.07670591250587,
        "6,8": 80.80756414118112,
        "6,9": 61.371599723967215,
        "6,10": 60.27220814475355,
        "6,11": 47.91078841481818,
        "6,12": 64.76048422397878,
        "6,13": 89.23755052931904,
        "6,14": 7.457490989125334,
        "6,15": 70.71814098763765,
        "6,16": 34.97810097698858,
        "6,17": 48.0219913799798,
        "6,18": 99.97229569053692,
        "6,19": 33.67323310498606,
        "6,20": 88.59466599509335,
        "6,21": 27.039019043770658,
        "6,22": 110.46016949854112,
        "6,23": 39.519555067949796,
        "6,24": 62.8500427579406,
        "6,25": 45.51399753105348,
        "6,26": 104.22102661969754,
        "6,27": 73.8151764416727,
        "6,28": 56.9304899562593,
        "6,29": 76.54868887872563,
        "6,30": 75.07000856403594,
        "6,31": 109.78172799869058,
        "6,32": 17.515401743287104,
        "6,33": 86.27169784522995,
        "6,34": 77.25418152717596,
        "6,35": 22.03858387816579,
        "6,36": 66.45657026746609,
        "6,37": 38.04100662850257,
        "6,38": 89.35461063630734,
        "6,39": 79.7881582708637,
        "6,40": 40.81387422566333,
        "6,41": 81.82950794233012,
        "6,42": 29.116731846614687,
        "6,43": 2.9987120795498763,
        "6,44": 86.88843435939701,
        "6,45": 8.684893043434602,
        "6,46": 61.18447738084128,
        "6,47": 29.318345509813085,
        "6,48": 107.68124372509749,
        "6,49": 85.54355488713588,
        "6,50": 80.07400150947596,
        "6,51": 48.501502736346275,
        "6,52": 78.50914042176058,
        "6,53": 90.39130239136188,
        "6,54": 96.44727114739712,
        "6,55": 61.15951716722941,
        "6,56": 72.5748721030635,
        "6,57": 45.08324134896132,
        "6,58": 78.4381521180031,
        "6,59": 51.55082195458634,
        "6,60": 41.691317254961746,
        "7,0": 84.8745010269396,
        "7,1": 65.08053878903839,
        "7,2": 57.439103177570985,
        "7,3": 51.79625241203975,
        "7,4": 46.73089658864762,
        "7,5": 51.136573128995906,
        "7,6": 58.07670591250587,
        "7,7": 0.0,
        "7,8": 61.89724304268915,
        "7,9": 42.73585152471375,
        "7,10": 34.37998571877182,
        "7,11": 10.190984978204188,
        "7,12": 53.91969172324986,
        "7,13": 46.49705739963319,
        "7,14": 51.022416765579955,
        "7,15": 22.934376529368496,
        "7,16": 26.146448902002163,
        "7,17": 59.35930237449039,
        "7,18": 49.23108299625367,
        "7,19": 29.752447540693375,
        "7,20": 33.04179552291455,
        "7,21": 36.56350667823635,
        "7,22": 55.653741485853956,
        "7,23": 24.291488172325284,
        "7,24": 49.39786770428883,
        "7,25": 17.320392433986022,
        "7,26": 47.02832606424824,
        "7,27": 29.895952405943135,
        "7,28": 29.677580336256604,
        "7,29": 56.00692966804892,
        "7,30": 50.534933154404825,
        "7,31": 54.52153159620867,
        "7,32": 42.13637645958617,
        "7,33": 39.586535897254215,
        "7,34": 68.10031846461331,
        "7,35": 49.7109790394764,
        "7,36": 69.57454205156385,
        "7,37": 48.253145530871606,
        "7,38": 34.285815441989534,
        "7,39": 24.72742056112961,
        "7,40": 42.14309949685473,
        "7,41": 23.85430895601436,
        "7,42": 30.138732602703747,
        "7,43": 55.12548885228193,
        "7,44": 57.67128902141098,
        "7,45": 51.36947890333464,
        "7,46": 57.27725754014422,
        "7,47": 34.526724742258374,
        "7,48": 60.72727187244374,
        "7,49": 44.45192368656296,
        "7,50": 24.315213683247986,
        "7,51": 44.882983828030916,
        "7,52": 39.82504185451496,
        "7,53": 49.380419665608365,
        "7,54": 38.482095786041825,
        "7,55": 23.34047773563854,
        "7,56": 19.447808043386516,
        "7,57": 30.80029624706682,
        "7,58": 21.184769297860868,
        "7,59": 38.70636560982183,
        "7,60": 42.47363931342429,
        "8,0": 35.92345868074053,
        "8,1": 36.91986521048897,
        "8,2": 11.948743772416833,
        "8,3": 11.538659897201768,
        "8,4": 24.51561589990377,
        "8,5": 64.79514093497575,
        "8,6": 80.80756414118112,
        "8,7": 61.89724304268915,
        "8,8": 0.0,
        "8,9": 21.71266462568538,
        "8,10": 28.254300116154116,
        "8,11": 61.13162609570885,
        "8,12": 16.250551021385995,
        "8,13": 33.42597396119942,
        "8,14": 74.58798613872428,
        "8,15": 83.90935594910773,
        "8,16": 55.41456427231027,
        "8,17": 37.908699206950246,
        "8,18": 50.541036544157855,
        "8,19": 77.27619750554715,
        "8,20": 57.80013945444841,
        "8,21": 56.51680511033961,
        "8,22": 65.79227293970823,
        "8,23": 75.85196218881394,
        "8,24": 18.077836015365655,
        "8,25": 51.75910652759052,
        "8,26": 71.23626502592451,
        "8,27": 91.14713504883396,
        "8,28": 90.0398345456464,
        "8,29": 5.901442496707222,
        "8,30": 11.62928100990708,
        "8,31": 66.78706651620318,
        "8,32": 76.69938719665713,
        "8,33": 39.44160303493569,
        "8,34": 12.493211958481002,
        "8,35": 59.02670470916671,
        "8,36": 26.885376985741427,
        "8,37": 43.15583817879834,
        "8,38": 56.688529801121994,
        "8,39": 54.567647744752435,
        "8,40": 40.12079598641091,
        "8,41": 70.69060940392121,
        "8,42": 71.56128079961766,
        "8,43": 79.33412424087558,
        "8,44": 13.853487297514368,
        "8,45": 72.37394465748358,
        "8,46": 21.745017346352338,
        "8,47": 79.25047720088132,
        "8,48": 47.32128222331324,
        "8,49": 105.20814259647597,
        "8,50": 78.50010672135708,
        "8,51": 32.32085048361558,
        "8,52": 28.261790481157984,
        "8,53": 30.95389726314974,
        "8,54": 72.74531448200213,
        "8,55": 38.57200181906149,
        "8,56": 50.83355803133401,
        "8,57": 40.42000718416132,
        "8,58": 73.143574375669,
        "8,59": 30.918784709033705,
        "8,60": 39.21647073660733,
        "9,0": 43.574287010623515,
        "9,1": 30.249891534515655,
        "9,2": 14.71668048125893,
        "9,3": 16.62729473979799,
        "9,4": 24.976702383607424,
        "9,5": 45.96392205748176,
        "9,6": 61.371599723967215,
        "9,7": 42.73585152471375,
        "9,8": 21.71266462568538,
        "9,9": 0.0,
        "9,10": 8.66428784400071,
        "9,11": 40.32626461339937,
        "9,12": 11.407251582059969,
        "9,13": 33.248300049736564,
        "9,14": 54.65015709277129,
        "9,15": 65.53678914966432,
        "9,16": 33.72573112134939,
        "9,17": 27.392840740094076,
        "9,18": 49.050669425059105,
        "9,19": 55.57624577710315,
        "9,20": 48.598305957170396,
        "9,21": 35.6590114394076,
        "9,22": 63.515948628631996,
        "9,23": 54.31687543101983,
        "9,24": 6.885434593655846,
        "9,25": 30.467139455715497,
        "9,26": 64.54236712233387,
        "9,27": 72.6056573732948,
        "9,28": 69.3796226248206,
        "9,29": 16.27109716715966,
        "9,30": 13.708081173478243,
        "9,31": 63.846112174888184,
        "9,32": 55.480838135337294,
        "9,33": 34.748496578916836,
        "9,34": 25.42187313950827,
        "9,35": 40.543807023080234,
        "9,36": 28.88848271685494,
        "9,37": 26.082089828245287,
        "9,38": 48.0931902647212,
        "9,39": 42.57728416578649,
        "9,40": 20.962916722162852,
        "9,41": 56.514225448197195,
        "9,42": 49.865473951841736,
        "9,43": 59.562062713987665,
        "9,44": 25.52979323964184,
        "9,45": 52.72799608378323,
        "9,46": 16.550235217027005,
        "9,47": 57.55133333306046,
        "9,48": 51.678749924710935,
        "9,49": 87.0822852757142,
        "9,50": 62.691066332655424,
        "9,51": 14.485890022216475,
        "9,52": 22.840840990421125,
        "9,53": 32.9023732425724,
        "9,54": 62.796005490548154,
        "9,55": 20.67700748180708,
        "9,56": 36.6973978083855,
        "9,57": 18.75611849665792,
        "9,58": 57.670682174409805,
        "9,59": 9.870280139906704,
        "9,60": 20.19137307415577,
        "10,0": 52.18128902382129,
        "10,1": 37.22661017894385,
        "10,2": 23.15387774209953,
        "10,3": 20.085342076440536,
        "10,4": 23.33724004568655,
        "10,5": 45.87742564765449,
        "10,6": 60.27220814475355,
        "10,7": 34.37998571877182,
        "10,8": 28.254300116154116,
        "10,9": 8.66428784400071,
        "10,10": 0.0,
        "10,11": 32.87777326499034,
        "10,12": 20.070880992441804,
        "10,13": 29.95683288404827,
        "10,14": 53.14400432294493,
        "10,15": 57.05694427547628,
        "10,16": 29.123249587222478,
        "10,17": 33.38926924457018,
        "10,18": 44.07968059512048,
        "10,19": 49.909319533322154,
        "10,20": 41.157226666089926,
        "10,21": 33.45663412063696,
        "10,22": 57.79692014831129,
        "10,23": 47.929477531551086,
        "10,24": 15.54727674650305,
        "10,25": 23.699184536967095,
        "10,26": 57.47254401627206,
        "10,27": 64.17149803891317,
        "10,28": 61.82400891712309,
        "10,29": 22.39879527453025,
        "10,30": 17.86771719037459,
        "10,31": 57.90519287913678,
        "10,32": 52.040040424734435,
        "10,33": 29.487485283746956,
        "10,34": 33.747790663838174,
        "10,35": 41.00733435695237,
        "10,36": 37.34550073342188,
        "10,37": 28.758317468839827,
        "10,38": 40.833448459670024,
        "10,39": 34.5616768073819,
        "10,40": 22.38058014187969,
        "10,41": 47.97968294274012,
        "10,42": 44.881029643548366,
        "10,43": 58.13950353842334,
        "10,44": 28.234635714627537,
        "10,45": 51.60052177873973,
        "10,46": 24.87857323540302,
        "10,47": 52.45068508430256,
        "10,48": 48.76128294037304,
        "10,49": 78.5894663724383,
        "10,50": 54.031263275963724,
        "10,51": 18.44276796281405,
        "10,52": 18.981437655610733,
        "10,53": 30.523832733712663,
        "10,54": 54.9415467398998,
        "10,55": 12.015125169562694,
        "10,56": 28.334855147251776,
        "10,57": 15.301901735767343,
        "10,58": 49.027565706894904,
        "10,59": 11.121060810511663,
        "10,60": 21.87222885340505,
        "11,0": 80.10430545551448,
        "11,1": 58.64670969727034,
        "11,2": 54.84947175727575,
        "11,3": 52.195438607925844,
        "11,4": 49.790940841706934,
        "11,5": 41.21216290372598,
        "11,6": 47.91078841481818,
        "11,7": 10.190984978204188,
        "11,8": 61.13162609570885,
        "11,9": 40.32626461339937,
        "11,10": 32.87777326499034,
        "11,11": 0.0,
        "11,12": 50.792376960920706,
        "11,13": 51.35376460613455,
        "11,14": 40.833795504675244,
        "11,15": 29.153815789966263,
        "11,16": 16.70767327578007,
        "11,17": 52.59333883729854,
        "11,18": 56.73886897390221,
        "11,19": 21.411608939477148,
        "11,20": 42.04830060208324,
        "11,21": 26.97051088424636,
        "11,22": 64.5866119593386,
        "11,23": 17.02918804146764,
        "11,24": 46.445083282440066,
        "11,25": 10.479350584478428,
        "11,26": 56.77984718792658,
        "11,27": 35.22914654275511,
        "11,28": 29.053473015609516,
        "11,29": 55.26750527696545,
        "11,30": 50.40982856162983,
        "11,31": 63.601060755444166,
        "11,32": 32.24096802316481,
        "11,33": 45.45488257622563,
        "11,34": 65.56282841848078,
        "11,35": 40.15783358614,
        "11,36": 64.80620927725732,
        "11,37": 40.57678449552224,
        "11,38": 43.110958328014185,
        "11,39": 33.38363995523665,
        "11,40": 35.09281586144561,
        "11,41": 34.037777361812964,
        "11,42": 20.458867329352923,
        "11,43": 44.96788318317795,
        "11,44": 59.199501970190845,
        "11,45": 41.18735789720966,
        "11,46": 52.99150953587475,
        "11,47": 25.77202949931849,
        "11,48": 67.27095103184915,
        "11,49": 49.77881682897736,
        "11,50": 33.7559883567946,
        "11,51": 39.23647585961959,
        "11,52": 43.02289505539091,
        "11,53": 53.82403404191352,
        "11,54": 48.56761485001799,
        "11,55": 24.235957755901417,
        "11,56": 26.997089835068305,
        "11,57": 24.918705277732585,
        "11,58": 31.138987637463714,
        "11,59": 34.21520469160244,
        "11,60": 35.58311198974089,
        "12,0": 32.322867349238294,
        "12,1": 23.058361879046377,
        "12,2": 4.831599890771617,
        "12,3": 18.22607566227879,
        "12,4": 30.795268264334606,
        "12,5": 48.67383408607303,
        "12,6": 64.76048422397878,
        "12,7": 53.91969172324986,
        "12,8": 16.250551021385995,
        "12,9": 11.407251582059969,
        "12,10": 20.070880992441804,
        "12,11": 50.792376960920706,
        "12,12": 0.0,
        "12,13": 39.96818901113682,
        "12,14": 58.72860941894174,
        "12,15": 76.79326072784555,
        "12,16": 41.91654000260509,
        "12,17": 22.530379990966942,
        "12,18": 56.83466768465286,
        "12,19": 64.18271952774546,
        "12,20": 58.83371025411197,
        "12,21": 41.39161258446947,
        "12,22": 71.83021475991006,
        "12,23": 63.65407209942449,
        "12,24": 4.545289299067737,
        "12,25": 40.571052439984506,
        "12,26": 74.27721351866109,
        "12,27": 83.81507095523519,
        "12,28": 79.74595819587346,
        "12,29": 13.296393983417722,
        "12,30": 15.459266075174531,
        "12,31": 72.39447832591115,
        "12,32": 61.74490609172353,
        "12,33": 43.26484693205956,
        "12,34": 14.955973658042575,
        "12,35": 42.872964300887574,
        "12,36": 18.13231550950038,
        "12,37": 26.937477945378955,
        "12,38": 58.1613544101012,
        "12,39": 53.38819650668755,
        "12,40": 24.399148595165606,
        "12,41": 67.77490767664014,
        "12,42": 57.892949580411404,
        "12,43": 63.39244486824743,
        "12,44": 26.074457884484534,
        "12,45": 56.42042603995929,
        "12,46": 7.1230783944528975,
        "12,47": 65.54579262987876,
        "12,48": 57.16478234795883,
        "12,49": 98.33917076815618,
        "12,50": 74.08800841276715,
        "12,51": 16.50878666070312,
        "12,52": 30.924078647281053,
        "12,53": 38.71484643766111,
        "12,54": 73.35125516566893,
        "12,55": 32.079930804984414,
        "12,56": 47.83732436877517,
        "12,57": 27.225753169007866,
        "12,58": 69.04684524824293,
        "12,59": 17.185357851212675,
        "12,60": 23.475477845378425,
        "13,0": 68.80197460972127,
        "13,1": 62.57532109998244,
        "13,2": 39.24489837382805,
        "13,3": 23.07650355330359,
        "13,4": 9.320484423543688,
        "13,5": 75.55854411175322,
        "13,6": 89.23755052931904,
        "13,7": 46.49705739963319,
        "13,8": 33.42597396119942,
        "13,9": 33.248300049736564,
        "13,10": 29.95683288404827,
        "13,11": 51.35376460613455,
        "13,12": 39.96818901113682,
        "13,13": 0.0,
        "13,14": 81.90461384094684,
        "13,15": 63.44670433664338,
        "13,16": 55.525660650082216,
        "13,17": 60.489805726538684,
        "13,18": 17.253636138129114,
        "13,19": 72.30665879302643,
        "13,20": 27.223043285892874,
        "13,21": 62.19996874144154,
        "13,22": 32.52330457522271,
        "13,23": 68.38159144736211,
        "13,24": 37.30863271942067,
        "13,25": 46.557477072214816,
        "13,26": 38.2838467830595,
        "13,27": 70.46404246769352,
        "13,28": 75.91846708304195,
        "13,29": 30.065354122538658,
        "13,30": 25.063335751396266,
        "13,31": 33.414454481136204,
        "13,32": 78.69314035709847,
        "13,33": 8.34753832111029,
        "13,34": 45.49791570596854,
        "13,35": 70.87846432311268,
        "13,36": 57.16715157003845,
        "13,37": 58.415146029217745,
        "13,38": 25.702809472845264,
        "13,39": 27.715371681313176,
        "13,40": 52.27250166350401,
        "13,41": 44.229434004698895,
        "13,42": 69.24377199292601,
        "13,43": 86.88365129933575,
        "13,44": 20.73993454499213,
        "13,45": 80.66835919350909,
        "13,46": 47.03102913791977,
        "13,47": 76.05898345491896,
        "13,48": 18.80458580465903,
        "13,49": 82.71949143806677,
        "13,50": 53.66238718852645,
        "13,51": 47.30557095452095,
        "13,52": 10.976513564601797,
        "13,53": 3.5288576585469356,
        "13,54": 41.571090546884136,
        "13,55": 28.913019701018698,
        "13,56": 28.228747607621024,
        "13,57": 44.36851459350293,
        "13,58": 48.32928825733057,
        "13,59": 40.72697695548579,
        "13,60": 51.71262242361151,
        "14,0": 74.09960657793687,
        "14,1": 49.27640054134401,
        "14,2": 63.50904953002462,
        "14,3": 71.24409058399517,
        "14,4": 76.39161281873703,
        "14,5": 11.450513525367576,
        "14,6": 7.457490989125334,
        "14,7": 51.022416765579955,
        "14,8": 74.58798613872428,
        "14,9": 54.65015709277129,
        "14,10": 53.14400432294493,
        "14,11": 40.833795504675244,
        "14,12": 58.72860941894174,
        "14,13": 81.90461384094684,
        "14,14": 0.0,
        "14,15": 64.73996005975826,
        "14,16": 27.526809835746267,
        "14,17": 43.557416429096115,
        "14,18": 92.51896224212886,
        "14,19": 28.35697303495542,
        "14,20": 81.20802003929825,
        "14,21": 19.754333654959368,
