{
    "num_robots": 4,
    "num_tasks": 60,
    "num_nodes": 61,
    "robot_capacity": [
        214,
        208,
        206,
        163
    ],
    "robot_speed": [
        0.82,
        0.81,
        0.94,
        0.96
    ],
    "task_demand": {
        "0": 0,
        "1": 5,
        "2": 5,
        "3": 12,
        "4": 15,
        "5": 14,
        "6": 12,
        "7": 14,
        "8": 12,
        "9": 7,
        "10": 13,
        "11": 8,
        "12": 13,
        "13": 10,
        "14": 8,
        "15": 13,
        "16": 5,
        "17": 5,
        "18": 8,
        "19": 7,
        "20": 10,
        "21": 11,
        "22": 10,
        "23": 15,
        "24": 6,
        "25": 6,
        "26": 15,
        "27": 6,
        "28": 7,
        "29": 5,
        "30": 11,
        "31": 7,
        "32": 5,
        "33": 5,
        "34": 7,
        "35": 9,
        "36": 14,
        "37": 15,
        "38": 12,
        "39": 13,
        "40": 7,
        "41": 13,
        "42": 7,
        "43": 10,
        "44": 9,
        "45": 13,
        "46": 5,
        "47": 8,
        "48": 14,
        "49": 6,
        "50": 13,
        "51": 12,
        "52": 15,
        "53": 15,
        "54": 9,
        "55": 15,
        "56": 10,
        "57": 7,
        "58": 15,
        "59": 9,
        "60": 12
    },
    "task_service_time": {
        "0": 0,
        "1": 12,
        "2": 62,
        "3": 16,
        "4": 60,
        "5": 39,
        "6": 14,
        "7": 51,
        "8": 99,
        "9": 20,
        "10": 97,
        "11": 72,
        "12": 81,
        "13": 98,
        "14": 29,
        "15": 67,
        "16": 90,
        "17": 48,
        "18": 40,
        "19": 87,
        "20": 45,
        "21": 48,
        "22": 90,
        "23": 99,
        "24": 93,
        "25": 59,
        "26": 63,
        "27": 60,
        "28": 24,
        "29": 82,
        "30": 63,
        "31": 49,
        "32": 56,
        "33": 76,
        "34": 82,
        "35": 88,
        "36": 37,
        "37": 30,
        "38": 23,
        "39": 60,
        "40": 42,
        "41": 36,
        "42": 94,
        "43": 45,
        "44": 16,
        "45": 89,
        "46": 20,
        "47": 92,
        "48": 65,
        "49": 79,
        "50": 82,
        "51": 32,
        "52": 89,
        "53": 96,
        "54": 39,
        "55": 98,
        "56": 49,
        "57": 76,
        "58": 90,
        "59": 16,
        "60": 41
    },
    "task_precedence": [],
    "coordinates": {
        "0": [
            50.0,
            50.0
        ],
        "1": [
            73.48172648032667,
            58.074126267574385
        ],
        "2": [
            24.0243182347054,
            65.70299328749171
        ],
        "3": [
            73.38398228274582,
            60.77824325239906
        ],
        "4": [
            58.404302737823684,
            14.972275388503808
        ],
        "5": [
            5.991193703919951,
            54.08116974772853
        ],
        "6": [
            33.05446247183793,
            5.110247788408184
        ],
        "7": [
            1.5184636895312353,
            84.23503071723225
        ],
        "8": [
            77.73854343423535,
            38.70912639059117
        ],
        "9": [
            67.55534959437142,
            78.75890497101369
        ],
        "10": [
            94.33056678321879,
            35.10494374724059
        ],
        "11": [
            20.021048147620313,
            71.30385605666174
        ],
        "12": [
            86.3730271672572,
            4.2154957090433705
        ],
        "13": [
            66.38785901744556,
            3.1490147640600763
        ],
        "14": [
            63.56271711234852,
            92.7062038279388
        ],
        "15": [
            21.056692189556493,
            14.98185472425747
        ],
        "16": [
            91.45686396615143,
            47.20851211653985
        ],
        "17": [
            57.249353753391276,
            93.90183278273433
        ],
        "18": [
            25.231077890468068,
            68.49814478910453
        ],
        "19": [
            77.23605833275218,
            46.94879536235571
        ],
        "20": [
            98.38506349599746,
            76.06597985838468
        ],
        "21": [
            24.030180960099724,
            65.06162969060352
        ],
        "22": [
            67.1146492257597,
            68.76080302441487
        ],
        "23": [
            73.95915498039493,
            13.372998526547109
        ],
        "24": [
            68.47842987800306,
            87.53116510790376
        ],
        "25": [
            19.69503955490405,
            93.4621512188371
        ],
        "26": [
            7.285296792291673,
            47.24722014997531
        ],
        "27": [
            61.50072925444612,
            22.451955147984048
        ],
        "28": [
            4.979582962460549,
            22.123357407584997
        ],
        "29": [
            70.51908045989404,
            24.8740973476406
        ],
        "30": [
            29.92287880096872,
            10.379858772142525
        ],
        "31": [
            9.485937675495126,
            72.5865427497026
        ],
        "32": [
            44.63695249549813,
            58.76592820132427
        ],
        "33": [
            66.78168087268581,
            78.3804590855896
        ],
        "34": [
            7.682938279286045,
            2.3095057844118916
        ],
        "35": [
            65.3361329893385,
            5.629849331596349
        ],
        "36": [
            90.44486597554925,
            15.936416708102364
        ],
        "37": [
            17.614067258213197,
            34.22375190042478
        ],
        "38": [
            0.8776706390944966,
            47.03886717876284
        ],
        "39": [
            59.412176642198425,
            84.70172770900291
        ],
        "40": [
            58.9556538442696,
            72.78446356729718
        ],
        "41": [
            98.04509873521283,
            57.011418262079125
        ],
        "42": [
            9.335762218988485,
            44.262936902450065
        ],
        "43": [
            69.73582986389083,
            34.7916915253149
        ],
        "44": [
            80.83307020559933,
            61.447238036969566
        ],
        "45": [
            70.25162730846027,
            14.734990124319546
        ],
        "46": [
            9.305730196570794,
            39.38810615172487
        ],
        "47": [
            21.334682417815863,
            87.45270236647978
        ],
        "48": [
            72.85350583187518,
            96.82607200768575
        ],
        "49": [
            68.43743868464016,
            45.501672521910905
        ],
        "50": [
            62.38022299125,
            57.975823675657224
        ],
        "51": [
            30.144315743290917,
            23.809969276225253
        ],
        "52": [
            72.31048773277092,
            74.49682060724415
        ],
        "53": [
            82.36996889460578,
            46.18403696698964
        ],
        "54": [
            55.187202609934246,
            13.548635865492198
        ],
        "55": [
            84.12842689030671,
            12.547918540622128
        ],
        "56": [
            97.99886772411165,
            71.30183879980456
        ],
        "57": [
            65.2790473961878,
            24.608805106182384
        ],
        "58": [
            90.96425672811111,
            14.274303398491616
        ],
        "59": [
            63.689361725116555,
            15.592530120252302
        ],
        "60": [
            79.48793904385404,
            53.28995980719279
        ]
    },
    "distance_matrix_str_keys": {
        "0,0": 0.0,
        "0,1": 24.831089252821943,
        "0,2": 30.353254213656694,
        "0,3": 25.748420437138588,
        "0,4": 36.02185164546385,
        "0,5": 44.19763543579758,
        "0,6": 47.98167458245347,
        "0,7": 59.35062502815902,
        "0,8": 29.948466049475822,
        "0,9": 33.693692503380994,
        "0,10": 46.76603310196716,
        "0,11": 36.77759966406539,
        "0,12": 58.47407920163136,
        "0,13": 49.63443100060615,
        "0,14": 44.808114676507486,
        "0,15": 45.431107905961184,
        "0,16": 41.550739758895865,
        "0,17": 44.49633750686651,
        "0,18": 30.914088424320955,
        "0,19": 27.406435799750785,
        "0,20": 54.959527613412234,
        "0,21": 30.021395535551584,
        "0,22": 25.394466882407503,
        "0,23": 43.76732050641098,
        "0,24": 41.83348808207378,
        "0,25": 52.98442427872453,
        "0,26": 42.80331373883697,
        "0,27": 29.85232903062599,
        "0,28": 52.952291286206105,
        "0,29": 32.43984659358682,
        "0,30": 44.41673543334723,
        "0,31": 46.38470824978862,
        "0,32": 10.276369775670586,
        "0,33": 32.97082453960614,
        "0,34": 63.75826966913199,
        "0,35": 46.945790497162974,
        "0,36": 52.8783026435625,
        "0,37": 36.02413973511219,
        "0,38": 49.21149814246958,
        "0,39": 35.955513834928375,
        "0,40": 24.48132994401802,
        "0,41": 48.55400599870382,
        "0,42": 41.06694689523332,
        "0,43": 24.915770649884053,
        "0,44": 32.889473650067124,
        "0,45": 40.66631689952526,
        "0,46": 42.055152905218996,
        "0,47": 47.1636019260573,
        "0,48": 52.10531401379829,
        "0,49": 18.978253221779838,
        "0,50": 14.726971332159557,
        "0,51": 32.8658775421316,
        "0,52": 33.1338510097698,
        "0,53": 32.59411695547291,
        "0,54": 36.81859609196133,
        "0,55": 50.66959569255399,
        "0,56": 52.513423417728404,
        "0,57": 29.633799409977506,
        "0,58": 54.35435333944857,
        "0,59": 37.03069818362639,
        "0,60": 29.670901310661186,
        "1,0": 24.831089252821943,
        "1,1": 0.0,
        "1,2": 50.04233050509967,
        "1,3": 2.705882960472977,
        "1,4": 45.662876123965624,
        "1,5": 67.60854765643624,
        "1,6": 66.62984390472437,
        "1,7": 76.57090905246726,
        "1,8": 19.82734754864211,
        "1,9": 21.517016824007943,
        "1,10": 31.020275427982682,
        "1,11": 55.0733136653803,
        "1,12": 55.37993968072904,
        "1,13": 55.38132202515937,
        "1,14": 36.02454084355738,
        "1,15": 67.8625676433731,
        "1,16": 21.003979111431825,
        "1,17": 39.33337613887969,
        "1,18": 49.36380507496588,
        "1,19": 11.741720291709836,
        "1,20": 30.72267875933399,
        "1,21": 49.942772834774814,
        "1,22": 12.43964359902721,
        "1,23": 44.70367724575145,
        "1,24": 29.878924246557077,
        "1,25": 64.38415954537747,
        "1,26": 67.07599570280165,
        "1,27": 37.5830197003904,
        "1,28": 77.3627911089479,
        "1,29": 33.3319545140519,
        "1,30": 64.59192180976903,
        "1,31": 65.6206615091874,
        "1,32": 28.85306874755927,
        "1,33": 21.383118660767646,
        "1,34": 86.25064304894514,
        "1,35": 53.07308994827781,
        "1,36": 45.423943779165626,
        "1,37": 60.745664079104344,
        "1,38": 73.43790484316635,
        "1,39": 30.116131743156206,
        "1,40": 20.673674315409485,
        "1,41": 24.586349969791264,
        "1,42": 65.61595600687532,
        "1,43": 23.58184702241529,
        "1,44": 8.088271606217111,
        "1,45": 43.45934033442834,
        "1,46": 66.84104911491576,
        "1,47": 59.85327842363039,
        "1,48": 38.75703755226496,
        "1,49": 13.546639160786693,
        "1,50": 11.101938709863207,
        "1,51": 55.24639014196639,
        "1,52": 16.464406748437586,
        "1,53": 14.845035425719603,
        "1,54": 48.13739605743409,
        "1,55": 46.75454865162829,
        "1,56": 27.857900021412625,
        "1,57": 34.45593801643601,
        "1,58": 47.15997611563988,
        "1,59": 43.59560091022088,
        "1,60": 7.678726331815337,
        "2,0": 30.353254213656694,
        "2,1": 50.04233050509967,
        "2,2": 0.0,
        "2,3": 49.604733623350484,
        "2,4": 61.282861168367,
        "2,5": 21.453679468385126,
        "2,6": 61.26193199744947,
        "2,7": 29.153900255469097,
        "2,8": 60.11561227196643,
        "2,9": 45.446754791999744,
        "2,10": 76.6760015952384,
        "2,11": 6.884463315990963,
        "2,12": 87.56753887152337,
        "2,13": 75.54912187948206,
        "2,14": 47.87962369630032,
        "2,15": 50.807880309009676,
        "2,16": 69.92277209612224,
        "2,17": 43.5784067411418,
        "2,18": 3.044526364435828,
        "2,19": 56.41993640617875,
        "2,20": 75.07937084501492,
        "2,21": 0.6413903920097318,
        "2,22": 43.19869008784684,
        "2,23": 72.3319865101129,
        "2,24": 49.52410652415854,
        "2,25": 28.094723756334723,
        "2,26": 24.916067124509407,
        "2,27": 57.22878369374707,
        "2,28": 47.559295674086044,
        "2,29": 61.87698811387008,
        "2,30": 55.63669858427346,
        "2,31": 16.08563839215364,
        "2,32": 21.748645088348134,
        "2,33": 44.597199450388196,
        "2,34": 65.46583045108737,
        "2,35": 72.9071235413032,
        "2,36": 82.99639333504764,
        "2,37": 32.12528530436495,
        "2,38": 29.73410328760453,
        "2,39": 40.16531379546149,
        "2,40": 35.64190551572371,
        "2,41": 74.52931921282172,
        "2,42": 25.98903029396477,
        "2,43": 55.18197959531272,
        "2,44": 56.9679361855675,
        "2,45": 68.80916690849837,
        "2,46": 30.151453013154544,
        "2,47": 21.91538240250695,
        "2,48": 57.904538599517345,
        "2,49": 48.79158358543304,
        "2,50": 39.12652016092383,
        "2,51": 42.337688060564204,
        "2,52": 49.08039897683736,
        "2,53": 61.5240165038727,
        "2,54": 60.755266114844375,
        "2,55": 80.23693568818304,
        "2,56": 74.18612433084343,
        "2,57": 58.22958853081592,
        "2,58": 84.414841759017,
        "2,59": 63.909108849454825,
        "2,60": 56.83569858323242,
        "3,0": 25.748420437138588,
        "3,1": 2.705882960472977,
        "3,2": 49.604733623350484,
        "3,3": 0.0,
        "3,4": 48.19312701222823,
        "3,5": 67.72472772892692,
        "3,6": 68.74151501936308,
        "3,7": 75.59678327046745,
        "3,8": 22.494624288531583,
        "3,9": 18.901776499981167,
        "3,10": 33.1342377265122,
        "3,11": 54.39109545150752,
        "3,12": 58.03498683264468,
        "3,13": 58.05233601591289,
        "3,14": 33.404369715060916,
        "3,15": 69.53743229885102,
        "3,16": 22.600147243809825,
        "3,17": 36.84424542794164,
        "3,18": 48.76780783619732,
        "3,19": 14.355908847525363,
        "3,20": 29.30475989264537,
        "3,21": 49.53932886479405,
        "3,22": 10.150162436790062,
        "3,23": 47.408733912118294,
        "3,24": 27.19895718961333,
        "3,25": 62.85491556904731,
        "3,26": 67.46943611565386,
        "3,27": 40.126251536833315,
        "3,28": 78.57074548484728,
        "3,29": 36.01826419477711,
        "3,30": 66.54971580760883,
        "3,31": 64.97996646388962,
        "3,32": 28.81737554763945,
        "3,33": 18.799691118406823,
        "3,34": 87.95010201384058,
        "3,35": 55.73251501855471,
        "3,36": 47.97773608881684,
        "3,37": 61.76912200125291,
        "3,38": 73.79658313945906,
        "3,39": 27.70459278535958,
        "3,40": 18.770348632308725,
        "3,41": 24.94713681346695,
        "3,42": 66.143252393333,
        "3,43": 26.24137737878136,
        "3,44": 7.479068451631161,
        "3,45": 46.14967829033411,
        "3,46": 67.55412907887299,
        "3,47": 58.48637777686495,
        "3,48": 36.051731764721126,
        "3,49": 16.057456425336095,
        "3,50": 11.355010965617181,
        "3,51": 56.88868115205964,
        "3,52": 13.760514350477392,
        "3,53": 17.13881012467348,
        "3,54": 50.61381831458891,
        "3,55": 49.41262299988116,
        "3,56": 26.770107368797312,
        "3,57": 37.066402918658554,
        "3,58": 49.716018258808745,
        "3,59": 46.21400587502741,
        "3,60": 9.660883867288183,
        "4,0": 36.02185164546385,
        "4,1": 45.662876123965624,
        "4,2": 61.282861168367,
        "4,3": 48.19312701222823,
        "4,4": 0.0,
        "4,5": 65.39602141262786,
        "4,6": 27.200624807089277,
        "4,7": 89.62883442260942,
        "4,8": 30.614554688939656,
        "4,9": 64.4397064865061,
        "4,10": 41.18277289719975,
        "4,11": 68.1653960122697,
        "4,12": 29.96594492556583,
        "4,13": 14.266277112947567,
        "4,14": 77.90489631266128,
        "4,15": 37.34761177677513,
        "4,16": 46.16976025645286,
        "4,17": 78.93800692699159,
        "4,18": 62.97206953771947,
        "4,19": 37.10974061382362,
        "4,20": 73.01302593822194,
        "4,21": 60.74968034805674,
        "4,22": 54.48922683594498,
        "4,23": 15.636851178207642,
        "4,24": 73.25490096197349,
        "4,25": 87.51609945618965,
        "4,26": 60.45514724335202,
        "4,27": 8.09527432995454,
        "4,28": 53.9011934665616,
        "4,29": 15.646530521672075,
        "4,30": 28.84929461614419,
        "4,31": 75.58048851349761,
        "4,32": 45.906687523548456,
        "4,33": 63.95919186620358,
        "4,34": 52.27812684653228,
        "4,35": 11.633193682931585,
        "4,36": 32.05506607503482,
        "4,37": 45.10501810631627,
        "4,38": 65.86030450632343,
        "4,39": 69.73673587660866,
        "4,40": 57.814817218969004,
        "4,41": 57.78133124852266,
        "4,42": 57.145993040397364,
        "4,43": 22.830084603717165,
        "4,44": 51.60398980020671,
        "4,45": 11.84970057759302,
        "4,46": 54.83431970442348,
        "4,47": 81.4098829723962,
        "4,48": 83.11933283555366,
        "4,49": 32.13577299920738,
        "4,50": 43.18695528915116,
        "4,51": 29.609655489117568,
        "4,52": 61.127354470904095,
        "4,53": 39.35133053875783,
        "4,54": 3.518022558817235,
        "4,55": 25.838112731742452,
        "4,56": 68.85309935334162,
        "4,57": 11.837432961474729,
        "4,58": 32.56743417508471,
        "4,59": 5.321331077035288,
        "4,60": 43.735165017354184,
        "5,0": 44.19763543579758,
        "5,1": 67.60854765643624,
        "5,2": 21.453679468385126,
        "5,3": 67.72472772892692,
        "5,4": 65.39602141262786,
        "5,5": 0.0,
        "5,6": 55.9515121685769,
        "5,7": 30.483776753377743,
        "5,8": 73.37562204368629,
        "5,9": 66.32598213561846,
        "5,10": 90.35453496789823,
        "5,11": 22.213908692693735,
        "5,12": 94.59294158794347,
        "5,13": 79.00532635382535,
        "5,14": 69.32801428906387,
        "5,15": 41.90138040596452,
        "5,16": 85.74155478114457,
        "5,17": 64.9082750980543,
        "5,18": 24.042094602081633,
        "5,19": 71.6009881241436,
        "5,20": 94.97346498236747,
        "5,21": 21.118133482523938,
        "5,22": 62.86150211431732,
        "5,23": 79.2262517367408,
        "5,24": 70.8770546387996,
        "5,25": 41.697207253428026,
        "5,26": 6.955398616036654,
        "5,27": 63.888306858390116,
        "5,28": 31.973819381801516,
        "5,29": 70.8300871619949,
        "5,30": 49.82499505839594,
        "5,31": 18.832473692243724,
        "5,32": 38.92867367822051,
        "5,33": 65.46708174755445,
        "5,34": 51.79929718865749,
        "5,35": 76.61169798964595,
        "5,36": 92.66846790908889,
        "5,37": 23.00887292375502,
        "5,38": 8.702996243097123,
        "5,39": 61.57450761436589,
        "5,40": 56.1698071712891,
        "5,41": 92.10053087722211,
        "5,42": 10.372262759691957,
        "5,43": 66.59926883427504,
        "5,44": 75.20349353809563,
        "5,45": 75.34935419763795,
        "5,46": 15.06227970784377,
        "5,47": 36.72984937673758,
        "5,48": 79.35802071819461,
        "5,49": 63.03285877096117,
        "5,50": 56.523366435357474,
        "5,51": 38.72620407727419,
        "5,52": 69.39054373978367,
        "5,53": 76.78594927319676,
        "5,54": 63.742714055766996,
        "5,55": 88.48976305684397,
        "5,56": 93.60536053670745,
        "5,57": 66.20928841937526,
        "5,58": 93.83500438673818,
        "5,59": 69.35743632355486,
        "5,60": 73.50100399813003,
        "6,0": 47.98167458245347,
        "6,1": 66.62984390472437,
        "6,2": 61.26193199744947,
        "6,3": 68.74151501936308,
        "6,4": 27.200624807089277,
        "6,5": 55.9515121685769,
        "6,6": 0.0,
        "6,7": 85.17775820442316,
        "6,8": 55.906634085574474,
        "6,9": 81.32918244420478,
        "6,10": 68.22347649630605,
        "6,11": 67.46453634701514,
        "6,12": 53.32607169540185,
        "6,13": 33.39104311402267,
        "6,14": 92.75669849498533,
        "6,15": 15.536895289674296,
        "6,16": 71.99378000733282,
        "6,17": 92.02900808946508,
        "6,18": 63.868856514571355,
        "6,19": 60.84798662170036,
        "6,20": 96.45104117511747,
        "6,21": 60.62677501554882,
        "6,22": 72.19064692578925,
        "6,23": 41.730886870281275,
        "6,24": 89.71100868109875,
        "6,25": 89.35621422404452,
        "6,26": 49.39204733172514,
        "6,27": 33.3155355354298,
        "6,28": 32.82750003244512,
        "6,29": 42.35808482912027,
        "6,30": 6.129895285202535,
        "6,31": 71.47395149828664,
        "6,32": 54.89158510847701,
        "6,33": 80.66008383700145,
        "6,34": 25.525641923881068,
        "6,35": 32.28585196590217,
        "6,36": 58.4026056593073,
        "6,37": 32.95454332915771,
        "6,38": 52.852200111527324,
        "6,39": 83.8423089629386,
        "6,40": 72.46151527396427,
        "6,41": 83.17159550264354,
        "6,42": 45.776738705868226,
        "6,43": 47.185917560835044,
        "6,44": 73.8691534217304,
        "6,45": 38.4221906834519,
        "6,46": 41.70100548737302,
        "6,47": 83.1723095173895,
        "6,48": 99.97877907133866,
        "6,49": 53.697506438175914,
        "6,50": 60.45468835361236,
        "6,51": 18.924812752141044,
        "6,52": 79.72159059395788,
        "6,53": 64.1800228359309,
        "6,54": 23.6868017967807,
        "6,55": 51.61268049265949,
        "6,56": 92.73134580168417,
        "6,57": 37.664540499270174,
        "6,58": 58.63040325657493,
        "6,59": 32.37862404647583,
        "6,60": 66.91302113024778,
        "7,0": 59.35062502815902,
        "7,1": 76.57090905246726,
        "7,2": 29.153900255469097,
        "7,3": 75.59678327046745,
        "7,4": 89.62883442260942,
        "7,5": 30.483776753377743,
        "7,6": 85.17775820442316,
        "7,7": 0.0,
        "7,8": 88.781239690869,
        "7,9": 66.2635514683395,
        "7,10": 105.0135797235397,
        "7,11": 22.57345586592581,
        "7,12": 116.63371264742537,
        "7,13": 103.84113074002674,
        "7,14": 62.61988627158574,
        "7,15": 71.95654770785725,
        "7,16": 97.26190890582488,
        "7,17": 56.563054810394114,
        "7,18": 28.459403559410298,
        "7,19": 84.40034055318952,
        "7,20": 97.2104497983654,
        "7,21": 29.570199887689956,
        "7,22": 67.39667113138798,
        "7,23": 101.3364759644419,
        "7,24": 67.04104394982716,
        "7,25": 20.384495650881092,
        "7,26": 37.43466968726153,
        "7,27": 86.11051392887751,
        "7,28": 62.20803250341381,
        "7,29": 91.02090707743783,
        "7,30": 79.12899102643497,
        "7,31": 14.112686266147005,
        "7,32": 50.07873061366594,
        "7,33": 65.52528921024033,
        "7,34": 82.1571200961055,
        "7,35": 101.24954052008474,
        "7,36": 112.12763129176868,
        "7,37": 52.5375719188908,
        "7,38": 37.20168272691504,
        "7,39": 57.895594007903156,
        "7,40": 58.567450865875536,
        "7,41": 100.29215496912296,
        "7,42": 40.729331448434095,
        "7,43": 84.25112959606922,
        "7,44": 82.52327127566711,
        "7,45": 97.74714023173765,
        "7,46": 45.51799822747008,
        "7,47": 20.07575491804953,
        "7,48": 72.43771502627546,
        "7,49": 77.32025770445338,
        "7,50": 66.28498849477651,
        "7,51": 66.86275088532634,
        "7,52": 71.45868319724973,
        "7,53": 89.3579544266049,
        "7,54": 88.75190113142638,
        "7,55": 109.37754830062413,
        "7,56": 97.34339122841827,
        "7,57": 87.29661399638235,
        "7,58": 113.5563880161202,
        "7,59": 92.61216686136622,
        "7,60": 83.88585399610427,
        "8,0": 29.948466049475822,
        "8,1": 19.82734754864211,
        "8,2": 60.11561227196643,
        "8,3": 22.494624288531583,
        "8,4": 30.614554688939656,
        "8,5": 73.37562204368629,
        "8,6": 55.906634085574474,
        "8,7": 88.781239690869,
        "8,8": 0.0,
        "8,9": 41.32411161926065,
        "8,10": 16.978968500466717,
        "8,11": 66.28518434887732,
        "8,12": 35.557908641128414,
        "8,13": 37.327731991388205,
        "8,14": 55.826861130491785,
        "8,15": 61.44766619857832,
        "8,16": 16.137901844256284,
        "8,17": 58.873098548207295,
        "8,18": 60.36902811025597,
        "8,19": 8.254976441000412,
        "8,20": 42.68270483082042,
        "8,21": 59.825100332805974,
        "8,22": 31.87429052789705,
        "8,23": 25.616462523701674,
        "8,24": 49.69246590368691,
        "8,25": 79.793120445515,
        "8,26": 70.96871851340266,
        "8,27": 22.977428623516957,
        "8,28": 74.62542503524477,
        "8,29": 15.60540528974403,
        "8,30": 55.57774004148341,
        "8,31": 76.19775280168444,
        "8,32": 38.703883804477776,
        "8,33": 41.156621277626,
        "8,34": 78.94757877161244,
        "8,35": 35.327869389328136,
        "8,36": 26.07770961581598,
        "8,37": 60.291551810830775,
        "8,38": 77.31091998177848,
        "8,39": 49.50934352049765,
        "8,40": 38.909196150203954,
        "8,41": 27.337338494096137,
        "8,42": 68.62787545292777,
        "8,43": 8.910090931783948,
        "8,44": 22.947719215247886,
        "8,45": 25.1159933665414,
        "8,46": 68.43618152072123,
        "8,47": 74.54751328164335,
        "8,48": 58.3218909178775,
        "8,49": 11.517344855002346,
        "8,50": 24.63906717194856,
        "8,51": 49.871789542947255,
        "8,52": 36.197000511684074,
        "8,53": 8.793428792008326,
        "8,54": 33.787767852247725,
        "8,55": 26.93026934049224,
        "8,56": 38.37662885820801,
        "8,57": 18.816431698004646,
        "8,58": 27.784529270567802,
        "8,59": 27.05099868436807,
        "8,60": 14.685403914146844,
        "9,0": 33.693692503380994,
        "9,1": 21.517016824007943,
        "9,2": 45.446754791999744,
        "9,3": 18.901776499981167,
        "9,4": 64.4397064865061,
        "9,5": 66.32598213561846,
        "9,6": 81.32918244420478,
        "9,7": 66.2635514683395,
        "9,8": 41.32411161926065,
        "9,9": 0.0,
        "9,10": 51.21113732418597,
        "9,11": 48.11535688681925,
        "9,12": 76.88188898326244,
        "9,13": 75.61890326733648,
        "9,14": 14.507524238852353,
        "9,15": 78.92805127853859,
        "9,16": 39.58168362432352,
        "9,17": 18.317254515491193,
        "9,18": 43.55028329157557,
        "9,19": 33.250551799815234,
        "9,20": 30.947101720812913,
        "9,21": 45.62954804454154,
        "9,22": 10.007809917733134,
        "9,23": 65.69874797122546,
        "9,24": 8.820693006748394,
        "9,25": 50.06790116729555,
        "9,26": 68.01077521265246,
        "9,27": 56.63153737833554,
        "9,28": 84.39971455746023,
        "9,29": 53.96625050206081,
        "9,30": 78.0506042070378,
        "9,31": 58.39652948587956,
        "9,32": 30.413353082075385,
        "9,33": 0.861269167629415,
        "9,34": 97.10415167579167,
        "9,35": 73.16272070565071,
        "9,36": 66.86250811708935,
        "9,37": 66.91421030245111,
        "9,38": 73.83815862008478,
        "9,39": 10.081091598838071,
        "9,40": 10.47132833411127,
        "9,41": 37.45100774113729,
        "9,42": 67.67194519996606,
        "9,43": 44.02124887353152,
        "9,44": 21.8172334787228,
        "9,45": 64.0806646798255,
        "9,46": 70.30702638895735,
        "9,47": 47.03118313841715,
        "9,48": 18.82798407286371,
        "9,49": 33.268928316626415,
        "9,50": 21.41771237755636,
        "9,51": 66.47534120105504,
        "9,52": 6.385663774358179,
        "9,53": 35.78540163936219,
        "9,54": 66.37281263170314,
        "9,55": 68.25365642324623,
        "9,56": 31.343510205425517,
        "9,57": 54.197923088146645,
        "9,58": 68.6020464211015,
        "9,59": 63.28456979384569,
        "9,60": 28.125679702499994,
        "10,0": 46.76603310196716,
        "10,1": 31.020275427982682,
        "10,2": 76.6760015952384,
        "10,3": 33.1342377265122,
        "10,4": 41.18277289719975,
        "10,5": 90.35453496789823,
        "10,6": 68.22347649630605,
        "10,7": 105.0135797235397,
        "10,8": 16.978968500466717,
        "10,9": 51.21113732418597,
        "10,10": 0.0,
        "10,11": 82.65752120793073,
        "10,12": 31.897969164887034,
        "10,13": 42.44969157086397,
        "10,14": 65.30364259559728,
        "10,15": 75.98683708244904,
        "10,16": 12.440037586403122,
        "10,17": 69.5132398900786,
        "10,18": 76.74532716108338,
        "10,19": 20.796611268279726,
        "10,20": 41.161212602307806,
        "10,21": 76.41693058209468,
        "10,22": 43.28305710297469,
        "10,23": 29.787108988880632,
        "10,24": 58.453756669039436,
        "10,25": 94.74188930210055,
        "10,26": 87.88807600598504,
        "10,27": 35.18375125904749,
        "10,28": 90.28909066787267,
        "10,29": 25.91634810265693,
        "10,30": 68.99043483153807,
        "10,31": 92.75495324891577,
        "10,32": 55.03905419166598,
        "10,33": 51.30020801820635,
        "10,34": 92.64638296517184,
        "10,35": 41.34559688574891,
        "10,36": 19.558402276691645,
        "10,37": 76.72156019295409,
        "10,38": 94.21179504814626,
        "10,39": 60.655873164848856,
        "10,40": 51.682982492385946,
        "10,41": 22.219166800122252,
        "10,42": 85.48675711209641,
        "10,43": 24.596731715524626,
        "10,44": 29.598967588575395,
        "10,45": 31.539345852903132,
        "10,46": 85.13265129648778,
        "10,47": 89.82587025320382,
        "10,48": 65.35106595037338,
        "10,49": 27.90243810034277,
        "10,50": 39.292513499711994,
        "10,51": 65.17247326027707,
        "10,52": 45.128747422697835,
        "10,53": 16.303441612892147,
        "10,54": 44.68643382834553,
        "10,55": 24.75687873231536,
        "10,56": 36.38229848757889,
        "10,57": 30.88947563600509,
        "10,58": 21.10089146756714,
        "10,59": 36.326543091289984,
        "10,60": 23.47335526315058,
        "11,0": 36.77759966406539,
        "11,1": 55.0733136653803,
        "11,2": 6.884463315990963,
        "11,3": 54.39109545150752,
        "11,4": 68.1653960122697,
        "11,5": 22.213908692693735,
        "11,6": 67.46453634701514,
        "11,7": 22.57345586592581,
        "11,8": 66.28518434887732,
        "11,9": 48.11535688681925,
        "11,10": 82.65752120793073,
        "11,11": 0.0,
        "11,12": 94.35800556367344,
        "11,13": 82.43156884263375,
        "11,14": 48.51739302927006,
        "11,15": 56.33152219378548,
        "11,16": 75.39006155490172,
        "11,17": 43.55014684692574,
        "11,18": 5.9174678400694125,
        "11,19": 62.18300709927169,
        "11,20": 78.50857739523512,
        "11,21": 7.418796122903734,
        "11,22": 47.16221348952731,
        "11,23": 79.1536709374761,
        "11,24": 51.10228373770151,
        "11,25": 22.16069326750878,
        "11,26": 27.219865791947434,
        "11,27": 64.08644292762102,
        "11,28": 51.42924384324752,
        "11,29": 68.59864256083618,
        "11,30": 61.723412862638234,
        "11,31": 10.612909017436541,
        "11,32": 27.625031796715042,
        "11,33": 47.29307648353507,
        "11,34": 70.08886733720976,
        "11,35": 79.79055127981039,
        "11,36": 89.58274084597836,
        "11,37": 37.15814421145589,
        "11,38": 30.907257847930953,
        "11,39": 41.60725860819204,
        "11,40": 38.96274784142034,
        "11,41": 79.32229351328168,
        "11,42": 29.075533427286064,
        "11,43": 61.68223147601396,
        "11,44": 61.60564053369015,
        "11,45": 75.65148825835956,
        "11,46": 33.66649864162536,
        "11,47": 16.202187263883722,
        "11,48": 58.674117735244096,
        "11,49": 54.86255141527955,
        "11,50": 44.406487595646375,
        "11,51": 48.56078488169723,
        "11,52": 52.386835319098935,
        "11,53": 67.21899455817328,
        "11,54": 67.6189609429027,
        "11,55": 86.95985397093874,
        "11,56": 77.97781960258416,
        "11,57": 65.02856510220104,
        "11,58": 91.02367120747229,
        "11,59": 70.78611056058519,
        "11,60": 62.135429273090224,
        "12,0": 58.47407920163136,
        "12,1": 55.37993968072904,
        "12,2": 87.56753887152337,
        "12,3": 58.03498683264468,
        "12,4": 29.96594492556583,
        "12,5": 94.59294158794347,
        "12,6": 53.32607169540185,
        "12,7": 116.63371264742537,
        "12,8": 35.557908641128414,
        "12,9": 76.88188898326244,
        "12,10": 31.897969164887034,
        "12,11": 94.35800556367344,
        "12,12": 0.0,
        "12,13": 20.013603563133206,
        "12,14": 91.38334458852232,
        "12,15": 66.19771975954829,
        "12,16": 43.292549664036336,
        "12,17": 94.29648673632138,
        "12,18": 88.7163848120275,
        "12,19": 43.69918876526773,
        "12,20": 72.84765671768531,
        "12,21": 87.1141922634381,
        "12,22": 67.35712150450988,
        "12,23": 15.426084419720441,
        "12,24": 85.21571087261306,
        "12,25": 111.40430670183679,
        "12,26": 90.03665033875674,
        "12,27": 30.84152487040411,
        "12,28": 83.34017200686257,
        "12,29": 26.04084191922687,
        "12,30": 56.78572551750734,
        "12,31": 102.88938042359021,
        "12,32": 68.68514842454333,
        "12,33": 76.70894760246853,
        "12,34": 78.71316844588077,
        "12,35": 21.084385521579208,
        "12,36": 12.40805626788077,
        "12,37": 75.0219301765897,
        "12,38": 95.62058947690733,
        "12,39": 84.88180607518831,
        "12,40": 73.84724580563798,
        "12,41": 54.07075635603433,
        "12,42": 86.82475301922327,
        "12,43": 34.80948268369012,
        "12,44": 57.49924741270238,
        "12,45": 19.2499167832031,
        "12,46": 84.7141120930899,
        "12,47": 105.63341734451254,
        "12,48": 93.59218076049149,
        "12,49": 45.013706024289384,
        "12,50": 58.8712792056204,
        "12,51": 59.545036592269106,
        "12,52": 71.67440020532392,
        "12,53": 42.15901956704142,
        "12,54": 32.55246777895718,
        "12,55": 8.629455408512241,
        "12,56": 68.08625116677172,
        "12,57": 29.3401269722836,
        "12,58": 11.05707922616827,
        "12,59": 25.376871160267143,
        "12,60": 49.555095247487756,
        "13,0": 49.63443100060615,
        "13,1": 55.38132202515937,
        "13,2": 75.54912187948206,
        "13,3": 58.05233601591289,
        "13,4": 14.266277112947567,
        "13,5": 79.00532635382535,
        "13,6": 33.39104311402267,
        "13,7": 103.84113074002674,
        "13,8": 37.327731991388205,
        "13,9": 75.61890326733648,
        "13,10": 42.44969157086397,
        "13,11": 82.43156884263375,
        "13,12": 20.013603563133206,
        "13,13": 0.0,
        "13,14": 89.60173848652299,
        "13,15": 46.85008844710493,
        "13,16": 50.69215241111203,
        "13,17": 91.21176599974235,
        "13,18": 77.22945958482487,
        "13,19": 45.123211419882935,
        "13,20": 79.62854320536836,
        "13,21": 75.01563022098932,
        "13,22": 65.61581351113871,
        "13,23": 12.722199752172257,
        "13,24": 84.40804335591515,
        "13,25": 101.66947430601121,
        "13,26": 73.74120001624973,
        "13,27": 19.911994997631904,
        "13,28": 64.27287177961736,
        "13,29": 22.114389068430985,
        "13,30": 37.17499007743337,
        "13,31": 89.77415521831662,
        "13,32": 59.7188663222489,
        "13,33": 75.23247510455218,
        "13,34": 58.71092312509233,
        "13,35": 2.694562634210004,
        "13,36": 27.244398181291242,
        "13,37": 57.831842878012516,
        "13,38": 78.85368682789306,
        "13,39": 81.85050478329734,
        "13,40": 70.03094604362018,
        "13,41": 62.476710357793294,
        "13,42": 70.32280101575954,
        "13,43": 31.819300768651463,
        "13,44": 60.06119348671293,
        "13,45": 12.213252247259543,
        "13,46": 67.61391258702947,
        "13,47": 95.58713545809289,
        "13,48": 93.89992354924719,
        "13,49": 42.402221592339,
        "13,50": 54.97308543230268,
        "13,51": 41.71893419562967,
        "13,52": 71.59320449271905,
        "13,53": 45.90687282022445,
        "13,54": 15.284201746001543,
        "13,55": 20.076532087306948,
        "13,56": 75.1269811419311,
        "13,57": 21.48841699007356,
        "13,58": 26.977238028238144,
        "13,59": 12.732751550882423,
        "13,60": 51.82399508448534,
        "14,0": 44.808114676507486,
        "14,1": 36.02454084355738,
        "14,2": 47.87962369630032,
        "14,3": 33.404369715060916,
        "14,4": 77.90489631266128,
        "14,5": 69.32801428906387,
        "14,6": 92.75669849498533,
        "14,7": 62.61988627158574,
        "14,8": 55.826861130491785,
        "14,9": 14.507524238852353,
        "14,10": 65.30364259559728,
        "14,11": 48.51739302927006,
        "14,12": 91.38334458852232,
        "14,13": 89.60173848652299,
        "14,14": 0.0,
        "14,15": 88.588016110126,
        "14,16": 53.36781220705063,
        "14,17": 6.425580557410311,
        "14,18": 45.33590947432387,
        "14,19": 47.7566821462275,
        "14,20": 38.59394850776157,
        "14,21": 48.23944334114444,
        "14,22": 24.207404680793143,
        "14,23": 80.01152031886977,
        "14,24": 7.13759467525866,
