{
    "num_robots": 4,
    "num_tasks": 30,
    "num_nodes": 31,
    "robot_capacity": [
        96,
        69,
        90,
        91
    ],
    "robot_speed": [
        0.98,
        0.99,
        1.17,
        1.1
    ],
    "task_demand": {
        "0": 0,
        "1": 13,
        "2": 12,
        "3": 7,
        "4": 8,
        "5": 15,
        "6": 5,
        "7": 9,
        "8": 6,
        "9": 15,
        "10": 6,
        "11": 8,
        "12": 9,
        "13": 13,
        "14": 6,
        "15": 14,
        "16": 5,
        "17": 5,
        "18": 8,
        "19": 5,
        "20": 11,
        "21": 8,
        "22": 6,
        "23": 14,
        "24": 11,
        "25": 6,
        "26": 13,
        "27": 12,
        "28": 13,
        "29": 11,
        "30": 9
    },
    "task_service_time": {
        "0": 0,
        "1": 49,
        "2": 12,
        "3": 80,
        "4": 98,
        "5": 99,
        "6": 93,
        "7": 22,
        "8": 52,
        "9": 23,
        "10": 12,
        "11": 82,
        "12": 72,
        "13": 13,
        "14": 100,
        "15": 20,
        "16": 94,
        "17": 29,
        "18": 40,
        "19": 69,
        "20": 60,
        "21": 84,
        "22": 83,
        "23": 25,
        "24": 55,
        "25": 66,
        "26": 66,
        "27": 42,
        "28": 73,
        "29": 69,
        "30": 84
    },
    "task_precedence": [],
    "coordinates": {
        "0": [
            0,
            100
        ],
        "1": [
            94.93945831003475,
            81.7580660520232
        ],
        "2": [
            83.18436201005476,
            38.54211606283585
        ],
        "3": [
            74.44671558952848,
            20.23864629583447
        ],
        "4": [
            62.735999854063394,
            98.463100060081
        ],
        "5": [
            48.55785374891538,
            81.13441375793752
        ],
        "6": [
            61.05383480158045,
            39.86534108813795
        ],
        "7": [
            53.31241680270805,
            5.903097805155532
        ],
        "8": [
            13.176578601872347,
            93.70863405510373
        ],
        "9": [
            39.23406141859741,
            38.542971195897124
        ],
        "10": [
            80.64207126053242,
            62.85068668936545
        ],
        "11": [
            38.13969437947393,
            63.27593781616603
        ],
        "12": [
            12.946881773484108,
            69.18706017063518
        ],
        "13": [
            69.28904428345326,
            39.98417599869059
        ],
        "14": [
            4.225927907603355,
            5.05363878320062
        ],
        "15": [
            20.49282924593672,
            46.390747793003975
        ],
        "16": [
            11.25933556185733,
            7.589612721807826
        ],
        "17": [
            39.26833681094893,
            15.584308062071095
        ],
        "18": [
            46.874219723035516,
            66.20874978514549
        ],
        "19": [
            48.97322575202553,
            1.4513139382161366
        ],
        "20": [
            14.910663026431582,
            2.0066539147829077
        ],
        "21": [
            97.9501840841765,
            27.223284165250895
        ],
        "22": [
            45.70565361769467,
            43.73174736752892
        ],
        "23": [
            89.10580204236958,
            96.41055603225213
        ],
        "24": [
            60.6904469431595,
            94.50936493270842
        ],
        "25": [
            17.554571365467442,
            65.07833152666649
        ],
        "26": [
            10.566808995974974,
            87.06107514556209
        ],
        "27": [
            17.085121555308003,
            10.358641115813672
        ],
        "28": [
            43.22411448801259,
            8.056063381307188
        ],
        "29": [
            28.27918732120893,
            55.264995658359275
        ],
        "30": [
            16.93693309477513,
            31.96484533680345
        ]
    },
    "distance_matrix_str_keys": {
        "0,0": 0.0,
        "0,1": 96.67610303671314,
        "0,2": 103.42489826465278,
        "0,3": 109.10631057271226,
        "0,4": 62.754822437119245,
        "0,5": 52.09391044025926,
        "0,6": 85.69567052322228,
        "0,7": 108.15008454925864,
        "0,8": 14.601489961778583,
        "0,9": 72.912810704475,
        "0,10": 88.78747173244926,
        "0,11": 52.946133292637896,
        "0,12": 33.422432714939106,
        "0,13": 91.66717399522304,
        "0,14": 95.04035971623426,
        "0,15": 57.39257767949116,
        "0,16": 93.093782360585,
        "0,17": 93.10215529866878,
        "0,18": 57.78443618939547,
        "0,19": 110.04644639906775,
        "0,20": 99.12125780509913,
        "0,21": 122.02741056752734,
        "0,22": 72.49222735529841,
        "0,23": 89.17806942074691,
        "0,24": 60.93830834214739,
        "0,25": 39.08562273760909,
        "0,26": 16.705484989853147,
        "0,27": 91.25499767773347,
        "0,28": 101.59730091993104,
        "0,29": 52.92384197121972,
        "0,30": 70.11163935254947,
        "1,0": 96.67610303671314,
        "1,1": 0.0,
        "1,2": 44.786165525636875,
        "1,3": 64.84282158687272,
        "1,4": 36.278380583149534,
        "1,5": 46.385797221218134,
        "1,6": 53.88168413715782,
        "1,7": 86.52622025944507,
        "1,8": 82.63161969710922,
        "1,9": 70.50273516861975,
        "1,10": 23.704520050124046,
        "1,11": 59.73108275173075,
        "1,12": 82.95066483140451,
        "1,13": 49.020420540046054,
        "1,14": 118.79610162253195,
        "1,15": 82.4205543529171,
        "1,16": 111.81825616841991,
        "1,17": 86.47681779227729,
        "1,18": 50.517802770830684,
        "1,19": 92.53144854937398,
        "1,20": 112.98183841852116,
        "1,21": 54.617825891597974,
        "1,22": 62.20907037706163,
        "1,23": 15.771081385560679,
        "1,24": 36.54573029442584,
        "1,25": 79.16207596608265,
        "1,26": 84.53913802328167,
        "1,27": 105.63699935505464,
        "1,28": 90.03589275563495,
        "1,29": 71.73196293973368,
        "1,30": 92.54057904050418,
        "2,0": 103.42489826465278,
        "2,1": 44.786165525636875,
        "2,2": 0.0,
        "2,3": 20.282097290015873,
        "2,4": 63.31397822014258,
        "2,5": 54.89170153408361,
        "2,6": 22.170050947000714,
        "2,7": 44.245210173485596,
        "2,8": 89.13155695441539,
        "2,9": 43.950300599776426,
        "2,10": 24.441150712682997,
        "2,11": 51.388559237197974,
        "2,12": 76.6316920689658,
        "2,13": 13.969946012129144,
        "2,14": 85.76661603689286,
        "2,15": 63.180925130535144,
        "2,16": 78.30240668491774,
        "2,17": 49.554800145782814,
        "2,18": 45.64941461210673,
        "2,19": 50.45918594580313,
        "2,20": 77.43473359725724,
        "2,21": 18.60498473663463,
        "2,22": 37.83630341138273,
        "2,23": 58.17060938781917,
        "2,24": 60.3183981973904,
        "2,25": 70.79152598436627,
        "2,26": 87.334978079942,
        "2,27": 71.85692624085625,
        "2,28": 50.26152395345587,
        "2,29": 57.39540843638147,
        "2,30": 66.57313518295912,
        "3,0": 109.10631057271226,
        "3,1": 64.84282158687272,
        "3,2": 20.282097290015873,
        "3,3": 0.0,
        "3,4": 79.09618214396706,
        "3,5": 66.17044402299929,
        "3,6": 23.760816574150393,
        "3,7": 25.537551482849853,
        "3,8": 95.66540016031566,
        "3,9": 39.68600916958825,
        "3,10": 43.06005594968679,
        "3,11": 56.306378418020756,
        "3,12": 78.60137899718971,
        "3,13": 20.408025787613187,
        "3,14": 71.84388266114767,
        "3,15": 59.95793745865073,
        "3,16": 64.44100437701285,
        "3,17": 35.48494325602744,
        "3,18": 53.60497125384675,
        "3,19": 31.652212270502975,
        "3,20": 62.26513551722633,
        "3,21": 24.51934333227132,
        "3,22": 37.12107812596022,
        "3,23": 77.5696374139059,
        "3,24": 75.53392995143818,
        "3,25": 72.43834237481872,
        "3,26": 92.44392605129896,
        "3,27": 58.20624513318099,
        "3,28": 33.515162926856156,
        "3,29": 57.95071885724738,
        "3,30": 58.69309010899205,
        "4,0": 62.754822437119245,
        "4,1": 36.278380583149534,
        "4,2": 63.31397822014258,
        "4,3": 79.09618214396706,
        "4,4": 0.0,
        "4,5": 22.389801158943307,
        "4,6": 58.621898943975935,
        "4,7": 93.03847556230487,
        "4,8": 49.7869579492924,
        "4,9": 64.36429874802363,
        "4,10": 39.860649509262736,
        "4,11": 42.931510918891675,
        "4,12": 57.75848674307777,
        "4,13": 58.84493989011651,
        "4,14": 110.22139526977938,
        "4,15": 67.05233279800085,
        "4,16": 104.44059396456811,
        "4,17": 86.13724729612942,
        "4,18": 35.943555480548994,
        "4,19": 97.98316486794135,
        "4,20": 107.66201208252254,
        "4,21": 79.46791893413112,
        "4,22": 57.31974930586426,
        "4,23": 26.449563407296036,
        "4,24": 4.451551209267088,
        "4,25": 56.177435419390356,
        "4,26": 53.40066148409556,
        "4,27": 99.22901982439343,
        "4,28": 92.4886260659929,
        "4,29": 55.25710953195369,
        "4,30": 80.74386910015923,
        "5,0": 52.09391044025926,
        "5,1": 46.385797221218134,
        "5,2": 54.89170153408361,
        "5,3": 66.17044402299929,
        "5,4": 22.389801158943307,
        "5,5": 0.0,
        "5,6": 43.11943762960925,
        "5,7": 75.38140864841807,
        "5,8": 37.54924296324003,
        "5,9": 43.600046822618005,
        "5,10": 36.92819639314637,
        "5,11": 20.67518337548453,
        "5,12": 37.56169036099118,
        "5,13": 46.07737328257618,
        "5,14": 88.05455110075879,
        "5,15": 44.66282486627636,
        "5,16": 82.46221691413713,
        "5,17": 66.20507141964296,
        "5,18": 15.020321852803376,
        "5,19": 79.68418243780036,
        "5,20": 85.98450919387255,
        "5,21": 73.11642900133326,
        "5,22": 37.51125829268777,
        "5,23": 43.330089240546656,
        "5,24": 18.057938324862125,
        "5,25": 34.91419904802559,
        "5,26": 38.450550017177655,
        "5,27": 77.45800710591602,
        "5,28": 73.27273755137611,
        "5,29": 32.870216076213666,
        "5,30": 58.45963634625192,
        "6,0": 85.69567052322228,
        "6,1": 53.88168413715782,
        "6,2": 22.170050947000714,
        "6,3": 23.760816574150393,
        "6,4": 58.621898943975935,
        "6,5": 43.11943762960925,
        "6,6": 0.0,
        "6,7": 34.833367931421016,
        "6,8": 72.0508976955804,
        "6,9": 21.859807241067795,
        "6,10": 30.199753641042893,
        "6,11": 32.7584167878482,
        "6,12": 56.33863807015883,
        "6,13": 8.236066837167725,
        "6,14": 66.64282121367694,
        "6,15": 41.082552310547506,
        "6,16": 59.33982470577339,
        "6,17": 32.62171803435189,
        "6,18": 29.91716339416675,
        "6,19": 40.268829097493246,
        "6,20": 59.686451527636095,
        "6,21": 39.00207935001469,
        "6,22": 15.827689761007427,
        "6,23": 63.12110739803588,
        "6,24": 54.64523211279859,
        "6,25": 50.278035028605586,
        "6,26": 69.11133834556367,
        "6,27": 52.95179966525874,
        "6,28": 36.46545042489308,
        "6,29": 36.21224762901029,
        "6,30": 44.81873324096495,
        "7,0": 108.15008454925864,
        "7,1": 86.52622025944507,
        "7,2": 44.245210173485596,
        "7,3": 25.537551482849853,
        "7,4": 93.03847556230487,
        "7,5": 75.38140864841807,
        "7,6": 34.833367931421016,
        "7,7": 0.0,
        "7,8": 96.54376056599737,
        "7,9": 35.546609195322105,
        "7,10": 63.16595516976743,
        "7,11": 59.345212752685605,
        "7,12": 75.06155014966683,
        "7,13": 37.64003874190825,
        "7,14": 49.09383843904668,
        "7,15": 52.11885579073186,
        "7,16": 42.08688601469205,
        "7,17": 17.05760870853637,
        "7,18": 60.64834740014249,
        "7,19": 6.216667802952412,
        "7,20": 38.598924442069446,
        "7,21": 49.46797564388229,
        "7,22": 38.58587272390929,
        "7,23": 97.32813787206892,
        "7,24": 88.91291190278648,
        "7,25": 69.13994356599545,
        "7,26": 91.72679146657744,
        "7,27": 36.500257357112496,
        "7,28": 10.315478872295936,
        "7,29": 55.34672111284929,
        "7,30": 44.748078164201075,
        "8,0": 14.601489961778583,
        "8,1": 82.63161969710922,
        "8,2": 89.13155695441539,
        "8,3": 95.66540016031566,
        "8,4": 49.7869579492924,
        "8,5": 37.54924296324003,
        "8,6": 72.0508976955804,
        "8,7": 96.54376056599737,
        "8,8": 0.0,
        "8,9": 61.01018578433907,
        "8,10": 74.18763788733531,
        "8,11": 39.36122647603088,
        "8,12": 24.52264966116879,
        "8,13": 77.68478743178675,
        "8,14": 89.1056807084261,
        "8,15": 47.88016169354257,
        "8,16": 86.14036020518583,
        "8,17": 82.36619548277406,
        "8,18": 43.49453588661229,
        "8,19": 98.95864319170126,
        "8,20": 91.71837444289608,
        "8,21": 107.7351657373093,
        "8,22": 59.630780008043565,
        "8,23": 75.97728183245009,
        "8,24": 47.5206150495921,
        "8,25": 28.963097961163115,
        "8,26": 7.141494020979939,
        "8,27": 83.44158454271201,
        "8,28": 90.77013427256014,
        "8,29": 41.30377855970354,
        "8,30": 61.85819033242404,
        "9,0": 72.912810704475,
        "9,1": 70.50273516861975,
        "9,2": 43.950300599776426,
        "9,3": 39.68600916958825,
        "9,4": 64.36429874802363,
        "9,5": 43.600046822618005,
        "9,6": 21.859807241067795,
        "9,7": 35.546609195322105,
        "9,8": 61.01018578433907,
        "9,9": 0.0,
        "9,10": 48.01550074279333,
        "9,11": 24.7571661757895,
        "9,12": 40.374199716974225,
        "9,13": 30.08951754831529,
        "9,14": 48.446927636039725,
        "9,15": 20.318006321183933,
        "9,16": 41.721645312538165,
        "9,17": 22.95868871898008,
        "9,18": 28.70134707406932,
        "9,19": 38.34895513615458,
        "9,20": 43.892256604215056,
        "9,21": 59.797310770227035,
        "9,22": 8.294872135886749,
        "9,23": 76.39272143102083,
        "9,24": 59.938415959069424,
        "9,25": 34.26551673107426,
        "9,26": 56.35439443675042,
        "9,27": 35.84594815499665,
        "9,28": 30.746903447210002,
        "9,29": 19.990882136934722,
        "9,30": 23.24722932538574,
        "10,0": 88.78747173244926,
        "10,1": 23.704520050124046,
        "10,2": 24.441150712682997,
        "10,3": 43.06005594968679,
        "10,4": 39.860649509262736,
        "10,5": 36.92819639314637,
        "10,6": 30.199753641042893,
        "10,7": 63.16595516976743,
        "10,8": 74.18763788733531,
        "10,9": 48.01550074279333,
        "10,10": 0.0,
        "10,11": 42.504504220851466,
        "10,12": 67.99108992052939,
        "10,13": 25.5297577879038,
        "10,14": 95.81192885858691,
        "10,15": 62.3607320627521,
        "10,16": 88.70033996034107,
        "10,17": 62.81637088246503,
        "10,18": 33.934412993503685,
        "10,19": 69.08544528391096,
        "10,20": 89.56904796140515,
        "10,21": 39.60912243576317,
        "10,22": 39.82570926558436,
        "10,23": 34.61068576406776,
        "10,24": 37.42110662469917,
        "10,25": 63.12681715824882,
        "10,26": 74.13963373693214,
        "10,27": 82.43118769208813,
        "10,28": 66.35174626565727,
        "10,29": 52.90949180308718,
        "10,30": 70.79745634395246,
        "11,0": 52.946133292637896,
        "11,1": 59.73108275173075,
        "11,2": 51.388559237197974,
        "11,3": 56.306378418020756,
        "11,4": 42.931510918891675,
        "11,5": 20.67518337548453,
        "11,6": 32.7584167878482,
        "11,7": 59.345212752685605,
        "11,8": 39.36122647603088,
        "11,9": 24.7571661757895,
        "11,10": 42.504504220851466,
        "11,11": 0.0,
        "11,12": 25.87700087896634,
        "11,13": 38.89457761697052,
        "11,14": 67.37937118282285,
        "11,15": 24.423789451261296,
        "11,16": 61.83462211963753,
        "11,17": 47.704982783141205,
        "11,18": 9.213757052511685,
        "11,19": 62.76662743568457,
        "11,20": 65.52490402426325,
        "11,21": 69.83615477665688,
        "11,22": 20.957555188690684,
        "11,23": 60.79018880240179,
        "11,24": 38.52354358873203,
        "11,25": 20.66387941770449,
        "11,26": 36.414238508443376,
        "11,27": 56.952044097479316,
        "11,28": 55.453456704173895,
        "11,29": 12.704518633219418,
        "11,30": 37.814568599246485,
        "12,0": 33.422432714939106,
        "12,1": 82.95066483140451,
        "12,2": 76.6316920689658,
        "12,3": 78.60137899718971,
        "12,4": 57.75848674307777,
        "12,5": 37.56169036099118,
        "12,6": 56.33863807015883,
        "12,7": 75.06155014966683,
        "12,8": 24.52264966116879,
        "12,9": 40.374199716974225,
        "12,10": 67.99108992052939,
        "12,11": 25.87700087896634,
        "12,12": 0.0,
        "12,13": 63.46059974708548,
        "12,14": 64.72364927280498,
        "12,15": 24.012771211910454,
        "12,16": 61.62055942968567,
        "12,17": 59.71661434560279,
        "12,18": 34.05781251189493,
        "12,19": 76.72045866731284,
        "12,20": 67.2091022221751,
        "12,21": 94.797256818713,
        "12,22": 41.48626378266701,
        "12,23": 80.87830279778335,
        "12,24": 54.04319692222471,
        "12,25": 6.173528524745012,
        "12,26": 18.031781879507957,
        "12,27": 58.97379008493142,
        "12,28": 68.21810309079653,
        "12,29": 20.709984879105185,
        "12,30": 37.43546161973242,
        "13,0": 91.66717399522304,
        "13,1": 49.020420540046054,
        "13,2": 13.969946012129144,
        "13,3": 20.408025787613187,
        "13,4": 58.84493989011651,
        "13,5": 46.07737328257618,
        "13,6": 8.236066837167725,
        "13,7": 37.64003874190825,
        "13,8": 77.68478743178675,
        "13,9": 30.08951754831529,
        "13,10": 25.5297577879038,
        "13,11": 38.89457761697052,
        "13,12": 63.46059974708548,
        "13,13": 0.0,
        "13,14": 73.84681132384877,
        "13,15": 49.214985158417434,
        "13,16": 66.45942238850131,
        "13,17": 38.68586864055336,
        "13,18": 34.498588816870814,
        "13,19": 43.56046305049401,
        "13,20": 66.3272231573711,
        "13,21": 31.373576383022534,
        "13,22": 23.879292419548918,
        "13,23": 59.80501861689772,
        "13,24": 55.199022677134856,
        "13,25": 57.49932460267731,
        "13,26": 75.26310749924342,
        "13,27": 60.02434393896128,
        "13,28": 41.21631886218817,
        "13,29": 43.764275585631,
        "13,30": 52.962753045667874,
        "14,0": 95.04035971623426,
        "14,1": 118.79610162253195,
        "14,2": 85.76661603689286,
        "14,3": 71.84388266114767,
        "14,4": 110.22139526977938,
        "14,5": 88.05455110075879,
        "14,6": 66.64282121367694,
        "14,7": 49.09383843904668,
        "14,8": 89.1056807084261,
        "14,9": 48.446927636039725,
        "14,10": 95.81192885858691,
        "14,11": 67.37937118282285,
        "14,12": 64.72364927280498,
        "14,13": 73.84681132384877,
        "14,14": 0.0,
        "14,15": 44.42261429091536,
        "14,16": 7.476629390856107,
        "14,17": 36.59050993372762,
        "14,18": 74.55752407661117,
        "14,19": 44.89206398313873,
        "14,20": 11.110701208649603,
        "14,21": 96.31058805872682,
        "14,22": 56.7147575913492,
        "14,23": 124.70236309863499,
        "14,24": 105.78548506696188,
        "14,25": 61.486717877720125,
        "14,26": 82.25221207787443,
        "14,27": 13.910496433204587,
        "14,28": 39.11359239481495,
        "14,29": 55.67530554620017,
        "14,30": 29.762101589756455,
        "15,0": 57.39257767949116,
        "15,1": 82.4205543529171,
        "15,2": 63.180925130535144,
        "15,3": 59.95793745865073,
        "15,4": 67.05233279800085,
        "15,5": 44.66282486627636,
        "15,6": 41.082552310547506,
        "15,7": 52.11885579073186,
        "15,8": 47.88016169354257,
        "15,9": 20.318006321183933,
        "15,10": 62.3607320627521,
        "15,11": 24.423789451261296,
        "15,12": 24.012771211910454,
        "15,13": 49.214985158417434,
        "15,14": 44.42261429091536,
        "15,15": 0.0,
        "15,16": 39.884652291666555,
        "15,17": 36.077089866277056,
        "15,18": 32.99592348254075,
        "15,19": 53.204188748000725,
        "15,20": 44.7337497767952,
        "15,21": 79.79369323736196,
        "15,22": 25.352648699175166,
        "15,23": 84.91007744817568,
        "15,24": 62.69967929718251,
        "15,25": 18.91716535781161,
        "15,26": 41.864082516721744,
        "15,27": 36.192888573602296,
        "15,28": 44.567469725137016,
        "15,29": 11.805915773548442,
        "15,30": 14.857693600073267,
        "16,0": 93.093782360585,
        "16,1": 111.81825616841991,
        "16,2": 78.30240668491774,
        "16,3": 64.44100437701285,
        "16,4": 104.44059396456811,
        "16,5": 82.46221691413713,
        "16,6": 59.33982470577339,
        "16,7": 42.08688601469205,
        "16,8": 86.14036020518583,
        "16,9": 41.721645312538165,
        "16,10": 88.70033996034107,
        "16,11": 61.83462211963753,
        "16,12": 61.62055942968567,
        "16,13": 66.45942238850131,
        "16,14": 7.476629390856107,
        "16,15": 39.884652291666555,
        "16,16": 0.0,
        "16,17": 29.127638156143764,
        "16,18": 68.59025589589608,
        "16,19": 38.210158665369455,
        "16,20": 6.670953552116168,
        "16,21": 88.88635593761711,
        "16,22": 49.92797536805732,
        "16,23": 118.10686819172997,
        "16,24": 99.9923901944296,
        "16,25": 57.83236795815268,
        "16,26": 79.4744797580622,
        "16,27": 6.450372135644318,
        "16,28": 31.968182119346835,
        "16,29": 50.62230231881127,
        "16,30": 25.027726200774627,
        "17,0": 93.10215529866878,
        "17,1": 86.47681779227729,
        "17,2": 49.554800145782814,
        "17,3": 35.48494325602744,
        "17,4": 86.13724729612942,
        "17,5": 66.20507141964296,
        "17,6": 32.62171803435189,
        "17,7": 17.05760870853637,
        "17,8": 82.36619548277406,
        "17,9": 22.95868871898008,
        "17,10": 62.81637088246503,
        "17,11": 47.704982783141205,
        "17,12": 59.71661434560279,
        "17,13": 38.68586864055336,
        "17,14": 36.59050993372762,
        "17,15": 36.077089866277056,
        "17,16": 29.127638156143764,
        "17,17": 0.0,
        "17,18": 51.19261230534466,
        "17,19": 17.144281619932332,
        "17,20": 27.886358032850683,
        "17,21": 59.824952688061494,
        "17,22": 28.874164700036662,
        "17,23": 94.95607037799246,
        "17,24": 81.78062976371541,
        "17,25": 54.04762685387126,
        "17,26": 77.0240607318346,
        "17,27": 22.790406624527517,
        "17,28": 8.504272161908109,
        "17,29": 41.174244068617355,
        "17,30": 27.695010260760636,
        "18,0": 57.78443618939547,
        "18,1": 50.517802770830684,
        "18,2": 45.64941461210673,
        "18,3": 53.60497125384675,
        "18,4": 35.943555480548994,
        "18,5": 15.020321852803376,
        "18,6": 29.91716339416675,
        "18,7": 60.64834740014249,
        "18,8": 43.49453588661229,
        "18,9": 28.70134707406932,
        "18,10": 33.934412993503685,
        "18,11": 9.213757052511685,
        "18,12": 34.05781251189493,
        "18,13": 34.498588816870814,
        "18,14": 74.55752407661117,
        "18,15": 32.99592348254075,
        "18,16": 68.59025589589608,
        "18,17": 51.19261230534466,
        "18,18": 0.0,
        "18,19": 64.79144483478439,
        "18,20": 71.7187428141643,
        "18,21": 64.25434354983737,
        "18,22": 22.507358450606603,
        "18,23": 51.91970382988003,
        "18,24": 31.49306197130669,
        "18,25": 29.341431888211368,
        "18,26": 41.86941063163111,
        "18,27": 63.2979068218111,
        "18,28": 58.26712799005886,
        "18,29": 21.576398782292905,
        "18,30": 45.48500986621634,
        "19,0": 110.04644639906775,
        "19,1": 92.53144854937398,
        "19,2": 50.45918594580313,
        "19,3": 31.652212270502975,
        "19,4": 97.98316486794135,
        "19,5": 79.68418243780036,
        "19,6": 40.268829097493246,
        "19,7": 6.216667802952412,
        "19,8": 98.95864319170126,
        "19,9": 38.34895513615458,
        "19,10": 69.08544528391096,
        "19,11": 62.76662743568457,
        "19,12": 76.72045866731284,
        "19,13": 43.56046305049401,
        "19,14": 44.89206398313873,
        "19,15": 53.204188748000725,
        "19,16": 38.210158665369455,
        "19,17": 17.144281619932332,
        "19,18": 64.79144483478439,
        "19,19": 0.0,
        "19,20": 34.06708942549386,
        "19,21": 55.343806309761696,
        "19,22": 42.40650986138337,
        "19,23": 103.09161623902317,
        "19,24": 93.79282556430148,
        "19,25": 70.96146285599639,
        "19,26": 93.83008079511728,
        "19,27": 33.1087853402912,
        "19,28": 8.756425956519704,
        "19,29": 57.655490344398096,
        "19,30": 44.24250948616692,
        "20,0": 99.12125780509913,
        "20,1": 112.98183841852116,
        "20,2": 77.43473359725724,
        "20,3": 62.26513551722633,
        "20,4": 107.66201208252254,
        "20,5": 85.98450919387255,
        "20,6": 59.686451527636095,
        "20,7": 38.598924442069446,
        "20,8": 91.71837444289608,
        "20,9": 43.892256604215056,
        "20,10": 89.56904796140515,
        "20,11": 65.52490402426325,
        "20,12": 67.2091022221751,
        "20,13": 66.3272231573711,
        "20,14": 11.110701208649603,
        "20,15": 44.7337497767952,
        "20,16": 6.670953552116168,
        "20,17": 27.886358032850683,
        "20,18": 71.7187428141643,
        "20,19": 34.06708942549386,
        "20,20": 0.0,
        "20,21": 86.78387234209175,
        "20,22": 51.85860458165424,
        "20,23": 120.07087652132417,
        "20,24": 103.21114358986699,
        "20,25": 63.12706842617198,
        "20,26": 85.16527249261131,
        "20,27": 8.630409034338125,
        "20,28": 28.95249365013275,
        "20,29": 54.91054914217869,
        "20,30": 30.02663823454584,
        "21,0": 122.02741056752734,
        "21,1": 54.617825891597974,
        "21,2": 18.60498473663463,
        "21,3": 24.51934333227132,
        "21,4": 79.46791893413112,
        "21,5": 73.11642900133326,
        "21,6": 39.00207935001469,
        "21,7": 49.46797564388229,
        "21,8": 107.7351657373093,
        "21,9": 59.797310770227035,
        "21,10": 39.60912243576317,
        "21,11": 69.83615477665688,
        "21,12": 94.797256818713,
        "21,13": 31.373576383022534,
        "21,14": 96.31058805872682,
        "21,15": 79.79369323736196,
        "21,16": 88.88635593761711,
        "21,17": 59.824952688061494,
        "21,18": 64.25434354983737,
        "21,19": 55.343806309761696,
        "21,20": 86.78387234209175,
        "21,21": 0.0,
        "21,22": 54.79069556926719,
        "21,23": 69.7502808747017,
        "21,24": 76.91361827961612,
        "21,25": 88.86202313222265,
        "21,26": 105.9075798571978,
        "21,27": 82.60493037938318,
        "21,28": 57.98555894379754,
        "21,29": 75.10249911559644,
        "21,30": 81.15188992386632,
        "22,0": 72.49222735529841,
        "22,1": 62.20907037706163,
        "22,2": 37.83630341138273,
        "22,3": 37.12107812596022,
        "22,4": 57.31974930586426,
        "22,5": 37.51125829268777,
        "22,6": 15.827689761007427,
        "22,7": 38.58587272390929,
        "22,8": 59.630780008043565,
        "22,9": 8.294872135886749,
        "22,10": 39.82570926558436,
        "22,11": 20.957555188690684,
        "22,12": 41.48626378266701,
        "22,13": 23.879292419548918,
        "22,14": 56.7147575913492,
        "22,15": 25.352648699175166,
        "22,16": 49.92797536805732,
        "22,17": 28.874164700036662,
        "22,18": 22.507358450606603,
        "22,19": 42.40650986138337,
        "22,20": 51.85860458165424,
        "22,21": 54.79069556926719,
        "22,22": 0.0,
        "22,23": 68.25415566555877,
        "22,24": 52.94252049725741,
        "22,25": 35.3293091813979,
        "22,26": 55.78681786090327,
        "22,27": 43.96474811053031,
        "22,28": 35.761885637322045,
        "22,29": 20.89730948520634,
        "22,30": 31.082137377061816,
        "23,0": 89.17806942074691,
        "23,1": 15.771081385560679,
        "23,2": 58.17060938781917,
        "23,3": 77.5696374139059,
        "23,4": 26.449563407296036,
        "23,5": 43.330089240546656,
        "23,6": 63.12110739803588,
        "23,7": 97.32813787206892,
        "23,8": 75.97728183245009,
        "23,9": 76.39272143102083,
        "23,10": 34.61068576406776,
        "23,11": 60.79018880240179,
        "23,12": 80.87830279778335,
        "23,13": 59.80501861689772,
        "23,14": 124.70236309863499,
        "23,15": 84.91007744817568,
        "23,16": 118.10686819172997,
        "23,17": 94.95607037799246,
        "23,18": 51.91970382988003,
        "23,19": 103.09161623902317,
        "23,20": 120.07087652132417,
        "23,21": 69.7502808747017,
        "23,22": 68.25415566555877,
        "23,23": 0.0,
        "23,24": 28.47888574033732,
        "23,25": 78.11073488226623,
        "23,26": 79.0935283167479,
        "23,27": 112.21368222549947,
        "23,28": 99.55724797543131,
        "23,29": 73.43591898327534,
        "23,30": 96.75533717690477,
        "24,0": 60.93830834214739,
        "24,1": 36.54573029442584,
        "24,2": 60.3183981973904,
        "24,3": 75.53392995143818,
        "24,4": 4.451551209267088,
        "24,5": 18.057938324862125,
        "24,6": 54.64523211279859,
        "24,7": 88.91291190278648,
        "24,8": 47.5206150495921,
        "24,9": 59.938415959069424,
        "24,10": 37.42110662469917,
        "24,11": 38.52354358873203,
        "24,12": 54.04319692222471,
        "24,13": 55.199022677134856,
        "24,14": 105.78548506696188,
        "24,15": 62.69967929718251,
        "24,16": 99.9923901944296,
        "24,17": 81.78062976371541,
        "24,18": 31.49306197130669,
        "24,19": 93.79282556430148,
        "24,20": 103.21114358986699,
        "24,21": 76.91361827961612,
        "24,22": 52.94252049725741,
        "24,23": 28.47888574033732,
        "24,24": 0.0,
        "24,25": 52.219627432620456,
        "24,26": 50.67401801528812,
        "24,27": 94.77746948029213,
        "24,28": 88.20003468577116,
        "24,29": 50.89803797812803,
        "24,30": 76.32946289319285,
        "25,0": 39.08562273760909,
        "25,1": 79.16207596608265,
        "25,2": 70.79152598436627,
        "25,3": 72.43834237481872,
        "25,4": 56.177435419390356,
        "25,5": 34.91419904802559,
        "25,6": 50.278035028605586,
        "25,7": 69.13994356599545,
        "25,8": 28.963097961163115,
        "25,9": 34.26551673107426,
        "25,10": 63.12681715824882,
        "25,11": 20.66387941770449,
        "25,12": 6.173528524745012,
        "25,13": 57.49932460267731,
        "25,14": 61.486717877720125,
        "25,15": 18.91716535781161,
        "25,16": 57.83236795815268,
        "25,17": 54.04762685387126,
        "25,18": 29.341431888211368,
        "25,19": 70.96146285599639,
        "25,20": 63.12706842617198,
        "25,21": 88.86202313222265,
        "25,22": 35.3293091813979,
        "25,23": 78.11073488226623,
        "25,24": 52.219627432620456,
        "25,25": 0.0,
        "25,26": 23.066639112505968,
        "25,27": 54.72170411988132,
        "25,28": 62.53370697920812,
        "25,29": 14.536813552575744,
        "25,30": 33.11924583500769,
        "26,0": 16.705484989853147,
        "26,1": 84.53913802328167,
        "26,2": 87.334978079942,
        "26,3": 92.44392605129896,
        "26,4": 53.40066148409556,
        "26,5": 38.450550017177655,
        "26,6": 69.11133834556367,
        "26,7": 91.72679146657744,
        "26,8": 7.141494020979939,
        "26,9": 56.35439443675042,
        "26,10": 74.13963373693214,
        "26,11": 36.414238508443376,
        "26,12": 18.031781879507957,
        "26,13": 75.26310749924342,
        "26,14": 82.25221207787443,
        "26,15": 41.864082516721744,
        "26,16": 79.4744797580622,
        "26,17": 77.0240607318346,
        "26,18": 41.86941063163111,
        "26,19": 93.83008079511728,
        "26,20": 85.16527249261131,
        "26,21": 105.9075798571978,
        "26,22": 55.78681786090327,
        "26,23": 79.0935283167479,
        "26,24": 50.67401801528812,
        "26,25": 23.066639112505968,
        "26,26": 0.0,
        "26,27": 76.97890480325806,
        "26,28": 85.48854593377013,
        "26,29": 36.396689639206706,
        "26,30": 55.4632582902741,
        "27,0": 91.25499767773347,
        "27,1": 105.63699935505464,
        "27,2": 71.85692624085625,
        "27,3": 58.20624513318099,
        "27,4": 99.22901982439343,
        "27,5": 77.45800710591602,
        "27,6": 52.95179966525874,
        "27,7": 36.500257357112496,
        "27,8": 83.44158454271201,
        "27,9": 35.84594815499665,
        "27,10": 82.43118769208813,
        "27,11": 56.952044097479316,
        "27,12": 58.97379008493142,
        "27,13": 60.02434393896128,
        "27,14": 13.910496433204587,
        "27,15": 36.192888573602296,
        "27,16": 6.450372135644318,
        "27,17": 22.790406624527517,
        "27,18": 63.2979068218111,
        "27,19": 33.1087853402912,
        "27,20": 8.630409034338125,
        "27,21": 82.60493037938318,
        "27,22": 43.96474811053031,
        "27,23": 112.21368222549947,
        "27,24": 94.77746948029213,
        "27,25": 54.72170411988132,
        "27,26": 76.97890480325806,
        "27,27": 0.0,
        "27,28": 26.240213714057766,
        "27,29": 46.280533560797686,
        "27,30": 21.606712398209766,
        "28,0": 101.59730091993104,
        "28,1": 90.03589275563495,
        "28,2": 50.26152395345587,
        "28,3": 33.515162926856156,
        "28,4": 92.4886260659929,
        "28,5": 73.27273755137611,
        "28,6": 36.46545042489308,
        "28,7": 10.315478872295936,
        "28,8": 90.77013427256014,
        "28,9": 30.746903447210002,
        "28,10": 66.35174626565727,
        "28,11": 55.453456704173895,
        "28,12": 68.21810309079653,
        "28,13": 41.21631886218817,
        "28,14": 39.11359239481495,
        "28,15": 44.567469725137016,
        "28,16": 31.968182119346835,
        "28,17": 8.504272161908109,
        "28,18": 58.26712799005886,
        "28,19": 8.756425956519704,
        "28,20": 28.95249365013275,
        "28,21": 57.98555894379754,
        "28,22": 35.761885637322045,
        "28,23": 99.55724797543131,
        "28,24": 88.20003468577116,
        "28,25": 62.53370697920812,
        "28,26": 85.48854593377013,
        "28,27": 26.240213714057766,
        "28,28": 0.0,
        "28,29": 49.5180182838566,
        "28,30": 35.53372708000715,
        "29,0": 52.92384197121972,
        "29,1": 71.73196293973368,
        "29,2": 57.39540843638147,
        "29,3": 57.95071885724738,
        "29,4": 55.25710953195369,
        "29,5": 32.870216076213666,
        "29,6": 36.21224762901029,
        "29,7": 55.34672111284929,
        "29,8": 41.30377855970354,
        "29,9": 19.990882136934722,
        "29,10": 52.90949180308718,
        "29,11": 12.704518633219418,
        "29,12": 20.709984879105185,
        "29,13": 43.764275585631,
        "29,14": 55.67530554620017,
        "29,15": 11.805915773548442,
        "29,16": 50.62230231881127,
        "29,17": 41.174244068617355,
        "29,18": 21.576398782292905,
        "29,19": 57.655490344398096,
        "29,20": 54.91054914217869,
        "29,21": 75.10249911559644,
        "29,22": 20.89730948520634,
        "29,23": 73.43591898327534,
        "29,24": 50.89803797812803,
        "29,25": 14.536813552575744,
        "29,26": 36.396689639206706,
        "29,27": 46.280533560797686,
        "29,28": 49.5180182838566,
        "29,29": 0.0,
        "29,30": 25.914160915301764,
        "30,0": 70.11163935254947,
        "30,1": 92.54057904050418,
        "30,2": 66.57313518295912,
        "30,3": 58.69309010899205,
        "30,4": 80.74386910015923,
        "30,5": 58.45963634625192,
        "30,6": 44.81873324096495,
        "30,7": 44.748078164201075,
        "30,8": 61.85819033242404,
        "30,9": 23.24722932538574,
        "30,10": 70.79745634395246,
        "30,11": 37.814568599246485,
        "30,12": 37.43546161973242,
        "30,13": 52.962753045667874,
        "30,14": 29.762101589756455,
        "30,15": 14.857693600073267,
        "30,16": 25.027726200774627,
        "30,17": 27.695010260760636,
        "30,18": 45.48500986621634,
        "30,19": 44.24250948616692,
        "30,20": 30.02663823454584,
        "30,21": 81.15188992386632,
        "30,22": 31.082137377061816,
        "30,23": 96.75533717690477,
        "30,24": 76.32946289319285,
        "30,25": 33.11924583500769,
        "30,26": 55.4632582902741,
        "30,27": 21.606712398209766,
        "30,28": 35.53372708000715,
        "30,29": 25.914160915301764,
        "30,30": 0.0
    }
}