{
    "num_robots": 5,
    "num_tasks": 50,
    "num_nodes": 51,
    "robot_capacity": [
        110,
        124,
        152,
        136,
        135
    ],
    "robot_speed": [
        1.17,
        0.9,
        0.93,
        0.83,
        0.95
    ],
    "task_demand": {
        "0": 0,
        "1": 9,
        "2": 14,
        "3": 7,
        "4": 10,
        "5": 11,
        "6": 8,
        "7": 8,
        "8": 7,
        "9": 13,
        "10": 9,
        "11": 15,
        "12": 14,
        "13": 14,
        "14": 11,
        "15": 6,
        "16": 9,
        "17": 10,
        "18": 12,
        "19": 15,
        "20": 14,
        "21": 14,
        "22": 6,
        "23": 15,
        "24": 11,
        "25": 10,
        "26": 12,
        "27": 5,
        "28": 8,
        "29": 12,
        "30": 14,
        "31": 7,
        "32": 5,
        "33": 14,
        "34": 12,
        "35": 11,
        "36": 15,
        "37": 6,
        "38": 11,
        "39": 12,
        "40": 5,
        "41": 8,
        "42": 5,
        "43": 8,
        "44": 8,
        "45": 11,
        "46": 9,
        "47": 14,
        "48": 7,
        "49": 7,
        "50": 12
    },
    "task_service_time": {
        "0": 0,
        "1": 78,
        "2": 48,
        "3": 95,
        "4": 78,
        "5": 74,
        "6": 60,
        "7": 26,
        "8": 20,
        "9": 16,
        "10": 52,
        "11": 98,
        "12": 95,
        "13": 24,
        "14": 12,
        "15": 38,
        "16": 76,
        "17": 94,
        "18": 58,
        "19": 52,
        "20": 22,
        "21": 75,
        "22": 91,
        "23": 92,
        "24": 23,
        "25": 88,
        "26": 91,
        "27": 81,
        "28": 39,
        "29": 41,
        "30": 12,
        "31": 48,
        "32": 81,
        "33": 61,
        "34": 27,
        "35": 18,
        "36": 46,
        "37": 91,
        "38": 61,
        "39": 93,
        "40": 84,
        "41": 42,
        "42": 46,
        "43": 60,
        "44": 41,
        "45": 45,
        "46": 97,
        "47": 58,
        "48": 94,
        "49": 24,
        "50": 60
    },
    "task_precedence": [],
    "coordinates": {
        "0": [
            50.0,
            50.0
        ],
        "1": [
            42.411123563928435,
            92.52519100766159
        ],
        "2": [
            63.73494700309706,
            72.86487089940479
        ],
        "3": [
            54.05269034569065,
            28.413089363902422
        ],
        "4": [
            51.10420737940393,
            31.941112215423917
        ],
        "5": [
            95.16410470334321,
            32.00512608998179
        ],
        "6": [
            7.8967418052346305,
            42.206583140957086
        ],
        "7": [
            31.291041861800817,
            10.097541694796607
        ],
        "8": [
            78.02403404231929,
            9.939432435759343
        ],
        "9": [
            97.19205389030878,
            4.418363097654776
        ],
        "10": [
            56.95141378445767,
            41.32985702694908
        ],
        "11": [
            27.514565514890343,
            8.509174079002213
        ],
        "12": [
            48.1196486323744,
            14.066438404671022
        ],
        "13": [
            4.201476862029807,
            19.639683612568138
        ],
        "14": [
            44.41968604106773,
            40.18844231196116
        ],
        "15": [
            74.88988863599519,
            53.61308667278115
        ],
        "16": [
            76.10880061554403,
            47.557724813963056
        ],
        "17": [
            37.39990328523909,
            85.27117692536575
        ],
        "18": [
            67.49729405313299,
            74.69226929312201
        ],
        "19": [
            95.73542950048062,
            19.22295476681224
        ],
        "20": [
            2.9264142521589265,
            29.15134483543522
        ],
        "21": [
            55.129675561119726,
            98.11875929305481
        ],
        "22": [
            53.995660899887234,
            69.52714034482904
        ],
        "23": [
            49.518625360975044,
            23.858324465049275
        ],
        "24": [
            20.10601603849459,
            59.04493049019308
        ],
        "25": [
            82.2734010081609,
            94.66160019717498
        ],
        "26": [
            9.502564658052592,
            71.73084149371384
        ],
        "27": [
            93.9432668538463,
            46.90019576137776
        ],
        "28": [
            63.444926828860815,
            56.56931413662528
        ],
        "29": [
            36.81691495480644,
            22.149484668149643
        ],
        "30": [
            86.23726238450645,
            33.65201551097149
        ],
        "31": [
            10.216322284947344,
            71.0832836703189
        ],
        "32": [
            10.833480929158624,
            66.06853176579665
        ],
        "33": [
            48.093185253575065,
            11.780426157713874
        ],
        "34": [
            57.143347705103864,
            87.35586671685712
        ],
        "35": [
            38.85165619993353,
            94.0132219180825
        ],
        "36": [
            92.56641774366427,
            60.422412914707756
        ],
        "37": [
            44.93476391615624,
            92.1114870921463
        ],
        "38": [
            34.34759681917997,
            2.010985974477697
        ],
        "39": [
            54.003980205337065,
            64.30949981748437
        ],
        "40": [
            87.41562605826827,
            83.78514262682246
        ],
        "41": [
            48.42349302916432,
            42.96829569305678
        ],
        "42": [
            20.233602226720826,
            42.6379463940963
        ],
        "43": [
            61.46224515378877,
            1.4243349754705315
        ],
        "44": [
            37.7276653443231,
            47.30703040389431
        ],
        "45": [
            90.00980965682305,
            88.89869433413158
        ],
        "46": [
            95.31171674437415,
            8.168871403171574
        ],
        "47": [
            89.5148493702457,
            89.17533337050938
        ],
        "48": [
            21.354200727854877,
            88.02087347076491
        ],
        "49": [
            62.96602488058865,
            13.417144555292504
        ],
        "50": [
            6.181762650184619,
            58.30189769844287
        ]
    },
    "distance_matrix_str_keys": {
        "0,0": 0.0,
        "0,1": 43.19702438594659,
        "0,2": 26.673040517052662,
        "0,3": 21.96403901491975,
        "0,4": 18.092614569283274,
        "0,5": 48.61699127560242,
        "0,6": 42.818473781230125,
        "0,7": 44.07075326580412,
        "0,8": 48.889626277710086,
        "0,9": 65.61078854184767,
        "0,10": 11.112764407468216,
        "0,11": 47.19198448455734,
        "0,12": 35.98272599722029,
        "0,13": 54.947734555340446,
        "0,14": 11.287451800382955,
        "0,15": 25.15076443405391,
        "0,16": 26.222779747131387,
        "0,17": 37.45421683765103,
        "0,18": 30.263236145955364,
        "0,19": 55.126726955979514,
        "0,20": 51.483870263707644,
        "0,21": 48.39141005659266,
        "0,22": 19.931746438120708,
        "0,23": 26.146107192424225,
        "0,24": 31.232371742523288,
        "0,25": 55.10200490731586,
        "0,26": 45.95945758274489,
        "0,27": 44.0524629062454,
        "0,28": 14.964021707384886,
        "0,29": 30.813064364948154,
        "0,30": 39.75419200508398,
        "0,31": 45.02494711666314,
        "0,32": 42.33454770320568,
        "0,33": 38.26711077626772,
        "0,34": 38.03272531128431,
        "0,35": 45.40318571526515,
        "0,36": 43.82381328105536,
        "0,37": 42.41502047267074,
        "0,38": 50.47715515435395,
        "0,39": 14.85912657296236,
        "0,40": 50.41195230941666,
        "0,41": 7.206263920324964,
        "0,42": 30.66330493755164,
        "0,43": 49.90970142708579,
        "0,44": 12.564325813448086,
        "0,45": 55.802269574591776,
        "0,46": 61.668427854184785,
        "0,47": 55.64287973715732,
        "0,48": 47.60429219534668,
        "0,49": 38.812666923214756,
        "0,50": 44.59775139892332,
        "1,0": 43.19702438594659,
        "1,1": 0.0,
        "1,2": 29.004027872417375,
        "1,3": 65.16047616702885,
        "1,4": 61.20457751938939,
        "1,5": 80.28421561387785,
        "1,6": 61.01806983040378,
        "1,7": 83.17435655480988,
        "1,8": 89.93712754829568,
        "1,9": 103.74855879378418,
        "1,10": 53.22013022432316,
        "1,11": 85.32642347048856,
        "1,12": 78.66614976261617,
        "1,13": 82.29382898689389,
        "1,14": 52.37527648863987,
        "1,15": 50.68552105261546,
        "1,16": 56.192583625923454,
        "1,17": 8.816634788154358,
        "1,18": 30.778710932888902,
        "1,19": 90.64601172431307,
        "1,20": 74.66784212829475,
        "1,21": 13.894227976703686,
        "1,22": 25.750958032244863,
        "1,23": 69.03372467552327,
        "1,24": 40.22991009235201,
        "1,25": 39.91948656065108,
        "1,26": 38.92785918811513,
        "1,27": 68.82733456466296,
        "1,28": 41.65628357586648,
        "1,29": 70.59769976952222,
        "1,30": 73.39469488310887,
        "1,31": 38.68152814530823,
        "1,32": 41.19590189095742,
        "1,33": 80.94444314292552,
        "1,34": 15.612826194169115,
        "1,35": 3.8579844356493846,
        "1,36": 59.54949114426823,
        "1,37": 2.5573250784961177,
        "1,38": 90.87266792799983,
        "1,39": 30.50441860530531,
        "1,40": 45.845323539729215,
        "1,41": 49.920281046977294,
        "1,42": 54.59468497753236,
        "1,43": 93.07153809640005,
        "1,44": 45.460057515173474,
        "1,45": 47.73663578314923,
        "1,46": 99.57138854137712,
        "1,47": 47.222690849060115,
        "1,48": 21.53329690961305,
        "1,49": 81.73485781261154,
        "1,50": 49.83774069063648,
        "2,0": 26.673040517052662,
        "2,1": 29.004027872417375,
        "2,2": 0.0,
        "2,3": 45.49403230820412,
        "2,4": 42.828607358472816,
        "2,5": 51.54910959112787,
        "2,6": 63.701144165535794,
        "2,7": 70.65652550399777,
        "2,8": 64.5274268374038,
        "2,9": 76.18597266897191,
        "2,10": 32.256370267969686,
        "2,11": 73.84830227155398,
        "2,12": 60.83661074586961,
        "2,13": 79.85708878212495,
        "2,14": 37.95824404871223,
        "2,15": 22.250031881816234,
        "2,16": 28.170266172192193,
        "2,17": 29.11101092080599,
        "2,18": 4.182659466687948,
        "2,19": 62.461876744470665,
        "2,20": 74.89025314596861,
        "2,21": 26.679759661380793,
        "2,22": 10.295345504407546,
        "2,23": 51.02690853319364,
        "2,24": 45.7654276722966,
        "2,25": 28.614186778207426,
        "2,26": 54.24423764338534,
        "2,27": 39.833490221526525,
        "2,28": 16.29813737549273,
        "2,29": 57.416294289497515,
        "2,30": 45.210642831512544,
        "2,31": 53.548270231418186,
        "2,32": 53.336247884446024,
        "2,33": 63.0553257071082,
        "2,34": 15.919740609907102,
        "2,35": 32.656253796233415,
        "2,36": 31.401727114366405,
        "2,37": 26.905001746389004,
        "2,38": 76.70651445468621,
        "2,39": 12.95708644597495,
        "2,40": 26.07732530599452,
        "2,41": 33.589370816743255,
        "2,42": 52.97201112288238,
        "2,43": 71.47667694286571,
        "2,44": 36.463432505357424,
        "2,45": 30.78070664244339,
        "2,46": 71.99072675081312,
        "2,47": 30.50630348110087,
        "2,48": 45.00924425925778,
        "2,49": 59.45269891867774,
        "2,50": 59.36707182952736,
        "3,0": 21.96403901491975,
        "3,1": 65.16047616702885,
        "3,2": 45.49403230820412,
        "3,3": 0.0,
        "3,4": 4.597879624711894,
        "3,5": 41.2680399138135,
        "3,6": 48.17293904514099,
        "3,7": 29.215611034572795,
        "3,8": 30.263861599614582,
        "3,9": 49.36346397515963,
        "3,10": 13.23803174326097,
        "3,11": 33.172849036578455,
        "3,12": 15.525056448141047,
        "3,13": 50.617350130869895,
        "3,14": 15.21360276148419,
        "3,15": 32.69906263116675,
        "3,16": 29.20597655877389,
        "3,17": 59.24658165690046,
        "3,18": 48.19252912818805,
        "3,19": 42.68382969414641,
        "3,20": 51.13160596278276,
        "3,21": 69.71398939543046,
        "3,22": 41.11409053378077,
        "3,23": 6.426789911724892,
        "3,24": 45.7240241810053,
        "3,25": 72.00884458121163,
        "3,26": 62.138082915102316,
        "3,27": 43.96625066007554,
        "3,28": 29.68142684588942,
        "3,29": 18.338612191484554,
        "3,30": 32.6081741975255,
        "3,31": 61.17493479280785,
        "3,32": 57.32218074247022,
        "3,33": 17.66808383140203,
        "3,34": 59.02375085500145,
        "3,35": 67.33831621169682,
        "3,36": 50.07897754812458,
        "3,37": 64.3476686098257,
        "3,38": 32.94482924943466,
        "3,39": 35.89644350252265,
        "3,40": 64.64634376291703,
        "3,41": 15.605828837733752,
        "3,42": 36.68892583230125,
        "3,43": 27.98739655440126,
        "3,44": 24.969730661702485,
        "3,45": 70.36634733855112,
        "3,46": 45.957976676620994,
        "3,47": 70.35350040617222,
        "3,48": 67.98734550942581,
        "3,49": 17.444938900262166,
        "3,50": 56.43550816717487,
        "4,0": 18.092614569283274,
        "4,1": 61.20457751938939,
        "4,2": 42.828607358472816,
        "4,3": 4.597879624711894,
        "4,4": 0.0,
        "4,5": 44.05994382624889,
        "4,6": 44.410189986826126,
        "4,7": 29.49072906724341,
        "4,8": 34.767096236072256,
        "4,9": 53.680455614798824,
        "4,10": 11.060666882211132,
        "4,11": 33.24946508028522,
        "4,12": 18.12212886929364,
        "4,13": 48.48908408762302,
        "4,14": 10.616085872105645,
        "4,15": 32.17814646185359,
        "4,16": 29.480642326070075,
        "4,17": 55.062725619714165,
        "4,18": 45.786403245662456,
        "4,19": 46.407946699984066,
        "4,20": 48.25849720666885,
        "4,21": 66.29996505891594,
        "4,22": 37.697082300962606,
        "4,23": 8.236839694614154,
        "4,24": 41.176508247778095,
        "4,25": 70.03840549395684,
        "4,26": 57.566650355518924,
        "4,27": 45.37575561012331,
        "4,28": 27.547081268288114,
        "4,29": 17.320585869147187,
        "4,30": 35.17468896917604,
        "4,31": 56.603257271131326,
        "4,32": 52.786477188742666,
        "4,33": 20.38429583183523,
        "4,34": 55.74285812844195,
        "4,35": 63.269833359543654,
        "4,36": 50.30208124733214,
        "4,37": 60.485833427766494,
        "4,38": 34.301551776355346,
        "4,39": 32.49801837649861,
        "4,40": 63.2955181333544,
        "4,41": 11.348348112256682,
        "4,42": 32.671341018373866,
        "4,43": 32.22673796164484,
        "4,44": 20.37261197272087,
        "4,45": 68.97689504013678,
        "4,46": 50.193857368104766,
        "4,47": 68.92846646616947,
        "4,48": 63.4823008264765,
        "4,49": 21.996365433975825,
        "4,50": 52.08567031085908,
        "5,0": 48.61699127560242,
        "5,1": 80.28421561387785,
        "5,2": 51.54910959112787,
        "5,3": 41.2680399138135,
        "5,4": 44.05994382624889,
        "5,5": 0.0,
        "5,6": 87.86160909722216,
        "5,7": 67.52562780746126,
        "5,8": 27.940595174528514,
        "5,9": 27.661201533912763,
        "5,10": 39.333959301208324,
        "5,11": 71.61368523761556,
        "5,12": 50.34855869719048,
        "5,13": 91.79925833828675,
        "5,14": 51.40002616498559,
        "5,15": 29.630183895705464,
        "5,16": 24.596502616178583,
        "5,17": 78.57464691024077,
        "5,18": 50.868896256946506,
        "5,19": 12.794933206495537,
        "5,20": 92.2818270691326,
        "5,21": 77.29015469032387,
        "5,22": 55.702264935451886,
        "5,23": 46.366800203492176,
        "5,24": 79.78012093261054,
        "5,25": 63.968773548524105,
        "5,26": 94.4247420291379,
        "5,27": 14.945017416199425,
        "5,28": 40.118643788442256,
        "5,29": 59.17371223260788,
        "5,30": 9.077486356384275,
        "5,31": 93.50523053646135,
        "5,32": 90.95036950105371,
        "5,33": 51.23192310656354,
        "5,34": 67.15119098469359,
        "5,35": 83.76213825276959,
        "5,36": 28.535769974178546,
        "5,37": 78.33110052104392,
        "5,38": 67.81073714754163,
        "5,39": 52.32330657190469,
        "5,40": 52.35655674190842,
        "5,41": 48.009122752058026,
        "5,42": 75.68115398841844,
        "5,43": 45.50824235550374,
        "5,44": 59.4398253856329,
        "5,45": 57.126568818530586,
        "5,46": 23.83671174489341,
        "5,47": 57.44864390320297,
        "5,48": 92.65886832623481,
        "5,49": 37.17834587238148,
        "5,50": 92.78673070160883,
        "6,0": 42.818473781230125,
        "6,1": 61.01806983040378,
        "6,2": 63.701144165535794,
        "6,3": 48.17293904514099,
        "6,4": 44.410189986826126,
        "6,5": 87.86160909722216,
        "6,6": 0.0,
        "6,7": 39.72762033809606,
        "6,8": 77.19459910600882,
        "6,9": 96.96186020498898,
        "6,10": 49.06250596604451,
        "6,11": 38.99197846470282,
        "6,12": 49.08920430607829,
        "6,13": 22.867442736888616,
        "6,14": 36.57865973569062,
        "6,15": 67.95726631574698,
        "6,16": 68.42163169894218,
        "6,17": 52.201492077634605,
        "6,18": 67.87890418260612,
        "6,19": 90.79582715777062,
        "6,20": 13.96937375829099,
        "6,21": 73.19235939120308,
        "6,22": 53.58659522329596,
        "6,23": 45.48669901372972,
        "6,24": 20.798949943602164,
        "6,25": 91.01327512267838,
        "6,26": 29.56789641342379,
        "6,27": 86.17444210653137,
        "6,28": 57.3749849766685,
        "6,29": 35.194653203989795,
        "6,30": 78.80620401952697,
        "6,31": 28.96971327204171,
        "6,32": 24.041984711260188,
        "6,33": 50.4133424270261,
        "6,34": 66.81082247715614,
        "6,35": 60.35009980577241,
        "6,36": 86.60698862023176,
        "6,37": 62.14752223754813,
        "6,38": 48.11791519318603,
        "6,39": 51.131363745683416,
        "6,40": 89.73310181737288,
        "6,41": 40.533908900799496,
        "6,42": 12.344399512142802,
        "6,43": 67.32350937388289,
        "6,44": 30.263816042874474,
        "6,45": 94.46009294763232,
        "6,46": 93.8080149238591,
        "6,47": 94.16782348881058,
        "6,48": 47.74989423106542,
        "6,49": 62.14062851718854,
        "6,50": 16.186423453211333,
        "7,0": 44.07075326580412,
        "7,1": 83.17435655480988,
        "7,2": 70.65652550399777,
        "7,3": 29.215611034572795,
        "7,4": 29.49072906724341,
        "7,5": 67.52562780746126,
        "7,6": 39.72762033809606,
        "7,7": 0.0,
        "7,8": 46.73325964109708,
        "7,9": 66.14526782710752,
        "7,10": 40.42167992817818,
        "7,11": 4.096911676089522,
        "7,12": 17.290290539266454,
        "7,13": 28.721020250954023,
        "7,14": 32.830223848427735,
        "7,15": 61.59920530957096,
        "7,16": 58.41144424708405,
        "7,17": 75.42144006626657,
        "7,18": 74.04979089264336,
        "7,19": 65.08726651088782,
        "7,20": 34.17015530482513,
        "7,21": 91.19218828457963,
        "7,22": 63.61899811666773,
        "7,23": 22.838650193683762,
        "7,24": 50.209079582837724,
        "7,25": 98.74351084766086,
        "7,26": 65.3712580799962,
        "7,27": 72.66179630864028,
        "7,28": 56.511042747059925,
        "7,29": 13.258378591402387,
        "7,30": 59.78210757815975,
        "7,31": 64.52444908364576,
        "7,32": 59.59247879423002,
        "7,33": 16.88621102181515,
        "7,34": 81.46895422570505,
        "7,35": 84.25558899269978,
        "7,36": 79.29227170893954,
        "7,37": 83.14107523442287,
        "7,38": 8.64493560561914,
        "7,39": 58.777665585605995,
        "7,40": 92.62737976615696,
        "7,41": 37.06760514811055,
        "7,42": 34.36778883311587,
        "7,43": 31.393088775758077,
        "7,44": 37.76209967478274,
        "7,45": 98.27265819470597,
        "7,46": 64.04971960527192,
        "7,47": 98.20035079920983,
        "7,48": 78.55435345535544,
        "7,49": 31.84845855597897,
        "7,50": 54.35196261638736,
        "8,0": 48.889626277710086,
        "8,1": 89.93712754829568,
        "8,2": 64.5274268374038,
        "8,3": 30.263861599614582,
        "8,4": 34.767096236072256,
        "8,5": 27.940595174528514,
        "8,6": 77.19459910600882,
        "8,7": 46.73325964109708,
        "8,8": 0.0,
        "8,9": 19.947310383334333,
        "8,10": 37.80759289543846,
        "8,11": 50.529714524133304,
        "8,12": 30.187819480942263,
        "8,13": 74.45713412111891,
        "8,14": 45.213436090168756,
        "8,15": 43.78596740786842,
        "8,16": 37.667015285672115,
        "8,17": 85.5873339204797,
        "8,18": 65.60291255635042,
        "8,19": 19.996932663449556,
        "8,20": 77.51612784576062,
        "8,21": 91.10293812644807,
        "8,22": 64.24996225468585,
        "8,23": 31.722135480031707,
        "8,24": 75.93317291319623,
        "8,25": 84.828667499872,
        "8,26": 92.2679250874672,
        "8,27": 40.24326029187965,
        "8,28": 48.8558720583132,
        "8,29": 42.97804135846775,
        "8,30": 25.094694975228208,
        "8,31": 91.30419660434447,
        "8,32": 87.55024968127537,
        "8,33": 29.98741347797351,
        "8,34": 80.18296177313923,
        "8,35": 92.75169682407231,
        "8,36": 52.53581865503793,
        "8,37": 88.58412026957446,
        "8,38": 44.3902177489167,
        "8,39": 59.43960980209109,
        "8,40": 74.44051930378052,
        "8,41": 44.35197669034292,
        "8,42": 66.3997501841452,
        "8,43": 18.622559865562785,
        "8,44": 54.9557522753807,
        "8,45": 79.86378313489143,
        "8,46": 17.37811438496839,
        "8,47": 80.06476649464501,
        "8,48": 96.4789170855075,
        "8,49": 15.45438842209913,
        "8,50": 86.60392603724961,
        "9,0": 65.61078854184767,
        "9,1": 103.74855879378418,
        "9,2": 76.18597266897191,
        "9,3": 49.36346397515963,
        "9,4": 53.680455614798824,
        "9,5": 27.661201533912763,
        "9,6": 96.96186020498898,
        "9,7": 66.14526782710752,
        "9,8": 19.947310383334333,
        "9,9": 0.0,
        "9,10": 54.60556290544914,
        "9,11": 69.7974721662016,
        "9,12": 50.01186174227873,
        "9,13": 94.22810628612892,
        "9,14": 63.75281464698923,
        "9,15": 54.013955628742906,
        "9,16": 48.015706783701134,
        "9,17": 100.55982685863091,
        "9,18": 76.29023957071361,
        "9,19": 14.876077745949328,
        "9,20": 97.45630406510865,
        "9,21": 102.70836342714634,
        "9,22": 78.13501930635903,
        "9,23": 51.484637375699585,
        "9,24": 94.4791992810209,
        "9,25": 91.46807118343666,
        "9,26": 110.5459916488784,
        "9,27": 42.60587663312243,
        "9,28": 62.117552102208705,
        "9,29": 62.924955888970466,
        "9,30": 31.21880667735743,
        "9,31": 109.58553519168252,
        "9,32": 106.10629774286085,
        "9,33": 49.6477479238235,
        "9,34": 92.10064263453363,
        "9,35": 106.9151099224217,
        "9,36": 56.19475158475297,
        "9,37": 102.0828504272678,
        "9,38": 62.89054976050177,
        "9,39": 73.83872944608315,
        "9,40": 79.96664450873631,
        "9,41": 62.164860102610945,
        "9,42": 85.92636283359396,
        "9,43": 35.855033631900724,
        "9,44": 73.31746919018177,
        "9,45": 84.7850871206386,
        "9,46": 4.1954714076170365,
        "9,47": 85.10395689435619,
        "9,48": 112.87497381162889,
        "9,49": 35.38925160972649,
        "9,50": 105.76534599142835,
        "10,0": 11.112764407468216,
        "10,1": 53.22013022432316,
        "10,2": 32.256370267969686,
        "10,3": 13.23803174326097,
        "10,4": 11.060666882211132,
        "10,5": 39.333959301208324,
        "10,6": 49.06250596604451,
        "10,7": 40.42167992817818,
        "10,8": 37.80759289543846,
        "10,9": 54.60556290544914,
        "10,10": 0.0,
        "10,11": 44.08769970428463,
        "10,12": 28.65822867302043,
        "10,13": 57.03524759362438,
        "10,14": 12.583601542723773,
        "10,15": 21.740897187823045,
        "10,16": 20.14427480373536,
        "10,17": 48.09471028310747,
        "10,18": 34.98951475598542,
        "10,19": 44.642076593724425,
        "10,20": 55.38065306281365,
        "10,21": 56.81811463559556,
        "10,22": 28.35177704524776,
        "10,23": 18.986858450248754,
        "10,24": 40.882846804819664,
        "10,25": 59.03793582547011,
        "10,26": 56.352578822701844,
        "10,27": 37.408900907718646,
        "10,28": 16.56522757632669,
        "10,29": 27.80799753566272,
        "10,30": 30.27557065637984,
        "10,31": 55.402483468613504,
        "10,32": 52.33417390845456,
        "10,33": 30.84861548596716,
        "10,34": 46.026409881777695,
        "10,35": 55.70581801635129,
        "10,36": 40.40982797960777,
        "10,37": 52.18403803976741,
        "10,38": 45.35312737001328,
        "10,39": 23.16789475726977,
        "10,40": 52.25437306896533,
        "10,41": 8.683888165514334,
        "10,42": 36.74110481983247,
        "10,43": 40.15965998167293,
        "10,44": 20.13154503925715,
        "10,45": 57.92798823031249,
        "10,46": 50.706644640687436,
        "10,47": 57.87544335633166,
        "10,48": 58.7129678516923,
        "10,49": 28.553372203000375,
        "10,50": 53.53137062368787,
        "11,0": 47.19198448455734,
        "11,1": 85.32642347048856,
        "11,2": 73.84830227155398,
        "11,3": 33.172849036578455,
        "11,4": 33.24946508028522,
        "11,5": 71.61368523761556,
        "11,6": 38.99197846470282,
        "11,7": 4.096911676089522,
        "11,8": 50.529714524133304,
        "11,9": 69.7974721662016,
        "11,10": 44.08769970428463,
        "11,11": 0.0,
        "11,12": 21.341336346718723,
        "11,13": 25.833860435733115,
        "11,14": 35.90764731614069,
        "11,15": 65.41241603928373,
        "11,16": 62.33930541414793,
        "11,17": 77.39589771957561,
        "11,18": 77.32283410147387,
        "11,19": 69.05701542614553,
        "11,20": 32.10414920312791,
        "11,21": 93.76818258396563,
        "11,22": 66.51646878786399,
        "11,23": 26.828624028890594,
        "11,24": 51.07591684341479,
        "11,25": 102.08217567541497,
        "11,26": 65.73744294968533,
        "11,27": 76.72446094562568,
        "11,28": 60.006399046358474,
        "11,29": 16.51035366279944,
        "11,30": 63.878929256163744,
        "11,31": 64.92109372144296,
        "11,32": 59.92777519875636,
        "11,33": 20.83700267581352,
        "11,34": 84.22983838286453,
        "11,35": 86.25237284891716,
        "11,36": 83.22696585126268,
        "11,37": 85.39795110825078,
        "11,38": 9.429568677685419,
        "11,39": 61.76864449834696,
        "11,40": 96.20087574982803,
        "11,41": 40.3065045893261,
        "11,42": 34.89678389392359,
        "11,43": 34.67909886355484,
        "11,44": 40.11958453838884,
        "11,45": 101.82401733976926,
        "11,46": 67.7980052858834,
        "11,47": 101.74018111340006,
        "11,48": 79.74998705000135,
        "11,49": 35.78958151968104,
        "11,50": 54.170137562188266,
        "12,0": 35.98272599722029,
        "12,1": 78.66614976261617,
        "12,2": 60.83661074586961,
        "12,3": 15.525056448141047,
        "12,4": 18.12212886929364,
        "12,5": 50.34855869719048,
        "12,6": 49.08920430607829,
        "12,7": 17.290290539266454,
        "12,8": 30.187819480942263,
        "12,9": 50.01186174227873,
        "12,10": 28.65822867302043,
        "12,11": 21.341336346718723,
        "12,12": 0.0,
        "12,13": 44.270383709618336,
        "12,14": 26.382736994283785,
        "12,15": 47.75545140707055,
        "12,16": 43.64698035473012,
        "12,17": 72.007136647057,
        "12,18": 63.64734490116383,
        "12,19": 47.89417760722633,
        "12,20": 47.64433686987364,
        "12,21": 84.34413509109909,
        "12,22": 55.77111241371297,
        "12,23": 9.891317834676839,
        "12,24": 52.98894565277041,
        "12,25": 87.53318745313935,
        "12,26": 69.40073888868498,
        "12,27": 56.37250756411591,
        "12,28": 45.18139658405491,
        "12,29": 13.895590145206665,
        "12,30": 42.854956641485096,
        "12,31": 68.46592431455512,
        "12,32": 63.98809276679184,
        "12,33": 2.286165414762358,
        "12,34": 73.84285644043196,
        "12,35": 80.48219603035234,
        "12,36": 64.22142677648549,
        "12,37": 78.11000649907787,
        "12,38": 18.303096580687274,
        "12,39": 50.58646635407833,
        "12,40": 80.03044145993572,
        "12,41": 28.90345439797253,
        "12,42": 39.92446183642376,
        "12,43": 18.380632770605633,
        "12,44": 34.82714850684685,
        "12,45": 85.7592684095808,
        "12,46": 47.559148323164905,
        "12,47": 85.76076461365068,
        "12,48": 78.64888853298974,
        "12,49": 14.86056762732773,
        "12,50": 60.955411077164406,
        "13,0": 54.947734555340446,
        "13,1": 82.29382898689389,
        "13,2": 79.85708878212495,
        "13,3": 50.617350130869895,
        "13,4": 48.48908408762302,
        "13,5": 91.79925833828675,
        "13,6": 22.867442736888616,
        "13,7": 28.721020250954023,
        "13,8": 74.45713412111891,
        "13,9": 94.22810628612892,
        "13,10": 57.03524759362438,
        "13,11": 25.833860435733115,
        "13,12": 44.270383709618336,
        "13,13": 0.0,
        "13,14": 45.163656114786924,
        "13,15": 78.42858965082426,
        "13,16": 77.13676318018209,
        "13,17": 73.55017628425536,
        "13,18": 83.88770865868419,
        "13,19": 91.53490125929585,
        "13,20": 9.596743399595722,
        "13,21": 93.55558103286805,
        "13,22": 70.48559500500241,
        "13,23": 45.513084697894044,
        "13,24": 42.493856590126924,
        "13,25": 108.27517401466947,
        "13,26": 52.360197299280586,
        "13,27": 93.79085453044284,
        "13,28": 69.81105911398123,
        "13,29": 32.71186181375715,
        "13,30": 83.22388810624507,
        "13,31": 51.79403780710099,
        "13,32": 46.90012173525741,
        "13,33": 44.58979696376881,
        "13,34": 85.9553555200508,
        "13,35": 82.04912021606754,
        "13,36": 97.32211355260608,
        "13,37": 83.13460755796267,
        "13,38": 34.922192498268245,
        "13,39": 66.90053676198067,
        "13,40": 105.06776165219861,
        "13,41": 49.99810851910527,
        "13,42": 28.034784370089113,
        "13,43": 60.0882227340227,
        "13,44": 43.46823429381232,
        "13,45": 110.27184837097649,
        "13,46": 91.82949060166658,
        "13,47": 110.0617014041882,
        "13,48": 70.4996671087176,
        "13,49": 59.0930799344968,
        "13,50": 38.712896169426266,
        "14,0": 11.287451800382955,
        "14,1": 52.37527648863987,
        "14,2": 37.95824404871223,
        "14,3": 15.21360276148419,
        "14,4": 10.616085872105645,
        "14,5": 51.40002616498559,
        "14,6": 36.57865973569062,
        "14,7": 32.830223848427735,
        "14,8": 45.213436090168756,
        "14,9": 63.75281464698923,
        "14,10": 12.583601542723773,
        "14,11": 35.90764731614069,
        "14,12": 26.382736994283785,
        "14,13": 45.163656114786924,
        "14,14": 0.0,
        "14,15": 33.29646110910919,
        "14,16": 32.53469389910711,
        "14,17": 45.62598284050106,
        "14,18": 41.51012006612872,
        "14,19": 55.4333581410875,
        "14,20": 42.93610513838662,
        "14,21": 58.912014912491415,
        "14,22": 30.861926329387614,
        "14,23": 17.10765708921379,
        "14,24": 30.76884293258076,
        "14,25": 66.33421942555265,
        "14,26": 47.054524881431384,
        "14,27": 49.976321302048284,
        "14,28": 25.10563181378992,
        "14,29": 19.575651229660703,
        "14,30": 42.32534189541795,
        "14,31": 46.09079425212351,
        "14,32": 42.40061560824036,
        "14,33": 28.64454534958212,
        "14,34": 48.85342865278176,
        "14,35": 54.112012122626666,
        "14,36": 52.22567701805912,
        "14,37": 51.925599509899904,
        "14,38": 39.483732773056346,
        "14,39": 25.955425440782214,
        "14,40": 61.23171675126,
        "14,41": 4.874223550302125,
        "14,42": 24.30980708526931,
        "14,43": 42.3450686468396,
        "14,44": 9.770232209536827,
        "14,45": 66.71692456463508,
        "14,46": 60.12696325517603,
        "14,47": 66.58295015443,
        "14,48": 53.10327751933714,
        "14,49": 32.56791470030795,
        "14,50": 42.311181161545335,
        "15,0": 25.15076443405391,
        "15,1": 50.68552105261546,
        "15,2": 22.250031881816234,
        "15,3": 32.69906263116675,
        "15,4": 32.17814646185359,
        "15,5": 29.630183895705464,
        "15,6": 67.95726631574698,
        "15,7": 61.59920530957096,
        "15,8": 43.78596740786842,
        "15,9": 54.013955628742906,
        "15,10": 21.740897187823045,
        "15,11": 65.41241603928373,
        "15,12": 47.75545140707055,
        "15,13": 78.42858965082426,
        "15,14": 33.29646110910919,
        "15,15": 0.0,
        "15,16": 6.176823913235394,
        "15,17": 49.068662912705285,
        "15,18": 22.337913837425457,
        "15,19": 40.21464591965063,
        "15,20": 76.00735792744028,
        "15,21": 48.695183705860025,
        "15,22": 26.26453610793771,
        "15,23": 39.10302896463463,
        "15,24": 55.05249879920015,
        "15,25": 41.70727415586239,
        "15,26": 67.85097771401571,
        "15,27": 20.201339705595895,
        "15,28": 11.820593537752275,
        "15,29": 49.39139171995807,
        "15,30": 22.96099416217059,
        "15,31": 66.99162610129841,
        "15,32": 65.25612217079403,
        "15,33": 49.6793196202834,
        "15,34": 38.12499075560141,
        "15,35": 54.1380192189763,
        "15,36": 18.942719054118463,
        "15,37": 48.779466293009826,
        "15,38": 65.6235797731094,
        "15,39": 23.46560089015442,
        "15,40": 32.668747427251205,
        "15,41": 28.526858772379722,
        "15,42": 55.747316959558155,
        "15,43": 53.88847198806794,
        "15,44": 37.69346343394916,
        "15,45": 38.38861966399448,
        "15,46": 49.821960667548936,
        "15,47": 38.45208533575847,
        "15,48": 63.6393406010253,
        "15,49": 41.927226113469466,
        "15,50": 68.86792813288625,
        "16,0": 26.222779747131387,
        "16,1": 56.192583625923454,
        "16,2": 28.170266172192193,
        "16,3": 29.20597655877389,
        "16,4": 29.480642326070075,
        "16,5": 24.596502616178583,
        "16,6": 68.42163169894218,
        "16,7": 58.41144424708405,
        "16,8": 37.667015285672115,
        "16,9": 48.015706783701134,
        "16,10": 20.14427480373536,
        "16,11": 62.33930541414793,
        "16,12": 43.64698035473012,
        "16,13": 77.13676318018209,
        "16,14": 32.53469389910711,
        "16,15": 6.176823913235394,
        "16,16": 0.0,
        "16,17": 54.043345591174806,
        "16,18": 28.4682551162853,
        "16,19": 34.46830072707302,
        "16,20": 75.46162268168983,
        "16,21": 54.740678618784756,
        "16,22": 31.171239417963687,
        "16,23": 35.618801172509826,
        "16,24": 57.168765725975035,
        "16,25": 47.505550982151654,
        "16,26": 70.85711141754136,
        "16,27": 17.846583159253125,
        "16,28": 15.542922550323732,
        "16,29": 46.79135546320282,
        "16,30": 17.203327847385797,
        "16,31": 69.96621055946947,
        "16,32": 67.84922500786479,
        "16,33": 45.44105856214444,
        "16,34": 44.086057921082215,
        "16,35": 59.55004635763524,
        "16,36": 20.889072776579606,
        "16,37": 54.377001547305284,
        "16,38": 61.79404147192297,
        "16,39": 27.73526728077636,
        "16,40": 37.950890674392866,
        "16,41": 28.063127334783562,
        "16,42": 56.091372016478054,
        "16,43": 48.40259543541646,
        "16,44": 38.381953993966995,
        "16,45": 43.615522617907764,
        "16,46": 43.82047193798469,
        "16,47": 43.72353468304405,
        "16,48": 68.08327700752494,
        "16,49": 36.582943763700285,
        "16,50": 70.74763522253168,
        "17,0": 37.45421683765103,
        "17,1": 8.816634788154358,
        "17,2": 29.11101092080599,
        "17,3": 59.24658165690046,
        "17,4": 55.062725619714165,
        "17,5": 78.57464691024077,
        "17,6": 52.201492077634605,
        "17,7": 75.42144006626657,
        "17,8": 85.5873339204797,
        "17,9": 100.55982685863091,
        "17,10": 48.09471028310747,
        "17,11": 77.39589771957561,
        "17,12": 72.007136647057,
        "17,13": 73.55017628425536,
        "17,14": 45.62598284050106,
        "17,15": 49.068662912705285,
        "17,16": 54.043345591174806,
        "17,17": 0.0,
        "17,18": 31.902448459747564,
        "17,19": 88.12151422391,
        "17,20": 65.86240961212924,
        "17,21": 21.895323647965114,
        "17,22": 22.875617120712395,
        "17,23": 62.59713948785143,
        "17,24": 31.414877656637774,
        "17,25": 45.8455106538558,
        "17,26": 31.009711157660917,
        "17,27": 68.33362392804013,
        "17,28": 38.75745320491911,
        "17,29": 63.12438442320144,
        "17,30": 71.0607167773875,
        "17,31": 30.663388446419717,
        "17,32": 32.77981662434942,
        "17,33": 74.26463982035774,
        "17,34": 19.853199467265668,
        "17,35": 8.86176828742479,
        "17,36": 60.504589828780816,
        "17,37": 10.176638340095742,
        "17,38": 83.31612072066899,
        "17,39": 26.741115861975707,
        "17,40": 50.03779394063009,
        "17,41": 43.71559551690005,
        "17,42": 45.95948473997561,
        "17,43": 87.23123982364154,
