{
    "num_robots": 6,
    "num_tasks": 40,
    "num_nodes": 41,
    "robot_capacity": [
        98,
        94,
        73,
        88,
        95,
        94
    ],
    "robot_speed": [
        0.89,
        0.98,
        1.02,
        1.0,
        0.83,
        1.07
    ],
    "task_demand": {
        "0": 0,
        "1": 11,
        "2": 9,
        "3": 5,
        "4": 7,
        "5": 11,
        "6": 14,
        "7": 9,
        "8": 10,
        "9": 5,
        "10": 14,
        "11": 14,
        "12": 7,
        "13": 6,
        "14": 9,
        "15": 14,
        "16": 7,
        "17": 7,
        "18": 8,
        "19": 9,
        "20": 13,
        "21": 13,
        "22": 8,
        "23": 7,
        "24": 5,
        "25": 12,
        "26": 13,
        "27": 15,
        "28": 5,
        "29": 11,
        "30": 11,
        "31": 8,
        "32": 5,
        "33": 9,
        "34": 11,
        "35": 10,
        "36": 14,
        "37": 10,
        "38": 9,
        "39": 14,
        "40": 12
    },
    "task_service_time": {
        "0": 0,
        "1": 93,
        "2": 55,
        "3": 49,
        "4": 69,
        "5": 71,
        "6": 57,
        "7": 64,
        "8": 67,
        "9": 87,
        "10": 97,
        "11": 17,
        "12": 88,
        "13": 93,
        "14": 22,
        "15": 94,
        "16": 12,
        "17": 91,
        "18": 91,
        "19": 12,
        "20": 55,
        "21": 11,
        "22": 22,
        "23": 52,
        "24": 76,
        "25": 21,
        "26": 29,
        "27": 73,
        "28": 48,
        "29": 72,
        "30": 90,
        "31": 99,
        "32": 68,
        "33": 46,
        "34": 41,
        "35": 78,
        "36": 95,
        "37": 71,
        "38": 23,
        "39": 32,
        "40": 67
    },
    "task_precedence": [],
    "coordinates": {
        "0": [
            0,
            100
        ],
        "1": [
            7.864085512067865,
            84.71811352726733
        ],
        "2": [
            59.45227554510585,
            2.6663363589273015
        ],
        "3": [
            11.615901944522122,
            33.074327582945116
        ],
        "4": [
            3.4614919709463843,
            46.16371403134091
        ],
        "5": [
            82.25019003952958,
            54.13050279751349
        ],
        "6": [
            38.92826211792714,
            26.00102253686375
        ],
        "7": [
            49.23832033506502,
            5.046434920985988
        ],
        "8": [
            72.52719894021196,
            21.015742005032788
        ],
        "9": [
            79.1749299349387,
            72.99528088798137
        ],
        "10": [
            82.78276722312545,
            42.914533682180625
        ],
        "11": [
            10.701469705686616,
            57.89258173405424
        ],
        "12": [
            1.537294612550244,
            92.33873792435863
        ],
        "13": [
            84.88652313658399,
            96.71616977714025
        ],
        "14": [
            44.14746711699941,
            86.95251324084433
        ],
        "15": [
            57.128170187250724,
            54.30169905949388
        ],
        "16": [
            28.258342581430274,
            52.71048586948923
        ],
        "17": [
            47.47919312183492,
            38.528792784468436
        ],
        "18": [
            29.05172255203574,
            0.2867145760414247
        ],
        "19": [
            55.714443645816445,
            59.76322553399365
        ],
        "20": [
            45.33733057472409,
            27.781984326513353
        ],
        "21": [
            68.74681304418709,
            23.5442035115211
        ],
        "22": [
            87.54282913048772,
            28.05732905729933
        ],
        "23": [
            45.29395029144212,
            28.838164832456393
        ],
        "24": [
            86.07089471137654,
            6.051231890266651
        ],
        "25": [
            70.34890626552908,
            79.93867738996276
        ],
        "26": [
            86.26323221148304,
            84.32459611772684
        ],
        "27": [
            97.71847528549603,
            87.80736166515453
        ],
        "28": [
            30.34162330262279,
            96.69169061374289
        ],
        "29": [
            11.910619355966979,
            89.61844301271478
        ],
        "30": [
            62.606421237275164,
            44.235418641083236
        ],
        "31": [
            30.2554456972163,
            22.752442362149615
        ],
        "32": [
            50.01777414837396,
            67.11684539889427
        ],
        "33": [
            90.54738142687656,
            91.67358281414847
        ],
        "34": [
            12.293898027659333,
            81.27569998720121
        ],
        "35": [
            53.55657773836396,
            4.57417022888873
        ],
        "36": [
            75.1426087588305,
            68.91579917759006
        ],
        "37": [
            23.222031049942004,
            0.27670552307402785
        ],
        "38": [
            15.524326326347582,
            59.256466872545296
        ],
        "39": [
            13.010023987788644,
            21.869760164974007
        ],
        "40": [
            22.659736309720614,
            14.425093634939524
        ]
    },
    "distance_matrix_str_keys": {
        "0,0": 0.0,
        "0,1": 17.18661965328276,
        "0,2": 114.05443939314537,
        "0,3": 67.92624534345832,
        "0,4": 53.94745233617771,
        "0,5": 94.17592333047577,
        "0,6": 83.61374442704852,
        "0,7": 106.96070171157736,
        "0,8": 107.23202691886704,
        "0,9": 83.65359755875103,
        "0,10": 100.55713308284531,
        "0,11": 43.44601393551578,
        "0,12": 7.813975385003256,
        "0,13": 84.95001678134251,
        "0,14": 46.035157907591525,
        "0,15": 73.15710859371457,
        "0,16": 55.08930996254403,
        "0,17": 77.67228010065956,
        "0,18": 103.85924067352069,
        "0,19": 68.72479356237541,
        "0,20": 85.26966243311729,
        "0,21": 102.81835011524021,
        "0,22": 113.31149471496471,
        "0,23": 84.35371193620514,
        "0,24": 127.41495181395831,
        "0,25": 73.15343654005729,
        "0,26": 87.67590044273643,
        "0,27": 98.47619428921104,
        "0,28": 30.521451728799846,
        "0,29": 15.799986674772416,
        "0,30": 83.84063760655918,
        "0,31": 82.96129914213145,
        "0,32": 59.85883048705485,
        "0,33": 90.9294094691982,
        "0,34": 22.399538827479972,
        "0,35": 109.42758338988634,
        "0,36": 81.3181356884833,
        "0,37": 102.39139703811139,
        "0,38": 43.600919710425,
        "0,39": 79.2060294475207,
        "0,40": 88.52416759854304,
        "1,0": 17.18661965328276,
        "1,1": 0.0,
        "1,2": 96.9218008879724,
        "1,3": 51.77988753566201,
        "1,4": 38.804955229710245,
        "1,5": 80.42943787522958,
        "1,6": 66.4280049570612,
        "1,7": 89.77418158430127,
        "1,8": 90.77064710454492,
        "1,9": 72.26798279592144,
        "1,10": 85.792471448183,
        "1,11": 26.975172011516147,
        "1,12": 9.904655435085159,
        "1,13": 77.95132616830578,
        "1,14": 36.352115794945384,
        "1,15": 57.897394656054814,
        "1,16": 37.952785796173124,
        "1,17": 60.85071981180318,
        "1,18": 87.0492796765056,
        "1,19": 53.96668609693237,
        "1,20": 68.16132997448656,
        "1,21": 86.30732169616252,
        "1,22": 97.77088872134716,
        "1,23": 67.25744154766032,
        "1,24": 110.92692762186712,
        "1,25": 62.66734264657111,
        "1,26": 78.40013430567599,
        "1,27": 89.9074791972981,
        "1,28": 25.467749279659508,
        "1,29": 6.355129047923932,
        "1,30": 68.08503437539841,
        "1,31": 65.88715666869038,
        "1,32": 45.68082864149383,
        "1,33": 82.9753335415807,
        "1,34": 5.610120311020203,
        "1,35": 92.25429796634873,
        "1,36": 69.10942648489566,
        "1,37": 85.8266734580512,
        "1,38": 26.588996590745477,
        "1,39": 63.05867270366218,
        "1,40": 71.83327869524874,
        "2,0": 114.05443939314537,
        "2,1": 96.9218008879724,
        "2,2": 0.0,
        "2,3": 56.68301835236518,
        "2,4": 70.90126733440631,
        "2,5": 56.28770143213841,
        "2,6": 31.07640111373565,
        "2,7": 10.48759983017249,
        "2,8": 22.53118526294658,
        "2,9": 73.04206688444377,
        "2,10": 46.521277171953024,
        "2,11": 73.66531916870028,
        "2,12": 106.74869844138733,
        "2,13": 97.4282921770582,
        "2,14": 85.66444288262687,
        "2,15": 51.68764017570808,
        "2,16": 58.97014799012939,
        "2,17": 37.808338810218515,
        "2,18": 30.493543941530458,
        "2,19": 57.2191064311315,
        "2,20": 28.810196881462204,
        "2,21": 22.853309698229328,
        "2,22": 37.86531012605062,
        "2,23": 29.756054503854507,
        "2,24": 26.83297233026998,
        "2,25": 78.03685827526579,
        "2,26": 85.94706966617267,
        "2,27": 93.34503860820382,
        "2,28": 98.42864073391623,
        "2,29": 99.1003427074696,
        "2,30": 41.688574415876595,
        "2,31": 35.43877152977086,
        "2,32": 65.13737738131464,
        "2,33": 94.28253036135068,
        "2,34": 91.66975848184721,
        "2,35": 6.196699339470416,
        "2,36": 68.08214068402293,
        "2,37": 36.30896516992753,
        "2,38": 71.63872970756896,
        "2,39": 50.255887372404175,
        "2,40": 38.62588919447075,
        "3,0": 67.92624534345832,
        "3,1": 51.77988753566201,
        "3,2": 56.68301835236518,
        "3,3": 0.0,
        "3,4": 15.421622470174755,
        "3,5": 73.70593713775789,
        "3,6": 28.213412812290553,
        "3,7": 46.914913754832405,
        "3,8": 62.09344238997359,
        "3,9": 78.47231853203253,
        "3,10": 71.8439445580371,
        "3,11": 24.835094632967817,
        "3,12": 60.11529471663196,
        "3,13": 97.0508526894095,
        "3,14": 62.937759908962384,
        "3,15": 50.2191981258311,
        "3,16": 25.74003773515546,
        "3,17": 36.275705984906075,
        "3,18": 37.13536598645389,
        "3,19": 51.54588881785119,
        "3,20": 34.13420053268721,
        "3,21": 57.92032689733853,
        "3,22": 76.09249993336566,
        "3,23": 33.94342374166326,
        "3,24": 79.20728280106572,
        "3,25": 75.13875883594257,
        "3,26": 90.54730222856989,
        "3,27": 102.02626208865091,
        "3,28": 66.31607285849746,
        "3,29": 56.54488348283799,
        "3,30": 52.197729944439835,
        "3,31": 21.306663413586772,
        "3,32": 51.31858150816509,
        "3,33": 98.30590606329334,
        "3,34": 48.20614048378619,
        "3,35": 50.70778298496322,
        "3,36": 72.94006830776097,
        "3,37": 34.790605708924026,
        "3,38": 26.472253378367192,
        "3,39": 11.290965737942056,
        "3,40": 21.67395220843175,
        "4,0": 53.94745233617771,
        "4,1": 38.804955229710245,
        "4,2": 70.90126733440631,
        "4,3": 15.421622470174755,
        "4,4": 0.0,
        "4,5": 79.19045817891939,
        "4,6": 40.79737629995619,
        "4,7": 61.53168823067352,
        "4,8": 73.50164879919657,
        "4,9": 80.32719133836113,
        "4,10": 79.38779427955738,
        "4,11": 13.783454399652005,
        "4,12": 46.215098907119256,
        "4,13": 95.84146535949905,
        "4,14": 57.61141132222358,
        "4,15": 54.2801911482522,
        "4,16": 25.646520654845705,
        "4,17": 44.67493745999963,
        "4,18": 52.53150464449757,
        "4,19": 53.993681777103234,
        "4,20": 45.73263436224705,
        "4,21": 69.09280283641971,
        "4,22": 86.00879277937032,
        "4,23": 45.27835271052803,
        "4,24": 91.83313478613583,
        "4,25": 74.93113065269597,
        "4,26": 91.17226063048102,
        "4,27": 103.04645695902659,
        "4,28": 57.23301388115023,
        "4,29": 44.26851278745378,
        "4,30": 59.176354915042914,
        "4,31": 35.580944302451734,
        "4,32": 51.054099975322345,
        "4,33": 98.26036993090781,
        "4,34": 36.20584144188877,
        "4,35": 65.10919882582654,
        "4,36": 75.20531817937116,
        "4,37": 49.96094929572766,
        "4,38": 17.802588285041953,
        "4,39": 26.103077560659877,
        "4,40": 37.09329602985077,
        "5,0": 94.17592333047577,
        "5,1": 80.42943787522958,
        "5,2": 56.28770143213841,
        "5,3": 73.70593713775789,
        "5,4": 79.19045817891939,
        "5,5": 0.0,
        "5,6": 51.65323899407278,
        "5,7": 59.152593017484065,
        "5,8": 34.512663447793,
        "5,9": 19.113792850020243,
        "5,10": 11.228606398506791,
        "5,11": 71.64755836269117,
        "5,12": 89.29972407412458,
        "5,13": 42.667192130468315,
        "5,14": 50.29017661187147,
        "5,15": 25.12260316166319,
        "5,16": 54.01051786471354,
        "5,17": 38.11083286916572,
        "5,18": 75.69168034240404,
        "5,19": 27.126986601860523,
        "5,20": 45.351996863259686,
        "5,21": 33.434456692021236,
        "5,22": 26.604932201276732,
        "5,23": 44.78242976946191,
        "5,24": 48.23084153487171,
        "5,25": 28.420106109295787,
        "5,26": 30.459608974897055,
        "5,27": 37.059393838021634,
        "5,28": 67.12640321816937,
        "5,29": 78.78482788370869,
        "5,30": 21.99523455704124,
        "5,31": 60.729203155548376,
        "5,32": 34.75016155848573,
        "5,33": 38.44900833641515,
        "5,34": 75.03828704412895,
        "5,35": 57.26389337568432,
        "5,36": 16.404959637513564,
        "5,37": 79.90341065672011,
        "5,38": 66.92246555506347,
        "5,39": 76.38688441136745,
        "5,40": 71.60685506634066,
        "6,0": 83.61374442704852,
        "6,1": 66.4280049570612,
        "6,2": 31.07640111373565,
        "6,3": 28.213412812290553,
        "6,4": 40.79737629995619,
        "6,5": 51.65323899407278,
        "6,6": 0.0,
        "6,7": 23.353630180172633,
        "6,8": 33.966771668336975,
        "6,9": 61.872890576927645,
        "6,10": 47.00302625666376,
        "6,11": 42.58900512939489,
        "6,12": 76.14970081241572,
        "6,13": 84.33738082886485,
        "6,14": 61.174539800964354,
        "6,15": 33.647658839366194,
        "6,16": 28.76182564497919,
        "6,17": 15.167842576001387,
        "6,18": 27.54581034750346,
        "6,19": 37.70493656680328,
        "6,20": 6.651915767664348,
        "6,21": 29.919591224902188,
        "6,22": 48.65803656462855,
        "6,23": 6.969315771858038,
        "6,24": 51.190057185785705,
        "6,25": 62.422171459364236,
        "6,26": 75.1148362775303,
        "6,27": 85.30130550425051,
        "6,28": 71.2102585257208,
        "6,29": 69.11677949972878,
        "6,30": 29.88558884423626,
        "6,31": 9.261264374743728,
        "6,32": 42.585069762714916,
        "6,33": 83.53094427579009,
        "6,34": 61.35698263223014,
        "6,35": 25.944124917192532,
        "6,36": 56.15297816457233,
        "6,37": 30.140109160168826,
        "6,38": 40.665326612483916,
        "6,39": 26.245426202596846,
        "6,40": 19.96664874020391,
        "7,0": 106.96070171157736,
        "7,1": 89.77418158430127,
        "7,2": 10.48759983017249,
        "7,3": 46.914913754832405,
        "7,4": 61.53168823067352,
        "7,5": 59.152593017484065,
        "7,6": 23.353630180172633,
        "7,7": 0.0,
        "7,8": 28.238106087871017,
        "7,9": 74.25123744815109,
        "7,10": 50.58876180352211,
        "7,11": 65.40492404566636,
        "7,12": 99.47529350855235,
        "7,13": 98.35717895291552,
        "7,14": 82.06413621203026,
        "7,15": 49.88317127092279,
        "7,16": 52.07706999596389,
        "7,17": 33.52853734732,
        "7,18": 20.740146282412805,
        "7,19": 55.09870550315843,
        "7,20": 23.067789835210924,
        "7,21": 26.88398650890259,
        "7,22": 44.68485921440544,
        "7,23": 24.116477089769667,
        "7,24": 36.84627731719984,
        "7,25": 77.8106986240293,
        "7,26": 87.4978339285776,
        "7,27": 95.91504793081965,
        "7,28": 93.57316949706632,
        "7,29": 92.44339788785567,
        "7,30": 41.406310711601904,
        "7,31": 25.958663852803017,
        "7,32": 62.075304309710056,
        "7,33": 95.97239853411429,
        "7,34": 84.71004186141826,
        "7,35": 4.344005172711912,
        "7,36": 68.92262218810602,
        "7,37": 26.449907876900294,
        "7,38": 63.838553838639825,
        "7,39": 39.94388224110275,
        "7,40": 28.184754177837164,
        "8,0": 107.23202691886704,
        "8,1": 90.77064710454492,
        "8,2": 22.53118526294658,
        "8,3": 62.09344238997359,
        "8,4": 73.50164879919657,
        "8,5": 34.512663447793,
        "8,6": 33.966771668336975,
        "8,7": 28.238106087871017,
        "8,8": 0.0,
        "8,9": 52.402908219508326,
        "8,10": 24.18126873686781,
        "8,11": 71.9883469999192,
        "8,12": 100.63069245194895,
        "8,13": 76.70272263401793,
        "8,14": 71.78486594931557,
        "8,15": 36.675400796255175,
        "8,16": 54.445279243915586,
        "8,17": 30.563205706871486,
        "8,18": 48.164402055156295,
        "8,19": 42.237852933314656,
        "8,20": 28.01911806045209,
        "8,21": 4.548014414297397,
        "8,22": 16.58472484624839,
        "8,23": 28.334433660419652,
        "8,24": 20.18336587680061,
        "8,25": 58.963185746304525,
        "8,26": 64.78186180630998,
        "8,27": 71.38431803083104,
        "8,28": 86.63989837080194,
        "8,29": 91.54616488986589,
        "8,30": 25.250251747533824,
        "8,31": 42.307413657267254,
        "8,32": 51.30288431064005,
        "8,33": 72.9195271834577,
        "8,34": 85.20160253677636,
        "8,35": 25.10397879329294,
        "8,36": 47.97140654237252,
        "8,37": 53.48931869904237,
        "8,38": 68.64168212263769,
        "8,39": 59.52330183495263,
        "8,40": 50.301098150454564,
        "9,0": 83.65359755875103,
        "9,1": 72.26798279592144,
        "9,2": 73.04206688444377,
        "9,3": 78.47231853203253,
        "9,4": 80.32719133836113,
        "9,5": 19.113792850020243,
        "9,6": 61.872890576927645,
        "9,7": 74.25123744815109,
        "9,8": 52.402908219508326,
        "9,9": 0.0,
        "9,10": 30.296333810501228,
        "9,11": 70.11922901388033,
        "9,12": 80.01107266229064,
        "9,13": 24.39882920537176,
        "9,14": 37.70580176065647,
        "9,15": 28.905183219461396,
        "9,16": 54.808500952586705,
        "9,17": 46.82476411382273,
        "9,18": 88.3112197486099,
        "9,19": 26.93476760273028,
        "9,20": 56.47322654513067,
        "9,21": 50.53864536747932,
        "9,22": 45.71040638283113,
        "9,23": 55.65762912615063,
        "9,24": 67.2982914077787,
        "9,25": 11.229846338962362,
        "9,26": 13.364034298766462,
        "9,27": 23.733116338097677,
        "9,28": 54.27901685308011,
        "9,29": 69.28792821761623,
        "9,30": 33.19104031098014,
        "9,31": 70.12459455296388,
        "9,32": 29.74383528332156,
        "9,33": 21.868050113842738,
        "9,34": 67.39167433326794,
        "9,35": 73.05989565480877,
        "9,36": 5.73600776609549,
        "9,37": 91.75357266469994,
        "9,38": 65.11646758147079,
        "9,39": 83.6158695953936,
        "9,40": 81.39062566015988,
        "10,0": 100.55713308284531,
        "10,1": 85.792471448183,
        "10,2": 46.521277171953024,
        "10,3": 71.8439445580371,
        "10,4": 79.38779427955738,
        "10,5": 11.228606398506791,
        "10,6": 47.00302625666376,
        "10,7": 50.58876180352211,
        "10,8": 24.18126873686781,
        "10,9": 30.296333810501228,
        "10,10": 0.0,
        "10,11": 73.62102536124968,
        "10,12": 95.09773280519495,
        "10,13": 53.84275100176322,
        "10,14": 58.58353060288962,
        "10,15": 28.068236218248444,
        "10,16": 55.397414757043784,
        "10,17": 35.57495000062792,
        "10,18": 68.58685094967083,
        "10,19": 31.883735013377166,
        "10,20": 40.387557190193434,
        "10,21": 23.921072313623814,
        "10,22": 15.601112736837571,
        "10,23": 40.04441977268185,
        "10,24": 37.009658217561544,
        "10,25": 39.05621737454029,
        "10,26": 41.55606944179176,
        "10,27": 47.31216946656797,
        "10,28": 75.11362182276093,
        "10,29": 84.87706692657994,
        "10,30": 20.219536948589894,
        "10,31": 56.26392657008137,
        "10,32": 40.73446530422963,
        "10,33": 49.373414971893006,
        "10,34": 80.25122902944837,
        "10,35": 48.20947647018896,
        "10,36": 27.100513440197158,
        "10,37": 73.24933913433668,
        "10,38": 69.2152920405867,
        "10,39": 72.87741893738252,
        "10,40": 66.53139890622757,
        "11,0": 43.44601393551578,
        "11,1": 26.975172011516147,
        "11,2": 73.66531916870028,
        "11,3": 24.835094632967817,
        "11,4": 13.783454399652005,
        "11,5": 71.64755836269117,
        "11,6": 42.58900512939489,
        "11,7": 65.40492404566636,
        "11,8": 71.9883469999192,
        "11,9": 70.11922901388033,
        "11,10": 73.62102536124968,
        "11,11": 0.0,
        "11,12": 35.6443513256239,
        "11,13": 83.72988200806418,
        "11,14": 44.30704641495383,
        "11,15": 46.565362191089235,
        "11,16": 18.30567952097286,
        "11,17": 41.5638937319256,
        "11,18": 60.45798301755992,
        "11,19": 45.051827167841466,
        "11,20": 45.894345342082495,
        "11,21": 67.44681586111082,
        "11,22": 82.4301936218597,
        "11,23": 45.17520176565597,
        "11,24": 91.47718720705339,
        "11,25": 63.59124956965306,
        "11,26": 80.05142932740837,
        "11,27": 92.01550585853855,
        "11,28": 43.486854142018366,
        "11,29": 31.74889473272393,
        "11,30": 53.67161351445069,
        "11,31": 40.21426826580587,
        "11,32": 40.38389326437663,
        "11,33": 86.69789877823675,
        "11,34": 23.437279005918665,
        "11,35": 68.40623721508597,
        "11,36": 65.37714987114457,
        "11,37": 58.960610986778775,
        "11,38": 5.011998469118889,
        "11,39": 36.0967186413281,
        "11,40": 45.082398581040856,
        "12,0": 7.813975385003256,
        "12,1": 9.904655435085159,
        "12,2": 106.74869844138733,
        "12,3": 60.11529471663196,
        "12,4": 46.215098907119256,
        "12,5": 89.29972407412458,
        "12,6": 76.14970081241572,
        "12,7": 99.47529350855235,
        "12,8": 100.63069245194895,
        "12,9": 80.01107266229064,
        "12,10": 95.09773280519495,
        "12,11": 35.6443513256239,
        "12,12": 0.0,
        "12,13": 83.4640988999303,
        "12,14": 42.949251648896215,
        "12,15": 67.3584573217726,
        "12,16": 47.79553081073008,
        "12,17": 70.7542806803617,
        "12,18": 96.07610913934991,
        "12,19": 63.216512754719076,
        "12,20": 78.01293216756201,
        "12,21": 96.17591867453942,
        "12,22": 107.37342079700258,
        "12,23": 77.11658511112327,
        "12,24": 120.79512921989755,
        "12,25": 69.91994993946331,
        "12,26": 85.10411841335916,
        "12,27": 96.2878646894006,
        "12,28": 29.13138425138349,
        "12,29": 10.724079011211044,
        "12,30": 77.73909925369229,
        "12,31": 75.27937786534116,
        "12,32": 54.648886160556806,
        "12,33": 89.01257206717794,
        "12,34": 15.43033782614369,
        "12,35": 102.02266983223036,
        "12,36": 77.24232214341745,
        "12,37": 94.58142314542702,
        "12,38": 35.91759616272251,
        "12,39": 71.39678106028381,
        "12,40": 80.72603984903812,
        "13,0": 84.95001678134251,
        "13,1": 77.95132616830578,
        "13,2": 97.4282921770582,
        "13,3": 97.0508526894095,
        "13,4": 95.84146535949905,
        "13,5": 42.667192130468315,
        "13,6": 84.33738082886485,
        "13,7": 98.35717895291552,
        "13,8": 76.70272263401793,
        "13,9": 24.39882920537176,
        "13,10": 53.84275100176322,
        "13,11": 83.72988200806418,
        "13,12": 83.4640988999303,
        "13,13": 0.0,
        "13,14": 41.892716244302,
        "13,15": 50.69036875697237,
        "13,16": 71.71646288800909,
        "13,17": 69.17426674797254,
        "13,18": 111.42784565222912,
        "13,19": 47.08004152560575,
        "13,20": 79.47364692800058,
        "13,21": 74.9308140156206,
        "13,22": 68.71020572320923,
        "13,23": 78.58113882967332,
        "13,24": 90.67267338100174,
        "13,25": 22.199697184677518,
        "13,26": 12.467815591898113,
        "13,27": 15.621327021996269,
        "13,28": 54.54490532695332,
        "13,29": 73.32025816798735,
        "13,30": 57.01431557467242,
        "13,31": 91.95209402349262,
        "13,32": 45.737836193368665,
        "13,33": 7.58109489863494,
        "13,34": 74.2165569636513,
        "13,35": 97.32272889415623,
        "13,36": 29.458521226859396,
        "13,37": 114.46868501871964,
        "13,38": 78.83110863131694,
        "13,39": 103.77001571609667,
        "13,40": 103.16973495864654,
        "14,0": 46.035157907591525,
        "14,1": 36.352115794945384,
        "14,2": 85.66444288262687,
        "14,3": 62.937759908962384,
        "14,4": 57.61141132222358,
        "14,5": 50.29017661187147,
        "14,6": 61.174539800964354,
        "14,7": 82.06413621203026,
        "14,8": 71.78486594931557,
        "14,9": 37.70580176065647,
        "14,10": 58.58353060288962,
        "14,11": 44.30704641495383,
        "14,12": 42.949251648896215,
        "14,13": 41.892716244302,
        "14,14": 0.0,
        "14,15": 35.13650977122098,
        "14,16": 37.74891676601405,
        "14,17": 48.53820249049746,
        "14,18": 87.97068922191518,
        "14,19": 29.547458639011673,
        "14,20": 59.18249122037451,
        "14,21": 68.01280440310656,
        "14,22": 73.15599882644891,
        "14,23": 58.12565625092573,
        "14,24": 91.11855522025307,
        "14,25": 27.123961856580152,
        "14,26": 42.197673133713195,
        "14,27": 53.57782826895541,
        "14,28": 16.89535141178604,
        "14,29": 32.346893747569126,
        "14,30": 46.53475215641944,
        "14,31": 65.68589924753361,
        "14,32": 20.6860876769576,
        "14,33": 46.63947411667417,
        "14,34": 32.35546433674071,
        "14,35": 82.91394792241223,
        "14,36": 35.86114693643758,
        "14,37": 89.16596614249406,
        "14,38": 39.82907447024656,
        "14,39": 72.1478004693112,
        "14,40": 75.64356661301119,
        "15,0": 73.15710859371457,
        "15,1": 57.897394656054814,
        "15,2": 51.68764017570808,
        "15,3": 50.2191981258311,
        "15,4": 54.2801911482522,
        "15,5": 25.12260316166319,
        "15,6": 33.647658839366194,
        "15,7": 49.88317127092279,
        "15,8": 36.675400796255175,
        "15,9": 28.905183219461396,
        "15,10": 28.068236218248444,
        "15,11": 46.565362191089235,
        "15,12": 67.3584573217726,
        "15,13": 50.69036875697237,
        "15,14": 35.13650977122098,
        "15,15": 0.0,
        "15,16": 28.913645660930364,
        "15,17": 18.490195530866004,
        "15,18": 60.87614853586401,
        "15,19": 5.641532962379784,
        "15,20": 29.022735368793057,
        "15,21": 32.878813759328416,
        "15,22": 40.1723590973385,
        "15,23": 28.079179757853712,
        "15,24": 56.265343551142635,
        "15,25": 28.84514725856712,
        "15,26": 41.83570469019397,
        "15,27": 52.632711260327504,
        "15,28": 50.144097139859575,
        "15,29": 57.375075656918256,
        "15,30": 11.460420412409459,
        "15,31": 41.44271853621837,
        "15,32": 14.655569164311622,
        "15,33": 50.134831955938076,
        "15,34": 52.32311808491795,
        "15,35": 49.85562552229799,
        "15,36": 23.19680838630522,
        "15,37": 63.78343200086324,
        "15,38": 41.897846580506474,
        "15,39": 54.75620042091107,
        "15,40": 52.708790482757834,
        "16,0": 55.08930996254403,
        "16,1": 37.952785796173124,
        "16,2": 58.97014799012939,
        "16,3": 25.74003773515546,
        "16,4": 25.646520654845705,
        "16,5": 54.01051786471354,
        "16,6": 28.76182564497919,
        "16,7": 52.07706999596389,
        "16,8": 54.445279243915586,
        "16,9": 54.808500952586705,
        "16,10": 55.397414757043784,
        "16,11": 18.30567952097286,
        "16,12": 47.79553081073008,
        "16,13": 71.71646288800909,
        "16,14": 37.74891676601405,
        "16,15": 28.913645660930364,
        "16,16": 0.0,
        "16,17": 23.886429499912712,
        "16,18": 52.429774445495,
        "16,19": 28.347462363200364,
        "16,20": 30.217908929196692,
        "16,21": 49.89978223397628,
        "16,22": 64.20614056452699,
        "16,23": 29.327455425668553,
        "16,24": 74.29251083168043,
        "16,25": 50.12973134498891,
        "16,26": 66.06072348818417,
        "16,27": 77.82352295985311,
        "16,28": 44.030517023074495,
        "16,29": 40.366388928693205,
        "16,30": 35.378203344349025,
        "16,31": 30.02453649338713,
        "16,32": 26.09628435250859,
        "16,33": 73.47140453134423,
        "16,34": 32.72361452378325,
        "16,35": 54.37927533083754,
        "16,36": 49.60591289762769,
        "16,37": 52.675096158035814,
        "16,38": 14.317996971541833,
        "16,39": 34.4043831788094,
        "16,40": 38.69257875534979,
        "17,0": 77.67228010065956,
        "17,1": 60.85071981180318,
        "17,2": 37.808338810218515,
        "17,3": 36.275705984906075,
        "17,4": 44.67493745999963,
        "17,5": 38.11083286916572,
        "17,6": 15.167842576001387,
        "17,7": 33.52853734732,
        "17,8": 30.563205706871486,
        "17,9": 46.82476411382273,
        "17,10": 35.57495000062792,
        "17,11": 41.5638937319256,
        "17,12": 70.7542806803617,
        "17,13": 69.17426674797254,
        "17,14": 48.53820249049746,
        "17,15": 18.490195530866004,
        "17,16": 23.886429499912712,
        "17,17": 0.0,
        "17,18": 42.45030291176098,
        "17,19": 22.775436008710063,
        "17,20": 10.958168971260253,
        "17,21": 26.016332809228885,
        "17,22": 41.40949749542054,
        "17,23": 9.93395975087982,
        "17,24": 50.43918509663707,
        "17,25": 47.30541535929278,
        "17,26": 60.01214286330588,
        "17,27": 70.3730262476219,
        "17,28": 60.635129943020566,
        "17,29": 62.25171323090265,
        "17,30": 16.167826357428215,
        "17,31": 23.357026951109503,
        "17,32": 28.700542606603864,
        "17,33": 68.40495268017736,
        "17,34": 55.36517918568731,
        "17,35": 34.49421685832432,
        "17,36": 41.0930008911589,
        "17,37": 45.294945541808666,
        "17,38": 38.08871204200625,
        "17,39": 38.28376925811862,
        "17,40": 34.59759744750216,
        "18,0": 103.85924067352069,
        "18,1": 87.0492796765056,
        "18,2": 30.493543941530458,
        "18,3": 37.13536598645389,
        "18,4": 52.53150464449757,
        "18,5": 75.69168034240404,
        "18,6": 27.54581034750346,
        "18,7": 20.740146282412805,
        "18,8": 48.164402055156295,
        "18,9": 88.3112197486099,
        "18,10": 68.58685094967083,
        "18,11": 60.45798301755992,
        "18,12": 96.07610913934991,
        "18,13": 111.42784565222912,
        "18,14": 87.97068922191518,
        "18,15": 60.87614853586401,
        "18,16": 52.429774445495,
        "18,17": 42.45030291176098,
        "18,18": 0.0,
        "18,19": 65.17941432581416,
        "18,20": 31.956390398789843,
        "18,21": 46.00664083329758,
        "18,22": 64.74887317504822,
        "18,23": 32.84806346930181,
        "18,24": 57.30982161551846,
        "18,25": 89.7211934983944,
        "18,26": 101.66377118485907,
        "18,27": 111.2429170682577,
        "18,28": 96.413605102061,
        "18,29": 90.96139359234682,
        "18,30": 55.293818758101985,
        "18,31": 22.497952670626653,
        "18,32": 70.04171403770715,
        "18,33": 110.1511495483362,
        "18,34": 82.70453700202211,
        "18,35": 24.87710199516916,
        "18,36": 82.6699524892462,
        "18,37": 5.829700094406679,
        "18,38": 60.50142258292598,
        "18,39": 26.89170782453412,
        "18,40": 15.516160947058848,
        "19,0": 68.72479356237541,
        "19,1": 53.96668609693237,
        "19,2": 57.2191064311315,
        "19,3": 51.54588881785119,
        "19,4": 53.993681777103234,
        "19,5": 27.126986601860523,
        "19,6": 37.70493656680328,
        "19,7": 55.09870550315843,
        "19,8": 42.237852933314656,
        "19,9": 26.93476760273028,
        "19,10": 31.883735013377166,
        "19,11": 45.051827167841466,
        "19,12": 63.216512754719076,
        "19,13": 47.08004152560575,
        "19,14": 29.547458639011673,
        "19,15": 5.641532962379784,
        "19,16": 28.347462363200364,
        "19,17": 22.775436008710063,
        "19,18": 65.17941432581416,
        "19,19": 0.0,
        "19,20": 33.62267486178444,
        "19,21": 38.49233960673135,
        "19,22": 44.92560510390138,
        "19,23": 32.63351132106877,
        "19,24": 61.69677773173826,
        "19,25": 24.92421219939146,
        "19,26": 39.198079133820784,
        "19,27": 50.505566478659425,
        "19,28": 44.80503928481975,
        "19,29": 53.010461544092806,
        "19,30": 16.98858858247751,
        "19,31": 44.921694620083954,
        "19,32": 9.302030341842187,
        "19,33": 47.23986088258871,
        "19,34": 48.45751065498898,
        "19,35": 55.23122496146971,
        "19,36": 21.476107746982283,
        "19,37": 67.78202519333632,
        "19,38": 40.193312061755044,
        "19,39": 57.09275064315996,
        "19,40": 56.10846532539432,
        "20,0": 85.26966243311729,
        "20,1": 68.16132997448656,
        "20,2": 28.810196881462204,
        "20,3": 34.13420053268721,
        "20,4": 45.73263436224705,
        "20,5": 45.351996863259686,
        "20,6": 6.651915767664348,
        "20,7": 23.067789835210924,
        "20,8": 28.01911806045209,
        "20,9": 56.47322654513067,
        "20,10": 40.387557190193434,
        "20,11": 45.894345342082495,
        "20,12": 78.01293216756201,
        "20,13": 79.47364692800058,
        "20,14": 59.18249122037451,
        "20,15": 29.022735368793057,
        "20,16": 30.217908929196692,
        "20,17": 10.958168971260253,
        "20,18": 31.956390398789843,
        "20,19": 33.62267486178444,
        "20,20": 0.0,
        "20,21": 23.789969645294043,
        "20,22": 42.20639670786097,
        "20,23": 1.057071005236507,
        "20,24": 46.16761688370129,
        "20,25": 57.84375117375894,
        "20,26": 69.79968748464096,
        "20,27": 79.666995963555,
        "20,28": 70.5224705833736,
        "20,29": 70.29290608413112,
        "20,30": 23.852400152925373,
        "20,31": 15.898413248802349,
        "20,32": 39.61234463686324,
        "20,33": 78.26931106991674,
        "20,34": 62.87643477232897,
        "20,35": 24.620289582515195,
        "20,36": 50.79709963998563,
        "20,37": 35.29343898128596,
        "20,38": 43.3527193363252,
        "20,39": 32.86349259744024,
        "20,40": 26.31881096468399,
        "21,0": 102.81835011524021,
        "21,1": 86.30732169616252,
        "21,2": 22.853309698229328,
        "21,3": 57.92032689733853,
        "21,4": 69.09280283641971,
        "21,5": 33.434456692021236,
        "21,6": 29.919591224902188,
        "21,7": 26.88398650890259,
        "21,8": 4.548014414297397,
        "21,9": 50.53864536747932,
        "21,10": 23.921072313623814,
        "21,11": 67.44681586111082,
        "21,12": 96.17591867453942,
        "21,13": 74.9308140156206,
        "21,14": 68.01280440310656,
        "21,15": 32.878813759328416,
        "21,16": 49.89978223397628,
        "21,17": 26.016332809228885,
        "21,18": 46.00664083329758,
        "21,19": 38.49233960673135,
        "21,20": 23.789969645294043,
        "21,21": 0.0,
        "21,22": 19.330248909634555,
        "21,23": 24.042936546242668,
        "21,24": 24.61966412755184,
        "21,25": 56.417225975016784,
        "21,26": 63.25409920162426,
        "21,27": 70.49191945821441,
        "21,28": 82.61666580330665,
        "21,29": 87.15594092559597,
        "21,30": 21.5831136558239,
        "21,31": 38.499509684632386,
        "21,32": 47.42733409128272,
        "21,33": 71.53235006603369,
        "21,34": 80.74563331341683,
        "21,35": 24.30237460394468,
        "21,36": 45.82016909733855,
        "21,37": 51.12614045931817,
        "21,38": 64.09367243962352,
        "21,39": 55.761935178383595,
        "21,40": 46.98060032470604,
        "22,0": 113.31149471496471,
        "22,1": 97.77088872134716,
        "22,2": 37.86531012605062,
        "22,3": 76.09249993336566,
        "22,4": 86.00879277937032,
        "22,5": 26.604932201276732,
        "22,6": 48.65803656462855,
        "22,7": 44.68485921440544,
        "22,8": 16.58472484624839,
        "22,9": 45.71040638283113,
        "22,10": 15.601112736837571,
        "22,11": 82.4301936218597,
        "22,12": 107.37342079700258,
        "22,13": 68.71020572320923,
        "22,14": 73.15599882644891,
        "22,15": 40.1723590973385,
        "22,16": 64.20614056452699,
        "22,17": 41.40949749542054,
        "22,18": 64.74887317504822,
        "22,19": 44.92560510390138,
        "22,20": 42.20639670786097,
        "22,21": 19.330248909634555,
        "22,22": 0.0,
        "22,23": 42.25609385241518,
        "22,24": 22.05526929010498,
        "22,25": 54.65624656250469,
        "22,26": 56.281815097992336,
        "22,27": 60.61031406709336,
        "22,28": 89.34569678737968,
        "22,29": 97.51923864965701,
        "22,30": 29.724653424348123,
        "22,31": 57.53247885741615,
        "22,32": 54.16433852868493,
        "22,33": 63.68716571301912,
        "22,34": 92.1661360617382,
        "22,35": 41.310096008711874,
        "22,36": 42.69871246110769,
        "22,37": 70.06374318910377,
        "22,38": 78.48599204039311,
        "22,39": 74.78920410886067,
        "22,40": 66.29972531314833,
        "23,0": 84.35371193620514,
        "23,1": 67.25744154766032,
        "23,2": 29.756054503854507,
        "23,3": 33.94342374166326,
