{
    "num_robots": 7,
    "num_tasks": 40,
    "num_nodes": 41,
    "robot_capacity": [
        97,
        88,
        76,
        75,
        83,
        66,
        85
    ],
    "robot_speed": [
        0.83,
        1.15,
        1.02,
        0.98,
        1.06,
        1.05,
        1.02
    ],
    "task_demand": {
        "0": 0,
        "1": 15,
        "2": 6,
        "3": 11,
        "4": 15,
        "5": 10,
        "6": 14,
        "7": 5,
        "8": 13,
        "9": 6,
        "10": 13,
        "11": 10,
        "12": 14,
        "13": 6,
        "14": 13,
        "15": 14,
        "16": 13,
        "17": 14,
        "18": 13,
        "19": 12,
        "20": 9,
        "21": 8,
        "22": 6,
        "23": 9,
        "24": 8,
        "25": 5,
        "26": 5,
        "27": 13,
        "28": 13,
        "29": 8,
        "30": 15,
        "31": 7,
        "32": 11,
        "33": 14,
        "34": 13,
        "35": 12,
        "36": 7,
        "37": 14,
        "38": 13,
        "39": 6,
        "40": 15
    },
    "task_service_time": {
        "0": 0,
        "1": 76,
        "2": 62,
        "3": 96,
        "4": 31,
        "5": 29,
        "6": 19,
        "7": 56,
        "8": 100,
        "9": 10,
        "10": 11,
        "11": 11,
        "12": 88,
        "13": 32,
        "14": 72,
        "15": 49,
        "16": 77,
        "17": 62,
        "18": 79,
        "19": 54,
        "20": 88,
        "21": 25,
        "22": 62,
        "23": 67,
        "24": 66,
        "25": 36,
        "26": 35,
        "27": 48,
        "28": 21,
        "29": 76,
        "30": 14,
        "31": 55,
        "32": 70,
        "33": 18,
        "34": 87,
        "35": 51,
        "36": 45,
        "37": 21,
        "38": 52,
        "39": 32,
        "40": 76
    },
    "task_precedence": [],
    "coordinates": {
        "0": [
            0,
            0
        ],
        "1": [
            42.992762846629674,
            3.0893293817771728
        ],
        "2": [
            73.09111677636676,
            99.8043558197181
        ],
        "3": [
            2.324464429392581,
            37.50245719895319
        ],
        "4": [
            37.98027786981512,
            27.3813203441445
        ],
        "5": [
            98.6651068628865,
            67.46023137518674
        ],
        "6": [
            37.89184674876377,
            82.7875711002475
        ],
        "7": [
            65.5296491742786,
            62.91771499291017
        ],
        "8": [
            12.773969314813405,
            65.71304693771617
        ],
        "9": [
            96.43921785398194,
            82.65939622043412
        ],
        "10": [
            21.15118292197642,
            89.95544019199005
        ],
        "11": [
            61.49017830390451,
            76.61365299993287
        ],
        "12": [
            48.02807359489755,
            98.42269330479995
        ],
        "13": [
            14.041199361030653,
            51.60001788153908
        ],
        "14": [
            72.40663258610425,
            79.68649771524505
        ],
        "15": [
            23.491801775221898,
            30.89426169679087
        ],
        "16": [
            96.18937681645487,
            49.89711865115947
        ],
        "17": [
            76.49084891836686,
            62.936615808149895
        ],
        "18": [
            87.27688667249845,
            94.99724616917663
        ],
        "19": [
            38.303397775520246,
            61.340519804646554
        ],
        "20": [
            23.46136652372879,
            83.73309342208034
        ],
        "21": [
            54.7599968636448,
            64.98969107719304
        ],
        "22": [
            84.9589670855092,
            15.511622086521015
        ],
        "23": [
            76.31741000792415,
            79.19670244144118
        ],
        "24": [
            70.73630570439515,
            91.54135422911014
        ],
        "25": [
            28.540560612914312,
            86.74011933328788
        ],
        "26": [
            61.48696189876518,
            83.67620441431576
        ],
        "27": [
            1.1195650048298256,
            33.16706364718498
        ],
        "28": [
            99.52991926505041,
            14.907441818364454
        ],
        "29": [
            83.803350350797,
            80.98170748227771
        ],
        "30": [
            41.37486393455032,
            12.70640545406635
        ],
        "31": [
            97.83372787021442,
            78.92549794441418
        ],
        "32": [
            10.324363548215388,
            62.714964635007334
        ],
        "33": [
            26.605749748941864,
            99.88299558047737
        ],
        "34": [
            94.79426917260173,
            61.01545801528714
        ],
        "35": [
            86.32777724792842,
            67.94016442395706
        ],
        "36": [
            90.5325637895795,
            22.255108380011556
        ],
        "37": [
            69.47064676267138,
            58.68473431094732
        ],
        "38": [
            64.65943924789633,
            84.57824203541183
        ],
        "39": [
            96.45233821200489,
            69.33437478329417
        ],
        "40": [
            70.76194778962534,
            51.97643475239575
        ]
    },
    "distance_matrix_str_keys": {
        "0,0": 0.0,
        "0,1": 43.10361485091074,
        "0,2": 123.70618736427608,
        "0,3": 37.57442522305334,
        "0,4": 46.82134353964044,
        "0,5": 119.52274314731294,
        "0,6": 91.04709758531754,
        "0,7": 90.84477850065521,
        "0,8": 66.943101436177,
        "0,9": 127.01613489558918,
        "0,10": 92.408623835298,
        "0,11": 98.23794508152179,
        "0,12": 109.51585460839726,
        "0,13": 53.47632303058393,
        "0,14": 107.6692080428794,
        "0,15": 38.81134056479006,
        "0,16": 108.36105694402316,
        "0,17": 99.0548715492332,
        "0,18": 129.00283611987484,
        "0,19": 72.31742287342632,
        "0,20": 86.95784411536188,
        "0,21": 84.98421737484774,
        "0,22": 86.36339796459889,
        "0,23": 109.9839294984307,
        "0,24": 115.68683796700931,
        "0,25": 91.31490514725654,
        "0,26": 103.83811279451567,
        "0,27": 33.185953907887885,
        "0,28": 100.64013439217662,
        "0,29": 116.53771268033204,
        "0,30": 43.28200671371049,
        "0,31": 125.70072607092172,
        "0,32": 63.559100621751554,
        "0,33": 103.36575219013783,
        "0,34": 112.73348918925085,
        "0,35": 109.85604701846079,
        "0,36": 93.22786576619858,
        "0,37": 90.9399186428619,
        "0,38": 106.46277335131329,
        "0,39": 118.78682196756202,
        "0,40": 87.79978943341331,
        "1,0": 43.10361485091074,
        "1,1": 0.0,
        "1,2": 101.29021299301986,
        "1,3": 53.27451419125981,
        "1,4": 24.803746300882203,
        "1,5": 85.1059510945597,
        "1,6": 79.86131152224581,
        "1,7": 63.93236246362085,
        "1,8": 69.53348461744574,
        "1,9": 95.85363367948689,
        "1,10": 89.5699493183802,
        "1,11": 75.81543736012024,
        "1,12": 95.4662486495155,
        "1,13": 56.493184783490506,
        "1,14": 82.05060590730815,
        "1,15": 33.9617688548617,
        "1,16": 70.85794856006983,
        "1,17": 68.58439664435205,
        "1,18": 102.02033518482686,
        "1,19": 58.439638349766774,
        "1,20": 82.97525005030307,
        "1,21": 63.0089086910296,
        "1,22": 43.76614735456712,
        "1,23": 83.08347815581412,
        "1,24": 92.7009431985127,
        "1,25": 84.89005129528412,
        "1,26": 82.6817986384549,
        "1,27": 51.55613247751425,
        "1,28": 57.75913639801752,
        "1,29": 87.93592336802199,
        "1,30": 9.752217648817348,
        "1,31": 93.58769100142783,
        "1,32": 67.98853353376494,
        "1,33": 98.1710141256022,
        "1,34": 77.7099249523873,
        "1,35": 77.99714276067294,
        "1,36": 51.25777753965202,
        "1,37": 61.57862767153695,
        "1,38": 84.32015033044536,
        "1,39": 85.12539126779554,
        "1,40": 56.22345332613659,
        "2,0": 123.70618736427608,
        "2,1": 101.29021299301986,
        "2,2": 0.0,
        "2,3": 94.28385681626295,
        "2,4": 80.48519787027931,
        "2,5": 41.23313418876548,
        "2,6": 39.09679747325755,
        "2,7": 37.65368592559515,
        "2,8": 69.28474304770738,
        "2,9": 28.966937421681553,
        "2,10": 52.865469522558385,
        "2,11": 25.930493067380137,
        "2,12": 25.101098079990848,
        "2,13": 76.2269699175835,
        "2,14": 20.129499082650593,
        "2,15": 84.9040229942815,
        "2,16": 54.99328994230379,
        "2,17": 37.0241601146864,
        "2,18": 14.978129747679612,
        "2,19": 51.86185567713685,
        "2,20": 52.16701625733395,
        "2,21": 39.345785522581814,
        "2,22": 85.12409078031833,
        "2,23": 20.858675551798616,
        "2,24": 8.591992229458178,
        "2,25": 46.426569218996846,
        "2,26": 19.86891235520822,
        "2,27": 98.08380586259163,
        "2,28": 88.91848111606981,
        "2,29": 21.65742456036954,
        "2,30": 92.69289968613326,
        "2,31": 32.374735673338456,
        "2,32": 72.90602340860562,
        "2,33": 46.48543354521257,
        "2,34": 44.44778303601642,
        "2,35": 34.504142849013,
        "2,36": 79.48641300486227,
        "2,37": 41.27870002973243,
        "2,38": 17.404819071646635,
        "2,39": 38.39487480543402,
        "2,40": 47.88460151020175,
        "3,0": 37.57442522305334,
        "3,1": 53.27451419125981,
        "3,2": 94.28385681626295,
        "3,3": 0.0,
        "3,4": 37.06446334876553,
        "3,5": 100.89096896200638,
        "3,6": 57.58281189821767,
        "3,7": 68.12364279285471,
        "3,8": 30.08370864370337,
        "3,9": 104.3874319732074,
        "3,10": 55.729352715304465,
        "3,11": 70.92437758107704,
        "3,12": 76.15835514206793,
        "3,13": 18.33093272742714,
        "3,14": 81.79855480279444,
        "3,15": 22.174860047065433,
        "3,16": 94.67972016195277,
        "3,17": 78.40630722285128,
        "3,18": 102.57955353627484,
        "3,19": 43.15943550972433,
        "3,20": 50.83345705085058,
        "3,21": 59.203319906408744,
        "3,22": 85.51057161641434,
        "3,23": 84.9315376154716,
        "3,24": 87.18017216587755,
        "3,25": 55.78199594455687,
        "3,26": 75.0480915061917,
        "3,27": 4.499713309981537,
        "3,28": 99.7969697428542,
        "3,29": 92.35396069575583,
        "3,30": 46.2577332307532,
        "3,31": 104.10517618067043,
        "3,32": 26.4512554924039,
        "3,33": 66.93961745885744,
        "3,34": 95.41239959583947,
        "3,35": 89.34769490929155,
        "3,36": 89.51620210187141,
        "3,37": 70.40808664907202,
        "3,38": 78.11388227192428,
        "3,39": 99.36461945748934,
        "3,40": 69.95130559824953,
        "4,0": 46.82134353964044,
        "4,1": 24.803746300882203,
        "4,2": 80.48519787027931,
        "4,3": 37.06446334876553,
        "4,4": 0.0,
        "4,5": 72.72528844461544,
        "4,6": 55.40632132628312,
        "4,7": 44.96446601377601,
        "4,8": 45.876783394373696,
        "4,9": 80.45566068746966,
        "4,10": 64.79767674458637,
        "4,11": 54.55765754823975,
        "4,12": 71.74841371812991,
        "4,13": 34.05326401767603,
        "4,14": 62.61793256627092,
        "4,15": 14.908276107274514,
        "4,16": 62.41202106631282,
        "4,17": 52.41414997897299,
        "4,18": 83.67836676597508,
        "4,19": 33.960736659731424,
        "4,20": 58.192105269552584,
        "4,21": 41.18189552104555,
        "4,22": 48.454999506261494,
        "4,23": 64.45595024870617,
        "4,24": 72.0379574087142,
        "4,25": 60.10470263900954,
        "4,26": 61.00555848864035,
        "4,27": 37.31202190291448,
        "4,28": 62.80092357089964,
        "4,29": 70.51776707295173,
        "4,30": 15.062414865549673,
        "4,31": 78.98884555073863,
        "4,32": 44.86999014750158,
        "4,33": 73.3885059259774,
        "4,34": 66.02336574754796,
        "4,35": 63.10705609682021,
        "4,36": 52.80171213600829,
        "4,37": 44.402106470134896,
        "4,38": 63.11311672540556,
        "4,39": 71.96555160238083,
        "4,40": 40.982405194014156,
        "5,0": 119.52274314731294,
        "5,1": 85.1059510945597,
        "5,2": 41.23313418876548,
        "5,3": 100.89096896200638,
        "5,4": 72.72528844461544,
        "5,5": 0.0,
        "5,6": 62.6762832971631,
        "5,7": 33.4453735412953,
        "5,8": 85.90890618999029,
        "5,9": 15.361288808982337,
        "5,10": 80.71209837706351,
        "5,11": 38.28525095654703,
        "5,12": 59.353038565234115,
        "5,13": 86.09734080067014,
        "5,14": 28.965307869285255,
        "5,15": 83.59483199531216,
        "5,16": 17.73674625797226,
        "5,17": 22.630970221986292,
        "5,18": 29.79897217806649,
        "5,19": 60.671136413078976,
        "5,20": 76.94419146496172,
        "5,21": 43.974563709143546,
        "5,22": 53.726308961471105,
        "5,23": 25.242113774609326,
        "5,24": 36.877071630707064,
        "5,25": 72.72665306778129,
        "5,26": 40.56072292968876,
        "5,27": 103.39803716320125,
        "5,28": 52.55990478201598,
        "5,29": 20.092339902043932,
        "5,30": 79.24741880836328,
        "5,31": 11.49536987368831,
        "5,32": 88.46809869000273,
        "5,33": 79.01763465446734,
        "5,34": 7.51787789771826,
        "5,35": 12.346660996375647,
        "5,36": 45.93083280159537,
        "5,37": 30.484846223452195,
        "5,38": 38.07114023646746,
        "5,39": 2.8997859604593175,
        "5,40": 31.911349769692766,
        "6,0": 91.04709758531754,
        "6,1": 79.86131152224581,
        "6,2": 39.09679747325755,
        "6,3": 57.58281189821767,
        "6,4": 55.40632132628312,
        "6,5": 62.6762832971631,
        "6,6": 0.0,
        "6,7": 34.03908495594563,
        "6,8": 30.371814930356386,
        "6,9": 58.547511408530006,
        "6,10": 18.21066096213601,
        "6,11": 24.39259143460866,
        "6,12": 18.633307302450955,
        "6,13": 39.262155526457676,
        "6,14": 34.65381793593095,
        "6,15": 53.85421855419415,
        "6,16": 66.93566967095398,
        "6,17": 43.404416762558654,
        "6,18": 50.87197984704053,
        "6,19": 21.450999592647488,
        "6,20": 14.461423580899972,
        "6,21": 24.521399258875952,
        "6,22": 82.10582885819497,
        "6,23": 38.59298186857986,
        "6,24": 33.99098708709876,
        "6,25": 10.152299735973168,
        "6,26": 23.611842962985715,
        "6,27": 61.760792292154825,
        "6,28": 91.68949740754482,
        "6,29": 45.947005412825526,
        "6,30": 70.16766482535931,
        "6,31": 60.066169525275455,
        "6,32": 34.100962747713126,
        "6,33": 20.48486084035309,
        "6,34": 60.9254510519635,
        "6,35": 50.66048606489147,
        "6,36": 80.21984875046813,
        "6,37": 39.72615450317352,
        "6,38": 26.82742087114712,
        "6,39": 60.08593555532629,
        "6,40": 45.05296511310172,
        "7,0": 90.84477850065521,
        "7,1": 63.93236246362085,
        "7,2": 37.65368592559515,
        "7,3": 68.12364279285471,
        "7,4": 44.96446601377601,
        "7,5": 33.4453735412953,
        "7,6": 34.03908495594563,
        "7,7": 0.0,
        "7,8": 52.82968519796455,
        "7,9": 36.676087763752406,
        "7,10": 51.966208740369765,
        "7,11": 14.279217163584624,
        "7,12": 39.58419675436841,
        "7,13": 52.71765104854436,
        "7,14": 18.124154458495493,
        "7,15": 52.845834035949444,
        "7,16": 33.30998090943973,
        "7,17": 10.961216039774843,
        "7,18": 38.75614350387602,
        "7,19": 27.27189597168252,
        "7,20": 46.93634395983686,
        "7,21": 10.967155318758834,
        "7,22": 51.233153710706375,
        "7,23": 19.52898400207668,
        "7,24": 29.0933324895367,
        "7,25": 43.99658647164456,
        "7,26": 21.148479932756537,
        "7,27": 70.94899716141431,
        "7,28": 58.8303042363367,
        "7,29": 25.695057488641993,
        "7,30": 55.71920006230333,
        "7,31": 36.05277541903919,
        "7,32": 55.20565794158105,
        "7,33": 53.67962290656765,
        "7,34": 29.326380023029937,
        "7,35": 21.39596059202213,
        "7,36": 47.734613393379156,
        "7,37": 5.783561830359242,
        "7,38": 21.678000301571178,
        "7,39": 31.5814220735775,
        "7,40": 12.128007342578199,
        "8,0": 66.943101436177,
        "8,1": 69.53348461744574,
        "8,2": 69.28474304770738,
        "8,3": 30.08370864370337,
        "8,4": 45.876783394373696,
        "8,5": 85.90890618999029,
        "8,6": 30.371814930356386,
        "8,7": 52.82968519796455,
        "8,8": 0.0,
        "8,9": 85.36423470712263,
        "8,10": 25.649002680706726,
        "8,11": 49.92085967601556,
        "8,12": 48.091296863889255,
        "8,13": 14.169808083758037,
        "8,14": 61.24795388793966,
        "8,15": 36.43102713763453,
        "8,16": 84.90155355604753,
        "8,17": 63.77734171499272,
        "8,18": 80.05153976928813,
        "8,19": 25.90117200166391,
        "8,20": 20.950955453147667,
        "8,21": 41.9922582511608,
        "8,22": 87.92529192584777,
        "8,23": 64.95827753921755,
        "8,24": 63.45655125578215,
        "8,25": 26.28161286317803,
        "8,26": 51.919463335181504,
        "8,27": 34.56972907281889,
        "8,28": 100.5375768720906,
        "8,29": 72.6519439876181,
        "8,30": 60.23051730165931,
        "8,31": 86.07979662561658,
        "8,32": 3.8715715033518605,
        "8,33": 36.86330886161573,
        "8,34": 82.15471337936516,
        "8,35": 73.5875173773317,
        "8,36": 89.0785689061985,
        "8,37": 57.13064337118956,
        "8,38": 55.208673016573876,
        "8,39": 83.75669189181019,
        "8,40": 59.592786156758486,
        "9,0": 127.01613489558918,
        "9,1": 95.85363367948689,
        "9,2": 28.966937421681553,
        "9,3": 104.3874319732074,
        "9,4": 80.45566068746966,
        "9,5": 15.361288808982337,
        "9,6": 58.547511408530006,
        "9,7": 36.676087763752406,
        "9,8": 85.36423470712263,
        "9,9": 0.0,
        "9,10": 75.64073282007362,
        "9,11": 35.46810365047889,
        "9,12": 50.91287090160852,
        "9,13": 88.05747233689692,
        "9,14": 24.21576511655098,
        "9,15": 89.4480556793641,
        "9,16": 32.763230183701815,
        "9,17": 28.05219225626751,
        "9,18": 15.367851314899896,
        "9,19": 61.921466938589994,
        "9,20": 72.98574936562174,
        "9,21": 45.270033600721355,
        "9,22": 68.12209427818576,
        "9,23": 20.41757574250061,
        "9,24": 27.194280116179957,
        "9,25": 68.02117285275054,
        "9,26": 34.96704298710617,
        "9,27": 107.40264057658905,
        "9,28": 67.82241340819793,
        "9,29": 12.746755942598966,
        "9,30": 89.02529971712514,
        "9,31": 3.9858066336737155,
        "9,32": 88.3942785669365,
        "9,33": 71.92611238272879,
        "9,34": 21.706356607975362,
        "9,35": 17.857687862883296,
        "9,36": 60.69239286554076,
        "9,37": 36.08445981833827,
        "9,38": 31.837655339447885,
        "9,39": 13.325027896557437,
        "9,40": 40.00957788338977,
        "10,0": 92.408623835298,
        "10,1": 89.5699493183802,
        "10,2": 52.865469522558385,
        "10,3": 55.729352715304465,
        "10,4": 64.79767674458637,
        "10,5": 80.71209837706351,
        "10,6": 18.21066096213601,
        "10,7": 51.966208740369765,
        "10,8": 25.649002680706726,
        "10,9": 75.64073282007362,
        "10,10": 0.0,
        "10,11": 42.488090494882876,
        "10,12": 28.179099125425278,
        "10,13": 39.00884882754116,
        "10,14": 52.27401170622588,
        "10,15": 59.10754014385937,
        "10,16": 85.06115251755006,
        "10,17": 61.583240444757756,
        "10,18": 66.31763343194176,
        "10,19": 33.36183662744208,
        "10,20": 6.637359987134289,
        "10,21": 41.8669440421518,
        "10,22": 98.04751589907897,
        "10,23": 56.20554286619282,
        "10,24": 49.61047797270931,
        "10,25": 8.058609736408375,
        "10,26": 40.82161030160348,
        "10,27": 60.21781652445657,
        "10,28": 108.51464588075115,
        "10,29": 63.29156312080093,
        "10,30": 79.85243040533759,
        "10,31": 77.47175179201383,
        "10,32": 29.313197135805915,
        "10,33": 11.327341049924977,
        "10,34": 79.12538607112715,
        "10,35": 68.79433708578243,
        "10,36": 96.93869680652502,
        "10,37": 57.555430952699055,
        "10,38": 43.83928179768754,
        "10,39": 78.07363400407783,
        "10,40": 62.47905925135142,
        "11,0": 98.23794508152179,
        "11,1": 75.81543736012024,
        "11,2": 25.930493067380137,
        "11,3": 70.92437758107704,
        "11,4": 54.55765754823975,
        "11,5": 38.28525095654703,
        "11,6": 24.39259143460866,
        "11,7": 14.279217163584624,
        "11,8": 49.92085967601556,
        "11,9": 35.46810365047889,
        "11,10": 42.488090494882876,
        "11,11": 0.0,
        "11,12": 25.6293289458695,
        "11,13": 53.638489394812645,
        "11,14": 11.340694367620491,
        "11,15": 59.448627906330636,
        "11,16": 43.79278005587869,
        "11,17": 20.299789782877287,
        "11,18": 31.66876736311628,
        "11,19": 27.765002951060822,
        "11,20": 38.68949414681638,
        "11,21": 13.43174720578531,
        "11,22": 65.45412308341707,
        "11,23": 15.050546316395351,
        "11,24": 17.55924645005259,
        "11,25": 34.47060525118447,
        "11,26": 7.062552146785456,
        "11,27": 74.37887520319677,
        "11,28": 72.48916050538453,
        "11,29": 22.73670043684786,
        "11,30": 66.99822505907608,
        "11,31": 36.417004573772246,
        "11,32": 53.01994094563677,
        "11,33": 41.9331093497374,
        "11,34": 36.77589095276237,
        "11,35": 26.308472501872107,
        "11,36": 61.630443190800776,
        "11,37": 19.624831264946664,
        "11,38": 8.57198305149886,
        "11,39": 35.71191001325486,
        "11,40": 26.324099839749884,
        "12,0": 109.51585460839726,
        "12,1": 95.4662486495155,
        "12,2": 25.101098079990848,
        "12,3": 76.15835514206793,
        "12,4": 71.74841371812991,
        "12,5": 59.353038565234115,
        "12,6": 18.633307302450955,
        "12,7": 39.58419675436841,
        "12,8": 48.091296863889255,
        "12,9": 50.91287090160852,
        "12,10": 28.179099125425278,
        "12,11": 25.6293289458695,
        "12,12": 0.0,
        "12,13": 57.857329302178506,
        "12,14": 30.74669354024594,
        "12,15": 71.84787895440316,
        "12,16": 68.36843221447178,
        "12,17": 45.49056248511934,
        "12,18": 39.39800776789869,
        "12,19": 38.33610453981286,
        "12,20": 28.623546968099692,
        "12,21": 34.104023646007946,
        "12,22": 90.76418139650367,
        "12,23": 34.20417049670037,
        "12,24": 23.72797153178993,
        "12,25": 22.72104083933693,
        "12,26": 19.964984572324582,
        "12,27": 80.36607107577336,
        "12,28": 98.11848622086873,
        "12,29": 39.80023132373255,
        "12,30": 85.97410774003042,
        "12,31": 53.485921743141326,
        "12,32": 51.92890946322492,
        "12,33": 21.472038601338024,
        "12,34": 59.88637825763928,
        "12,35": 48.949482805045115,
        "12,36": 87.22461051781583,
        "12,37": 45.154062154499975,
        "12,38": 21.63957380435691,
        "12,39": 56.48928817144194,
        "12,40": 51.71154580379986,
        "13,0": 53.47632303058393,
        "13,1": 56.493184783490506,
        "13,2": 76.2269699175835,
        "13,3": 18.33093272742714,
        "13,4": 34.05326401767603,
        "13,5": 86.09734080067014,
        "13,6": 39.262155526457676,
        "13,7": 52.71765104854436,
        "13,8": 14.169808083758037,
        "13,9": 88.05747233689692,
        "13,10": 39.00884882754116,
        "13,11": 53.638489394812645,
        "13,12": 57.857329302178506,
        "13,13": 0.0,
        "13,14": 64.77170790553309,
        "13,15": 22.76054096838114,
        "13,16": 82.16582577347285,
        "13,17": 63.47028582245191,
        "13,18": 85.12805247996934,
        "13,19": 26.14443821576822,
        "13,20": 33.485431056913505,
        "13,21": 42.8637821283343,
        "13,22": 79.5719931262311,
        "13,23": 68.1168364740685,
        "13,24": 69.35160728141209,
        "13,25": 38.01392122304437,
        "13,26": 57.27112819975329,
        "13,27": 22.510940367766565,
        "13,28": 93.03045936132854,
        "13,29": 75.6970368938779,
        "13,30": 47.53779871508719,
        "13,31": 88.1355189162063,
        "13,32": 11.719936424394996,
        "13,33": 49.89101985253992,
        "13,34": 81.30011560203754,
        "13,35": 74.11038882387699,
        "13,36": 81.92711727989646,
        "13,37": 55.880379795921066,
        "13,38": 60.413322020787405,
        "13,39": 84.29770590848474,
        "13,40": 56.72199742569538,
        "14,0": 107.6692080428794,
        "14,1": 82.05060590730815,
        "14,2": 20.129499082650593,
        "14,3": 81.79855480279444,
        "14,4": 62.61793256627092,
        "14,5": 28.965307869285255,
        "14,6": 34.65381793593095,
        "14,7": 18.124154458495493,
        "14,8": 61.24795388793966,
        "14,9": 24.21576511655098,
        "14,10": 52.27401170622588,
        "14,11": 11.340694367620491,
        "14,12": 30.74669354024594,
        "14,13": 64.77170790553309,
        "14,14": 0.0,
        "14,15": 69.08938390909114,
        "14,16": 38.11857851691293,
        "14,17": 17.24063128050578,
        "14,18": 21.343464451993064,
        "14,19": 38.724740541958404,
        "14,20": 49.112259230576036,
        "14,21": 22.96518838758941,
        "14,22": 65.39094557618165,
        "14,23": 3.9413296554915234,
        "14,24": 11.971951171638212,
        "14,25": 44.42956052323274,
        "14,26": 11.625702880451652,
        "14,27": 85.12287442485584,
        "14,28": 70.22819065844912,
        "14,29": 11.470080389808965,
        "14,30": 73.81939734893245,
        "14,31": 25.43848060003628,
        "14,32": 64.36024443696914,
        "14,33": 50.0561624046811,
        "14,34": 29.151569347232147,
        "14,35": 18.214681289702995,
        "14,36": 60.223864563545646,
        "14,37": 21.205991578926422,
        "14,38": 9.162323237774203,
        "14,39": 26.179427194759114,
        "14,40": 27.758828820482353,
        "15,0": 38.81134056479006,
        "15,1": 33.9617688548617,
        "15,2": 84.9040229942815,
        "15,3": 22.174860047065433,
        "15,4": 14.908276107274514,
        "15,5": 83.59483199531216,
        "15,6": 53.85421855419415,
        "15,7": 52.845834035949444,
        "15,8": 36.43102713763453,
        "15,9": 89.4480556793641,
        "15,10": 59.10754014385937,
        "15,11": 59.448627906330636,
        "15,12": 71.84787895440316,
        "15,13": 22.76054096838114,
        "15,14": 69.08938390909114,
        "15,15": 0.0,
        "15,16": 75.14017560069908,
        "15,17": 61.93231349690587,
        "15,18": 90.43080046986042,
        "15,19": 33.85790910328371,
        "15,20": 52.83884049066549,
        "15,21": 46.26227759980766,
        "15,22": 63.36274940895186,
        "15,23": 71.57982025016123,
        "15,24": 76.87725921322483,
        "15,25": 56.073610379188786,
        "15,26": 65.03511105433566,
        "15,27": 22.487387727706352,
        "15,28": 77.70053874473597,
        "15,29": 78.39792801406195,
        "15,30": 25.50690155429345,
        "15,31": 88.50831390885453,
        "15,32": 34.437458746897256,
        "15,33": 69.05897533888806,
        "15,34": 77.40367126055331,
        "15,35": 72.94353105298121,
        "15,36": 67.59510885779054,
        "15,37": 53.72489697056745,
        "15,38": 67.65163797040682,
        "15,39": 82.4674612877485,
        "15,40": 51.7583300056087,
        "16,0": 108.36105694402316,
        "16,1": 70.85794856006983,
        "16,2": 54.99328994230379,
        "16,3": 94.67972016195277,
        "16,4": 62.41202106631282,
        "16,5": 17.73674625797226,
        "16,6": 66.93566967095398,
        "16,7": 33.30998090943973,
        "16,8": 84.90155355604753,
        "16,9": 32.763230183701815,
        "16,10": 85.06115251755006,
        "16,11": 43.79278005587869,
        "16,12": 68.36843221447178,
        "16,13": 82.16582577347285,
        "16,14": 38.11857851691293,
        "16,15": 75.14017560069908,
        "16,16": 0.0,
        "16,17": 23.623303906501157,
        "16,18": 45.97231756946271,
        "16,19": 59.0062539014904,
        "16,20": 80.21369378003524,
        "16,21": 44.092848237660604,
        "16,22": 36.17297992592927,
        "16,23": 35.40283428093131,
        "16,24": 48.80677397562168,
        "16,25": 77.03096152199923,
        "16,26": 48.42813475774346,
        "16,27": 96.53063688971399,
        "16,28": 35.14877961913188,
        "16,29": 33.46140036531134,
        "16,30": 66.24031982553312,
        "16,31": 29.074915215371803,
        "16,32": 86.81645972521909,
        "16,33": 85.67653732652624,
        "16,34": 11.205525224363575,
        "16,35": 20.562165421210626,
        "16,36": 28.214894390220095,
        "16,37": 28.126726163403763,
        "16,38": 46.87128419694659,
        "16,39": 19.43903481764868,
        "16,40": 25.51230492063219,
        "17,0": 99.0548715492332,
        "17,1": 68.58439664435205,
        "17,2": 37.0241601146864,
        "17,3": 78.40630722285128,
        "17,4": 52.41414997897299,
        "17,5": 22.630970221986292,
        "17,6": 43.404416762558654,
        "17,7": 10.961216039774843,
        "17,8": 63.77734171499272,
        "17,9": 28.05219225626751,
        "17,10": 61.583240444757756,
        "17,11": 20.299789782877287,
        "17,12": 45.49056248511934,
        "17,13": 63.47028582245191,
        "17,14": 17.24063128050578,
        "17,15": 61.93231349690587,
        "17,16": 23.623303906501157,
        "17,17": 0.0,
        "17,18": 33.826359981232706,
        "17,19": 38.22079208022378,
        "17,20": 56.961561462006465,
        "17,21": 21.827621242008362,
        "17,22": 48.17508749124618,
        "17,23": 16.26101160376541,
        "17,24": 29.177831100563782,
        "17,25": 53.53351220167864,
        "17,26": 25.597796023290307,
        "17,27": 81.03737825620605,
        "17,28": 53.26913099141486,
        "17,29": 19.470439407649994,
        "17,30": 61.28789793751382,
        "17,31": 26.66763645170993,
        "17,32": 66.16685662384927,
        "17,33": 62.077033574619335,
        "17,34": 18.4039680576829,
        "17,35": 11.036333526659863,
        "17,36": 43.0366681232424,
        "17,37": 8.207419483192336,
        "17,38": 24.664594879118034,
        "17,39": 20.961688260349273,
        "17,40": 12.367128887409885,
        "18,0": 129.00283611987484,
        "18,1": 102.02033518482686,
        "18,2": 14.978129747679612,
        "18,3": 102.57955353627484,
        "18,4": 83.67836676597508,
        "18,5": 29.79897217806649,
        "18,6": 50.87197984704053,
        "18,7": 38.75614350387602,
        "18,8": 80.05153976928813,
        "18,9": 15.367851314899896,
        "18,10": 66.31763343194176,
        "18,11": 31.66876736311628,
        "18,12": 39.39800776789869,
        "18,13": 85.12805247996934,
        "18,14": 21.343464451993064,
        "18,15": 90.43080046986042,
        "18,16": 45.97231756946271,
        "18,17": 33.826359981232706,
        "18,18": 0.0,
        "18,19": 59.423714494461734,
        "18,20": 64.80201963648929,
        "18,21": 44.24705058463853,
        "18,22": 79.51941390013505,
        "18,23": 19.229334644064753,
        "18,24": 16.897751562376506,
        "18,25": 59.31387816153769,
        "18,26": 28.165336963191553,
        "18,27": 106.04742122111656,
        "18,28": 81.0216857925427,
        "18,29": 14.439556061809503,
        "18,30": 94.22726864891477,
        "18,31": 19.22883218175114,
        "18,32": 83.44960465002029,
        "18,33": 60.86753981316295,
        "18,34": 34.803347048648696,
        "18,35": 27.073723077318014,
        "18,36": 72.81495755425915,
        "18,37": 40.44330225365336,
        "18,38": 24.90189902686237,
        "18,39": 27.253841540637463,
        "18,40": 46.08181226105652,
        "19,0": 72.31742287342632,
        "19,1": 58.439638349766774,
        "19,2": 51.86185567713685,
        "19,3": 43.15943550972433,
        "19,4": 33.960736659731424,
        "19,5": 60.671136413078976,
        "19,6": 21.450999592647488,
        "19,7": 27.27189597168252,
        "19,8": 25.90117200166391,
        "19,9": 61.921466938589994,
        "19,10": 33.36183662744208,
        "19,11": 27.765002951060822,
        "19,12": 38.33610453981286,
        "19,13": 26.14443821576822,
        "19,14": 38.724740541958404,
        "19,15": 33.85790910328371,
        "19,16": 59.0062539014904,
        "19,17": 38.22079208022378,
        "19,18": 59.423714494461734,
        "19,19": 0.0,
        "19,20": 26.864721195116584,
        "19,21": 16.85633722146186,
        "19,22": 65.39900621337908,
        "19,23": 41.9989093235041,
        "19,24": 44.31685815416907,
        "19,25": 27.211259538634298,
        "19,26": 32.192552748100354,
        "19,27": 46.65169934070013,
        "19,28": 76.84216072565928,
        "19,29": 49.558268106748486,
        "19,30": 48.73100638229605,
        "19,31": 62.07327651541648,
        "19,32": 28.012773066663755,
        "19,33": 40.27849808873487,
        "19,34": 56.491806630417656,
        "19,35": 48.47572931695875,
        "19,36": 65.23461633793173,
        "19,37": 31.280195108336788,
        "19,38": 35.13733991877887,
        "19,39": 58.6958345311274,
        "19,40": 33.78229651583724,
        "20,0": 86.95784411536188,
        "20,1": 82.97525005030307,
        "20,2": 52.16701625733395,
        "20,3": 50.83345705085058,
        "20,4": 58.192105269552584,
        "20,5": 76.94419146496172,
        "20,6": 14.461423580899972,
        "20,7": 46.93634395983686,
        "20,8": 20.950955453147667,
        "20,9": 72.98574936562174,
        "20,10": 6.637359987134289,
        "20,11": 38.68949414681638,
        "20,12": 28.623546968099692,
        "20,13": 33.485431056913505,
        "20,14": 49.112259230576036,
        "20,15": 52.83884049066549,
        "20,16": 80.21369378003524,
        "20,17": 56.961561462006465,
        "20,18": 64.80201963648929,
        "20,19": 26.864721195116584,
        "20,20": 0.0,
        "20,21": 36.48176794807288,
        "20,22": 91.84837519545371,
        "20,23": 53.050355097137434,
        "20,24": 47.91543395782096,
        "20,25": 5.9025771851192825,
        "20,26": 38.02563793002286,
        "20,27": 55.281818550998125,
        "20,28": 102.58360022359963,
        "20,29": 60.40467810340442,
        "20,30": 73.25082793520585,
        "20,31": 74.52758621161098,
        "20,32": 24.785935223199367,
        "20,33": 16.453160352734617,
        "20,34": 74.86303466190486,
        "20,35": 64.81976707520266,
        "20,36": 90.98399940378249,
        "20,37": 52.38582024046043,
        "20,38": 41.2067406180641,
        "20,39": 74.39761452115015,
        "20,40": 56.97218933790888,
        "21,0": 84.98421737484774,
        "21,1": 63.0089086910296,
        "21,2": 39.345785522581814,
        "21,3": 59.203319906408744,
        "21,4": 41.18189552104555,
        "21,5": 43.974563709143546,
        "21,6": 24.521399258875952,
        "21,7": 10.967155318758834,
        "21,8": 41.9922582511608,
        "21,9": 45.270033600721355,
        "21,10": 41.8669440421518,
        "21,11": 13.43174720578531,
        "21,12": 34.104023646007946,
        "21,13": 42.8637821283343,
        "21,14": 22.96518838758941,
        "21,15": 46.26227759980766,
        "21,16": 44.092848237660604,
        "21,17": 21.827621242008362,
        "21,18": 44.24705058463853,
        "21,19": 16.85633722146186,
        "21,20": 36.48176794807288,
        "21,21": 0.0,
        "21,22": 57.965999633464044,
        "21,23": 25.81784718711116,
        "21,24": 30.9876307630627,
        "21,25": 34.066698792657455,
        "21,26": 19.86045919112137,
        "21,27": 62.36966848195743,
        "21,28": 67.17572212229145,
        "21,29": 33.155104742409925,
        "21,30": 53.969470435413534,
        "21,31": 45.27198930759288,
        "21,32": 44.493818542917616,
        "21,33": 44.83530227125363,
        "21,34": 40.231051288004664,
        "21,35": 31.705363132446955,
        "21,36": 55.73079133452817,
        "21,37": 16.004864894023893,
        "21,38": 21.947899402035034,
        "21,39": 41.91810591634881,
        "21,40": 20.625403598775133,
        "22,0": 86.36339796459889,
        "22,1": 43.76614735456712,
        "22,2": 85.12409078031833,
        "22,3": 85.51057161641434,
        "22,4": 48.454999506261494,
        "22,5": 53.726308961471105,
        "22,6": 82.10582885819497,
        "22,7": 51.233153710706375,
        "22,8": 87.92529192584777,
        "22,9": 68.12209427818576,
        "22,10": 98.04751589907897,
        "22,11": 65.45412308341707,
        "22,12": 90.76418139650367,
        "22,13": 79.5719931262311,
        "22,14": 65.39094557618165,
        "22,15": 63.36274940895186,
        "22,16": 36.17297992592927,
        "22,17": 48.17508749124618,
        "22,18": 79.51941390013505,
        "22,19": 65.39900621337908,
        "22,20": 91.84837519545371,
        "22,21": 57.965999633464044,
        "22,22": 0.0,
        "22,23": 64.2687013136083,
        "22,24": 77.34858929829092,
        "22,25": 90.86547974307742,
        "22,26": 72.09261620588649,
        "22,27": 85.67823503053647,
        "22,28": 14.583472879081526,
        "22,29": 65.48028353455123,
        "22,30": 43.674286345954464,
        "22,31": 64.7076434170158,
        "22,32": 88.30900063367703,
        "22,33": 102.5847290720473,
        "22,34": 46.55461579023538,
        "22,35": 52.44640781682827,
        "22,36": 8.74869062260851,
        "22,37": 45.86726158782252,
        "22,38": 71.98797692389016,
        "22,39": 55.03622704827581,
        "22,40": 39.131035248828226,
        "23,0": 109.9839294984307,
        "23,1": 83.08347815581412,
        "23,2": 20.858675551798616,
