{
    "num_robots": 3,
    "num_tasks": 40,
    "num_nodes": 41,
    "robot_capacity": [
        167,
        176,
        170
    ],
    "robot_speed": [
        1.16,
        0.88,
        0.95
    ],
    "task_demand": {
        "0": 0,
        "1": 8,
        "2": 10,
        "3": 14,
        "4": 11,
        "5": 5,
        "6": 9,
        "7": 10,
        "8": 13,
        "9": 10,
        "10": 5,
        "11": 14,
        "12": 8,
        "13": 10,
        "14": 7,
        "15": 6,
        "16": 13,
        "17": 13,
        "18": 12,
        "19": 14,
        "20": 7,
        "21": 9,
        "22": 13,
        "23": 13,
        "24": 13,
        "25": 11,
        "26": 5,
        "27": 9,
        "28": 9,
        "29": 6,
        "30": 5,
        "31": 5,
        "32": 11,
        "33": 13,
        "34": 7,
        "35": 8,
        "36": 7,
        "37": 7,
        "38": 5,
        "39": 10,
        "40": 13
    },
    "task_service_time": {
        "0": 0,
        "1": 71,
        "2": 58,
        "3": 69,
        "4": 36,
        "5": 64,
        "6": 11,
        "7": 81,
        "8": 23,
        "9": 86,
        "10": 52,
        "11": 81,
        "12": 10,
        "13": 70,
        "14": 46,
        "15": 27,
        "16": 19,
        "17": 56,
        "18": 31,
        "19": 97,
        "20": 13,
        "21": 94,
        "22": 14,
        "23": 53,
        "24": 90,
        "25": 81,
        "26": 15,
        "27": 26,
        "28": 49,
        "29": 59,
        "30": 90,
        "31": 63,
        "32": 43,
        "33": 45,
        "34": 43,
        "35": 77,
        "36": 25,
        "37": 20,
        "38": 28,
        "39": 45,
        "40": 79
    },
    "task_precedence": [],
    "coordinates": {
        "0": [
            50.0,
            50.0
        ],
        "1": [
            86.16785749388582,
            22.62462894459477
        ],
        "2": [
            95.11884316241316,
            78.42218315345832
        ],
        "3": [
            4.8751844558128195,
            67.56701874158482
        ],
        "4": [
            13.60927953502703,
            42.54557185730729
        ],
        "5": [
            19.529419842492402,
            25.8687081088948
        ],
        "6": [
            22.76769885044,
            22.244280173937735
        ],
        "7": [
            5.582866683627607,
            12.265272555441854
        ],
        "8": [
            13.979260551103522,
            57.99403919975566
        ],
        "9": [
            50.776123938196626,
            18.07200078886303
        ],
        "10": [
            8.677289479554362,
            38.97501573397521
        ],
        "11": [
            92.40090383372028,
            80.59370894568168
        ],
        "12": [
            25.81661118164319,
            90.97106920524786
        ],
        "13": [
            90.25185405973288,
            90.85288756058198
        ],
        "14": [
            45.47228187448944,
            14.349320352410611
        ],
        "15": [
            66.8630674554706,
            27.03351201232592
        ],
        "16": [
            84.45498745853503,
            81.08952956116227
        ],
        "17": [
            10.011498201130909,
            38.41521399225631
        ],
        "18": [
            33.58431935504756,
            79.7563198347758
        ],
        "19": [
            74.86135571358997,
            27.35815213877362
        ],
        "20": [
            42.2157634350688,
            77.92622016548215
        ],
        "21": [
            99.64624616283642,
            99.63628509593578
        ],
        "22": [
            59.064667455472076,
            36.815327710088596
        ],
        "23": [
            96.9649756805434,
            81.15674425889887
        ],
        "24": [
            90.67691185768894,
            66.32908528344753
        ],
        "25": [
            77.77651270820262,
            61.12688877634178
        ],
        "26": [
            64.5199961581208,
            5.6069174635267505
        ],
        "27": [
            27.264774127755555,
            81.00676092123955
        ],
        "28": [
            6.336763789061839,
            2.874019657110849
        ],
        "29": [
            27.634322448259606,
            22.122472758017263
        ],
        "30": [
            66.55925331266245,
            38.72631616767605
        ],
        "31": [
            53.40372360261719,
            62.041735485693025
        ],
        "32": [
            18.5362078270527,
            6.147256413773706
        ],
        "33": [
            55.35598230230407,
            21.465782967811652
        ],
        "34": [
            70.49502765427567,
            78.48084780783628
        ],
        "35": [
            78.21201958188115,
            2.123964961541547
        ],
        "36": [
            3.0445383501837564,
            93.2709514110293
        ],
        "37": [
            0.6140675411401952,
            16.8994855602405
        ],
        "38": [
            8.648950516690668,
            77.93481002487354
        ],
        "39": [
            73.87980697300904,
            91.60130327074823
        ],
        "40": [
            8.720303932388285,
            58.05180145407609
        ]
    },
    "distance_matrix_str_keys": {
        "0,0": 0.0,
        "0,1": 45.35994770851429,
        "0,2": 53.32476444882965,
        "0,3": 48.423642214977065,
        "0,4": 37.14637310551828,
        "0,5": 38.86869567491062,
        "0,6": 38.88416398693937,
        "0,7": 58.281998827764035,
        "0,8": 36.89713177433331,
        "0,9": 31.93743104875226,
        "0,10": 42.76817371390369,
        "0,11": 52.28586494426078,
        "0,12": 47.575884716535064,
        "0,13": 57.351287494559244,
        "0,14": 35.93704482507042,
        "0,15": 28.492501022123864,
        "0,16": 46.40802742093428,
        "0,17": 41.63277006113539,
        "0,18": 33.984013022986815,
        "0,19": 33.626481863087825,
        "0,20": 28.990828060436524,
        "0,21": 70.20335145978406,
        "0,22": 16.000118108021958,
        "0,23": 56.36001821760228,
        "0,24": 43.83206799219377,
        "0,25": 29.922271171654437,
        "0,26": 46.70734487767389,
        "0,27": 38.44879345686781,
        "0,28": 64.24434776453533,
        "0,29": 35.74045407484233,
        "0,30": 20.03259387658335,
        "0,31": 12.513541779624662,
        "0,32": 53.97252391672759,
        "0,33": 29.032534992015805,
        "0,34": 35.08852875802372,
        "0,35": 55.570070900549936,
        "0,36": 63.85288258773462,
        "0,37": 59.452622995186594,
        "0,38": 49.902534048852395,
        "0,39": 47.96783938112012,
        "0,40": 42.05763681057532,
        "1,0": 45.35994770851429,
        "1,1": 0.0,
        "1,2": 56.51094761308863,
        "1,3": 92.88873500236525,
        "1,4": 75.24354591553578,
        "1,5": 66.71735473055638,
        "1,6": 63.401299522970646,
        "1,7": 81.24812003170832,
        "1,8": 80.38773980132392,
        "1,9": 35.68334663678924,
        "1,10": 79.19673780747587,
        "1,11": 58.30321691679575,
        "1,12": 91.17844497327206,
        "1,13": 68.3503789434988,
        "1,14": 41.52843131265478,
        "1,15": 19.801847598954545,
        "1,16": 58.489986560633746,
        "1,17": 77.77617653802872,
        "1,18": 77.64701273822355,
        "1,19": 12.257374283983593,
        "1,20": 70.64030410266668,
        "1,21": 78.18223675671906,
        "1,22": 30.59344442378723,
        "1,23": 59.51962940327875,
        "1,24": 43.93644358764622,
        "1,25": 39.40607414426832,
        "1,26": 27.536020127559905,
        "1,27": 82.93398919728666,
        "1,28": 82.23800878751403,
        "1,29": 58.53568899204373,
        "1,30": 25.37245926917274,
        "1,31": 51.256187506653944,
        "1,32": 69.60994068505377,
        "1,33": 30.8336598025521,
        "1,34": 58.01340173511385,
        "1,35": 21.99028377779938,
        "1,36": 109.08890440139729,
        "1,37": 85.74513538417169,
        "1,38": 95.22813171575015,
        "1,39": 70.06267042227164,
        "1,40": 85.16576838541162,
        "2,0": 53.32476444882965,
        "2,1": 56.51094761308863,
        "2,2": 0.0,
        "2,3": 90.89418315361092,
        "2,4": 89.05582631598013,
        "2,5": 92.06317753096371,
        "2,6": 91.6004632435251,
        "2,7": 111.32577376278857,
        "2,8": 83.67162560707625,
        "2,9": 74.88939350560673,
        "2,10": 95.01695227972368,
        "2,11": 3.478896155499155,
        "2,12": 70.42921196958868,
        "2,13": 13.349531639083525,
        "2,14": 81.05623230349069,
        "2,15": 58.64455970038908,
        "2,16": 10.992386243751865,
        "2,17": 94.04157457116541,
        "2,18": 61.54898488914078,
        "2,19": 54.93542628584864,
        "2,20": 52.90540448690659,
        "2,21": 21.691830239840698,
        "2,22": 55.05482727057133,
        "2,23": 3.2993983866587193,
        "2,24": 12.883080757704992,
        "2,25": 24.492521984764192,
        "2,26": 78.98324097862417,
        "2,27": 67.90327478699233,
        "2,28": 116.57522303442916,
        "2,29": 87.88525431851211,
        "2,30": 48.90206568376128,
        "2,31": 44.81595994380205,
        "2,32": 105.30225576945433,
        "2,33": 69.46305943368696,
        "2,34": 24.623885390418494,
        "2,35": 78.14895253837106,
        "2,36": 93.26394547424196,
        "2,37": 112.76610720590509,
        "2,38": 86.47126613349222,
        "2,39": 24.995716939523327,
        "2,40": 88.76744916725202,
        "3,0": 48.423642214977065,
        "3,1": 92.88873500236525,
        "3,2": 90.89418315361092,
        "3,3": 0.0,
        "3,4": 26.502022961190633,
        "3,5": 44.198367892813884,
        "3,6": 48.72671446581664,
        "3,7": 55.30627401454687,
        "3,8": 13.210834146908482,
        "3,9": 67.50298547105685,
        "3,10": 28.843693220506932,
        "3,11": 88.48980851088852,
        "3,12": 31.405301008253506,
        "3,13": 88.49523941609782,
        "3,14": 66.93465276418961,
        "3,15": 74.06391028395772,
        "3,16": 80.72052616786925,
        "3,17": 29.60083510702554,
        "3,18": 31.18963750675735,
        "3,19": 80.71441705671657,
        "3,20": 38.750895378648096,
        "3,21": 100.04994743418301,
        "3,22": 62.307034667579586,
        "3,23": 93.08711128534607,
        "3,24": 85.81065728913067,
        "3,25": 73.18523713790856,
        "3,26": 86.00324245858982,
        "3,27": 26.11360556364355,
        "3,28": 64.70950737481418,
        "3,29": 50.82504423816885,
        "3,30": 68.09339524280776,
        "3,31": 48.84207066434389,
        "3,32": 62.92067040293172,
        "3,33": 68.3639882620034,
        "3,34": 66.52124086544244,
        "3,35": 98.29081683639508,
        "3,36": 25.769039947956742,
        "3,37": 50.84639649024439,
        "3,38": 11.033240973352806,
        "3,39": 73.07040961681773,
        "3,40": 10.262762971911847,
        "4,0": 37.14637310551828,
        "4,1": 75.24354591553578,
        "4,2": 89.05582631598013,
        "4,3": 26.502022961190633,
        "4,4": 0.0,
        "4,5": 17.69649247006849,
        "4,6": 22.271485993758457,
        "4,7": 31.326024788850276,
        "4,8": 15.452897112934872,
        "4,9": 44.500898909253635,
        "4,10": 6.088792732319393,
        "4,11": 87.49731879047586,
        "4,12": 49.94044192161174,
        "4,13": 90.59625257277996,
        "4,14": 42.54737967268931,
        "4,15": 55.46701658201805,
        "4,16": 80.65203659337789,
        "4,17": 5.477580361794777,
        "4,18": 42.23318577675715,
        "4,19": 63.106850292907055,
        "4,20": 45.49858454754506,
        "4,21": 103.25555270594457,
        "4,22": 45.81515021240109,
        "4,23": 91.86400118723918,
        "4,24": 80.65404802433909,
        "4,25": 66.8034366746673,
        "4,26": 62.89964431934508,
        "4,27": 40.813424222718446,
        "4,28": 40.33263615545384,
        "4,29": 24.775084369935783,
        "4,30": 53.08753560935994,
        "4,31": 44.31363418715907,
        "4,32": 36.73025986188688,
        "4,33": 46.76691877347791,
        "4,34": 67.28545457026554,
        "4,35": 76.20643231117191,
        "4,36": 51.81387736091445,
        "4,37": 28.750604813162752,
        "4,38": 35.73517933424818,
        "4,39": 77.7110112027903,
        "4,40": 16.258697326382137,
        "5,0": 38.86869567491062,
        "5,1": 66.71735473055638,
        "5,2": 92.06317753096371,
        "5,3": 44.198367892813884,
        "5,4": 17.69649247006849,
        "5,5": 0.0,
        "5,6": 4.860342455939829,
        "5,7": 19.48229462537689,
        "5,8": 32.601244851343054,
        "5,9": 32.204738189880324,
        "5,10": 17.015993446679587,
        "5,11": 91.1322055898468,
        "5,12": 65.40524593069762,
        "5,13": 96.04481391840471,
        "5,14": 28.38535510955379,
        "5,15": 47.34797740646421,
        "5,16": 85.23302442204269,
        "5,17": 15.748194888695101,
        "5,18": 55.690348336379884,
        "5,19": 55.35197892362473,
        "5,20": 56.78604359455032,
        "5,21": 108.90528579542493,
        "5,22": 41.022728876963505,
        "5,23": 95.14742376581759,
        "5,24": 81.84746630873506,
        "5,25": 68.0871730304982,
        "5,26": 49.342599418444784,
        "5,27": 55.67800799108619,
        "5,28": 26.510410610526655,
        "5,29": 8.928814341956974,
        "5,30": 48.75575167326583,
        "5,31": 49.557606528521916,
        "5,32": 19.746445935170424,
        "5,33": 36.096098507799546,
        "5,34": 73.24978104626278,
        "5,35": 63.304504889518626,
        "5,36": 69.38885875971442,
        "5,37": 20.934123000774573,
        "5,38": 53.19082234253196,
        "5,39": 85.2920784595448,
        "5,40": 33.94979357849939,
        "6,0": 38.88416398693937,
        "6,1": 63.401299522970646,
        "6,2": 91.6004632435251,
        "6,3": 48.72671446581664,
        "6,4": 22.271485993758457,
        "6,5": 4.860342455939829,
        "6,6": 0.0,
        "6,7": 19.87206707042598,
        "6,8": 36.81415377467333,
        "6,9": 28.31748207668885,
        "6,10": 21.873663356169775,
        "6,11": 90.8484401309805,
        "6,12": 68.79438492317213,
        "6,13": 96.23539999317624,
        "6,14": 24.03806316822305,
        "6,15": 44.35468717075287,
        "6,16": 85.25306417521342,
        "6,17": 20.59659572749519,
        "6,18": 58.520372393641736,
        "6,19": 52.34406147643061,
        "6,20": 58.98055321298577,
        "6,21": 109.08635782127362,
        "6,22": 39.11247059718233,
        "6,23": 94.74130204702084,
        "6,24": 80.96376506071941,
        "6,25": 67.36339401904957,
        "6,26": 44.945034969690965,
        "6,27": 58.93430944387877,
        "6,28": 25.400445261470686,
        "6,29": 4.868147726746579,
        "6,30": 46.79057333177999,
        "6,31": 50.223534940376034,
        "6,32": 16.643908501800066,
        "6,33": 32.59758083415062,
        "6,34": 73.75940247854159,
        "6,35": 58.98219888760588,
        "6,36": 73.71425294433064,
        "6,37": 22.789256452350426,
        "6,38": 57.45236435160629,
        "6,39": 86.15592985735046,
        "6,40": 38.46437162116738,
        "7,0": 58.281998827764035,
        "7,1": 81.24812003170832,
        "7,2": 111.32577376278857,
        "7,3": 55.30627401454687,
        "7,4": 31.326024788850276,
        "7,5": 19.48229462537689,
        "7,6": 19.87206707042598,
        "7,7": 0.0,
        "7,8": 46.49322024540669,
        "7,9": 45.56477360916507,
        "7,10": 26.888395881925728,
        "7,11": 110.48143189753615,
        "7,12": 81.2650407167288,
        "7,13": 115.51991454070246,
        "7,14": 39.94381929021071,
        "7,15": 63.03462463831488,
        "7,16": 104.67850680976032,
        "7,17": 26.52229654963253,
        "7,18": 73.06930145123232,
        "7,19": 70.90348409204988,
        "7,20": 75.18862390980571,
        "7,21": 128.3807352814307,
        "7,22": 58.847329777105955,
        "7,23": 114.4409223931388,
        "7,24": 100.81613150073781,
        "7,25": 87.17442323319463,
        "7,26": 59.31204703281793,
        "7,27": 72.07979837070044,
        "7,28": 9.42146442152135,
        "7,29": 24.15431839595509,
        "7,30": 66.47034342759257,
        "7,31": 69.02557944931098,
        "7,32": 14.325472707302238,
        "7,33": 50.61632572834836,
        "7,34": 92.72589200371618,
        "7,35": 73.33375737293156,
        "7,36": 81.04543859825135,
        "7,37": 6.794475336052706,
        "7,38": 65.74107560361682,
        "7,39": 104.68370371051728,
        "7,40": 45.893896555809896,
        "8,0": 36.89713177433331,
        "8,1": 80.38773980132392,
        "8,2": 83.67162560707625,
        "8,3": 13.210834146908482,
        "8,4": 15.452897112934872,
        "8,5": 32.601244851343054,
        "8,6": 36.81415377467333,
        "8,7": 46.49322024540669,
        "8,8": 0.0,
        "8,9": 54.293446252832204,
        "8,10": 19.744218162172224,
        "8,11": 81.61310683812322,
        "8,12": 35.037228456792505,
        "8,13": 83.04945777145319,
        "8,14": 53.820738338850724,
        "8,15": 61.28010506209955,
        "8,16": 74.16353388400994,
        "8,17": 19.976824937203414,
        "8,18": 29.29087211305727,
        "8,19": 68.15560936113258,
        "8,20": 34.56286928434398,
        "8,21": 95.25181923238412,
        "8,22": 49.81196378476801,
        "8,23": 86.1576451697782,
        "8,24": 77.1492236458918,
        "8,25": 63.87412722899626,
        "8,26": 72.79269523451438,
        "8,27": 26.57235842046885,
        "8,28": 55.64732079030727,
        "8,29": 38.38267831195755,
        "8,30": 55.99911418626655,
        "8,31": 39.63170614701514,
        "8,32": 52.04665843003348,
        "8,33": 55.193718901907936,
        "8,34": 60.11440142099164,
        "8,35": 85.13114898842551,
        "8,36": 36.93275896508674,
        "8,37": 43.213316501103705,
        "8,38": 20.640894994230138,
        "8,39": 68.68423152354758,
        "8,40": 5.2592738277782205,
        "9,0": 31.93743104875226,
        "9,1": 35.68334663678924,
        "9,2": 74.88939350560673,
        "9,3": 67.50298547105685,
        "9,4": 44.500898909253635,
        "9,5": 32.204738189880324,
        "9,6": 28.31748207668885,
        "9,7": 45.56477360916507,
        "9,8": 54.293446252832204,
        "9,9": 0.0,
        "9,10": 47.00263712358859,
        "9,11": 75.11049388865176,
        "9,12": 77.0535622344698,
        "9,13": 82.79728708059304,
        "9,14": 6.479898939697692,
        "9,15": 18.414625576867277,
        "9,16": 71.45260513507638,
        "9,17": 45.558764633402376,
        "9,18": 64.03525092465198,
        "9,19": 25.813387932773637,
        "9,20": 60.463272729219334,
        "9,21": 95.08428535134617,
        "9,22": 20.49420058732977,
        "9,23": 78.18628322127047,
        "9,24": 62.61644417015207,
        "9,25": 50.820708115352026,
        "9,26": 18.554576953010276,
        "9,27": 67.18309015540068,
        "9,28": 46.96632156072694,
        "9,29": 23.49360124315886,
        "9,30": 25.994382405023554,
        "9,31": 44.048176458351584,
        "9,32": 34.37457955037156,
        "9,33": 5.700250881622157,
        "9,34": 63.54576273777592,
        "9,35": 31.734338129551045,
        "9,36": 89.06843681922794,
        "9,37": 50.175758030575096,
        "9,38": 73.20010020561874,
        "9,39": 77.07359141265994,
        "9,40": 58.02651512533835,
        "10,0": 42.76817371390369,
        "10,1": 79.19673780747587,
        "10,2": 95.01695227972368,
        "10,3": 28.843693220506932,
        "10,4": 6.088792732319393,
        "10,5": 17.015993446679587,
        "10,6": 21.873663356169775,
        "10,7": 26.888395881925728,
        "10,8": 19.744218162172224,
        "10,9": 47.00263712358859,
        "10,10": 0.0,
        "10,11": 93.49737549886221,
        "10,12": 54.748022110347854,
        "10,13": 96.67328054692028,
        "10,14": 44.27523391659204,
        "10,15": 59.39852077111671,
        "10,16": 86.69424309545553,
        "10,17": 1.4468900797097324,
        "10,18": 47.78571859228116,
        "10,19": 67.19584915052963,
        "10,20": 51.400637758006134,
        "10,21": 109.33956594320824,
        "10,22": 50.43364067414246,
        "10,23": 97.84688935308404,
        "10,24": 86.44179076739466,
        "10,25": 72.5631320305821,
        "10,26": 65.05257774581047,
        "10,27": 45.95826573135929,
        "10,28": 36.1767878376402,
        "10,29": 25.36488327852283,
        "10,30": 57.882498120342994,
        "10,31": 50.32422348600093,
        "10,32": 34.276231603951395,
        "10,33": 49.85452432528387,
        "10,34": 73.36309372488668,
        "10,35": 78.6961157455431,
        "10,36": 54.58732926542771,
        "10,37": 23.502012264476317,
        "10,38": 38.959804597635376,
        "10,39": 83.79077769890536,
        "10,40": 19.076834214664586,
        "11,0": 52.28586494426078,
        "11,1": 58.30321691679575,
        "11,2": 3.478896155499155,
        "11,3": 88.48980851088852,
        "11,4": 87.49731879047586,
        "11,5": 91.1322055898468,
        "11,6": 90.8484401309805,
        "11,7": 110.48143189753615,
        "11,8": 81.61310683812322,
        "11,9": 75.11049388865176,
        "11,10": 93.49737549886221,
        "11,11": 0.0,
        "11,12": 67.38811196297365,
        "11,13": 10.48184911089178,
        "11,14": 81.18260022374686,
        "11,15": 59.33696809259894,
        "11,16": 7.961370806850578,
        "11,17": 92.55830377133906,
        "11,18": 58.822545254858774,
        "11,19": 56.050515223322456,
        "11,20": 50.25598286000236,
        "11,21": 20.37436359507477,
        "11,22": 55.02591498081034,
        "11,23": 4.5986694365754355,
        "11,24": 14.368424985313842,
        "11,25": 24.348098556099583,
        "11,26": 80.00227440269111,
        "11,27": 65.13743934947684,
        "11,28": 115.96286605952172,
        "11,29": 87.25591971707786,
        "11,30": 49.20029958933468,
        "11,31": 43.185133845309096,
        "11,32": 104.87262565008584,
        "11,33": 69.77419180265194,
        "11,34": 22.007534922770787,
        "11,35": 79.74224198784849,
        "11,36": 90.25116358780406,
        "11,37": 111.72187524954717,
        "11,38": 83.79414912682735,
        "11,39": 21.545258451665994,
        "11,40": 86.66360477851649,
        "12,0": 47.575884716535064,
        "12,1": 91.17844497327206,
        "12,2": 70.42921196958868,
        "12,3": 31.405301008253506,
        "12,4": 49.94044192161174,
        "12,5": 65.40524593069762,
        "12,6": 68.79438492317213,
        "12,7": 81.2650407167288,
        "12,8": 35.037228456792505,
        "12,9": 77.0535622344698,
        "12,10": 54.748022110347854,
        "12,11": 67.38811196297365,
        "12,12": 0.0,
        "12,13": 64.4353512573614,
        "12,14": 79.10270404766756,
        "12,15": 75.97909444338876,
        "12,16": 59.46514944173593,
        "12,17": 54.880957658332534,
        "12,18": 13.642136698834117,
        "12,19": 80.32428140923548,
        "12,20": 20.954719781025723,
        "12,21": 74.3364040554052,
        "12,22": 63.54744355895213,
        "12,23": 71.82207700297236,
        "12,24": 69.38361460308424,
        "12,25": 59.92083504193557,
        "12,26": 93.72827967705915,
        "12,27": 10.068992774714335,
        "12,28": 90.22502199237839,
        "12,29": 68.87258748589599,
        "12,30": 66.25312904137566,
        "12,31": 39.974430842537714,
        "12,32": 85.13567694855422,
        "12,33": 75.52191245692917,
        "12,34": 46.391448878628005,
        "12,35": 103.1459488003273,
        "12,36": 22.887917319008363,
        "12,37": 78.24172614168721,
        "12,38": 21.556266516371792,
        "12,39": 48.0673276213322,
        "12,40": 37.093960570883546,
        "13,0": 57.351287494559244,
        "13,1": 68.3503789434988,
        "13,2": 13.349531639083525,
        "13,3": 88.49523941609782,
        "13,4": 90.59625257277996,
        "13,5": 96.04481391840471,
        "13,6": 96.23539999317624,
        "13,7": 115.51991454070246,
        "13,8": 83.04945777145319,
        "13,9": 82.79728708059304,
        "13,10": 96.67328054692028,
        "13,11": 10.48184911089178,
        "13,12": 64.4353512573614,
        "13,13": 0.0,
        "13,14": 88.64539401835056,
        "13,15": 67.97019960386362,
        "13,16": 11.354594744724091,
        "13,17": 95.85522582297409,
        "13,18": 57.74377286599931,
        "13,19": 65.33336716891357,
        "13,20": 49.74499705944786,
        "13,21": 12.860897140204232,
        "13,22": 62.39149367409502,
        "13,23": 11.793269132118029,
        "13,24": 24.527485648952855,
        "13,25": 32.237697584626765,
        "13,26": 89.04495453902365,
        "13,27": 63.75200740490662,
        "13,28": 121.58134549638481,
        "13,29": 92.97755204374043,
        "13,30": 57.25835114059608,
        "13,31": 46.77464272516675,
        "13,32": 110.98728694111803,
        "13,33": 77.66783214097691,
        "13,34": 23.310932140497744,
        "13,35": 89.54205335952808,
        "13,36": 87.24083302015067,
        "13,37": 116.20687776279382,
        "13,38": 82.61906919031239,
        "13,39": 16.389144330474554,
        "13,40": 87.88233563085427,
        "14,0": 35.93704482507042,
        "14,1": 41.52843131265478,
        "14,2": 81.05623230349069,
        "14,3": 66.93465276418961,
        "14,4": 42.54737967268931,
        "14,5": 28.38535510955379,
        "14,6": 24.03806316822305,
        "14,7": 39.94381929021071,
        "14,8": 53.820738338850724,
        "14,9": 6.479898939697692,
        "14,10": 44.27523391659204,
        "14,11": 81.18260022374686,
        "14,12": 79.10270404766756,
        "14,13": 88.64539401835056,
        "14,14": 0.0,
        "14,15": 24.868743953745966,
        "14,16": 77.29105290963709,
        "14,17": 42.8559729257556,
        "14,18": 66.47856221482061,
        "14,19": 32.13949852698377,
        "14,20": 63.660247424806805,
        "14,21": 101.0380362134894,
        "14,22": 26.2578451586825,
        "14,23": 84.34885538301778,
        "14,24": 68.88653376534367,
        "14,25": 56.848080331822885,
        "14,26": 20.958173291163025,
        "14,27": 69.0994046395071,
        "14,28": 40.78322328926905,
        "14,29": 19.45802391849209,
        "14,30": 32.23194516953318,
        "14,31": 48.34743249782796,
        "14,32": 28.15716494859671,
        "14,33": 12.17914505633231,
        "14,34": 68.84032699025931,
        "14,35": 34.947814517961746,
        "14,36": 89.60322131216594,
        "14,37": 44.93064361617721,
        "14,38": 73.47837933142739,
        "14,39": 82.30951553154804,
        "14,40": 57.1017927660605,
        "15,0": 28.492501022123864,
        "15,1": 19.801847598954545,
        "15,2": 58.64455970038908,
        "15,3": 74.06391028395772,
        "15,4": 55.46701658201805,
        "15,5": 47.34797740646421,
        "15,6": 44.35468717075287,
        "15,7": 63.03462463831488,
        "15,8": 61.28010506209955,
        "15,9": 18.414625576867277,
        "15,10": 59.39852077111671,
        "15,11": 59.33696809259894,
        "15,12": 75.97909444338876,
        "15,13": 67.97019960386362,
        "15,14": 24.868743953745966,
        "15,15": 0.0,
        "15,16": 56.846536241307795,
        "15,17": 57.97968667249707,
        "15,18": 62.347169461126235,
        "15,19": 8.00487390729362,
        "15,20": 56.54694809303548,
        "15,21": 79.66115405634811,
        "15,22": 12.50995447253799,
        "15,23": 61.93100312127343,
        "15,24": 45.9482454933717,
        "15,25": 35.79750866272003,
        "15,26": 21.554325251862906,
        "15,27": 66.94129093654608,
        "15,28": 65.16988956857317,
        "15,29": 39.53495594278741,
        "15,30": 11.696750491001488,
        "15,31": 37.5063947575684,
        "15,32": 52.64713700167239,
        "15,33": 12.783294388981009,
        "15,34": 51.57537683179548,
        "15,35": 27.37305698388105,
        "15,36": 91.97936200724185,
        "15,37": 67.01961266510361,
        "15,38": 77.32933175919813,
        "15,39": 64.9479353132044,
        "15,40": 65.89928095201996,
        "16,0": 46.40802742093428,
        "16,1": 58.489986560633746,
        "16,2": 10.992386243751865,
        "16,3": 80.72052616786925,
        "16,4": 80.65203659337789,
        "16,5": 85.23302442204269,
        "16,6": 85.25306417521342,
        "16,7": 104.67850680976032,
        "16,8": 74.16353388400994,
        "16,9": 71.45260513507638,
        "16,10": 86.69424309545553,
        "16,11": 7.961370806850578,
        "16,12": 59.46514944173593,
        "16,13": 11.354594744724091,
        "16,14": 77.29105290963709,
        "16,15": 56.846536241307795,
        "16,16": 0.0,
        "16,17": 85.80751891350671,
        "16,18": 50.888135370336656,
        "16,19": 54.58112026850304,
        "16,20": 42.35750904429302,
        "16,21": 23.97407937518487,
        "16,22": 51.0379593969778,
        "16,23": 12.510168789044377,
        "16,24": 16.01821021538638,
        "16,25": 21.05015563112553,
        "16,26": 78.07066419103722,
        "16,27": 57.1902732242802,
        "16,28": 110.54466454254863,
        "16,29": 81.88834935590818,
        "16,30": 45.98803267853278,
        "16,31": 36.42800359876054,
        "16,32": 99.80796467517872,
        "16,33": 66.34563481428485,
        "16,34": 14.201609001330548,
        "16,35": 79.2119627357245,
        "16,36": 82.31675565951242,
        "16,37": 105.5919580339113,
        "16,38": 75.8716514396577,
        "16,39": 14.910795713944728,
        "16,40": 79.16109653827208,
        "17,0": 41.63277006113539,
        "17,1": 77.77617653802872,
        "17,2": 94.04157457116541,
        "17,3": 29.60083510702554,
        "17,4": 5.477580361794777,
        "17,5": 15.748194888695101,
        "17,6": 20.59659572749519,
        "17,7": 26.52229654963253,
        "17,8": 19.976824937203414,
        "17,9": 45.558764633402376,
        "17,10": 1.4468900797097324,
        "17,11": 92.55830377133906,
        "17,12": 54.880957658332534,
        "17,13": 95.85522582297409,
        "17,14": 42.8559729257556,
        "17,15": 57.97968667249707,
        "17,16": 85.80751891350671,
        "17,17": 0.0,
        "17,18": 47.589546430250195,
        "17,19": 65.78573277100428,
        "17,20": 50.972878161611696,
        "17,21": 108.54679907413322,
        "17,22": 49.07925274503382,
        "17,23": 96.89037958072524,
        "17,24": 85.35861509446372,
        "17,25": 71.4696954145021,
        "17,26": 63.620442238672155,
        "17,27": 45.95340466172258,
        "17,28": 35.73066145158553,
        "17,29": 24.000361484174785,
        "17,30": 56.54861088229571,
        "17,31": 49.40746647191312,
        "17,32": 33.375017011127305,
        "17,33": 48.40873320439147,
        "17,34": 72.55006787146085,
        "17,35": 77.25519964905617,
        "17,36": 55.29638738038933,
        "17,37": 23.47846402492265,
        "17,38": 39.543077861664095,
        "17,39": 83.1139035187235,
        "17,40": 19.67899260087598,
        "18,0": 33.984013022986815,
        "18,1": 77.64701273822355,
        "18,2": 61.54898488914078,
        "18,3": 31.18963750675735,
        "18,4": 42.23318577675715,
        "18,5": 55.690348336379884,
        "18,6": 58.520372393641736,
        "18,7": 73.06930145123232,
        "18,8": 29.29087211305727,
        "18,9": 64.03525092465198,
        "18,10": 47.78571859228116,
        "18,11": 58.822545254858774,
        "18,12": 13.642136698834117,
        "18,13": 57.74377286599931,
        "18,14": 66.47856221482061,
        "18,15": 62.347169461126235,
        "18,16": 50.888135370336656,
        "18,17": 47.589546430250195,
        "18,18": 0.0,
        "18,19": 66.70353595157304,
        "18,20": 8.823326566895414,
        "18,21": 68.98834098847848,
        "18,22": 49.93172282198217,
        "18,23": 63.396125944873766,
        "18,24": 58.650274904462684,
        "18,25": 47.95837418974488,
        "18,26": 80.34394794430752,
        "18,27": 6.442069138910714,
        "18,28": 81.56786968488302,
        "18,29": 57.94016561987007,
        "18,30": 52.638459992967896,
        "18,31": 26.582236237558142,
        "18,32": 75.1314839350061,
        "18,33": 62.223725344339904,
        "18,34": 36.93273908122998,
        "18,35": 89.54559816484505,
        "18,36": 33.39645925044912,
        "18,37": 70.9790047809129,
        "18,38": 25.0018102763074,
        "18,39": 42.00035660524501,
        "18,40": 33.0046266616723,
        "19,0": 33.626481863087825,
        "19,1": 12.257374283983593,
        "19,2": 54.93542628584864,
        "19,3": 80.71441705671657,
        "19,4": 63.106850292907055,
        "19,5": 55.35197892362473,
        "19,6": 52.34406147643061,
        "19,7": 70.90348409204988,
        "19,8": 68.15560936113258,
        "19,9": 25.813387932773637,
        "19,10": 67.19584915052963,
        "19,11": 56.050515223322456,
        "19,12": 80.32428140923548,
        "19,13": 65.33336716891357,
        "19,14": 32.13949852698377,
        "19,15": 8.00487390729362,
        "19,16": 54.58112026850304,
        "19,17": 65.78573277100428,
        "19,18": 66.70353595157304,
        "19,19": 0.0,
        "19,20": 60.190233420126084,
        "19,21": 76.40954978505212,
        "19,22": 18.41123379110799,
        "19,23": 58.16234632260897,
        "19,24": 42.05788209496277,
        "19,25": 33.89433159690094,
        "19,26": 24.084433299398082,
        "19,27": 71.7189500965475,
        "19,28": 72.76738583873082,
        "19,29": 47.516365703015396,
        "19,30": 14.076933531970582,
        "19,31": 40.78456729686555,
        "19,32": 60.18657974911944,
        "19,33": 20.375956575351303,
        "19,34": 51.308818279055636,
        "19,35": 25.45567030847657,
        "19,36": 97.4789842176944,
        "19,37": 74.98028745986325,
        "19,38": 83.31915100915259,
        "19,39": 64.25064906517184,
        "19,40": 72.91597108325699,
        "20,0": 28.990828060436524,
        "20,1": 70.64030410266668,
        "20,2": 52.90540448690659,
        "20,3": 38.750895378648096,
        "20,4": 45.49858454754506,
        "20,5": 56.78604359455032,
        "20,6": 58.98055321298577,
        "20,7": 75.18862390980571,
        "20,8": 34.56286928434398,
        "20,9": 60.463272729219334,
        "20,10": 51.400637758006134,
        "20,11": 50.25598286000236,
        "20,12": 20.954719781025723,
        "20,13": 49.74499705944786,
        "20,14": 63.660247424806805,
        "20,15": 56.54694809303548,
        "20,16": 42.35750904429302,
        "20,17": 50.972878161611696,
        "20,18": 8.823326566895414,
        "20,19": 60.190233420126084,
        "20,20": 0.0,
        "20,21": 61.3969646287903,
        "20,22": 44.42961900768108,
        "20,23": 54.84443934819803,
        "20,24": 49.82947364674167,
        "20,25": 39.32918031168262,
        "20,26": 75.6806470681978,
        "20,27": 15.265052001722017,
        "20,28": 83.18735130262856,
        "20,29": 57.67734950539894,
        "20,30": 46.14366666030907,
        "20,31": 19.429032560915246,
        "20,32": 75.58399957042629,
        "20,33": 57.96935673639083,
        "20,34": 28.284702519230734,
        "20,35": 83.91491137211709,
        "20,36": 42.069533532579115,
        "20,37": 73.85772429360057,
        "20,38": 33.56681401746495,
        "20,39": 34.49086184931465,
        "20,40": 38.9478924514793,
        "21,0": 70.20335145978406,
        "21,1": 78.18223675671906,
        "21,2": 21.691830239840698,
        "21,3": 100.04994743418301,
        "21,4": 103.25555270594457,
        "21,5": 108.90528579542493,
        "21,6": 109.08635782127362,
        "21,7": 128.3807352814307,
        "21,8": 95.25181923238412,
        "21,9": 95.08428535134617,
        "21,10": 109.33956594320824,
        "21,11": 20.37436359507477,
        "21,12": 74.3364040554052,
        "21,13": 12.860897140204232,
        "21,14": 101.0380362134894,
        "21,15": 79.66115405634811,
        "21,16": 23.97407937518487,
        "21,17": 108.54679907413322,
        "21,18": 68.98834098847848,
        "21,19": 76.40954978505212,
        "21,20": 61.3969646287903,
        "21,21": 0.0,
        "21,22": 74.78861689626594,
        "21,23": 18.673045840112174,
        "21,24": 34.49374605963395,
        "21,25": 44.28610217976164,
        "21,26": 100.3761695660106,
        "21,27": 74.7404620332306,
        "21,28": 134.4231955940468,
        "21,29": 105.80221292691414,
        "21,30": 69.31647286690969,
        "21,31": 59.59631744604181,
        "21,32": 123.77009656119053,
        "21,33": 89.84572820005766,
        "21,34": 36.018690528454314,
        "21,35": 99.84026566028516,
        "21,36": 96.81119473098823,
        "21,37": 129.04553614894772,
        "21,38": 93.54924818068818,
        "21,39": 26.990189355656,
        "21,40": 99.98397996806732,
        "22,0": 16.000118108021958,
        "22,1": 30.59344442378723,
        "22,2": 55.05482727057133,
        "22,3": 62.307034667579586,
        "22,4": 45.81515021240109,
        "22,5": 41.022728876963505,
        "22,6": 39.11247059718233,
        "22,7": 58.847329777105955,
        "22,8": 49.81196378476801,
        "22,9": 20.49420058732977,
        "22,10": 50.43364067414246,
        "22,11": 55.02591498081034,
        "22,12": 63.54744355895213,
        "22,13": 62.39149367409502,
        "22,14": 26.2578451586825,
        "22,15": 12.50995447253799,
        "22,16": 51.0379593969778,
        "22,17": 49.07925274503382,
        "22,18": 49.93172282198217,
        "22,19": 18.41123379110799,
        "22,20": 44.42961900768108,
        "22,21": 74.78861689626594,
        "22,22": 0.0,
        "22,23": 58.331763089336796,
        "22,24": 43.24807374027765,
        "22,25": 30.678741079781812,
        "22,26": 31.6816268738152,
        "22,27": 54.443695547875556,
        "22,28": 62.70760892747681,
        "22,29": 34.69505114443576,
        "22,30": 7.734383883402119,
        "22,31": 25.85377988933632,
        "22,32": 50.824075366781365,
        "22,33": 15.79122760777295,
        "22,34": 43.204961512425974,
        "22,35": 39.62463555421021,
        "22,36": 79.53296368447104,
        "22,37": 61.75041213532878,
        "22,38": 65.05809972852913,
        "22,39": 56.753779407694786,
        "22,40": 54.64012038441607,
        "23,0": 56.36001821760228,
        "23,1": 59.51962940327875,
        "23,2": 3.2993983866587193,
        "23,3": 93.08711128534607,
        "23,4": 91.86400118723918,
        "23,5": 95.14742376581759,
