{
    "num_robots": 4,
    "num_tasks": 60,
    "num_nodes": 61,
    "robot_capacity": [
        195,
        149,
        196,
        165
    ],
    "robot_speed": [
        0.94,
        0.9,
        1.02,
        1.13
    ],
    "task_demand": {
        "0": 0,
        "1": 8,
        "2": 5,
        "3": 5,
        "4": 10,
        "5": 14,
        "6": 6,
        "7": 9,
        "8": 11,
        "9": 7,
        "10": 10,
        "11": 7,
        "12": 11,
        "13": 9,
        "14": 14,
        "15": 8,
        "16": 9,
        "17": 9,
        "18": 15,
        "19": 9,
        "20": 5,
        "21": 13,
        "22": 7,
        "23": 5,
        "24": 11,
        "25": 6,
        "26": 15,
        "27": 5,
        "28": 10,
        "29": 7,
        "30": 14,
        "31": 10,
        "32": 11,
        "33": 11,
        "34": 10,
        "35": 14,
        "36": 9,
        "37": 7,
        "38": 15,
        "39": 7,
        "40": 5,
        "41": 7,
        "42": 7,
        "43": 8,
        "44": 15,
        "45": 6,
        "46": 14,
        "47": 6,
        "48": 6,
        "49": 5,
        "50": 11,
        "51": 8,
        "52": 9,
        "53": 15,
        "54": 14,
        "55": 7,
        "56": 13,
        "57": 13,
        "58": 8,
        "59": 7,
        "60": 5
    },
    "task_service_time": {
        "0": 0,
        "1": 59,
        "2": 12,
        "3": 98,
        "4": 59,
        "5": 94,
        "6": 30,
        "7": 29,
        "8": 20,
        "9": 18,
        "10": 96,
        "11": 51,
        "12": 11,
        "13": 45,
        "14": 14,
        "15": 84,
        "16": 58,
        "17": 13,
        "18": 88,
        "19": 87,
        "20": 79,
        "21": 42,
        "22": 99,
        "23": 21,
        "24": 69,
        "25": 58,
        "26": 23,
        "27": 80,
        "28": 37,
        "29": 58,
        "30": 63,
        "31": 93,
        "32": 13,
        "33": 24,
        "34": 12,
        "35": 80,
        "36": 67,
        "37": 53,
        "38": 89,
        "39": 75,
        "40": 56,
        "41": 55,
        "42": 58,
        "43": 17,
        "44": 26,
        "45": 67,
        "46": 45,
        "47": 77,
        "48": 36,
        "49": 82,
        "50": 12,
        "51": 42,
        "52": 39,
        "53": 37,
        "54": 22,
        "55": 42,
        "56": 33,
        "57": 71,
        "58": 86,
        "59": 64,
        "60": 43
    },
    "task_precedence": [],
    "coordinates": {
        "0": [
            50.0,
            50.0
        ],
        "1": [
            68.60672955222306,
            3.2235763403958617
        ],
        "2": [
            88.76876994583711,
            98.05604245503244
        ],
        "3": [
            80.63739300908814,
            14.431848357880972
        ],
        "4": [
            71.73357573009423,
            22.28654219343389
        ],
        "5": [
            82.2833816537582,
            47.876108143870766
        ],
        "6": [
            95.55357172456526,
            97.0727314122929
        ],
        "7": [
            57.59705303640392,
            42.70372545964612
        ],
        "8": [
            25.25615726020257,
            0.15633185107021275
        ],
        "9": [
            98.97303355332208,
            94.92745485300786
        ],
        "10": [
            45.84668240809041,
            54.510328887712255
        ],
        "11": [
            45.08509624979315,
            41.01732516502366
        ],
        "12": [
            70.67517796764982,
            76.89840941264174
        ],
        "13": [
            65.31837947916648,
            35.577441607066454
        ],
        "14": [
            4.09125811466261,
            57.18106121959189
        ],
        "15": [
            34.75974476240127,
            21.040793377603283
        ],
        "16": [
            36.709527575917654,
            15.573347099453361
        ],
        "17": [
            66.36263324612915,
            77.44487157772183
        ],
        "18": [
            35.84112753226496,
            28.25148460502972
        ],
        "19": [
            59.76611779973131,
            18.440708175365717
        ],
        "20": [
            83.17862778136825,
            74.75385520670413
        ],
        "21": [
            29.34793636838584,
            8.752213044654745
        ],
        "22": [
            53.47527062073878,
            1.3055392024273638
        ],
        "23": [
            24.213625714998255,
            80.4737159254863
        ],
        "24": [
            4.34883320178856,
            44.907791970677316
        ],
        "25": [
            49.7458549290937,
            45.656509897458285
        ],
        "26": [
            13.459887609506538,
            97.89776490929202
        ],
        "27": [
            24.973014162100526,
            4.445721037911854
        ],
        "28": [
            66.51808624076328,
            62.57209824807114
        ],
        "29": [
            66.42141835154837,
            2.673455010705361
        ],
        "30": [
            59.89592366237419,
            94.43351967543968
        ],
        "31": [
            93.38702302006544,
            83.64520633690617
        ],
        "32": [
            92.05571884637914,
            61.28205383244312
        ],
        "33": [
            79.08386988602356,
            6.067446994202319
        ],
        "34": [
            46.898115320057656,
            57.784889669987614
        ],
        "35": [
            45.40127901947626,
            55.118267769120756
        ],
        "36": [
            3.4248067427084417,
            8.468122738714523
        ],
        "37": [
            8.835925338221905,
            21.07455430486793
        ],
        "38": [
            31.574864879295895,
            61.881954832538675
        ],
        "39": [
            5.529063746588148,
            89.73462431838475
        ],
        "40": [
            18.168100030931612,
            73.08503535664336
        ],
        "41": [
            5.189596955655662,
            16.23354092833047
        ],
        "42": [
            85.01826486269171,
            19.392131079006003
        ],
        "43": [
            1.4659373001288833,
            51.90322431055849
        ],
        "44": [
            54.00840169595098,
            45.53595300010039
        ],
        "45": [
            66.46014461777546,
            83.42881134013085
        ],
        "46": [
            31.366307556169293,
            2.0623247553537283
        ],
        "47": [
            23.148583296225233,
            81.5974329781041
        ],
        "48": [
            33.96077104486282,
            18.24194524856274
        ],
        "49": [
            76.13018727972191,
            97.4813381456739
        ],
        "50": [
            95.90741312075991,
            95.46267654906137
        ],
        "51": [
            16.884657237595636,
            3.6276510310661148
        ],
        "52": [
            50.97918937496968,
            60.821861669583235
        ],
        "53": [
            37.555374024402376,
            28.536961728144583
        ],
        "54": [
            20.55672705039201,
            18.822293194185857
        ],
        "55": [
            23.445899795235558,
            22.274695384243792
        ],
        "56": [
            79.54623970748017,
            73.35978828555912
        ],
        "57": [
            64.39757841533937,
            82.5685968114611
        ],
        "58": [
            37.77365818641297,
            22.169743585059898
        ],
        "59": [
            20.908036381062622,
            11.455773760005494
        ],
        "60": [
            36.238896090508376,
            53.65672102160989
        ]
    },
    "distance_matrix_str_keys": {
        "0,0": 0.0,
        "0,1": 50.34127724851987,
        "0,2": 61.74464138330648,
        "0,3": 46.94404394201779,
        "0,4": 35.2190865527779,
        "0,5": 32.35317059607518,
        "0,6": 65.50549549067603,
        "0,7": 10.533320322013862,
        "0,8": 55.64754269572435,
        "0,9": 66.45926733709807,
        "0,10": 6.131322344698356,
        "0,11": 10.23937137058299,
        "0,12": 33.9262054011952,
        "0,13": 21.039556565320634,
        "0,14": 46.466979907608135,
        "0,15": 32.72462418280493,
        "0,16": 36.90299563978526,
        "0,17": 31.95241372204883,
        "0,18": 25.951331207528536,
        "0,19": 33.03582838904841,
        "0,20": 41.39534622453415,
        "0,21": 46.12903273381949,
        "0,22": 48.818316421745934,
        "0,23": 39.919725212899905,
        "0,24": 45.93429669268945,
        "0,25": 4.350918982001826,
        "0,26": 60.244300118896724,
        "0,27": 51.9763633961262,
        "0,28": 20.758247214455434,
        "0,29": 50.094558998960146,
        "0,30": 45.52215917417827,
        "0,31": 54.90385848004382,
        "0,32": 43.54271725976496,
        "0,33": 52.68719674792322,
        "0,34": 8.380107143798394,
        "0,35": 6.880763010969754,
        "0,36": 62.403088511711815,
        "0,37": 50.31065942146332,
        "0,38": 21.924106706059728,
        "0,39": 59.63643635377782,
        "0,40": 39.321606186144656,
        "0,41": 56.108341440781494,
        "0,42": 46.50935942236121,
        "0,43": 48.5713650717305,
        "0,44": 5.999583299981373,
        "0,45": 37.26153228803323,
        "0,46": 51.43185007320314,
        "0,47": 41.46560441866891,
        "0,48": 35.57851749399626,
        "0,49": 54.19653272467869,
        "0,50": 64.60917534255249,
        "0,51": 56.982634856314874,
        "0,52": 10.866071131170106,
        "0,53": 24.80989172752774,
        "0,54": 42.88304704256016,
        "0,55": 38.39026899777004,
        "0,56": 37.66510307430504,
        "0,57": 35.609040460160685,
        "0,58": 30.397476972011695,
        "0,59": 48.290783009239526,
        "0,60": 14.238665296919839,
        "1,0": 50.34127724851987,
        "1,1": 0.0,
        "1,2": 96.9520732228941,
        "1,3": 16.442695181456376,
        "1,4": 19.317707786747405,
        "1,5": 46.70010074043485,
        "1,6": 97.64116043334438,
        "1,7": 40.986524022673805,
        "1,8": 43.45894737338898,
        "1,9": 96.60079581940856,
        "1,10": 56.110166038364255,
        "1,11": 44.51555552200865,
        "1,12": 73.70386358306175,
        "1,13": 32.520544950797564,
        "1,14": 84.10503093929249,
        "1,15": 38.25011898430359,
        "1,16": 34.20450747662496,
        "1,17": 74.25521284689265,
        "1,18": 41.230824243922285,
        "1,19": 17.59879306774042,
        "1,20": 72.99945898903903,
        "1,21": 39.64616836541688,
        "1,22": 15.252538013649454,
        "1,23": 89.09731608874972,
        "1,24": 76.59406684655792,
        "1,25": 46.435831443051384,
        "1,26": 109.56448401482054,
        "1,27": 43.65082767151022,
        "1,28": 59.38526318463461,
        "1,29": 2.253490297555039,
        "1,30": 91.62495240071087,
        "1,31": 84.15284615298522,
        "1,32": 62.61502940678064,
        "1,33": 10.856245661817484,
        "1,34": 58.72138319327008,
        "1,35": 56.84674074131543,
        "1,36": 65.39257089356282,
        "1,37": 62.379535511868994,
        "1,38": 69.36976552130959,
        "1,39": 107.06518269604389,
        "1,40": 86.16657590890404,
        "1,41": 64.73787056545747,
        "1,42": 23.038243283336335,
        "1,43": 82.93126135986253,
        "1,44": 44.759897171373375,
        "1,45": 80.23395508289188,
        "1,46": 37.25852299391279,
        "1,47": 90.60300472555936,
        "1,48": 37.761009593965056,
        "1,49": 94.55753844468452,
        "1,50": 96.19448492826194,
        "1,51": 51.723650691682515,
        "1,52": 60.23531062062487,
        "1,53": 40.0618791359543,
        "1,54": 50.51853825983766,
        "1,55": 49.01474962868292,
        "1,56": 70.98423140707966,
        "1,57": 79.45658705763098,
        "1,58": 36.18888701123479,
        "1,59": 48.40386766149927,
        "1,60": 59.92644429166112,
        "2,0": 61.74464138330648,
        "2,1": 96.9520732228941,
        "2,2": 0.0,
        "2,3": 84.01859990076933,
        "2,4": 77.66089757310601,
        "2,5": 50.59729309727483,
        "2,6": 6.855686383098794,
        "2,7": 63.526017755244,
        "2,8": 116.6970664005526,
        "2,9": 10.673099650738028,
        "2,10": 61.14355868515574,
        "2,11": 71.84482317934946,
        "2,12": 27.83924400247942,
        "2,13": 66.73452162830549,
        "2,14": 94.0268318136707,
        "2,15": 94.06552711659813,
        "2,16": 97.5374786902516,
        "2,17": 30.44429875591975,
        "2,18": 87.60143622163588,
        "2,19": 84.73343663496182,
        "2,20": 23.9633390823384,
        "2,21": 107.26606830865481,
        "2,22": 102.98684854991467,
        "2,23": 66.90668765419484,
        "2,24": 99.75701604106305,
        "2,25": 65.33375014995123,
        "2,26": 75.3090486630177,
        "2,27": 113.28190822825498,
        "2,28": 41.88320930666584,
        "2,29": 97.96551490628454,
        "2,30": 29.099208301896237,
        "2,31": 15.132761118880852,
        "2,32": 36.92059414864695,
        "2,33": 92.49702148731511,
        "2,34": 58.09403984427086,
        "2,35": 61.02779501363381,
        "2,36": 123.73191752459995,
        "2,37": 110.9748132004694,
        "2,38": 67.67353538925231,
        "2,39": 83.65461546108627,
        "2,40": 74.88661955210183,
        "2,41": 116.96324172067831,
        "2,42": 78.75326813125942,
        "2,43": 98.75154282663851,
        "2,44": 62.98129085071023,
        "2,45": 26.676406319378536,
        "2,46": 111.84738050666559,
        "2,47": 67.65275102938486,
        "2,48": 96.82048779268256,
        "2,49": 12.651642456670311,
        "2,50": 7.595115081493176,
        "2,51": 118.67622662845731,
        "2,52": 53.05126406114746,
        "2,53": 86.34647941240674,
        "2,54": 104.55080017819446,
        "2,55": 100.04943742258463,
        "2,56": 26.36209464364766,
        "2,57": 28.87587140120245,
        "2,58": 91.42883450826086,
        "2,59": 110.02129656571118,
        "2,60": 68.77999266505576,
        "3,0": 46.94404394201779,
        "3,1": 16.442695181456376,
        "3,2": 84.01859990076933,
        "3,3": 0.0,
        "3,4": 11.873254709134457,
        "3,5": 33.48473967721949,
        "3,6": 83.97623437309535,
        "3,7": 36.47130791340205,
        "3,8": 57.19153472857559,
        "3,9": 82.55748530076282,
        "3,10": 53.072385905501186,
        "3,11": 44.39316818975752,
        "3,12": 63.25596397605537,
        "3,13": 26.111458967088023,
        "3,14": 87.67443166380642,
        "3,15": 46.35123259332424,
        "3,16": 43.9426942834841,
        "3,17": 64.60967312712854,
        "3,18": 46.8795024149524,
        "3,19": 21.252790073328182,
        "3,20": 60.375511463152954,
        "3,21": 51.602971036459984,
        "3,22": 30.167546878793686,
        "3,23": 86.86293678822246,
        "3,24": 82.15063905145392,
        "3,25": 43.92341759481957,
        "3,26": 107.14185203494445,
        "3,27": 56.553035385128496,
        "3,28": 50.1681022474243,
        "3,29": 18.448678802849727,
        "3,30": 82.6466936075689,
        "3,31": 70.37785154542235,
        "3,32": 48.22157108530621,
        "3,33": 8.507446401042184,
        "3,34": 54.93473445814347,
        "3,35": 53.8234935097698,
        "3,36": 77.44255613810685,
        "3,37": 72.10808763230783,
        "3,38": 68.2542619251209,
        "3,39": 106.35680134322365,
        "3,40": 85.68902444480592,
        "3,41": 75.46930518720015,
        "3,42": 6.6178880975117345,
        "3,43": 87.59122909779607,
        "3,44": 40.94592170105919,
        "3,45": 70.43845024362007,
        "3,46": 50.800048974999136,
        "3,47": 88.40915676318893,
        "3,48": 46.831868170163624,
        "3,49": 83.17170587104461,
        "3,50": 82.45707144665919,
        "3,51": 64.66175065853456,
        "3,52": 55.060352140744165,
        "3,53": 45.33226867237966,
        "3,54": 60.24087007921669,
        "3,55": 57.72674549555928,
        "3,56": 58.9380413624991,
        "3,57": 70.04532866555621,
        "3,58": 43.55656994639746,
        "3,59": 59.80345360604165,
        "3,60": 59.24370991181161,
        "4,0": 35.2190865527779,
        "4,1": 19.317707786747405,
        "4,2": 77.66089757310601,
        "4,3": 11.873254709134457,
        "4,4": 0.0,
        "4,5": 27.678950315334102,
        "4,6": 78.48800103872948,
        "4,7": 24.833498472734725,
        "4,8": 51.477146749044735,
        "4,9": 77.58021819071705,
        "4,10": 41.33404982315618,
        "4,11": 32.57274457795697,
        "4,12": 54.62212232229663,
        "4,13": 14.758141826165513,
        "4,14": 76.11248642932271,
        "4,15": 36.994811346183056,
        "4,16": 35.66161714611276,
        "4,17": 55.41920536810017,
        "4,18": 36.38472723008257,
        "4,19": 12.570222297538605,
        "4,20": 53.7011000938421,
        "4,21": 44.494050047262455,
        "4,22": 27.813093894332216,
        "4,23": 75.12584665986314,
        "4,24": 71.08040846175886,
        "4,25": 32.08761843000964,
        "4,26": 95.46140438817473,
        "4,27": 50.048426725097485,
        "4,28": 40.621759652243554,
        "4,29": 20.319749133583056,
        "4,30": 73.11167052027636,
        "4,31": 65.06733008976926,
        "4,32": 43.97316714573639,
        "4,33": 17.806905212878103,
        "4,34": 43.32358211580204,
        "4,35": 42.08695824520029,
        "4,36": 69.69244318287748,
        "4,37": 62.909326331317736,
        "4,38": 56.39608815564256,
        "4,39": 94.51074642234245,
        "4,40": 73.82240238931689,
        "4,41": 66.81870947158643,
        "4,42": 13.596344400208359,
        "4,43": 76.25410723463459,
        "4,44": 29.235541681279095,
        "4,45": 61.36926064491492,
        "4,46": 45.15014186919371,
        "4,47": 76.66996318944065,
        "4,48": 37.98872909476048,
        "4,49": 75.32322039993598,
        "4,50": 77.06569310285343,
        "4,51": 57.93580999007299,
        "4,52": 43.768886210488326,
        "4,53": 34.74503153250621,
        "4,54": 51.29396516076652,
        "4,55": 48.28767738809579,
        "4,56": 51.66734156902529,
        "4,57": 60.7267895213711,
        "4,58": 33.960118396268115,
        "4,59": 51.96672969293439,
        "4,60": 47.370459174770225,
        "5,0": 32.35317059607518,
        "5,1": 46.70010074043485,
        "5,2": 50.59729309727483,
        "5,3": 33.48473967721949,
        "5,4": 27.678950315334102,
        "5,5": 0.0,
        "5,6": 50.95493779341115,
        "5,7": 25.22237822323802,
        "5,8": 74.3591377805571,
        "5,9": 49.92367882750672,
        "5,10": 37.03573864252291,
        "5,11": 37.82532671300754,
        "5,12": 31.25770886922913,
        "5,13": 20.953961376489456,
        "5,14": 78.74382728375957,
        "5,15": 54.57682825143098,
        "5,16": 55.86093936375429,
        "5,17": 33.582465675796804,
        "5,18": 50.41833810159345,
        "5,19": 37.06035540544279,
        "5,20": 26.892652394337162,
        "5,21": 65.82431568421437,
        "5,22": 54.76061680460245,
        "5,23": 66.59354764443164,
        "5,24": 77.99105553405752,
        "5,25": 32.6131455357151,
        "5,26": 85.08136974694729,
        "5,27": 71.9074178802319,
        "5,28": 21.552648667895877,
        "5,29": 47.90492386047513,
        "5,30": 51.66034111226764,
        "5,31": 37.45289357492393,
        "5,32": 16.589694210901964,
        "5,33": 41.930907725443625,
        "5,34": 36.746442342616454,
        "5,35": 37.58641204961319,
        "5,36": 88.15704254734646,
        "5,37": 78.1847307817043,
        "5,38": 52.60719926903916,
        "5,39": 87.42631579637205,
        "5,40": 68.89310087950194,
        "5,41": 83.33488884655318,
        "5,42": 28.614970480471378,
        "5,43": 80.91771732118973,
        "5,44": 28.371655181030853,
        "5,45": 38.914901192965374,
        "5,46": 68.49416897101037,
        "5,47": 68.07387256034406,
        "5,48": 56.6856093428004,
        "5,49": 49.98540431502442,
        "5,50": 49.49844165219485,
        "5,51": 78.9615039884936,
        "5,52": 33.875433407941216,
        "5,53": 48.729839426993884,
        "5,54": 68.22246002346883,
        "5,55": 64.16604714910193,
        "5,56": 25.630253599954017,
        "5,57": 39.0316631394861,
        "5,58": 51.39973406516837,
        "5,59": 71.36787627479995,
        "5,60": 46.40592781128942,
        "6,0": 65.50549549067603,
        "6,1": 97.64116043334438,
        "6,2": 6.855686383098794,
        "6,3": 83.97623437309535,
        "6,4": 78.48800103872948,
        "6,5": 50.95493779341115,
        "6,6": 0.0,
        "6,7": 66.30751178564674,
        "6,8": 119.7268348545344,
        "6,9": 4.036697996400376,
        "6,10": 65.43953662874387,
        "6,11": 75.42728674885545,
        "6,12": 32.030262941002185,
        "6,13": 68.5261812619455,
        "6,14": 99.7832659399331,
        "6,15": 97.34857470973276,
        "6,16": 100.5224908920382,
        "6,17": 35.17618186980233,
        "6,18": 91.11498232192558,
        "6,19": 86.39292179776517,
        "6,20": 25.520021016403273,
        "6,21": 110.379799409329,
        "6,22": 104.60372138478446,
        "6,23": 73.24558151710708,
        "6,24": 105.0689546724221,
        "6,25": 68.86199788618298,
        "6,26": 82.0978297633635,
        "6,27": 116.453330380561,
        "6,28": 45.09271677346879,
        "6,29": 98.79223524798039,
        "6,30": 35.7551856926939,
        "6,31": 13.601189761896167,
        "6,32": 35.96119542482141,
        "6,33": 92.48358162759499,
        "6,34": 62.53709256672687,
        "6,35": 65.38676841046035,
        "6,36": 127.82208735300863,
        "6,37": 115.30686501001759,
        "6,38": 73.01825583974939,
        "6,39": 90.32308593265915,
        "6,40": 81.01802756982177,
        "6,41": 121.2461242850199,
        "6,42": 78.3917620596303,
        "6,43": 104.36842110236226,
        "6,44": 66.19698393290967,
        "6,45": 32.13384595335015,
        "6,46": 114.66029066132877,
        "6,47": 74.04030801485945,
        "6,48": 100.03982178493374,
        "6,49": 19.4276818677563,
        "6,50": 1.6484782061878973,
        "6,51": 122.15064942116385,
        "6,52": 57.454339426633744,
        "6,53": 89.78275259015955,
        "6,54": 108.38661260694447,
        "6,55": 103.89544044240427,
        "6,56": 28.610109227979333,
        "6,57": 34.36663846819433,
        "6,58": 94.5990274470249,
        "6,59": 113.5879367906279,
        "6,60": 73.50633104581725,
        "7,0": 10.533320322013862,
        "7,1": 40.986524022673805,
        "7,2": 63.526017755244,
        "7,3": 36.47130791340205,
        "7,4": 24.833498472734725,
        "7,5": 25.22237822323802,
        "7,6": 66.30751178564674,
        "7,7": 0.0,
        "7,8": 53.44356128188132,
        "7,9": 66.62799468307196,
        "7,10": 16.657343558033368,
        "7,11": 12.625094399002249,
        "7,12": 36.61029585188477,
        "7,13": 10.50727384164142,
        "7,14": 55.42980552837654,
        "7,15": 31.477377203207876,
        "7,16": 34.23954073625518,
        "7,17": 35.82991250352997,
        "7,18": 26.118720494340593,
        "7,19": 24.359779343926704,
        "7,20": 41.00765517845966,
        "7,21": 44.16693093014966,
        "7,22": 41.60287148346209,
        "7,23": 50.40858458152968,
        "7,24": 53.293816008431726,
        "7,25": 8.388101552581325,
        "7,26": 70.67157393669942,
        "7,27": 50.27924835163606,
        "7,28": 21.779280766203232,
        "7,29": 40.99136464464759,
        "7,30": 51.780849894177074,
        "7,31": 54.37947046316691,
        "7,32": 39.14784712511058,
        "7,33": 42.472346275272336,
        "7,34": 18.490775597511902,
        "7,35": 17.40280910157046,
        "7,36": 64.08360759328599,
        "7,37": 53.34293410791257,
        "7,38": 32.325821851318985,
        "7,39": 70.16395767162277,
        "7,40": 49.776162228170286,
        "7,41": 58.71296383233826,
        "7,42": 35.99101680405317,
        "7,43": 56.87998710361177,
        "7,44": 4.571644264839766,
        "7,45": 41.678375836309115,
        "7,46": 48.37122553394433,
        "7,47": 51.955919316006344,
        "7,48": 34.015474676667395,
        "7,49": 57.827881825822715,
        "7,50": 65.20115497326967,
        "7,51": 56.4308316829262,
        "7,52": 19.288934111639403,
        "7,53": 24.54314756188152,
        "7,54": 44.071629833712706,
        "7,55": 39.795056697075545,
        "7,56": 37.70359377444113,
        "7,57": 40.44076054337139,
        "7,58": 28.54139791608819,
        "7,59": 48.192514237783705,
        "7,60": 24.002895240072686,
        "8,0": 55.64754269572435,
        "8,1": 43.45894737338898,
        "8,2": 116.6970664005526,
        "8,3": 57.19153472857559,
        "8,4": 51.477146749044735,
        "8,5": 74.3591377805571,
        "8,6": 119.7268348545344,
        "8,7": 53.44356128188132,
        "8,8": 0.0,
        "8,9": 120.06558043612449,
        "8,10": 58.12337498567245,
        "8,11": 45.418141706325386,
        "8,12": 89.17529876871612,
        "8,13": 53.4755707353178,
        "8,14": 60.82575700633751,
        "8,15": 22.945128212001503,
        "8,16": 19.205833768878193,
        "8,17": 87.54005221074388,
        "8,18": 30.02297793238977,
        "8,19": 39.05452334888097,
        "8,20": 94.44470912692597,
        "8,21": 9.520075092371137,
        "8,22": 28.24250407437709,
        "8,23": 80.32414989640422,
        "8,24": 49.394426630140394,
        "8,25": 51.67215395323391,
        "8,26": 98.45069686877179,
        "8,27": 4.298724184010509,
        "8,28": 74.821619055737,
        "8,29": 41.24214627925467,
        "8,30": 100.43954181729653,
        "8,31": 107.75995096556107,
        "8,32": 90.54576365490266,
        "8,33": 54.15130588234539,
        "8,34": 61.55830589735907,
        "8,35": 58.53751216575451,
        "8,36": 23.360088466819175,
        "8,37": 26.593157898192533,
        "8,38": 62.048195770916465,
        "8,39": 91.72474420708203,
        "8,40": 73.27234369316447,
        "8,41": 25.71271075110435,
        "8,42": 62.78156956487266,
        "8,43": 56.95362538910524,
        "8,44": 53.721518739910294,
        "8,45": 92.90895766511996,
        "8,46": 6.400526977560624,
        "8,47": 81.46836699478759,
        "8,48": 20.071365501720564,
        "8,49": 109.81950546542997,
        "8,50": 118.63768075264387,
        "8,51": 9.062674521239042,
        "8,52": 65.89370902702497,
        "8,53": 30.931066668193967,
        "8,54": 19.248448175361247,
        "8,55": 22.192319335190984,
        "8,56": 91.13813189926769,
        "8,57": 91.23503858685798,
        "8,58": 25.323469857186495,
        "8,59": 12.107169059405082,
        "8,60": 54.61604337201576,
        "9,0": 66.45926733709807,
        "9,1": 96.60079581940856,
        "9,2": 10.673099650738028,
        "9,3": 82.55748530076282,
        "9,4": 77.58021819071705,
        "9,5": 49.92367882750672,
        "9,6": 4.036697996400376,
        "9,7": 66.62799468307196,
        "9,8": 120.06558043612449,
        "9,9": 0.0,
        "9,10": 66.75292695680865,
        "9,11": 76.2247457837961,
        "9,12": 33.55316840833887,
        "9,13": 68.22799874790773,
        "9,14": 102.11435522354822,
        "9,15": 97.89067984914209,
        "9,16": 100.86534882684447,
        "9,17": 37.00106655452893,
        "9,18": 91.82223350779948,
        "9,19": 85.95001256683426,
        "9,20": 25.621033866307474,
        "9,21": 110.78730278664584,
        "9,22": 104.09183215773444,
        "9,23": 76.14380887059555,
        "9,24": 107.03133170725829,
        "9,25": 69.64869799295953,
        "9,26": 85.56471744263963,
        "9,27": 116.88860947109883,
        "9,28": 45.827859497183475,
        "9,29": 97.82846282727688,
        "9,30": 39.08023143980672,
        "9,31": 12.589386214455924,
        "9,32": 34.34912302504255,
        "9,33": 91.05866146639522,
        "9,34": 63.96379645843486,
        "9,35": 66.74357092720282,
        "9,36": 128.85914696404808,
        "9,37": 116.5287483703233,
        "9,38": 75.06342792742224,
        "9,39": 93.5881455217653,
        "9,40": 83.70500923489053,
        "9,41": 122.42575329093569,
        "9,42": 76.81354507410973,
        "9,43": 106.57728760622179,
        "9,44": 66.79325245378215,
        "9,45": 34.486326994497674,
        "9,46": 114.86775782659085,
        "9,47": 76.9872505027707,
        "9,48": 100.5348778273603,
        "9,49": 22.985167951352633,
        "9,50": 3.111991468572667,
        "9,51": 122.77685329115326,
        "9,52": 58.87784443582519,
        "9,53": 90.44239315372421,
        "9,54": 109.2753986800181,
        "9,55": 104.7987184661052,
        "9,56": 29.02696264326475,
        "9,57": 36.717890327328995,
        "9,58": 95.07390858826581,
        "9,59": 114.28764293656933,
        "9,60": 75.09224643187406,
        "10,0": 6.131322344698356,
        "10,1": 56.110166038364255,
        "10,2": 61.14355868515574,
        "10,3": 53.072385905501186,
        "10,4": 41.33404982315618,
        "10,5": 37.03573864252291,
        "10,6": 65.43953662874387,
        "10,7": 16.657343558033368,
        "10,8": 58.12337498567245,
        "10,9": 66.75292695680865,
        "10,10": 0.0,
        "10,11": 13.514479750881954,
        "10,12": 33.431726568363,
        "10,13": 27.158814547203495,
        "10,14": 41.84074890716857,
        "10,15": 35.25804863604684,
        "10,16": 39.99470151415438,
        "10,17": 30.771699452397716,
        "10,18": 28.100498775561327,
        "10,19": 38.66223247504732,
        "10,20": 42.46733454292979,
        "10,21": 48.6416877419908,
        "10,22": 53.74890699887353,
        "10,23": 33.79477190868127,
        "10,24": 42.5943682191905,
        "10,25": 9.674381482075688,
        "10,26": 54.14216547065934,
        "10,27": 54.241819523297174,
        "10,28": 22.187813358532292,
        "10,29": 55.770792109165356,
        "10,30": 42.3230710428054,
        "10,31": 55.757735512502215,
        "10,32": 46.70258351828286,
        "10,33": 58.748816478222174,
        "10,34": 3.4392236747823963,
        "10,35": 0.7536404063724178,
        "10,36": 62.605912516598075,
        "10,37": 49.87732110728883,
        "10,38": 16.063176667323443,
        "10,39": 53.53747624908752,
        "10,40": 33.333521308378394,
        "10,41": 55.8400491938721,
        "10,42": 52.60894115384807,
        "10,43": 44.45725509536173,
        "10,44": 12.130667100616703,
        "10,45": 35.51328556499603,
        "10,46": 54.41024162159222,
        "10,47": 35.339990256022666,
        "10,48": 38.16635351629798,
        "10,49": 52.56993726416224,
        "10,50": 64.67744226902003,
        "10,51": 58.54780788244424,
        "10,52": 8.13499070815058,
        "10,53": 27.264658375250622,
        "10,54": 43.74034446202719,
        "10,55": 39.25469563043788,
        "10,56": 38.612980741791105,
        "10,57": 33.63632176015444,
        "10,58": 33.3329743317623,
        "10,59": 49.75571105819039,
        "10,60": 9.645631358982591,
        "11,0": 10.23937137058299,
        "11,1": 44.51555552200865,
        "11,2": 71.84482317934946,
        "11,3": 44.39316818975752,
        "11,4": 32.57274457795697,
        "11,5": 37.82532671300754,
        "11,6": 75.42728674885545,
        "11,7": 12.625094399002249,
        "11,8": 45.418141706325386,
        "11,9": 76.2247457837961,
        "11,10": 13.514479750881954,
        "11,11": 0.0,
        "11,12": 44.07158369188981,
        "11,13": 20.951803821250643,
        "11,14": 44.06541873500163,
        "11,15": 22.487212045782876,
        "11,16": 26.78705229046352,
        "11,17": 42.18648738968115,
        "11,18": 15.761270343910292,
        "11,19": 26.93020661724414,
        "11,20": 50.884875982951115,
        "11,21": 35.89840750329954,
        "11,22": 40.588433947541425,
        "11,23": 44.636588737571934,
        "11,24": 40.921618480726266,
        "11,25": 6.576070745386637,
        "11,26": 65.08101295341832,
        "11,27": 41.73701084567829,
        "11,28": 30.397060756176643,
        "11,29": 43.88041726375297,
        "11,30": 55.43149325626959,
        "11,31": 64.42214202372413,
        "11,32": 51.155631313424784,
        "11,33": 48.75869761307094,
        "11,34": 16.86529743518536,
        "11,35": 14.104487011865592,
        "11,36": 52.86804611864298,
        "11,37": 41.37289573328146,
        "11,38": 24.85677217272822,
        "11,39": 62.75392373543417,
        "11,40": 41.86720342200941,
        "11,41": 46.96686944027127,
        "11,42": 45.4126301233932,
        "11,43": 44.95702200638775,
        "11,44": 10.002168644717013,
        "11,45": 47.4934400977113,
        "11,46": 41.30008741077537,
        "11,47": 46.129770763394056,
        "11,48": 25.34696316334917,
        "11,49": 64.43587850674189,
        "11,50": 74.47955544620477,
        "11,51": 46.83217368779935,
        "11,52": 20.663010427541437,
        "11,53": 14.575876931016257,
        "11,54": 33.07960610056659,
        "11,55": 28.62762641747154,
        "11,56": 47.261033940387726,
        "11,57": 45.8200844917442,
        "11,58": 20.21604456781874,
        "11,59": 38.189207184330385,
        "11,60": 15.427559265082058,
        "12,0": 33.9262054011952,
        "12,1": 73.70386358306175,
        "12,2": 27.83924400247942,
        "12,3": 63.25596397605537,
        "12,4": 54.62212232229663,
        "12,5": 31.25770886922913,
        "12,6": 32.030262941002185,
        "12,7": 36.61029585188477,
        "12,8": 89.17529876871612,
        "12,9": 33.55316840833887,
        "12,10": 33.431726568363,
        "12,11": 44.07158369188981,
        "12,12": 0.0,
        "12,13": 41.66674537848627,
        "12,14": 69.44200603924826,
        "12,15": 66.40776770407552,
        "12,16": 70.10298620065919,
        "12,17": 4.347029200842775,
        "12,18": 59.83255270312636,
        "12,19": 59.466885135290966,
        "12,20": 12.686030505496202,
        "12,21": 79.6984628310244,
        "12,22": 77.52495623578668,
        "12,23": 46.598912588027844,
        "12,24": 73.63819399142002,
        "12,25": 37.60442591197286,
        "12,26": 60.94720979701482,
        "12,27": 85.66259294018002,
        "12,28": 14.917258568847314,
        "12,29": 74.34674388862709,
        "12,30": 20.583304285422322,
        "12,31": 23.69276628893722,
        "12,32": 26.4763685174953,
        "12,33": 71.32833474083425,
        "12,34": 30.506972073615422,
        "12,35": 33.363820795201576,
        "12,36": 95.94434097000345,
        "12,37": 83.30903891451354,
        "12,38": 41.88470355348835,
        "12,39": 66.39867928814571,
        "12,40": 52.64537069053234,
        "12,41": 89.26694566689976,
        "12,42": 59.26800308315023,
        "12,43": 73.58449749819752,
        "12,44": 35.515983775188026,
        "12,45": 7.772557846366056,
        "12,46": 84.53180975147372,
        "12,47": 47.75832936285203,
        "12,48": 69.19919409880345,
        "12,49": 21.29352206244599,
        "12,50": 31.325671662937967,
        "12,51": 90.89567731317933,
        "12,52": 25.42414903153743,
        "12,53": 58.61527987973361,
        "12,54": 76.71176179286442,
        "12,55": 72.21048989546799,
        "12,56": 9.55078928010232,
        "12,57": 8.459271911748568,
        "12,58": 63.85715987406771,
        "12,59": 82.21622067976071,
        "12,60": 41.545560398046916,
        "13,0": 21.039556565320634,
        "13,1": 32.520544950797564,
        "13,2": 66.73452162830549,
        "13,3": 26.111458967088023,
        "13,4": 14.758141826165513,
        "13,5": 20.953961376489456,
        "13,6": 68.5261812619455,
        "13,7": 10.50727384164142,
        "13,8": 53.4755707353178,
        "13,9": 68.22799874790773,
        "13,10": 27.158814547203495,
        "13,11": 20.951803821250643,
        "13,12": 41.66674537848627,
        "13,13": 0.0,
        "13,14": 64.92670306542894,
        "13,15": 33.839980755015844,
        "13,16": 34.90888431748486,
        "13,17": 41.88045078885312,
        "13,18": 30.3739695847744,
        "13,19": 18.01375148230079,
        "13,20": 43.05554380037694,
        "13,21": 44.87165770295917,
        "13,22": 36.26048154486749,
        "13,23": 60.870980193255534,
        "13,24": 61.67934022974842,
        "13,25": 18.549693756636565,
        "13,26": 81.07481653071751,
        "13,27": 50.96010722284081,
        "13,28": 27.021302401615646,
        "13,29": 32.9224699663846,
        "13,30": 59.10533776805195,
        "13,31": 55.66290287390042,
        "13,32": 37.08924919831194,
        "13,33": 32.56268582584281,
        "13,34": 28.852675459282626,
        "13,35": 27.90223607198925,
        "13,36": 67.57018214855725,
        "13,37": 58.31467539036961,
        "13,38": 42.78495288744306,
        "13,39": 80.67070543262314,
        "13,40": 60.24921942174803,
        "13,41": 63.163731533439844,
        "13,42": 25.496073443057373,
        "13,43": 65.90649097857494,
        "13,44": 15.069424229943722,
        "13,45": 47.86498942820498,
        "13,46": 47.70750722316491,
        "13,47": 62.418998036664966,
        "13,48": 35.830420604771135,
        "13,49": 62.84097066865507,
        "13,50": 67.24529978507393,
        "13,51": 58.02253500170356,
        "13,52": 29.032621602898615,
        "13,53": 28.641802122191354,
        "13,54": 47.7947750961553,
        "13,55": 43.934810935635426,
        "13,56": 40.37248725568238,
        "13,57": 47.00017597884769,
        "13,58": 30.63458890445222,
        "13,59": 50.53843521336247,
        "13,60": 34.24144708245223,
        "14,0": 46.466979907608135,
        "14,1": 84.10503093929249,
        "14,2": 94.0268318136707,
        "14,3": 87.67443166380642,
        "14,4": 76.11248642932271,
        "14,5": 78.74382728375957,
        "14,6": 99.7832659399331,
        "14,7": 55.42980552837654,
        "14,8": 60.82575700633751,
        "14,9": 102.11435522354822,
        "14,10": 41.84074890716857,
        "14,11": 44.06541873500163,
        "14,12": 69.44200603924826,
        "14,13": 64.92670306542894,
        "14,14": 0.0,
        "14,15": 47.3991037146611,
        "14,16": 52.86921010333158,
        "14,17": 65.48546534150982,
        "14,18": 42.95316764957648,
        "14,19": 67.82702230632988,
        "14,20": 81.01614116527422,
        "14,21": 54.61916451176463,
        "14,22": 74.571138196295,
        "14,23": 30.780796628597233,
