{
    "num_robots": 2,
    "num_tasks": 50,
    "num_nodes": 51,
    "robot_capacity": [
        338,
        306
    ],
    "robot_speed": [
        1.02,
        1.11
    ],
    "task_demand": {
        "0": 0,
        "1": 11,
        "2": 10,
        "3": 5,
        "4": 11,
        "5": 7,
        "6": 12,
        "7": 10,
        "8": 6,
        "9": 12,
        "10": 14,
        "11": 11,
        "12": 9,
        "13": 9,
        "14": 10,
        "15": 12,
        "16": 8,
        "17": 14,
        "18": 11,
        "19": 14,
        "20": 12,
        "21": 9,
        "22": 5,
        "23": 15,
        "24": 11,
        "25": 13,
        "26": 11,
        "27": 14,
        "28": 11,
        "29": 12,
        "30": 15,
        "31": 8,
        "32": 6,
        "33": 11,
        "34": 11,
        "35": 6,
        "36": 7,
        "37": 14,
        "38": 6,
        "39": 14,
        "40": 14,
        "41": 6,
        "42": 12,
        "43": 11,
        "44": 5,
        "45": 12,
        "46": 12,
        "47": 11,
        "48": 10,
        "49": 12,
        "50": 15
    },
    "task_service_time": {
        "0": 0,
        "1": 81,
        "2": 33,
        "3": 27,
        "4": 46,
        "5": 52,
        "6": 59,
        "7": 86,
        "8": 49,
        "9": 29,
        "10": 60,
        "11": 10,
        "12": 76,
        "13": 93,
        "14": 49,
        "15": 76,
        "16": 18,
        "17": 19,
        "18": 57,
        "19": 47,
        "20": 85,
        "21": 79,
        "22": 67,
        "23": 90,
        "24": 41,
        "25": 54,
        "26": 92,
        "27": 92,
        "28": 51,
        "29": 61,
        "30": 78,
        "31": 57,
        "32": 72,
        "33": 91,
        "34": 55,
        "35": 44,
        "36": 93,
        "37": 39,
        "38": 82,
        "39": 30,
        "40": 46,
        "41": 12,
        "42": 21,
        "43": 83,
        "44": 70,
        "45": 25,
        "46": 47,
        "47": 12,
        "48": 76,
        "49": 52,
        "50": 14
    },
    "task_precedence": [],
    "coordinates": {
        "0": [
            100,
            100
        ],
        "1": [
            47.590299285186596,
            42.68326914596751
        ],
        "2": [
            60.71660318110281,
            71.22377101940563
        ],
        "3": [
            96.13852745546441,
            53.16570701254528
        ],
        "4": [
            71.99172796453853,
            64.14564205621416
        ],
        "5": [
            39.637130468566184,
            17.707828981717423
        ],
        "6": [
            38.540956154277204,
            4.568138364107632
        ],
        "7": [
            23.040672682364583,
            79.1203401511874
        ],
        "8": [
            81.50988533300448,
            98.06559960301746
        ],
        "9": [
            46.54723124944401,
            30.183230995628485
        ],
        "10": [
            12.461925485470726,
            10.775954773152863
        ],
        "11": [
            76.87339647060425,
            99.4721762397393
        ],
        "12": [
            56.133252947850345,
            63.86041192463541
        ],
        "13": [
            28.69527836445247,
            99.23070192779736
        ],
        "14": [
            99.4882924636054,
            3.651470140719004
        ],
        "15": [
            84.56905094851851,
            27.63688760081101
        ],
        "16": [
            43.68598020637323,
            5.951954883501365
        ],
        "17": [
            25.67870466101282,
            5.2906318577623175
        ],
        "18": [
            72.66661175770244,
            24.625606001904067
        ],
        "19": [
            58.85009842968817,
            1.026721347109083
        ],
        "20": [
            88.03397352327255,
            28.081408307072596
        ],
        "21": [
            6.389079360442018,
            41.52339480775768
        ],
        "22": [
            78.3111970852764,
            95.17418130184275
        ],
        "23": [
            16.218886923366536,
            59.88766649263204
        ],
        "24": [
            12.561470342384107,
            89.94330386524855
        ],
        "25": [
            83.43855838633493,
            92.80392904383893
        ],
        "26": [
            28.10881008073047,
            82.44101898533441
        ],
        "27": [
            1.7379469313109408,
            95.95971598004192
        ],
        "28": [
            37.5071400531401,
            85.07504682295016
        ],
        "29": [
            41.19124730461417,
            54.77782784556484
        ],
        "30": [
            32.94212918201267,
            15.975656376802206
        ],
        "31": [
            90.05816394517294,
            77.57086180005297
        ],
        "32": [
            18.41064005822378,
            84.86194522639653
        ],
        "33": [
            16.1255313598768,
            38.804622778614984
        ],
        "34": [
            28.73101483139411,
            55.836905205477926
        ],
        "35": [
            37.78106472095103,
            11.316117455037489
        ],
        "36": [
            51.071721623279664,
            65.12178243291166
        ],
        "37": [
            17.535290177714568,
            34.87364160416807
        ],
        "38": [
            94.15958785993604,
            96.3960985120156
        ],
        "39": [
            46.6269732902314,
            74.33097359205118
        ],
        "40": [
            55.04334715468103,
            18.251697610502614
        ],
        "41": [
            23.670605968338666,
            82.23910174372082
        ],
        "42": [
            86.33111498718054,
            80.27871496997814
        ],
        "43": [
            17.437922146427475,
            97.17005736360643
        ],
        "44": [
            82.33064250891539,
            69.14905149750332
        ],
        "45": [
            29.22224985165325,
            58.86450619297471
        ],
        "46": [
            14.213429390387656,
            97.29700843888168
        ],
        "47": [
            90.80183327618705,
            94.95187255709592
        ],
        "48": [
            91.14122425080645,
            91.38826828996464
        ],
        "49": [
            51.48311799419446,
            42.35021700935319
        ],
        "50": [
            26.38365764674927,
            81.92448427935635
        ]
    },
    "distance_matrix_str_keys": {
        "0,0": 0.0,
        "0,1": 77.66585069906795,
        "0,2": 48.695550309802854,
        "0,3": 46.99321195499359,
        "0,4": 45.497233827712336,
        "0,5": 102.05722624572533,
        "0,6": 113.50971009443458,
        "0,7": 79.74144629102898,
        "0,8": 18.59102593442571,
        "0,9": 87.92940191602685,
        "0,10": 124.99537885999523,
        "0,11": 23.132626066397126,
        "0,12": 56.83626767473666,
        "0,13": 71.30887144701433,
        "0,14": 96.34988869037456,
        "0,15": 73.99009545018222,
        "0,16": 109.61890172571493,
        "0,17": 120.38903336586296,
        "0,18": 80.17738698276698,
        "0,19": 107.18686620360324,
        "0,20": 72.90726726970192,
        "0,21": 110.37444368056858,
        "0,22": 22.219196609715816,
        "0,23": 92.88850417444539,
        "0,24": 88.01496239749522,
        "0,25": 18.05726406543754,
        "0,26": 74.00446609686382,
        "0,27": 98.34508105765022,
        "0,28": 64.2503834360152,
        "0,29": 74.18567414233303,
        "0,30": 107.50278303351544,
        "0,31": 24.53377966260769,
        "0,32": 82.9818314936308,
        "0,33": 103.82581896103983,
        "0,34": 83.84299129201504,
        "0,35": 108.33294480677239,
        "0,36": 60.087157409607826,
        "0,37": 105.08030702265809,
        "0,38": 6.862836141195758,
        "0,39": 59.22481656276908,
        "0,40": 93.29461709348095,
        "0,41": 78.3685262086159,
        "0,42": 23.995155776302948,
        "0,43": 82.61056394205677,
        "0,44": 35.55259790298664,
        "0,45": 81.86341531361623,
        "0,46": 85.82914342073722,
        "0,47": 10.49237159839762,
        "0,48": 12.354749322431772,
        "0,49": 75.34842611782895,
        "0,50": 75.80296913735143,
        "1,0": 77.66585069906795,
        "1,1": 0.0,
        "1,2": 31.414329551268004,
        "1,3": 49.667010802946656,
        "1,4": 32.497125604151336,
        "1,5": 26.21117138976623,
        "1,6": 39.17465769626097,
        "1,7": 43.93568378638738,
        "1,8": 64.94413633661783,
        "1,9": 12.543482159556769,
        "1,10": 47.45607818075772,
        "1,11": 63.894285735702994,
        "1,12": 22.835354903099404,
        "1,13": 59.62075116778171,
        "1,14": 64.93753174808327,
        "1,15": 39.922696203798644,
        "1,16": 36.938234323221714,
        "1,17": 43.3396735375498,
        "1,18": 30.90146671994261,
        "1,19": 43.151489560536554,
        "1,20": 42.99889679788158,
        "1,21": 41.217542767219975,
        "1,22": 60.819975506402294,
        "1,23": 35.779278942388906,
        "1,24": 58.82626742172044,
        "1,25": 61.621248195579106,
        "1,26": 44.27422606791698,
        "1,27": 70.2909525020676,
        "1,28": 43.57445254634336,
        "1,29": 13.68306312154093,
        "1,30": 30.46088421564942,
        "1,31": 54.96056449834112,
        "1,32": 51.28833423400912,
        "1,33": 31.702926020110212,
        "1,34": 22.99327622795655,
        "1,35": 32.86516830837791,
        "1,36": 22.706985269395464,
        "1,37": 31.053081244730915,
        "1,38": 71.08984932368676,
        "1,39": 31.662362414690737,
        "1,40": 25.54309320026676,
        "1,41": 46.22570303276677,
        "1,42": 53.983963803725814,
        "1,43": 62.27339670671417,
        "1,44": 43.67297886315225,
        "1,45": 24.478923022963308,
        "1,46": 64.00528074720657,
        "1,47": 67.8177231437713,
        "1,48": 65.33651358144091,
        "1,49": 3.9070399571677026,
        "1,50": 44.60487209628573,
        "2,0": 48.695550309802854,
        "2,1": 31.414329551268004,
        "2,2": 0.0,
        "2,3": 39.75935606840826,
        "2,4": 13.312713791771245,
        "2,5": 57.51782525460938,
        "2,6": 70.24765252829727,
        "2,7": 38.49456510987963,
        "2,8": 33.953561585798234,
        "2,9": 43.417704066209375,
        "2,10": 77.34631476967776,
        "2,11": 32.54250093173315,
        "2,12": 8.67330136217985,
        "2,13": 42.541196761737375,
        "2,14": 77.90545382615187,
        "2,15": 49.68657435005409,
        "2,16": 67.45703892542778,
        "2,17": 74.66480544682848,
        "2,18": 48.10604627257484,
        "2,19": 70.22186000585516,
        "2,20": 51.06370710018769,
        "2,21": 61.91600917047133,
        "2,22": 29.718544502546756,
        "2,23": 45.918994087370244,
        "2,24": 51.66563392315279,
        "2,25": 31.33672715374227,
        "2,26": 34.48325423746754,
        "2,27": 63.95583527815692,
        "2,28": 27.0284483475119,
        "2,29": 25.528583371991676,
        "2,30": 61.83668472264975,
        "2,31": 30.020205686327298,
        "2,32": 44.44990789028289,
        "2,33": 55.13043495950395,
        "2,34": 35.4941333413402,
        "2,35": 64.14799981328687,
        "2,36": 11.413062909409541,
        "2,37": 56.44428847280392,
        "2,38": 41.85784628506203,
        "2,39": 14.428180006126633,
        "2,40": 53.2750072283387,
        "2,41": 38.64897696516909,
        "2,42": 27.167907998440093,
        "2,43": 50.460420203922475,
        "2,44": 21.71338658889468,
        "2,45": 33.83261324063016,
        "2,46": 53.31377760149643,
        "2,47": 38.31636559561858,
        "2,48": 36.50019886808065,
        "2,49": 30.314012764203152,
        "2,50": 35.96187444136598,
        "3,0": 46.99321195499359,
        "3,1": 49.667010802946656,
        "3,2": 39.75935606840826,
        "3,3": 0.0,
        "3,4": 26.525966508652733,
        "3,5": 66.70583914411193,
        "3,6": 75.36049295443173,
        "3,7": 77.56893291641114,
        "3,8": 47.22284960676291,
        "3,9": 54.65794419168553,
        "3,10": 93.80119835141673,
        "3,11": 50.15410615446043,
        "3,12": 41.41012800736362,
        "3,13": 81.67359184273998,
        "3,14": 49.627417609715366,
        "3,15": 28.02808247457742,
        "3,16": 70.57200651122895,
        "3,17": 85.18573501063214,
        "3,18": 36.95224204592258,
        "3,19": 64.10070799477113,
        "3,20": 26.361066670094843,
        "3,21": 90.5014191426569,
        "3,22": 45.63469754739691,
        "3,23": 80.20183091446023,
        "3,24": 91.31109519627424,
        "3,25": 41.623044820855895,
        "3,26": 74.06136872344655,
        "3,27": 103.64746406356194,
        "3,28": 66.75212023492081,
        "3,29": 54.970924401507716,
        "3,30": 73.32724337533675,
        "3,31": 25.15119083899395,
        "3,32": 83.94209906922345,
        "3,33": 81.29157572938638,
        "3,34": 67.46041845371346,
        "3,35": 71.81212713004666,
        "3,36": 46.625794656749065,
        "3,37": 80.70358460097415,
        "3,38": 43.27566234178543,
        "3,39": 53.845728755755104,
        "3,40": 53.924038206349294,
        "3,41": 78.08240471360348,
        "3,42": 28.832282945040397,
        "3,43": 90.16744493345561,
        "3,44": 21.121671042367215,
        "3,45": 67.1585029646223,
        "3,46": 93.05532471897888,
        "3,47": 42.1255734166281,
        "3,48": 38.54785635966496,
        "3,49": 45.946495167344665,
        "3,50": 75.45070663627246,
        "4,0": 45.497233827712336,
        "4,1": 32.497125604151336,
        "4,2": 13.312713791771245,
        "4,3": 26.525966508652733,
        "4,4": 0.0,
        "4,5": 56.59761887454523,
        "4,6": 68.32593271141741,
        "4,7": 51.190305686468065,
        "4,8": 35.230084298335434,
        "4,9": 42.43663250226917,
        "4,10": 79.95074048367896,
        "4,11": 35.662230788649275,
        "4,12": 15.861039880250086,
        "4,13": 55.72740774668574,
        "4,14": 66.45002554546407,
        "4,15": 38.61448180836136,
        "4,16": 64.71259987749247,
        "4,17": 74.89197789465027,
        "4,18": 39.52579813069238,
        "4,19": 64.47247923194473,
        "4,20": 39.471288279956646,
        "4,21": 69.39361335485322,
        "4,22": 31.665532329103097,
        "4,23": 55.935142385658594,
        "4,24": 64.78792229921373,
        "4,25": 30.859801356626186,
        "4,26": 47.543993300685486,
        "4,27": 77.12152130952465,
        "4,28": 40.33889918315618,
        "4,29": 32.193563828312286,
        "4,30": 62.00982732947252,
        "4,31": 22.50850137642933,
        "4,32": 57.44648116519529,
        "4,33": 61.34491976601135,
        "4,34": 44.05138373357864,
        "4,35": 62.93908284327378,
        "4,36": 20.942767614461328,
        "4,37": 61.825186023940226,
        "4,38": 39.13445992919179,
        "4,39": 27.333345170006204,
        "4,40": 48.92342740305511,
        "4,41": 51.597520429135535,
        "4,42": 21.584579259877625,
        "4,43": 63.7709160639495,
        "4,44": 11.485959254372661,
        "4,45": 43.094299554054324,
        "4,46": 66.61339864592995,
        "4,47": 36.09492899991308,
        "4,48": 33.29960798762681,
        "4,49": 29.927305857511307,
        "4,50": 48.95082541600083,
        "5,0": 102.05722624572533,
        "5,1": 26.21117138976623,
        "5,2": 57.51782525460938,
        "5,3": 66.70583914411193,
        "5,4": 56.59761887454523,
        "5,5": 0.0,
        "5,6": 13.185335325800768,
        "5,7": 63.61555579564991,
        "5,8": 90.61290691266234,
        "5,9": 14.261316496403287,
        "5,10": 28.04536763739457,
        "5,11": 89.84402032581202,
        "5,12": 49.012069627332295,
        "5,13": 82.2538931653146,
        "5,14": 61.47961301133362,
        "5,15": 46.01590684837316,
        "5,16": 12.433573903445758,
        "5,17": 18.682195680383256,
        "5,18": 33.74614456690459,
        "5,19": 25.44400695237463,
        "5,20": 49.49611667273824,
        "5,21": 40.89760479664908,
        "5,22": 86.58359642830463,
        "5,23": 48.24471808591533,
        "5,24": 77.14308266408455,
        "5,25": 86.93669726977014,
        "5,26": 65.75171525526133,
        "5,27": 86.94656940667127,
        "5,28": 67.40088203308554,
        "5,29": 37.10256183750303,
        "5,30": 6.915451117618572,
        "5,31": 78.26789453574318,
        "5,32": 70.42896580061525,
        "5,33": 31.589080410112274,
        "5,34": 39.65816198424617,
        "5,35": 6.655746111426077,
        "5,36": 48.77328015161032,
        "5,37": 27.9849328609414,
        "5,38": 95.73161505827943,
        "5,39": 57.05294390506377,
        "5,40": 15.415813493452111,
        "5,41": 66.47717705273327,
        "5,42": 78.07332427648075,
        "5,43": 82.50485191517647,
        "5,44": 66.85009606767997,
        "5,45": 42.45399648250061,
        "5,46": 83.55119426541593,
        "5,47": 92.65241001327024,
        "5,48": 89.8970456299099,
        "5,49": 27.34181245202862,
        "5,50": 65.57006450701735,
        "6,0": 113.50971009443458,
        "6,1": 39.17465769626097,
        "6,2": 70.24765252829727,
        "6,3": 75.36049295443173,
        "6,4": 68.32593271141741,
        "6,5": 13.185335325800768,
        "6,6": 0.0,
        "6,7": 76.1465007666873,
        "6,8": 102.89851375451408,
        "6,9": 26.837164742589373,
        "6,10": 26.80770085615251,
        "6,11": 102.35307707003295,
        "6,12": 61.84709055767801,
        "6,13": 95.1732016462126,
        "6,14": 60.95422941711367,
        "6,15": 51.48546107138952,
        "6,16": 5.32787205702179,
        "6,17": 12.882527326745915,
        "6,18": 39.583612498164435,
        "6,19": 20.615598328721184,
        "6,20": 54.79445803818498,
        "6,21": 48.98401943677035,
        "6,22": 98.95012420681654,
        "6,23": 59.653373476377446,
        "6,24": 89.24042003149445,
        "6,25": 99.00176484823608,
        "6,26": 78.56853828312994,
        "6,27": 98.52350961570076,
        "6,28": 80.51354597414911,
        "6,29": 50.27958791603119,
        "6,30": 12.70741243036158,
        "6,31": 89.34998784351038,
        "6,32": 82.77877171452582,
        "6,33": 40.92173180326348,
        "6,34": 52.19886399332077,
        "6,35": 6.790630074011471,
        "6,36": 61.83659024599068,
        "6,37": 36.87358851199914,
        "6,38": 107.35830875035006,
        "6,39": 70.22988574790755,
        "6,40": 21.43755355398117,
        "6,41": 79.08164051769322,
        "6,42": 89.5320651569454,
        "6,43": 94.97606775775779,
        "6,44": 78.02711690291257,
        "6,45": 55.090233676779725,
        "6,46": 95.86694896465667,
        "6,47": 104.40507020360708,
        "6,48": 101.51119723542543,
        "6,49": 39.93726354979933,
        "6,50": 78.30583733260731,
        "7,0": 79.74144629102898,
        "7,1": 43.93568378638738,
        "7,2": 38.49456510987963,
        "7,3": 77.56893291641114,
        "7,4": 51.190305686468065,
        "7,5": 63.61555579564991,
        "7,6": 76.1465007666873,
        "7,7": 0.0,
        "7,8": 61.46195313918118,
        "7,9": 54.28995255266506,
        "7,10": 69.1582598462186,
        "7,11": 57.55136299546856,
        "7,12": 36.44151860319677,
        "7,13": 20.8902181943137,
        "7,14": 107.4234095105631,
        "7,15": 80.22647454905257,
        "7,16": 76.02526767753878,
        "7,17": 73.87682342529767,
        "7,18": 73.7048836856162,
        "7,19": 85.91232897710186,
        "7,20": 82.63837920715147,
        "7,21": 41.11940976370573,
        "7,22": 57.554814598462094,
        "7,23": 20.406677755042782,
        "7,24": 15.064867249270288,
        "7,25": 61.928549171548994,
        "7,26": 6.059119128080157,
        "7,27": 27.15457056795437,
        "7,28": 15.644079063225437,
        "7,29": 30.36447372287616,
        "7,30": 63.916272808898434,
        "7,31": 67.03540123189558,
        "7,32": 7.375854590505111,
        "7,33": 40.904477099397276,
        "7,34": 23.968694929931154,
        "7,35": 69.38798003170517,
        "7,36": 31.332081369099534,
        "7,37": 44.58788589777844,
        "7,38": 73.18710216271941,
        "7,39": 24.06764650734323,
        "7,40": 68.7689088042461,
        "7,41": 3.1817432039433484,
        "7,42": 63.301042008485496,
        "7,43": 18.899288479099926,
        "7,44": 60.122600737562855,
        "7,45": 21.178071339065642,
        "7,46": 20.206719035425376,
        "7,47": 69.58600651956634,
        "7,48": 69.1967281361208,
        "7,49": 46.48671478155975,
        "7,50": 4.363344217873081,
        "8,0": 18.59102593442571,
        "8,1": 64.94413633661783,
        "8,2": 33.953561585798234,
        "8,3": 47.22284960676291,
        "8,4": 35.230084298335434,
        "8,5": 90.61290691266234,
        "8,6": 102.89851375451408,
        "8,7": 61.46195313918118,
        "8,8": 0.0,
        "8,9": 76.35707660928445,
        "8,10": 111.2973622941287,
        "8,11": 4.845150854837553,
        "8,12": 42.5907071475057,
        "8,13": 52.827456617462005,
        "8,14": 96.11061837839405,
        "8,15": 70.49512017546238,
        "8,16": 99.5769619065657,
        "8,17": 108.278877789538,
        "8,18": 73.97050863458499,
        "8,19": 99.6494346981894,
        "8,20": 70.28762876966188,
        "8,21": 94.02210598086215,
        "8,22": 4.311833287422153,
        "8,23": 75.63378246463948,
        "8,24": 69.42517999811439,
        "8,25": 5.6040125642229865,
        "8,26": 55.639934917085476,
        "8,27": 79.7997299631841,
        "8,28": 45.88023598126258,
        "8,29": 59.15592748144241,
        "8,30": 95.38126501795541,
        "8,31": 22.2060204639084,
        "8,32": 64.46589209143232,
        "8,33": 88.24385031641368,
        "8,34": 67.59343016851966,
        "8,35": 97.14773494561696,
        "8,36": 44.852836028030225,
        "8,37": 89.92203501373614,
        "8,38": 12.759396847528302,
        "8,39": 42.19182414241271,
        "8,40": 84.08767207156717,
        "8,41": 59.9654923427981,
        "8,42": 18.42871455982096,
        "8,43": 64.0782214366523,
        "8,44": 28.928193802592006,
        "8,45": 65.35076547962967,
        "8,46": 67.30084482986936,
        "8,47": 9.799775134936423,
        "8,48": 11.719617861254797,
        "8,49": 63.29147347295223,
        "8,50": 57.44072233884753,
        "9,0": 87.92940191602685,
        "9,1": 12.543482159556769,
        "9,2": 43.417704066209375,
        "9,3": 54.65794419168553,
        "9,4": 42.43663250226917,
        "9,5": 14.261316496403287,
        "9,6": 26.837164742589373,
        "9,7": 54.28995255266506,
        "9,8": 76.35707660928445,
        "9,9": 0.0,
        "9,10": 39.223085541540684,
        "9,11": 75.63487443013635,
        "9,12": 35.01491578352552,
        "9,13": 71.31791825296546,
        "9,14": 59.21731416185381,
        "9,15": 38.10698935777084,
        "9,16": 24.399620889546952,
        "9,17": 32.48287077538799,
        "9,18": 26.704105184522863,
        "9,19": 31.64589382114106,
        "9,20": 41.53994996517449,
        "9,21": 41.72860503810401,
        "9,22": 72.33790947577032,
        "9,23": 42.45187814168839,
        "9,24": 68.74807818269643,
        "9,25": 72.67958339152923,
        "9,26": 55.41526667599747,
        "9,27": 79.5890566473058,
        "9,28": 55.63123846956936,
        "9,29": 25.171030138398677,
        "9,30": 19.671145843970073,
        "9,31": 64.33341913273918,
        "9,32": 61.49332934385524,
        "9,33": 31.619744155300197,
        "9,34": 31.23345270571099,
        "9,35": 20.804173835046246,
        "9,36": 35.23029079753123,
        "9,37": 29.388648768294917,
        "9,38": 81.55415579078296,
        "9,39": 44.147814613557756,
        "9,40": 14.647370903871954,
        "9,41": 56.86082714482971,
        "9,42": 63.97120383330347,
        "9,43": 73.03825561518148,
        "9,44": 52.90356971650205,
        "9,45": 33.50776816470628,
        "9,46": 74.49653592861372,
        "9,47": 78.44390817815783,
        "9,48": 75.72767527137383,
        "9,49": 13.13006194254908,
        "9,50": 55.531315415737886,
        "10,0": 124.99537885999523,
        "10,1": 47.45607818075772,
        "10,2": 77.34631476967776,
        "10,3": 93.80119835141673,
        "10,4": 79.95074048367896,
        "10,5": 28.04536763739457,
        "10,6": 26.80770085615251,
        "10,7": 69.1582598462186,
        "10,8": 111.2973622941287,
        "10,9": 39.223085541540684,
        "10,10": 0.0,
        "10,11": 109.61686593274982,
        "10,12": 68.73968601465953,
        "10,13": 89.93199675246643,
        "10,14": 87.31750586618216,
        "10,15": 74.05220184682231,
        "10,16": 31.59450218233026,
        "10,17": 14.309857415821856,
        "10,18": 61.77715668672276,
        "10,19": 47.401583744618875,
        "10,20": 77.52814435185768,
        "10,21": 31.34141874165711,
        "10,22": 107.04759320700782,
        "10,23": 49.25520264157955,
        "10,24": 79.16741167581698,
        "10,25": 108.4724434171941,
        "10,26": 73.3532986720671,
        "10,27": 85.85614066205385,
        "10,28": 78.40674621590192,
        "10,29": 52.550345061365356,
        "10,30": 21.129970189729182,
        "10,31": 102.38523246946895,
        "10,32": 74.32443196221682,
        "10,33": 28.267087542995984,
        "10,34": 47.90795885873342,
        "10,35": 25.3249005397561,
        "10,36": 66.66472336871557,
        "10,37": 24.625952568503624,
        "10,38": 118.34406217176948,
        "10,39": 72.15601782645784,
        "10,40": 43.23267516984438,
        "10,41": 72.33682252562676,
        "10,42": 101.42628275066042,
        "10,43": 86.53728390225608,
        "10,44": 91.04425319421627,
        "10,45": 50.925605057932316,
        "10,46": 86.53878028581674,
        "10,47": 114.99011386822382,
        "10,48": 112.6444723221593,
        "10,49": 50.19549283116187,
        "10,50": 72.49777842986285,
        "11,0": 23.132626066397126,
        "11,1": 63.894285735702994,
        "11,2": 32.54250093173315,
        "11,3": 50.15410615446043,
        "11,4": 35.662230788649275,
        "11,5": 89.84402032581202,
        "11,6": 102.35307707003295,
        "11,7": 57.55136299546856,
        "11,8": 4.845150854837553,
        "11,9": 75.63487443013635,
        "11,10": 109.61686593274982,
        "11,11": 0.0,
        "11,12": 41.211058115255156,
        "11,13": 48.17872325097084,
        "11,14": 98.45324391856819,
        "11,15": 72.24632718471979,
        "11,16": 99.23425013983369,
        "11,17": 107.19636081347792,
        "11,18": 74.96469911890468,
        "11,19": 100.08170093123208,
        "11,20": 72.2578731085023,
        "11,21": 91.24746696723962,
        "11,22": 4.532111107832196,
        "11,23": 72.42860581520799,
        "11,24": 65.01402349532735,
        "11,25": 9.357717224055962,
        "11,26": 51.65312384744732,
        "11,27": 75.21750563896443,
        "11,28": 41.91633905494744,
        "11,29": 57.190913154834405,
        "11,30": 94.34842380667271,
        "11,31": 25.5637569137335,
        "11,32": 60.260706414682666,
        "11,33": 85.85368459460265,
        "11,34": 64.97480887335342,
        "11,35": 96.43495788393723,
        "11,36": 42.96133121321085,
        "11,37": 87.71534378596124,
        "11,38": 17.557752331537383,
        "11,39": 39.330982517327435,
        "11,40": 84.1030154150131,
        "11,41": 55.92419667561872,
        "11,42": 21.397135206672218,
        "11,43": 59.48004169013102,
        "11,44": 30.810281213514852,
        "11,45": 62.6068258317547,
        "11,46": 62.69770992193985,
        "11,47": 14.643582117447663,
        "11,48": 16.398794995545845,
        "11,49": 62.510674827804664,
        "11,50": 53.45217694011702,
        "12,0": 56.83626767473666,
        "12,1": 22.835354903099404,
        "12,2": 8.67330136217985,
        "12,3": 41.41012800736362,
        "12,4": 15.861039880250086,
        "12,5": 49.012069627332295,
        "12,6": 61.84709055767801,
        "12,7": 36.44151860319677,
        "12,8": 42.5907071475057,
        "12,9": 35.01491578352552,
        "12,10": 68.73968601465953,
        "12,11": 41.211058115255156,
        "12,12": 0.0,
        "12,13": 44.76494012223144,
        "12,14": 74.19417849232995,
        "12,15": 46.0514747035695,
        "12,16": 59.23110665508104,
        "12,17": 66.01438213326853,
        "12,18": 42.57607249770354,
        "12,19": 62.892399548470905,
        "12,20": 47.93530090754347,
        "12,21": 54.529121940243094,
        "12,22": 38.372038762251336,
        "12,23": 40.11158587495602,
        "12,24": 50.78205875507326,
        "12,25": 39.790788988389814,
        "12,26": 33.62452017139521,
        "12,27": 63.16022987192498,
        "12,28": 28.231061181529917,
        "12,29": 17.48590478630968,
        "12,30": 53.20505648336578,
        "12,31": 36.59065484468127,
        "12,32": 43.17476026853654,
        "12,33": 47.20604152426509,
        "12,34": 28.552746170260615,
        "12,35": 55.657036338843625,
        "12,36": 5.216335390746967,
        "12,37": 48.270442131974654,
        "12,38": 50.045709591915454,
        "12,39": 14.142206849004026,
        "12,40": 45.62173512730709,
        "12,41": 37.30415108781531,
        "12,42": 34.37254059034814,
        "12,43": 51.057429479964114,
        "12,44": 26.725884987141292,
        "12,45": 27.37080856904249,
        "12,46": 53.62161498449399,
        "12,47": 46.56811555390853,
        "12,48": 44.53471601816717,
        "12,49": 22.007095228145065,
        "12,50": 34.804441248436795,
        "13,0": 71.30887144701433,
        "13,1": 59.62075116778171,
        "13,2": 42.541196761737375,
        "13,3": 81.67359184273998,
        "13,4": 55.72740774668574,
        "13,5": 82.2538931653146,
        "13,6": 95.1732016462126,
        "13,7": 20.8902181943137,
        "13,8": 52.827456617462005,
        "13,9": 71.31791825296546,
        "13,10": 89.93199675246643,
        "13,11": 48.17872325097084,
        "13,12": 44.76494012223144,
        "13,13": 0.0,
        "13,14": 118.9413317322911,
        "13,15": 90.81603775029454,
        "13,16": 94.47563596963569,
        "13,17": 93.98849121925183,
        "13,18": 86.5990675382367,
        "13,19": 102.72942604268233,
        "13,20": 92.64611554662982,
        "13,21": 61.86840719667106,
        "13,22": 49.78146994716209,
        "13,23": 41.27389950857413,
        "13,24": 18.616001828136802,
        "13,25": 55.11923545602042,
        "13,26": 16.799922569947846,
        "13,27": 27.155056012953718,
        "13,28": 16.674275932344027,
        "13,29": 46.17582975891505,
        "13,30": 83.36329139114463,
        "13,31": 65.0734385225803,
        "13,32": 17.670171313091384,
        "13,33": 61.71960451187525,
        "13,34": 43.39381143749705,
        "13,35": 88.38283587175717,
        "13,36": 40.79367110256329,
        "13,37": 65.31750569202246,
        "13,38": 65.52564989563417,
        "13,39": 30.684558887250876,
        "13,40": 85.15761779896768,
        "13,41": 17.718967506708104,
        "13,42": 60.67180129888309,
        "13,43": 11.444401471437274,
        "13,44": 61.495186637000685,
        "13,45": 40.36963533462169,
        "13,46": 14.610377141494226,
        "13,47": 62.25377533762816,
        "13,48": 62.936475298552104,
        "13,49": 61.27540452374177,
        "13,50": 17.459918660684693,
        "14,0": 96.34988869037456,
        "14,1": 64.93753174808327,
        "14,2": 77.90545382615187,
        "14,3": 49.627417609715366,
        "14,4": 66.45002554546407,
        "14,5": 61.47961301133362,
        "14,6": 60.95422941711367,
        "14,7": 107.4234095105631,
        "14,8": 96.11061837839405,
        "14,9": 59.21731416185381,
        "14,10": 87.31750586618216,
        "14,11": 98.45324391856819,
        "14,12": 74.19417849232995,
        "14,13": 118.9413317322911,
        "14,14": 0.0,
        "14,15": 28.246840852038282,
        "14,16": 55.849711577638594,
        "14,17": 73.82778679280075,
        "14,18": 34.04874345717998,
        "14,19": 40.72286974867885,
        "14,20": 26.98190692294983,
        "14,21": 100.50744329856413,
        "14,22": 93.94081129597151,
        "14,23": 100.48036464481845,
        "14,24": 122.484909158787,
        "14,25": 90.58562188572525,
        "14,26": 106.31473798295883,
        "14,27": 134.4468010092313,
        "14,28": 102.33016219012117,
        "14,29": 77.53998920836469,
        "14,30": 67.67774681445935,
        "14,31": 74.51847950112888,
        "14,32": 114.75507388873633,
        "14,33": 90.47150976534292,
        "14,34": 87.91991794138572,
        "14,35": 62.181418238382946,
        "14,36": 78.24809023379402,
        "14,37": 87.69902265455552,
        "14,38": 92.89758438454189,
        "14,39": 88.26047401230177,
        "14,40": 46.78161824566036,
        "14,41": 109.19861458124679,
        "14,42": 77.74860750694744,
        "14,43": 124.41056798098319,
        "14,44": 67.70759274672417,
        "14,45": 89.36328157835501,
        "14,46": 126.65421080765016,
        "14,47": 91.71269298525178,
        "14,48": 88.13296373792608,
        "14,49": 61.661088094852886,
        "14,50": 107.10253206182017,
        "15,0": 73.99009545018222,
        "15,1": 39.922696203798644,
        "15,2": 49.68657435005409,
        "15,3": 28.02808247457742,
        "15,4": 38.61448180836136,
        "15,5": 46.01590684837316,
        "15,6": 51.48546107138952,
        "15,7": 80.22647454905257,
        "15,8": 70.49512017546238,
        "15,9": 38.10698935777084,
        "15,10": 74.05220184682231,
        "15,11": 72.24632718471979,
        "15,12": 46.0514747035695,
        "15,13": 90.81603775029454,
        "15,14": 28.246840852038282,
        "15,15": 0.0,
        "15,16": 46.278091795810916,
        "15,17": 62.987522824731506,
        "15,18": 12.277453952631621,
        "15,19": 37.007640653188176,
        "15,20": 3.4933203556695847,
        "15,21": 79.40367145114278,
        "15,22": 67.82659342347304,
        "15,23": 75.5768328351639,
        "15,24": 95.22174737141883,
        "15,25": 65.17684637868322,
        "15,26": 78.68450683368833,
        "15,27": 107.37318413108228,
        "15,28": 74.25608117826005,
        "15,29": 51.168979727354525,
        "15,30": 52.92752936558358,
        "15,31": 50.23477023756158,
        "15,32": 87.4736677622509,
        "15,33": 69.34863865053403,
        "15,34": 62.55499396787449,
        "15,35": 49.55283234470272,
        "15,36": 50.27114890767022,
        "15,37": 67.42325779419501,
        "15,38": 69.42483333347498,
        "15,39": 60.16592826164009,
        "15,40": 30.981429529245645,
        "15,41": 81.79255705938147,
        "15,42": 52.67130963286882,
        "15,43": 96.65117770366103,
        "15,44": 41.572469540891255,
        "15,45": 63.54866288596176,
        "15,46": 99.00730235697533,
        "15,47": 67.60291987191798,
        "15,48": 64.08925028184288,
        "15,49": 36.20995749434537,
        "15,50": 79.578157473103,
        "16,0": 109.61890172571493,
        "16,1": 36.938234323221714,
        "16,2": 67.45703892542778,
        "16,3": 70.57200651122895,
        "16,4": 64.71259987749247,
        "16,5": 12.433573903445758,
        "16,6": 5.32787205702179,
        "16,7": 76.02526767753878,
        "16,8": 99.5769619065657,
        "16,9": 24.399620889546952,
        "16,10": 31.59450218233026,
        "16,11": 99.23425013983369,
        "16,12": 59.23110665508104,
        "16,13": 94.47563596963569,
        "16,14": 55.849711577638594,
        "16,15": 46.278091795810916,
        "16,16": 0.0,
        "16,17": 18.019415104572836,
        "16,18": 34.475821254985654,
        "16,19": 15.943914415182848,
        "16,20": 49.56265953378365,
        "16,21": 51.54014116197394,
        "16,22": 95.7053359586437,
        "16,23": 60.5268717199287,
        "16,24": 89.57277386598676,
        "16,25": 95.51718634623776,
        "16,26": 78.05911321746834,
        "16,27": 99.30274192215263,
        "16,28": 79.3639826602576,
        "16,29": 48.88956496798351,
        "16,30": 14.693703633204766,
        "16,31": 85.32084887427388,
        "16,32": 82.85909361995496,
        "16,33": 42.882118982706245,
        "16,34": 52.07839530931127,
        "16,35": 7.977610355479136,
        "16,36": 59.62900023062906,
        "16,37": 38.99131379863183,
        "16,38": 103.57474685588716,
        "16,39": 68.44223578948534,
        "16,40": 16.74136957207906,
        "16,41": 78.86915735546607,
        "16,42": 85.69174280772856,
        "16,43": 94.91945412816719,
        "16,44": 74.07619688480922,
        "16,45": 54.8537836603064,
        "16,46": 95.98202988391185,
        "16,47": 100.70198089612187,
        "16,48": 97.7310791703649,
        "16,49": 37.224035829884016,
        "16,50": 77.91787720902902,
        "17,0": 120.38903336586296,
        "17,1": 43.3396735375498,
        "17,2": 74.66480544682848,
        "17,3": 85.18573501063214,
        "17,4": 74.89197789465027,
        "17,5": 18.682195680383256,
        "17,6": 12.882527326745915,
        "17,7": 73.87682342529767,
        "17,8": 108.278877789538,
        "17,9": 32.48287077538799,
        "17,10": 14.309857415821856,
        "17,11": 107.19636081347792,
        "17,12": 66.01438213326853,
        "17,13": 93.98849121925183,
        "17,14": 73.82778679280075,
        "17,15": 62.987522824731506,
        "17,16": 18.019415104572836,
        "17,17": 0.0,
        "17,18": 50.8104776446922,
        "17,19": 33.44431636914369,
        "17,20": 66.38975106179518,
        "17,21": 41.04756698303784,
        "17,22": 104.15964535009043,
        "17,23": 55.410507510314794,
        "17,24": 85.66292496860503,
        "17,25": 104.85598641350514,
        "17,26": 77.18864972445873,
        "17,27": 93.77655728509815,
        "17,28": 80.65646133548768,
        "17,29": 51.861561353325335,
        "17,30": 12.92002649938248,
        "17,31": 96.79435116901834,
        "17,32": 79.90255737008485,
        "17,33": 34.848969964183055,
        "17,34": 50.63834857811023,
        "17,35": 13.51937852504168,
        "17,36": 64.99670675959025,
        "17,37": 30.683377667765484,
        "17,38": 113.97296792658258,
        "17,39": 72.14844936205692,
        "17,40": 32.09784189361961,
        "17,41": 76.97466776901204,
        "17,42": 96.44650064786387,
        "17,43": 92.24824837218674,
        "17,44": 85.36591720826219,
        "17,45": 53.6909370732458,
        "17,46": 92.71799107302724,
