{
    "num_robots": 6,
    "num_tasks": 60,
    "num_nodes": 61,
    "robot_capacity": [
        121,
        105,
        112,
        133,
        128,
        125
    ],
    "robot_speed": [
        0.9,
        0.98,
        0.84,
        0.96,
        0.94,
        1.0
    ],
    "task_demand": {
        "0": 0,
        "1": 11,
        "2": 9,
        "3": 10,
        "4": 13,
        "5": 13,
        "6": 14,
        "7": 7,
        "8": 5,
        "9": 12,
        "10": 7,
        "11": 12,
        "12": 5,
        "13": 15,
        "14": 11,
        "15": 9,
        "16": 13,
        "17": 14,
        "18": 14,
        "19": 9,
        "20": 10,
        "21": 15,
        "22": 12,
        "23": 13,
        "24": 10,
        "25": 14,
        "26": 9,
        "27": 8,
        "28": 10,
        "29": 8,
        "30": 5,
        "31": 7,
        "32": 12,
        "33": 6,
        "34": 6,
        "35": 10,
        "36": 14,
        "37": 10,
        "38": 5,
        "39": 10,
        "40": 7,
        "41": 11,
        "42": 12,
        "43": 8,
        "44": 6,
        "45": 15,
        "46": 6,
        "47": 8,
        "48": 12,
        "49": 6,
        "50": 9,
        "51": 14,
        "52": 6,
        "53": 6,
        "54": 10,
        "55": 7,
        "56": 9,
        "57": 12,
        "58": 11,
        "59": 13,
        "60": 11
    },
    "task_service_time": {
        "0": 0,
        "1": 39,
        "2": 62,
        "3": 28,
        "4": 99,
        "5": 60,
        "6": 81,
        "7": 54,
        "8": 81,
        "9": 64,
        "10": 78,
        "11": 36,
        "12": 89,
        "13": 19,
        "14": 76,
        "15": 22,
        "16": 74,
        "17": 31,
        "18": 55,
        "19": 70,
        "20": 12,
        "21": 88,
        "22": 74,
        "23": 66,
        "24": 45,
        "25": 40,
        "26": 85,
        "27": 70,
        "28": 43,
        "29": 29,
        "30": 87,
        "31": 30,
        "32": 46,
        "33": 42,
        "34": 67,
        "35": 18,
        "36": 77,
        "37": 41,
        "38": 92,
        "39": 46,
        "40": 73,
        "41": 63,
        "42": 69,
        "43": 98,
        "44": 89,
        "45": 81,
        "46": 90,
        "47": 29,
        "48": 96,
        "49": 89,
        "50": 26,
        "51": 22,
        "52": 94,
        "53": 50,
        "54": 99,
        "55": 55,
        "56": 45,
        "57": 27,
        "58": 46,
        "59": 91,
        "60": 82
    },
    "task_precedence": [],
    "coordinates": {
        "0": [
            100,
            0
        ],
        "1": [
            53.113579902300536,
            34.020982943717385
        ],
        "2": [
            13.365741159253929,
            26.146629194221894
        ],
        "3": [
            53.85556415803365,
            53.04116281379274
        ],
        "4": [
            12.171156187034594,
            20.137325287086018
        ],
        "5": [
            82.34203697821285,
            0.08520863208144602
        ],
        "6": [
            17.086371031456338,
            87.52262189982275
        ],
        "7": [
            59.276707810638065,
            56.40053144821707
        ],
        "8": [
            48.22714243916507,
            73.07748714237749
        ],
        "9": [
            2.061163630590246,
            62.85789902035981
        ],
        "10": [
            99.48972437706638,
            94.52799864382737
        ],
        "11": [
            7.838881826630417,
            58.90404890493619
        ],
        "12": [
            54.822694221221205,
            59.58129486096654
        ],
        "13": [
            33.4656178846793,
            98.12769539229042
        ],
        "14": [
            50.26379431141886,
            94.4772325345976
        ],
        "15": [
            91.51218116147545,
            0.5894564192154061
        ],
        "16": [
            6.890242174431771,
            15.635632038102099
        ],
        "17": [
            88.82748185173105,
            69.79675222914203
        ],
        "18": [
            9.296587109082566,
            91.58273192729386
        ],
        "19": [
            85.96722741804798,
            73.02462675915915
        ],
        "20": [
            38.367883819183604,
            9.361974710431365
        ],
        "21": [
            61.27501838419809,
            39.3574137611371
        ],
        "22": [
            49.31933447351193,
            69.02243024547566
        ],
        "23": [
            15.904210877257919,
            71.7649783106177
        ],
        "24": [
            99.04731710199974,
            99.39381974469426
        ],
        "25": [
            37.698463516968474,
            19.99105263982396
        ],
        "26": [
            11.056900508682531,
            0.22788306867382868
        ],
        "27": [
            16.123825323788353,
            95.74751729512052
        ],
        "28": [
            83.86026522726686,
            47.37468476969017
        ],
        "29": [
            88.23382045583429,
            33.34255123568719
        ],
        "30": [
            98.7944161563245,
            40.691976770124306
        ],
        "31": [
            13.558145656591435,
            54.19875876455256
        ],
        "32": [
            40.26770819704486,
            4.498128045879546
        ],
        "33": [
            2.87145107941571,
            50.375167098946164
        ],
        "34": [
            48.62984609297335,
            89.1107399238216
        ],
        "35": [
            4.619264336640116,
            39.22222551208944
        ],
        "36": [
            78.38855315918882,
            10.468697345781097
        ],
        "37": [
            1.4876676363221097,
            86.89993397493868
        ],
        "38": [
            64.67838441890564,
            58.828324797417565
        ],
        "39": [
            57.37236804921022,
            58.184622066615624
        ],
        "40": [
            57.093729831052876,
            14.528190524379614
        ],
        "41": [
            30.923380404199396,
            79.38146243153233
        ],
        "42": [
            83.05688554839925,
            69.39099305913211
        ],
        "43": [
            1.4535973440625738,
            88.18631567492965
        ],
        "44": [
            0.8029489086834318,
            18.036441778091785
        ],
        "45": [
            83.56134266422758,
            7.27535668987035
        ],
        "46": [
            34.92627157205717,
            66.93062485590052
        ],
        "47": [
            73.15720060467169,
            94.27771735080199
        ],
        "48": [
            7.837417585342854,
            20.044344600131335
        ],
        "49": [
            21.891902412244203,
            64.65652759799195
        ],
        "50": [
            82.30818164927423,
            33.9150335851555
        ],
        "51": [
            13.36952630129533,
            80.54990257881487
        ],
        "52": [
            65.46946673884952,
            66.60759355013684
        ],
        "53": [
            29.97790056976899,
            60.245142124863285
        ],
        "54": [
            33.52900105205059,
            7.933815959848401
        ],
        "55": [
            56.389994554103865,
            54.66212400220971
        ],
        "56": [
            47.50277082161188,
            75.88344051777811
        ],
        "57": [
            10.838356621272816,
            64.140241563617
        ],
        "58": [
            71.51686001485524,
            95.97336113695033
        ],
        "59": [
            41.02139274406298,
            9.742589819574022
        ],
        "60": [
            16.449859990480277,
            0.6221557107316089
        ]
    },
    "distance_matrix_str_keys": {
        "0,0": 0.0,
        "0,1": 57.928953641807354,
        "0,2": 90.49387284841734,
        "0,3": 70.30415287742694,
        "0,4": 90.10781139967936,
        "0,5": 17.658168608034746,
        "0,6": 120.56068684671905,
        "0,7": 69.56584272745835,
        "0,8": 89.55862832278558,
        "0,9": 116.37495924230336,
        "0,10": 94.52937590410079,
        "0,11": 109.3771396607212,
        "0,12": 74.77245251253109,
        "0,13": 118.55744854908797,
        "0,14": 106.76908552429059,
        "0,15": 8.508262308237002,
        "0,16": 94.41345238665349,
        "0,17": 70.68530104278854,
        "0,18": 128.89726877372854,
        "0,19": 74.36070749832392,
        "0,20": 62.33910743188746,
        "0,21": 55.21440227974527,
        "0,22": 85.63075227509863,
        "0,23": 110.55457412563324,
        "0,24": 99.3983853397273,
        "0,25": 65.43029599348242,
        "0,26": 88.94339142294601,
        "0,27": 127.29021858137321,
        "0,28": 50.04849443851118,
        "0,29": 35.357724813256425,
        "0,30": 40.709831808353954,
        "0,31": 102.02793555661715,
        "0,32": 59.90141767897075,
        "0,33": 109.41486405267378,
        "0,34": 102.85726363365194,
        "0,35": 103.13034330304991,
        "0,36": 24.013501591204307,
        "0,37": 131.36315370978437,
        "0,38": 68.61769688447043,
        "0,39": 72.12881012998126,
        "0,40": 45.29918696536788,
        "0,41": 105.22830395170172,
        "0,42": 71.42953902309998,
        "0,43": 132.24303289302046,
        "0,44": 100.82345053224356,
        "0,45": 17.976659032417164,
        "0,46": 93.35040800722268,
        "0,47": 98.0246084830516,
        "0,48": 94.31711057802441,
        "0,49": 101.39695000249405,
        "0,50": 38.252188690809604,
        "0,51": 118.29254320843104,
        "0,52": 75.02619039935088,
        "0,53": 92.37191974979265,
        "0,54": 66.94280496680011,
        "0,55": 69.92696458036801,
        "0,56": 92.27272411836216,
        "0,57": 109.83519125414433,
        "0,58": 100.11081515668944,
        "0,59": 59.7778735841493,
        "0,60": 83.55245641714397,
        "1,0": 57.928953641807354,
        "1,1": 0.0,
        "1,2": 40.520317517455744,
        "1,3": 19.034646908355707,
        "1,4": 43.232372241260485,
        "1,5": 44.78771573957236,
        "1,6": 64.50104766600994,
        "1,7": 23.212676211065865,
        "1,8": 39.3609932712716,
        "1,9": 58.63375253206389,
        "1,10": 76.23546238646232,
        "1,11": 51.66202916527237,
        "1,12": 25.617388958717253,
        "1,13": 67.05007824313046,
        "1,14": 60.523378892034785,
        "1,15": 50.91286226897471,
        "1,16": 49.745533253019055,
        "1,17": 50.550850244258704,
        "1,18": 72.34143904767988,
        "1,19": 50.99653307795371,
        "1,20": 28.731554779108592,
        "1,21": 9.751234381497818,
        "1,22": 35.2064995645924,
        "1,23": 53.00138044898825,
        "1,24": 79.89690860438961,
        "1,25": 20.8438182084147,
        "1,26": 53.951254672919724,
        "1,27": 71.96114914878385,
        "1,28": 33.521336651892156,
        "1,29": 35.12679271041604,
        "1,30": 46.16536536732824,
        "1,31": 44.40467335137707,
        "1,32": 32.196511941306255,
        "1,33": 52.83683230511165,
        "1,34": 55.27192047504632,
        "1,35": 48.772446795674504,
        "1,36": 34.547567642645625,
        "1,37": 73.90140918451286,
        "1,38": 27.370584819357337,
        "1,39": 24.536070022355187,
        "1,40": 19.894988056260285,
        "1,41": 50.49730738494884,
        "1,42": 46.34262798526026,
        "1,43": 74.85076531205533,
        "1,44": 54.69833334961819,
        "1,45": 40.526470126536594,
        "1,46": 37.60083396797816,
        "1,47": 63.5029193995556,
        "1,48": 47.38435705524449,
        "1,49": 43.74162481615357,
        "1,50": 29.19479399535094,
        "1,51": 61.19256620741554,
        "1,52": 34.85046815082996,
        "1,53": 34.97093340098039,
        "1,54": 32.620484514886066,
        "1,55": 20.899559736203276,
        "1,56": 42.236791221398114,
        "1,57": 51.907265804250805,
        "1,58": 64.62799612163846,
        "1,59": 27.123078050993715,
        "1,60": 49.59546368682561,
        "2,0": 90.49387284841734,
        "2,1": 40.520317517455744,
        "2,2": 0.0,
        "2,3": 48.608041568106174,
        "2,4": 6.126888827469516,
        "2,5": 73.73552079304307,
        "2,6": 61.48866210321944,
        "2,7": 54.98286515323479,
        "2,8": 58.462147813341154,
        "2,9": 38.41237828290605,
        "2,10": 109.96977845347092,
        "2,11": 33.220396147344495,
        "2,12": 53.259326182642894,
        "2,13": 74.73472375936116,
        "2,14": 77.65653661656405,
        "2,15": 82.21943301478272,
        "2,16": 12.345572012604002,
        "2,17": 87.17687508337474,
        "2,18": 65.56250113881543,
        "2,19": 86.42061364445479,
        "2,20": 30.113647466351612,
        "2,21": 49.69732058260283,
        "2,22": 55.955296335501174,
        "2,23": 45.68892212139168,
        "2,24": 112.72303837091034,
        "2,25": 25.099252978020576,
        "2,26": 26.02137863123981,
        "2,27": 69.65551415855364,
        "2,28": 73.6213845773823,
        "2,29": 75.21310119643978,
        "2,30": 86.65809626260504,
        "2,31": 28.05278939644355,
        "2,32": 34.53076067033812,
        "2,33": 26.40363939460717,
        "2,34": 72.16672596665077,
        "2,35": 15.731245210610375,
        "2,36": 66.88619908040246,
        "2,37": 61.903575602664816,
        "2,38": 60.836507015049925,
        "2,39": 54.43359438364672,
        "2,40": 45.2451667076812,
        "2,41": 56.05549184210143,
        "2,42": 82.01786764083454,
        "2,43": 63.172952035648244,
        "2,44": 14.953223366744353,
        "2,45": 72.6880141191005,
        "2,46": 46.13231810578387,
        "2,47": 90.6469182929719,
        "2,48": 8.234090041111763,
        "2,49": 39.44246063293572,
        "2,50": 69.37873022404682,
        "2,51": 54.40327351626979,
        "2,52": 65.968840037433,
        "2,53": 37.92983554355967,
        "2,54": 27.17100688996697,
        "2,55": 51.61608106325621,
        "2,56": 60.32484724227436,
        "2,57": 38.077582032984694,
        "2,58": 90.86982512341443,
        "2,59": 32.15474416606901,
        "2,60": 25.710125156726168,
        "3,0": 70.30415287742694,
        "3,1": 19.034646908355707,
        "3,2": 48.608041568106174,
        "3,3": 0.0,
        "3,4": 53.10604854323662,
        "3,5": 60.1316241010528,
        "3,6": 50.40778296931043,
        "3,7": 6.377629349854627,
        "3,8": 20.811857765362245,
        "3,9": 52.716489220608715,
        "3,10": 61.67360964046611,
        "3,11": 46.38866764746539,
        "3,12": 6.61125311522641,
        "3,13": 49.48277810493475,
        "3,14": 41.59144965661155,
        "3,15": 64.56936044167425,
        "3,16": 60.040946042134756,
        "3,17": 38.77866428631227,
        "3,18": 58.914811256421196,
        "3,19": 37.82192153474376,
        "3,20": 46.34371279523499,
        "3,21": 15.565773002013211,
        "3,22": 16.61259427283124,
        "3,23": 42.31886674524012,
        "3,24": 64.73687773365596,
        "3,25": 36.78806441819117,
        "3,26": 67.97770316512964,
        "3,27": 56.98698823889994,
        "3,28": 30.535079166072933,
        "3,29": 39.62196113498603,
        "3,30": 46.60475099027378,
        "3,31": 40.31404180016676,
        "3,32": 50.40888864174063,
        "3,33": 51.05376890656439,
        "3,34": 36.44615922414617,
        "3,35": 51.138793965546,
        "3,36": 49.13534741258928,
        "3,37": 62.36034774318963,
        "3,38": 12.272924762413139,
        "3,39": 6.23081717709997,
        "3,40": 38.64886481503724,
        "3,41": 34.92415261208083,
        "3,42": 33.46691082240543,
        "3,43": 63.096338210748854,
        "3,44": 63.56029011562826,
        "3,45": 54.56136258224775,
        "3,46": 23.47840015045014,
        "3,47": 45.530282226249426,
        "3,48": 56.625611044924455,
        "3,49": 34.00871022648843,
        "3,50": 34.283527551484276,
        "3,51": 48.9474210229401,
        "3,52": 17.85863309664834,
        "3,53": 24.940732474181114,
        "3,54": 49.47566985805805,
        "3,55": 3.0084634960189853,
        "3,56": 23.70923098460328,
        "3,57": 44.42600244626511,
        "3,58": 46.423001025365856,
        "3,59": 45.16062864065189,
        "3,60": 64.39673136069324,
        "4,0": 90.10781139967936,
        "4,1": 43.232372241260485,
        "4,2": 6.126888827469516,
        "4,3": 53.10604854323662,
        "4,4": 0.0,
        "4,5": 72.97972248067035,
        "4,6": 67.56432147630385,
        "4,7": 59.44706144839007,
        "4,8": 64.05228240959319,
        "4,9": 43.90056229242905,
        "4,10": 114.71052538118121,
        "4,11": 39.008043544845954,
        "4,12": 58.09458178201199,
        "4,13": 80.84523441823407,
        "4,14": 83.53125695716496,
        "4,15": 81.71363057207967,
        "4,16": 6.939257519104781,
        "4,17": 91.33592364795682,
        "4,18": 71.50321165771909,
        "4,19": 90.79056551278195,
        "4,20": 28.326254935709578,
        "4,21": 52.73140509818009,
        "4,22": 61.39821362870973,
        "4,23": 51.76244057266214,
        "4,24": 117.59702057888967,
        "4,25": 25.527726400998446,
        "4,26": 19.94059816467484,
        "4,27": 75.7134382312446,
        "4,28": 76.68899599399458,
        "4,29": 77.20043321136059,
        "4,30": 89.02855084351509,
        "4,31": 34.089661047428145,
        "4,32": 32.15588165795757,
        "4,33": 31.63560640366722,
        "4,34": 78.01645977810357,
        "4,35": 20.524728673441462,
        "4,36": 66.91954892283152,
        "4,37": 67.61200223644131,
        "4,38": 65.22271429266242,
        "4,39": 59.08253841905314,
        "4,40": 45.271403949827395,
        "4,41": 62.14107899836296,
        "4,42": 86.31749773998159,
        "4,43": 68.88781576126074,
        "4,44": 11.560702757268706,
        "4,45": 72.53956824688268,
        "4,46": 52.03276045649036,
        "4,47": 96.00049660846304,
        "4,48": 4.334735940739602,
        "4,49": 45.56810596869591,
        "4,50": 71.47746208867201,
        "4,51": 60.42446181770977,
        "4,52": 70.71206219675406,
        "4,53": 43.882993482723265,
        "4,54": 24.598438510971903,
        "4,55": 56.10051152042024,
        "4,56": 65.99963905961818,
        "4,57": 44.02309616010543,
        "4,58": 96.29650510917472,
        "4,59": 30.665724756412473,
        "4,60": 19.978717422084163,
        "5,0": 17.658168608034746,
        "5,1": 44.78771573957236,
        "5,2": 73.73552079304307,
        "5,3": 60.1316241010528,
        "5,4": 72.97972248067035,
        "5,5": 0.0,
        "5,6": 109.10363503159948,
        "5,7": 60.85577206390649,
        "5,8": 80.57107887781433,
        "5,9": 101.908926419817,
        "5,10": 95.98689373206915,
        "5,11": 94.9230008932733,
        "5,12": 65.55225779736132,
        "5,13": 109.55014173214238,
        "5,14": 99.6938705688715,
        "5,15": 9.183997505044006,
        "5,16": 77.03758178459653,
        "5,17": 70.01257248446397,
        "5,18": 117.07875347705733,
        "5,19": 73.02945106216904,
        "5,20": 44.94201302707952,
        "5,21": 44.565966478235254,
        "5,22": 76.43846809354702,
        "5,23": 97.73420137387286,
        "5,24": 100.70385605889356,
        "5,25": 48.88037721877871,
        "5,26": 71.28527924806367,
        "5,27": 116.344870335794,
        "5,28": 47.313841213599325,
        "5,29": 33.775197254801974,
        "5,30": 43.8131304432488,
        "5,31": 87.51856953403711,
        "5,32": 42.30511789533858,
        "5,33": 94.04602036076312,
        "5,34": 95.19483723427143,
        "5,35": 87.0203164632239,
        "5,36": 11.110664794458199,
        "5,37": 118.63484133268194,
        "5,38": 61.341326351409236,
        "5,39": 63.23785423194662,
        "5,40": 29.08739829786401,
        "5,41": 94.50806373269566,
        "5,42": 69.30947095114142,
        "5,43": 119.60244449267319,
        "5,44": 83.49173404998182,
        "5,45": 7.292800247427143,
        "5,46": 81.95464891747876,
        "5,47": 94.63926203185954,
        "5,48": 77.13174067443002,
        "5,49": 88.45153476362674,
        "5,50": 33.82984189349589,
        "5,51": 105.9800651114113,
        "5,52": 68.62879367778639,
        "5,53": 79.75725910321924,
        "5,54": 49.43999507801638,
        "5,55": 60.43300586021595,
        "5,56": 83.421498567985,
        "5,57": 95.99908097709871,
        "5,58": 96.49726549019408,
        "5,59": 42.434192007456886,
        "5,60": 65.89436470858449,
        "6,0": 120.56068684671905,
        "6,1": 64.50104766600994,
        "6,2": 61.48866210321944,
        "6,3": 50.40778296931043,
        "6,4": 67.56432147630385,
        "6,5": 109.10363503159948,
        "6,6": 0.0,
        "6,7": 52.4271783678914,
        "6,8": 34.32797054921719,
        "6,9": 28.88088316100711,
        "6,10": 82.70059217397964,
        "6,11": 30.075551148017595,
        "6,12": 46.95474251419875,
        "6,13": 19.512747404183106,
        "6,14": 33.89849590437787,
        "6,15": 114.44027470252034,
        "6,16": 72.60647598560459,
        "6,17": 73.89853474399135,
        "6,18": 8.784374023938437,
        "6,19": 70.39008623129375,
        "6,20": 81.00610813758871,
        "6,21": 65.36454566435754,
        "6,22": 37.164782032247494,
        "6,23": 15.801925012940332,
        "6,24": 82.81619418356898,
        "6,25": 70.60716113362241,
        "6,26": 87.50271962849781,
        "6,27": 8.281026416027208,
        "6,28": 77.91411811654147,
        "6,29": 89.4284049771947,
        "6,30": 94.17703521236608,
        "6,31": 33.51012128527828,
        "6,32": 86.20000564088235,
        "6,33": 39.774330257417176,
        "6,34": 31.583428215041756,
        "6,35": 49.88343453043398,
        "6,36": 98.46453586343475,
        "6,37": 15.611127052880216,
        "6,38": 55.57303684766788,
        "6,39": 49.83653067708201,
        "6,40": 83.23926819683084,
        "6,41": 16.054323588040514,
        "6,42": 68.41684551370912,
        "6,43": 15.64685599692112,
        "6,44": 71.36861399759736,
        "6,45": 104.20434456995629,
        "6,46": 27.245043467673746,
        "6,47": 56.4762715091958,
        "6,48": 68.10918474906615,
        "6,49": 23.365602934055776,
        "6,50": 84.42545886864549,
        "6,51": 7.901502988525812,
        "6,52": 52.71017322205396,
        "6,53": 30.170390065600916,
        "6,54": 81.26953988392603,
        "6,55": 51.230724610228215,
        "6,56": 32.56728296064486,
        "6,57": 24.202755922763064,
        "6,58": 55.082602740119654,
        "6,59": 81.37947317836036,
        "6,60": 86.9027972517954,
        "7,0": 69.56584272745835,
        "7,1": 23.212676211065865,
        "7,2": 54.98286515323479,
        "7,3": 6.377629349854627,
        "7,4": 59.44706144839007,
        "7,5": 60.85577206390649,
        "7,6": 52.4271783678914,
        "7,7": 0.0,
        "7,8": 20.00534293941108,
        "7,9": 57.57878161077017,
        "7,10": 55.41471335416414,
        "7,11": 51.49871398022624,
        "7,12": 5.473161147142999,
        "7,13": 49.06494241290318,
        "7,14": 39.128861156005804,
        "7,15": 64.45154643641531,
        "7,16": 66.37860201729332,
        "7,17": 32.445446177222166,
        "7,18": 61.121188600124654,
        "7,19": 31.444306031789278,
        "7,20": 51.47625414382351,
        "7,21": 17.159869045073155,
        "7,22": 16.076741368298123,
        "7,23": 46.013473218434655,
        "7,24": 58.56726220295896,
        "7,25": 42.32340692685446,
        "7,26": 74.03050886093872,
        "7,27": 58.398258211699094,
        "7,28": 26.1881118739202,
        "7,29": 37.016007675436896,
        "7,30": 42.525380221338004,
        "7,31": 45.77154933344463,
        "7,32": 55.273877602793206,
        "7,33": 56.72616682322691,
        "7,34": 34.399322710666624,
        "7,35": 57.293370663179516,
        "7,36": 49.74933182104682,
        "7,37": 65.34360503335958,
        "7,38": 5.922186313071145,
        "7,39": 2.609499810617501,
        "7,40": 41.92920613726698,
        "7,41": 36.497045960962446,
        "7,42": 27.097028362980506,
        "7,43": 65.98369634187617,
        "7,44": 69.93556932163584,
        "7,45": 54.79987486308961,
        "7,46": 26.529730722035836,
        "7,47": 40.34041759952662,
        "7,48": 62.99026036630643,
        "7,49": 38.285573615931064,
        "7,50": 32.18767468037306,
        "7,51": 51.87158605763939,
        "7,52": 11.938776314823453,
        "7,53": 29.549976937259768,
        "7,54": 54.881389500965504,
        "7,55": 3.3697438884556403,
        "7,56": 22.764211781529855,
        "7,57": 49.052797867346015,
        "7,58": 41.42258050334251,
        "7,59": 50.10209621564536,
        "7,60": 70.32329695145884,
        "8,0": 89.55862832278558,
        "8,1": 39.3609932712716,
        "8,2": 58.462147813341154,
        "8,3": 20.811857765362245,
        "8,4": 64.05228240959319,
        "8,5": 80.57107887781433,
        "8,6": 34.32797054921719,
        "8,7": 20.00534293941108,
        "8,8": 0.0,
        "8,9": 47.28358680068027,
        "8,10": 55.56956676647641,
        "8,11": 42.803013290848824,
        "8,12": 15.021601426166269,
        "8,13": 29.07603034350962,
        "8,14": 21.49644281504735,
        "8,15": 84.42813023698913,
        "8,16": 70.76938632853246,
        "8,17": 40.73267462353142,
        "8,18": 43.10489789871088,
        "8,19": 37.74012199812579,
        "8,20": 64.47380479699612,
        "8,21": 36.15647128126869,
        "8,22": 4.199567820264585,
        "8,23": 32.349568531731315,
        "8,24": 57.229708320039364,
        "8,25": 54.120445379178214,
        "8,26": 81.78442210388225,
        "8,27": 39.30080453294459,
        "8,28": 43.93578825332898,
        "8,29": 56.38616335093416,
        "8,30": 60.04890051664095,
        "8,31": 39.47588786935379,
        "8,32": 69.03970660091953,
        "8,33": 50.72015451549045,
        "8,34": 16.03830929326641,
        "8,35": 55.207117047170016,
        "8,36": 69.49511678108294,
        "8,37": 48.74052257910837,
        "8,38": 21.764236494970415,
        "8,39": 17.476629584203966,
        "8,40": 59.21685998463852,
        "8,41": 18.41630486848527,
        "8,42": 35.02429504902346,
        "8,43": 49.153242216456576,
        "8,44": 72.65377352078785,
        "8,45": 74.68886180437867,
        "8,46": 14.652545232566002,
        "8,47": 32.72548794175173,
        "8,48": 66.66216379381683,
        "8,49": 27.648823246635885,
        "8,50": 51.915460146882715,
        "8,51": 35.64954972043524,
        "8,52": 18.416223020760945,
        "8,53": 22.30927850595444,
        "8,54": 66.78123430555233,
        "8,55": 20.143429554934556,
        "8,56": 2.8979455801030416,
        "8,57": 38.442107947812836,
        "8,58": 32.65933236811139,
        "8,59": 63.743486314748445,
        "8,60": 79.11744897741043,
        "9,0": 116.37495924230336,
        "9,1": 58.63375253206389,
        "9,2": 38.41237828290605,
        "9,3": 52.716489220608715,
        "9,4": 43.90056229242905,
        "9,5": 101.908926419817,
        "9,6": 28.88088316100711,
        "9,7": 57.57878161077017,
        "9,8": 47.28358680068027,
        "9,9": 0.0,
        "9,10": 102.44666738986756,
        "9,11": 7.001068367619978,
        "9,12": 52.86317475410874,
        "9,13": 47.2249752050186,
        "9,14": 57.64786081405764,
        "9,15": 108.99010726337848,
        "9,16": 47.46854219929465,
        "9,17": 87.04333209100682,
        "9,18": 29.62207586318689,
        "9,19": 84.51976037128713,
        "9,20": 64.65285646146197,
        "9,21": 63.70677673686144,
        "9,22": 47.65853708040356,
        "9,23": 16.461045487951687,
        "9,24": 103.63970025214589,
        "9,25": 55.74570532161301,
        "9,26": 63.27276017440926,
        "9,27": 35.76989578062557,
        "9,28": 83.2515642228755,
        "9,29": 91.08722489554427,
        "9,30": 99.24036604835231,
        "9,31": 14.39309923803543,
        "9,32": 69.75387384154568,
        "9,33": 12.509003236533408,
        "9,34": 53.45889862113458,
        "9,35": 23.77370272826357,
        "9,36": 92.57698874099384,
        "9,37": 24.048874036275247,
        "9,38": 62.74674340291166,
        "9,39": 55.50827732622192,
        "9,40": 73.24168257157069,
        "9,41": 33.25741578790878,
        "9,42": 81.25877359834129,
        "9,43": 25.33570261547952,
        "9,44": 44.83911388070558,
        "9,45": 98.64936996471691,
        "9,46": 33.11649763691434,
        "9,47": 77.72934746502087,
        "9,48": 43.20145312189927,
        "9,49": 19.912138644215727,
        "9,50": 85.30693618042636,
        "9,51": 20.99728687722732,
        "9,52": 63.51907675758144,
        "9,53": 28.03873570484717,
        "9,54": 63.29991857831585,
        "9,55": 54.94354009038609,
        "9,56": 47.27160242052384,
        "9,57": 8.87037311469673,
        "9,58": 76.94626431100177,
        "9,59": 65.87211492027083,
        "9,60": 63.87740076301668,
        "10,0": 94.52937590410079,
        "10,1": 76.23546238646232,
        "10,2": 109.96977845347092,
        "10,3": 61.67360964046611,
        "10,4": 114.71052538118121,
        "10,5": 95.98689373206915,
        "10,6": 82.70059217397964,
        "10,7": 55.41471335416414,
        "10,8": 55.56956676647641,
        "10,9": 102.44666738986756,
        "10,10": 0.0,
        "10,11": 98.33078223630609,
        "10,12": 56.71345244499053,
        "10,13": 66.12216311342942,
        "10,14": 49.225956242879285,
        "10,15": 94.27667214662293,
        "10,16": 121.64978262556905,
        "10,17": 26.931727848263947,
        "10,18": 90.24121345744909,
        "10,19": 25.401829194312008,
        "10,20": 104.82905620965508,
        "10,21": 67.11301803986687,
        "10,22": 56.28145380494072,
        "10,23": 86.6296321227141,
        "10,24": 4.885891851307526,
        "10,25": 96.81898697200043,
        "10,26": 129.27828949527418,
        "10,27": 83.374818444793,
        "10,28": 49.67610092014219,
        "10,29": 62.21217202138418,
        "10,30": 53.84051174262431,
        "10,31": 94.9246217302617,
        "10,32": 107.76188936869083,
        "10,33": 106.2288250356285,
        "10,34": 51.14756994337303,
        "10,35": 109.81408256677001,
        "10,36": 86.66732695475216,
        "10,37": 98.29847657013208,
        "10,38": 49.86277271093812,
        "10,39": 55.63014223494875,
        "10,40": 90.5394370023034,
        "10,41": 70.2193782729232,
        "10,42": 30.031770539446235,
        "10,43": 98.24102578103135,
        "10,44": 124.86007337852678,
        "10,45": 88.69462707478576,
        "10,46": 70.21434666857768,
        "10,47": 26.333713162966024,
        "10,48": 118.10148203957988,
        "10,49": 83.14882293891131,
        "10,50": 63.00108684547216,
        "10,51": 87.24721019157435,
        "10,52": 44.01053226633862,
        "10,53": 77.50617975436948,
        "10,54": 108.85480924729787,
        "10,55": 58.71009003360103,
        "10,56": 55.22918510798989,
        "10,57": 93.71489094769747,
        "10,58": 28.010180530713985,
        "10,59": 102.99083140475489,
        "10,60": 125.35520098630874,
        "11,0": 109.3771396607212,
        "11,1": 51.66202916527237,
        "11,2": 33.220396147344495,
        "11,3": 46.38866764746539,
        "11,4": 39.008043544845954,
        "11,5": 94.9230008932733,
        "11,6": 30.075551148017595,
        "11,7": 51.49871398022624,
        "11,8": 42.803013290848824,
        "11,9": 7.001068367619978,
        "11,10": 98.33078223630609,
        "11,11": 0.0,
        "11,12": 46.9886932060795,
        "11,13": 46.85321808322069,
        "11,14": 55.36537359118576,
        "11,15": 101.98927746755666,
        "11,16": 43.27881485613783,
        "11,17": 81.71783354773238,
        "11,18": 32.71117895714272,
        "11,19": 79.39413771676817,
        "11,20": 58.19310163717979,
        "11,21": 56.89895988191543,
        "11,22": 42.69671641640322,
        "11,23": 15.180679756612331,
        "11,24": 99.79178427123827,
        "11,25": 49.049117189309435,
        "11,26": 58.76434362334526,
        "11,27": 37.76349363829585,
        "11,28": 76.89068195503054,
        "11,29": 84.36075106522274,
        "11,30": 92.76092278887566,
        "11,31": 7.406060630449348,
        "11,32": 63.337453408582995,
        "11,33": 9.87001484745194,
        "11,34": 50.75772796420736,
        "11,35": 19.94342269644459,
        "11,36": 85.57592772381122,
        "11,37": 28.70727264203205,
        "11,38": 56.83955303376092,
        "11,39": 49.538710442826414,
        "11,40": 66.29673339577126,
        "11,41": 30.858038487839867,
        "11,42": 75.94553365130338,
        "11,43": 29.970368785058096,
        "11,44": 41.46885173597111,
        "11,45": 91.64831114177412,
        "11,46": 28.251594728744948,
        "11,47": 74.28175541347862,
        "11,48": 38.8597043323913,
        "11,49": 15.184808154657253,
        "11,50": 78.55015915150683,
        "11,51": 22.34124010828648,
        "11,52": 58.143176017698714,
        "11,53": 22.179600581019837,
        "11,54": 57.07842738104139,
        "11,55": 48.73606953741966,
        "11,56": 43.14538016692469,
        "11,57": 6.034447994847402,
        "11,58": 73.68187575988134,
        "11,59": 59.31212431018863,
        "11,60": 58.9145823989186,
        "12,0": 74.77245251253109,
        "12,1": 25.617388958717253,
        "12,2": 53.259326182642894,
        "12,3": 6.61125311522641,
        "12,4": 58.09458178201199,
        "12,5": 65.55225779736132,
        "12,6": 46.95474251419875,
        "12,7": 5.473161147142999,
        "12,8": 15.021601426166269,
        "12,9": 52.86317475410874,
        "12,10": 56.71345244499053,
        "12,11": 46.9886932060795,
        "12,12": 0.0,
        "12,13": 44.06755840259504,
        "12,14": 35.19247127596384,
        "12,15": 69.47053659413287,
        "12,16": 65.02877240236553,
        "12,17": 35.506072030528614,
        "12,18": 55.6481662150338,
        "12,19": 33.922044758139336,
        "12,20": 52.846389675633965,
        "12,21": 21.22823247103191,
        "12,22": 10.928037603400574,
        "12,23": 40.78100646374059,
        "12,24": 59.50507883000004,
        "12,25": 43.134980657712276,
        "12,26": 73.74464177602303,
        "12,27": 52.967896872515134,
        "12,28": 31.49891839177329,
        "12,29": 42.48264378894502,
        "12,30": 47.857273928579176,
        "12,31": 41.61411615151628,
        "12,32": 56.97370344766671,
        "12,33": 52.76063354765212,
        "12,34": 30.17183278589019,
        "12,35": 54.17449655445297,
        "12,36": 54.473818869001526,
        "12,37": 59.92439489766536,
        "12,38": 9.88441162585482,
        "12,39": 2.9071517888841236,
        "12,40": 45.11030717147148,
        "12,41": 31.035847607999607,
        "12,42": 29.88979321840131,
        "12,43": 60.55169458612043,
        "12,44": 68.14769035931515,
        "12,45": 59.680994313845424,
        "12,46": 21.210381552640772,
        "12,47": 39.242780965649544,
        "12,48": 61.4067313612911,
        "12,49": 33.319589380740595,
        "12,50": 37.6059700983216,
        "12,51": 46.45479135915455,
        "12,52": 12.756278387976717,
        "12,53": 24.8536609933632,
        "12,54": 55.86486772224764,
        "12,55": 5.162816311965446,
        "12,56": 17.870121196904307,
        "12,57": 44.219972287913535,
        "12,58": 40.03845226005793,
        "12,59": 51.71433498234637,
        "12,60": 70.34667366860133,
        "13,0": 118.55744854908797,
        "13,1": 67.05007824313046,
        "13,2": 74.73472375936116,
        "13,3": 49.48277810493475,
        "13,4": 80.84523441823407,
        "13,5": 109.55014173214238,
        "13,6": 19.512747404183106,
        "13,7": 49.06494241290318,
        "13,8": 29.07603034350962,
        "13,9": 47.2249752050186,
        "13,10": 66.12216311342942,
        "13,11": 46.85321808322069,
        "13,12": 44.06755840259504,
        "13,13": 0.0,
        "13,14": 17.190247535718143,
        "13,15": 113.50379540004727,
        "13,16": 86.66712820079037,
        "13,17": 62.18985707026418,
        "13,18": 25.039540638555685,
        "13,19": 58.19435589809383,
        "13,20": 88.9009863807057,
        "13,21": 65.01775726021094,
        "13,22": 33.142974956171585,
        "13,23": 31.676424482706803,
        "13,24": 65.59392001631583,
        "13,25": 78.25121035979801,
        "13,26": 100.4316875664083,
        "13,27": 17.504371368295974,
        "13,28": 71.52264374337362,
        "13,29": 84.83319466026803,
        "13,30": 86.98685910677517,
        "13,31": 48.2292330828088,
        "13,32": 93.87632456638717,
        "13,33": 56.71249422230463,
        "13,34": 17.642542420908924,
        "13,35": 65.58937791156231,
        "13,36": 98.4995941727462,
        "13,37": 33.891767857864544,
        "13,38": 50.18642569334139,
        "13,39": 46.55085187329586,
        "13,40": 86.87442021855573,
        "13,41": 18.917828142420838,
        "13,42": 57.31572113721734,
        "13,43": 33.520150503504894,
        "13,44": 86.49542675846723,
        "13,45": 103.74839318701521,
        "13,46": 31.231245880479015,
        "13,47": 39.87786440793867,
        "13,48": 82.18159356884168,
        "13,49": 35.41567397849385,
        "13,50": 80.67751837690601,
        "13,51": 26.6989081634667,
        "13,52": 44.91951871536811,
        "13,53": 38.042765595158556,
        "13,54": 90.19390170349541,
        "13,55": 49.140441002781614,
        "13,56": 26.30301384817146,
        "13,57": 40.830625393675554,
        "13,58": 38.11217894234083,
        "13,59": 88.70747781797157,
        "13,60": 98.97912045126506,
        "14,0": 106.76908552429059,
        "14,1": 60.523378892034785,
        "14,2": 77.65653661656405,
        "14,3": 41.59144965661155,
        "14,4": 83.53125695716496,
        "14,5": 99.6938705688715,
        "14,6": 33.89849590437787,
        "14,7": 39.128861156005804,
        "14,8": 21.49644281504735,
        "14,9": 57.64786081405764,
        "14,10": 49.225956242879285,
        "14,11": 55.36537359118576,
        "14,12": 35.19247127596384,
        "14,13": 17.190247535718143,
        "14,14": 0.0,
        "14,15": 102.54922682119086,
        "14,16": 89.98479312544391,
        "14,17": 45.78519525801774,
        "14,18": 41.069334055044486,
        "14,19": 41.652724162483246,
        "14,20": 85.94253778492677,
        "14,21": 56.20890923332423,
