{
    "num_robots": 2,
    "num_tasks": 30,
    "num_nodes": 31,
    "robot_capacity": [
        194,
        188
    ],
    "robot_speed": [
        0.92,
        0.98
    ],
    "task_demand": {
        "0": 0,
        "1": 14,
        "2": 15,
        "3": 15,
        "4": 6,
        "5": 10,
        "6": 14,
        "7": 10,
        "8": 6,
        "9": 12,
        "10": 9,
        "11": 11,
        "12": 8,
        "13": 5,
        "14": 6,
        "15": 14,
        "16": 14,
        "17": 12,
        "18": 13,
        "19": 6,
        "20": 5,
        "21": 9,
        "22": 14,
        "23": 9,
        "24": 7,
        "25": 6,
        "26": 7,
        "27": 14,
        "28": 9,
        "29": 11,
        "30": 5
    },
    "task_service_time": {
        "0": 0,
        "1": 16,
        "2": 31,
        "3": 23,
        "4": 30,
        "5": 91,
        "6": 19,
        "7": 84,
        "8": 92,
        "9": 30,
        "10": 91,
        "11": 55,
        "12": 78,
        "13": 49,
        "14": 96,
        "15": 24,
        "16": 50,
        "17": 88,
        "18": 61,
        "19": 56,
        "20": 41,
        "21": 25,
        "22": 34,
        "23": 82,
        "24": 12,
        "25": 25,
        "26": 42,
        "27": 100,
        "28": 36,
        "29": 58,
        "30": 46
    },
    "task_precedence": [],
    "coordinates": {
        "0": [
            0,
            0
        ],
        "1": [
            28.382923418185758,
            53.356501588860674
        ],
        "2": [
            32.62512904311059,
            44.14588940895436
        ],
        "3": [
            13.076099061526369,
            4.3125280974196105
        ],
        "4": [
            87.04391387837528,
            41.88607113555934
        ],
        "5": [
            7.757841872987559,
            53.66288948007178
        ],
        "6": [
            65.72316892714849,
            87.86144714287207
        ],
        "7": [
            24.784636640215616,
            72.89730240955265
        ],
        "8": [
            4.853403668022271,
            94.10126233376272
        ],
        "9": [
            57.11136697199558,
            3.6039245757065186
        ],
        "10": [
            33.352460082344194,
            63.135991431104344
        ],
        "11": [
            51.58877141764774,
            31.26062567431592
        ],
        "12": [
            88.36507209078096,
            24.716656948859274
        ],
        "13": [
            10.369106938958916,
            84.14725747427187
        ],
        "14": [
            41.49476051430317,
            67.57792030390955
        ],
        "15": [
            5.9386638376130785,
            7.710127062143435
        ],
        "16": [
            87.23445151131685,
            2.7600390522943496
        ],
        "17": [
            60.651933803174586,
            46.7619302581477
        ],
        "18": [
            72.93569115825758,
            28.739930875280006
        ],
        "19": [
            11.977191942005172,
            38.2317623974288
        ],
        "20": [
            67.92371798822741,
            49.617035272896814
        ],
        "21": [
            97.81748853190095,
            68.75572115392144
        ],
        "22": [
            19.87174991103555,
            85.67591449913225
        ],
        "23": [
            82.12336464953069,
            12.840302113674174
        ],
        "24": [
            50.72270331260007,
            35.04929781408298
        ],
        "25": [
            83.27270169849426,
            22.895852935901228
        ],
        "26": [
            37.92669333216272,
            7.215595317489454
        ],
        "27": [
            49.36848118723856,
            79.33934859365509
        ],
        "28": [
            1.5172269990712195,
            29.151107860714763
        ],
        "29": [
            37.31595492729094,
            85.38363391352758
        ],
        "30": [
            48.353028338918655,
            57.79200182811525
        ]
    },
    "distance_matrix_str_keys": {
        "0,0": 0.0,
        "0,1": 60.43597110632614,
        "0,2": 54.89315619261883,
        "0,3": 13.768887582440508,
        "0,4": 96.59754602700396,
        "0,5": 54.22075080517309,
        "0,6": 109.72314627217996,
        "0,7": 76.99542137021713,
        "0,8": 94.22633973561959,
        "0,9": 57.22496404330307,
        "0,10": 71.40406156188067,
        "0,11": 60.321041552115204,
        "0,12": 91.75673869714697,
        "0,13": 84.78372083810056,
        "0,14": 79.3006334321544,
        "0,15": 9.73210087753769,
        "0,16": 87.27810347418463,
        "0,17": 76.58547640076767,
        "0,18": 78.39386883837668,
        "0,19": 40.06395865149979,
        "0,20": 84.11588229707951,
        "0,21": 119.56425157246782,
        "0,22": 87.95026304559504,
        "0,23": 83.12111873483303,
        "0,24": 61.6542448546597,
        "0,25": 86.36297198353485,
        "0,26": 38.60697971737354,
        "0,27": 93.4450596339916,
        "0,28": 29.190564696040685,
        "0,29": 93.18178702093509,
        "0,30": 75.35204592341967,
        "1,0": 60.43597110632614,
        "1,1": 0.0,
        "1,2": 10.14059590422488,
        "1,3": 51.37713701360553,
        "1,4": 59.77192130552998,
        "1,5": 20.6273571328456,
        "1,6": 50.84176631820439,
        "1,7": 19.8693372926847,
        "1,8": 47.05075799424112,
        "1,9": 57.451217467293695,
        "1,10": 10.969718147289022,
        "1,11": 32.042770070720984,
        "1,12": 66.46878109597566,
        "1,13": 35.67307432983942,
        "1,14": 19.343449079827078,
        "1,15": 50.865865721065525,
        "1,16": 77.61123874871961,
        "1,17": 32.93595910645959,
        "1,18": 50.90112638240437,
        "1,19": 22.31380202648974,
        "1,20": 39.71722603050802,
        "1,21": 71.12169005123336,
        "1,22": 33.421318426020306,
        "1,23": 67.30228408941811,
        "1,24": 28.882857818818973,
        "1,25": 62.77530466688686,
        "1,26": 47.11758457003496,
        "1,27": 33.39913132632055,
        "1,28": 36.16167487297275,
        "1,29": 33.24960536434064,
        "1,30": 20.456753234995713,
        "2,0": 54.89315619261883,
        "2,1": 10.14059590422488,
        "2,2": 0.0,
        "2,3": 44.371851962659306,
        "2,4": 54.46568572574483,
        "2,5": 26.626213804351053,
        "2,6": 54.83183593636872,
        "2,7": 29.801293103669618,
        "2,8": 57.15599718634957,
        "2,9": 47.36271487626391,
        "2,10": 19.00402550125361,
        "2,11": 22.927052876907872,
        "2,12": 59.029114214478504,
        "2,13": 45.77597587160203,
        "2,14": 25.05454917369108,
        "2,15": 45.163394502157544,
        "2,16": 68.51982713186302,
        "2,17": 28.14863149041875,
        "2,18": 43.15419998540603,
        "2,19": 21.47822629640683,
        "2,20": 35.72007584791581,
        "2,21": 69.68276368106581,
        "2,22": 43.44412115899287,
        "2,23": 58.56718470313459,
        "2,24": 20.25512708139774,
        "2,25": 54.92486382312163,
        "2,26": 37.30888909620656,
        "2,27": 38.97331664623208,
        "2,28": 34.533245478248574,
        "2,29": 41.503679587479404,
        "2,30": 20.82266074293717,
        "3,0": 13.768887582440508,
        "3,1": 51.37713701360553,
        "3,2": 44.371851962659306,
        "3,3": 0.0,
        "3,4": 82.96390037370828,
        "3,5": 49.63609602015263,
        "3,6": 98.75290294011242,
        "3,7": 69.57701574282848,
        "3,8": 90.16445816006996,
        "3,9": 44.040968868745196,
        "3,10": 62.220018119700775,
        "3,11": 47.004530579763056,
        "3,12": 78.00485839988416,
        "3,13": 79.88060979378461,
        "3,14": 69.35510197388899,
        "3,15": 7.90485042873365,
        "3,16": 74.1746011806102,
        "3,17": 63.7605818289627,
        "3,18": 64.65190463133214,
        "3,19": 33.93703069445314,
        "3,20": 71.13901652638641,
        "3,21": 106.46139309950475,
        "3,22": 81.64668711725437,
        "3,23": 69.57188954493554,
        "3,24": 48.600574320188386,
        "3,25": 72.61475734191292,
        "3,26": 25.019589023163995,
        "3,27": 83.34363079523865,
        "3,28": 27.396396989636823,
        "3,29": 84.61734343879874,
        "3,30": 64.06649553201972,
        "4,0": 96.59754602700396,
        "4,1": 59.77192130552998,
        "4,2": 54.46568572574483,
        "4,3": 82.96390037370828,
        "4,4": 0.0,
        "4,5": 80.15593966989078,
        "4,6": 50.678490153999746,
        "4,7": 69.55511532121218,
        "4,8": 97.37405280927295,
        "4,9": 48.59506260447323,
        "4,10": 57.74366911877315,
        "4,11": 37.013068207868734,
        "4,12": 17.220169643086113,
        "4,13": 87.55017926853236,
        "4,14": 52.295281678876336,
        "4,15": 88.0116852326088,
        "4,16": 39.126496024692116,
        "4,17": 26.83860306486011,
        "4,18": 19.28374839245167,
        "4,19": 75.15561665388613,
        "4,20": 20.624007791174478,
        "4,21": 28.949058757140225,
        "4,22": 80.18509832794011,
        "4,23": 29.459607987652976,
        "4,24": 36.95905581062146,
        "4,25": 19.36105442831844,
        "4,26": 60.1210715775813,
        "4,27": 53.12425266126081,
        "4,28": 86.46961002665712,
        "4,29": 66.06744939123968,
        "4,30": 41.832801185477955,
        "5,0": 54.22075080517309,
        "5,1": 20.6273571328456,
        "5,2": 26.626213804351053,
        "5,3": 49.63609602015263,
        "5,4": 80.15593966989078,
        "5,5": 0.0,
        "5,6": 67.30171236091782,
        "5,7": 25.68802018036979,
        "5,8": 40.54254259836931,
        "5,9": 70.29701563363048,
        "5,10": 27.291466465864147,
        "5,11": 49.224097842130575,
        "5,12": 85.64700777689417,
        "5,13": 30.596002961997716,
        "5,14": 36.49394144565785,
        "5,15": 45.98875713218348,
        "5,16": 94.38025037726938,
        "5,17": 53.34236776992315,
        "5,18": 69.78041202994963,
        "5,19": 15.997581006064529,
        "5,20": 60.30175441046558,
        "5,21": 91.31557109421969,
        "5,22": 34.22835869312572,
        "5,23": 84.83345222915145,
        "5,24": 46.82355297532716,
        "5,25": 81.5420418690644,
        "5,26": 55.385112922077084,
        "5,27": 48.895049409446415,
        "5,28": 25.29372871206605,
        "5,29": 43.35767146357835,
        "5,30": 40.8046410716536,
        "6,0": 109.72314627217996,
        "6,1": 50.84176631820439,
        "6,2": 54.83183593636872,
        "6,3": 98.75290294011242,
        "6,4": 50.678490153999746,
        "6,5": 67.30171236091782,
        "6,6": 0.0,
        "6,7": 43.58771677213635,
        "6,8": 61.188754002002675,
        "6,9": 84.69647715266078,
        "6,10": 40.73341320426854,
        "6,11": 58.33895939997514,
        "6,12": 67.08144532966776,
        "6,13": 55.47853083388809,
        "6,14": 31.59805746001717,
        "6,15": 99.99210548580372,
        "6,16": 87.77804359528066,
        "6,17": 41.41120275771244,
        "6,18": 59.55983682577879,
        "6,19": 73.15555788878682,
        "6,20": 38.307668363534205,
        "6,21": 37.350690976966696,
        "6,22": 45.903476760785956,
        "6,23": 76.79282923049773,
        "6,24": 54.90115741384299,
        "6,25": 67.29423846925783,
        "6,26": 85.30180227957793,
        "6,27": 18.44185388599873,
        "6,28": 87.00176387578388,
        "6,29": 28.515072604382716,
        "6,30": 34.72597479685805,
        "7,0": 76.99542137021713,
        "7,1": 19.8693372926847,
        "7,2": 29.801293103669618,
        "7,3": 69.57701574282848,
        "7,4": 69.55511532121218,
        "7,5": 25.68802018036979,
        "7,6": 43.58771677213635,
        "7,7": 0.0,
        "7,8": 29.100892842992874,
        "7,9": 76.46299566174335,
        "7,10": 12.988101884165502,
        "7,11": 49.51842576982178,
        "7,12": 79.77371978974365,
        "7,13": 18.28575909077924,
        "7,14": 17.536364100724718,
        "7,15": 67.85675000064703,
        "7,16": 93.91067611661745,
        "7,17": 44.37928214007565,
        "7,18": 65.33297415559193,
        "7,19": 36.955788505048545,
        "7,20": 49.019905931207546,
        "7,21": 73.15018899995982,
        "7,22": 13.69048512470261,
        "7,23": 83.03356558805217,
        "7,24": 45.883055200801024,
        "7,25": 76.948025989804,
        "7,26": 66.98358232150574,
        "7,27": 25.413881477458304,
        "7,28": 49.54898474150195,
        "7,29": 17.69017841739153,
        "7,30": 27.993556274954912,
        "8,0": 94.22633973561959,
        "8,1": 47.05075799424112,
        "8,2": 57.15599718634957,
        "8,3": 90.16445816006996,
        "8,4": 97.37405280927295,
        "8,5": 40.54254259836931,
        "8,6": 61.188754002002675,
        "8,7": 29.100892842992874,
        "8,8": 0.0,
        "8,9": 104.50197543575493,
        "8,10": 42.08377619204015,
        "8,11": 78.31436786731628,
        "8,12": 108.5745008147473,
        "8,13": 11.380034943522304,
        "8,14": 45.23357938488918,
        "8,15": 86.39795161434628,
        "8,16": 123.003480090257,
        "8,17": 73.17436932839841,
        "8,18": 94.3785013651345,
        "8,19": 56.32183752780578,
        "8,20": 77.1797318319528,
        "8,21": 96.35723912751686,
        "8,22": 17.22025580557802,
        "8,23": 112.13380634748223,
        "8,24": 74.77384010145245,
        "8,25": 105.92354143961128,
        "8,26": 92.9675299342241,
        "8,27": 46.898893631003844,
        "8,28": 65.03577969732696,
        "8,29": 33.61271008910077,
        "8,30": 56.66197794796638,
        "9,0": 57.22496404330307,
        "9,1": 57.451217467293695,
        "9,2": 47.36271487626391,
        "9,3": 44.040968868745196,
        "9,4": 48.59506260447323,
        "9,5": 70.29701563363048,
        "9,6": 84.69647715266078,
        "9,7": 76.46299566174335,
        "9,8": 104.50197543575493,
        "9,9": 0.0,
        "9,10": 64.09799248546463,
        "9,11": 28.20269805027039,
        "9,12": 37.71659517920943,
        "9,13": 93.12393541622441,
        "9,14": 65.85249066426098,
        "9,15": 51.33718384309039,
        "9,16": 30.134902769707434,
        "9,17": 43.30299144368285,
        "9,18": 29.702323960325305,
        "9,19": 56.8874406863704,
        "9,20": 47.26640763301245,
        "9,21": 76.82281516462992,
        "9,22": 90.12547147636921,
        "9,23": 26.66290865312513,
        "9,24": 32.08779396365047,
        "9,25": 32.50529086974597,
        "9,26": 19.521676880174734,
        "9,27": 76.13019592418145,
        "9,28": 61.183061161786526,
        "9,29": 84.14142378993913,
        "9,30": 54.89131271817667,
        "10,0": 71.40406156188067,
        "10,1": 10.969718147289022,
        "10,2": 19.00402550125361,
        "10,3": 62.220018119700775,
        "10,4": 57.74366911877315,
        "10,5": 27.291466465864147,
        "10,6": 40.73341320426854,
        "10,7": 12.988101884165502,
        "10,8": 42.08377619204015,
        "10,9": 64.09799248546463,
        "10,10": 0.0,
        "10,11": 36.72331675172003,
        "10,12": 67.10016946364163,
        "10,13": 31.140132023649524,
        "10,14": 9.27511662650879,
        "10,15": 61.83480141145506,
        "10,16": 80.92295487684699,
        "10,17": 31.83349092905199,
        "10,18": 52.43969073296571,
        "10,19": 32.81954770914981,
        "10,20": 37.12053405869358,
        "10,21": 64.70951440985843,
        "10,22": 26.26361891734345,
        "10,23": 70.058957287538,
        "10,24": 33.02404742327443,
        "10,25": 64.11941413587564,
        "10,26": 56.10716809220851,
        "10,27": 22.782925961553012,
        "10,28": 46.566665939910855,
        "10,29": 22.597939893088537,
        "10,30": 15.924047001218156,
        "11,0": 60.321041552115204,
        "11,1": 32.042770070720984,
        "11,2": 22.927052876907872,
        "11,3": 47.004530579763056,
        "11,4": 37.013068207868734,
        "11,5": 49.224097842130575,
        "11,6": 58.33895939997514,
        "11,7": 49.51842576982178,
        "11,8": 78.31436786731628,
        "11,9": 28.20269805027039,
        "11,10": 36.72331675172003,
        "11,11": 0.0,
        "11,12": 37.353979946994315,
        "11,13": 67.05264023794882,
        "11,14": 37.693964309018355,
        "11,15": 51.36689894232157,
        "11,16": 45.63877679276202,
        "11,17": 17.95637369368194,
        "11,18": 21.495229347041747,
        "11,19": 40.22031794712071,
        "11,20": 24.572103141867306,
        "11,21": 59.52290711192105,
        "11,22": 62.984070296695506,
        "11,23": 35.66047817844406,
        "11,24": 3.8864007185605547,
        "11,25": 32.76951114995261,
        "11,26": 27.655304418404008,
        "11,27": 48.12996245855424,
        "11,28": 50.115961787312656,
        "11,29": 55.9733267854357,
        "11,30": 26.727962022682064,
        "12,0": 91.75673869714697,
        "12,1": 66.46878109597566,
        "12,2": 59.029114214478504,
        "12,3": 78.00485839988416,
        "12,4": 17.220169643086113,
        "12,5": 85.64700777689417,
        "12,6": 67.08144532966776,
        "12,7": 79.77371978974365,
        "12,8": 108.5745008147473,
        "12,9": 37.71659517920943,
        "12,10": 67.10016946364163,
        "12,11": 37.353979946994315,
        "12,12": 0.0,
        "12,13": 98.05797702775338,
        "12,14": 63.513101039605075,
        "12,15": 84.162550082003,
        "12,16": 21.98570836590131,
        "12,17": 35.412033393032075,
        "12,18": 15.945298023177012,
        "12,19": 77.57426318637958,
        "12,20": 32.21611084886227,
        "12,21": 45.04206203798782,
        "12,22": 91.69169135913525,
        "12,23": 13.416658151469147,
        "12,24": 39.034745989723795,
        "12,25": 5.408101650842214,
        "12,26": 53.38836212156013,
        "12,27": 67.11462243520924,
        "12,28": 86.96098292891627,
        "12,29": 79.2874167645997,
        "12,30": 51.91283159376559,
        "13,0": 84.78372083810056,
        "13,1": 35.67307432983942,
        "13,2": 45.77597587160203,
        "13,3": 79.88060979378461,
        "13,4": 87.55017926853236,
        "13,5": 30.596002961997716,
        "13,6": 55.47853083388809,
        "13,7": 18.28575909077924,
        "13,8": 11.380034943522304,
        "13,9": 93.12393541622441,
        "13,10": 31.140132023649524,
        "13,11": 67.05264023794882,
        "13,12": 98.05797702775338,
        "13,13": 0.0,
        "13,14": 35.26115773421926,
        "13,15": 76.5654212534287,
        "13,16": 111.94713269527716,
        "13,17": 62.65800322794658,
        "13,18": 83.57361606223547,
        "13,19": 45.94364619322918,
        "13,20": 67.11832460892415,
        "13,21": 88.79256068796231,
        "13,22": 9.62481250489652,
        "13,23": 101.16004835108285,
        "13,24": 63.55330347889305,
        "13,25": 95.21905632165065,
        "13,26": 81.71842638000439,
        "13,27": 39.294620236893635,
        "13,28": 55.70396979378529,
        "13,29": 26.975196814959855,
        "13,30": 46.23178327830963,
        "14,0": 79.3006334321544,
        "14,1": 19.343449079827078,
        "14,2": 25.05454917369108,
        "14,3": 69.35510197388899,
        "14,4": 52.295281678876336,
        "14,5": 36.49394144565785,
        "14,6": 31.59805746001717,
        "14,7": 17.536364100724718,
        "14,8": 45.23357938488918,
        "14,9": 65.85249066426098,
        "14,10": 9.27511662650879,
        "14,11": 37.693964309018355,
        "14,12": 63.513101039605075,
        "14,13": 35.26115773421926,
        "14,14": 0.0,
        "14,15": 69.63037181087711,
        "14,16": 79.33143804602803,
        "14,17": 28.289622302270228,
        "14,18": 49.96920594342372,
        "14,19": 41.62311663357775,
        "14,20": 31.95439225295567,
        "14,21": 56.335041547748794,
        "14,22": 28.19737543530139,
        "14,23": 68.16810338506576,
        "14,24": 33.81221982322797,
        "14,25": 61.170936839883076,
        "14,26": 60.46768873689869,
        "14,27": 14.153680533707012,
        "14,28": 55.45108746008471,
        "14,29": 18.289501176406674,
        "14,30": 11.949896985708637,
        "15,0": 9.73210087753769,
        "15,1": 50.865865721065525,
        "15,2": 45.163394502157544,
        "15,3": 7.90485042873365,
        "15,4": 88.0116852326088,
        "15,5": 45.98875713218348,
        "15,6": 99.99210548580372,
        "15,7": 67.85675000064703,
        "15,8": 86.39795161434628,
        "15,9": 51.33718384309039,
        "15,10": 61.83480141145506,
        "15,11": 51.36689894232157,
        "15,12": 84.162550082003,
        "15,13": 76.5654212534287,
        "15,14": 69.63037181087711,
        "15,15": 0.0,
        "15,16": 81.44635329339907,
        "15,17": 67.22042281318873,
        "15,18": 70.22004214056126,
        "15,19": 31.11324549460685,
        "15,20": 74.82202813235618,
        "15,21": 110.30994055488293,
        "15,22": 79.20097788663422,
        "15,23": 76.35723498045715,
        "15,24": 52.46942394481666,
        "15,25": 78.8109109335828,
        "15,26": 31.99185197187947,
        "15,27": 83.76690523250936,
        "15,28": 21.892116419430977,
        "15,29": 83.77176172624279,
        "15,30": 65.62905222631281,
        "16,0": 87.27810347418463,
        "16,1": 77.61123874871961,
        "16,2": 68.51982713186302,
        "16,3": 74.1746011806102,
        "16,4": 39.126496024692116,
        "16,5": 94.38025037726938,
        "16,6": 87.77804359528066,
        "16,7": 93.91067611661745,
        "16,8": 123.003480090257,
        "16,9": 30.134902769707434,
        "16,10": 80.92295487684699,
        "16,11": 45.63877679276202,
        "16,12": 21.98570836590131,
        "16,13": 111.94713269527716,
        "16,14": 79.33143804602803,
        "16,15": 81.44635329339907,
        "16,16": 0.0,
        "16,17": 51.40813824089967,
        "16,18": 29.654836481900496,
        "16,19": 83.19794633857562,
        "16,20": 50.68019853963995,
        "16,21": 66.83884146690512,
        "16,22": 106.8305947189478,
        "16,23": 11.301987094990936,
        "16,24": 48.74119395246942,
        "16,25": 20.521853287036613,
        "16,26": 49.50865579155084,
        "16,27": 85.42963395927389,
        "16,28": 89.68796513988654,
        "16,29": 96.53245427835455,
        "16,30": 67.38161466505859,
        "17,0": 76.58547640076767,
        "17,1": 32.93595910645959,
        "17,2": 28.14863149041875,
        "17,3": 63.7605818289627,
        "17,4": 26.83860306486011,
        "17,5": 53.34236776992315,
        "17,6": 41.41120275771244,
        "17,7": 44.37928214007565,
        "17,8": 73.17436932839841,
        "17,9": 43.30299144368285,
        "17,10": 31.83349092905199,
        "17,11": 17.95637369368194,
        "17,12": 35.412033393032075,
        "17,13": 62.65800322794658,
        "17,14": 28.289622302270228,
        "17,15": 67.22042281318873,
        "17,16": 51.40813824089967,
        "17,17": 0.0,
        "17,18": 21.810161771858528,
        "17,19": 49.41653831445015,
        "17,20": 7.812200066513267,
        "17,21": 43.18570708302661,
        "17,22": 56.36773516635443,
        "17,23": 40.145973628270504,
        "17,24": 15.354978896263978,
        "17,25": 32.88295587269144,
        "17,26": 45.610844781740695,
        "17,27": 34.47614375684622,
        "17,28": 61.70133397521641,
        "17,29": 45.12431609830415,
        "17,30": 16.520458663648256,
        "18,0": 78.39386883837668,
        "18,1": 50.90112638240437,
        "18,2": 43.15419998540603,
        "18,3": 64.65190463133214,
        "18,4": 19.28374839245167,
        "18,5": 69.78041202994963,
        "18,6": 59.55983682577879,
        "18,7": 65.33297415559193,
        "18,8": 94.3785013651345,
        "18,9": 29.702323960325305,
        "18,10": 52.43969073296571,
        "18,11": 21.495229347041747,
        "18,12": 15.945298023177012,
        "18,13": 83.57361606223547,
        "18,14": 49.96920594342372,
        "18,15": 70.22004214056126,
        "18,16": 29.654836481900496,
        "18,17": 21.810161771858528,
        "18,18": 0.0,
        "18,19": 61.693058704709266,
        "18,20": 21.470290242241568,
        "18,21": 47.1207736796337,
        "18,22": 77.82986632330935,
        "18,23": 18.36332047694877,
        "18,24": 23.091663868153557,
        "18,25": 11.874638262721852,
        "18,26": 41.09655642498385,
        "18,27": 55.81858524950904,
        "18,28": 71.41964778245786,
        "18,29": 66.91244057011232,
        "18,30": 38.05693284984855,
        "19,0": 40.06395865149979,
        "19,1": 22.31380202648974,
        "19,2": 21.47822629640683,
        "19,3": 33.93703069445314,
        "19,4": 75.15561665388613,
        "19,5": 15.997581006064529,
        "19,6": 73.15555788878682,
        "19,7": 36.955788505048545,
        "19,8": 56.32183752780578,
        "19,9": 56.8874406863704,
        "19,10": 32.81954770914981,
        "19,11": 40.22031794712071,
        "19,12": 77.57426318637958,
        "19,13": 45.94364619322918,
        "19,14": 41.62311663357775,
        "19,15": 31.11324549460685,
        "19,16": 83.19794633857562,
        "19,17": 49.41653831445015,
        "19,18": 61.693058704709266,
        "19,19": 0.0,
        "19,20": 57.09324141340629,
        "19,21": 91.1058097862553,
        "19,22": 48.09648234721488,
        "19,23": 74.6003471899125,
        "19,24": 38.875991719738145,
        "19,25": 72.92626296780743,
        "19,26": 40.4398224863624,
        "19,27": 55.569255477295,
        "19,28": 13.851684136687227,
        "19,29": 53.528981842504486,
        "19,30": 41.30138545086347,
        "20,0": 84.11588229707951,
        "20,1": 39.71722603050802,
        "20,2": 35.72007584791581,
        "20,3": 71.13901652638641,
        "20,4": 20.624007791174478,
        "20,5": 60.30175441046558,
        "20,6": 38.307668363534205,
        "20,7": 49.019905931207546,
        "20,8": 77.1797318319528,
        "20,9": 47.26640763301245,
        "20,10": 37.12053405869358,
        "20,11": 24.572103141867306,
        "20,12": 32.21611084886227,
        "20,13": 67.11832460892415,
        "20,14": 31.95439225295567,
        "20,15": 74.82202813235618,
        "20,16": 50.68019853963995,
        "20,17": 7.812200066513267,
        "20,18": 21.470290242241568,
        "20,19": 57.09324141340629,
        "20,20": 0.0,
        "20,21": 35.495447800673475,
        "20,22": 60.076904107516214,
        "20,23": 39.42281150768584,
        "20,24": 22.540937880666696,
        "20,25": 30.81578956355008,
        "20,26": 51.93942239290468,
        "20,27": 35.03873173900699,
        "20,28": 69.48867699369148,
        "20,29": 47.07530921740607,
        "20,30": 21.209478341734403,
        "21,0": 119.56425157246782,
        "21,1": 71.12169005123336,
        "21,2": 69.68276368106581,
        "21,3": 106.46139309950475,
        "21,4": 28.949058757140225,
        "21,5": 91.31557109421969,
        "21,6": 37.350690976966696,
        "21,7": 73.15018899995982,
        "21,8": 96.35723912751686,
        "21,9": 76.82281516462992,
        "21,10": 64.70951440985843,
        "21,11": 59.52290711192105,
        "21,12": 45.04206203798782,
        "21,13": 88.79256068796231,
        "21,14": 56.335041547748794,
        "21,15": 110.30994055488293,
        "21,16": 66.83884146690512,
        "21,17": 43.18570708302661,
        "21,18": 47.1207736796337,
        "21,19": 91.1058097862553,
        "21,20": 35.495447800673475,
        "21,21": 0.0,
        "21,22": 79.76108770567001,
        "21,23": 58.07615354757606,
        "21,24": 57.91408955700234,
        "21,25": 48.1111040925421,
        "21,26": 85.87254763672074,
        "21,27": 49.59152631716666,
        "21,28": 104.12620114743382,
        "21,29": 62.74490458396464,
        "21,30": 50.66493820817495,
        "22,0": 87.95026304559504,
        "22,1": 33.421318426020306,
        "22,2": 43.44412115899287,
        "22,3": 81.64668711725437,
        "22,4": 80.18509832794011,
        "22,5": 34.22835869312572,
        "22,6": 45.903476760785956,
        "22,7": 13.69048512470261,
        "22,8": 17.22025580557802,
        "22,9": 90.12547147636921,
        "22,10": 26.26361891734345,
        "22,11": 62.984070296695506,
        "22,12": 91.69169135913525,
        "22,13": 9.62481250489652,
        "22,14": 28.19737543530139,
        "22,15": 79.20097788663422,
        "22,16": 106.8305947189478,
        "22,17": 56.36773516635443,
        "22,18": 77.82986632330935,
        "22,19": 48.09648234721488,
        "22,20": 60.076904107516214,
        "22,21": 79.76108770567001,
        "22,22": 0.0,
        "22,23": 95.81382973827274,
        "22,24": 59.286049309769446,
        "22,25": 89.22453035706458,
        "22,26": 80.51088540082867,
        "22,27": 30.169673903689915,
        "22,28": 59.430146195649804,
        "22,29": 17.446653449583707,
        "22,30": 39.85844711891699,
        "23,0": 83.12111873483303,
        "23,1": 67.30228408941811,
        "23,2": 58.56718470313459,
        "23,3": 69.57188954493554,
        "23,4": 29.459607987652976,
        "23,5": 84.83345222915145,
        "23,6": 76.79282923049773,
        "23,7": 83.03356558805217,
        "23,8": 112.13380634748223,
        "23,9": 26.66290865312513,
        "23,10": 70.058957287538,
        "23,11": 35.66047817844406,
        "23,12": 13.416658151469147,
        "23,13": 101.16004835108285,
        "23,14": 68.16810338506576,
        "23,15": 76.35723498045715,
        "23,16": 11.301987094990936,
        "23,17": 40.145973628270504,
        "23,18": 18.36332047694877,
        "23,19": 74.6003471899125,
        "23,20": 39.42281150768584,
        "23,21": 58.07615354757606,
        "23,22": 95.81382973827274,
        "23,23": 0.0,
        "23,24": 38.46090251693772,
        "23,25": 10.121021588284036,
        "23,26": 44.55314895805349,
        "23,27": 74.12830480575555,
        "23,28": 82.23984320900976,
        "23,29": 85.26569623617864,
        "23,30": 56.22357976640338,
        "24,0": 61.6542448546597,
        "24,1": 28.882857818818973,
        "24,2": 20.25512708139774,
        "24,3": 48.600574320188386,
        "24,4": 36.95905581062146,
        "24,5": 46.82355297532716,
        "24,6": 54.90115741384299,
        "24,7": 45.883055200801024,
        "24,8": 74.77384010145245,
        "24,9": 32.08779396365047,
        "24,10": 33.02404742327443,
        "24,11": 3.8864007185605547,
        "24,12": 39.034745989723795,
        "24,13": 63.55330347889305,
        "24,14": 33.81221982322797,
        "24,15": 52.46942394481666,
        "24,16": 48.74119395246942,
        "24,17": 15.354978896263978,
        "24,18": 23.091663868153557,
        "24,19": 38.875991719738145,
        "24,20": 22.540937880666696,
        "24,21": 57.91408955700234,
        "24,22": 59.286049309769446,
        "24,23": 38.46090251693772,
        "24,24": 0.0,
        "24,25": 34.74490778990091,
        "24,26": 30.634178071042303,
        "24,27": 44.310749436473024,
        "24,28": 49.55771931765285,
        "24,29": 52.0892147458458,
        "24,30": 22.865824834253655,
        "25,0": 86.36297198353485,
        "25,1": 62.77530466688686,
        "25,2": 54.92486382312163,
        "25,3": 72.61475734191292,
        "25,4": 19.36105442831844,
        "25,5": 81.5420418690644,
        "25,6": 67.29423846925783,
        "25,7": 76.948025989804,
        "25,8": 105.92354143961128,
        "25,9": 32.50529086974597,
        "25,10": 64.11941413587564,
        "25,11": 32.76951114995261,
        "25,12": 5.408101650842214,
        "25,13": 95.21905632165065,
        "25,14": 61.170936839883076,
        "25,15": 78.8109109335828,
        "25,16": 20.521853287036613,
        "25,17": 32.88295587269144,
        "25,18": 11.874638262721852,
        "25,19": 72.92626296780743,
        "25,20": 30.81578956355008,
        "25,21": 48.1111040925421,
        "25,22": 89.22453035706458,
        "25,23": 10.121021588284036,
        "25,24": 34.74490778990091,
        "25,25": 0.0,
        "25,26": 47.98052681806621,
        "25,27": 65.84348388825374,
        "25,28": 81.99442577091693,
        "25,29": 77.56768235096564,
        "25,30": 49.367244150823566,
        "26,0": 38.60697971737354,
        "26,1": 47.11758457003496,
        "26,2": 37.30888909620656,
        "26,3": 25.019589023163995,
        "26,4": 60.1210715775813,
        "26,5": 55.385112922077084,
        "26,6": 85.30180227957793,
        "26,7": 66.98358232150574,
        "26,8": 92.9675299342241,
        "26,9": 19.521676880174734,
        "26,10": 56.10716809220851,
        "26,11": 27.655304418404008,
        "26,12": 53.38836212156013,
        "26,13": 81.71842638000439,
        "26,14": 60.46768873689869,
        "26,15": 31.99185197187947,
        "26,16": 49.50865579155084,
        "26,17": 45.610844781740695,
        "26,18": 41.09655642498385,
        "26,19": 40.4398224863624,
        "26,20": 51.93942239290468,
        "26,21": 85.87254763672074,
        "26,22": 80.51088540082867,
        "26,23": 44.55314895805349,
        "26,24": 30.634178071042303,
        "26,25": 47.98052681806621,
        "26,26": 0.0,
        "26,27": 73.02568244091782,
        "26,28": 42.50665770434696,
        "26,29": 78.17042445420704,
        "26,30": 51.639920189725075,
        "27,0": 93.4450596339916,
        "27,1": 33.39913132632055,
        "27,2": 38.97331664623208,
        "27,3": 83.34363079523865,
        "27,4": 53.12425266126081,
        "27,5": 48.895049409446415,
        "27,6": 18.44185388599873,
        "27,7": 25.413881477458304,
        "27,8": 46.898893631003844,
        "27,9": 76.13019592418145,
        "27,10": 22.782925961553012,
        "27,11": 48.12996245855424,
        "27,12": 67.11462243520924,
        "27,13": 39.294620236893635,
        "27,14": 14.153680533707012,
        "27,15": 83.76690523250936,
        "27,16": 85.42963395927389,
        "27,17": 34.47614375684622,
        "27,18": 55.81858524950904,
        "27,19": 55.569255477295,
        "27,20": 35.03873173900699,
        "27,21": 49.59152631716666,
        "27,22": 30.169673903689915,
        "27,23": 74.12830480575555,
        "27,24": 44.310749436473024,
        "27,25": 65.84348388825374,
        "27,26": 73.02568244091782,
        "27,27": 0.0,
        "27,28": 69.34408435654892,
        "27,29": 13.48320341294134,
        "27,30": 21.571260907086106,
        "28,0": 29.190564696040685,
        "28,1": 36.16167487297275,
        "28,2": 34.533245478248574,
        "28,3": 27.396396989636823,
        "28,4": 86.46961002665712,
        "28,5": 25.29372871206605,
        "28,6": 87.00176387578388,
        "28,7": 49.54898474150195,
        "28,8": 65.03577969732696,
        "28,9": 61.183061161786526,
        "28,10": 46.566665939910855,
        "28,11": 50.115961787312656,
        "28,12": 86.96098292891627,
        "28,13": 55.70396979378529,
        "28,14": 55.45108746008471,
        "28,15": 21.892116419430977,
        "28,16": 89.68796513988654,
        "28,17": 61.70133397521641,
        "28,18": 71.41964778245786,
        "28,19": 13.851684136687227,
        "28,20": 69.48867699369148,
        "28,21": 104.12620114743382,
        "28,22": 59.430146195649804,
        "28,23": 82.23984320900976,
        "28,24": 49.55771931765285,
        "28,25": 81.99442577091693,
        "28,26": 42.50665770434696,
        "28,27": 69.34408435654892,
        "28,28": 0.0,
        "28,29": 66.66067737098814,
        "28,30": 54.89893527562745,
        "29,0": 93.18178702093509,
        "29,1": 33.24960536434064,
        "29,2": 41.503679587479404,
        "29,3": 84.61734343879874,
        "29,4": 66.06744939123968,
        "29,5": 43.35767146357835,
        "29,6": 28.515072604382716,
        "29,7": 17.69017841739153,
        "29,8": 33.61271008910077,
        "29,9": 84.14142378993913,
        "29,10": 22.597939893088537,
        "29,11": 55.9733267854357,
        "29,12": 79.2874167645997,
        "29,13": 26.975196814959855,
        "29,14": 18.289501176406674,
        "29,15": 83.77176172624279,
        "29,16": 96.53245427835455,
        "29,17": 45.12431609830415,
        "29,18": 66.91244057011232,
        "29,19": 53.528981842504486,
        "29,20": 47.07530921740607,
        "29,21": 62.74490458396464,
        "29,22": 17.446653449583707,
        "29,23": 85.26569623617864,
        "29,24": 52.0892147458458,
        "29,25": 77.56768235096564,
        "29,26": 78.17042445420704,
        "29,27": 13.48320341294134,
        "29,28": 66.66067737098814,
        "29,29": 0.0,
        "29,30": 29.717253416667134,
        "30,0": 75.35204592341967,
        "30,1": 20.456753234995713,
        "30,2": 20.82266074293717,
        "30,3": 64.06649553201972,
        "30,4": 41.832801185477955,
        "30,5": 40.8046410716536,
        "30,6": 34.72597479685805,
        "30,7": 27.993556274954912,
        "30,8": 56.66197794796638,
        "30,9": 54.89131271817667,
        "30,10": 15.924047001218156,
        "30,11": 26.727962022682064,
        "30,12": 51.91283159376559,
        "30,13": 46.23178327830963,
        "30,14": 11.949896985708637,
        "30,15": 65.62905222631281,
        "30,16": 67.38161466505859,
        "30,17": 16.520458663648256,
        "30,18": 38.05693284984855,
        "30,19": 41.30138545086347,
        "30,20": 21.209478341734403,
        "30,21": 50.66493820817495,
        "30,22": 39.85844711891699,
        "30,23": 56.22357976640338,
        "30,24": 22.865824834253655,
        "30,25": 49.367244150823566,
        "30,26": 51.639920189725075,
        "30,27": 21.571260907086106,
        "30,28": 54.89893527562745,
        "30,29": 29.717253416667134,
        "30,30": 0.0
    }
}