{
    "num_robots": 6,
    "num_tasks": 30,
    "num_nodes": 31,
    "robot_capacity": [
        46,
        58,
        55,
        64,
        51,
        70
    ],
    "robot_speed": [
        1.1,
        1.19,
        0.83,
        1.0,
        1.2,
        1.19
    ],
    "task_demand": {
        "0": 0,
        "1": 7,
        "2": 7,
        "3": 12,
        "4": 15,
        "5": 5,
        "6": 5,
        "7": 11,
        "8": 9,
        "9": 12,
        "10": 6,
        "11": 10,
        "12": 10,
        "13": 7,
        "14": 14,
        "15": 5,
        "16": 12,
        "17": 13,
        "18": 6,
        "19": 13,
        "20": 8,
        "21": 5,
        "22": 13,
        "23": 10,
        "24": 8,
        "25": 10,
        "26": 8,
        "27": 5,
        "28": 12,
        "29": 11,
        "30": 15
    },
    "task_service_time": {
        "0": 0,
        "1": 71,
        "2": 38,
        "3": 12,
        "4": 48,
        "5": 27,
        "6": 42,
        "7": 96,
        "8": 83,
        "9": 18,
        "10": 58,
        "11": 48,
        "12": 95,
        "13": 34,
        "14": 37,
        "15": 38,
        "16": 57,
        "17": 11,
        "18": 23,
        "19": 13,
        "20": 63,
        "21": 59,
        "22": 51,
        "23": 92,
        "24": 23,
        "25": 39,
        "26": 99,
        "27": 16,
        "28": 98,
        "29": 65,
        "30": 20
    },
    "task_precedence": [],
    "coordinates": {
        "0": [
            0,
            100
        ],
        "1": [
            57.441168241026475,
            79.89595761982554
        ],
        "2": [
            71.08606293410269,
            74.11872433385842
        ],
        "3": [
            52.75684854827425,
            56.36608010647214
        ],
        "4": [
            39.62874562153637,
            90.1638956515436
        ],
        "5": [
            62.33109780563089,
            86.76578892970002
        ],
        "6": [
            67.0462668152893,
            77.58883517306124
        ],
        "7": [
            2.1984790695435352,
            72.70853547193818
        ],
        "8": [
            87.41463180709664,
            99.56626124327364
        ],
        "9": [
            81.83654671123172,
            91.08925500433828
        ],
        "10": [
            44.870731930525984,
            75.13278608286792
        ],
        "11": [
            68.17612058018832,
            12.9783403935948
        ],
        "12": [
            29.722847622165073,
            36.50964510024257
        ],
        "13": [
            53.351092210509336,
            45.85110416427523
        ],
        "14": [
            63.90926448679094,
            4.383336954396788
        ],
        "15": [
            50.568217102988235,
            93.41472058784542
        ],
        "16": [
            12.560345508226034,
            73.6676356067301
        ],
        "17": [
            1.8174518215665958,
            50.446619504703264
        ],
        "18": [
            81.60410037182504,
            17.477710527127222
        ],
        "19": [
            66.48656365182535,
            84.199384493782
        ],
        "20": [
            43.8008784926318,
            43.72179910722719
        ],
        "21": [
            42.276793909752605,
            1.4132823237616
        ],
        "22": [
            77.7824004849594,
            73.5129941480562
        ],
        "23": [
            76.8180502549309,
            26.113540394240577
        ],
        "24": [
            32.37414153888345,
            71.01596889216346
        ],
        "25": [
            99.56853245118296,
            50.22466598245659
        ],
        "26": [
            92.94815461873706,
            98.0458094383034
        ],
        "27": [
            68.11787033876648,
            33.32222390670645
        ],
        "28": [
            46.143882656257205,
            39.34930709456728
        ],
        "29": [
            10.673722563189536,
            9.92231252634742
        ],
        "30": [
            27.981132921207617,
            14.273080163002327
        ]
    },
    "distance_matrix_str_keys": {
        "0,0": 0.0,
        "0,1": 60.85770558374477,
        "0,2": 75.65096677226286,
        "0,3": 68.46315822411607,
        "0,4": 40.8311943039897,
        "0,5": 63.72056258625134,
        "0,6": 70.69273090472018,
        "0,7": 27.379871188624644,
        "0,8": 87.41570787495436,
        "0,9": 82.32023903024894,
        "0,10": 51.300691145261695,
        "0,11": 110.54751312452683,
        "0,12": 70.10330117810142,
        "0,13": 76.01606383049862,
        "0,14": 115.00843594806001,
        "0,15": 50.99520061644134,
        "0,16": 29.174572727393322,
        "0,17": 49.58669831351318,
        "0,18": 116.05669932123482,
        "0,19": 68.33829524215218,
        "0,20": 71.31446453878476,
        "0,21": 107.26913911028666,
        "0,22": 82.16850554928888,
        "0,23": 106.58434105459679,
        "0,24": 43.452952714858114,
        "0,25": 111.31700917218485,
        "0,26": 92.9686953107339,
        "0,27": 95.3203550362481,
        "0,28": 76.2086901639409,
        "0,29": 90.70787250264978,
        "0,30": 90.17787192151583,
        "1,0": 60.85770558374477,
        "1,1": 0.0,
        "1,2": 14.817542833601856,
        "1,3": 23.991623262658162,
        "1,4": 20.55998421688414,
        "1,5": 8.43243697710953,
        "1,6": 9.878296037559789,
        "1,7": 55.708291519566636,
        "1,8": 35.85149038443411,
        "1,9": 26.840722736966185,
        "1,10": 13.442606597190604,
        "1,11": 67.7732004332126,
        "1,12": 51.48472989126891,
        "1,13": 34.28965979337367,
        "1,14": 75.78912948969271,
        "1,15": 15.165566574690407,
        "1,16": 45.310928530232815,
        "1,17": 62.938552126111745,
        "1,18": 66.93194199545326,
        "1,19": 10.016918737675377,
        "1,20": 38.660409316440926,
        "1,21": 79.93427656823073,
        "1,22": 21.319192102037032,
        "1,23": 57.16652831165866,
        "1,24": 26.593420755693636,
        "1,25": 51.527665993376544,
        "1,26": 39.876850460632284,
        "1,27": 47.78184424720766,
        "1,28": 42.09108611572361,
        "1,29": 84.16356089720458,
        "1,30": 71.93229960704863,
        "2,0": 75.65096677226286,
        "2,1": 14.817542833601856,
        "2,2": 0.0,
        "2,3": 25.516984090323287,
        "2,4": 35.313033502056314,
        "2,5": 15.381731283966287,
        "2,6": 5.3255630611168785,
        "2,7": 68.90201625005581,
        "2,8": 30.235728802133362,
        "2,9": 20.08909686073548,
        "2,10": 26.234936646729185,
        "2,11": 61.20959330747061,
        "2,12": 55.90490516709696,
        "2,13": 33.37045904117203,
        "2,14": 70.10371380260045,
        "2,15": 28.1658919436836,
        "2,16": 58.527455790024774,
        "2,17": 73.20183763063787,
        "2,18": 57.60931831392942,
        "2,19": 11.080392723524751,
        "2,20": 40.84671777803567,
        "2,21": 78.20521261144252,
        "2,22": 6.7236779855229285,
        "2,23": 48.346182514472424,
        "2,24": 38.836065061236575,
        "2,25": 37.17764239824256,
        "2,26": 32.4107459714014,
        "2,27": 40.9043349094643,
        "2,28": 42.79047478320917,
        "2,29": 88.15231226718106,
        "2,30": 73.75321089716233,
        "3,0": 68.46315822411607,
        "3,1": 23.991623262658162,
        "3,2": 25.516984090323287,
        "3,3": 0.0,
        "3,4": 36.257956672621496,
        "3,5": 31.871751526689483,
        "3,6": 25.58501137436012,
        "3,7": 53.13402461436644,
        "3,8": 55.38427205144047,
        "3,9": 45.291585534583724,
        "3,10": 20.35632797223543,
        "3,11": 46.04617147371278,
        "3,12": 30.41123492758256,
        "3,13": 10.531754108176207,
        "3,14": 53.16560887340911,
        "3,15": 37.11323037841554,
        "3,16": 43.76188614967494,
        "3,17": 51.28218162965387,
        "3,18": 48.41971939521205,
        "3,19": 31.035429913911646,
        "3,20": 15.49474884034688,
        "3,21": 55.94319913424576,
        "3,22": 30.33636284865406,
        "3,23": 38.654334641907425,
        "3,24": 25.10127459839028,
        "3,25": 47.212823652779974,
        "3,26": 57.90113056602898,
        "3,27": 27.694409165090647,
        "3,28": 18.256557222753536,
        "3,29": 62.673862492375214,
        "3,30": 48.843185083225514,
        "4,0": 40.8311943039897,
        "4,1": 20.55998421688414,
        "4,2": 35.313033502056314,
        "4,3": 36.257956672621496,
        "4,4": 0.0,
        "4,5": 22.955259179188104,
        "4,6": 30.163763267327575,
        "4,7": 41.30029604195335,
        "4,8": 48.70210875578047,
        "4,9": 42.21794361120746,
        "4,10": 15.91894077283938,
        "4,11": 82.29558042512207,
        "4,12": 54.56102470991298,
        "4,13": 46.38885949559465,
        "4,14": 89.15070300766357,
        "4,15": 11.41226967171651,
        "4,16": 31.69897285655119,
        "4,17": 54.837541550948515,
        "4,18": 83.93576064082286,
        "4,19": 27.512138824511236,
        "4,20": 46.62912206042144,
        "4,21": 88.79010939172335,
        "4,22": 41.628762896776585,
        "4,23": 74.06410998386563,
        "4,24": 20.47614171612002,
        "4,25": 72.02721785369441,
        "4,26": 53.89883060654174,
        "4,27": 63.581490025806325,
        "4,28": 51.23055163470309,
        "4,29": 85.30594951553591,
        "4,30": 76.77944228198507,
        "5,0": 63.72056258625134,
        "5,1": 8.43243697710953,
        "5,2": 15.381731283966287,
        "5,3": 31.871751526689483,
        "5,4": 22.955259179188104,
        "5,5": 0.0,
        "5,6": 10.317426958361747,
        "5,7": 61.75385178946655,
        "5,8": 28.160890778760056,
        "5,9": 19.97886122649518,
        "5,10": 20.98073239252938,
        "5,11": 74.01859126397551,
        "5,12": 59.90807936025501,
        "5,13": 41.888565622882076,
        "5,14": 82.39756673310607,
        "5,15": 13.511981890873415,
        "5,16": 51.46541950398985,
        "5,17": 70.57608247845924,
        "5,18": 71.91860980745946,
        "5,19": 4.884089283335053,
        "5,20": 46.86314210149581,
        "5,21": 87.67682412510732,
        "5,22": 20.356309194266778,
        "5,23": 62.35837589029578,
        "5,24": 33.84488233075434,
        "5,25": 52.171641772397024,
        "5,26": 32.62886805532003,
        "5,27": 53.75594272931315,
        "5,28": 50.103379964964304,
        "5,29": 92.59267942278699,
        "5,30": 80.21915551721023,
        "6,0": 70.69273090472018,
        "6,1": 9.878296037559789,
        "6,2": 5.3255630611168785,
        "6,3": 25.58501137436012,
        "6,4": 30.163763267327575,
        "6,5": 10.317426958361747,
        "6,6": 0.0,
        "6,7": 65.03116868617752,
        "6,8": 29.96460493834575,
        "6,9": 20.025326839306693,
        "6,10": 22.31113006010216,
        "6,11": 64.62037298853603,
        "6,12": 55.50258982520039,
        "6,13": 34.56647764874904,
        "6,14": 73.27268080977991,
        "6,15": 22.846986048118993,
        "6,16": 54.62683797107871,
        "6,17": 70.65053557385791,
        "6,18": 61.84883041787301,
        "6,19": 6.634201530920907,
        "6,20": 41.07705211131449,
        "6,21": 80.10144592898781,
        "6,22": 11.483773170615052,
        "6,23": 52.39459632593552,
        "6,24": 35.289642139434406,
        "6,25": 42.50288834401336,
        "6,26": 33.00599321140292,
        "6,27": 44.27958002418381,
        "6,28": 43.57948107994959,
        "6,29": 88.0716868951264,
        "6,30": 74.3973757511401,
        "7,0": 27.379871188624644,
        "7,1": 55.708291519566636,
        "7,2": 68.90201625005581,
        "7,3": 53.13402461436644,
        "7,4": 41.30029604195335,
        "7,5": 61.75385178946655,
        "7,6": 65.03116868617752,
        "7,7": 0.0,
        "7,8": 89.34836384063357,
        "7,9": 81.73171152148264,
        "7,10": 42.74105936048167,
        "7,11": 88.99856955819072,
        "7,12": 45.474724060323645,
        "7,13": 57.774660947470224,
        "7,14": 92.06820183578581,
        "7,15": 52.615374744254034,
        "7,16": 10.406159193557082,
        "7,17": 22.265176493707155,
        "7,18": 96.7248505736023,
        "7,19": 65.30694779655094,
        "7,20": 50.70493588237178,
        "7,21": 81.78804583735635,
        "7,22": 75.58820232214377,
        "7,23": 87.97257510259521,
        "7,24": 30.223093605560962,
        "7,25": 99.93223545364805,
        "7,26": 94.22038560911615,
        "7,27": 76.78963265974394,
        "7,28": 55.17278871266826,
        "7,29": 63.35565913199875,
        "7,30": 63.87055406677922,
        "8,0": 87.41570787495436,
        "8,1": 35.85149038443411,
        "8,2": 30.235728802133362,
        "8,3": 55.38427205144047,
        "8,4": 48.70210875578047,
        "8,5": 28.160890778760056,
        "8,6": 29.96460493834575,
        "8,7": 89.34836384063357,
        "8,8": 0.0,
        "8,9": 10.147643475785863,
        "8,10": 49.06096335297374,
        "8,11": 88.69942700659415,
        "8,12": 85.46624363952289,
        "8,13": 63.60536793282266,
        "8,14": 98.04229377694384,
        "8,15": 37.3563880612476,
        "8,16": 79.20797300256532,
        "8,17": 98.6894950134042,
        "8,18": 82.29393923149883,
        "8,19": 25.963916071073466,
        "8,20": 70.8573456279539,
        "8,21": 108.03440045106504,
        "8,22": 27.776835791319034,
        "8,23": 74.21313725155188,
        "8,24": 62.004635006579406,
        "8,25": 50.816437535000475,
        "8,26": 5.7386103194224845,
        "8,27": 68.99737303560289,
        "8,28": 73.00244038673583,
        "8,29": 118.00510452156078,
        "8,30": 103.95800848713353,
        "9,0": 82.32023903024894,
        "9,1": 26.840722736966185,
        "9,2": 20.08909686073548,
        "9,3": 45.291585534583724,
        "9,4": 42.21794361120746,
        "9,5": 19.97886122649518,
        "9,6": 20.025326839306693,
        "9,7": 81.73171152148264,
        "9,8": 10.147643475785863,
        "9,9": 0.0,
        "9,10": 40.26264227349333,
        "9,11": 79.29641999112289,
        "9,12": 75.46370949025132,
        "9,13": 53.45943704848586,
        "9,14": 88.53984229056387,
        "9,15": 31.354684285921813,
        "9,16": 71.43321969192236,
        "9,17": 89.7489797564152,
        "9,18": 73.61191147919693,
        "9,19": 16.825346818900808,
        "9,20": 60.74856323404016,
        "9,21": 98.01405061480558,
        "9,22": 18.037767248528077,
        "9,23": 65.1692319716503,
        "9,24": 53.38039284957329,
        "9,25": 44.5459083890892,
        "9,26": 13.10959495495017,
        "9,27": 59.37366388599578,
        "9,28": 62.85688885911461,
        "9,29": 107.94544961206401,
        "9,30": 93.8143395848919,
        "10,0": 51.300691145261695,
        "10,1": 13.442606597190604,
        "10,2": 26.234936646729185,
        "10,3": 20.35632797223543,
        "10,4": 15.91894077283938,
        "10,5": 20.98073239252938,
        "10,6": 22.31113006010216,
        "10,7": 42.74105936048167,
        "10,8": 49.06096335297374,
        "10,9": 40.26264227349333,
        "10,10": 0.0,
        "10,11": 66.38008932694059,
        "10,12": 41.487412770420384,
        "10,13": 30.48497017318465,
        "10,14": 73.2662969848899,
        "10,15": 19.149163598828906,
        "10,16": 32.34358880328638,
        "10,17": 49.62853764181867,
        "10,18": 68.3626220560797,
        "10,19": 23.440294105414328,
        "10,20": 31.429201217378175,
        "10,21": 73.76512556041983,
        "10,22": 32.95150456275043,
        "10,23": 58.51083315081805,
        "10,24": 13.15723964964431,
        "10,25": 60.10211168281941,
        "10,26": 53.258287727147646,
        "10,27": 47.8388184810051,
        "10,28": 35.8061207236498,
        "10,29": 73.63315361394862,
        "10,30": 63.1598160173705,
        "11,0": 110.54751312452683,
        "11,1": 67.7732004332126,
        "11,2": 61.20959330747061,
        "11,3": 46.04617147371278,
        "11,4": 82.29558042512207,
        "11,5": 74.01859126397551,
        "11,6": 64.62037298853603,
        "11,7": 88.99856955819072,
        "11,8": 88.69942700659415,
        "11,9": 79.29641999112289,
        "11,10": 66.38008932694059,
        "11,11": 0.0,
        "11,12": 45.08188663289665,
        "11,13": 36.06106021853416,
        "11,14": 9.595839986243417,
        "11,15": 82.34105612400431,
        "11,16": 82.31831503573302,
        "11,17": 76.20593716348095,
        "11,18": 14.161743285454923,
        "11,19": 71.24108172490779,
        "11,20": 39.23407550209137,
        "11,21": 28.364162073654796,
        "11,22": 61.292127706430094,
        "11,23": 15.723117615796209,
        "11,24": 68.19199384833898,
        "11,25": 48.71111056986553,
        "11,26": 88.60094785090887,
        "11,27": 20.343966906325857,
        "11,28": 34.36346013835784,
        "11,29": 57.5835487273122,
        "11,30": 40.21583499041263,
        "12,0": 70.10330117810142,
        "12,1": 51.48472989126891,
        "12,2": 55.90490516709696,
        "12,3": 30.41123492758256,
        "12,4": 54.56102470991298,
        "12,5": 59.90807936025501,
        "12,6": 55.50258982520039,
        "12,7": 45.474724060323645,
        "12,8": 85.46624363952289,
        "12,9": 75.46370949025132,
        "12,10": 41.487412770420384,
        "12,11": 45.08188663289665,
        "12,12": 0.0,
        "12,13": 25.40780981847152,
        "12,14": 46.91279967262467,
        "12,15": 60.60294584458591,
        "12,16": 40.93003466027337,
        "12,17": 31.192152383871356,
        "12,18": 55.26191202328637,
        "12,19": 60.215297555797285,
        "12,20": 15.817905000671818,
        "12,21": 37.27406937174947,
        "12,22": 60.65450075737209,
        "12,23": 48.22900687428085,
        "12,24": 34.6080300084491,
        "12,25": 71.17950187402316,
        "12,26": 88.22776754657006,
        "12,27": 38.5270998554698,
        "12,28": 16.664755378729488,
        "12,29": 32.70711572284227,
        "12,30": 22.30467193902734,
        "13,0": 76.01606383049862,
        "13,1": 34.28965979337367,
        "13,2": 33.37045904117203,
        "13,3": 10.531754108176207,
        "13,4": 46.38885949559465,
        "13,5": 41.888565622882076,
        "13,6": 34.56647764874904,
        "13,7": 57.774660947470224,
        "13,8": 63.60536793282266,
        "13,9": 53.45943704848586,
        "13,10": 30.48497017318465,
        "13,11": 36.06106021853416,
        "13,12": 25.40780981847152,
        "13,13": 0.0,
        "13,14": 42.79077843634433,
        "13,15": 47.644957772597266,
        "13,16": 49.37250690433813,
        "13,17": 51.73813731649971,
        "13,18": 40.04100319237672,
        "13,19": 40.53555493904167,
        "13,20": 9.784708584475398,
        "13,21": 45.796944142413835,
        "13,22": 36.90621873717238,
        "13,23": 30.663814887173224,
        "13,24": 32.76130150425558,
        "13,25": 46.42391436940331,
        "13,26": 65.51499530644679,
        "13,27": 19.365706204465415,
        "13,28": 9.706556273703153,
        "13,29": 55.78741747540931,
        "13,30": 40.506868975098456,
        "14,0": 115.00843594806001,
        "14,1": 75.78912948969271,
        "14,2": 70.10371380260045,
        "14,3": 53.16560887340911,
        "14,4": 89.15070300766357,
        "14,5": 82.39756673310607,
        "14,6": 73.27268080977991,
        "14,7": 92.06820183578581,
        "14,8": 98.04229377694384,
        "14,9": 88.53984229056387,
        "14,10": 73.2662969848899,
        "14,11": 9.595839986243417,
        "14,12": 46.91279967262467,
        "14,13": 42.79077843634433,
        "14,14": 0.0,
        "14,15": 90.0253898463271,
        "14,16": 86.23819061189155,
        "14,17": 77.31247764340944,
        "14,18": 22.01294701443929,
        "14,19": 79.85764782283215,
        "14,20": 44.17987994370022,
        "14,21": 21.835407204249403,
        "14,22": 70.50796696924783,
        "14,23": 25.275254529771434,
        "14,24": 73.71819055222072,
        "14,25": 58.0776276961719,
        "14,26": 98.06077652096072,
        "14,27": 29.243316180895782,
        "14,28": 39.22024807963295,
        "14,29": 53.522921952058894,
        "14,30": 37.26442886354256,
        "15,0": 50.99520061644134,
        "15,1": 15.165566574690407,
        "15,2": 28.1658919436836,
        "15,3": 37.11323037841554,
        "15,4": 11.41226967171651,
        "15,5": 13.511981890873415,
        "15,6": 22.846986048118993,
        "15,7": 52.615374744254034,
        "15,8": 37.3563880612476,
        "15,9": 31.354684285921813,
        "15,10": 19.149163598828906,
        "15,11": 82.34105612400431,
        "15,12": 60.60294584458591,
        "15,13": 47.644957772597266,
        "15,14": 90.0253898463271,
        "15,15": 0.0,
        "15,16": 42.83159661295994,
        "15,17": 64.98380433781473,
        "15,18": 82.0344777958541,
        "15,19": 18.393373159250114,
        "15,20": 50.151603335747005,
        "15,21": 92.37430563327311,
        "15,22": 33.71484083355223,
        "15,23": 72.23920400971274,
        "15,24": 28.85703489891452,
        "15,25": 65.31777492412763,
        "15,26": 42.63221889345675,
        "15,27": 62.602703504471435,
        "15,28": 54.246139692107796,
        "15,29": 92.53406344959527,
        "15,30": 82.30173522453828,
        "16,0": 29.174572727393322,
        "16,1": 45.310928530232815,
        "16,2": 58.527455790024774,
        "16,3": 43.76188614967494,
        "16,4": 31.69897285655119,
        "16,5": 51.46541950398985,
        "16,6": 54.62683797107871,
        "16,7": 10.406159193557082,
        "16,8": 79.20797300256532,
        "16,9": 71.43321969192236,
        "16,10": 32.34358880328638,
        "16,11": 82.31831503573302,
        "16,12": 40.93003466027337,
        "16,13": 49.37250690433813,
        "16,14": 86.23819061189155,
        "16,15": 42.83159661295994,
        "16,16": 0.0,
        "16,17": 25.585647413607827,
        "16,18": 89.01880568799008,
        "16,19": 54.945015587321286,
        "16,20": 43.27498151131558,
        "16,21": 78.12655677770914,
        "16,22": 65.22223830388505,
        "16,23": 79.94025638433502,
        "16,24": 19.9904439547909,
        "16,25": 90.11102829235249,
        "16,26": 84.00294764441523,
        "16,27": 68.66142155927537,
        "16,28": 48.01668084366012,
        "16,29": 63.77323545782437,
        "16,30": 61.363783299226455,
        "17,0": 49.58669831351318,
        "17,1": 62.938552126111745,
        "17,2": 73.20183763063787,
        "17,3": 51.28218162965387,
        "17,4": 54.837541550948515,
        "17,5": 70.57608247845924,
        "17,6": 70.65053557385791,
        "17,7": 22.265176493707155,
        "17,8": 98.6894950134042,
        "17,9": 89.7489797564152,
        "17,10": 49.62853764181867,
        "17,11": 76.20593716348095,
        "17,12": 31.192152383871356,
        "17,13": 51.73813731649971,
        "17,14": 77.31247764340944,
        "17,15": 64.98380433781473,
        "17,16": 25.585647413607827,
        "17,17": 0.0,
        "17,18": 86.32993829520645,
        "17,19": 72.94753710251288,
        "17,20": 42.5185997467346,
        "17,21": 63.570641945073795,
        "17,22": 79.3897415578324,
        "17,23": 78.84915030841361,
        "17,24": 36.83489406396856,
        "17,25": 97.75133261303294,
        "17,26": 102.81287796108596,
        "17,27": 68.47620331292144,
        "17,28": 45.6944505741208,
        "17,29": 41.48075442328583,
        "17,30": 44.64373592329946,
        "18,0": 116.05669932123482,
        "18,1": 66.93194199545326,
        "18,2": 57.60931831392942,
        "18,3": 48.41971939521205,
        "18,4": 83.93576064082286,
        "18,5": 71.91860980745946,
        "18,6": 61.84883041787301,
        "18,7": 96.7248505736023,
        "18,8": 82.29393923149883,
        "18,9": 73.61191147919693,
        "18,10": 68.3626220560797,
        "18,11": 14.161743285454923,
        "18,12": 55.26191202328637,
        "18,13": 40.04100319237672,
        "18,14": 22.01294701443929,
        "18,15": 82.0344777958541,
        "18,16": 89.01880568799008,
        "18,17": 86.32993829520645,
        "18,18": 0.0,
        "18,19": 68.41287666363048,
        "18,20": 46.01994969410166,
        "18,21": 42.48179477214744,
        "18,22": 56.165455579948954,
        "18,23": 9.873390158154873,
        "18,24": 72.73193215812775,
        "18,25": 37.35082209975023,
        "18,26": 81.36280556198852,
        "18,27": 20.806898008598875,
        "18,28": 41.66285848143796,
        "18,29": 71.33163768641485,
        "18,30": 53.718640098020416,
        "19,0": 68.33829524215218,
        "19,1": 10.016918737675377,
        "19,2": 11.080392723524751,
        "19,3": 31.035429913911646,
        "19,4": 27.512138824511236,
        "19,5": 4.884089283335053,
        "19,6": 6.634201530920907,
        "19,7": 65.30694779655094,
        "19,8": 25.963916071073466,
        "19,9": 16.825346818900808,
        "19,10": 23.440294105414328,
        "19,11": 71.24108172490779,
        "19,12": 60.215297555797285,
        "19,13": 40.53555493904167,
        "19,14": 79.85764782283215,
        "19,15": 18.393373159250114,
        "19,16": 54.945015587321286,
        "19,17": 72.94753710251288,
        "19,18": 68.41287666363048,
        "19,19": 0.0,
        "19,20": 46.401241684548594,
        "19,21": 86.25341537277951,
        "19,22": 15.54975460841777,
        "19,23": 58.99749910111768,
        "19,24": 36.57129734281417,
        "19,25": 47.42044029282592,
        "19,26": 29.865352504941367,
        "19,27": 50.90330667952656,
        "19,28": 49.247884348497664,
        "19,29": 92.90940022646132,
        "19,30": 79.82703948607401,
        "20,0": 71.31446453878476,
        "20,1": 38.660409316440926,
        "20,2": 40.84671777803567,
        "20,3": 15.49474884034688,
        "20,4": 46.62912206042144,
        "20,5": 46.86314210149581,
        "20,6": 41.07705211131449,
        "20,7": 50.70493588237178,
        "20,8": 70.8573456279539,
        "20,9": 60.74856323404016,
        "20,10": 31.429201217378175,
        "20,11": 39.23407550209137,
        "20,12": 15.817905000671818,
        "20,13": 9.784708584475398,
        "20,14": 44.17987994370022,
        "20,15": 50.151603335747005,
        "20,16": 43.27498151131558,
        "20,17": 42.5185997467346,
        "20,18": 46.01994969410166,
        "20,19": 46.401241684548594,
        "20,20": 0.0,
        "20,21": 42.33595902105632,
        "20,22": 45.19136133018963,
        "20,23": 37.419038016558225,
        "20,24": 29.589559335331202,
        "20,25": 56.14551189220437,
        "20,26": 73.2567597499815,
        "20,27": 26.447443294130842,
        "20,28": 4.960680891928113,
        "20,29": 47.32667063194552,
        "20,30": 33.42890063104893,
        "21,0": 107.26913911028666,
        "21,1": 79.93427656823073,
        "21,2": 78.20521261144252,
        "21,3": 55.94319913424576,
        "21,4": 88.79010939172335,
        "21,5": 87.67682412510732,
        "21,6": 80.10144592898781,
        "21,7": 81.78804583735635,
        "21,8": 108.03440045106504,
        "21,9": 98.01405061480558,
        "21,10": 73.76512556041983,
        "21,11": 28.364162073654796,
        "21,12": 37.27406937174947,
        "21,13": 45.796944142413835,
        "21,14": 21.835407204249403,
        "21,15": 92.37430563327311,
        "21,16": 78.12655677770914,
        "21,17": 63.570641945073795,
        "21,18": 42.48179477214744,
        "21,19": 86.25341537277951,
        "21,20": 42.33595902105632,
        "21,21": 0.0,
        "21,22": 80.36800696433683,
        "21,23": 42.4641158939119,
        "21,24": 70.3036023367044,
        "21,25": 75.265493287269,
        "21,26": 109.11201626146712,
        "21,27": 41.0602214308925,
        "21,28": 38.13261531529833,
        "21,29": 32.72854585105292,
        "21,30": 19.22863290942826,
        "22,0": 82.16850554928888,
        "22,1": 21.319192102037032,
        "22,2": 6.7236779855229285,
        "22,3": 30.33636284865406,
        "22,4": 41.628762896776585,
        "22,5": 20.356309194266778,
        "22,6": 11.483773170615052,
        "22,7": 75.58820232214377,
        "22,8": 27.776835791319034,
        "22,9": 18.037767248528077,
        "22,10": 32.95150456275043,
        "22,11": 61.292127706430094,
        "22,12": 60.65450075737209,
        "22,13": 36.90621873717238,
        "22,14": 70.50796696924783,
        "22,15": 33.71484083355223,
        "22,16": 65.22223830388505,
        "22,17": 79.3897415578324,
        "22,18": 56.165455579948954,
        "22,19": 15.54975460841777,
        "22,20": 45.19136133018963,
        "22,21": 80.36800696433683,
        "22,22": 0.0,
        "22,23": 47.40926267646716,
        "22,24": 45.47686352028306,
        "22,25": 31.890151689798653,
        "22,26": 28.841968110924423,
        "22,27": 41.33643859284005,
        "22,28": 46.56343333009103,
        "22,29": 92.45187635478996,
        "22,30": 77.39207750094951,
        "23,0": 106.58434105459679,
        "23,1": 57.16652831165866,
        "23,2": 48.346182514472424,
        "23,3": 38.654334641907425,
        "23,4": 74.06410998386563,
        "23,5": 62.35837589029578,
        "23,6": 52.39459632593552,
        "23,7": 87.97257510259521,
        "23,8": 74.21313725155188,
        "23,9": 65.1692319716503,
        "23,10": 58.51083315081805,
        "23,11": 15.723117615796209,
        "23,12": 48.22900687428085,
        "23,13": 30.663814887173224,
        "23,14": 25.275254529771434,
        "23,15": 72.23920400971274,
        "23,16": 79.94025638433502,
        "23,17": 78.84915030841361,
        "23,18": 9.873390158154873,
        "23,19": 58.99749910111768,
        "23,20": 37.419038016558225,
        "23,21": 42.4641158939119,
        "23,22": 47.40926267646716,
        "23,23": 0.0,
        "23,24": 63.178232857301694,
        "23,25": 33.15012544912474,
        "23,26": 73.71859735924659,
        "23,27": 11.298594981524381,
        "23,28": 33.407934357230175,
        "23,29": 68.09719484429958,
        "23,30": 50.25177601984288,
        "24,0": 43.452952714858114,
        "24,1": 26.593420755693636,
        "24,2": 38.836065061236575,
        "24,3": 25.10127459839028,
        "24,4": 20.47614171612002,
        "24,5": 33.84488233075434,
        "24,6": 35.289642139434406,
        "24,7": 30.223093605560962,
        "24,8": 62.004635006579406,
        "24,9": 53.38039284957329,
        "24,10": 13.15723964964431,
        "24,11": 68.19199384833898,
        "24,12": 34.6080300084491,
        "24,13": 32.76130150425558,
        "24,14": 73.71819055222072,
        "24,15": 28.85703489891452,
        "24,16": 19.9904439547909,
        "24,17": 36.83489406396856,
        "24,18": 72.73193215812775,
        "24,19": 36.57129734281417,
        "24,20": 29.589559335331202,
        "24,21": 70.3036023367044,
        "24,22": 45.47686352028306,
        "24,23": 63.178232857301694,
        "24,24": 0.0,
        "24,25": 70.33750384224695,
        "24,26": 66.3311641730192,
        "24,27": 51.946439334647884,
        "24,28": 34.53090267923546,
        "24,29": 64.83319390455071,
        "24,30": 56.912687039402165,
        "25,0": 111.31700917218485,
        "25,1": 51.527665993376544,
        "25,2": 37.17764239824256,
        "25,3": 47.212823652779974,
        "25,4": 72.02721785369441,
        "25,5": 52.171641772397024,
        "25,6": 42.50288834401336,
        "25,7": 99.93223545364805,
        "25,8": 50.816437535000475,
        "25,9": 44.5459083890892,
        "25,10": 60.10211168281941,
        "25,11": 48.71111056986553,
        "25,12": 71.17950187402316,
        "25,13": 46.42391436940331,
        "25,14": 58.0776276961719,
        "25,15": 65.31777492412763,
        "25,16": 90.11102829235249,
        "25,17": 97.75133261303294,
        "25,18": 37.35082209975023,
        "25,19": 47.42044029282592,
        "25,20": 56.14551189220437,
        "25,21": 75.265493287269,
        "25,22": 31.890151689798653,
        "25,23": 33.15012544912474,
        "25,24": 70.33750384224695,
        "25,25": 0.0,
        "25,26": 48.27723235717868,
        "25,27": 35.704855348166284,
        "25,28": 54.52033232337138,
        "25,29": 97.60413371944679,
        "25,30": 80.10787910310633,
        "26,0": 92.9686953107339,
        "26,1": 39.876850460632284,
        "26,2": 32.4107459714014,
        "26,3": 57.90113056602898,
        "26,4": 53.89883060654174,
        "26,5": 32.62886805532003,
        "26,6": 33.00599321140292,
        "26,7": 94.22038560911615,
        "26,8": 5.7386103194224845,
        "26,9": 13.10959495495017,
        "26,10": 53.258287727147646,
        "26,11": 88.60094785090887,
        "26,12": 88.22776754657006,
        "26,13": 65.51499530644679,
        "26,14": 98.06077652096072,
        "26,15": 42.63221889345675,
        "26,16": 84.00294764441523,
        "26,17": 102.81287796108596,
        "26,18": 81.36280556198852,
        "26,19": 29.865352504941367,
        "26,20": 73.2567597499815,
        "26,21": 109.11201626146712,
        "26,22": 28.841968110924423,
        "26,23": 73.71859735924659,
        "26,24": 66.3311641730192,
        "26,25": 48.27723235717868,
        "26,26": 0.0,
        "26,27": 69.32305202088335,
        "26,28": 75.07275978226721,
        "26,29": 120.56049468235612,
        "26,30": 106.01218834869954,
        "27,0": 95.3203550362481,
        "27,1": 47.78184424720766,
        "27,2": 40.9043349094643,
        "27,3": 27.694409165090647,
        "27,4": 63.581490025806325,
        "27,5": 53.75594272931315,
        "27,6": 44.27958002418381,
        "27,7": 76.78963265974394,
        "27,8": 68.99737303560289,
        "27,9": 59.37366388599578,
        "27,10": 47.8388184810051,
        "27,11": 20.343966906325857,
        "27,12": 38.5270998554698,
        "27,13": 19.365706204465415,
        "27,14": 29.243316180895782,
        "27,15": 62.602703504471435,
        "27,16": 68.66142155927537,
        "27,17": 68.47620331292144,
        "27,18": 20.806898008598875,
        "27,19": 50.90330667952656,
        "27,20": 26.447443294130842,
        "27,21": 41.0602214308925,
        "27,22": 41.33643859284005,
        "27,23": 11.298594981524381,
        "27,24": 51.946439334647884,
        "27,25": 35.704855348166284,
        "27,26": 69.32305202088335,
        "27,27": 0.0,
        "27,28": 22.78556267517798,
        "27,29": 62.02730016912697,
        "27,30": 44.427779236580925,
        "28,0": 76.2086901639409,
        "28,1": 42.09108611572361,
        "28,2": 42.79047478320917,
        "28,3": 18.256557222753536,
        "28,4": 51.23055163470309,
        "28,5": 50.103379964964304,
        "28,6": 43.57948107994959,
        "28,7": 55.17278871266826,
        "28,8": 73.00244038673583,
        "28,9": 62.85688885911461,
        "28,10": 35.8061207236498,
        "28,11": 34.36346013835784,
        "28,12": 16.664755378729488,
        "28,13": 9.706556273703153,
        "28,14": 39.22024807963295,
        "28,15": 54.246139692107796,
        "28,16": 48.01668084366012,
        "28,17": 45.6944505741208,
        "28,18": 41.66285848143796,
        "28,19": 49.247884348497664,
        "28,20": 4.960680891928113,
        "28,21": 38.13261531529833,
        "28,22": 46.56343333009103,
        "28,23": 33.407934357230175,
        "28,24": 34.53090267923546,
        "28,25": 54.52033232337138,
        "28,26": 75.07275978226721,
        "28,27": 22.78556267517798,
        "28,28": 0.0,
        "28,29": 46.087745294664735,
        "28,30": 30.962923554816125,
        "29,0": 90.70787250264978,
        "29,1": 84.16356089720458,
        "29,2": 88.15231226718106,
        "29,3": 62.673862492375214,
        "29,4": 85.30594951553591,
        "29,5": 92.59267942278699,
        "29,6": 88.0716868951264,
        "29,7": 63.35565913199875,
        "29,8": 118.00510452156078,
        "29,9": 107.94544961206401,
        "29,10": 73.63315361394862,
        "29,11": 57.5835487273122,
        "29,12": 32.70711572284227,
        "29,13": 55.78741747540931,
        "29,14": 53.522921952058894,
        "29,15": 92.53406344959527,
        "29,16": 63.77323545782437,
        "29,17": 41.48075442328583,
        "29,18": 71.33163768641485,
        "29,19": 92.90940022646132,
        "29,20": 47.32667063194552,
        "29,21": 32.72854585105292,
        "29,22": 92.45187635478996,
        "29,23": 68.09719484429958,
        "29,24": 64.83319390455071,
        "29,25": 97.60413371944679,
        "29,26": 120.56049468235612,
        "29,27": 62.02730016912697,
        "29,28": 46.087745294664735,
        "29,29": 0.0,
        "29,30": 17.84588558545065,
        "30,0": 90.17787192151583,
        "30,1": 71.93229960704863,
        "30,2": 73.75321089716233,
        "30,3": 48.843185083225514,
        "30,4": 76.77944228198507,
        "30,5": 80.21915551721023,
        "30,6": 74.3973757511401,
        "30,7": 63.87055406677922,
        "30,8": 103.95800848713353,
        "30,9": 93.8143395848919,
        "30,10": 63.1598160173705,
        "30,11": 40.21583499041263,
        "30,12": 22.30467193902734,
        "30,13": 40.506868975098456,
        "30,14": 37.26442886354256,
        "30,15": 82.30173522453828,
        "30,16": 61.363783299226455,
        "30,17": 44.64373592329946,
        "30,18": 53.718640098020416,
        "30,19": 79.82703948607401,
        "30,20": 33.42890063104893,
        "30,21": 19.22863290942826,
        "30,22": 77.39207750094951,
        "30,23": 50.25177601984288,
        "30,24": 56.912687039402165,
        "30,25": 80.10787910310633,
        "30,26": 106.01218834869954,
        "30,27": 44.427779236580925,
        "30,28": 30.962923554816125,
        "30,29": 17.84588558545065,
        "30,30": 0.0
    }
}