{
    "num_robots": 7,
    "num_tasks": 30,
    "num_nodes": 31,
    "robot_capacity": [
        71,
        59,
        62,
        49,
        72,
        49,
        69
    ],
    "robot_speed": [
        0.8,
        1.09,
        1.11,
        1.05,
        1.19,
        1.2,
        0.84
    ],
    "task_demand": {
        "0": 0,
        "1": 15,
        "2": 6,
        "3": 7,
        "4": 14,
        "5": 10,
        "6": 13,
        "7": 8,
        "8": 5,
        "9": 15,
        "10": 6,
        "11": 8,
        "12": 13,
        "13": 8,
        "14": 8,
        "15": 7,
        "16": 10,
        "17": 14,
        "18": 15,
        "19": 12,
        "20": 9,
        "21": 8,
        "22": 15,
        "23": 15,
        "24": 7,
        "25": 14,
        "26": 9,
        "27": 6,
        "28": 13,
        "29": 14,
        "30": 5
    },
    "task_service_time": {
        "0": 0,
        "1": 25,
        "2": 95,
        "3": 50,
        "4": 58,
        "5": 99,
        "6": 68,
        "7": 100,
        "8": 61,
        "9": 31,
        "10": 36,
        "11": 70,
        "12": 16,
        "13": 58,
        "14": 93,
        "15": 72,
        "16": 18,
        "17": 54,
        "18": 50,
        "19": 31,
        "20": 76,
        "21": 56,
        "22": 23,
        "23": 25,
        "24": 12,
        "25": 66,
        "26": 58,
        "27": 45,
        "28": 93,
        "29": 69,
        "30": 70
    },
    "task_precedence": [],
    "coordinates": {
        "0": [
            0,
            0
        ],
        "1": [
            89.8186861387809,
            87.56021763578138
        ],
        "2": [
            27.33604319953993,
            35.24973502719945
        ],
        "3": [
            44.02157253401858,
            75.01933983042453
        ],
        "4": [
            12.727295900441437,
            20.724031697584266
        ],
        "5": [
            69.38369256069893,
            27.865832343106323
        ],
        "6": [
            32.67922160217944,
            57.66154824387887
        ],
        "7": [
            7.880841929624816,
            14.304866169364017
        ],
        "8": [
            42.43651228755142,
            98.39440151579508
        ],
        "9": [
            49.24761484761159,
            36.340289818767914
        ],
        "10": [
            57.22437568113207,
            1.3458283926016779
        ],
        "11": [
            54.549469551724464,
            81.2125076651271
        ],
        "12": [
            15.741211626924612,
            17.970836232249376
        ],
        "13": [
            32.95467833063134,
            15.791185242535466
        ],
        "14": [
            64.95223189840964,
            52.91079426098886
        ],
        "15": [
            2.055390921882161,
            16.61314416840691
        ],
        "16": [
            60.595343986175784,
            46.39280001310356
        ],
        "17": [
            65.36385711787807,
            30.3278291887068
        ],
        "18": [
            34.83697743693088,
            99.64799956450501
        ],
        "19": [
            2.0122731409406014,
            91.80323382627232
        ],
        "20": [
            39.40778158532021,
            60.58102448135423
        ],
        "21": [
            73.33746174071173,
            65.71437867503576
        ],
        "22": [
            46.778123366806334,
            45.35283727449091
        ],
        "23": [
            40.889357214548426,
            68.15312550626759
        ],
        "24": [
            22.62747133040932,
            80.71780840038213
        ],
        "25": [
            69.56088235420998,
            42.53093684143161
        ],
        "26": [
            22.9247813877139,
            9.876426720956665
        ],
        "27": [
            84.59135064156166,
            67.2612550410969
        ],
        "28": [
            74.14731087647452,
            9.071550903385639
        ],
        "29": [
            51.46823933710954,
            9.824201644491259
        ],
        "30": [
            5.250006588743994,
            5.025282641476814
        ]
    },
    "distance_matrix_str_keys": {
        "0,0": 0.0,
        "0,1": 125.4359920123496,
        "0,2": 44.607208804125875,
        "0,3": 86.98160838338516,
        "0,4": 24.320147013122078,
        "0,5": 74.77032436422688,
        "0,6": 66.27809344274714,
        "0,7": 16.332080873028634,
        "0,8": 107.1555683330689,
        "0,9": 61.20411940621922,
        "0,10": 57.2401993895695,
        "0,11": 97.83208077942963,
        "0,12": 23.890096240282364,
        "0,13": 36.54274695804152,
        "0,14": 83.77556074365287,
        "0,15": 16.739808571248005,
        "0,16": 76.31571008553082,
        "0,17": 72.0569985541013,
        "0,18": 105.56201406826617,
        "0,19": 91.82528510249767,
        "0,20": 72.27055954319673,
        "0,21": 98.47214255420846,
        "0,22": 65.1542222313075,
        "0,23": 79.47822374519957,
        "0,24": 83.82939252892923,
        "0,25": 81.53279672932902,
        "0,26": 24.961758881314843,
        "0,27": 108.07299863086578,
        "0,28": 74.70017902257848,
        "0,29": 52.397467480915665,
        "0,30": 7.267464125029,
        "1,0": 125.4359920123496,
        "1,1": 0.0,
        "1,2": 81.48906220724001,
        "1,3": 47.483146806592316,
        "1,4": 102.03018278747324,
        "1,5": 63.09523435257684,
        "1,6": 64.48913737162115,
        "1,7": 109.90976677307741,
        "1,8": 48.60504026553299,
        "1,9": 65.34135620947283,
        "1,10": 92.1700058955412,
        "1,11": 35.83589067591653,
        "1,12": 101.63736632843732,
        "1,13": 91.565874618594,
        "1,14": 42.64883452914155,
        "1,15": 112.85337044551906,
        "1,16": 50.48524537216979,
        "1,17": 62.23813099538279,
        "1,18": 56.294784516253976,
        "1,19": 87.9088695749187,
        "1,20": 57.17636016013972,
        "1,21": 27.365515481319587,
        "1,22": 60.28227766674823,
        "1,23": 52.63757644401164,
        "1,24": 67.53871416875961,
        "1,25": 49.37625687545152,
        "1,26": 102.51617366905101,
        "1,27": 20.96122417276453,
        "1,28": 80.03788358047153,
        "1,29": 86.68128374733465,
        "1,30": 118.16884976740236,
        "2,0": 44.607208804125875,
        "2,1": 81.48906220724001,
        "2,2": 0.0,
        "2,3": 43.12804604171688,
        "2,4": 20.601251293766385,
        "2,5": 42.69106271395844,
        "2,6": 23.039941994322806,
        "2,7": 28.58657705855724,
        "2,8": 64.92513436746945,
        "2,9": 21.938693713208874,
        "2,10": 45.19720459959574,
        "2,11": 53.41485788047744,
        "2,12": 20.808663166177787,
        "2,13": 20.253498968291414,
        "2,14": 41.55587401906488,
        "2,15": 31.40754524667397,
        "2,16": 35.076330852812966,
        "2,17": 38.34500995554363,
        "2,18": 64.83363702469923,
        "2,19": 61.96443783653289,
        "2,20": 28.060668079446973,
        "2,21": 55.174496104538356,
        "2,22": 21.91043487130366,
        "2,23": 35.58546649697679,
        "2,24": 45.71122778175939,
        "2,25": 42.84802144203784,
        "2,26": 25.753912424641886,
        "2,27": 65.5965520731127,
        "2,28": 53.63387087971479,
        "2,29": 35.05453805454207,
        "2,30": 37.43408253437278,
        "3,0": 86.98160838338516,
        "3,1": 47.483146806592316,
        "3,2": 43.12804604171688,
        "3,3": 0.0,
        "3,4": 62.66827136006643,
        "3,5": 53.54148298846713,
        "3,6": 20.735039267456127,
        "3,7": 70.65691558905593,
        "3,8": 23.428741425433184,
        "3,9": 39.03050637729029,
        "3,10": 74.84717962969911,
        "3,11": 12.214415395106515,
        "3,12": 63.67346838225865,
        "3,13": 60.25321935959813,
        "3,14": 30.444708713074995,
        "3,15": 71.91970585877492,
        "3,16": 33.07822066044369,
        "3,17": 49.52599554473605,
        "3,18": 26.28550298918712,
        "3,19": 45.238040775006134,
        "3,20": 15.1575729270055,
        "3,21": 30.757172530686265,
        "3,22": 29.79429385628998,
        "3,23": 7.546898167643546,
        "3,24": 22.14001152558575,
        "3,25": 41.32496430569455,
        "3,26": 68.47389082751526,
        "3,27": 41.30490013659007,
        "3,28": 72.50290321803253,
        "3,29": 65.61904365014162,
        "3,30": 80.01501338885384,
        "4,0": 24.320147013122078,
        "4,1": 102.03018278747324,
        "4,2": 20.601251293766385,
        "4,3": 62.66827136006643,
        "4,4": 0.0,
        "4,5": 57.10475110693344,
        "4,6": 41.981656325298324,
        "4,7": 8.043245748448529,
        "4,8": 83.15842642831667,
        "4,9": 39.71902835808637,
        "4,10": 48.53354378508111,
        "4,11": 73.53876483728891,
        "4,12": 4.082128522803172,
        "4,13": 20.820181894648343,
        "4,14": 61.34681429630115,
        "4,15": 11.436299757742631,
        "4,16": 54.31607215524685,
        "4,17": 53.5055184354609,
        "4,18": 81.96237381569497,
        "4,19": 71.88229745902335,
        "4,20": 47.96277921624759,
        "4,21": 75.48326651872286,
        "4,22": 42.02424199541519,
        "4,23": 55.15995501242186,
        "4,24": 60.805153701058195,
        "4,25": 60.873620404496556,
        "4,26": 14.888225011467565,
        "4,27": 85.61632741690514,
        "4,28": 62.51558644302472,
        "4,29": 40.24508657649312,
        "4,30": 17.388518550395816,
        "5,0": 74.77032436422688,
        "5,1": 63.09523435257684,
        "5,2": 42.69106271395844,
        "5,3": 53.54148298846713,
        "5,4": 57.10475110693344,
        "5,5": 0.0,
        "5,6": 47.27581701445625,
        "5,7": 62.98015909247608,
        "5,8": 75.50118935632905,
        "5,9": 21.846694376364802,
        "5,10": 29.174639612384276,
        "5,11": 55.37076792128757,
        "5,12": 54.54747206575403,
        "5,13": 38.37799083299947,
        "5,14": 25.433992236170944,
        "5,15": 68.26216516288153,
        "5,16": 20.505696811189953,
        "5,17": 4.713863113742858,
        "5,18": 79.66275828041375,
        "5,19": 92.88110390737477,
        "5,20": 44.37160167772072,
        "5,21": 38.054497108344876,
        "5,22": 28.579837299224344,
        "5,23": 49.34564962824365,
        "5,24": 70.56539943126971,
        "5,25": 14.666174899056845,
        "5,26": 49.820168024782326,
        "5,27": 42.228807630073824,
        "5,28": 19.388581028373945,
        "5,29": 25.425654415802736,
        "5,30": 68.07951517910462,
        "6,0": 66.27809344274714,
        "6,1": 64.48913737162115,
        "6,2": 23.039941994322806,
        "6,3": 20.735039267456127,
        "6,4": 41.981656325298324,
        "6,5": 47.27581701445625,
        "6,6": 0.0,
        "6,7": 49.94758767843276,
        "6,8": 41.885200932910685,
        "6,9": 27.001994659018184,
        "6,10": 61.432278902276295,
        "6,11": 32.13962406494294,
        "6,12": 43.15378085303699,
        "6,13": 41.87126907885067,
        "6,14": 32.62080405180911,
        "6,15": 51.2131866092976,
        "6,16": 30.104726799073653,
        "6,17": 42.6077175659662,
        "6,18": 42.04186014844863,
        "6,19": 45.89244406578595,
        "6,20": 7.334634343163031,
        "6,21": 41.44804662605374,
        "6,22": 18.715859496601563,
        "6,23": 13.322143980086741,
        "6,24": 25.15211354797823,
        "6,25": 39.864674854308504,
        "6,26": 48.770554055270125,
        "6,27": 52.79226753980194,
        "6,28": 63.87949803818159,
        "6,29": 51.39493085036168,
        "6,30": 59.35434518904143,
        "7,0": 16.332080873028634,
        "7,1": 109.90976677307741,
        "7,2": 28.58657705855724,
        "7,3": 70.65691558905593,
        "7,4": 8.043245748448529,
        "7,5": 62.98015909247608,
        "7,6": 49.94758767843276,
        "7,7": 0.0,
        "7,8": 90.91283907493136,
        "7,9": 46.869710870209055,
        "7,10": 51.01686959414199,
        "7,11": 81.57569058644714,
        "7,12": 8.673220179391306,
        "7,13": 25.117850549991594,
        "7,14": 68.90254884098862,
        "7,15": 6.266101400749543,
        "7,16": 61.71267475511268,
        "7,17": 59.6743862896987,
        "7,18": 89.4990707169023,
        "7,19": 77.7202489002245,
        "7,20": 55.994917199423014,
        "7,21": 83.2316469449211,
        "7,22": 49.76921752396857,
        "7,23": 63.160091156753865,
        "7,24": 68.0304488774301,
        "7,25": 67.83169209420485,
        "7,26": 15.68219341695734,
        "7,27": 93.2141688220108,
        "7,28": 66.47279515227953,
        "7,29": 43.81709218264557,
        "7,30": 9.645307928825446,
        "8,0": 107.1555683330689,
        "8,1": 48.60504026553299,
        "8,2": 64.92513436746945,
        "8,3": 23.428741425433184,
        "8,4": 83.15842642831667,
        "8,5": 75.50118935632905,
        "8,6": 41.885200932910685,
        "8,7": 90.91283907493136,
        "8,8": 0.0,
        "8,9": 62.42678829309403,
        "8,10": 98.16876513940176,
        "8,11": 21.022397817073685,
        "8,12": 84.73835572087768,
        "8,13": 83.14563436449028,
        "8,14": 50.75151385431026,
        "8,15": 91.20750526173074,
        "8,16": 55.08093796862662,
        "8,17": 71.82423970587817,
        "8,18": 7.702235910015062,
        "8,19": 40.95805906160339,
        "8,20": 37.93447893955336,
        "8,21": 44.97613333735259,
        "8,22": 53.21895455500706,
        "8,23": 30.28082666481122,
        "8,24": 26.549200511683924,
        "8,25": 62.100387574772014,
        "8,26": 90.6429230800029,
        "8,27": 52.40518300767343,
        "8,28": 94.78473710821832,
        "8,29": 89.02950296806351,
        "8,30": 100.50188339257137,
        "9,0": 61.20411940621922,
        "9,1": 65.34135620947283,
        "9,2": 21.938693713208874,
        "9,3": 39.03050637729029,
        "9,4": 39.71902835808637,
        "9,5": 21.846694376364802,
        "9,6": 27.001994659018184,
        "9,7": 46.869710870209055,
        "9,8": 62.42678829309403,
        "9,9": 0.0,
        "9,10": 35.89207494562864,
        "9,11": 45.18435124857543,
        "9,12": 38.21146270236879,
        "9,13": 26.22452057200066,
        "9,14": 22.830168947729685,
        "9,15": 51.14945038381884,
        "9,16": 15.159944518679513,
        "9,17": 17.201248435563013,
        "9,18": 64.92713287857863,
        "9,19": 72.85132575406944,
        "9,20": 26.161718896349477,
        "9,21": 37.98891706101828,
        "9,22": 9.344752528313885,
        "9,23": 32.892506519578454,
        "9,24": 51.749359380942686,
        "9,25": 21.235652741412046,
        "9,26": 37.32596430659501,
        "9,27": 46.96047008019646,
        "9,28": 36.926670366620606,
        "9,29": 26.60891025933554,
        "9,30": 54.003881406937474,
        "10,0": 57.2401993895695,
        "10,1": 92.1700058955412,
        "10,2": 45.19720459959574,
        "10,3": 74.84717962969911,
        "10,4": 48.53354378508111,
        "10,5": 29.174639612384276,
        "10,6": 61.432278902276295,
        "10,7": 51.01686959414199,
        "10,8": 98.16876513940176,
        "10,9": 35.89207494562864,
        "10,10": 0.0,
        "10,11": 79.9114608852922,
        "10,12": 44.6905335123294,
        "10,13": 28.24334512777888,
        "10,14": 52.14082341815145,
        "10,15": 57.24253497500351,
        "10,16": 45.17292418575436,
        "10,17": 30.10328102058928,
        "10,18": 100.81920678747005,
        "10,19": 105.97602778317408,
        "10,20": 61.85660418134739,
        "10,21": 66.35466681270931,
        "10,22": 45.22986865054147,
        "10,23": 68.77534279040172,
        "10,24": 86.58439236380052,
        "10,25": 42.99305240194954,
        "10,26": 35.34449428882548,
        "10,27": 71.37082589362362,
        "10,28": 18.603024591162438,
        "10,29": 10.247727485122432,
        "10,30": 52.10444727776459,
        "11,0": 97.83208077942963,
        "11,1": 35.83589067591653,
        "11,2": 53.41485788047744,
        "11,3": 12.214415395106515,
        "11,4": 73.53876483728891,
        "11,5": 55.37076792128757,
        "11,6": 32.13962406494294,
        "11,7": 81.57569058644714,
        "11,8": 21.022397817073685,
        "11,9": 45.18435124857543,
        "11,10": 79.9114608852922,
        "11,11": 0.0,
        "11,12": 74.19966232255949,
        "11,13": 68.89328294836365,
        "11,14": 30.153017196486147,
        "11,15": 83.2388494356899,
        "11,16": 35.340693805435386,
        "11,17": 52.02116379013112,
        "11,18": 26.9898074640748,
        "11,19": 53.59403406467595,
        "11,20": 25.59157698998353,
        "11,21": 24.355300299666936,
        "11,22": 36.692094271803455,
        "11,23": 18.898310279900883,
        "11,24": 31.925831199894958,
        "11,25": 41.49224548894885,
        "11,26": 78.0317713879683,
        "11,27": 33.12328590577069,
        "11,28": 74.75555515872739,
        "11,29": 71.45477042249459,
        "11,30": 90.74651676644459,
        "12,0": 23.890096240282364,
        "12,1": 101.63736632843732,
        "12,2": 20.808663166177787,
        "12,3": 63.67346838225865,
        "12,4": 4.082128522803172,
        "12,5": 54.54747206575403,
        "12,6": 43.15378085303699,
        "12,7": 8.673220179391306,
        "12,8": 84.73835572087768,
        "12,9": 38.21146270236879,
        "12,10": 44.6905335123294,
        "12,11": 74.19966232255949,
        "12,12": 0.0,
        "12,13": 17.35091681717658,
        "12,14": 60.35333613985715,
        "12,15": 13.753000258517757,
        "12,16": 53.10085889005384,
        "12,17": 51.13807016740837,
        "12,18": 83.87971913325993,
        "12,19": 75.09798057493836,
        "12,20": 48.7415087601911,
        "12,21": 74.81158915673473,
        "12,22": 41.389175776119586,
        "12,23": 56.13101979545326,
        "12,24": 63.12371257279045,
        "12,25": 59.15873138537177,
        "12,26": 10.82234447079893,
        "12,27": 84.67518543638647,
        "12,28": 59.08019726535114,
        "12,29": 36.644074065403515,
        "12,30": 16.662915138855826,
        "13,0": 36.54274695804152,
        "13,1": 91.565874618594,
        "13,2": 20.253498968291414,
        "13,3": 60.25321935959813,
        "13,4": 20.820181894648343,
        "13,5": 38.37799083299947,
        "13,6": 41.87126907885067,
        "13,7": 25.117850549991594,
        "13,8": 83.14563436449028,
        "13,9": 26.22452057200066,
        "13,10": 28.24334512777888,
        "13,11": 68.89328294836365,
        "13,12": 17.35091681717658,
        "13,13": 0.0,
        "13,14": 49.00723220103016,
        "13,15": 30.91021803294673,
        "13,16": 41.2366975453642,
        "13,17": 35.51997870046495,
        "13,18": 83.87793725500678,
        "13,19": 82.06865399663488,
        "13,20": 45.25231751695049,
        "13,21": 64.2113264030911,
        "13,22": 32.6340145174719,
        "13,23": 52.959719761093254,
        "13,24": 65.7428140491907,
        "13,25": 45.33242204632943,
        "13,26": 11.644019969672572,
        "13,27": 72.90757170839791,
        "13,28": 41.73711132444051,
        "13,29": 19.451396721056273,
        "13,30": 29.72294560001099,
        "14,0": 83.77556074365287,
        "14,1": 42.64883452914155,
        "14,2": 41.55587401906488,
        "14,3": 30.444708713074995,
        "14,4": 61.34681429630115,
        "14,5": 25.433992236170944,
        "14,6": 32.62080405180911,
        "14,7": 68.90254884098862,
        "14,8": 50.75151385431026,
        "14,9": 22.830168947729685,
        "14,10": 52.14082341815145,
        "14,11": 30.153017196486147,
        "14,12": 60.35333613985715,
        "14,13": 49.00723220103016,
        "14,14": 0.0,
        "14,15": 72.61908844835564,
        "14,16": 7.840071510849584,
        "14,17": 22.58671615745002,
        "14,18": 55.599414662949776,
        "14,19": 73.98689251300618,
        "14,20": 26.67117120471654,
        "14,21": 15.305027061585301,
        "14,22": 19.683011322667298,
        "14,23": 28.484216679452658,
        "14,24": 50.64203187557714,
        "14,25": 11.3569845942524,
        "14,26": 60.15200234405797,
        "14,27": 24.32346006654983,
        "14,28": 44.79317733293776,
        "14,29": 45.14723157285751,
        "14,30": 76.53350854356871,
        "15,0": 16.739808571248005,
        "15,1": 112.85337044551906,
        "15,2": 31.40754524667397,
        "15,3": 71.91970585877492,
        "15,4": 11.436299757742631,
        "15,5": 68.26216516288153,
        "15,6": 51.2131866092976,
        "15,7": 6.266101400749543,
        "15,8": 91.20750526173074,
        "15,9": 51.14945038381884,
        "15,10": 57.24253497500351,
        "15,11": 83.2388494356899,
        "15,12": 13.753000258517757,
        "15,13": 30.91021803294673,
        "15,14": 72.61908844835564,
        "15,15": 0.0,
        "15,16": 65.67917483493741,
        "15,17": 64.77695946318872,
        "15,18": 89.27160592873047,
        "15,19": 75.19010202081701,
        "15,20": 57.69207560391421,
        "15,21": 86.55671464592214,
        "15,22": 53.16100786452572,
        "15,23": 64.53252369407976,
        "15,24": 67.3247240516379,
        "15,25": 72.30991184175221,
        "15,26": 21.929770185346886,
        "15,27": 96.83705789531638,
        "15,28": 72.48531266204462,
        "15,29": 49.87704210455216,
        "15,30": 12.020154076644186,
        "16,0": 76.31571008553082,
        "16,1": 50.48524537216979,
        "16,2": 35.076330852812966,
        "16,3": 33.07822066044369,
        "16,4": 54.31607215524685,
        "16,5": 20.505696811189953,
        "16,6": 30.104726799073653,
        "16,7": 61.71267475511268,
        "16,8": 55.08093796862662,
        "16,9": 15.159944518679513,
        "16,10": 45.17292418575436,
        "16,11": 35.340693805435386,
        "16,12": 53.10085889005384,
        "16,13": 41.2366975453642,
        "16,14": 7.840071510849584,
        "16,15": 65.67917483493741,
        "16,16": 0.0,
        "16,17": 16.757744629750633,
        "16,18": 59.157499326330964,
        "16,19": 74.12208637618092,
        "16,20": 25.49938262098939,
        "16,21": 23.14486912600056,
        "16,22": 13.856302109222035,
        "16,23": 29.357072064700127,
        "16,24": 51.18364538396266,
        "16,25": 9.761908900691985,
        "16,26": 52.46443371366982,
        "16,27": 31.800955184722106,
        "16,28": 39.70555932996504,
        "16,29": 37.69040230509461,
        "16,30": 69.09687304883921,
        "17,0": 72.0569985541013,
        "17,1": 62.23813099538279,
        "17,2": 38.34500995554363,
        "17,3": 49.52599554473605,
        "17,4": 53.5055184354609,
        "17,5": 4.713863113742858,
        "17,6": 42.6077175659662,
        "17,7": 59.6743862896987,
        "17,8": 71.82423970587817,
        "17,9": 17.201248435563013,
        "17,10": 30.10328102058928,
        "17,11": 52.02116379013112,
        "17,12": 51.13807016740837,
        "17,13": 35.51997870046495,
        "17,14": 22.58671615745002,
        "17,15": 64.77695946318872,
        "17,16": 16.757744629750633,
        "17,17": 0.0,
        "17,18": 75.74415095559999,
        "17,19": 88.27597956261586,
        "17,20": 39.86193274876312,
        "17,21": 36.27376814213934,
        "17,22": 23.899380055633344,
        "17,23": 45.05279333214934,
        "17,24": 66.07229884852224,
        "17,25": 12.904683538095684,
        "17,26": 47.10981863400141,
        "17,27": 41.638617320911266,
        "17,28": 22.999531005488308,
        "17,29": 24.76866843375164,
        "17,30": 65.22188196620681,
        "18,0": 105.56201406826617,
        "18,1": 56.294784516253976,
        "18,2": 64.83363702469923,
        "18,3": 26.28550298918712,
        "18,4": 81.96237381569497,
        "18,5": 79.66275828041375,
        "18,6": 42.04186014844863,
        "18,7": 89.4990707169023,
        "18,8": 7.702235910015062,
        "18,9": 64.92713287857863,
        "18,10": 100.81920678747005,
        "18,11": 26.9898074640748,
        "18,12": 83.87971913325993,
        "18,13": 83.87793725500678,
        "18,14": 55.599414662949776,
        "18,15": 89.27160592873047,
        "18,16": 59.157499326330964,
        "18,17": 75.74415095559999,
        "18,18": 0.0,
        "18,19": 33.74909719691702,
        "18,20": 39.33345640431892,
        "18,21": 51.320346046143335,
        "18,22": 55.592765844285445,
        "18,23": 32.07114579987361,
        "18,24": 22.526077707302342,
        "18,25": 66.84391091801662,
        "18,26": 90.55846567560366,
        "18,27": 59.3666478235902,
        "18,28": 98.73902656593539,
        "18,29": 91.35049833015583,
        "18,30": 99.1405436835354,
        "19,0": 91.82528510249767,
        "19,1": 87.9088695749187,
        "19,2": 61.96443783653289,
        "19,3": 45.238040775006134,
        "19,4": 71.88229745902335,
        "19,5": 92.88110390737477,
        "19,6": 45.89244406578595,
        "19,7": 77.7202489002245,
        "19,8": 40.95805906160339,
        "19,9": 72.85132575406944,
        "19,10": 105.97602778317408,
        "19,11": 53.59403406467595,
        "19,12": 75.09798057493836,
        "19,13": 82.06865399663488,
        "19,14": 73.98689251300618,
        "19,15": 75.19010202081701,
        "19,16": 74.12208637618092,
        "19,17": 88.27597956261586,
        "19,18": 33.74909719691702,
        "19,19": 0.0,
        "19,20": 48.716017983734645,
        "19,21": 75.94676353798839,
        "19,22": 64.51062459984703,
        "19,23": 45.50555229435556,
        "19,24": 23.406688216491613,
        "19,25": 83.60965169649567,
        "19,26": 84.55373867336063,
        "19,27": 86.14878271656296,
        "19,28": 109.76335922501626,
        "19,29": 95.74160177194707,
        "19,30": 86.8383309933452,
        "20,0": 72.27055954319673,
        "20,1": 57.17636016013972,
        "20,2": 28.060668079446973,
        "20,3": 15.1575729270055,
        "20,4": 47.96277921624759,
        "20,5": 44.37160167772072,
        "20,6": 7.334634343163031,
        "20,7": 55.994917199423014,
        "20,8": 37.93447893955336,
        "20,9": 26.161718896349477,
        "20,10": 61.85660418134739,
        "20,11": 25.59157698998353,
        "20,12": 48.7415087601911,
        "20,13": 45.25231751695049,
        "20,14": 26.67117120471654,
        "20,15": 57.69207560391421,
        "20,16": 25.49938262098939,
        "20,17": 39.86193274876312,
        "20,18": 39.33345640431892,
        "20,19": 48.716017983734645,
        "20,20": 0.0,
        "20,21": 34.31580569832154,
        "20,22": 16.918026586549498,
        "20,23": 7.7156840446338215,
        "20,24": 26.211998757299835,
        "20,25": 35.14278232849113,
        "20,26": 53.316465838969506,
        "20,27": 45.67472378670133,
        "20,28": 62.12938727889092,
        "20,29": 52.17000772163437,
        "20,30": 65.21651665104349,
        "21,0": 98.47214255420846,
        "21,1": 27.365515481319587,
        "21,2": 55.174496104538356,
        "21,3": 30.757172530686265,
        "21,4": 75.48326651872286,
        "21,5": 38.054497108344876,
        "21,6": 41.44804662605374,
        "21,7": 83.2316469449211,
        "21,8": 44.97613333735259,
        "21,9": 37.98891706101828,
        "21,10": 66.35466681270931,
        "21,11": 24.355300299666936,
        "21,12": 74.81158915673473,
        "21,13": 64.2113264030911,
        "21,14": 15.305027061585301,
        "21,15": 86.55671464592214,
        "21,16": 23.14486912600056,
        "21,17": 36.27376814213934,
        "21,18": 51.320346046143335,
        "21,19": 75.94676353798839,
        "21,20": 34.31580569832154,
        "21,21": 0.0,
        "21,22": 33.46626395440199,
        "21,23": 32.539621593492186,
        "21,24": 52.8829465039191,
        "21,25": 23.48902993132447,
        "21,26": 75.22842028648202,
        "21,27": 11.359702543841179,
        "21,28": 56.64861687271379,
        "21,29": 60.01645421918742,
        "21,30": 91.20892459864746,
        "22,0": 65.1542222313075,
        "22,1": 60.28227766674823,
        "22,2": 21.91043487130366,
        "22,3": 29.79429385628998,
        "22,4": 42.02424199541519,
        "22,5": 28.579837299224344,
        "22,6": 18.715859496601563,
        "22,7": 49.76921752396857,
        "22,8": 53.21895455500706,
        "22,9": 9.344752528313885,
        "22,10": 45.22986865054147,
        "22,11": 36.692094271803455,
        "22,12": 41.389175776119586,
        "22,13": 32.6340145174719,
        "22,14": 19.683011322667298,
        "22,15": 53.16100786452572,
        "22,16": 13.856302109222035,
        "22,17": 23.899380055633344,
        "22,18": 55.592765844285445,
        "22,19": 64.51062459984703,
        "22,20": 16.918026586549498,
        "22,21": 33.46626395440199,
        "22,22": 0.0,
        "22,23": 23.54847575211764,
        "22,24": 42.82446936645271,
        "22,25": 22.95685581982476,
        "22,26": 42.749943033113496,
        "22,27": 43.70147510060087,
        "22,28": 45.446717875788636,
        "22,29": 35.836868411514054,
        "22,30": 57.886925517003576,
        "23,0": 79.47822374519957,
        "23,1": 52.63757644401164,
        "23,2": 35.58546649697679,
        "23,3": 7.546898167643546,
        "23,4": 55.15995501242186,
        "23,5": 49.34564962824365,
        "23,6": 13.322143980086741,
        "23,7": 63.160091156753865,
        "23,8": 30.28082666481122,
        "23,9": 32.892506519578454,
        "23,10": 68.77534279040172,
        "23,11": 18.898310279900883,
        "23,12": 56.13101979545326,
        "23,13": 52.959719761093254,
        "23,14": 28.484216679452658,
        "23,15": 64.53252369407976,
        "23,16": 29.357072064700127,
        "23,17": 45.05279333214934,
        "23,18": 32.07114579987361,
        "23,19": 45.50555229435556,
        "23,20": 7.7156840446338215,
        "23,21": 32.539621593492186,
        "23,22": 23.54847575211764,
        "23,23": 0.0,
        "23,24": 22.16681601572435,
        "23,25": 38.45195581255515,
        "23,26": 60.982781225129,
        "23,27": 43.71109312773306,
        "23,28": 67.79914408998633,
        "23,29": 59.28048672063972,
        "23,30": 72.49336423280921,
        "24,0": 83.82939252892923,
        "24,1": 67.53871416875961,
        "24,2": 45.71122778175939,
        "24,3": 22.14001152558575,
        "24,4": 60.805153701058195,
        "24,5": 70.56539943126971,
        "24,6": 25.15211354797823,
        "24,7": 68.0304488774301,
        "24,8": 26.549200511683924,
        "24,9": 51.749359380942686,
        "24,10": 86.58439236380052,
        "24,11": 31.925831199894958,
        "24,12": 63.12371257279045,
        "24,13": 65.7428140491907,
        "24,14": 50.64203187557714,
        "24,15": 67.3247240516379,
        "24,16": 51.18364538396266,
        "24,17": 66.07229884852224,
        "24,18": 22.526077707302342,
        "24,19": 23.406688216491613,
        "24,20": 26.211998757299835,
        "24,21": 52.8829465039191,
        "24,22": 42.82446936645271,
        "24,23": 22.16681601572435,
        "24,24": 0.0,
        "24,25": 60.50605118323949,
        "24,26": 70.84200555828592,
        "24,27": 63.408210569281515,
        "24,28": 88.24670010928584,
        "24,29": 76.53556936532974,
        "24,30": 77.66166838672966,
        "25,0": 81.53279672932902,
        "25,1": 49.37625687545152,
        "25,2": 42.84802144203784,
        "25,3": 41.32496430569455,
        "25,4": 60.873620404496556,
        "25,5": 14.666174899056845,
        "25,6": 39.864674854308504,
        "25,7": 67.83169209420485,
        "25,8": 62.100387574772014,
        "25,9": 21.235652741412046,
        "25,10": 42.99305240194954,
        "25,11": 41.49224548894885,
        "25,12": 59.15873138537177,
        "25,13": 45.33242204632943,
        "25,14": 11.3569845942524,
        "25,15": 72.30991184175221,
        "25,16": 9.761908900691985,
        "25,17": 12.904683538095684,
        "25,18": 66.84391091801662,
        "25,19": 83.60965169649567,
        "25,20": 35.14278232849113,
        "25,21": 23.48902993132447,
        "25,22": 22.95685581982476,
        "25,23": 38.45195581255515,
        "25,24": 60.50605118323949,
        "25,25": 0.0,
        "25,26": 56.93191499120171,
        "25,27": 28.939654717943352,
        "25,28": 33.772264270269915,
        "25,29": 37.377456555884194,
        "25,30": 74.44839043718666,
        "26,0": 24.961758881314843,
        "26,1": 102.51617366905101,
        "26,2": 25.753912424641886,
        "26,3": 68.47389082751526,
        "26,4": 14.888225011467565,
        "26,5": 49.820168024782326,
        "26,6": 48.770554055270125,
        "26,7": 15.68219341695734,
        "26,8": 90.6429230800029,
        "26,9": 37.32596430659501,
        "26,10": 35.34449428882548,
        "26,11": 78.0317713879683,
        "26,12": 10.82234447079893,
        "26,13": 11.644019969672572,
        "26,14": 60.15200234405797,
        "26,15": 21.929770185346886,
        "26,16": 52.46443371366982,
        "26,17": 47.10981863400141,
        "26,18": 90.55846567560366,
        "26,19": 84.55373867336063,
        "26,20": 53.316465838969506,
        "26,21": 75.22842028648202,
        "26,22": 42.749943033113496,
        "26,23": 60.982781225129,
        "26,24": 70.84200555828592,
        "26,25": 56.93191499120171,
        "26,26": 0.0,
        "26,27": 84.23647835036536,
        "26,28": 51.22885273269998,
        "26,29": 28.543505726653986,
        "26,30": 18.328427730554907,
        "27,0": 108.07299863086578,
        "27,1": 20.96122417276453,
        "27,2": 65.5965520731127,
        "27,3": 41.30490013659007,
        "27,4": 85.61632741690514,
        "27,5": 42.228807630073824,
        "27,6": 52.79226753980194,
        "27,7": 93.2141688220108,
        "27,8": 52.40518300767343,
        "27,9": 46.96047008019646,
        "27,10": 71.37082589362362,
        "27,11": 33.12328590577069,
        "27,12": 84.67518543638647,
        "27,13": 72.90757170839791,
        "27,14": 24.32346006654983,
        "27,15": 96.83705789531638,
        "27,16": 31.800955184722106,
        "27,17": 41.638617320911266,
        "27,18": 59.3666478235902,
        "27,19": 86.14878271656296,
        "27,20": 45.67472378670133,
        "27,21": 11.359702543841179,
        "27,22": 43.70147510060087,
        "27,23": 43.71109312773306,
        "27,24": 63.408210569281515,
        "27,25": 28.939654717943352,
        "27,26": 84.23647835036536,
        "27,27": 0.0,
        "27,28": 59.119536823702305,
        "27,29": 66.30351125974892,
        "27,30": 100.83831184938518,
        "28,0": 74.70017902257848,
        "28,1": 80.03788358047153,
        "28,2": 53.63387087971479,
        "28,3": 72.50290321803253,
        "28,4": 62.51558644302472,
        "28,5": 19.388581028373945,
        "28,6": 63.87949803818159,
        "28,7": 66.47279515227953,
        "28,8": 94.78473710821832,
        "28,9": 36.926670366620606,
        "28,10": 18.603024591162438,
        "28,11": 74.75555515872739,
        "28,12": 59.08019726535114,
        "28,13": 41.73711132444051,
        "28,14": 44.79317733293776,
        "28,15": 72.48531266204462,
        "28,16": 39.70555932996504,
        "28,17": 22.999531005488308,
        "28,18": 98.73902656593539,
        "28,19": 109.76335922501626,
        "28,20": 62.12938727889092,
        "28,21": 56.64861687271379,
        "28,22": 45.446717875788636,
        "28,23": 67.79914408998633,
        "28,24": 88.24670010928584,
        "28,25": 33.772264270269915,
        "28,26": 51.22885273269998,
        "28,27": 59.119536823702305,
        "28,28": 0.0,
        "28,29": 22.69155721905664,
        "28,30": 69.01601861135907,
        "29,0": 52.397467480915665,
        "29,1": 86.68128374733465,
        "29,2": 35.05453805454207,
        "29,3": 65.61904365014162,
        "29,4": 40.24508657649312,
        "29,5": 25.425654415802736,
        "29,6": 51.39493085036168,
        "29,7": 43.81709218264557,
        "29,8": 89.02950296806351,
        "29,9": 26.60891025933554,
        "29,10": 10.247727485122432,
        "29,11": 71.45477042249459,
        "29,12": 36.644074065403515,
        "29,13": 19.451396721056273,
        "29,14": 45.14723157285751,
        "29,15": 49.87704210455216,
        "29,16": 37.69040230509461,
        "29,17": 24.76866843375164,
        "29,18": 91.35049833015583,
        "29,19": 95.74160177194707,
        "29,20": 52.17000772163437,
        "29,21": 60.01645421918742,
        "29,22": 35.836868411514054,
        "29,23": 59.28048672063972,
        "29,24": 76.53556936532974,
        "29,25": 37.377456555884194,
        "29,26": 28.543505726653986,
        "29,27": 66.30351125974892,
        "29,28": 22.69155721905664,
        "29,29": 0.0,
        "29,30": 46.466704875422174,
        "30,0": 7.267464125029,
        "30,1": 118.16884976740236,
        "30,2": 37.43408253437278,
        "30,3": 80.01501338885384,
        "30,4": 17.388518550395816,
        "30,5": 68.07951517910462,
        "30,6": 59.35434518904143,
        "30,7": 9.645307928825446,
        "30,8": 100.50188339257137,
        "30,9": 54.003881406937474,
        "30,10": 52.10444727776459,
        "30,11": 90.74651676644459,
        "30,12": 16.662915138855826,
        "30,13": 29.72294560001099,
        "30,14": 76.53350854356871,
        "30,15": 12.020154076644186,
        "30,16": 69.09687304883921,
        "30,17": 65.22188196620681,
        "30,18": 99.1405436835354,
        "30,19": 86.8383309933452,
        "30,20": 65.21651665104349,
        "30,21": 91.20892459864746,
        "30,22": 57.886925517003576,
        "30,23": 72.49336423280921,
        "30,24": 77.66166838672966,
        "30,25": 74.44839043718666,
        "30,26": 18.328427730554907,
        "30,27": 100.83831184938518,
        "30,28": 69.01601861135907,
        "30,29": 46.466704875422174,
        "30,30": 0.0
    }
}