{
    "num_robots": 4,
    "num_tasks": 60,
    "num_nodes": 61,
    "robot_capacity": [
        191,
        148,
        202,
        185
    ],
    "robot_speed": [
        0.83,
        1.02,
        1.14,
        0.92
    ],
    "task_demand": {
        "0": 0,
        "1": 11,
        "2": 6,
        "3": 7,
        "4": 8,
        "5": 13,
        "6": 13,
        "7": 7,
        "8": 12,
        "9": 7,
        "10": 8,
        "11": 11,
        "12": 14,
        "13": 10,
        "14": 13,
        "15": 8,
        "16": 13,
        "17": 6,
        "18": 11,
        "19": 7,
        "20": 8,
        "21": 12,
        "22": 10,
        "23": 15,
        "24": 5,
        "25": 15,
        "26": 13,
        "27": 13,
        "28": 13,
        "29": 8,
        "30": 10,
        "31": 14,
        "32": 8,
        "33": 6,
        "34": 10,
        "35": 12,
        "36": 15,
        "37": 11,
        "38": 6,
        "39": 5,
        "40": 7,
        "41": 9,
        "42": 13,
        "43": 11,
        "44": 12,
        "45": 8,
        "46": 10,
        "47": 10,
        "48": 8,
        "49": 14,
        "50": 10,
        "51": 10,
        "52": 15,
        "53": 5,
        "54": 6,
        "55": 7,
        "56": 9,
        "57": 9,
        "58": 13,
        "59": 14,
        "60": 7
    },
    "task_service_time": {
        "0": 0,
        "1": 62,
        "2": 67,
        "3": 48,
        "4": 27,
        "5": 33,
        "6": 79,
        "7": 19,
        "8": 62,
        "9": 70,
        "10": 21,
        "11": 68,
        "12": 48,
        "13": 90,
        "14": 32,
        "15": 88,
        "16": 33,
        "17": 52,
        "18": 47,
        "19": 65,
        "20": 39,
        "21": 96,
        "22": 27,
        "23": 43,
        "24": 91,
        "25": 56,
        "26": 50,
        "27": 91,
        "28": 68,
        "29": 33,
        "30": 23,
        "31": 39,
        "32": 31,
        "33": 63,
        "34": 28,
        "35": 56,
        "36": 85,
        "37": 24,
        "38": 93,
        "39": 84,
        "40": 82,
        "41": 25,
        "42": 22,
        "43": 57,
        "44": 33,
        "45": 90,
        "46": 18,
        "47": 12,
        "48": 86,
        "49": 49,
        "50": 74,
        "51": 66,
        "52": 83,
        "53": 99,
        "54": 61,
        "55": 72,
        "56": 29,
        "57": 85,
        "58": 34,
        "59": 62,
        "60": 79
    },
    "task_precedence": [],
    "coordinates": {
        "0": [
            50.0,
            50.0
        ],
        "1": [
            27.473651644645557,
            91.3618432768222
        ],
        "2": [
            42.005300371821505,
            18.412175202294623
        ],
        "3": [
            91.63753950690932,
            66.40777694013327
        ],
        "4": [
            45.361362166455606,
            50.49040583502641
        ],
        "5": [
            62.00908442511787,
            51.327833908028644
        ],
        "6": [
            83.11081027633446,
            72.82218407012034
        ],
        "7": [
            17.28428727987078,
            6.2064977917633986
        ],
        "8": [
            10.603806141448613,
            14.939181046190486
        ],
        "9": [
            44.18049777825709,
            5.878578408380264
        ],
        "10": [
            38.69640671250082,
            47.395207598859365
        ],
        "11": [
            33.39926849646263,
            18.344478119348363
        ],
        "12": [
            85.88124175411957,
            2.0377008515555906
        ],
        "13": [
            99.39452463021165,
            17.314914685493775
        ],
        "14": [
            24.209904503054357,
            72.06827309640715
        ],
        "15": [
            75.42291910592584,
            30.462498005570705
        ],
        "16": [
            65.80598102820375,
            64.71319840443535
        ],
        "17": [
            12.058447031549003,
            0.44327312448845246
        ],
        "18": [
            5.053619337199244,
            28.96849132068192
        ],
        "19": [
            93.90011011543777,
            36.76888502833515
        ],
        "20": [
            67.81812706963578,
            49.10604426636532
        ],
        "21": [
            82.1159433720316,
            33.21721071585411
        ],
        "22": [
            8.950583691056623,
            92.11449111843923
        ],
        "23": [
            20.9395951568193,
            29.02324291931536
        ],
        "24": [
            27.286612503973107,
            31.852963032533545
        ],
        "25": [
            47.30816934656764,
            50.38884342769568
        ],
        "26": [
            52.77234093777442,
            47.11200242427296
        ],
        "27": [
            14.107360399655377,
            65.18916767243745
        ],
        "28": [
            45.76719479765076,
            13.502008687693012
        ],
        "29": [
            11.067582977132195,
            42.1956075021243
        ],
        "30": [
            38.17316115090603,
            70.87467000739125
        ],
        "31": [
            44.51586279995753,
            9.687767337145237
        ],
        "32": [
            38.45436908710369,
            30.279762003980302
        ],
        "33": [
            40.74406603732259,
            74.62295782513372
        ],
        "34": [
            84.48631294590515,
            66.08738083102456
        ],
        "35": [
            69.48024648863664,
            21.326322048871727
        ],
        "36": [
            55.09603110455793,
            62.064274621530316
        ],
        "37": [
            11.158756019847814,
            47.7424436460833
        ],
        "38": [
            85.35887731153053,
            46.455190503349165
        ],
        "39": [
            59.52863797470903,
            68.53444706436184
        ],
        "40": [
            16.527171925670437,
            51.19531476114514
        ],
        "41": [
            12.286214250484061,
            28.115166758560594
        ],
        "42": [
            0.8649290942073784,
            30.77669157245063
        ],
        "43": [
            86.92014630639882,
            49.87032633268289
        ],
        "44": [
            67.82260867161929,
            51.55571820620888
        ],
        "45": [
            5.450719021927086,
            41.37192654786923
        ],
        "46": [
            56.97196007722694,
            83.18219240903125
        ],
        "47": [
            87.99563448137965,
            17.314098610942608
        ],
        "48": [
            44.99508659137107,
            67.36889150573484
        ],
        "49": [
            73.77103143718608,
            91.32244459832063
        ],
        "50": [
            17.5339924127657,
            19.516835378343668
        ],
        "51": [
            69.9267346696204,
            25.87599349323886
        ],
        "52": [
            36.81249810420625,
            94.42688425482518
        ],
        "53": [
            39.60059343800769,
            40.14371408816586
        ],
        "54": [
            52.733360086805426,
            91.89760951341506
        ],
        "55": [
            0.9300876523331447,
            33.68380781067969
        ],
        "56": [
            15.310364813855115,
            43.26740921286346
        ],
        "57": [
            6.273578397709323,
            54.87647566003534
        ],
        "58": [
            90.64037452096541,
            30.369316295059413
        ],
        "59": [
            50.61020292226252,
            53.124956675598234
        ],
        "60": [
            17.078953633719674,
            81.68376637925036
        ]
    },
    "distance_matrix_str_keys": {
        "0,0": 0.0,
        "0,1": 47.098178834039665,
        "0,2": 32.58382877433725,
        "0,3": 44.75376900671723,
        "0,4": 4.664489128920484,
        "0,5": 12.08227013507475,
        "0,6": 40.21414978444616,
        "0,7": 54.664327439829066,
        "0,8": 52.73823201674825,
        "0,9": 44.50355546890966,
        "0,10": 11.599834682539083,
        "0,11": 35.744319156880756,
        "0,12": 59.89862810968582,
        "0,13": 59.229501647921495,
        "0,14": 33.94315399604438,
        "0,15": 32.06304414818995,
        "0,16": 21.594148363670552,
        "0,17": 62.41338494483232,
        "0,18": 49.62359813650781,
        "0,19": 45.85064963052296,
        "0,20": 17.840538364168992,
        "0,21": 36.236664234330156,
        "0,22": 58.810585284199,
        "0,23": 35.840360869718005,
        "0,24": 29.072545850738027,
        "0,25": 2.71977048259963,
        "0,26": 4.00329917351492,
        "0,27": 38.974252937826094,
        "0,28": 36.74261843846014,
        "0,29": 39.70694696779626,
        "0,30": 23.992206340391412,
        "0,31": 40.68355765039513,
        "0,32": 22.851463406015945,
        "0,33": 26.305177543209233,
        "0,34": 38.05403529989063,
        "0,35": 34.664965173833075,
        "0,36": 13.096421463984823,
        "0,37": 38.906796252285,
        "0,38": 35.53612076605175,
        "0,39": 20.840361552398708,
        "0,40": 33.49416362102264,
        "0,41": 43.60361867512836,
        "0,42": 52.76164117820786,
        "0,43": 36.920374030416994,
        "0,44": 17.890378391716844,
        "0,45": 45.37710972680667,
        "0,46": 33.906726771961004,
        "0,47": 50.12021936561921,
        "0,48": 18.075606500636745,
        "0,49": 47.67186133526744,
        "0,50": 44.53386322794549,
        "0,51": 31.2896539535308,
        "0,52": 46.34283386720322,
        "0,53": 14.328085315820424,
        "0,54": 41.986675747226634,
        "0,55": 51.711453522082955,
        "0,56": 35.3369292391806,
        "0,57": 43.99749948581385,
        "0,58": 45.13317830518647,
        "0,59": 3.183975789905396,
        "0,60": 45.690878146799655,
        "1,0": 47.098178834039665,
        "1,1": 0.0,
        "1,2": 74.38294755462292,
        "1,3": 68.84555128936823,
        "1,4": 44.61439886707767,
        "1,5": 52.871712885768815,
        "1,6": 58.64479844034217,
        "1,7": 85.76278919693475,
        "1,8": 78.26247497823563,
        "1,9": 87.10055843851043,
        "1,10": 45.37637363377317,
        "1,11": 73.25741293285215,
        "1,12": 106.72510952163807,
        "1,13": 103.22577006162376,
        "1,14": 19.56767476505181,
        "1,15": 77.51040255695034,
        "1,16": 46.68530549867044,
        "1,17": 92.2161316246158,
        "1,18": 66.29923240121057,
        "1,19": 85.98177408784336,
        "1,20": 58.422848675238086,
        "1,21": 79.79084120919363,
        "1,22": 18.538352817517637,
        "1,23": 62.680100420460846,
        "1,24": 59.509174179862654,
        "1,25": 45.521366511830266,
        "1,26": 50.971286970472,
        "1,27": 29.388206647195364,
        "1,28": 79.98004478204186,
        "1,29": 51.83124375679545,
        "1,30": 23.1128486397987,
        "1,31": 83.43315672837963,
        "1,32": 62.061234342971034,
        "1,33": 21.361043614910717,
        "1,34": 62.36378757400948,
        "1,35": 81.66717972391308,
        "1,36": 40.2659083610308,
        "1,37": 46.57067578846316,
        "1,38": 73.26190561146682,
        "1,39": 39.35240991935825,
        "1,40": 41.631423603314744,
        "1,41": 65.04460273694659,
        "1,42": 66.17087518544632,
        "1,43": 72.49435637272504,
        "1,44": 56.67950181769317,
        "1,45": 54.626013362430626,
        "1,46": 30.61138495237769,
        "1,47": 95.63461139458472,
        "1,48": 29.70963509170145,
        "1,49": 46.29739655650853,
        "1,50": 72.52931811052919,
        "1,51": 78.04268562910589,
        "1,52": 9.828963800527843,
        "1,53": 52.634204419231835,
        "1,54": 25.26538968714307,
        "1,55": 63.492649689925344,
        "1,56": 49.608669952545135,
        "1,57": 42.19745437591634,
        "1,58": 87.80730736422142,
        "1,59": 44.69182813419764,
        "1,60": 14.202637754081469,
        "2,0": 32.58382877433725,
        "2,1": 74.38294755462292,
        "2,2": 0.0,
        "2,3": 69.04300795692322,
        "2,4": 32.25331039282843,
        "2,5": 38.517424167294436,
        "2,6": 68.19172977353549,
        "2,7": 27.570038979703153,
        "2,8": 31.592966437301758,
        "2,9": 12.720948563270916,
        "2,10": 29.17130343589422,
        "2,11": 8.606298131876004,
        "2,12": 46.83184432035393,
        "2,13": 57.39971290539288,
        "2,14": 56.53010662778483,
        "2,15": 35.523900708130526,
        "2,16": 52.060130131149904,
        "2,17": 34.92413874193002,
        "2,18": 38.42996931140833,
        "2,19": 55.04579978493893,
        "2,20": 40.10505729024346,
        "2,21": 42.75573363243882,
        "2,22": 80.77527880638246,
        "2,23": 23.587257032147054,
        "2,24": 19.932248996253442,
        "2,25": 32.413388131460415,
        "2,26": 30.653046261673314,
        "2,27": 54.46450292844307,
        "2,28": 6.185594948927722,
        "2,29": 39.022993344363556,
        "2,30": 52.60226850795761,
        "2,31": 9.078447901654155,
        "2,32": 12.387442410939064,
        "2,33": 56.22493037006439,
        "2,34": 63.855787999688296,
        "2,35": 27.629059266745042,
        "2,36": 45.57272226698606,
        "2,37": 42.564937982369784,
        "2,38": 51.63277390032855,
        "2,39": 53.09717033288824,
        "2,40": 41.519504674955385,
        "2,41": 31.262951316669394,
        "2,42": 42.95825198873661,
        "2,43": 54.83574252136252,
        "2,44": 42.01223453589587,
        "2,45": 43.16697348108463,
        "2,46": 66.47673301011689,
        "2,47": 46.00344121594887,
        "2,48": 49.04792445001253,
        "2,49": 79.52967404383193,
        "2,50": 24.496228022524136,
        "2,51": 28.901817879270748,
        "2,52": 76.19187087696051,
        "2,53": 21.8641807023649,
        "2,54": 74.26439470663084,
        "2,55": 43.82232150943978,
        "2,56": 36.47467946622857,
        "2,57": 51.05292511803454,
        "2,58": 50.08336710530762,
        "2,59": 35.76341070865468,
        "2,60": 68.00453669992835,
        "3,0": 44.75376900671723,
        "3,1": 68.84555128936823,
        "3,2": 69.04300795692322,
        "3,3": 0.0,
        "3,4": 48.93717699400746,
        "3,5": 33.24530090682373,
        "3,6": 10.670038903432763,
        "3,7": 95.66922246907605,
        "3,8": 95.99730364150112,
        "3,9": 76.9152435121375,
        "3,10": 56.251589617644974,
        "3,11": 75.51011126877181,
        "3,12": 64.62694221041293,
        "3,13": 49.70191085417281,
        "3,14": 67.66481492584073,
        "3,15": 39.433196578916814,
        "3,16": 25.887081910722074,
        "3,17": 103.3641510527038,
        "3,18": 94.33173029076475,
        "3,19": 29.72512640036757,
        "3,20": 29.44001294788219,
        "3,21": 34.52932781338177,
        "3,22": 86.59080676340817,
        "3,23": 79.97376269303649,
        "3,24": 73.04161122487697,
        "3,25": 47.13490521565189,
        "3,26": 43.391595660740684,
        "3,27": 77.53975548678362,
        "3,28": 70.0222024655546,
        "3,29": 84.1293471037606,
        "3,30": 53.65065597612195,
        "3,31": 73.74016480207743,
        "3,32": 64.29372503696594,
        "3,33": 51.55225347909444,
        "3,34": 7.158400309674184,
        "3,35": 50.232292492085655,
        "3,36": 36.798747923140354,
        "3,37": 82.61494573341615,
        "3,38": 20.91715335510595,
        "3,39": 32.1792523751224,
        "3,40": 76.63541168243285,
        "3,41": 88.10764333739087,
        "3,42": 97.51533748911118,
        "3,43": 17.197123922391317,
        "3,44": 28.066609687056747,
        "3,45": 89.74943916356459,
        "3,46": 38.51082200523408,
        "3,47": 49.22857629573522,
        "3,48": 46.6523542298394,
        "3,49": 30.658649271019957,
        "3,50": 87.69319296550405,
        "3,51": 45.98026224445433,
        "3,52": 61.569923985013396,
        "3,53": 58.28931937902407,
        "3,54": 46.51093141365342,
        "3,55": 96.42976707187302,
        "3,56": 79.75784735797026,
        "3,57": 86.13928700346548,
        "3,58": 36.05225351730083,
        "3,59": 43.1239569312678,
        "3,60": 76.1074147554219,
        "4,0": 4.664489128920484,
        "4,1": 44.61439886707767,
        "4,2": 32.25331039282843,
        "4,3": 48.93717699400746,
        "4,4": 0.0,
        "4,5": 16.66877146579829,
        "4,6": 43.86033688586821,
        "4,7": 52.43459397927161,
        "4,8": 49.71898314344172,
        "4,9": 44.62745328884646,
        "4,10": 7.3485973712248835,
        "4,11": 34.299451215307855,
        "4,12": 63.16268884407982,
        "4,13": 63.40501446137658,
        "4,14": 30.215699840255603,
        "4,15": 36.12221335480682,
        "4,16": 24.905225734262718,
        "4,17": 60.11488708322582,
        "4,18": 45.69362030253479,
        "4,19": 50.44095742254781,
        "4,20": 22.49939436672664,
        "4,21": 40.61111312463963,
        "4,22": 55.301982467768745,
        "4,23": 32.515562235991545,
        "4,24": 25.96248927929686,
        "4,25": 1.9494545696472572,
        "4,26": 8.144704780084341,
        "4,27": 34.53789550612606,
        "4,28": 36.99062345586249,
        "4,29": 35.28267238276583,
        "4,30": 21.614542782319145,
        "4,31": 40.811397642907586,
        "4,32": 21.35829294357621,
        "4,33": 24.570296886674758,
        "4,34": 42.11920467577874,
        "4,35": 37.84526871397005,
        "4,36": 15.123432745962925,
        "4,37": 34.31281922855996,
        "4,38": 40.20054950561623,
        "4,39": 22.941210249528677,
        "4,40": 28.84280540162334,
        "4,41": 39.93265247128469,
        "4,42": 48.667885573338296,
        "4,43": 41.56340984302927,
        "4,44": 22.486495614344232,
        "4,45": 40.93905349077108,
        "4,46": 34.692346320851385,
        "4,47": 54.02174133485419,
        "4,48": 16.882459427856276,
        "4,49": 49.742986416573835,
        "4,50": 41.638018375562325,
        "4,51": 34.77537665002046,
        "4,52": 44.76044249879867,
        "4,53": 11.842317613001926,
        "4,54": 42.05832699717388,
        "4,55": 47.50368293197153,
        "4,56": 30.90686205504821,
        "4,57": 39.33309609555443,
        "4,58": 49.54843291240623,
        "4,59": 5.872919836961632,
        "4,60": 42.10606101803542,
        "5,0": 12.08227013507475,
        "5,1": 52.871712885768815,
        "5,2": 38.517424167294436,
        "5,3": 33.24530090682373,
        "5,4": 16.66877146579829,
        "5,5": 0.0,
        "5,6": 30.121253672291168,
        "5,7": 63.53142885690896,
        "5,8": 62.98124079851746,
        "5,9": 48.82103365658025,
        "5,10": 23.642049230553646,
        "5,11": 43.66260787623896,
        "5,12": 54.76675188712059,
        "5,13": 50.542554480035186,
        "5,14": 43.11547077914558,
        "5,15": 24.805104377253627,
        "5,16": 13.913461342030965,
        "5,17": 71.30431054401689,
        "5,18": 61.187132669536446,
        "5,19": 35.05710358917537,
        "5,20": 6.21943129696197,
        "5,21": 27.060680869483214,
        "5,22": 66.92350787687326,
        "5,23": 46.73540122789876,
        "5,24": 39.81106192921628,
        "5,25": 14.730872590206646,
        "5,26": 10.153357343775863,
        "5,27": 49.86694033465368,
        "5,28": 41.16542277531233,
        "5,29": 51.75359049287134,
        "5,30": 30.825801527769855,
        "5,31": 45.165340105600656,
        "5,32": 31.58869964928708,
        "5,33": 31.541461686905894,
        "5,34": 26.889961460511834,
        "5,35": 30.917777675869512,
        "5,36": 12.76955227905196,
        "5,37": 50.97657228820184,
        "5,38": 23.852787711031468,
        "5,39": 17.384480173564135,
        "5,40": 45.4821055573693,
        "5,41": 54.87432673478082,
        "5,42": 64.50548180137636,
        "5,43": 24.953663706662375,
        "5,44": 5.817988949630021,
        "5,45": 57.4279443167255,
        "5,46": 32.25015933614146,
        "5,47": 42.80461391820788,
        "5,48": 23.383576525836855,
        "5,49": 41.68827511162723,
        "5,50": 54.680649566028485,
        "5,51": 26.654931361648593,
        "5,52": 49.92390312288146,
        "5,53": 25.044460554470835,
        "5,54": 41.616652372238796,
        "5,55": 63.57637535825535,
        "5,56": 47.38924835442914,
        "5,57": 55.84836157324026,
        "5,58": 35.482534197626286,
        "5,59": 11.539677194698937,
        "5,60": 54.22360453833295,
        "6,0": 40.21414978444616,
        "6,1": 58.64479844034217,
        "6,2": 68.19172977353549,
        "6,3": 10.670038903432763,
        "6,4": 43.86033688586821,
        "6,5": 30.121253672291168,
        "6,6": 0.0,
        "6,7": 93.65244678138653,
        "6,8": 92.77773271472323,
        "6,9": 77.44040011642836,
        "6,10": 51.17783090754373,
        "6,11": 73.74996835111672,
        "6,12": 70.83867838329833,
        "6,13": 57.846489156181015,
        "6,14": 58.905730473945454,
        "6,15": 43.05167446377954,
        "6,16": 19.110540647329813,
        "6,17": 101.42556419534796,
        "6,18": 89.53251602111247,
        "6,19": 37.63308866960649,
        "6,20": 28.219168075116905,
        "6,21": 39.61746678612119,
        "6,22": 76.6285346227263,
        "6,23": 76.05003113325273,
        "6,24": 69.24462527412766,
        "6,25": 42.25025289776236,
        "6,26": 39.767275014378534,
        "6,27": 69.4243403584842,
        "6,28": 70.09585454519919,
        "6,29": 78.28290868356801,
        "6,30": 44.97983014579586,
        "6,31": 73.99678740943597,
        "6,32": 61.677025016944725,
        "6,33": 42.404997388640304,
        "6,34": 6.873833156495082,
        "6,35": 53.2692788995869,
        "6,36": 30.009339675298868,
        "6,37": 76.19771316427729,
        "6,38": 26.462655859623915,
        "6,39": 23.968803455619152,
        "6,40": 70.00787364375174,
        "6,41": 83.75464643302487,
        "6,42": 92.36995404781885,
        "6,43": 23.265829333800113,
        "6,44": 26.19144285157515,
        "6,45": 83.78668433503496,
        "6,46": 28.11706354713605,
        "6,47": 55.72260814837703,
        "6,48": 38.5038542463123,
        "6,49": 20.724167254089835,
        "6,50": 84.50904827451063,
        "6,51": 48.76232827997888,
        "6,52": 51.09106360273606,
        "6,53": 54.41526779939353,
        "6,54": 35.870061832397404,
        "6,55": 91.02463220045763,
        "6,56": 73.96205190348479,
        "6,57": 78.90506101074507,
        "6,58": 43.11543018503737,
        "6,59": 38.0035556943698,
        "6,60": 66.62382256139554,
        "7,0": 54.664327439829066,
        "7,1": 85.76278919693475,
        "7,2": 27.570038979703153,
        "7,3": 95.66922246907605,
        "7,4": 52.43459397927161,
        "7,5": 63.53142885690896,
        "7,6": 93.65244678138653,
        "7,7": 0.0,
        "7,8": 10.994934518357333,
        "7,9": 26.89820942545255,
        "7,10": 46.42185556578256,
        "7,11": 20.174815638412852,
        "7,12": 68.7235114867601,
        "7,13": 82.8582404086294,
        "7,14": 66.22490181345262,
        "7,15": 62.99566696986232,
        "7,16": 76.00913616656779,
        "7,17": 7.779727814420388,
        "7,18": 25.839844963436253,
        "7,19": 82.48662814280355,
        "7,20": 66.28755578254614,
        "7,21": 70.23334140078951,
        "7,22": 86.31126191246652,
        "7,23": 23.10768560221789,
        "7,24": 27.527943788716676,
        "7,25": 53.41828488680544,
        "7,26": 54.154060435635934,
        "7,27": 59.06816579727874,
        "7,28": 29.402389356972925,
        "7,29": 36.522095095052826,
        "7,30": 67.958204429709,
        "7,31": 27.45319549622213,
        "7,32": 32.05767323989901,
        "7,33": 72.32684994416904,
        "7,34": 90.01017946421403,
        "7,35": 54.34176334357389,
        "7,36": 67.45234764949114,
        "7,37": 41.98519895428047,
        "7,38": 79.08291264849953,
        "7,39": 75.2951421152526,
        "7,40": 44.995187253350736,
        "7,41": 22.471548898635923,
        "7,42": 29.551476200853884,
        "7,43": 82.19296067920477,
        "7,44": 67.9019419552462,
        "7,45": 37.10310926750166,
        "7,46": 86.60467039300411,
        "7,47": 71.57844241816504,
        "7,48": 67.1470535712856,
        "7,49": 102.15418085556105,
        "7,50": 13.312679644689327,
        "7,51": 56.19712028505481,
        "7,52": 90.35589413918534,
        "7,53": 40.61714133826388,
        "7,54": 92.73404655769068,
        "7,55": 31.97596615167382,
        "7,56": 37.11344130183115,
        "7,57": 49.899924406613984,
        "7,58": 77.23313623922255,
        "7,59": 57.54961717889973,
        "7,60": 75.47754788898409,
        "8,0": 52.73823201674825,
        "8,1": 78.26247497823563,
        "8,2": 31.592966437301758,
        "8,3": 95.99730364150112,
        "8,4": 49.71898314344172,
        "8,5": 62.98124079851746,
        "8,6": 92.77773271472323,
        "8,7": 10.994934518357333,
        "8,8": 0.0,
        "8,9": 34.77770466022187,
        "8,10": 42.92537555377041,
        "8,11": 23.048408885112195,
        "8,12": 76.37499920544929,
        "8,13": 88.8224960248004,
        "8,14": 58.726987587546326,
        "8,15": 66.65201253467926,
        "8,16": 74.32854711486536,
        "8,17": 14.568710532974968,
        "8,18": 15.087283398279983,
        "8,19": 86.10929236543095,
        "8,20": 66.63972585162496,
        "8,21": 73.81105703003335,
        "8,22": 77.19301541731751,
        "8,23": 17.46966895554312,
        "8,24": 23.75693686507229,
        "8,25": 51.028314113401784,
        "8,26": 53.040322041772534,
        "8,27": 50.3719768162636,
        "8,28": 35.192745931159656,
        "8,29": 27.26037182617004,
        "8,30": 62.36063069730859,
        "8,31": 34.31624881529838,
        "8,32": 31.796026174860266,
        "8,33": 66.862459401293,
        "8,34": 89.85968591609848,
        "8,35": 59.221877698567795,
        "8,36": 64.80997243212238,
        "8,37": 32.807956452133105,
        "8,38": 81.12693460095561,
        "8,39": 72.5678421166798,
        "8,40": 36.736813881586976,
        "8,41": 13.282962641592029,
        "8,42": 18.592268979623842,
        "8,43": 83.9307374398583,
        "8,44": 67.93204072142743,
        "8,45": 26.93036096337917,
        "8,46": 82.50523801117629,
        "8,47": 77.42825922902259,
        "8,48": 62.702748822175835,
        "8,49": 99.11862237963474,
        "8,50": 8.305564456425138,
        "8,51": 60.32266336676863,
        "8,52": 83.69701605064968,
        "8,53": 38.41981467141556,
        "8,54": 87.73539210478091,
        "8,55": 21.093645060696822,
        "8,56": 28.716549333091695,
        "8,57": 40.17136260304959,
        "8,58": 81.51037573074642,
        "8,59": 55.30520087481274,
        "8,60": 67.05793917448385,
        "9,0": 44.50355546890966,
        "9,1": 87.10055843851043,
        "9,2": 12.720948563270916,
        "9,3": 76.9152435121375,
        "9,4": 44.62745328884646,
        "9,5": 48.82103365658025,
        "9,6": 77.44040011642836,
        "9,7": 26.89820942545255,
        "9,8": 34.77770466022187,
        "9,9": 0.0,
        "9,10": 41.87727013735792,
        "9,11": 16.481309427061213,
        "9,12": 41.877253832444055,
        "9,13": 56.38597829825764,
        "9,14": 69.13682288518751,
        "9,15": 39.75497444568032,
        "9,16": 62.683124011761954,
        "9,17": 32.57865386573227,
        "9,18": 45.431890724897116,
        "9,19": 58.53418568695013,
        "9,20": 49.26815729271704,
        "9,21": 46.760013353735026,
        "9,22": 93.15459992683365,
        "9,23": 32.799619662168226,
        "9,24": 30.98502890532974,
        "9,25": 44.62001817042337,
        "9,26": 42.11905774055423,
        "9,27": 66.49916984926915,
        "9,28": 7.786802723512083,
        "9,29": 49.14663496947077,
        "9,30": 65.2731186362452,
        "9,31": 3.8239233769527576,
        "9,32": 25.064044179936936,
        "9,33": 68.83021694361176,
        "9,34": 72.45452798478247,
        "9,35": 29.643044182247817,
        "9,36": 57.236188960778726,
        "9,37": 53.319964754298475,
        "9,38": 57.81107497782661,
        "9,39": 64.50831949853878,
        "9,40": 53.08778601877591,
        "9,41": 38.88073022983686,
        "9,42": 49.961530496507834,
        "9,43": 61.334749055853095,
        "9,44": 51.4329710166972,
        "9,45": 52.53354665987473,
        "9,46": 78.35477168180384,
        "9,47": 45.28285908173786,
        "9,48": 61.495708466080345,
        "9,49": 90.42264070300449,
        "9,50": 29.933898866868596,
        "9,51": 32.60008165852238,
        "9,52": 88.85431833891003,
        "9,53": 34.56985749059361,
        "9,54": 86.44319039645593,
        "9,55": 51.41720294001922,
        "9,56": 47.23779468083286,
        "9,57": 61.94940251533582,
        "9,58": 52.51967620979465,
        "9,59": 47.681876720698575,
        "9,60": 80.50416273906126,
        "10,0": 11.599834682539083,
        "10,1": 45.37637363377317,
        "10,2": 29.17130343589422,
        "10,3": 56.251589617644974,
        "10,4": 7.3485973712248835,
        "10,5": 23.642049230553646,
        "10,6": 51.17783090754373,
        "10,7": 46.42185556578256,
        "10,8": 42.92537555377041,
        "10,9": 41.87727013735792,
        "10,10": 0.0,
        "10,11": 29.529723272857495,
        "10,12": 65.4500731568459,
        "10,13": 67.74278958314457,
        "10,14": 28.611517039656952,
        "10,15": 40.44197530728503,
        "10,16": 32.16895747643424,
        "10,17": 53.982080793997135,
        "10,18": 38.3585846346838,
        "10,19": 56.21714685727358,
        "10,20": 29.17193100674091,
        "10,21": 45.675723960796105,
        "10,22": 53.708735841831604,
        "10,23": 25.55060552727463,
        "10,24": 19.280683858215117,
        "10,25": 9.117253486725156,
        "10,26": 14.078782954685444,
        "10,27": 30.352038048133586,
        "10,28": 34.622896709792876,
        "10,29": 28.113835422546597,
        "10,30": 23.48529201247858,
        "10,31": 38.1538611446414,
        "10,32": 17.11715689369508,
        "10,33": 27.304638636958977,
        "10,34": 49.458192981600476,
        "10,35": 40.33895865266177,
        "10,36": 22.002936338501893,
        "10,37": 27.53983984236408,
        "10,38": 46.67193797717387,
        "10,39": 29.67910552125826,
        "10,40": 22.492571784446213,
        "10,41": 32.698902744348395,
        "10,42": 41.32064585293218,
        "10,43": 48.28721645701489,
        "10,44": 29.421853936780135,
        "10,45": 33.78691558337906,
        "10,46": 40.18338129862176,
        "10,47": 57.751943487217126,
        "10,48": 20.943290501453234,
        "10,49": 56.21237808511878,
        "10,50": 35.0007345159963,
        "10,51": 37.92637551932404,
        "10,52": 47.06939261043982,
        "10,53": 7.307647485354837,
        "10,54": 46.66368862613683,
        "10,55": 40.17831927178734,
        "10,56": 23.747540403179496,
        "10,57": 33.274752707324765,
        "10,58": 54.66312071566731,
        "10,59": 13.220006225797412,
        "10,60": 40.53417744138436,
        "11,0": 35.744319156880756,
        "11,1": 73.25741293285215,
        "11,2": 8.606298131876004,
        "11,3": 75.51011126877181,
        "11,4": 34.299451215307855,
        "11,5": 43.66260787623896,
        "11,6": 73.74996835111672,
        "11,7": 20.174815638412852,
        "11,8": 23.048408885112195,
        "11,9": 16.481309427061213,
        "11,10": 29.529723272857495,
        "11,11": 0.0,
        "11,12": 54.95696954780914,
        "11,13": 66.00328653198618,
        "11,14": 54.504041660599775,
        "11,15": 43.73595336229814,
        "11,16": 56.570780779405396,
        "11,17": 27.854690826956162,
        "11,18": 30.271198898658753,
        "11,19": 63.24405589897152,
        "11,20": 46.16201660778474,
        "11,21": 50.936358191561524,
        "11,22": 77.715847847142,
        "11,23": 16.409737273449352,
        "11,24": 14.827128108041347,
        "11,25": 34.93277645525568,
        "11,26": 34.68265258671461,
        "11,27": 50.66164878229834,
        "11,28": 13.282135038770594,
        "11,29": 32.67385118054176,
        "11,30": 52.74666919219406,
        "11,31": 14.08961711599031,
        "11,32": 12.961675948281322,
        "11,33": 56.75573388575569,
        "11,34": 69.92332135929968,
        "11,35": 36.203982737977604,
        "11,36": 48.8074801015607,
        "11,37": 36.863000045215465,
        "11,38": 59.076332815696155,
        "11,39": 56.584246323796975,
        "11,40": 36.93027363505659,
        "11,41": 23.26429487601257,
        "11,42": 34.82876931050875,
        "11,43": 62.11572640737874,
        "11,44": 47.83254976395933,
        "11,45": 36.213047356702106,
        "11,46": 68.98986144842142,
        "11,47": 54.60608812843442,
        "11,48": 50.3771387155872,
        "11,49": 83.40061651059884,
        "11,50": 15.908532514177569,
        "11,51": 37.295837688116535,
        "11,52": 76.15893026900272,
        "11,53": 22.66413730665289,
        "11,54": 76.05176023930414,
        "11,55": 35.910203843310946,
        "11,56": 30.79546932148873,
        "11,57": 45.50153742068901,
        "11,58": 58.49052018968891,
        "11,59": 38.80590099986007,
        "11,60": 65.40808906006983,
        "12,0": 59.89862810968582,
        "12,1": 106.72510952163807,
        "12,2": 46.83184432035393,
        "12,3": 64.62694221041293,
        "12,4": 63.16268884407982,
        "12,5": 54.76675188712059,
        "12,6": 70.83867838329833,
        "12,7": 68.7235114867601,
        "12,8": 76.37499920544929,
        "12,9": 41.877253832444055,
        "12,10": 65.4500731568459,
        "12,11": 54.95696954780914,
        "12,12": 0.0,
        "12,13": 20.396128961573947,
        "12,14": 93.31470884740519,
        "12,15": 30.2877137773822,
        "12,16": 65.81211200618421,
        "12,17": 73.840010972559,
        "12,18": 85.19607984446365,
        "12,19": 35.644879072842045,
        "12,20": 50.415325684947,
        "12,21": 31.4060393441141,
        "12,22": 118.45739442854573,
        "12,23": 70.32522266910694,
        "12,24": 65.7440524753576,
        "12,25": 61.852363765473605,
        "12,26": 55.927560071353476,
        "12,27": 95.60124374877999,
        "12,28": 41.72010447479137,
        "12,29": 84.91019377056733,
        "12,30": 83.7531448806801,
        "12,31": 42.06682889469295,
        "12,32": 55.198933586715555,
        "12,33": 85.47504993627895,
        "12,34": 64.06486815605238,
        "12,35": 25.318837915511583,
        "12,36": 67.46049772496569,
        "12,37": 87.59208519165632,
        "12,38": 44.420561135335404,
        "12,39": 71.52815517574157,
        "12,40": 85.00857607943841,
        "12,41": 78.07856492912684,
        "12,42": 89.74242589736271,
        "12,43": 47.84390643631157,
        "12,44": 52.708142364762935,
        "12,45": 89.53351494330083,
        "12,46": 86.1404381065894,
        "12,47": 15.422029214992914,
        "12,48": 77.07037145547609,
        "12,49": 90.10228998114233,
        "12,50": 70.5469108915107,
        "12,51": 28.68467347521782,
        "12,52": 104.61119831692922,
        "12,53": 59.949701028014694,
        "12,54": 95.77883505111132,
        "12,55": 90.65414865792843,
        "12,56": 81.7321082786713,
        "12,57": 95.54745516406376,
        "12,58": 28.728553363005418,
        "12,59": 62.08022139062929,
        "12,60": 105.24851830142015,
        "13,0": 59.229501647921495,
        "13,1": 103.22577006162376,
        "13,2": 57.39971290539288,
        "13,3": 49.70191085417281,
        "13,4": 63.40501446137658,
        "13,5": 50.542554480035186,
        "13,6": 57.846489156181015,
        "13,7": 82.8582404086294,
        "13,8": 88.8224960248004,
        "13,9": 56.38597829825764,
        "13,10": 67.74278958314457,
        "13,11": 66.00328653198618,
        "13,12": 20.396128961573947,
        "13,13": 0.0,
        "13,14": 93.00891011585333,
        "13,15": 27.34038804717912,
        "13,16": 58.092921778864486,
        "13,17": 88.95078830051291,
        "13,18": 95.05794159299549,
        "13,19": 20.214983377690658,
        "13,20": 44.807865413689456,
        "13,21": 23.4825975848658,
        "13,22": 117.36729990569525,
        "13,23": 79.3237726580492,
        "13,24": 73.55885970395549,
        "13,25": 61.699863607452485,
        "13,26": 55.33077308301289,
        "13,27": 97.80513525141593,
        "13,28": 53.76270786631139,
        "13,29": 91.76435853217758,
        "13,30": 81.34311732658627,
        "13,31": 55.40614497465791,
        "13,32": 62.30401129630305,
        "13,33": 82.00053720342952,
        "13,34": 51.000080681711076,
        "13,35": 30.18203813141974,
        "13,36": 62.96714812763348,
        "13,37": 93.33480262425792,
        "13,38": 32.34432052764578,
        "13,39": 64.90554225903436,
        "13,40": 89.52586025023737,
        "13,41": 87.77529938458052,
        "13,42": 99.4449628359466,
        "13,43": 34.863518785164935,
        "13,44": 46.57486986606226,
        "13,45": 96.9751433714518,
        "13,46": 78.34648848520125,
        "13,47": 11.398890178044386,
        "13,48": 73.92360552937664,
        "13,49": 78.31780057695052,
        "13,50": 81.8901409796143,
        "13,51": 30.686197475639503,
        "13,52": 99.3114590314891,
        "13,53": 64.00365840782433,
        "13,54": 87.97637548991017,
        "13,55": 99.81576033630344,
        "13,56": 87.99816989128661,
        "13,57": 100.41106258814709,
        "13,58": 15.717905252260742,
        "13,59": 60.51668490455934,
        "13,60": 104.49498694603173,
        "14,0": 33.94315399604438,
        "14,1": 19.56767476505181,
        "14,2": 56.53010662778483,
        "14,3": 67.66481492584073,
        "14,4": 30.215699840255603,
        "14,5": 43.11547077914558,
        "14,6": 58.905730473945454,
        "14,7": 66.22490181345262,
        "14,8": 58.726987587546326,
        "14,9": 69.13682288518751,
        "14,10": 28.611517039656952,
        "14,11": 54.504041660599775,
        "14,12": 93.31470884740519,
        "14,13": 93.00891011585333,
        "14,14": 0.0,
        "14,15": 65.98343266020035,
        "14,16": 42.24133882833933,
        "14,17": 72.64845861860495,
        "14,18": 47.16518260826197,
        "14,19": 78.12023781502857,
        "14,20": 49.28428784369015,
        "14,21": 69.73173155453065,
        "14,22": 25.19320798608845,
        "14,23": 43.169080904819076,
