{
    "num_robots": 7,
    "num_tasks": 50,
    "num_nodes": 51,
    "robot_capacity": [
        79,
        82,
        96,
        81,
        87,
        97,
        102
    ],
    "robot_speed": [
        0.96,
        1.05,
        1.14,
        0.89,
        1.04,
        0.92,
        0.87
    ],
    "task_demand": {
        "0": 0,
        "1": 11,
        "2": 6,
        "3": 7,
        "4": 11,
        "5": 15,
        "6": 15,
        "7": 9,
        "8": 5,
        "9": 11,
        "10": 7,
        "11": 6,
        "12": 10,
        "13": 14,
        "14": 13,
        "15": 15,
        "16": 14,
        "17": 13,
        "18": 14,
        "19": 10,
        "20": 12,
        "21": 15,
        "22": 6,
        "23": 15,
        "24": 9,
        "25": 7,
        "26": 13,
        "27": 10,
        "28": 7,
        "29": 10,
        "30": 15,
        "31": 7,
        "32": 15,
        "33": 8,
        "34": 6,
        "35": 6,
        "36": 15,
        "37": 9,
        "38": 5,
        "39": 14,
        "40": 15,
        "41": 8,
        "42": 12,
        "43": 15,
        "44": 5,
        "45": 8,
        "46": 9,
        "47": 14,
        "48": 9,
        "49": 8,
        "50": 6
    },
    "task_service_time": {
        "0": 0,
        "1": 39,
        "2": 36,
        "3": 24,
        "4": 44,
        "5": 22,
        "6": 52,
        "7": 70,
        "8": 91,
        "9": 90,
        "10": 16,
        "11": 39,
        "12": 27,
        "13": 61,
        "14": 39,
        "15": 23,
        "16": 76,
        "17": 85,
        "18": 76,
        "19": 48,
        "20": 97,
        "21": 58,
        "22": 39,
        "23": 78,
        "24": 100,
        "25": 56,
        "26": 47,
        "27": 77,
        "28": 41,
        "29": 75,
        "30": 66,
        "31": 24,
        "32": 35,
        "33": 99,
        "34": 81,
        "35": 71,
        "36": 68,
        "37": 37,
        "38": 46,
        "39": 88,
        "40": 32,
        "41": 76,
        "42": 93,
        "43": 36,
        "44": 42,
        "45": 45,
        "46": 72,
        "47": 49,
        "48": 12,
        "49": 42,
        "50": 96
    },
    "task_precedence": [],
    "coordinates": {
        "0": [
            0,
            100
        ],
        "1": [
            40.70505307769423,
            76.79419643351793
        ],
        "2": [
            64.14787472300412,
            24.078043230915892
        ],
        "3": [
            36.989839000417255,
            13.38126737238734
        ],
        "4": [
            5.1670710337696875,
            21.73335751603558
        ],
        "5": [
            42.85423252420429,
            18.625616243502506
        ],
        "6": [
            39.55664583284859,
            94.05415235774221
        ],
        "7": [
            50.43193493797072,
            77.36901862115069
        ],
        "8": [
            91.44743061377693,
            30.196160105704983
        ],
        "9": [
            59.58807720298943,
            13.19219322785531
        ],
        "10": [
            67.85119716671365,
            51.6114513382047
        ],
        "11": [
            86.3880575876097,
            45.29172664194622
        ],
        "12": [
            75.24994685703507,
            12.08978304299998
        ],
        "13": [
            61.30477502702071,
            12.716902564541488
        ],
        "14": [
            47.934445182770766,
            50.27692739688443
        ],
        "15": [
            64.74481256651188,
            56.03113660875878
        ],
        "16": [
            37.53970334751562,
            98.91363916451004
        ],
        "17": [
            52.951768815760545,
            28.625922824486118
        ],
        "18": [
            23.533319163877852,
            36.89982808780774
        ],
        "19": [
            77.1596273746268,
            43.58406929774933
        ],
        "20": [
            91.8016141736901,
            75.08288432029718
        ],
        "21": [
            45.84624126976146,
            33.00894141207837
        ],
        "22": [
            87.53109206289629,
            17.83250154102014
        ],
        "23": [
            91.82561042163996,
            3.3113848130761125
        ],
        "24": [
            46.80680368098371,
            41.444701947634414
        ],
        "25": [
            25.861097531240773,
            77.64363280269686
        ],
        "26": [
            41.19297599583561,
            16.77406174100612
        ],
        "27": [
            63.53406674629708,
            33.54646920427157
        ],
        "28": [
            24.684559336087908,
            74.32984628643345
        ],
        "29": [
            64.1533532744424,
            77.11431783671568
        ],
        "30": [
            84.31774857101557,
            71.0850744225675
        ],
        "31": [
            8.58602603573807,
            87.51530276255146
        ],
        "32": [
            75.87771530313987,
            71.35438084697321
        ],
        "33": [
            56.99773749239263,
            10.335599039433275
        ],
        "34": [
            74.92586886553407,
            52.629532657003
        ],
        "35": [
            91.89166214729755,
            65.8965006325284
        ],
        "36": [
            62.12863454662197,
            94.8931966060306
        ],
        "37": [
            27.01041641809002,
            53.640150395935734
        ],
        "38": [
            86.4607391590293,
            63.840050566619574
        ],
        "39": [
            84.65823755839358,
            85.53402772948787
        ],
        "40": [
            63.21436490368191,
            95.98846653645315
        ],
        "41": [
            95.4800551074328,
            57.24550592582667
        ],
        "42": [
            22.426250853850625,
            55.95005488509661
        ],
        "43": [
            59.386034889107606,
            35.86095224338868
        ],
        "44": [
            86.26827283763112,
            17.072549653420708
        ],
        "45": [
            53.31139282594288,
            58.19656989228843
        ],
        "46": [
            29.22691846266585,
            83.18795940528754
        ],
        "47": [
            31.059809836817298,
            54.60885335945166
        ],
        "48": [
            49.307045582869776,
            10.982422687484794
        ],
        "49": [
            69.31820666031237,
            80.20491620152379
        ],
        "50": [
            33.40855752763468,
            98.22119080623526
        ]
    },
    "distance_matrix_str_keys": {
        "0,0": 0.0,
        "0,1": 46.85520958467753,
        "0,2": 99.39362832256857,
        "0,3": 94.18626774265259,
        "0,4": 78.43701899473695,
        "0,5": 91.96888374329815,
        "0,6": 40.00101665870957,
        "0,7": 55.27695161419031,
        "0,8": 115.04437678500379,
        "0,9": 105.29166282920713,
        "0,10": 83.33808612243972,
        "0,11": 102.25405452880442,
        "0,12": 115.71845465358331,
        "0,13": 106.6612138457151,
        "0,14": 69.06587423666451,
        "0,15": 78.26334839623453,
        "0,16": 37.555419146700544,
        "0,17": 88.87152926204186,
        "0,18": 67.34574081719762,
        "0,19": 95.58433623555905,
        "0,20": 95.12307300907993,
        "0,21": 81.17684256791173,
        "0,22": 120.05494525728494,
        "0,23": 133.3440326226556,
        "0,24": 74.96399002742264,
        "0,25": 34.18484342191726,
        "0,26": 92.86236089225467,
        "0,27": 91.93829122047983,
        "0,28": 35.612978832091244,
        "0,29": 68.11319390862741,
        "0,30": 89.13784631251453,
        "0,31": 15.152145333157524,
        "0,32": 81.10486530587792,
        "0,33": 106.24710291988661,
        "0,34": 88.64449786393487,
        "0,35": 98.01594891292036,
        "0,36": 62.338163844729706,
        "0,37": 53.654433650818504,
        "0,38": 93.71766833927492,
        "0,39": 85.88528127813652,
        "0,40": 63.3415213813578,
        "0,41": 104.61542757574969,
        "0,42": 49.430096014329536,
        "0,43": 87.41005998725304,
        "0,44": 119.66276329490448,
        "0,45": 67.74681818220189,
        "0,46": 33.71731709050377,
        "0,47": 55.00061800055537,
        "0,48": 101.76106237014636,
        "0,49": 72.08924411582126,
        "0,50": 33.45587957631809,
        "1,0": 46.85520958467753,
        "1,1": 0.0,
        "1,2": 57.69366252175379,
        "1,3": 63.52166864741493,
        "1,4": 65.53353454569074,
        "1,5": 58.20826997614304,
        "1,6": 17.29811890657996,
        "1,7": 9.743851972970997,
        "1,8": 68.89242242527494,
        "1,9": 66.34593741812378,
        "1,10": 37.02814860936644,
        "1,11": 55.49182375829654,
        "1,12": 73.34855689403153,
        "1,13": 67.30711800367573,
        "1,14": 27.485080814328057,
        "1,15": 31.76499157196056,
        "1,16": 22.344779829839048,
        "1,17": 49.70075078752384,
        "1,18": 43.43304123947705,
        "1,19": 49.313776285582605,
        "1,20": 51.12521046397457,
        "1,21": 44.08605645006989,
        "1,22": 75.29382040804984,
        "1,23": 89.51555723337135,
        "1,24": 35.872247223058835,
        "1,25": 14.868239923083372,
        "1,26": 60.0221179006648,
        "1,27": 48.903269579615554,
        "1,28": 16.208924744482054,
        "1,29": 23.4504852791921,
        "1,30": 43.98478466844063,
        "1,31": 33.86109890479566,
        "1,32": 35.590838169968755,
        "1,33": 68.42657914163173,
        "1,34": 41.89266294492725,
        "1,35": 52.333820057543115,
        "1,36": 28.04538554201738,
        "1,37": 26.900797779044602,
        "1,38": 47.554102913571604,
        "1,39": 44.81369296405292,
        "1,40": 29.58190534201578,
        "1,41": 58.15885270466882,
        "1,42": 27.723507130754825,
        "1,43": 44.99455035187158,
        "1,44": 75.1177880998835,
        "1,45": 22.46756584090314,
        "1,46": 13.138789106302184,
        "1,47": 24.191324157426816,
        "1,48": 66.37155895907637,
        "1,49": 28.815717365326154,
        "1,50": 22.63525867226834,
        "2,0": 99.39362832256857,
        "2,1": 57.69366252175379,
        "2,2": 0.0,
        "2,3": 29.18869503895136,
        "2,4": 59.02738987054717,
        "2,5": 21.98063143186707,
        "2,6": 74.17131781799165,
        "2,7": 55.02776628420667,
        "2,8": 27.976724360207136,
        "2,9": 11.802266041428918,
        "2,10": 27.781345524013048,
        "2,11": 30.73509553774835,
        "2,12": 16.339350905173564,
        "2,13": 11.711478690688345,
        "2,14": 30.810011830538926,
        "2,15": 31.958668795839397,
        "2,16": 79.42519249384,
        "2,17": 12.084535418617756,
        "2,18": 42.590377906069065,
        "2,19": 23.447617362687307,
        "2,20": 58.01916166370783,
        "2,21": 20.36444768166184,
        "2,22": 24.202926355398837,
        "2,23": 34.60218425543071,
        "2,24": 24.542077741449976,
        "2,25": 65.84185366394404,
        "2,26": 24.088908675560777,
        "2,27": 9.488300724849816,
        "2,28": 63.895203041055765,
        "2,29": 53.03627488876202,
        "2,30": 51.1515864123255,
        "2,31": 84.32914636370236,
        "2,32": 48.709765534467884,
        "2,33": 15.49126317549963,
        "2,34": 30.518071796631805,
        "2,35": 50.18467017023089,
        "2,36": 70.84393607381605,
        "2,37": 47.466925215199595,
        "2,38": 45.59474911330241,
        "2,39": 64.78821663179227,
        "2,40": 71.91648225938422,
        "2,41": 45.62659432020624,
        "2,42": 52.502562081896066,
        "2,43": 12.70873964639673,
        "2,44": 23.203209972198238,
        "2,45": 35.79808935471452,
        "2,46": 68.6546092864689,
        "2,47": 45.02166595115303,
        "2,48": 19.792561405341033,
        "2,49": 56.36451190066942,
        "2,50": 80.26276816814332,
        "3,0": 94.18626774265259,
        "3,1": 63.52166864741493,
        "3,2": 29.18869503895136,
        "3,3": 0.0,
        "3,4": 32.90054666455736,
        "3,5": 7.8672934662310805,
        "3,6": 80.7137093013034,
        "3,7": 65.38441903900352,
        "3,8": 56.99447255620882,
        "3,9": 22.599029158181178,
        "3,10": 49.13217269700851,
        "3,11": 58.8086848210553,
        "3,12": 38.28189892067896,
        "3,13": 24.32401065975187,
        "3,14": 38.48472597187205,
        "3,15": 50.885655184287394,
        "3,16": 85.53413923800319,
        "3,17": 22.07221609361303,
        "3,18": 27.096136703155565,
        "3,19": 50.25754811141735,
        "3,20": 82.53132878872123,
        "3,21": 21.533263788028194,
        "3,22": 50.73688743655399,
        "3,23": 55.752707217846435,
        "3,24": 29.730946094913666,
        "3,25": 65.21886611546086,
        "3,26": 5.401612188040319,
        "3,27": 33.335137491028334,
        "3,28": 62.17836584583952,
        "3,29": 69.28028745035482,
        "3,30": 74.63015725835739,
        "3,31": 79.38911634577238,
        "3,32": 69.80794230797142,
        "3,33": 20.238381794490135,
        "3,34": 54.58542561690438,
        "3,35": 75.97407392800748,
        "3,36": 85.30037308772071,
        "3,37": 41.477301471773885,
        "3,38": 70.66440945727838,
        "3,39": 86.47714754911414,
        "3,40": 86.66992046023022,
        "3,41": 73.11071606897592,
        "3,42": 44.99110767701779,
        "3,43": 31.732094513033914,
        "3,44": 49.416491238522134,
        "3,45": 47.69491020255498,
        "3,46": 70.23700725295473,
        "3,47": 41.651879815945016,
        "3,48": 12.54862677017278,
        "3,49": 74.23289970352162,
        "3,50": 84.91547671213105,
        "4,0": 78.43701899473695,
        "4,1": 65.53353454569074,
        "4,2": 59.02738987054717,
        "4,3": 32.90054666455736,
        "4,4": 0.0,
        "4,5": 37.815078963597344,
        "4,6": 80.08083554382823,
        "4,7": 71.72332041162804,
        "4,8": 86.69440280045225,
        "4,9": 55.08717999560278,
        "4,10": 69.44062326547169,
        "4,11": 84.5685840761906,
        "4,12": 70.74325418212128,
        "4,13": 56.85717430128052,
        "4,14": 51.41773695081832,
        "4,15": 68.74478116072139,
        "4,16": 83.69458284894448,
        "4,17": 48.27923775959452,
        "4,18": 23.81891895072345,
        "4,19": 75.23550872998075,
        "4,20": 101.74338344728544,
        "4,21": 42.2129563438229,
        "4,22": 82.45634382765357,
        "4,23": 88.59498590274535,
        "4,24": 46.06956082092148,
        "4,25": 59.6171251848685,
        "4,26": 36.36564921625945,
        "4,27": 59.5504474900477,
        "4,28": 56.10100694823327,
        "4,29": 80.91002569902598,
        "4,30": 93.27605113976229,
        "4,31": 65.8707338179946,
        "4,32": 86.38426459372604,
        "4,33": 53.06907653083838,
        "4,34": 76.29458377417305,
        "4,35": 97.3218265022622,
        "4,36": 92.71991034024282,
        "4,37": 38.667494998506896,
        "4,38": 91.55126474776823,
        "4,39": 101.92826435847509,
        "4,40": 94.25131055457025,
        "4,41": 97.04405070363023,
        "4,42": 38.32312183144528,
        "4,43": 56.02932245107712,
        "4,44": 81.23501747376478,
        "4,45": 60.394052502080385,
        "4,46": 65.99654802842502,
        "4,47": 41.847725740753404,
        "4,48": 45.430385788401026,
        "4,49": 86.80029595160126,
        "4,50": 81.5350857043306,
        "5,0": 91.96888374329815,
        "5,1": 58.20826997614304,
        "5,2": 21.98063143186707,
        "5,3": 7.8672934662310805,
        "5,4": 37.815078963597344,
        "5,5": 0.0,
        "5,6": 75.50058369525476,
        "5,7": 59.23013503930144,
        "5,8": 49.951740568668846,
        "5,9": 17.59385243204769,
        "5,10": 41.387359884797554,
        "5,11": 51.05169310055419,
        "5,12": 33.04844054958068,
        "5,13": 19.373575198919177,
        "5,14": 32.056419924633786,
        "5,15": 43.340171300818334,
        "5,16": 80.46372378242327,
        "5,17": 14.21148728574739,
        "5,18": 26.59406910586995,
        "5,19": 42.42386704090561,
        "5,20": 74.72127735147117,
        "5,21": 14.691227288367658,
        "5,22": 44.68389876869864,
        "5,23": 51.31005298650656,
        "5,24": 23.15887499689745,
        "5,25": 61.415738336931355,
        "5,26": 2.4875745875776696,
        "5,27": 25.50073325475428,
        "5,28": 58.592646880293145,
        "5,29": 62.24613047244914,
        "5,30": 66.86716619840597,
        "5,31": 76.94217883988595,
        "5,32": 62.21634055020337,
        "5,33": 16.393996402004362,
        "5,34": 46.742445261954714,
        "5,35": 68.11171716349895,
        "5,36": 78.66540782120474,
        "5,37": 38.43233158053618,
        "5,38": 62.816180177184485,
        "5,39": 78.89429868169475,
        "5,40": 79.99715992433322,
        "5,41": 65.2761294933786,
        "5,42": 42.54898535845983,
        "5,43": 23.88215435133931,
        "5,44": 43.441810645610495,
        "5,45": 40.929360784779206,
        "5,46": 65.98484555617217,
        "5,47": 37.86689530277561,
        "5,48": 10.002859796319974,
        "5,49": 67.02501108091334,
        "5,50": 80.15407828746064,
        "6,0": 40.00101665870957,
        "6,1": 17.29811890657996,
        "6,2": 74.17131781799165,
        "6,3": 80.7137093013034,
        "6,4": 80.08083554382823,
        "6,5": 75.50058369525476,
        "6,6": 0.0,
        "6,7": 19.916465573186745,
        "6,8": 82.28302813850418,
        "6,9": 83.30615029552237,
        "6,10": 51.009455055103025,
        "6,11": 67.60884031421112,
        "6,12": 89.39893497780972,
        "6,13": 84.1945920316022,
        "6,14": 44.57166080842295,
        "6,15": 45.60913801038411,
        "6,16": 5.261432220820845,
        "6,17": 66.78534674300778,
        "6,18": 59.35792938010363,
        "6,19": 62.93817208112969,
        "6,20": 55.58278265689938,
        "6,21": 61.36836962280024,
        "6,22": 90.06268674820915,
        "6,23": 104.7200769711789,
        "6,24": 53.106676240153334,
        "6,25": 21.374592284958297,
        "6,26": 77.29741251900508,
        "6,27": 65.08530121510901,
        "6,28": 24.702777308671163,
        "6,29": 29.86563259947993,
        "6,30": 50.31038520553057,
        "6,31": 31.653370194115194,
        "6,32": 42.83106015623294,
        "6,33": 85.51600930812401,
        "6,34": 54.47000142543343,
        "6,35": 59.429010452068574,
        "6,36": 22.587577775080234,
        "6,37": 42.316656615293354,
        "6,38": 55.79324258183414,
        "6,39": 45.899303914751634,
        "6,40": 23.73666452929798,
        "6,41": 66.95001237522231,
        "6,42": 41.777657621524874,
        "6,43": 61.47888426031885,
        "6,44": 90.04522892613427,
        "6,45": 38.40519867297727,
        "6,46": 14.992578724898458,
        "6,47": 40.35006610909076,
        "6,48": 83.64199044555036,
        "6,49": 32.82608482590536,
        "6,50": 7.427193227587887,
        "7,0": 55.27695161419031,
        "7,1": 9.743851972970997,
        "7,2": 55.02776628420667,
        "7,3": 65.38441903900352,
        "7,4": 71.72332041162804,
        "7,5": 59.23013503930144,
        "7,6": 19.916465573186745,
        "7,7": 0.0,
        "7,8": 62.51039486397711,
        "7,9": 64.82669094392203,
        "7,10": 31.09474182123401,
        "7,11": 48.18501236603573,
        "7,12": 69.83775707511315,
        "7,13": 65.56000886363057,
        "7,14": 27.206963483294004,
        "7,15": 25.693650476029134,
        "7,16": 25.107375604377104,
        "7,17": 48.80818528294692,
        "7,18": 48.59311590118802,
        "7,19": 43.07890834008308,
        "7,20": 41.43279824134317,
        "7,21": 44.59646887830371,
        "7,22": 70.1494428018683,
        "7,23": 84.84084803500133,
        "7,24": 36.106759825404765,
        "7,25": 24.572371961547912,
        "7,26": 61.295245832291414,
        "7,27": 45.73927956710261,
        "7,28": 25.92612425459195,
        "7,29": 13.723782046289312,
        "7,30": 34.4635506044336,
        "7,31": 43.058415829335786,
        "7,32": 26.146961696284905,
        "7,33": 67.35420628292066,
        "7,34": 34.813718057945195,
        "7,35": 43.01775969609595,
        "7,36": 21.069162199308543,
        "7,37": 33.34106652503382,
        "7,38": 38.485162208569314,
        "7,39": 35.186747005143765,
        "7,40": 22.584825801829254,
        "7,41": 49.338513293381304,
        "7,42": 35.257486418432286,
        "7,43": 42.46287178648715,
        "7,44": 70.14205075441593,
        "7,45": 19.38747193394376,
        "7,46": 21.988924384044854,
        "7,47": 29.888197564834684,
        "7,48": 66.39612560775699,
        "7,49": 19.097999231764767,
        "7,50": 26.918552399621234,
        "8,0": 115.04437678500379,
        "8,1": 68.89242242527494,
        "8,2": 27.976724360207136,
        "8,3": 56.99447255620882,
        "8,4": 86.69440280045225,
        "8,5": 49.951740568668846,
        "8,6": 82.28302813850418,
        "8,7": 62.51039486397711,
        "8,8": 0.0,
        "8,9": 36.11306258594618,
        "8,10": 31.865293525418647,
        "8,11": 15.920847479578304,
        "8,12": 24.294019230805887,
        "8,13": 34.84399704414129,
        "8,14": 47.9230332525129,
        "8,15": 37.1547550320476,
        "8,16": 87.33919502268684,
        "8,17": 38.52767346189733,
        "8,18": 68.24416237630574,
        "8,19": 19.580026402819144,
        "8,20": 44.88812155471613,
        "8,21": 45.6878562450268,
        "8,22": 12.969107939608596,
        "8,23": 26.887435030181347,
        "8,24": 46.03602140196805,
        "8,25": 80.94955066302201,
        "8,26": 52.015987287163696,
        "8,27": 28.11370579369194,
        "8,28": 80.03163897572195,
        "8,29": 54.27964796014777,
        "8,30": 41.50585115429629,
        "8,31": 100.75463504753196,
        "8,32": 44.00471758165536,
        "8,33": 39.764597848144525,
        "8,34": 27.860692859768093,
        "8,35": 35.70310428221227,
        "8,36": 71.03026351318069,
        "8,37": 68.56930420518783,
        "8,38": 34.0114459705975,
        "8,39": 55.75278231165315,
        "8,40": 71.59422871201288,
        "8,41": 27.348293723802367,
        "8,42": 73.6694397410489,
        "8,43": 32.55799388440583,
        "8,44": 14.1086082436758,
        "8,45": 47.31152424485713,
        "8,46": 81.7283483581664,
        "8,47": 65.13558424550605,
        "8,48": 46.31392615757618,
        "8,49": 54.68617959808204,
        "8,50": 89.41988364406103,
        "9,0": 105.29166282920713,
        "9,1": 66.34593741812378,
        "9,2": 11.802266041428918,
        "9,3": 22.599029158181178,
        "9,4": 55.08717999560278,
        "9,5": 17.59385243204769,
        "9,6": 83.30615029552237,
        "9,7": 64.82669094392203,
        "9,8": 36.11306258594618,
        "9,9": 0.0,
        "9,10": 39.29781858175521,
        "9,11": 41.81649189038183,
        "9,12": 15.700620028393415,
        "9,13": 1.7812783706279653,
        "9,14": 38.8726722473542,
        "9,15": 43.148197987884224,
        "9,16": 88.51156468587345,
        "9,17": 16.80001780571444,
        "9,18": 43.15086937608225,
        "9,19": 35.105918396791246,
        "9,20": 69.77226962098024,
        "9,21": 24.115172887886654,
        "9,22": 28.32568694140007,
        "9,23": 33.717783482209626,
        "9,24": 31.00911481815498,
        "9,25": 72.74267812672281,
        "9,26": 18.74058511538349,
        "9,27": 20.73324345103798,
        "9,28": 70.39934787337296,
        "9,29": 64.0849417579454,
        "9,30": 62.95349346140873,
        "9,31": 90.13952426196494,
        "9,32": 60.40026802983033,
        "9,33": 3.856162622818346,
        "9,34": 42.314909834872985,
        "9,35": 61.816386332916686,
        "9,36": 81.7404941544697,
        "9,37": 51.93593381548887,
        "9,38": 57.33537663268124,
        "9,39": 76.56274524406288,
        "9,40": 82.87564682269588,
        "9,41": 56.82366089542539,
        "9,42": 56.65011978013227,
        "9,43": 22.66965937990521,
        "9,44": 26.960897705606538,
        "9,45": 45.439967932682706,
        "9,46": 76.29683638802393,
        "9,47": 50.29116995429679,
        "9,48": 10.515830781017238,
        "9,49": 67.71543738027465,
        "9,50": 88.96795872456796,
        "10,0": 83.33808612243972,
        "10,1": 37.02814860936644,
        "10,2": 27.781345524013048,
        "10,3": 49.13217269700851,
        "10,4": 69.44062326547169,
        "10,5": 41.387359884797554,
        "10,6": 51.009455055103025,
        "10,7": 31.09474182123401,
        "10,8": 31.865293525418647,
        "10,9": 39.29781858175521,
        "10,10": 0.0,
        "10,11": 19.584537638154284,
        "10,12": 40.20825489642918,
        "10,13": 39.441622268080316,
        "10,14": 19.961411867396798,
        "10,15": 5.40215171715154,
        "10,16": 56.18081194417138,
        "10,17": 27.392106276081712,
        "10,18": 46.695890283148664,
        "10,19": 12.291693754687165,
        "10,20": 33.53402214230982,
        "10,21": 28.814431446385328,
        "10,22": 39.09367867731957,
        "10,23": 53.9228051685911,
        "10,24": 23.371548736720335,
        "10,25": 49.40488780674629,
        "10,26": 43.86689492022942,
        "10,27": 18.57366938884747,
        "10,28": 48.77995582843546,
        "10,29": 25.76956051415083,
        "10,30": 25.502339327644933,
        "10,31": 69.29247474499225,
        "10,32": 21.312162231518922,
        "10,33": 42.678959334689814,
        "10,34": 7.147549875151396,
        "10,35": 27.964380733782377,
        "10,36": 43.658414954849654,
        "10,37": 40.89113586125953,
        "10,38": 22.267772503170328,
        "10,39": 37.857863063701885,
        "10,40": 44.61860252564019,
        "10,41": 28.197453115569573,
        "10,42": 45.631669137382985,
        "10,43": 17.881196663590625,
        "10,44": 39.142360759916805,
        "10,45": 15.961506715822104,
        "10,46": 49.888984426609724,
        "10,47": 36.91328487869148,
        "10,48": 44.660984394274145,
        "10,49": 28.63107315041076,
        "10,50": 57.95483792217126,
        "11,0": 102.25405452880442,
        "11,1": 55.49182375829654,
        "11,2": 30.73509553774835,
        "11,3": 58.8086848210553,
        "11,4": 84.5685840761906,
        "11,5": 51.05169310055419,
        "11,6": 67.60884031421112,
        "11,7": 48.18501236603573,
        "11,8": 15.920847479578304,
        "11,9": 41.81649189038183,
        "11,10": 19.584537638154284,
        "11,11": 0.0,
        "11,12": 35.02037363298897,
        "11,13": 41.1131393557852,
        "11,14": 38.77541145556832,
        "11,15": 24.161228890074035,
        "11,16": 72.5359994385078,
        "11,17": 37.35952922236244,
        "11,18": 63.41247593067711,
        "11,19": 9.385095513690054,
        "11,20": 30.279030214441544,
        "11,21": 42.36160624142108,
        "11,22": 27.48300512962552,
        "11,23": 42.33102976412991,
        "11,24": 39.767766593303165,
        "11,25": 68.63059613539207,
        "11,26": 53.440177876663434,
        "11,27": 25.695446476993794,
        "11,28": 68.1948245027664,
        "11,29": 38.8208627704666,
        "11,30": 25.87630130363054,
        "11,31": 88.52110761852775,
        "11,32": 28.10212161292321,
        "11,33": 45.669703001689065,
        "11,34": 13.609745310441376,
        "11,35": 21.32712766296458,
        "11,36": 55.21616999466344,
        "11,37": 59.96165816613492,
        "11,38": 18.548466325425235,
        "11,39": 40.279462187991456,
        "11,40": 55.742079872753386,
        "11,41": 15.018563781806801,
        "11,42": 64.84375591824924,
        "11,43": 28.601551279028737,
        "11,44": 28.219431218507136,
        "11,45": 35.504939530600446,
        "11,46": 68.58221550602262,
        "11,47": 56.10725309122804,
        "11,48": 50.518608345195815,
        "11,49": 38.86271498368519,
        "11,50": 74.88895514909827,
        "12,0": 115.71845465358331,
        "12,1": 73.34855689403153,
        "12,2": 16.339350905173564,
        "12,3": 38.28189892067896,
        "12,4": 70.74325418212128,
        "12,5": 33.04844054958068,
        "12,6": 89.39893497780972,
        "12,7": 69.83775707511315,
        "12,8": 24.294019230805887,
        "12,9": 15.700620028393415,
        "12,10": 40.20825489642918,
        "12,11": 35.02037363298897,
        "12,12": 0.0,
        "12,13": 13.95926560614578,
        "12,14": 46.950981093275836,
        "12,15": 45.17964585577171,
        "12,16": 94.65962421938899,
        "12,17": 27.760631527997084,
        "12,18": 57.35981097491541,
        "12,19": 31.552130615464993,
        "12,20": 65.13131734805499,
        "12,21": 36.08585718995252,
        "12,22": 13.55748292696513,
        "12,23": 18.756676093863238,
        "12,24": 40.874486634464546,
        "12,25": 82.07658409097519,
        "12,26": 34.37760508181428,
        "12,27": 24.446906303098757,
        "12,28": 80.1915449887964,
        "12,29": 65.96457014395213,
        "12,30": 59.688101267205184,
        "12,31": 100.66323740190658,
        "12,32": 59.26792257274278,
        "12,33": 18.336311194160906,
        "12,34": 40.541044945963506,
        "12,35": 56.32148387215506,
        "12,36": 83.83659185843423,
        "12,37": 63.666987710538145,
        "12,38": 52.95065677406325,
        "12,39": 74.04439892044485,
        "12,40": 84.75756205136219,
        "12,41": 49.48026464049529,
        "12,42": 68.659058437321,
        "12,43": 28.57852669539948,
        "12,44": 12.092620497998004,
        "12,45": 51.06012090213722,
        "12,46": 84.6939774991815,
        "12,47": 61.32405360412,
        "12,48": 25.966524093109843,
        "12,49": 68.37292524797257,
        "12,50": 95.75657295607004,
        "13,0": 106.6612138457151,
        "13,1": 67.30711800367573,
        "13,2": 11.711478690688345,
        "13,3": 24.32401065975187,
        "13,4": 56.85717430128052,
        "13,5": 19.373575198919177,
        "13,6": 84.1945920316022,
        "13,7": 65.56000886363057,
        "13,8": 34.84399704414129,
        "13,9": 1.7812783706279653,
        "13,10": 39.441622268080316,
        "13,11": 41.1131393557852,
        "13,12": 13.95926560614578,
        "13,13": 0.0,
        "13,14": 39.868799650231,
        "13,15": 43.45062403591392,
        "13,16": 89.4128404224828,
        "13,17": 17.968573632781194,
        "13,18": 44.849713097022054,
        "13,19": 34.70098449756207,
        "13,20": 69.42314367915846,
        "13,21": 25.50947091796045,
        "13,22": 26.720573686850496,
        "13,23": 31.93720647393215,
        "13,24": 32.17883824108235,
        "13,25": 73.97117393852186,
        "13,26": 20.51694423772578,
        "13,27": 20.948522333773102,
        "13,28": 71.67422850179462,
        "13,29": 64.46038699673264,
        "13,30": 62.74105862499187,
        "13,31": 91.50992933768184,
        "13,32": 60.42122514161715,
        "13,33": 4.921501681741858,
        "13,34": 42.17288510708333,
        "13,35": 61.348409224536496,
        "13,36": 82.1804237449608,
        "13,37": 53.39302618758046,
        "13,38": 56.977177826330454,
        "13,39": 76.4703728870973,
        "13,40": 83.29345652465878,
        "13,41": 56.131508850923204,
        "13,42": 58.1433151914826,
        "13,43": 23.22344934013433,
        "13,44": 25.340637018496842,
        "13,45": 46.17677229143501,
        "13,46": 77.42841038026666,
        "13,47": 51.66907644577936,
        "13,48": 12.122455702495303,
        "13,49": 67.9621002560026,
        "13,50": 89.9398813568914,
        "14,0": 69.06587423666451,
        "14,1": 27.485080814328057,
        "14,2": 30.810011830538926,
        "14,3": 38.48472597187205,
        "14,4": 51.41773695081832,
        "14,5": 32.056419924633786,
        "14,6": 44.57166080842295,
        "14,7": 27.206963483294004,
        "14,8": 47.9230332525129,
        "14,9": 38.8726722473542,
        "14,10": 19.961411867396798,
        "14,11": 38.77541145556832,
        "14,12": 46.950981093275836,
        "14,13": 39.868799650231,
        "14,14": 0.0,
        "14,15": 17.76793109032019,
        "14,16": 49.73510218536497,
        "14,17": 22.224750514509054,
        "14,18": 27.827355909514523,
        "14,19": 29.981754846611913,
        "14,20": 50.39507926538149,
        "14,21": 17.393790143432394,
        "14,22": 51.19116342950246,
        "14,23": 64.28216374871985,
        "14,24": 8.90391945959375,
        "14,25": 35.15919853059548,
        "14,26": 34.17439705326528,
        "14,27": 22.874798890044957,
        "14,28": 33.45295351670772,
        "14,29": 31.35759087216423,
        "14,30": 41.9132884427303,
        "14,31": 54.17559126806911,
        "14,32": 35.00121982103727,
        "14,33": 40.95672079704847,
        "14,34": 27.093757656190352,
        "14,35": 46.649844494168754,
        "14,36": 46.81972329948,
        "14,37": 21.192598912982213,
        "14,38": 40.8440159345589,
        "14,39": 50.90874237605088,
        "14,40": 48.19772564328956,
        "14,41": 48.05357541143173,
        "14,42": 26.131443768369596,
        "14,43": 18.41084589117205,
        "14,44": 50.71501793357827,
        "14,45": 9.57247633647757,
        "14,46": 37.85640743443009,
        "14,47": 17.421793840017337,
        "14,48": 39.318470624063984,
        "14,49": 36.78246550761668,
        "14,50": 50.09644504388361,
        "15,0": 78.26334839623453,
        "15,1": 31.76499157196056,
        "15,2": 31.958668795839397,
        "15,3": 50.885655184287394,
        "15,4": 68.74478116072139,
        "15,5": 43.340171300818334,
        "15,6": 45.60913801038411,
        "15,7": 25.693650476029134,
        "15,8": 37.1547550320476,
        "15,9": 43.148197987884224,
        "15,10": 5.40215171715154,
        "15,11": 24.161228890074035,
        "15,12": 45.17964585577171,
        "15,13": 43.45062403591392,
        "15,14": 17.76793109032019,
        "15,15": 0.0,
        "15,16": 50.78412146588271,
        "15,17": 29.834906124685954,
        "15,18": 45.43560447709662,
        "15,19": 17.580020232200795,
        "15,20": 33.091382625606784,
        "15,21": 29.785524483084288,
        "15,22": 44.47864942110563,
        "15,23": 59.26838821723344,
        "15,24": 23.120039768576042,
        "15,25": 44.48643935714744,
        "15,26": 45.77998397798084,
        "15,27": 22.517241699008725,
        "15,28": 44.041646935071796,
        "15,29": 21.09147587972567,
        "15,30": 24.69252655234812,
        "15,31": 64.38215609164271,
        "15,32": 18.940521041597318,
        "15,33": 46.34759245045721,
        "15,34": 10.734282314549954,
        "15,35": 28.883851015460024,
        "15,36": 38.950020470640446,
        "15,37": 37.810070983217486,
        "15,38": 23.077274643529258,
        "15,39": 35.59445293004086,
        "15,40": 39.986628827637894,
        "15,41": 30.759223444155268,
        "15,42": 42.31863938826757,
        "15,43": 20.86990262384726,
        "15,44": 44.508772613936294,
        "15,45": 11.63667427873836,
        "15,46": 44.71033242969778,
        "15,47": 33.71501592081474,
        "15,48": 47.62049217933404,
        "15,49": 24.60259241089831,
        "15,50": 52.55436759249948,
        "16,0": 37.555419146700544,
        "16,1": 22.344779829839048,
        "16,2": 79.42519249384,
        "16,3": 85.53413923800319,
        "16,4": 83.69458284894448,
        "16,5": 80.46372378242327,
        "16,6": 5.261432220820845,
        "16,7": 25.107375604377104,
        "16,8": 87.33919502268684,
        "16,9": 88.51156468587345,
        "16,10": 56.18081194417138,
        "16,11": 72.5359994385078,
        "16,12": 94.65962421938899,
        "16,13": 89.4128404224828,
        "16,14": 49.73510218536497,
        "16,15": 50.78412146588271,
        "16,16": 0.0,
        "16,17": 71.95759049810614,
        "16,18": 63.575872484430626,
        "16,19": 68.05218351790644,
        "16,20": 59.26432183829227,
        "16,21": 66.42610750369978,
        "16,22": 95.25381789729796,
        "16,23": 109.93975961378455,
        "16,24": 58.21132100741021,
        "16,25": 24.265263329366576,
        "16,26": 82.22077949250274,
        "16,27": 70.3461003689516,
        "16,28": 27.741982622493207,
        "16,29": 34.40198791909327,
        "16,30": 54.42990474480269,
        "16,31": 31.116514949569083,
        "16,32": 47.21563173062826,
        "16,33": 90.69004512725148,
        "16,34": 59.497427569088465,
        "16,35": 63.594550570101994,
        "16,36": 24.915446933186214,
        "16,37": 46.48176705462473,
        "16,38": 60.194886510446025,
        "16,39": 48.981325710252605,
        "16,40": 25.84076006869025,
        "16,41": 71.36748341968917,
        "16,42": 45.54433027735208,
        "16,43": 66.73007964777284,
        "16,44": 95.24934339361691,
        "16,45": 43.66492779248383,
        "16,46": 17.787619189520758,
        "16,47": 44.77614392890586,
        "16,48": 88.71510116329365,
        "16,49": 36.876680811960334,
        "16,50": 4.188776732412128,
        "17,0": 88.87152926204186,
        "17,1": 49.70075078752384,
        "17,2": 12.084535418617756,
        "17,3": 22.07221609361303,
        "17,4": 48.27923775959452,
        "17,5": 14.21148728574739,
        "17,6": 66.78534674300778,
        "17,7": 48.80818528294692,
        "17,8": 38.52767346189733,
        "17,9": 16.80001780571444,
        "17,10": 27.392106276081712,
        "17,11": 37.35952922236244,
        "17,12": 27.760631527997084,
        "17,13": 17.968573632781194,
        "17,14": 22.224750514509054,
        "17,15": 29.834906124685954,
        "17,16": 71.95759049810614,
        "17,17": 0.0,
        "17,18": 30.559821469157477,
        "17,19": 28.456397556993586,
        "17,20": 60.56038107342384,
        "17,21": 8.348615073539504,
        "17,22": 36.224681354461616,
        "17,23": 46.38966906467564,
        "17,24": 14.215544123095867,
        "17,25": 56.005717227385674,
        "17,26": 16.695383185899804,
        "17,27": 11.670338733998147,
        "17,28": 53.739033779769755,
        "17,29": 49.765449312218536,
        "17,30": 52.78829643430374,
        "17,31": 73.73112098641202,
        "17,32": 48.490412942370604,
        "17,33": 18.732479993165818,
        "17,34": 32.54280808395548,
        "17,35": 53.901866969677535,
        "17,36": 66.89967443179698,
        "17,37": 36.036999670011326,
        "17,38": 48.609524643894204,
        "17,39": 65.14470480404566,
        "17,40": 68.13980608873558,
        "17,41": 51.26144430077031,
        "17,42": 40.96846884749987,
