{
    "num_robots": 7,
    "num_tasks": 30,
    "num_nodes": 31,
    "robot_capacity": [
        62,
        59,
        50,
        44,
        54,
        51,
        55
    ],
    "robot_speed": [
        1.1,
        0.94,
        0.85,
        0.96,
        0.93,
        1.01,
        1.0
    ],
    "task_demand": {
        "0": 0,
        "1": 12,
        "2": 11,
        "3": 15,
        "4": 8,
        "5": 7,
        "6": 7,
        "7": 5,
        "8": 14,
        "9": 14,
        "10": 9,
        "11": 7,
        "12": 9,
        "13": 8,
        "14": 15,
        "15": 8,
        "16": 14,
        "17": 11,
        "18": 8,
        "19": 7,
        "20": 13,
        "21": 6,
        "22": 14,
        "23": 10,
        "24": 15,
        "25": 15,
        "26": 11,
        "27": 12,
        "28": 9,
        "29": 13,
        "30": 8
    },
    "task_service_time": {
        "0": 0,
        "1": 77,
        "2": 22,
        "3": 26,
        "4": 55,
        "5": 23,
        "6": 81,
        "7": 37,
        "8": 28,
        "9": 81,
        "10": 64,
        "11": 67,
        "12": 84,
        "13": 89,
        "14": 96,
        "15": 74,
        "16": 47,
        "17": 73,
        "18": 51,
        "19": 66,
        "20": 36,
        "21": 53,
        "22": 54,
        "23": 72,
        "24": 80,
        "25": 11,
        "26": 66,
        "27": 79,
        "28": 58,
        "29": 21,
        "30": 22
    },
    "task_precedence": [],
    "coordinates": {
        "0": [
            100,
            100
        ],
        "1": [
            74.98673137956821,
            96.60745810689816
        ],
        "2": [
            29.710072397284705,
            50.41972078038947
        ],
        "3": [
            23.977954792469134,
            90.44500346989321
        ],
        "4": [
            42.11596812539484,
            49.10507977602884
        ],
        "5": [
            72.52112430598125,
            56.7371650704644
        ],
        "6": [
            52.7545852498989,
            50.40173682697249
        ],
        "7": [
            47.84541271666737,
            47.08737076113996
        ],
        "8": [
            51.53562599438618,
            21.253237151163475
        ],
        "9": [
            93.10829998494219,
            88.37596379592205
        ],
        "10": [
            61.23464496645481,
            20.98922596533207
        ],
        "11": [
            35.803219242829776,
            45.89768013251635
        ],
        "12": [
            86.62160474103555,
            78.83483080547109
        ],
        "13": [
            73.21394495997268,
            95.44113754532852
        ],
        "14": [
            59.784198699662724,
            95.70659949477455
        ],
        "15": [
            35.48395699722653,
            70.92832760225576
        ],
        "16": [
            85.75922687565756,
            62.10761299974563
        ],
        "17": [
            55.047000783040104,
            94.11346691927658
        ],
        "18": [
            29.224997816147923,
            3.6329958640415105
        ],
        "19": [
            80.87255674685872,
            58.15676083907905
        ],
        "20": [
            40.63895116202871,
            63.17771347179999
        ],
        "21": [
            0.4950535250368149,
            98.6079752891412
        ],
        "22": [
            92.49248062391251,
            51.98785118870863
        ],
        "23": [
            49.4542722571293,
            93.2375442281534
        ],
        "24": [
            60.37909334597275,
            28.628695422602856
        ],
        "25": [
            52.85335110604571,
            94.71827082730738
        ],
        "26": [
            84.00827820555281,
            34.63734734903038
        ],
        "27": [
            83.97594636464055,
            0.30061587099026177
        ],
        "28": [
            45.73023971291652,
            39.76630546605935
        ],
        "29": [
            85.81339847922106,
            39.205521436393255
        ],
        "30": [
            91.33503353231949,
            24.736718082742115
        ]
    },
    "distance_matrix_str_keys": {
        "0,0": 0.0,
        "0,1": 25.242284911915732,
        "0,2": 86.01673098816009,
        "0,3": 76.62016259592653,
        "0,4": 77.07693591901987,
        "0,5": 51.25194138320597,
        "0,6": 68.49902864048488,
        "0,7": 74.29567489204085,
        "0,8": 92.46538923795713,
        "0,9": 13.51346538720778,
        "0,10": 88.00826759136987,
        "0,11": 83.95408075029883,
        "0,12": 25.03888669126721,
        "0,13": 27.171234265082372,
        "0,14": 40.444331643958215,
        "0,15": 70.76356365204822,
        "0,16": 40.48002731911183,
        "0,17": 45.336777678949,
        "0,18": 119.56462863348888,
        "0,19": 46.00777922134656,
        "0,20": 69.85424041752134,
        "0,21": 99.51468286529848,
        "0,22": 48.59556852903273,
        "0,23": 50.99609201813989,
        "0,24": 81.63136260755869,
        "0,25": 47.44157633324881,
        "0,26": 67.29050101999763,
        "0,27": 100.97889626358923,
        "0,28": 81.07592021571864,
        "0,29": 62.427784571696975,
        "0,30": 75.76043326725808,
        "1,0": 25.242284911915732,
        "1,1": 0.0,
        "1,2": 64.67830337864899,
        "1,3": 51.37967629389787,
        "1,4": 57.76645240968981,
        "1,5": 39.94645772846975,
        "1,6": 51.276086049240796,
        "1,7": 56.47025969032418,
        "1,8": 78.91902786801545,
        "1,9": 19.903485808041463,
        "1,10": 76.85855133249336,
        "1,11": 64.08454732290014,
        "1,12": 21.242329423413373,
        "1,13": 2.1220450847808325,
        "1,14": 15.229200442657245,
        "1,15": 47.11567602589022,
        "1,16": 36.14257837552243,
        "1,17": 20.095095130554952,
        "1,18": 103.62618823481759,
        "1,19": 38.89857401802427,
        "1,20": 47.93034354394169,
        "1,21": 74.51853553700404,
        "1,22": 47.93078945875613,
        "1,23": 25.753888801289232,
        "1,24": 69.53053476716747,
        "1,25": 22.2138594330144,
        "1,26": 62.623341770268325,
        "1,27": 96.72545604699884,
        "1,28": 63.92854556596761,
        "1,29": 58.41403131107595,
        "1,30": 73.70665000457882,
        "2,0": 86.01673098816009,
        "2,1": 64.67830337864899,
        "2,2": 0.0,
        "2,3": 40.43365462841721,
        "2,4": 12.475356900188777,
        "2,5": 43.27466080614971,
        "2,6": 23.044519869957835,
        "2,7": 18.43895672619844,
        "2,8": 36.42854041975683,
        "2,9": 73.89189160598463,
        "2,10": 43.12716893940515,
        "2,11": 7.587838302335691,
        "2,12": 63.610855924529844,
        "2,13": 62.60602922620896,
        "2,14": 54.36317187713397,
        "2,15": 21.30588409682513,
        "2,16": 57.25482112688669,
        "2,17": 50.50844871577833,
        "2,18": 46.78923942262024,
        "2,19": 51.74419381621645,
        "2,20": 16.79901094018802,
        "2,21": 56.3526858304556,
        "2,22": 62.80198894710611,
        "2,23": 47.15081582443054,
        "2,24": 37.622302323153555,
        "2,25": 49.97972474564742,
        "2,26": 56.54536643372214,
        "2,27": 73.86954551342733,
        "2,28": 19.23904931851991,
        "2,29": 57.21312318326072,
        "2,30": 66.76265769471665,
        "3,0": 76.62016259592653,
        "3,1": 51.37967629389787,
        "3,2": 40.43365462841721,
        "3,3": 0.0,
        "3,4": 45.14395661303869,
        "3,5": 59.09871128865315,
        "3,6": 49.31082704558424,
        "3,7": 49.49282636777297,
        "3,8": 74.47768637906705,
        "3,9": 69.16130096812053,
        "3,10": 78.8172950023246,
        "3,11": 46.09013881347901,
        "3,12": 63.71046215635404,
        "3,13": 49.48882786522865,
        "3,14": 36.1907653341358,
        "3,15": 22.655876139719336,
        "3,16": 67.97009106124965,
        "3,17": 31.284872428118927,
        "3,18": 86.97043247593282,
        "3,19": 65.41808881138883,
        "3,20": 31.9545599854949,
        "3,21": 24.86123007531629,
        "3,22": 78.56966852091043,
        "3,23": 25.62891014941316,
        "3,24": 71.7377085540712,
        "3,25": 29.189883969862795,
        "3,26": 81.96422518869986,
        "3,27": 108.28559280105364,
        "3,28": 55.14972647823484,
        "3,29": 80.3063298563621,
        "3,30": 94.09864411821083,
        "4,0": 77.07693591901987,
        "4,1": 57.76645240968981,
        "4,2": 12.475356900188777,
        "4,3": 45.14395661303869,
        "4,4": 0.0,
        "4,5": 31.348401048656232,
        "4,6": 10.717345465625007,
        "4,7": 6.074346466347293,
        "4,8": 29.401617165882517,
        "4,9": 64.36163640071709,
        "4,10": 34.00036822826121,
        "4,11": 7.080834055923818,
        "4,12": 53.522049538821676,
        "4,13": 55.80425084887187,
        "4,14": 49.83841903313286,
        "4,15": 22.80872020278794,
        "4,16": 45.53899323191327,
        "4,17": 46.82912041486106,
        "4,18": 47.26401941025226,
        "4,19": 39.79957401330528,
        "4,20": 14.149932800032124,
        "4,21": 64.67485752865959,
        "4,22": 50.458927679163686,
        "4,23": 44.73840772924165,
        "4,24": 27.437639457718245,
        "4,25": 46.859946555172336,
        "4,26": 44.320208995799284,
        "4,27": 64.29722758601912,
        "4,28": 10.013773750235849,
        "4,29": 44.80476174300385,
        "4,30": 54.92115668069974,
        "5,0": 51.25194138320597,
        "5,1": 39.94645772846975,
        "5,2": 43.27466080614971,
        "5,3": 59.09871128865315,
        "5,4": 31.348401048656232,
        "5,5": 0.0,
        "5,6": 20.757016097793624,
        "5,7": 26.495457585240334,
        "5,8": 41.22499581525877,
        "5,9": 37.747124224587246,
        "5,10": 37.48732807424139,
        "5,11": 38.28444835630529,
        "5,12": 26.21317186903252,
        "5,13": 38.71017289800752,
        "5,14": 40.99812304547004,
        "5,15": 39.66283974024564,
        "5,16": 14.285974611708918,
        "5,17": 41.259337522414555,
        "5,18": 68.51720481841068,
        "5,19": 8.471226355186674,
        "5,20": 32.52619910304484,
        "5,21": 83.31218170537888,
        "5,22": 20.528298895067053,
        "5,23": 43.178204479791454,
        "5,24": 30.618866435231702,
        "5,25": 42.77131862775093,
        "5,26": 24.906959831200826,
        "5,27": 57.58729924158809,
        "5,28": 31.71374422850982,
        "5,29": 22.000979096591262,
        "5,30": 37.121311773574476,
        "6,0": 68.49902864048488,
        "6,1": 51.276086049240796,
        "6,2": 23.044519869957835,
        "6,3": 49.31082704558424,
        "6,4": 10.717345465625007,
        "6,5": 20.757016097793624,
        "6,6": 0.0,
        "6,7": 5.9232590167387675,
        "6,8": 29.17397633195102,
        "6,9": 55.41176956934822,
        "6,10": 30.610573467063137,
        "6,11": 17.53953637393229,
        "6,12": 44.220084151923125,
        "6,13": 49.46850530200847,
        "6,14": 45.846985141898976,
        "6,15": 26.825650581075372,
        "6,16": 35.019050612731625,
        "6,17": 43.771800472896125,
        "6,18": 52.354146121011944,
        "6,19": 29.16780277175835,
        "6,20": 17.60721921770556,
        "6,21": 71.09782052055702,
        "6,22": 39.7695371801654,
        "6,23": 42.96275668019114,
        "6,24": 23.069426861183395,
        "6,25": 44.31664405725211,
        "6,26": 35.00441827796232,
        "6,27": 59.033005267418524,
        "6,28": 12.745737736813,
        "6,29": 34.903300290996114,
        "6,30": 46.337287111075305,
        "7,0": 74.29567489204085,
        "7,1": 56.47025969032418,
        "7,2": 18.43895672619844,
        "7,3": 49.49282636777297,
        "7,4": 6.074346466347293,
        "7,5": 26.495457585240334,
        "7,6": 5.9232590167387675,
        "7,7": 0.0,
        "7,8": 26.09636245558313,
        "7,9": 61.265625587701386,
        "7,10": 29.33231497890513,
        "7,11": 12.100817635729065,
        "7,12": 50.114811055985,
        "7,13": 54.60447958180096,
        "7,14": 50.063599684813376,
        "7,15": 26.85510771908471,
        "7,16": 40.780693728636344,
        "7,17": 47.57432701102595,
        "7,18": 47.27581357063109,
        "7,19": 34.832795459000714,
        "7,20": 17.630434387302415,
        "7,21": 69.97448968379214,
        "7,22": 44.91520211615598,
        "7,23": 46.17820849769257,
        "7,24": 22.311787139782027,
        "7,25": 47.89344514675298,
        "7,26": 38.24599225185952,
        "7,27": 59.11358468946261,
        "7,28": 7.620495645995088,
        "7,29": 38.77746112941756,
        "7,30": 48.896817829380005,
        "8,0": 92.46538923795713,
        "8,1": 78.91902786801545,
        "8,2": 36.42854041975683,
        "8,3": 74.47768637906705,
        "8,4": 29.401617165882517,
        "8,5": 41.22499581525877,
        "8,6": 29.17397633195102,
        "8,7": 26.09636245558313,
        "8,8": 0.0,
        "8,9": 78.95408573944755,
        "8,10": 9.702611551885981,
        "8,11": 29.23794096815934,
        "8,12": 67.4289687922048,
        "8,13": 77.29032331455382,
        "8,14": 74.90889210196129,
        "8,15": 52.20412520978181,
        "8,16": 53.29479227145718,
        "8,17": 72.94479306138739,
        "8,18": 28.42950989243389,
        "8,19": 47.14366942188436,
        "8,20": 43.31742417505622,
        "8,21": 92.67629443603153,
        "8,22": 51.20625392645922,
        "8,23": 72.01439091413586,
        "8,24": 11.515394023320312,
        "8,25": 73.4768505891948,
        "8,26": 35.12274971319914,
        "8,27": 38.61847646185836,
        "8,28": 19.401964032259148,
        "8,29": 38.694317380977424,
        "8,30": 39.95156417177148,
        "9,0": 13.51346538720778,
        "9,1": 19.903485808041463,
        "9,2": 73.89189160598463,
        "9,3": 69.16130096812053,
        "9,4": 64.36163640071709,
        "9,5": 37.747124224587246,
        "9,6": 55.41176956934822,
        "9,7": 61.265625587701386,
        "9,8": 78.95408573944755,
        "9,9": 0.0,
        "9,10": 74.54463307097441,
        "9,11": 71.33215867929964,
        "9,12": 11.537349519226359,
        "9,13": 21.111656542508264,
        "9,14": 34.120872588796075,
        "9,15": 60.20784760737116,
        "9,16": 27.277007334320835,
        "9,17": 38.49131641068171,
        "9,18": 106.12467625342,
        "9,19": 32.60235635556384,
        "9,20": 58.206394711386224,
        "9,21": 93.17675396278058,
        "9,22": 36.39332318709935,
        "9,23": 43.923901251593215,
        "9,24": 68.12442326574067,
        "9,25": 40.751512459330016,
        "9,26": 54.50366312470655,
        "9,27": 88.54753974416242,
        "9,28": 67.87915348680835,
        "9,29": 49.70863093880092,
        "9,30": 63.6639463814056,
        "10,0": 88.00826759136987,
        "10,1": 76.85855133249336,
        "10,2": 43.12716893940515,
        "10,3": 78.8172950023246,
        "10,4": 34.00036822826121,
        "10,5": 37.48732807424139,
        "10,6": 30.610573467063137,
        "10,7": 29.33231497890513,
        "10,8": 9.702611551885981,
        "10,9": 74.54463307097441,
        "10,10": 0.0,
        "10,11": 35.59759125748506,
        "10,12": 63.17128877835005,
        "10,13": 75.40948724298758,
        "10,14": 74.7314505513648,
        "10,15": 56.18729218596989,
        "10,16": 47.87668399265998,
        "10,17": 73.38556776118232,
        "10,18": 36.41230882567177,
        "10,19": 42.03657012276482,
        "10,20": 46.94732240894123,
        "10,21": 98.55946537528853,
        "10,22": 44.022347231014294,
        "10,23": 73.20243625028161,
        "10,24": 7.687227209071074,
        "10,25": 74.20389574027566,
        "10,26": 26.550133487670312,
        "10,27": 30.743867305835593,
        "10,28": 24.35087876941155,
        "10,29": 30.593276139216012,
        "10,30": 30.332772523890515,
        "11,0": 83.95408075029883,
        "11,1": 64.08454732290014,
        "11,2": 7.587838302335691,
        "11,3": 46.09013881347901,
        "11,4": 7.080834055923818,
        "11,5": 38.28444835630529,
        "11,6": 17.53953637393229,
        "11,7": 12.100817635729065,
        "11,8": 29.23794096815934,
        "11,9": 71.33215867929964,
        "11,10": 35.59759125748506,
        "11,11": 0.0,
        "11,12": 60.5587664925333,
        "11,13": 62.081531642658675,
        "11,14": 55.281242964906134,
        "11,15": 25.03268345854754,
        "11,16": 52.520135397495196,
        "11,17": 51.91421022642704,
        "11,18": 42.773549460529,
        "11,19": 46.706854345182435,
        "11,20": 17.943908587626986,
        "11,21": 63.44321698852951,
        "11,22": 57.01545877590043,
        "11,23": 49.26879317572739,
        "11,24": 30.036501474784966,
        "11,25": 51.712252632634055,
        "11,26": 49.50275551920775,
        "11,27": 66.33026388928498,
        "11,28": 11.667882871969189,
        "11,29": 50.45595123739199,
        "11,30": 59.4270032321533,
        "12,0": 25.03888669126721,
        "12,1": 21.242329423413373,
        "12,2": 63.610855924529844,
        "12,3": 63.71046215635404,
        "12,4": 53.522049538821676,
        "12,5": 26.21317186903252,
        "12,6": 44.220084151923125,
        "12,7": 50.114811055985,
        "12,8": 67.4289687922048,
        "12,9": 11.537349519226359,
        "12,10": 63.17128877835005,
        "12,11": 60.5587664925333,
        "12,12": 0.0,
        "12,13": 21.343260396269482,
        "12,14": 31.700204127653116,
        "12,15": 51.74525881346378,
        "12,16": 16.749433157658576,
        "12,17": 35.07694879265218,
        "12,18": 94.60278254389814,
        "12,19": 21.462388738776333,
        "12,20": 48.57519689478669,
        "12,21": 88.36718886065205,
        "12,22": 27.48140276941854,
        "12,23": 39.860365752275115,
        "12,24": 56.6509085046559,
        "12,25": 37.317269735127674,
        "12,26": 44.27467695492998,
        "12,27": 78.57876572980656,
        "12,28": 56.55487075450826,
        "12,29": 39.637549854042646,
        "12,30": 54.30305894819917,
        "13,0": 27.171234265082372,
        "13,1": 2.1220450847808325,
        "13,2": 62.60602922620896,
        "13,3": 49.48882786522865,
        "13,4": 55.80425084887187,
        "13,5": 38.71017289800752,
        "13,6": 49.46850530200847,
        "13,7": 54.60447958180096,
        "13,8": 77.29032331455382,
        "13,9": 21.111656542508264,
        "13,10": 75.40948724298758,
        "13,11": 62.081531642658675,
        "13,12": 21.343260396269482,
        "13,13": 0.0,
        "13,14": 13.432369659256437,
        "13,15": 44.993664475947895,
        "13,16": 35.61611934187927,
        "13,17": 18.215393765139023,
        "13,18": 101.80256553640226,
        "13,19": 38.06283069972263,
        "13,20": 45.84821429330076,
        "13,21": 72.78781513977204,
        "13,22": 47.5378799751967,
        "13,23": 23.861640145927517,
        "13,24": 68.03407850743598,
        "13,25": 20.37342186223491,
        "13,26": 61.754502122939,
        "13,27": 95.74726909264463,
        "13,28": 62.08897632560776,
        "13,29": 57.62977310501265,
        "13,30": 72.98964846187577,
        "14,0": 40.444331643958215,
        "14,1": 15.229200442657245,
        "14,2": 54.36317187713397,
        "14,3": 36.1907653341358,
        "14,4": 49.83841903313286,
        "14,5": 40.99812304547004,
        "14,6": 45.846985141898976,
        "14,7": 50.063599684813376,
        "14,8": 74.90889210196129,
        "14,9": 34.120872588796075,
        "14,10": 74.7314505513648,
        "14,11": 55.281242964906134,
        "14,12": 31.700204127653116,
        "14,13": 13.432369659256437,
        "14,14": 0.0,
        "14,15": 34.705395902891034,
        "14,16": 42.46874123678333,
        "14,17": 4.997911114092217,
        "14,18": 97.0124386055126,
        "14,19": 43.06633520739256,
        "14,20": 37.74478678139474,
        "14,21": 59.3600936407449,
        "14,22": 54.600006042905775,
        "14,23": 10.620904585664112,
        "14,24": 67.08054199509479,
        "14,25": 7.000960071367658,
        "14,26": 65.69824644195737,
        "14,27": 98.42531364597096,
        "14,28": 57.678681150146396,
        "14,29": 62.20844848510093,
        "14,30": 77.6671053038256,
        "15,0": 70.76356365204822,
        "15,1": 47.11567602589022,
        "15,2": 21.30588409682513,
        "15,3": 22.655876139719336,
        "15,4": 22.80872020278794,
        "15,5": 39.66283974024564,
        "15,6": 26.825650581075372,
        "15,7": 26.85510771908471,
        "15,8": 52.20412520978181,
        "15,9": 60.20784760737116,
        "15,10": 56.18729218596989,
        "15,11": 25.03268345854754,
        "15,12": 51.74525881346378,
        "15,13": 44.993664475947895,
        "15,14": 34.705395902891034,
        "15,15": 0.0,
        "15,16": 51.043195114020925,
        "15,17": 30.335842947169336,
        "15,18": 67.5857695360992,
        "15,19": 47.15122378919334,
        "15,20": 9.308382471641636,
        "15,21": 44.61374521665169,
        "15,22": 60.072567889732746,
        "15,23": 26.322440139969917,
        "15,24": 49.08183672558101,
        "15,25": 29.456022310533744,
        "15,26": 60.5941003437531,
        "15,27": 85.6723216517688,
        "15,28": 32.80332198279075,
        "15,29": 59.492765198185204,
        "15,30": 72.47763475812408,
        "16,0": 40.48002731911183,
        "16,1": 36.14257837552243,
        "16,2": 57.25482112688669,
        "16,3": 67.97009106124965,
        "16,4": 45.53899323191327,
        "16,5": 14.285974611708918,
        "16,6": 35.019050612731625,
        "16,7": 40.780693728636344,
        "16,8": 53.29479227145718,
        "16,9": 27.277007334320835,
        "16,10": 47.87668399265998,
        "16,11": 52.520135397495196,
        "16,12": 16.749433157658576,
        "16,13": 35.61611934187927,
        "16,14": 42.46874123678333,
        "16,15": 51.043195114020925,
        "16,16": 0.0,
        "16,17": 44.357812352306176,
        "16,18": 81.3351086832758,
        "16,19": 6.284009686747682,
        "16,20": 45.13296351331448,
        "16,21": 92.74834610073559,
        "16,22": 12.155092971693481,
        "16,23": 47.823867975507724,
        "16,24": 42.01177335130893,
        "16,25": 46.327655499835544,
        "16,26": 27.52601162838903,
        "16,27": 61.83271774275289,
        "16,28": 45.84161685182618,
        "16,29": 22.902155630831103,
        "16,30": 37.78456572160377,
        "17,0": 45.336777678949,
        "17,1": 20.095095130554952,
        "17,2": 50.50844871577833,
        "17,3": 31.284872428118927,
        "17,4": 46.82912041486106,
        "17,5": 41.259337522414555,
        "17,6": 43.771800472896125,
        "17,7": 47.57432701102595,
        "17,8": 72.94479306138739,
        "17,9": 38.49131641068171,
        "17,10": 73.38556776118232,
        "17,11": 51.91421022642704,
        "17,12": 35.07694879265218,
        "17,13": 18.215393765139023,
        "17,14": 4.997911114092217,
        "17,15": 30.335842947169336,
        "17,16": 44.357812352306176,
        "17,17": 0.0,
        "17,18": 94.0929937859319,
        "17,19": 44.270125965238016,
        "17,20": 34.12642283106429,
        "17,21": 54.73678429654738,
        "17,22": 56.36250048740435,
        "17,23": 5.660905662997834,
        "17,24": 65.70149548580498,
        "17,25": 2.275497016598122,
        "17,26": 66.15258414512593,
        "17,27": 98.17196603038545,
        "17,28": 55.13996730920169,
        "17,29": 62.94008026965692,
        "17,30": 78.29402659169062,
        "18,0": 119.56462863348888,
        "18,1": 103.62618823481759,
        "18,2": 46.78923942262024,
        "18,3": 86.97043247593282,
        "18,4": 47.26401941025226,
        "18,5": 68.51720481841068,
        "18,6": 52.354146121011944,
        "18,7": 47.27581357063109,
        "18,8": 28.42950989243389,
        "18,9": 106.12467625342,
        "18,10": 36.41230882567177,
        "18,11": 42.773549460529,
        "18,12": 94.60278254389814,
        "18,13": 101.80256553640226,
        "18,14": 97.0124386055126,
        "18,15": 67.5857695360992,
        "18,16": 81.3351086832758,
        "18,17": 94.0929937859319,
        "18,18": 0.0,
        "18,19": 75.1020059023351,
        "18,20": 60.62880277532821,
        "18,21": 99.22528113222182,
        "18,22": 79.63018532127298,
        "18,23": 91.85966814628175,
        "18,24": 39.941991246097324,
        "18,25": 94.10008711114976,
        "18,26": 62.94821380491178,
        "18,27": 54.8522663467771,
        "18,28": 39.724539932718166,
        "18,29": 66.84049420224326,
        "18,30": 65.59743614005188,
        "19,0": 46.00777922134656,
        "19,1": 38.89857401802427,
        "19,2": 51.74419381621645,
        "19,3": 65.41808881138883,
        "19,4": 39.79957401330528,
        "19,5": 8.471226355186674,
        "19,6": 29.16780277175835,
        "19,7": 34.832795459000714,
        "19,8": 47.14366942188436,
        "19,9": 32.60235635556384,
        "19,10": 42.03657012276482,
        "19,11": 46.706854345182435,
        "19,12": 21.462388738776333,
        "19,13": 38.06283069972263,
        "19,14": 43.06633520739256,
        "19,15": 47.15122378919334,
        "19,16": 6.284009686747682,
        "19,17": 44.270125965238016,
        "19,18": 75.1020059023351,
        "19,19": 0.0,
        "19,20": 40.54569007546538,
        "19,21": 89.9824637063184,
        "19,22": 13.155914152310288,
        "19,23": 47.09320506685362,
        "19,24": 35.94285310605086,
        "19,25": 46.06321631585758,
        "19,26": 23.727527473009022,
        "19,27": 57.93931771852566,
        "19,28": 39.6634755832256,
        "19,29": 19.584723432363397,
        "19,30": 35.01946142249612,
        "20,0": 69.85424041752134,
        "20,1": 47.93034354394169,
        "20,2": 16.79901094018802,
        "20,3": 31.9545599854949,
        "20,4": 14.149932800032124,
        "20,5": 32.52619910304484,
        "20,6": 17.60721921770556,
        "20,7": 17.630434387302415,
        "20,8": 43.31742417505622,
        "20,9": 58.206394711386224,
        "20,10": 46.94732240894123,
        "20,11": 17.943908587626986,
        "20,12": 48.57519689478669,
        "20,13": 45.84821429330076,
        "20,14": 37.74478678139474,
        "20,15": 9.308382471641636,
        "20,16": 45.13296351331448,
        "20,17": 34.12642283106429,
        "20,18": 60.62880277532821,
        "20,19": 40.54569007546538,
        "20,20": 0.0,
        "20,21": 53.54284237818001,
        "20,22": 53.04716331312167,
        "20,23": 31.32576114175577,
        "20,24": 39.790801218448415,
        "20,25": 33.823044278841216,
        "20,26": 51.91773325781747,
        "20,27": 76.36507418900969,
        "20,28": 23.958615233766288,
        "20,29": 51.14094916401343,
        "20,30": 63.62234587153225,
        "21,0": 99.51468286529848,
        "21,1": 74.51853553700404,
        "21,2": 56.3526858304556,
        "21,3": 24.86123007531629,
        "21,4": 64.67485752865959,
        "21,5": 83.31218170537888,
        "21,6": 71.09782052055702,
        "21,7": 69.97448968379214,
        "21,8": 92.67629443603153,
        "21,9": 93.17675396278058,
        "21,10": 98.55946537528853,
        "21,11": 63.44321698852951,
        "21,12": 88.36718886065205,
        "21,13": 72.78781513977204,
        "21,14": 59.3600936407449,
        "21,15": 44.61374521665169,
        "21,16": 92.74834610073559,
        "21,17": 54.73678429654738,
        "21,18": 99.22528113222182,
        "21,19": 89.9824637063184,
        "21,20": 53.54284237818001,
        "21,21": 0.0,
        "21,22": 103.13565127516615,
        "21,23": 49.25288447022872,
        "21,24": 92.10427696863343,
        "21,25": 52.50258209252085,
        "21,26": 105.19838371187285,
        "21,27": 128.9705252570017,
        "21,28": 74.21970208119085,
        "21,29": 103.96091337348392,
        "21,30": 117.08486071639443,
        "22,0": 48.59556852903273,
        "22,1": 47.93078945875613,
        "22,2": 62.80198894710611,
        "22,3": 78.56966852091043,
        "22,4": 50.458927679163686,
        "22,5": 20.528298895067053,
        "22,6": 39.7695371801654,
        "22,7": 44.91520211615598,
        "22,8": 51.20625392645922,
        "22,9": 36.39332318709935,
        "22,10": 44.022347231014294,
        "22,11": 57.01545877590043,
        "22,12": 27.48140276941854,
        "22,13": 47.5378799751967,
        "22,14": 54.600006042905775,
        "22,15": 60.072567889732746,
        "22,16": 12.155092971693481,
        "22,17": 56.36250048740435,
        "22,18": 79.63018532127298,
        "22,19": 13.155914152310288,
        "22,20": 53.04716331312167,
        "22,21": 103.13565127516615,
        "22,22": 0.0,
        "22,23": 59.61396275429999,
        "22,24": 39.71044951354915,
        "22,25": 58.2850697127915,
        "22,26": 19.313769030574804,
        "22,27": 52.38417366513045,
        "22,28": 48.33294274993852,
        "22,29": 14.422138960378346,
        "22,30": 27.275702361789723,
        "23,0": 50.99609201813989,
        "23,1": 25.753888801289232,
        "23,2": 47.15081582443054,
        "23,3": 25.62891014941316,
        "23,4": 44.73840772924165,
        "23,5": 43.178204479791454,
        "23,6": 42.96275668019114,
        "23,7": 46.17820849769257,
        "23,8": 72.01439091413586,
        "23,9": 43.923901251593215,
        "23,10": 73.20243625028161,
        "23,11": 49.26879317572739,
        "23,12": 39.860365752275115,
        "23,13": 23.861640145927517,
        "23,14": 10.620904585664112,
        "23,15": 26.322440139969917,
        "23,16": 47.823867975507724,
        "23,17": 5.660905662997834,
        "23,18": 91.85966814628175,
        "23,19": 47.09320506685362,
        "23,20": 31.32576114175577,
        "23,21": 49.25288447022872,
        "23,22": 59.61396275429999,
        "23,23": 0.0,
        "23,24": 65.52598766750279,
        "23,25": 3.707598721894405,
        "23,26": 68.02912906509731,
        "23,27": 99.14140727087592,
        "23,28": 53.600762990308496,
        "23,29": 65.12638134122983,
        "23,30": 80.28923556488337,
        "24,0": 81.63136260755869,
        "24,1": 69.53053476716747,
        "24,2": 37.622302323153555,
        "24,3": 71.7377085540712,
        "24,4": 27.437639457718245,
        "24,5": 30.618866435231702,
        "24,6": 23.069426861183395,
        "24,7": 22.311787139782027,
        "24,8": 11.515394023320312,
        "24,9": 68.12442326574067,
        "24,10": 7.687227209071074,
        "24,11": 30.036501474784966,
        "24,12": 56.6509085046559,
        "24,13": 68.03407850743598,
        "24,14": 67.08054199509479,
        "24,15": 49.08183672558101,
        "24,16": 42.01177335130893,
        "24,17": 65.70149548580498,
        "24,18": 39.941991246097324,
        "24,19": 35.94285310605086,
        "24,20": 39.790801218448415,
        "24,21": 92.10427696863343,
        "24,22": 39.71044951354915,
        "24,23": 65.52598766750279,
        "24,24": 0.0,
        "24,25": 66.51668041503535,
        "24,26": 24.38118690919638,
        "24,27": 36.86857148666196,
        "24,28": 18.402045273360446,
        "24,29": 27.54583682041943,
        "24,30": 31.199642953640772,
        "25,0": 47.44157633324881,
        "25,1": 22.2138594330144,
        "25,2": 49.97972474564742,
        "25,3": 29.189883969862795,
        "25,4": 46.859946555172336,
        "25,5": 42.77131862775093,
        "25,6": 44.31664405725211,
        "25,7": 47.89344514675298,
        "25,8": 73.4768505891948,
        "25,9": 40.751512459330016,
        "25,10": 74.20389574027566,
        "25,11": 51.712252632634055,
        "25,12": 37.317269735127674,
        "25,13": 20.37342186223491,
        "25,14": 7.000960071367658,
        "25,15": 29.456022310533744,
        "25,16": 46.327655499835544,
        "25,17": 2.275497016598122,
        "25,18": 94.10008711114976,
        "25,19": 46.06321631585758,
        "25,20": 33.823044278841216,
        "25,21": 52.50258209252085,
        "25,22": 58.2850697127915,
        "25,23": 3.707598721894405,
        "25,24": 66.51668041503535,
        "25,25": 0.0,
        "25,26": 67.67825979277377,
        "25,27": 99.41483542751789,
        "25,28": 55.41170646156577,
        "25,29": 64.56028243262571,
        "25,30": 79.86399443364299,
        "26,0": 67.29050101999763,
        "26,1": 62.623341770268325,
        "26,2": 56.54536643372214,
        "26,3": 81.96422518869986,
        "26,4": 44.320208995799284,
        "26,5": 24.906959831200826,
        "26,6": 35.00441827796232,
        "26,7": 38.24599225185952,
        "26,8": 35.12274971319914,
        "26,9": 54.50366312470655,
        "26,10": 26.550133487670312,
        "26,11": 49.50275551920775,
        "26,12": 44.27467695492998,
        "26,13": 61.754502122939,
        "26,14": 65.69824644195737,
        "26,15": 60.5941003437531,
        "26,16": 27.52601162838903,
        "26,17": 66.15258414512593,
        "26,18": 62.94821380491178,
        "26,19": 23.727527473009022,
        "26,20": 51.91773325781747,
        "26,21": 105.19838371187285,
        "26,22": 19.313769030574804,
        "26,23": 68.02912906509731,
        "26,24": 24.38118690919638,
        "26,25": 67.67825979277377,
        "26,26": 0.0,
        "26,27": 34.33674670004378,
        "26,28": 38.62013001285707,
        "26,29": 4.9118910507931455,
        "26,30": 12.31680979339973,
        "27,0": 100.97889626358923,
        "27,1": 96.72545604699884,
        "27,2": 73.86954551342733,
        "27,3": 108.28559280105364,
        "27,4": 64.29722758601912,
        "27,5": 57.58729924158809,
        "27,6": 59.033005267418524,
        "27,7": 59.11358468946261,
        "27,8": 38.61847646185836,
        "27,9": 88.54753974416242,
        "27,10": 30.743867305835593,
        "27,11": 66.33026388928498,
        "27,12": 78.57876572980656,
        "27,13": 95.74726909264463,
        "27,14": 98.42531364597096,
        "27,15": 85.6723216517688,
        "27,16": 61.83271774275289,
        "27,17": 98.17196603038545,
        "27,18": 54.8522663467771,
        "27,19": 57.93931771852566,
        "27,20": 76.36507418900969,
        "27,21": 128.9705252570017,
        "27,22": 52.38417366513045,
        "27,23": 99.14140727087592,
        "27,24": 36.86857148666196,
        "27,25": 99.41483542751789,
        "27,26": 34.33674670004378,
        "27,27": 0.0,
        "27,28": 54.957026234177484,
        "27,29": 38.94827219949944,
        "27,30": 25.52017349558346,
        "28,0": 81.07592021571864,
        "28,1": 63.92854556596761,
        "28,2": 19.23904931851991,
        "28,3": 55.14972647823484,
        "28,4": 10.013773750235849,
        "28,5": 31.71374422850982,
        "28,6": 12.745737736813,
        "28,7": 7.620495645995088,
        "28,8": 19.401964032259148,
        "28,9": 67.87915348680835,
        "28,10": 24.35087876941155,
        "28,11": 11.667882871969189,
        "28,12": 56.55487075450826,
        "28,13": 62.08897632560776,
        "28,14": 57.678681150146396,
        "28,15": 32.80332198279075,
        "28,16": 45.84161685182618,
        "28,17": 55.13996730920169,
        "28,18": 39.724539932718166,
        "28,19": 39.6634755832256,
        "28,20": 23.958615233766288,
        "28,21": 74.21970208119085,
        "28,22": 48.33294274993852,
        "28,23": 53.600762990308496,
        "28,24": 18.402045273360446,
        "28,25": 55.41170646156577,
        "28,26": 38.62013001285707,
        "28,27": 54.957026234177484,
        "28,28": 0.0,
        "28,29": 40.087081403024406,
        "28,30": 48.01755633331441,
        "29,0": 62.427784571696975,
        "29,1": 58.41403131107595,
        "29,2": 57.21312318326072,
        "29,3": 80.3063298563621,
        "29,4": 44.80476174300385,
        "29,5": 22.000979096591262,
        "29,6": 34.903300290996114,
        "29,7": 38.77746112941756,
        "29,8": 38.694317380977424,
        "29,9": 49.70863093880092,
        "29,10": 30.593276139216012,
        "29,11": 50.45595123739199,
        "29,12": 39.637549854042646,
        "29,13": 57.62977310501265,
        "29,14": 62.20844848510093,
        "29,15": 59.492765198185204,
        "29,16": 22.902155630831103,
        "29,17": 62.94008026965692,
        "29,18": 66.84049420224326,
        "29,19": 19.584723432363397,
        "29,20": 51.14094916401343,
        "29,21": 103.96091337348392,
        "29,22": 14.422138960378346,
        "29,23": 65.12638134122983,
        "29,24": 27.54583682041943,
        "29,25": 64.56028243262571,
        "29,26": 4.9118910507931455,
        "29,27": 38.94827219949944,
        "29,28": 40.087081403024406,
        "29,29": 0.0,
        "29,30": 15.486598210912287,
        "30,0": 75.76043326725808,
        "30,1": 73.70665000457882,
        "30,2": 66.76265769471665,
        "30,3": 94.09864411821083,
        "30,4": 54.92115668069974,
        "30,5": 37.121311773574476,
        "30,6": 46.337287111075305,
        "30,7": 48.896817829380005,
        "30,8": 39.95156417177148,
        "30,9": 63.6639463814056,
        "30,10": 30.332772523890515,
        "30,11": 59.4270032321533,
        "30,12": 54.30305894819917,
        "30,13": 72.98964846187577,
        "30,14": 77.6671053038256,
        "30,15": 72.47763475812408,
        "30,16": 37.78456572160377,
        "30,17": 78.29402659169062,
        "30,18": 65.59743614005188,
        "30,19": 35.01946142249612,
        "30,20": 63.62234587153225,
        "30,21": 117.08486071639443,
        "30,22": 27.275702361789723,
        "30,23": 80.28923556488337,
        "30,24": 31.199642953640772,
        "30,25": 79.86399443364299,
        "30,26": 12.31680979339973,
        "30,27": 25.52017349558346,
        "30,28": 48.01755633331441,
        "30,29": 15.486598210912287,
        "30,30": 0.0
    }
}