{
    "num_robots": 3,
    "num_tasks": 50,
    "num_nodes": 51,
    "robot_capacity": [
        219,
        231,
        184
    ],
    "robot_speed": [
        1.15,
        1.07,
        1.02
    ],
    "task_demand": {
        "0": 0,
        "1": 15,
        "2": 9,
        "3": 13,
        "4": 11,
        "5": 14,
        "6": 9,
        "7": 7,
        "8": 10,
        "9": 9,
        "10": 11,
        "11": 11,
        "12": 5,
        "13": 14,
        "14": 6,
        "15": 12,
        "16": 14,
        "17": 11,
        "18": 13,
        "19": 9,
        "20": 8,
        "21": 9,
        "22": 15,
        "23": 12,
        "24": 8,
        "25": 8,
        "26": 5,
        "27": 6,
        "28": 14,
        "29": 15,
        "30": 12,
        "31": 5,
        "32": 6,
        "33": 10,
        "34": 10,
        "35": 8,
        "36": 13,
        "37": 14,
        "38": 10,
        "39": 7,
        "40": 9,
        "41": 14,
        "42": 13,
        "43": 6,
        "44": 13,
        "45": 14,
        "46": 5,
        "47": 12,
        "48": 5,
        "49": 12,
        "50": 9
    },
    "task_service_time": {
        "0": 0,
        "1": 35,
        "2": 76,
        "3": 59,
        "4": 81,
        "5": 57,
        "6": 99,
        "7": 80,
        "8": 93,
        "9": 34,
        "10": 60,
        "11": 94,
        "12": 21,
        "13": 72,
        "14": 40,
        "15": 78,
        "16": 90,
        "17": 43,
        "18": 48,
        "19": 88,
        "20": 57,
        "21": 65,
        "22": 73,
        "23": 51,
        "24": 45,
        "25": 80,
        "26": 48,
        "27": 80,
        "28": 100,
        "29": 19,
        "30": 44,
        "31": 77,
        "32": 19,
        "33": 93,
        "34": 99,
        "35": 80,
        "36": 80,
        "37": 60,
        "38": 31,
        "39": 86,
        "40": 32,
        "41": 15,
        "42": 77,
        "43": 30,
        "44": 21,
        "45": 37,
        "46": 29,
        "47": 63,
        "48": 18,
        "49": 32,
        "50": 16
    },
    "task_precedence": [],
    "coordinates": {
        "0": [
            50.0,
            50.0
        ],
        "1": [
            12.516097265792991,
            57.371731316982164
        ],
        "2": [
            78.15138220669672,
            52.33101405463396
        ],
        "3": [
            55.59637523826596,
            61.6088868742933
        ],
        "4": [
            15.108124593415095,
            66.50215841196565
        ],
        "5": [
            45.25054044608387,
            41.76537104789164
        ],
        "6": [
            79.45134710161406,
            12.840221109591532
        ],
        "7": [
            23.799526607463996,
            29.37268175701452
        ],
        "8": [
            7.3138032470353,
            78.89919891538754
        ],
        "9": [
            80.07683589986634,
            59.065099234854245
        ],
        "10": [
            39.63222026906313,
            53.29428265059756
        ],
        "11": [
            50.773816297652964,
            25.98868822723235
        ],
        "12": [
            86.67959247255803,
            48.49059546893826
        ],
        "13": [
            95.16384073224735,
            42.6452566768556
        ],
        "14": [
            48.39795666225702,
            92.63583709824121
        ],
        "15": [
            32.465317816625515,
            64.61701342090898
        ],
        "16": [
            55.41130035804699,
            89.23443102281256
        ],
        "17": [
            1.2771322904584381,
            25.898234472915092
        ],
        "18": [
            28.694921949267847,
            34.224884697010026
        ],
        "19": [
            26.062886872937142,
            89.53566167314443
        ],
        "20": [
            48.86370884298413,
            33.93408945864924
        ],
        "21": [
            34.549238469301855,
            70.97756293928711
        ],
        "22": [
            25.059661938832523,
            60.46912447695277
        ],
        "23": [
            92.85587396953393,
            32.0059288894747
        ],
        "24": [
            28.33241609895094,
            54.81553849890225
        ],
        "25": [
            96.48824442516857,
            49.30946096464485
        ],
        "26": [
            31.007331491874968,
            43.19921515664792
        ],
        "27": [
            70.30989319214439,
            37.86521899650571
        ],
        "28": [
            43.235578871862565,
            27.050304545030635
        ],
        "29": [
            16.674717704988005,
            2.032098518865255
        ],
        "30": [
            36.08179308224951,
            7.995892981502117
        ],
        "31": [
            75.2166879864151,
            9.242494443624539
        ],
        "32": [
            4.258571193026494,
            53.76157040894949
        ],
        "33": [
            8.230613741626858,
            14.896194370776971
        ],
        "34": [
            97.01508182712502,
            53.1542378439753
        ],
        "35": [
            17.00789841229654,
            75.96582982377332
        ],
        "36": [
            87.31623176446851,
            35.28569340015396
        ],
        "37": [
            46.53523177214388,
            31.636589771558675
        ],
        "38": [
            65.1607118332387,
            76.5553462238018
        ],
        "39": [
            24.31731661862335,
            78.93013624410287
        ],
        "40": [
            61.110490430006834,
            86.77617578360783
        ],
        "41": [
            87.52725756595927,
            33.29114601570337
        ],
        "42": [
            89.57728537449981,
            72.68640602186579
        ],
        "43": [
            48.6805312867468,
            37.61479342899475
        ],
        "44": [
            36.93774886298712,
            78.51621591423911
        ],
        "45": [
            9.751822493375329,
            62.574832463372985
        ],
        "46": [
            52.381531523389015,
            99.14881728030032
        ],
        "47": [
            55.68695901320806,
            21.11449040527663
        ],
        "48": [
            97.26674630526637,
            24.300516763943325
        ],
        "49": [
            77.69309703862304,
            7.680432299721229
        ],
        "50": [
            68.88188903518454,
            58.941412060850574
        ]
    },
    "distance_matrix_str_keys": {
        "0,0": 0.0,
        "0,1": 38.2019029211539,
        "0,2": 28.24772462819655,
        "0,3": 12.887422949046703,
        "0,4": 38.59746366851393,
        "0,5": 9.506128551265569,
        "0,6": 47.41551447874206,
        "0,7": 33.34593024478983,
        "0,8": 51.54876420617618,
        "0,9": 31.413246917267937,
        "0,10": 10.878564001340132,
        "0,11": 24.023777486306432,
        "0,12": 36.71063614255854,
        "0,13": 45.75876701832275,
        "0,14": 42.6659249041172,
        "0,15": 22.828100241127903,
        "0,16": 39.60584236257116,
        "0,17": 54.35819109724004,
        "0,18": 26.50963246766008,
        "0,19": 46.217463461240996,
        "0,20": 16.106043558745206,
        "0,21": 26.05348688276204,
        "0,22": 27.048531012224135,
        "0,23": 46.48023804611178,
        "0,24": 22.196252006665677,
        "0,25": 46.493372795416406,
        "0,26": 20.173550295996282,
        "0,27": 23.65892371768164,
        "0,28": 23.92584198465403,
        "0,29": 58.40799613534168,
        "0,30": 44.249988590131196,
        "0,31": 47.927608037353465,
        "0,32": 45.89583555449132,
        "0,33": 54.56151389079524,
        "0,34": 47.120771805941665,
        "0,35": 41.984557704119034,
        "0,36": 40.112491468541336,
        "0,37": 18.687414323302853,
        "0,38": 30.578319057078474,
        "0,39": 38.68530740178233,
        "0,40": 38.417835738912935,
        "0,41": 41.07895887057501,
        "0,42": 45.618357443068305,
        "0,43": 12.455293633300085,
        "0,44": 31.365538012823855,
        "0,45": 42.16683772927094,
        "0,46": 49.20648262626829,
        "0,47": 29.4400096359489,
        "0,48": 53.80156823817285,
        "0,49": 50.57522549558301,
        "0,50": 20.89197413311979,
        "1,0": 38.2019029211539,
        "1,1": 0.0,
        "1,2": 65.82856112503569,
        "1,3": 43.28814892557075,
        "1,4": 9.491222503131429,
        "1,5": 36.264338559697165,
        "1,6": 80.39516821261537,
        "1,7": 30.187125632792643,
        "1,8": 22.147138060209848,
        "1,9": 67.58195690927312,
        "1,10": 27.42097216284422,
        "1,11": 49.4828097332178,
        "1,12": 74.69336379649313,
        "1,13": 83.94950003081102,
        "1,14": 50.30969081896093,
        "1,15": 21.224172854347955,
        "1,16": 53.43435300319113,
        "1,17": 33.41998410098809,
        "1,18": 28.24058916855544,
        "1,19": 34.900342757862504,
        "1,20": 43.2489528572177,
        "1,21": 25.895520180685175,
        "1,22": 12.920327360177762,
        "1,23": 84.24905728611031,
        "1,24": 16.021549961077742,
        "1,25": 84.35829361592141,
        "1,26": 23.297767221748117,
        "1,27": 60.99694148468143,
        "1,28": 43.16335797447258,
        "1,29": 55.495667237971894,
        "1,30": 54.71120023034788,
        "1,31": 79.04294730541574,
        "1,32": 9.01221385810977,
        "1,33": 42.691177167001875,
        "1,34": 84.60417036465213,
        "1,35": 19.12895127339666,
        "1,36": 77.99264831946356,
        "1,37": 42.65675823271356,
        "1,38": 56.030942557198415,
        "1,39": 24.577095052412524,
        "1,40": 56.79820773042989,
        "1,41": 78.78165242002358,
        "1,42": 78.56822496430665,
        "1,43": 41.20925724598435,
        "1,44": 32.303348055865214,
        "1,45": 5.891814368850923,
        "1,46": 57.74580296552457,
        "1,47": 56.37650949237527,
        "1,48": 90.9745994474563,
        "1,49": 81.95893177323826,
        "1,50": 56.38764385419983,
        "2,0": 28.24772462819655,
        "2,1": 65.82856112503569,
        "2,2": 0.0,
        "2,3": 24.388670800265718,
        "2,4": 64.61635754892816,
        "2,5": 34.555726019037856,
        "2,6": 39.51218338887678,
        "2,7": 59.00177310020236,
        "2,8": 75.65600465040065,
        "2,9": 7.003947111379622,
        "2,10": 38.53120453302245,
        "2,11": 37.992752533885,
        "2,12": 9.353030805685348,
        "2,13": 19.57645629486522,
        "2,14": 50.097356139870406,
        "2,15": 47.30921960761816,
        "2,16": 43.34712800648437,
        "2,17": 81.29171013455182,
        "2,18": 52.66662492992742,
        "2,19": 64.01091430805086,
        "2,20": 34.58633611196577,
        "2,21": 47.421943484047574,
        "2,22": 53.7118199491229,
        "2,23": 25.086473745313913,
        "2,24": 49.88088056318662,
        "2,25": 18.584141064220404,
        "2,26": 48.0203214161978,
        "2,27": 16.454427265301966,
        "2,28": 43.10716408934557,
        "2,29": 79.43148734809166,
        "2,30": 61.11835476899772,
        "2,31": 43.18834278407656,
        "2,32": 73.90665741991621,
        "2,33": 79.31128285123621,
        "2,34": 18.88165407947842,
        "2,35": 65.55249901382278,
        "2,36": 19.352969375024397,
        "2,37": 37.78677235102533,
        "2,38": 27.487738826502632,
        "2,39": 60.04681439503084,
        "2,40": 38.42995132809854,
        "2,41": 21.223185757381415,
        "2,42": 23.34294851426569,
        "2,43": 32.940828821515744,
        "2,44": 48.8285610049897,
        "2,45": 69.16238561940617,
        "2,46": 53.441481108939996,
        "2,47": 38.45935072472021,
        "2,48": 33.9279519420831,
        "2,49": 44.65293356933475,
        "2,50": 11.385115961522022,
        "3,0": 12.887422949046703,
        "3,1": 43.28814892557075,
        "3,2": 24.388670800265718,
        "3,3": 0.0,
        "3,4": 40.78287075012818,
        "3,5": 22.378592848965695,
        "3,6": 54.29035313083093,
        "3,7": 45.2792723352905,
        "3,8": 51.28510162383204,
        "3,9": 24.612269496304613,
        "3,10": 17.99963575402076,
        "3,11": 35.94517528670251,
        "3,12": 33.73804918826818,
        "3,13": 43.87714206602999,
        "3,14": 31.851041901243544,
        "3,15": 23.325836378652784,
        "3,16": 27.626164087927133,
        "3,17": 65.00639083470945,
        "3,18": 38.38713019106277,
        "3,19": 40.64642279082822,
        "3,20": 28.48198042248987,
        "3,21": 23.038100125276582,
        "3,22": 30.557976331134665,
        "3,23": 47.587869958176256,
        "3,24": 28.09756306336312,
        "3,25": 42.70153209553126,
        "3,26": 30.717048769590516,
        "3,27": 27.932944257091567,
        "3,28": 36.70265520940027,
        "3,29": 71.16381900857513,
        "3,30": 57.054114933739704,
        "3,31": 55.92133518200353,
        "3,32": 51.934097661311704,
        "3,33": 66.52511558114401,
        "3,34": 42.272808585660044,
        "3,35": 41.17271371434003,
        "3,36": 41.219653233862196,
        "3,37": 31.312025078685682,
        "3,38": 17.744666285631997,
        "3,39": 35.754792515999405,
        "3,40": 25.764275603880144,
        "3,41": 42.67874990623847,
        "3,42": 35.740924500516705,
        "3,43": 24.970891410269733,
        "3,44": 25.179398592445498,
        "3,45": 45.85472786158612,
        "3,46": 37.67733529589021,
        "3,47": 40.494497784392784,
        "3,48": 55.93151441854904,
        "3,49": 58.27987068554682,
        "3,50": 13.55065676373161,
        "4,0": 38.59746366851393,
        "4,1": 9.491222503131429,
        "4,2": 64.61635754892816,
        "4,3": 40.78287075012818,
        "4,4": 0.0,
        "4,5": 38.993254320851825,
        "4,6": 83.78337423250231,
        "4,7": 38.13316805145325,
        "4,8": 14.643703715048138,
        "4,9": 65.39299119955335,
        "4,10": 27.854609148865716,
        "4,11": 53.975761515248834,
        "4,12": 73.80305829724013,
        "4,13": 83.53483971912547,
        "4,14": 42.32235911252101,
        "4,15": 17.459264824876442,
        "4,16": 46.27204550015777,
        "4,17": 42.89492962265644,
        "4,18": 35.02032925115315,
        "4,19": 25.505863817631674,
        "4,20": 46.905421684254435,
        "4,21": 19.949590332093692,
        "4,22": 11.637465101913508,
        "4,23": 85.0570537011491,
        "4,24": 17.648200214633718,
        "4,25": 83.17639538562408,
        "4,26": 28.210139034761816,
        "4,27": 62.187696174664474,
        "4,28": 48.45206350326215,
        "4,29": 64.4890908340099,
        "4,30": 62.152054386797055,
        "4,31": 83.0163147275139,
        "4,32": 16.7342580250958,
        "4,33": 52.0622289201771,
        "4,34": 82.98744860986007,
        "4,35": 9.652472074736767,
        "4,36": 78.66688267028253,
        "4,37": 46.93901300882068,
        "4,38": 51.052209301657086,
        "4,39": 15.46815602304468,
        "4,40": 50.2717957004648,
        "4,41": 79.67121289951423,
        "4,42": 74.7255031829134,
        "4,43": 44.28979958005947,
        "4,44": 24.917264565329422,
        "4,45": 6.641826653367257,
        "4,46": 49.54907869408716,
        "4,47": 60.88252795305396,
        "4,48": 92.36350837521913,
        "4,49": 85.88873173351283,
        "4,50": 54.30269447849533,
        "5,0": 9.506128551265569,
        "5,1": 36.264338559697165,
        "5,2": 34.555726019037856,
        "5,3": 22.378592848965695,
        "5,4": 38.993254320851825,
        "5,5": 0.0,
        "5,6": 44.792404209219455,
        "5,7": 24.77346852107879,
        "5,8": 53.085941655041694,
        "5,9": 38.88639158339249,
        "5,10": 12.825027265254661,
        "5,11": 16.715570494488436,
        "5,12": 41.97135922656955,
        "5,13": 49.921055118825215,
        "5,14": 50.96774023848416,
        "5,15": 26.185100282968083,
        "5,16": 48.54433743384697,
        "5,17": 46.74854701389321,
        "5,18": 18.191960812951105,
        "5,19": 51.47976996902963,
        "5,20": 8.624613451880949,
        "5,21": 31.110609429871182,
        "5,22": 27.52275362731172,
        "5,23": 48.59541635918355,
        "5,24": 21.36655802707747,
        "5,25": 51.79011104178452,
        "5,26": 14.315198574992651,
        "5,27": 25.36103992496011,
        "5,28": 14.852382042258759,
        "5,29": 48.941910375427874,
        "5,30": 34.99205019855485,
        "5,31": 44.223381836142785,
        "5,32": 42.71124374627653,
        "5,33": 45.74306098753528,
        "5,34": 53.00258513778793,
        "5,35": 44.35446098792581,
        "5,36": 42.561821019691024,
        "5,37": 10.209928596569473,
        "5,38": 40.0843772236307,
        "5,39": 42.65465545400729,
        "5,40": 47.72327059673623,
        "5,41": 43.117668076209,
        "5,42": 54.046005586079914,
        "5,43": 5.384434207743593,
        "5,44": 37.67926621225979,
        "5,45": 41.14842233535033,
        "5,46": 57.824829746851336,
        "5,47": 23.138230352033105,
        "5,48": 54.86990802930509,
        "5,49": 47.05637605815641,
        "5,50": 29.213986736124152,
        "6,0": 47.41551447874206,
        "6,1": 80.39516821261537,
        "6,2": 39.51218338887678,
        "6,3": 54.29035313083093,
        "6,4": 83.78337423250231,
        "6,5": 44.792404209219455,
        "6,6": 0.0,
        "6,7": 58.05555425083539,
        "6,8": 97.81417986221591,
        "6,9": 46.229109811158274,
        "6,10": 56.76349140838925,
        "6,11": 31.54810549867962,
        "6,12": 36.375771099787556,
        "6,13": 33.69306458692305,
        "6,14": 85.62507453303147,
        "6,15": 69.91797458464526,
        "6,16": 80.08744692957923,
        "6,17": 79.25729981735083,
        "6,18": 55.07738674803649,
        "6,19": 93.44794427287574,
        "6,20": 37.15581914274237,
        "6,21": 73.45849082747914,
        "6,22": 72.29777210139041,
        "6,23": 23.388152882531358,
        "6,24": 66.14432989144575,
        "6,25": 40.25246981265557,
        "6,26": 57.17071949823485,
        "6,27": 26.642385381549783,
        "6,28": 38.9038345116933,
        "6,29": 63.70024106969692,
        "6,30": 43.639268220848734,
        "6,31": 5.556615425323915,
        "6,32": 85.60671922997126,
        "6,33": 71.25040271033635,
        "6,34": 43.97390956883745,
        "6,35": 88.79204220960014,
        "6,36": 23.78351607955411,
        "6,37": 37.904803432540874,
        "6,38": 65.29808132474646,
        "6,39": 86.0676373545031,
        "6,40": 76.17684961329546,
        "6,41": 21.98773884108018,
        "6,42": 60.696791302839195,
        "6,43": 39.504715408692995,
        "6,44": 78.23517322007717,
        "6,45": 85.62450173359355,
        "6,46": 90.4541247727134,
        "6,47": 25.16365779440442,
        "6,48": 21.183173163401413,
        "6,49": 5.451134179826317,
        "6,50": 47.29728587289614,
        "7,0": 33.34593024478983,
        "7,1": 30.187125632792643,
        "7,2": 59.00177310020236,
        "7,3": 45.2792723352905,
        "7,4": 38.13316805145325,
        "7,5": 24.77346852107879,
        "7,6": 58.05555425083539,
        "7,7": 0.0,
        "7,8": 52.19822771469547,
        "7,9": 63.62998661693272,
        "7,10": 28.686533040678068,
        "7,11": 27.185726337544164,
        "7,12": 65.72212190651733,
        "7,13": 72.58806083305676,
        "7,14": 67.87716541583572,
        "7,15": 36.29406083252981,
        "7,16": 67.69588809388145,
        "7,17": 22.78881369665104,
        "7,18": 6.892660511258036,
        "7,19": 60.20553921426146,
        "7,20": 25.475864486919686,
        "7,21": 42.971181544187935,
        "7,22": 31.121964765865346,
        "7,23": 69.10653443381076,
        "7,24": 25.843491372689076,
        "7,25": 75.37323704840918,
        "7,26": 15.592481428653894,
        "7,27": 47.27935478203461,
        "7,28": 19.574308762742422,
        "7,29": 28.253679294898383,
        "7,30": 24.654029449777845,
        "7,31": 55.21728828493181,
        "7,32": 31.251669206388264,
        "7,33": 21.25934464812883,
        "7,34": 76.98103621048818,
        "7,35": 47.08553557423238,
        "7,36": 63.791343775576216,
        "7,37": 22.848141474386242,
        "7,38": 62.74513104190854,
        "7,39": 49.56015941999672,
        "7,40": 68.46363376149584,
        "7,41": 63.848085760381096,
        "7,42": 78.75780760093517,
        "7,43": 26.2106237747957,
        "7,44": 50.86943909163756,
        "7,45": 36.05164077271274,
        "7,46": 75.40318357720653,
        "7,47": 32.93943032040499,
        "7,48": 73.64210227744789,
        "7,49": 58.095357993007845,
        "7,50": 53.914091050905625,
        "8,0": 51.54876420617618,
        "8,1": 22.147138060209848,
        "8,2": 75.65600465040065,
        "8,3": 51.28510162383204,
        "8,4": 14.643703715048138,
        "8,5": 53.085941655041694,
        "8,6": 97.81417986221591,
        "8,7": 52.19822771469547,
        "8,8": 0.0,
        "8,9": 75.41783894394143,
        "8,10": 41.23216967049642,
        "8,11": 68.47112439299681,
        "8,12": 84.99183291913116,
        "8,13": 95.0367161363858,
        "8,14": 43.319774819499095,
        "8,15": 28.92368419899171,
        "8,16": 49.195388514149634,
        "8,17": 53.34363718448722,
        "8,18": 49.52723077097372,
        "8,19": 21.55603110055768,
        "8,20": 61.22299995499009,
        "8,21": 28.36408377304168,
        "8,22": 25.58482254219251,
        "8,23": 97.55216367265328,
        "8,24": 31.96568136729286,
        "8,25": 93.95548707460344,
        "8,26": 42.847078325870584,
        "8,27": 75.18174549952583,
        "8,28": 63.076792970702485,
        "8,29": 77.43499107547017,
        "8,30": 76.5171616796725,
        "8,31": 97.27722361270405,
        "8,32": 25.32261459311676,
        "8,33": 64.00957062987092,
        "8,34": 93.32267891285267,
        "8,35": 10.12818519285558,
        "8,36": 91.11820033349167,
        "8,37": 61.41721809584457,
        "8,38": 57.894373460815906,
        "8,39": 17.003541516286592,
        "8,40": 54.37030730504446,
        "8,41": 92.27292529813117,
        "8,42": 82.49775322560892,
        "8,43": 58.44320597876499,
        "8,44": 29.626421144580387,
        "8,45": 16.5054196525015,
        "8,46": 49.40796672517363,
        "8,47": 75.35937059435209,
        "8,48": 105.22617572406494,
        "8,49": 100.1267082893439,
        "8,50": 64.722039860839,
        "9,0": 31.413246917267937,
        "9,1": 67.58195690927312,
        "9,2": 7.003947111379622,
        "9,3": 24.612269496304613,
        "9,4": 65.39299119955335,
        "9,5": 38.88639158339249,
        "9,6": 46.229109811158274,
        "9,7": 63.62998661693272,
        "9,8": 75.41783894394143,
        "9,9": 0.0,
        "9,10": 40.85424405826821,
        "9,11": 44.189545403328516,
        "9,12": 12.46661639153121,
        "9,13": 22.298630999273282,
        "9,14": 46.15783606759829,
        "9,15": 47.93412568640513,
        "9,16": 38.968926391378375,
        "9,17": 85.49522914798985,
        "9,18": 57.071335532934874,
        "9,19": 62.015819472046374,
        "9,20": 40.072770718291785,
        "9,21": 47.06026901016369,
        "9,22": 55.03508624086191,
        "9,23": 29.924948016099897,
        "9,24": 51.91862620468602,
        "9,25": 19.092061382772084,
        "9,26": 51.570752761899506,
        "9,27": 23.341552904128804,
        "9,28": 48.80804542731654,
        "9,29": 85.27949203804701,
        "9,30": 67.40643604190447,
        "9,31": 50.05909493712097,
        "9,32": 76.00353071511638,
        "9,33": 84.33725034231915,
        "9,34": 17.939968157008487,
        "9,35": 65.29414652363727,
        "9,36": 24.85697073932777,
        "9,37": 43.328539541957134,
        "9,38": 22.98694187806237,
        "9,39": 59.192429295089134,
        "9,40": 33.580143298874425,
        "9,41": 26.829190214122466,
        "9,42": 16.607183349561424,
        "9,43": 38.02424966419036,
        "9,44": 47.32152544509195,
        "9,45": 70.41253963576736,
        "9,46": 48.72098456366152,
        "9,47": 45.112246730593704,
        "9,48": 38.78233121051966,
        "9,49": 51.43992813946335,
        "9,50": 11.195630121617175,
        "10,0": 10.878564001340132,
        "10,1": 27.42097216284422,
        "10,2": 38.53120453302245,
        "10,3": 17.99963575402076,
        "10,4": 27.854609148865716,
        "10,5": 12.825027265254661,
        "10,6": 56.76349140838925,
        "10,7": 28.686533040678068,
        "10,8": 41.23216967049642,
        "10,9": 40.85424405826821,
        "10,10": 0.0,
        "10,11": 29.491196124904835,
        "10,12": 47.2919722764173,
        "10,13": 56.543457848424616,
        "10,14": 40.30627793373972,
        "10,15": 13.400325475887268,
        "10,16": 39.25141568748056,
        "10,17": 47.13444843848716,
        "10,18": 21.983321697334212,
        "10,19": 38.69837673948509,
        "10,20": 21.44848390259778,
        "10,21": 18.399323513245285,
        "10,22": 16.24308503706084,
        "10,23": 57.32321797567154,
        "10,24": 11.401745201454299,
        "10,25": 56.995493564916906,
        "10,26": 13.277766910375595,
        "10,27": 34.3391266810554,
        "10,28": 26.490197810243785,
        "10,29": 56.168126601615825,
        "10,30": 45.437315499730815,
        "10,31": 56.62874170383156,
        "10,32": 35.37673538928788,
        "10,33": 49.60316598815869,
        "10,34": 57.38303244984146,
        "10,35": 32.029033558696405,
        "10,36": 50.97130799857058,
        "10,37": 22.731195055571465,
        "10,38": 34.53666110235372,
        "10,39": 29.862070646388418,
        "10,40": 39.77880411571978,
        "10,41": 51.90433578137108,
        "10,42": 53.577644379281885,
        "10,43": 18.102991866625093,
        "10,44": 25.36545078869582,
        "10,45": 31.28844476896758,
        "10,46": 47.59394166872807,
        "10,47": 35.96239237168135,
        "10,48": 64.51648666587404,
        "10,49": 59.40752211883413,
        "10,50": 29.789816943109315,
        "11,0": 24.023777486306432,
        "11,1": 49.4828097332178,
        "11,2": 37.992752533885,
        "11,3": 35.94517528670251,
        "11,4": 53.975761515248834,
        "11,5": 16.715570494488436,
        "11,6": 31.54810549867962,
        "11,7": 27.185726337544164,
        "11,8": 68.47112439299681,
        "11,9": 44.189545403328516,
        "11,10": 29.491196124904835,
        "11,11": 0.0,
        "11,12": 42.374055650087556,
        "11,13": 47.41218769283771,
        "11,14": 66.68948314120843,
        "11,15": 42.74749845193537,
        "11,16": 63.4155362681346,
        "11,17": 49.49676665793167,
        "11,18": 23.56506965692931,
        "11,19": 68.18246011379131,
        "11,20": 8.171775279373662,
        "11,21": 47.82505382710178,
        "11,22": 43.01300057378325,
        "11,23": 42.51007837074473,
        "11,24": 36.53222877766395,
        "11,25": 51.31926909159787,
        "11,26": 26.209085424050777,
        "11,27": 22.86285816648869,
        "11,28": 7.612624560150241,
        "11,29": 41.67333338343989,
        "11,30": 23.229210639122595,
        "11,31": 29.629191393479406,
        "11,32": 54.175649620683075,
        "11,33": 43.965526309582216,
        "11,34": 53.63041789644067,
        "11,35": 60.31460762370372,
        "11,36": 37.70653038048836,
        "11,37": 7.061472271013232,
        "11,38": 52.57346920352393,
        "11,39": 59.18397835047504,
        "11,40": 61.66008008051058,
        "11,41": 37.471873916515605,
        "11,42": 60.71561627476933,
        "11,43": 11.813050592430866,
        "11,44": 54.319222444415416,
        "11,45": 54.96680749093838,
        "11,46": 73.17779192698168,
        "11,47": 6.920749652383763,
        "11,48": 46.52356890418341,
        "11,49": 32.55518254776662,
        "11,50": 37.60032322098369,
        "12,0": 36.71063614255854,
        "12,1": 74.69336379649313,
        "12,2": 9.353030805685348,
        "12,3": 33.73804918826818,
        "12,4": 73.80305829724013,
        "12,5": 41.97135922656955,
        "12,6": 36.375771099787556,
        "12,7": 65.72212190651733,
        "12,8": 84.99183291913116,
        "12,9": 12.46661639153121,
        "12,10": 47.2919722764173,
        "12,11": 42.374055650087556,
        "12,12": 0.0,
        "12,13": 10.30293424837156,
        "12,14": 58.43189196681948,
        "12,15": 56.56190354320238,
        "12,16": 51.35918834443886,
        "12,17": 88.34022289155565,
        "12,18": 59.71375486035714,
        "12,19": 73.20575426466678,
        "12,20": 40.520771487140465,
        "12,21": 56.773563517867494,
        "12,22": 62.77340994542994,
        "12,23": 17.60371226094001,
        "12,24": 58.68899296380117,
        "12,25": 9.842773685679736,
        "12,26": 55.923155743489474,
        "12,27": 19.515780274231876,
        "12,28": 48.44655191692395,
        "12,29": 84.0182981860684,
        "12,30": 64.80708474146844,
        "12,31": 40.88779296259053,
        "12,32": 82.58939354166016,
        "12,33": 85.339475326898,
        "12,34": 11.338954995968926,
        "12,35": 74.89348073150148,
        "12,36": 13.220240097448615,
        "12,37": 43.53880113292349,
        "12,38": 35.365130551178325,
        "12,39": 69.3946618428619,
        "12,40": 46.038729774977604,
        "12,41": 15.223068015088593,
        "12,42": 24.368706827961205,
        "12,43": 39.52482411112116,
        "12,44": 58.10153947017479,
        "12,45": 78.20644171476827,
        "12,46": 61.1768945106081,
        "12,47": 41.352079236747684,
        "12,48": 26.405448945838437,
        "12,49": 41.78787525206627,
        "12,50": 20.639230002170276,
        "13,0": 45.75876701832275,
        "13,1": 83.94950003081102,
        "13,2": 19.57645629486522,
        "13,3": 43.87714206602999,
        "13,4": 83.53483971912547,
        "13,5": 49.921055118825215,
        "13,6": 33.69306458692305,
        "13,7": 72.58806083305676,
        "13,8": 95.0367161363858,
        "13,9": 22.298630999273282,
        "13,10": 56.543457848424616,
        "13,11": 47.41218769283771,
        "13,12": 10.30293424837156,
        "13,13": 0.0,
        "13,14": 68.45513891385217,
        "13,15": 66.43690894540934,
        "13,16": 61.24390281848801,
        "13,17": 95.36863622141587,
        "13,18": 67.00014797339848,
        "13,19": 83.50839421868024,
        "13,20": 47.112489291765534,
        "13,21": 66.90926382529771,
        "13,22": 72.334543253237,
        "13,23": 10.886781266523418,
        "13,24": 67.93051654554098,
        "13,25": 6.794531914062363,
        "13,26": 64.15890076916313,
        "13,27": 25.309434378345063,
        "13,28": 54.219432972271164,
        "13,29": 88.37404058406626,
        "13,30": 68.4928226824497,
        "13,31": 38.90544213185773,
        "13,32": 91.58242441095744,
        "13,33": 91.25456927666353,
        "13,34": 10.670790915496395,
        "13,35": 84.96241471826569,
        "13,36": 10.758630867119583,
        "13,37": 49.85912510690932,
        "13,38": 45.277830301511116,
        "13,39": 79.59787977196342,
        "13,40": 55.74198317259454,
        "13,41": 12.075462256854447,
        "13,42": 30.556181939738217,
        "13,43": 46.75471759613397,
        "13,44": 68.38862106357725,
        "13,45": 87.70633301346001,
        "13,46": 70.87297328396428,
        "13,47": 44.966633034955834,
        "13,48": 18.464877316717573,
        "13,49": 39.08664514808305,
        "13,50": 30.924192233687382,
        "14,0": 42.6659249041172,
        "14,1": 50.30969081896093,
        "14,2": 50.097356139870406,
        "14,3": 31.851041901243544,
        "14,4": 42.32235911252101,
        "14,5": 50.96774023848416,
        "14,6": 85.62507453303147,
        "14,7": 67.87716541583572,
        "14,8": 43.319774819499095,
        "14,9": 46.15783606759829,
        "14,10": 40.30627793373972,
        "14,11": 66.68948314120843,
        "14,12": 58.43189196681948,
        "14,13": 68.45513891385217,
        "14,14": 0.0,
        "14,15": 32.23202539163122,
        "14,16": 7.794649003338109,
        "14,17": 81.6962648696611,
        "14,18": 61.644536962492886,
        "14,19": 22.54920021109759,
        "14,20": 58.70359529906319,
        "14,21": 25.707349827088485,
        "14,22": 39.74133114854082,
        "14,23": 75.18305780363103,
        "14,24": 42.81355981743217,
        "14,25": 64.72905565501098,
        "14,26": 52.40623467501505,
        "14,27": 58.991131280354075,
        "14,28": 65.7883897411922,
        "14,29": 95.99688189988198,
        "14,30": 85.53132774261265,
        "14,31": 87.5996229954655,
        "14,32": 58.81746305504425,
        "14,33": 87.50352843569956,
        "14,34": 62.629238690653835,
        "14,35": 35.54187529473824,
        "14,36": 69.30852125909679,
        "14,37": 61.02768157515107,
        "14,38": 23.228692336961238,
        "14,39": 27.707823097713433,
        "14,40": 13.998005054949447,
        "14,41": 71.0837150752148,
        "14,42": 45.75715150074353,
        "14,43": 55.02176928154466,
        "14,44": 18.185160576199692,
        "14,45": 48.961083381158694,
        "14,46": 7.634643379106682,
        "14,47": 71.89181168983993,
        "14,48": 84.01115763018508,
        "14,49": 89.86448716902235,
        "14,50": 39.43229341617103,
        "15,0": 22.828100241127903,
        "15,1": 21.224172854347955,
        "15,2": 47.30921960761816,
        "15,3": 23.325836378652784,
        "15,4": 17.459264824876442,
        "15,5": 26.185100282968083,
        "15,6": 69.91797458464526,
        "15,7": 36.29406083252981,
        "15,8": 28.92368419899171,
        "15,9": 47.93412568640513,
        "15,10": 13.400325475887268,
        "15,11": 42.74749845193537,
        "15,12": 56.56190354320238,
        "15,13": 66.43690894540934,
        "15,14": 32.23202539163122,
        "15,15": 0.0,
        "15,16": 33.653162766339385,
        "15,17": 49.7176704968991,
        "15,18": 30.6251101772162,
        "15,19": 25.72800327867158,
        "15,20": 34.79007115725939,
        "15,21": 6.6932290758938855,
        "15,22": 8.488151840753321,
        "15,23": 68.63309775009384,
        "15,24": 10.637188879336692,
        "15,25": 65.82747369999983,
        "15,26": 21.467366084635152,
        "15,27": 46.34512261585746,
        "15,28": 39.08012460270505,
        "15,29": 64.54622084352964,
        "15,30": 56.73649771673158,
        "15,31": 69.95725125646382,
        "15,32": 30.223520610177346,
        "15,33": 55.31257297051663,
        "15,34": 65.5596465650809,
        "15,35": 19.176220909951176,
        "15,36": 62.20087696386299,
        "15,37": 35.85625221361422,
        "15,38": 34.806789280458084,
        "15,39": 16.469833286177447,
        "15,40": 36.215664989985484,
        "15,41": 63.34924764863261,
        "15,42": 57.679215799801426,
        "15,43": 31.49687337456426,
        "15,44": 14.601043435832038,
        "15,45": 22.80511725167469,
        "15,46": 39.86353027764788,
        "15,47": 49.31241353440776,
        "15,48": 76.31936213608941,
        "15,49": 72.7140033495842,
        "15,50": 36.8561950032105,
        "16,0": 39.60584236257116,
        "16,1": 53.43435300319113,
        "16,2": 43.34712800648437,
        "16,3": 27.626164087927133,
        "16,4": 46.27204550015777,
        "16,5": 48.54433743384697,
        "16,6": 80.08744692957923,
        "16,7": 67.69588809388145,
        "16,8": 49.195388514149634,
        "16,9": 38.968926391378375,
        "16,10": 39.25141568748056,
        "16,11": 63.4155362681346,
        "16,12": 51.35918834443886,
        "16,13": 61.24390281848801,
        "16,14": 7.794649003338109,
        "16,15": 33.653162766339385,
        "16,16": 0.0,
        "16,17": 83.31855703129506,
        "16,18": 61.15402735921564,
        "16,19": 29.34995935257282,
        "16,20": 55.686611782018595,
        "16,21": 27.722533406402132,
        "16,22": 41.817039773374916,
        "16,23": 68.39003984040015,
        "16,24": 43.79413357163273,
        "16,25": 57.2827946947338,
        "16,26": 52.10369273156625,
        "16,27": 53.48611046467939,
        "16,28": 63.364925467595334,
        "16,29": 95.41891651955736,
        "16,30": 83.50646630420036,
        "16,31": 82.40730123477383,
        "16,32": 62.24889991927966,
        "16,33": 88.0465253041305,
        "16,34": 55.06954668733905,
        "16,35": 40.6309864362904,
        "16,36": 62.67687722858344,
        "16,37": 58.27774798622798,
        "16,38": 15.994068133314466,
        "16,39": 32.75689722293742,
        "16,40": 6.2067532814993704,
        "16,41": 64.50647909138354,
        "16,42": 37.962503389218654,
        "16,43": 52.056606089988804,
        "16,44": 21.357720851118003,
        "16,45": 52.87269724749167,
        "16,46": 10.366993491563836,
        "16,47": 68.12049836452158,
        "16,48": 77.25471879709863,
        "16,49": 84.54308470265626,
        "16,50": 33.153035413645235,
        "17,0": 54.35819109724004,
        "17,1": 33.41998410098809,
        "17,2": 81.29171013455182,
        "17,3": 65.00639083470945,
        "17,4": 42.89492962265644,
        "17,5": 46.74854701389321,
        "17,6": 79.25729981735083,
        "17,7": 22.78881369665104,
        "17,8": 53.34363718448722,
        "17,9": 85.49522914798985,
        "17,10": 47.13444843848716,
        "17,11": 49.49676665793167,
        "17,12": 88.34022289155565,
        "17,13": 95.36863622141587,
        "17,14": 81.6962648696611,
        "17,15": 49.7176704968991,
        "17,16": 83.31855703129506,
        "17,17": 0.0,
        "17,18": 28.654289272797122,
        "17,19": 68.29389263241153,
        "17,20": 48.26030701664812,
        "17,21": 56.02837588718139,
        "17,22": 41.96135307812493,
        "17,23": 91.78218704415859,
        "17,24": 39.60049057889876,
        "17,25": 98.04713866184682,
        "17,26": 34.397800470012676,
        "17,27": 70.06233507596787,
        "17,28": 41.97426002892258,
        "17,29": 28.40207883192574,
        "17,30": 39.138960687616695,
        "17,31": 75.79229230230992,
        "17,32": 28.022392250021266,
        "17,33": 13.015213816945101,
        "17,34": 99.54217548983225,
        "17,35": 52.480673652281276,
        "17,36": 86.54970261883744,
        "17,37": 45.620437198996754,
        "17,38": 81.53069793728345,
        "17,39": 57.82069438656652,
        "17,40": 85.35897424690394,
        "17,41": 86.56638638131477,
        "17,42": 99.93022581561188,
        "17,43": 48.82990876678558,
        "17,44": 63.56360236245603,
        "17,45": 37.64297031570537,
