{
    "num_robots": 2,
    "num_tasks": 40,
    "num_nodes": 41,
    "robot_capacity": [
        253,
        338
    ],
    "robot_speed": [
        0.84,
        1.19
    ],
    "task_demand": {
        "0": 0,
        "1": 13,
        "2": 9,
        "3": 7,
        "4": 11,
        "5": 15,
        "6": 8,
        "7": 7,
        "8": 14,
        "9": 10,
        "10": 10,
        "11": 14,
        "12": 9,
        "13": 5,
        "14": 15,
        "15": 15,
        "16": 13,
        "17": 9,
        "18": 6,
        "19": 15,
        "20": 13,
        "21": 5,
        "22": 12,
        "23": 9,
        "24": 6,
        "25": 12,
        "26": 11,
        "27": 9,
        "28": 10,
        "29": 10,
        "30": 9,
        "31": 12,
        "32": 10,
        "33": 14,
        "34": 14,
        "35": 14,
        "36": 7,
        "37": 14,
        "38": 13,
        "39": 6,
        "40": 12
    },
    "task_service_time": {
        "0": 0,
        "1": 76,
        "2": 32,
        "3": 43,
        "4": 67,
        "5": 93,
        "6": 64,
        "7": 16,
        "8": 89,
        "9": 48,
        "10": 87,
        "11": 29,
        "12": 51,
        "13": 97,
        "14": 26,
        "15": 40,
        "16": 47,
        "17": 37,
        "18": 60,
        "19": 30,
        "20": 97,
        "21": 92,
        "22": 57,
        "23": 50,
        "24": 66,
        "25": 43,
        "26": 36,
        "27": 23,
        "28": 64,
        "29": 24,
        "30": 41,
        "31": 96,
        "32": 11,
        "33": 91,
        "34": 98,
        "35": 88,
        "36": 97,
        "37": 95,
        "38": 75,
        "39": 46,
        "40": 40
    },
    "task_precedence": [],
    "coordinates": {
        "0": [
            50.0,
            50.0
        ],
        "1": [
            41.83098018578074,
            48.39435284035343
        ],
        "2": [
            42.755071101077505,
            64.12989139559154
        ],
        "3": [
            59.36114576461101,
            89.89335841945562
        ],
        "4": [
            27.438128561016306,
            29.599443364634837
        ],
        "5": [
            65.44992611542297,
            95.53403589296457
        ],
        "6": [
            39.209125019589166,
            29.55282302066513
        ],
        "7": [
            18.559595972477982,
            56.30429334710204
        ],
        "8": [
            32.183597238016326,
            59.041879591262756
        ],
        "9": [
            69.50799408731866,
            88.99842128084728
        ],
        "10": [
            12.15942587610719,
            84.8817675525097
        ],
        "11": [
            79.7303013485845,
            97.08795591034594
        ],
        "12": [
            60.04395944617564,
            41.82149404235648
        ],
        "13": [
            83.07425285029701,
            71.07681386871644
        ],
        "14": [
            41.78639860630105,
            13.078874669750007
        ],
        "15": [
            79.2661881775896,
            21.707585128878193
        ],
        "16": [
            84.77577381848221,
            14.63028626020122
        ],
        "17": [
            13.429875669724867,
            9.526512048215674
        ],
        "18": [
            16.99684982197518,
            19.48941347802384
        ],
        "19": [
            75.80449008117604,
            37.53410738884042
        ],
        "20": [
            45.60463779924999,
            13.095955860662423
        ],
        "21": [
            86.87401281876379,
            61.3304707177034
        ],
        "22": [
            90.80969801792048,
            8.807876017007077
        ],
        "23": [
            48.67784497114951,
            67.8438424973521
        ],
        "24": [
            31.25491717345026,
            52.12522798756648
        ],
        "25": [
            77.3288519804083,
            6.169825441249365
        ],
        "26": [
            81.97121366949638,
            32.840919483408584
        ],
        "27": [
            12.319193504135551,
            72.23852961763255
        ],
        "28": [
            59.477405724455465,
            94.3766463114639
        ],
        "29": [
            55.84886418137132,
            77.56043476332941
        ],
        "30": [
            98.00575968460063,
            97.37868712084149
        ],
        "31": [
            94.79256775780553,
            57.52118071007685
        ],
        "32": [
            0.11991781435174431,
            85.8694016876813
        ],
        "33": [
            22.252572080623388,
            77.55051025907794
        ],
        "34": [
            31.67084013928706,
            42.25631049778313
        ],
        "35": [
            81.00032931895275,
            73.47907742724914
        ],
        "36": [
            67.88752980387407,
            63.42822878309165
        ],
        "37": [
            87.99369213548529,
            63.13011989345982
        ],
        "38": [
            93.99962364115292,
            8.694991282285669
        ],
        "39": [
            96.09971754292856,
            25.47271485200445
        ],
        "40": [
            60.50850533339801,
            51.98050983046787
        ]
    },
    "distance_matrix_str_keys": {
        "0,0": 0.0,
        "0,1": 8.325322067427061,
        "0,2": 15.879005812759633,
        "0,3": 40.97695811074128,
        "0,4": 30.417441606124104,
        "0,5": 48.08376692475137,
        "0,6": 23.119905477036415,
        "0,7": 32.066230212173956,
        "0,8": 19.979484325680517,
        "0,9": 43.60548928414062,
        "0,10": 51.465005174517806,
        "0,11": 55.688117315028066,
        "0,12": 12.952570442025454,
        "0,13": 39.21910611502891,
        "0,14": 37.82370610485706,
        "0,15": 40.705902639368645,
        "0,16": 49.60212792521651,
        "0,17": 54.54793507104566,
        "0,18": 44.94556498241237,
        "0,19": 28.65781197060368,
        "0,20": 37.164871622460346,
        "0,21": 38.5755413188602,
        "0,22": 57.98467496282206,
        "0,23": 17.89275856291096,
        "0,24": 18.865172254006744,
        "0,25": 51.65220568782729,
        "0,26": 36.28488042801656,
        "0,27": 43.75380415156036,
        "0,28": 45.37739478108791,
        "0,29": 28.174221844726514,
        "0,30": 67.44844665513223,
        "0,31": 45.41962445475779,
        "0,32": 61.43807106574277,
        "0,33": 39.10179499302506,
        "0,34": 19.897809635894955,
        "0,35": 38.88814079791269,
        "0,36": 22.366963377614187,
        "0,37": 40.198516023637815,
        "0,38": 60.34957021995732,
        "0,39": 52.21849934907052,
        "0,40": 10.693507541056599,
        "1,0": 8.325322067427061,
        "1,1": 0.0,
        "1,2": 15.762649448716394,
        "1,3": 45.04968556244939,
        "1,4": 23.672828307849922,
        "1,5": 52.72574632120438,
        "1,6": 19.023074684674103,
        "1,7": 24.578943875265658,
        "1,8": 14.368083506583101,
        "1,9": 49.139673100522685,
        "1,10": 47.0290608829135,
        "1,11": 61.704339592441386,
        "1,12": 19.36272414506752,
        "1,13": 47.06911490970318,
        "1,14": 35.315506310055866,
        "1,15": 45.97367038073235,
        "1,16": 54.628449476296396,
        "1,17": 48.13867245339133,
        "1,18": 38.108129716196245,
        "1,19": 35.66713201085324,
        "1,20": 35.49953973109445,
        "1,21": 46.86382330233705,
        "1,22": 62.97621731864896,
        "1,23": 20.61946180933977,
        "1,24": 11.214835629864439,
        "1,25": 55.16348081861319,
        "1,26": 43.04820127852186,
        "1,27": 37.94061569517642,
        "1,28": 49.252082668201155,
        "1,29": 32.35987339980768,
        "1,30": 74.53234771992382,
        "1,31": 53.74224358093743,
        "1,32": 56.07309524417972,
        "1,33": 35.11973205133455,
        "1,34": 11.8702994723617,
        "1,35": 46.513238106121285,
        "1,36": 30.082573092436807,
        "1,37": 48.457598013054785,
        "1,38": 65.55613371830232,
        "1,39": 58.910927190191245,
        "1,40": 19.018687325828306,
        "2,0": 15.879005812759633,
        "2,1": 15.762649448716394,
        "2,2": 0.0,
        "2,3": 30.651557037458655,
        "2,4": 37.77513163437208,
        "2,5": 38.74631254369951,
        "2,6": 34.758414679285345,
        "2,7": 25.42953010802993,
        "2,8": 11.732174724166645,
        "2,9": 36.52619152008061,
        "2,10": 36.96936394860367,
        "2,11": 49.531824804007265,
        "2,12": 28.22357618515229,
        "2,13": 40.913275947719015,
        "2,14": 51.060205984154514,
        "2,15": 55.970650694463075,
        "2,16": 64.93035011013004,
        "2,17": 61.979804156196394,
        "2,18": 51.53890018395862,
        "2,19": 42.42169046438221,
        "2,20": 51.11342882795709,
        "2,21": 44.20766646658006,
        "2,22": 73.27873193270545,
        "2,23": 6.990900020904046,
        "2,24": 16.624243859469104,
        "2,25": 67.48863289268553,
        "2,26": 50.168771175582215,
        "2,27": 31.49750242339823,
        "2,28": 34.56157777354897,
        "2,29": 18.757049671583154,
        "2,30": 64.48349405958747,
        "2,31": 52.455467924934354,
        "2,32": 47.8577329542727,
        "2,33": 24.504397090373168,
        "2,34": 24.52169890744283,
        "2,35": 39.371398954145576,
        "2,36": 25.142251507563024,
        "2,37": 45.249667138568405,
        "2,38": 75.49193543422204,
        "2,39": 65.87889345099956,
        "2,40": 21.512598621651843,
        "3,0": 40.97695811074128,
        "3,1": 45.04968556244939,
        "3,2": 30.651557037458655,
        "3,3": 0.0,
        "3,4": 68.22342134501133,
        "3,5": 8.300029428898734,
        "3,6": 63.61669711892059,
        "3,7": 52.84876306854035,
        "3,8": 41.11487431334117,
        "3,9": 10.186237939793848,
        "3,10": 47.46702437956726,
        "3,11": 21.602424221833157,
        "3,12": 48.0767134818297,
        "3,13": 30.271666562764004,
        "3,14": 78.79934423212107,
        "3,15": 71.031756227032,
        "3,16": 79.43823607033173,
        "3,17": 92.56625501870465,
        "3,18": 82.1672016928372,
        "3,19": 54.88054974943392,
        "3,20": 78.01975744116599,
        "3,21": 39.658497291279126,
        "3,22": 86.9704943947482,
        "3,23": 24.501307480268718,
        "3,24": 47.078570092333656,
        "3,25": 85.6298338256591,
        "3,26": 61.369340547336044,
        "3,27": 50.24577845449837,
        "3,28": 4.484795056732366,
        "3,29": 12.823304091684102,
        "3,30": 39.36288011303094,
        "3,31": 47.99316153482106,
        "3,32": 59.37773418406744,
        "3,33": 39.10744355707846,
        "3,34": 55.10028457563145,
        "3,35": 27.16031821223023,
        "3,36": 27.80471743166168,
        "3,37": 39.193030605958654,
        "3,38": 88.27796426824943,
        "3,39": 74.1602452393139,
        "3,40": 37.93020593289204,
        "4,0": 30.417441606124104,
        "4,1": 23.672828307849922,
        "4,2": 37.77513163437208,
        "4,3": 68.22342134501133,
        "4,4": 0.0,
        "4,5": 76.10694610345412,
        "4,6": 11.771088780746098,
        "4,7": 28.142092202105648,
        "4,8": 29.822416466870024,
        "4,9": 72.78813201952539,
        "4,10": 57.35480906904968,
        "4,11": 85.37664001632703,
        "4,12": 34.82123964594607,
        "4,13": 69.39560929817642,
        "4,14": 21.8815457245329,
        "4,15": 52.42546318376553,
        "4,16": 59.259439991348366,
        "4,17": 24.47761672835115,
        "4,18": 14.53385723111796,
        "4,19": 49.01289442458801,
        "4,20": 24.54357670953041,
        "4,21": 67.37568132777241,
        "4,22": 66.69516540351461,
        "4,23": 43.746538356828495,
        "4,24": 22.846856418131342,
        "4,25": 55.11833886598991,
        "4,26": 54.629337712234,
        "4,27": 45.240179859774614,
        "4,28": 72.26756743360298,
        "4,29": 55.74429651933338,
        "4,30": 97.84588109142636,
        "4,31": 72.91257707626187,
        "4,32": 62.55072220267777,
        "4,33": 48.230641840293835,
        "4,34": 13.34586576176296,
        "4,35": 69.24111232138338,
        "4,36": 52.73083333111378,
        "4,37": 69.21909092369134,
        "4,38": 69.76696026176204,
        "4,39": 68.78549040123221,
        "4,40": 39.93196659338629,
        "5,0": 48.08376692475137,
        "5,1": 52.72574632120438,
        "5,2": 38.74631254369951,
        "5,3": 8.300029428898734,
        "5,4": 76.10694610345412,
        "5,5": 0.0,
        "5,6": 71.0077467199939,
        "5,7": 61.13653376769926,
        "5,8": 49.37940976285171,
        "5,9": 7.692995126909065,
        "5,10": 54.34471673082464,
        "5,11": 14.364671392702025,
        "5,12": 53.983901560394266,
        "5,13": 30.145855469715297,
        "5,14": 85.78354239900143,
        "5,15": 75.10814822502638,
        "5,16": 83.17995608367858,
        "5,17": 100.51556996942327,
        "5,18": 90.16920317120241,
        "5,19": 58.91696446189658,
        "5,20": 84.79311592201506,
        "5,21": 40.359328063913594,
        "5,22": 90.35787092321753,
        "5,23": 32.37359288365308,
        "5,24": 55.25959862602465,
        "5,25": 90.15026893672731,
        "5,26": 64.83347736768805,
        "5,27": 58.01340673013569,
        "5,28": 6.083629711273436,
        "5,29": 20.377210992398293,
        "5,30": 32.60805172862223,
        "5,31": 48.020493309715974,
        "5,32": 66.04101103814179,
        "5,33": 46.79122342739579,
        "5,34": 63.08361651544355,
        "5,35": 26.985852454884245,
        "5,36": 32.1982105390706,
        "5,37": 39.47448743771446,
        "5,38": 91.4117328230143,
        "5,39": 76.47220685029349,
        "5,40": 43.832947332133706,
        "6,0": 23.119905477036415,
        "6,1": 19.023074684674103,
        "6,2": 34.758414679285345,
        "6,3": 63.61669711892059,
        "6,4": 11.771088780746098,
        "6,5": 71.0077467199939,
        "6,6": 0.0,
        "6,7": 33.79414467764679,
        "6,8": 30.31439423827497,
        "6,9": 66.72181516786235,
        "6,10": 61.58716040507812,
        "6,11": 78.75887191619988,
        "6,12": 24.178722344693114,
        "6,13": 60.40191433682702,
        "6,14": 16.67433097336687,
        "6,15": 40.81808504110359,
        "6,16": 47.947904919079186,
        "6,17": 32.643878878094874,
        "6,18": 24.385597820792935,
        "6,19": 37.455595632114736,
        "6,20": 17.655907239130492,
        "6,21": 57.28665134274291,
        "6,22": 55.614494153419216,
        "6,23": 39.44437640634084,
        "6,24": 23.932882994937543,
        "6,25": 44.7199973095523,
        "6,26": 42.88831780392919,
        "6,27": 50.44936039820697,
        "6,28": 67.91856350636371,
        "6,29": 50.809563121587104,
        "6,30": 89.7629772727399,
        "6,31": 62.22337292750573,
        "6,32": 68.55306814937028,
        "6,33": 50.90483933584748,
        "6,34": 14.771741028662982,
        "6,35": 60.63019530714944,
        "6,36": 44.38461463773607,
        "6,37": 59.22304326838635,
        "6,38": 58.62634121302582,
        "6,39": 57.036714494478126,
        "6,40": 30.929997371336253,
        "7,0": 32.066230212173956,
        "7,1": 24.578943875265658,
        "7,2": 25.42953010802993,
        "7,3": 52.84876306854035,
        "7,4": 28.142092202105648,
        "7,5": 61.13653376769926,
        "7,6": 33.79414467764679,
        "7,7": 0.0,
        "7,8": 13.896322856338951,
        "7,9": 60.53631366226723,
        "7,10": 29.285392420509226,
        "7,11": 73.51980908763957,
        "7,12": 43.93977569946618,
        "7,13": 66.18435097985204,
        "7,14": 49.07057346743508,
        "7,15": 69.8729028786885,
        "7,16": 78.23876964275908,
        "7,17": 47.058207080496814,
        "7,18": 36.848033262381456,
        "7,19": 60.24365346178613,
        "7,20": 50.97445159836357,
        "7,21": 68.49906574551834,
        "7,22": 86.46378955823877,
        "7,23": 32.25321871282021,
        "7,24": 13.365469227645029,
        "7,25": 77.24823832249268,
        "7,26": 67.61333575575361,
        "7,27": 17.11264177419677,
        "7,28": 55.89070777098799,
        "7,29": 42.9221745891496,
        "7,30": 89.4360036699628,
        "7,31": 76.24268359702926,
        "7,32": 34.844186914971445,
        "7,33": 21.564781603486356,
        "7,34": 19.215893050713078,
        "7,35": 64.75969725875223,
        "7,36": 49.83969815489195,
        "7,37": 69.7688011794291,
        "7,38": 89.20674536014286,
        "7,39": 83.44493205497635,
        "7,40": 42.17115246788261,
        "8,0": 19.979484325680517,
        "8,1": 14.368083506583101,
        "8,2": 11.732174724166645,
        "8,3": 41.11487431334117,
        "8,4": 29.822416466870024,
        "8,5": 49.37940976285171,
        "8,6": 30.31439423827497,
        "8,7": 13.896322856338951,
        "8,8": 0.0,
        "8,9": 47.85922053443856,
        "8,10": 32.690476420219035,
        "8,11": 60.89493406725573,
        "8,12": 32.75273211234159,
        "8,13": 52.294344548052095,
        "8,14": 46.955421577638255,
        "8,15": 60.08843409997657,
        "8,16": 68.83550435403589,
        "8,17": 52.947839385418185,
        "8,18": 42.36785187754443,
        "8,19": 48.635034260764265,
        "8,20": 47.86598204575377,
        "8,21": 54.73827916311297,
        "8,22": 77.20411133970659,
        "8,23": 18.69584871788767,
        "8,24": 6.9787187985501085,
        "8,25": 69.523723546696,
        "8,26": 56.26097280088168,
        "8,27": 23.848398428848476,
        "8,28": 44.648602675396816,
        "8,29": 30.049654659598456,
        "8,30": 76.17261896970919,
        "8,31": 62.627435798019654,
        "8,32": 41.806643969796916,
        "8,33": 21.00463448561674,
        "8,34": 16.79339898990897,
        "8,35": 50.906836598018316,
        "8,36": 35.97236244535484,
        "8,37": 55.959631889720285,
        "8,38": 79.72471563241787,
        "8,39": 72.19528555330658,
        "8,40": 29.1918372410934,
        "9,0": 43.60548928414062,
        "9,1": 49.139673100522685,
        "9,2": 36.52619152008061,
        "9,3": 10.186237939793848,
        "9,4": 72.78813201952539,
        "9,5": 7.692995126909065,
        "9,6": 66.72181516786235,
        "9,7": 60.53631366226723,
        "9,8": 47.85922053443856,
        "9,9": 0.0,
        "9,10": 57.496131294157614,
        "9,11": 13.035955517935243,
        "9,12": 48.11684128612986,
        "9,13": 22.477263824999472,
        "9,14": 80.82242519033778,
        "9,15": 67.99469818989235,
        "9,16": 75.91919786436348,
        "9,17": 97.26530585125052,
        "9,18": 87.1144215258799,
        "9,19": 51.84806135407256,
        "9,20": 79.57735041264387,
        "9,21": 32.66640621411356,
        "9,22": 82.97159839402289,
        "9,23": 29.68857213994885,
        "9,24": 53.13125518018542,
        "9,25": 83.19700780042128,
        "9,26": 57.52388069734959,
        "9,27": 59.59406749589912,
        "9,28": 11.381476502860153,
        "9,29": 17.81570558138144,
        "9,30": 29.704402023716984,
        "9,31": 40.37482309123389,
        "9,32": 69.4585912071177,
        "9,33": 48.622315615293445,
        "9,34": 60.13713610859171,
        "9,35": 19.311235142332887,
        "9,36": 25.621488029897836,
        "9,37": 31.79449714961228,
        "9,38": 83.95523085392674,
        "9,39": 68.86679267704542,
        "9,40": 38.096148965217935,
        "10,0": 51.465005174517806,
        "10,1": 47.0290608829135,
        "10,2": 36.96936394860367,
        "10,3": 47.46702437956726,
        "10,4": 57.35480906904968,
        "10,5": 54.34471673082464,
        "10,6": 61.58716040507812,
        "10,7": 29.285392420509226,
        "10,8": 32.690476420219035,
        "10,9": 57.496131294157614,
        "10,10": 0.0,
        "10,11": 68.66450499598764,
        "10,12": 64.39810331051852,
        "10,13": 72.24603401565346,
        "10,14": 77.67504708391694,
        "10,15": 92.16449897591768,
        "10,16": 101.03664984673453,
        "10,17": 75.36596429951346,
        "10,18": 65.57103508283963,
        "10,19": 79.32524894787063,
        "10,20": 79.19460184154782,
        "10,21": 78.33857979701284,
        "10,22": 109.42167189975078,
        "10,23": 40.297466711771335,
        "10,24": 37.91607406043768,
        "10,25": 102.18915759360364,
        "10,26": 87.0743106929964,
        "10,27": 12.64424735493902,
        "10,28": 48.26120532659677,
        "10,29": 44.29863353693212,
        "10,30": 86.75117305867765,
        "10,31": 87.04503345741902,
        "10,32": 12.07994931918303,
        "10,33": 12.474731813078634,
        "10,34": 46.878831850567245,
        "10,35": 69.77887451743472,
        "10,36": 59.714955355546486,
        "10,37": 78.89214228921472,
        "10,38": 111.81342874928292,
        "10,39": 102.83680327529852,
        "10,40": 58.481845422828776,
        "11,0": 55.688117315028066,
        "11,1": 61.704339592441386,
        "11,2": 49.531824804007265,
        "11,3": 21.602424221833157,
        "11,4": 85.37664001632703,
        "11,5": 14.364671392702025,
        "11,6": 78.75887191619988,
        "11,7": 73.51980908763957,
        "11,8": 60.89493406725573,
        "11,9": 13.035955517935243,
        "11,10": 68.66450499598764,
        "11,11": 0.0,
        "11,12": 58.66799693959623,
        "11,13": 26.225207758102336,
        "11,14": 92.18061339677077,
        "11,15": 75.38179952871282,
        "11,16": 82.611888227887,
        "11,17": 109.8305644910331,
        "11,18": 99.78486722976753,
        "11,19": 59.683103704731515,
        "11,20": 90.65989733629976,
        "11,21": 36.4640968744767,
        "11,22": 88.97261115945057,
        "11,23": 42.65528356938387,
        "11,24": 66.11739387774405,
        "11,25": 90.9498400606817,
        "11,26": 64.28610563468773,
        "11,27": 71.84533003538172,
        "11,28": 20.43357484393896,
        "11,29": 30.848778311607887,
        "11,30": 18.277770707288614,
        "11,31": 42.33676380087379,
        "11,32": 80.39694723877584,
        "11,33": 60.70750484394236,
        "11,34": 72.91242109803368,
        "11,35": 23.64301406917377,
        "11,36": 35.68232711219129,
        "11,37": 34.948794746697125,
        "11,38": 89.5373092873954,
        "11,39": 73.46223886043778,
        "11,40": 49.032225463449514,
        "12,0": 12.952570442025454,
        "12,1": 19.36272414506752,
        "12,2": 28.22357618515229,
        "12,3": 48.0767134818297,
        "12,4": 34.82123964594607,
        "12,5": 53.983901560394266,
        "12,6": 24.178722344693114,
        "12,7": 43.93977569946618,
        "12,8": 32.75273211234159,
        "12,9": 48.11684128612986,
        "12,10": 64.39810331051852,
        "12,11": 58.66799693959623,
        "12,12": 0.0,
        "12,13": 37.23262215346277,
        "12,14": 34.05108950122235,
        "12,15": 27.821995061147167,
        "12,16": 36.75628412664384,
        "12,17": 56.7083650647755,
        "12,18": 48.495107684484786,
        "12,19": 16.333279224134195,
        "12,20": 32.15043628710718,
        "12,21": 33.1730603787947,
        "12,22": 45.12681735939976,
        "12,23": 28.39632330729828,
        "12,24": 30.57737543011895,
        "12,25": 39.62081503405929,
        "12,26": 23.695045836270484,
        "12,27": 56.593721713721216,
        "12,28": 52.558205954433625,
        "12,29": 35.98431197255272,
        "12,30": 67.288186036645,
        "12,31": 38.13064307167754,
        "12,32": 74.37142551695261,
        "12,33": 52.00722602512047,
        "12,34": 28.376450880137273,
        "12,35": 37.9654056216455,
        "12,36": 22.98635643403838,
        "12,37": 35.14605373389983,
        "12,38": 47.43787849424804,
        "12,39": 39.58914337222329,
        "12,40": 10.16963149108323,
        "13,0": 39.21910611502891,
        "13,1": 47.06911490970318,
        "13,2": 40.913275947719015,
        "13,3": 30.271666562764004,
        "13,4": 69.39560929817642,
        "13,5": 30.145855469715297,
        "13,6": 60.40191433682702,
        "13,7": 66.18435097985204,
        "13,8": 52.294344548052095,
        "13,9": 22.477263824999472,
        "13,10": 72.24603401565346,
        "13,11": 26.225207758102336,
        "13,12": 37.23262215346277,
        "13,13": 0.0,
        "13,14": 71.19303237958377,
        "13,15": 49.515877281110484,
        "13,16": 56.472167061872575,
        "13,17": 92.94503175030142,
        "13,18": 83.83008451646049,
        "13,19": 34.321459886118106,
        "13,20": 69.03442581367482,
        "13,21": 10.460849900235711,
        "13,22": 62.7475715316645,
        "13,23": 34.54800976723177,
        "13,24": 55.17613757232673,
        "13,25": 65.16077637566224,
        "13,26": 38.251801459262,
        "13,27": 70.76459571395932,
        "13,28": 33.161625203545796,
        "13,29": 27.986767017273174,
        "13,30": 30.244643044904777,
        "13,31": 17.918540526592714,
        "13,32": 84.26293583561899,
        "13,33": 61.16523192633758,
        "13,34": 58.93158960092964,
        "13,35": 3.173646013423304,
        "13,36": 17.004041010912545,
        "13,37": 9.346166487765645,
        "13,38": 63.331315446014635,
        "13,39": 47.42780384526636,
        "13,40": 29.56149165582925,
        "14,0": 37.82370610485706,
        "14,1": 35.315506310055866,
        "14,2": 51.060205984154514,
        "14,3": 78.79934423212107,
        "14,4": 21.8815457245329,
        "14,5": 85.78354239900143,
        "14,6": 16.67433097336687,
        "14,7": 49.07057346743508,
        "14,8": 46.955421577638255,
        "14,9": 80.82242519033778,
        "14,10": 77.67504708391694,
        "14,11": 92.18061339677077,
        "14,12": 34.05108950122235,
        "14,13": 71.19303237958377,
        "14,14": 0.0,
        "14,15": 38.46022972494494,
        "14,16": 43.017359973116456,
        "14,17": 28.57816777274998,
        "14,18": 25.605013898509352,
        "14,19": 41.896168738177394,
        "14,20": 3.818277399777862,
        "14,21": 66.0386968113904,
        "14,22": 49.20899627804878,
        "14,23": 55.196863444926606,
        "14,24": 40.44168404740631,
        "14,25": 36.207747141909195,
        "14,26": 44.78122125266639,
        "14,27": 66.09221550292904,
        "14,28": 83.20035701103001,
        "14,29": 65.9971554701559,
        "14,30": 101.32657568151322,
        "14,31": 69.17205023924025,
        "14,32": 83.87226266850124,
        "14,33": 67.36588286587184,
        "14,34": 30.881180103722873,
        "14,35": 72.0133102633371,
        "14,36": 56.71266621684782,
        "14,37": 68.11931534987802,
        "14,38": 52.396939816128274,
        "14,39": 55.70945959507313,
        "14,40": 43.17238120000343,
        "15,0": 40.705902639368645,
        "15,1": 45.97367038073235,
        "15,2": 55.970650694463075,
        "15,3": 71.031756227032,
        "15,4": 52.42546318376553,
        "15,5": 75.10814822502638,
        "15,6": 40.81808504110359,
        "15,7": 69.8729028786885,
        "15,8": 60.08843409997657,
        "15,9": 67.99469818989235,
        "15,10": 92.16449897591768,
        "15,11": 75.38179952871282,
        "15,12": 27.821995061147167,
        "15,13": 49.515877281110484,
        "15,14": 38.46022972494494,
        "15,15": 0.0,
        "15,16": 8.96904081888952,
        "15,17": 66.9537047968943,
        "15,18": 62.308833921994136,
        "15,19": 16.20068395333336,
        "15,20": 34.74564911649638,
        "15,21": 40.346648660774655,
        "15,22": 17.310549228857724,
        "15,23": 55.355225445164905,
        "15,24": 56.83586139499974,
        "15,25": 15.658072922662367,
        "15,26": 11.457237745706081,
        "15,27": 83.87655480963114,
        "15,28": 75.31525983581186,
        "15,29": 60.5632881821362,
        "15,30": 77.95695746336237,
        "15,31": 39.034370640790385,
        "15,32": 101.88655856655598,
        "15,33": 79.8059190007191,
        "15,34": 51.841752180784034,
        "15,35": 51.800527606371446,
        "15,36": 43.244490669998505,
        "15,37": 42.33197032572496,
        "15,38": 19.657103529649607,
        "15,39": 17.24946123001231,
        "15,40": 35.613208724732985,
        "16,0": 49.60212792521651,
        "16,1": 54.628449476296396,
        "16,2": 64.93035011013004,
        "16,3": 79.43823607033173,
        "16,4": 59.259439991348366,
        "16,5": 83.17995608367858,
        "16,6": 47.947904919079186,
        "16,7": 78.23876964275908,
        "16,8": 68.83550435403589,
        "16,9": 75.91919786436348,
        "16,10": 101.03664984673453,
        "16,11": 82.611888227887,
        "16,12": 36.75628412664384,
        "16,13": 56.472167061872575,
        "16,14": 43.017359973116456,
        "16,15": 8.96904081888952,
        "16,16": 0.0,
        "16,17": 71.52821606792514,
        "16,18": 67.95287819837554,
        "16,19": 24.5981494057572,
        "16,20": 39.201174303994264,
        "16,21": 46.747297625285576,
        "16,22": 8.38502846057298,
        "16,23": 64.30196757853926,
        "16,24": 65.34793608949388,
        "16,25": 11.27102666714091,
        "16,26": 18.42532822012849,
        "16,27": 92.56708774493448,
        "16,28": 83.66295099771759,
        "16,29": 69.26015948421825,
        "16,30": 83.79934588653366,
        "16,31": 44.04503363074249,
        "16,32": 110.6418796056986,
        "16,33": 88.7023412522004,
        "16,34": 59.860932136470936,
        "16,35": 58.96977363863494,
        "16,36": 51.6376992164084,
        "16,37": 48.60646933021022,
        "16,38": 10.968460786548501,
        "16,39": 15.677689856697004,
        "16,40": 44.54143599476855,
        "17,0": 54.54793507104566,
        "17,1": 48.13867245339133,
        "17,2": 61.979804156196394,
        "17,3": 92.56625501870465,
        "17,4": 24.47761672835115,
        "17,5": 100.51556996942327,
        "17,6": 32.643878878094874,
        "17,7": 47.058207080496814,
        "17,8": 52.947839385418185,
        "17,9": 97.26530585125052,
        "17,10": 75.36596429951346,
        "17,11": 109.8305644910331,
        "17,12": 56.7083650647755,
        "17,13": 92.94503175030142,
        "17,14": 28.57816777274998,
        "17,15": 66.9537047968943,
        "17,16": 71.52821606792514,
        "17,17": 0.0,
        "17,18": 10.582188313524545,
        "17,19": 68.37410269788846,
        "17,20": 32.372152341507025,
        "17,21": 89.87597796628881,
        "17,22": 77.38315930733033,
        "17,23": 68.14198684062528,
        "17,24": 46.17772952724109,
        "17,25": 63.987080872084405,
        "17,26": 72.39804285236653,
        "17,27": 62.72185235226882,
        "17,28": 96.5397343513673,
        "17,29": 80.17471687731278,
        "17,30": 121.94705745481936,
        "17,31": 94.46362201282386,
        "17,32": 77.49446287713359,
        "17,33": 68.59376286915797,
        "17,34": 37.46962091253578,
        "17,35": 93.03599746830258,
        "17,36": 76.62265435732064,
        "17,37": 91.83196338947744,
        "17,38": 80.57403871572784,
        "17,39": 84.193729809292,
        "17,40": 63.39352726189606,
        "18,0": 44.94556498241237,
        "18,1": 38.108129716196245,
        "18,2": 51.53890018395862,
        "18,3": 82.1672016928372,
        "18,4": 14.53385723111796,
        "18,5": 90.16920317120241,
        "18,6": 24.385597820792935,
        "18,7": 36.848033262381456,
        "18,8": 42.36785187754443,
        "18,9": 87.1144215258799,
        "18,10": 65.57103508283963,
        "18,11": 99.78486722976753,
        "18,12": 48.495107684484786,
        "18,13": 83.83008451646049,
        "18,14": 25.605013898509352,
        "18,15": 62.308833921994136,
        "18,16": 67.95287819837554,
        "18,17": 10.582188313524545,
        "18,18": 0.0,
        "18,19": 61.513815774918754,
        "18,20": 29.313509398529995,
        "18,21": 81.4462520894234,
        "18,22": 74.58171224454941,
        "18,23": 57.80861751873385,
        "18,24": 35.614447536083915,
        "18,25": 61.78480322793434,
        "18,26": 66.33197321052567,
        "18,27": 52.956111282247235,
        "18,28": 86.09701081474093,
        "18,29": 69.86932469189277,
        "18,30": 112.37963528031537,
        "18,31": 86.59439385978943,
        "18,32": 68.49185111167756,
        "18,33": 58.29848690900117,
        "18,34": 27.086114371406012,
        "18,35": 83.7336802073712,
        "18,36": 67.23452089093003,
        "18,37": 83.33704383362597,
        "18,38": 77.75568613540293,
        "18,39": 79.32883194028844,
        "18,40": 54.30410212431962,
        "19,0": 28.65781197060368,
        "19,1": 35.66713201085324,
        "19,2": 42.42169046438221,
        "19,3": 54.88054974943392,
        "19,4": 49.01289442458801,
        "19,5": 58.91696446189658,
        "19,6": 37.455595632114736,
        "19,7": 60.24365346178613,
        "19,8": 48.635034260764265,
        "19,9": 51.84806135407256,
        "19,10": 79.32524894787063,
        "19,11": 59.683103704731515,
        "19,12": 16.333279224134195,
        "19,13": 34.321459886118106,
        "19,14": 41.896168738177394,
        "19,15": 16.20068395333336,
        "19,16": 24.5981494057572,
        "19,17": 68.37410269788846,
        "19,18": 61.513815774918754,
        "19,19": 0.0,
        "19,20": 38.84912261511632,
        "19,21": 26.245023172350734,
        "19,22": 32.409144296834505,
        "19,23": 40.67597469358874,
        "19,24": 46.878195854654464,
        "19,25": 31.401303496635563,
        "19,26": 7.749483371840868,
        "19,27": 72.35177816549549,
        "19,28": 59.14091574165415,
        "19,29": 44.725092377129016,
        "19,30": 63.830009363181034,
        "19,31": 27.56864512090132,
        "19,32": 89.80231151906786,
        "19,33": 66.85148031428376,
        "19,34": 44.385563637238015,
        "19,35": 36.318557466492535,
        "19,36": 27.077366615175052,
        "19,37": 28.35017641668936,
        "19,38": 34.09923024164537,
        "19,39": 23.60875785914871,
        "19,40": 21.03962197639771,
        "20,0": 37.164871622460346,
        "20,1": 35.49953973109445,
        "20,2": 51.11342882795709,
        "20,3": 78.01975744116599,
        "20,4": 24.54357670953041,
        "20,5": 84.79311592201506,
        "20,6": 17.655907239130492,
        "20,7": 50.97445159836357,
        "20,8": 47.86598204575377,
        "20,9": 79.57735041264387,
        "20,10": 79.19460184154782,
        "20,11": 90.65989733629976,
        "20,12": 32.15043628710718,
        "20,13": 69.03442581367482,
        "20,14": 3.818277399777862,
        "20,15": 34.74564911649638,
        "20,16": 39.201174303994264,
        "20,17": 32.372152341507025,
        "20,18": 29.313509398529995,
        "20,19": 38.84912261511632,
        "20,20": 0.0,
        "20,21": 63.480152315470825,
        "20,22": 45.40798495990753,
        "20,23": 54.83407420122308,
        "20,24": 41.58363337653929,
        "20,25": 32.471480532903406,
        "20,26": 41.38105156940741,
        "20,27": 67.86578543361757,
        "20,28": 82.45607515559796,
        "20,29": 65.27337293537501,
        "20,30": 99.24442736758039,
        "20,31": 66.28011056515216,
        "20,32": 85.81861202351534,
        "20,33": 68.5544203974139,
        "20,34": 32.318369386332535,
        "20,35": 69.99268782010837,
        "20,36": 55.04420926516832,
        "20,37": 65.57628761969669,
        "20,38": 48.594682259050856,
        "20,39": 51.989780163511206,
        "20,40": 41.64293223232658,
        "21,0": 38.5755413188602,
        "21,1": 46.86382330233705,
        "21,2": 44.20766646658006,
        "21,3": 39.658497291279126,
        "21,4": 67.37568132777241,
        "21,5": 40.359328063913594,
        "21,6": 57.28665134274291,
        "21,7": 68.49906574551834,
        "21,8": 54.73827916311297,
        "21,9": 32.66640621411356,
        "21,10": 78.33857979701284,
        "21,11": 36.4640968744767,
        "21,12": 33.1730603787947,
        "21,13": 10.460849900235711,
        "21,14": 66.0386968113904,
        "21,15": 40.346648660774655,
        "21,16": 46.747297625285576,
        "21,17": 89.87597796628881,
        "21,18": 81.4462520894234,
        "21,19": 26.245023172350734,
        "21,20": 63.480152315470825,
        "21,21": 0.0,
        "21,22": 52.66984499768795,
        "21,23": 38.747532181844136,
        "21,24": 56.375706595334776,
        "21,25": 55.98041517124418,
        "21,26": 28.908337361902472,
        "21,27": 75.34856887825532,
        "21,28": 42.925794129562206,
        "21,29": 35.01387697605921,
        "21,30": 37.727837125026696,
        "21,31": 8.787161241540174,
        "21,32": 90.15781792603397,
        "21,33": 66.62597305703493,
        "21,34": 58.40559786506183,
        "21,35": 13.494028414049387,
        "21,36": 19.1020189031316,
        "21,37": 2.1195327145610885,
        "21,38": 53.115609993564334,
        "21,39": 37.02556256671252,
        "21,40": 27.974305238087915,
        "22,0": 57.98467496282206,
        "22,1": 62.97621731864896,
        "22,2": 73.27873193270545,
        "22,3": 86.9704943947482,
        "22,4": 66.69516540351461,
        "22,5": 90.35787092321753,
        "22,6": 55.614494153419216,
        "22,7": 86.46378955823877,
        "22,8": 77.20411133970659,
        "22,9": 82.97159839402289,
        "22,10": 109.42167189975078,
        "22,11": 88.97261115945057,
        "22,12": 45.12681735939976,
        "22,13": 62.7475715316645,
        "22,14": 49.20899627804878,
        "22,15": 17.310549228857724,
        "22,16": 8.38502846057298,
        "22,17": 77.38315930733033,
        "22,18": 74.58171224454941,
        "22,19": 32.409144296834505,
        "22,20": 45.40798495990753,
        "22,21": 52.66984499768795,
        "22,22": 0.0,
        "22,23": 72.52819023954152,
        "22,24": 73.64214081064051,
        "22,25": 13.73653961983743,
        "22,26": 25.606756605147833,
        "22,27": 100.91683266448186,
        "22,28": 91.124788011104,
        "22,29": 77.13089028860813,
        "22,30": 88.86265741638488,
        "22,31": 48.875856058843056,
        "22,32": 119.00888610546522,
        "22,33": 97.08568009403625,
        "22,34": 67.94263963376733,
        "22,35": 65.41091656685742,
        "22,36": 59.235198420572225,
        "22,37": 54.39518424366919,
        "22,38": 3.1919223745398315,
        "22,39": 17.484311824358528,
        "22,40": 52.74503378040188,
        "23,0": 17.89275856291096,
        "23,1": 20.61946180933977,
        "23,2": 6.990900020904046,
        "23,3": 24.501307480268718,
        "23,4": 43.746538356828495,
        "23,5": 32.37359288365308,
