{
    "num_robots": 3,
    "num_tasks": 40,
    "num_nodes": 41,
    "robot_capacity": [
        133,
        174,
        192
    ],
    "robot_speed": [
        0.85,
        0.98,
        0.95
    ],
    "task_demand": {
        "0": 0,
        "1": 5,
        "2": 6,
        "3": 10,
        "4": 7,
        "5": 14,
        "6": 12,
        "7": 15,
        "8": 5,
        "9": 14,
        "10": 10,
        "11": 9,
        "12": 5,
        "13": 8,
        "14": 9,
        "15": 10,
        "16": 10,
        "17": 6,
        "18": 13,
        "19": 8,
        "20": 11,
        "21": 7,
        "22": 15,
        "23": 12,
        "24": 13,
        "25": 5,
        "26": 11,
        "27": 8,
        "28": 13,
        "29": 5,
        "30": 14,
        "31": 14,
        "32": 8,
        "33": 12,
        "34": 8,
        "35": 5,
        "36": 15,
        "37": 9,
        "38": 14,
        "39": 14,
        "40": 6
    },
    "task_service_time": {
        "0": 0,
        "1": 94,
        "2": 90,
        "3": 43,
        "4": 81,
        "5": 26,
        "6": 64,
        "7": 99,
        "8": 36,
        "9": 47,
        "10": 29,
        "11": 68,
        "12": 85,
        "13": 52,
        "14": 66,
        "15": 54,
        "16": 86,
        "17": 25,
        "18": 18,
        "19": 21,
        "20": 71,
        "21": 47,
        "22": 20,
        "23": 52,
        "24": 61,
        "25": 19,
        "26": 47,
        "27": 68,
        "28": 66,
        "29": 45,
        "30": 68,
        "31": 10,
        "32": 32,
        "33": 80,
        "34": 96,
        "35": 14,
        "36": 78,
        "37": 56,
        "38": 14,
        "39": 36,
        "40": 21
    },
    "task_precedence": [],
    "coordinates": {
        "0": [
            50.0,
            50.0
        ],
        "1": [
            80.23977370217943,
            67.88173922882737
        ],
        "2": [
            68.5673234932048,
            49.38300479846139
        ],
        "3": [
            55.29483324626595,
            54.956973157378776
        ],
        "4": [
            65.75747844288328,
            3.1735364074677808
        ],
        "5": [
            41.396431476873055,
            64.12430969992852
        ],
        "6": [
            29.65943570818591,
            94.10387197818115
        ],
        "7": [
            19.22210017692857,
            30.232350105535154
        ],
        "8": [
            1.7060366095391521,
            70.72089999994643
        ],
        "9": [
            1.3664456545753878,
            39.33637890494423
        ],
        "10": [
            76.29049448729938,
            29.170967701161686
        ],
        "11": [
            94.26717232268018,
            13.464008331505628
        ],
        "12": [
            96.43206055801116,
            4.423542311618556
        ],
        "13": [
            49.82984498664488,
            64.28388115093637
        ],
        "14": [
            23.49233307270595,
            77.04943162405966
        ],
        "15": [
            69.60879342732844,
            94.66965512102826
        ],
        "16": [
            89.30864204117906,
            25.839799855748502
        ],
        "17": [
            62.37270504772498,
            21.599989699582178
        ],
        "18": [
            23.94841079952362,
            8.953281165226235
        ],
        "19": [
            72.36739769243385,
            85.44191197799462
        ],
        "20": [
            73.50357517817886,
            22.51848052056864
        ],
        "21": [
            11.787294560778205,
            49.04315594080436
        ],
        "22": [
            68.44537585569788,
            37.801986020507364
        ],
        "23": [
            6.542400572906071,
            18.932113463748436
        ],
        "24": [
            84.05378330220952,
            34.49603451004808
        ],
        "25": [
            76.01243998413597,
            30.961622944081522
        ],
        "26": [
            93.84598650706289,
            56.30305344683625
        ],
        "27": [
            61.402373200200934,
            54.53718770979151
        ],
        "28": [
            73.89348377323866,
            41.33928274410115
        ],
        "29": [
            55.7156875931095,
            18.73054736921147
        ],
        "30": [
            83.26373346732552,
            20.80320859459982
        ],
        "31": [
            88.0788274602566,
            89.40491247797092
        ],
        "32": [
            77.19583210465153,
            8.833785230856272
        ],
        "33": [
            63.6523094715367,
            36.061542799760836
        ],
        "34": [
            72.93023448184191,
            7.002683055532133
        ],
        "35": [
            96.73813625325626,
            31.669854069112645
        ],
        "36": [
            77.03671242965181,
            43.003549197608415
        ],
        "37": [
            85.23705452696503,
            21.544195445734836
        ],
        "38": [
            74.49491460652611,
            89.05290401899701
        ],
        "39": [
            42.130575926632616,
            47.70498033125639
        ],
        "40": [
            36.4293755691516,
            27.559736631242572
        ]
    },
    "distance_matrix_str_keys": {
        "0,0": 0.0,
        "0,1": 35.13119000840715,
        "0,2": 18.577572090562224,
        "0,3": 7.253057423510237,
        "0,4": 49.40663740289028,
        "0,5": 16.538364968509903,
        "0,6": 48.56840618320942,
        "0,7": 36.5792167749551,
        "0,8": 52.5515232582934,
        "0,9": 49.78890863564181,
        "0,10": 33.54159636768603,
        "0,11": 57.39739743791658,
        "0,12": 65.0626601291681,
        "0,13": 14.284894590533215,
        "0,14": 37.87252509554965,
        "0,15": 48.78404317302169,
        "0,16": 46.13983756074396,
        "0,17": 30.97812801416247,
        "0,18": 48.61603055547983,
        "0,19": 41.909779338328825,
        "0,20": 36.16147064286339,
        "0,21": 38.22468322351866,
        "0,22": 22.113874276161106,
        "0,23": 53.42074991794065,
        "0,24": 37.417016224005145,
        "0,25": 32.23518008095501,
        "0,26": 44.29671562916618,
        "0,27": 12.271926780687034,
        "0,28": 25.414692408302784,
        "0,29": 31.78754083742801,
        "0,30": 44.25978527462285,
        "0,31": 54.79730128523248,
        "0,32": 49.338327112739265,
        "0,33": 19.510667416301,
        "0,34": 48.72950767056112,
        "0,35": 50.20405989833465,
        "0,36": 27.927301030245918,
        "0,37": 45.2921938590619,
        "0,38": 46.09913398208256,
        "0,39": 8.197252620629314,
        "0,40": 26.224554667378737,
        "1,0": 35.13119000840715,
        "1,1": 0.0,
        "1,2": 21.873483248129453,
        "1,3": 28.094476901176467,
        "1,4": 66.30903700362147,
        "1,5": 39.02465261724838,
        "1,6": 56.9734222029128,
        "1,7": 71.69820767488665,
        "1,8": 78.58504116955214,
        "1,9": 83.87991102358946,
        "1,10": 38.91170310567524,
        "1,11": 56.196595520296,
        "1,12": 65.49147203724155,
        "1,13": 30.62202389184194,
        "1,14": 57.48320278002278,
        "1,15": 28.82030845518312,
        "1,16": 43.00894138664365,
        "1,17": 49.61081013036147,
        "1,18": 81.49405320139681,
        "1,19": 19.24406326687308,
        "1,20": 45.86067608733171,
        "1,21": 70.99742333989136,
        "1,22": 32.30943165136964,
        "1,23": 88.47241755878848,
        "1,24": 33.60285625953014,
        "1,25": 37.161341967733925,
        "1,26": 17.86602897484099,
        "1,27": 23.085162180849892,
        "1,28": 27.29060996214193,
        "1,29": 54.92968651563423,
        "1,30": 47.175548532466735,
        "1,31": 22.906281901143895,
        "1,32": 59.12636004182628,
        "1,33": 35.88410331034107,
        "1,34": 61.31630161845127,
        "1,35": 39.79317270194903,
        "1,36": 25.083539238811746,
        "1,37": 46.60623112301388,
        "1,38": 21.93676422359117,
        "1,39": 43.12090623707313,
        "1,40": 59.54170704685955,
        "2,0": 18.577572090562224,
        "2,1": 21.873483248129453,
        "2,2": 0.0,
        "2,3": 14.395420126599255,
        "2,4": 46.29481826495331,
        "2,5": 30.91218923274731,
        "2,6": 59.27714309240753,
        "2,7": 52.93107442042782,
        "2,8": 70.18359819337704,
        "2,9": 67.94772015400284,
        "2,10": 21.637324553341696,
        "2,11": 44.166237524279424,
        "2,12": 52.89420420799071,
        "2,13": 23.940117310814138,
        "2,14": 52.88842911927189,
        "2,15": 45.29862422924265,
        "2,16": 31.376500666631415,
        "2,17": 28.465228361452315,
        "2,18": 60.211377023168275,
        "2,19": 36.25859002914812,
        "2,20": 27.314268164732116,
        "2,21": 56.781045982028644,
        "2,22": 11.58166081188779,
        "2,23": 69.09665582607812,
        "2,24": 21.481441333951956,
        "2,25": 19.86899768454391,
        "2,26": 26.208736655246696,
        "2,27": 8.826217433570484,
        "2,28": 9.647250790583387,
        "2,29": 33.237594554368656,
        "2,30": 32.1370380897446,
        "2,31": 44.52473336656226,
        "2,32": 41.457090689044506,
        "2,33": 14.199250424442026,
        "2,34": 42.60430334284288,
        "2,35": 33.2768748581129,
        "2,36": 10.603207190282834,
        "2,37": 32.44810069812045,
        "2,38": 40.110313394115714,
        "2,39": 26.489948811033944,
        "2,40": 38.847171457745816,
        "3,0": 7.253057423510237,
        "3,1": 28.094476901176467,
        "3,2": 14.395420126599255,
        "3,3": 0.0,
        "3,4": 52.82983310727313,
        "3,5": 16.649493416552694,
        "3,6": 46.793731356043175,
        "3,7": 43.73270007840156,
        "3,8": 55.859292104987205,
        "3,9": 56.14511513069321,
        "3,10": 33.252606940453425,
        "3,11": 56.92547183052723,
        "3,12": 65.16056402411989,
        "3,13": 10.810055938712095,
        "3,14": 38.72306468232214,
        "3,15": 42.21358270522668,
        "3,16": 44.77442316562078,
        "3,17": 34.09962777863719,
        "3,18": 55.66810466612341,
        "3,19": 34.94000503241588,
        "3,20": 37.19965170927531,
        "3,21": 43.90762071144672,
        "3,22": 21.61551189744782,
        "3,23": 60.61839825924338,
        "3,24": 35.294861079909175,
        "3,25": 31.701672839202374,
        "3,26": 38.574646464784614,
        "3,27": 6.12194937180292,
        "3,28": 23.0510584055556,
        "3,29": 36.2288703076269,
        "3,30": 44.14452416082115,
        "3,31": 47.554713752247224,
        "3,32": 51.05881134045639,
        "3,33": 20.661188185957634,
        "3,34": 51.09423955703638,
        "3,35": 47.53774584012478,
        "3,36": 24.8111598839506,
        "3,37": 44.86591500939303,
        "3,38": 39.13023927298248,
        "3,39": 15.029606472813933,
        "3,40": 33.26430613489547,
        "4,0": 49.40663740289028,
        "4,1": 66.30903700362147,
        "4,2": 46.29481826495331,
        "4,3": 52.82983310727313,
        "4,4": 0.0,
        "4,5": 65.63884043940068,
        "4,6": 97.83350456913305,
        "4,7": 53.83048234134828,
        "4,8": 93.08723612410445,
        "4,9": 73.85090575641054,
        "4,10": 28.050149034582013,
        "4,11": 30.310005898038686,
        "4,12": 30.700040760528882,
        "4,13": 63.15191004381311,
        "4,14": 85.1116349696978,
        "4,15": 91.57713888714456,
        "4,16": 32.68664567588052,
        "4,17": 18.734750381658277,
        "4,18": 42.20667703896932,
        "4,19": 82.5334880609007,
        "4,20": 20.838159164656375,
        "4,21": 70.82939181160098,
        "4,22": 34.732611694265614,
        "4,23": 61.276081777364,
        "4,24": 36.27469722673852,
        "4,25": 29.61995931089213,
        "4,26": 60.09750299395165,
        "4,27": 51.5479545353794,
        "4,28": 39.023310676668814,
        "4,29": 18.516429286836427,
        "4,30": 24.845005663242382,
        "4,31": 89.0735249160374,
        "4,32": 12.762223600703674,
        "4,33": 32.95531369684454,
        "4,34": 8.13085439832739,
        "4,35": 42.093245047594,
        "4,36": 41.39626840901292,
        "4,37": 26.775641876821414,
        "4,38": 86.32270021303731,
        "4,39": 50.411110089443,
        "4,40": 38.14216013188323,
        "5,0": 16.538364968509903,
        "5,1": 39.02465261724838,
        "5,2": 30.91218923274731,
        "5,3": 16.649493416552694,
        "5,4": 65.63884043940068,
        "5,5": 0.0,
        "5,6": 32.19520498567773,
        "5,7": 40.50143076173593,
        "5,8": 40.23484122388425,
        "5,9": 47.083343955482626,
        "5,10": 49.38959151742764,
        "5,11": 73.22418570611714,
        "5,12": 81.19791927820386,
        "5,13": 8.4349230271994,
        "5,14": 22.082017942655394,
        "5,15": 41.58071059659516,
        "5,16": 61.32930470148436,
        "5,17": 47.41647228981798,
        "5,18": 57.86428790829579,
        "5,19": 37.5984163923325,
        "5,20": 52.55391230306622,
        "5,21": 33.2286350550605,
        "5,22": 37.742682945081874,
        "5,23": 57.071341940628095,
        "5,24": 51.9373117852457,
        "5,25": 47.937791332531454,
        "5,26": 53.02950001877678,
        "5,27": 22.1844678162664,
        "5,28": 39.68898916992597,
        "5,29": 47.598684375306014,
        "5,30": 60.246068560013576,
        "5,31": 53.0881810911863,
        "5,32": 65.86834734053423,
        "5,33": 35.81679761517632,
        "5,34": 65.24768932658074,
        "5,35": 64.15602838275566,
        "5,36": 41.428446152243865,
        "5,37": 61.11518926846618,
        "5,38": 41.43602780441945,
        "5,39": 16.43573378313399,
        "5,40": 36.900401733391796,
        "6,0": 48.56840618320942,
        "6,1": 56.9734222029128,
        "6,2": 59.27714309240753,
        "6,3": 46.793731356043175,
        "6,4": 97.83350456913305,
        "6,5": 32.19520498567773,
        "6,6": 0.0,
        "6,7": 64.71869343025972,
        "6,8": 36.44387328074687,
        "6,9": 61.64390954263654,
        "6,10": 79.94208966939574,
        "6,11": 103.32931452110908,
        "6,12": 111.80851916754307,
        "6,13": 36.001073086749884,
        "6,14": 18.13524443476931,
        "6,15": 39.95336397272128,
        "6,16": 90.65324792246925,
        "6,17": 79.54225880844825,
        "6,18": 85.3418942917407,
        "6,19": 43.57751218108715,
        "6,20": 83.9450822621779,
        "6,21": 48.4755769330698,
        "6,22": 68.36849797616797,
        "6,23": 78.64598267933302,
        "6,24": 80.69596853503174,
        "6,25": 78.32971733952893,
        "6,26": 74.49036974734709,
        "6,27": 50.726093725186495,
        "6,28": 68.85312545747351,
        "6,29": 79.75002398055877,
        "6,30": 90.80973510986364,
        "6,31": 58.60806730362742,
        "6,32": 97.62528707388378,
        "6,33": 67.26386431916623,
        "6,34": 97.25728321441652,
        "6,35": 91.63819432466524,
        "6,36": 69.68392452941407,
        "6,37": 91.39900640629935,
        "6,38": 45.119091805667075,
        "6,39": 48.04567081862031,
        "6,40": 66.88762243339774,
        "7,0": 36.5792167749551,
        "7,1": 71.69820767488665,
        "7,2": 52.93107442042782,
        "7,3": 43.73270007840156,
        "7,4": 53.83048234134828,
        "7,5": 40.50143076173593,
        "7,6": 64.71869343025972,
        "7,7": 0.0,
        "7,8": 44.115021879730016,
        "7,9": 20.04264799875759,
        "7,10": 57.0782634789486,
        "7,11": 76.89564447490982,
        "7,12": 81.4092902670922,
        "7,13": 45.785814493930744,
        "7,14": 47.01142425938985,
        "7,15": 81.7984421267886,
        "7,16": 70.22405462650413,
        "7,17": 44.00559449540323,
        "7,18": 21.797632602364747,
        "7,19": 76.63235850579376,
        "7,20": 54.82683934247197,
        "7,21": 20.226783004772138,
        "7,22": 49.80191016852023,
        "7,23": 16.984408444471285,
        "7,24": 64.97173340428995,
        "7,25": 56.79502209077065,
        "7,26": 79.04685941720226,
        "7,27": 48.68162449309875,
        "7,28": 55.78820786664979,
        "7,29": 38.26321194943966,
        "7,30": 64.73205932252522,
        "7,31": 90.78899178804892,
        "7,32": 61.79686215596489,
        "7,33": 44.81096947655893,
        "7,34": 58.516502986496086,
        "7,35": 77.5293638993113,
        "7,36": 59.208385522509474,
        "7,37": 66.58421907051253,
        "7,38": 80.71518802341477,
        "7,39": 28.811301049754167,
        "7,40": 17.41359208224353,
        "8,0": 52.5515232582934,
        "8,1": 78.58504116955214,
        "8,2": 70.18359819337704,
        "8,3": 55.859292104987205,
        "8,4": 93.08723612410445,
        "8,5": 40.23484122388425,
        "8,6": 36.44387328074687,
        "8,7": 44.115021879730016,
        "8,8": 0.0,
        "8,9": 31.386358284760128,
        "8,10": 85.37703573533685,
        "8,11": 108.83894288368514,
        "8,12": 115.62162102972168,
        "8,13": 48.55240616466811,
        "8,14": 22.686846984506143,
        "8,15": 72.00227257042219,
        "8,16": 98.43032880451588,
        "8,17": 78.05964698949902,
        "8,18": 65.65030042671981,
        "8,19": 72.17850194999245,
        "8,20": 86.4775103028597,
        "8,21": 23.907244704756124,
        "8,22": 74.41635774881468,
        "8,23": 52.014121421764266,
        "8,24": 89.9632828720775,
        "8,25": 84.27479869138412,
        "8,26": 93.26116376256097,
        "8,27": 61.851153148798254,
        "8,28": 77.93784036384953,
        "8,29": 74.96692047853674,
        "8,30": 95.62130427883731,
        "8,31": 88.37053423862932,
        "8,32": 97.61518426114057,
        "8,33": 70.98317943726605,
        "8,34": 95.56619451002734,
        "8,35": 102.7428058356665,
        "8,36": 80.26806497614587,
        "8,37": 96.9318277199679,
        "8,38": 75.06186203002653,
        "8,39": 46.517479910188904,
        "8,40": 55.394912147633946,
        "9,0": 49.78890863564181,
        "9,1": 83.87991102358946,
        "9,2": 67.94772015400284,
        "9,3": 56.14511513069321,
        "9,4": 73.85090575641054,
        "9,5": 47.083343955482626,
        "9,6": 61.64390954263654,
        "9,7": 20.04264799875759,
        "9,8": 31.386358284760128,
        "9,9": 0.0,
        "9,10": 75.61050640242001,
        "9,11": 96.4361165464021,
        "9,12": 101.27377397905447,
        "9,13": 54.507604452346065,
        "9,14": 43.72446957293557,
        "9,15": 87.8566416746214,
        "9,16": 88.97183571968804,
        "9,17": 63.53222164530638,
        "9,18": 37.856013763587335,
        "9,19": 84.6572818500123,
        "9,20": 74.07163534020515,
        "9,21": 14.24133464074944,
        "9,22": 67.09647709418783,
        "9,23": 21.050523924866305,
        "9,24": 82.82888832475693,
        "9,25": 75.1143195859005,
        "9,26": 94.0230478196564,
        "9,27": 61.93042212503579,
        "9,28": 72.55468890468035,
        "9,29": 58.12435283572897,
        "9,30": 83.96811390543832,
        "9,31": 100.12939235093528,
        "9,32": 81.73435061368936,
        "9,33": 62.37189577799334,
        "9,34": 78.52925415789893,
        "9,35": 95.67933408374525,
        "9,36": 75.75907478161699,
        "9,37": 85.73704464740739,
        "9,38": 88.42796978712482,
        "9,39": 41.61427407356431,
        "9,40": 36.98781363418525,
        "10,0": 33.54159636768603,
        "10,1": 38.91170310567524,
        "10,2": 21.637324553341696,
        "10,3": 33.252606940453425,
        "10,4": 28.050149034582013,
        "10,5": 49.38959151742764,
        "10,6": 79.94208966939574,
        "10,7": 57.0782634789486,
        "10,8": 85.37703573533685,
        "10,9": 75.61050640242001,
        "10,10": 0.0,
        "10,11": 23.87193998478334,
        "10,12": 31.907957427448277,
        "10,13": 43.96683594401415,
        "10,14": 71.27407071563758,
        "10,15": 65.8386146784712,
        "10,16": 13.437590741978191,
        "10,17": 15.84375494586841,
        "10,18": 56.11103789490502,
        "10,19": 56.407533701344555,
        "10,20": 7.212662817815873,
        "10,21": 67.49493807829262,
        "10,22": 11.663634235210816,
        "10,23": 70.49560795387202,
        "10,24": 9.414084647102573,
        "10,25": 1.812114926191425,
        "10,26": 32.316332975240506,
        "10,27": 29.412603981721272,
        "10,28": 12.402159140550838,
        "10,29": 23.072170583649104,
        "10,30": 10.892449418657176,
        "10,31": 61.37664782029901,
        "10,32": 20.357323670656974,
        "10,33": 14.394573480380833,
        "10,34": 22.42151180081156,
        "10,35": 20.599769097464055,
        "10,36": 13.852694758541714,
        "10,37": 11.756215019277711,
        "10,38": 59.90885080087518,
        "10,39": 38.8639892476814,
        "10,40": 39.89366950992841,
        "11,0": 57.39739743791658,
        "11,1": 56.196595520296,
        "11,2": 44.166237524279424,
        "11,3": 56.92547183052723,
        "11,4": 30.310005898038686,
        "11,5": 73.22418570611714,
        "11,6": 103.32931452110908,
        "11,7": 76.89564447490982,
        "11,8": 108.83894288368514,
        "11,9": 96.4361165464021,
        "11,10": 23.87193998478334,
        "11,11": 0.0,
        "11,12": 9.296061904280073,
        "11,13": 67.50804051483843,
        "11,14": 95.14296572081915,
        "11,15": 84.86691181050148,
        "11,16": 13.332188057632754,
        "11,17": 32.91582044511237,
        "11,18": 70.46328747453651,
        "11,19": 75.2357544137017,
        "11,20": 22.651941042693423,
        "11,21": 89.8265327184711,
        "11,22": 35.483831962918075,
        "11,23": 87.89502689166905,
        "11,24": 23.380749356219646,
        "11,25": 25.286394956223425,
        "11,26": 42.84111557703195,
        "11,27": 52.603242158651796,
        "11,28": 34.52706342403227,
        "11,29": 38.909554203177414,
        "11,30": 13.226470698766564,
        "11,31": 76.1926278239497,
        "11,32": 17.688120951685896,
        "11,33": 38.05152285307787,
        "11,34": 22.29380274304342,
        "11,35": 18.372764674042706,
        "11,36": 34.19756164853593,
        "11,37": 12.117444087159935,
        "11,38": 78.13208896764803,
        "11,39": 62.3752262300673,
        "11,40": 59.5306667995789,
        "12,0": 65.0626601291681,
        "12,1": 65.49147203724155,
        "12,2": 52.89420420799071,
        "12,3": 65.16056402411989,
        "12,4": 30.700040760528882,
        "12,5": 81.19791927820386,
        "12,6": 111.80851916754307,
        "12,7": 81.4092902670922,
        "12,8": 115.62162102972168,
        "12,9": 101.27377397905447,
        "12,10": 31.907957427448277,
        "12,11": 9.296061904280073,
        "12,12": 0.0,
        "12,13": 75.86189202833023,
        "12,14": 102.93067397065627,
        "12,15": 94.14801398209451,
        "12,16": 22.569873250916796,
        "12,17": 38.14538035788271,
        "12,18": 72.62505088736924,
        "12,19": 84.51676888187018,
        "12,20": 29.208598573004235,
        "12,21": 95.68514164249405,
        "12,22": 43.55886850061828,
        "12,23": 91.05300439367291,
        "12,24": 32.52040182479455,
        "12,25": 33.48478203656301,
        "12,26": 51.943926060956976,
        "12,27": 61.14291824471376,
        "12,28": 43.25227549114054,
        "12,29": 43.1568467468948,
        "12,30": 21.016619754592277,
        "12,31": 85.3909232795619,
        "12,32": 19.735316762507992,
        "12,33": 45.557383113814986,
        "12,34": 23.642922744267977,
        "12,35": 27.24803087780437,
        "12,36": 43.18097336030392,
        "12,37": 20.455926372909268,
        "12,38": 87.42635320940163,
        "12,39": 69.44014768287573,
        "12,40": 64.30867510272401,
        "13,0": 14.284894590533215,
        "13,1": 30.62202389184194,
        "13,2": 23.940117310814138,
        "13,3": 10.810055938712095,
        "13,4": 63.15191004381311,
        "13,5": 8.4349230271994,
        "13,6": 36.001073086749884,
        "13,7": 45.785814493930744,
        "13,8": 48.55240616466811,
        "13,9": 54.507604452346065,
        "13,10": 43.96683594401415,
        "13,11": 67.50804051483843,
        "13,12": 75.86189202833023,
        "13,13": 0.0,
        "13,14": 29.26813647464993,
        "13,15": 36.256062405902995,
        "13,16": 55.10465319284852,
        "13,17": 44.48862695052327,
        "13,18": 61.084563765004944,
        "13,19": 30.912837955208243,
        "13,20": 48.00827211009232,
        "13,21": 40.981890486352164,
        "13,22": 32.37018318199179,
        "13,23": 62.69438313138738,
        "13,24": 45.37172865704649,
        "13,25": 42.37807419889382,
        "13,26": 44.73381634946875,
        "13,27": 15.130150107953558,
        "13,28": 33.24926025797575,
        "13,29": 45.932008031625536,
        "13,30": 54.84882665007473,
        "13,31": 45.7608006398545,
        "13,32": 61.83534902051568,
        "13,33": 31.425481801307818,
        "13,34": 61.76377295854546,
        "13,35": 57.13197486563177,
        "13,36": 34.54078985931244,
        "13,37": 55.500911898918794,
        "13,38": 34.955259306606486,
        "13,39": 18.27946105461667,
        "13,40": 39.092651116450625,
        "14,0": 37.87252509554965,
        "14,1": 57.48320278002278,
        "14,2": 52.88842911927189,
        "14,3": 38.72306468232214,
        "14,4": 85.1116349696978,
        "14,5": 22.082017942655394,
        "14,6": 18.13524443476931,
        "14,7": 47.01142425938985,
        "14,8": 22.686846984506143,
        "14,9": 43.72446957293557,
        "14,10": 71.27407071563758,
        "14,11": 95.14296572081915,
        "14,12": 102.93067397065627,
        "14,13": 29.26813647464993,
        "14,14": 0.0,
        "14,15": 49.368007775507735,
        "14,16": 83.3919235422684,
        "14,17": 67.72240349139896,
        "14,18": 68.09767774458231,
        "14,19": 49.59037878534266,
        "14,20": 73.99154657921103,
        "14,21": 30.353902619139586,
        "14,22": 59.67527161105595,
        "14,23": 60.53860654074071,
        "14,24": 74.01676066840137,
        "14,25": 69.8745142302278,
        "14,26": 73.34881566210852,
        "14,27": 44.090500887649064,
        "14,28": 61.76965861138146,
        "14,29": 66.62909902796218,
        "14,30": 82.07470932153015,
        "14,31": 65.75768521172625,
        "14,32": 86.81843249631235,
        "14,33": 57.383192091654536,
        "14,34": 85.73594975715824,
        "14,35": 86.16410936480088,
        "14,36": 63.45173497167964,
        "14,37": 83.02554950541226,
        "14,38": 52.396055888301326,
        "14,39": 34.763212140963795,
        "14,40": 51.15268300917271,
        "15,0": 48.78404317302169,
        "15,1": 28.82030845518312,
        "15,2": 45.29862422924265,
        "15,3": 42.21358270522668,
        "15,4": 91.57713888714456,
        "15,5": 41.58071059659516,
        "15,6": 39.95336397272128,
        "15,7": 81.7984421267886,
        "15,8": 72.00227257042219,
        "15,9": 87.8566416746214,
        "15,10": 65.8386146784712,
        "15,11": 84.86691181050148,
        "15,12": 94.14801398209451,
        "15,13": 36.256062405902995,
        "15,14": 49.368007775507735,
        "15,15": 0.0,
        "15,16": 71.59352632220312,
        "15,17": 73.42708614564182,
        "15,18": 97.11934568276516,
        "15,19": 9.631258536933897,
        "15,20": 72.25621994757797,
        "15,21": 73.6552995962778,
        "15,22": 56.879568646151995,
        "15,23": 98.55731897711368,
        "15,24": 61.88313461614235,
        "15,25": 64.02905631885724,
        "15,26": 45.38102744992053,
        "15,27": 40.96291339075124,
        "15,28": 53.50221667577939,
        "15,29": 77.1995238059332,
        "15,30": 75.11796928789826,
        "15,31": 19.20571978018921,
        "15,32": 86.17052695494979,
        "15,33": 58.91002063297807,
        "15,34": 87.72986926817505,
        "15,35": 68.5928288871925,
        "15,36": 52.197322555808505,
        "15,37": 74.77683730756054,
        "15,38": 7.444600265962792,
        "15,39": 54.4126190798107,
        "15,40": 74.86397617755273,
        "16,0": 46.13983756074396,
        "16,1": 43.00894138664365,
        "16,2": 31.376500666631415,
        "16,3": 44.77442316562078,
        "16,4": 32.68664567588052,
        "16,5": 61.32930470148436,
        "16,6": 90.65324792246925,
        "16,7": 70.22405462650413,
        "16,8": 98.43032880451588,
        "16,9": 88.97183571968804,
        "16,10": 13.437590741978191,
        "16,11": 13.332188057632754,
        "16,12": 22.569873250916796,
        "16,13": 55.10465319284852,
        "16,14": 83.3919235422684,
        "16,15": 71.59352632220312,
        "16,16": 0.0,
        "16,17": 27.267575834233213,
        "16,18": 67.50640222562619,
        "16,19": 61.9630335725801,
        "16,20": 16.150272464269644,
        "16,21": 80.91943554416918,
        "16,22": 24.049319611302742,
        "16,23": 83.05399965127924,
        "16,24": 10.126398113683923,
        "16,25": 14.248581013206126,
        "16,26": 30.79930704020802,
        "16,27": 40.028738554572534,
        "16,28": 21.860033719827324,
        "16,29": 34.33697801885613,
        "16,30": 7.86817457852374,
        "16,31": 63.577008317309726,
        "16,32": 20.87880978361766,
        "16,33": 27.617592757833858,
        "16,34": 24.96175481661388,
        "16,35": 9.443882484341577,
        "16,36": 21.099633832379077,
        "16,37": 5.91861826216495,
        "16,38": 64.925673338533,
        "16,39": 51.99861574633546,
        "16,40": 52.90723017822218,
        "17,0": 30.97812801416247,
        "17,1": 49.61081013036147,
        "17,2": 28.465228361452315,
        "17,3": 34.09962777863719,
        "17,4": 18.734750381658277,
        "17,5": 47.41647228981798,
        "17,6": 79.54225880844825,
        "17,7": 44.00559449540323,
        "17,8": 78.05964698949902,
        "17,9": 63.53222164530638,
        "17,10": 15.84375494586841,
        "17,11": 32.91582044511237,
        "17,12": 38.14538035788271,
        "17,13": 44.48862695052327,
        "17,14": 67.72240349139896,
        "17,15": 73.42708614564182,
        "17,16": 27.267575834233213,
        "17,17": 0.0,
        "17,18": 40.452016330775294,
        "17,19": 64.6195397791183,
        "17,20": 11.168701591915996,
        "17,21": 57.55007495630446,
        "17,22": 17.302659203870355,
        "17,23": 55.89401096146805,
        "17,24": 25.226516327678443,
        "17,25": 16.543353533672242,
        "17,26": 46.84944054377473,
        "17,27": 32.951487927831984,
        "17,28": 22.855372067407774,
        "17,29": 7.249108957546327,
        "17,30": 20.906217461746028,
        "17,31": 72.51422124294876,
        "17,32": 19.562747053599228,
        "17,33": 14.518054468513524,
        "17,34": 18.015071163130965,
        "17,35": 35.81040394023561,
        "17,36": 25.94504715129178,
        "17,37": 22.864417554523165,
        "17,38": 68.53352183252957,
        "17,39": 33.03353337496269,
        "17,40": 26.61907075619376,
        "18,0": 48.61603055547983,
        "18,1": 81.49405320139681,
        "18,2": 60.211377023168275,
        "18,3": 55.66810466612341,
        "18,4": 42.20667703896932,
        "18,5": 57.86428790829579,
        "18,6": 85.3418942917407,
        "18,7": 21.797632602364747,
        "18,8": 65.65030042671981,
        "18,9": 37.856013763587335,
        "18,10": 56.11103789490502,
        "18,11": 70.46328747453651,
        "18,12": 72.62505088736924,
        "18,13": 61.084563765004944,
        "18,14": 68.09767774458231,
        "18,15": 97.11934568276516,
        "18,16": 67.50640222562619,
        "18,17": 40.452016330775294,
        "18,18": 0.0,
        "18,19": 90.52573631486129,
        "18,20": 51.37829259663777,
        "18,21": 41.8938039296244,
        "18,22": 53.03044098475435,
        "18,23": 20.063556166620728,
        "18,24": 65.3076416058721,
        "18,25": 56.52459856373218,
        "18,26": 84.42554130659457,
        "18,27": 58.997388377579995,
        "18,28": 59.52615738157981,
        "18,29": 33.23785205611054,
        "18,30": 60.48742252127193,
        "18,31": 102.88428121905223,
        "18,32": 53.247555389183084,
        "18,33": 48.07553867200931,
        "18,34": 49.0206475297018,
        "18,35": 76.25212663347403,
        "18,36": 63.06971161380508,
        "18,37": 62.56859413770105,
        "18,38": 94.7148279227051,
        "18,39": 42.8052019848518,
        "18,40": 22.4047911525536,
        "19,0": 41.909779338328825,
        "19,1": 19.24406326687308,
        "19,2": 36.25859002914812,
        "19,3": 34.94000503241588,
        "19,4": 82.5334880609007,
        "19,5": 37.5984163923325,
        "19,6": 43.57751218108715,
        "19,7": 76.63235850579376,
        "19,8": 72.17850194999245,
        "19,9": 84.6572818500123,
        "19,10": 56.407533701344555,
        "19,11": 75.2357544137017,
        "19,12": 84.51676888187018,
        "19,13": 30.912837955208243,
        "19,14": 49.59037878534266,
        "19,15": 9.631258536933897,
        "19,16": 61.9630335725801,
        "19,17": 64.6195397791183,
        "19,18": 90.52573631486129,
        "19,19": 0.0,
        "19,20": 62.933688320775374,
        "19,21": 70.67402872694416,
        "19,22": 47.80109622720698,
        "19,23": 93.57608425335752,
        "19,24": 52.26905432088279,
        "19,25": 54.6020899465122,
        "19,26": 36.19948692960673,
        "19,27": 32.79228177801798,
        "19,28": 44.12902496167688,
        "19,29": 68.75816763990986,
        "19,30": 65.55068350830278,
        "19,31": 16.20353042741116,
        "19,32": 76.76013850025744,
        "19,33": 50.14353021952764,
        "19,34": 78.44124820017836,
        "19,35": 59.036997804394765,
        "19,36": 42.694462587024915,
        "19,37": 65.1808733070954,
        "19,38": 4.191132512809782,
        "19,39": 48.356399789556555,
        "19,40": 68.13139993428635,
        "20,0": 36.16147064286339,
        "20,1": 45.86067608733171,
        "20,2": 27.314268164732116,
        "20,3": 37.19965170927531,
        "20,4": 20.838159164656375,
        "20,5": 52.55391230306622,
        "20,6": 83.9450822621779,
        "20,7": 54.82683934247197,
        "20,8": 86.4775103028597,
        "20,9": 74.07163534020515,
        "20,10": 7.212662817815873,
        "20,11": 22.651941042693423,
        "20,12": 29.208598573004235,
        "20,13": 48.00827211009232,
        "20,14": 73.99154657921103,
        "20,15": 72.25621994757797,
        "20,16": 16.150272464269644,
        "20,17": 11.168701591915996,
        "20,18": 51.37829259663777,
        "20,19": 62.933688320775374,
        "20,20": 0.0,
        "20,21": 67.17482935887966,
        "20,22": 16.09878631303007,
        "20,23": 67.0571467718697,
        "20,24": 15.9614752147556,
        "20,25": 8.80801093313883,
        "20,26": 39.4361644494467,
        "20,27": 34.229179063790134,
        "20,28": 18.824840638099108,
        "20,29": 18.186736438905566,
        "20,30": 9.90973499187617,
        "20,31": 68.45606444339623,
        "20,32": 14.174048341365332,
        "20,33": 16.74699889296415,
        "20,34": 15.526386911645268,
        "20,35": 24.971833456446333,
        "20,36": 20.78752264077617,
        "20,37": 11.773859564112154,
        "20,38": 66.54180839239652,
        "20,39": 40.23213708903984,
        "20,40": 37.41537838674633,
        "21,0": 38.22468322351866,
        "21,1": 70.99742333989136,
        "21,2": 56.781045982028644,
        "21,3": 43.90762071144672,
        "21,4": 70.82939181160098,
        "21,5": 33.2286350550605,
        "21,6": 48.4755769330698,
        "21,7": 20.226783004772138,
        "21,8": 23.907244704756124,
        "21,9": 14.24133464074944,
        "21,10": 67.49493807829262,
        "21,11": 89.8265327184711,
        "21,12": 95.68514164249405,
        "21,13": 40.981890486352164,
        "21,14": 30.353902619139586,
        "21,15": 73.6552995962778,
        "21,16": 80.91943554416918,
        "21,17": 57.55007495630446,
        "21,18": 41.8938039296244,
        "21,19": 70.67402872694416,
        "21,20": 67.17482935887966,
        "21,21": 0.0,
        "21,22": 57.762462527135355,
        "21,23": 30.564420360921023,
        "21,24": 73.71610500383609,
        "21,25": 66.7218940091109,
        "21,26": 82.37921482833723,
        "21,27": 49.91833744702182,
        "21,28": 62.582173186338146,
        "21,29": 53.37188354196973,
        "21,30": 76.85295013776502,
        "21,31": 86.31030867119931,
        "21,32": 76.77936100618653,
        "21,33": 53.46496096918911,
        "21,34": 74.20148558221806,
        "21,35": 86.70915247069016,
        "21,36": 65.52834029516802,
        "21,37": 78.42869415845105,
        "21,38": 74.38430985821086,
        "21,39": 30.372774618223417,
        "21,40": 32.69203972917091,
        "22,0": 22.113874276161106,
        "22,1": 32.30943165136964,
        "22,2": 11.58166081188779,
        "22,3": 21.61551189744782,
        "22,4": 34.732611694265614,
        "22,5": 37.742682945081874,
        "22,6": 68.36849797616797,
        "22,7": 49.80191016852023,
        "22,8": 74.41635774881468,
        "22,9": 67.09647709418783,
        "22,10": 11.663634235210816,
        "22,11": 35.483831962918075,
        "22,12": 43.55886850061828,
        "22,13": 32.37018318199179,
        "22,14": 59.67527161105595,
        "22,15": 56.879568646151995,
        "22,16": 24.049319611302742,
        "22,17": 17.302659203870355,
        "22,18": 53.03044098475435,
        "22,19": 47.80109622720698,
        "22,20": 16.09878631303007,
        "22,21": 57.762462527135355,
        "22,22": 0.0,
        "22,23": 64.71514845204527,
        "22,24": 15.954676380479434,
        "22,25": 10.200540502405964,
        "22,26": 31.424202732540497,
        "22,27": 18.156840638898494,
        "22,28": 6.495717665656187,
        "22,29": 22.92956029872407,
        "22,30": 22.550879279567503,
        "22,31": 55.21172376301018,
        "22,32": 30.260983816696942,
        "22,33": 5.09927720050778,
        "22,34": 31.124122799282723,
        "22,35": 28.949668964997926,
        "22,36": 10.04327255491616,
        "22,37": 23.37255285526702,
        "22,38": 51.606719666974406,
        "22,39": 28.116507457816674,
        "22,40": 33.614400885632726,
        "23,0": 53.42074991794065,
        "23,1": 88.47241755878848,
        "23,2": 69.09665582607812,
        "23,3": 60.61839825924338,
        "23,4": 61.276081777364,
        "23,5": 57.071341940628095,
        "23,6": 78.64598267933302,
