{
    "num_robots": 2,
    "num_tasks": 30,
    "num_nodes": 31,
    "robot_capacity": [
        207,
        221
    ],
    "robot_speed": [
        1.01,
        1.1
    ],
    "task_demand": {
        "0": 0,
        "1": 13,
        "2": 7,
        "3": 8,
        "4": 6,
        "5": 15,
        "6": 9,
        "7": 5,
        "8": 10,
        "9": 11,
        "10": 7,
        "11": 14,
        "12": 12,
        "13": 7,
        "14": 9,
        "15": 12,
        "16": 11,
        "17": 9,
        "18": 13,
        "19": 12,
        "20": 14,
        "21": 5,
        "22": 10,
        "23": 10,
        "24": 11,
        "25": 9,
        "26": 13,
        "27": 13,
        "28": 8,
        "29": 9,
        "30": 5
    },
    "task_service_time": {
        "0": 0,
        "1": 67,
        "2": 60,
        "3": 54,
        "4": 17,
        "5": 85,
        "6": 53,
        "7": 83,
        "8": 47,
        "9": 10,
        "10": 30,
        "11": 81,
        "12": 36,
        "13": 92,
        "14": 57,
        "15": 47,
        "16": 29,
        "17": 36,
        "18": 16,
        "19": 28,
        "20": 21,
        "21": 93,
        "22": 69,
        "23": 74,
        "24": 57,
        "25": 29,
        "26": 84,
        "27": 75,
        "28": 74,
        "29": 57,
        "30": 65
    },
    "task_precedence": [],
    "coordinates": {
        "0": [
            50.0,
            50.0
        ],
        "1": [
            21.57204723726619,
            83.50128217236772
        ],
        "2": [
            15.581698588164873,
            25.495609695452092
        ],
        "3": [
            60.96161648079128,
            70.78002982607752
        ],
        "4": [
            14.316143726330754,
            98.19448161128285
        ],
        "5": [
            99.53424442090557,
            48.39193070727542
        ],
        "6": [
            15.57275758510086,
            84.55893559769129
        ],
        "7": [
            58.97301487704736,
            29.716800787673535
        ],
        "8": [
            41.71673625678072,
            4.914551563399938
        ],
        "9": [
            4.738002462517931,
            93.09519784527632
        ],
        "10": [
            65.25685908750458,
            90.78521415601449
        ],
        "11": [
            13.203964185815453,
            52.23917424631358
        ],
        "12": [
            35.071884023931474,
            31.510114820937506
        ],
        "13": [
            86.21579684844669,
            61.841998536848244
        ],
        "14": [
            39.196498748859476,
            92.15516623886825
        ],
        "15": [
            8.054733619882482,
            46.37268177243218
        ],
        "16": [
            97.13401914572876,
            82.22542641836492
        ],
        "17": [
            59.59727488648684,
            83.10627787339901
        ],
        "18": [
            70.43912635611767,
            3.7575730696301157
        ],
        "19": [
            52.9945877369782,
            90.66101702338982
        ],
        "20": [
            77.49153946458061,
            14.889132846686447
        ],
        "21": [
            6.447423915574668,
            51.03974151645711
        ],
        "22": [
            39.38469592601233,
            18.592380044666722
        ],
        "23": [
            18.537060850890086,
            36.29452117995782
        ],
        "24": [
            55.7775439708739,
            99.98843782207783
        ],
        "25": [
            43.906296163319155,
            63.8840019189876
        ],
        "26": [
            0.7543280315729706,
            46.83244036632146
        ],
        "27": [
            83.18132475893711,
            24.949990395136943
        ],
        "28": [
            20.675910849922985,
            88.98065987346419
        ],
        "29": [
            95.4891047260759,
            83.75442795913985
        ],
        "30": [
            49.3709013294289,
            7.607984334326135
        ]
    },
    "distance_matrix_str_keys": {
        "0,0": 0.0,
        "0,1": 43.93727808447888,
        "0,2": 42.25026173023729,
        "0,3": 23.49397104460262,
        "0,4": 59.96703808210112,
        "0,5": 49.560339558968096,
        "0,6": 48.780683163928785,
        "0,7": 22.179340979177766,
        "0,8": 45.840049290648174,
        "0,9": 62.496755903059004,
        "0,10": 43.54544112726309,
        "0,11": 36.8641038538048,
        "0,12": 23.763932766481798,
        "0,13": 38.10271474205843,
        "0,14": 43.517510038029656,
        "0,15": 42.101814797263344,
        "0,16": 57.097231707635146,
        "0,17": 34.469309825952415,
        "0,18": 50.558084760124586,
        "0,19": 40.7711400513998,
        "0,20": 44.593247632239404,
        "0,21": 43.56498532090539,
        "0,22": 33.15302809460802,
        "0,23": 34.318459895327734,
        "0,24": 50.32120755930965,
        "0,25": 15.16241193661583,
        "0,26": 49.347438045503736,
        "0,27": 41.57527262642765,
        "0,28": 48.77903287942849,
        "0,29": 56.644682500907905,
        "0,30": 42.396683329431006,
        "1,0": 43.93727808447888,
        "1,1": 0.0,
        "1,2": 58.31416908811269,
        "1,3": 41.392854775292456,
        "1,4": 16.387136586717677,
        "1,5": 85.50304526740581,
        "1,6": 6.091806554600752,
        "1,7": 65.51032604263601,
        "1,8": 81.12757067421299,
        "1,9": 19.37597175413688,
        "1,10": 44.287904122154174,
        "1,11": 32.36269775430093,
        "1,12": 53.71524062899677,
        "1,13": 68.17579432171568,
        "1,14": 19.63443405145497,
        "1,15": 39.5126655022007,
        "1,16": 75.57274248431314,
        "1,17": 38.027279237032694,
        "1,18": 93.52566793704351,
        "1,19": 32.2279049054229,
        "1,20": 88.51336987173329,
        "1,21": 35.8120908685655,
        "1,22": 67.30866236029473,
        "1,23": 47.304222071185166,
        "1,24": 37.97159870496126,
        "1,25": 29.72635799472508,
        "1,26": 42.166116637934955,
        "1,27": 84.99386357569986,
        "1,28": 5.552174386309722,
        "1,29": 73.91749096521986,
        "1,30": 80.82430912523186,
        "2,0": 42.25026173023729,
        "2,1": 58.31416908811269,
        "2,2": 0.0,
        "2,3": 64.10940379155392,
        "2,4": 72.709886583206,
        "2,5": 87.01879950720355,
        "2,6": 59.06332657898347,
        "2,7": 43.596155604810946,
        "2,8": 33.26590067584041,
        "2,9": 68.46378651295315,
        "2,10": 82.03873488329674,
        "2,11": 26.849057074210467,
        "2,12": 20.39709783829697,
        "2,13": 79.4369927606346,
        "2,14": 70.71884660537415,
        "2,15": 22.19250639610524,
        "2,16": 99.34310793275463,
        "2,17": 72.5007589255651,
        "2,18": 59.00745391610908,
        "2,19": 75.1415636427499,
        "2,20": 62.811828093811435,
        "2,21": 27.128170677050896,
        "2,22": 24.783810479364455,
        "2,23": 11.196010689264725,
        "2,24": 84.6456580595464,
        "2,25": 47.70693330431581,
        "2,26": 25.982903238472794,
        "2,27": 67.60182807327796,
        "2,28": 63.68910891724394,
        "2,29": 98.89025968805248,
        "2,30": 38.23188934580974,
        "3,0": 23.49397104460262,
        "3,1": 41.392854775292456,
        "3,2": 64.10940379155392,
        "3,3": 0.0,
        "3,4": 54.10501173801247,
        "3,5": 44.59904268434237,
        "3,6": 47.4342361181869,
        "3,7": 41.111352634021145,
        "3,8": 68.61943341071657,
        "3,9": 60.490176863692966,
        "3,10": 20.461097456521752,
        "3,11": 51.23042727088535,
        "3,12": 47.03620383490468,
        "3,13": 26.789214795684355,
        "3,14": 30.506012629484438,
        "3,15": 58.26540047978483,
        "3,16": 37.93995015427827,
        "3,17": 12.401524862291971,
        "3,18": 67.68923771994166,
        "3,19": 21.417917707948156,
        "3,20": 58.28405201262961,
        "3,21": 57.9782387933995,
        "3,22": 56.472243539055796,
        "3,23": 54.67260033120958,
        "3,24": 29.6648901135483,
        "3,25": 18.396715794590634,
        "3,26": 64.79509721684502,
        "3,27": 50.93238606434486,
        "3,28": 44.20634583743388,
        "3,29": 36.88471839994821,
        "3,30": 64.22656778414932,
        "4,0": 59.96703808210112,
        "4,1": 16.387136586717677,
        "4,2": 72.709886583206,
        "4,3": 54.10501173801247,
        "4,4": 0.0,
        "4,5": 98.70369173712271,
        "4,6": 13.693326603817859,
        "4,7": 81.7522410209764,
        "4,8": 97.22107703969176,
        "4,9": 10.850967007405917,
        "4,10": 51.476729944042,
        "4,11": 45.968763506745965,
        "4,12": 69.83985631092578,
        "4,13": 80.5671343958419,
        "4,14": 25.602839612327255,
        "4,15": 52.198699170180824,
        "4,16": 84.34341238494792,
        "4,17": 47.728762095608026,
        "4,18": 109.85499021058556,
        "4,19": 39.40526766540011,
        "4,20": 104.55100075788621,
        "4,21": 47.80675961483639,
        "4,22": 83.45613748077507,
        "4,23": 62.04370429602026,
        "4,24": 41.50019263960653,
        "4,25": 45.307682990411415,
        "4,26": 53.122331705109616,
        "4,27": 100.53441526246483,
        "4,28": 11.19558613394691,
        "4,29": 82.44734529954809,
        "4,30": 97.13263879623601,
        "5,0": 49.560339558968096,
        "5,1": 85.50304526740581,
        "5,2": 87.01879950720355,
        "5,3": 44.59904268434237,
        "5,4": 98.70369173712271,
        "5,5": 0.0,
        "5,6": 91.41982013995855,
        "5,7": 44.65393397701445,
        "5,8": 72.3404917562007,
        "5,9": 104.80796526144682,
        "5,10": 54.517241555856316,
        "5,11": 86.41596246248642,
        "5,12": 66.6362635174691,
        "5,13": 18.928427572316874,
        "5,14": 74.53767058996536,
        "5,15": 91.50179376741947,
        "5,16": 33.91852758307632,
        "5,17": 52.915474435775806,
        "5,18": 53.2799378465213,
        "5,19": 62.869828234670365,
        "5,20": 40.10384403369679,
        "5,21": 93.12447075754531,
        "5,22": 67.12660727187765,
        "5,23": 81.89561077094682,
        "5,24": 67.6524085359986,
        "5,25": 57.74489499321539,
        "5,26": 98.79222586826894,
        "5,27": 28.58220682642713,
        "5,28": 88.69093363427055,
        "5,29": 35.59310842057498,
        "5,30": 64.65053187611687,
        "6,0": 48.780683163928785,
        "6,1": 6.091806554600752,
        "6,2": 59.06332657898347,
        "6,3": 47.4342361181869,
        "6,4": 13.693326603817859,
        "6,5": 91.41982013995855,
        "6,6": 0.0,
        "6,7": 69.93741547646236,
        "6,8": 83.82562572976676,
        "6,9": 13.7934655444483,
        "6,10": 50.07271199752407,
        "6,11": 32.40645238187152,
        "6,12": 56.51896423043904,
        "6,13": 74.20578296729255,
        "6,14": 24.81499277707368,
        "6,15": 38.91928398042176,
        "6,16": 81.59463617451308,
        "6,17": 44.048477136945145,
        "6,18": 97.66871867956688,
        "6,19": 37.91607534597708,
        "6,20": 93.20845972765837,
        "6,21": 34.73914343267019,
        "6,22": 70.1326946515079,
        "6,23": 48.35535950583231,
        "6,24": 43.06384083216441,
        "6,25": 35.07480992082751,
        "6,26": 40.53238577823219,
        "6,27": 90.13403743015319,
        "6,28": 6.75231951370965,
        "6,29": 79.92039647610187,
        "6,30": 84.04619813471076,
        "7,0": 22.179340979177766,
        "7,1": 65.51032604263601,
        "7,2": 43.596155604810946,
        "7,3": 41.111352634021145,
        "7,4": 81.7522410209764,
        "7,5": 44.65393397701445,
        "7,6": 69.93741547646236,
        "7,7": 0.0,
        "7,8": 30.214743394628588,
        "7,9": 83.41617220416742,
        "7,10": 61.390860959819264,
        "7,11": 51.01042351703237,
        "7,12": 23.96831306704061,
        "7,13": 42.12122386594174,
        "7,14": 65.49549656568321,
        "7,15": 53.57321847305977,
        "7,16": 64.9108466469081,
        "7,17": 53.39312656182059,
        "7,18": 28.378745852621844,
        "7,19": 61.23674618768424,
        "7,20": 23.723311098311083,
        "7,21": 56.68867177113219,
        "7,22": 22.526761333909466,
        "7,23": 40.96746005752099,
        "7,24": 70.34425353792065,
        "7,25": 37.34171455552459,
        "7,26": 60.68245723598866,
        "7,27": 24.673158465344393,
        "7,28": 70.5611307350218,
        "7,29": 65.21878539335671,
        "7,30": 24.10394883725824,
        "8,0": 45.840049290648174,
        "8,1": 81.12757067421299,
        "8,2": 33.26590067584041,
        "8,3": 68.61943341071657,
        "8,4": 97.22107703969176,
        "8,5": 72.3404917562007,
        "8,6": 83.82562572976676,
        "8,7": 30.214743394628588,
        "8,8": 0.0,
        "8,9": 95.62035939964017,
        "8,10": 89.03880096328913,
        "8,11": 55.25032201943226,
        "8,12": 27.41309990099777,
        "8,13": 72.25579985340642,
        "8,14": 87.27700983678274,
        "8,15": 53.403248795888956,
        "8,16": 95.12122062733293,
        "8,17": 80.21009740067775,
        "8,18": 28.745683019429805,
        "8,19": 86.48494824471267,
        "8,20": 37.13931631483944,
        "8,21": 58.06425355782296,
        "8,22": 13.875208253114012,
        "8,23": 39.01281642048606,
        "8,24": 96.10801299527903,
        "8,25": 59.010085983875996,
        "8,26": 58.60911438763309,
        "8,27": 46.05139421161356,
        "8,28": 86.65925744086043,
        "8,29": 95.43161803560284,
        "8,30": 8.114235826671939,
        "9,0": 62.496755903059004,
        "9,1": 19.37597175413688,
        "9,2": 68.46378651295315,
        "9,3": 60.490176863692966,
        "9,4": 10.850967007405917,
        "9,5": 104.80796526144682,
        "9,6": 13.7934655444483,
        "9,7": 83.41617220416742,
        "9,8": 95.62035939964017,
        "9,9": 0.0,
        "9,10": 60.56292621596438,
        "9,11": 41.72394003709787,
        "9,12": 68.65032280839303,
        "9,13": 87.26622167258081,
        "9,14": 34.47131598498758,
        "9,15": 46.840091948537115,
        "9,16": 93.03319746089281,
        "9,17": 55.76126158088431,
        "9,18": 110.89566664859497,
        "9,19": 48.31793930441255,
        "9,20": 106.81416455168372,
        "9,21": 42.090183282202396,
        "9,22": 82.16485397165978,
        "9,23": 58.452809017563574,
        "9,24": 51.502927632911955,
        "9,25": 48.86153086914338,
        "9,26": 46.43395731066176,
        "9,27": 103.90921090703377,
        "9,28": 16.46044794307859,
        "9,29": 91.23054611322083,
        "9,30": 96.43733372056013,
        "10,0": 43.54544112726309,
        "10,1": 44.287904122154174,
        "10,2": 82.03873488329674,
        "10,3": 20.461097456521752,
        "10,4": 51.476729944042,
        "10,5": 54.517241555856316,
        "10,6": 50.07271199752407,
        "10,7": 61.390860959819264,
        "10,8": 89.03880096328913,
        "10,9": 60.56292621596438,
        "10,10": 0.0,
        "10,11": 64.77114373211693,
        "10,12": 66.51819390792097,
        "10,13": 35.73495211196727,
        "10,14": 26.096343607665464,
        "10,15": 72.41930813489127,
        "10,16": 33.00641300552453,
        "10,17": 9.539232451349433,
        "10,18": 87.18179974687307,
        "10,19": 12.26290029322967,
        "10,20": 76.87589064226407,
        "10,21": 70.9806470848444,
        "10,22": 76.68881354984867,
        "10,23": 71.77726080229614,
        "10,24": 13.21199231486195,
        "10,25": 34.34416627319939,
        "10,26": 78.05397386699379,
        "10,27": 68.23168733990958,
        "10,28": 44.617455798382316,
        "10,29": 31.039017879067586,
        "10,30": 84.68066612102982,
        "11,0": 36.8641038538048,
        "11,1": 32.36269775430093,
        "11,2": 26.849057074210467,
        "11,3": 51.23042727088535,
        "11,4": 45.968763506745965,
        "11,5": 86.41596246248642,
        "11,6": 32.40645238187152,
        "11,7": 51.01042351703237,
        "11,8": 55.25032201943226,
        "11,9": 41.72394003709787,
        "11,10": 64.77114373211693,
        "11,11": 0.0,
        "11,12": 30.13137605067251,
        "11,13": 73.64062698749208,
        "11,14": 47.63295361155684,
        "11,15": 7.805786915311326,
        "11,16": 89.12591904098336,
        "11,17": 55.723579964807186,
        "11,18": 75.00886241848886,
        "11,19": 55.313033952014536,
        "11,20": 74.34996925202294,
        "11,21": 6.862177154288306,
        "11,22": 42.63258700219972,
        "11,23": 16.812908179297192,
        "11,24": 63.972665004223046,
        "11,25": 32.836491901284475,
        "11,26": 13.572995676050155,
        "11,27": 75.11012280674291,
        "11,28": 37.49355615357634,
        "11,29": 88.11387842056564,
        "11,30": 57.44554338945691,
        "12,0": 23.763932766481798,
        "12,1": 53.71524062899677,
        "12,2": 20.39709783829697,
        "12,3": 47.03620383490468,
        "12,4": 69.83985631092578,
        "12,5": 66.6362635174691,
        "12,6": 56.51896423043904,
        "12,7": 23.96831306704061,
        "12,8": 27.41309990099777,
        "12,9": 68.65032280839303,
        "12,10": 66.51819390792097,
        "12,11": 30.13137605067251,
        "12,12": 0.0,
        "12,13": 59.46194571957045,
        "12,14": 60.78515203659983,
        "12,15": 30.83540679710041,
        "12,16": 80.1483090670064,
        "12,17": 57.128441591709006,
        "12,18": 44.95603856926946,
        "12,19": 61.80657359658224,
        "12,20": 45.55967745157742,
        "12,21": 34.652071155434015,
        "12,22": 13.618671677252737,
        "12,23": 17.21310319413616,
        "12,24": 71.54023395884947,
        "12,25": 33.55764299955905,
        "12,26": 37.582819338194774,
        "12,27": 48.55464468325358,
        "12,28": 59.2461609917577,
        "12,29": 79.87307939884482,
        "12,30": 27.852715086718412,
        "13,0": 38.10271474205843,
        "13,1": 68.17579432171568,
        "13,2": 79.4369927606346,
        "13,3": 26.789214795684355,
        "13,4": 80.5671343958419,
        "13,5": 18.928427572316874,
        "13,6": 74.20578296729255,
        "13,7": 42.12122386594174,
        "13,8": 72.25579985340642,
        "13,9": 87.26622167258081,
        "13,10": 35.73495211196727,
        "13,11": 73.64062698749208,
        "13,12": 59.46194571957045,
        "13,13": 0.0,
        "13,14": 55.94374433221854,
        "13,15": 79.6771709222752,
        "13,16": 23.123401789828822,
        "13,17": 34.06927189040292,
        "13,18": 60.188901083840555,
        "13,19": 43.97936517681379,
        "13,20": 47.75651016791653,
        "13,21": 80.4964724512344,
        "13,22": 63.747011799193245,
        "13,23": 72.34006431796831,
        "13,24": 48.80202934695211,
        "13,25": 42.35874910850739,
        "13,26": 86.76951935335303,
        "13,27": 37.01659473249944,
        "13,28": 70.93647577828361,
        "13,29": 23.793881612301316,
        "13,30": 65.56580375719273,
        "14,0": 43.517510038029656,
        "14,1": 19.63443405145497,
        "14,2": 70.71884660537415,
        "14,3": 30.506012629484438,
        "14,4": 25.602839612327255,
        "14,5": 74.53767058996536,
        "14,6": 24.81499277707368,
        "14,7": 65.49549656568321,
        "14,8": 87.27700983678274,
        "14,9": 34.47131598498758,
        "14,10": 26.096343607665464,
        "14,11": 47.63295361155684,
        "14,12": 60.78515203659983,
        "14,13": 55.94374433221854,
        "14,14": 0.0,
        "14,15": 55.37007693030439,
        "14,16": 58.78227626283737,
        "14,17": 22.317572620433218,
        "14,18": 93.75625983325033,
        "14,19": 13.87875144248062,
        "14,20": 86.23543389802414,
        "14,21": 52.56405665985403,
        "14,22": 73.5630269281471,
        "14,23": 59.558576549961536,
        "14,24": 18.338244309388127,
        "14,25": 28.660790702402885,
        "14,26": 59.430210919826145,
        "14,27": 80.3193661536472,
        "14,28": 18.790680317280255,
        "14,29": 56.91598976869888,
        "14,30": 85.15717489367077,
        "15,0": 42.101814797263344,
        "15,1": 39.5126655022007,
        "15,2": 22.19250639610524,
        "15,3": 58.26540047978483,
        "15,4": 52.198699170180824,
        "15,5": 91.50179376741947,
        "15,6": 38.91928398042176,
        "15,7": 53.57321847305977,
        "15,8": 53.403248795888956,
        "15,9": 46.840091948537115,
        "15,10": 72.41930813489127,
        "15,11": 7.805786915311326,
        "15,12": 30.83540679710041,
        "15,13": 79.6771709222752,
        "15,14": 55.37007693030439,
        "15,15": 0.0,
        "15,16": 96.02363463461329,
        "15,17": 63.29289567343698,
        "15,18": 75.55038018978111,
        "15,19": 63.09553967886368,
        "15,20": 76.2409591943473,
        "15,21": 4.936080544304372,
        "15,22": 41.87256502997166,
        "15,23": 14.541269033534409,
        "15,24": 71.77824130314009,
        "15,25": 39.89963496175258,
        "15,26": 7.314868400625932,
        "15,27": 78.12129288498444,
        "15,28": 44.43797826780733,
        "15,29": 95.09029497642219,
        "15,30": 56.65445685620215,
        "16,0": 57.097231707635146,
        "16,1": 75.57274248431314,
        "16,2": 99.34310793275463,
        "16,3": 37.93995015427827,
        "16,4": 84.34341238494792,
        "16,5": 33.91852758307632,
        "16,6": 81.59463617451308,
        "16,7": 64.9108466469081,
        "16,8": 95.12122062733293,
        "16,9": 93.03319746089281,
        "16,10": 33.00641300552453,
        "16,11": 89.12591904098336,
        "16,12": 80.1483090670064,
        "16,13": 23.123401789828822,
        "16,14": 58.78227626283737,
        "16,15": 96.02363463461329,
        "16,16": 0.0,
        "16,17": 37.54707803371079,
        "16,18": 82.88438520135975,
        "16,19": 44.9382753779379,
        "16,20": 70.14273618840075,
        "16,21": 95.8989337648698,
        "16,22": 85.93107076682162,
        "16,23": 91.03367458924276,
        "16,24": 45.009805742935846,
        "16,25": 56.29918602039015,
        "16,26": 102.6728217248373,
        "16,27": 58.95043046748758,
        "16,28": 76.75594767316768,
        "16,29": 2.2457936591935646,
        "16,30": 88.59502292284044,
        "17,0": 34.469309825952415,
        "17,1": 38.027279237032694,
        "17,2": 72.5007589255651,
        "17,3": 12.401524862291971,
        "17,4": 47.728762095608026,
        "17,5": 52.915474435775806,
        "17,6": 44.048477136945145,
        "17,7": 53.39312656182059,
        "17,8": 80.21009740067775,
        "17,9": 55.76126158088431,
        "17,10": 9.539232451349433,
        "17,11": 55.723579964807186,
        "17,12": 57.128441591709006,
        "17,13": 34.06927189040292,
        "17,14": 22.317572620433218,
        "17,15": 63.29289567343698,
        "17,16": 37.54707803371079,
        "17,17": 0.0,
        "17,18": 80.08597066481241,
        "17,19": 10.03342220873269,
        "17,20": 70.52505640115686,
        "17,21": 62.07390282688249,
        "17,22": 67.60614884231703,
        "17,23": 62.26782268053824,
        "17,24": 17.30888987776121,
        "17,25": 24.813357414071234,
        "17,26": 69.12513061152278,
        "17,27": 62.75636367445522,
        "17,28": 39.36217654486875,
        "17,29": 35.897681648926316,
        "17,30": 76.18773551852364,
        "18,0": 50.558084760124586,
        "18,1": 93.52566793704351,
        "18,2": 59.00745391610908,
        "18,3": 67.68923771994166,
        "18,4": 109.85499021058556,
        "18,5": 53.2799378465213,
        "18,6": 97.66871867956688,
        "18,7": 28.378745852621844,
        "18,8": 28.745683019429805,
        "18,9": 110.89566664859497,
        "18,10": 87.18179974687307,
        "18,11": 75.00886241848886,
        "18,12": 44.95603856926946,
        "18,13": 60.188901083840555,
        "18,14": 93.75625983325033,
        "18,15": 75.55038018978111,
        "18,16": 82.88438520135975,
        "18,17": 80.08597066481241,
        "18,18": 0.0,
        "18,19": 88.63701539796398,
        "18,20": 13.177562510669352,
        "18,21": 79.56469967437268,
        "18,22": 34.41582698882662,
        "18,23": 61.25746808384339,
        "18,24": 97.34136494339482,
        "18,25": 65.72045742549825,
        "18,26": 81.92322814782165,
        "18,27": 24.72816556550963,
        "18,28": 98.68815603652655,
        "18,29": 83.82719253648337,
        "18,30": 21.417184051188734,
        "19,0": 40.7711400513998,
        "19,1": 32.2279049054229,
        "19,2": 75.1415636427499,
        "19,3": 21.417917707948156,
        "19,4": 39.40526766540011,
        "19,5": 62.869828234670365,
        "19,6": 37.91607534597708,
        "19,7": 61.23674618768424,
        "19,8": 86.48494824471267,
        "19,9": 48.31793930441255,
        "19,10": 12.26290029322967,
        "19,11": 55.313033952014536,
        "19,12": 61.80657359658224,
        "19,13": 43.97936517681379,
        "19,14": 13.87875144248062,
        "19,15": 63.09553967886368,
        "19,16": 44.9382753779379,
        "19,17": 10.03342220873269,
        "19,18": 88.63701539796398,
        "19,19": 0.0,
        "19,20": 79.6334042700187,
        "19,21": 61.12678572126006,
        "19,22": 73.34246785510541,
        "19,23": 64.36642781294759,
        "19,24": 9.733736392340642,
        "19,25": 28.27729799024699,
        "19,26": 68.1908268454981,
        "19,27": 72.31305630777794,
        "19,28": 32.36233112557226,
        "19,29": 43.05211895643617,
        "19,30": 83.13204762322975,
        "20,0": 44.593247632239404,
        "20,1": 88.51336987173329,
        "20,2": 62.811828093811435,
        "20,3": 58.28405201262961,
        "20,4": 104.55100075788621,
        "20,5": 40.10384403369679,
        "20,6": 93.20845972765837,
        "20,7": 23.723311098311083,
        "20,8": 37.13931631483944,
        "20,9": 106.81416455168372,
        "20,10": 76.87589064226407,
        "20,11": 74.34996925202294,
        "20,12": 45.55967745157742,
        "20,13": 47.75651016791653,
        "20,14": 86.23543389802414,
        "20,15": 76.2409591943473,
        "20,16": 70.14273618840075,
        "20,17": 70.52505640115686,
        "20,18": 13.177562510669352,
        "20,19": 79.6334042700187,
        "20,20": 0.0,
        "20,21": 79.71281491288214,
        "20,22": 38.2863626410537,
        "20,23": 62.72018174647012,
        "20,24": 87.82590339754773,
        "20,25": 59.40089025441336,
        "20,26": 83.12024130022776,
        "20,27": 11.558309188894748,
        "20,28": 93.3679282839586,
        "20,29": 71.17823562204306,
        "20,30": 29.047984659648865,
        "21,0": 43.56498532090539,
        "21,1": 35.8120908685655,
        "21,2": 27.128170677050896,
        "21,3": 57.9782387933995,
        "21,4": 47.80675961483639,
        "21,5": 93.12447075754531,
        "21,6": 34.73914343267019,
        "21,7": 56.68867177113219,
        "21,8": 58.06425355782296,
        "21,9": 42.090183282202396,
        "21,10": 70.9806470848444,
        "21,11": 6.862177154288306,
        "21,12": 34.652071155434015,
        "21,13": 80.4964724512344,
        "21,14": 52.56405665985403,
        "21,15": 4.936080544304372,
        "21,16": 95.8989337648698,
        "21,17": 62.07390282688249,
        "21,18": 79.56469967437268,
        "21,19": 61.12678572126006,
        "21,20": 79.71281491288214,
        "21,21": 0.0,
        "21,22": 46.235215517726175,
        "21,23": 19.067795992186802,
        "21,24": 69.4941408659041,
        "21,25": 39.599774435732016,
        "21,26": 7.079034094590158,
        "21,27": 81.04792811794393,
        "21,28": 40.52114418688097,
        "21,29": 94.86132842524519,
        "21,30": 61.06342968770458,
        "22,0": 33.15302809460802,
        "22,1": 67.30866236029473,
        "22,2": 24.783810479364455,
        "22,3": 56.472243539055796,
        "22,4": 83.45613748077507,
        "22,5": 67.12660727187765,
        "22,6": 70.1326946515079,
        "22,7": 22.526761333909466,
        "22,8": 13.875208253114012,
        "22,9": 82.16485397165978,
        "22,10": 76.68881354984867,
        "22,11": 42.63258700219972,
        "22,12": 13.618671677252737,
        "22,13": 63.747011799193245,
        "22,14": 73.5630269281471,
        "22,15": 41.87256502997166,
        "22,16": 85.93107076682162,
        "22,17": 67.60614884231703,
        "22,18": 34.41582698882662,
        "22,19": 73.34246785510541,
        "22,20": 38.2863626410537,
        "22,21": 46.235215517726175,
        "22,22": 0.0,
        "22,23": 27.349400157941897,
        "22,24": 83.03037810780803,
        "22,25": 45.5167648313506,
        "22,26": 47.851920866673986,
        "22,27": 44.25566524748424,
        "22,28": 72.8321946413837,
        "22,29": 85.98719192538351,
        "22,30": 14.845243261077771,
        "23,0": 34.318459895327734,
        "23,1": 47.304222071185166,
        "23,2": 11.196010689264725,
        "23,3": 54.67260033120958,
        "23,4": 62.04370429602026,
        "23,5": 81.89561077094682,
        "23,6": 48.35535950583231,
        "23,7": 40.96746005752099,
        "23,8": 39.01281642048606,
        "23,9": 58.452809017563574,
        "23,10": 71.77726080229614,
        "23,11": 16.812908179297192,
        "23,12": 17.21310319413616,
        "23,13": 72.34006431796831,
        "23,14": 59.558576549961536,
        "23,15": 14.541269033534409,
        "23,16": 91.03367458924276,
        "23,17": 62.26782268053824,
        "23,18": 61.25746808384339,
        "23,19": 64.36642781294759,
        "23,20": 62.72018174647012,
        "23,21": 19.067795992186802,
        "23,22": 27.349400157941897,
        "23,23": 0.0,
        "23,24": 73.78189886566442,
        "23,25": 37.48036216189344,
        "23,26": 20.67059087935197,
        "23,27": 65.63215092423057,
        "23,28": 52.729535269616704,
        "23,29": 90.41050717730307,
        "23,30": 42.114642523138706,
        "24,0": 50.32120755930965,
        "24,1": 37.97159870496126,
        "24,2": 84.6456580595464,
        "24,3": 29.6648901135483,
        "24,4": 41.50019263960653,
        "24,5": 67.6524085359986,
        "24,6": 43.06384083216441,
        "24,7": 70.34425353792065,
        "24,8": 96.10801299527903,
        "24,9": 51.502927632911955,
        "24,10": 13.21199231486195,
        "24,11": 63.972665004223046,
        "24,12": 71.54023395884947,
        "24,13": 48.80202934695211,
        "24,14": 18.338244309388127,
        "24,15": 71.77824130314009,
        "24,16": 45.009805742935846,
        "24,17": 17.30888987776121,
        "24,18": 97.34136494339482,
        "24,19": 9.733736392340642,
        "24,20": 87.82590339754773,
        "24,21": 69.4941408659041,
        "24,22": 83.03037810780803,
        "24,23": 73.78189886566442,
        "24,24": 0.0,
        "24,25": 38.00601026665025,
        "24,26": 76.50564918892799,
        "24,27": 79.88576715364253,
        "24,28": 36.78716927304713,
        "24,29": 42.90164488506317,
        "24,30": 92.60233936860254,
        "25,0": 15.16241193661583,
        "25,1": 29.72635799472508,
        "25,2": 47.70693330431581,
        "25,3": 18.396715794590634,
        "25,4": 45.307682990411415,
        "25,5": 57.74489499321539,
        "25,6": 35.07480992082751,
        "25,7": 37.34171455552459,
        "25,8": 59.010085983875996,
        "25,9": 48.86153086914338,
        "25,10": 34.34416627319939,
        "25,11": 32.836491901284475,
        "25,12": 33.55764299955905,
        "25,13": 42.35874910850739,
        "25,14": 28.660790702402885,
        "25,15": 39.89963496175258,
        "25,16": 56.29918602039015,
        "25,17": 24.813357414071234,
        "25,18": 65.72045742549825,
        "25,19": 28.27729799024699,
        "25,20": 59.40089025441336,
        "25,21": 39.599774435732016,
        "25,22": 45.5167648313506,
        "25,23": 37.48036216189344,
        "25,24": 38.00601026665025,
        "25,25": 0.0,
        "25,26": 46.39879421954412,
        "25,27": 55.302668330976076,
        "25,28": 34.19785142801877,
        "25,29": 55.27766248892196,
        "25,30": 56.54071156972293,
        "26,0": 49.347438045503736,
        "26,1": 42.166116637934955,
        "26,2": 25.982903238472794,
        "26,3": 64.79509721684502,
        "26,4": 53.122331705109616,
        "26,5": 98.79222586826894,
        "26,6": 40.53238577823219,
        "26,7": 60.68245723598866,
        "26,8": 58.60911438763309,
        "26,9": 46.43395731066176,
        "26,10": 78.05397386699379,
        "26,11": 13.572995676050155,
        "26,12": 37.582819338194774,
        "26,13": 86.76951935335303,
        "26,14": 59.430210919826145,
        "26,15": 7.314868400625932,
        "26,16": 102.6728217248373,
        "26,17": 69.12513061152278,
        "26,18": 81.92322814782165,
        "26,19": 68.1908268454981,
        "26,20": 83.12024130022776,
        "26,21": 7.079034094590158,
        "26,22": 47.851920866673986,
        "26,23": 20.67059087935197,
        "26,24": 76.50564918892799,
        "26,25": 46.39879421954412,
        "26,26": 0.0,
        "26,27": 85.28218692220722,
        "26,28": 46.61911485228635,
        "26,29": 101.67551860286513,
        "26,30": 62.46702450278653,
        "27,0": 41.57527262642765,
        "27,1": 84.99386357569986,
        "27,2": 67.60182807327796,
        "27,3": 50.93238606434486,
        "27,4": 100.53441526246483,
        "27,5": 28.58220682642713,
        "27,6": 90.13403743015319,
        "27,7": 24.673158465344393,
        "27,8": 46.05139421161356,
        "27,9": 103.90921090703377,
        "27,10": 68.23168733990958,
        "27,11": 75.11012280674291,
        "27,12": 48.55464468325358,
        "27,13": 37.01659473249944,
        "27,14": 80.3193661536472,
        "27,15": 78.12129288498444,
        "27,16": 58.95043046748758,
        "27,17": 62.75636367445522,
        "27,18": 24.72816556550963,
        "27,19": 72.31305630777794,
        "27,20": 11.558309188894748,
        "27,21": 81.04792811794393,
        "27,22": 44.25566524748424,
        "27,23": 65.63215092423057,
        "27,24": 79.88576715364253,
        "27,25": 55.302668330976076,
        "27,26": 85.28218692220722,
        "27,27": 0.0,
        "27,28": 89.4810225789802,
        "27,29": 60.078642835355545,
        "27,30": 37.99855137628061,
        "28,0": 48.77903287942849,
        "28,1": 5.552174386309722,
        "28,2": 63.68910891724394,
        "28,3": 44.20634583743388,
        "28,4": 11.19558613394691,
        "28,5": 88.69093363427055,
        "28,6": 6.75231951370965,
        "28,7": 70.5611307350218,
        "28,8": 86.65925744086043,
        "28,9": 16.46044794307859,
        "28,10": 44.617455798382316,
        "28,11": 37.49355615357634,
        "28,12": 59.2461609917577,
        "28,13": 70.93647577828361,
        "28,14": 18.790680317280255,
        "28,15": 44.43797826780733,
        "28,16": 76.75594767316768,
        "28,17": 39.36217654486875,
        "28,18": 98.68815603652655,
        "28,19": 32.36233112557226,
        "28,20": 93.3679282839586,
        "28,21": 40.52114418688097,
        "28,22": 72.8321946413837,
        "28,23": 52.729535269616704,
        "28,24": 36.78716927304713,
        "28,25": 34.19785142801877,
        "28,26": 46.61911485228635,
        "28,27": 89.4810225789802,
        "28,28": 0.0,
        "28,29": 74.99551638580232,
        "28,30": 86.28391972445834,
        "29,0": 56.644682500907905,
        "29,1": 73.91749096521986,
        "29,2": 98.89025968805248,
        "29,3": 36.88471839994821,
        "29,4": 82.44734529954809,
        "29,5": 35.59310842057498,
        "29,6": 79.92039647610187,
        "29,7": 65.21878539335671,
        "29,8": 95.43161803560284,
        "29,9": 91.23054611322083,
        "29,10": 31.039017879067586,
        "29,11": 88.11387842056564,
        "29,12": 79.87307939884482,
        "29,13": 23.793881612301316,
        "29,14": 56.91598976869888,
        "29,15": 95.09029497642219,
        "29,16": 2.2457936591935646,
        "29,17": 35.897681648926316,
        "29,18": 83.82719253648337,
        "29,19": 43.05211895643617,
        "29,20": 71.17823562204306,
        "29,21": 94.86132842524519,
        "29,22": 85.98719192538351,
        "29,23": 90.41050717730307,
        "29,24": 42.90164488506317,
        "29,25": 55.27766248892196,
        "29,26": 101.67551860286513,
        "29,27": 60.078642835355545,
        "29,28": 74.99551638580232,
        "29,29": 0.0,
        "29,30": 89.02342141954237,
        "30,0": 42.396683329431006,
        "30,1": 80.82430912523186,
        "30,2": 38.23188934580974,
        "30,3": 64.22656778414932,
        "30,4": 97.13263879623601,
        "30,5": 64.65053187611687,
        "30,6": 84.04619813471076,
        "30,7": 24.10394883725824,
        "30,8": 8.114235826671939,
        "30,9": 96.43733372056013,
        "30,10": 84.68066612102982,
        "30,11": 57.44554338945691,
        "30,12": 27.852715086718412,
        "30,13": 65.56580375719273,
        "30,14": 85.15717489367077,
        "30,15": 56.65445685620215,
        "30,16": 88.59502292284044,
        "30,17": 76.18773551852364,
        "30,18": 21.417184051188734,
        "30,19": 83.13204762322975,
        "30,20": 29.047984659648865,
        "30,21": 61.06342968770458,
        "30,22": 14.845243261077771,
        "30,23": 42.114642523138706,
        "30,24": 92.60233936860254,
        "30,25": 56.54071156972293,
        "30,26": 62.46702450278653,
        "30,27": 37.99855137628061,
        "30,28": 86.28391972445834,
        "30,29": 89.02342141954237,
        "30,30": 0.0
    }
}