{
    "num_robots": 6,
    "num_tasks": 30,
    "num_nodes": 31,
    "robot_capacity": [
        58,
        64,
        63,
        68,
        63,
        54
    ],
    "robot_speed": [
        1.07,
        0.89,
        1.04,
        1.01,
        1.02,
        0.93
    ],
    "task_demand": {
        "0": 0,
        "1": 10,
        "2": 6,
        "3": 10,
        "4": 9,
        "5": 13,
        "6": 8,
        "7": 5,
        "8": 7,
        "9": 10,
        "10": 6,
        "11": 9,
        "12": 6,
        "13": 11,
        "14": 15,
        "15": 5,
        "16": 15,
        "17": 5,
        "18": 7,
        "19": 12,
        "20": 15,
        "21": 10,
        "22": 7,
        "23": 12,
        "24": 8,
        "25": 8,
        "26": 11,
        "27": 14,
        "28": 15,
        "29": 15,
        "30": 13
    },
    "task_service_time": {
        "0": 0,
        "1": 75,
        "2": 96,
        "3": 85,
        "4": 66,
        "5": 81,
        "6": 61,
        "7": 63,
        "8": 72,
        "9": 27,
        "10": 59,
        "11": 97,
        "12": 47,
        "13": 11,
        "14": 44,
        "15": 10,
        "16": 41,
        "17": 41,
        "18": 98,
        "19": 71,
        "20": 29,
        "21": 99,
        "22": 78,
        "23": 29,
        "24": 83,
        "25": 76,
        "26": 34,
        "27": 27,
        "28": 42,
        "29": 77,
        "30": 73
    },
    "task_precedence": [],
    "coordinates": {
        "0": [
            0,
            0
        ],
        "1": [
            30.811374037472294,
            44.03499972904187
        ],
        "2": [
            31.922354948168184,
            29.6316647687236
        ],
        "3": [
            69.13087148038841,
            42.50989494044115
        ],
        "4": [
            36.59061186577739,
            57.77954563385077
        ],
        "5": [
            75.22558049970444,
            69.04225057417412
        ],
        "6": [
            99.72006724157555,
            93.72904305557365
        ],
        "7": [
            16.500839277226575,
            23.841049989561014
        ],
        "8": [
            29.817962671730548,
            47.32967848978083
        ],
        "9": [
            1.8167658114255358,
            11.510411180537128
        ],
        "10": [
            28.076434087457713,
            32.65415630934617
        ],
        "11": [
            9.470942169199558,
            89.73174160045795
        ],
        "12": [
            44.74032872949859,
            38.06090154494818
        ],
        "13": [
            35.591921827697014,
            49.41876218784253
        ],
        "14": [
            64.29374989982676,
            37.934637485204235
        ],
        "15": [
            43.53322645579809,
            29.454748851461577
        ],
        "16": [
            68.71610052770882,
            72.63579807434125
        ],
        "17": [
            48.52050242369079,
            9.665882980306462
        ],
        "18": [
            73.4578264056146,
            38.875602628026286
        ],
        "19": [
            8.188341687165279,
            59.284272155346386
        ],
        "20": [
            91.59043074790071,
            39.60690627098566
        ],
        "21": [
            32.29377752924817,
            1.8089051310383963
        ],
        "22": [
            99.9373290349422,
            1.975571822161093
        ],
        "23": [
            39.41417568572979,
            84.17367000599405
        ],
        "24": [
            50.56706269429687,
            22.93426578050606
        ],
        "25": [
            72.21281035876939,
            48.87744309460579
        ],
        "26": [
            49.697129148643924,
            91.21004289067895
        ],
        "27": [
            61.836429696255344,
            47.24355539181838
        ],
        "28": [
            11.378162761880727,
            19.79880324821415
        ],
        "29": [
            44.04789177178643,
            75.47620706311534
        ],
        "30": [
            49.10497467181606,
            56.450023312490195
        ]
    },
    "distance_matrix_str_keys": {
        "0,0": 0.0,
        "0,1": 53.74404126239242,
        "0,2": 43.55539349383556,
        "0,3": 81.15521276840646,
        "0,4": 68.39114540908211,
        "0,5": 102.1064166733147,
        "0,6": 136.85475995659752,
        "0,7": 28.9943677540589,
        "0,8": 55.93933646226722,
        "0,9": 11.65290536984656,
        "0,10": 43.06483571712041,
        "0,11": 90.23017342454618,
        "0,12": 58.73950324302918,
        "0,13": 60.90155133957944,
        "0,14": 74.65067312030975,
        "0,15": 52.561621317787335,
        "0,16": 99.98930759651584,
        "0,17": 49.47391685763684,
        "0,18": 83.11055733136202,
        "0,19": 59.84708735247646,
        "0,20": 99.7873440319194,
        "0,21": 32.34439989985393,
        "0,22": 99.95685378533489,
        "0,23": 92.94452091039878,
        "0,24": 55.52484467713387,
        "0,25": 87.19916526766767,
        "0,26": 103.8704797800438,
        "0,27": 77.8183626378745,
        "0,28": 22.835393534978643,
        "0,29": 87.38921330560925,
        "0,30": 74.81913972708041,
        "1,0": 53.74404126239242,
        "1,1": 0.0,
        "1,2": 14.446118390870858,
        "1,3": 38.349834796174385,
        "1,4": 14.910135210839362,
        "1,5": 50.9704260380581,
        "1,6": 84.95825999416681,
        "1,7": 24.75049517090274,
        "1,8": 3.4411879167010477,
        "1,9": 43.5721948773695,
        "1,10": 11.704849143573645,
        "1,11": 50.43417739972788,
        "1,12": 15.156042620872803,
        "1,13": 7.199898290074228,
        "1,14": 34.03357038122826,
        "1,15": 19.350174278461754,
        "1,16": 47.484460155803795,
        "1,17": 38.66328250792701,
        "1,18": 42.957412375912476,
        "1,19": 27.28263004650924,
        "1,20": 60.9401488862864,
        "1,21": 42.25210746355698,
        "1,22": 80.91596338279818,
        "1,23": 41.05022591656648,
        "1,24": 28.9055047953202,
        "1,25": 41.68366811132524,
        "1,26": 50.814923432210996,
        "1,27": 31.1905259345161,
        "1,28": 31.065139953637185,
        "1,29": 34.113852323579756,
        "1,30": 22.108564737369104,
        "2,0": 43.55539349383556,
        "2,1": 14.446118390870858,
        "2,2": 0.0,
        "2,3": 39.3741351001421,
        "2,4": 28.532364427894837,
        "2,5": 58.552229818308376,
        "2,6": 93.30060929847777,
        "2,7": 16.472837190652793,
        "2,8": 17.822686568636627,
        "2,9": 35.13867283887822,
        "2,10": 4.89147854743154,
        "2,11": 64.15672350542854,
        "2,12": 15.341202185243851,
        "2,13": 20.12448621349221,
        "2,14": 33.41925443583217,
        "2,15": 11.612219271460244,
        "2,16": 56.5962471824705,
        "2,17": 25.96403169852261,
        "2,18": 42.55168358994736,
        "2,19": 37.98131791155565,
        "2,20": 60.49615452796217,
        "2,21": 27.82523869781068,
        "2,22": 73.42272248489185,
        "2,23": 55.054134388492535,
        "2,24": 19.811115065687957,
        "2,25": 44.65110055264753,
        "2,26": 64.09242739987624,
        "2,27": 34.71355008284229,
        "2,28": 22.776061956989626,
        "2,29": 47.42099431099263,
        "2,30": 31.850695055987583,
        "3,0": 81.15521276840646,
        "3,1": 38.349834796174385,
        "3,2": 39.3741351001421,
        "3,3": 0.0,
        "3,4": 35.94482894777815,
        "3,5": 27.22336080473926,
        "3,6": 59.65819332628261,
        "3,7": 55.84304846179025,
        "3,8": 39.607260855307,
        "3,9": 74.10908726595446,
        "3,10": 42.220876514048406,
        "3,11": 76.08685804656538,
        "3,12": 24.792985256239792,
        "3,13": 34.243153920864,
        "3,14": 6.65813231821328,
        "3,15": 28.734583174452553,
        "3,16": 30.128758264759583,
        "3,17": 38.775203858790334,
        "3,18": 5.65071849741402,
        "3,19": 63.20895243987058,
        "3,20": 22.64639365784064,
        "3,21": 54.89573810625229,
        "3,22": 50.91236763024931,
        "3,23": 51.175698936753854,
        "3,24": 26.978143999427946,
        "3,25": 7.074179581102087,
        "3,26": 52.43448055804203,
        "3,27": 8.695770363288078,
        "3,28": 62.05778798972402,
        "3,29": 41.42382896391537,
        "3,30": 24.40007627071676,
        "4,0": 68.39114540908211,
        "4,1": 14.910135210839362,
        "4,2": 28.532364427894837,
        "4,3": 35.94482894777815,
        "4,4": 0.0,
        "4,5": 40.243127660723765,
        "4,6": 72.64774257276926,
        "4,7": 39.43881906519467,
        "4,8": 12.452650337752836,
        "4,9": 57.87964385231286,
        "4,10": 26.528784592377434,
        "4,11": 41.90965654285358,
        "4,12": 21.336419794886744,
        "4,13": 8.420218620867658,
        "4,14": 34.07762075558989,
        "4,15": 29.163230447075197,
        "4,16": 35.39428284827175,
        "4,17": 49.57062459423782,
        "4,18": 41.431275253048206,
        "4,19": 28.44210177190447,
        "4,20": 57.92430317646578,
        "4,21": 56.13533097444637,
        "4,22": 84.42091014248724,
        "4,23": 26.544722903385377,
        "4,24": 37.543770532805226,
        "4,25": 36.717685862447176,
        "4,26": 35.90792311071298,
        "4,27": 27.356140230483543,
        "4,28": 45.58732698876601,
        "4,29": 19.203719674547074,
        "4,30": 12.584788676976663,
        "5,0": 102.1064166733147,
        "5,1": 50.9704260380581,
        "5,2": 58.552229818308376,
        "5,3": 27.22336080473926,
        "5,4": 40.243127660723765,
        "5,5": 0.0,
        "5,6": 34.77668189703245,
        "5,7": 74.10630044697562,
        "5,8": 50.331774688871306,
        "5,9": 93.26717867477987,
        "5,10": 59.557832496066226,
        "5,11": 68.93277522994543,
        "5,12": 43.464865847757515,
        "5,13": 44.22565088472616,
        "5,14": 32.972541794006,
        "5,15": 50.71070495950609,
        "5,16": 7.435517005680877,
        "5,17": 65.10540855941295,
        "5,18": 30.218398416262843,
        "5,19": 67.74370472916074,
        "5,20": 33.678595842064716,
        "5,21": 79.77131342638215,
        "5,22": 71.47454032377223,
        "5,23": 38.876941350523246,
        "5,24": 52.28755838717971,
        "5,25": 20.388630277931,
        "5,26": 33.80995185697776,
        "5,27": 25.58226868146687,
        "5,28": 80.63132056671749,
        "5,29": 31.834636333976462,
        "5,30": 28.997417750996586,
        "6,0": 136.85475995659752,
        "6,1": 84.95825999416681,
        "6,2": 93.30060929847777,
        "6,3": 59.65819332628261,
        "6,4": 72.64774257276926,
        "6,5": 34.77668189703245,
        "6,6": 0.0,
        "6,7": 108.67277247672166,
        "6,8": 83.89997172468472,
        "6,9": 127.84740849280278,
        "6,10": 94.14325234761293,
        "6,11": 90.33760565374995,
        "6,12": 78.24138052273477,
        "6,13": 77.9475466246422,
        "6,14": 66.09114655798582,
        "6,15": 85.37063882227343,
        "6,16": 37.49894579628662,
        "6,17": 98.4276908160543,
        "6,18": 60.81615920513645,
        "6,19": 97.79825676021544,
        "6,20": 54.72930366493751,
        "6,21": 113.99831709475491,
        "6,22": 91.75372845867096,
        "6,23": 61.05821574908705,
        "6,24": 86.18537199230055,
        "6,25": 52.61478119573795,
        "6,26": 50.08632245713404,
        "6,27": 59.9672457013188,
        "6,28": 115.19536642188872,
        "6,29": 58.58802901025576,
        "6,30": 62.86185575410997,
        "7,0": 28.9943677540589,
        "7,1": 24.75049517090274,
        "7,2": 16.472837190652793,
        "7,3": 55.84304846179025,
        "7,4": 39.43881906519467,
        "7,5": 74.10630044697562,
        "7,6": 108.67277247672166,
        "7,7": 0.0,
        "7,8": 27.001137833909585,
        "7,9": 19.17463603272949,
        "7,10": 14.548719469921988,
        "7,11": 66.26464135805588,
        "7,12": 31.617604950125955,
        "7,13": 31.91690452169502,
        "7,14": 49.8276179871886,
        "7,15": 27.609121164649583,
        "7,16": 71.46580264793279,
        "7,17": 35.017055669391986,
        "7,18": 58.907861578758244,
        "7,19": 36.404939413189446,
        "7,20": 76.72684648491214,
        "7,21": 27.107790498288338,
        "7,22": 86.25396778455138,
        "7,23": 64.53716776723732,
        "7,24": 34.07828979722339,
        "7,25": 61.079003769716124,
        "7,26": 75.10376066308561,
        "7,27": 51.019535648069336,
        "7,28": 6.525455800080576,
        "7,29": 58.523751991380934,
        "7,30": 46.11263152330638,
        "8,0": 55.93933646226722,
        "8,1": 3.4411879167010477,
        "8,2": 17.822686568636627,
        "8,3": 39.607260855307,
        "8,4": 12.452650337752836,
        "8,5": 50.331774688871306,
        "8,6": 83.89997172468472,
        "8,7": 27.001137833909585,
        "8,8": 0.0,
        "8,9": 45.46522777002893,
        "8,10": 14.77849359976412,
        "8,11": 47.03122579066233,
        "8,12": 17.566651212313893,
        "8,13": 6.140266690647576,
        "8,14": 35.732991764959145,
        "8,15": 22.530458722392204,
        "8,16": 46.40543952049977,
        "8,17": 42.05171203831248,
        "8,18": 44.45119914454805,
        "8,19": 24.713413638037267,
        "8,20": 62.253345476085514,
        "8,21": 45.58805179415655,
        "8,22": 83.50880510937829,
        "8,23": 38.07317973399175,
        "8,24": 32.02594749577766,
        "8,25": 42.42309142058333,
        "8,26": 48.17330837478824,
        "8,27": 32.01858285103487,
        "8,28": 33.1357105293067,
        "8,29": 31.539149527565787,
        "8,30": 21.334702284694856,
        "9,0": 11.65290536984656,
        "9,1": 43.5721948773695,
        "9,2": 35.13867283887822,
        "9,3": 74.10908726595446,
        "9,4": 57.87964385231286,
        "9,5": 93.26717867477987,
        "9,6": 127.84740849280278,
        "9,7": 19.17463603272949,
        "9,8": 45.46522777002893,
        "9,9": 0.0,
        "9,10": 33.71391605908882,
        "9,11": 78.59492953351594,
        "9,12": 50.47138587529037,
        "9,13": 50.77208130475402,
        "9,14": 67.83519202141763,
        "9,15": 45.41213872018849,
        "9,16": 90.6191696518929,
        "9,17": 46.74014653196214,
        "9,18": 76.68960337632475,
        "9,19": 48.196875122571086,
        "9,20": 94.06765625066944,
        "9,21": 31.98386253842332,
        "9,22": 98.5827474200743,
        "9,23": 81.81390109505703,
        "9,24": 50.070908720426935,
        "9,25": 79.69879649015188,
        "9,26": 92.97612859243114,
        "9,27": 69.85139689420797,
        "9,28": 12.653764448246426,
        "9,29": 76.64914247903579,
        "9,30": 65.2360593214696,
        "10,0": 43.06483571712041,
        "10,1": 11.704849143573645,
        "10,2": 4.89147854743154,
        "10,3": 42.220876514048406,
        "10,4": 26.528784592377434,
        "10,5": 59.557832496066226,
        "10,6": 94.14325234761293,
        "10,7": 14.548719469921988,
        "10,8": 14.77849359976412,
        "10,9": 33.71391605908882,
        "10,10": 0.0,
        "10,11": 60.033449610900334,
        "10,12": 17.519083271785192,
        "10,13": 18.372113820543404,
        "10,14": 36.60023833394352,
        "10,15": 15.784442923320196,
        "10,16": 57.0097725534778,
        "10,17": 30.76395034431057,
        "10,18": 45.80586384984663,
        "10,19": 33.23701685311065,
        "10,20": 63.893415183505745,
        "10,21": 31.132226164521388,
        "10,22": 78.13554740827477,
        "10,23": 52.75229545800143,
        "10,24": 24.501115219993714,
        "10,25": 47.02355520884808,
        "10,26": 62.41991916251342,
        "10,27": 36.77754571873545,
        "10,28": 21.07349917761507,
        "10,29": 45.703561035445425,
        "10,30": 31.75598849885364,
        "11,0": 90.23017342454618,
        "11,1": 50.43417739972788,
        "11,2": 64.15672350542854,
        "11,3": 76.08685804656538,
        "11,4": 41.90965654285358,
        "11,5": 68.93277522994543,
        "11,6": 90.33760565374995,
        "11,7": 66.26464135805588,
        "11,8": 47.03122579066233,
        "11,9": 78.59492953351594,
        "11,10": 60.033449610900334,
        "11,11": 0.0,
        "11,12": 62.560413524703264,
        "11,13": 48.03583961420465,
        "11,14": 75.42201430746697,
        "11,15": 69.23550437227723,
        "11,16": 61.66246892537641,
        "11,17": 89.08091755618162,
        "11,18": 81.73535480725377,
        "11,19": 30.474472261345507,
        "11,20": 96.20867695397408,
        "11,21": 90.83670506298749,
        "11,22": 126.03694889475656,
        "11,23": 30.454710526856854,
        "11,24": 78.426997253053,
        "11,25": 74.87066000993066,
        "11,26": 40.25334139683175,
        "11,27": 67.43434029666388,
        "11,28": 69.95894050775698,
        "11,29": 37.40034369849026,
        "11,30": 51.75450999302485,
        "12,0": 58.73950324302918,
        "12,1": 15.156042620872803,
        "12,2": 15.341202185243851,
        "12,3": 24.792985256239792,
        "12,4": 21.336419794886744,
        "12,5": 43.464865847757515,
        "12,6": 78.24138052273477,
        "12,7": 31.617604950125955,
        "12,8": 17.566651212313893,
        "12,9": 50.47138587529037,
        "12,10": 17.519083271785192,
        "12,11": 62.560413524703264,
        "12,12": 0.0,
        "12,13": 14.584044268457884,
        "12,14": 19.55382883419564,
        "12,15": 8.69039470235844,
        "12,16": 42.07447092166567,
        "12,17": 28.64553704234938,
        "12,18": 28.729051683487516,
        "12,19": 42.266762554153786,
        "12,20": 46.875603353424864,
        "12,21": 38.32915184001054,
        "12,22": 65.94588587562838,
        "12,23": 46.41934210420991,
        "12,24": 16.210056700907415,
        "12,25": 29.525155680641056,
        "12,26": 53.37978171727295,
        "12,27": 19.406127896542916,
        "12,28": 38.03338470673437,
        "12,29": 37.42171236004835,
        "12,30": 18.899998242943724,
        "13,0": 60.90155133957944,
        "13,1": 7.199898290074228,
        "13,2": 20.12448621349221,
        "13,3": 34.243153920864,
        "13,4": 8.420218620867658,
        "13,5": 44.22565088472616,
        "13,6": 77.9475466246422,
        "13,7": 31.91690452169502,
        "13,8": 6.140266690647576,
        "13,9": 50.77208130475402,
        "13,10": 18.372113820543404,
        "13,11": 48.03583961420465,
        "13,12": 14.584044268457884,
        "13,13": 0.0,
        "13,14": 30.91407535197911,
        "13,15": 21.485486908410902,
        "13,16": 40.45048788216633,
        "13,17": 41.80238750975906,
        "13,18": 39.30629648043306,
        "13,19": 29.125323885537536,
        "13,20": 56.851609632615435,
        "13,21": 47.723958812976875,
        "13,22": 79.94490440760117,
        "13,23": 34.96445683838741,
        "13,24": 30.42504550406996,
        "13,25": 36.624889121551355,
        "13,26": 44.10745987188745,
        "13,27": 26.334496727074352,
        "13,28": 38.25765407970896,
        "13,29": 27.39514302067475,
        "13,30": 15.23289959826872,
        "14,0": 74.65067312030975,
        "14,1": 34.03357038122826,
        "14,2": 33.41925443583217,
        "14,3": 6.65813231821328,
        "14,4": 34.07762075558989,
        "14,5": 32.972541794006,
        "14,6": 66.09114655798582,
        "14,7": 49.8276179871886,
        "14,8": 35.732991764959145,
        "14,9": 67.83519202141763,
        "14,10": 36.60023833394352,
        "14,11": 75.42201430746697,
        "14,12": 19.55382883419564,
        "14,13": 30.91407535197911,
        "14,14": 0.0,
        "14,15": 22.425606901726027,
        "14,16": 34.981820011385985,
        "14,17": 32.37155877003157,
        "14,18": 9.2122588762984,
        "14,19": 60.03019016509875,
        "14,20": 27.347856738938535,
        "14,21": 48.260405819290604,
        "14,22": 50.631207144608794,
        "14,23": 52.507536045156584,
        "14,24": 20.333054195510513,
        "14,25": 13.507646469964287,
        "14,26": 55.238846462173214,
        "14,27": 9.62779181198689,
        "14,28": 55.93717766946364,
        "14,29": 42.65283364225497,
        "14,30": 23.94824430433875,
        "15,0": 52.561621317787335,
        "15,1": 19.350174278461754,
        "15,2": 11.612219271460244,
        "15,3": 28.734583174452553,
        "15,4": 29.163230447075197,
        "15,5": 50.71070495950609,
        "15,6": 85.37063882227343,
        "15,7": 27.609121164649583,
        "15,8": 22.530458722392204,
        "15,9": 45.41213872018849,
        "15,10": 15.784442923320196,
        "15,11": 69.23550437227723,
        "15,12": 8.69039470235844,
        "15,13": 21.485486908410902,
        "15,14": 22.425606901726027,
        "15,15": 0.0,
        "15,16": 49.987800096728314,
        "15,17": 20.407648910310268,
        "15,18": 31.372506562848486,
        "15,19": 46.24998745778142,
        "15,20": 49.1178296002957,
        "15,21": 29.843221796357476,
        "15,22": 62.74175609565169,
        "15,23": 54.873736081684314,
        "15,24": 9.591222638883748,
        "15,25": 34.63754587886153,
        "15,26": 62.06214658128632,
        "15,27": 25.52349676262494,
        "15,28": 33.57358197530845,
        "15,29": 46.02433591388881,
        "15,30": 27.56427436753892,
        "16,0": 99.98930759651584,
        "16,1": 47.484460155803795,
        "16,2": 56.5962471824705,
        "16,3": 30.128758264759583,
        "16,4": 35.39428284827175,
        "16,5": 7.435517005680877,
        "16,6": 37.49894579628662,
        "16,7": 71.46580264793279,
        "16,8": 46.40543952049977,
        "16,9": 90.6191696518929,
        "16,10": 57.0097725534778,
        "16,11": 61.66246892537641,
        "16,12": 42.07447092166567,
        "16,13": 40.45048788216633,
        "16,14": 34.981820011385985,
        "16,15": 49.987800096728314,
        "16,16": 0.0,
        "16,17": 66.12920980723244,
        "16,18": 34.09156436531752,
        "16,19": 61.982843066646986,
        "16,20": 40.17639452190993,
        "16,21": 79.64316905175409,
        "16,22": 77.25045426086615,
        "16,23": 31.49167013920045,
        "16,24": 52.911528863129256,
        "16,25": 24.014295971061834,
        "16,26": 26.58427811348161,
        "16,27": 26.30771482279082,
        "16,28": 77.97042471023327,
        "16,29": 24.831199053796706,
        "16,30": 25.427850124952368,
        "17,0": 49.47391685763684,
        "17,1": 38.66328250792701,
        "17,2": 25.96403169852261,
        "17,3": 38.775203858790334,
        "17,4": 49.57062459423782,
        "17,5": 65.10540855941295,
        "17,6": 98.4276908160543,
        "17,7": 35.017055669391986,
        "17,8": 42.05171203831248,
        "17,9": 46.74014653196214,
        "17,10": 30.76395034431057,
        "17,11": 89.08091755618162,
        "17,12": 28.64553704234938,
        "17,13": 41.80238750975906,
        "17,14": 32.37155877003157,
        "17,15": 20.407648910310268,
        "17,16": 66.12920980723244,
        "17,17": 0.0,
        "17,18": 38.406742237240344,
        "17,19": 63.9426910131459,
        "17,20": 52.454586086876844,
        "17,21": 18.028829738056018,
        "17,22": 51.98875786629822,
        "17,23": 75.0622109594683,
        "17,24": 13.425289236134011,
        "17,25": 45.813446736606686,
        "17,26": 81.55264842994538,
        "17,27": 39.8672219121816,
        "17,28": 38.49973335893437,
        "17,29": 65.96213309109903,
        "17,30": 46.78779108304098,
        "18,0": 83.11055733136202,
        "18,1": 42.957412375912476,
        "18,2": 42.55168358994736,
        "18,3": 5.65071849741402,
        "18,4": 41.431275253048206,
        "18,5": 30.218398416262843,
        "18,6": 60.81615920513645,
        "18,7": 58.907861578758244,
        "18,8": 44.45119914454805,
        "18,9": 76.68960337632475,
        "18,10": 45.80586384984663,
        "18,11": 81.73535480725377,
        "18,12": 28.729051683487516,
        "18,13": 39.30629648043306,
        "18,14": 9.2122588762984,
        "18,15": 31.372506562848486,
        "18,16": 34.09156436531752,
        "18,17": 38.406742237240344,
        "18,18": 0.0,
        "18,19": 68.38581305568614,
        "18,20": 18.147345405102612,
        "18,21": 55.39331171927792,
        "18,22": 45.41779753544163,
        "18,23": 56.6646720851398,
        "18,24": 27.894681998070645,
        "18,25": 10.07903158422521,
        "18,26": 57.475772041292096,
        "18,27": 14.320596877692,
        "18,28": 64.94466038633765,
        "18,29": 46.95261973713401,
        "18,30": 30.03201042159661,
        "19,0": 59.84708735247646,
        "19,1": 27.28263004650924,
        "19,2": 37.98131791155565,
        "19,3": 63.20895243987058,
        "19,4": 28.44210177190447,
        "19,5": 67.74370472916074,
        "19,6": 97.79825676021544,
        "19,7": 36.404939413189446,
        "19,8": 24.713413638037267,
        "19,9": 48.196875122571086,
        "19,10": 33.23701685311065,
        "19,11": 30.474472261345507,
        "19,12": 42.266762554153786,
        "19,13": 29.125323885537536,
        "19,14": 60.03019016509875,
        "19,15": 46.24998745778142,
        "19,16": 61.982843066646986,
        "19,17": 63.9426910131459,
        "19,18": 68.38581305568614,
        "19,19": 0.0,
        "19,20": 85.69193187133692,
        "19,21": 62.3256757020386,
        "19,22": 108.17654003166011,
        "19,23": 39.93162699256984,
        "19,24": 55.83259762586037,
        "19,25": 64.86474142229113,
        "19,26": 52.36634676552513,
        "19,27": 54.982690068880565,
        "19,28": 39.61410371704509,
        "19,29": 39.34572515952502,
        "19,30": 41.014678120202824,
        "20,0": 99.7873440319194,
        "20,1": 60.9401488862864,
        "20,2": 60.49615452796217,
        "20,3": 22.64639365784064,
        "20,4": 57.92430317646578,
        "20,5": 33.678595842064716,
        "20,6": 54.72930366493751,
        "20,7": 76.72684648491214,
        "20,8": 62.253345476085514,
        "20,9": 94.06765625066944,
        "20,10": 63.893415183505745,
        "20,11": 96.20867695397408,
        "20,12": 46.875603353424864,
        "20,13": 56.851609632615435,
        "20,14": 27.347856738938535,
        "20,15": 49.1178296002957,
        "20,16": 40.17639452190993,
        "20,17": 52.454586086876844,
        "20,18": 18.147345405102612,
        "20,19": 85.69193187133692,
        "20,20": 0.0,
        "20,21": 70.31914371711726,
        "20,22": 38.545921229275436,
        "20,23": 68.61893340853366,
        "20,24": 44.28197903646837,
        "20,25": 21.481038730549663,
        "20,26": 66.46752912420486,
        "20,27": 30.71838192965295,
        "20,28": 82.62184263753633,
        "20,29": 59.555854049888495,
        "20,30": 45.7023475290574,
        "21,0": 32.34439989985393,
        "21,1": 42.25210746355698,
        "21,2": 27.82523869781068,
        "21,3": 54.89573810625229,
        "21,4": 56.13533097444637,
        "21,5": 79.77131342638215,
        "21,6": 113.99831709475491,
        "21,7": 27.107790498288338,
        "21,8": 45.58805179415655,
        "21,9": 31.98386253842332,
        "21,10": 31.132226164521388,
        "21,11": 90.83670506298749,
        "21,12": 38.32915184001054,
        "21,13": 47.723958812976875,
        "21,14": 48.260405819290604,
        "21,15": 29.843221796357476,
        "21,16": 79.64316905175409,
        "21,17": 18.028829738056018,
        "21,18": 55.39331171927792,
        "21,19": 62.3256757020386,
        "21,20": 70.31914371711726,
        "21,21": 0.0,
        "21,22": 67.64375683009787,
        "21,23": 82.67196963187435,
        "21,24": 27.93194968657336,
        "21,25": 61.71690569100316,
        "21,26": 91.07930654274082,
        "21,27": 54.1947944121958,
        "21,28": 27.58802956652183,
        "21,29": 74.59913253904786,
        "21,30": 57.168768969479004,
        "22,0": 99.95685378533489,
        "22,1": 80.91596338279818,
        "22,2": 73.42272248489185,
        "22,3": 50.91236763024931,
        "22,4": 84.42091014248724,
        "22,5": 71.47454032377223,
        "22,6": 91.75372845867096,
        "22,7": 86.25396778455138,
        "22,8": 83.50880510937829,
        "22,9": 98.5827474200743,
        "22,10": 78.13554740827477,
        "22,11": 126.03694889475656,
        "22,12": 65.94588587562838,
        "22,13": 79.94490440760117,
        "22,14": 50.631207144608794,
        "22,15": 62.74175609565169,
        "22,16": 77.25045426086615,
        "22,17": 51.98875786629822,
        "22,18": 45.41779753544163,
        "22,19": 108.17654003166011,
        "22,20": 38.545921229275436,
        "22,21": 67.64375683009787,
        "22,22": 0.0,
        "22,23": 102.07634121759718,
        "22,24": 53.63478396512679,
        "22,25": 54.483341166657794,
        "22,26": 102.40541251073283,
        "22,27": 59.16814064071568,
        "22,28": 90.33489641022672,
        "22,29": 92.33619322029703,
        "22,30": 74.50767823030488,
        "23,0": 92.94452091039878,
        "23,1": 41.05022591656648,
        "23,2": 55.054134388492535,
        "23,3": 51.175698936753854,
        "23,4": 26.544722903385377,
        "23,5": 38.876941350523246,
        "23,6": 61.05821574908705,
        "23,7": 64.53716776723732,
        "23,8": 38.07317973399175,
        "23,9": 81.81390109505703,
        "23,10": 52.75229545800143,
        "23,11": 30.454710526856854,
        "23,12": 46.41934210420991,
        "23,13": 34.96445683838741,
        "23,14": 52.507536045156584,
        "23,15": 54.873736081684314,
        "23,16": 31.49167013920045,
        "23,17": 75.0622109594683,
        "23,18": 56.6646720851398,
        "23,19": 39.93162699256984,
        "23,20": 68.61893340853366,
        "23,21": 82.67196963187435,
        "23,22": 102.07634121759718,
        "23,23": 0.0,
        "23,24": 62.246698856393834,
        "23,25": 48.18271547552841,
        "23,26": 12.459922764318671,
        "23,27": 43.20406046112658,
        "23,28": 70.2149662874529,
        "23,29": 9.854805244596596,
        "23,30": 29.3685575228842,
        "24,0": 55.52484467713387,
        "24,1": 28.9055047953202,
        "24,2": 19.811115065687957,
        "24,3": 26.978143999427946,
        "24,4": 37.543770532805226,
        "24,5": 52.28755838717971,
        "24,6": 86.18537199230055,
        "24,7": 34.07828979722339,
        "24,8": 32.02594749577766,
        "24,9": 50.070908720426935,
        "24,10": 24.501115219993714,
        "24,11": 78.426997253053,
        "24,12": 16.210056700907415,
        "24,13": 30.42504550406996,
        "24,14": 20.333054195510513,
        "24,15": 9.591222638883748,
        "24,16": 52.911528863129256,
        "24,17": 13.425289236134011,
        "24,18": 27.894681998070645,
        "24,19": 55.83259762586037,
        "24,20": 44.28197903646837,
        "24,21": 27.93194968657336,
        "24,22": 53.63478396512679,
        "24,23": 62.246698856393834,
        "24,24": 0.0,
        "24,25": 33.787376949163075,
        "24,26": 68.28131899994216,
        "24,27": 26.794406021247937,
        "24,28": 39.31413235980584,
        "24,29": 52.944831506598135,
        "24,30": 33.54763336404273,
        "25,0": 87.19916526766767,
        "25,1": 41.68366811132524,
        "25,2": 44.65110055264753,
        "25,3": 7.074179581102087,
        "25,4": 36.717685862447176,
        "25,5": 20.388630277931,
        "25,6": 52.61478119573795,
        "25,7": 61.079003769716124,
        "25,8": 42.42309142058333,
        "25,9": 79.69879649015188,
        "25,10": 47.02355520884808,
        "25,11": 74.87066000993066,
        "25,12": 29.525155680641056,
        "25,13": 36.624889121551355,
        "25,14": 13.507646469964287,
        "25,15": 34.63754587886153,
        "25,16": 24.014295971061834,
        "25,17": 45.813446736606686,
        "25,18": 10.07903158422521,
        "25,19": 64.86474142229113,
        "25,20": 21.481038730549663,
        "25,21": 61.71690569100316,
        "25,22": 54.483341166657794,
        "25,23": 48.18271547552841,
        "25,24": 33.787376949163075,
        "25,25": 0.0,
        "25,26": 47.947939537069686,
        "25,27": 10.504230799002624,
        "25,28": 67.42715805633355,
        "25,29": 38.73960355584269,
        "25,30": 24.31699079432996,
        "26,0": 103.8704797800438,
        "26,1": 50.814923432210996,
        "26,2": 64.09242739987624,
        "26,3": 52.43448055804203,
        "26,4": 35.90792311071298,
        "26,5": 33.80995185697776,
        "26,6": 50.08632245713404,
        "26,7": 75.10376066308561,
        "26,8": 48.17330837478824,
        "26,9": 92.97612859243114,
        "26,10": 62.41991916251342,
        "26,11": 40.25334139683175,
        "26,12": 53.37978171727295,
        "26,13": 44.10745987188745,
        "26,14": 55.238846462173214,
        "26,15": 62.06214658128632,
        "26,16": 26.58427811348161,
        "26,17": 81.55264842994538,
        "26,18": 57.475772041292096,
        "26,19": 52.36634676552513,
        "26,20": 66.46752912420486,
        "26,21": 91.07930654274082,
        "26,22": 102.40541251073283,
        "26,23": 12.459922764318671,
        "26,24": 68.28131899994216,
        "26,25": 47.947939537069686,
        "26,26": 0.0,
        "26,27": 45.611562577626096,
        "26,28": 81.04263280658782,
        "26,29": 16.717280663696712,
        "26,30": 34.765063037487685,
        "27,0": 77.8183626378745,
        "27,1": 31.1905259345161,
        "27,2": 34.71355008284229,
        "27,3": 8.695770363288078,
        "27,4": 27.356140230483543,
        "27,5": 25.58226868146687,
        "27,6": 59.9672457013188,
        "27,7": 51.019535648069336,
        "27,8": 32.01858285103487,
        "27,9": 69.85139689420797,
        "27,10": 36.77754571873545,
        "27,11": 67.43434029666388,
        "27,12": 19.406127896542916,
        "27,13": 26.334496727074352,
        "27,14": 9.62779181198689,
        "27,15": 25.52349676262494,
        "27,16": 26.30771482279082,
        "27,17": 39.8672219121816,
        "27,18": 14.320596877692,
        "27,19": 54.982690068880565,
        "27,20": 30.71838192965295,
        "27,21": 54.1947944121958,
        "27,22": 59.16814064071568,
        "27,23": 43.20406046112658,
        "27,24": 26.794406021247937,
        "27,25": 10.504230799002624,
        "27,26": 45.611562577626096,
        "27,27": 0.0,
        "27,28": 57.4391079513294,
        "27,29": 33.36936771775959,
        "27,30": 15.71142891699159,
        "28,0": 22.835393534978643,
        "28,1": 31.065139953637185,
        "28,2": 22.776061956989626,
        "28,3": 62.05778798972402,
        "28,4": 45.58732698876601,
        "28,5": 80.63132056671749,
        "28,6": 115.19536642188872,
        "28,7": 6.525455800080576,
        "28,8": 33.1357105293067,
        "28,9": 12.653764448246426,
        "28,10": 21.07349917761507,
        "28,11": 69.95894050775698,
        "28,12": 38.03338470673437,
        "28,13": 38.25765407970896,
        "28,14": 55.93717766946364,
        "28,15": 33.57358197530845,
        "28,16": 77.97042471023327,
        "28,17": 38.49973335893437,
        "28,18": 64.94466038633765,
        "28,19": 39.61410371704509,
        "28,20": 82.62184263753633,
        "28,21": 27.58802956652183,
        "28,22": 90.33489641022672,
        "28,23": 70.2149662874529,
        "28,24": 39.31413235980584,
        "28,25": 67.42715805633355,
        "28,26": 81.04263280658782,
        "28,27": 57.4391079513294,
        "28,28": 0.0,
        "28,29": 64.55450789176732,
        "28,30": 52.59870976637763,
        "29,0": 87.38921330560925,
        "29,1": 34.113852323579756,
        "29,2": 47.42099431099263,
        "29,3": 41.42382896391537,
        "29,4": 19.203719674547074,
        "29,5": 31.834636333976462,
        "29,6": 58.58802901025576,
        "29,7": 58.523751991380934,
        "29,8": 31.539149527565787,
        "29,9": 76.64914247903579,
        "29,10": 45.703561035445425,
        "29,11": 37.40034369849026,
        "29,12": 37.42171236004835,
        "29,13": 27.39514302067475,
        "29,14": 42.65283364225497,
        "29,15": 46.02433591388881,
        "29,16": 24.831199053796706,
        "29,17": 65.96213309109903,
        "29,18": 46.95261973713401,
        "29,19": 39.34572515952502,
        "29,20": 59.555854049888495,
        "29,21": 74.59913253904786,
        "29,22": 92.33619322029703,
        "29,23": 9.854805244596596,
        "29,24": 52.944831506598135,
        "29,25": 38.73960355584269,
        "29,26": 16.717280663696712,
        "29,27": 33.36936771775959,
        "29,28": 64.55450789176732,
        "29,29": 0.0,
        "29,30": 19.686791398557673,
        "30,0": 74.81913972708041,
        "30,1": 22.108564737369104,
        "30,2": 31.850695055987583,
        "30,3": 24.40007627071676,
        "30,4": 12.584788676976663,
        "30,5": 28.997417750996586,
        "30,6": 62.86185575410997,
        "30,7": 46.11263152330638,
        "30,8": 21.334702284694856,
        "30,9": 65.2360593214696,
        "30,10": 31.75598849885364,
        "30,11": 51.75450999302485,
        "30,12": 18.899998242943724,
        "30,13": 15.23289959826872,
        "30,14": 23.94824430433875,
        "30,15": 27.56427436753892,
        "30,16": 25.427850124952368,
        "30,17": 46.78779108304098,
        "30,18": 30.03201042159661,
        "30,19": 41.014678120202824,
        "30,20": 45.7023475290574,
        "30,21": 57.168768969479004,
        "30,22": 74.50767823030488,
        "30,23": 29.3685575228842,
        "30,24": 33.54763336404273,
        "30,25": 24.31699079432996,
        "30,26": 34.765063037487685,
        "30,27": 15.71142891699159,
        "30,28": 52.59870976637763,
        "30,29": 19.686791398557673,
        "30,30": 0.0
    }
}