{
    "num_robots": 3,
    "num_tasks": 30,
    "num_nodes": 31,
    "robot_capacity": [
        166,
        153,
        126
    ],
    "robot_speed": [
        1.11,
        0.91,
        0.94
    ],
    "task_demand": {
        "0": 0,
        "1": 14,
        "2": 11,
        "3": 13,
        "4": 7,
        "5": 8,
        "6": 12,
        "7": 15,
        "8": 13,
        "9": 13,
        "10": 14,
        "11": 14,
        "12": 5,
        "13": 6,
        "14": 12,
        "15": 5,
        "16": 13,
        "17": 13,
        "18": 15,
        "19": 6,
        "20": 10,
        "21": 10,
        "22": 10,
        "23": 12,
        "24": 8,
        "25": 6,
        "26": 14,
        "27": 12,
        "28": 10,
        "29": 6,
        "30": 7
    },
    "task_service_time": {
        "0": 0,
        "1": 77,
        "2": 17,
        "3": 52,
        "4": 32,
        "5": 45,
        "6": 29,
        "7": 62,
        "8": 75,
        "9": 34,
        "10": 35,
        "11": 78,
        "12": 69,
        "13": 52,
        "14": 87,
        "15": 72,
        "16": 35,
        "17": 23,
        "18": 97,
        "19": 46,
        "20": 32,
        "21": 51,
        "22": 98,
        "23": 84,
        "24": 59,
        "25": 10,
        "26": 25,
        "27": 61,
        "28": 73,
        "29": 26,
        "30": 56
    },
    "task_precedence": [],
    "coordinates": {
        "0": [
            100,
            100
        ],
        "1": [
            5.790929736720818,
            56.31934081317483
        ],
        "2": [
            22.225864168080523,
            19.508449157292297
        ],
        "3": [
            46.438006379654794,
            55.4979737779918
        ],
        "4": [
            71.74087254596692,
            56.65132768687102
        ],
        "5": [
            71.54916591191358,
            90.27969015043067
        ],
        "6": [
            81.91140490605578,
            17.33258700304894
        ],
        "7": [
            40.34108501384344,
            23.819811916578303
        ],
        "8": [
            33.7718840561934,
            58.23002613613137
        ],
        "9": [
            79.40583055472707,
            88.77285387578904
        ],
        "10": [
            99.160939502956,
            17.93394017914458
        ],
        "11": [
            14.423262164839501,
            1.3088845149017203
        ],
        "12": [
            50.91863389742033,
            74.09135423015636
        ],
        "13": [
            15.247292464038964,
            68.46232804417541
        ],
        "14": [
            62.53870495919772,
            64.57138917201273
        ],
        "15": [
            24.105129469082254,
            98.3018006116401
        ],
        "16": [
            19.307684999553064,
            23.663109115156423
        ],
        "17": [
            82.97827591573245,
            54.277392560885254
        ],
        "18": [
            19.2989910688356,
            49.72530348121388
        ],
        "19": [
            12.159140089787146,
            28.25157372488346
        ],
        "20": [
            19.545605603677817,
            99.03677602093288
        ],
        "21": [
            82.40172499469115,
            38.75439349916452
        ],
        "22": [
            88.04980240155209,
            26.50281625246813
        ],
        "23": [
            67.73683392879886,
            29.791348119725626
        ],
        "24": [
            43.526131884221364,
            60.897842115570086
        ],
        "25": [
            83.02876174221083,
            72.74941259135116
        ],
        "26": [
            79.52547782731111,
            6.941988876753024
        ],
        "27": [
            40.9167492489834,
            73.25616331797944
        ],
        "28": [
            71.0573251938649,
            69.34797136614431
        ],
        "29": [
            67.30976388353994,
            21.97344465373835
        ],
        "30": [
            84.01977182168122,
            27.264785904966626
        ]
    },
    "distance_matrix_str_keys": {
        "0,0": 0.0,
        "0,1": 103.84290494235535,
        "0,2": 111.927235119367,
        "0,3": 69.63704113796196,
        "0,4": 51.746359058143604,
        "0,5": 30.065501557091228,
        "0,6": 84.62327365495344,
        "0,7": 96.7605663157826,
        "0,8": 78.30002591349864,
        "0,9": 23.455673625692317,
        "0,10": 82.0703490734499,
        "0,11": 130.62662184333175,
        "0,12": 55.49989571271908,
        "0,13": 90.43033886406349,
        "0,14": 51.56098419672586,
        "0,15": 75.91386733705109,
        "0,16": 111.0791186951709,
        "0,17": 48.78827647941998,
        "0,18": 95.0799555772084,
        "0,19": 113.41892850279214,
        "0,20": 80.46016019194101,
        "0,21": 63.72380715884495,
        "0,22": 74.46236124016221,
        "0,23": 77.26685371997141,
        "0,24": 68.68971197477279,
        "0,25": 32.10323102304591,
        "0,26": 95.28378399504443,
        "0,27": 64.85416964067994,
        "0,28": 42.15714985983276,
        "0,29": 84.59784203248414,
        "0,30": 74.4699876600062,
        "1,0": 103.84290494235535,
        "1,1": 0.0,
        "1,2": 40.3131345130122,
        "1,3": 40.655374594548185,
        "1,4": 65.95077840198051,
        "1,5": 74.00980308027364,
        "1,6": 85.52364417315663,
        "1,7": 47.433454524986864,
        "1,8": 28.046114223395954,
        "1,9": 80.45112884571708,
        "1,10": 100.95245269720724,
        "1,11": 55.68363732097397,
        "1,12": 48.501073634600985,
        "1,13": 15.390741857456218,
        "1,14": 57.34462742766198,
        "1,15": 45.803240524733404,
        "1,16": 35.34306355637504,
        "1,17": 77.21435075699084,
        "1,18": 15.031601687360842,
        "1,19": 28.78113361949931,
        "1,20": 44.87728132289272,
        "1,21": 78.59860892027675,
        "1,22": 87.49598430195613,
        "1,23": 67.38716081359865,
        "1,24": 38.01194753348958,
        "1,25": 78.96600503725843,
        "1,26": 88.74066974266552,
        "1,27": 38.995886359554675,
        "1,28": 66.55409521625313,
        "1,29": 70.45713262529658,
        "1,30": 83.45009823162438,
        "2,0": 111.927235119367,
        "2,1": 40.3131345130122,
        "2,2": 0.0,
        "2,3": 43.37595777498674,
        "2,4": 61.89773404677429,
        "2,5": 86.2632983755089,
        "2,6": 59.72518856645639,
        "2,7": 18.62119961583897,
        "2,8": 40.40632498736873,
        "2,9": 89.81707141176305,
        "2,10": 76.95118514555337,
        "2,11": 19.801635063638912,
        "2,12": 61.664970290548325,
        "2,13": 49.44878887394584,
        "2,14": 60.46315982001151,
        "2,15": 78.81575903003106,
        "2,16": 5.077102424130043,
        "2,17": 69.99810682124544,
        "2,18": 30.35827517123102,
        "2,19": 13.333460198797153,
        "2,20": 79.57347899710123,
        "2,21": 63.17864037658657,
        "2,22": 66.19450140023685,
        "2,23": 46.65818663035065,
        "2,24": 46.54871914708295,
        "2,25": 80.81826860801321,
        "2,26": 58.66141533818849,
        "2,27": 56.90488522619519,
        "2,28": 69.77456241295499,
        "2,29": 45.151237151944144,
        "2,30": 62.27879079466022,
        "3,0": 69.63704113796196,
        "3,1": 40.655374594548185,
        "3,2": 43.37595777498674,
        "3,3": 0.0,
        "3,4": 25.32913858522295,
        "3,5": 42.89916230962247,
        "3,6": 52.10526605530242,
        "3,7": 32.25954725439896,
        "3,8": 12.95742122493913,
        "3,9": 46.84116860584568,
        "3,10": 64.73611277594148,
        "3,11": 62.93966350643443,
        "3,12": 19.125632527890225,
        "3,13": 33.77773106804103,
        "3,14": 18.481324672808267,
        "3,15": 48.27965392075355,
        "3,16": 41.827179516298365,
        "3,17": 36.56064983389598,
        "3,18": 27.74616864354754,
        "3,19": 43.788206060224105,
        "3,20": 51.174490913400376,
        "3,21": 39.67034833695119,
        "3,22": 50.71745979539905,
        "3,23": 33.3836884975643,
        "3,24": 6.134948340478195,
        "3,25": 40.453621829615024,
        "3,26": 58.75767555416739,
        "3,27": 18.596708742170378,
        "3,28": 28.24771304136938,
        "3,29": 39.49081303675456,
        "3,30": 47.00534002869278,
        "4,0": 51.746359058143604,
        "4,1": 65.95077840198051,
        "4,2": 61.89773404677429,
        "4,3": 25.32913858522295,
        "4,4": 0.0,
        "4,5": 33.6289088941953,
        "4,6": 40.61284399607174,
        "4,7": 45.42967185482938,
        "4,8": 38.00179437513775,
        "4,9": 33.02338604657921,
        "4,10": 47.44361039538639,
        "4,11": 79.67493003476926,
        "4,12": 27.16100418186935,
        "4,13": 57.71502681203095,
        "4,14": 12.141139247344574,
        "4,15": 63.27658266170739,
        "4,16": 61.94724950159309,
        "4,17": 11.48541694833961,
        "4,18": 52.8972659421906,
        "4,19": 66.00400645098156,
        "4,20": 67.2374309566944,
        "4,21": 20.831563269533255,
        "4,22": 34.277017588242984,
        "4,23": 27.156782349815327,
        "4,24": 28.532516107113786,
        "4,25": 19.66125072569218,
        "4,26": 50.31519098965475,
        "4,27": 35.01209995649747,
        "4,28": 12.715030385374467,
        "4,29": 34.95983832396635,
        "4,30": 31.84870806363658,
        "5,0": 30.065501557091228,
        "5,1": 74.00980308027364,
        "5,2": 86.2632983755089,
        "5,3": 42.89916230962247,
        "5,4": 33.6289088941953,
        "5,5": 0.0,
        "5,6": 73.67941269151424,
        "5,7": 73.42247427183977,
        "5,8": 49.5409324481887,
        "5,9": 7.999858428010562,
        "5,10": 77.43589335541256,
        "5,11": 105.73160896512945,
        "5,12": 26.223673866731076,
        "5,13": 60.381273943300926,
        "5,14": 27.241606886843915,
        "5,15": 48.117469283416725,
        "5,16": 84.65778875417068,
        "5,17": 37.77287369535948,
        "5,18": 66.14181014493455,
        "5,19": 85.87585454861036,
        "5,20": 52.7357263880537,
        "5,21": 52.65580911586258,
        "5,22": 65.87685973663139,
        "5,23": 60.60836078275865,
        "5,24": 40.602751508497995,
        "5,25": 20.95451626082895,
        "5,26": 83.71854039191345,
        "5,27": 35.04490571290711,
        "5,28": 20.937496472987814,
        "5,29": 68.43767751328633,
        "5,30": 64.2370155659627,
        "6,0": 84.62327365495344,
        "6,1": 85.52364417315663,
        "6,2": 59.72518856645639,
        "6,3": 52.10526605530242,
        "6,4": 40.61284399607174,
        "6,5": 73.67941269151424,
        "6,6": 0.0,
        "6,7": 42.07345461237502,
        "6,8": 63.16655757043055,
        "6,9": 71.4841914948918,
        "6,10": 17.260013599416947,
        "6,11": 69.36431685014593,
        "6,12": 64.66923157062156,
        "6,13": 84.01401256108717,
        "6,14": 51.056889188330814,
        "6,15": 99.4865771463111,
        "6,16": 62.922978762481726,
        "6,17": 36.96020659381684,
        "6,18": 70.49540727847523,
        "6,19": 70.60171894529527,
        "6,20": 102.78651383179893,
        "6,21": 21.427417187947295,
        "6,22": 11.035081707881396,
        "6,23": 18.871650456483902,
        "6,24": 58.06341910342361,
        "6,25": 55.42808894940912,
        "6,26": 10.661012027348589,
        "6,27": 69.33980228046364,
        "6,28": 53.13578132331489,
        "6,29": 15.321405949989698,
        "6,30": 10.15351102221093,
        "7,0": 96.7605663157826,
        "7,1": 47.433454524986864,
        "7,2": 18.62119961583897,
        "7,3": 32.25954725439896,
        "7,4": 45.42967185482938,
        "7,5": 73.42247427183977,
        "7,6": 42.07345461237502,
        "7,7": 0.0,
        "7,8": 35.03166059234878,
        "7,9": 75.79546163147882,
        "7,10": 59.11360899344495,
        "7,11": 34.328929399500716,
        "7,12": 51.37229318387809,
        "7,13": 51.21184111839165,
        "7,14": 46.40501460019198,
        "7,15": 76.23104939867203,
        "7,16": 21.033983738919357,
        "7,17": 52.39841855159933,
        "7,18": 33.37460427924113,
        "7,19": 28.528276015702293,
        "7,20": 78.03873174888471,
        "7,21": 44.633386188428595,
        "7,22": 47.784100148968555,
        "7,23": 28.03901394908138,
        "7,24": 37.21457842034289,
        "7,25": 64.93337790888698,
        "7,26": 42.66471083605037,
        "7,27": 49.439702964261784,
        "7,28": 54.9208586391534,
        "7,29": 27.0318092632754,
        "7,30": 43.81433015621549,
        "8,0": 78.30002591349864,
        "8,1": 28.046114223395954,
        "8,2": 40.40632498736873,
        "8,3": 12.95742122493913,
        "8,4": 38.00179437513775,
        "8,5": 49.5409324481887,
        "8,6": 63.16655757043055,
        "8,7": 35.03166059234878,
        "8,8": 0.0,
        "8,9": 54.911942229040086,
        "8,10": 76.80822296911094,
        "8,11": 60.11975991767317,
        "8,12": 23.357927113164855,
        "8,13": 21.162714759535945,
        "8,14": 29.457475621960022,
        "8,15": 41.22127186130321,
        "8,16": 37.47111963479451,
        "8,17": 49.364889466245884,
        "8,18": 16.78674890681866,
        "8,19": 36.956979188387216,
        "8,20": 43.215481424707704,
        "8,21": 52.38474679058476,
        "8,22": 62.870567572652334,
        "8,23": 44.29871586366134,
        "8,24": 10.112496862335078,
        "8,25": 51.35224028619688,
        "8,26": 68.7302997875889,
        "8,27": 16.638326154720588,
        "8,28": 38.90774764707324,
        "8,29": 49.389564526354576,
        "8,30": 59.02284580962531,
        "9,0": 23.455673625692317,
        "9,1": 80.45112884571708,
        "9,2": 89.81707141176305,
        "9,3": 46.84116860584568,
        "9,4": 33.02338604657921,
        "9,5": 7.999858428010562,
        "9,6": 71.4841914948918,
        "9,7": 75.79546163147882,
        "9,8": 54.911942229040086,
        "9,9": 0.0,
        "9,10": 73.54193377439185,
        "9,11": 108.96182877920438,
        "9,12": 32.0478830071002,
        "9,13": 67.2966230169904,
        "9,14": 29.499335919025228,
        "9,15": 56.11566952695588,
        "9,16": 88.60624110053202,
        "9,17": 34.679954111639084,
        "9,18": 71.67665829821874,
        "9,19": 90.4706733123604,
        "9,20": 60.73380137116229,
        "9,21": 50.10810076168687,
        "9,22": 62.867128413014896,
        "9,23": 60.12473287681589,
        "9,24": 45.43532829548648,
        "9,25": 16.427912252780956,
        "9,26": 81.83095246885675,
        "9,27": 41.49912126331068,
        "9,28": 21.142932679121085,
        "9,29": 67.88575624774901,
        "9,30": 61.68087936725782,
        "10,0": 82.0703490734499,
        "10,1": 100.95245269720724,
        "10,2": 76.95118514555337,
        "10,3": 64.73611277594148,
        "10,4": 47.44361039538639,
        "10,5": 77.43589335541256,
        "10,6": 17.260013599416947,
        "10,7": 59.11360899344495,
        "10,8": 76.80822296911094,
        "10,9": 73.54193377439185,
        "10,10": 0.0,
        "10,11": 86.3531495459078,
        "10,12": 74.03360860470515,
        "10,13": 97.95212166977775,
        "10,14": 59.29788960444056,
        "10,15": 109.9653018471646,
        "10,16": 80.05851379761307,
        "10,17": 39.783478125989724,
        "10,18": 85.95709155327594,
        "10,19": 87.61145280791447,
        "10,20": 113.64977507005288,
        "10,21": 26.72756156826066,
        "10,22": 14.031500448853334,
        "10,23": 33.586791067399226,
        "10,24": 70.29316245821069,
        "10,25": 57.14003128348514,
        "10,26": 22.502763133665756,
        "10,27": 80.33015667458885,
        "10,28": 58.59364931570597,
        "10,29": 32.10630755379925,
        "10,30": 17.785377159666066,
        "11,0": 130.62662184333175,
        "11,1": 55.68363732097397,
        "11,2": 19.801635063638912,
        "11,3": 62.93966350643443,
        "11,4": 79.67493003476926,
        "11,5": 105.73160896512945,
        "11,6": 69.36431685014593,
        "11,7": 34.328929399500716,
        "11,8": 60.11975991767317,
        "11,9": 108.96182877920438,
        "11,10": 86.3531495459078,
        "11,11": 0.0,
        "11,12": 81.41989962995054,
        "11,13": 67.15849911793256,
        "11,14": 79.48106900884103,
        "11,15": 97.47494204894865,
        "11,16": 22.88162896095695,
        "11,17": 86.63401615417898,
        "11,18": 48.66130246784127,
        "11,19": 27.03765431091251,
        "11,20": 97.86204157138765,
        "11,21": 77.60951972406497,
        "11,22": 77.81774619985735,
        "11,23": 60.44491432065202,
        "11,24": 66.31606814217476,
        "11,25": 99.04778454918949,
        "11,26": 65.34546923019585,
        "11,27": 76.67017532942974,
        "11,28": 88.52533216388716,
        "11,29": 56.78033206818802,
        "11,30": 74.27908839899447,
        "12,0": 55.49989571271908,
        "12,1": 48.501073634600985,
        "12,2": 61.664970290548325,
        "12,3": 19.125632527890225,
        "12,4": 27.16100418186935,
        "12,5": 26.223673866731076,
        "12,6": 64.66923157062156,
        "12,7": 51.37229318387809,
        "12,8": 23.357927113164855,
        "12,9": 32.0478830071002,
        "12,10": 74.03360860470515,
        "12,11": 81.41989962995054,
        "12,12": 0.0,
        "12,13": 36.11274754791345,
        "12,14": 15.02184363482166,
        "12,15": 36.12630251934461,
        "12,16": 59.5168883225769,
        "12,17": 37.6883765022277,
        "12,18": 39.918745492654324,
        "12,19": 60.029857879188356,
        "12,20": 40.08167876523782,
        "12,21": 47.32743198973205,
        "12,22": 60.360522043270144,
        "12,23": 47.38504398731377,
        "12,24": 15.123420510350343,
        "12,25": 32.13815672328999,
        "12,26": 72.988963460197,
        "12,27": 10.036694693992699,
        "12,28": 20.689769648985834,
        "12,29": 54.634656042090654,
        "12,30": 57.34468443539126,
        "13,0": 90.43033886406349,
        "13,1": 15.390741857456218,
        "13,2": 49.44878887394584,
        "13,3": 33.77773106804103,
        "13,4": 57.71502681203095,
        "13,5": 60.381273943300926,
        "13,6": 84.01401256108717,
        "13,7": 51.21184111839165,
        "13,8": 21.162714759535945,
        "13,9": 67.2966230169904,
        "13,10": 97.95212166977775,
        "13,11": 67.15849911793256,
        "13,12": 36.11274754791345,
        "13,13": 0.0,
        "13,14": 47.45120758309703,
        "13,15": 31.126442127432302,
        "13,16": 44.98285011193301,
        "13,17": 69.20042278771628,
        "13,18": 19.170090011711856,
        "13,19": 40.32916374056191,
        "13,20": 30.87510914846846,
        "13,21": 73.43213998954795,
        "13,22": 84.02860276715376,
        "13,23": 65.19659999952411,
        "13,24": 29.27309697173379,
        "13,25": 67.91691005502526,
        "13,26": 88.97436285172184,
        "13,27": 26.113250817669137,
        "13,28": 55.81705937612613,
        "13,29": 69.79768770665696,
        "13,30": 80.16789504102758,
        "14,0": 51.56098419672586,
        "14,1": 57.34462742766198,
        "14,2": 60.46315982001151,
        "14,3": 18.481324672808267,
        "14,4": 12.141139247344574,
        "14,5": 27.241606886843915,
        "14,6": 51.056889188330814,
        "14,7": 46.40501460019198,
        "14,8": 29.457475621960022,
        "14,9": 29.499335919025228,
        "14,10": 59.29788960444056,
        "14,11": 79.48106900884103,
        "14,12": 15.02184363482166,
        "14,13": 47.45120758309703,
        "14,14": 0.0,
        "14,15": 51.135901095423655,
        "14,16": 59.518135588754646,
        "14,17": 22.885419531158306,
        "14,18": 45.717383101604995,
        "14,19": 62.10659828508303,
        "14,20": 55.102354603404414,
        "14,21": 32.5738672942326,
        "14,22": 45.82610977209372,
        "14,23": 35.16634471171809,
        "14,24": 19.364216558054043,
        "14,25": 22.061788096578876,
        "14,26": 60.08076423335636,
        "14,27": 23.30094999567446,
        "14,28": 9.766403030787531,
        "14,29": 42.86429610341837,
        "14,30": 43.04902880292727,
        "15,0": 75.91386733705109,
        "15,1": 45.803240524733404,
        "15,2": 78.81575903003106,
        "15,3": 48.27965392075355,
        "15,4": 63.27658266170739,
        "15,5": 48.117469283416725,
        "15,6": 99.4865771463111,
        "15,7": 76.23104939867203,
        "15,8": 41.22127186130321,
        "15,9": 56.11566952695588,
        "15,10": 109.9653018471646,
        "15,11": 97.47494204894865,
        "15,12": 36.12630251934461,
        "15,13": 31.126442127432302,
        "15,14": 51.135901095423655,
        "15,15": 0.0,
        "15,16": 74.79271182237935,
        "15,17": 73.51323606499777,
        "15,18": 48.81367676978075,
        "15,19": 71.06152931886785,
        "15,20": 4.618381397357487,
        "15,21": 83.33298712811963,
        "15,22": 96.14580256802249,
        "15,23": 81.22442818947341,
        "15,24": 42.145360907038956,
        "15,25": 64.22553210210317,
        "15,26": 106.85518336693569,
        "15,27": 30.16478919318962,
        "15,28": 55.16187914996755,
        "15,29": 87.70780101064612,
        "15,30": 92.93019867984782,
        "16,0": 111.0791186951709,
        "16,1": 35.34306355637504,
        "16,2": 5.077102424130043,
        "16,3": 41.827179516298365,
        "16,4": 61.94724950159309,
        "16,5": 84.65778875417068,
        "16,6": 62.922978762481726,
        "16,7": 21.033983738919357,
        "16,8": 37.47111963479451,
        "16,9": 88.60624110053202,
        "16,10": 80.05851379761307,
        "16,11": 22.88162896095695,
        "16,12": 59.5168883225769,
        "16,13": 44.98285011193301,
        "16,14": 59.518135588754646,
        "16,15": 74.79271182237935,
        "16,16": 0.0,
        "16,17": 70.6482731459934,
        "16,18": 26.06219581613545,
        "16,19": 8.49445123605155,
        "16,20": 75.37404240875506,
        "16,21": 64.87376008269516,
        "16,22": 68.80074593735097,
        "16,23": 48.81534368728948,
        "16,24": 44.41799760364704,
        "16,25": 80.4353206632557,
        "16,26": 62.496227366729364,
        "16,27": 54.09642024108573,
        "16,28": 69.02993480463728,
        "16,29": 48.03180761929202,
        "16,30": 64.81223847833765,
        "17,0": 48.78827647941998,
        "17,1": 77.21435075699084,
        "17,2": 69.99810682124544,
        "17,3": 36.56064983389598,
        "17,4": 11.48541694833961,
        "17,5": 37.77287369535948,
        "17,6": 36.96020659381684,
        "17,7": 52.39841855159933,
        "17,8": 49.364889466245884,
        "17,9": 34.679954111639084,
        "17,10": 39.783478125989724,
        "17,11": 86.63401615417898,
        "17,12": 37.6883765022277,
        "17,13": 69.20042278771628,
        "17,14": 22.885419531158306,
        "17,15": 73.51323606499777,
        "17,16": 70.6482731459934,
        "17,17": 0.0,
        "17,18": 63.84177968698469,
        "17,19": 75.44993866941229,
        "17,20": 77.63443868954938,
        "17,21": 15.533702418764701,
        "17,22": 28.23380013403183,
        "17,23": 28.84212069552977,
        "17,24": 40.00377508422452,
        "17,25": 18.47208902167291,
        "17,26": 47.46116577349491,
        "17,27": 46.14505135968509,
        "17,28": 19.215395172587993,
        "17,29": 35.90330513602644,
        "17,30": 27.032677116214135,
        "18,0": 95.0799555772084,
        "18,1": 15.031601687360842,
        "18,2": 30.35827517123102,
        "18,3": 27.74616864354754,
        "18,4": 52.8972659421906,
        "18,5": 66.14181014493455,
        "18,6": 70.49540727847523,
        "18,7": 33.37460427924113,
        "18,8": 16.78674890681866,
        "18,9": 71.67665829821874,
        "18,10": 85.95709155327594,
        "18,11": 48.66130246784127,
        "18,12": 39.918745492654324,
        "18,13": 19.170090011711856,
        "18,14": 45.717383101604995,
        "18,15": 48.81367676978075,
        "18,16": 26.06219581613545,
        "18,17": 63.84177968698469,
        "18,18": 0.0,
        "18,19": 22.629594376632774,
        "18,20": 49.31208921516362,
        "18,21": 64.04932392111216,
        "18,22": 72.56692064567737,
        "18,23": 52.37926304636501,
        "18,24": 26.679204853681693,
        "18,25": 67.76129625676079,
        "18,26": 73.8758534015892,
        "18,27": 31.953541797316518,
        "18,28": 55.35317738233688,
        "18,29": 55.45448561338645,
        "18,30": 68.50733034537853,
        "19,0": 113.41892850279214,
        "19,1": 28.78113361949931,
        "19,2": 13.333460198797153,
        "19,3": 43.788206060224105,
        "19,4": 66.00400645098156,
        "19,5": 85.87585454861036,
        "19,6": 70.60171894529527,
        "19,7": 28.528276015702293,
        "19,8": 36.956979188387216,
        "19,9": 90.4706733123604,
        "19,10": 87.61145280791447,
        "19,11": 27.03765431091251,
        "19,12": 60.029857879188356,
        "19,13": 40.32916374056191,
        "19,14": 62.10659828508303,
        "19,15": 71.06152931886785,
        "19,16": 8.49445123605155,
        "19,17": 75.44993866941229,
        "19,18": 22.629594376632774,
        "19,19": 0.0,
        "19,20": 71.16954922493564,
        "19,21": 71.02344653235069,
        "19,22": 75.91080805007722,
        "19,23": 55.59901939467937,
        "19,24": 45.27324832689663,
        "19,25": 83.6813057793902,
        "19,26": 70.65636465716175,
        "19,27": 53.40798787631015,
        "19,28": 71.81859165733367,
        "19,29": 55.50681227988155,
        "19,30": 71.86740668139096,
        "20,0": 80.46016019194101,
        "20,1": 44.87728132289272,
        "20,2": 79.57347899710123,
        "20,3": 51.174490913400376,
        "20,4": 67.2374309566944,
        "20,5": 52.7357263880537,
        "20,6": 102.78651383179893,
        "20,7": 78.03873174888471,
        "20,8": 43.215481424707704,
        "20,9": 60.73380137116229,
        "20,10": 113.64977507005288,
        "20,11": 97.86204157138765,
        "20,12": 40.08167876523782,
        "20,13": 30.87510914846846,
        "20,14": 55.102354603404414,
        "20,15": 4.618381397357487,
        "20,16": 75.37404240875506,
        "20,17": 77.63443868954938,
        "20,18": 49.31208921516362,
        "20,19": 71.16954922493564,
        "20,20": 0.0,
        "20,21": 87.0910867276217,
        "20,22": 99.76973638641704,
        "20,23": 84.36423278087248,
        "20,24": 45.051569563439976,
        "20,25": 68.71052750043674,
        "20,26": 109.90466273591475,
        "20,27": 33.48679996727022,
        "20,28": 59.4548768140029,
        "20,29": 90.66516341789578,
        "20,30": 96.47868507972674,
        "21,0": 63.72380715884495,
        "21,1": 78.59860892027675,
        "21,2": 63.17864037658657,
        "21,3": 39.67034833695119,
        "21,4": 20.831563269533255,
        "21,5": 52.65580911586258,
        "21,6": 21.427417187947295,
        "21,7": 44.633386188428595,
        "21,8": 52.38474679058476,
        "21,9": 50.10810076168687,
        "21,10": 26.72756156826066,
        "21,11": 77.60951972406497,
        "21,12": 47.32743198973205,
        "21,13": 73.43213998954795,
        "21,14": 32.5738672942326,
        "21,15": 83.33298712811963,
        "21,16": 64.87376008269516,
        "21,17": 15.533702418764701,
        "21,18": 64.04932392111216,
        "21,19": 71.02344653235069,
        "21,20": 87.0910867276217,
        "21,21": 0.0,
        "21,22": 13.490808849941567,
        "21,23": 17.187065265727263,
        "21,24": 44.73973688253206,
        "21,25": 34.00080143409673,
        "21,26": 31.94216469852803,
        "21,27": 53.95716201999924,
        "21,28": 32.62916507580208,
        "21,29": 22.569172211964492,
        "21,30": 11.60298057410175,
        "22,0": 74.46236124016221,
        "22,1": 87.49598430195613,
        "22,2": 66.19450140023685,
        "22,3": 50.71745979539905,
        "22,4": 34.277017588242984,
        "22,5": 65.87685973663139,
        "22,6": 11.035081707881396,
        "22,7": 47.784100148968555,
        "22,8": 62.870567572652334,
        "22,9": 62.867128413014896,
        "22,10": 14.031500448853334,
        "22,11": 77.81774619985735,
        "22,12": 60.360522043270144,
        "22,13": 84.02860276715376,
        "22,14": 45.82610977209372,
        "22,15": 96.14580256802249,
        "22,16": 68.80074593735097,
        "22,17": 28.23380013403183,
        "22,18": 72.56692064567737,
        "22,19": 75.91080805007722,
        "22,20": 99.76973638641704,
        "22,21": 13.490808849941567,
        "22,22": 0.0,
        "22,23": 20.577442261297556,
        "22,24": 56.26166581660445,
        "22,25": 46.5183675792084,
        "22,26": 21.337527435706654,
        "22,27": 66.38825318767636,
        "22,28": 46.09177365179974,
        "22,29": 21.22885783098109,
        "22,30": 4.1014319726191975,
        "23,0": 77.26685371997141,
        "23,1": 67.38716081359865,
        "23,2": 46.65818663035065,
        "23,3": 33.3836884975643,
        "23,4": 27.156782349815327,
        "23,5": 60.60836078275865,
        "23,6": 18.871650456483902,
        "23,7": 28.03901394908138,
        "23,8": 44.29871586366134,
        "23,9": 60.12473287681589,
        "23,10": 33.586791067399226,
        "23,11": 60.44491432065202,
        "23,12": 47.38504398731377,
        "23,13": 65.19659999952411,
        "23,14": 35.16634471171809,
        "23,15": 81.22442818947341,
        "23,16": 48.81534368728948,
        "23,17": 28.84212069552977,
        "23,18": 52.37926304636501,
        "23,19": 55.59901939467937,
        "23,20": 84.36423278087248,
        "23,21": 17.187065265727263,
        "23,22": 20.577442261297556,
        "23,23": 0.0,
        "23,24": 39.417915497966355,
        "23,25": 45.59866620197282,
        "23,26": 25.711191002758852,
        "23,27": 51.07354601406513,
        "23,28": 39.69574416610036,
        "23,29": 7.829559593428822,
        "23,30": 16.477790599728838,
        "24,0": 68.68971197477279,
        "24,1": 38.01194753348958,
        "24,2": 46.54871914708295,
        "24,3": 6.134948340478195,
        "24,4": 28.532516107113786,
        "24,5": 40.602751508497995,
        "24,6": 58.06341910342361,
        "24,7": 37.21457842034289,
        "24,8": 10.112496862335078,
        "24,9": 45.43532829548648,
        "24,10": 70.29316245821069,
        "24,11": 66.31606814217476,
        "24,12": 15.123420510350343,
        "24,13": 29.27309697173379,
        "24,14": 19.364216558054043,
        "24,15": 42.145360907038956,
        "24,16": 44.41799760364704,
        "24,17": 40.00377508422452,
        "24,18": 26.679204853681693,
        "24,19": 45.27324832689663,
        "24,20": 45.051569563439976,
        "24,21": 44.73973688253206,
        "24,22": 56.26166581660445,
        "24,23": 39.417915497966355,
        "24,24": 0.0,
        "24,25": 41.2421809369937,
        "24,26": 64.86283224666509,
        "24,27": 12.63079493456378,
        "24,28": 28.798807083009027,
        "24,29": 45.615456468675866,
        "24,30": 52.63950365885164,
        "25,0": 32.10323102304591,
        "25,1": 78.96600503725843,
        "25,2": 80.81826860801321,
        "25,3": 40.453621829615024,
        "25,4": 19.66125072569218,
        "25,5": 20.95451626082895,
        "25,6": 55.42808894940912,
        "25,7": 64.93337790888698,
        "25,8": 51.35224028619688,
        "25,9": 16.427912252780956,
        "25,10": 57.14003128348514,
        "25,11": 99.04778454918949,
        "25,12": 32.13815672328999,
        "25,13": 67.91691005502526,
        "25,14": 22.061788096578876,
        "25,15": 64.22553210210317,
        "25,16": 80.4353206632557,
        "25,17": 18.47208902167291,
        "25,18": 67.76129625676079,
        "25,19": 83.6813057793902,
        "25,20": 68.71052750043674,
        "25,21": 34.00080143409673,
        "25,22": 46.5183675792084,
        "25,23": 45.59866620197282,
        "25,24": 41.2421809369937,
        "25,25": 0.0,
        "25,26": 65.90060708476855,
        "25,27": 42.11506135017117,
        "25,28": 12.445284064239335,
        "25,29": 53.15341770462539,
        "25,30": 45.495421371577336,
        "26,0": 95.28378399504443,
        "26,1": 88.74066974266552,
        "26,2": 58.66141533818849,
        "26,3": 58.75767555416739,
        "26,4": 50.31519098965475,
        "26,5": 83.71854039191345,
        "26,6": 10.661012027348589,
        "26,7": 42.66471083605037,
        "26,8": 68.7302997875889,
        "26,9": 81.83095246885675,
        "26,10": 22.502763133665756,
        "26,11": 65.34546923019585,
        "26,12": 72.988963460197,
        "26,13": 88.97436285172184,
        "26,14": 60.08076423335636,
        "26,15": 106.85518336693569,
        "26,16": 62.496227366729364,
        "26,17": 47.46116577349491,
        "26,18": 73.8758534015892,
        "26,19": 70.65636465716175,
        "26,20": 109.90466273591475,
        "26,21": 31.94216469852803,
        "26,22": 21.337527435706654,
        "26,23": 25.711191002758852,
        "26,24": 64.86283224666509,
        "26,25": 65.90060708476855,
        "26,26": 0.0,
        "26,27": 76.73463138802704,
        "26,28": 62.97790294610923,
        "26,29": 19.369262503552136,
        "26,30": 20.813811701795487,
        "27,0": 64.85416964067994,
        "27,1": 38.995886359554675,
        "27,2": 56.90488522619519,
        "27,3": 18.596708742170378,
        "27,4": 35.01209995649747,
        "27,5": 35.04490571290711,
        "27,6": 69.33980228046364,
        "27,7": 49.439702964261784,
        "27,8": 16.638326154720588,
        "27,9": 41.49912126331068,
        "27,10": 80.33015667458885,
        "27,11": 76.67017532942974,
        "27,12": 10.036694693992699,
        "27,13": 26.113250817669137,
        "27,14": 23.30094999567446,
        "27,15": 30.16478919318962,
        "27,16": 54.09642024108573,
        "27,17": 46.14505135968509,
        "27,18": 31.953541797316518,
        "27,19": 53.40798787631015,
        "27,20": 33.48679996727022,
        "27,21": 53.95716201999924,
        "27,22": 66.38825318767636,
        "27,23": 51.07354601406513,
        "27,24": 12.63079493456378,
        "27,25": 42.11506135017117,
        "27,26": 76.73463138802704,
        "27,27": 0.0,
        "27,28": 30.392898555773815,
        "27,29": 57.6758914547111,
        "27,30": 63.03235162397705,
        "28,0": 42.15714985983276,
        "28,1": 66.55409521625313,
        "28,2": 69.77456241295499,
        "28,3": 28.24771304136938,
        "28,4": 12.715030385374467,
        "28,5": 20.937496472987814,
        "28,6": 53.13578132331489,
        "28,7": 54.9208586391534,
        "28,8": 38.90774764707324,
        "28,9": 21.142932679121085,
        "28,10": 58.59364931570597,
        "28,11": 88.52533216388716,
        "28,12": 20.689769648985834,
        "28,13": 55.81705937612613,
        "28,14": 9.766403030787531,
        "28,15": 55.16187914996755,
        "28,16": 69.02993480463728,
        "28,17": 19.215395172587993,
        "28,18": 55.35317738233688,
        "28,19": 71.81859165733367,
        "28,20": 59.4548768140029,
        "28,21": 32.62916507580208,
        "28,22": 46.09177365179974,
        "28,23": 39.69574416610036,
        "28,24": 28.798807083009027,
        "28,25": 12.445284064239335,
        "28,26": 62.97790294610923,
        "28,27": 30.392898555773815,
        "28,28": 0.0,
        "28,29": 47.52252094532769,
        "28,30": 44.03429937149975,
        "29,0": 84.59784203248414,
        "29,1": 70.45713262529658,
        "29,2": 45.151237151944144,
        "29,3": 39.49081303675456,
        "29,4": 34.95983832396635,
        "29,5": 68.43767751328633,
        "29,6": 15.321405949989698,
        "29,7": 27.0318092632754,
        "29,8": 49.389564526354576,
        "29,9": 67.88575624774901,
        "29,10": 32.10630755379925,
        "29,11": 56.78033206818802,
        "29,12": 54.634656042090654,
        "29,13": 69.79768770665696,
        "29,14": 42.86429610341837,
        "29,15": 87.70780101064612,
        "29,16": 48.03180761929202,
        "29,17": 35.90330513602644,
        "29,18": 55.45448561338645,
        "29,19": 55.50681227988155,
        "29,20": 90.66516341789578,
        "29,21": 22.569172211964492,
        "29,22": 21.22885783098109,
        "29,23": 7.829559593428822,
        "29,24": 45.615456468675866,
        "29,25": 53.15341770462539,
        "29,26": 19.369262503552136,
        "29,27": 57.6758914547111,
        "29,28": 47.52252094532769,
        "29,29": 0.0,
        "29,30": 17.527768184503536,
        "30,0": 74.4699876600062,
        "30,1": 83.45009823162438,
        "30,2": 62.27879079466022,
        "30,3": 47.00534002869278,
        "30,4": 31.84870806363658,
        "30,5": 64.2370155659627,
        "30,6": 10.15351102221093,
        "30,7": 43.81433015621549,
        "30,8": 59.02284580962531,
        "30,9": 61.68087936725782,
        "30,10": 17.785377159666066,
        "30,11": 74.27908839899447,
        "30,12": 57.34468443539126,
        "30,13": 80.16789504102758,
        "30,14": 43.04902880292727,
        "30,15": 92.93019867984782,
        "30,16": 64.81223847833765,
        "30,17": 27.032677116214135,
        "30,18": 68.50733034537853,
        "30,19": 71.86740668139096,
        "30,20": 96.47868507972674,
        "30,21": 11.60298057410175,
        "30,22": 4.1014319726191975,
        "30,23": 16.477790599728838,
        "30,24": 52.63950365885164,
        "30,25": 45.495421371577336,
        "30,26": 20.813811701795487,
        "30,27": 63.03235162397705,
        "30,28": 44.03429937149975,
        "30,29": 17.527768184503536,
        "30,30": 0.0
    }
}