{
    "num_robots": 5,
    "num_tasks": 50,
    "num_nodes": 51,
    "robot_capacity": [
        155,
        160,
        133,
        132,
        116
    ],
    "robot_speed": [
        1.12,
        1.09,
        1.04,
        0.9,
        0.93
    ],
    "task_demand": {
        "0": 0,
        "1": 6,
        "2": 6,
        "3": 11,
        "4": 12,
        "5": 10,
        "6": 6,
        "7": 14,
        "8": 9,
        "9": 11,
        "10": 10,
        "11": 5,
        "12": 13,
        "13": 10,
        "14": 10,
        "15": 6,
        "16": 9,
        "17": 10,
        "18": 9,
        "19": 13,
        "20": 8,
        "21": 5,
        "22": 9,
        "23": 6,
        "24": 7,
        "25": 14,
        "26": 9,
        "27": 10,
        "28": 12,
        "29": 5,
        "30": 12,
        "31": 12,
        "32": 6,
        "33": 14,
        "34": 6,
        "35": 7,
        "36": 6,
        "37": 15,
        "38": 13,
        "39": 8,
        "40": 5,
        "41": 13,
        "42": 8,
        "43": 5,
        "44": 15,
        "45": 14,
        "46": 12,
        "47": 8,
        "48": 6,
        "49": 14,
        "50": 11
    },
    "task_service_time": {
        "0": 0,
        "1": 84,
        "2": 81,
        "3": 37,
        "4": 25,
        "5": 89,
        "6": 39,
        "7": 23,
        "8": 69,
        "9": 38,
        "10": 55,
        "11": 36,
        "12": 57,
        "13": 68,
        "14": 59,
        "15": 49,
        "16": 40,
        "17": 56,
        "18": 44,
        "19": 36,
        "20": 71,
        "21": 48,
        "22": 17,
        "23": 95,
        "24": 96,
        "25": 51,
        "26": 23,
        "27": 92,
        "28": 56,
        "29": 70,
        "30": 96,
        "31": 41,
        "32": 72,
        "33": 17,
        "34": 90,
        "35": 69,
        "36": 52,
        "37": 73,
        "38": 88,
        "39": 25,
        "40": 42,
        "41": 66,
        "42": 14,
        "43": 71,
        "44": 27,
        "45": 20,
        "46": 76,
        "47": 25,
        "48": 52,
        "49": 21,
        "50": 47
    },
    "task_precedence": [],
    "coordinates": {
        "0": [
            50.0,
            50.0
        ],
        "1": [
            39.6642796381016,
            51.45263327871387
        ],
        "2": [
            26.938379177399884,
            42.59079256526908
        ],
        "3": [
            32.00867790972234,
            96.5022667566642
        ],
        "4": [
            25.32414237196149,
            82.01288102251476
        ],
        "5": [
            89.78300918311362,
            5.632027687963759
        ],
        "6": [
            34.51856335269182,
            32.90716920990889
        ],
        "7": [
            38.44848055708483,
            61.09883239225433
        ],
        "8": [
            15.42114106930339,
            52.13012372439956
        ],
        "9": [
            30.292531181909077,
            76.55164210565358
        ],
        "10": [
            3.914182235406527,
            61.23938589420863
        ],
        "11": [
            7.848905151568985,
            31.015654120836544
        ],
        "12": [
            45.78398634028361,
            42.96378121076982
        ],
        "13": [
            15.574701688635685,
            38.658048190705095
        ],
        "14": [
            19.142789855529397,
            21.31953752383866
        ],
        "15": [
            36.16635088857754,
            97.7869850138942
        ],
        "16": [
            32.42130133856974,
            26.37661440509588
        ],
        "17": [
            1.2914367141953376,
            4.389943898603654
        ],
        "18": [
            26.895544574353934,
            52.4813350710338
        ],
        "19": [
            67.1281805905742,
            34.05696946660953
        ],
        "20": [
            22.956397660274007,
            22.541450068835466
        ],
        "21": [
            23.8628034443908,
            82.59686129321338
        ],
        "22": [
            71.60199595399985,
            49.993448499815315
        ],
        "23": [
            64.30041296525684,
            48.91076238803096
        ],
        "24": [
            40.76317801867286,
            83.48882198857154
        ],
        "25": [
            92.68028080651088,
            17.45322752860853
        ],
        "26": [
            11.755748434256086,
            79.62157436932948
        ],
        "27": [
            68.29487304163628,
            86.7721938069003
        ],
        "28": [
            27.77288116825908,
            7.673042788411766
        ],
        "29": [
            96.7541942560643,
            56.049352665974425
        ],
        "30": [
            96.42628274013052,
            43.53529885200048
        ],
        "31": [
            32.31827494991704,
            47.63125870239423
        ],
        "32": [
            39.564811092510745,
            11.79184405431667
        ],
        "33": [
            98.15100162419583,
            81.3951682393477
        ],
        "34": [
            38.74101795436181,
            74.70456503361277
        ],
        "35": [
            21.69762020860334,
            21.721298565870995
        ],
        "36": [
            0.33733683044504525,
            6.53477825683535
        ],
        "37": [
            84.3224053359469,
            55.47324252341912
        ],
        "38": [
            20.58066671470732,
            9.52859191342842
        ],
        "39": [
            58.592139513962415,
            21.580744474902826
        ],
        "40": [
            21.058974482177074,
            1.7427852728777782
        ],
        "41": [
            5.008680563137558,
            21.87503783758249
        ],
        "42": [
            22.497345460159444,
            11.12741890903619
        ],
        "43": [
            94.87706152350425,
            91.01630229644383
        ],
        "44": [
            61.86532241722544,
            53.76139708123843
        ],
        "45": [
            19.226569670550752,
            22.877817647317777
        ],
        "46": [
            73.61010109013041,
            38.73987464153171
        ],
        "47": [
            78.93898261701787,
            28.48269019710229
        ],
        "48": [
            90.42800003389556,
            28.1670856495852
        ],
        "49": [
            98.92244725011773,
            29.938887337694542
        ],
        "50": [
            4.0218771912242985,
            71.86059396715993
        ]
    },
    "distance_matrix_str_keys": {
        "0,0": 0.0,
        "0,1": 10.437301319871352,
        "0,2": 24.222607410769285,
        "0,3": 49.86129244277638,
        "0,4": 40.41933325824304,
        "0,5": 59.59198592718082,
        "0,6": 23.061650961787258,
        "0,7": 16.019415779341056,
        "0,8": 34.644406648552476,
        "0,9": 33.06620670295796,
        "0,10": 47.43655124806456,
        "0,11": 46.228997235297435,
        "0,12": 8.202630433515278,
        "0,13": 36.24556572424813,
        "0,14": 42.12761974935824,
        "0,15": 49.74902797498769,
        "0,16": 29.446137159140136,
        "0,17": 66.7293140601622,
        "0,18": 23.237316631883473,
        "0,19": 23.39988873759753,
        "0,20": 38.5399583786943,
        "0,21": 41.78167552834068,
        "0,22": 21.601996947476415,
        "0,23": 14.341835640956631,
        "0,24": 34.73931603381047,
        "0,25": 53.67400458347734,
        "0,26": 48.37417126878375,
        "0,27": 41.071847012057134,
        "0,28": 47.808117703502546,
        "0,29": 47.14392164649784,
        "0,30": 46.87421562009851,
        "0,31": 17.83968430442967,
        "0,32": 39.607528934593276,
        "0,33": 57.48195844080346,
        "0,34": 27.149221171223413,
        "0,35": 40.00886972481312,
        "0,36": 65.99701216172701,
        "0,37": 34.75606266200473,
        "0,38": 50.034308663765316,
        "0,39": 29.68971111392229,
        "0,40": 56.27025618604255,
        "0,41": 53.05876290781018,
        "0,42": 47.617996255736855,
        "0,43": 60.79710276861595,
        "0,44": 12.447248051977658,
        "0,45": 41.01971221027293,
        "0,46": 26.157738751172623,
        "0,47": 36.061882037158576,
        "0,48": 45.9467010325356,
        "0,49": 52.87583650582054,
        "0,50": 50.91044436671015,
        "1,0": 10.437301319871352,
        "1,1": 0.0,
        "1,2": 15.50744219290066,
        "1,3": 45.69548899312958,
        "1,4": 33.75749219024168,
        "1,5": 67.90739980229799,
        "1,6": 19.246106973028798,
        "1,7": 9.722516379182398,
        "1,8": 24.252603179245455,
        "1,9": 26.79160154266528,
        "1,10": 37.06548247438685,
        "1,11": 37.81386215156847,
        "1,12": 10.464770401311702,
        "1,13": 27.276531549258436,
        "1,14": 36.45730383158762,
        "1,15": 46.46619907261788,
        "1,16": 26.101100689387316,
        "1,17": 60.7237334635439,
        "1,18": 12.81010626441878,
        "1,19": 32.50961357800154,
        "1,20": 33.39176297801856,
        "1,21": 34.923481907157324,
        "1,22": 31.971032884374605,
        "1,23": 24.766916904174213,
        "1,24": 32.05503025586522,
        "1,25": 62.98139384968445,
        "1,26": 39.65318847359681,
        "1,27": 45.466275793633564,
        "1,28": 45.3658230506967,
        "1,29": 57.27467311309152,
        "1,30": 57.31151001831274,
        "1,31": 8.280500500052614,
        "1,32": 39.66091395686215,
        "1,33": 65.70579920027956,
        "1,34": 23.270254456518902,
        "1,35": 34.73835221858795,
        "1,36": 59.70110660920103,
        "1,37": 44.83874986597151,
        "1,38": 46.063103744842316,
        "1,39": 35.363733120069114,
        "1,40": 53.077550515339325,
        "1,41": 45.56143873193519,
        "1,42": 43.827235174378245,
        "1,43": 67.92448151932801,
        "1,44": 22.32076814933426,
        "1,45": 35.13146847323643,
        "1,46": 36.248214110770604,
        "1,47": 45.498577771778436,
        "1,48": 55.84954822387346,
        "1,49": 63.04261807022709,
        "1,50": 41.07147077530003,
        "2,0": 24.222607410769285,
        "2,1": 15.50744219290066,
        "2,2": 0.0,
        "2,3": 54.1493765312626,
        "2,4": 39.45512411328768,
        "2,5": 72.90677486908191,
        "2,6": 12.297632024899087,
        "2,7": 21.795182311875653,
        "2,8": 14.954785608698899,
        "2,9": 34.12608441022772,
        "2,10": 29.62910187588994,
        "2,11": 22.324691455665242,
        "2,12": 18.84929786139014,
        "2,13": 12.024959225889747,
        "2,14": 22.65474572606897,
        "2,15": 55.962265167950044,
        "2,16": 17.116132998878143,
        "2,17": 46.01163436093526,
        "2,18": 9.890635260768473,
        "2,19": 41.08584031402551,
        "2,20": 20.440946928702473,
        "2,21": 40.124116204029676,
        "2,22": 45.272927654971184,
        "2,23": 37.892790703847425,
        "2,24": 43.171447435903474,
        "2,25": 70.38391013423484,
        "2,26": 40.02238220424399,
        "2,27": 60.517400806847576,
        "2,28": 34.92772026703099,
        "2,29": 71.10120164302825,
        "2,30": 69.49432231246685,
        "2,31": 7.37221658679757,
        "2,32": 33.286664180828154,
        "2,33": 81.09881113311668,
        "2,34": 34.21398346068452,
        "2,35": 21.517465797810257,
        "2,36": 44.80682561568564,
        "2,37": 58.81227741797667,
        "2,38": 33.66793162195815,
        "2,39": 37.991876292229136,
        "2,40": 41.268960482782475,
        "2,41": 30.16710419065855,
        "2,42": 31.77525235634481,
        "2,43": 83.43077700494568,
        "2,44": 36.66979369085939,
        "2,45": 21.16774399849228,
        "2,46": 46.83032345771928,
        "2,47": 53.88043532224924,
        "2,48": 65.10741338504485,
        "2,49": 73.08745967801319,
        "2,50": 37.1737452698611,
        "3,0": 49.86129244277638,
        "3,1": 45.69548899312958,
        "3,2": 54.1493765312626,
        "3,3": 0.0,
        "3,4": 15.956983245856998,
        "3,5": 107.68135262193883,
        "3,6": 63.64460666009456,
        "3,7": 35.98436081038615,
        "3,8": 47.37123025326667,
        "3,9": 20.02429982688275,
        "3,10": 45.086266799479915,
        "3,11": 69.80108204204681,
        "3,12": 55.28226258851056,
        "3,13": 60.13342827364568,
        "3,14": 76.27564388662599,
        "3,15": 4.3516371171735795,
        "3,16": 70.1268662912229,
        "3,17": 97.09906760093921,
        "3,18": 44.316887965833004,
        "3,19": 71.6435246354733,
        "3,20": 74.51272497261898,
        "3,21": 16.11569334245065,
        "3,22": 61.07946471117695,
        "3,23": 57.512672003363505,
        "3,24": 15.68410076765043,
        "3,25": 99.6483517221649,
        "3,26": 26.36548743744424,
        "3,27": 37.56810185195763,
        "3,28": 88.93015801648473,
        "3,29": 76.34409044178312,
        "3,30": 83.39740704062869,
        "3,31": 48.871988690535375,
        "3,32": 85.04675692280354,
        "3,33": 67.84564401612022,
        "3,34": 22.813684552999664,
        "3,35": 75.48848332340656,
        "3,36": 95.37936271923164,
        "3,37": 66.48388456428769,
        "3,38": 87.72126056783665,
        "3,39": 79.49789262540594,
        "3,40": 95.3900169631354,
        "3,41": 79.36134545770133,
        "3,42": 85.90302724567826,
        "3,43": 63.107285350175246,
        "3,44": 52.136370815958664,
        "3,45": 74.72577733080225,
        "3,46": 71.18407373491428,
        "3,47": 82.6384674062976,
        "3,48": 89.90280404072612,
        "3,49": 94.3829222212014,
        "3,50": 37.28904735068888,
        "4,0": 40.41933325824304,
        "4,1": 33.75749219024168,
        "4,2": 39.45512411328768,
        "4,3": 15.956983245856998,
        "4,4": 0.0,
        "4,5": 99.94488614577557,
        "4,6": 49.9590663422926,
        "4,7": 24.691004088663238,
        "4,8": 31.48092467731063,
        "4,9": 7.383089994971715,
        "4,10": 29.831602251549132,
        "4,11": 53.90826529921218,
        "4,12": 44.08443502321093,
        "4,13": 44.437519322210704,
        "4,14": 61.00730336591423,
        "4,15": 19.140946743790764,
        "4,16": 56.087109290119656,
        "4,17": 81.25817687454895,
        "4,18": 29.573324317129373,
        "4,19": 63.61876346284198,
        "4,20": 59.51854597264594,
        "4,21": 1.573704043903645,
        "4,22": 56.27507255647286,
        "4,23": 51.136092219226335,
        "4,24": 15.509423697730005,
        "4,25": 93.29950827344922,
        "4,26": 13.77750563630184,
        "4,27": 43.23349109735814,
        "4,28": 74.38015777319308,
        "4,29": 76.0023494168864,
        "4,30": 80.8457710373492,
        "4,31": 35.085806872315615,
        "4,32": 71.65047577300149,
        "4,33": 72.8294789053666,
        "4,34": 15.278220871137139,
        "4,35": 60.40055114092588,
        "4,36": 79.5065056978108,
        "4,37": 64.69271554379405,
        "4,38": 72.63933320839733,
        "4,39": 68.98407614478428,
        "4,40": 80.38333116252359,
        "4,41": 63.47659546195975,
        "4,42": 70.94180375365416,
        "4,43": 70.13323147507808,
        "4,44": 46.18878850960037,
        "4,45": 59.44860059948891,
        "4,46": 64.83893036271738,
        "4,47": 75.76300168491208,
        "4,48": 84.48598677774187,
        "4,49": 90.15770238434835,
        "4,50": 23.597784520686968,
        "5,0": 59.59198592718082,
        "5,1": 67.90739980229799,
        "5,2": 72.90677486908191,
        "5,3": 107.68135262193883,
        "5,4": 99.94488614577557,
        "5,5": 0.0,
        "5,6": 61.62866474284317,
        "5,7": 75.57645303505902,
        "5,8": 87.70268162598744,
        "5,9": 92.56731972983555,
        "5,10": 102.30167998646404,
        "5,11": 85.77602167468258,
        "5,12": 57.702459498806626,
        "5,13": 81.22555590109852,
        "5,14": 72.36116742770169,
        "5,15": 106.61745732485419,
        "5,16": 60.99756884423691,
        "5,17": 88.50028909648604,
        "5,18": 78.41996434066635,
        "5,19": 36.34857044887382,
        "5,20": 68.93275399169283,
        "5,21": 101.33636630805007,
        "5,22": 47.94251660565376,
        "5,23": 50.22361583200805,
        "5,24": 92.00339268829944,
        "5,25": 12.17107014737007,
        "5,26": 107.53002575134165,
        "5,27": 83.93727749125107,
        "5,28": 62.043708134337884,
        "5,29": 50.89699479595695,
        "5,30": 38.481047913068295,
        "5,31": 71.17675945345793,
        "5,32": 50.594572407860305,
        "5,33": 76.22385954347081,
        "5,34": 85.88539039884522,
        "5,35": 69.96059483161247,
        "5,36": 89.45022784325671,
        "5,37": 50.139454431113506,
        "5,38": 69.3119572359471,
        "5,39": 35.03187003098705,
        "5,40": 68.83399706641212,
        "5,41": 86.31640731453267,
        "5,42": 67.50970202356928,
        "5,43": 85.53609600433593,
        "5,44": 55.64021416702611,
        "5,45": 72.6335213796777,
        "5,46": 36.84687891918338,
        "5,47": 25.293194524866554,
        "5,48": 22.544286427634614,
        "5,49": 25.968302875088202,
        "5,50": 108.35679375068341,
        "6,0": 23.061650961787258,
        "6,1": 19.246106973028798,
        "6,2": 12.297632024899087,
        "6,3": 63.64460666009456,
        "6,4": 49.9590663422926,
        "6,5": 61.62866474284317,
        "6,6": 0.0,
        "6,7": 28.46426043690922,
        "6,8": 27.09674368141379,
        "6,9": 43.84859589833959,
        "6,10": 41.70542705473906,
        "6,11": 26.736650835452576,
        "6,12": 15.101165518767797,
        "6,13": 19.79753782162467,
        "6,14": 19.253249562815657,
        "6,15": 64.90073730338109,
        "6,16": 6.859056350150927,
        "6,17": 43.78668843503047,
        "6,18": 21.006151109942053,
        "6,19": 32.62988165825161,
        "6,20": 15.528419391893676,
        "6,21": 50.81939313448133,
        "6,22": 40.830404277553264,
        "6,23": 33.809370904473724,
        "6,24": 50.965663050212314,
        "6,25": 60.17981132129705,
        "6,26": 51.965194047645596,
        "6,27": 63.578927098827116,
        "6,28": 26.120209884100714,
        "6,29": 66.39905427831788,
        "6,30": 62.8133971334377,
        "6,31": 14.887581416674175,
        "6,32": 21.7099417935197,
        "6,33": 80.00108280676972,
        "6,34": 42.01013473563899,
        "6,35": 17.01470790725184,
        "6,36": 43.17243624289579,
        "6,37": 54.677695096664046,
        "6,38": 27.218060898944504,
        "6,39": 26.60498010655624,
        "6,40": 33.94671351895449,
        "6,41": 31.50462037335951,
        "6,42": 24.87704168079688,
        "6,43": 83.78436399176518,
        "6,44": 34.391046094048804,
        "6,45": 18.287508401657433,
        "6,46": 39.52428083254227,
        "6,47": 44.640224709932575,
        "6,48": 56.110012494815756,
        "6,49": 64.47224952137185,
        "6,50": 49.4713772513952,
        "7,0": 16.019415779341056,
        "7,1": 9.722516379182398,
        "7,2": 21.795182311875653,
        "7,3": 35.98436081038615,
        "7,4": 24.691004088663238,
        "7,5": 75.57645303505902,
        "7,6": 28.46426043690922,
        "7,7": 0.0,
        "7,8": 24.71226616590214,
        "7,9": 17.473088972730498,
        "7,10": 34.53458434464767,
        "7,11": 42.91074026287304,
        "7,12": 19.56245706577795,
        "7,13": 32.043697590996146,
        "7,14": 44.21653529724468,
        "7,15": 36.759062265142475,
        "7,16": 35.2414430930382,
        "7,17": 67.79781664130283,
        "7,18": 14.412896652037762,
        "7,19": 39.41811188400953,
        "7,20": 41.55329546637609,
        "7,21": 25.978976566874934,
        "7,22": 34.96405489316028,
        "7,23": 28.580963238920827,
        "7,24": 22.509319369138534,
        "7,25": 69.61341093645066,
        "7,26": 32.48990487105796,
        "7,27": 39.369132968214096,
        "7,28": 54.481954967720725,
        "7,29": 58.52395659431677,
        "7,30": 60.579726447021855,
        "7,31": 14.797126811579451,
        "7,32": 49.3196238106278,
        "7,33": 63.058165772458366,
        "7,34": 13.608877207063484,
        "7,35": 42.79230646579234,
        "7,36": 66.55595600579656,
        "7,37": 46.217574968717656,
        "7,38": 54.5779119658291,
        "7,39": 44.35590455412355,
        "7,40": 61.850911482102696,
        "7,41": 51.54344073596853,
        "7,42": 52.455513307860414,
        "7,43": 63.86892636761508,
        "7,44": 24.539487354999427,
        "7,45": 42.78233077173934,
        "7,46": 41.668483896207356,
        "7,47": 51.99320617888283,
        "7,48": 61.5334899754877,
        "7,49": 68.0297201478386,
        "7,50": 36.06946813449561,
        "8,0": 34.644406648552476,
        "8,1": 24.252603179245455,
        "8,2": 14.954785608698899,
        "8,3": 47.37123025326667,
        "8,4": 31.48092467731063,
        "8,5": 87.70268162598744,
        "8,6": 27.09674368141379,
        "8,7": 24.71226616590214,
        "8,8": 0.0,
        "8,9": 28.593160089910214,
        "8,10": 14.676128879350703,
        "8,11": 22.43121894667371,
        "8,12": 31.716308234513395,
        "8,13": 13.472950680878288,
        "8,14": 31.034543523470926,
        "8,15": 50.1489054043442,
        "8,16": 30.858527045862118,
        "8,17": 49.78728065442106,
        "8,18": 11.479777228096408,
        "8,19": 54.77460032606478,
        "8,20": 30.533091893669052,
        "8,21": 31.61461310441641,
        "8,22": 56.22147131293056,
        "8,23": 48.985176415857175,
        "8,24": 40.31856636298705,
        "8,25": 84.68448383681051,
        "8,26": 27.734724836054834,
        "8,27": 63.21158558589549,
        "8,28": 46.14106120172269,
        "8,29": 81.42742717399928,
        "8,30": 81.45983054056757,
        "8,31": 17.485791942763267,
        "8,32": 47.01163269799661,
        "8,33": 87.75347661428488,
        "8,34": 32.45646404581672,
        "8,35": 31.049812204070207,
        "8,36": 48.0255835844056,
        "8,37": 68.9823213645801,
        "8,38": 42.9128327837579,
        "8,39": 52.886668256171454,
        "8,40": 50.70176566767198,
        "8,41": 31.996711640591144,
        "8,42": 41.608826837066594,
        "8,43": 88.46116763394664,
        "8,44": 46.47282037754329,
        "8,45": 29.49879146111697,
        "8,46": 59.70974659807768,
        "8,47": 67.77696738058222,
        "8,48": 78.74170486793655,
        "8,49": 86.39976334616156,
        "8,50": 22.786721417582896,
        "9,0": 33.06620670295796,
        "9,1": 26.79160154266528,
        "9,2": 34.12608441022772,
        "9,3": 20.02429982688275,
        "9,4": 7.383089994971715,
        "9,5": 92.56731972983555,
        "9,6": 43.84859589833959,
        "9,7": 17.473088972730498,
        "9,8": 28.593160089910214,
        "9,9": 0.0,
        "9,10": 30.500532510570807,
        "9,11": 50.76654952961803,
        "9,12": 36.988235729999225,
        "9,13": 40.65143250592886,
        "9,14": 56.346269691805865,
        "9,15": 22.03273805901145,
        "9,16": 50.22016594090089,
        "9,17": 77.77129398724577,
        "9,18": 24.308829645887435,
        "9,19": 56.237552134295555,
        "9,20": 54.506143680334134,
        "9,21": 8.82530870872249,
        "9,22": 49.11017743158537,
        "9,23": 43.824128684484286,
        "9,24": 12.560211379916863,
        "9,25": 85.93517271026046,
        "9,26": 18.789273502114014,
        "9,27": 39.352733880906314,
        "9,28": 68.92466960455039,
        "9,29": 69.55211377701548,
        "9,30": 73.91719703159475,
        "9,31": 28.991243747123757,
        "9,32": 65.42023095641353,
        "9,33": 68.0311087383888,
        "9,34": 8.648041538658777,
        "9,35": 55.499901507386745,
        "9,36": 76.15559658920631,
        "9,37": 57.995915632478,
        "9,38": 67.7230357300884,
        "9,39": 61.82772370124993,
        "9,40": 75.37654562232149,
        "9,41": 60.23955640938604,
        "9,42": 65.88697823786866,
        "9,43": 66.18449934750176,
        "9,44": 38.93888050087919,
        "9,45": 54.80269095724325,
        "9,46": 57.49905757066344,
        "9,47": 68.38933670401414,
        "9,48": 77.18380605735055,
        "9,49": 82.96272829763527,
        "9,50": 26.686198562851676,
        "10,0": 47.43655124806456,
        "10,1": 37.06548247438685,
        "10,2": 29.62910187588994,
        "10,3": 45.086266799479915,
        "10,4": 29.831602251549132,
        "10,5": 102.30167998646404,
        "10,6": 41.70542705473906,
        "10,7": 34.53458434464767,
        "10,8": 14.676128879350703,
        "10,9": 30.500532510570807,
        "10,10": 0.0,
        "10,11": 30.478779613621597,
        "10,12": 45.68455124356715,
        "10,13": 25.414258328717878,
        "10,14": 42.72592636749956,
        "10,15": 48.743506072561374,
        "10,16": 45.034083486444196,
        "10,17": 56.90990993913704,
        "10,18": 24.593626596647017,
        "10,19": 68.8105613324768,
        "10,20": 43.12929637070098,
        "10,21": 29.224805278369782,
        "10,22": 68.61567775575494,
        "10,23": 61.63190585496926,
        "10,24": 43.045161130518714,
        "10,25": 98.9780173571507,
        "10,26": 19.98486961643247,
        "10,27": 69.25891732184215,
        "10,28": 58.639497171245004,
        "10,29": 92.98496801583606,
        "10,30": 94.19088829496319,
        "10,31": 31.495612529416025,
        "10,32": 60.959221877537594,
        "10,33": 96.36821929692337,
        "10,34": 37.339249262021106,
        "10,35": 43.3350884646225,
        "10,36": 54.82141844033181,
        "10,37": 80.61470555400406,
        "10,38": 54.33026706193767,
        "10,39": 67.54618310001433,
        "10,40": 61.91760159017039,
        "10,41": 39.37956099949074,
        "10,42": 53.44663872088517,
        "10,43": 95.71264367264516,
        "10,44": 58.43162641121445,
        "10,45": 41.30471071590778,
        "10,46": 73.23762087625178,
        "10,47": 81.86404452073849,
        "10,48": 92.6197479673783,
        "10,49": 100.03145320843808,
        "10,50": 10.621754051588391,
        "11,0": 46.228997235297435,
        "11,1": 37.81386215156847,
        "11,2": 22.324691455665242,
        "11,3": 69.80108204204681,
        "11,4": 53.90826529921218,
        "11,5": 85.77602167468258,
        "11,6": 26.736650835452576,
        "11,7": 42.91074026287304,
        "11,8": 22.43121894667371,
        "11,9": 50.76654952961803,
        "11,10": 30.478779613621597,
        "11,11": 0.0,
        "11,12": 39.772202928069845,
        "11,13": 10.867111817374191,
        "11,14": 14.885110304224446,
        "11,15": 72.52784542710903,
        "11,16": 25.00646604090927,
        "11,17": 27.42132084975975,
        "11,18": 28.697559686448027,
        "11,19": 59.35724130723968,
        "11,20": 17.321907060584575,
        "11,21": 54.00986828249538,
        "11,22": 66.51776654664371,
        "11,23": 59.219993535405514,
        "11,24": 61.94176865771325,
        "11,25": 85.90868239345451,
        "11,26": 48.76267945507438,
        "11,27": 82.23446206992935,
        "11,28": 30.689449720226133,
        "11,29": 92.3625275401379,
        "11,30": 89.4577739755532,
        "11,31": 29.577497763316433,
        "11,32": 37.08710777518645,
        "11,33": 103.4048551576224,
        "11,34": 53.5074160296026,
        "11,35": 16.678487758578385,
        "11,36": 25.607361084491878,
        "11,37": 80.2892885814801,
        "11,38": 24.97582020286087,
        "11,39": 51.61291847574325,
        "11,40": 32.115522451133614,
        "11,41": 9.5717157161305,
        "11,42": 24.700581031915693,
        "11,43": 105.70703752821296,
        "11,44": 58.610085796202185,
        "11,45": 13.98841064511008,
        "11,46": 66.2132801930413,
        "11,47": 71.13518834080966,
        "11,48": 82.62821100519908,
        "11,49": 91.0799072083487,
        "11,50": 41.023837632028474,
        "12,0": 8.202630433515278,
        "12,1": 10.464770401311702,
        "12,2": 18.84929786139014,
        "12,3": 55.28226258851056,
        "12,4": 44.08443502321093,
        "12,5": 57.702459498806626,
        "12,6": 15.101165518767797,
        "12,7": 19.56245706577795,
        "12,8": 31.716308234513395,
        "12,9": 36.988235729999225,
        "12,10": 45.68455124356715,
        "12,11": 39.772202928069845,
        "12,12": 0.0,
        "12,13": 30.51459021524567,
        "12,14": 34.325306042605646,
        "12,15": 55.66042208716014,
        "12,16": 21.300128006523344,
        "12,17": 58.88571895812592,
        "12,18": 21.1508170959881,
        "12,19": 23.128033285172553,
        "12,20": 30.62956764654905,
        "12,21": 45.29149253862769,
        "12,22": 26.757911775933117,
        "12,23": 19.44799835666169,
        "12,24": 40.8348802648526,
        "12,25": 53.38586689221719,
        "12,26": 50.01714480300682,
        "12,27": 49.25359920121514,
        "12,28": 39.62115757916505,
        "12,29": 52.62313441146562,
        "12,30": 50.64552119451615,
        "12,31": 14.25169215859887,
        "12,32": 31.786283312906765,
        "12,33": 64.95595275789464,
        "12,34": 32.512778432080246,
        "12,35": 32.11535617657357,
        "12,36": 58.244915725648326,
        "12,37": 40.51785237420624,
        "12,38": 41.87026634137896,
        "12,39": 24.925550099603733,
        "12,40": 48.06762650157818,
        "12,41": 45.90599806430433,
        "12,42": 39.44390457456153,
        "12,43": 68.69625036080572,
        "12,44": 19.370025258262995,
        "12,45": 33.29778239526061,
        "12,46": 28.144876066120712,
        "12,47": 36.179493847432205,
        "12,48": 47.0322246784669,
        "12,49": 54.7114603010269,
        "12,50": 50.784835808101356,
        "13,0": 36.24556572424813,
        "13,1": 27.276531549258436,
        "13,2": 12.024959225889747,
        "13,3": 60.13342827364568,
        "13,4": 44.437519322210704,
        "13,5": 81.22555590109852,
        "13,6": 19.79753782162467,
        "13,7": 32.043697590996146,
        "13,8": 13.472950680878288,
        "13,9": 40.65143250592886,
        "13,10": 25.414258328717878,
        "13,11": 10.867111817374191,
        "13,12": 30.51459021524567,
        "13,13": 0.0,
        "13,14": 17.701841862127456,
        "13,15": 62.61187736056278,
        "13,16": 20.848058317154184,
        "13,17": 37.125659995539685,
        "13,18": 17.867421297405656,
        "13,19": 51.758391709151326,
        "13,20": 17.72665141642812,
        "13,21": 44.71366600459981,
        "13,22": 57.16247897760807,
        "13,23": 49.7927011501153,
        "13,24": 51.42234552355923,
        "13,25": 79.96821087416292,
        "13,26": 41.141157992282885,
        "13,27": 71.3749779395145,
        "13,28": 33.29964177580972,
        "13,29": 83.02148809107628,
        "13,30": 80.99855389165627,
        "13,31": 18.996466841046633,
        "13,32": 36.01830470619056,
        "13,33": 92.9801416491698,
        "13,34": 42.84891580693347,
        "13,35": 18.009542444395443,
        "13,36": 35.553927477367154,
        "13,37": 70.77427157679169,
        "13,38": 29.55646983068218,
        "13,39": 46.28319629474184,
        "13,40": 37.32042181388489,
        "13,41": 19.8320508000936,
        "13,42": 28.387647761519478,
        "13,43": 95.02763307785837,
        "13,44": 48.692224380770675,
        "13,45": 16.197278035515424,
        "13,46": 58.035457086673055,
        "13,47": 64.17608595005554,
        "13,48": 75.58489642913898,
        "13,49": 83.80256831483283,
        "13,50": 35.155039466704736,
        "14,0": 42.12761974935824,
        "14,1": 36.45730383158762,
        "14,2": 22.65474572606897,
        "14,3": 76.27564388662599,
        "14,4": 61.00730336591423,
        "14,5": 72.36116742770169,
        "14,6": 19.253249562815657,
        "14,7": 44.21653529724468,
        "14,8": 31.034543523470926,
        "14,9": 56.346269691805865,
        "14,10": 42.72592636749956,
        "14,11": 14.885110304224446,
        "14,12": 34.325306042605646,
        "14,13": 17.701841862127456,
        "14,14": 0.0,
        "14,15": 78.33946742153866,
        "14,16": 14.208901920563056,
        "14,17": 24.602478519291815,
        "14,18": 32.11172421566044,
        "14,19": 49.64715396164863,
        "14,20": 4.0045817204833725,
        "14,21": 61.45883936925438,
        "14,22": 59.7842912071393,
        "14,23": 52.91962409566619,
        "14,24": 65.8214335545943,
        "14,25": 73.63905844281891,
        "14,26": 58.76815363181471,
        "14,27": 81.85339025381037,
        "14,28": 16.14637094303504,
        "14,29": 85.02758465833479,
        "14,30": 80.41317257659992,
        "14,31": 29.4261801607086,
        "14,32": 22.535214537538558,
        "14,33": 99.25411292610826,
        "14,34": 56.86872345000547,
        "14,35": 2.586226994655116,
        "14,36": 23.9214165563391,
        "14,37": 73.5857176317079,
        "14,38": 11.878294837636078,
        "14,39": 39.45021441696603,
        "14,40": 19.670307374794703,
        "14,41": 14.145021247345188,
        "14,42": 10.729973213515395,
        "14,43": 102.92385012642345,
        "14,44": 53.64409604073154,
        "14,45": 1.5605306791713829,
        "14,46": 57.18527903596316,
        "14,47": 60.22371148467661,
        "14,48": 71.61333748337843,
        "14,49": 80.24392142219564,
        "14,50": 52.75452953262429,
        "15,0": 49.74902797498769,
        "15,1": 46.46619907261788,
        "15,2": 55.962265167950044,
        "15,3": 4.3516371171735795,
        "15,4": 19.140946743790764,
        "15,5": 106.61745732485419,
        "15,6": 64.90073730338109,
        "15,7": 36.759062265142475,
        "15,8": 50.1489054043442,
        "15,9": 22.03273805901145,
        "15,10": 48.743506072561374,
        "15,11": 72.52784542710903,
        "15,12": 55.66042208716014,
        "15,13": 62.61187736056278,
        "15,14": 78.33946742153866,
        "15,15": 0.0,
        "15,16": 71.50850597389055,
        "15,17": 99.69587217012445,
        "15,18": 46.244456602503774,
        "15,19": 70.85301532152734,
        "15,20": 76.3962917520348,
        "15,21": 19.547816715964576,
        "15,22": 59.49711819681,
        "15,23": 56.395129107994684,
        "15,24": 15.018930906115926,
        "15,25": 98.22085759386228,
        "15,26": 30.427942028152177,
        "15,27": 33.964210002195784,
        "15,28": 90.50399393045308,
        "15,29": 73.57252692366376,
        "15,30": 81.08332034495393,
        "15,31": 50.30312684380354,
        "15,32": 86.06226699556157,
        "15,33": 64.1154317148913,
        "15,34": 23.225568295431,
        "15,35": 77.42953456077731,
        "15,36": 98.03409349002453,
        "15,37": 64.10505739400159,
        "15,38": 89.62397839777017,
        "15,39": 79.43744137720608,
        "15,40": 97.2251054294976,
        "15,41": 82.05744417301786,
        "15,42": 87.73096435628858,
        "15,43": 59.09982815303677,
        "15,44": 50.97734330510232,
        "15,45": 76.80064806541915,
        "15,46": 69.91849306501284,
        "15,47": 81.44067353005862,
        "15,48": 88.26809704228421,
        "15,49": 92.42127454660019,
        "15,50": 41.29703308941233,
        "16,0": 29.446137159140136,
        "16,1": 26.101100689387316,
        "16,2": 17.116132998878143,
        "16,3": 70.1268662912229,
        "16,4": 56.087109290119656,
        "16,5": 60.99756884423691,
        "16,6": 6.859056350150927,
        "16,7": 35.2414430930382,
        "16,8": 30.858527045862118,
        "16,9": 50.22016594090089,
        "16,10": 45.034083486444196,
        "16,11": 25.00646604090927,
        "16,12": 21.300128006523344,
        "16,13": 20.848058317154184,
        "16,14": 14.208901920563056,
        "16,15": 71.50850597389055,
        "16,16": 0.0,
        "16,17": 38.11144383899581,
        "16,18": 26.683148780905206,
        "16,19": 35.5465233361033,
        "16,20": 10.21238890395092,
        "16,21": 56.86795271825381,
        "16,22": 45.74802381748414,
        "16,23": 39.03928256799289,
        "16,24": 57.718204767681954,
        "16,25": 60.91610164698015,
        "16,26": 57.11471647862594,
        "16,27": 70.24627504725585,
        "16,28": 19.27255565046272,
        "16,29": 70.84625965449712,
        "16,30": 66.26505939152689,
        "16,31": 21.254893992712265,
        "16,32": 16.240235767673404,
        "16,33": 85.71717894127582,
        "16,34": 48.739405310859965,
        "16,35": 11.690564680122836,
        "16,36": 37.72372251373164,
        "16,37": 59.50074255000989,
        "16,38": 20.59263193901018,
        "16,39": 26.60663712666297,
        "16,40": 27.12799309397618,
        "16,41": 27.77977626567287,
        "16,42": 18.19403373509243,
        "16,43": 89.88332009315702,
        "16,44": 40.21040536353592,
        "16,45": 13.650733406790337,
        "16,46": 43.00427221390917,
        "16,47": 46.56533288579562,
        "16,48": 58.03432502241804,
        "16,49": 66.59648786531703,
        "16,50": 53.62200750347834,
        "17,0": 66.7293140601622,
        "17,1": 60.7237334635439,
        "17,2": 46.01163436093526,
        "17,3": 97.09906760093921,
        "17,4": 81.25817687454895,
        "17,5": 88.50028909648604,
        "17,6": 43.78668843503047,
        "17,7": 67.79781664130283,
        "17,8": 49.78728065442106,
        "17,9": 77.77129398724577,
        "17,10": 56.90990993913704,
        "17,11": 27.42132084975975,
        "17,12": 58.88571895812592,
        "17,13": 37.125659995539685,
        "17,14": 24.602478519291815,
        "17,15": 99.69587217012445,
        "17,16": 38.11144383899581,
        "17,17": 0.0,
        "17,18": 54.48258661457188,
        "17,19": 72.21225138642767,
        "17,20": 28.263894088449266,
        "17,21": 81.39894670348187,
        "17,22": 83.8048588837592,
        "17,23": 77.15072499448962,
        "17,24": 88.40051400698526,
        "17,25": 92.31776754085591,
        "17,26": 75.95590854606667,
        "17,27": 106.18990337898643,
        "17,28": 26.6841833057323,
        "17,29": 108.54415042595322,
        "17,30": 102.87369801268846,
        "17,31": 53.221010859116156,
        "17,32": 38.982551381583974,
        "17,33": 123.73996884726824,
        "17,34": 79.66565809948285,
        "17,35": 26.772900093379107,
        "17,36": 2.3474711952276412,
        "17,37": 97.48664087277992,
        "17,38": 19.961966271710658,
        "17,39": 59.82385950272118,
        "17,40": 19.943996545284982,
        "17,41": 17.87586115093237,
        "17,42": 22.250486180269405,
        "17,43": 127.52409631210797,
