{
    "num_robots": 4,
    "num_tasks": 50,
    "num_nodes": 51,
    "robot_capacity": [
        200,
        171,
        195,
        166
    ],
    "robot_speed": [
        0.87,
        0.89,
        1.18,
        1.0
    ],
    "task_demand": {
        "0": 0,
        "1": 12,
        "2": 14,
        "3": 8,
        "4": 9,
        "5": 9,
        "6": 10,
        "7": 7,
        "8": 14,
        "9": 15,
        "10": 9,
        "11": 12,
        "12": 15,
        "13": 13,
        "14": 13,
        "15": 12,
        "16": 10,
        "17": 6,
        "18": 5,
        "19": 8,
        "20": 6,
        "21": 9,
        "22": 14,
        "23": 13,
        "24": 9,
        "25": 11,
        "26": 8,
        "27": 14,
        "28": 6,
        "29": 13,
        "30": 12,
        "31": 5,
        "32": 7,
        "33": 7,
        "34": 11,
        "35": 7,
        "36": 15,
        "37": 7,
        "38": 6,
        "39": 5,
        "40": 9,
        "41": 6,
        "42": 14,
        "43": 7,
        "44": 10,
        "45": 5,
        "46": 14,
        "47": 9,
        "48": 8,
        "49": 15,
        "50": 11
    },
    "task_service_time": {
        "0": 0,
        "1": 16,
        "2": 69,
        "3": 72,
        "4": 83,
        "5": 64,
        "6": 35,
        "7": 80,
        "8": 58,
        "9": 88,
        "10": 46,
        "11": 11,
        "12": 38,
        "13": 61,
        "14": 38,
        "15": 89,
        "16": 12,
        "17": 31,
        "18": 68,
        "19": 76,
        "20": 34,
        "21": 71,
        "22": 95,
        "23": 74,
        "24": 72,
        "25": 90,
        "26": 54,
        "27": 42,
        "28": 30,
        "29": 20,
        "30": 11,
        "31": 61,
        "32": 16,
        "33": 50,
        "34": 79,
        "35": 43,
        "36": 68,
        "37": 42,
        "38": 56,
        "39": 34,
        "40": 76,
        "41": 81,
        "42": 12,
        "43": 100,
        "44": 16,
        "45": 12,
        "46": 68,
        "47": 39,
        "48": 55,
        "49": 90,
        "50": 44
    },
    "task_precedence": [],
    "coordinates": {
        "0": [
            50.0,
            50.0
        ],
        "1": [
            52.05406510483538,
            5.645337872841982
        ],
        "2": [
            90.10917055985433,
            72.40149713859367
        ],
        "3": [
            66.242213616113,
            8.862639225593849
        ],
        "4": [
            95.90943583249168,
            78.57848454116692
        ],
        "5": [
            56.82457264769162,
            11.635893235465112
        ],
        "6": [
            88.12455882165415,
            92.95071371469413
        ],
        "7": [
            44.79462114223832,
            13.615241188080429
        ],
        "8": [
            13.69605374166829,
            10.011000844240826
        ],
        "9": [
            54.66922427593217,
            19.01467241379583
        ],
        "10": [
            18.79883339785828,
            62.50883962697402
        ],
        "11": [
            64.07580669260904,
            40.32099397027743
        ],
        "12": [
            3.821712174221814,
            51.10375593537263
        ],
        "13": [
            45.12262172207105,
            27.952584897012922
        ],
        "14": [
            71.77205537686368,
            29.284336418702715
        ],
        "15": [
            86.3571317547489,
            30.34776435256522
        ],
        "16": [
            41.622708211987046,
            76.41052479771983
        ],
        "17": [
            89.83398360669577,
            44.34752858809784
        ],
        "18": [
            22.263038207520747,
            35.7474384271889
        ],
        "19": [
            1.5402182801967368,
            43.52498006911073
        ],
        "20": [
            13.5563529626608,
            16.37738356737688
        ],
        "21": [
            17.48139778885205,
            67.89319400104048
        ],
        "22": [
            52.04651377724242,
            94.26307859153995
        ],
        "23": [
            15.74415042898567,
            96.03803024455608
        ],
        "24": [
            1.3682506155977547,
            48.96840523272283
        ],
        "25": [
            29.42849733414303,
            40.825601870976456
        ],
        "26": [
            94.7749597321725,
            20.266421642120168
        ],
        "27": [
            12.84905553156339,
            94.94850080184868
        ],
        "28": [
            97.88323850242482,
            93.79489596334334
        ],
        "29": [
            58.123608608431724,
            70.04653975969025
        ],
        "30": [
            63.180684218036845,
            41.1119098829484
        ],
        "31": [
            37.85322651932647,
            65.60498975540922
        ],
        "32": [
            88.75794882723274,
            10.714525085935833
        ],
        "33": [
            31.6286129038448,
            97.65658042219559
        ],
        "34": [
            5.5153562778860525,
            48.252281561018584
        ],
        "35": [
            56.543182035756566,
            26.879906064919023
        ],
        "36": [
            49.41603604703205,
            32.6727747862352
        ],
        "37": [
            10.046185194041257,
            31.919781837660288
        ],
        "38": [
            67.91982185558237,
            58.069100451219626
        ],
        "39": [
            75.15017059117162,
            42.36530289725739
        ],
        "40": [
            8.264835405718696,
            57.95687323675776
        ],
        "41": [
            78.48463075904249,
            26.632111966089077
        ],
        "42": [
            26.914695210929562,
            56.451368264168444
        ],
        "43": [
            9.672912810216205,
            83.73650179145564
        ],
        "44": [
            18.76337826387632,
            81.23695773362643
        ],
        "45": [
            49.36751151362638,
            95.67940467378816
        ],
        "46": [
            4.877041355324296,
            94.57228416184486
        ],
        "47": [
            58.711306349558846,
            64.5619333092697
        ],
        "48": [
            27.76266726867449,
            63.18874690683732
        ],
        "49": [
            43.1701944613731,
            69.3217547115945
        ],
        "50": [
            68.4217039021312,
            50.41688777849102
        ]
    },
    "distance_matrix_str_keys": {
        "0,0": 0.0,
        "0,1": 44.4021985476986,
        "0,2": 45.94096904778899,
        "0,3": 44.227728345858964,
        "0,4": 54.0777780343034,
        "0,5": 38.966389102202584,
        "0,6": 57.4303560318703,
        "0,7": 36.75522606180502,
        "0,8": 54.01015244754587,
        "0,9": 31.33515886290254,
        "0,10": 33.615232650510684,
        "0,11": 17.082490795288116,
        "0,12": 46.1914769593405,
        "0,13": 22.58046349368046,
        "0,14": 30.052639034645612,
        "0,15": 41.328578433990174,
        "0,16": 27.707306577732947,
        "0,17": 40.23302975219339,
        "0,18": 31.184524380920507,
        "0,19": 48.89045231368177,
        "0,20": 49.584470806467834,
        "0,21": 37.11638292352513,
        "0,22": 44.31036385588913,
        "0,23": 57.38434855106943,
        "0,24": 48.642689439947524,
        "0,25": 22.524571093834197,
        "0,26": 53.748327424970626,
        "0,27": 58.314324134218104,
        "0,28": 64.89065758582021,
        "0,29": 21.62999706795699,
        "0,30": 15.89743949145383,
        "0,31": 19.775232268097902,
        "0,32": 55.18629482505558,
        "0,33": 51.07501856459744,
        "0,34": 44.518962777959764,
        "0,35": 24.028149631630306,
        "0,36": 17.33706282814054,
        "0,37": 43.85432255031021,
        "0,38": 19.65274528984896,
        "0,39": 26.283448796070502,
        "0,40": 42.48688968867436,
        "0,41": 36.84334920503817,
        "0,42": 23.96980287120022,
        "0,43": 52.57780438870868,
        "0,44": 44.17549168869587,
        "0,45": 45.68378326098983,
        "0,46": 63.42530971349971,
        "0,47": 16.968699420388198,
        "0,48": 25.854245530981792,
        "0,49": 20.493326934162805,
        "0,50": 18.426420435821253,
        "1,0": 44.4021985476986,
        "1,1": 0.0,
        "1,2": 76.84123795923006,
        "1,3": 14.548353383544423,
        "1,4": 85.10309879554076,
        "1,5": 7.657969428582291,
        "1,6": 94.46326888194227,
        "1,7": 10.780486329490692,
        "1,8": 38.60564788883485,
        "1,9": 13.622707644154787,
        "1,10": 65.8738815284701,
        "1,11": 36.70045499160492,
        "1,12": 66.2784100742548,
        "1,13": 23.35932741253161,
        "1,14": 30.783134873157547,
        "1,15": 42.271861274073814,
        "1,16": 71.52988806882671,
        "1,17": 54.084949922942975,
        "1,18": 42.35140778510836,
        "1,19": 63.13886294462705,
        "1,20": 39.96561828586317,
        "1,21": 71.20438833315374,
        "1,22": 88.61774104043123,
        "1,23": 97.41277502450501,
        "1,24": 66.67788205924198,
        "1,25": 41.827829156252285,
        "1,26": 45.153636933787425,
        "1,27": 97.52993225038693,
        "1,28": 99.35118381708892,
        "1,29": 64.6865841022127,
        "1,30": 37.170948105184564,
        "1,31": 61.618371208677104,
        "1,32": 37.052283860899315,
        "1,33": 94.25108940002197,
        "1,34": 63.09677543050059,
        "1,35": 21.703894975866735,
        "1,36": 27.1558749337462,
        "1,37": 49.54804113443919,
        "1,38": 54.77201037161208,
        "1,39": 43.379556475720925,
        "1,40": 68.22018300893228,
        "1,41": 33.74936277387086,
        "1,42": 56.68545353780815,
        "1,43": 88.85039083753932,
        "1,44": 82.59759574902981,
        "1,45": 90.0741403229344,
        "1,46": 100.66614796518806,
        "1,47": 59.29151776443358,
        "1,48": 62.46051498417491,
        "1,49": 64.29315063855819,
        "1,50": 47.66960541847148,
        "2,0": 45.94096904778899,
        "2,1": 76.84123795923006,
        "2,2": 0.0,
        "2,3": 67.8735449099484,
        "2,4": 8.473384837508053,
        "2,5": 69.28436386289665,
        "2,6": 20.64482951353399,
        "2,7": 74.22420277511114,
        "2,8": 98.64856030234502,
        "2,9": 64.07919199555792,
        "2,10": 71.99325564801025,
        "2,11": 41.31458238657074,
        "2,12": 88.87698945740479,
        "2,13": 63.241563672904284,
        "2,14": 46.854448473748725,
        "2,15": 42.22077967581485,
        "2,16": 48.65192014486983,
        "2,17": 28.05531819978875,
        "2,18": 77.11431576036627,
        "2,19": 93.15746103227805,
        "2,20": 94.86324463937432,
        "2,21": 72.76756265573565,
        "2,22": 43.89412927687162,
        "2,23": 78.03103175233402,
        "2,24": 91.78268174782181,
        "2,25": 68.40454126062895,
        "2,26": 52.34343975727535,
        "2,27": 80.48287239143235,
        "2,28": 22.762109868166934,
        "2,29": 32.07213740312213,
        "2,30": 41.281735032458236,
        "2,31": 52.69607385922086,
        "2,32": 61.701769190162594,
        "2,33": 63.70082303565257,
        "2,34": 87.9732801922512,
        "2,35": 56.55873795868078,
        "2,36": 56.870929095887256,
        "2,37": 89.71538830876352,
        "2,38": 26.415616417642546,
        "2,39": 33.55509863741026,
        "2,40": 83.10921944338048,
        "2,41": 47.2225215829242,
        "2,42": 65.17628652920196,
        "2,43": 81.23099095324778,
        "2,44": 71.89080220909496,
        "2,45": 46.922742471600614,
        "2,46": 88.06849405983995,
        "2,47": 32.361777423407986,
        "2,48": 63.02349751854324,
        "2,49": 47.03990104783865,
        "2,50": 30.881535887098714,
        "3,0": 44.227728345858964,
        "3,1": 14.548353383544423,
        "3,2": 67.8735449099484,
        "3,3": 0.0,
        "3,4": 75.76571231171064,
        "3,5": 9.817479269820536,
        "3,6": 86.88867189098328,
        "3,7": 21.9678503349608,
        "3,8": 52.558706718848065,
        "3,9": 15.394734818186821,
        "3,10": 71.61556495650177,
        "3,11": 31.532862258294312,
        "3,12": 75.36996046931624,
        "3,13": 28.46863515359692,
        "3,14": 21.157146928307053,
        "3,15": 29.431624716376774,
        "3,16": 71.89462352366004,
        "3,17": 42.61160621658975,
        "3,18": 51.54571075976944,
        "3,19": 73.40181246536811,
        "3,20": 53.219087697153775,
        "3,21": 76.56515889905191,
        "3,22": 86.5722411504516,
        "3,23": 100.74523901882444,
        "3,24": 76.26993865482522,
        "3,25": 48.75326335292341,
        "3,26": 30.727249377823966,
        "3,27": 101.29957992789414,
        "3,28": 90.63466605236208,
        "3,29": 61.72018658297258,
        "3,30": 32.39426523609687,
        "3,31": 63.447844187410745,
        "3,32": 22.591764281193083,
        "3,33": 95.30196927395521,
        "3,34": 72.38297538434057,
        "3,35": 20.461992032942394,
        "3,36": 29.15549359901768,
        "3,37": 60.74228704821268,
        "3,38": 49.235050479857826,
        "3,39": 34.66670117801951,
        "3,40": 75.97118004410638,
        "3,41": 21.578483240874384,
        "3,42": 61.73605782212625,
        "3,43": 93.84125472946104,
        "3,44": 86.55796777828687,
        "3,45": 88.4415419016112,
        "3,46": 105.41265389740688,
        "3,47": 56.20610221032273,
        "3,48": 66.5732788955053,
        "3,49": 64.71184368588371,
        "3,50": 41.611365643328796,
        "4,0": 54.0777780343034,
        "4,1": 85.10309879554076,
        "4,2": 8.473384837508053,
        "4,3": 75.76571231171064,
        "4,4": 0.0,
        "4,5": 77.51733393826673,
        "4,6": 16.34519138738527,
        "4,7": 82.66164326803137,
        "4,8": 107.05391172367288,
        "4,9": 72.44724124750745,
        "4,10": 78.76724252822575,
        "4,11": 49.76962456154641,
        "4,12": 96.09895712505899,
        "4,13": 71.70970786627409,
        "4,14": 54.886484441792895,
        "4,15": 49.16755925511101,
        "4,16": 54.329999495601584,
        "4,17": 34.76592390846076,
        "4,18": 85.19560079225356,
        "4,19": 100.66924752477708,
        "4,20": 103.2037170867254,
        "4,21": 79.15259051541838,
        "4,22": 46.58285544865052,
        "4,23": 82.04455326220204,
        "4,24": 99.06963459540664,
        "4,25": 76.45256917547233,
        "4,26": 58.32309761633533,
        "4,27": 84.6581609067302,
        "4,28": 15.343893689307686,
        "4,29": 38.73709876540418,
        "4,30": 49.74852157462111,
        "4,31": 59.48810811221124,
        "4,32": 68.23973006487962,
        "4,33": 67.05220308707074,
        "4,34": 95.34552011351937,
        "4,35": 64.9803428311495,
        "4,36": 65.33735846906126,
        "4,37": 97.72170868428147,
        "4,38": 34.69947155686064,
        "4,39": 41.74136579143362,
        "4,40": 90.03791888287306,
        "4,41": 54.790961440337036,
        "4,42": 72.45607985650648,
        "4,43": 86.39064211432697,
        "4,44": 77.19184981651328,
        "4,45": 49.58419293167204,
        "4,46": 92.42671946224758,
        "4,47": 39.75128357003628,
        "4,48": 69.86290925909086,
        "4,49": 53.545444507808526,
        "4,50": 39.35290254732066,
        "5,0": 38.966389102202584,
        "5,1": 7.657969428582291,
        "5,2": 69.28436386289665,
        "5,3": 9.817479269820536,
        "5,4": 77.51733393826673,
        "5,5": 0.0,
        "5,6": 87.13087377077937,
        "5,7": 12.19170010872481,
        "5,8": 43.15911744128082,
        "5,9": 7.687126170826977,
        "5,10": 63.51388446670268,
        "5,11": 29.5874196127425,
        "5,12": 66.08339734357533,
        "5,13": 20.07909565303318,
        "5,14": 23.12779251746398,
        "5,15": 34.96149550741212,
        "5,16": 66.53457429297481,
        "5,17": 46.47227452260148,
        "5,18": 42.14102839741403,
        "5,19": 63.82220379236791,
        "5,20": 43.527239348248365,
        "5,21": 68.64961250729412,
        "5,22": 82.76521978727916,
        "5,23": 93.86864130990985,
        "5,24": 66.85147795937418,
        "5,25": 40.032287379210196,
        "5,26": 38.919376927695204,
        "5,27": 94.20635161782417,
        "5,28": 91.84724149918786,
        "5,29": 58.42508983138383,
        "5,30": 30.153535641735093,
        "5,31": 57.20642755059328,
        "5,32": 31.946665451828476,
        "5,33": 89.63478683798431,
        "5,34": 63.0348758901868,
        "5,35": 15.246609715639757,
        "5,36": 22.303291235699795,
        "5,37": 50.98679897375493,
        "5,38": 47.74041565933834,
        "5,39": 35.778822760794284,
        "5,40": 67.10947227694169,
        "5,41": 26.344728003982386,
        "5,42": 53.8797510232783,
        "5,43": 86.14973464598232,
        "5,44": 79.3281961045364,
        "5,45": 84.37369006770251,
        "5,46": 97.86210169041317,
        "5,47": 52.95965900528185,
        "5,48": 59.18015770442708,
        "5,49": 59.27985035320348,
        "5,50": 40.477882739576486,
        "6,0": 57.4303560318703,
        "6,1": 94.46326888194227,
        "6,2": 20.64482951353399,
        "6,3": 86.88867189098328,
        "6,4": 16.34519138738527,
        "6,5": 87.13087377077937,
        "6,6": 0.0,
        "6,7": 90.3969064754051,
        "6,8": 111.43876497644219,
        "6,9": 81.15292732128839,
        "6,10": 75.71501768809237,
        "6,11": 57.863890979954824,
        "6,12": 94.11768074195629,
        "6,13": 77.93537928384247,
        "6,14": 65.73288345194828,
        "6,15": 62.627893683837925,
        "6,16": 49.35585030706083,
        "6,17": 48.633236963479064,
        "6,18": 87.23505374116546,
        "6,19": 99.69830075484346,
        "6,20": 106.88260950631424,
        "6,21": 74.95555679805567,
        "6,22": 36.10190626264187,
        "6,23": 72.44622172649883,
        "6,24": 97.26818839141362,
        "6,25": 78.50003133034892,
        "6,26": 72.98790410994044,
        "6,27": 75.3020089295237,
        "6,28": 9.795124949729878,
        "6,29": 37.74464463016348,
        "6,30": 57.52789291245769,
        "6,31": 57.227576135185586,
        "6,32": 82.23862780399416,
        "6,33": 56.69159626096984,
        "6,34": 93.92672772919344,
        "6,35": 73.23069700055034,
        "6,36": 71.63644084442262,
        "6,37": 99.10099431444803,
        "6,38": 40.31077200613687,
        "6,39": 52.22277795678941,
        "6,40": 87.19027638140028,
        "6,41": 67.0155590213378,
        "6,42": 71.26604816853755,
        "6,43": 78.99090114228548,
        "6,44": 70.3433397526209,
        "6,45": 38.852985347164044,
        "6,46": 83.26330917650323,
        "6,47": 40.87862857159754,
        "6,48": 67.30031664209054,
        "6,49": 50.78604708585883,
        "6,50": 46.87567429649407,
        "7,0": 36.75522606180502,
        "7,1": 10.780486329490692,
        "7,2": 74.22420277511114,
        "7,3": 21.9678503349608,
        "7,4": 82.66164326803137,
        "7,5": 12.19170010872481,
        "7,6": 90.3969064754051,
        "7,7": 0.0,
        "7,8": 31.30673158961117,
        "7,9": 11.254405564452837,
        "7,10": 55.374768159827426,
        "7,11": 32.93875146224652,
        "7,12": 55.53528614547072,
        "7,13": 14.341095111895632,
        "7,14": 31.197796448304587,
        "7,15": 44.804236628527384,
        "7,16": 62.875342346997535,
        "7,17": 54.52538546440591,
        "7,18": 31.583324463628852,
        "7,19": 52.58836227610826,
        "7,20": 31.360147151802572,
        "7,21": 60.76272156115033,
        "7,22": 80.97322782651356,
        "7,23": 87.39248254003219,
        "7,24": 55.997284443841316,
        "7,25": 31.24934382317502,
        "7,26": 50.42095246022892,
        "7,27": 87.38202493411653,
        "7,28": 96.16225004177386,
        "7,29": 57.98407855051344,
        "7,30": 33.077395676542835,
        "7,31": 52.45109069795456,
        "7,32": 44.05891890461496,
        "7,33": 85.06638862204666,
        "7,34": 52.36969747936765,
        "7,35": 17.719481294991162,
        "7,36": 19.60987155916753,
        "7,37": 39.27480119921774,
        "7,38": 50.109086116386464,
        "7,39": 41.809394047607505,
        "7,40": 57.45089710958673,
        "7,41": 36.117248965442165,
        "7,42": 46.417944096952944,
        "7,43": 78.42528664127464,
        "7,44": 72.45910677312024,
        "7,45": 82.19147312804229,
        "7,46": 90.26325932017184,
        "7,47": 52.813251795841005,
        "7,48": 52.41774434291148,
        "7,49": 55.73019299255083,
        "7,50": 43.73328516711621,
        "8,0": 54.01015244754587,
        "8,1": 38.60564788883485,
        "8,2": 98.64856030234502,
        "8,3": 52.558706718848065,
        "8,4": 107.05391172367288,
        "8,5": 43.15911744128082,
        "8,6": 111.43876497644219,
        "8,7": 31.30673158961117,
        "8,8": 0.0,
        "8,9": 41.95076644546895,
        "8,10": 52.74525037458323,
        "8,11": 58.79468675567724,
        "8,12": 42.262479131853354,
        "8,13": 36.187423414075255,
        "8,14": 61.19055016991623,
        "8,15": 75.45340421754675,
        "8,16": 72.03328960385751,
        "8,17": 83.52234133234356,
        "8,18": 27.12484916638504,
        "8,19": 35.65040167026707,
        "8,20": 6.367915301344747,
        "8,21": 58.00583689764863,
        "8,22": 92.56981359858679,
        "8,23": 86.0514060749928,
        "8,24": 40.86140093783951,
        "8,25": 34.598401954820055,
        "8,26": 81.7249206323175,
        "8,27": 84.9417229929824,
        "8,28": 118.7738319634023,
        "8,29": 74.68650188827776,
        "8,30": 58.44651569098628,
        "8,31": 60.61567948695077,
        "8,32": 75.06519193471057,
        "8,33": 89.46130055873635,
        "8,34": 39.10651303623645,
        "8,35": 46.04819612530207,
        "8,36": 42.30216465021093,
        "8,37": 22.210723199224624,
        "8,38": 72.45548955259237,
        "8,39": 69.45076917565594,
        "8,40": 48.25251094080257,
        "8,41": 66.88662831135275,
        "8,42": 48.28498947282424,
        "8,43": 73.83518912329065,
        "8,44": 71.40598513165396,
        "8,45": 92.7983206436355,
        "8,46": 85.01991305447558,
        "8,47": 70.72607157305104,
        "8,48": 55.006747698951905,
        "8,49": 66.2305858005104,
        "8,50": 68.0259691913962,
        "9,0": 31.33515886290254,
        "9,1": 13.622707644154787,
        "9,2": 64.07919199555792,
        "9,3": 15.394734818186821,
        "9,4": 72.44724124750745,
        "9,5": 7.687126170826977,
        "9,6": 81.15292732128839,
        "9,7": 11.254405564452837,
        "9,8": 41.95076644546895,
        "9,9": 0.0,
        "9,10": 56.37754449524839,
        "9,11": 23.290408562967006,
        "9,12": 60.12635668480432,
        "9,13": 13.07761063340837,
        "9,14": 19.949256388163196,
        "9,15": 33.653565238747724,
        "9,16": 58.85996476624815,
        "9,17": 43.33951892601482,
        "9,18": 36.47117154629757,
        "9,19": 58.51022525553187,
        "9,20": 41.19737224728123,
        "9,21": 61.41697087440832,
        "9,22": 75.29409832550424,
        "9,23": 86.30039991515437,
        "9,24": 61.1409838236786,
        "9,25": 33.3588210273695,
        "9,26": 40.1252650161534,
        "9,27": 86.68836604454916,
        "9,28": 86.36858722757835,
        "9,29": 51.14864862267217,
        "9,30": 23.679798439052917,
        "9,31": 49.53216581719812,
        "9,32": 35.08466313360616,
        "9,33": 81.9476629782764,
        "9,34": 57.19213694044931,
        "9,35": 8.085395356589977,
        "9,36": 14.633514512388636,
        "9,37": 46.45166806634482,
        "9,38": 41.24108007252169,
        "9,39": 31.059959850954165,
        "9,40": 60.57938850264081,
        "9,41": 25.0039791091061,
        "9,42": 46.60279047238889,
        "9,43": 78.82628523221572,
        "9,44": 71.83900450496147,
        "9,45": 76.84783230976852,
        "9,46": 90.48875163835663,
        "9,47": 45.72626600292547,
        "9,48": 51.72341507771491,
        "9,49": 51.60455615537843,
        "9,50": 34.28162519017612,
        "10,0": 33.615232650510684,
        "10,1": 65.8738815284701,
        "10,2": 71.99325564801025,
        "10,3": 71.61556495650177,
        "10,4": 78.76724252822575,
        "10,5": 63.51388446670268,
        "10,6": 75.71501768809237,
        "10,7": 55.374768159827426,
        "10,8": 52.74525037458323,
        "10,9": 56.37754449524839,
        "10,10": 0.0,
        "10,11": 50.42127334388693,
        "10,12": 18.825251503231875,
        "10,13": 43.440494618499905,
        "10,14": 62.53023157060439,
        "10,15": 74.82284704343212,
        "10,16": 26.724260740337705,
        "10,17": 73.32002307584817,
        "10,18": 26.98468656736908,
        "10,19": 25.656319289645836,
        "10,20": 46.42838398320547,
        "10,21": 5.543185781606661,
        "10,22": 45.97542759810333,
        "10,23": 33.66805179261897,
        "10,24": 22.07189569824617,
        "10,25": 24.148551819549574,
        "10,26": 86.9298202573477,
        "10,27": 32.980774305630284,
        "10,28": 85.04798911100524,
        "10,29": 40.04066518744265,
        "10,30": 49.27045042107239,
        "10,31": 19.304301148844097,
        "10,32": 87.04555617856974,
        "10,33": 37.41613188425968,
        "10,34": 19.485897779799235,
        "10,35": 51.90430387615793,
        "10,36": 42.750483777863195,
        "10,37": 31.816651411136224,
        "10,38": 49.32122049394754,
        "10,39": 59.84342299247213,
        "10,40": 11.475430785641963,
        "10,41": 69.63859557956098,
        "10,42": 10.127199626751628,
        "10,43": 23.1061911084738,
        "10,44": 18.72815166756312,
        "10,45": 45.10798673483851,
        "10,46": 34.955411156447596,
        "10,47": 39.9652435347079,
        "10,48": 8.989582391457516,
        "10,49": 25.30571184611204,
        "10,50": 51.074891841196006,
        "11,0": 17.082490795288116,
        "11,1": 36.70045499160492,
        "11,2": 41.31458238657074,
        "11,3": 31.532862258294312,
        "11,4": 49.76962456154641,
        "11,5": 29.5874196127425,
        "11,6": 57.863890979954824,
        "11,7": 32.93875146224652,
        "11,8": 58.79468675567724,
        "11,9": 23.290408562967006,
        "11,10": 50.42127334388693,
        "11,11": 0.0,
        "11,12": 61.211305016529785,
        "11,13": 22.631852852363604,
        "11,14": 13.455112549533817,
        "11,15": 24.41152915186499,
        "11,16": 42.504068825530396,
        "11,17": 26.0709926731971,
        "11,18": 42.06215661010866,
        "11,19": 62.61761209921816,
        "11,20": 55.90627589366214,
        "11,21": 54.141159533454015,
        "11,22": 55.2671003521185,
        "11,23": 73.75864104207945,
        "11,24": 63.30098980816479,
        "11,25": 34.65098375103792,
        "11,26": 36.66911327823227,
        "11,27": 74.88888126517216,
        "11,28": 63.2645290817798,
        "11,29": 30.315618656259716,
        "11,30": 1.1944840833600099,
        "11,31": 36.42669562020132,
        "11,32": 38.54544253414733,
        "11,33": 65.88011732344594,
        "11,34": 59.09510703621979,
        "11,35": 15.4078966215572,
        "11,36": 16.53493671194638,
        "11,37": 54.67888408312418,
        "11,38": 18.1596182843151,
        "11,39": 11.261471251426972,
        "11,40": 58.53109219455902,
        "11,41": 19.87459940481879,
        "11,42": 40.51095137632329,
        "11,43": 69.60302566806763,
        "11,44": 61.0518817137745,
        "11,45": 57.27903266196677,
        "11,46": 80.29754856101502,
        "11,47": 24.827424432818017,
        "11,48": 42.91361344829462,
        "11,49": 35.75036707976463,
        "11,50": 10.991537396672861,
        "12,0": 46.1914769593405,
        "12,1": 66.2784100742548,
        "12,2": 88.87698945740479,
        "12,3": 75.36996046931624,
        "12,4": 96.09895712505899,
        "12,5": 66.08339734357533,
        "12,6": 94.11768074195629,
        "12,7": 55.53528614547072,
        "12,8": 42.262479131853354,
        "12,9": 60.12635668480432,
        "12,10": 18.825251503231875,
        "12,11": 61.211305016529785,
        "12,12": 0.0,
        "12,13": 47.34703633731482,
        "12,14": 71.36761316872838,
        "12,15": 85.10526817958583,
        "12,16": 45.49008520215595,
        "12,17": 86.27721277916689,
        "12,18": 23.997895601043425,
        "12,19": 7.9147367624898,
        "12,20": 36.064999225296525,
        "12,21": 21.644219589798865,
        "12,22": 64.71752947841763,
        "12,23": 46.489069055333864,
        "12,24": 3.2525676384900906,
        "12,25": 27.592533359549012,
        "12,26": 96.038713171573,
        "12,27": 44.76443432567552,
        "12,28": 103.29619630983045,
        "12,29": 57.51108602144884,
        "12,30": 60.19405742790363,
        "12,31": 36.992293128764494,
        "12,32": 94.05027520100818,
        "12,33": 54.22535565478617,
        "12,34": 3.316524756047277,
        "12,35": 58.02024032100343,
        "12,36": 49.178688835089666,
        "12,37": 20.16851324605159,
        "12,38": 64.47545028108115,
        "12,39": 71.86173906633407,
        "12,40": 8.167408450470164,
        "12,41": 78.57106827683414,
        "12,42": 23.704067649936388,
        "12,43": 33.15316954667176,
        "12,44": 33.634256884150375,
        "12,45": 63.72917932874949,
        "12,46": 43.48133698330928,
        "12,47": 56.515396901733496,
        "12,48": 26.81820906800047,
        "12,49": 43.36125618236492,
        "12,50": 64.60364323403827,
        "13,0": 22.58046349368046,
        "13,1": 23.35932741253161,
        "13,2": 63.241563672904284,
        "13,3": 28.46863515359692,
        "13,4": 71.70970786627409,
        "13,5": 20.07909565303318,
        "13,6": 77.93537928384247,
        "13,7": 14.341095111895632,
        "13,8": 36.187423414075255,
        "13,9": 13.07761063340837,
        "13,10": 43.440494618499905,
        "13,11": 22.631852852363604,
        "13,12": 47.34703633731482,
        "13,13": 0.0,
        "13,14": 26.682688699542943,
        "13,15": 41.30401557063563,
        "13,16": 48.584167523984505,
        "13,17": 47.622474318453015,
        "13,18": 24.152024760164455,
        "13,19": 46.28093971783928,
        "13,20": 33.62163900247767,
        "13,21": 48.572518115978795,
        "13,22": 66.67099710671481,
        "13,23": 74.1533710878469,
        "13,24": 48.53977436397726,
        "13,25": 20.29827840768055,
        "13,26": 50.24372374187874,
        "13,27": 74.36421062971692,
        "13,28": 84.37353026630309,
        "13,29": 44.055949609563946,
        "13,30": 22.344159308277234,
        "13,31": 38.34772090013005,
        "13,32": 46.91686773032413,
        "13,33": 70.99813565271312,
        "13,34": 44.506327197565675,
        "13,35": 11.470825504528909,
        "13,36": 6.380720896269993,
        "13,37": 35.30007154483946,
        "13,38": 37.77190547290596,
        "13,39": 33.30735851491069,
        "13,40": 47.52634775486582,
        "13,41": 33.38813106096636,
        "13,42": 33.818770546002845,
        "13,43": 66.09483524467954,
        "13,44": 59.44774263401106,
        "13,45": 67.85971711124535,
        "13,46": 77.8324551147715,
        "13,47": 39.04992626209851,
        "13,48": 39.28046756094682,
        "13,49": 41.415216809235744,
        "13,50": 32.36498315130075,
        "14,0": 30.052639034645612,
        "14,1": 30.783134873157547,
        "14,2": 46.854448473748725,
        "14,3": 21.157146928307053,
        "14,4": 54.886484441792895,
        "14,5": 23.12779251746398,
        "14,6": 65.73288345194828,
        "14,7": 31.197796448304587,
        "14,8": 61.19055016991623,
        "14,9": 19.949256388163196,
        "14,10": 62.53023157060439,
        "14,11": 13.455112549533817,
        "14,12": 71.36761316872838,
        "14,13": 26.682688699542943,
        "14,14": 0.0,
        "14,15": 14.623793349171233,
        "14,16": 55.945158553737805,
        "14,17": 23.51877993671721,
        "14,18": 49.92909441043759,
        "14,19": 71.66105548727752,
        "14,20": 59.6293337165977,
        "14,21": 66.61921183226326,
        "14,22": 67.90680323621812,
        "14,23": 87.15034005811007,
        "14,24": 73.1037501769747,
        "14,25": 43.8882412037336,
        "14,26": 24.707415803705405,
        "14,27": 88.22529339654287,
        "14,28": 69.5945843940404,
        "14,29": 42.98647834380872,
        "14,30": 14.61858927670007,
        "14,31": 49.69584298381615,
        "14,32": 25.166614179143124,
        "14,33": 79.28593648092796,
        "14,34": 68.91830757073454,
        "14,35": 15.417518236268743,
        "14,36": 22.611349248693045,
        "14,37": 61.78210600475635,
        "14,38": 29.041390178677098,
        "14,39": 13.510120148030142,
        "14,40": 69.67984899557487,
        "14,41": 7.217545483644335,
        "14,42": 52.4426389529444,
        "14,43": 82.59141493699234,
        "14,44": 74.22260242514281,
        "14,45": 70.07330928618384,
        "14,46": 93.4743762827718,
        "14,47": 37.617708695873354,
        "14,48": 55.55479540242368,
        "14,49": 49.204281433520116,
        "14,50": 21.396485271612544,
        "15,0": 41.328578433990174,
        "15,1": 42.271861274073814,
        "15,2": 42.22077967581485,
        "15,3": 29.431624716376774,
        "15,4": 49.16755925511101,
        "15,5": 34.96149550741212,
        "15,6": 62.627893683837925,
        "15,7": 44.804236628527384,
        "15,8": 75.45340421754675,
        "15,9": 33.653565238747724,
        "15,10": 74.82284704343212,
        "15,11": 24.41152915186499,
        "15,12": 85.10526817958583,
        "15,13": 41.30401557063563,
        "15,14": 14.623793349171233,
        "15,15": 0.0,
        "15,16": 64.21017481311593,
        "15,17": 14.425044105682467,
        "15,18": 64.32114199664832,
        "15,19": 85.83442098243596,
        "15,20": 74.1291098828099,
        "15,21": 78.44441354761729,
        "15,22": 72.54230421116549,
        "15,23": 96.44378758983413,
        "15,24": 87.00481701648799,
        "15,25": 57.88483822260556,
        "15,26": 13.133670420066855,
        "15,27": 97.86057643312465,
        "15,28": 64.48557704164722,
        "15,29": 48.71472670639735,
        "15,30": 25.55414935820081,
        "15,31": 59.96416234880454,
        "15,32": 19.77948449065971,
        "15,33": 86.75072043683036,
        "15,34": 82.80075119658822,
        "15,35": 30.014956920672066,
        "15,36": 37.01418951704023,
        "15,37": 76.32713674679945,
        "15,38": 33.29274502669409,
        "15,39": 16.432200436797615,
        "15,40": 82.82915937303696,
        "15,41": 8.705305542284222,
        "15,42": 64.92150182674348,
        "15,43": 93.43889297531199,
        "15,44": 84.60866098668559,
        "15,45": 75.07632937646927,
        "15,46": 103.74870638340971,
        "15,47": 43.9875098150847,
        "15,48": 67.17024194939185,
        "15,49": 58.17287578663858,
        "15,50": 26.915595615581285,
        "16,0": 27.707306577732947,
        "16,1": 71.52988806882671,
        "16,2": 48.65192014486983,
        "16,3": 71.89462352366004,
        "16,4": 54.329999495601584,
        "16,5": 66.53457429297481,
        "16,6": 49.35585030706083,
        "16,7": 62.875342346997535,
        "16,8": 72.03328960385751,
        "16,9": 58.85996476624815,
        "16,10": 26.724260740337705,
        "16,11": 42.504068825530396,
        "16,12": 45.49008520215595,
        "16,13": 48.584167523984505,
        "16,14": 55.945158553737805,
        "16,15": 64.21017481311593,
        "16,16": 0.0,
        "16,17": 57.899592408951214,
        "16,18": 45.03646762190715,
        "16,19": 51.846552934881025,
        "16,20": 66.26989016864059,
        "16,21": 25.59976157791765,
        "16,22": 20.672914633004464,
        "16,23": 32.47982024263262,
        "16,24": 48.718490151061694,
        "16,25": 37.61629326017644,
        "16,26": 77.31314351914347,
        "16,27": 34.228345605700966,
        "16,28": 58.8851732559685,
        "16,29": 17.68558790251691,
        "16,30": 41.361075232381744,
        "16,31": 11.444150461345123,
        "16,32": 80.85601576869732,
        "16,33": 23.47928492579254,
        "16,34": 45.788945454883084,
        "16,35": 51.729128459504025,
        "16,36": 44.426644424394816,
        "16,37": 54.55733694968027,
        "16,38": 32.061597481138676,
        "16,39": 47.782505876516815,
        "16,40": 38.12197442542261,
        "16,41": 61.94103420109625,
        "16,42": 24.793014660788693,
        "16,43": 32.77894698015425,
        "16,44": 23.363292160168605,
        "16,45": 20.76708236270648,
        "16,46": 40.98894406960524,
        "16,47": 20.794453745352275,
        "16,48": 19.155055352207413,
        "16,49": 7.255713267900291,
        "16,50": 37.33437203821416,
        "17,0": 40.23302975219339,
        "17,1": 54.084949922942975,
        "17,2": 28.05531819978875,
        "17,3": 42.61160621658975,
        "17,4": 34.76592390846076,
        "17,5": 46.47227452260148,
        "17,6": 48.633236963479064,
        "17,7": 54.52538546440591,
        "17,8": 83.52234133234356,
        "17,9": 43.33951892601482,
        "17,10": 73.32002307584817,
        "17,11": 26.0709926731971,
        "17,12": 86.27721277916689,
        "17,13": 47.622474318453015,
        "17,14": 23.51877993671721,
        "17,15": 14.425044105682467,
        "17,16": 57.899592408951214,
        "17,17": 0.0,
        "17,18": 68.11603491773471,
        "17,19": 88.2975966920786,
        "17,20": 81.24411331996913,
        "17,21": 76.08741705608546,
        "17,22": 62.605550938059615,
        "17,23": 90.33942296581944,
        "17,24": 88.58633311418352,
        "17,25": 60.50807168985251,
        "17,26": 24.58277764647732,
        "17,27": 92.12566167854692,
        "17,28": 50.09822995594666,
        "17,29": 40.81650472208713,
        "17,30": 26.84897757283504,
        "17,31": 56.159404935022636,
        "17,32": 33.650212115573,
        "17,33": 78.92857648600298,
        "17,34": 84.40899247351688,
        "17,35": 37.595150030927016,
        "17,36": 42.07030260492349,
        "17,37": 80.74987098956508,
        "17,38": 25.855599386762954,
        "17,39": 14.817003184325241,
        "17,40": 82.69667587030914,
        "17,41": 21.039101600398244,
        "17,42": 64.07292553905761,
        "17,43": 89.31566761354387,
        "17,44": 80.07409647618742,
        "17,45": 65.36433940717086,
