{
    "num_robots": 2,
    "num_tasks": 60,
    "num_nodes": 61,
    "robot_capacity": [
        365,
        387
    ],
    "robot_speed": [
        1.05,
        0.99
    ],
    "task_demand": {
        "0": 0,
        "1": 10,
        "2": 5,
        "3": 11,
        "4": 8,
        "5": 6,
        "6": 9,
        "7": 6,
        "8": 11,
        "9": 6,
        "10": 6,
        "11": 14,
        "12": 9,
        "13": 13,
        "14": 5,
        "15": 12,
        "16": 10,
        "17": 7,
        "18": 15,
        "19": 10,
        "20": 5,
        "21": 11,
        "22": 7,
        "23": 5,
        "24": 15,
        "25": 9,
        "26": 14,
        "27": 8,
        "28": 12,
        "29": 15,
        "30": 11,
        "31": 12,
        "32": 8,
        "33": 12,
        "34": 7,
        "35": 12,
        "36": 12,
        "37": 7,
        "38": 12,
        "39": 14,
        "40": 13,
        "41": 8,
        "42": 5,
        "43": 5,
        "44": 14,
        "45": 12,
        "46": 5,
        "47": 15,
        "48": 10,
        "49": 7,
        "50": 11,
        "51": 13,
        "52": 6,
        "53": 5,
        "54": 9,
        "55": 10,
        "56": 15,
        "57": 6,
        "58": 14,
        "59": 5,
        "60": 7
    },
    "task_service_time": {
        "0": 0,
        "1": 87,
        "2": 64,
        "3": 25,
        "4": 87,
        "5": 51,
        "6": 45,
        "7": 56,
        "8": 89,
        "9": 17,
        "10": 54,
        "11": 52,
        "12": 64,
        "13": 26,
        "14": 36,
        "15": 78,
        "16": 60,
        "17": 25,
        "18": 71,
        "19": 76,
        "20": 38,
        "21": 66,
        "22": 77,
        "23": 89,
        "24": 57,
        "25": 17,
        "26": 22,
        "27": 21,
        "28": 37,
        "29": 72,
        "30": 60,
        "31": 32,
        "32": 35,
        "33": 99,
        "34": 40,
        "35": 78,
        "36": 20,
        "37": 27,
        "38": 56,
        "39": 54,
        "40": 45,
        "41": 29,
        "42": 37,
        "43": 95,
        "44": 81,
        "45": 82,
        "46": 17,
        "47": 50,
        "48": 96,
        "49": 71,
        "50": 53,
        "51": 11,
        "52": 76,
        "53": 11,
        "54": 75,
        "55": 52,
        "56": 65,
        "57": 46,
        "58": 33,
        "59": 72,
        "60": 92
    },
    "task_precedence": [],
    "coordinates": {
        "0": [
            50.0,
            50.0
        ],
        "1": [
            39.14256689856036,
            39.24024279322057
        ],
        "2": [
            12.419373229596243,
            20.68560729721831
        ],
        "3": [
            66.51789189614232,
            54.830268358695086
        ],
        "4": [
            53.166100235128766,
            84.55451437791525
        ],
        "5": [
            2.4288744728578893,
            78.8682203154831
        ],
        "6": [
            8.12121806296221,
            81.39684168003937
        ],
        "7": [
            20.414255183477927,
            37.83192946158004
        ],
        "8": [
            26.02851023890057,
            85.60382556598547
        ],
        "9": [
            22.005187569092534,
            56.5438758849279
        ],
        "10": [
            35.182574500469464,
            80.13968086578664
        ],
        "11": [
            89.72554271176234,
            14.02524398875431
        ],
        "12": [
            80.34906853656,
            6.727569341037221
        ],
        "13": [
            22.67327651529446,
            35.804694046363835
        ],
        "14": [
            86.45636912897487,
            85.25664249361876
        ],
        "15": [
            73.11989487910868,
            48.57059365905687
        ],
        "16": [
            25.30543985235517,
            69.16636084113321
        ],
        "17": [
            53.58532153628003,
            37.88364210455249
        ],
        "18": [
            42.13121855148438,
            36.08992077823071
        ],
        "19": [
            53.97805165002425,
            40.84592784900739
        ],
        "20": [
            33.669656342733724,
            55.83658180241389
        ],
        "21": [
            54.38701683408185,
            28.076573713378995
        ],
        "22": [
            0.9543220061864033,
            35.72724446856043
        ],
        "23": [
            65.75638591208981,
            2.5218997909707497
        ],
        "24": [
            0.3517713254006516,
            62.54637487442187
        ],
        "25": [
            52.84127170502132,
            6.855580372141512
        ],
        "26": [
            47.26652338929613,
            49.31668088221319
        ],
        "27": [
            89.92238017071487,
            19.798048361351473
        ],
        "28": [
            23.116807014064722,
            68.03612715444292
        ],
        "29": [
            68.57248747273823,
            0.6304856266487247
        ],
        "30": [
            74.79380014483652,
            62.449771380846066
        ],
        "31": [
            50.50217268013123,
            69.22909264451216
        ],
        "32": [
            79.0092172194609,
            73.51076125915223
        ],
        "33": [
            6.8881470593244565,
            39.165567496453626
        ],
        "34": [
            80.7147307875518,
            92.31808191812742
        ],
        "35": [
            99.73339557115474,
            3.424330339113457
        ],
        "36": [
            69.16305685155102,
            42.69882741165569
        ],
        "37": [
            78.68591720217714,
            47.00530646534967
        ],
        "38": [
            69.51630930776759,
            62.51626549856256
        ],
        "39": [
            56.10984705510891,
            0.35960494228409745
        ],
        "40": [
            12.255102371951354,
            12.352227153522477
        ],
        "41": [
            54.70816266498461,
            92.94499287614035
        ],
        "42": [
            46.58680751819661,
            98.68567004301775
        ],
        "43": [
            15.30002409109641,
            62.36619832005032
        ],
        "44": [
            38.63133163967453,
            26.71588087334036
        ],
        "45": [
            27.17828223466038,
            48.81124451547046
        ],
        "46": [
            66.33150831809675,
            92.42610174447005
        ],
        "47": [
            84.85763884963549,
            95.85062753411474
        ],
        "48": [
            83.37786717796348,
            33.62443400724119
        ],
        "49": [
            72.59754246250026,
            66.42331775742588
        ],
        "50": [
            63.96720555188394,
            28.311022165652723
        ],
        "51": [
            15.862203532744646,
            98.93477936551582
        ],
        "52": [
            28.73760127410646,
            45.76695096521524
        ],
        "53": [
            27.107066066432882,
            77.30195950677775
        ],
        "54": [
            4.552663953446734,
            21.98438233500568
        ],
        "55": [
            24.104316603601394,
            37.38377141164902
        ],
        "56": [
            79.02565439624351,
            76.58255463039079
        ],
        "57": [
            48.133305603426514,
            66.19214348629723
        ],
        "58": [
            40.55646581239625,
            79.57361861771727
        ],
        "59": [
            18.517631910807054,
            52.44698820681709
        ],
        "60": [
            89.45450491217753,
            75.33734623473853
        ]
    },
    "distance_matrix_str_keys": {
        "0,0": 0.0,
        "0,1": 15.285817894410464,
        "0,2": 47.66169455641803,
        "0,3": 17.209655577891585,
        "0,4": 34.69926014474133,
        "0,5": 55.64518063680253,
        "0,6": 52.34113147431397,
        "0,7": 31.99028347758623,
        "0,8": 42.92161129663722,
        "0,9": 28.74946668442794,
        "0,10": 33.58506306567852,
        "0,11": 53.59385985178444,
        "0,12": 52.85422609566389,
        "0,13": 30.793774168277842,
        "0,14": 50.715852452570644,
        "0,15": 23.164039839988284,
        "0,16": 31.259729505838223,
        "0,17": 12.63568989683929,
        "0,18": 15.981490088236491,
        "0,19": 9.981078692999025,
        "0,20": 17.342024423367818,
        "0,21": 22.358053064777856,
        "0,22": 51.080231796000014,
        "0,23": 50.0243310446959,
        "0,24": 51.2089653577851,
        "0,25": 43.23787425309546,
        "0,26": 2.8175910629468652,
        "0,27": 50.059507800999725,
        "0,28": 32.37295086720197,
        "0,29": 52.747381360457666,
        "0,30": 27.743996342586073,
        "0,31": 19.235648710971564,
        "0,32": 37.34020057084214,
        "0,33": 44.45241041442339,
        "0,34": 52.28971930103589,
        "0,35": 68.13738797016643,
        "0,36": 20.50682493855562,
        "0,37": 28.841810537770314,
        "0,38": 23.184978564298117,
        "0,39": 50.01498827874428,
        "0,40": 53.31071278131482,
        "0,41": 43.20230559601767,
        "0,42": 48.80516725158756,
        "0,43": 36.83763278183473,
        "0,44": 25.91132616813626,
        "0,45": 22.85265720573468,
        "0,46": 45.46088728980317,
        "0,47": 57.59631091870154,
        "0,48": 37.178504258952785,
        "0,49": 27.935180176721296,
        "0,50": 25.797181831110645,
        "0,51": 59.66575047036168,
        "0,52": 21.679674898618092,
        "0,53": 35.629810790914966,
        "0,54": 53.38853048061429,
        "0,55": 28.805479380840705,
        "0,56": 39.358872237500414,
        "0,57": 16.29938829070087,
        "0,58": 31.04479434782319,
        "0,59": 31.577321795676976,
        "0,60": 46.88964781360657,
        "1,0": 15.285817894410464,
        "1,1": 0.0,
        "1,2": 32.53311510228418,
        "1,3": 31.503290555994063,
        "1,4": 47.43461496094718,
        "1,5": 54.02103121964655,
        "1,6": 52.34026092105387,
        "1,7": 18.781187559293752,
        "1,8": 48.182572467644256,
        "1,9": 24.35375717326795,
        "1,10": 41.09069936670104,
        "1,11": 56.519320650802335,
        "1,12": 52.48856744330878,
        "1,13": 16.8238081575,
        "1,14": 66.00079486555889,
        "1,15": 35.23512826679313,
        "1,16": 32.97026882375128,
        "1,17": 14.506327135214745,
        "1,18": 4.342414938793299,
        "1,19": 14.922125596217674,
        "1,20": 17.47544615911567,
        "1,21": 18.89499301827952,
        "1,22": 38.34948767831183,
        "1,23": 45.34900302449625,
        "1,24": 45.25374695851237,
        "1,25": 35.16277681727947,
        "1,26": 12.943464513980375,
        "1,27": 54.37451940276328,
        "1,28": 32.95493796110683,
        "1,29": 48.54723033772434,
        "1,30": 42.54048247540444,
        "1,31": 32.0682359807335,
        "1,32": 52.57202910039446,
        "1,33": 32.25450628308612,
        "1,34": 67.42033681748154,
        "1,35": 70.38485706564978,
        "1,36": 30.219060617108685,
        "1,37": 40.29854547085748,
        "1,38": 38.26666252654482,
        "1,39": 42.42160529266284,
        "1,40": 38.02500668915532,
        "1,41": 55.91500651017218,
        "1,42": 59.90972825271344,
        "1,43": 33.21560877892589,
        "1,44": 12.53479170110431,
        "1,45": 15.32149410097275,
        "1,46": 59.73252152636105,
        "1,47": 72.76402589194772,
        "1,48": 44.59034760045771,
        "1,49": 43.10632151429093,
        "1,50": 27.12398473296543,
        "1,51": 64.07349697827887,
        "1,52": 12.282557926118214,
        "1,53": 39.91926301252591,
        "1,54": 38.65522093981309,
        "1,55": 15.152407660976774,
        "1,56": 54.63615031910935,
        "1,57": 28.411939980026784,
        "1,58": 40.35815054655802,
        "1,59": 24.49093848076474,
        "1,60": 61.92166005166289,
        "2,0": 47.66169455641803,
        "2,1": 32.53311510228418,
        "2,2": 0.0,
        "2,3": 63.97270981377733,
        "2,4": 75.75970600092171,
        "2,5": 59.03411321466213,
        "2,6": 60.8631918167483,
        "2,7": 18.918628418058884,
        "2,8": 66.3293575525145,
        "2,9": 37.11742532368878,
        "2,10": 63.66278501601246,
        "2,11": 77.59255298935666,
        "2,12": 69.34890286142331,
        "2,13": 18.268259816431353,
        "2,14": 98.23897061828056,
        "2,15": 66.79914515113835,
        "2,16": 50.16407257382517,
        "2,17": 44.61398548911361,
        "2,18": 33.467695263538936,
        "2,19": 46.190499854444504,
        "2,20": 41.075120706498296,
        "2,21": 42.61348958109317,
        "2,22": 18.912912212287996,
        "2,23": 56.34498373648708,
        "2,24": 43.565478051673,
        "2,25": 42.72235388067846,
        "2,26": 45.10057925217883,
        "2,27": 77.50808890547953,
        "2,28": 48.54386490919846,
        "2,29": 59.627008514805645,
        "2,30": 75.0654017148302,
        "2,31": 61.69902417099157,
        "2,32": 84.99826006275974,
        "2,33": 19.289981646233382,
        "2,34": 98.97205304672721,
        "2,35": 89.00387732951064,
        "2,36": 60.864008172278375,
        "2,37": 71.3020435497534,
        "2,38": 70.78039329554812,
        "2,39": 48.187175418679594,
        "2,40": 8.334999072226427,
        "2,41": 83.7243125749859,
        "2,42": 85.1552896431835,
        "2,43": 41.78001696263952,
        "2,44": 26.896671970609106,
        "2,45": 31.762822040122536,
        "2,46": 89.73971725683609,
        "2,47": 104.38909230974474,
        "2,48": 72.1285040746893,
        "2,49": 75.5867065717631,
        "2,50": 52.10878974839494,
        "2,51": 78.32487478362354,
        "2,52": 29.92253944278141,
        "2,53": 58.49050913085087,
        "2,54": 7.973200827411555,
        "2,55": 20.380544311822696,
        "2,56": 86.95323692662583,
        "2,57": 57.84747013941467,
        "2,58": 65.26479798709464,
        "2,59": 32.341522478504146,
        "2,60": 94.45223174836846,
        "3,0": 17.209655577891585,
        "3,1": 31.503290555994063,
        "3,2": 63.97270981377733,
        "3,3": 0.0,
        "3,4": 32.58529026984779,
        "3,5": 68.44870552873081,
        "3,6": 64.1557038213843,
        "3,7": 49.137448482745924,
        "3,8": 50.85667950403525,
        "3,9": 44.54567652714815,
        "3,10": 40.27987683374516,
        "3,11": 46.942998095682064,
        "3,12": 50.05168428776218,
        "3,13": 47.794589398890324,
        "3,14": 36.3772884828231,
        "3,15": 9.097800323835846,
        "3,16": 43.63473101929785,
        "3,17": 21.317587047092918,
        "3,18": 30.75565743494466,
        "3,19": 18.78322051430624,
        "3,20": 32.86364626329868,
        "3,21": 29.375471178283004,
        "3,22": 68.2898763980591,
        "3,23": 52.31391128161456,
        "3,24": 66.6145165196293,
        "3,25": 49.88607648692515,
        "3,26": 20.025354834489377,
        "3,27": 42.13106347265502,
        "3,28": 45.36572357490328,
        "3,29": 54.238711370979296,
        "3,30": 11.249332586663654,
        "3,31": 21.536698976861388,
        "3,32": 22.472072074844586,
        "3,33": 61.65297496802174,
        "3,34": 40.08598757640126,
        "3,35": 61.203269096167006,
        "3,36": 12.416471201304596,
        "3,37": 14.466888693862675,
        "3,38": 8.250155089959739,
        "3,39": 55.456113913949075,
        "3,40": 68.91178644887238,
        "3,41": 39.902405059770565,
        "3,42": 48.17202903526156,
        "3,43": 51.76929807209684,
        "3,44": 39.59897759556778,
        "3,45": 39.79740615094242,
        "3,46": 37.59629538676804,
        "3,47": 44.933463979517505,
        "3,48": 27.0914410293163,
        "3,49": 13.090490646665188,
        "3,50": 26.64162944479894,
        "3,51": 67.1655168573907,
        "3,52": 38.852208195422364,
        "3,53": 45.367280011419126,
        "3,54": 70.13231568022987,
        "3,55": 45.86165745826601,
        "3,56": 25.091952510809897,
        "3,57": 21.612154440720108,
        "3,58": 35.864035276896324,
        "3,59": 48.05939016406797,
        "3,60": 30.767327795267928,
        "4,0": 34.69926014474133,
        "4,1": 47.43461496094718,
        "4,2": 75.75970600092171,
        "4,3": 32.58529026984779,
        "4,4": 0.0,
        "4,5": 51.054872619722545,
        "4,6": 45.1554238909489,
        "4,7": 57.0585952819687,
        "4,8": 27.157868929148215,
        "4,9": 41.899860942074284,
        "4,10": 18.517503956769314,
        "4,11": 79.44161891495952,
        "4,12": 82.4375347730016,
        "4,13": 57.500932868671214,
        "4,14": 33.29767239486026,
        "4,15": 41.14603833900911,
        "4,16": 31.827844197115013,
        "4,17": 46.67275506391153,
        "4,18": 49.70498412186261,
        "4,19": 43.71612747551156,
        "4,20": 34.71067524350903,
        "4,21": 56.4911357564041,
        "4,22": 71.48546756250005,
        "4,23": 82.99316326901675,
        "4,24": 57.21635729920395,
        "4,25": 77.6996129926498,
        "4,26": 35.72827894582535,
        "4,27": 74.46088910063827,
        "4,28": 34.290190135810846,
        "4,29": 85.32642831830351,
        "4,30": 30.92534666500688,
        "4,31": 15.555226174020708,
        "4,32": 28.103935283409395,
        "4,33": 64.82133483005485,
        "4,34": 28.621670570833768,
        "4,35": 93.54474735164192,
        "4,36": 44.808494199261,
        "4,37": 45.40048538168648,
        "4,38": 27.441096012865284,
        "4,39": 84.24635553075441,
        "4,40": 82.98722809321094,
        "4,41": 8.531007324270126,
        "4,42": 15.587708397530246,
        "4,43": 43.888051814011554,
        "4,44": 59.6369602159595,
        "4,45": 44.19217153393826,
        "4,46": 15.339160917742005,
        "4,47": 33.64455070575968,
        "4,48": 59.216753949971626,
        "4,49": 26.576704798122005,
        "4,50": 57.27123442265299,
        "4,51": 39.97965395417719,
        "4,52": 45.83913870245484,
        "4,53": 27.049451269186957,
        "4,54": 79.23564608798428,
        "4,55": 55.4045689436825,
        "4,56": 27.060463477697073,
        "4,57": 19.03958210061954,
        "4,58": 13.557735904232649,
        "4,59": 47.23779836157988,
        "4,60": 37.440679782622084,
        "5,0": 55.64518063680253,
        "5,1": 54.02103121964655,
        "5,2": 59.03411321466213,
        "5,3": 68.44870552873081,
        "5,4": 51.054872619722545,
        "5,5": 0.0,
        "5,6": 6.228699828462773,
        "5,7": 44.80458778241433,
        "5,8": 24.54202897847845,
        "5,9": 29.691890958574348,
        "5,10": 32.77836904773849,
        "5,11": 108.7442865833514,
        "5,12": 106.18771193477058,
        "5,13": 47.58469406003295,
        "5,14": 84.26999345027781,
        "5,15": 76.91011992637351,
        "5,16": 24.84880924355222,
        "5,17": 65.5493533704231,
        "5,18": 58.36316506698841,
        "5,19": 64.0547608851138,
        "5,20": 38.812920843938755,
        "5,21": 72.6597544874895,
        "5,22": 43.166168488779874,
        "5,23": 99.1924108121061,
        "5,24": 16.453479756181302,
        "5,25": 87.9046648722512,
        "5,26": 53.70016986220697,
        "5,27": 105.56703440938186,
        "5,28": 23.35219037004833,
        "5,29": 102.4505767183298,
        "5,30": 74.20409647000815,
        "5,31": 49.030141574165455,
        "5,32": 76.76751437116779,
        "5,33": 39.95229346193784,
        "5,34": 79.43282744593188,
        "5,35": 123.12575019440679,
        "5,36": 75.90570519258824,
        "5,37": 82.6461241973406,
        "5,38": 69.05150497319278,
        "5,39": 95.10651662842713,
        "5,40": 67.2378769820026,
        "5,41": 54.14129200157596,
        "5,42": 48.40097483047196,
        "5,43": 20.92804870103347,
        "5,44": 63.4860962274707,
        "5,45": 38.93526651767668,
        "5,46": 65.3250546207283,
        "5,47": 84.15998664223844,
        "5,48": 92.73478106663701,
        "5,49": 71.26371844859207,
        "5,50": 79.6429311160321,
        "5,51": 24.147900979995097,
        "5,52": 42.28289415947917,
        "5,53": 24.727844896999855,
        "5,54": 56.923470599982444,
        "5,55": 46.80581472870685,
        "5,56": 76.63087473241826,
        "5,57": 47.42971588306548,
        "5,58": 38.134116065796455,
        "5,59": 30.934279077379003,
        "5,60": 87.09722972135859,
        "6,0": 52.34113147431397,
        "6,1": 52.34026092105387,
        "6,2": 60.8631918167483,
        "6,3": 64.1557038213843,
        "6,4": 45.1554238909489,
        "6,5": 6.228699828462773,
        "6,6": 0.0,
        "6,7": 45.266105843649115,
        "6,8": 18.394831515701178,
        "6,9": 28.468131622221673,
        "6,10": 27.090541994406607,
        "6,11": 105.82153834103498,
        "6,12": 103.88629657309221,
        "6,13": 47.85818980123423,
        "6,14": 78.43018522772678,
        "6,15": 72.81751538596271,
        "6,16": 21.09222937619204,
        "6,17": 62.931575873552546,
        "6,18": 56.65154203401726,
        "6,19": 61.214588123773915,
        "6,20": 36.13930801145818,
        "6,21": 70.59444108402732,
        "6,22": 46.22852483637515,
        "6,23": 97.68863306956989,
        "6,24": 20.388830309693912,
        "6,25": 86.92688212009536,
        "6,26": 50.61118103646951,
        "6,27": 102.40039775556176,
        "6,28": 20.084232139290556,
        "6,29": 100.88389486630854,
        "6,30": 69.31251455824439,
        "6,31": 44.09307690390991,
        "6,32": 71.32530188380879,
        "6,33": 42.24927198507932,
        "6,34": 73.41043235149337,
        "6,35": 120.30171899272013,
        "6,36": 72.27477008616556,
        "6,37": 78.49939145643845,
        "6,38": 64.23265046611829,
        "6,39": 94.1803708350997,
        "6,40": 69.16825713139961,
        "6,41": 47.996908269178256,
        "6,42": 42.172326925404114,
        "6,43": 20.339632314392293,
        "6,44": 62.616886741578256,
        "6,45": 37.74907730548898,
        "6,46": 59.24594896831223,
        "6,47": 78.08578744345768,
        "6,48": 89.13902720399436,
        "6,49": 66.19216590152904,
        "6,50": 77.05114244530601,
        "6,51": 19.170344657909464,
        "6,52": 41.164600921897225,
        "6,53": 19.422422207947882,
        "6,54": 59.519533800743275,
        "6,55": 46.825311460897396,
        "6,56": 71.06768922328033,
        "6,57": 42.803621301340435,
        "6,58": 32.48645008156707,
        "6,59": 30.760029860465032,
        "6,60": 81.55869686764473,
        "7,0": 31.99028347758623,
        "7,1": 18.781187559293752,
        "7,2": 18.918628418058884,
        "7,3": 49.137448482745924,
        "7,4": 57.0585952819687,
        "7,5": 44.80458778241433,
        "7,6": 45.266105843649115,
        "7,7": 0.0,
        "7,8": 48.100664415758814,
        "7,9": 18.77945698911015,
        "7,10": 44.81126068667084,
        "7,11": 73.28582981743857,
        "7,12": 67.52527726842149,
        "7,13": 3.0352694783674417,
        "7,14": 81.3059912956064,
        "7,15": 53.78850587692337,
        "7,16": 31.713881461356735,
        "7,17": 33.17110666196476,
        "7,18": 21.786718251728473,
        "7,19": 33.69885190221118,
        "7,20": 22.357843496345836,
        "7,21": 35.34565744108749,
        "7,22": 19.57341815280339,
        "7,23": 57.469183171068636,
        "7,24": 31.8324845184907,
        "7,25": 44.84468311181614,
        "7,26": 29.20520198510756,
        "7,27": 71.80947226361252,
        "7,28": 30.3248634731725,
        "7,29": 60.85361748187122,
        "7,30": 59.69231986584533,
        "7,31": 43.48637298305165,
        "7,32": 68.60283240827403,
        "7,33": 13.591695677668477,
        "7,34": 81.27046306989787,
        "7,35": 86.46044707964646,
        "7,36": 48.99114572787185,
        "7,37": 58.98929936924833,
        "7,38": 54.95751236010729,
        "7,39": 51.752781412649455,
        "7,40": 26.754196013131768,
        "7,41": 64.91164648418253,
        "7,42": 66.24334108773883,
        "7,43": 25.061638176423873,
        "7,44": 21.340768749672957,
        "7,45": 12.89563573468609,
        "7,46": 71.33665104756838,
        "7,47": 86.71285385901865,
        "7,48": 63.104036744018266,
        "7,49": 59.50262982363724,
        "7,50": 44.58146656998264,
        "7,51": 61.27217509289065,
        "7,52": 11.499680708938588,
        "7,53": 40.03344838112013,
        "7,54": 22.421748956707138,
        "7,55": 3.7171762027110833,
        "7,56": 70.26312737597044,
        "7,57": 39.65661982206019,
        "7,58": 46.347354429646735,
        "7,59": 14.737609099347383,
        "7,60": 78.569792986424,
        "8,0": 42.92161129663722,
        "8,1": 48.182572467644256,
        "8,2": 66.3293575525145,
        "8,3": 50.85667950403525,
        "8,4": 27.157868929148215,
        "8,5": 24.54202897847845,
        "8,6": 18.394831515701178,
        "8,7": 48.100664415758814,
        "8,8": 0.0,
        "8,9": 29.33714029640567,
        "8,10": 10.660852208413914,
        "8,11": 95.81651886004387,
        "8,12": 95.77153465322097,
        "8,13": 49.91203355352892,
        "8,14": 60.42885623710306,
        "8,15": 59.90875372434636,
        "8,16": 16.453360670837476,
        "8,17": 55.105297009200505,
        "8,18": 52.066534187815876,
        "8,19": 52.76785264851688,
        "8,20": 30.73232687350595,
        "8,21": 64.13727155112038,
        "8,22": 55.82462053160414,
        "8,23": 92.09185901038938,
        "8,24": 34.51001236780317,
        "8,25": 83.18780138066433,
        "8,26": 42.045333532716775,
        "8,27": 91.72146383682247,
        "8,28": 17.807359241292186,
        "8,29": 95.02872460114037,
        "8,30": 53.98299477445052,
        "8,31": 29.44642646463041,
        "8,32": 54.3433300092035,
        "8,33": 50.22813270646753,
        "8,34": 55.09685976766737,
        "8,35": 110.38967142619919,
        "8,36": 60.83936207836138,
        "8,37": 65.28895913443769,
        "8,38": 49.236410284676644,
        "8,39": 90.39615021886965,
        "8,40": 74.53524960882662,
        "8,41": 29.604310509732784,
        "8,42": 24.36756536761871,
        "8,43": 25.59468177267796,
        "8,44": 60.22143420231567,
        "8,45": 36.81054191398097,
        "8,46": 40.876339200412865,
        "8,47": 59.714850110106184,
        "8,48": 77.40029643445367,
        "8,49": 50.36433899136255,
        "8,50": 68.71542711444474,
        "8,51": 16.765086377613553,
        "8,52": 39.928883683300306,
        "8,53": 8.37163441259406,
        "8,54": 67.1464483848275,
        "8,55": 48.258430805334584,
        "8,56": 53.759470032056626,
        "8,57": 29.41828307822293,
        "8,58": 15.729745356629465,
        "8,59": 33.99689922510241,
        "8,60": 64.25151669924593,
        "9,0": 28.74946668442794,
        "9,1": 24.35375717326795,
        "9,2": 37.11742532368878,
        "9,3": 44.54567652714815,
        "9,4": 41.899860942074284,
        "9,5": 29.691890958574348,
        "9,6": 28.468131622221673,
        "9,7": 18.77945698911015,
        "9,8": 29.33714029640567,
        "9,9": 0.0,
        "9,10": 27.026015966729943,
        "9,11": 79.96174434672892,
        "9,12": 76.71813895045224,
        "9,13": 20.74993990769763,
        "9,14": 70.55762021773461,
        "9,15": 51.73283805129977,
        "9,16": 13.046792387510797,
        "9,17": 36.681182997877436,
        "9,18": 28.69532022143995,
        "9,19": 35.61866940350515,
        "9,20": 11.685893063450896,
        "9,21": 43.11577622487147,
        "9,22": 29.605254338925118,
        "9,23": 69.51648191288427,
        "9,24": 22.46998952250436,
        "9,25": 58.47897738336459,
        "9,26": 26.274844148507636,
        "9,27": 77.22046938006974,
        "9,28": 11.545888317150393,
        "9,29": 72.76551814211666,
        "9,30": 53.11795571443524,
        "9,31": 31.192833867034246,
        "9,32": 59.475495758187186,
        "9,33": 23.033248060551177,
        "9,34": 68.75030387006261,
        "9,35": 94.14542175913657,
        "9,36": 49.14824516184376,
        "9,37": 57.47772975954207,
        "9,38": 47.88503029720512,
        "9,39": 65.72518619230786,
        "9,40": 45.25445811134455,
        "9,41": 48.933893145042866,
        "9,42": 48.787158701701486,
        "9,43": 8.880239625437085,
        "9,44": 34.14876210153217,
        "9,45": 9.303466897605627,
        "9,46": 57.0294383961371,
        "9,47": 74.13131158413344,
        "9,48": 65.51264472113596,
        "9,49": 51.54793638325964,
        "9,50": 50.575735114006,
        "9,51": 42.83368943683635,
        "9,52": 12.706986464956321,
        "9,53": 21.37585553500338,
        "9,54": 38.71626499265897,
        "9,55": 19.274748925225442,
        "9,56": 60.43907910491432,
        "9,57": 27.852605259180365,
        "9,58": 29.57226698782051,
        "9,59": 5.380291173969607,
        "9,60": 70.01860422657252,
        "10,0": 33.58506306567852,
        "10,1": 41.09069936670104,
        "10,2": 63.66278501601246,
        "10,3": 40.27987683374516,
        "10,4": 18.517503956769314,
        "10,5": 32.77836904773849,
        "10,6": 27.090541994406607,
        "10,7": 44.81126068667084,
        "10,8": 10.660852208413914,
        "10,9": 27.026015966729943,
        "10,10": 0.0,
        "10,11": 85.70912521351036,
        "10,12": 86.19367901438277,
        "10,13": 46.065970003466745,
        "10,14": 51.528490293301395,
        "10,15": 49.354306241478305,
        "10,16": 14.76385929289628,
        "10,17": 46.089412127461095,
        "10,18": 44.59445052827695,
        "10,19": 43.557651307469335,
        "10,20": 24.350144669716364,
        "10,21": 55.49214117069303,
        "10,22": 56.07171992680498,
        "10,23": 83.42228648995048,
        "10,24": 39.02190750752934,
        "10,25": 75.38162224391782,
        "10,26": 33.10708608040195,
        "10,27": 81.47121539609273,
        "10,28": 17.09031180170111,
        "10,29": 86.23571427124051,
        "10,30": 43.38181755798566,
        "10,31": 18.80773839993819,
        "10,32": 44.32513042473025,
        "10,33": 49.79410196624872,
        "10,34": 47.132692564110386,
        "10,35": 100.2599297193548,
        "10,36": 50.56175123733231,
        "10,37": 54.684802213508604,
        "10,38": 38.592617364252256,
        "10,39": 82.47915646353324,
        "10,40": 71.55982014368351,
        "10,41": 23.350045157403077,
        "10,42": 21.771776346559122,
        "10,43": 26.66856750155235,
        "10,44": 53.53500099409844,
        "10,45": 32.33480506872283,
        "10,46": 33.48450710377969,
        "10,47": 52.10034417649115,
        "10,48": 66.98100048954727,
        "10,49": 39.84994911565372,
        "10,50": 59.28545224100953,
        "10,51": 26.954266117722927,
        "10,52": 34.97173488270451,
        "10,53": 8.55958521071969,
        "10,54": 65.72845781944734,
        "10,55": 44.167811710338725,
        "10,56": 43.98714359675754,
        "10,57": 19.033003836844927,
        "10,58": 5.403622331463545,
        "10,59": 32.320357953167694,
        "10,60": 54.48398708356287,
        "11,0": 53.59385985178444,
        "11,1": 56.519320650802335,
        "11,2": 77.59255298935666,
        "11,3": 46.942998095682064,
        "11,4": 79.44161891495952,
        "11,5": 108.7442865833514,
        "11,6": 105.82153834103498,
        "11,7": 73.28582981743857,
        "11,8": 95.81651886004387,
        "11,9": 79.96174434672892,
        "11,10": 85.70912521351036,
        "11,11": 0.0,
        "11,12": 11.881680151484018,
        "11,13": 70.50071522256988,
        "11,14": 71.30637859878455,
        "11,15": 38.32921501655869,
        "11,16": 84.79677128372462,
        "11,17": 43.30518152905842,
        "11,18": 52.46017207460987,
        "11,19": 44.69040389099974,
        "11,20": 69.93175506438693,
        "11,21": 38.02961054543703,
        "11,22": 91.38548271133429,
        "11,23": 26.58660199085187,
        "11,24": 101.69548246724496,
        "11,25": 37.57463937383961,
        "11,26": 55.2109938312158,
        "11,27": 5.776159217812802,
        "11,28": 85.75487841273757,
        "11,29": 25.037397978312423,
        "11,30": 50.67437014144714,
        "11,31": 67.7195515567408,
        "11,32": 60.443083946666384,
        "11,33": 86.56829664808194,
        "11,34": 78.80966439827401,
        "11,35": 14.578631247904942,
        "11,36": 35.28441881427942,
        "11,37": 34.778698255570426,
        "11,38": 52.533725185273354,
        "11,39": 36.28725237640844,
        "11,40": 77.48850309416993,
        "11,41": 86.33969926857827,
        "11,42": 95.01756792188482,
        "11,43": 88.74686297337804,
        "11,44": 52.64665867474855,
        "11,45": 71.56972562358429,
        "11,46": 81.81671798626476,
        "11,47": 81.97005477829236,
        "11,48": 20.60148621005641,
        "11,49": 55.126459411120074,
        "11,50": 29.45463276568763,
        "11,51": 112.54075738403453,
        "11,52": 68.75365417621417,
        "11,53": 89.02256087155963,
        "11,54": 85.54394870003078,
        "11,55": 69.65462022941844,
        "11,56": 63.465776011002816,
        "11,57": 66.7180604548931,
        "11,58": 81.94014608013981,
        "11,59": 80.91227959583789,
        "11,60": 61.31270132126644,
        "12,0": 52.85422609566389,
        "12,1": 52.48856744330878,
        "12,2": 69.34890286142331,
        "12,3": 50.05168428776218,
        "12,4": 82.4375347730016,
        "12,5": 106.18771193477058,
        "12,6": 103.88629657309221,
        "12,7": 67.52527726842149,
        "12,8": 95.77153465322097,
        "12,9": 76.71813895045224,
        "12,10": 86.19367901438277,
        "12,11": 11.881680151484018,
        "12,12": 0.0,
        "12,13": 64.59083655139786,
        "12,14": 78.76620119524372,
        "12,15": 42.46292071735023,
        "12,16": 83.23703348099976,
        "12,17": 41.073093668975716,
        "12,18": 48.194934789903,
        "12,19": 43.12183807432533,
        "12,20": 67.75442884190512,
        "12,21": 33.61261840875264,
        "12,22": 84.52518520609203,
        "12,23": 15.186640265143255,
        "12,24": 97.54643310887577,
        "12,25": 27.508094687733166,
        "12,26": 53.928538041444064,
        "12,27": 16.201410971428388,
        "12,28": 83.87056110542603,
        "12,29": 13.261308056637052,
        "12,30": 55.99843575555803,
        "12,31": 69.26238234077229,
        "12,32": 66.79663108513569,
        "12,33": 80.3039893692422,
        "12,34": 85.59129366992202,
        "12,35": 19.66376165660963,
        "12,36": 37.67038975906929,
        "12,37": 40.31205998477722,
        "12,38": 56.830689697254854,
        "12,39": 25.061740334833637,
        "12,40": 68.32587360242398,
        "12,41": 89.94943120968772,
        "12,42": 97.96010695067504,
        "12,43": 85.59810288745992,
        "12,44": 46.2590766197312,
        "12,45": 67.80979451487435,
        "12,46": 86.83737933966265,
        "12,47": 89.23702543201799,
        "12,48": 27.06686073563499,
        "12,49": 60.196914667361455,
        "12,50": 27.096325778250865,
        "12,51": 112.5198886353813,
        "12,52": 64.71334383712158,
        "12,53": 88.40506418919222,
        "12,54": 77.31665597049525,
        "12,55": 64.05680951619613,
        "12,56": 69.86752031353763,
        "12,57": 67.63054753320411,
        "12,58": 83.00601259417068,
        "12,59": 76.89858136941885,
        "12,60": 69.21134630242277,
        "13,0": 30.793774168277842,
        "13,1": 16.8238081575,
        "13,2": 18.268259816431353,
        "13,3": 47.794589398890324,
        "13,4": 57.500932868671214,
        "13,5": 47.58469406003295,
        "13,6": 47.85818980123423,
        "13,7": 3.0352694783674417,
        "13,8": 49.91203355352892,
        "13,9": 20.74993990769763,
        "13,10": 46.065970003466745,
        "13,11": 70.50071522256988,
        "13,12": 64.59083655139786,
        "13,13": 0.0,
        "13,14": 80.70798045172045,
        "13,15": 52.03680906114127,
        "13,16": 33.465341700902805,
        "13,17": 30.981874578664296,
        "13,18": 19.460032440165616,
        "13,19": 31.708090205638566,
        "13,20": 22.851627871560947,
        "13,21": 32.641770308740526,
        "13,22": 21.71909260088476,
        "13,23": 54.44170009049187,
        "13,24": 34.83341911802778,
        "13,25": 41.81099276853432,
        "13,26": 28.060676756945107,
        "13,27": 69.12781385624027,
        "13,28": 32.23448463220587,
        "13,29": 57.82700497578517,
        "13,30": 58.536391497752845,
        "13,31": 43.492963607935096,
        "13,32": 67.79001194629392,
        "13,33": 16.13895232935677,
        "13,34": 81.00971190408552,
        "13,35": 83.58678066965601,
        "13,36": 46.998178162263024,
        "13,37": 57.12153390165712,
        "13,38": 53.92381450382225,
        "13,39": 48.72739056280502,
        "13,40": 25.662356786562743,
        "13,41": 65.50761544263209,
        "13,42": 67.27461711015923,
        "13,43": 27.56589125335889,
        "13,44": 18.36480460682547,
        "13,45": 13.764644261183705,
        "13,46": 71.49842665305565,
        "13,47": 86.44309716422715,
        "13,48": 60.74373104576634,
        "13,49": 58.565625142458295,
        "13,50": 41.968365390310936,
        "13,51": 63.49644389709576,
        "13,52": 11.662872617736285,
        "13,53": 41.73345816579122,
        "13,54": 22.789418935455487,
        "13,55": 2.131046939862546,
        "13,56": 69.55878382093533,
        "13,57": 39.64353875012974,
        "13,58": 47.28136226430878,
        "13,59": 17.153289393054084,
        "13,60": 77.60517415252457,
        "14,0": 50.715852452570644,
        "14,1": 66.00079486555889,
        "14,2": 98.23897061828056,
        "14,3": 36.3772884828231,
        "14,4": 33.29767239486026,
        "14,5": 84.26999345027781,
        "14,6": 78.43018522772678,
        "14,7": 81.3059912956064,
        "14,8": 60.42885623710306,
        "14,9": 70.55762021773461,
        "14,10": 51.528490293301395,
        "14,11": 71.30637859878455,
        "14,12": 78.76620119524372,
        "14,13": 80.70798045172045,
        "14,14": 0.0,
        "14,15": 39.03495516212621,
        "14,16": 63.23237552907891,
        "14,17": 57.66027172762613,
        "14,18": 66.19732243796281,
        "14,19": 55.0195663515136,
        "14,20": 60.43158956912595,
        "14,21": 65.55916123873848,
        "14,22": 98.8117469277423,
        "14,23": 85.28497496776727,
        "14,24": 89.04918875683721,
        "14,25": 85.30358325766639,
