{
    "num_robots": 2,
    "num_tasks": 60,
    "num_nodes": 61,
    "robot_capacity": [
        360,
        365
    ],
    "robot_speed": [
        1.11,
        0.96
    ],
    "task_demand": {
        "0": 0,
        "1": 15,
        "2": 12,
        "3": 15,
        "4": 9,
        "5": 14,
        "6": 5,
        "7": 14,
        "8": 6,
        "9": 6,
        "10": 12,
        "11": 12,
        "12": 5,
        "13": 12,
        "14": 7,
        "15": 12,
        "16": 6,
        "17": 15,
        "18": 5,
        "19": 6,
        "20": 13,
        "21": 15,
        "22": 9,
        "23": 5,
        "24": 6,
        "25": 13,
        "26": 12,
        "27": 9,
        "28": 15,
        "29": 5,
        "30": 12,
        "31": 12,
        "32": 5,
        "33": 14,
        "34": 14,
        "35": 15,
        "36": 10,
        "37": 10,
        "38": 6,
        "39": 13,
        "40": 11,
        "41": 12,
        "42": 5,
        "43": 9,
        "44": 5,
        "45": 9,
        "46": 10,
        "47": 11,
        "48": 5,
        "49": 15,
        "50": 7,
        "51": 6,
        "52": 5,
        "53": 7,
        "54": 13,
        "55": 14,
        "56": 5,
        "57": 10,
        "58": 11,
        "59": 7,
        "60": 6
    },
    "task_service_time": {
        "0": 0,
        "1": 78,
        "2": 60,
        "3": 25,
        "4": 67,
        "5": 93,
        "6": 54,
        "7": 91,
        "8": 28,
        "9": 40,
        "10": 78,
        "11": 68,
        "12": 41,
        "13": 29,
        "14": 12,
        "15": 88,
        "16": 85,
        "17": 15,
        "18": 86,
        "19": 20,
        "20": 88,
        "21": 60,
        "22": 19,
        "23": 70,
        "24": 15,
        "25": 36,
        "26": 51,
        "27": 96,
        "28": 90,
        "29": 48,
        "30": 34,
        "31": 51,
        "32": 15,
        "33": 44,
        "34": 73,
        "35": 71,
        "36": 57,
        "37": 18,
        "38": 25,
        "39": 56,
        "40": 51,
        "41": 90,
        "42": 75,
        "43": 20,
        "44": 12,
        "45": 85,
        "46": 91,
        "47": 92,
        "48": 25,
        "49": 34,
        "50": 88,
        "51": 57,
        "52": 54,
        "53": 89,
        "54": 62,
        "55": 63,
        "56": 14,
        "57": 32,
        "58": 41,
        "59": 11,
        "60": 29
    },
    "task_precedence": [],
    "coordinates": {
        "0": [
            50.0,
            50.0
        ],
        "1": [
            87.89316458207361,
            68.89537109786565
        ],
        "2": [
            41.600014123940035,
            51.715302617661564
        ],
        "3": [
            88.52037878662709,
            83.05327366905502
        ],
        "4": [
            83.1168732305098,
            95.65916741443472
        ],
        "5": [
            99.48647447543493,
            37.83025207303648
        ],
        "6": [
            8.524928397364228,
            19.746876457717466
        ],
        "7": [
            4.847950568084103,
            51.67380550076209
        ],
        "8": [
            82.33413104883533,
            59.28615262184056
        ],
        "9": [
            51.87754877580488,
            90.98211119907202
        ],
        "10": [
            98.64695975100972,
            91.05319063767658
        ],
        "11": [
            51.65661140987331,
            46.75120729690623
        ],
        "12": [
            61.646473558001716,
            12.393134140843987
        ],
        "13": [
            89.0605186592034,
            95.58160654781159
        ],
        "14": [
            77.94919633729324,
            36.14971493454263
        ],
        "15": [
            83.26284658133221,
            36.895036002089995
        ],
        "16": [
            75.59185641083917,
            59.991224589519796
        ],
        "17": [
            72.22408040514695,
            94.52443827575433
        ],
        "18": [
            5.784828614796456,
            14.919250146434848
        ],
        "19": [
            75.40491949105383,
            39.441062415577974
        ],
        "20": [
            75.57408873242825,
            76.31578112405883
        ],
        "21": [
            46.13163749470971,
            28.614398973884303
        ],
        "22": [
            67.36898334667556,
            84.77781299697396
        ],
        "23": [
            56.26817519443069,
            70.75939350798801
        ],
        "24": [
            0.6144876914224384,
            3.8328168625682224
        ],
        "25": [
            64.66033799929822,
            77.44380490412459
        ],
        "26": [
            84.05791193181375,
            1.2651044250630572
        ],
        "27": [
            32.55353673410818,
            94.000758701972
        ],
        "28": [
            35.03177073374631,
            90.87622204335815
        ],
        "29": [
            17.34760627688282,
            1.1045939677289174
        ],
        "30": [
            36.288763608877,
            38.81321629562141
        ],
        "31": [
            63.836435903794545,
            89.37802209898665
        ],
        "32": [
            1.6456898305221013,
            48.74520193199772
        ],
        "33": [
            22.24099136515979,
            62.695936744721
        ],
        "34": [
            92.13761999812832,
            8.791789388307524
        ],
        "35": [
            37.189607680431436,
            43.94671953141809
        ],
        "36": [
            70.03262236961538,
            32.83962472487877
        ],
        "37": [
            37.90901322634576,
            54.41294824231724
        ],
        "38": [
            85.5524521945961,
            97.82807285142586
        ],
        "39": [
            18.81820294661739,
            20.350249371687003
        ],
        "40": [
            60.545124771069894,
            48.746061917516094
        ],
        "41": [
            18.95163289403561,
            24.533471949530426
        ],
        "42": [
            97.51679202648516,
            44.50657198663944
        ],
        "43": [
            76.02163697823465,
            53.51337933272393
        ],
        "44": [
            74.1814470929355,
            95.90963474324786
        ],
        "45": [
            62.53834906118354,
            98.75089744079462
        ],
        "46": [
            1.430320249549455,
            94.4073405520417
        ],
        "47": [
            72.47133695940352,
            23.85317595180344
        ],
        "48": [
            36.267700200119634,
            14.81032660106526
        ],
        "49": [
            35.77341994203365,
            68.30323790982946
        ],
        "50": [
            67.72935316166884,
            91.3221057303765
        ],
        "51": [
            64.34598305293575,
            28.70315723058019
        ],
        "52": [
            86.00904287399868,
            43.62279362486474
        ],
        "53": [
            81.91749378561603,
            23.895765668432468
        ],
        "54": [
            25.585999659871796,
            37.41676535438477
        ],
        "55": [
            2.7447062935350264,
            44.814744800211216
        ],
        "56": [
            76.54781601367559,
            49.29413535217415
        ],
        "57": [
            32.93890017462223,
            1.900535538216297
        ],
        "58": [
            68.62763824162859,
            42.22231047145299
        ],
        "59": [
            84.08305333823937,
            98.15213892111805
        ],
        "60": [
            8.409140607425748,
            96.11401080482209
        ]
    },
    "distance_matrix_str_keys": {
        "0,0": 0.0,
        "0,1": 42.34296837693567,
        "0,2": 8.573332245291997,
        "0,3": 50.75764456815028,
        "0,4": 56.404670564989864,
        "0,5": 50.960905806448395,
        "0,6": 51.336468991433115,
        "0,7": 45.18306311834733,
        "0,8": 33.641175086482534,
        "0,9": 41.025097534785104,
        "0,10": 63.65446688606994,
        "0,11": 3.6467815112778212,
        "0,12": 39.36898152207887,
        "0,13": 60.028384730937724,
        "0,14": 31.192755125108743,
        "0,15": 35.7513222703687,
        "0,16": 27.473035568557673,
        "0,17": 49.76279085447172,
        "0,18": 56.44147757555018,
        "0,19": 27.511835585046793,
        "0,20": 36.69542683582635,
        "0,21": 21.732651925628787,
        "0,22": 38.87387116495583,
        "0,23": 21.685074108417773,
        "0,24": 67.604272237972,
        "0,25": 31.114111555198235,
        "0,26": 59.45613014530284,
        "0,27": 47.33334814733982,
        "0,28": 43.5306032109027,
        "0,29": 58.79574429250908,
        "0,30": 17.695822473731084,
        "0,31": 41.73817896061225,
        "0,32": 48.37058848264652,
        "0,33": 30.524569943163662,
        "0,34": 58.93806614510072,
        "0,35": 14.168569293071776,
        "0,36": 26.37772618302432,
        "0,37": 12.871133335881986,
        "0,38": 59.59447465772595,
        "0,39": 43.02803946032735,
        "0,40": 10.619416987393201,
        "0,41": 40.15650820093905,
        "0,42": 47.83328627458308,
        "0,43": 26.25774981529531,
        "0,44": 51.888697668826396,
        "0,45": 50.33746317071369,
        "0,46": 65.81052868626975,
        "0,47": 34.476330903250194,
        "0,48": 37.774186579163946,
        "0,49": 23.18197787354531,
        "0,50": 44.96494618615252,
        "0,51": 25.678059539235214,
        "0,52": 36.5693851445788,
        "0,53": 41.23296568999405,
        "0,54": 27.466000923949437,
        "0,55": 47.53892778314636,
        "0,56": 26.557198270845895,
        "0,57": 51.0356699648579,
        "0,58": 20.18616756255267,
        "0,59": 58.993923479761214,
        "0,60": 62.099127027037426,
        "1,0": 42.34296837693567,
        "1,1": 0.0,
        "1,2": 49.378239461567425,
        "1,3": 14.171788979295599,
        "1,4": 27.18664658154476,
        "1,5": 33.15790183817897,
        "1,6": 93.35358290105681,
        "1,7": 84.81208576756416,
        "1,8": 11.10134827593701,
        "1,9": 42.24865288033444,
        "1,10": 24.62951638368607,
        "1,11": 42.467066960709936,
        "1,12": 62.30081517011251,
        "1,13": 26.711755427738982,
        "1,14": 34.22222234191951,
        "1,15": 32.33359384649224,
        "1,16": 15.185717229217948,
        "1,17": 30.03946210158139,
        "1,18": 98.26087964331862,
        "1,19": 31.99238292789186,
        "1,20": 14.381311301343274,
        "1,21": 58.02225314413075,
        "1,22": 25.951762484694882,
        "1,23": 31.679875841201866,
        "1,24": 108.86093607627902,
        "1,25": 24.75560444758531,
        "1,26": 67.73892627674074,
        "1,27": 60.76804174155794,
        "1,28": 57.24932111279516,
        "1,29": 97.83795408990798,
        "1,30": 59.73232154661864,
        "1,31": 31.5953348887784,
        "1,32": 88.57006389538516,
        "1,33": 65.94422517857501,
        "1,34": 60.25326494138228,
        "1,35": 56.50916649059754,
        "1,36": 40.23699559654223,
        "1,37": 52.03994579665913,
        "1,38": 29.02723144292884,
        "1,39": 84.42736030665208,
        "1,40": 33.969249946820476,
        "1,41": 81.98117398244436,
        "1,42": 26.21884298127168,
        "1,43": 19.43035867686436,
        "1,44": 30.294911071071905,
        "1,45": 39.169109299442766,
        "1,46": 90.14812275084333,
        "1,47": 47.60915994637272,
        "1,48": 74.76884786375457,
        "1,49": 52.1231081484532,
        "1,50": 30.158543023075694,
        "1,51": 46.582011694642226,
        "1,52": 25.342712694967606,
        "1,53": 45.39463768191468,
        "1,54": 69.80748828167336,
        "1,55": 88.4880585830782,
        "1,56": 22.6478559006504,
        "1,57": 86.65032699435434,
        "1,58": 32.903079922017426,
        "1,59": 29.503820280670254,
        "1,60": 84.01526298655205,
        "2,0": 8.573332245291997,
        "2,1": 49.378239461567425,
        "2,2": 0.0,
        "2,3": 56.423302364337964,
        "2,4": 60.45422105487626,
        "2,5": 59.52845471412797,
        "2,6": 45.99936485392094,
        "2,7": 36.752086983250145,
        "2,8": 41.43170345806239,
        "2,9": 40.58953035807895,
        "2,10": 69.29519059251577,
        "2,11": 11.215051998318396,
        "2,12": 44.13721184624949,
        "2,13": 64.62779673819965,
        "2,14": 39.54175726368793,
        "2,15": 44.220265839650445,
        "2,16": 34.9847999357108,
        "2,17": 52.63511690296455,
        "2,18": 51.34858314033249,
        "2,19": 35.96426837039736,
        "2,20": 41.945456109653136,
        "2,21": 23.541184327335518,
        "2,22": 41.91860407246919,
        "2,23": 24.03814358532855,
        "2,24": 63.02813513850236,
        "2,25": 34.55046117117611,
        "2,26": 65.93857432441436,
        "2,27": 43.242323589544604,
        "2,28": 39.707926557536645,
        "2,29": 56.12150315546056,
        "2,30": 13.95253430367161,
        "2,31": 43.73715688405651,
        "2,32": 40.064566986635306,
        "2,33": 22.256371851838608,
        "2,34": 66.30593936779209,
        "2,35": 8.93322831706491,
        "2,36": 34.127766225818746,
        "2,37": 4.571737037742398,
        "2,38": 63.70403747790869,
        "2,39": 38.76567406407378,
        "2,40": 19.17638150870475,
        "2,41": 35.38080116116708,
        "2,42": 56.379533949059876,
        "2,43": 34.468553781621694,
        "2,44": 54.90618149479869,
        "2,45": 51.48554214835591,
        "2,46": 58.61923241524752,
        "2,47": 41.58529398664546,
        "2,48": 37.28821297096064,
        "2,49": 17.58149018194347,
        "2,50": 47.44935417219021,
        "2,51": 32.356420349522736,
        "2,52": 45.14034266952382,
        "2,53": 48.98393412476361,
        "2,54": 21.468507799209096,
        "2,55": 39.46330757536053,
        "2,56": 35.031570159667005,
        "2,57": 50.56209958083675,
        "2,58": 28.64628013084836,
        "2,59": 62.93797253453363,
        "2,60": 55.43355818886142,
        "3,0": 50.75764456815028,
        "3,1": 14.171788979295599,
        "3,2": 56.423302364337964,
        "3,3": 0.0,
        "3,4": 13.715189733094967,
        "3,5": 46.533610830560406,
        "3,6": 102.0145676404143,
        "3,7": 89.3630027836584,
        "3,8": 24.559024898115933,
        "3,9": 37.4908449595287,
        "3,10": 12.905282388736627,
        "3,11": 51.73758177664774,
        "3,12": 75.59802973876627,
        "3,13": 12.53997112448349,
        "3,14": 48.08007612659278,
        "3,15": 46.45669542067905,
        "3,16": 26.43869888190681,
        "3,17": 19.928797213385042,
        "3,18": 107.17936566156968,
        "3,19": 45.54163197505935,
        "3,20": 14.59452746618838,
        "3,21": 68.99562642943103,
        "3,22": 21.221582527011066,
        "3,23": 34.515853255673164,
        "3,24": 118.33565171101404,
        "3,25": 24.510562747471294,
        "3,26": 81.90981771872148,
        "3,27": 57.02749194798541,
        "3,28": 54.057651749791304,
        "3,29": 108.54100447072686,
        "3,30": 68.44942878126355,
        "3,31": 25.481355516237006,
        "3,32": 93.40372245009863,
        "3,33": 69.33526060826347,
        "3,34": 74.34952912804418,
        "3,35": 64.53038539228307,
        "3,36": 53.50894950962624,
        "3,37": 58.15306152238138,
        "3,38": 15.069946222036453,
        "3,39": 93.75533357024526,
        "3,40": 44.26736512827344,
        "3,41": 90.9086222443198,
        "3,42": 39.58261817736964,
        "3,43": 32.07528494330896,
        "3,44": 19.25853011489647,
        "3,45": 30.355909815601255,
        "3,46": 87.827063771795,
        "3,47": 61.336965308891074,
        "3,48": 85.9502312038153,
        "3,49": 54.77047765221394,
        "3,50": 22.374993412200347,
        "3,51": 59.483918549175,
        "3,52": 39.5103728732259,
        "3,53": 59.52485903536687,
        "3,54": 77.73948139282342,
        "3,55": 93.912997405554,
        "3,56": 35.81929199817548,
        "3,57": 98.36192185408558,
        "3,58": 45.419034358235294,
        "3,59": 15.73739460758565,
        "3,60": 81.16891854111604,
        "4,0": 56.404670564989864,
        "4,1": 27.18664658154476,
        "4,2": 60.45422105487626,
        "4,3": 13.715189733094967,
        "4,4": 0.0,
        "4,5": 60.101142206121665,
        "4,6": 106.42666090923048,
        "4,7": 89.7816034464385,
        "4,8": 36.38143606875966,
        "4,9": 31.58750144009474,
        "4,10": 16.198722462041527,
        "4,11": 58.152701026528035,
        "4,12": 85.98959448221602,
        "4,13": 5.94415146762443,
        "4,14": 59.73340622239133,
        "4,15": 58.76431271500136,
        "4,16": 36.45309346952225,
        "4,17": 10.951737111273564,
        "4,18": 111.7997288229723,
        "4,19": 56.74459939185394,
        "4,20": 20.761989094573796,
        "4,21": 76.56963260771028,
        "4,22": 19.14157542502083,
        "4,23": 36.61763682741859,
        "4,24": 123.44521973456276,
        "4,25": 25.931508327186943,
        "4,26": 94.3987536012993,
        "4,27": 50.59052596194185,
        "4,28": 48.32239282720747,
        "4,29": 115.17883414632192,
        "4,30": 73.65007813531612,
        "4,31": 20.2777723131307,
        "4,32": 94.0131580252558,
        "4,33": 69.22750587063501,
        "4,34": 87.33450198735656,
        "4,35": 69.16278614226819,
        "4,36": 64.16769096917668,
        "4,37": 61.19641494524369,
        "4,38": 3.261318090114706,
        "4,39": 99.0239977835979,
        "4,40": 52.06076541774279,
        "4,41": 95.79166259546705,
        "4,42": 53.14080993295442,
        "4,43": 42.73885621427034,
        "4,44": 8.938935850695467,
        "4,45": 20.80947984797891,
        "4,46": 81.69614439130314,
        "4,47": 72.59082485018969,
        "4,48": 93.44185397613316,
        "4,49": 54.67860137511799,
        "4,50": 15.987053447096155,
        "4,51": 69.53742602224342,
        "4,52": 52.116684875522964,
        "4,53": 71.77342364142143,
        "4,54": 81.86561434158571,
        "4,55": 95.10436650921292,
        "4,56": 46.82807609599707,
        "4,57": 106.34147841410527,
        "4,58": 55.36637617279746,
        "4,59": 2.673651236363354,
        "4,60": 74.70911722267903,
        "5,0": 50.960905806448395,
        "5,1": 33.15790183817897,
        "5,2": 59.52845471412797,
        "5,3": 46.533610830560406,
        "5,4": 60.101142206121665,
        "5,5": 0.0,
        "5,6": 92.74163756672456,
        "5,7": 95.64566994312136,
        "5,8": 27.469229209866544,
        "5,9": 71.35635875538229,
        "5,10": 53.22955921692364,
        "5,11": 48.65469394597673,
        "5,12": 45.595094452447576,
        "5,13": 58.684917128280404,
        "5,14": 21.60274414683313,
        "5,15": 16.250560948646186,
        "5,16": 32.58928467041329,
        "5,17": 62.90841660407704,
        "5,18": 96.46197409483828,
        "5,19": 24.135368247147355,
        "5,20": 45.30936038236949,
        "5,21": 54.14490352364585,
        "5,22": 56.88239370062373,
        "5,23": 54.333688889909666,
        "5,24": 104.55379176054748,
        "5,25": 52.74555289079743,
        "5,26": 39.68690671595012,
        "5,27": 87.37931087869492,
        "5,28": 83.47624670839673,
        "5,29": 89.97537236492582,
        "5,30": 63.20535481615412,
        "5,31": 62.67453904742893,
        "5,32": 98.447728619587,
        "5,33": 81.14904149237654,
        "5,34": 29.953930914339537,
        "5,35": 62.59641193106718,
        "5,36": 29.87366340440473,
        "5,37": 63.77122819991596,
        "5,38": 61.59460589271308,
        "5,39": 82.54041752914884,
        "5,40": 40.442349355081845,
        "5,41": 81.62514974071381,
        "5,42": 6.960811485629544,
        "5,43": 28.22337824239982,
        "5,44": 63.35265663081459,
        "5,45": 71.24948423428341,
        "5,46": 113.20766900847232,
        "5,47": 30.416711063309112,
        "5,48": 67.27949457010195,
        "5,49": 70.62546413146997,
        "5,50": 62.208465355090844,
        "5,51": 36.30644567673804,
        "5,52": 14.66951601795538,
        "5,53": 22.42407174978094,
        "5,54": 73.90163157354635,
        "5,55": 96.9935711767353,
        "5,56": 25.64376477553434,
        "5,57": 75.62753582918538,
        "5,58": 31.169824360749615,
        "5,59": 62.25749284738793,
        "5,60": 108.12990925923229,
        "6,0": 51.336468991433115,
        "6,1": 93.35358290105681,
        "6,2": 45.99936485392094,
        "6,3": 102.0145676404143,
        "6,4": 106.42666090923048,
        "6,5": 92.74163756672456,
        "6,6": 0.0,
        "6,7": 32.13796764073024,
        "6,8": 83.73262658981099,
        "6,9": 83.39009750763621,
        "6,10": 114.91984588067676,
        "6,11": 50.887876390786104,
        "6,12": 53.62812775322875,
        "6,13": 110.62046640048247,
        "6,14": 71.33569996216393,
        "6,15": 76.67995690030575,
        "6,16": 78.2149626971613,
        "6,17": 98.23067605366938,
        "6,18": 5.551046984111751,
        "6,19": 69.71939593280187,
        "6,20": 87.72474495139178,
        "6,21": 38.63803210189532,
        "6,22": 87.70202682977389,
        "6,23": 69.86912415745412,
        "6,24": 17.771673105258902,
        "6,25": 80.49919107249916,
        "6,26": 77.76122104932786,
        "6,27": 78.04494248152317,
        "6,28": 75.90781576417095,
        "6,29": 20.624605242338102,
        "6,30": 33.680199828185096,
        "6,31": 88.92614523271284,
        "6,32": 29.803134123306886,
        "6,33": 45.086052864197335,
        "6,34": 84.327315440626,
        "6,35": 37.51394731553637,
        "6,36": 62.885741428175564,
        "6,37": 45.44404223010765,
        "6,38": 109.68095847778676,
        "6,39": 10.310943692000988,
        "6,40": 59.55714556701569,
        "6,41": 11.472909964919594,
        "6,42": 92.37204292895646,
        "6,43": 75.47173236158534,
        "6,44": 100.55617433495583,
        "6,45": 95.7031083262252,
        "6,46": 74.99678902160358,
        "6,47": 64.07811532433193,
        "6,48": 28.178554111007426,
        "6,49": 55.67944440211369,
        "6,50": 92.88798284550006,
        "6,51": 56.53499012242466,
        "6,52": 81.07926625716757,
        "6,53": 73.50974041548237,
        "6,54": 24.56227038050286,
        "6,55": 25.725648501178664,
        "6,56": 74.16302143142076,
        "6,57": 30.2412615834031,
        "6,58": 64.16759980496086,
        "6,59": 108.88716832820859,
        "6,60": 76.36722212573288,
        "7,0": 45.18306311834733,
        "7,1": 84.81208576756416,
        "7,2": 36.752086983250145,
        "7,3": 89.3630027836584,
        "7,4": 89.7816034464385,
        "7,5": 95.64566994312136,
        "7,6": 32.13796764073024,
        "7,7": 0.0,
        "7,8": 77.85920622628608,
        "7,9": 61.2937680718965,
        "7,10": 101.72998622559626,
        "7,11": 47.066789808507814,
        "7,12": 69.05826059438574,
        "7,13": 94.97184644561084,
        "7,14": 74.73144934308783,
        "7,15": 79.79541305528404,
        "7,16": 71.23117066415956,
        "7,17": 79.84810330269586,
        "7,18": 36.76649398254771,
        "7,19": 71.6095375420414,
        "7,20": 74.89601846734611,
        "7,21": 47.28719737547841,
        "7,22": 70.74429201010467,
        "7,23": 54.84796413911373,
        "7,24": 48.02793355754407,
        "7,25": 65.12767890437186,
        "7,26": 93.88959006930814,
        "7,27": 50.58824440618985,
        "7,28": 49.47618075975799,
        "7,29": 52.09113694200924,
        "7,30": 33.96939032966994,
        "7,31": 70.008923370433,
        "7,32": 4.3394922161827365,
        "7,33": 20.591387649398335,
        "7,34": 97.25406775593095,
        "7,35": 33.25192689680223,
        "7,36": 67.85107076068881,
        "7,37": 33.17433898440356,
        "7,38": 92.97006495351192,
        "7,39": 34.29771304462198,
        "7,40": 55.77407011046427,
        "7,41": 30.58613346638421,
        "7,42": 92.94559383579318,
        "7,43": 71.19745549592126,
        "7,44": 82.24319016874249,
        "7,45": 74.46096066948697,
        "7,46": 42.86998034724427,
        "7,47": 73.12256707426289,
        "7,48": 48.43672928190126,
        "7,49": 35.11299870769843,
        "7,50": 74.33746365887208,
        "7,51": 63.778260806648476,
        "7,52": 81.55943658777338,
        "7,53": 81.92273181898608,
        "7,54": 25.166046051551504,
        "7,55": 7.1742839483996566,
        "7,56": 71.73934439993165,
        "7,57": 57.15312635859502,
        "7,58": 64.47619186974319,
        "7,59": 91.86096553232414,
        "7,60": 44.582663917304316,
        "8,0": 33.641175086482534,
        "8,1": 11.10134827593701,
        "8,2": 41.43170345806239,
        "8,3": 24.559024898115933,
        "8,4": 36.38143606875966,
        "8,5": 27.469229209866544,
        "8,6": 83.73262658981099,
        "8,7": 77.85920622628608,
        "8,8": 0.0,
        "8,9": 43.9572200427125,
        "8,10": 35.71068585964228,
        "8,11": 33.13962983344856,
        "8,12": 51.25362772250497,
        "8,13": 36.91346998017389,
        "8,14": 23.548299328883743,
        "8,15": 22.410368493614083,
        "8,16": 6.779040770918356,
        "8,17": 36.65992225639287,
        "8,18": 88.47721592817052,
        "8,19": 21.020028023463524,
        "8,20": 18.322292952662323,
        "8,21": 47.44867765678434,
        "8,22": 29.55977663022176,
        "8,23": 28.4792786256137,
        "8,24": 98.75815185235773,
        "8,25": 25.338967957716843,
        "8,26": 58.0466489505234,
        "8,27": 60.689467336813436,
        "8,28": 56.88097904778723,
        "8,29": 87.2258113711614,
        "8,30": 50.39163605697079,
        "8,31": 35.3225895753477,
        "8,32": 81.3740510708843,
        "8,33": 60.189800338648645,
        "8,34": 51.43723470346051,
        "8,35": 47.679410626557804,
        "8,36": 29.16754966721925,
        "8,37": 44.69160116248561,
        "8,38": 38.67605468479131,
        "8,39": 74.50018580239541,
        "8,40": 24.204427417889658,
        "8,41": 72.2847832275559,
        "8,42": 21.188421321907462,
        "8,43": 8.554092169184708,
        "8,44": 37.51993734512129,
        "8,45": 44.151320117611434,
        "8,46": 88.19821111267026,
        "8,47": 36.78002913198855,
        "8,48": 64.0329224022282,
        "8,49": 47.425812021112634,
        "8,50": 35.207979616924646,
        "8,51": 35.48088323906607,
        "8,52": 16.088685216352165,
        "8,53": 35.39283932268024,
        "8,54": 60.816284953892286,
        "8,55": 80.89436431062131,
        "8,56": 11.546508164957379,
        "8,57": 75.71656279299242,
        "8,58": 21.887043062217277,
        "8,59": 38.905316091634575,
        "8,60": 82.59052821061444,
        "9,0": 41.025097534785104,
        "9,1": 42.24865288033444,
        "9,2": 40.58953035807895,
        "9,3": 37.4908449595287,
        "9,4": 31.58750144009474,
        "9,5": 71.35635875538229,
        "9,6": 83.39009750763621,
        "9,7": 61.2937680718965,
        "9,8": 43.9572200427125,
        "9,9": 0.0,
        "9,10": 46.76946498789785,
        "9,11": 44.231455699787794,
        "9,12": 79.19380787952372,
        "9,13": 37.466366341197244,
        "9,14": 60.71509274209205,
        "9,15": 62.53357995273921,
        "9,16": 39.023114169107124,
        "9,17": 20.65258895301056,
        "9,18": 88.93872994007629,
        "9,19": 56.65701088546118,
        "9,20": 27.86803265006492,
        "9,21": 62.6318371489616,
        "9,22": 16.687655954151396,
        "9,23": 20.693861678314594,
        "9,24": 101.10836234007402,
        "9,25": 18.619490800450766,
        "9,26": 95.31378220037323,
        "9,27": 19.558365834966978,
        "9,28": 16.846110837685963,
        "9,29": 96.28231941872423,
        "9,30": 54.44817552891838,
        "9,31": 12.065988694715802,
        "9,32": 65.6292324923418,
        "9,33": 40.96868560762528,
        "9,34": 91.52115784988511,
        "9,35": 49.275386177591436,
        "9,36": 60.911045226612394,
        "9,37": 39.14618327186175,
        "9,38": 34.363735408282025,
        "9,39": 77.98576954712075,
        "9,40": 43.11624673539796,
        "9,41": 74.15886726999723,
        "9,42": 65.13767166226565,
        "9,43": 44.57401555613985,
        "9,44": 22.841724287349876,
        "9,45": 13.191160009427067,
        "9,46": 50.563376688080126,
        "9,47": 70.2167932846759,
        "9,48": 77.75479497369255,
        "9,49": 27.815000614133044,
        "9,50": 15.855450121930085,
        "9,51": 63.514801115430224,
        "9,52": 58.37691196414603,
        "9,53": 73.50493896908452,
        "9,54": 59.66985696628136,
        "9,55": 67.42004101596352,
        "9,56": 48.440782567992194,
        "9,57": 91.07249602959085,
        "9,58": 51.556606406068035,
        "9,59": 32.99399675177133,
        "9,60": 43.77029703184921,
        "10,0": 63.65446688606994,
        "10,1": 24.62951638368607,
        "10,2": 69.29519059251577,
        "10,3": 12.905282388736627,
        "10,4": 16.198722462041527,
        "10,5": 53.22955921692364,
        "10,6": 114.91984588067676,
        "10,7": 101.72998622559626,
        "10,8": 35.71068585964228,
        "10,9": 46.76946498789785,
        "10,10": 0.0,
        "10,11": 64.58141036821071,
        "10,12": 86.92778880544398,
        "10,13": 10.602188616594061,
        "10,14": 58.675284870333606,
        "10,15": 56.30076954669051,
        "10,16": 38.68311679276617,
        "10,17": 26.64991769388569,
        "10,18": 120.08227302097178,
        "10,19": 56.603924025280776,
        "10,20": 27.37788553216204,
        "10,21": 81.58714222300898,
        "10,22": 31.901287943961048,
        "10,23": 46.98722786496238,
        "10,24": 131.21645925562603,
        "10,25": 36.6101876277426,
        "10,26": 90.96560197126442,
        "10,27": 66.15911670801496,
        "10,28": 63.615435167776106,
        "10,29": 121.24493770134879,
        "10,30": 81.34838379070158,
        "10,31": 34.8508071664137,
        "10,32": 105.82633072400812,
        "10,33": 81.49850215389877,
        "10,34": 82.51854118637908,
        "10,35": 77.43400895996396,
        "10,36": 64.86601236441096,
        "10,37": 70.93381077330913,
        "10,38": 14.743308894381535,
        "10,39": 106.63740580395223,
        "10,40": 56.9354280688465,
        "10,41": 103.80856466202603,
        "10,42": 46.56033705774299,
        "10,43": 43.83084146333156,
        "10,44": 24.942861884172952,
        "10,45": 36.920000758074195,
        "10,46": 97.27448441192027,
        "10,47": 72.11799499646409,
        "10,48": 98.50962561406125,
        "10,49": 66.86286231706042,
        "10,50": 30.918776051783425,
        "10,51": 71.16237537004965,
        "10,52": 49.08522694032483,
        "10,53": 69.20978803599183,
        "10,54": 90.63536840885568,
        "10,55": 106.46706576066579,
        "10,56": 47.2460670560101,
        "10,57": 110.75082394536578,
        "10,58": 57.32028019550917,
        "10,59": 16.201926944993613,
        "10,60": 90.37962106888011,
        "11,0": 3.6467815112778212,
        "11,1": 42.467066960709936,
        "11,2": 11.215051998318396,
        "11,3": 51.73758177664774,
        "11,4": 58.152701026528035,
        "11,5": 48.65469394597673,
        "11,6": 50.887876390786104,
        "11,7": 47.066789808507814,
        "11,8": 33.13962983344856,
        "11,9": 44.231455699787794,
        "11,10": 64.58141036821071,
        "11,11": 0.0,
        "11,12": 35.780924201813654,
        "11,13": 61.50983798157256,
        "11,14": 28.349456123087155,
        "11,15": 33.10737401707247,
        "11,16": 27.35313530776623,
        "11,17": 52.01252136774293,
        "11,18": 55.834522947976865,
        "11,19": 24.847944681696994,
        "11,20": 38.02774969750494,
        "11,21": 18.959671751095158,
        "11,22": 41.14488270670892,
        "11,23": 24.44707601503743,
        "11,24": 66.68797966023503,
        "11,25": 33.333653461496574,
        "11,26": 55.8464844907985,
        "11,27": 50.965160355362485,
        "11,28": 47.152966543805135,
        "11,29": 57.10272446774318,
        "11,30": 17.296891257421546,
        "11,31": 44.33275837203891,
        "11,32": 50.0506572566314,
        "11,33": 33.45912580715407,
        "11,34": 55.494409306542046,
        "11,35": 14.736327511780459,
        "11,36": 23.047991419013048,
        "11,37": 15.738447513345063,
        "11,38": 61.30068692419157,
        "11,39": 42.13515930631844,
        "11,40": 9.109616607165133,
        "11,41": 39.53787277645874,
        "11,42": 45.91507980897298,
        "11,43": 25.285992991949062,
        "11,44": 54.07327631599723,
        "11,45": 53.12607635965925,
        "11,46": 69.2371819223808,
        "11,47": 30.944670610358347,
        "11,48": 35.454738016908664,
        "11,49": 26.772482043031324,
        "11,50": 47.380354732596025,
        "11,51": 22.062462779399056,
        "11,52": 34.494586815917174,
        "11,53": 37.92218630552711,
        "11,54": 27.691309167275218,
        "11,55": 48.95022317733378,
        "11,56": 25.020762372929738,
        "11,57": 48.599747644324154,
        "11,58": 17.564926933516066,
        "11,59": 60.77441820347271,
        "11,60": 65.62796736887151,
        "12,0": 39.36898152207887,
        "12,1": 62.30081517011251,
        "12,2": 44.13721184624949,
        "12,3": 75.59802973876627,
        "12,4": 85.98959448221602,
        "12,5": 45.595094452447576,
        "12,6": 53.62812775322875,
        "12,7": 69.05826059438574,
        "12,8": 51.25362772250497,
        "12,9": 79.19380787952372,
        "12,10": 86.92778880544398,
        "12,11": 35.780924201813654,
        "12,12": 0.0,
        "12,13": 87.5891078286309,
        "12,14": 28.812391449269914,
        "12,15": 32.674313726563575,
        "12,16": 49.59891044440932,
        "12,17": 82.80964246700933,
        "12,18": 55.91873244123504,
        "12,19": 30.34609132075946,
        "12,20": 65.42234527886953,
        "12,21": 22.446370995206703,
        "12,22": 72.61052851609426,
        "12,23": 58.61353364028071,
        "12,24": 61.62939502155671,
        "12,25": 65.12045105512739,
        "12,26": 25.022102536327317,
        "12,27": 86.63834808875967,
        "12,28": 82.873020296941,
        "12,29": 45.714557655414524,
        "12,30": 36.620133737182435,
        "12,31": 77.01603020802727,
        "12,32": 70.15388001104728,
        "12,33": 63.8996398789148,
        "12,34": 30.70308934390588,
        "12,35": 39.922011967756745,
        "12,36": 22.09946762013855,
        "12,37": 48.26107955816271,
        "12,38": 88.71654054940481,
        "12,39": 43.561180497765214,
        "12,40": 36.369607189058485,
        "12,41": 44.38735429635872,
        "12,42": 48.1451205970677,
        "12,43": 43.56053130987648,
        "12,44": 84.45194748727123,
        "12,45": 86.36236868036607,
        "12,46": 101.74632756284412,
        "12,47": 15.764207115105629,
        "12,48": 25.493625802158782,
        "12,49": 61.6064493934968,
        "12,50": 79.16302154701992,
        "12,51": 16.531914731844193,
        "12,52": 39.608413439124824,
        "12,53": 23.30718329459442,
        "12,54": 43.89236718233595,
        "12,55": 67.23525135392144,
        "12,56": 39.79615430390051,
        "12,57": 30.565002780925486,
        "12,58": 30.635215372222923,
        "12,59": 88.64540040598858,
        "12,60": 99.21390431323381,
        "13,0": 60.028384730937724,
        "13,1": 26.711755427738982,
        "13,2": 64.62779673819965,
        "13,3": 12.53997112448349,
        "13,4": 5.94415146762443,
        "13,5": 58.684917128280404,
        "13,6": 110.62046640048247,
        "13,7": 94.97184644561084,
        "13,8": 36.91346998017389,
        "13,9": 37.466366341197244,
        "13,10": 10.602188616594061,
        "13,11": 61.50983798157256,
        "13,12": 87.5891078286309,
        "13,13": 0.0,
        "13,14": 60.461650857983756,
        "13,15": 58.97225249166327,
        "13,16": 38.05364832309267,
        "13,17": 16.86959566314794,
        "13,18": 115.93643211948029,
        "13,19": 57.777470385128815,
        "13,20": 23.51713888695507,
        "13,21": 79.54555756473572,
        "13,22": 24.23313143825541,
        "13,23": 41.127606909544454,
        "13,24": 127.43838041446025,
        "13,25": 30.403102879504672,
        "13,26": 94.4490796500387,
        "13,27": 56.529090618855115,
        "13,28": 54.23325774584571,
        "13,29": 118.61133043858621,
        "13,30": 77.50811740015759,
        "13,31": 25.975735039944816,
        "13,32": 99.17157403451797,
        "13,33": 74.47359603374436,
        "13,34": 86.84434878119681,
        "13,35": 73.18984193836879,
        "13,36": 65.56384003607896,
        "13,37": 65.66075642819091,
        "13,38": 4.165710164350934,
        "13,39": 102.92589576597446,
        "13,40": 54.83334687406745,
        "13,41": 99.81529588759842,
        "13,42": 51.770336242747426,
        "13,43": 44.04257231941096,
        "13,44": 14.882687027923518,
        "13,45": 26.710857061323846,
        "13,46": 87.63806578162333,
        "13,47": 73.62179504219748,
        "13,48": 96.49394460322078,
        "13,49": 59.86338016887319,
        "13,50": 21.7522865165237,
        "13,51": 71.29891481159416,
        "13,52": 52.04834046181952,
        "13,53": 72.0408397155971,
        "13,54": 86.09392146518283,
        "13,55": 100.13837284500502,
        "13,56": 47.94890736171539,
        "13,57": 109.2052156576494,
        "13,58": 57.137702788293915,
        "13,59": 5.602035139448529,
        "13,60": 80.65313531378456,
        "14,0": 31.192755125108743,
        "14,1": 34.22222234191951,
        "14,2": 39.54175726368793,
        "14,3": 48.08007612659278,
        "14,4": 59.73340622239133,
        "14,5": 21.60274414683313,
        "14,6": 71.33569996216393,
        "14,7": 74.73144934308783,
        "14,8": 23.548299328883743,
        "14,9": 60.71509274209205,
        "14,10": 58.675284870333606,
        "14,11": 28.349456123087155,
        "14,12": 28.812391449269914,
        "14,13": 60.461650857983756,
        "14,14": 0.0,
        "14,15": 5.365667005108063,
        "14,16": 23.957767720662623,
        "14,17": 58.65479756677643,
        "14,18": 75.22252723690438,
        "14,19": 4.160085685563181,
        "14,20": 40.236227572615256,
        "14,21": 32.697676329186116,
        "14,22": 49.765779689423866,
        "14,23": 40.83988894150494,
        "14,24": 83.8155060972378,
        "14,25": 43.37966830605358,
