{
    "num_robots": 3,
    "num_tasks": 40,
    "num_nodes": 41,
    "robot_capacity": [
        167,
        120,
        170
    ],
    "robot_speed": [
        0.96,
        1.04,
        0.93
    ],
    "task_demand": {
        "0": 0,
        "1": 11,
        "2": 5,
        "3": 6,
        "4": 13,
        "5": 14,
        "6": 5,
        "7": 9,
        "8": 7,
        "9": 9,
        "10": 11,
        "11": 5,
        "12": 6,
        "13": 7,
        "14": 15,
        "15": 12,
        "16": 6,
        "17": 12,
        "18": 12,
        "19": 14,
        "20": 11,
        "21": 9,
        "22": 13,
        "23": 8,
        "24": 7,
        "25": 13,
        "26": 8,
        "27": 7,
        "28": 11,
        "29": 6,
        "30": 5,
        "31": 7,
        "32": 6,
        "33": 12,
        "34": 7,
        "35": 6,
        "36": 7,
        "37": 6,
        "38": 15,
        "39": 8,
        "40": 8
    },
    "task_service_time": {
        "0": 0,
        "1": 81,
        "2": 35,
        "3": 43,
        "4": 33,
        "5": 34,
        "6": 70,
        "7": 83,
        "8": 94,
        "9": 52,
        "10": 60,
        "11": 71,
        "12": 59,
        "13": 85,
        "14": 82,
        "15": 12,
        "16": 24,
        "17": 11,
        "18": 21,
        "19": 75,
        "20": 79,
        "21": 25,
        "22": 92,
        "23": 67,
        "24": 73,
        "25": 37,
        "26": 18,
        "27": 71,
        "28": 69,
        "29": 22,
        "30": 18,
        "31": 70,
        "32": 50,
        "33": 67,
        "34": 41,
        "35": 63,
        "36": 73,
        "37": 47,
        "38": 49,
        "39": 29,
        "40": 22
    },
    "task_precedence": [],
    "coordinates": {
        "0": [
            50.0,
            50.0
        ],
        "1": [
            44.100285580245504,
            31.676754865552546
        ],
        "2": [
            49.99057921212954,
            68.19124062483247
        ],
        "3": [
            86.32933774238106,
            37.11656554093543
        ],
        "4": [
            32.1695187056102,
            96.93987477254639
        ],
        "5": [
            52.233405014824186,
            97.6098399917354
        ],
        "6": [
            55.22149521831857,
            74.55738963800063
        ],
        "7": [
            95.32313035511329,
            12.824035788694498
        ],
        "8": [
            41.198657846776,
            63.43900243149923
        ],
        "9": [
            46.89333683348175,
            51.10236386614035
        ],
        "10": [
            54.951583230294,
            31.514010807683434
        ],
        "11": [
            38.18117357646899,
            65.62544774055907
        ],
        "12": [
            42.803945319694655,
            40.546486816484894
        ],
        "13": [
            15.690426244155486,
            72.82007767889836
        ],
        "14": [
            89.72271170449505,
            24.62161957765977
        ],
        "15": [
            88.33619157081355,
            83.39177095462121
        ],
        "16": [
            14.02762044665964,
            20.752720709477636
        ],
        "17": [
            64.11882996292879,
            72.72172153497088
        ],
        "18": [
            9.660514841367696,
            36.859145293423865
        ],
        "19": [
            49.27113830087417,
            48.25534888105428
        ],
        "20": [
            75.16890843114732,
            16.668384011706948
        ],
        "21": [
            67.34348741766854,
            33.76669683057091
        ],
        "22": [
            96.05780621738357,
            35.52299252212164
        ],
        "23": [
            92.39663261124721,
            21.604696324218796
        ],
        "24": [
            13.824568891890909,
            39.32815107507063
        ],
        "25": [
            85.15762600897561,
            17.462356967590186
        ],
        "26": [
            86.85725757896317,
            50.30963841242513
        ],
        "27": [
            83.90754542619149,
            66.25293562365322
        ],
        "28": [
            28.53473780470165,
            79.50755956016143
        ],
        "29": [
            23.06174408414182,
            42.44394048314345
        ],
        "30": [
            12.72228954664294,
            77.22840885847835
        ],
        "31": [
            22.130983132509396,
            54.61928490804061
        ],
        "32": [
            62.50045996797123,
            86.99916035952462
        ],
        "33": [
            3.415825935958283,
            35.23260206944838
        ],
        "34": [
            26.135961084120694,
            84.44666112285024
        ],
        "35": [
            65.02932616423006,
            60.698909780158594
        ],
        "36": [
            39.632083460487756,
            63.35867000876624
        ],
        "37": [
            64.34421912132402,
            45.98091309714464
        ],
        "38": [
            35.53356539486826,
            99.57292614657459
        ],
        "39": [
            39.62121058864775,
            92.64060150959048
        ],
        "40": [
            9.358444911612118,
            14.071608319022467
        ]
    },
    "distance_matrix_str_keys": {
        "0,0": 0.0,
        "0,1": 19.24962187918795,
        "0,2": 18.191243064227347,
        "0,3": 38.54612385520761,
        "0,4": 50.21232823572236,
        "0,5": 47.66219636146543,
        "0,6": 25.106361706697058,
        "0,7": 58.61943756320816,
        "0,8": 16.064570023874275,
        "0,9": 3.296446893789299,
        "0,10": 19.137658501106493,
        "0,11": 19.591816534525258,
        "0,12": 11.880745535227929,
        "0,13": 41.205616080562244,
        "0,14": 47.137628472584936,
        "0,15": 50.839688744523215,
        "0,16": 46.36178853999701,
        "0,17": 26.751037158115107,
        "0,18": 42.42588979954174,
        "0,19": 1.8907794433225515,
        "0,20": 41.76685978148838,
        "0,21": 23.755350715100455,
        "0,22": 48.279449655858784,
        "0,23": 51.0271273697913,
        "0,24": 37.716709497702254,
        "0,25": 47.90362074719953,
        "0,26": 36.858558194651174,
        "0,27": 37.60158976979371,
        "0,28": 36.48908812658078,
        "0,29": 27.977913918134544,
        "0,30": 46.16290659835869,
        "0,31": 28.24924590537113,
        "0,32": 39.05380092539866,
        "0,33": 48.86881740812026,
        "0,34": 41.905427045802604,
        "0,35": 18.448504422710894,
        "0,36": 16.909989880937307,
        "0,37": 14.896633234837362,
        "0,38": 51.64061131433566,
        "0,39": 43.88553482350292,
        "0,40": 54.245601930333514,
        "1,0": 19.24962187918795,
        "1,1": 0.0,
        "1,2": 36.98652767339035,
        "1,3": 42.57798006829792,
        "1,4": 66.344690957239,
        "1,5": 66.43281829031187,
        "1,6": 44.299324400063405,
        "1,7": 54.582092699173124,
        "1,8": 31.894510718055006,
        "1,9": 19.62537694789383,
        "1,10": 10.852517971342856,
        "1,11": 34.46084205057633,
        "1,12": 8.963963573805685,
        "1,13": 49.998931184772374,
        "1,14": 46.16471270779314,
        "1,15": 68.05334868982573,
        "1,16": 31.995307632211983,
        "1,17": 45.66652393269191,
        "1,18": 34.827503199244084,
        "1,19": 17.366274712478287,
        "1,20": 34.503775467883806,
        "1,21": 23.33697257727168,
        "1,22": 52.09968804963652,
        "1,23": 49.335418309759994,
        "1,24": 31.227598129675947,
        "1,25": 43.44829468094499,
        "1,26": 46.64057250688977,
        "1,27": 52.72694009953085,
        "1,28": 50.29982261684982,
        "1,29": 23.633715628460394,
        "1,30": 55.3130347800228,
        "1,31": 31.7649167288468,
        "1,32": 58.30210088099904,
        "1,33": 40.839555652395255,
        "1,34": 55.74387823793799,
        "1,35": 35.781422772906396,
        "1,36": 31.99544619668244,
        "1,37": 24.787613598933387,
        "1,38": 68.43448523483195,
        "1,39": 61.128166260882814,
        "1,40": 38.94787128932092,
        "2,0": 18.191243064227347,
        "2,1": 36.98652767339035,
        "2,2": 0.0,
        "2,3": 47.813604790788354,
        "2,4": 33.8241653693942,
        "2,5": 29.503970178461984,
        "2,6": 8.239559182484612,
        "2,7": 71.5581411475878,
        "2,8": 9.994080705134175,
        "2,9": 17.36728589117654,
        "2,10": 37.0112246207581,
        "2,11": 12.084922614256126,
        "2,12": 28.563615314382766,
        "2,13": 34.61107663883793,
        "2,14": 58.96570385050213,
        "2,15": 41.24854069502686,
        "2,16": 59.52938413024618,
        "2,17": 14.836870510811503,
        "2,18": 51.0706793572033,
        "2,19": 19.948869011661575,
        "2,20": 57.345906705168915,
        "2,21": 38.55090969916139,
        "2,22": 56.474807109488,
        "2,23": 62.9966624097012,
        "2,24": 46.27157054651569,
        "2,25": 61.726338118517816,
        "2,26": 40.9744270428072,
        "2,27": 33.97230671360743,
        "2,28": 24.257209335510584,
        "2,29": 37.25702116295082,
        "2,30": 38.3483483904305,
        "2,31": 30.98959624935674,
        "2,32": 22.588381112244427,
        "2,33": 57.05680939345168,
        "2,34": 28.866615693574204,
        "2,35": 16.801753818437057,
        "2,36": 11.43031814938008,
        "2,37": 26.444765597939956,
        "2,38": 34.55163432745262,
        "2,39": 26.55739168899656,
        "2,40": 67.67499492967369,
        "3,0": 38.54612385520761,
        "3,1": 42.57798006829792,
        "3,2": 47.813604790788354,
        "3,3": 0.0,
        "3,4": 80.69767236740299,
        "3,5": 69.44039805719645,
        "3,6": 48.67764554258195,
        "3,7": 25.903963158643272,
        "3,8": 52.24604245009649,
        "3,9": 41.84257069636152,
        "3,10": 31.874003478695364,
        "3,11": 55.955357891980604,
        "3,12": 43.66032690561666,
        "3,13": 79.14920464944554,
        "3,14": 12.947534957355087,
        "3,15": 46.31870138904487,
        "3,16": 74.13038339020277,
        "3,17": 41.96467310942274,
        "3,18": 76.66925505188361,
        "3,19": 38.696028738678216,
        "3,20": 23.295564175682163,
        "3,21": 19.279111310666412,
        "3,22": 9.8581222266418,
        "3,23": 16.656234677209937,
        "3,24": 72.53849058698287,
        "3,25": 19.689104170346546,
        "3,26": 13.203630983418702,
        "3,27": 29.236845582583747,
        "3,28": 71.67434796281348,
        "3,29": 63.4914902256904,
        "3,30": 83.82694983369505,
        "3,31": 66.54152027011757,
        "3,32": 55.28190193746326,
        "3,33": 82.93491278367456,
        "3,34": 76.5727140782955,
        "3,35": 31.77762503785625,
        "3,36": 53.56567561758507,
        "3,37": 23.704896084548043,
        "3,38": 80.50470463570424,
        "3,39": 72.55734085850871,
        "3,40": 80.34667632531863,
        "4,0": 50.21232823572236,
        "4,1": 66.344690957239,
        "4,2": 33.8241653693942,
        "4,3": 80.69767236740299,
        "4,4": 0.0,
        "4,5": 20.075068797490765,
        "4,6": 32.130503605462216,
        "4,7": 105.18485172463546,
        "4,8": 34.696308178849094,
        "4,9": 48.14424395872814,
        "4,10": 69.27890111394385,
        "4,11": 31.88625620275887,
        "4,12": 57.38732642816887,
        "4,13": 29.21172881210432,
        "4,14": 92.42456415260844,
        "4,15": 57.77755842719602,
        "4,16": 78.31737301945137,
        "4,17": 40.09086474567134,
        "4,18": 64.15878201543407,
        "4,19": 51.60085710587065,
        "4,20": 91.0629438670646,
        "4,21": 72.30531437069723,
        "4,22": 88.62136709930375,
        "4,23": 96.45047621056072,
        "4,24": 60.461954079091505,
        "4,25": 95.5218056363577,
        "4,26": 71.86882304644216,
        "4,27": 60.15406589140468,
        "4,28": 17.807224541223647,
        "4,29": 55.251772936534685,
        "4,30": 27.69000921709584,
        "4,31": 43.49487927253183,
        "4,32": 31.918392830812355,
        "4,33": 68.07762005494932,
        "4,34": 13.873867696817213,
        "4,35": 48.92008268387377,
        "4,36": 34.40039514464436,
        "4,37": 60.26630171062432,
        "4,38": 4.271974913992345,
        "4,39": 8.60299148606432,
        "4,40": 85.95053619755646,
        "5,0": 47.66219636146543,
        "5,1": 66.43281829031187,
        "5,2": 29.503970178461984,
        "5,3": 69.44039805719645,
        "5,4": 20.075068797490765,
        "5,5": 0.0,
        "5,6": 23.24530383487438,
        "5,7": 95.10708188278063,
        "5,8": 35.90838042338855,
        "5,9": 46.81305014367446,
        "5,10": 66.15169784924973,
        "5,11": 34.93517648551681,
        "5,12": 57.837193792104436,
        "5,13": 44.15791676427341,
        "5,14": 82.05320490563356,
        "5,15": 38.801606722550446,
        "5,16": 85.82947488384278,
        "5,17": 27.58045986772102,
        "5,18": 74.18286786077122,
        "5,19": 49.44330912144613,
        "5,20": 84.12821532118136,
        "5,21": 65.6068709733797,
        "5,22": 75.99575494379914,
        "5,23": 85.96433396986168,
        "5,24": 69.7996701661063,
        "5,25": 86.6465427075851,
        "5,26": 58.61842914840536,
        "5,27": 44.57024368733093,
        "5,28": 29.821458454600826,
        "5,29": 62.40402446995518,
        "5,30": 44.458193627043045,
        "5,31": 52.48184095079992,
        "5,32": 14.764787152829326,
        "5,33": 79.20906411475222,
        "5,34": 29.229195295978936,
        "5,35": 39.06600014265225,
        "5,36": 36.495697693262855,
        "5,37": 53.0303489580183,
        "5,38": 16.814825321232775,
        "5,39": 13.555839307697104,
        "5,40": 93.89834053302476,
        "6,0": 25.106361706697058,
        "6,1": 44.299324400063405,
        "6,2": 8.239559182484612,
        "6,3": 48.67764554258195,
        "6,4": 32.130503605462216,
        "6,5": 23.24530383487438,
        "6,6": 0.0,
        "6,7": 73.61486343211028,
        "6,8": 17.89576771257453,
        "6,9": 24.889685736094737,
        "6,10": 43.04422509014976,
        "6,11": 19.239338546762962,
        "6,12": 36.206864766497,
        "6,13": 39.56922626338907,
        "6,14": 60.69526398777132,
        "6,15": 34.272866932391274,
        "6,16": 67.76339511278258,
        "6,17": 9.08472580445491,
        "6,18": 59.135104291548494,
        "6,19": 26.966721999995574,
        "6,20": 61.229374211112074,
        "6,21": 42.55376968719928,
        "6,22": 56.491490104373234,
        "6,23": 64.69913886108961,
        "6,24": 54.35811585218452,
        "6,25": 64.46715971989583,
        "6,26": 39.85943927900361,
        "6,27": 29.863915232350507,
        "6,28": 27.141982306226332,
        "6,29": 45.44802756593272,
        "6,30": 42.58305797379455,
        "6,31": 38.63301710097125,
        "6,32": 14.414610175570399,
        "6,33": 65.04049728519186,
        "6,34": 30.72077450802062,
        "6,35": 16.97795664483192,
        "6,36": 19.194819100199755,
        "6,37": 29.997318261814,
        "6,38": 31.83381295957022,
        "6,39": 23.88245029555284,
        "6,40": 75.90750374767131,
        "7,0": 58.61943756320816,
        "7,1": 54.582092699173124,
        "7,2": 71.5581411475878,
        "7,3": 25.903963158643272,
        "7,4": 105.18485172463546,
        "7,5": 95.10708188278063,
        "7,6": 73.61486343211028,
        "7,7": 0.0,
        "7,8": 74.10353144458092,
        "7,9": 61.730667426753485,
        "7,10": 44.4879420007482,
        "7,11": 77.80226428969121,
        "7,12": 59.38685955472623,
        "7,13": 99.704025026648,
        "7,14": 13.05939019708994,
        "7,15": 70.91278135867977,
        "7,16": 81.68123392706883,
        "7,17": 67.53844179965486,
        "7,18": 88.97061416872505,
        "7,19": 58.10476675465215,
        "7,20": 20.517594269802927,
        "7,21": 34.94932718124671,
        "7,22": 22.7108429039655,
        "7,23": 9.255505847060284,
        "7,24": 85.69996293866267,
        "7,25": 11.173696880170697,
        "7,26": 38.42969432517256,
        "7,27": 54.6348141466911,
        "7,28": 94.37892626030282,
        "7,29": 78.09639364215728,
        "7,30": 104.74169261940615,
        "7,31": 84.28483412811302,
        "7,32": 81.11274127066066,
        "7,33": 94.59966410275551,
        "7,34": 99.58245252799225,
        "7,35": 56.654374341741175,
        "7,36": 75.2013428069993,
        "7,37": 45.37699256317689,
        "7,38": 105.35730661163876,
        "7,39": 97.3313311793683,
        "7,40": 85.97373773786114,
        "8,0": 16.064570023874275,
        "8,1": 31.894510718055006,
        "8,2": 9.994080705134175,
        "8,3": 52.24604245009649,
        "8,4": 34.696308178849094,
        "8,5": 35.90838042338855,
        "8,6": 17.89576771257453,
        "8,7": 74.10353144458092,
        "8,8": 0.0,
        "8,9": 13.587568577708376,
        "8,10": 34.76130099385411,
        "8,11": 3.726359404440207,
        "8,12": 22.94873022749592,
        "8,13": 27.17856604551264,
        "8,14": 62.13994701002222,
        "8,15": 51.18652222335548,
        "8,16": 50.60023636951034,
        "8,17": 24.72859000808629,
        "8,18": 41.24491810769032,
        "8,19": 17.196170382435056,
        "8,20": 57.805438084446635,
        "8,21": 39.54741246865463,
        "8,22": 61.55347081366576,
        "8,23": 66.11612350600322,
        "8,24": 36.47840318930856,
        "8,25": 63.61008418481513,
        "8,26": 47.50881948701146,
        "8,27": 42.80148710361658,
        "8,28": 20.459066426138143,
        "8,29": 27.744193393366583,
        "8,30": 31.639394450166645,
        "8,31": 21.008656220774455,
        "8,32": 31.762364760893593,
        "8,33": 47.15022172360813,
        "8,34": 25.8496916317391,
        "8,35": 23.987681425982785,
        "8,36": 1.56863271861725,
        "8,37": 28.99141062315117,
        "8,38": 36.57531565872736,
        "8,39": 29.244174267189628,
        "8,40": 58.74469134494778,
        "9,0": 3.296446893789299,
        "9,1": 19.62537694789383,
        "9,2": 17.36728589117654,
        "9,3": 41.84257069636152,
        "9,4": 48.14424395872814,
        "9,5": 46.81305014367446,
        "9,6": 24.889685736094737,
        "9,7": 61.730667426753485,
        "9,8": 13.587568577708376,
        "9,9": 0.0,
        "9,10": 21.18109795394224,
        "9,11": 16.93581275995469,
        "9,12": 11.320320809962794,
        "9,13": 38.016847876939366,
        "9,14": 50.354594327764005,
        "9,15": 52.53680632571058,
        "9,16": 44.735401566944624,
        "9,17": 27.642616366137425,
        "9,18": 39.86417324875342,
        "9,19": 3.7093711250882127,
        "9,20": 44.55566089500006,
        "9,21": 26.80921502924031,
        "9,22": 51.57384861802977,
        "9,23": 54.22787398610184,
        "9,24": 35.102357471032846,
        "9,25": 50.94905190717802,
        "9,26": 39.97178223442243,
        "9,27": 39.994892953028064,
        "9,28": 33.82149169855107,
        "9,29": 25.35573127420345,
        "9,30": 43.014308080231196,
        "9,31": 25.01085553168903,
        "9,32": 39.142844697627204,
        "9,33": 46.28329389021503,
        "9,34": 39.277357440948,
        "9,35": 20.51847466272473,
        "9,36": 14.24580081317248,
        "9,37": 18.18687852830644,
        "9,38": 49.78393129232557,
        "9,39": 42.1700012644598,
        "9,40": 52.72708002513353,
        "10,0": 19.137658501106493,
        "10,1": 10.852517971342856,
        "10,2": 37.0112246207581,
        "10,3": 31.874003478695364,
        "10,4": 69.27890111394385,
        "10,5": 66.15169784924973,
        "10,6": 43.04422509014976,
        "10,7": 44.4879420007482,
        "10,8": 34.76130099385411,
        "10,9": 21.18109795394224,
        "10,10": 0.0,
        "10,11": 38.01100853151175,
        "10,12": 15.137725379217457,
        "10,13": 56.98797775197408,
        "10,14": 35.44765764105017,
        "10,15": 61.69144245284829,
        "10,16": 42.315199331848035,
        "10,17": 42.215090146069855,
        "10,18": 45.60538716512613,
        "10,19": 17.678796765704043,
        "10,20": 25.082521269650577,
        "10,21": 12.59499439089924,
        "10,22": 41.30125303972061,
        "10,23": 38.73404493045139,
        "10,24": 41.86277698038695,
        "10,25": 33.31447126984535,
        "10,26": 37.03036149836313,
        "10,27": 45.224336855943456,
        "10,28": 54.78348696547273,
        "10,29": 33.71090629867375,
        "10,30": 62.23439108858199,
        "10,31": 40.13783105788522,
        "10,32": 55.99631560014308,
        "10,33": 51.669741637371786,
        "10,34": 60.267782015424814,
        "10,35": 30.875868095910757,
        "10,36": 35.337931360369716,
        "10,37": 17.24856141347107,
        "10,38": 70.77482160884098,
        "10,39": 63.01968276792739,
        "10,40": 48.815690779941896,
        "11,0": 19.591816534525258,
        "11,1": 34.46084205057633,
        "11,2": 12.084922614256126,
        "11,3": 55.955357891980604,
        "11,4": 31.88625620275887,
        "11,5": 34.93517648551681,
        "11,6": 19.239338546762962,
        "11,7": 77.80226428969121,
        "11,8": 3.726359404440207,
        "11,9": 16.93581275995469,
        "11,10": 38.01100853151175,
        "11,11": 0.0,
        "11,12": 25.5014568137039,
        "11,13": 23.61347953003994,
        "11,14": 65.86231150373739,
        "11,15": 53.20872175273101,
        "11,16": 50.96033516373759,
        "11,17": 26.890874299421995,
        "11,18": 40.508371124548646,
        "11,19": 20.60843642728678,
        "11,20": 61.35867191058549,
        "11,21": 43.190514677615155,
        "11,22": 65.23697123586754,
        "11,23": 69.8365416784862,
        "11,24": 35.84399536426597,
        "11,25": 67.27904871465408,
        "11,26": 51.02876805482986,
        "11,27": 45.730677051433695,
        "11,28": 16.90463698725223,
        "11,29": 27.676333335524518,
        "11,30": 27.97826804411021,
        "11,31": 19.461352306129257,
        "11,32": 32.37689425670772,
        "11,33": 46.17742375396786,
        "11,34": 22.3455860779609,
        "11,35": 27.29641136946335,
        "11,36": 2.6913603952081893,
        "11,37": 32.71716206425105,
        "11,38": 34.05056709087484,
        "11,39": 27.053506977115866,
        "11,40": 59.063931860227044,
        "12,0": 11.880745535227929,
        "12,1": 8.963963573805685,
        "12,2": 28.563615314382766,
        "12,3": 43.66032690561666,
        "12,4": 57.38732642816887,
        "12,5": 57.837193792104436,
        "12,6": 36.206864766497,
        "12,7": 59.38685955472623,
        "12,8": 22.94873022749592,
        "12,9": 11.320320809962794,
        "12,10": 15.137725379217457,
        "12,11": 25.5014568137039,
        "12,12": 0.0,
        "12,13": 42.15124652740514,
        "12,14": 49.5476743717168,
        "12,15": 62.521226967728055,
        "12,16": 34.92663811329918,
        "12,17": 38.594948329335075,
        "12,18": 33.34791554774275,
        "12,19": 10.062362515153913,
        "12,20": 40.22007745841914,
        "12,21": 25.45888211668635,
        "12,22": 53.49027197010594,
        "12,23": 53.086966949060304,
        "12,24": 29.004975437382374,
        "12,25": 48.235996090162814,
        "12,26": 45.122205731745076,
        "12,27": 48.48017586591835,
        "12,28": 41.491872366091016,
        "12,29": 19.833175238528497,
        "12,30": 47.43911275248791,
        "12,31": 25.008298856949185,
        "12,32": 50.45595672054983,
        "12,33": 39.74495338646476,
        "12,34": 46.957928005892704,
        "12,35": 30.001461714247263,
        "12,36": 23.03163931751483,
        "12,37": 22.215228660742735,
        "12,38": 59.4725059522472,
        "12,39": 52.19125009066799,
        "12,40": 42.655840033956046,
        "13,0": 41.205616080562244,
        "13,1": 49.998931184772374,
        "13,2": 34.61107663883793,
        "13,3": 79.14920464944554,
        "13,4": 29.21172881210432,
        "13,5": 44.15791676427341,
        "13,6": 39.56922626338907,
        "13,7": 99.704025026648,
        "13,8": 27.17856604551264,
        "13,9": 38.016847876939366,
        "13,10": 56.98797775197408,
        "13,11": 23.61347953003994,
        "13,12": 42.15124652740514,
        "13,13": 0.0,
        "13,14": 88.3395192075328,
        "13,15": 73.41095230694013,
        "13,16": 52.093901609509636,
        "13,17": 48.42850359736035,
        "13,18": 36.46297422808702,
        "13,19": 41.60637118456597,
        "13,20": 81.7967147565378,
        "13,21": 64.7549633949336,
        "13,22": 88.6001598472208,
        "13,23": 92.23262645363691,
        "13,24": 33.543860411335835,
        "13,25": 88.82662374264049,
        "13,26": 74.6420642681226,
        "13,27": 68.53249378411581,
        "13,28": 14.480979019962762,
        "13,29": 31.25773564469163,
        "13,30": 5.314434988216317,
        "13,31": 19.306725007619253,
        "13,32": 48.91038379412703,
        "13,33": 39.54091723034497,
        "13,34": 15.629671803083491,
        "13,35": 50.806001186400934,
        "13,36": 25.743371678255162,
        "13,37": 55.56556772661356,
        "13,38": 33.30863360285133,
        "13,39": 31.073068793822575,
        "13,40": 59.08871837943309,
        "14,0": 47.137628472584936,
        "14,1": 46.16471270779314,
        "14,2": 58.96570385050213,
        "14,3": 12.947534957355087,
        "14,4": 92.42456415260844,
        "14,5": 82.05320490563356,
        "14,6": 60.69526398777132,
        "14,7": 13.05939019708994,
        "14,8": 62.13994701002222,
        "14,9": 50.354594327764005,
        "14,10": 35.44765764105017,
        "14,11": 65.86231150373739,
        "14,12": 49.5476743717168,
        "14,13": 88.3395192075328,
        "14,14": 0.0,
        "14,15": 58.786504666905195,
        "14,16": 75.79389961589423,
        "14,17": 54.49016946697665,
        "14,18": 80.99205147540188,
        "14,19": 46.84957792354865,
        "14,20": 16.585148346844665,
        "14,21": 24.175651338522368,
        "14,22": 12.60846360828612,
        "14,23": 4.031337114744829,
        "14,24": 77.30983217603563,
        "14,25": 8.490880315219183,
        "14,26": 25.84734297758258,
        "14,27": 42.03549255766739,
        "14,28": 82.19753376911362,
        "14,29": 69.00231682008817,
        "14,30": 93.25523733777042,
        "14,31": 73.9493184324407,
        "14,32": 68.05886116884331,
        "14,33": 86.95672188223462,
        "14,34": 87.30584430804987,
        "14,35": 43.718807826786474,
        "14,36": 63.321640171282894,
        "14,37": 33.170578913331845,
        "14,38": 92.48871246889316,
        "14,39": 84.4792419302965,
        "14,40": 81.05379765757458,
        "15,0": 50.839688744523215,
        "15,1": 68.05334868982573,
        "15,2": 41.24854069502686,
        "15,3": 46.31870138904487,
        "15,4": 57.77755842719602,
        "15,5": 38.801606722550446,
        "15,6": 34.272866932391274,
        "15,7": 70.91278135867977,
        "15,8": 51.18652222335548,
        "15,9": 52.53680632571058,
        "15,10": 61.69144245284829,
        "15,11": 53.20872175273101,
        "15,12": 62.521226967728055,
        "15,13": 73.41095230694013,
        "15,14": 58.786504666905195,
        "15,15": 0.0,
        "15,16": 97.18752161737154,
        "15,17": 26.46375932978592,
        "15,18": 91.40649517272495,
        "15,19": 52.54185515486718,
        "15,20": 68.01020298759592,
        "15,21": 53.88266520393139,
        "15,22": 48.48755800584167,
        "15,23": 61.92035023177562,
        "15,24": 86.56549261186969,
        "15,25": 66.00599145308117,
        "15,26": 33.11517385265672,
        "15,27": 17.701767798056572,
        "15,28": 59.92746424384458,
        "15,29": 77.05503432619538,
        "15,30": 75.86467696925259,
        "15,31": 72.18715659769384,
        "15,32": 26.086362064740168,
        "15,33": 97.62568333829017,
        "15,34": 62.20917509390992,
        "15,35": 32.529616096167366,
        "15,36": 52.66322512274689,
        "15,37": 44.44307626221864,
        "15,38": 55.226326280341176,
        "15,39": 49.58518164459327,
        "15,40": 105.08458219544323,
        "16,0": 46.36178853999701,
        "16,1": 31.995307632211983,
        "16,2": 59.52938413024618,
        "16,3": 74.13038339020277,
        "16,4": 78.31737301945137,
        "16,5": 85.82947488384278,
        "16,6": 67.76339511278258,
        "16,7": 81.68123392706883,
        "16,8": 50.60023636951034,
        "16,9": 44.735401566944624,
        "16,10": 42.315199331848035,
        "16,11": 50.96033516373759,
        "16,12": 34.92663811329918,
        "16,13": 52.093901609509636,
        "16,14": 75.79389961589423,
        "16,15": 97.18752161737154,
        "16,16": 0.0,
        "16,17": 72.17968078069403,
        "16,18": 16.687975438803825,
        "16,19": 44.704587092202736,
        "16,20": 61.27755627195665,
        "16,21": 54.88119209119554,
        "16,22": 83.34933897157713,
        "16,23": 78.37364308299945,
        "16,24": 18.576540129983524,
        "16,25": 71.20606845521685,
        "16,26": 78.5987749835951,
        "16,27": 83.3874899033492,
        "16,28": 60.51931544895253,
        "16,29": 23.497327617556536,
        "16,30": 56.490771287544995,
        "16,31": 34.82253088782907,
        "16,32": 82.08658195811387,
        "16,33": 17.95207918142575,
        "16,34": 64.83463548424601,
        "16,35": 64.78326950202687,
        "16,36": 49.707700026455086,
        "16,37": 56.286959354155705,
        "16,38": 81.70147154893569,
        "16,39": 76.30792398098184,
        "16,40": 8.15097926331431,
        "17,0": 26.751037158115107,
        "17,1": 45.66652393269191,
        "17,2": 14.836870510811503,
        "17,3": 41.96467310942274,
        "17,4": 40.09086474567134,
        "17,5": 27.58045986772102,
        "17,6": 9.08472580445491,
        "17,7": 67.53844179965486,
        "17,8": 24.72859000808629,
        "17,9": 27.642616366137425,
        "17,10": 42.215090146069855,
        "17,11": 26.890874299421995,
        "17,12": 38.594948329335075,
        "17,13": 48.42850359736035,
        "17,14": 54.49016946697665,
        "17,15": 26.46375932978592,
        "17,16": 72.17968078069403,
        "17,17": 0.0,
        "17,18": 65.2060768683412,
        "17,19": 28.619177810198604,
        "17,20": 57.132135279987004,
        "17,21": 39.08826378109958,
        "17,22": 49.029008192640596,
        "17,23": 58.417329526553246,
        "17,24": 60.37088076831445,
        "17,25": 59.1289126524228,
        "17,26": 31.927066265811764,
        "17,27": 20.81918468270154,
        "17,28": 36.22533936941549,
        "17,29": 51.01400127690915,
        "17,30": 51.59374571975529,
        "17,31": 45.72392692329461,
        "17,32": 14.368868460301716,
        "17,33": 71.34625972115577,
        "17,34": 39.75138408413157,
        "17,35": 12.057238731328022,
        "17,36": 26.2157870024375,
        "17,37": 26.74175828514725,
        "17,38": 39.218675902179875,
        "17,39": 31.57364620138845,
        "17,40": 80.2404857363914,
        "18,0": 42.42588979954174,
        "18,1": 34.827503199244084,
        "18,2": 51.0706793572033,
        "18,3": 76.66925505188361,
        "18,4": 64.15878201543407,
        "18,5": 74.18286786077122,
        "18,6": 59.135104291548494,
        "18,7": 88.97061416872505,
        "18,8": 41.24491810769032,
        "18,9": 39.86417324875342,
        "18,10": 45.60538716512613,
        "18,11": 40.508371124548646,
        "18,12": 33.34791554774275,
        "18,13": 36.46297422808702,
        "18,14": 80.99205147540188,
        "18,15": 91.40649517272495,
        "18,16": 16.687975438803825,
        "18,17": 65.2060768683412,
        "18,18": 0.0,
        "18,19": 41.21741072728277,
        "18,20": 68.5493725124363,
        "18,21": 57.7658079034101,
        "18,22": 86.40762270390526,
        "18,23": 84.13063292871065,
        "18,24": 4.841005648156581,
        "18,25": 77.94901661991219,
        "18,26": 78.35976553333222,
        "18,27": 79.85371914094699,
        "18,28": 46.638219648019444,
        "18,29": 14.518363631225778,
        "18,30": 40.485206003313095,
        "18,31": 21.70104003339586,
        "18,32": 72.84285079409842,
        "18,33": 6.4530444276173995,
        "18,34": 50.358832310864294,
        "18,35": 60.282996260054205,
        "18,36": 40.006496167868335,
        "18,37": 55.439283559969546,
        "18,38": 67.84123417097459,
        "18,39": 63.31835553184557,
        "18,40": 22.7895389949462,
        "19,0": 1.8907794433225515,
        "19,1": 17.366274712478287,
        "19,2": 19.948869011661575,
        "19,3": 38.696028738678216,
        "19,4": 51.60085710587065,
        "19,5": 49.44330912144613,
        "19,6": 26.966721999995574,
        "19,7": 58.10476675465215,
        "19,8": 17.196170382435056,
        "19,9": 3.7093711250882127,
        "19,10": 17.678796765704043,
        "19,11": 20.60843642728678,
        "19,12": 10.062362515153913,
        "19,13": 41.60637118456597,
        "19,14": 46.84957792354865,
        "19,15": 52.54185515486718,
        "19,16": 44.704587092202736,
        "19,17": 28.619177810198604,
        "19,18": 41.21741072728277,
        "19,19": 0.0,
        "19,20": 40.84643004447084,
        "19,21": 23.163135384469744,
        "19,22": 48.4881964315088,
        "19,23": 50.69581384314862,
        "19,24": 36.55344229389385,
        "19,25": 47.2868729248021,
        "19,26": 37.64221656419071,
        "19,27": 39.033240028315674,
        "19,28": 37.5059858938405,
        "19,29": 26.845945928117185,
        "19,30": 46.639645685994246,
        "19,31": 27.87629287259143,
        "19,32": 40.94017439692672,
        "19,33": 47.66866482924815,
        "19,34": 42.954016187473776,
        "19,35": 20.07891163849611,
        "19,36": 17.917078090547218,
        "19,37": 15.243714230952431,
        "19,38": 53.12452019313185,
        "19,39": 45.42215049675846,
        "19,40": 52.550463484136294,
        "20,0": 41.76685978148838,
        "20,1": 34.503775467883806,
        "20,2": 57.345906705168915,
        "20,3": 23.295564175682163,
        "20,4": 91.0629438670646,
        "20,5": 84.12821532118136,
        "20,6": 61.229374211112074,
        "20,7": 20.517594269802927,
        "20,8": 57.805438084446635,
        "20,9": 44.55566089500006,
        "20,10": 25.082521269650577,
        "20,11": 61.35867191058549,
        "20,12": 40.22007745841914,
        "20,13": 81.7967147565378,
        "20,14": 16.585148346844665,
        "20,15": 68.01020298759592,
        "20,16": 61.27755627195665,
        "20,17": 57.132135279987004,
        "20,18": 68.5493725124363,
        "20,19": 40.84643004447084,
        "20,20": 0.0,
        "20,21": 18.80397605002524,
        "20,22": 28.139692834230228,
        "20,23": 17.920983780815572,
        "20,24": 65.39566527586885,
        "20,25": 10.020223146431917,
        "20,26": 35.61392288775681,
        "20,27": 50.3486994379092,
        "20,28": 78.25284565832688,
        "20,29": 58.13377579082622,
        "20,30": 86.98906149366199,
        "20,31": 65.21727070973789,
        "20,32": 71.4626314107653,
        "20,33": 74.11568686625507,
        "20,34": 83.6547952821069,
        "20,35": 45.18294288770783,
        "20,36": 58.675793437178875,
        "20,37": 31.247372050123403,
        "20,38": 91.89191218053719,
        "20,39": 83.87739059751065,
        "20,40": 65.8616759022589,
        "21,0": 23.755350715100455,
        "21,1": 23.33697257727168,
        "21,2": 38.55090969916139,
        "21,3": 19.279111310666412,
        "21,4": 72.30531437069723,
        "21,5": 65.6068709733797,
        "21,6": 42.55376968719928,
        "21,7": 34.94932718124671,
        "21,8": 39.54741246865463,
        "21,9": 26.80921502924031,
        "21,10": 12.59499439089924,
        "21,11": 43.190514677615155,
        "21,12": 25.45888211668635,
        "21,13": 64.7549633949336,
        "21,14": 24.175651338522368,
        "21,15": 53.88266520393139,
        "21,16": 54.88119209119554,
        "21,17": 39.08826378109958,
        "21,18": 57.7658079034101,
        "21,19": 23.163135384469744,
        "21,20": 18.80397605002524,
        "21,21": 0.0,
        "21,22": 28.767980093983443,
        "21,23": 27.84913536192898,
        "21,24": 53.807103745532416,
        "21,25": 24.149017208115904,
        "21,26": 25.582340434144683,
        "21,27": 36.46537712174219,
        "21,28": 59.986211497053226,
        "21,29": 45.1239110678856,
        "21,30": 69.80254772759004,
        "21,31": 49.789566911795546,
        "21,32": 53.45231602316132,
        "21,33": 63.944466380520446,
        "21,34": 65.31859618207321,
        "21,35": 27.031452729530734,
        "21,36": 40.54142061962169,
        "21,37": 12.577069981521598,
        "21,38": 73.09125088467906,
        "21,39": 65.07427513802321,
        "21,40": 61.238563551955544,
        "22,0": 48.279449655858784,
        "22,1": 52.09968804963652,
        "22,2": 56.474807109488,
        "22,3": 9.8581222266418,
        "22,4": 88.62136709930375,
        "22,5": 75.99575494379914,
        "22,6": 56.491490104373234,
        "22,7": 22.7108429039655,
        "22,8": 61.55347081366576,
        "22,9": 51.57384861802977,
        "22,10": 41.30125303972061,
        "22,11": 65.23697123586754,
        "22,12": 53.49027197010594,
        "22,13": 88.6001598472208,
        "22,14": 12.60846360828612,
        "22,15": 48.48755800584167,
        "22,16": 83.34933897157713,
        "22,17": 49.029008192640596,
        "22,18": 86.40762270390526,
        "22,19": 48.4881964315088,
        "22,20": 28.139692834230228,
        "22,21": 28.767980093983443,
        "22,22": 0.0,
        "22,23": 14.391774081982605,
        "22,24": 82.32122783731958,
        "22,25": 21.09503461029098,
        "22,26": 17.415366546046872,
        "22,27": 33.04479142493334,
        "22,28": 80.58540131678653,
        "22,29": 73.32342468569824,
        "22,30": 93.18878736504804,
        "22,31": 76.35341219821673,
        "22,32": 61.448281851711926,
        "22,33": 92.64243540127276,
        "22,34": 85.33809100392342,
        "22,35": 39.95739461216745,
        "22,36": 62.918098586802216,
        "22,37": 33.39340817066812,
        "22,38": 88.12251542278317,
        "22,39": 80.29639208960029,
        "22,40": 89.31372310601363,
        "23,0": 51.0271273697913,
        "23,1": 49.335418309759994,
        "23,2": 62.9966624097012,
        "23,3": 16.656234677209937,
        "23,4": 96.45047621056072,
        "23,5": 85.96433396986168,
