{
    "num_robots": 7,
    "num_tasks": 60,
    "num_nodes": 61,
    "robot_capacity": [
        89,
        91,
        100,
        115,
        92,
        117,
        80
    ],
    "robot_speed": [
        0.92,
        0.98,
        1.18,
        1.04,
        0.87,
        1.09,
        0.86
    ],
    "task_demand": {
        "0": 0,
        "1": 9,
        "2": 8,
        "3": 8,
        "4": 12,
        "5": 10,
        "6": 8,
        "7": 7,
        "8": 9,
        "9": 9,
        "10": 5,
        "11": 7,
        "12": 8,
        "13": 15,
        "14": 11,
        "15": 13,
        "16": 6,
        "17": 5,
        "18": 5,
        "19": 5,
        "20": 6,
        "21": 9,
        "22": 7,
        "23": 5,
        "24": 6,
        "25": 5,
        "26": 7,
        "27": 7,
        "28": 10,
        "29": 10,
        "30": 15,
        "31": 11,
        "32": 10,
        "33": 7,
        "34": 10,
        "35": 10,
        "36": 8,
        "37": 7,
        "38": 6,
        "39": 5,
        "40": 11,
        "41": 15,
        "42": 7,
        "43": 15,
        "44": 6,
        "45": 9,
        "46": 12,
        "47": 12,
        "48": 14,
        "49": 9,
        "50": 9,
        "51": 12,
        "52": 11,
        "53": 11,
        "54": 14,
        "55": 13,
        "56": 15,
        "57": 15,
        "58": 8,
        "59": 11,
        "60": 14
    },
    "task_service_time": {
        "0": 0,
        "1": 100,
        "2": 94,
        "3": 83,
        "4": 45,
        "5": 94,
        "6": 72,
        "7": 99,
        "8": 56,
        "9": 78,
        "10": 26,
        "11": 11,
        "12": 32,
        "13": 52,
        "14": 91,
        "15": 50,
        "16": 98,
        "17": 78,
        "18": 47,
        "19": 91,
        "20": 20,
        "21": 32,
        "22": 31,
        "23": 53,
        "24": 36,
        "25": 89,
        "26": 54,
        "27": 87,
        "28": 87,
        "29": 68,
        "30": 90,
        "31": 50,
        "32": 97,
        "33": 75,
        "34": 18,
        "35": 41,
        "36": 87,
        "37": 73,
        "38": 78,
        "39": 97,
        "40": 28,
        "41": 55,
        "42": 73,
        "43": 46,
        "44": 76,
        "45": 10,
        "46": 20,
        "47": 100,
        "48": 25,
        "49": 90,
        "50": 56,
        "51": 87,
        "52": 15,
        "53": 12,
        "54": 54,
        "55": 47,
        "56": 43,
        "57": 38,
        "58": 96,
        "59": 67,
        "60": 13
    },
    "task_precedence": [],
    "coordinates": {
        "0": [
            100,
            100
        ],
        "1": [
            31.908289416147074,
            55.67949069181785
        ],
        "2": [
            3.911321998148387,
            27.558636894616264
        ],
        "3": [
            23.432102779113873,
            42.361638069247476
        ],
        "4": [
            90.55290551567487,
            3.584812524595493
        ],
        "5": [
            38.11340609282716,
            16.94719709295417
        ],
        "6": [
            34.818953692551744,
            93.14260677910475
        ],
        "7": [
            22.9335726996267,
            11.9675760360497
        ],
        "8": [
            88.13829360508589,
            74.4371919547527
        ],
        "9": [
            81.2304312951793,
            98.22528289658725
        ],
        "10": [
            83.4203458338471,
            33.98309348789812
        ],
        "11": [
            68.98937342575466,
            85.73981010489771
        ],
        "12": [
            71.36543099497747,
            96.0143868857909
        ],
        "13": [
            48.32284321327474,
            81.25727161560712
        ],
        "14": [
            30.552505587967016,
            1.7982883688905105
        ],
        "15": [
            88.08019410871302,
            61.20142729639705
        ],
        "16": [
            99.76778125562068,
            57.27377076142396
        ],
        "17": [
            88.02507429872489,
            63.42773166528393
        ],
        "18": [
            13.33748294964593,
            25.80098946326067
        ],
        "19": [
            34.63768433779171,
            36.66936604888322
        ],
        "20": [
            32.93842910004271,
            24.85613889767494
        ],
        "21": [
            29.43971338515423,
            48.96856242715778
        ],
        "22": [
            77.33934529529688,
            38.25099631789068
        ],
        "23": [
            69.31203743522502,
            36.69620486384739
        ],
        "24": [
            7.243384696945165,
            43.965455443884
        ],
        "25": [
            37.54893996535418,
            25.528671576878736
        ],
        "26": [
            12.414066566456782,
            18.990355104012913
        ],
        "27": [
            96.21114867975356,
            39.90013175067031
        ],
        "28": [
            26.638872408993198,
            39.0599561142536
        ],
        "29": [
            95.29025650865192,
            13.571839001471965
        ],
        "30": [
            2.8310799687014,
            8.188172552211048
        ],
        "31": [
            48.74188243257591,
            65.7904028690319
        ],
        "32": [
            77.16509276801531,
            39.584212191958756
        ],
        "33": [
            1.0668107129709448,
            25.408225622857795
        ],
        "34": [
            89.69289020488127,
            64.26600403698399
        ],
        "35": [
            99.32687153418807,
            33.116613613495915
        ],
        "36": [
            84.04074023519178,
            37.26757868217069
        ],
        "37": [
            12.200025970525907,
            39.40353265217959
        ],
        "38": [
            77.51250573726449,
            34.939946425065315
        ],
        "39": [
            94.34616187244349,
            10.322090137450601
        ],
        "40": [
            48.27730846007397,
            12.537228404948186
        ],
        "41": [
            32.696814903727166,
            81.64590897182276
        ],
        "42": [
            34.05580636018121,
            86.8925028533969
        ],
        "43": [
            92.57338877846873,
            49.65332950877864
        ],
        "44": [
            79.15247586726858,
            40.99928489938283
        ],
        "45": [
            31.038173183169203,
            77.77348918791068
        ],
        "46": [
            28.041181063610498,
            87.91180697959517
        ],
        "47": [
            29.592636102051973,
            92.72745624332526
        ],
        "48": [
            16.53356189961762,
            83.51839523209988
        ],
        "49": [
            35.96313394263802,
            96.90970597786986
        ],
        "50": [
            76.14853247904895,
            8.448307416612522
        ],
        "51": [
            9.203948614334356,
            89.01523776388127
        ],
        "52": [
            69.82174251473239,
            51.605589893245394
        ],
        "53": [
            67.12737978306939,
            23.486363122417952
        ],
        "54": [
            55.98136918643741,
            65.31280954830113
        ],
        "55": [
            39.11476734640994,
            19.3142994355595
        ],
        "56": [
            64.13398859996965,
            47.341324247117214
        ],
        "57": [
            19.658809008483647,
            8.516461486550087
        ],
        "58": [
            60.24704020950175,
            9.069425380626717
        ],
        "59": [
            47.68493798450044,
            0.5780787881953242
        ],
        "60": [
            83.27751780983402,
            42.43087581250221
        ]
    },
    "distance_matrix_str_keys": {
        "0,0": 0.0,
        "0,1": 81.24523737162598,
        "0,2": 120.33613392788375,
        "0,3": 95.83748562482535,
        "0,4": 96.87691143979129,
        "0,5": 103.57470046371326,
        "0,6": 65.54077081877885,
        "0,7": 116.99975164850743,
        "0,8": 28.18079547772394,
        "0,9": 18.853284333561895,
        "0,10": 68.06700285525162,
        "0,11": 34.13227177279104,
        "0,12": 28.910614901789142,
        "0,13": 54.97106876213079,
        "0,14": 120.27689157684837,
        "0,15": 40.58831132632551,
        "0,16": 42.726860292942085,
        "0,17": 38.48284886410484,
        "0,18": 114.08718169073187,
        "0,19": 91.01099661786209,
        "0,20": 100.71670245264943,
        "0,21": 87.08020250275074,
        "0,22": 65.77571533156393,
        "0,23": 70.34999307048302,
        "0,24": 108.36816814032734,
        "0,25": 97.19111922678596,
        "0,26": 119.3057345713063,
        "0,27": 60.219179319496874,
        "0,28": 95.37056144440315,
        "0,29": 86.5563902744435,
        "0,30": 133.6832475643507,
        "0,31": 61.62540995741133,
        "0,32": 64.58715355827049,
        "0,33": 123.90201268435315,
        "0,34": 37.19079159971562,
        "0,35": 66.88677355395374,
        "0,36": 64.7306315173757,
        "0,37": 106.68067910644265,
        "0,38": 68.83674868404182,
        "0,39": 89.85595919519277,
        "0,40": 101.61187546356253,
        "0,41": 69.76095886363503,
        "0,42": 67.23424095097769,
        "0,43": 50.89147063887419,
        "0,44": 62.575583455921645,
        "0,45": 72.45516779909137,
        "0,46": 72.96708869907484,
        "0,47": 70.781966515143,
        "0,48": 85.07813811367895,
        "0,49": 64.11138847031572,
        "0,50": 94.60763667794514,
        "0,51": 91.4581212829812,
        "0,52": 57.03285153688059,
        "0,53": 83.27632189380748,
        "0,54": 56.043206904433575,
        "0,55": 101.08013568875114,
        "0,56": 63.712690304164305,
        "0,57": 121.75362330903003,
        "0,58": 99.24045149390638,
        "0,59": 112.34582382595208,
        "0,60": 59.94869031360036,
        "1,0": 81.24523737162598,
        "1,1": 0.0,
        "1,2": 39.6813886209652,
        "1,3": 15.78641626153082,
        "1,4": 78.44135701788609,
        "1,5": 39.22619074546736,
        "1,6": 37.576016732744215,
        "1,7": 44.623727130473405,
        "1,8": 59.27617335622792,
        "1,9": 65.13691820977411,
        "1,10": 55.89477263582495,
        "1,11": 47.73499339629118,
        "1,12": 56.42490471901967,
        "1,13": 30.391782661505015,
        "1,14": 53.89825705487131,
        "1,15": 56.44266702287999,
        "1,16": 67.87821713666268,
        "1,17": 56.64917284250859,
        "1,18": 35.179535080514256,
        "1,19": 19.20506275902815,
        "1,20": 30.84056101295548,
        "1,21": 7.15055422986259,
        "1,22": 48.65935937141429,
        "1,23": 41.94526798938233,
        "1,24": 27.305240277227835,
        "1,25": 30.67391125891917,
        "1,26": 41.5465689882296,
        "1,27": 66.21061756296157,
        "1,28": 17.434898484652443,
        "1,29": 76.0942053207132,
        "1,30": 55.685809753365085,
        "1,31": 19.63671049076441,
        "1,32": 48.033698999948975,
        "1,33": 43.21511653893471,
        "1,34": 58.41907479359885,
        "1,35": 71.09394233588755,
        "1,36": 55.288253112673985,
        "1,37": 25.560173280908575,
        "1,38": 50.098635137654796,
        "1,39": 77.17371120995836,
        "1,40": 46.14325064068956,
        "1,41": 25.97838814739546,
        "1,42": 31.286801645802594,
        "1,43": 60.963668682620536,
        "1,44": 49.472432682622106,
        "1,45": 22.111125520973467,
        "1,46": 32.46346777973008,
        "1,47": 37.12026403161432,
        "1,48": 31.80230891319785,
        "1,49": 41.429125222097205,
        "1,50": 64.71463342892915,
        "1,51": 40.33310208869934,
        "1,52": 38.13170063838273,
        "1,53": 47.7156346386915,
        "1,54": 25.929018527847102,
        "1,55": 37.07236786696547,
        "1,56": 33.28694500169331,
        "1,57": 48.727826691477524,
        "1,58": 54.54890452466816,
        "1,59": 57.31551477411679,
        "1,60": 53.050197190804084,
        "2,0": 120.33613392788375,
        "2,1": 39.6813886209652,
        "2,2": 0.0,
        "2,3": 24.498769889009623,
        "2,4": 89.89720935239936,
        "2,5": 35.810406463537625,
        "2,6": 72.50199171585825,
        "2,7": 24.595267846588264,
        "2,8": 96.39388813924927,
        "2,9": 104.74740817630808,
        "2,10": 79.76815476005865,
        "2,11": 87.29376663736615,
        "2,12": 96.10539281127936,
        "2,13": 69.68447881372167,
        "2,14": 37.05871313514923,
        "2,15": 90.64345744940856,
        "2,16": 100.35661394298707,
        "2,17": 91.4424151351542,
        "2,18": 9.588630495356883,
        "2,19": 32.04863067822807,
        "2,20": 29.15264039719757,
        "2,21": 33.31791827406279,
        "2,22": 74.20243362156707,
        "2,23": 66.03596541335482,
        "2,24": 16.741754290913143,
        "2,25": 33.698814544415406,
        "2,26": 12.07112745509229,
        "2,27": 93.12126771439682,
        "2,28": 25.4719824801583,
        "2,29": 92.44317274725356,
        "2,30": 19.400562148622797,
        "2,31": 58.918987418211316,
        "2,32": 74.23428718076482,
        "2,33": 3.565881810886011,
        "2,34": 93.30545668143394,
        "2,35": 95.57728913540105,
        "2,36": 80.7154707453357,
        "2,37": 14.4569764836652,
        "2,38": 73.97038581880878,
        "2,39": 92.06279817169015,
        "2,40": 46.839977239034134,
        "2,41": 61.27020158748368,
        "2,42": 66.55221699588519,
        "2,43": 91.3736150509123,
        "2,44": 76.43220691792601,
        "2,45": 57.07361427184755,
        "2,46": 64.99811718677286,
        "2,47": 70.04644822835792,
        "2,48": 57.36562989560743,
        "2,49": 76.39953816558803,
        "2,50": 74.72228095300484,
        "2,51": 61.684079687570154,
        "2,52": 70.16009892518123,
        "2,53": 63.34708655922705,
        "2,54": 64.31692908523301,
        "2,55": 36.15593539831109,
        "2,56": 63.38867636668965,
        "2,57": 24.710074694590425,
        "2,58": 59.29219247757713,
        "2,59": 51.420618162898165,
        "2,60": 80.74761004543421,
        "3,0": 95.83748562482535,
        "3,1": 15.78641626153082,
        "3,2": 24.498769889009623,
        "3,3": 0.0,
        "3,4": 77.51673599501406,
        "3,5": 29.350204038928677,
        "3,6": 52.041974951344464,
        "3,7": 30.398150258165842,
        "3,8": 72.22002691960904,
        "3,9": 80.38279413311152,
        "3,10": 60.570531730334075,
        "3,11": 62.90572881642614,
        "3,12": 71.94596173115491,
        "3,13": 46.178125431133175,
        "3,14": 41.18355831000732,
        "3,15": 67.33731039092379,
        "3,16": 77.77858001980816,
        "3,17": 67.9413884839738,
        "3,18": 19.394752686034956,
        "3,19": 12.56849310068644,
        "3,20": 19.920159170195184,
        "3,21": 8.929884358991277,
        "3,22": 54.063741743487995,
        "3,23": 46.22840617470906,
        "3,24": 16.267969243735433,
        "3,25": 21.968929265579284,
        "3,26": 25.838227288738025,
        "3,27": 72.82066008739424,
        "3,28": 4.602659578010148,
        "3,29": 77.41089579497715,
        "3,30": 39.90273031108539,
        "3,31": 34.4890122524612,
        "3,32": 53.80472384141763,
        "3,33": 28.06464827467603,
        "3,34": 69.78748597514648,
        "3,35": 76.45578069429172,
        "3,36": 60.82233451061669,
        "3,37": 11.615073701552907,
        "3,38": 54.58728323499228,
        "3,39": 77.81604210422266,
        "3,40": 38.81725978418828,
        "3,41": 40.361972586815924,
        "3,42": 45.78057444159676,
        "3,43": 69.52471642296655,
        "3,44": 55.73702524572508,
        "3,45": 36.21949070102746,
        "3,46": 45.782764119194724,
        "3,47": 50.741184566063254,
        "3,48": 41.73090612996659,
        "3,49": 55.96890614068576,
        "3,50": 62.68282026411341,
        "3,51": 48.77498062945661,
        "3,52": 47.301684115101764,
        "3,53": 47.59782806778912,
        "3,54": 39.8272647305316,
        "3,55": 27.876975912501877,
        "3,56": 41.005375059911934,
        "3,57": 34.05486343818522,
        "3,58": 49.635783903427324,
        "3,59": 48.312170740847876,
        "3,60": 59.84545508277329,
        "4,0": 96.87691143979129,
        "4,1": 78.44135701788609,
        "4,2": 89.89720935239936,
        "4,3": 77.51673599501406,
        "4,4": 0.0,
        "4,5": 54.11519584249469,
        "4,6": 105.4839888208406,
        "4,7": 68.13695689254442,
        "4,8": 70.89351184412945,
        "4,9": 95.09851291068465,
        "4,10": 31.22385135018936,
        "4,11": 84.93779808549597,
        "4,12": 94.40013450771224,
        "4,13": 88.41034477542473,
        "4,14": 60.026991096037804,
        "4,15": 57.669650592528306,
        "4,16": 54.47401372634987,
        "4,17": 59.8962845420345,
        "4,18": 80.34786867005552,
        "4,19": 64.96999031301337,
        "4,20": 61.415773367413514,
        "4,21": 76.12165925411932,
        "4,22": 37.099089914552856,
        "4,23": 39.33876941968244,
        "4,24": 92.58008739259994,
        "4,25": 57.36683113233688,
        "4,26": 79.64300907485907,
        "4,27": 36.753477742868945,
        "4,28": 73.09917537612077,
        "4,29": 11.053650631374794,
        "4,30": 87.84252729081453,
        "4,31": 74.95129833001742,
        "4,32": 38.40820624003352,
        "4,33": 92.10875377669551,
        "4,34": 60.687285568708454,
        "4,35": 30.807624953059992,
        "4,36": 34.30651589226487,
        "4,37": 86.15192652863209,
        "4,38": 33.95874627098529,
        "4,39": 7.731733532710772,
        "4,40": 43.213098205316435,
        "4,41": 97.16409830509014,
        "4,42": 100.6583006060859,
        "4,43": 46.11280309997649,
        "4,44": 39.112818093969985,
        "4,45": 95.11026816103362,
        "4,46": 104.97027049495667,
        "4,47": 107.99335801865723,
        "4,48": 108.94145617628487,
        "4,49": 108.11835597372611,
        "4,50": 15.203274158645938,
        "4,51": 117.96614067392963,
        "4,52": 52.304647771121495,
        "4,53": 30.73803786917195,
        "4,54": 70.74981795540111,
        "4,55": 53.789393162616896,
        "4,56": 51.11351571866404,
        "4,57": 71.06542113471846,
        "4,58": 30.79815660289509,
        "4,59": 42.97328342139371,
        "4,60": 39.521486551474176,
        "5,0": 103.57470046371326,
        "5,1": 39.22619074546736,
        "5,2": 35.810406463537625,
        "5,3": 29.350204038928677,
        "5,4": 54.11519584249469,
        "5,5": 0.0,
        "5,6": 76.26659736646188,
        "5,7": 15.975730584724136,
        "5,8": 76.20753820865598,
        "5,9": 92.00654919190812,
        "5,10": 48.40393119030391,
        "5,11": 75.40390549404606,
        "5,12": 85.77480785073021,
        "5,13": 65.11542283841479,
        "5,14": 16.93093771692538,
        "5,15": 66.74666130619411,
        "5,16": 73.67153127601605,
        "5,17": 68.20274713840465,
        "5,18": 26.31037831224251,
        "5,19": 20.02609772383622,
        "5,20": 9.451547351958208,
        "5,21": 33.17530381253011,
        "5,22": 44.637721354615046,
        "5,23": 36.92394758924959,
        "5,24": 41.023706625557395,
        "5,25": 8.600018972497255,
        "5,26": 25.780429529971304,
        "5,27": 62.467470759573324,
        "5,28": 24.912628018647485,
        "5,29": 57.27639361656191,
        "5,30": 36.35330862018624,
        "5,31": 49.986230701953026,
        "5,32": 45.13832833379665,
        "5,33": 38.00051622047557,
        "5,34": 69.99651899824738,
        "5,35": 63.31301905576336,
        "5,36": 50.22188695534826,
        "5,37": 34.2897984262289,
        "5,38": 43.313139822927724,
        "5,39": 56.62168193141065,
        "5,40": 11.079383338440747,
        "5,41": 64.92505509350522,
        "5,42": 70.06289969386218,
        "5,43": 63.52622145005811,
        "5,44": 47.56793222118894,
        "5,45": 61.23640037385343,
        "5,46": 71.67583674713762,
        "5,47": 76.25779434348398,
        "5,48": 69.98152682733206,
        "5,49": 79.99141514869018,
        "5,50": 38.973092832703074,
        "5,51": 77.65023643136695,
        "5,52": 46.97470372598427,
        "5,53": 29.741744428647106,
        "5,54": 51.560610676129805,
        "5,55": 2.570194128960792,
        "5,56": 40.0109195029862,
        "5,57": 20.289146271111306,
        "5,58": 23.493766117044064,
        "5,59": 18.962126906771555,
        "5,60": 51.85764040396962,
        "6,0": 65.54077081877885,
        "6,1": 37.576016732744215,
        "6,2": 72.50199171585825,
        "6,3": 52.041974951344464,
        "6,4": 105.4839888208406,
        "6,5": 76.26659736646188,
        "6,6": 0.0,
        "6,7": 82.04052594591845,
        "6,8": 56.50526128122448,
        "6,9": 46.688958542405146,
        "6,10": 76.56332889134602,
        "6,11": 34.96310889127159,
        "6,12": 36.659134253250954,
        "6,13": 17.989336400672634,
        "6,14": 91.4439013015943,
        "6,15": 62.10473957287542,
        "6,16": 74.19517234349239,
        "6,17": 60.94148892986297,
        "6,18": 70.68484284478468,
        "6,19": 56.47353165114191,
        "6,20": 68.31235663088032,
        "6,21": 44.50036427595294,
        "6,22": 69.43394415612919,
        "6,23": 66.15110819372448,
        "6,24": 56.38088522610002,
        "6,25": 67.66902584329486,
        "6,26": 77.46312281091703,
        "6,27": 81.26353888737601,
        "6,28": 54.69777721938936,
        "6,29": 99.94141058139239,
        "6,30": 90.77708940137155,
        "6,31": 30.691871944180857,
        "6,32": 68.27662209974167,
        "6,33": 75.6779594487973,
        "6,34": 62.008121196222575,
        "6,35": 88.11578360192357,
        "6,36": 74.46343421628089,
        "6,37": 58.30526545101554,
        "6,38": 72.18233203826453,
        "6,39": 101.99375711524056,
        "6,40": 81.7211988157873,
        "6,41": 11.690916709608207,
        "6,42": 6.296522288775996,
        "6,43": 72.29724759345062,
        "6,44": 68.44258327290399,
        "6,45": 15.827320581579116,
        "6,46": 8.561510868542692,
        "6,47": 5.242780323847771,
        "6,48": 20.663518599759445,
        "6,49": 3.9370274088484845,
        "6,50": 94.2404288358915,
        "6,51": 25.945397667889566,
        "6,52": 54.31868000150906,
        "6,53": 76.78428665297452,
        "6,54": 34.96205719695992,
        "6,55": 73.95318100096608,
        "6,56": 54.37948834991074,
        "6,57": 85.97333571473455,
        "6,58": 87.83443182701696,
        "6,59": 93.45440275332417,
        "6,60": 70.14208504127771,
        "7,0": 116.99975164850743,
        "7,1": 44.623727130473405,
        "7,2": 24.595267846588264,
        "7,3": 30.398150258165842,
        "7,4": 68.13695689254442,
        "7,5": 15.975730584724136,
        "7,6": 82.04052594591845,
        "7,7": 0.0,
        "7,8": 90.30010266544053,
        "7,9": 104.1101134133869,
        "7,10": 64.36872480376854,
        "7,11": 86.968266051668,
        "7,12": 97.00263559281838,
        "7,13": 73.79483024387912,
        "7,14": 12.7067914917366,
        "7,15": 81.6581556915464,
        "7,16": 89.1972358591874,
        "7,17": 82.9762086251861,
        "7,18": 16.835921879654432,
        "7,19": 27.33431285173914,
        "7,20": 16.3160106714543,
        "7,21": 37.56864198417134,
        "7,22": 60.421902266013326,
        "7,23": 52.55917688600273,
        "7,24": 35.63770876694794,
        "7,25": 19.937709812804265,
        "7,26": 12.648297716421045,
        "7,27": 78.42085698507542,
        "7,28": 27.344584550475275,
        "7,29": 72.37446615693602,
        "7,30": 20.454684174793712,
        "7,31": 59.69058166549417,
        "7,32": 60.85833025556896,
        "7,33": 25.667223088920583,
        "7,34": 84.80525953699036,
        "7,35": 79.26675152470187,
        "7,36": 66.13755406811887,
        "7,37": 29.4608340144666,
        "7,38": 59.21646504830452,
        "7,39": 71.43154426587736,
        "7,40": 25.350137003905232,
        "7,41": 70.35901490956482,
        "7,42": 75.74594867175938,
        "7,43": 79.1828264101645,
        "7,44": 63.272467890054905,
        "7,45": 66.30311270783677,
        "7,46": 76.11579255848557,
        "7,47": 81.03395199847418,
        "7,48": 71.83648004924862,
        "7,49": 85.93564397407192,
        "7,50": 53.33120283606289,
        "7,51": 78.26138738388046,
        "7,52": 61.39765965534376,
        "7,53": 45.67028618773516,
        "7,54": 62.752456454789815,
        "7,55": 17.770914577083293,
        "7,56": 54.30263651850833,
        "7,57": 4.757548619467466,
        "7,58": 37.425848485131624,
        "7,59": 27.246114053643236,
        "7,60": 67.59736936252568,
        "8,0": 28.18079547772394,
        "8,1": 59.27617335622792,
        "8,2": 96.39388813924927,
        "8,3": 72.22002691960904,
        "8,4": 70.89351184412945,
        "8,5": 76.20753820865598,
        "8,6": 56.50526128122448,
        "8,7": 90.30010266544053,
        "8,8": 0.0,
        "8,9": 24.77078586459498,
        "8,10": 40.728283955233174,
        "8,11": 22.235789194053492,
        "8,12": 27.329549232096625,
        "8,13": 40.39534102446933,
        "8,14": 92.69591844147581,
        "8,15": 13.23589217404159,
        "8,16": 20.73229389318865,
        "8,17": 11.010042437553217,
        "8,18": 89.22242693126205,
        "8,19": 65.4883490830831,
        "8,20": 74.19774837300581,
        "8,21": 63.98573598740294,
        "8,22": 37.76318364845246,
        "8,23": 42.17594134064,
        "8,24": 86.44369851668885,
        "8,25": 70.36565971579283,
        "8,26": 93.85366416581935,
        "8,27": 35.46800694424483,
        "8,28": 70.9487675944319,
        "8,29": 61.284106940555354,
        "8,30": 108.01043130273152,
        "8,31": 40.33415642809961,
        "8,32": 36.53958586186235,
        "8,33": 99.92638626812214,
        "8,34": 10.28930679135673,
        "8,35": 42.808579403333766,
        "8,36": 37.39478699568211,
        "8,37": 83.63000523416717,
        "8,38": 40.90158642698778,
        "8,39": 64.41493545341702,
        "8,40": 73.62406959818229,
        "8,41": 55.90816721754889,
        "8,42": 55.49819993636877,
        "8,43": 25.17756753417469,
        "8,44": 34.624247986935785,
        "8,45": 57.197505465058214,
        "8,46": 61.58918887183423,
        "8,47": 61.336186547652154,
        "8,48": 72.17829213535461,
        "8,49": 56.808988481763386,
        "8,50": 67.06927205842794,
        "8,51": 80.2692359421219,
        "8,52": 29.270772052348654,
        "8,53": 55.113024398394955,
        "8,54": 33.4263689677152,
        "8,55": 73.76882408251888,
        "8,56": 36.199346756652005,
        "8,57": 95.05252503788472,
        "8,58": 71.06945140400416,
        "8,59": 84.21189095796318,
        "8,60": 32.37331330477916,
        "9,0": 18.853284333561895,
        "9,1": 65.13691820977411,
        "9,2": 104.74740817630808,
        "9,3": 80.38279413311152,
        "9,4": 95.09851291068465,
        "9,5": 92.00654919190812,
        "9,6": 46.688958542405146,
        "9,7": 104.1101134133869,
        "9,8": 24.77078586459498,
        "9,9": 0.0,
        "9,10": 64.27950393172429,
        "9,11": 17.485151660612566,
        "9,12": 10.10971276018945,
        "9,13": 37.02462370098818,
        "9,14": 108.93308692784844,
        "9,15": 37.652159753530796,
        "9,16": 44.95174846112553,
        "9,17": 35.454714005909146,
        "9,18": 99.27099634014887,
        "9,19": 77.20113320409618,
        "9,20": 87.83591957250864,
        "9,21": 71.47379221112661,
        "9,22": 60.10037937386173,
        "9,23": 62.67276566228736,
        "9,24": 91.75081438072579,
        "9,25": 84.81078930281429,
        "9,26": 104.94696678213731,
        "9,27": 60.21831241035024,
        "9,28": 80.50325580300621,
        "9,29": 85.81307737365461,
        "9,30": 119.3865131728785,
        "9,31": 45.90781251159411,
        "9,32": 58.78181819853552,
        "9,33": 108.29833745193807,
        "9,34": 34.99779752302552,
        "9,35": 67.57677089902252,
        "9,36": 61.02245110965809,
        "9,37": 90.69286168768416,
        "9,38": 63.39445388019318,
        "9,39": 88.87628303335663,
        "9,40": 91.80605092883391,
        "9,41": 51.28730407976024,
        "9,42": 48.51677175230311,
        "9,43": 49.87882657375936,
        "9,44": 57.263712292659015,
        "9,45": 54.19906493921187,
        "9,46": 54.17992364046684,
        "9,47": 51.92964461958778,
        "9,48": 66.34739975584738,
        "9,49": 45.28641023786775,
        "9,50": 89.9206929572352,
        "9,51": 72.61294057343042,
        "9,52": 47.99535347734129,
        "9,53": 76.05788710556544,
        "9,54": 41.4818760336698,
        "9,55": 89.44647819021309,
        "9,56": 53.67928465126528,
        "9,57": 108.80596173828647,
        "9,58": 91.59186443598988,
        "9,59": 103.24861544661387,
        "9,60": 55.83194806795729,
        "10,0": 68.06700285525162,
        "10,1": 55.89477263582495,
        "10,2": 79.76815476005865,
        "10,3": 60.570531730334075,
        "10,4": 31.22385135018936,
        "10,5": 48.40393119030391,
        "10,6": 76.56332889134602,
        "10,7": 64.36872480376854,
        "10,8": 40.728283955233174,
        "10,9": 64.27950393172429,
        "10,10": 0.0,
        "10,11": 53.73090990868782,
        "10,12": 63.19179007108325,
        "10,13": 58.878541149144006,
        "10,14": 61.89402404766065,
        "10,15": 27.614341948626024,
        "10,16": 28.455127705364298,
        "10,17": 29.80252072614701,
        "10,18": 70.55887255558814,
        "10,19": 48.85656683507987,
        "10,20": 51.30034324651985,
        "10,21": 56.02207563889782,
        "10,22": 7.429236980747521,
        "10,23": 14.366813815489342,
        "10,24": 76.82823021698066,
        "10,25": 46.644004182762124,
        "10,26": 72.57185335683697,
        "10,27": 14.093118151990327,
        "10,28": 57.007984163836866,
        "10,29": 23.6117362584266,
        "10,30": 84.61682881532185,
        "10,31": 47.056357210694344,
        "10,32": 8.396470785667978,
        "10,33": 82.79875062951302,
        "10,34": 30.925709114109715,
        "10,35": 15.930108198890304,
        "10,36": 3.3425637173606053,
        "10,37": 71.42629153307246,
        "10,38": 5.984825991635399,
        "10,39": 26.06178304834761,
        "10,40": 41.16987011165454,
        "10,41": 69.60330861297817,
        "10,42": 72.36202980053177,
        "10,43": 18.14757537788972,
        "10,44": 8.212286890642261,
        "10,45": 68.27511089093232,
        "10,46": 77.29914636992159,
        "10,47": 79.67636092663625,
        "10,48": 83.2321331214899,
        "10,49": 78.8158963658359,
        "10,50": 26.55003896745429,
        "10,51": 92.39377965998104,
        "10,52": 22.259254070770545,
        "10,53": 19.381488361253073,
        "10,54": 41.64671112924247,
        "10,55": 46.67073819917978,
        "10,56": 23.460731113272743,
        "10,57": 68.6591794578428,
        "10,58": 34.024887246228865,
        "10,59": 48.917424106820114,
        "10,60": 8.448989646598982,
        "11,0": 34.13227177279104,
        "11,1": 47.73499339629118,
        "11,2": 87.29376663736615,
        "11,3": 62.90572881642614,
        "11,4": 84.93779808549597,
        "11,5": 75.40390549404606,
        "11,6": 34.96310889127159,
        "11,7": 86.968266051668,
        "11,8": 22.235789194053492,
        "11,9": 17.485151660612566,
        "11,10": 53.73090990868782,
        "11,11": 0.0,
        "11,12": 10.545737413700872,
        "11,13": 21.147071247132953,
        "11,14": 92.32319253869053,
        "11,15": 31.09005733679807,
        "11,16": 41.924047806071314,
        "11,17": 29.328940519914415,
        "11,18": 81.7911678207075,
        "11,19": 59.89947431364086,
        "11,20": 70.75656864521336,
        "11,21": 54.00278016088395,
        "11,22": 48.21731499284438,
        "11,23": 49.044666652990784,
        "11,24": 74.5497406530863,
        "11,25": 67.92556263306298,
        "11,26": 87.50002908078868,
        "11,27": 53.31323625140619,
        "11,28": 63.02835635615582,
        "11,29": 76.81114830625255,
        "11,30": 101.93711924639061,
        "11,31": 28.42428082786388,
        "11,32": 46.874103783051794,
        "11,33": 90.84808534903505,
        "11,34": 29.828844330043115,
        "11,35": 60.74178627972579,
        "11,36": 50.75530378128605,
        "11,37": 73.29447859536195,
        "11,38": 51.50990132284334,
        "11,39": 79.5663195417408,
        "11,40": 76.07632747892319,
        "11,41": 36.522730327320595,
        "11,42": 34.9525794255211,
        "11,43": 43.10962609407707,
        "11,44": 45.88031437231025,
        "11,45": 38.778291205328316,
        "11,46": 41.005756036815825,
        "11,47": 40.01162468969125,
        "11,48": 52.50282703724342,
        "11,49": 34.86400820630372,
        "11,50": 77.62235468061738,
        "11,51": 59.875082014400824,
        "11,52": 34.144367438244615,
        "11,53": 62.28128676838508,
        "11,54": 24.217153549277683,
        "11,55": 72.83433638112167,
        "11,56": 38.70424366883601,
        "11,57": 91.6348741340183,
        "11,58": 77.16719694165214,
        "11,59": 87.78610055315578,
        "11,60": 45.6049872216113,
        "12,0": 28.910614901789142,
        "12,1": 56.42490471901967,
        "12,2": 96.10539281127936,
        "12,3": 71.94596173115491,
        "12,4": 94.40013450771224,
        "12,5": 85.77480785073021,
        "12,6": 36.659134253250954,
        "12,7": 97.00263559281838,
        "12,8": 27.329549232096625,
        "12,9": 10.10971276018945,
        "12,10": 63.19179007108325,
        "12,11": 10.545737413700872,
        "12,12": 0.0,
        "12,13": 27.362991480738494,
        "12,14": 102.67603469176474,
        "12,15": 38.61768327231792,
        "12,16": 48.03674466513961,
        "12,17": 36.59827609967839,
        "12,18": 91.08876951614765,
        "12,19": 69.79082226659482,
        "12,20": 80.87107475093632,
        "12,21": 63.016469244882046,
        "12,22": 58.07148131369945,
        "12,23": 59.353712129062785,
        "12,24": 82.58769936068762,
        "12,25": 78.17794527976292,
        "12,26": 96.99466397645078,
        "12,27": 61.3687161071584,
        "12,28": 72.41734755882266,
        "12,29": 85.84387559702783,
        "12,30": 111.40198021023116,
        "12,31": 37.753333089949095,
        "12,32": 56.727424519874425,
        "12,33": 99.63496385225947,
        "12,34": 36.658635743915845,
        "12,35": 68.83292845463453,
        "12,36": 60.09867667801015,
        "12,37": 81.88610363649369,
        "12,38": 61.38300909435751,
        "12,39": 88.72025537422743,
        "12,40": 86.61118513345981,
        "12,41": 41.25184878252964,
        "12,42": 38.40855189524647,
        "12,43": 50.981615455583295,
        "12,44": 55.56347284338837,
        "12,45": 44.26079610043839,
        "12,46": 44.07541756185457,
        "12,47": 41.901912918323944,
        "12,48": 56.237742450242386,
        "12,49": 35.41361648940593,
        "12,50": 87.69661529049675,
        "12,51": 62.55428027073553,
        "12,52": 44.43561887100437,
        "12,53": 72.6517398903505,
        "12,54": 34.340300067687906,
        "12,55": 83.20461958717303,
        "12,56": 49.20732451313086,
        "12,57": 101.6339594152726,
        "12,58": 87.65298023908277,
        "12,59": 98.33033434560485,
        "12,60": 54.891624782164456,
        "13,0": 54.97106876213079,
        "13,1": 30.391782661505015,
        "13,2": 69.68447881372167,
        "13,3": 46.178125431133175,
        "13,4": 88.41034477542473,
        "13,5": 65.11542283841479,
        "13,6": 17.989336400672634,
        "13,7": 73.79483024387912,
        "13,8": 40.39534102446933,
        "13,9": 37.02462370098818,
        "13,10": 58.878541149144006,
        "13,11": 21.147071247132953,
        "13,12": 27.362991480738494,
        "13,13": 0.0,
        "13,14": 81.42183317709949,
        "13,15": 44.529583891828565,
        "13,16": 56.760813625276874,
        "13,17": 43.5219444418865,
        "13,18": 65.56961691924514,
        "13,19": 46.64080720007213,
        "13,20": 58.46167949583054,
        "13,21": 37.40499075206285,
        "13,22": 51.879640593001135,
        "13,23": 49.25682637098677,
        "13,24": 55.48154166369598,
        "13,25": 56.760495535822365,
        "13,26": 71.87912862669457,
        "13,27": 63.27481978053142,
        "13,28": 47.44268147313877,
        "13,29": 82.38480260230891,
        "13,30": 86.07318839822715,
        "13,31": 15.472544157025313,
        "13,32": 50.680560781278466,
        "13,33": 73.15906332075335,
        "13,34": 44.72341626056872,
        "13,35": 70.1351114480954,
        "13,36": 56.66446198497165,
        "13,37": 55.286466615002304,
        "13,38": 54.74788590503574,
        "13,39": 84.55735232221022,
        "13,40": 68.72005829660348,
        "13,41": 15.63086049216192,
        "13,42": 15.339627494528369,
        "13,43": 54.37756834862217,
        "13,44": 50.706722868115776,
        "13,45": 17.632259017299937,
        "13,46": 21.345459949686973,
        "13,47": 21.96328285624081,
        "13,48": 31.869595015435806,
        "13,49": 19.94394932603888,
        "13,50": 77.94494371571449,
        "13,51": 39.88074665049257,
        "13,52": 36.62546791698991,
        "13,53": 60.75432876539071,
        "13,54": 17.688382930538534,
        "13,55": 62.62364141175512,
        "13,56": 37.42036617059461,
        "13,57": 78.18473198217771,
        "13,58": 73.16605509421706,
        "13,59": 80.68171464689873,
        "13,60": 52.24287786110859,
        "14,0": 120.27689157684837,
        "14,1": 53.89825705487131,
        "14,2": 37.05871313514923,
        "14,3": 41.18355831000732,
        "14,4": 60.026991096037804,
        "14,5": 16.93093771692538,
        "14,6": 91.4439013015943,
        "14,7": 12.7067914917366,
        "14,8": 92.69591844147581,
        "14,9": 108.93308692784844,
        "14,10": 61.89402404766065,
        "14,11": 92.32319253869053,
        "14,12": 102.67603469176474,
        "14,13": 81.42183317709949,
        "14,14": 0.0,
        "14,15": 82.6932153261718,
        "14,16": 88.70334566651687,
        "14,17": 84.26911910798734,
        "14,18": 29.537885236820628,
        "14,19": 35.109553457458055,
        "14,20": 23.180964216642067,
        "14,21": 47.18339815251423,
        "14,22": 59.31111435991132,
