{
    "num_robots": 7,
    "num_tasks": 60,
    "num_nodes": 61,
    "robot_capacity": [
        116,
        109,
        116,
        152,
        125,
        121,
        152
    ],
    "robot_speed": [
        1.11,
        1.05,
        1.18,
        1.1,
        1.03,
        1.14,
        1.13
    ],
    "task_demand": {
        "0": 0,
        "1": 12,
        "2": 8,
        "3": 8,
        "4": 9,
        "5": 8,
        "6": 9,
        "7": 15,
        "8": 12,
        "9": 9,
        "10": 12,
        "11": 11,
        "12": 12,
        "13": 15,
        "14": 14,
        "15": 14,
        "16": 12,
        "17": 12,
        "18": 13,
        "19": 8,
        "20": 6,
        "21": 9,
        "22": 8,
        "23": 7,
        "24": 13,
        "25": 7,
        "26": 11,
        "27": 13,
        "28": 6,
        "29": 10,
        "30": 7,
        "31": 15,
        "32": 15,
        "33": 13,
        "34": 12,
        "35": 11,
        "36": 8,
        "37": 7,
        "38": 9,
        "39": 15,
        "40": 14,
        "41": 13,
        "42": 7,
        "43": 11,
        "44": 14,
        "45": 15,
        "46": 15,
        "47": 6,
        "48": 15,
        "49": 14,
        "50": 9,
        "51": 10,
        "52": 15,
        "53": 9,
        "54": 12,
        "55": 5,
        "56": 12,
        "57": 15,
        "58": 15,
        "59": 10,
        "60": 14
    },
    "task_service_time": {
        "0": 0,
        "1": 86,
        "2": 60,
        "3": 80,
        "4": 53,
        "5": 50,
        "6": 61,
        "7": 27,
        "8": 84,
        "9": 68,
        "10": 54,
        "11": 23,
        "12": 22,
        "13": 85,
        "14": 51,
        "15": 17,
        "16": 100,
        "17": 70,
        "18": 91,
        "19": 92,
        "20": 36,
        "21": 41,
        "22": 88,
        "23": 20,
        "24": 22,
        "25": 60,
        "26": 38,
        "27": 16,
        "28": 12,
        "29": 50,
        "30": 53,
        "31": 58,
        "32": 91,
        "33": 43,
        "34": 93,
        "35": 55,
        "36": 13,
        "37": 96,
        "38": 50,
        "39": 69,
        "40": 19,
        "41": 82,
        "42": 15,
        "43": 61,
        "44": 51,
        "45": 79,
        "46": 25,
        "47": 55,
        "48": 68,
        "49": 29,
        "50": 47,
        "51": 57,
        "52": 77,
        "53": 33,
        "54": 72,
        "55": 39,
        "56": 67,
        "57": 46,
        "58": 23,
        "59": 38,
        "60": 33
    },
    "task_precedence": [],
    "coordinates": {
        "0": [
            50.0,
            50.0
        ],
        "1": [
            91.02518973609742,
            45.81731329431241
        ],
        "2": [
            76.53968841028829,
            90.55721459885517
        ],
        "3": [
            71.66314619615063,
            65.37998960549066
        ],
        "4": [
            62.60209457855831,
            18.386942121124704
        ],
        "5": [
            97.20392705676566,
            53.146493406965476
        ],
        "6": [
            87.99475428651667,
            35.78556829464104
        ],
        "7": [
            16.610667135325276,
            20.09413439324024
        ],
        "8": [
            81.81076538974435,
            86.16955001739953
        ],
        "9": [
            2.9545431353663165,
            65.88626843903016
        ],
        "10": [
            0.2632303566568073,
            83.04130729015657
        ],
        "11": [
            94.85512107555034,
            4.456957208516932
        ],
        "12": [
            81.52264500330195,
            62.03451202643879
        ],
        "13": [
            17.366253797543642,
            51.35500689897643
        ],
        "14": [
            18.90953565083684,
            17.708517859660986
        ],
        "15": [
            29.823015890349158,
            81.98680697824884
        ],
        "16": [
            41.780488844910735,
            13.216069139292408
        ],
        "17": [
            40.742105469786175,
            18.680770224347633
        ],
        "18": [
            13.135013642594195,
            85.77301412402353
        ],
        "19": [
            29.97560156853908,
            63.22117648214014
        ],
        "20": [
            46.762159765835534,
            97.14663674087363
        ],
        "21": [
            70.08519888422232,
            53.84940652554451
        ],
        "22": [
            50.80033904585558,
            55.28593872053138
        ],
        "23": [
            57.686817389763036,
            79.4252647969044
        ],
        "24": [
            22.0654842291083,
            69.90213524087903
        ],
        "25": [
            99.4378525016179,
            14.49956718450236
        ],
        "26": [
            94.84085123328379,
            57.547982454230095
        ],
        "27": [
            22.04232742084471,
            98.527490244696
        ],
        "28": [
            3.3114034418167737,
            71.22329347605617
        ],
        "29": [
            11.507237846586815,
            18.214739946231283
        ],
        "30": [
            53.23470348476982,
            91.34479260497955
        ],
        "31": [
            44.65821653306892,
            14.509414759852401
        ],
        "32": [
            72.48171992038634,
            0.4507388012217062
        ],
        "33": [
            98.6078736074139,
            55.742035458042174
        ],
        "34": [
            57.37105474824523,
            47.781856310362194
        ],
        "35": [
            47.885079601322545,
            52.85810949281278
        ],
        "36": [
            17.83815103566484,
            83.55018297033243
        ],
        "37": [
            88.89509698390202,
            71.09014595927475
        ],
        "38": [
            61.29671107115489,
            78.52466189050256
        ],
        "39": [
            57.7291502815821,
            31.522245325670905
        ],
        "40": [
            13.664184120972745,
            67.6121254314035
        ],
        "41": [
            69.8365296956428,
            6.1005042446593
        ],
        "42": [
            45.389142267061345,
            20.887041598410537
        ],
        "43": [
            41.88724034969853,
            49.11762601486205
        ],
        "44": [
            89.70764752761534,
            31.818708505791882
        ],
        "45": [
            35.51118597232992,
            17.701957622684894
        ],
        "46": [
            26.82638614372833,
            54.835434623198445
        ],
        "47": [
            70.23135370124164,
            90.64824567213192
        ],
        "48": [
            20.507508895219384,
            75.69288573604787
        ],
        "49": [
            61.1942986254982,
            59.64020752451768
        ],
        "50": [
            49.866997954142676,
            45.988761394914846
        ],
        "51": [
            38.129454116074356,
            22.778204725167207
        ],
        "52": [
            55.6126781429203,
            84.74028498838858
        ],
        "53": [
            63.88248089408839,
            47.05843014725656
        ],
        "54": [
            44.84965001146809,
            49.757447580730215
        ],
        "55": [
            93.07582822297935,
            72.06701083700334
        ],
        "56": [
            46.26088909726659,
            8.920471876922765
        ],
        "57": [
            30.16142145493935,
            16.48638594536578
        ],
        "58": [
            27.730651758436974,
            14.221792734534688
        ],
        "59": [
            75.25093473951921,
            75.61696524625495
        ],
        "60": [
            69.63515311575745,
            72.66098004492969
        ]
    },
    "distance_matrix_str_keys": {
        "0,0": 0.0,
        "0,1": 41.23785955842918,
        "0,2": 48.468987166360115,
        "0,3": 26.567573908447052,
        "0,4": 34.03231135582842,
        "0,5": 47.30867943982933,
        "0,6": 40.5666294138309,
        "0,7": 44.82419376673298,
        "0,8": 48.16805106232266,
        "0,9": 49.65529716474401,
        "0,10": 59.711592191110924,
        "0,11": 63.92300550982517,
        "0,12": 33.741763850141226,
        "0,13": 32.66186514733365,
        "0,14": 44.82584959893587,
        "0,15": 37.81886445181625,
        "0,16": 37.69108559320033,
        "0,17": 32.6588849300259,
        "0,18": 51.36862620948027,
        "0,19": 23.995333715407877,
        "0,20": 47.25768683883998,
        "0,21": 20.450749248320225,
        "0,22": 5.346184690555864,
        "0,23": 30.412717240514777,
        "0,24": 34.299156819088665,
        "0,25": 60.86363438096174,
        "0,26": 45.471683259528156,
        "0,27": 56.0048994775664,
        "0,28": 51.28599452622136,
        "0,29": 49.91989077396848,
        "0,30": 41.47113673608614,
        "0,31": 35.890337018419885,
        "0,32": 54.41100087228181,
        "0,33": 48.94585118103206,
        "0,34": 7.6975716644607175,
        "0,35": 3.5555137695765615,
        "0,36": 46.475792689823926,
        "0,37": 44.24503165295124,
        "0,38": 30.68015673024899,
        "0,39": 20.029158291849694,
        "0,40": 40.37918371891708,
        "0,41": 48.173163046859344,
        "0,42": 29.47582663685751,
        "0,43": 8.160603714996082,
        "0,44": 43.67214939265871,
        "0,45": 35.39900102171319,
        "0,46": 23.672722850462566,
        "0,47": 45.404708443142056,
        "0,48": 39.11433763993934,
        "0,49": 14.773148710840156,
        "0,50": 4.013442997119522,
        "0,51": 29.697407253282112,
        "0,52": 35.19075954011894,
        "0,53": 14.190705020304602,
        "0,54": 5.156058250297822,
        "0,55": 48.39917297202554,
        "0,56": 41.249346433096775,
        "0,57": 38.945237522597246,
        "0,58": 42.142662305964976,
        "0,59": 35.96996821860275,
        "0,60": 29.984316808557452,
        "1,0": 41.23785955842918,
        "1,1": 0.0,
        "1,2": 47.0264661377,
        "1,3": 27.524298982875653,
        "1,4": 39.50060254013058,
        "1,5": 9.586118922772021,
        "1,6": 10.479477408368574,
        "1,7": 78.73501829984795,
        "1,8": 41.390924423002744,
        "1,9": 90.3282998471219,
        "1,10": 98.0987206817595,
        "1,11": 41.53730166499412,
        "1,12": 18.796166926159714,
        "1,13": 73.86680508901888,
        "1,14": 77.40007716360522,
        "1,15": 71.09105679899201,
        "1,16": 59.05829058072768,
        "1,17": 57.13825805116053,
        "1,18": 87.54049097800582,
        "1,19": 63.48186094695952,
        "1,20": 67.77842774533798,
        "1,21": 22.42761107545378,
        "1,22": 41.32424809375592,
        "1,23": 47.33858336392638,
        "1,24": 73.04464136272065,
        "1,25": 32.42798353590456,
        "1,26": 12.335634219631933,
        "1,27": 86.81588591580379,
        "1,28": 91.31906775188789,
        "1,29": 84.17248201246487,
        "1,30": 59.168169005766984,
        "1,31": 55.947124275108244,
        "1,32": 49.01006380370603,
        "1,33": 12.489884095521134,
        "1,34": 33.71142582333899,
        "1,35": 43.71089010245986,
        "1,36": 82.34143603147888,
        "1,37": 25.362440064870388,
        "1,38": 44.19901691129164,
        "1,39": 36.234999814885064,
        "1,40": 80.37250167734263,
        "1,41": 45.01537776578762,
        "1,42": 52.00160839269878,
        "1,43": 49.24865616393731,
        "1,44": 14.060471311315343,
        "1,45": 62.22762922067424,
        "1,46": 64.82910530767867,
        "1,47": 49.4185806646558,
        "1,48": 76.58520183362657,
        "1,49": 32.87787203198938,
        "1,50": 41.15854887154511,
        "1,51": 57.69540164037544,
        "1,52": 52.6217037241741,
        "1,53": 27.171069436530043,
        "1,54": 46.34333961914944,
        "1,55": 26.3296741204033,
        "1,56": 58.01051213585026,
        "1,57": 67.56257535449406,
        "1,58": 70.74231730194337,
        "1,59": 33.71715256592681,
        "1,60": 34.32369606026834,
        "2,0": 48.468987166360115,
        "2,1": 47.0264661377,
        "2,2": 0.0,
        "2,3": 25.64514227554148,
        "2,4": 73.50377372168137,
        "2,5": 42.73842321536762,
        "2,6": 55.95669551628889,
        "2,7": 92.50153113888382,
        "2,8": 6.8582689508878145,
        "2,9": 77.61075434211651,
        "2,10": 76.64585387273308,
        "2,11": 88.02675386720928,
        "2,12": 28.95469596529009,
        "2,13": 70.9810429087457,
        "2,14": 92.88792776069876,
        "2,15": 47.496309099956214,
        "2,16": 84.79301112369457,
        "2,17": 80.29751054860796,
        "2,18": 63.58491453623606,
        "2,19": 53.995121662280376,
        "2,20": 30.497896588730963,
        "2,21": 37.27094858719196,
        "2,22": 43.66436771314968,
        "2,23": 21.8940871494957,
        "2,24": 58.25865793559941,
        "2,25": 79.4297906893847,
        "2,26": 37.74310489945868,
        "2,27": 55.0771063935317,
        "2,28": 75.73758792968181,
        "2,29": 97.27617007872895,
        "2,30": 23.31828899156999,
        "2,31": 82.46026988441741,
        "2,32": 90.19780534433498,
        "2,33": 41.22015886070229,
        "2,34": 46.87395644895526,
        "2,35": 47.353026638128306,
        "2,36": 59.11826268072694,
        "2,37": 23.05694868014983,
        "2,38": 19.41985280172376,
        "2,39": 61.959373316531526,
        "2,40": 66.93135406174035,
        "2,41": 84.72230084580012,
        "2,42": 76.3170330328243,
        "2,43": 54.018808378216605,
        "2,44": 60.196405585054904,
        "2,45": 83.61355441174213,
        "2,46": 61.216484600764076,
        "2,47": 6.308991477063872,
        "2,48": 57.970280435328185,
        "2,49": 34.51582700851559,
        "2,50": 51.94015245608334,
        "2,51": 77.90597074675276,
        "2,52": 21.72041502420357,
        "2,53": 45.30286029463023,
        "2,54": 51.661199390373966,
        "2,55": 24.805877429747692,
        "2,56": 87.07102531890403,
        "2,57": 87.39239842913224,
        "2,58": 90.6058424721361,
        "2,59": 14.995730617138735,
        "2,60": 19.181965979600175,
        "3,0": 26.567573908447052,
        "3,1": 27.524298982875653,
        "3,2": 25.64514227554148,
        "3,3": 0.0,
        "3,4": 47.858637342537726,
        "3,5": 28.31942648093865,
        "3,6": 33.80164486443492,
        "3,7": 71.28523081990774,
        "3,8": 23.13395766873018,
        "3,9": 68.71046829138709,
        "3,10": 73.55181931295442,
        "3,11": 65.18806313466767,
        "3,12": 10.411625087379823,
        "3,13": 56.078985940046465,
        "3,14": 71.10212826617835,
        "3,15": 45.015362791591386,
        "3,16": 60.1169510934767,
        "3,17": 56.00828376597175,
        "3,18": 61.979171898470504,
        "3,19": 41.743404882456055,
        "3,20": 40.36308951785866,
        "3,21": 11.638052409349354,
        "3,22": 23.176423051423395,
        "3,23": 19.814326183516865,
        "3,24": 49.80339219114156,
        "3,25": 57.96767802916702,
        "3,26": 24.46520686210816,
        "3,27": 59.67396798066868,
        "3,28": 68.60105638893906,
        "3,29": 76.44144219454124,
        "3,30": 31.839888435245992,
        "3,31": 57.594110907571746,
        "3,32": 64.9344105459168,
        "3,33": 28.616577283378966,
        "3,34": 22.67064563325006,
        "3,35": 26.87366615377138,
        "3,36": 56.80920727260731,
        "3,37": 18.15340225787294,
        "3,38": 16.740531254446655,
        "3,39": 36.61288147448764,
        "3,40": 58.04189893639978,
        "3,41": 59.307621032081094,
        "3,42": 51.671517345889264,
        "3,43": 33.92740836743331,
        "3,44": 38.10464036510816,
        "3,45": 59.834429568419594,
        "3,46": 46.059990140826955,
        "3,47": 25.308788876550977,
        "3,48": 52.18481631915638,
        "3,49": 11.939089906463307,
        "3,50": 29.173477847219694,
        "3,51": 54.2164235219433,
        "3,52": 25.148331197930926,
        "3,53": 19.905232817636747,
        "3,54": 31.032682722597343,
        "3,55": 22.432547883215918,
        "3,56": 61.91083756387308,
        "3,57": 64.13250061683738,
        "3,58": 67.4331163050265,
        "3,59": 10.84748343633343,
        "3,60": 7.5581464469355915,
        "4,0": 34.03231135582842,
        "4,1": 39.50060254013058,
        "4,2": 73.50377372168137,
        "4,3": 47.858637342537726,
        "4,4": 0.0,
        "4,5": 49.04603160749012,
        "4,6": 30.781477543645295,
        "4,7": 46.02310184809516,
        "4,8": 70.45179179802774,
        "4,9": 76.24969766381439,
        "4,10": 89.81269914598487,
        "4,11": 35.132637217851304,
        "4,12": 47.57202525659956,
        "4,13": 55.97476740784134,
        "4,14": 43.6978256339026,
        "4,15": 71.55005806770713,
        "4,16": 21.454071704963344,
        "4,17": 21.861963745049984,
        "4,18": 83.59350929531007,
        "4,19": 55.44904522957353,
        "4,20": 80.33674770282535,
        "4,21": 36.24338879967199,
        "4,22": 38.740384403058066,
        "4,23": 61.235910909492425,
        "4,24": 65.55174979196758,
        "4,25": 37.04031244015265,
        "4,26": 50.72400329837653,
        "4,27": 89.81983169342051,
        "4,28": 79.41703897762903,
        "4,29": 51.0951469128892,
        "4,30": 73.5567533482039,
        "4,31": 18.35804939934555,
        "4,32": 20.47716744151373,
        "4,33": 51.88274396834262,
        "4,34": 29.856737227951708,
        "4,35": 37.48135416186446,
        "4,36": 79.05731211901407,
        "4,37": 58.89779002893915,
        "4,38": 60.15188579888099,
        "4,39": 14.010059828451649,
        "4,40": 69.41208649713113,
        "4,41": 14.258106717076744,
        "4,42": 17.393568485914372,
        "4,43": 37.060492688302425,
        "4,44": 30.251005749997958,
        "4,45": 27.099567023739002,
        "4,46": 51.072437964989405,
        "4,47": 72.66293130373874,
        "4,48": 71.10503018386754,
        "4,49": 41.27727941480921,
        "4,50": 30.398077459868666,
        "4,51": 24.863493689818995,
        "4,52": 66.72044702916374,
        "4,53": 28.70006297466295,
        "4,54": 36.045220222641866,
        "4,55": 61.72680308887357,
        "4,56": 18.88515436701959,
        "4,57": 32.49629804286496,
        "4,58": 35.119310838477496,
        "4,59": 58.61116535542081,
        "4,60": 54.72782751893492,
        "5,0": 47.30867943982933,
        "5,1": 9.586118922772021,
        "5,2": 42.73842321536762,
        "5,3": 28.31942648093865,
        "5,4": 49.04603160749012,
        "5,5": 0.0,
        "5,6": 19.65224119198706,
        "5,7": 87.10758853932896,
        "5,8": 36.43448495591761,
        "5,9": 95.10650996346648,
        "5,10": 101.445544869221,
        "5,11": 48.74615702552791,
        "5,12": 18.024968289025853,
        "5,13": 79.85777041312011,
        "5,14": 85.94103697603451,
        "5,15": 73.29359369349045,
        "5,16": 68.3095621814375,
        "5,17": 66.15000658670219,
        "5,18": 90.17800206669074,
        "5,19": 67.97901872648757,
        "5,20": 66.93567435110228,
        "5,21": 27.127836341082688,
        "5,22": 46.45288157408555,
        "5,23": 47.457094118778336,
        "5,24": 76.98400563644068,
        "5,25": 38.711436673645494,
        "5,26": 4.995721487504579,
        "5,27": 87.79920804777558,
        "5,28": 95.61682222036879,
        "5,29": 92.54269253391917,
        "5,30": 58.244336060643334,
        "5,31": 65.22174132007927,
        "5,32": 58.20678722591387,
        "5,33": 2.950915867317212,
        "5,34": 40.192499891461665,
        "5,35": 49.31969058718039,
        "5,36": 84.99006261026716,
        "5,37": 19.774006273330613,
        "5,38": 43.97021259234593,
        "5,39": 45.00962237713114,
        "5,40": 84.78291785286001,
        "5,41": 54.42701107521361,
        "5,42": 61.036416619849604,
        "5,43": 55.4632094339209,
        "5,44": 22.60682674702238,
        "5,45": 71.14990807776475,
        "5,46": 70.39780385351615,
        "5,47": 46.19416777448254,
        "5,48": 79.94173106624393,
        "5,49": 36.59045863061083,
        "5,50": 47.87502464148807,
        "5,51": 66.42308567570093,
        "5,52": 52.230256104138,
        "5,53": 33.873046639273795,
        "5,54": 52.463853809533425,
        "5,55": 19.365618497788144,
        "5,56": 67.46209377805262,
        "5,57": 76.41113162666124,
        "5,58": 79.63459237740658,
        "5,59": 31.414263899722098,
        "5,60": 33.776507891635234,
        "6,0": 40.5666294138309,
        "6,1": 10.479477408368574,
        "6,2": 55.95669551628889,
        "6,3": 33.80164486443492,
        "6,4": 30.781477543645295,
        "6,5": 19.65224119198706,
        "6,6": 0.0,
        "6,7": 73.08836430165145,
        "6,8": 50.7620658850156,
        "6,9": 90.21025253159789,
        "6,10": 99.64900982482396,
        "6,11": 32.07096046372317,
        "6,12": 27.035074359227472,
        "6,13": 72.32421793407124,
        "6,14": 71.4111138855045,
        "6,15": 74.28664485580062,
        "6,16": 51.4309306004713,
        "6,17": 50.25322812738277,
        "6,18": 90.01514044770906,
        "6,19": 64.1789270612245,
        "6,20": 73.92771856191793,
        "6,21": 25.43726452156561,
        "6,22": 41.99629712059934,
        "6,23": 53.13185626107239,
        "6,24": 74.23347486477931,
        "6,25": 24.166885194854505,
        "6,26": 22.813849159184347,
        "6,27": 91.02895901557149,
        "6,28": 91.79924986795938,
        "6,29": 78.47976924021769,
        "6,30": 65.53692499428495,
        "6,31": 48.277636786527786,
        "6,32": 38.590211331032606,
        "6,33": 22.60307243193964,
        "6,34": 32.88954088409355,
        "6,35": 43.591944970549015,
        "6,36": 84.87288963393851,
        "6,37": 35.31605613670485,
        "6,38": 50.392614864929726,
        "6,39": 30.56440263642101,
        "6,40": 80.857673725593,
        "6,41": 34.798335419156686,
        "6,42": 45.13539933655898,
        "6,43": 47.99631865559257,
        "6,44": 4.320877207210345,
        "6,45": 55.51163768008284,
        "6,46": 64.06611170023969,
        "6,47": 57.66673017763014,
        "6,48": 78.40358586107136,
        "6,49": 35.87907797624942,
        "6,50": 39.46936726605026,
        "6,51": 51.533869135907004,
        "6,52": 58.695512110678074,
        "6,53": 26.617271507413356,
        "6,54": 45.35100256543247,
        "6,55": 36.63550716589764,
        "6,56": 49.63314325294942,
        "6,57": 60.96845762981524,
        "6,58": 64.00592527197416,
        "6,59": 41.820391195724994,
        "6,60": 41.193093436918154,
        "7,0": 44.82419376673298,
        "7,1": 78.73501829984795,
        "7,2": 92.50153113888382,
        "7,3": 71.28523081990774,
        "7,4": 46.02310184809516,
        "7,5": 87.10758853932896,
        "7,6": 73.08836430165145,
        "7,7": 0.0,
        "7,8": 92.82786953437687,
        "7,9": 47.78503178998469,
        "7,10": 65.03526170430038,
        "7,11": 79.79170309443478,
        "7,12": 77.28234045852903,
        "7,13": 31.270002574736303,
        "7,14": 3.3129990487316827,
        "7,15": 63.28719522414827,
        "7,16": 26.092675342514877,
        "7,17": 24.172792854029062,
        "7,18": 65.77077930123856,
        "7,19": 45.15045106908509,
        "7,20": 82.74177074416382,
        "7,21": 63.23720378455799,
        "7,22": 49.06522961487139,
        "7,23": 72.16254675870128,
        "7,24": 50.105807826688256,
        "7,25": 83.01591304054473,
        "7,26": 86.73380216833685,
        "7,27": 78.62120733986714,
        "7,28": 52.83049614858233,
        "7,29": 5.438484530878216,
        "7,30": 80.11227330522789,
        "7,31": 28.59814890167574,
        "7,32": 59.223623071335425,
        "7,33": 89.41093176761015,
        "7,34": 49.27493422943712,
        "7,35": 45.29422633646296,
        "7,36": 63.4679195952087,
        "7,37": 88.46260223493846,
        "7,38": 73.5592894626044,
        "7,39": 42.67705912704093,
        "7,40": 47.6092557645762,
        "7,41": 55.03466298638599,
        "7,42": 28.789396185817484,
        "7,43": 38.48724749020022,
        "7,44": 74.03130540920884,
        "7,45": 19.051302370430005,
        "7,46": 36.21213686772353,
        "7,47": 88.61749627559152,
        "7,48": 55.73514624167598,
        "7,49": 59.595235522278806,
        "7,50": 42.1487277042437,
        "7,51": 21.685534963878265,
        "7,52": 75.50020959843198,
        "7,53": 54.42148125100279,
        "7,54": 40.955491733566134,
        "7,55": 92.45593948470565,
        "7,56": 31.685744372208543,
        "7,57": 14.022795423655017,
        "7,58": 12.575311311248292,
        "7,59": 80.75559256561715,
        "7,60": 74.66504788224266,
        "8,0": 48.16805106232266,
        "8,1": 41.390924423002744,
        "8,2": 6.8582689508878145,
        "8,3": 23.13395766873018,
        "8,4": 70.45179179802774,
        "8,5": 36.43448495591761,
        "8,6": 50.7620658850156,
        "8,7": 92.82786953437687,
        "8,8": 0.0,
        "8,9": 81.42306368480176,
        "8,10": 81.60751419160609,
        "8,11": 82.74722375287325,
        "8,12": 24.13675769821212,
        "8,13": 73.2471670913069,
        "8,14": 92.97030508054566,
        "8,15": 52.15574213203594,
        "8,16": 83.21438224542797,
        "8,17": 79.00234316510003,
        "8,18": 68.67689654280348,
        "8,19": 56.68784751853771,
        "8,20": 36.72739017565724,
        "8,21": 34.38139882566616,
        "8,22": 43.765785595208875,
        "8,23": 25.04895706893186,
        "8,24": 61.92033110759995,
        "8,25": 73.80583065935478,
        "8,26": 31.448008949106455,
        "8,27": 61.032654078809614,
        "8,28": 79.90957646509827,
        "8,29": 97.77751375863501,
        "8,30": 29.04090993473239,
        "8,31": 80.71856584254705,
        "8,32": 86.22497135797775,
        "8,33": 34.755956133244354,
        "8,34": 45.50730144037899,
        "8,35": 47.545811866428416,
        "8,36": 64.02621706006877,
        "8,37": 16.660617662144784,
        "8,38": 21.892252946163605,
        "8,39": 59.71810526371624,
        "8,40": 70.62814273281028,
        "8,41": 80.95946153115808,
        "8,42": 74.75520407547643,
        "8,43": 54.46772368947484,
        "8,44": 54.92153239412862,
        "8,45": 82.65266034773624,
        "8,46": 63.28592851974937,
        "8,47": 12.415373124459522,
        "8,48": 62.192039291999954,
        "8,49": 33.59828440480098,
        "8,50": 51.33127752457171,
        "8,51": 76.98389190308758,
        "8,52": 26.237045830568622,
        "8,53": 43.0244474973691,
        "8,54": 51.88415224193943,
        "8,55": 18.049466805735356,
        "8,56": 85.03654377950669,
        "8,57": 86.73752408263537,
        "8,58": 90.00632460226974,
        "8,59": 12.425313819450423,
        "8,60": 18.185901048547866,
        "9,0": 49.65529716474401,
        "9,1": 90.3282998471219,
        "9,2": 77.61075434211651,
        "9,3": 68.71046829138709,
        "9,4": 76.24969766381439,
        "9,5": 95.10650996346648,
        "9,6": 90.21025253159789,
        "9,7": 47.78503178998469,
        "9,8": 81.42306368480176,
        "9,9": 0.0,
        "9,10": 17.364864596549594,
        "9,11": 110.54083636373979,
        "9,12": 78.6624602881975,
        "9,13": 20.465946500363973,
        "9,14": 50.75093533184021,
        "9,15": 31.32318900492287,
        "9,16": 65.4339663669763,
        "9,17": 60.46700694489567,
        "9,18": 22.34109741458864,
        "9,19": 27.15216960000833,
        "9,20": 53.81744978358844,
        "9,21": 68.20125355149811,
        "9,22": 49.00599123014532,
        "9,23": 56.38196757330334,
        "9,24": 19.528319324987184,
        "9,25": 109.31432683818667,
        "9,26": 92.26386415617831,
        "9,27": 37.81260199848234,
        "9,28": 5.348942467830664,
        "9,29": 48.43266682377788,
        "9,30": 56.35806044808459,
        "9,31": 66.17233159587086,
        "9,32": 95.47689171038161,
        "9,33": 96.18973486379566,
        "9,34": 57.34916280678599,
        "9,35": 46.78125727945463,
        "9,36": 23.098390868174782,
        "9,37": 86.09796244417618,
        "9,38": 59.69537292355226,
        "9,39": 64.66176360537781,
        "9,40": 10.847810488697938,
        "9,41": 89.70806946174865,
        "9,42": 61.85164201313652,
        "9,43": 42.390355992047084,
        "9,44": 93.20246649900011,
        "9,45": 58.15206618564624,
        "9,46": 26.30562328934656,
        "9,47": 71.68908394176427,
        "9,48": 20.10662452468691,
        "9,49": 58.573734698225856,
        "9,50": 50.95771976545215,
        "9,51": 55.63793238123792,
        "9,52": 55.93168263620596,
        "9,53": 63.77069149908826,
        "9,54": 44.892525462922244,
        "9,55": 90.33298180860038,
        "9,56": 71.55795957492921,
        "9,57": 56.3964770024148,
        "9,58": 57.298111734354734,
        "9,59": 72.94830155209347,
        "9,60": 67.02387980936456,
        "10,0": 59.711592191110924,
        "10,1": 98.0987206817595,
        "10,2": 76.64585387273308,
        "10,3": 73.55181931295442,
        "10,4": 89.81269914598487,
        "10,5": 101.445544869221,
        "10,6": 99.64900982482396,
        "10,7": 65.03526170430038,
        "10,8": 81.60751419160609,
        "10,9": 17.364864596549594,
        "10,10": 0.0,
        "10,11": 122.97611909443555,
        "10,12": 83.93079241832024,
        "10,13": 36.00743039012403,
        "10,14": 67.94157840301652,
        "10,15": 29.578588399477432,
        "10,16": 81.23574727424736,
        "10,17": 76.03169116772091,
        "10,18": 13.15845838942893,
        "10,19": 35.716419029342404,
        "10,20": 48.59126212718756,
        "10,21": 75.67875764912706,
        "10,22": 57.65726180716205,
        "10,23": 57.537327979857835,
        "10,24": 25.45537499349287,
        "10,25": 120.55528115477503,
        "10,26": 97.95323364684319,
        "10,27": 26.72360251599297,
        "10,28": 12.20478634255272,
        "10,29": 65.79446434184325,
        "10,30": 53.618325540209476,
        "10,31": 81.65497591322271,
        "10,32": 109.71195120948288,
        "10,33": 102.06330926774007,
        "10,34": 67.11581400934524,
        "10,35": 56.381432712864346,
        "10,36": 17.582286294202426,
        "10,37": 89.43398704623735,
        "10,38": 61.20037462134709,
        "10,39": 77.1786609013038,
        "10,40": 20.436369898389692,
        "10,41": 103.73201605193138,
        "10,42": 76.80820704472764,
        "10,43": 53.69706099190723,
        "10,44": 103.07307305633445,
        "10,45": 74.24048080429297,
        "10,46": 38.74496739284841,
        "10,47": 70.38042196456489,
        "10,48": 21.53671546182924,
        "10,49": 65.27025777966251,
        "10,50": 61.914658338590414,
        "10,51": 71.17227291970312,
        "10,52": 55.37551711237918,
        "10,53": 73.09019418790406,
        "10,54": 55.63959143264549,
        "10,55": 93.45915420833528,
        "10,56": 87.2334961581461,
        "10,57": 72.96204072091672,
        "10,58": 74.09848056562579,
        "10,59": 75.35434070706482,
        "10,60": 70.14424324926904,
        "11,0": 63.92300550982517,
        "11,1": 41.53730166499412,
        "11,2": 88.02675386720928,
        "11,3": 65.18806313466767,
        "11,4": 35.132637217851304,
        "11,5": 48.74615702552791,
        "11,6": 32.07096046372317,
        "11,7": 79.79170309443478,
        "11,8": 82.74722375287325,
        "11,9": 110.54083636373979,
        "11,10": 122.97611909443555,
        "11,11": 0.0,
        "11,12": 59.10101299493836,
        "11,13": 90.57566790699003,
        "11,14": 77.09303344137786,
        "11,15": 101.1931435925195,
        "11,16": 53.79255179142836,
        "11,17": 55.951186892317054,
        "11,18": 115.28433142079545,
        "11,19": 87.5361954753525,
        "11,20": 104.42370238288197,
        "11,21": 55.25543498063862,
        "11,22": 67.26372857069866,
        "11,23": 83.67634039288517,
        "11,24": 97.88463903965977,
        "11,25": 11.038815264928987,
        "11,26": 53.091027163442135,
        "11,27": 118.95784171509501,
        "11,28": 113.30488028675052,
        "11,29": 84.47571381531552,
        "11,30": 96.34186577139627,
        "11,31": 51.19356530335032,
        "11,32": 22.729251311401462,
        "11,33": 51.42219756705595,
        "11,34": 57.28963353535159,
        "11,35": 67.44520990061693,
        "11,36": 110.3963406799978,
        "11,37": 66.89920575213989,
        "11,38": 81.31538451536059,
        "11,39": 45.94417839355862,
        "11,40": 102.86176897576327,
        "11,41": 25.072518052537056,
        "11,42": 52.123226421058284,
        "11,43": 69.28327162322888,
        "11,44": 27.841729795050774,
        "11,45": 60.80405142345818,
        "11,46": 84.65163768673159,
        "11,47": 89.6396571095749,
        "11,48": 102.96662056266776,
        "11,49": 64.63932304296148,
        "11,50": 61.22762432892717,
        "11,51": 59.61098390870385,
        "11,52": 89.36096489368855,
        "11,53": 52.67057941925906,
        "11,54": 67.47356196543765,
        "11,55": 67.63346238883544,
        "11,56": 48.79879450103587,
        "11,57": 65.8025981731479,
        "11,58": 67.83101351118286,
        "11,59": 73.8110483994691,
        "11,60": 72.7175048730558,
        "12,0": 33.741763850141226,
        "12,1": 18.796166926159714,
        "12,2": 28.95469596529009,
        "12,3": 10.411625087379823,
        "12,4": 47.57202525659956,
        "12,5": 18.024968289025853,
        "12,6": 27.035074359227472,
        "12,7": 77.28234045852903,
        "12,8": 24.13675769821212,
        "12,9": 78.6624602881975,
        "12,10": 83.93079241832024,
        "12,11": 59.10101299493836,
        "12,12": 0.0,
        "12,13": 65.03917559681854,
        "12,14": 76.71502604872772,
        "12,15": 55.41611430135553,
        "12,16": 62.94981606044235,
        "12,17": 59.519739018976125,
        "12,18": 72.39050079233527,
        "12,19": 51.560700726384184,
        "12,20": 49.40802197929144,
        "12,21": 14.064534325302754,
        "12,22": 31.454782227956223,
        "12,23": 29.505676741023944,
        "12,24": 59.9754404933612,
        "12,25": 50.798874405183966,
        "12,26": 14.053596151399478,
        "12,27": 69.78284630873239,
        "12,28": 78.74917149480251,
        "12,29": 82.59739502237301,
        "12,30": 40.734508502603504,
        "12,31": 60.1466620573031,
        "12,32": 62.24387079070402,
        "12,33": 18.20714963465137,
        "12,34": 28.04349312780349,
        "12,35": 34.866777448332954,
        "12,36": 67.22082168554559,
        "12,37": 11.677223733909702,
        "12,38": 26.09623432541293,
        "12,39": 38.692748807642225,
        "12,40": 68.0873004650195,
        "12,41": 57.14174058878566,
        "12,42": 54.76079201961351,
        "12,43": 41.687063296554655,
        "12,44": 31.304776771626315,
        "12,45": 63.89389440408697,
        "12,46": 55.1679929732026,
        "12,47": 30.760998235015936,
        "12,48": 62.52517898158454,
        "12,49": 20.46886319520179,
        "12,50": 35.49008457907641,
        "12,51": 58.51518331430946,
        "12,52": 34.45110315368269,
        "12,53": 23.13997446523994,
        "12,54": 38.67343885763396,
        "12,55": 15.3012115497896,
        "12,56": 63.75337395449138,
        "12,57": 68.64843096445978,
        "12,58": 71.96967877753809,
        "12,59": 14.960527567613786,
        "12,60": 15.944725959528,
        "13,0": 32.66186514733365,
        "13,1": 73.86680508901888,
        "13,2": 70.9810429087457,
        "13,3": 56.078985940046465,
        "13,4": 55.97476740784134,
        "13,5": 79.85777041312011,
        "13,6": 72.32421793407124,
        "13,7": 31.270002574736303,
        "13,8": 73.2471670913069,
        "13,9": 20.465946500363973,
        "13,10": 36.00743039012403,
        "13,11": 90.57566790699003,
        "13,12": 65.03917559681854,
        "13,13": 0.0,
        "13,14": 33.68186371849809,
        "13,15": 33.06778035994055,
        "13,16": 45.2839203954907,
        "13,17": 40.175069180678975,
        "13,18": 34.67711946791791,
        "13,19": 17.314780731684337,
        "13,20": 54.4150039168793,
        "13,21": 52.77792342020729,
        "13,22": 33.6643770383042,
        "13,23": 49.1292909255812,
        "13,24": 19.13318416730342,
        "13,25": 89.96705369405979,
        "13,26": 77.72172279393942,
        "13,27": 47.4036797045622,
        "13,28": 24.33696016413806,
        "13,29": 33.654202733281,
        "13,30": 53.71897843199484,
        "13,31": 45.85246874531379,
        "13,32": 75.02638946734882,
        "13,33": 81.35998284727918,
        "13,34": 40.16405736767849,
        "13,35": 30.55581852690251,
        "13,36": 32.1986342764559,
        "13,37": 74.20142263668508,
        "13,38": 51.653414491465554,
        "13,39": 44.972234147357945,
        "13,40": 16.673308695863863,
        "13,41": 69.28996942784894,
        "13,42": 41.395400562520415,
        "13,43": 24.622848225003565,
        "13,44": 74.93293135675931,
        "13,45": 38.233052313673575,
        "13,46": 10.080053628372376,
        "13,47": 65.86863746208951,
        "13,48": 24.539760183763896,
        "13,49": 44.60428301011758,
        "13,50": 32.940779613460386,
        "13,51": 35.32342154928457,
        "13,52": 50.767763081644674,
        "13,53": 46.714237177553734,
        "13,54": 27.529788652056016,
        "13,55": 78.49157131061546,
        "13,56": 51.33799481516486,
        "13,57": 37.14211952201221,
        "13,58": 38.5525140460913,
        "13,59": 62.76367508837725,
        "13,60": 56.44450662051758,
        "14,0": 44.82584959893587,
        "14,1": 77.40007716360522,
        "14,2": 92.88792776069876,
        "14,3": 71.10212826617835,
        "14,4": 43.6978256339026,
        "14,5": 85.94103697603451,
        "14,6": 71.4111138855045,
        "14,7": 3.3129990487316827,
        "14,8": 92.97030508054566,
        "14,9": 50.75093533184021,
        "14,10": 67.94157840301652,
        "14,11": 77.09303344137786,
        "14,12": 76.71502604872772,
        "14,13": 33.68186371849809,
        "14,14": 0.0,
        "14,15": 65.19817867817316,
        "14,16": 23.307994240403016,
        "14,17": 21.854207365171956,
        "14,18": 68.30900933365307,
        "14,19": 46.838658283316114,
        "14,20": 84.1794713779855,
        "14,21": 62.650717002574446,
