{
    "num_robots": 4,
    "num_tasks": 40,
    "num_nodes": 41,
    "robot_capacity": [
        111,
        143,
        132,
        105
    ],
    "robot_speed": [
        1.05,
        0.93,
        1.01,
        1.03
    ],
    "task_demand": {
        "0": 0,
        "1": 15,
        "2": 15,
        "3": 13,
        "4": 10,
        "5": 11,
        "6": 7,
        "7": 8,
        "8": 13,
        "9": 11,
        "10": 7,
        "11": 14,
        "12": 14,
        "13": 14,
        "14": 15,
        "15": 9,
        "16": 11,
        "17": 5,
        "18": 12,
        "19": 5,
        "20": 12,
        "21": 7,
        "22": 5,
        "23": 8,
        "24": 13,
        "25": 13,
        "26": 7,
        "27": 14,
        "28": 5,
        "29": 8,
        "30": 5,
        "31": 5,
        "32": 8,
        "33": 14,
        "34": 12,
        "35": 12,
        "36": 14,
        "37": 12,
        "38": 8,
        "39": 6,
        "40": 7
    },
    "task_service_time": {
        "0": 0,
        "1": 13,
        "2": 41,
        "3": 74,
        "4": 37,
        "5": 16,
        "6": 57,
        "7": 26,
        "8": 18,
        "9": 94,
        "10": 74,
        "11": 29,
        "12": 49,
        "13": 80,
        "14": 29,
        "15": 25,
        "16": 42,
        "17": 46,
        "18": 69,
        "19": 96,
        "20": 43,
        "21": 79,
        "22": 46,
        "23": 100,
        "24": 61,
        "25": 91,
        "26": 63,
        "27": 42,
        "28": 64,
        "29": 89,
        "30": 60,
        "31": 57,
        "32": 96,
        "33": 61,
        "34": 44,
        "35": 20,
        "36": 31,
        "37": 85,
        "38": 49,
        "39": 97,
        "40": 19
    },
    "task_precedence": [],
    "coordinates": {
        "0": [
            50.0,
            50.0
        ],
        "1": [
            39.0948449097436,
            44.1769492901618
        ],
        "2": [
            46.58262930654443,
            0.44028300588799807
        ],
        "3": [
            65.20437472357882,
            31.0777373888663
        ],
        "4": [
            83.55741727935553,
            46.98375238673959
        ],
        "5": [
            67.27647305779728,
            84.74436268381929
        ],
        "6": [
            38.93127808767277,
            54.990772970530834
        ],
        "7": [
            55.047895937973955,
            11.261699441186545
        ],
        "8": [
            33.88804391877378,
            39.431936207657316
        ],
        "9": [
            47.45386577379723,
            76.21810073772515
        ],
        "10": [
            7.368085892951504,
            82.68615173646947
        ],
        "11": [
            64.91688494256809,
            26.014290787074113
        ],
        "12": [
            6.580868640397497,
            34.53679004075334
        ],
        "13": [
            35.62201857905205,
            86.08565700056408
        ],
        "14": [
            50.853631975798294,
            32.55107683963415
        ],
        "15": [
            51.6884459818958,
            38.44111840157053
        ],
        "16": [
            62.81541915955668,
            38.90563612754556
        ],
        "17": [
            68.6835181520757,
            31.230557705690153
        ],
        "18": [
            1.6984281393789713,
            96.6698310279898
        ],
        "19": [
            75.27170133440522,
            90.8451562153058
        ],
        "20": [
            49.40739327142851,
            94.86988065558853
        ],
        "21": [
            59.905684440196275,
            88.17675143185191
        ],
        "22": [
            0.4658840397292807,
            24.752645777515404
        ],
        "23": [
            7.457644391884344,
            46.89240727266185
        ],
        "24": [
            42.44927981246137,
            71.60353024147923
        ],
        "25": [
            0.23608264360734932,
            51.53445248459083
        ],
        "26": [
            20.135596028852042,
            15.853434992120564
        ],
        "27": [
            42.79174081789267,
            7.476296720311848
        ],
        "28": [
            23.716664766615715,
            25.598898409095096
        ],
        "29": [
            77.08601230087623,
            93.30580503410455
        ],
        "30": [
            11.317455813962995,
            91.47565359302746
        ],
        "31": [
            32.51244752387181,
            4.311168175912783
        ],
        "32": [
            52.219302485649955,
            42.411956539822825
        ],
        "33": [
            18.673143649593406,
            18.62538404781372
        ],
        "34": [
            29.921716361539286,
            8.058119235334281
        ],
        "35": [
            92.9390700293663,
            12.051470825844813
        ],
        "36": [
            13.64020910150543,
            69.14710642349714
        ],
        "37": [
            92.66055113334073,
            88.19760536640672
        ],
        "38": [
            70.13984887171586,
            67.35355981607142
        ],
        "39": [
            23.3502278183198,
            1.5056294789140279
        ],
        "40": [
            85.43607428193874,
            78.19372394823638
        ]
    },
    "distance_matrix_str_keys": {
        "0,0": 0.0,
        "0,1": 12.362456354296755,
        "0,2": 49.67739899585085,
        "0,3": 24.27395791913035,
        "0,4": 33.69269956719539,
        "0,5": 38.80267077949106,
        "0,6": 12.141845807611546,
        "0,7": 39.06580581001217,
        "0,8": 19.26860402526314,
        "0,9": 26.3414427431632,
        "0,10": 53.72024400326442,
        "0,11": 28.24584399229119,
        "0,12": 46.090474398363085,
        "0,13": 38.84457479370168,
        "0,14": 17.469791269687715,
        "0,15": 11.681549282534897,
        "0,16": 16.95051261671914,
        "0,17": 26.48331200168079,
        "0,18": 67.16483434348555,
        "0,19": 48.031090707874974,
        "0,20": 44.87379383093774,
        "0,21": 39.44092968121002,
        "0,22": 55.59727996225316,
        "0,23": 42.65570481478854,
        "0,24": 22.88505831858445,
        "0,25": 49.787568881010294,
        "0,26": 45.363757851276546,
        "0,27": 43.130318119107294,
        "0,28": 35.86401357684499,
        "0,29": 51.078809814003044,
        "0,30": 56.714804642822465,
        "0,31": 48.92120036400437,
        "0,32": 7.905928603038967,
        "0,33": 44.33664911725052,
        "0,34": 46.50009501005257,
        "0,35": 57.30492650260125,
        "0,36": 41.09313906937475,
        "0,37": 57.26237576915686,
        "0,38": 26.58494970590547,
        "0,39": 55.33456722132945,
        "0,40": 45.283566893349274,
        "1,0": 12.362456354296755,
        "1,1": 0.0,
        "1,2": 44.37299733886485,
        "1,3": 29.211246114032726,
        "1,4": 44.55107726358519,
        "1,5": 49.39553820465035,
        "1,6": 10.815060642242946,
        "1,7": 36.57750004756732,
        "1,8": 7.044567106125329,
        "1,9": 33.113571475927735,
        "1,10": 49.89534959052103,
        "1,11": 31.569921054012376,
        "1,12": 33.91299637598478,
        "1,13": 42.05235195181211,
        "1,14": 16.535718415017627,
        "1,15": 13.8382998936658,
        "1,16": 24.29922602058071,
        "1,17": 32.29703762421529,
        "1,18": 64.45149044362283,
        "1,19": 59.04817083008279,
        "1,20": 51.731247270213345,
        "1,21": 48.67313047740128,
        "1,22": 43.23771715584097,
        "1,23": 31.75352214577081,
        "1,24": 27.63095322633187,
        "1,25": 39.54916254628065,
        "1,26": 34.08334755153804,
        "1,27": 36.88637876518273,
        "1,28": 24.11705618548823,
        "1,29": 62.104534991014916,
        "1,30": 54.85208085121579,
        "1,31": 40.4055498563594,
        "1,32": 13.24260495788177,
        "1,33": 32.70975953278762,
        "1,34": 37.265482311267526,
        "1,35": 62.69965666009586,
        "1,36": 35.65735872710567,
        "1,37": 69.33327516146738,
        "1,38": 38.742064303139266,
        "1,39": 45.48334312459168,
        "1,40": 57.48608960317815,
        "2,0": 49.67739899585085,
        "2,1": 44.37299733886485,
        "2,2": 0.0,
        "2,3": 35.852796452242295,
        "2,4": 59.44265713812435,
        "2,5": 86.8067567620416,
        "2,6": 55.08447268384374,
        "2,7": 13.739133626518946,
        "2,8": 41.00611561187487,
        "2,9": 75.78282597779925,
        "2,10": 91.11620787974336,
        "2,11": 31.467043135941978,
        "2,12": 52.561512995444886,
        "2,13": 86.34387687733023,
        "2,14": 32.393588014206195,
        "2,15": 38.34231154601994,
        "2,16": 41.750291701805736,
        "2,17": 37.90105940276347,
        "2,18": 106.18247231512636,
        "2,19": 94.84779361603881,
        "2,20": 94.47183815159752,
        "2,21": 88.7422767904593,
        "2,22": 52.132956731261,
        "2,23": 60.73355162896519,
        "2,24": 71.2831840980334,
        "2,25": 68.98272640522562,
        "2,26": 30.610632521104062,
        "2,27": 7.992266544788964,
        "2,28": 33.997180226421236,
        "2,29": 97.74692606763685,
        "2,30": 97.62720501683783,
        "2,31": 14.592935530487699,
        "2,32": 42.34847652238806,
        "2,33": 33.31121867390329,
        "2,34": 18.31986487340189,
        "2,35": 47.78848479580422,
        "2,36": 76.19600142464095,
        "2,37": 99.11872934902037,
        "2,38": 70.93891179823615,
        "2,39": 23.256814958580442,
        "2,40": 86.92058309072284,
        "3,0": 24.27395791913035,
        "3,1": 29.211246114032726,
        "3,2": 35.852796452242295,
        "3,3": 0.0,
        "3,4": 24.28652886204039,
        "3,5": 53.70661283357534,
        "3,6": 35.52617172690595,
        "3,7": 22.267227516382135,
        "3,8": 32.41149816006459,
        "3,9": 48.50497882942818,
        "3,10": 77.51428730997685,
        "3,11": 5.071601508733355,
        "3,12": 58.725467309620655,
        "3,13": 62.45788192909384,
        "3,14": 14.426175742384547,
        "3,15": 15.391546695784223,
        "3,16": 8.184320823983425,
        "3,17": 3.482498104132605,
        "3,18": 91.29801750048459,
        "3,19": 60.60936741349549,
        "3,20": 65.7189635155759,
        "3,21": 57.3443416859962,
        "3,22": 65.0467444221066,
        "3,23": 59.8731045423141,
        "3,24": 46.47724422496301,
        "3,25": 68.11281941232596,
        "3,26": 47.57072835790741,
        "3,27": 32.54772127540741,
        "3,28": 41.847912182561224,
        "3,29": 63.35223527531286,
        "3,30": 80.94262357606397,
        "3,31": 42.25176128237466,
        "3,32": 17.2359109067708,
        "3,33": 48.168626397179416,
        "3,34": 42.12800494952045,
        "3,35": 33.63349733572201,
        "3,36": 64.09477385088057,
        "3,37": 63.376028124328,
        "3,38": 36.610028651136666,
        "3,39": 51.247235822089614,
        "3,40": 51.27609439575604,
        "4,0": 33.69269956719539,
        "4,1": 44.55107726358519,
        "4,2": 59.44265713812435,
        "4,3": 24.28652886204039,
        "4,4": 0.0,
        "4,5": 41.1209537189182,
        "4,6": 45.33877675659877,
        "4,7": 45.704024699796264,
        "4,8": 50.24018886942521,
        "4,9": 46.45550080260973,
        "4,10": 84.13961930288777,
        "4,11": 28.056866638644156,
        "4,12": 77.97638047516871,
        "4,13": 61.86082276356892,
        "4,14": 35.74688373311975,
        "4,15": 32.99405896465116,
        "4,16": 22.25952488933207,
        "4,17": 21.665549102377717,
        "4,18": 95.75803106665937,
        "4,19": 44.63715755436234,
        "4,20": 58.81586027869223,
        "4,21": 47.50018564832762,
        "4,22": 86.01409766533976,
        "4,23": 76.0998277097561,
        "4,24": 47.9167238823127,
        "4,25": 83.44551322187978,
        "4,26": 70.65001112399443,
        "4,27": 56.76864830692572,
        "4,28": 63.547050607688746,
        "4,29": 46.77191084252105,
        "4,30": 84.84186057290044,
        "4,31": 66.53223564985888,
        "4,32": 31.66983984944278,
        "4,33": 70.81077615241934,
        "4,34": 66.27211577415662,
        "4,35": 36.170149341292664,
        "4,36": 73.34596281693688,
        "4,37": 42.20721174625479,
        "4,38": 24.391805933176673,
        "4,39": 75.45306704181309,
        "4,40": 31.266462495824396,
        "5,0": 38.80267077949106,
        "5,1": 49.39553820465035,
        "5,2": 86.8067567620416,
        "5,3": 53.70661283357534,
        "5,4": 41.1209537189182,
        "5,5": 0.0,
        "5,6": 41.09411367484492,
        "5,7": 74.49322046740653,
        "5,8": 56.285017487153524,
        "5,9": 21.578528733653382,
        "5,10": 59.94373265819245,
        "5,11": 58.777453169309645,
        "5,12": 78.7702783180447,
        "5,13": 31.682859069078432,
        "5,14": 54.716074387856175,
        "5,15": 48.856698815829134,
        "5,16": 46.05529127238088,
        "5,17": 53.53229958758144,
        "5,18": 66.65355782364436,
        "5,19": 10.057005364863787,
        "5,20": 20.538503514332167,
        "5,21": 8.130794386957367,
        "5,22": 89.7923209540064,
        "5,23": 70.78886064494962,
        "5,24": 28.09040764600809,
        "5,25": 74.81518617451826,
        "5,26": 83.47587798448721,
        "5,27": 81.0546490375522,
        "5,28": 73.45503959999726,
        "5,29": 13.020190293492801,
        "5,30": 56.36241556392106,
        "5,31": 87.62440442063011,
        "5,32": 44.93051296812678,
        "5,33": 82.06097102417772,
        "5,34": 85.30039731488326,
        "5,35": 77.0897231153437,
        "5,36": 55.85806310676347,
        "5,37": 25.61789032629599,
        "5,38": 17.62495235274698,
        "5,39": 94.11802020015145,
        "5,40": 19.304973050070792,
        "6,0": 12.141845807611546,
        "6,1": 10.815060642242946,
        "6,2": 55.08447268384374,
        "6,3": 35.52617172690595,
        "6,4": 45.33877675659877,
        "6,5": 41.09411367484492,
        "6,6": 0.0,
        "6,7": 46.60447663763049,
        "6,8": 16.355782228193636,
        "6,9": 22.874307530580662,
        "6,10": 41.991297985531695,
        "6,11": 38.92156578743162,
        "6,12": 38.27420030644647,
        "6,13": 31.270481469536307,
        "6,14": 25.41028304999142,
        "6,15": 20.895846454099523,
        "6,16": 28.7955521217985,
        "6,17": 38.07549892360481,
        "6,18": 55.88764618257954,
        "6,19": 51.05059411617903,
        "6,20": 41.23217456186062,
        "6,21": 39.258564521337824,
        "6,22": 48.927812902321165,
        "6,23": 32.49881759376931,
        "6,24": 16.981167223694147,
        "6,25": 38.849250980629606,
        "6,26": 43.41668905032477,
        "6,27": 47.67104599045464,
        "6,28": 33.09632530575653,
        "6,29": 54.07240909107787,
        "6,30": 45.75663552537337,
        "6,31": 51.084476389070076,
        "6,32": 18.297492046690078,
        "6,33": 41.62731702153976,
        "6,34": 47.78960335810362,
        "6,35": 68.99728443272166,
        "6,36": 28.983442640491283,
        "6,37": 63.162714474472466,
        "6,38": 33.568041184598464,
        "6,39": 55.708434745691285,
        "6,40": 51.971848179028825,
        "7,0": 39.06580581001217,
        "7,1": 36.57750004756732,
        "7,2": 13.739133626518946,
        "7,3": 22.267227516382135,
        "7,4": 45.704024699796264,
        "7,5": 74.49322046740653,
        "7,6": 46.60447663763049,
        "7,7": 0.0,
        "7,8": 35.2321100269835,
        "7,9": 65.39880246251752,
        "7,10": 85.87675280080501,
        "7,11": 17.74925055858857,
        "7,12": 53.76599833986219,
        "7,13": 77.3045233864837,
        "7,14": 21.698604567988635,
        "7,15": 27.386250547153654,
        "7,16": 28.714485064462725,
        "7,17": 24.180270750211612,
        "7,18": 100.7011154632461,
        "7,19": 82.11290335160992,
        "7,20": 83.79822931489416,
        "7,21": 77.06830302957941,
        "7,22": 56.224564523967885,
        "7,23": 59.45064661374206,
        "7,24": 61.64301803618296,
        "7,25": 68.01639151198432,
        "7,26": 35.21296239049173,
        "7,27": 12.827416422908403,
        "7,28": 34.455787916669216,
        "7,29": 84.95242100944917,
        "7,30": 91.35989182411144,
        "7,31": 23.582966736486036,
        "7,32": 31.27841840997831,
        "7,33": 37.11261854176991,
        "7,34": 25.32958401242648,
        "7,35": 37.89940385895572,
        "7,36": 71.1710395501905,
        "7,37": 85.63787393075495,
        "7,38": 58.0866924834756,
        "7,39": 33.16508804952122,
        "7,40": 73.50739614268029,
        "8,0": 19.26860402526314,
        "8,1": 7.044567106125329,
        "8,2": 41.00611561187487,
        "8,3": 32.41149816006459,
        "8,4": 50.24018886942521,
        "8,5": 56.285017487153524,
        "8,6": 16.355782228193636,
        "8,7": 35.2321100269835,
        "8,8": 0.0,
        "8,9": 39.207823497810395,
        "8,10": 50.73692279498541,
        "8,11": 33.805653135420975,
        "8,12": 27.742463439271567,
        "8,13": 46.685932912869895,
        "8,14": 18.307850877783686,
        "8,15": 17.827956515923447,
        "8,16": 28.93216255476568,
        "8,17": 35.748952942050025,
        "8,18": 65.66847011685675,
        "8,19": 65.99944160861676,
        "8,20": 57.56922692673276,
        "8,21": 55.25372955324228,
        "8,22": 36.50373047392373,
        "8,23": 27.46315072351982,
        "8,24": 33.291233421193795,
        "8,25": 35.762066465722334,
        "8,26": 27.296071925023956,
        "8,27": 33.172861099347045,
        "8,28": 17.17002878836861,
        "8,29": 69.05402388471194,
        "8,30": 56.72724183921958,
        "8,31": 35.14769711633006,
        "8,32": 18.571902482669646,
        "8,33": 25.77607035568838,
        "8,34": 31.62353784294386,
        "8,35": 65.09004201288022,
        "8,36": 35.95783858553957,
        "8,37": 76.36948404164406,
        "8,38": 45.758173338498814,
        "8,39": 39.36305768420062,
        "8,40": 64.49554731272138,
        "9,0": 26.3414427431632,
        "9,1": 33.113571475927735,
        "9,2": 75.78282597779925,
        "9,3": 48.50497882942818,
        "9,4": 46.45550080260973,
        "9,5": 21.578528733653382,
        "9,6": 22.874307530580662,
        "9,7": 65.39880246251752,
        "9,8": 39.207823497810395,
        "9,9": 0.0,
        "9,10": 40.60425387047487,
        "9,11": 53.15429965722384,
        "9,12": 58.377508991771826,
        "9,13": 15.406533504980645,
        "9,14": 43.79917106915061,
        "9,15": 38.013577363423174,
        "9,16": 40.350927346337926,
        "9,17": 49.7451220539436,
        "9,18": 50.11819375219809,
        "9,19": 31.429010917005463,
        "9,20": 18.753803981816947,
        "9,21": 17.264330700175492,
        "9,22": 69.68904850622143,
        "9,23": 49.59530241905822,
        "9,24": 6.807359363896055,
        "9,25": 53.28040479213822,
        "9,26": 66.25843895260554,
        "9,27": 68.89971718862805,
        "9,28": 55.90848196867919,
        "9,29": 34.20604838216164,
        "9,30": 39.225413240876776,
        "9,31": 73.44285485851047,
        "9,32": 34.14036866502819,
        "9,33": 64.38362355222824,
        "9,34": 70.37868527771745,
        "9,35": 78.65278253449813,
        "9,36": 34.545076901687,
        "9,37": 46.76700687819745,
        "9,38": 24.356393716449958,
        "9,39": 78.50438665633538,
        "9,40": 38.03355426759177,
        "10,0": 53.72024400326442,
        "10,1": 49.89534959052103,
        "10,2": 91.11620787974336,
        "10,3": 77.51428730997685,
        "10,4": 84.13961930288777,
        "10,5": 59.94373265819245,
        "10,6": 41.991297985531695,
        "10,7": 85.87675280080501,
        "10,8": 50.73692279498541,
        "10,9": 40.60425387047487,
        "10,10": 0.0,
        "10,11": 80.76858359238915,
        "10,12": 48.155796563940406,
        "10,13": 28.4577115782578,
        "10,14": 66.36654618883432,
        "10,15": 62.62521291955825,
        "10,16": 70.6480028971889,
        "10,17": 80.04536457649263,
        "10,18": 15.08934410671119,
        "10,19": 68.39203421529808,
        "10,20": 43.769242799443646,
        "10,21": 52.8237252200788,
        "10,22": 58.34322156959445,
        "10,23": 35.79385650450493,
        "10,24": 36.79014359878846,
        "10,25": 31.957688224090173,
        "10,26": 68.04132084623797,
        "10,27": 83.13457535702433,
        "10,28": 59.382072409543234,
        "10,29": 70.52209794654992,
        "10,30": 9.636019181146677,
        "10,31": 82.30964080801245,
        "10,32": 60.27970162984173,
        "10,33": 65.05064402249165,
        "10,34": 77.9615897882034,
        "10,35": 110.95788152907534,
        "10,36": 14.921302809406386,
        "10,37": 85.47035010983606,
        "10,38": 64.61720051549452,
        "10,39": 82.73878204646276,
        "10,40": 78.19714009179323,
        "11,0": 28.24584399229119,
        "11,1": 31.569921054012376,
        "11,2": 31.467043135941978,
        "11,3": 5.071601508733355,
        "11,4": 28.056866638644156,
        "11,5": 58.777453169309645,
        "11,6": 38.92156578743162,
        "11,7": 17.74925055858857,
        "11,8": 33.805653135420975,
        "11,9": 53.15429965722384,
        "11,10": 80.76858359238915,
        "11,11": 0.0,
        "11,12": 58.955269412802075,
        "11,13": 66.83381056031062,
        "11,14": 15.508212530923828,
        "11,15": 18.149866167458182,
        "11,16": 13.061506158344171,
        "11,17": 6.434047427647213,
        "11,18": 94.80916963728954,
        "11,19": 65.65259579546071,
        "11,20": 70.58070974450607,
        "11,21": 62.3641214472594,
        "11,22": 64.46334823376671,
        "11,23": 61.13476975213949,
        "11,24": 50.82491548751936,
        "11,25": 69.53333617125418,
        "11,26": 45.91956911012503,
        "11,27": 28.864844128402495,
        "11,28": 41.20231417499066,
        "11,29": 68.38300629777126,
        "11,30": 84.60548932146786,
        "11,31": 39.00093711050166,
        "11,32": 20.739142759263295,
        "11,33": 46.830327263142834,
        "11,34": 39.33301311633952,
        "11,35": 31.308196982714925,
        "11,36": 67.00550178929396,
        "11,37": 68.09167075184203,
        "11,38": 41.66790750754104,
        "11,39": 48.254134160742375,
        "11,40": 56.068978733031535,
        "12,0": 46.090474398363085,
        "12,1": 33.91299637598478,
        "12,2": 52.561512995444886,
        "12,3": 58.725467309620655,
        "12,4": 77.97638047516871,
        "12,5": 78.7702783180447,
        "12,6": 38.27420030644647,
        "12,7": 53.76599833986219,
        "12,8": 27.742463439271567,
        "12,9": 58.377508991771826,
        "12,10": 48.155796563940406,
        "12,11": 58.955269412802075,
        "12,12": 0.0,
        "12,13": 59.16649452688306,
        "12,14": 44.31727236946683,
        "12,15": 45.276233429563604,
        "12,16": 56.40400241314393,
        "12,17": 62.19059614301637,
        "12,18": 62.324577877171315,
        "12,19": 88.82039516599578,
        "12,20": 73.98778977040888,
        "12,21": 75.63584757323088,
        "12,22": 11.53787309820407,
        "12,23": 12.386686921845966,
        "12,24": 51.57990063112128,
        "12,25": 18.143231186856102,
        "12,26": 23.08242600873209,
        "12,27": 45.205061249826365,
        "12,28": 19.326702142336174,
        "12,29": 91.78655896084942,
        "12,30": 57.13553570832495,
        "12,31": 39.825054934126314,
        "12,32": 46.31290199540028,
        "12,33": 19.984893183857118,
        "12,34": 35.29752370865811,
        "12,35": 89.23748386935856,
        "12,36": 35.32291448705018,
        "12,37": 101.43566847761095,
        "12,38": 71.53100269485496,
        "12,39": 37.044149002240225,
        "12,40": 90.13363043266426,
        "13,0": 38.84457479370168,
        "13,1": 42.05235195181211,
        "13,2": 86.34387687733023,
        "13,3": 62.45788192909384,
        "13,4": 61.86082276356892,
        "13,5": 31.682859069078432,
        "13,6": 31.270481469536307,
        "13,7": 77.3045233864837,
        "13,8": 46.685932912869895,
        "13,9": 15.406533504980645,
        "13,10": 28.4577115782578,
        "13,11": 66.83381056031062,
        "13,12": 59.16649452688306,
        "13,13": 0.0,
        "13,14": 55.659260861737756,
        "13,15": 50.280534482062095,
        "13,16": 54.45581148702361,
        "13,17": 64.04798726476517,
        "13,18": 35.53638597496251,
        "13,19": 39.934323274287216,
        "13,20": 16.346227106910767,
        "13,21": 24.373532849717627,
        "13,22": 70.69435664488063,
        "13,23": 48.263265508961446,
        "13,24": 16.010730508487587,
        "13,25": 49.456548560650766,
        "13,26": 71.9193596443033,
        "13,27": 78.93564746458107,
        "13,28": 61.647266073216414,
        "13,29": 42.08792360035968,
        "13,30": 24.89505642630521,
        "13,31": 81.83359001461585,
        "13,32": 46.721108131237266,
        "13,33": 69.55683135561894,
        "13,34": 78.23547849329832,
        "13,35": 93.62854858167441,
        "13,36": 27.750935904199945,
        "13,37": 57.077618396764194,
        "13,38": 39.27304512057114,
        "13,39": 85.46565335875151,
        "13,40": 50.43533238586537,
        "14,0": 17.469791269687715,
        "14,1": 16.535718415017627,
        "14,2": 32.393588014206195,
        "14,3": 14.426175742384547,
        "14,4": 35.74688373311975,
        "14,5": 54.716074387856175,
        "14,6": 25.41028304999142,
        "14,7": 21.698604567988635,
        "14,8": 18.307850877783686,
        "14,9": 43.79917106915061,
        "14,10": 66.36654618883432,
        "14,11": 15.508212530923828,
        "14,12": 44.31727236946683,
        "14,13": 55.659260861737756,
        "14,14": 0.0,
        "14,15": 5.948907801110596,
        "14,16": 13.544916993954141,
        "14,17": 17.878719524678512,
        "14,18": 80.79262777547657,
        "14,19": 63.201596510363935,
        "14,20": 62.335583060090386,
        "14,21": 56.357389290646836,
        "14,22": 50.98765212381764,
        "14,23": 45.70432689551942,
        "14,24": 39.94655494518479,
        "14,25": 54.060196552309336,
        "14,26": 34.96296577388307,
        "14,27": 26.33891962617825,
        "14,28": 28.013349928958924,
        "14,29": 66.17608915237824,
        "14,30": 70.95924866475274,
        "14,31": 33.67330527932942,
        "14,32": 9.95499896549827,
        "14,33": 35.06435153607105,
        "14,34": 32.21878432667022,
        "14,35": 46.81258316821769,
        "14,36": 52.19299017419789,
        "14,37": 69.60139816502397,
        "14,38": 39.789081209316485,
        "14,39": 41.475981508300066,
        "14,40": 57.26426940892487,
        "15,0": 11.681549282534897,
        "15,1": 13.8382998936658,
        "15,2": 38.34231154601994,
        "15,3": 15.391546695784223,
        "15,4": 32.99405896465116,
        "15,5": 48.856698815829134,
        "15,6": 20.895846454099523,
        "15,7": 27.386250547153654,
        "15,8": 17.827956515923447,
        "15,9": 38.013577363423174,
        "15,10": 62.62521291955825,
        "15,11": 18.149866167458182,
        "15,12": 45.276233429563604,
        "15,13": 50.280534482062095,
        "15,14": 5.948907801110596,
        "15,15": 0.0,
        "15,16": 11.136665066981662,
        "15,17": 18.461437203495244,
        "15,18": 76.74363073262349,
        "15,19": 57.46610402841888,
        "15,20": 56.47484759597336,
        "15,21": 50.4098819756939,
        "15,22": 53.020044650099955,
        "15,23": 45.0309681539004,
        "15,24": 34.42539397808163,
        "15,25": 53.09219425211988,
        "15,26": 38.80445569731439,
        "15,27": 32.217565775945076,
        "15,28": 30.778940181407023,
        "15,29": 60.458003723354665,
        "15,30": 66.65192247874934,
        "15,31": 39.14808321320488,
        "15,32": 4.006165766387738,
        "15,33": 38.5054998158963,
        "15,34": 37.375354937461374,
        "15,35": 48.96965880498615,
        "15,36": 48.89300594266013,
        "15,37": 64.45480118364321,
        "15,38": 34.2984480282914,
        "15,39": 46.55410777409561,
        "15,40": 52.14568115986854,
        "16,0": 16.95051261671914,
        "16,1": 24.29922602058071,
        "16,2": 41.750291701805736,
        "16,3": 8.184320823983425,
        "16,4": 22.25952488933207,
        "16,5": 46.05529127238088,
        "16,6": 28.7955521217985,
        "16,7": 28.714485064462725,
        "16,8": 28.93216255476568,
        "16,9": 40.350927346337926,
        "16,10": 70.6480028971889,
        "16,11": 13.061506158344171,
        "16,12": 56.40400241314393,
        "16,13": 54.45581148702361,
        "16,14": 13.544916993954141,
        "16,15": 11.136665066981662,
        "16,16": 0.0,
        "16,17": 9.661336065350035,
        "16,18": 84.09511759821132,
        "16,19": 53.41228990191583,
        "16,20": 57.54799582792873,
        "16,21": 49.356958571890374,
        "16,22": 63.9356838198094,
        "16,23": 55.93095511926113,
        "16,24": 38.5218368122721,
        "16,25": 63.840898813820004,
        "16,26": 48.50743530281024,
        "16,27": 37.265950543431984,
        "16,28": 41.30111213741287,
        "16,29": 56.240805521144736,
        "16,30": 73.59107938510743,
        "16,31": 45.98964342990354,
        "16,32": 11.16118145182652,
        "16,33": 48.57807233325517,
        "16,34": 45.09506605139367,
        "16,35": 40.355675384972194,
        "16,36": 57.729955914710224,
        "16,37": 57.623173584742986,
        "16,38": 29.37569799675492,
        "16,39": 54.37151666928302,
        "16,40": 45.33484181920197,
        "17,0": 26.48331200168079,
        "17,1": 32.29703762421529,
        "17,2": 37.90105940276347,
        "17,3": 3.482498104132605,
        "17,4": 21.665549102377717,
        "17,5": 53.53229958758144,
        "17,6": 38.07549892360481,
        "17,7": 24.180270750211612,
        "17,8": 35.748952942050025,
        "17,9": 49.7451220539436,
        "17,10": 80.04536457649263,
        "17,11": 6.434047427647213,
        "17,12": 62.19059614301637,
        "17,13": 64.04798726476517,
        "17,14": 17.878719524678512,
        "17,15": 18.461437203495244,
        "17,16": 9.661336065350035,
        "17,17": 0.0,
        "17,18": 93.64454483289308,
        "17,19": 59.97753340298848,
        "17,20": 66.49460441220602,
        "17,21": 57.61874126159779,
        "17,22": 68.52451347390334,
        "17,23": 63.19731916432326,
        "17,24": 48.147815865678375,
        "17,25": 71.39537499641419,
        "17,26": 50.92501001895599,
        "17,27": 35.1375731729495,
        "17,28": 45.318136433688224,
        "17,29": 62.64134608071929,
        "17,30": 83.18856103248031,
        "17,31": 45.088799973456844,
        "17,32": 19.902112385335446,
        "17,33": 51.57448943832361,
        "17,34": 45.16015038406384,
        "17,35": 30.92198522761097,
        "17,36": 66.8388400401026,
        "17,37": 61.80730239836571,
        "17,38": 36.152346820525736,
        "17,39": 54.20958006267525,
        "17,40": 49.8616798795352,
        "18,0": 67.16483434348555,
        "18,1": 64.45149044362283,
        "18,2": 106.18247231512636,
        "18,3": 91.29801750048459,
        "18,4": 95.75803106665937,
        "18,5": 66.65355782364436,
        "18,6": 55.88764618257954,
        "18,7": 100.7011154632461,
        "18,8": 65.66847011685675,
        "18,9": 50.11819375219809,
        "18,10": 15.08934410671119,
        "18,11": 94.80916963728954,
        "18,12": 62.324577877171315,
        "18,13": 35.53638597496251,
        "18,14": 80.79262777547657,
        "18,15": 76.74363073262349,
        "18,16": 84.09511759821132,
        "18,17": 93.64454483289308,
        "18,18": 0.0,
        "18,19": 73.80347800275732,
        "18,20": 47.742907068110405,
        "18,21": 58.823609946137864,
        "18,22": 71.92774638002106,
        "18,23": 50.10948500594084,
        "18,24": 47.84298639509644,
        "18,25": 45.15906166656836,
        "18,26": 82.89281650427301,
        "18,27": 98.20461755533199,
        "18,28": 74.4034959359603,
        "18,29": 75.46260343106623,
        "18,30": 10.931842142579875,
        "18,31": 97.36337296155845,
        "18,32": 74.13687131708069,
        "18,33": 79.86912213799667,
        "18,34": 92.9977927958281,
        "18,35": 124.43922860495748,
        "18,36": 30.00177498419305,
        "18,37": 91.35582317088173,
        "18,38": 74.45583811650707,
        "18,39": 97.59623807201841,
        "18,40": 85.7517341767446,
        "19,0": 48.031090707874974,
        "19,1": 59.04817083008279,
        "19,2": 94.84779361603881,
        "19,3": 60.60936741349549,
        "19,4": 44.63715755436234,
        "19,5": 10.057005364863787,
        "19,6": 51.05059411617903,
        "19,7": 82.11290335160992,
        "19,8": 65.99944160861676,
        "19,9": 31.429010917005463,
        "19,10": 68.39203421529808,
        "19,11": 65.65259579546071,
        "19,12": 88.82039516599578,
        "19,13": 39.934323274287216,
        "19,14": 63.201596510363935,
        "19,15": 57.46610402841888,
        "19,16": 53.41228990191583,
        "19,17": 59.97753340298848,
        "19,18": 73.80347800275732,
        "19,19": 0.0,
        "19,20": 26.175577135887018,
        "19,21": 15.595988563777366,
        "19,22": 99.82049006638803,
        "19,23": 80.81206876833777,
        "19,24": 38.046701889661875,
        "19,25": 84.70935898774623,
        "19,26": 93.07925848587848,
        "19,27": 89.47242350942696,
        "19,28": 83.15645466962036,
        "19,29": 3.0572073682549963,
        "19,30": 63.95735334605646,
        "19,31": 96.52193985014718,
        "19,32": 53.63942508535394,
        "19,33": 91.75561140292966,
        "19,34": 94.39446291474061,
        "19,35": 80.75011315073837,
        "19,36": 65.33946892668929,
        "19,37": 17.58924736387108,
        "19,38": 24.045602739031782,
        "19,39": 103.33145914756076,
        "19,40": 16.22877739772151,
        "20,0": 44.87379383093774,
        "20,1": 51.731247270213345,
        "20,2": 94.47183815159752,
        "20,3": 65.7189635155759,
        "20,4": 58.81586027869223,
        "20,5": 20.538503514332167,
        "20,6": 41.23217456186062,
        "20,7": 83.79822931489416,
        "20,8": 57.56922692673276,
        "20,9": 18.753803981816947,
        "20,10": 43.769242799443646,
        "20,11": 70.58070974450607,
        "20,12": 73.98778977040888,
        "20,13": 16.346227106910767,
        "20,14": 62.335583060090386,
        "20,15": 56.47484759597336,
        "20,16": 57.54799582792873,
        "20,17": 66.49460441220602,
        "20,18": 47.742907068110405,
        "20,19": 26.175577135887018,
        "20,20": 0.0,
        "20,21": 12.450385386399265,
        "20,22": 85.50846714111636,
        "20,23": 63.73083541949106,
        "20,24": 24.284530147811868,
        "20,25": 65.54217820321033,
        "20,26": 84.26408961769118,
        "20,27": 87.64362709540394,
        "20,28": 73.88154378802604,
        "20,29": 27.72277554515468,
        "20,30": 38.24086966670419,
        "20,31": 92.12122229860752,
        "20,32": 52.533233633238844,
        "20,33": 82.20594481416934,
        "20,34": 88.9717568980389,
        "20,35": 93.56225674963687,
        "20,36": 44.05624334461963,
        "20,37": 43.76476805104907,
        "20,38": 34.45261423696509,
        "20,39": 96.93224060771446,
        "20,40": 39.70088233131937,
        "21,0": 39.44092968121002,
        "21,1": 48.67313047740128,
        "21,2": 88.7422767904593,
        "21,3": 57.3443416859962,
        "21,4": 47.50018564832762,
        "21,5": 8.130794386957367,
        "21,6": 39.258564521337824,
        "21,7": 77.06830302957941,
        "21,8": 55.25372955324228,
        "21,9": 17.264330700175492,
        "21,10": 52.8237252200788,
        "21,11": 62.3641214472594,
        "21,12": 75.63584757323088,
        "21,13": 24.373532849717627,
        "21,14": 56.357389290646836,
        "21,15": 50.4098819756939,
        "21,16": 49.356958571890374,
        "21,17": 57.61874126159779,
        "21,18": 58.823609946137864,
        "21,19": 15.595988563777366,
        "21,20": 12.450385386399265,
        "21,21": 0.0,
        "21,22": 86.92357016195203,
        "21,23": 66.7472394752306,
        "21,24": 24.070681817352465,
        "21,25": 70.02227824559795,
        "21,26": 82.53679199658569,
        "21,27": 82.49515414226896,
        "21,28": 72.28853874489755,
        "21,29": 17.9296083687078,
        "21,30": 48.70008949174657,
        "21,31": 88.22599097552114,
        "21,32": 46.40578540506202,
        "21,33": 80.85490167601579,
        "21,34": 85.54550582457733,
        "21,35": 82.9835098729025,
        "21,36": 50.02620910541806,
        "21,37": 32.75487333164716,
        "21,38": 23.202229002380165,
        "21,39": 94.0647903809652,
        "21,40": 27.412800718094644,
        "22,0": 55.59727996225316,
        "22,1": 43.23771715584097,
        "22,2": 52.132956731261,
        "22,3": 65.0467444221066,
        "22,4": 86.01409766533976,
        "22,5": 89.7923209540064,
        "22,6": 48.927812902321165,
        "22,7": 56.224564523967885,
        "22,8": 36.50373047392373,
        "22,9": 69.68904850622143,
        "22,10": 58.34322156959445,
        "22,11": 64.46334823376671,
        "22,12": 11.53787309820407,
        "22,13": 70.69435664488063,
        "22,14": 50.98765212381764,
        "22,15": 53.020044650099955,
        "22,16": 63.9356838198094,
        "22,17": 68.52451347390334,
        "22,18": 71.92774638002106,
        "22,19": 99.82049006638803,
        "22,20": 85.50846714111636,
        "22,21": 86.92357016195203,
        "22,22": 0.0,
        "22,23": 23.21753113239943,
        "22,24": 62.909545346199614,
        "22,25": 26.782792594813742,
        "22,26": 21.589199205573316,
        "22,27": 45.71597520289749,
        "22,28": 23.266176048637842,
        "22,29": 102.8113792282444,
        "22,30": 67.59967738029694,
        "22,31": 38.011001534818824,
        "22,32": 54.683339121146474,
        "22,33": 19.2106126608512,
        "22,34": 33.85783918442193,
        "22,35": 93.34136260108349,
        "22,36": 46.30800121880628,
        "22,37": 111.91568048194988,
        "22,38": 81.6657777305117,
        "22,39": 32.62080558423033,
        "22,40": 100.37869328620681,
        "23,0": 42.65570481478854,
        "23,1": 31.75352214577081,
        "23,2": 60.73355162896519,
        "23,3": 59.8731045423141,
        "23,4": 76.0998277097561,
