{
    "num_robots": 7,
    "num_tasks": 60,
    "num_nodes": 61,
    "robot_capacity": [
        117,
        107,
        94,
        113,
        116,
        122,
        134
    ],
    "robot_speed": [
        1.19,
        0.99,
        1.03,
        1.12,
        0.87,
        1.1,
        1.01
    ],
    "task_demand": {
        "0": 0,
        "1": 13,
        "2": 7,
        "3": 14,
        "4": 13,
        "5": 6,
        "6": 5,
        "7": 7,
        "8": 15,
        "9": 13,
        "10": 15,
        "11": 8,
        "12": 15,
        "13": 7,
        "14": 7,
        "15": 6,
        "16": 13,
        "17": 9,
        "18": 8,
        "19": 14,
        "20": 6,
        "21": 15,
        "22": 9,
        "23": 9,
        "24": 11,
        "25": 12,
        "26": 8,
        "27": 6,
        "28": 8,
        "29": 8,
        "30": 6,
        "31": 13,
        "32": 8,
        "33": 14,
        "34": 6,
        "35": 10,
        "36": 10,
        "37": 13,
        "38": 5,
        "39": 6,
        "40": 15,
        "41": 5,
        "42": 14,
        "43": 7,
        "44": 9,
        "45": 7,
        "46": 14,
        "47": 10,
        "48": 11,
        "49": 15,
        "50": 9,
        "51": 11,
        "52": 11,
        "53": 7,
        "54": 12,
        "55": 6,
        "56": 9,
        "57": 6,
        "58": 12,
        "59": 12,
        "60": 15
    },
    "task_service_time": {
        "0": 0,
        "1": 13,
        "2": 69,
        "3": 71,
        "4": 51,
        "5": 10,
        "6": 98,
        "7": 64,
        "8": 27,
        "9": 14,
        "10": 78,
        "11": 97,
        "12": 84,
        "13": 56,
        "14": 36,
        "15": 18,
        "16": 74,
        "17": 44,
        "18": 84,
        "19": 42,
        "20": 11,
        "21": 20,
        "22": 95,
        "23": 81,
        "24": 34,
        "25": 34,
        "26": 58,
        "27": 64,
        "28": 66,
        "29": 62,
        "30": 63,
        "31": 27,
        "32": 70,
        "33": 48,
        "34": 21,
        "35": 45,
        "36": 47,
        "37": 88,
        "38": 58,
        "39": 42,
        "40": 10,
        "41": 25,
        "42": 19,
        "43": 15,
        "44": 57,
        "45": 37,
        "46": 64,
        "47": 53,
        "48": 22,
        "49": 25,
        "50": 57,
        "51": 61,
        "52": 81,
        "53": 40,
        "54": 42,
        "55": 54,
        "56": 53,
        "57": 11,
        "58": 22,
        "59": 89,
        "60": 13
    },
    "task_precedence": [],
    "coordinates": {
        "0": [
            0,
            100
        ],
        "1": [
            46.85901270231726,
            42.50865633504037
        ],
        "2": [
            99.33126117423735,
            36.84080151138911
        ],
        "3": [
            74.55639827295404,
            62.818379933290316
        ],
        "4": [
            55.45121720193287,
            68.05033599406094
        ],
        "5": [
            3.499467577014248,
            26.117295067551794
        ],
        "6": [
            15.174132786950379,
            77.39807686582702
        ],
        "7": [
            9.187105800285734,
            13.82660205543914
        ],
        "8": [
            73.1409151013393,
            75.12238699109358
        ],
        "9": [
            39.12490740216285,
            76.5240871162978
        ],
        "10": [
            54.83320455614072,
            41.85344623438942
        ],
        "11": [
            8.137724817088742,
            50.79926766904409
        ],
        "12": [
            6.599356619701712,
            55.52824151848594
        ],
        "13": [
            67.1410463911414,
            1.92011080015001
        ],
        "14": [
            91.51604231039043,
            36.9186099860305
        ],
        "15": [
            35.656973829958616,
            78.88108378836608
        ],
        "16": [
            83.30050468920149,
            17.610275466910597
        ],
        "17": [
            90.55226553929194,
            77.17250694138795
        ],
        "18": [
            23.591974873743602,
            37.92209816883725
        ],
        "19": [
            27.962980592090414,
            19.644815321393715
        ],
        "20": [
            36.5965815720515,
            47.55694226667118
        ],
        "21": [
            49.243710310712466,
            3.1808183661116707
        ],
        "22": [
            47.155322075872,
            63.62922724111858
        ],
        "23": [
            9.68333956386369,
            61.491784926927394
        ],
        "24": [
            89.6728446492879,
            32.86940296723601
        ],
        "25": [
            63.00428568289954,
            82.61090473596585
        ],
        "26": [
            55.08002387875912,
            60.640124916156246
        ],
        "27": [
            22.51908683897853,
            78.6388576140615
        ],
        "28": [
            59.17475421446824,
            91.45348987636076
        ],
        "29": [
            83.68866770602665,
            26.19402735602846
        ],
        "30": [
            81.30113527823417,
            36.71151257415804
        ],
        "31": [
            57.88473293577066,
            31.639941057758712
        ],
        "32": [
            6.775410288041872,
            56.86028319220973
        ],
        "33": [
            39.44651923170306,
            29.90273337383743
        ],
        "34": [
            81.38568134289936,
            32.51424495188855
        ],
        "35": [
            12.84089819854507,
            59.8064364911797
        ],
        "36": [
            26.277176848976136,
            90.96909589772044
        ],
        "37": [
            61.19529638848196,
            45.534401756778344
        ],
        "38": [
            48.61948809341592,
            97.15447869678432
        ],
        "39": [
            68.62531588686889,
            61.03543793390095
        ],
        "40": [
            21.367014971851827,
            2.7591300382904693
        ],
        "41": [
            85.72577148429055,
            0.42406266918717517
        ],
        "42": [
            66.55311933458488,
            87.25344174773501
        ],
        "43": [
            70.21560237486167,
            45.29050444613242
        ],
        "44": [
            11.13748033447709,
            85.45284503730957
        ],
        "45": [
            57.65679908430005,
            73.84117724779587
        ],
        "46": [
            46.99970240064641,
            43.99925227999475
        ],
        "47": [
            93.38587813719354,
            71.2973974661876
        ],
        "48": [
            89.69083256431286,
            74.60451466316613
        ],
        "49": [
            89.60508866738087,
            88.15522331179635
        ],
        "50": [
            42.71942236348424,
            43.35884496871144
        ],
        "51": [
            70.0821335929832,
            59.00960292815643
        ],
        "52": [
            15.51058380367467,
            62.52095425846142
        ],
        "53": [
            13.643717354622996,
            23.198445118105017
        ],
        "54": [
            81.60557352994537,
            85.20862566705787
        ],
        "55": [
            7.718378813728199,
            84.03827230258312
        ],
        "56": [
            0.9566498112694388,
            56.25421279956257
        ],
        "57": [
            75.24149450929005,
            18.619387037010192
        ],
        "58": [
            27.587671557534975,
            25.328697975275016
        ],
        "59": [
            66.67554876016665,
            73.63319522881649
        ],
        "60": [
            62.86323776016817,
            44.033018777269696
        ]
    },
    "distance_matrix_str_keys": {
        "0,0": 0.0,
        "0,1": 74.16887263426905,
        "0,2": 117.71059340683107,
        "0,3": 83.31344065767836,
        "0,4": 63.99701961238768,
        "0,5": 73.96553495688232,
        "0,6": 27.223174598107878,
        "0,7": 86.66174142202134,
        "0,8": 77.25599711920256,
        "0,9": 45.62758885752119,
        "0,10": 79.92310077013161,
        "0,11": 49.86917511951678,
        "0,12": 44.95874564789501,
        "0,13": 118.85951697677494,
        "0,14": 111.15056349947895,
        "0,15": 41.44186777480435,
        "0,16": 117.16245469481268,
        "0,17": 93.38526240065625,
        "0,18": 66.40969186950673,
        "0,19": 85.08163132149353,
        "0,20": 63.94985603721934,
        "0,21": 108.62272753628142,
        "0,22": 59.55214111312382,
        "0,23": 39.7070484073433,
        "0,24": 112.01667788981543,
        "0,25": 65.35993152164463,
        "0,26": 67.69792313727548,
        "0,27": 31.038809192586537,
        "0,28": 59.78874786810805,
        "0,29": 111.5845630019333,
        "0,30": 103.03061311173825,
        "0,31": 89.5753312337286,
        "0,32": 43.66853960035355,
        "0,33": 80.43416356223544,
        "0,34": 105.72585427444726,
        "0,35": 42.1949192922912,
        "0,36": 27.785738285259534,
        "0,37": 81.92292531438427,
        "0,38": 48.702685900809065,
        "0,39": 78.91559464120779,
        "0,40": 99.5607157453051,
        "0,41": 131.3935888538203,
        "0,42": 67.76276588541734,
        "0,43": 89.01325587025416,
        "0,44": 18.32111311327433,
        "0,45": 63.31343055330816,
        "0,46": 73.10988832537635,
        "0,47": 97.69729590765948,
        "0,48": 93.21682316820794,
        "0,49": 90.38457086186004,
        "0,50": 70.94483413433443,
        "0,51": 81.18939648163511,
        "0,52": 40.56176869451277,
        "0,53": 78.00403743095333,
        "0,54": 82.93524212184191,
        "0,55": 17.729921674917048,
        "0,56": 43.75624614437757,
        "0,57": 110.83359897713089,
        "0,58": 79.6045411269616,
        "0,59": 71.69963177249285,
        "0,60": 84.16703421694791,
        "1,0": 74.16887263426905,
        "1,1": 0.0,
        "1,2": 52.777470932216026,
        "1,3": 34.34574267774435,
        "1,4": 26.94816093849894,
        "1,5": 46.354362013455784,
        "1,6": 47.129643328008505,
        "1,7": 47.34799686716769,
        "1,8": 41.88548461003293,
        "1,9": 34.88360526133147,
        "1,10": 8.001064679002383,
        "1,11": 39.59889356765232,
        "1,12": 42.31252186102216,
        "1,13": 45.373901300113765,
        "1,14": 45.005543120824605,
        "1,15": 38.05836509553814,
        "1,16": 44.135152747946826,
        "1,17": 55.7734962355327,
        "1,18": 23.71479633326506,
        "1,19": 29.66167991547402,
        "1,20": 11.436900084854694,
        "1,21": 39.400071345034334,
        "1,22": 21.12264932823375,
        "1,23": 41.741943467371726,
        "1,24": 43.885526218471746,
        "1,25": 43.2303153634929,
        "1,26": 19.90816861670541,
        "1,27": 43.564015373877155,
        "1,28": 50.47052822570495,
        "1,29": 40.28139280629546,
        "1,30": 34.92658991826746,
        "1,31": 15.48210187426111,
        "1,32": 42.57539636871427,
        "1,33": 14.623759884369056,
        "1,34": 35.94411087107637,
        "1,35": 38.163402792752684,
        "1,36": 52.650034849960406,
        "1,37": 14.652104466163227,
        "1,38": 54.67417283502275,
        "1,39": 28.583449594716544,
        "1,40": 47.22146534263911,
        "1,41": 57.2864553121946,
        "1,42": 48.88715227614735,
        "1,43": 23.521670009690954,
        "1,44": 55.85902986986758,
        "1,45": 33.140897053326626,
        "1,46": 1.4972207126307016,
        "1,47": 54.713260030008215,
        "1,48": 53.52297557600437,
        "1,49": 62.536677935228205,
        "1,50": 4.22599442571605,
        "1,51": 28.488499124582773,
        "1,52": 37.19161279897676,
        "1,53": 38.420568739637574,
        "1,54": 55.050984280967185,
        "1,55": 57.067488324019905,
        "1,56": 47.91625237328993,
        "1,57": 37.09801155206231,
        "1,58": 25.817349956218397,
        "1,59": 36.89758830441669,
        "1,60": 16.07665700814763,
        "2,0": 117.71059340683107,
        "2,1": 52.777470932216026,
        "2,2": 0.0,
        "2,3": 35.89747083630561,
        "2,4": 53.846943289628406,
        "2,5": 96.42990332107459,
        "2,6": 93.42009870777272,
        "2,7": 93.03559600863198,
        "2,8": 46.38333767915032,
        "2,9": 72.10803138991484,
        "2,10": 44.77950033113765,
        "2,11": 92.25562232621373,
        "2,12": 94.59612326269165,
        "2,13": 47.493837153170404,
        "2,14": 7.8156061856106085,
        "2,15": 76.30072216388047,
        "2,16": 25.035939875105267,
        "2,17": 41.276109642874395,
        "2,18": 75.74700450690818,
        "2,19": 73.41071729862449,
        "2,20": 63.64334762939432,
        "2,21": 60.346973551674935,
        "2,22": 58.651073083734474,
        "2,23": 92.97537755993703,
        "2,24": 10.443036731043232,
        "2,25": 58.43416378743404,
        "2,26": 50.24519675257945,
        "2,27": 87.44819963882813,
        "2,28": 67.78709893231525,
        "2,29": 18.922064642289005,
        "2,30": 18.03058943725953,
        "2,31": 41.77156511887188,
        "2,32": 94.69617299572548,
        "2,33": 60.28531419015112,
        "2,34": 18.459765089119696,
        "2,35": 89.48744759848715,
        "2,36": 90.92178776165659,
        "2,37": 39.114325960790985,
        "2,38": 78.799895841459,
        "2,39": 39.09265285969222,
        "2,40": 85.08809562040045,
        "2,41": 38.875290579034754,
        "2,42": 60.13186241968244,
        "2,43": 30.316976547919023,
        "2,44": 100.70389145697226,
        "2,45": 55.729602502807246,
        "2,46": 52.81889303156924,
        "2,47": 34.965763029703844,
        "2,48": 38.974811029596374,
        "2,49": 52.22804147527687,
        "2,50": 56.9858331872601,
        "2,51": 36.701052035609926,
        "2,52": 87.66627743877875,
        "2,53": 86.7667508542282,
        "2,54": 51.51355565301913,
        "2,55": 103.05591425767908,
        "2,56": 100.2718539703877,
        "2,57": 30.204913564165548,
        "2,58": 72.66134583749475,
        "2,59": 49.19426581146101,
        "2,60": 37.170481849563494,
        "3,0": 83.31344065767836,
        "3,1": 34.34574267774435,
        "3,2": 35.89747083630561,
        "3,3": 0.0,
        "3,4": 19.808617013268243,
        "3,5": 79.9753526422343,
        "3,6": 61.14589942829234,
        "3,7": 81.69050555609236,
        "3,8": 12.3851597602775,
        "3,9": 37.98995860373242,
        "3,10": 28.78424595834073,
        "3,11": 67.4974017519002,
        "3,12": 68.34695039552884,
        "3,13": 61.348077614082506,
        "3,14": 30.95848202347031,
        "3,15": 42.08533803038982,
        "3,16": 46.045978179008884,
        "3,17": 21.49206206409469,
        "3,18": 56.72034289484705,
        "3,19": 63.52088831621473,
        "3,20": 40.912823950666386,
        "3,21": 64.78712002823426,
        "3,22": 27.413070789587003,
        "3,23": 64.88662112164563,
        "3,24": 33.54769995635809,
        "3,25": 22.917140819871523,
        "3,26": 19.597804837851644,
        "3,27": 54.38905492214713,
        "3,28": 32.50483803057144,
        "3,29": 37.74574872355587,
        "3,30": 26.964050151594833,
        "3,31": 35.35589732746578,
        "3,32": 68.04234893789958,
        "3,33": 48.12632745928259,
        "3,34": 31.06412246017035,
        "3,35": 61.78895332284604,
        "3,36": 55.88690392762429,
        "3,37": 21.846165456971747,
        "3,38": 43.031279181054366,
        "3,39": 6.193272191960892,
        "3,40": 80.22608050940548,
        "3,41": 63.38616351213947,
        "3,42": 25.712345665867915,
        "3,43": 18.05737877218635,
        "3,44": 67.33704896290257,
        "3,45": 20.176682417429916,
        "3,46": 33.36961271920743,
        "3,47": 20.650497579501092,
        "3,48": 19.182389663184367,
        "3,49": 29.4689449246874,
        "3,50": 37.31308800002793,
        "3,51": 5.875868165749742,
        "3,52": 59.046563561079566,
        "3,53": 72.66425483976248,
        "3,54": 23.473686881746445,
        "3,55": 70.12563495182218,
        "3,56": 73.89188902567558,
        "3,57": 44.20430216504342,
        "3,58": 60.09606927729016,
        "3,59": 13.381629905192721,
        "3,60": 22.127354033862773,
        "4,0": 63.99701961238768,
        "4,1": 26.94816093849894,
        "4,2": 53.846943289628406,
        "4,3": 19.808617013268243,
        "4,4": 0.0,
        "4,5": 66.76349459423558,
        "4,6": 41.34759712942593,
        "4,7": 71.27819670860411,
        "4,8": 19.0509663029699,
        "4,9": 18.394370056070883,
        "4,10": 26.204178535316494,
        "4,11": 50.36036060241331,
        "4,12": 50.43121188709405,
        "4,13": 67.15548220860487,
        "4,14": 47.64300551332493,
        "4,15": 22.56362489611969,
        "4,16": 57.617553918325335,
        "4,17": 36.26703182194367,
        "4,18": 43.84885444546444,
        "4,19": 55.66594635421819,
        "4,20": 27.847378174639893,
        "4,21": 65.16584580197951,
        "4,22": 9.400429700175632,
        "4,23": 46.23541084053944,
        "4,24": 49.07970898226174,
        "4,25": 16.403018184648527,
        "4,26": 7.419502186957713,
        "4,27": 34.59251364587197,
        "4,28": 23.697517581432994,
        "4,29": 50.490634614484485,
        "4,30": 40.62437836934053,
        "4,31": 36.49162723481017,
        "4,32": 49.94548488528885,
        "4,33": 41.36894901721292,
        "4,34": 43.993297180782456,
        "4,35": 43.40047424376924,
        "4,36": 37.0997868732091,
        "4,37": 23.237076844538368,
        "4,38": 29.89521107255549,
        "4,39": 14.925336544107454,
        "4,40": 73.65238907747596,
        "4,41": 74.09359945910278,
        "4,42": 22.18133227625819,
        "4,43": 27.12926467165453,
        "4,44": 47.60834586664884,
        "4,45": 6.1966469857322535,
        "4,46": 25.49279761535372,
        "4,47": 38.07337532288097,
        "4,48": 34.86127533797754,
        "4,49": 39.63197484528346,
        "4,50": 27.780718652750192,
        "4,51": 17.198795562795794,
        "4,52": 40.32156071671879,
        "4,53": 61.31524409664756,
        "4,54": 31.280301460106177,
        "4,55": 50.33922891741417,
        "4,56": 55.756671327432564,
        "4,57": 53.24541098251241,
        "4,58": 51.00505397395066,
        "4,59": 12.536105302854551,
        "4,60": 25.13502685591722,
        "5,0": 73.96553495688232,
        "5,1": 46.354362013455784,
        "5,2": 96.42990332107459,
        "5,3": 79.9753526422343,
        "5,4": 66.76349459423558,
        "5,5": 0.0,
        "5,6": 52.59293098512773,
        "5,7": 13.542908228176607,
        "5,8": 85.15533011924798,
        "5,9": 61.72533229866655,
        "5,10": 53.69151707474563,
        "5,11": 25.11400409584103,
        "5,12": 29.573858105034077,
        "5,13": 68.08637367656875,
        "5,14": 88.6768618736824,
        "5,15": 61.79095895503552,
        "5,16": 80.25319250139759,
        "5,17": 100.91989047033019,
        "5,18": 23.303695538030897,
        "5,19": 25.305265521294725,
        "5,20": 39.43447003350239,
        "5,21": 51.17243112023511,
        "5,22": 57.55848058644107,
        "5,23": 35.91092877608164,
        "5,24": 86.43750272381332,
        "5,25": 82.05090682729606,
        "5,26": 62.0675403826603,
        "5,27": 55.859291520722074,
        "5,28": 85.84029295300255,
        "5,29": 80.18923684120519,
        "5,30": 78.51965958706349,
        "5,31": 54.66494952778698,
        "5,32": 30.91703607202336,
        "5,33": 36.14581671280315,
        "5,34": 78.14846935550221,
        "5,35": 34.96027139365591,
        "5,36": 68.73558111046913,
        "5,37": 60.87555087572509,
        "5,38": 84.15520013269418,
        "5,39": 73.89623007510578,
        "5,40": 29.408385257286294,
        "5,41": 86.14700949730138,
        "5,42": 87.82591548549817,
        "5,43": 69.41652973348236,
        "5,44": 59.82513459321916,
        "5,45": 72.1843853360536,
        "5,46": 47.03227427478689,
        "5,47": 100.60222888258654,
        "5,48": 98.89368970003623,
        "5,49": 106.12672860404125,
        "5,50": 42.8424543700163,
        "5,51": 74.2640917953681,
        "5,52": 38.33397077656115,
        "5,53": 10.55582723323476,
        "5,54": 97.94053879344665,
        "5,55": 58.07442480028785,
        "5,56": 30.244003249830754,
        "5,57": 72.13277377992509,
        "5,58": 24.101109028032756,
        "5,59": 79.05047755577152,
        "5,60": 62.00830884971192,
        "6,0": 27.223174598107878,
        "6,1": 47.129643328008505,
        "6,2": 93.42009870777272,
        "6,3": 61.14589942829234,
        "6,4": 41.34759712942593,
        "6,5": 52.59293098512773,
        "6,6": 0.0,
        "6,7": 63.8527752075572,
        "6,8": 58.01143522004706,
        "6,9": 23.96671572725366,
        "6,10": 53.25657462059611,
        "6,11": 27.513772693056772,
        "6,12": 23.490774453777064,
        "6,13": 91.63778407925928,
        "6,14": 86.40992066052168,
        "6,15": 20.53645750185366,
        "6,16": 90.64096063414212,
        "6,17": 75.37847026187544,
        "6,18": 40.363510247293625,
        "6,19": 59.15229367660019,
        "6,20": 36.73437934844165,
        "6,21": 81.66356330617226,
        "6,22": 34.81921435531923,
        "6,23": 16.82732698512149,
        "6,24": 86.79205532947499,
        "6,25": 48.11337756231182,
        "6,26": 43.281740923613214,
        "6,27": 7.4490191899064175,
        "6,28": 46.19100909164493,
        "6,29": 85.53418136265304,
        "6,30": 77.64133546212588,
        "6,31": 62.59394825142468,
        "6,32": 22.18872480774293,
        "6,33": 53.338132673964985,
        "6,34": 79.99079652969753,
        "6,35": 17.74569792134005,
        "6,36": 17.534256328892273,
        "6,37": 55.97536324753903,
        "6,38": 38.84465477877202,
        "6,39": 55.899596846467475,
        "6,40": 74.89542157755639,
        "6,41": 104.41519326431637,
        "6,42": 52.31566185777976,
        "6,43": 63.721735546694724,
        "6,44": 9.009653340633422,
        "6,45": 42.631308572746384,
        "6,46": 46.13402610819271,
        "6,47": 78.44931739580956,
        "6,48": 74.56904542428921,
        "6,49": 75.20427775688442,
        "6,50": 43.78826653340728,
        "6,51": 57.90530654673793,
        "6,52": 14.88092659619163,
        "6,53": 54.22123433659715,
        "6,54": 66.889019964165,
        "6,55": 9.984010353937684,
        "6,56": 25.479399714601723,
        "6,57": 84.04178914251321,
        "6,58": 53.528648057434346,
        "6,59": 51.63884372240489,
        "6,60": 58.202043214988514,
        "7,0": 86.66174142202134,
        "7,1": 47.34799686716769,
        "7,2": 93.03559600863198,
        "7,3": 81.69050555609236,
        "7,4": 71.27819670860411,
        "7,5": 13.542908228176607,
        "7,6": 63.8527752075572,
        "7,7": 0.0,
        "7,8": 88.58477846105124,
        "7,9": 69.47838942944743,
        "7,10": 53.563703440486876,
        "7,11": 36.98755470456707,
        "7,12": 41.781852277365054,
        "7,13": 59.164379182247025,
        "7,14": 85.50610865400989,
        "7,15": 70.23346429621726,
        "7,16": 74.20991900920129,
        "7,17": 103.11640453959626,
        "7,18": 28.072997452609982,
        "7,19": 19.656680284464525,
        "7,20": 43.462802634534185,
        "7,21": 41.44712626063102,
        "7,22": 62.62497043939395,
        "7,23": 47.66776590234256,
        "7,24": 82.70781356459683,
        "7,25": 87.33595562976296,
        "7,26": 65.55658511841776,
        "7,27": 66.16925410651262,
        "7,28": 92.32929495421197,
        "7,29": 75.52109595974228,
        "7,30": 75.65812829429623,
        "7,31": 51.853388848158005,
        "7,32": 43.10120633375616,
        "7,33": 34.2647646917329,
        "7,34": 74.57789422749681,
        "7,35": 46.1247804724065,
        "7,36": 79.01287796717503,
        "7,37": 60.911710287582544,
        "7,38": 92.18702619602612,
        "7,39": 75.9050393801119,
        "7,40": 16.457190655697246,
        "7,41": 77.70325222722593,
        "7,42": 93.1791838127782,
        "7,43": 68.66188569944829,
        "7,44": 71.65279230093944,
        "7,45": 77.14311636539881,
        "7,46": 48.37542023832954,
        "7,47": 101.94275642823544,
        "7,48": 100.87023685830046,
        "7,49": 109.50705870528805,
        "7,50": 44.682990338417135,
        "7,51": 75.8268288782893,
        "7,52": 49.103220979191626,
        "7,53": 10.37751554744636,
        "7,54": 101.68494364064647,
        "7,55": 70.2270303932519,
        "7,56": 43.218544159214716,
        "7,57": 66.22803828892873,
        "7,58": 21.699747250508665,
        "7,59": 82.95631176081389,
        "7,60": 61.59183998994994,
        "8,0": 77.25599711920256,
        "8,1": 41.88548461003293,
        "8,2": 46.38333767915032,
        "8,3": 12.3851597602775,
        "8,4": 19.0509663029699,
        "8,5": 85.15533011924798,
        "8,6": 58.01143522004706,
        "8,7": 88.58477846105124,
        "8,8": 0.0,
        "8,9": 34.04487542981219,
        "8,10": 37.973605102490154,
        "8,11": 69.40481885780802,
        "8,12": 69.36648716755741,
        "8,13": 73.44774784889455,
        "8,14": 42.39308761344705,
        "8,15": 37.6719213055313,
        "8,16": 58.40257042771199,
        "8,17": 17.53163186596697,
        "8,18": 61.95933316407739,
        "8,19": 71.54583653077701,
        "8,20": 45.77490640028678,
        "8,21": 75.80676548322148,
        "8,22": 28.413795345283607,
        "8,23": 64.90498598510037,
        "8,24": 45.372010683886366,
        "8,25": 12.602743906865886,
        "8,26": 23.15019884495686,
        "8,27": 50.74381797092277,
        "8,28": 21.48856838803249,
        "8,29": 50.05236719265092,
        "8,30": 39.2681100488551,
        "8,31": 46.081169674981176,
        "8,32": 68.83229376016038,
        "8,33": 56.39263592247118,
        "8,34": 43.398501568729756,
        "8,35": 62.21471191119575,
        "8,36": 49.47047752101624,
        "8,37": 31.90841075107038,
        "8,38": 32.965337059294285,
        "8,39": 14.792997330009428,
        "8,40": 88.9773998914081,
        "8,41": 75.75102815592817,
        "8,42": 13.804403014006084,
        "8,43": 29.974967401551087,
        "8,44": 62.8581282439524,
        "8,45": 15.53703148080265,
        "8,46": 40.644956829944746,
        "8,47": 20.603132606202024,
        "8,48": 16.558017990667544,
        "8,49": 20.998186440142188,
        "8,50": 43.981698718978606,
        "8,51": 16.40054738643508,
        "8,52": 58.99195870958716,
        "8,53": 78.96842583806112,
        "8,54": 13.167484685447324,
        "8,55": 66.02727667556363,
        "8,56": 74.609491036926,
        "8,57": 56.54203248610943,
        "8,58": 67.48710590301825,
        "8,59": 6.634655532158562,
        "8,60": 32.744151652836344,
        "9,0": 45.62758885752119,
        "9,1": 34.88360526133147,
        "9,2": 72.10803138991484,
        "9,3": 37.98995860373242,
        "9,4": 18.394370056070883,
        "9,5": 61.72533229866655,
        "9,6": 23.96671572725366,
        "9,7": 69.47838942944743,
        "9,8": 34.04487542981219,
        "9,9": 0.0,
        "9,10": 38.06315723425904,
        "9,11": 40.27371127863091,
        "9,12": 38.71352458856742,
        "9,13": 79.6910115761502,
        "9,14": 65.67666888392124,
        "9,15": 4.193089144456881,
        "9,16": 73.63640810581467,
        "9,17": 51.43144576262763,
        "9,18": 41.609921216367276,
        "9,19": 57.964128303908666,
        "9,20": 29.077274842090322,
        "9,21": 74.0379986443725,
        "9,22": 15.190950300498997,
        "9,23": 33.05716300425252,
        "9,24": 66.7894108979383,
        "9,25": 24.64293115296191,
        "9,26": 22.513684659719292,
        "9,27": 16.739938196865804,
        "9,28": 24.99766837065185,
        "9,29": 67.22383243978665,
        "9,30": 57.998924899757675,
        "9,31": 48.64686651219865,
        "9,32": 37.857035651269676,
        "9,33": 46.62246302962258,
        "9,34": 61.01507372286171,
        "9,35": 31.150104048612356,
        "9,36": 19.331902623970155,
        "9,37": 38.04553414908839,
        "9,38": 22.710352689179544,
        "9,39": 33.3192490050403,
        "9,40": 75.87233775419578,
        "9,41": 89.23482646395281,
        "9,42": 29.452094333289804,
        "9,43": 44.07003517470182,
        "9,44": 29.37718148293093,
        "9,45": 18.725090511956704,
        "9,46": 33.464567491556416,
        "9,47": 54.5121200267099,
        "9,48": 50.602347237129,
        "9,49": 51.802818743457436,
        "9,50": 33.359463792381355,
        "9,51": 35.568342803766775,
        "9,52": 27.454034473066663,
        "9,53": 59.10088950902742,
        "9,54": 43.359292020278275,
        "9,55": 32.29292518478238,
        "9,56": 43.21670617181549,
        "9,57": 68.2448690784806,
        "9,58": 52.47928810716967,
        "9,59": 27.701896959277985,
        "9,60": 40.239009058340294,
        "10,0": 79.92310077013161,
        "10,1": 8.001064679002383,
        "10,2": 44.77950033113765,
        "10,3": 28.78424595834073,
        "10,4": 26.204178535316494,
        "10,5": 53.69151707474563,
        "10,6": 53.25657462059611,
        "10,7": 53.563703440486876,
        "10,8": 37.973605102490154,
        "10,9": 38.06315723425904,
        "10,10": 0.0,
        "10,11": 47.54466898823611,
        "10,12": 50.13485925798007,
        "10,13": 41.78701053603708,
        "10,14": 37.01328402753159,
        "10,15": 41.69860630395737,
        "10,16": 37.391422889840676,
        "10,17": 50.23233387712264,
        "10,18": 31.48761549690309,
        "10,19": 34.86018105099129,
        "10,20": 19.10770223899423,
        "10,21": 39.07447494411113,
        "10,22": 23.089705884524463,
        "10,23": 49.23590819131579,
        "10,24": 35.97934901087168,
        "10,25": 41.56846148569608,
        "10,26": 18.788299967532183,
        "10,27": 48.96293183838487,
        "10,28": 49.78969153068921,
        "10,29": 32.83070442744707,
        "10,30": 26.962767633827184,
        "10,31": 10.65962069891557,
        "10,32": 50.34636774776821,
        "10,33": 19.48254662893504,
        "10,34": 28.14701945333506,
        "10,35": 45.66906669060114,
        "10,36": 56.813675820733685,
        "10,37": 7.3502140132752976,
        "10,38": 55.6490293148586,
        "10,39": 23.625645822269693,
        "10,40": 51.46213563516512,
        "10,41": 51.67924645351233,
        "10,42": 46.888335383395656,
        "10,43": 15.761710941528559,
        "10,44": 61.72701103432562,
        "10,45": 32.11211019919893,
        "10,46": 8.1220834522609,
        "10,47": 48.51035873282858,
        "10,48": 47.82976806950375,
        "10,49": 57.90456359537995,
        "10,50": 12.206962945811688,
        "10,51": 22.953508430559026,
        "10,52": 44.42312900694135,
        "10,53": 45.21706450636269,
        "10,54": 50.955189373688086,
        "10,55": 63.2405436025154,
        "10,56": 55.76795880110479,
        "10,57": 30.924420861176017,
        "10,58": 31.865127857976958,
        "10,59": 33.91450371736869,
        "10,60": 8.320575083938664,
        "11,0": 49.86917511951678,
        "11,1": 39.59889356765232,
        "11,2": 92.25562232621373,
        "11,3": 67.4974017519002,
        "11,4": 50.36036060241331,
        "11,5": 25.11400409584103,
        "11,6": 27.513772693056772,
        "11,7": 36.98755470456707,
        "11,8": 69.40481885780802,
        "11,9": 40.27371127863091,
        "11,10": 47.54466898823611,
        "11,11": 0.0,
        "11,12": 4.97290361654403,
        "11,13": 76.61960540870088,
        "11,14": 84.5258332447946,
        "11,15": 39.31790257365914,
        "11,16": 82.1641812561712,
        "11,17": 86.53152184128042,
        "11,18": 20.11604680723014,
        "11,19": 36.92750557005245,
        "11,20": 28.64296077248932,
        "11,21": 62.90642858578087,
        "11,22": 41.07287132000484,
        "11,23": 10.803649858060952,
        "11,24": 83.4832666722872,
        "11,25": 63.42176088787878,
        "11,26": 47.96271377386125,
        "11,27": 31.334746558913924,
        "11,28": 65.24985940974018,
        "11,29": 79.45667261010121,
        "11,30": 74.5073786541946,
        "11,31": 53.30895434125596,
        "11,32": 6.2122306821388245,
        "11,33": 37.64180858098256,
        "11,34": 75.49572962078012,
        "11,35": 10.16114806734412,
        "11,36": 44.07555807858258,
        "11,37": 53.31814619927864,
        "11,38": 61.54330790091577,
        "11,39": 61.34759860920464,
        "11,40": 49.82839493281578,
        "11,41": 92.50711466914042,
        "11,42": 68.85684515278216,
        "11,43": 62.32182085212172,
        "11,44": 34.78317060853515,
        "11,45": 54.61747260096316,
        "11,46": 39.452420850896424,
        "11,47": 87.67793889952385,
        "11,48": 84.95645453808382,
        "11,49": 89.62365086682844,
        "11,50": 35.37306454281283,
        "11,51": 62.486153535500435,
        "11,52": 13.847634676601164,
        "11,53": 28.144650634033635,
        "11,54": 81.12662147735887,
        "11,55": 33.24164978004196,
        "11,56": 9.017996707482766,
        "11,57": 74.42083461233115,
        "11,58": 32.04762625735864,
        "11,59": 62.833630165666214,
        "11,60": 55.14221514365008,
        "12,0": 44.95874564789501,
        "12,1": 42.31252186102216,
        "12,2": 94.59612326269165,
        "12,3": 68.34695039552884,
        "12,4": 50.43121188709405,
        "12,5": 29.573858105034077,
        "12,6": 23.490774453777064,
        "12,7": 41.781852277365054,
        "12,8": 69.36648716755741,
        "12,9": 38.71352458856742,
        "12,10": 50.13485925798007,
        "12,11": 4.97290361654403,
        "12,12": 0.0,
        "12,13": 80.86487420070249,
        "12,14": 86.93193828774888,
        "12,15": 37.27868506291121,
        "12,16": 85.56189727131903,
        "12,17": 86.69812651815519,
        "12,18": 24.46886508965989,
        "12,19": 41.76152182183721,
        "12,20": 31.038284691713542,
        "12,21": 67.51883894453275,
        "12,22": 41.357131232235815,
        "12,23": 6.7137769388212085,
        "12,24": 86.10823060482319,
        "12,25": 62.56985431959881,
        "12,26": 48.74942512230086,
        "12,27": 28.06311434199047,
        "12,28": 63.677279321770406,
        "12,29": 82.48186469941803,
        "12,30": 77.03521936694075,
        "12,31": 56.575973016668364,
        "12,32": 1.343625660172093,
        "12,33": 41.66056599868401,
        "12,34": 78.24729007173936,
        "12,35": 7.567020120550268,
        "12,36": 40.537276278824486,
        "12,37": 55.50309425986057,
        "12,38": 59.14757028561847,
        "12,39": 62.269967362848696,
        "12,40": 54.79655883004996,
        "12,41": 96.42333771436525,
        "12,42": 67.83024394220074,
        "12,43": 64.43475757961342,
        "12,44": 30.266755072346264,
        "12,45": 54.24229019917583,
        "12,46": 42.01315903477317,
        "12,47": 88.20752006721993,
        "12,48": 85.2531381929389,
        "12,49": 89.18784386737981,
        "12,50": 38.11500179353054,
        "12,51": 63.57816330709893,
        "12,52": 11.327312187284061,
        "12,53": 33.08834769905841,
        "12,54": 80.66509640726478,
        "12,55": 28.531983211492552,
        "12,56": 5.689215624923701,
        "12,57": 77.93591362900682,
        "12,58": 36.77664740223023,
        "12,59": 62.74502538808374,
        "12,60": 57.42616535046295,
        "13,0": 118.85951697677494,
        "13,1": 45.373901300113765,
        "13,2": 47.493837153170404,
        "13,3": 61.348077614082506,
        "13,4": 67.15548220860487,
        "13,5": 68.08637367656875,
        "13,6": 91.63778407925928,
        "13,7": 59.164379182247025,
        "13,8": 73.44774784889455,
        "13,9": 79.6910115761502,
        "13,10": 41.78701053603708,
        "13,11": 76.61960540870088,
        "13,12": 80.86487420070249,
        "13,13": 0.0,
        "13,14": 42.65015089454531,
        "13,15": 83.15189828458966,
        "13,16": 22.523529025372675,
        "13,17": 78.80995055829266,
        "13,18": 56.50367000932368,
        "13,19": 43.000999873493235,
        "13,20": 54.915250317086574,
        "13,21": 17.94168393274991,
        "13,22": 64.86481502579782,
        "13,23": 82.76576848018964,
        "13,24": 38.28237999902128,
        "13,25": 80.79676364279418,
        "13,26": 59.945878272222885,
        "13,27": 88.7518190628897,
        "13,28": 89.88708349840135,
        "13,29": 29.37765811194954,
        "13,30": 37.56261112716763,
        "13,31": 31.127923948203666,
        "13,32": 81.62372550062314,
        "13,33": 39.370217178551464,
        "13,34": 33.74775058286728,
        "13,35": 79.36833622891365,
        "13,36": 97.9774340389991,
        "13,37": 44.01770460557384,
        "13,38": 97.01872474139998,
        "13,39": 59.133957740593836,
        "13,40": 45.78172021294174,
        "13,41": 18.644842900868994,
        "13,42": 85.33535626476225,
        "13,43": 43.47923572815535,
        "13,44": 100.56896688441763,
        "13,45": 72.54371610238903,
        "13,46": 46.65112951927572,
        "13,47": 74.17546156593934,
        "13,48": 76.10200668430357,
        "13,49": 89.11300592666021,
        "13,50": 48.099733987216,
        "13,51": 57.16520012527329,
        "13,52": 79.61260512541068,
        "13,53": 57.573706892887984,
        "13,54": 84.53519535722579,
        "13,55": 101.36294130773555,
        "13,56": 85.63042094211808,
        "13,57": 18.56025556262039,
        "13,58": 45.96119465661437,
        "13,59": 71.71459521127822,
        "13,60": 42.32961923963621,
        "14,0": 111.15056349947895,
        "14,1": 45.005543120824605,
        "14,2": 7.8156061856106085,
        "14,3": 30.95848202347031,
        "14,4": 47.64300551332493,
        "14,5": 88.6768618736824,
        "14,6": 86.40992066052168,
        "14,7": 85.50610865400989,
        "14,8": 42.39308761344705,
        "14,9": 65.67666888392124,
        "14,10": 37.01328402753159,
        "14,11": 84.5258332447946,
        "14,12": 86.93193828774888,
        "14,13": 42.65015089454531,
        "14,14": 0.0,
        "14,15": 69.86476035250726,
        "14,16": 20.98348970756314,
        "14,17": 40.265432889229494,
        "14,18": 67.93147963699288,
        "14,19": 65.8587551953883,
        "14,20": 55.940336801839806,
        "14,21": 54.08501304502074,
        "14,22": 51.781565965824385,
