{
    "num_robots": 6,
    "num_tasks": 40,
    "num_nodes": 41,
    "robot_capacity": [
        79,
        96,
        90,
        83,
        92,
        91
    ],
    "robot_speed": [
        1.17,
        0.85,
        1.07,
        1.05,
        0.96,
        1.15
    ],
    "task_demand": {
        "0": 0,
        "1": 15,
        "2": 8,
        "3": 8,
        "4": 5,
        "5": 13,
        "6": 11,
        "7": 14,
        "8": 9,
        "9": 6,
        "10": 7,
        "11": 13,
        "12": 14,
        "13": 7,
        "14": 8,
        "15": 11,
        "16": 7,
        "17": 11,
        "18": 13,
        "19": 5,
        "20": 5,
        "21": 5,
        "22": 14,
        "23": 10,
        "24": 9,
        "25": 6,
        "26": 9,
        "27": 13,
        "28": 7,
        "29": 8,
        "30": 8,
        "31": 15,
        "32": 5,
        "33": 13,
        "34": 8,
        "35": 10,
        "36": 7,
        "37": 6,
        "38": 14,
        "39": 12,
        "40": 12
    },
    "task_service_time": {
        "0": 0,
        "1": 24,
        "2": 53,
        "3": 55,
        "4": 27,
        "5": 13,
        "6": 25,
        "7": 19,
        "8": 81,
        "9": 46,
        "10": 83,
        "11": 40,
        "12": 29,
        "13": 91,
        "14": 69,
        "15": 43,
        "16": 68,
        "17": 91,
        "18": 50,
        "19": 17,
        "20": 17,
        "21": 81,
        "22": 36,
        "23": 69,
        "24": 35,
        "25": 52,
        "26": 72,
        "27": 16,
        "28": 41,
        "29": 28,
        "30": 47,
        "31": 42,
        "32": 71,
        "33": 50,
        "34": 65,
        "35": 44,
        "36": 84,
        "37": 53,
        "38": 28,
        "39": 44,
        "40": 93
    },
    "task_precedence": [],
    "coordinates": {
        "0": [
            50.0,
            50.0
        ],
        "1": [
            71.03714394908984,
            1.506280469658472
        ],
        "2": [
            88.00938218994912,
            14.367809526444885
        ],
        "3": [
            50.97895358562206,
            60.10370292744126
        ],
        "4": [
            15.88378790524062,
            14.137067042982821
        ],
        "5": [
            14.789843208231568,
            94.45269363990683
        ],
        "6": [
            62.960967784925096,
            88.79949405456313
        ],
        "7": [
            68.05518439507665,
            99.48404637981541
        ],
        "8": [
            88.28915031273186,
            48.26227478791066
        ],
        "9": [
            27.059550770606045,
            81.11553144481468
        ],
        "10": [
            72.22522221601272,
            4.946138982552483
        ],
        "11": [
            46.432636069982514,
            20.573509931638732
        ],
        "12": [
            14.516373694033613,
            64.89402916444676
        ],
        "13": [
            37.71957201848397,
            78.32806755488147
        ],
        "14": [
            47.10539566975237,
            4.282069072285399
        ],
        "15": [
            59.41936070371319,
            45.230698200427476
        ],
        "16": [
            38.53923350584984,
            91.9070995315325
        ],
        "17": [
            72.1122789110445,
            67.99848708193194
        ],
        "18": [
            59.009330231252356,
            51.76287383211721
        ],
        "19": [
            13.675691390157807,
            98.92861104340784
        ],
        "20": [
            26.731016646048833,
            87.61413825269159
        ],
        "21": [
            58.60353250572858,
            34.50003089004869
        ],
        "22": [
            59.605488815503996,
            41.29127235400749
        ],
        "23": [
            72.07415158609079,
            41.688256388115654
        ],
        "24": [
            43.689259599022,
            12.007638636946272
        ],
        "25": [
            29.851285458387224,
            68.76743909189994
        ],
        "26": [
            83.38649149296066,
            79.59748349078771
        ],
        "27": [
            95.52440042902279,
            1.3608408043012998
        ],
        "28": [
            0.6443032007217298,
            53.30296270388987
        ],
        "29": [
            5.51299729682354,
            99.04100235627745
        ],
        "30": [
            47.318598116717816,
            97.88695608284006
        ],
        "31": [
            84.49547379230381,
            44.41716151982907
        ],
        "32": [
            52.70565854561327,
            45.01065875146089
        ],
        "33": [
            94.04446503925276,
            19.791027924968397
        ],
        "34": [
            62.735996087375725,
            9.658960198889643
        ],
        "35": [
            20.51784197777452,
            93.3551235755333
        ],
        "36": [
            26.450871381938413,
            23.34854897062527
        ],
        "37": [
            75.87305971911832,
            44.58717458837064
        ],
        "38": [
            18.934140092553697,
            52.9251748098845
        ],
        "39": [
            14.039485210193348,
            74.12059398185814
        ],
        "40": [
            84.57441465666136,
            63.09830179762452
        ]
    },
    "distance_matrix_str_keys": {
        "0,0": 0.0,
        "0,1": 52.86021433386507,
        "0,2": 52.099579004108406,
        "0,3": 10.15101782920252,
        "0,4": 49.498140247630666,
        "0,5": 56.707998669890735,
        "0,6": 40.9070583739768,
        "0,7": 52.67504655584029,
        "0,8": 38.328562725253676,
        "0,9": 38.657994101345366,
        "0,10": 50.23754467657255,
        "0,11": 29.641936562116754,
        "0,12": 38.4827213249383,
        "0,13": 30.87536757357117,
        "0,14": 45.80947437528586,
        "0,15": 10.557963616250149,
        "0,16": 43.44599129700237,
        "0,17": 28.51137344777158,
        "0,18": 9.180182752196234,
        "0,19": 60.93820127489937,
        "0,20": 44.22972962633904,
        "0,21": 17.727656753969857,
        "0,22": 12.96562195179416,
        "0,23": 23.587141626645117,
        "0,24": 38.51291947320268,
        "0,25": 27.53520415300334,
        "0,26": 44.616912075994065,
        "0,27": 66.62010838843278,
        "0,28": 49.46609312615637,
        "0,29": 66.21263717464242,
        "0,30": 47.96196908947256,
        "0,31": 34.944324255180504,
        "0,32": 5.675747903124656,
        "0,33": 53.408771699263006,
        "0,34": 42.303724287258916,
        "0,35": 52.429613596680625,
        "0,36": 35.56488859312182,
        "0,37": 26.433196896437696,
        "0,38": 31.203273858001864,
        "0,39": 43.30082768245376,
        "0,40": 36.97236344666667,
        "1,0": 52.86021433386507,
        "1,1": 0.0,
        "1,2": 21.294971251050033,
        "1,3": 61.935360815554944,
        "1,4": 56.58117577746568,
        "1,5": 108.64066716403701,
        "1,6": 87.66601256709697,
        "1,7": 98.02313347127443,
        "1,8": 49.83728251278932,
        "1,9": 90.94867532074139,
        "1,10": 3.639252197507599,
        "1,11": 31.12781790181995,
        "1,12": 84.92705196118892,
        "1,13": 83.73558126817076,
        "1,14": 24.09218915067797,
        "1,15": 45.24154720421641,
        "1,16": 96.0646775367228,
        "1,17": 66.50089815450376,
        "1,18": 51.6758500581319,
        "1,19": 113.05506063017043,
        "1,20": 96.83798887098148,
        "1,21": 35.2587898307285,
        "1,22": 41.39478612495729,
        "1,23": 40.1953551240771,
        "1,24": 29.29479991026304,
        "1,25": 78.86912196051449,
        "1,26": 79.06163655052008,
        "1,27": 24.48768838845916,
        "1,28": 87.39592850413031,
        "1,29": 117.50079049950178,
        "1,30": 99.25625445308556,
        "1,31": 44.97188404626422,
        "1,32": 47.208836956485555,
        "1,33": 29.388242772413566,
        "1,34": 11.635086703134517,
        "1,35": 104.82561639006255,
        "1,36": 49.64897173860347,
        "1,37": 43.35146502025622,
        "1,38": 73.20263455672581,
        "1,39": 92.31235902393419,
        "1,40": 63.06215021290266,
        "2,0": 52.099579004108406,
        "2,1": 21.294971251050033,
        "2,2": 0.0,
        "2,3": 58.84746883093161,
        "2,4": 72.12596337669292,
        "2,5": 108.51124159349521,
        "2,6": 78.53342425935044,
        "2,7": 87.42393142450163,
        "2,8": 33.89561985807658,
        "2,9": 90.38882857598257,
        "2,10": 18.38226269860339,
        "2,11": 42.03732312413793,
        "2,12": 89.18587987281572,
        "2,13": 81.36325715054791,
        "2,14": 42.12906685120271,
        "2,15": 42.0702653412844,
        "2,16": 91.97628555948522,
        "2,17": 55.93717429152802,
        "2,18": 47.32223418259624,
        "2,19": 112.58786231699305,
        "2,20": 95.49901965782297,
        "2,21": 35.63720433317012,
        "2,22": 39.13635150922979,
        "2,23": 31.62812658251385,
        "2,24": 44.382920961811934,
        "2,25": 79.63469038237321,
        "2,26": 65.3932831710625,
        "2,27": 15.021875198271069,
        "2,28": 95.6483307734382,
        "2,29": 118.216763212468,
        "2,30": 92.90418585835059,
        "2,31": 30.254108934975168,
        "2,32": 46.74758936867977,
        "2,33": 8.11378597179164,
        "2,34": 25.708312023144725,
        "2,35": 103.89467638383066,
        "2,36": 62.21015941037468,
        "2,37": 32.565324316854756,
        "2,38": 79.10789776257731,
        "2,39": 95.08912087810444,
        "2,40": 48.85140611022614,
        "3,0": 10.15101782920252,
        "3,1": 61.935360815554944,
        "3,2": 58.84746883093161,
        "3,3": 0.0,
        "3,4": 57.83253641911105,
        "3,5": 49.89493834921532,
        "3,6": 31.096898441544063,
        "3,7": 42.92329331592246,
        "3,8": 39.14422307568899,
        "3,9": 31.83763132945827,
        "3,10": 59.10804337016424,
        "3,11": 39.79076728637444,
        "3,12": 36.77590186259765,
        "3,13": 22.537494661493657,
        "3,14": 55.95586883595572,
        "3,15": 17.10107429166068,
        "3,16": 34.14970967988176,
        "3,17": 22.55981064096369,
        "3,18": 11.578271851536774,
        "3,19": 53.84149757052454,
        "3,20": 36.67133073138062,
        "3,21": 26.71483156426952,
        "3,22": 20.696005753590715,
        "3,23": 28.002429357499317,
        "3,24": 48.64535988821237,
        "3,25": 22.83503196454789,
        "3,26": 37.818725439489526,
        "3,27": 73.72259277112052,
        "3,28": 50.79199835563055,
        "3,29": 59.86039147938964,
        "3,30": 37.960142533500715,
        "3,31": 37.00573885355673,
        "3,32": 15.191494084419523,
        "3,33": 58.98940618973713,
        "3,34": 51.79671917542465,
        "3,35": 45.094747981357045,
        "3,36": 44.187873438081496,
        "3,37": 29.333925272335406,
        "3,38": 32.83902157099217,
        "3,39": 39.5094616350399,
        "3,40": 33.7286618022272,
        "4,0": 49.498140247630666,
        "4,1": 56.58117577746568,
        "4,2": 72.12596337669292,
        "4,3": 57.83253641911105,
        "4,4": 0.0,
        "4,5": 80.32307632714674,
        "4,6": 88.26516228209024,
        "4,7": 100.02980302700493,
        "4,8": 80.04415224733552,
        "4,9": 67.9044355638889,
        "4,10": 57.08616626475326,
        "4,11": 31.219543898836566,
        "4,12": 50.775378141622305,
        "4,13": 67.80328911313036,
        "4,14": 32.74003323766594,
        "4,15": 53.49915884802599,
        "4,16": 81.00276025316813,
        "4,17": 77.86331465717265,
        "4,18": 57.23210408019175,
        "4,19": 84.820290168072,
        "4,20": 74.27342973710066,
        "4,21": 47.32469625225112,
        "4,22": 51.467834581996996,
        "4,23": 62.58134710053441,
        "4,24": 27.88689157023624,
        "4,25": 56.38766299555481,
        "4,26": 94.03021383136186,
        "4,27": 80.65890601827664,
        "4,28": 42.02629268660659,
        "4,29": 85.53497255232944,
        "4,30": 89.45496748208,
        "4,31": 74.99631698818123,
        "4,32": 48.05235501448543,
        "4,33": 78.3649074758741,
        "4,34": 47.0657290653108,
        "4,35": 79.35348094407411,
        "4,36": 14.01836839674229,
        "4,37": 67.27497144023909,
        "4,38": 38.90786491962036,
        "4,39": 60.01187346232193,
        "4,40": 84.35404384024594,
        "5,0": 56.707998669890735,
        "5,1": 108.64066716403701,
        "5,2": 108.51124159349521,
        "5,3": 49.89493834921532,
        "5,4": 80.32307632714674,
        "5,5": 0.0,
        "5,6": 48.50171036711033,
        "5,7": 53.50243996440163,
        "5,8": 86.80842665642828,
        "5,9": 18.122516908100394,
        "5,10": 106.34964075349492,
        "5,11": 80.37039333916255,
        "5,12": 29.55992948482828,
        "5,13": 28.031696875030583,
        "5,14": 95.7864106531205,
        "5,15": 66.44244627437814,
        "5,16": 23.88542628619375,
        "5,17": 63.13229505978001,
        "5,18": 61.46367828075904,
        "5,19": 4.612501585547731,
        "5,20": 13.760721741828918,
        "5,21": 74.25605120564809,
        "5,22": 69.53113550297815,
        "5,23": 77.8818196039864,
        "5,24": 87.36339829796846,
        "5,25": 29.775482260589534,
        "5,26": 70.18673253880193,
        "5,27": 123.22403091119544,
        "5,28": 43.51317798334951,
        "5,29": 10.349514333568045,
        "5,30": 32.70954072473825,
        "5,31": 85.80460016608946,
        "5,32": 62.30669198897286,
        "5,33": 108.8836967084944,
        "5,34": 97.4105271866267,
        "5,35": 5.832206267793902,
        "5,36": 72.05400035541473,
        "5,37": 78.85257972694987,
        "5,38": 41.73379945371929,
        "5,39": 20.34594096202099,
        "5,40": 76.50479919613136,
        "6,0": 40.9070583739768,
        "6,1": 87.66601256709697,
        "6,2": 78.53342425935044,
        "6,3": 31.096898441544063,
        "6,4": 88.26516228209024,
        "6,5": 48.50171036711033,
        "6,6": 0.0,
        "6,7": 11.836836623954813,
        "6,8": 47.79940351128407,
        "6,9": 36.71450701049994,
        "6,10": 84.36356777067112,
        "6,11": 70.19950611521926,
        "6,12": 54.02175439805546,
        "6,13": 27.327254402452272,
        "6,14": 85.99182689496942,
        "6,15": 43.712503393160155,
        "6,16": 24.618657904082614,
        "6,17": 22.72506075684921,
        "6,18": 37.24683445418263,
        "6,19": 50.31538015639262,
        "6,20": 36.24933693052042,
        "6,21": 54.4740208004407,
        "6,22": 47.62657208180506,
        "6,23": 47.98456870138907,
        "6,24": 79.17315071969017,
        "6,25": 38.6979881879073,
        "6,26": 22.4026564755914,
        "6,27": 93.30538691729545,
        "6,28": 71.71729514440318,
        "6,29": 58.35373000499514,
        "6,30": 18.09048631055081,
        "6,31": 49.330785420521565,
        "6,32": 44.97369747748263,
        "6,33": 75.6858784656637,
        "6,34": 79.14085361698912,
        "6,35": 42.68691472353028,
        "6,36": 74.94540247230667,
        "6,37": 46.05921526358999,
        "6,38": 56.79197423864467,
        "6,39": 51.07623287454,
        "6,40": 33.58113114690283,
        "7,0": 52.67504655584029,
        "7,1": 98.02313347127443,
        "7,2": 87.42393142450163,
        "7,3": 42.92329331592246,
        "7,4": 100.02980302700493,
        "7,5": 53.50243996440163,
        "7,6": 11.836836623954813,
        "7,7": 0.0,
        "7,8": 55.07343517314035,
        "7,9": 44.922648154234736,
        "7,10": 94.6298322437565,
        "7,11": 81.81935809214133,
        "7,12": 63.74067415898282,
        "7,13": 36.98411575668582,
        "7,14": 97.4797934492025,
        "7,15": 54.93635626342732,
        "7,16": 30.4729631056278,
        "7,17": 31.745873120959086,
        "7,18": 48.570956207185816,
        "7,19": 54.38232955551782,
        "7,20": 42.99513413278474,
        "7,21": 65.66776981603424,
        "7,22": 58.80302971961729,
        "7,23": 57.935355682407874,
        "7,24": 90.80649868133716,
        "7,25": 49.02089204864392,
        "7,26": 25.110244141960912,
        "7,27": 101.89563926848982,
        "7,28": 81.71241884121575,
        "7,29": 62.54375632339083,
        "7,30": 20.797997689597736,
        "7,31": 57.46864295985744,
        "7,32": 56.59468087649503,
        "7,33": 83.8237430496058,
        "7,34": 89.98244201878232,
        "7,35": 47.930810746749124,
        "7,36": 86.76135560858867,
        "7,37": 55.450750284090695,
        "7,38": 67.68017076837015,
        "7,39": 59.67411897946418,
        "7,40": 39.960072287668474,
        "8,0": 38.328562725253676,
        "8,1": 49.83728251278932,
        "8,2": 33.89561985807658,
        "8,3": 39.14422307568899,
        "8,4": 80.04415224733552,
        "8,5": 86.80842665642828,
        "8,6": 47.79940351128407,
        "8,7": 55.07343517314035,
        "8,8": 0.0,
        "8,9": 69.48669176938489,
        "8,10": 46.198889672856815,
        "8,11": 50.186008845288725,
        "8,12": 75.62432031875578,
        "8,13": 58.83225427913248,
        "8,14": 60.252470001501614,
        "8,15": 29.028524052641373,
        "8,16": 66.18100142180644,
        "8,17": 25.51880177558122,
        "8,18": 29.48833765528519,
        "8,19": 90.19005422964193,
        "8,20": 73.06143290872397,
        "8,21": 32.720563285000296,
        "8,22": 29.518592646348104,
        "8,23": 17.49696835528415,
        "8,24": 57.47650732354635,
        "8,25": 61.93097619017679,
        "8,26": 31.716421108882095,
        "8,27": 47.45622566075136,
        "8,28": 87.78967911977996,
        "8,29": 97.11009567277483,
        "8,30": 64.35211838680702,
        "8,31": 5.401562513386675,
        "8,32": 35.73174909221621,
        "8,33": 29.047126286982472,
        "8,34": 46.29448766455634,
        "8,35": 81.40218206666981,
        "8,36": 66.66833187669754,
        "8,37": 12.948577802425946,
        "8,38": 69.51158233888755,
        "8,39": 78.6235679639076,
        "8,40": 15.294017079480483,
        "9,0": 38.657994101345366,
        "9,1": 90.94867532074139,
        "9,2": 90.38882857598257,
        "9,3": 31.83763132945827,
        "9,4": 67.9044355638889,
        "9,5": 18.122516908100394,
        "9,6": 36.71450701049994,
        "9,7": 44.922648154234736,
        "9,8": 69.48669176938489,
        "9,9": 0.0,
        "9,10": 88.55345405564115,
        "9,11": 63.566129368703706,
        "9,12": 20.505326805643296,
        "9,13": 11.018439451342031,
        "9,14": 79.40539552115779,
        "9,15": 48.32058107974589,
        "9,16": 15.755667471488506,
        "9,17": 46.923396783631176,
        "9,18": 43.38625262121844,
        "9,19": 22.280787614028107,
        "9,20": 6.506905955550818,
        "9,21": 56.285234970435475,
        "9,22": 51.431602107596014,
        "9,23": 59.83998917926073,
        "9,24": 71.08057444943537,
        "9,25": 12.659745942279883,
        "9,26": 56.347393202617425,
        "9,27": 105.1106384621157,
        "9,28": 38.35758444098047,
        "9,29": 28.028137183842002,
        "9,30": 26.300374213325618,
        "9,31": 68.15904641722535,
        "9,32": 44.28639380453742,
        "9,33": 90.81670260218431,
        "9,34": 79.86770514209368,
        "9,35": 13.878096751952642,
        "9,36": 57.77018915298352,
        "9,37": 60.96785637119129,
        "9,38": 29.338004463350245,
        "9,39": 14.780096660986954,
        "9,40": 60.27088959017494,
        "10,0": 50.23754467657255,
        "10,1": 3.639252197507599,
        "10,2": 18.38226269860339,
        "10,3": 59.10804337016424,
        "10,4": 57.08616626475326,
        "10,5": 106.34964075349492,
        "10,6": 84.36356777067112,
        "10,7": 94.6298322437565,
        "10,8": 46.198889672856815,
        "10,9": 88.55345405564115,
        "10,10": 0.0,
        "10,11": 30.15745716867943,
        "10,12": 83.21094119761648,
        "10,13": 81.08974865264172,
        "10,14": 25.128602718016946,
        "10,15": 42.27098059485576,
        "10,16": 93.25746348138834,
        "10,17": 63.05244925485018,
        "10,18": 48.64634069410876,
        "10,19": 110.72828281246483,
        "10,20": 94.35952969239436,
        "10,21": 32.54201833696292,
        "10,22": 38.47371038629843,
        "10,23": 36.74242797882869,
        "10,24": 29.39669947200358,
        "10,25": 76.60749874514009,
        "10,26": 75.48110471342986,
        "10,27": 23.573418683520938,
        "10,28": 86.38408630928583,
        "10,29": 115.34454589181256,
        "10,30": 96.22024426955424,
        "10,31": 41.33425569529068,
        "10,32": 44.56656942368383,
        "10,33": 26.390340753619945,
        "10,34": 10.595097750260015,
        "10,35": 102.41973309799077,
        "10,36": 49.33497631143691,
        "10,37": 39.80852198149042,
        "10,38": 71.70723333673992,
        "10,39": 90.39184263727199,
        "10,40": 59.44894106716133,
        "11,0": 29.641936562116754,
        "11,1": 31.12781790181995,
        "11,2": 42.03732312413793,
        "11,3": 39.79076728637444,
        "11,4": 31.219543898836566,
        "11,5": 80.37039333916255,
        "11,6": 70.19950611521926,
        "11,7": 81.81935809214133,
        "11,8": 50.186008845288725,
        "11,9": 63.566129368703706,
        "11,10": 30.15745716867943,
        "11,11": 0.0,
        "11,12": 54.61644650758706,
        "11,13": 58.40810227547187,
        "11,14": 16.30532584013241,
        "11,15": 27.868117088078275,
        "11,16": 71.76898222244432,
        "11,17": 53.93118313323322,
        "11,18": 33.62959495061736,
        "11,19": 84.92667010422966,
        "11,20": 69.87560127546006,
        "11,21": 18.4953698544984,
        "11,22": 24.55096188023817,
        "11,23": 33.21625860755733,
        "11,24": 8.9944574877341,
        "11,25": 50.96661648578339,
        "11,26": 69.63775474075459,
        "11,27": 52.71743528359552,
        "11,28": 56.28311030599895,
        "11,29": 88.49612536567095,
        "11,30": 77.31852226034175,
        "11,31": 44.9143555729655,
        "11,32": 25.229448139464008,
        "11,33": 47.618258429827144,
        "11,34": 19.61955513576668,
        "11,35": 77.25761993130955,
        "11,36": 20.173541129813216,
        "11,37": 37.99203383456287,
        "11,38": 42.459362941699794,
        "11,39": 62.58279662100697,
        "11,40": 57.12401593901329,
        "12,0": 38.4827213249383,
        "12,1": 84.92705196118892,
        "12,2": 89.18587987281572,
        "12,3": 36.77590186259765,
        "12,4": 50.775378141622305,
        "12,5": 29.55992948482828,
        "12,6": 54.02175439805546,
        "12,7": 63.74067415898282,
        "12,8": 75.62432031875578,
        "12,9": 20.505326805643296,
        "12,10": 83.21094119761648,
        "12,11": 54.61644650758706,
        "12,12": 0.0,
        "12,13": 26.811598235827898,
        "12,14": 68.81754180111088,
        "12,15": 49.01963715687839,
        "12,16": 36.14974085931046,
        "12,17": 57.679510718524114,
        "12,18": 46.39019747516282,
        "12,19": 34.044963069619506,
        "12,20": 25.795365076442714,
        "12,21": 53.54878806463996,
        "12,22": 50.89320614276474,
        "12,23": 62.05969453693835,
        "12,24": 60.398903757044835,
        "12,25": 15.816536387167819,
        "12,26": 70.42218893761313,
        "12,27": 102.9503104351922,
        "12,28": 18.077255363147945,
        "12,29": 35.31397123963039,
        "12,30": 46.52439310424781,
        "12,31": 72.91348681210432,
        "12,32": 43.055428188035634,
        "12,33": 91.42755620611275,
        "12,34": 73.32151681045852,
        "12,35": 29.086964720257924,
        "12,36": 43.225677086632416,
        "12,37": 64.62980166111241,
        "12,38": 12.758139931534577,
        "12,39": 9.238880936342497,
        "12,40": 70.08105122140493,
        "13,0": 30.87536757357117,
        "13,1": 83.73558126817076,
        "13,2": 81.36325715054791,
        "13,3": 22.537494661493657,
        "13,4": 67.80328911313036,
        "13,5": 28.031696875030583,
        "13,6": 27.327254402452272,
        "13,7": 36.98411575668582,
        "13,8": 58.83225427913248,
        "13,9": 11.018439451342031,
        "13,10": 81.08974865264172,
        "13,11": 58.40810227547187,
        "13,12": 26.811598235827898,
        "13,13": 0.0,
        "13,14": 74.63848589633454,
        "13,15": 39.57671900459602,
        "13,16": 13.603747806276836,
        "13,17": 35.91042355841435,
        "13,18": 34.04355037721731,
        "13,19": 31.662131761646503,
        "13,20": 14.386780674556794,
        "13,21": 48.549321349805915,
        "13,22": 43.01996690837366,
        "13,23": 50.22661545040921,
        "13,24": 66.58856104217995,
        "13,25": 12.382065659613165,
        "13,26": 45.68455921979187,
        "13,27": 96.25669940968815,
        "13,28": 44.730654262065705,
        "13,29": 38.292154854340296,
        "13,30": 21.78741431385754,
        "13,31": 57.774860751646955,
        "13,32": 36.53262266485741,
        "13,33": 81.23471291532373,
        "13,34": 73.08397757554906,
        "13,35": 22.84101418591684,
        "13,36": 56.122465001037284,
        "13,37": 50.93266615738858,
        "13,38": 31.594293985743377,
        "13,39": 24.050973891214248,
        "13,40": 49.267860149079766,
        "14,0": 45.80947437528586,
        "14,1": 24.09218915067797,
        "14,2": 42.12906685120271,
        "14,3": 55.95586883595572,
        "14,4": 32.74003323766594,
        "14,5": 95.7864106531205,
        "14,6": 85.99182689496942,
        "14,7": 97.4797934492025,
        "14,8": 60.252470001501614,
        "14,9": 79.40539552115779,
        "14,10": 25.128602718016946,
        "14,11": 16.30532584013241,
        "14,12": 68.81754180111088,
        "14,13": 74.63848589633454,
        "14,14": 0.0,
        "14,15": 42.760074395769415,
        "14,16": 88.04274585224076,
        "14,17": 68.44798122241173,
        "14,18": 48.95028578757984,
        "14,19": 100.37685507781455,
        "14,20": 85.78664857942368,
        "14,21": 32.331600132357096,
        "14,22": 39.063198233123416,
        "14,23": 44.974010511812985,
        "14,24": 8.447154003104211,
        "14,25": 66.7537809097922,
        "14,26": 83.59862177789516,
        "14,27": 48.507046874365805,
        "14,28": 67.54021858016817,
        "14,29": 103.48518270521858,
        "14,30": 93.60512981424735,
        "14,31": 54.85292688438218,
        "14,32": 41.11181048717492,
        "14,33": 49.43484639370273,
        "14,34": 16.529568282407222,
        "14,35": 92.95647933233259,
        "14,36": 28.109429543654834,
        "14,37": 49.518481656043804,
        "14,38": 56.21184373951004,
        "14,39": 77.27078358645386,
        "14,40": 69.73719678795958,
        "15,0": 10.557963616250149,
        "15,1": 45.24154720421641,
        "15,2": 42.0702653412844,
        "15,3": 17.10107429166068,
        "15,4": 53.49915884802599,
        "15,5": 66.44244627437814,
        "15,6": 43.712503393160155,
        "15,7": 54.93635626342732,
        "15,8": 29.028524052641373,
        "15,9": 48.32058107974589,
        "15,10": 42.27098059485576,
        "15,11": 27.868117088078275,
        "15,12": 49.01963715687839,
        "15,13": 39.57671900459602,
        "15,14": 42.760074395769415,
        "15,15": 0.0,
        "15,16": 51.13380636155825,
        "15,17": 26.066882881747887,
        "15,18": 6.54503196872159,
        "15,19": 70.54040775300511,
        "15,20": 53.524609553887515,
        "15,21": 10.761635404280275,
        "15,22": 3.9438204413285147,
        "15,23": 13.141256647304411,
        "15,24": 36.75877810159672,
        "15,25": 37.79218497924631,
        "15,26": 41.89867885104034,
        "15,27": 56.8167077673692,
        "15,28": 59.32679696978265,
        "15,29": 76.16721636702194,
        "15,30": 54.02878815377932,
        "15,31": 25.089306279019855,
        "15,32": 6.717307051696912,
        "15,33": 42.96597111635064,
        "15,34": 35.726021534985016,
        "15,35": 61.88124495247882,
        "15,36": 39.569555760398806,
        "15,37": 16.466278690973816,
        "15,38": 41.20992669524825,
        "15,39": 53.79553120910033,
        "15,40": 30.854950942795263,
        "16,0": 43.44599129700237,
        "16,1": 96.0646775367228,
        "16,2": 91.97628555948522,
        "16,3": 34.14970967988176,
        "16,4": 81.00276025316813,
        "16,5": 23.88542628619375,
        "16,6": 24.618657904082614,
        "16,7": 30.4729631056278,
        "16,8": 66.18100142180644,
        "16,9": 15.755667471488506,
        "16,10": 93.25746348138834,
        "16,11": 71.76898222244432,
        "16,12": 36.14974085931046,
        "16,13": 13.603747806276836,
        "16,14": 88.04274585224076,
        "16,15": 51.13380636155825,
        "16,16": 0.0,
        "16,17": 41.21615128859628,
        "16,18": 45.06199859030811,
        "16,19": 25.835970089202952,
        "16,20": 12.56437431588681,
        "16,21": 60.81239696282797,
        "16,22": 54.82471225311274,
        "16,23": 60.38644663590975,
        "16,24": 80.06526475323658,
        "16,25": 24.716883430904172,
        "16,26": 46.50594796402968,
        "16,27": 106.98567296026405,
        "16,28": 54.09533365307835,
        "16,29": 33.7879393814909,
        "16,30": 10.622425680830952,
        "16,31": 66.08532540301007,
        "16,32": 48.98942494300172,
        "16,33": 91.0030686929828,
        "16,34": 85.73353919621283,
        "16,35": 18.079472510009506,
        "16,36": 69.6161141823593,
        "16,37": 60.274288683890774,
        "16,38": 43.6342771539566,
        "16,39": 30.275360381325278,
        "16,40": 54.30639677295165,
        "17,0": 28.51137344777158,
        "17,1": 66.50089815450376,
        "17,2": 55.93717429152802,
        "17,3": 22.55981064096369,
        "17,4": 77.86331465717265,
        "17,5": 63.13229505978001,
        "17,6": 22.72506075684921,
        "17,7": 31.745873120959086,
        "17,8": 25.51880177558122,
        "17,9": 46.923396783631176,
        "17,10": 63.05244925485018,
        "17,11": 53.93118313323322,
        "17,12": 57.679510718524114,
        "17,13": 35.91042355841435,
        "17,14": 68.44798122241173,
        "17,15": 26.066882881747887,
        "17,16": 41.21615128859628,
        "17,17": 0.0,
        "17,18": 20.86342257882983,
        "17,19": 66.11737539677839,
        "17,20": 49.439182190012446,
        "17,21": 36.11970094951863,
        "17,22": 29.49059370405036,
        "17,23": 26.31025831980258,
        "17,24": 62.79206268630581,
        "17,25": 42.26798853505067,
        "17,26": 16.175431587283402,
        "17,27": 70.63075346755974,
        "17,28": 72.9632098312356,
        "17,29": 73.4785823630824,
        "17,30": 38.833583230873884,
        "17,31": 26.6349850897862,
        "17,32": 30.084168018397612,
        "17,33": 52.96206101288619,
        "17,34": 59.088197438461776,
        "17,35": 57.48865050364123,
        "17,36": 63.863769939478374,
        "17,37": 23.711453455188188,
        "17,38": 55.27313263285639,
        "17,39": 58.394602157354754,
        "17,40": 13.390916442227713,
        "18,0": 9.180182752196234,
        "18,1": 51.6758500581319,
        "18,2": 47.32223418259624,
        "18,3": 11.578271851536774,
        "18,4": 57.23210408019175,
        "18,5": 61.46367828075904,
        "18,6": 37.24683445418263,
        "18,7": 48.570956207185816,
        "18,8": 29.48833765528519,
        "18,9": 43.38625262121844,
        "18,10": 48.64634069410876,
        "18,11": 33.62959495061736,
        "18,12": 46.39019747516282,
        "18,13": 34.04355037721731,
        "18,14": 48.95028578757984,
        "18,15": 6.54503196872159,
        "18,16": 45.06199859030811,
        "18,17": 20.86342257882983,
        "18,18": 0.0,
        "18,19": 65.41976442375287,
        "18,20": 48.24108921302127,
        "18,21": 17.267611827828567,
        "18,22": 10.488557697506677,
        "18,23": 16.498105154132787,
        "18,24": 42.60496789812058,
        "18,25": 33.75421180609344,
        "18,26": 37.000155216294495,
        "18,27": 62.23917805438266,
        "18,28": 58.385342801147694,
        "18,29": 71.39383078514744,
        "18,30": 47.582603762775065,
        "18,31": 26.52363102950699,
        "18,32": 9.237352716864859,
        "18,33": 47.43057665393949,
        "18,34": 42.26851761816921,
        "18,35": 56.67018534190901,
        "18,36": 43.21373739885117,
        "18,37": 18.326920960069234,
        "18,38": 40.092041706749846,
        "18,39": 50.22105745115486,
        "18,40": 27.9654334641803,
        "19,0": 60.93820127489937,
        "19,1": 113.05506063017043,
        "19,2": 112.58786231699305,
        "19,3": 53.84149757052454,
        "19,4": 84.820290168072,
        "19,5": 4.612501585547731,
        "19,6": 50.31538015639262,
        "19,7": 54.38232955551782,
        "19,8": 90.19005422964193,
        "19,9": 22.280787614028107,
        "19,10": 110.72828281246483,
        "19,11": 84.92667010422966,
        "19,12": 34.044963069619506,
        "19,13": 31.662131761646503,
        "19,14": 100.37685507781455,
        "19,15": 70.54040775300511,
        "19,16": 25.835970089202952,
        "19,17": 66.11737539677839,
        "19,18": 65.41976442375287,
        "19,19": 0.0,
        "19,20": 17.27596052522014,
        "19,21": 78.54650118168088,
        "19,22": 73.69945116980169,
        "19,23": 81.7730906491836,
        "19,24": 91.95689055591755,
        "19,25": 34.22493443307913,
        "19,26": 72.34146904389354,
        "19,27": 127.3525852142777,
        "19,28": 47.45015136482847,
        "19,29": 8.163467808998984,
        "19,30": 33.65902877489028,
        "19,31": 89.36968002991274,
        "19,32": 66.5618803483841,
        "19,33": 112.79138637186516,
        "19,34": 101.86257437786486,
        "19,35": 8.824895875769771,
        "19,36": 76.65214287120783,
        "19,37": 82.59239882123067,
        "19,38": 46.30299588630931,
        "19,39": 24.810684320865423,
        "19,40": 79.43827806208238,
        "20,0": 44.22972962633904,
        "20,1": 96.83798887098148,
        "20,2": 95.49901965782297,
        "20,3": 36.67133073138062,
        "20,4": 74.27342973710066,
        "20,5": 13.760721741828918,
        "20,6": 36.24933693052042,
        "20,7": 42.99513413278474,
        "20,8": 73.06143290872397,
        "20,9": 6.506905955550818,
        "20,10": 94.35952969239436,
        "20,11": 69.87560127546006,
        "20,12": 25.795365076442714,
        "20,13": 14.386780674556794,
        "20,14": 85.78664857942368,
        "20,15": 53.524609553887515,
        "20,16": 12.56437431588681,
        "20,17": 49.439182190012446,
        "20,18": 48.24108921302127,
        "20,19": 17.27596052522014,
        "20,20": 0.0,
        "20,21": 61.94324554102646,
        "20,22": 56.80263044514533,
        "20,23": 64.53825618367635,
        "20,24": 77.48499718137545,
        "20,25": 19.103249637656837,
        "20,26": 57.219835579112036,
        "20,27": 110.32751684431238,
        "20,28": 43.101895386621905,
        "20,29": 24.099327134713075,
        "20,30": 23.008244109076408,
        "20,31": 72.12982259967782,
        "20,32": 49.897279358922894,
        "20,33": 95.55665664468928,
        "20,34": 85.86831971088253,
        "20,35": 8.45945931697585,
        "20,36": 64.26619988096573,
        "20,37": 65.3166135035047,
        "20,38": 35.55440153802127,
        "20,39": 18.52432744194105,
        "20,40": 62.82423839972697,
        "21,0": 17.727656753969857,
        "21,1": 35.2587898307285,
        "21,2": 35.63720433317012,
        "21,3": 26.71483156426952,
        "21,4": 47.32469625225112,
        "21,5": 74.25605120564809,
        "21,6": 54.4740208004407,
        "21,7": 65.66776981603424,
        "21,8": 32.720563285000296,
        "21,9": 56.285234970435475,
        "21,10": 32.54201833696292,
        "21,11": 18.4953698544984,
        "21,12": 53.54878806463996,
        "21,13": 48.549321349805915,
        "21,14": 32.331600132357096,
        "21,15": 10.761635404280275,
        "21,16": 60.81239696282797,
        "21,17": 36.11970094951863,
        "21,18": 17.267611827828567,
        "21,19": 78.54650118168088,
        "21,20": 61.94324554102646,
        "21,21": 0.0,
        "21,22": 6.864756155064214,
        "21,23": 15.26853510390825,
        "21,24": 26.987835141099104,
        "21,25": 44.73194580100057,
        "21,26": 51.45848119832852,
        "21,27": 49.61205909603665,
        "21,28": 60.93293449708725,
        "21,29": 83.57117880329642,
        "21,30": 64.38363168974554,
        "21,31": 27.72619886525355,
        "21,32": 12.052311616055261,
        "21,33": 38.37205320376476,
        "21,34": 25.1824551689624,
        "21,35": 70.10307951872068,
        "21,36": 34.031590711286405,
        "21,37": 19.999675951489934,
        "21,38": 43.7395315806779,
        "21,39": 59.63005392476812,
        "21,40": 38.63091791040872,
        "22,0": 12.96562195179416,
        "22,1": 41.39478612495729,
        "22,2": 39.13635150922979,
        "22,3": 20.696005753590715,
        "22,4": 51.467834581996996,
        "22,5": 69.53113550297815,
        "22,6": 47.62657208180506,
        "22,7": 58.80302971961729,
        "22,8": 29.518592646348104,
        "22,9": 51.431602107596014,
        "22,10": 38.47371038629843,
        "22,11": 24.55096188023817,
        "22,12": 50.89320614276474,
        "22,13": 43.01996690837366,
        "22,14": 39.063198233123416,
        "22,15": 3.9438204413285147,
        "22,16": 54.82471225311274,
        "22,17": 29.49059370405036,
        "22,18": 10.488557697506677,
        "22,19": 73.69945116980169,
        "22,20": 56.80263044514533,
        "22,21": 6.864756155064214,
        "22,22": 0.0,
        "22,23": 12.474980866115748,
        "22,24": 33.329529791861745,
        "22,25": 40.500029086719515,
        "22,26": 45.087713403994954,
        "22,27": 53.70854285163159,
        "22,28": 60.1722703091903,
        "22,29": 79.12666398903467,
        "22,30": 57.914066510459804,
        "22,31": 25.085504484110366,
        "22,32": 7.8384624083337755,
        "22,33": 40.59930533701727,
        "22,34": 31.78684080021256,
        "22,35": 65.10367684953161,
        "22,36": 37.69840818361781,
        "22,37": 16.598097319952046,
        "22,38": 42.302556581094386,
        "22,39": 56.16070728813914,
        "22,40": 33.15107525882073,
        "23,0": 23.587141626645117,
        "23,1": 40.1953551240771,
        "23,2": 31.62812658251385,
        "23,3": 28.002429357499317,
