{
    "num_robots": 7,
    "num_tasks": 30,
    "num_nodes": 31,
    "robot_capacity": [
        60,
        62,
        67,
        66,
        56,
        72,
        70
    ],
    "robot_speed": [
        1.08,
        0.91,
        0.96,
        1.18,
        1.11,
        0.87,
        0.98
    ],
    "task_demand": {
        "0": 0,
        "1": 6,
        "2": 11,
        "3": 7,
        "4": 15,
        "5": 15,
        "6": 10,
        "7": 9,
        "8": 9,
        "9": 5,
        "10": 13,
        "11": 11,
        "12": 8,
        "13": 15,
        "14": 10,
        "15": 13,
        "16": 14,
        "17": 5,
        "18": 15,
        "19": 15,
        "20": 6,
        "21": 11,
        "22": 11,
        "23": 9,
        "24": 13,
        "25": 7,
        "26": 14,
        "27": 14,
        "28": 12,
        "29": 6,
        "30": 10
    },
    "task_service_time": {
        "0": 0,
        "1": 29,
        "2": 48,
        "3": 94,
        "4": 75,
        "5": 81,
        "6": 35,
        "7": 48,
        "8": 99,
        "9": 65,
        "10": 63,
        "11": 84,
        "12": 77,
        "13": 84,
        "14": 54,
        "15": 66,
        "16": 13,
        "17": 19,
        "18": 42,
        "19": 60,
        "20": 48,
        "21": 88,
        "22": 72,
        "23": 80,
        "24": 73,
        "25": 49,
        "26": 46,
        "27": 24,
        "28": 13,
        "29": 37,
        "30": 27
    },
    "task_precedence": [],
    "coordinates": {
        "0": [
            0,
            100
        ],
        "1": [
            71.64408024082614,
            24.280486504092124
        ],
        "2": [
            35.35994519303137,
            21.843436208466315
        ],
        "3": [
            85.69478409900012,
            34.50019201209658
        ],
        "4": [
            63.623042267970575,
            73.91714647488632
        ],
        "5": [
            89.33260210911281,
            75.30379518803143
        ],
        "6": [
            0.8312482876606353,
            70.03755359195412
        ],
        "7": [
            33.929742908755046,
            41.19836248664207
        ],
        "8": [
            83.53694705566478,
            65.4508203972139
        ],
        "9": [
            50.14871751033,
            71.76395852155417
        ],
        "10": [
            41.37524981183848,
            38.85858032774758
        ],
        "11": [
            63.41205499911832,
            46.05832329853072
        ],
        "12": [
            22.011523188014458,
            31.109331272962848
        ],
        "13": [
            52.65257935922673,
            70.36226646437603
        ],
        "14": [
            30.025027945702977,
            30.08796655652539
        ],
        "15": [
            10.543060231708923,
            77.5094106820385
        ],
        "16": [
            55.220544589056416,
            51.0903047335564
        ],
        "17": [
            58.23150506105199,
            35.25367338533222
        ],
        "18": [
            7.23690623631793,
            68.22261749014197
        ],
        "19": [
            13.847224027320538,
            78.82739678256999
        ],
        "20": [
            69.58676458120935,
            67.50772658136633
        ],
        "21": [
            35.23344034943649,
            41.11021443173376
        ],
        "22": [
            42.2256145173226,
            86.41080114816414
        ],
        "23": [
            74.9023912731533,
            54.925516155807465
        ],
        "24": [
            45.967255574839804,
            84.0016102241024
        ],
        "25": [
            37.369002435460054,
            54.98720157613327
        ],
        "26": [
            6.046388285022475,
            90.98191674440992
        ],
        "27": [
            2.060838261770692,
            40.9139828783965
        ],
        "28": [
            15.220723899827405,
            77.42777551075811
        ],
        "29": [
            81.26465142546344,
            72.36803187837062
        ],
        "30": [
            64.00464365941471,
            25.07517939165904
        ]
    },
    "distance_matrix_str_keys": {
        "0,0": 0.0,
        "0,1": 104.24163735096889,
        "0,2": 85.78329783678322,
        "0,3": 107.86019130442176,
        "0,4": 68.76195718160228,
        "0,5": 92.68341993959743,
        "0,6": 29.97397485270781,
        "0,7": 67.88858540363435,
        "0,8": 90.39948746871585,
        "0,9": 57.55143704811716,
        "0,10": 73.82536485877016,
        "0,11": 83.25138560154443,
        "0,12": 72.3217214308044,
        "0,13": 60.42093480167547,
        "0,14": 76.0867578711418,
        "0,15": 24.839137000279337,
        "0,16": 73.76629878046168,
        "0,17": 87.08039384252095,
        "0,18": 32.5910240871791,
        "0,19": 25.298710249052828,
        "0,20": 76.79886481447431,
        "0,21": 68.62508406649626,
        "0,22": 44.35841348380555,
        "0,23": 87.41897569896896,
        "0,24": 48.67172752742793,
        "0,25": 58.50294321629535,
        "0,26": 10.857469175549674,
        "0,27": 59.12194578695461,
        "0,28": 27.22454323634298,
        "0,29": 85.83396317062856,
        "0,30": 98.54097195157317,
        "1,0": 104.24163735096889,
        "1,1": 0.0,
        "1,2": 36.36588607898917,
        "1,3": 17.3742527776144,
        "1,4": 50.28056347355541,
        "1,5": 54.00242434318492,
        "1,6": 84.30994222338407,
        "1,7": 41.33504285903417,
        "1,8": 42.853665816900914,
        "1,9": 52.12226715856385,
        "1,10": 33.596471765203425,
        "1,11": 23.281761424456665,
        "1,12": 50.10013812833194,
        "1,13": 49.84182530810659,
        "1,14": 42.022283832552546,
        "1,15": 81.03488764289186,
        "1,16": 31.440401982192693,
        "1,17": 17.329397083675858,
        "1,18": 77.96919224182177,
        "1,19": 79.47227195124697,
        "1,20": 43.27616933627103,
        "1,21": 40.11202362657481,
        "1,22": 68.74316055649713,
        "1,23": 30.81776165035185,
        "1,24": 65.00701457003373,
        "1,25": 46.01829320041561,
        "1,26": 93.55286198739454,
        "1,27": 71.54369829656405,
        "1,28": 77.51276971919789,
        "1,29": 49.040467065903506,
        "1,30": 7.680659351055521,
        "2,0": 85.78329783678322,
        "2,1": 36.36588607898917,
        "2,2": 0.0,
        "2,3": 51.90172901900816,
        "2,4": 59.249252798482566,
        "2,5": 75.96747775729429,
        "2,6": 59.28662463284919,
        "2,7": 19.407695633628624,
        "2,8": 64.98174716223946,
        "2,9": 52.0650202599058,
        "2,10": 18.047133264232134,
        "2,11": 37.05781457880817,
        "2,12": 16.249220946564822,
        "2,13": 51.5083690851074,
        "2,14": 9.820062255195182,
        "2,15": 60.947341970556046,
        "2,16": 35.352831950118166,
        "2,17": 26.513066814992335,
        "2,18": 54.23959602098227,
        "2,19": 60.90951431972369,
        "2,20": 57.06752649880214,
        "2,21": 19.267193531493515,
        "2,22": 64.9313639971211,
        "2,23": 51.55607680614984,
        "2,24": 63.056749285814895,
        "2,25": 33.204600490749996,
        "2,26": 75.09603258107667,
        "2,27": 38.37337974051176,
        "2,28": 59.12027579408726,
        "2,29": 68.26402289561611,
        "2,30": 28.82642735810556,
        "3,0": 107.86019130442176,
        "3,1": 17.3742527776144,
        "3,2": 51.90172901900816,
        "3,3": 0.0,
        "3,4": 45.17585734191726,
        "3,5": 40.965445829550795,
        "3,6": 92.00393349449813,
        "3,7": 52.19659928705932,
        "3,8": 31.025757978480076,
        "3,9": 51.49865186970959,
        "3,10": 44.5333208748337,
        "3,11": 25.102000218571565,
        "3,12": 63.773471418834276,
        "3,13": 48.76346663318696,
        "3,14": 55.84433260088579,
        "3,15": 86.58853556230447,
        "3,16": 34.69742229359634,
        "3,17": 27.47361333527161,
        "3,18": 85.39812983220347,
        "3,19": 84.42140114341319,
        "3,20": 36.72826746699421,
        "3,21": 50.89243174971825,
        "3,22": 67.70731160663684,
        "3,23": 23.10129020819072,
        "3,24": 63.47178056142644,
        "3,25": 52.48903441928681,
        "3,26": 97.64247121246403,
        "3,27": 83.87951841529168,
        "3,28": 82.51891047506128,
        "3,29": 38.126098300808465,
        "3,30": 23.64937747984807,
        "4,0": 68.76195718160228,
        "4,1": 50.28056347355541,
        "4,2": 59.249252798482566,
        "4,3": 45.17585734191726,
        "4,4": 0.0,
        "4,5": 25.746927231787108,
        "4,6": 62.91153020077469,
        "4,7": 44.18383021542358,
        "4,8": 21.63890665322133,
        "4,9": 13.645279258290774,
        "4,10": 41.52188976268338,
        "4,11": 27.85962211515199,
        "4,12": 59.69947707060408,
        "4,13": 11.532052216377194,
        "4,14": 55.22520781957595,
        "4,15": 53.20139899573926,
        "4,16": 24.324199290580562,
        "4,17": 39.03758220997123,
        "4,18": 56.67295648665358,
        "4,19": 50.017423360368504,
        "4,20": 8.754807091014166,
        "4,21": 43.38506986483789,
        "4,22": 24.77783932144441,
        "4,23": 22.088588369501384,
        "4,24": 20.332811238552004,
        "4,25": 32.36691862684608,
        "4,26": 60.052289450309466,
        "4,27": 69.85065332176676,
        "4,28": 48.52946465435814,
        "4,29": 17.70949264374545,
        "4,30": 48.843457782808635,
        "5,0": 92.68341993959743,
        "5,1": 54.00242434318492,
        "5,2": 75.96747775729429,
        "5,3": 40.965445829550795,
        "5,4": 25.746927231787108,
        "5,5": 0.0,
        "5,6": 88.65789828762084,
        "5,7": 65.05887600722646,
        "5,8": 11.431129853476573,
        "5,9": 39.34345251596593,
        "5,10": 60.234220552582386,
        "5,11": 39.07905306581801,
        "5,12": 80.5312256695566,
        "5,13": 37.01138709990308,
        "5,14": 74.57787548584419,
        "5,15": 78.82040756655972,
        "5,16": 41.832111926611944,
        "5,17": 50.7078938036667,
        "5,18": 82.40052401791822,
        "5,19": 75.56757288909152,
        "5,20": 21.229149427101166,
        "5,21": 63.99937709100828,
        "5,22": 48.39869689745273,
        "5,23": 24.970086925868365,
        "5,24": 44.229009331425075,
        "5,25": 55.79408272419815,
        "5,26": 84.74902305447938,
        "5,27": 93.80309139744898,
        "5,28": 74.14230765304842,
        "5,29": 8.585483937679284,
        "5,30": 56.25317167990818,
        "6,0": 29.97397485270781,
        "6,1": 84.30994222338407,
        "6,2": 59.28662463284919,
        "6,3": 92.00393349449813,
        "6,4": 62.91153020077469,
        "6,5": 88.65789828762084,
        "6,6": 0.0,
        "6,7": 43.89999191106219,
        "6,8": 82.83278777213509,
        "6,9": 49.34767719467541,
        "6,10": 51.14630420081828,
        "6,11": 67.01761599849596,
        "6,12": 44.31715850290233,
        "6,13": 51.82234838830037,
        "6,14": 49.479756214270324,
        "6,15": 12.253486834823926,
        "6,16": 57.595084785622795,
        "6,17": 67.11712002075092,
        "6,18": 6.65781096223507,
        "6,19": 15.705953258908906,
        "6,20": 68.80204245148498,
        "6,21": 44.94776712525031,
        "6,22": 44.51490526882334,
        "6,23": 75.59700985256491,
        "6,24": 47.24673566982311,
        "6,25": 39.51607994178011,
        "6,26": 21.583883641597755,
        "6,27": 29.14951564969859,
        "6,28": 16.176290934646087,
        "6,29": 80.46715770655607,
        "6,30": 77.54026680714557,
        "7,0": 67.88858540363435,
        "7,1": 41.33504285903417,
        "7,2": 19.407695633628624,
        "7,3": 52.19659928705932,
        "7,4": 44.18383021542358,
        "7,5": 65.05887600722646,
        "7,6": 43.89999191106219,
        "7,7": 0.0,
        "7,8": 55.21826163487254,
        "7,9": 34.60217909461726,
        "7,10": 7.804495729702465,
        "7,11": 29.880193193596888,
        "7,12": 15.615137275811682,
        "7,13": 34.65657080516764,
        "7,14": 11.776574063225517,
        "7,15": 43.19061411562994,
        "7,16": 23.476557618318157,
        "7,17": 25.01829275186547,
        "7,18": 37.9844427116628,
        "7,19": 42.65268791843362,
        "7,20": 44.31259226922571,
        "7,21": 1.3066740589846697,
        "7,22": 45.967228494523496,
        "7,23": 43.211024772035984,
        "7,24": 44.46368999600183,
        "7,25": 14.211283880350564,
        "7,26": 57.06035173050498,
        "7,27": 31.87017344101169,
        "7,28": 40.774964872436186,
        "7,29": 56.67576072956421,
        "7,30": 34.124136447335566,
        "8,0": 90.39948746871585,
        "8,1": 42.853665816900914,
        "8,2": 64.98174716223946,
        "8,3": 31.025757978480076,
        "8,4": 21.63890665322133,
        "8,5": 11.431129853476573,
        "8,6": 82.83278777213509,
        "8,7": 55.21826163487254,
        "8,8": 0.0,
        "8,9": 33.97984086409124,
        "8,10": 49.84732637155378,
        "8,11": 27.94781250849666,
        "8,12": 70.46073841058643,
        "8,13": 31.27245545970813,
        "8,14": 64.14091454437639,
        "8,15": 73.9832218366147,
        "8,16": 31.74969383753325,
        "8,17": 39.398389335097285,
        "8,18": 76.35037058297988,
        "8,19": 70.96189323545843,
        "8,20": 14.101008975282866,
        "8,21": 54.089683479249615,
        "8,22": 46.32436712113501,
        "8,23": 13.613874648147414,
        "8,24": 41.90004201866345,
        "8,25": 47.33884693660338,
        "8,26": 81.58813381415324,
        "8,27": 85.09061463886196,
        "8,28": 69.35815597368506,
        "8,29": 7.280875092053039,
        "8,30": 44.85201514505904,
        "9,0": 57.55143704811716,
        "9,1": 52.12226715856385,
        "9,2": 52.0650202599058,
        "9,3": 51.49865186970959,
        "9,4": 13.645279258290774,
        "9,5": 39.34345251596593,
        "9,6": 49.34767719467541,
        "9,7": 34.60217909461726,
        "9,8": 33.97984086409124,
        "9,9": 0.0,
        "9,10": 34.054921076606774,
        "9,11": 28.925694521664322,
        "9,12": 49.44188933539707,
        "9,13": 2.8695060169856434,
        "9,14": 46.28013815842194,
        "9,15": 40.02022374999926,
        "9,16": 21.28669516065134,
        "9,17": 37.3942826554854,
        "9,18": 43.057689709472264,
        "9,19": 36.982301025817215,
        "9,20": 19.898572417598114,
        "9,21": 34.08984481499544,
        "9,22": 16.652494106483918,
        "9,23": 29.93789414873498,
        "9,24": 12.932313911703302,
        "9,25": 21.089824347314668,
        "9,26": 48.107643481601166,
        "9,27": 57.13287256744091,
        "9,28": 35.3842275674135,
        "9,29": 31.12179699232303,
        "9,30": 48.70142488766649,
        "10,0": 73.82536485877016,
        "10,1": 33.596471765203425,
        "10,2": 18.047133264232134,
        "10,3": 44.5333208748337,
        "10,4": 41.52188976268338,
        "10,5": 60.234220552582386,
        "10,6": 51.14630420081828,
        "10,7": 7.804495729702465,
        "10,8": 49.84732637155378,
        "10,9": 34.054921076606774,
        "10,10": 0.0,
        "10,11": 23.18312062056066,
        "10,12": 20.85676795851345,
        "10,13": 33.46132695987402,
        "10,14": 14.344030198464196,
        "10,15": 49.44199228774288,
        "10,16": 18.474503224923733,
        "10,17": 17.237421358489573,
        "10,18": 45.02969221030457,
        "10,19": 48.53141758070093,
        "10,20": 40.207749833131274,
        "10,21": 6.541534958301776,
        "10,22": 47.559823644395394,
        "10,23": 37.17816081344005,
        "10,24": 45.375981148076804,
        "10,25": 16.61873766008169,
        "10,26": 62.9680129588468,
        "10,27": 39.36810428726938,
        "10,28": 46.600880278673074,
        "10,29": 52.09652295803069,
        "10,30": 26.496633885716264,
        "11,0": 83.25138560154443,
        "11,1": 23.281761424456665,
        "11,2": 37.05781457880817,
        "11,3": 25.102000218571565,
        "11,4": 27.85962211515199,
        "11,5": 39.07905306581801,
        "11,6": 67.01761599849596,
        "11,7": 29.880193193596888,
        "11,8": 27.94781250849666,
        "11,9": 28.925694521664322,
        "11,10": 23.18312062056066,
        "11,11": 0.0,
        "11,12": 44.016774039253654,
        "11,13": 26.57908895079099,
        "11,14": 37.01007795090957,
        "11,15": 61.51667664399147,
        "11,16": 9.613619503631064,
        "11,17": 11.98242702492193,
        "11,18": 60.38959575568499,
        "11,19": 59.4178815363292,
        "11,20": 22.320482512994328,
        "11,21": 28.609755415468655,
        "11,22": 45.576175013858155,
        "11,23": 14.513956623145315,
        "11,24": 41.76139424958853,
        "11,25": 27.531172407467686,
        "11,26": 72.86253471876589,
        "11,27": 61.56651714618288,
        "11,28": 57.50171236769129,
        "11,29": 31.79490469742049,
        "11,30": 20.9915099394207,
        "12,0": 72.3217214308044,
        "12,1": 50.10013812833194,
        "12,2": 16.249220946564822,
        "12,3": 63.773471418834276,
        "12,4": 59.69947707060408,
        "12,5": 80.5312256695566,
        "12,6": 44.31715850290233,
        "12,7": 15.615137275811682,
        "12,8": 70.46073841058643,
        "12,9": 49.44188933539707,
        "12,10": 20.85676795851345,
        "12,11": 44.016774039253654,
        "12,12": 0.0,
        "12,13": 49.796257333545356,
        "12,14": 8.078331782334761,
        "12,15": 47.79637027796859,
        "12,16": 38.7566562392553,
        "12,17": 36.45631164047627,
        "12,18": 39.94603008945465,
        "12,19": 48.4114610062996,
        "12,20": 59.90197638348482,
        "12,21": 16.578201270912782,
        "12,22": 58.88006503586257,
        "12,23": 58.005642735628705,
        "12,24": 58.064363312055285,
        "12,25": 28.390224709409228,
        "12,26": 61.96460298837125,
        "12,27": 22.22973283982925,
        "12,28": 46.813600925181895,
        "12,29": 72.20258708363745,
        "12,30": 42.424440548487816,
        "13,0": 60.42093480167547,
        "13,1": 49.84182530810659,
        "13,2": 51.5083690851074,
        "13,3": 48.76346663318696,
        "13,4": 11.532052216377194,
        "13,5": 37.01138709990308,
        "13,6": 51.82234838830037,
        "13,7": 34.65657080516764,
        "13,8": 31.27245545970813,
        "13,9": 2.8695060169856434,
        "13,10": 33.46132695987402,
        "13,11": 26.57908895079099,
        "13,12": 49.796257333545356,
        "13,13": 0.0,
        "13,14": 46.19551186034374,
        "13,15": 42.711746295590096,
        "13,16": 19.442298073422048,
        "13,17": 35.54908887688079,
        "13,18": 45.46604736437776,
        "13,19": 39.71793088441928,
        "13,20": 17.173090201711155,
        "13,21": 34.04568918325501,
        "13,22": 19.138366213213043,
        "13,23": 27.08038755805021,
        "13,24": 15.189642928590384,
        "13,25": 21.679030049851598,
        "13,26": 50.96378149348945,
        "13,27": 58.53824112007717,
        "13,28": 38.092850001251804,
        "13,29": 28.682290055354716,
        "13,30": 46.688217136740754,
        "14,0": 76.0867578711418,
        "14,1": 42.022283832552546,
        "14,2": 9.820062255195182,
        "14,3": 55.84433260088579,
        "14,4": 55.22520781957595,
        "14,5": 74.57787548584419,
        "14,6": 49.479756214270324,
        "14,7": 11.776574063225517,
        "14,8": 64.14091454437639,
        "14,9": 46.28013815842194,
        "14,10": 14.344030198464196,
        "14,11": 37.01007795090957,
        "14,12": 8.078331782334761,
        "14,13": 46.19551186034374,
        "14,14": 0.0,
        "14,15": 51.267342714034534,
        "14,16": 32.80110162521793,
        "14,17": 28.675597261432745,
        "14,18": 44.4246563618733,
        "14,19": 51.35419552851646,
        "14,20": 54.45520586623332,
        "14,21": 12.190878064762215,
        "14,22": 57.6291246604413,
        "14,23": 51.29212034338979,
        "14,24": 56.22130908555652,
        "14,25": 25.959696952543,
        "14,26": 65.44500232608539,
        "14,27": 29.986639259516306,
        "14,28": 49.60065453303999,
        "14,29": 66.43118949685547,
        "14,30": 34.34737718096935,
        "15,0": 24.839137000279337,
        "15,1": 81.03488764289186,
        "15,2": 60.947341970556046,
        "15,3": 86.58853556230447,
        "15,4": 53.20139899573926,
        "15,5": 78.82040756655972,
        "15,6": 12.253486834823926,
        "15,7": 43.19061411562994,
        "15,8": 73.9832218366147,
        "15,9": 40.02022374999926,
        "15,10": 49.44199228774288,
        "15,11": 61.51667664399147,
        "15,12": 47.79637027796859,
        "15,13": 42.711746295590096,
        "15,14": 51.267342714034534,
        "15,15": 0.0,
        "15,16": 51.904207609963116,
        "15,17": 63.716050605240376,
        "15,18": 9.857747310125964,
        "15,19": 3.5573284567811196,
        "15,20": 59.884828697766636,
        "15,21": 43.983137200819094,
        "15,22": 32.90925399171622,
        "15,23": 68.20671362904208,
        "15,24": 36.0141954040663,
        "15,25": 35.02686223641959,
        "15,26": 14.203115087780965,
        "15,27": 37.56558831801889,
        "15,28": 4.678375967494023,
        "15,29": 70.90823109469974,
        "15,30": 74.88317243286743,
        "16,0": 73.76629878046168,
        "16,1": 31.440401982192693,
        "16,2": 35.352831950118166,
        "16,3": 34.69742229359634,
        "16,4": 24.324199290580562,
        "16,5": 41.832111926611944,
        "16,6": 57.595084785622795,
        "16,7": 23.476557618318157,
        "16,8": 31.74969383753325,
        "16,9": 21.28669516065134,
        "16,10": 18.474503224923733,
        "16,11": 9.613619503631064,
        "16,12": 38.7566562392553,
        "16,13": 19.442298073422048,
        "16,14": 32.80110162521793,
        "16,15": 51.904207609963116,
        "16,16": 0.0,
        "16,17": 16.120321815133735,
        "16,18": 50.950423844712624,
        "16,19": 49.81062065101789,
        "16,20": 21.815591144680937,
        "16,21": 22.34024481329529,
        "16,22": 37.63516539811629,
        "16,23": 20.05203070887486,
        "16,24": 34.18738636796713,
        "16,25": 18.271928257940196,
        "16,26": 63.32012600301766,
        "16,27": 54.124965619416955,
        "16,28": 47.89204549933556,
        "16,29": 33.63089611288029,
        "16,30": 27.458097950012846,
        "17,0": 87.08039384252095,
        "17,1": 17.329397083675858,
        "17,2": 26.513066814992335,
        "17,3": 27.47361333527161,
        "17,4": 39.03758220997123,
        "17,5": 50.7078938036667,
        "17,6": 67.11712002075092,
        "17,7": 25.01829275186547,
        "17,8": 39.398389335097285,
        "17,9": 37.3942826554854,
        "17,10": 17.237421358489573,
        "17,11": 11.98242702492193,
        "17,12": 36.45631164047627,
        "17,13": 35.54908887688079,
        "17,14": 28.675597261432745,
        "17,15": 63.716050605240376,
        "17,16": 16.120321815133735,
        "17,17": 0.0,
        "17,18": 60.723968782365,
        "17,19": 62.198342209260204,
        "17,20": 34.194529772212434,
        "17,21": 23.732046972560966,
        "17,22": 53.602614236999244,
        "17,23": 25.785651922786993,
        "17,24": 50.26701862550416,
        "17,25": 28.71682696016345,
        "17,26": 76.34738712501185,
        "17,27": 56.4551407068759,
        "17,28": 60.23771398538132,
        "17,29": 43.6806757936982,
        "17,30": 11.701746419024232,
        "18,0": 32.5910240871791,
        "18,1": 77.96919224182177,
        "18,2": 54.23959602098227,
        "18,3": 85.39812983220347,
        "18,4": 56.67295648665358,
        "18,5": 82.40052401791822,
        "18,6": 6.65781096223507,
        "18,7": 37.9844427116628,
        "18,8": 76.35037058297988,
        "18,9": 43.057689709472264,
        "18,10": 45.02969221030457,
        "18,11": 60.38959575568499,
        "18,12": 39.94603008945465,
        "18,13": 45.46604736437776,
        "18,14": 44.4246563618733,
        "18,15": 9.857747310125964,
        "18,16": 50.950423844712624,
        "18,17": 60.723968782365,
        "18,18": 0.0,
        "18,19": 12.496305259521941,
        "18,20": 62.35395660773642,
        "18,21": 38.97291780132191,
        "18,22": 39.43373849828582,
        "18,23": 68.95963144598258,
        "18,24": 41.821245457091756,
        "18,25": 32.910780236438484,
        "18,26": 22.790415431441307,
        "18,27": 27.79484132055724,
        "18,28": 12.185084270068858,
        "18,29": 74.14372204198538,
        "18,30": 71.304119282129,
        "19,0": 25.298710249052828,
        "19,1": 79.47227195124697,
        "19,2": 60.90951431972369,
        "19,3": 84.42140114341319,
        "19,4": 50.017423360368504,
        "19,5": 75.56757288909152,
        "19,6": 15.705953258908906,
        "19,7": 42.65268791843362,
        "19,8": 70.96189323545843,
        "19,9": 36.982301025817215,
        "19,10": 48.53141758070093,
        "19,11": 59.4178815363292,
        "19,12": 48.4114610062996,
        "19,13": 39.71793088441928,
        "19,14": 51.35419552851646,
        "19,15": 3.5573284567811196,
        "19,16": 49.81062065101789,
        "19,17": 62.198342209260204,
        "19,18": 12.496305259521941,
        "19,19": 0.0,
        "19,20": 56.877335684986456,
        "19,21": 43.35846045540099,
        "19,22": 29.37415647427432,
        "19,23": 65.56701415279345,
        "19,24": 32.534119188202524,
        "19,25": 33.490729567488174,
        "19,26": 14.442485720300372,
        "19,27": 39.70322207684827,
        "19,28": 1.9609797562149103,
        "19,29": 67.72616120783366,
        "19,30": 73.51916497478555,
        "20,0": 76.79886481447431,
        "20,1": 43.27616933627103,
        "20,2": 57.06752649880214,
        "20,3": 36.72826746699421,
        "20,4": 8.754807091014166,
        "20,5": 21.229149427101166,
        "20,6": 68.80204245148498,
        "20,7": 44.31259226922571,
        "20,8": 14.101008975282866,
        "20,9": 19.898572417598114,
        "20,10": 40.207749833131274,
        "20,11": 22.320482512994328,
        "20,12": 59.90197638348482,
        "20,13": 17.173090201711155,
        "20,14": 54.45520586623332,
        "20,15": 59.884828697766636,
        "20,16": 21.815591144680937,
        "20,17": 34.194529772212434,
        "20,18": 62.35395660773642,
        "20,19": 56.877335684986456,
        "20,20": 0.0,
        "20,21": 43.32412184295616,
        "20,22": 33.25595827662238,
        "20,23": 13.65898628453624,
        "20,24": 28.808495332489834,
        "20,25": 34.56512323262775,
        "20,26": 67.73785517472308,
        "20,27": 72.57394800779068,
        "20,28": 55.263674779471586,
        "20,29": 12.648937059187649,
        "20,30": 42.79814406013739,
        "21,0": 68.62508406649626,
        "21,1": 40.11202362657481,
        "21,2": 19.267193531493515,
        "21,3": 50.89243174971825,
        "21,4": 43.38506986483789,
        "21,5": 63.99937709100828,
        "21,6": 44.94776712525031,
        "21,7": 1.3066740589846697,
        "21,8": 54.089683479249615,
        "21,9": 34.08984481499544,
        "21,10": 6.541534958301776,
        "21,11": 28.609755415468655,
        "21,12": 16.578201270912782,
        "21,13": 34.04568918325501,
        "21,14": 12.190878064762215,
        "21,15": 43.983137200819094,
        "21,16": 22.34024481329529,
        "21,17": 23.732046972560966,
        "21,18": 38.97291780132191,
        "21,19": 43.35846045540099,
        "21,20": 43.32412184295616,
        "21,21": 0.0,
        "21,22": 45.837033678532066,
        "21,23": 42.00581184926017,
        "21,24": 44.214099813416055,
        "21,25": 14.040348914079404,
        "21,26": 57.784692607774616,
        "21,27": 33.17318248358355,
        "21,28": 41.46654148130898,
        "21,29": 55.64102393605838,
        "21,30": 32.93788834519489,
        "22,0": 44.35841348380555,
        "22,1": 68.74316055649713,
        "22,2": 64.9313639971211,
        "22,3": 67.70731160663684,
        "22,4": 24.77783932144441,
        "22,5": 48.39869689745273,
        "22,6": 44.51490526882334,
        "22,7": 45.967228494523496,
        "22,8": 46.32436712113501,
        "22,9": 16.652494106483918,
        "22,10": 47.559823644395394,
        "22,11": 45.576175013858155,
        "22,12": 58.88006503586257,
        "22,13": 19.138366213213043,
        "22,14": 57.6291246604413,
        "22,15": 32.90925399171622,
        "22,16": 37.63516539811629,
        "22,17": 53.602614236999244,
        "22,18": 39.43373849828582,
        "22,19": 29.37415647427432,
        "22,20": 33.25595827662238,
        "22,21": 45.837033678532066,
        "22,22": 0.0,
        "22,23": 45.37725102075178,
        "22,24": 4.4501773798220645,
        "22,25": 31.796686792447915,
        "22,26": 36.466854931049305,
        "22,27": 60.6891236081953,
        "22,28": 28.459776296822394,
        "22,29": 41.48789909696369,
        "22,30": 65.0875149827458,
        "23,0": 87.41897569896896,
        "23,1": 30.81776165035185,
        "23,2": 51.55607680614984,
        "23,3": 23.10129020819072,
        "23,4": 22.088588369501384,
        "23,5": 24.970086925868365,
        "23,6": 75.59700985256491,
        "23,7": 43.211024772035984,
        "23,8": 13.613874648147414,
        "23,9": 29.93789414873498,
        "23,10": 37.17816081344005,
        "23,11": 14.513956623145315,
        "23,12": 58.005642735628705,
        "23,13": 27.08038755805021,
        "23,14": 51.29212034338979,
        "23,15": 68.20671362904208,
        "23,16": 20.05203070887486,
        "23,17": 25.785651922786993,
        "23,18": 68.95963144598258,
        "23,19": 65.56701415279345,
        "23,20": 13.65898628453624,
        "23,21": 42.00581184926017,
        "23,22": 45.37725102075178,
        "23,23": 0.0,
        "23,24": 41.020255047331815,
        "23,25": 37.53343952707448,
        "23,26": 77.725241530067,
        "23,27": 74.17691628730637,
        "23,28": 63.782858955504466,
        "23,29": 18.56662890719627,
        "23,30": 31.77740562075224,
        "24,0": 48.67172752742793,
        "24,1": 65.00701457003373,
        "24,2": 63.056749285814895,
        "24,3": 63.47178056142644,
        "24,4": 20.332811238552004,
        "24,5": 44.229009331425075,
        "24,6": 47.24673566982311,
        "24,7": 44.46368999600183,
        "24,8": 41.90004201866345,
        "24,9": 12.932313911703302,
        "24,10": 45.375981148076804,
        "24,11": 41.76139424958853,
        "24,12": 58.064363312055285,
        "24,13": 15.189642928590384,
        "24,14": 56.22130908555652,
        "24,15": 36.0141954040663,
        "24,16": 34.18738636796713,
        "24,17": 50.26701862550416,
        "24,18": 41.821245457091756,
        "24,19": 32.534119188202524,
        "24,20": 28.808495332489834,
        "24,21": 44.214099813416055,
        "24,22": 4.4501773798220645,
        "24,23": 41.020255047331815,
        "24,24": 0.0,
        "24,25": 30.26162365505524,
        "24,26": 40.526538518465344,
        "24,27": 61.51680348938652,
        "24,28": 31.44144578229365,
        "24,29": 37.16512207651015,
        "24,30": 61.62525147668199,
        "25,0": 58.50294321629535,
        "25,1": 46.01829320041561,
        "25,2": 33.204600490749996,
        "25,3": 52.48903441928681,
        "25,4": 32.36691862684608,
        "25,5": 55.79408272419815,
        "25,6": 39.51607994178011,
        "25,7": 14.211283880350564,
        "25,8": 47.33884693660338,
        "25,9": 21.089824347314668,
        "25,10": 16.61873766008169,
        "25,11": 27.531172407467686,
        "25,12": 28.390224709409228,
        "25,13": 21.679030049851598,
        "25,14": 25.959696952543,
        "25,15": 35.02686223641959,
        "25,16": 18.271928257940196,
        "25,17": 28.71682696016345,
        "25,18": 32.910780236438484,
        "25,19": 33.490729567488174,
        "25,20": 34.56512323262775,
        "25,21": 14.040348914079404,
        "25,22": 31.796686792447915,
        "25,23": 37.53343952707448,
        "25,24": 30.26162365505524,
        "25,25": 0.0,
        "25,26": 47.71504665472472,
        "25,27": 38.009498047600275,
        "25,28": 31.52975738262712,
        "25,29": 47.21145265980233,
        "25,30": 40.05229649565317,
        "26,0": 10.857469175549674,
        "26,1": 93.55286198739454,
        "26,2": 75.09603258107667,
        "26,3": 97.64247121246403,
        "26,4": 60.052289450309466,
        "26,5": 84.74902305447938,
        "26,6": 21.583883641597755,
        "26,7": 57.06035173050498,
        "26,8": 81.58813381415324,
        "26,9": 48.107643481601166,
        "26,10": 62.9680129588468,
        "26,11": 72.86253471876589,
        "26,12": 61.96460298837125,
        "26,13": 50.96378149348945,
        "26,14": 65.44500232608539,
        "26,15": 14.203115087780965,
        "26,16": 63.32012600301766,
        "26,17": 76.34738712501185,
        "26,18": 22.790415431441307,
        "26,19": 14.442485720300372,
        "26,20": 67.73785517472308,
        "26,21": 57.784692607774616,
        "26,22": 36.466854931049305,
        "26,23": 77.725241530067,
        "26,24": 40.526538518465344,
        "26,25": 47.71504665472472,
        "26,26": 0.0,
        "26,27": 50.22631392606206,
        "26,28": 16.36713715207575,
        "26,29": 77.48718487382793,
        "26,30": 87.7659238801014,
        "27,0": 59.12194578695461,
        "27,1": 71.54369829656405,
        "27,2": 38.37337974051176,
        "27,3": 83.87951841529168,
        "27,4": 69.85065332176676,
        "27,5": 93.80309139744898,
        "27,6": 29.14951564969859,
        "27,7": 31.87017344101169,
        "27,8": 85.09061463886196,
        "27,9": 57.13287256744091,
        "27,10": 39.36810428726938,
        "27,11": 61.56651714618288,
        "27,12": 22.22973283982925,
        "27,13": 58.53824112007717,
        "27,14": 29.986639259516306,
        "27,15": 37.56558831801889,
        "27,16": 54.124965619416955,
        "27,17": 56.4551407068759,
        "27,18": 27.79484132055724,
        "27,19": 39.70322207684827,
        "27,20": 72.57394800779068,
        "27,21": 33.17318248358355,
        "27,22": 60.6891236081953,
        "27,23": 74.17691628730637,
        "27,24": 61.51680348938652,
        "27,25": 38.009498047600275,
        "27,26": 50.22631392606206,
        "27,27": 0.0,
        "27,28": 38.81287985200063,
        "27,29": 85.22089660501068,
        "27,30": 63.936708728497116,
        "28,0": 27.22454323634298,
        "28,1": 77.51276971919789,
        "28,2": 59.12027579408726,
        "28,3": 82.51891047506128,
        "28,4": 48.52946465435814,
        "28,5": 74.14230765304842,
        "28,6": 16.176290934646087,
        "28,7": 40.774964872436186,
        "28,8": 69.35815597368506,
        "28,9": 35.3842275674135,
        "28,10": 46.600880278673074,
        "28,11": 57.50171236769129,
        "28,12": 46.813600925181895,
        "28,13": 38.092850001251804,
        "28,14": 49.60065453303999,
        "28,15": 4.678375967494023,
        "28,16": 47.89204549933556,
        "28,17": 60.23771398538132,
        "28,18": 12.185084270068858,
        "28,19": 1.9609797562149103,
        "28,20": 55.263674779471586,
        "28,21": 41.46654148130898,
        "28,22": 28.459776296822394,
        "28,23": 63.782858955504466,
        "28,24": 31.44144578229365,
        "28,25": 31.52975738262712,
        "28,26": 16.36713715207575,
        "28,27": 38.81287985200063,
        "28,28": 0.0,
        "28,29": 66.23746197309308,
        "28,30": 71.55882298863892,
        "29,0": 85.83396317062856,
        "29,1": 49.040467065903506,
        "29,2": 68.26402289561611,
        "29,3": 38.126098300808465,
        "29,4": 17.70949264374545,
        "29,5": 8.585483937679284,
        "29,6": 80.46715770655607,
        "29,7": 56.67576072956421,
        "29,8": 7.280875092053039,
        "29,9": 31.12179699232303,
        "29,10": 52.09652295803069,
        "29,11": 31.79490469742049,
        "29,12": 72.20258708363745,
        "29,13": 28.682290055354716,
        "29,14": 66.43118949685547,
        "29,15": 70.90823109469974,
        "29,16": 33.63089611288029,
        "29,17": 43.6806757936982,
        "29,18": 74.14372204198538,
        "29,19": 67.72616120783366,
        "29,20": 12.648937059187649,
        "29,21": 55.64102393605838,
        "29,22": 41.48789909696369,
        "29,23": 18.56662890719627,
        "29,24": 37.16512207651015,
        "29,25": 47.21145265980233,
        "29,26": 77.48718487382793,
        "29,27": 85.22089660501068,
        "29,28": 66.23746197309308,
        "29,29": 0.0,
        "29,30": 50.344034049864575,
        "30,0": 98.54097195157317,
        "30,1": 7.680659351055521,
        "30,2": 28.82642735810556,
        "30,3": 23.64937747984807,
        "30,4": 48.843457782808635,
        "30,5": 56.25317167990818,
        "30,6": 77.54026680714557,
        "30,7": 34.124136447335566,
        "30,8": 44.85201514505904,
        "30,9": 48.70142488766649,
        "30,10": 26.496633885716264,
        "30,11": 20.9915099394207,
        "30,12": 42.424440548487816,
        "30,13": 46.688217136740754,
        "30,14": 34.34737718096935,
        "30,15": 74.88317243286743,
        "30,16": 27.458097950012846,
        "30,17": 11.701746419024232,
        "30,18": 71.304119282129,
        "30,19": 73.51916497478555,
        "30,20": 42.79814406013739,
        "30,21": 32.93788834519489,
        "30,22": 65.0875149827458,
        "30,23": 31.77740562075224,
        "30,24": 61.62525147668199,
        "30,25": 40.05229649565317,
        "30,26": 87.7659238801014,
        "30,27": 63.936708728497116,
        "30,28": 71.55882298863892,
        "30,29": 50.344034049864575,
        "30,30": 0.0
    }
}