{
    "num_robots": 7,
    "num_tasks": 40,
    "num_nodes": 41,
    "robot_capacity": [
        80,
        77,
        88,
        80,
        114,
        86,
        97
    ],
    "robot_speed": [
        0.82,
        1.04,
        0.89,
        0.94,
        0.93,
        1.04,
        0.93
    ],
    "task_demand": {
        "0": 0,
        "1": 9,
        "2": 13,
        "3": 11,
        "4": 8,
        "5": 11,
        "6": 14,
        "7": 6,
        "8": 10,
        "9": 6,
        "10": 10,
        "11": 7,
        "12": 11,
        "13": 11,
        "14": 8,
        "15": 15,
        "16": 8,
        "17": 15,
        "18": 6,
        "19": 8,
        "20": 15,
        "21": 10,
        "22": 12,
        "23": 7,
        "24": 12,
        "25": 7,
        "26": 11,
        "27": 9,
        "28": 14,
        "29": 8,
        "30": 15,
        "31": 15,
        "32": 8,
        "33": 12,
        "34": 11,
        "35": 14,
        "36": 12,
        "37": 14,
        "38": 5,
        "39": 6,
        "40": 14
    },
    "task_service_time": {
        "0": 0,
        "1": 88,
        "2": 60,
        "3": 73,
        "4": 70,
        "5": 67,
        "6": 59,
        "7": 80,
        "8": 45,
        "9": 64,
        "10": 32,
        "11": 84,
        "12": 29,
        "13": 77,
        "14": 67,
        "15": 59,
        "16": 25,
        "17": 33,
        "18": 41,
        "19": 51,
        "20": 39,
        "21": 35,
        "22": 83,
        "23": 80,
        "24": 96,
        "25": 29,
        "26": 59,
        "27": 89,
        "28": 19,
        "29": 54,
        "30": 86,
        "31": 64,
        "32": 23,
        "33": 48,
        "34": 58,
        "35": 57,
        "36": 23,
        "37": 83,
        "38": 58,
        "39": 80,
        "40": 68
    },
    "task_precedence": [],
    "coordinates": {
        "0": [
            50.0,
            50.0
        ],
        "1": [
            34.527317380465675,
            53.75476445834161
        ],
        "2": [
            61.10267945211546,
            79.28160251164664
        ],
        "3": [
            51.21740897995517,
            39.27365322638968
        ],
        "4": [
            46.82614391045292,
            42.431293448880055
        ],
        "5": [
            30.86885080437409,
            39.41890535659612
        ],
        "6": [
            88.49194371062565,
            71.0547820444115
        ],
        "7": [
            57.69184923572741,
            41.79351756499653
        ],
        "8": [
            39.206628103074095,
            41.19728669956587
        ],
        "9": [
            55.60785361781071,
            80.44548997685985
        ],
        "10": [
            57.305356487356995,
            44.29432026626255
        ],
        "11": [
            65.83243584101858,
            89.84236232948368
        ],
        "12": [
            90.86136694180448,
            99.56020675961005
        ],
        "13": [
            27.940575593300455,
            26.534315632615947
        ],
        "14": [
            75.97233686054264,
            35.884054625771874
        ],
        "15": [
            32.993290435677004,
            56.87702956635483
        ],
        "16": [
            65.2361918700986,
            64.7585676682347
        ],
        "17": [
            75.59087387619726,
            12.340864040262034
        ],
        "18": [
            65.28144174202873,
            67.26598031482827
        ],
        "19": [
            86.9497969518766,
            94.1308084233737
        ],
        "20": [
            26.684595835813752,
            24.058370369315796
        ],
        "21": [
            21.638415405562274,
            39.755253697179114
        ],
        "22": [
            81.46868402688449,
            99.86758979900961
        ],
        "23": [
            1.9980543926125138,
            91.07560200307219
        ],
        "24": [
            86.60615990056677,
            29.096395410825625
        ],
        "25": [
            8.989156237190022,
            38.15639188956214
        ],
        "26": [
            18.597791479132898,
            61.41295202428473
        ],
        "27": [
            23.383185927863636,
            33.21564092868831
        ],
        "28": [
            20.96774613925556,
            39.752789217035236
        ],
        "29": [
            12.937610496582685,
            55.87571468346746
        ],
        "30": [
            11.342900614205643,
            87.33155317579308
        ],
        "31": [
            97.00095598573957,
            79.55070653811033
        ],
        "32": [
            62.10166397545487,
            48.41957410341323
        ],
        "33": [
            19.91906066046335,
            97.9599362707681
        ],
        "34": [
            79.18374347372068,
            26.119790219136807
        ],
        "35": [
            28.754109182245124,
            52.25446483305264
        ],
        "36": [
            72.43905603562351,
            15.604884698258326
        ],
        "37": [
            10.287315350529369,
            80.73995577542208
        ],
        "38": [
            63.48382434630931,
            11.465137526722845
        ],
        "39": [
            61.64380071626542,
            18.56033706402872
        ],
        "40": [
            50.84225226215884,
            64.96101773794985
        ]
    },
    "distance_matrix_str_keys": {
        "0,0": 0.0,
        "0,1": 15.921751272472038,
        "0,2": 31.31583843147901,
        "0,3": 10.79521188917642,
        "0,4": 8.207233476276953,
        "0,5": 21.86230622322284,
        "0,6": 43.87406497647153,
        "0,7": 11.247706371575534,
        "0,8": 13.92783681534896,
        "0,9": 30.95764658577693,
        "0,10": 9.269466793260072,
        "0,11": 42.87283359720733,
        "0,12": 64.23289968861822,
        "0,13": 32.20646748689747,
        "0,14": 29.560483686937438,
        "0,15": 18.3445279541817,
        "0,16": 21.212186646367254,
        "0,17": 45.531344664763246,
        "0,18": 23.057244803901774,
        "0,19": 57.557065134398755,
        "0,20": 34.879452679693046,
        "0,21": 30.155170493907168,
        "0,22": 58.96655481496423,
        "0,23": 63.17746324449387,
        "0,24": 42.15414128512659,
        "0,25": 42.68677030663294,
        "0,26": 33.41188671560831,
        "0,27": 31.466958874117456,
        "0,28": 30.787612656151495,
        "0,29": 37.5252546792761,
        "0,30": 53.7402660529351,
        "0,31": 55.51877268523634,
        "0,32": 12.20442612290411,
        "0,33": 56.61288191432247,
        "0,34": 37.70882260583017,
        "0,35": 21.365169981149975,
        "0,36": 41.06744686963089,
        "0,37": 50.2199383028614,
        "0,38": 40.82583918104449,
        "0,39": 33.526564104417105,
        "0,40": 14.984706891639943,
        "1,0": 15.921751272472038,
        "1,1": 0.0,
        "1,2": 36.849278557916755,
        "1,3": 22.096645449287408,
        "1,4": 16.71771903451049,
        "1,5": 14.795311212457761,
        "1,6": 56.66984650969263,
        "1,7": 26.070423151859142,
        "1,8": 13.40097744572632,
        "1,9": 34.011525057822645,
        "1,10": 24.664530603003833,
        "1,11": 47.773686920087165,
        "1,12": 72.60622345497808,
        "1,13": 28.006035093256923,
        "1,14": 45.13371145412112,
        "1,15": 3.47876099668466,
        "1,16": 32.62083164945494,
        "1,17": 58.32089522561148,
        "1,18": 33.59120597964686,
        "1,19": 66.16903573939399,
        "1,20": 30.7145584880798,
        "1,21": 19.029190620480247,
        "1,22": 65.80185835926271,
        "1,23": 49.507553621372615,
        "1,24": 57.621532453736286,
        "1,25": 29.92502132621406,
        "1,26": 17.674773894915816,
        "1,27": 23.3676541655176,
        "1,28": 19.491466925390945,
        "1,29": 21.693636698106793,
        "1,30": 40.80340575697101,
        "1,31": 67.58983761161993,
        "1,32": 28.08574097765471,
        "1,33": 46.55639998285561,
        "1,34": 52.515599516942196,
        "1,35": 5.964967046484265,
        "1,36": 53.78394977654394,
        "1,37": 36.27365778124328,
        "1,38": 51.253212988830725,
        "1,39": 44.42917271471828,
        "1,40": 19.79285761987436,
        "2,0": 31.31583843147901,
        "2,1": 36.849278557916755,
        "2,2": 0.0,
        "2,3": 41.21109775678703,
        "2,4": 39.51916933709223,
        "2,5": 50.03118046954578,
        "2,6": 28.5981183231104,
        "2,7": 37.64293128506706,
        "2,8": 43.93008280841457,
        "2,9": 5.616737930598445,
        "2,10": 35.192748977834206,
        "2,11": 11.571527272940736,
        "2,12": 36.01112704921208,
        "2,13": 62.30570925237588,
        "2,14": 45.87432695910412,
        "2,15": 35.94582923982103,
        "2,16": 15.099816752946968,
        "2,17": 68.49065808388985,
        "2,18": 12.721526286270667,
        "2,19": 29.808931534949867,
        "2,20": 65.07080641934982,
        "2,21": 55.854815256511486,
        "2,22": 28.957848934873994,
        "2,23": 60.26985255854016,
        "2,24": 56.2937165830862,
        "2,25": 66.38600944915567,
        "2,26": 46.108070571596215,
        "2,27": 59.53850021867085,
        "2,28": 56.332405882475484,
        "2,29": 53.55099861362562,
        "2,30": 50.4067187554684,
        "2,31": 35.899285160872026,
        "2,32": 30.8781924268322,
        "2,33": 45.221351249086496,
        "2,34": 56.152499164128365,
        "2,35": 42.15324625224508,
        "2,36": 64.67795471046524,
        "2,37": 50.836286479430505,
        "2,38": 67.8582550177835,
        "2,39": 60.723676517340365,
        "2,40": 17.61690989876027,
        "3,0": 10.79521188917642,
        "3,1": 22.096645449287408,
        "3,2": 41.21109775678703,
        "3,3": 0.0,
        "3,4": 5.408687519659424,
        "3,5": 20.349076588541728,
        "3,6": 48.983988081164405,
        "3,7": 6.9475242288563965,
        "3,8": 12.163849021242246,
        "3,9": 41.40526712298135,
        "3,10": 7.891147088867748,
        "3,11": 52.6383258710129,
        "3,12": 72.15339174144705,
        "3,13": 26.53491463785441,
        "3,14": 24.985912691882945,
        "3,15": 25.33766672924616,
        "3,16": 29.086201846049597,
        "3,17": 36.32410940949193,
        "3,18": 31.326783961313538,
        "3,19": 65.4683971583382,
        "3,20": 28.868040341978954,
        "3,21": 29.582913985735765,
        "3,22": 67.72565829382285,
        "3,23": 71.45618771706623,
        "3,24": 36.823094225846205,
        "3,25": 42.24303022513443,
        "3,26": 39.4231911083112,
        "3,27": 28.485847115939603,
        "3,28": 30.253457211920995,
        "3,29": 41.72494956919893,
        "3,30": 62.44628223487044,
        "3,31": 60.97847325004175,
        "3,32": 14.216711134993052,
        "3,33": 66.5106489600961,
        "3,34": 30.90533897291461,
        "3,35": 25.944196032436153,
        "3,36": 31.789446478251527,
        "3,37": 58.264284185094496,
        "3,38": 30.39372453909764,
        "3,39": 23.189461207214855,
        "3,40": 25.690103894547956,
        "4,0": 8.207233476276953,
        "4,1": 16.71771903451049,
        "4,2": 39.51916933709223,
        "4,3": 5.408687519659424,
        "4,4": 0.0,
        "4,5": 16.23914053427228,
        "4,6": 50.55040031855922,
        "4,7": 10.884406749738904,
        "4,8": 7.7187948409223015,
        "4,9": 39.01535035152411,
        "4,10": 10.643531610994112,
        "4,11": 51.0788467504037,
        "4,12": 72.13053170111654,
        "4,13": 24.68559487540509,
        "4,14": 29.87251076978088,
        "4,15": 20.000678169260542,
        "4,16": 28.93850445241966,
        "4,17": 41.62743845106512,
        "4,18": 30.94122961005053,
        "4,19": 65.442703046149,
        "4,20": 27.262543192640447,
        "4,21": 25.329485900601387,
        "4,22": 67.07483674328604,
        "4,23": 66.15002921038631,
        "4,24": 41.95556194188109,
        "4,25": 38.077715524024114,
        "4,26": 34.01680824621917,
        "4,27": 25.18929396283991,
        "4,28": 25.996752108936132,
        "4,29": 36.45799170656585,
        "4,30": 57.228435924502826,
        "4,31": 62.412839984087014,
        "4,32": 16.407346478140013,
        "4,33": 61.7043053818993,
        "4,34": 36.236437285013416,
        "4,35": 20.569227872245857,
        "4,36": 37.09012636790477,
        "4,37": 52.93996223818549,
        "4,38": 35.162211678141986,
        "4,39": 28.096005266626715,
        "4,40": 22.884877164497592,
        "5,0": 21.86230622322284,
        "5,1": 14.795311212457761,
        "5,2": 50.03118046954578,
        "5,3": 20.349076588541728,
        "5,4": 16.23914053427228,
        "5,5": 0.0,
        "5,6": 65.73621170929428,
        "5,7": 26.927904262839817,
        "5,8": 8.52532524210895,
        "5,9": 47.90823421716652,
        "5,10": 26.882308369405056,
        "5,11": 61.35941078360607,
        "5,12": 84.94750218192416,
        "5,13": 13.213154357195856,
        "5,14": 45.241790681936976,
        "5,15": 17.586908331779455,
        "5,16": 42.69909387792334,
        "5,17": 52.280777243321275,
        "5,18": 44.26834081792258,
        "5,19": 78.34835580908857,
        "5,20": 15.92023946859421,
        "5,21": 9.236561473722308,
        "5,22": 78.83138063591396,
        "5,23": 59.17716784263537,
        "5,24": 56.68511124506199,
        "5,25": 21.916089400431503,
        "5,26": 25.185650394302964,
        "5,27": 9.721916899766667,
        "5,28": 9.906732661271004,
        "5,29": 24.338363794568497,
        "5,30": 51.738617606922375,
        "5,31": 77.35642702317482,
        "5,32": 32.50385602462525,
        "5,33": 59.55627762620599,
        "5,34": 50.11182811562436,
        "5,35": 13.008601738927107,
        "5,36": 47.90813649980487,
        "5,37": 46.16306759036951,
        "5,38": 42.955204981789954,
        "5,39": 37.17764668850246,
        "5,40": 32.42431604052029,
        "6,0": 43.87406497647153,
        "6,1": 56.66984650969263,
        "6,2": 28.5981183231104,
        "6,3": 48.983988081164405,
        "6,4": 50.55040031855922,
        "6,5": 65.73621170929428,
        "6,6": 0.0,
        "6,7": 42.48373122263308,
        "6,8": 57.6238870851615,
        "6,9": 34.198666300090096,
        "6,10": 41.094105869507786,
        "6,11": 29.43512306515496,
        "6,12": 28.60373060707821,
        "6,13": 75.15677022333811,
        "6,14": 37.332567857527486,
        "6,15": 57.28096700180619,
        "6,16": 24.092992946891275,
        "6,17": 60.11457202934064,
        "6,18": 23.517704398608597,
        "6,19": 23.127499001579903,
        "6,20": 77.64541816265198,
        "6,21": 73.81771279032637,
        "6,22": 29.6564338262154,
        "6,23": 88.78077562836344,
        "6,24": 42.00074272523949,
        "6,25": 86.04067230575876,
        "6,26": 70.55605857965779,
        "6,27": 75.30571651866799,
        "6,28": 74.42668884629046,
        "6,29": 77.06400815793786,
        "6,30": 78.84737236684967,
        "6,31": 12.024309664204061,
        "6,32": 34.76779404898729,
        "6,33": 73.6622536565049,
        "6,34": 45.888953812304564,
        "6,35": 62.626358678977084,
        "6,36": 57.72682494651131,
        "6,37": 78.80207159168236,
        "6,38": 64.62454462419365,
        "6,39": 58.961763338998345,
        "6,40": 38.13965429297257,
        "7,0": 11.247706371575534,
        "7,1": 26.070423151859142,
        "7,2": 37.64293128506706,
        "7,3": 6.9475242288563965,
        "7,4": 10.884406749738904,
        "7,5": 26.927904262839817,
        "7,6": 42.48373122263308,
        "7,7": 0.0,
        "7,8": 18.494834186009477,
        "7,9": 38.708112961793155,
        "7,10": 2.530492204137836,
        "7,11": 48.73356783039828,
        "7,12": 66.61236585920695,
        "7,13": 33.43623075287847,
        "7,14": 19.21192286136639,
        "7,15": 28.940130288142576,
        "7,16": 24.172518115186726,
        "7,17": 34.46496601954225,
        "7,18": 26.579094660151064,
        "7,19": 59.9601494240574,
        "7,20": 35.720935170553965,
        "7,21": 36.11100400904059,
        "7,22": 62.752973941697356,
        "7,23": 74.36748369138618,
        "7,24": 31.57933299201838,
        "7,25": 48.83831475889281,
        "7,26": 43.740914032267916,
        "7,27": 35.36473307633016,
        "7,28": 36.78076019375437,
        "7,29": 46.91748246446982,
        "7,30": 64.97643977327967,
        "7,31": 54.50514831312064,
        "7,32": 7.959339877716765,
        "7,33": 67.68641035675954,
        "7,34": 26.600136218625632,
        "7,35": 30.77050888672405,
        "7,36": 30.0553589202941,
        "7,37": 61.35156788665946,
        "7,38": 30.87648962281104,
        "7,39": 23.566896204105397,
        "7,40": 24.158850199546166,
        "8,0": 13.92783681534896,
        "8,1": 13.40097744572632,
        "8,2": 43.93008280841457,
        "8,3": 12.163849021242246,
        "8,4": 7.7187948409223015,
        "8,5": 8.52532524210895,
        "8,6": 57.6238870851615,
        "8,7": 18.494834186009477,
        "8,8": 0.0,
        "8,9": 42.53729726817439,
        "8,10": 18.361796917548496,
        "8,11": 55.45518028767383,
        "8,12": 77.93870978167747,
        "8,13": 18.491259006979153,
        "8,14": 37.14764831734295,
        "8,15": 16.86593908852142,
        "8,16": 35.109431080354334,
        "8,17": 46.438200537611436,
        "8,18": 36.87102782826425,
        "8,19": 71.28371408540734,
        "8,20": 21.226015760797456,
        "8,21": 17.627295781400736,
        "8,22": 72.30688650943196,
        "8,23": 62.228002499540715,
        "8,24": 48.919803603483814,
        "8,25": 30.370094619724238,
        "8,26": 28.868620880002915,
        "8,27": 17.722527796112967,
        "8,28": 18.295993776429373,
        "8,29": 30.091818391196316,
        "8,30": 53.89580552207625,
        "8,31": 69.36259185411615,
        "8,32": 24.00716774093468,
        "8,33": 59.95005124431806,
        "8,34": 42.725878030478654,
        "8,35": 15.215661013112296,
        "8,36": 41.944788788222795,
        "8,37": 48.98927768116377,
        "8,38": 38.38467079276237,
        "8,39": 31.872530550240096,
        "8,40": 26.459453177194163,
        "9,0": 30.95764658577693,
        "9,1": 34.011525057822645,
        "9,2": 5.616737930598445,
        "9,3": 41.40526712298135,
        "9,4": 39.01535035152411,
        "9,5": 47.90823421716652,
        "9,6": 34.198666300090096,
        "9,7": 38.708112961793155,
        "9,8": 42.53729726817439,
        "9,9": 0.0,
        "9,10": 36.19100147048331,
        "9,11": 13.886802787202116,
        "9,12": 40.102152054095036,
        "9,13": 60.59614667997471,
        "9,14": 48.99422107037423,
        "9,15": 32.6632942925275,
        "9,16": 18.40609760425363,
        "9,17": 70.97577877424804,
        "9,18": 16.34863242380217,
        "9,19": 34.19949346025888,
        "9,20": 63.372408020836055,
        "9,21": 53.005830442999475,
        "9,22": 32.34193115675724,
        "9,23": 54.65354384352295,
        "9,24": 59.98020094290347,
        "9,25": 62.941804569800645,
        "9,26": 41.617090244573866,
        "9,27": 57.17593767347055,
        "9,28": 53.43999383658724,
        "9,29": 49.238435251259794,
        "9,30": 44.797365221529134,
        "9,31": 41.40277238355057,
        "9,32": 32.677650779915716,
        "9,33": 39.75482073578754,
        "9,34": 59.22080915239396,
        "9,35": 38.934014548585154,
        "9,36": 66.98950266814043,
        "9,37": 45.3214948886578,
        "9,38": 69.42852395853802,
        "9,39": 62.17881317956974,
        "9,40": 16.201229484164635,
        "10,0": 9.269466793260072,
        "10,1": 24.664530603003833,
        "10,2": 35.192748977834206,
        "10,3": 7.891147088867748,
        "10,4": 10.643531610994112,
        "10,5": 26.882308369405056,
        "10,6": 41.094105869507786,
        "10,7": 2.530492204137836,
        "10,8": 18.361796917548496,
        "10,9": 36.19100147048331,
        "10,10": 0.0,
        "10,11": 46.339348485888344,
        "10,12": 64.65542550718044,
        "10,13": 34.31775227987837,
        "10,14": 20.474098866531737,
        "10,15": 27.37519185379126,
        "10,16": 21.94729075756892,
        "10,17": 36.81553355534198,
        "10,18": 24.31697146802336,
        "10,19": 57.98679506825952,
        "10,20": 36.70319674239341,
        "10,21": 35.95460765257753,
        "10,22": 60.59913105269613,
        "10,23": 72.43884307426566,
        "10,24": 33.00778696869987,
        "10,25": 48.70451079080601,
        "10,26": 42.32402558987814,
        "10,27": 35.685442288588106,
        "10,28": 36.62031444542147,
        "10,29": 45.854395437610286,
        "10,30": 62.9662668926828,
        "10,31": 53.09193340316142,
        "10,32": 6.326316838517507,
        "10,33": 65.40438407934934,
        "10,34": 28.442527306112662,
        "10,35": 29.64013536072087,
        "10,36": 32.436284855511246,
        "10,37": 59.48933131252128,
        "10,38": 33.40551907140792,
        "10,39": 26.09712608277398,
        "10,40": 21.65373179412778,
        "11,0": 42.87283359720733,
        "11,1": 47.773686920087165,
        "11,2": 11.571527272940736,
        "11,3": 52.6383258710129,
        "11,4": 51.0788467504037,
        "11,5": 61.35941078360607,
        "11,6": 29.43512306515496,
        "11,7": 48.73356783039828,
        "11,8": 55.45518028767383,
        "11,9": 13.886802787202116,
        "11,10": 46.339348485888344,
        "11,11": 0.0,
        "11,12": 26.849281040952025,
        "11,13": 73.78144651337074,
        "11,14": 54.902791941158966,
        "11,15": 46.53087829750244,
        "11,16": 25.09088004595616,
        "11,17": 78.1134389843428,
        "11,18": 22.58310473271507,
        "11,19": 21.548403889536218,
        "11,20": 76.55120492381911,
        "11,21": 66.79693026924072,
        "11,22": 18.574106792675988,
        "11,23": 63.8462930403412,
        "11,24": 64.19984507913513,
        "11,25": 76.8283670035715,
        "11,26": 55.13023669725327,
        "11,27": 70.77092902310088,
        "11,28": 67.24437312238697,
        "11,29": 62.86171887983176,
        "11,30": 54.547352014926844,
        "11,31": 32.823693072839724,
        "11,32": 41.5904561544444,
        "11,33": 46.625454712663604,
        "11,34": 65.10624863913914,
        "11,35": 52.79822294374042,
        "11,36": 74.53086954707054,
        "11,37": 56.2860037254235,
        "11,38": 78.41240554743611,
        "11,39": 71.40498435090701,
        "11,40": 29.04801047250166,
        "12,0": 64.23289968861822,
        "12,1": 72.60622345497808,
        "12,2": 36.01112704921208,
        "12,3": 72.15339174144705,
        "12,4": 72.13053170111654,
        "12,5": 84.94750218192416,
        "12,6": 28.60373060707821,
        "12,7": 66.61236585920695,
        "12,8": 77.93870978167747,
        "12,9": 40.102152054095036,
        "12,10": 64.65542550718044,
        "12,11": 26.849281040952025,
        "12,12": 0.0,
        "12,13": 96.39401827299024,
        "12,14": 65.39369669419541,
        "12,15": 71.90666098373534,
        "12,16": 43.218094369163495,
        "12,17": 88.54604284134805,
        "12,18": 41.19768967907017,
        "12,19": 6.691692318063531,
        "12,20": 99.09180212256456,
        "12,21": 91.47922950150218,
        "12,22": 9.397711246529143,
        "12,23": 89.2674455503799,
        "12,24": 70.59217730571059,
        "12,25": 102.34005748608853,
        "12,26": 81.71436460311632,
        "12,27": 94.63036683984521,
        "12,28": 91.98937668014925,
        "12,29": 89.33334577012556,
        "12,30": 80.45325633910953,
        "12,31": 20.930232983476444,
        "12,32": 58.67269231242694,
        "12,33": 70.96035291733739,
        "12,34": 74.36303968706873,
        "12,35": 78.07140760633433,
        "12,36": 85.95276401343523,
        "12,37": 82.74285248250324,
        "12,38": 92.25113040887544,
        "12,39": 86.10833331823882,
        "12,40": 52.90211168468799,
        "13,0": 32.20646748689747,
        "13,1": 28.006035093256923,
        "13,2": 62.30570925237588,
        "13,3": 26.53491463785441,
        "13,4": 24.68559487540509,
        "13,5": 13.213154357195856,
        "13,6": 75.15677022333811,
        "13,7": 33.43623075287847,
        "13,8": 18.491259006979153,
        "13,9": 60.59614667997471,
        "13,10": 34.31775227987837,
        "13,11": 73.78144651337074,
        "13,12": 96.39401827299024,
        "13,13": 0.0,
        "13,14": 48.933298577486966,
        "13,15": 30.76053016680766,
        "13,16": 53.404648085617744,
        "13,17": 49.71926180620075,
        "13,18": 55.25765822509514,
        "13,19": 89.72944913993624,
        "13,20": 2.7762907084948454,
        "13,21": 14.646174460893445,
        "13,22": 90.79112011888053,
        "13,23": 69.55998887723736,
        "13,24": 58.721504024529914,
        "13,25": 22.231260695998092,
        "13,26": 36.108266249519424,
        "13,27": 8.087639227522873,
        "13,28": 14.944845081070147,
        "13,29": 32.954615154097034,
        "13,30": 63.022114432897105,
        "13,31": 87.06361952384347,
        "13,32": 40.57024152980815,
        "13,33": 71.87464076684456,
        "13,34": 51.24484447960938,
        "13,35": 25.733012101055433,
        "13,36": 45.82103471359743,
        "13,37": 57.00779789195859,
        "13,38": 38.605733521141566,
        "13,39": 34.63367895418483,
        "13,40": 44.73363643766294,
        "14,0": 29.560483686937438,
        "14,1": 45.13371145412112,
        "14,2": 45.87432695910412,
        "14,3": 24.985912691882945,
        "14,4": 29.87251076978088,
        "14,5": 45.241790681936976,
        "14,6": 37.332567857527486,
        "14,7": 19.21192286136639,
        "14,8": 37.14764831734295,
        "14,9": 48.99422107037423,
        "14,10": 20.474098866531737,
        "14,11": 54.902791941158966,
        "14,12": 65.39369669419541,
        "14,13": 48.933298577486966,
        "14,14": 0.0,
        "14,15": 47.83203349688052,
        "14,16": 30.805881138107264,
        "14,17": 23.546280745673293,
        "14,18": 33.152986266526916,
        "14,19": 59.2721600586251,
        "14,20": 50.686568471875624,
        "14,21": 54.471655041190374,
        "14,22": 64.21917630613075,
        "14,23": 92.29464431128115,
        "14,24": 12.61548691350408,
        "14,25": 67.02171292246335,
        "14,26": 62.797795025838624,
        "14,27": 52.6568060888512,
        "14,28": 55.140476129191505,
        "14,29": 66.12898910191936,
        "14,30": 82.60635046153395,
        "14,31": 48.46626983321421,
        "14,32": 18.69585020424145,
        "14,33": 83.63841733776384,
        "14,34": 10.278812764023096,
        "14,35": 49.97550755554348,
        "14,36": 20.584674064378845,
        "14,37": 79.53976312963282,
        "14,38": 27.427111716482134,
        "14,39": 22.481506582008844,
        "14,40": 38.43163977439533,
        "15,0": 18.3445279541817,
        "15,1": 3.47876099668466,
        "15,2": 35.94582923982103,
        "15,3": 25.33766672924616,
        "15,4": 20.000678169260542,
        "15,5": 17.586908331779455,
        "15,6": 57.28096700180619,
        "15,7": 28.940130288142576,
        "15,8": 16.86593908852142,
        "15,9": 32.6632942925275,
        "15,10": 27.37519185379126,
        "15,11": 46.53087829750244,
        "15,12": 71.90666098373534,
        "15,13": 30.76053016680766,
        "15,14": 47.83203349688052,
        "15,15": 0.0,
        "15,16": 33.1922180000254,
        "15,17": 61.62811172459872,
        "15,18": 33.91835804451728,
        "15,19": 65.56789332104819,
        "15,20": 33.41951554175701,
        "15,21": 20.544789993178583,
        "15,22": 64.79237650325845,
        "15,23": 46.154599056591195,
        "15,24": 60.38297281802764,
        "15,25": 30.441102700866836,
        "15,26": 15.09320982270555,
        "15,27": 25.5385085882827,
        "15,28": 20.924944997931526,
        "15,29": 20.080660579624418,
        "15,30": 37.3659923954858,
        "15,31": 67.90491054841455,
        "15,32": 30.312142171725192,
        "15,33": 43.11311526088793,
        "15,34": 55.493835010042105,
        "15,35": 6.272062054302193,
        "15,36": 57.090790551358346,
        "15,37": 32.93934656040908,
        "15,38": 54.69837837426819,
        "15,39": 47.843710805663015,
        "15,40": 19.594292613965266,
        "16,0": 21.212186646367254,
        "16,1": 32.62083164945494,
        "16,2": 15.099816752946968,
        "16,3": 29.086201846049597,
        "16,4": 28.93850445241966,
        "16,5": 42.69909387792334,
        "16,6": 24.092992946891275,
        "16,7": 24.172518115186726,
        "16,8": 35.109431080354334,
        "16,9": 18.40609760425363,
        "16,10": 21.94729075756892,
        "16,11": 25.09088004595616,
        "16,12": 43.218094369163495,
        "16,13": 53.404648085617744,
        "16,14": 30.805881138107264,
        "16,15": 33.1922180000254,
        "16,16": 0.0,
        "16,17": 53.4306568654869,
        "16,18": 2.507820912905672,
        "16,19": 36.526828121604865,
        "16,20": 56.06007150335801,
        "16,21": 50.258649227639026,
        "16,22": 38.679933254846205,
        "16,23": 68.49560809134002,
        "16,24": 41.57482487925054,
        "16,25": 62.220613735715276,
        "16,26": 46.758245637160854,
        "16,27": 52.40830405286118,
        "16,28": 50.84274032125989,
        "16,29": 53.047588925711345,
        "16,30": 58.42967154722802,
        "16,31": 35.040085782828754,
        "16,32": 16.636946108994195,
        "16,33": 56.17804961150384,
        "16,34": 41.07906180156282,
        "16,35": 38.565463110874035,
        "16,36": 49.67862519937472,
        "16,37": 57.22572670220463,
        "16,38": 53.32223258816754,
        "16,39": 46.33769292014368,
        "16,40": 14.395363262792106,
        "17,0": 45.531344664763246,
        "17,1": 58.32089522561148,
        "17,2": 68.49065808388985,
        "17,3": 36.32410940949193,
        "17,4": 41.62743845106512,
        "17,5": 52.280777243321275,
        "17,6": 60.11457202934064,
        "17,7": 34.46496601954225,
        "17,8": 46.438200537611436,
        "17,9": 70.97577877424804,
        "17,10": 36.81553355534198,
        "17,11": 78.1134389843428,
        "17,12": 88.54604284134805,
        "17,13": 49.71926180620075,
        "17,14": 23.546280745673293,
        "17,15": 61.62811172459872,
        "17,16": 53.4306568654869,
        "17,17": 0.0,
        "17,18": 55.884280336277456,
        "17,19": 82.57493648578665,
        "17,20": 50.29039656171657,
        "17,21": 60.51790260151847,
        "17,22": 87.72386433698944,
        "17,23": 107.7731972320385,
        "17,24": 20.05204123546056,
        "17,25": 71.42989759620293,
        "17,26": 75.20825260721215,
        "17,27": 56.22631938027027,
        "17,28": 61.11546224699002,
        "17,29": 76.29360807198435,
        "17,30": 98.74920518817072,
        "17,31": 70.53761085068673,
        "17,32": 38.5179452147595,
        "17,33": 102.12725550185014,
        "17,34": 14.23964601342634,
        "17,35": 61.53680244571452,
        "17,36": 4.537376616061925,
        "17,37": 94.56738606047104,
        "17,38": 12.138679715919503,
        "17,39": 15.270975555669416,
        "17,40": 58.14959025619302,
        "18,0": 23.057244803901774,
        "18,1": 33.59120597964686,
        "18,2": 12.721526286270667,
        "18,3": 31.326783961313538,
        "18,4": 30.94122961005053,
        "18,5": 44.26834081792258,
        "18,6": 23.517704398608597,
        "18,7": 26.579094660151064,
        "18,8": 36.87102782826425,
        "18,9": 16.34863242380217,
        "18,10": 24.31697146802336,
        "18,11": 22.58310473271507,
        "18,12": 41.19768967907017,
        "18,13": 55.25765822509514,
        "18,14": 33.152986266526916,
        "18,15": 33.91835804451728,
        "18,16": 2.507820912905672,
        "18,17": 55.884280336277456,
        "18,18": 0.0,
        "18,19": 34.514295687465996,
        "18,20": 57.936293211696345,
        "18,21": 51.59024933877075,
        "18,22": 36.39906253940731,
        "18,23": 67.61423814074627,
        "18,24": 43.72254357062211,
        "18,25": 63.37341355526513,
        "18,26": 47.049135401601994,
        "18,27": 53.98971617429132,
        "18,28": 52.16013134913405,
        "18,29": 53.5687858795091,
        "18,30": 57.54992122702298,
        "18,31": 34.01532128670797,
        "18,32": 19.112770958980825,
        "18,33": 54.77101924936522,
        "18,34": 43.43135909489575,
        "18,35": 39.491665209163024,
        "18,36": 52.15458026559369,
        "18,37": 56.620684844647464,
        "18,38": 55.82979029303487,
        "18,39": 48.84129519890389,
        "18,40": 14.622005516220936,
        "19,0": 57.557065134398755,
        "19,1": 66.16903573939399,
        "19,2": 29.808931534949867,
        "19,3": 65.4683971583382,
        "19,4": 65.442703046149,
        "19,5": 78.34835580908857,
        "19,6": 23.127499001579903,
        "19,7": 59.9601494240574,
        "19,8": 71.28371408540734,
        "19,9": 34.19949346025888,
        "19,10": 57.98679506825952,
        "19,11": 21.548403889536218,
        "19,12": 6.691692318063531,
        "19,13": 89.72944913993624,
        "19,14": 59.2721600586251,
        "19,15": 65.56789332104819,
        "19,16": 36.526828121604865,
        "19,17": 82.57493648578665,
        "19,18": 34.514295687465996,
        "19,19": 0.0,
        "19,20": 92.42316289978008,
        "19,21": 84.98398385148599,
        "19,22": 7.934309008877758,
        "19,23": 85.00666356307683,
        "19,24": 65.03532088265356,
        "19,25": 95.97393816523882,
        "19,26": 75.77898639792824,
        "19,27": 88.04187451425453,
        "19,28": 85.50204677225113,
        "19,29": 83.31420011583982,
        "19,30": 75.91200593935767,
        "19,31": 17.708900838523693,
        "19,32": 52.02832551090097,
        "19,33": 67.14001659100687,
        "19,34": 68.45297790310235,
        "19,35": 71.69634737889413,
        "19,36": 79.85538365583912,
        "19,37": 77.8232036086671,
        "19,38": 85.93174625898523,
        "19,39": 79.69497842995095,
        "19,40": 46.41800805884938,
        "20,0": 34.879452679693046,
        "20,1": 30.7145584880798,
        "20,2": 65.07080641934982,
        "20,3": 28.868040341978954,
        "20,4": 27.262543192640447,
        "20,5": 15.92023946859421,
        "20,6": 77.64541816265198,
        "20,7": 35.720935170553965,
        "20,8": 21.226015760797456,
        "20,9": 63.372408020836055,
        "20,10": 36.70319674239341,
        "20,11": 76.55120492381911,
        "20,12": 99.09180212256456,
        "20,13": 2.7762907084948454,
        "20,14": 50.686568471875624,
        "20,15": 33.41951554175701,
        "20,16": 56.06007150335801,
        "20,17": 50.29039656171657,
        "20,18": 57.936293211696345,
        "20,19": 92.42316289978008,
        "20,20": 0.0,
        "20,21": 16.488058804577523,
        "20,22": 93.5325294721921,
        "20,23": 71.41942777899759,
        "20,24": 60.132982100384645,
        "20,25": 22.624826924727394,
        "20,26": 38.21990548550551,
        "20,27": 9.734213449368253,
        "20,28": 16.703207878149897,
        "20,29": 34.66010682502743,
        "20,30": 65.1065532395519,
        "20,31": 89.57560983998142,
        "20,32": 42.986474186448284,
        "20,33": 74.21060509722045,
        "20,34": 52.53960367669312,
        "20,35": 28.27194065675416,
        "20,36": 46.52883029011958,
        "20,37": 59.005702533423054,
        "20,38": 38.89437918768509,
        "20,39": 35.38890187755819,
        "20,40": 47.50388327048809,
        "21,0": 30.155170493907168,
        "21,1": 19.029190620480247,
        "21,2": 55.854815256511486,
        "21,3": 29.582913985735765,
        "21,4": 25.329485900601387,
        "21,5": 9.236561473722308,
        "21,6": 73.81771279032637,
        "21,7": 36.11100400904059,
        "21,8": 17.627295781400736,
        "21,9": 53.005830442999475,
        "21,10": 35.95460765257753,
        "21,11": 66.79693026924072,
        "21,12": 91.47922950150218,
        "21,13": 14.646174460893445,
        "21,14": 54.471655041190374,
        "21,15": 20.544789993178583,
        "21,16": 50.258649227639026,
        "21,17": 60.51790260151847,
        "21,18": 51.59024933877075,
        "21,19": 84.98398385148599,
        "21,20": 16.488058804577523,
        "21,21": 0.0,
        "21,22": 84.81246367674393,
        "21,23": 54.950176805513365,
        "21,24": 65.83630521784127,
        "21,25": 12.749906532539981,
        "21,26": 21.870100381340002,
        "21,27": 6.768364598431422,
        "21,28": 0.6706737943521912,
        "21,29": 18.31865902500966,
        "21,30": 48.67752969181783,
        "21,31": 85.22435443882019,
        "21,32": 41.38048976185275,
        "21,33": 58.230071734729535,
        "21,34": 59.13874065900462,
        "21,35": 14.38274580678765,
        "21,36": 56.24895920111467,
        "21,37": 42.527559028254856,
        "21,38": 50.51107722427095,
        "21,39": 45.27311945231981,
        "21,40": 38.57712570974824,
        "22,0": 58.96655481496423,
        "22,1": 65.80185835926271,
        "22,2": 28.957848934873994,
        "22,3": 67.72565829382285,
        "22,4": 67.07483674328604,
        "22,5": 78.83138063591396,
        "22,6": 29.6564338262154,
        "22,7": 62.752973941697356,
        "22,8": 72.30688650943196,
        "22,9": 32.34193115675724,
        "22,10": 60.59913105269613,
        "22,11": 18.574106792675988,
        "22,12": 9.397711246529143,
        "22,13": 90.79112011888053,
        "22,14": 64.21917630613075,
        "22,15": 64.79237650325845,
        "22,16": 38.679933254846205,
        "22,17": 87.72386433698944,
        "22,18": 36.39906253940731,
        "22,19": 7.934309008877758,
        "22,20": 93.5325294721921,
        "22,21": 84.81246367674393,
        "22,22": 0.0,
        "22,23": 79.95548776582842,
        "22,24": 70.95742113044126,
        "22,25": 95.19219451213469,
        "22,26": 73.69876726334182,
        "22,27": 88.41044835099117,
        "22,28": 85.28864364200712,
        "22,29": 81.43582206496775,
        "22,30": 71.23747408113631,
        "22,31": 25.573955846541317,
        "22,32": 54.972536640460824,
        "22,33": 61.57917893681359,
        "22,34": 73.78318843886173,
        "22,35": 71.03404866734628,
        "22,36": 84.74513350368115,
        "22,37": 73.70653722689389,
        "22,38": 90.21335125957752,
        "22,39": 83.68927855818642,
        "22,40": 46.43756125910742,
        "23,0": 63.17746324449387,
