{
    "num_robots": 5,
    "num_tasks": 40,
    "num_nodes": 41,
    "robot_capacity": [
        93,
        91,
        77,
        100,
        95
    ],
    "robot_speed": [
        1.19,
        0.82,
        0.93,
        1.03,
        0.93
    ],
    "task_demand": {
        "0": 0,
        "1": 15,
        "2": 7,
        "3": 5,
        "4": 14,
        "5": 9,
        "6": 5,
        "7": 8,
        "8": 6,
        "9": 12,
        "10": 14,
        "11": 6,
        "12": 8,
        "13": 7,
        "14": 9,
        "15": 14,
        "16": 9,
        "17": 13,
        "18": 12,
        "19": 7,
        "20": 10,
        "21": 10,
        "22": 7,
        "23": 9,
        "24": 14,
        "25": 8,
        "26": 11,
        "27": 9,
        "28": 11,
        "29": 7,
        "30": 14,
        "31": 5,
        "32": 12,
        "33": 5,
        "34": 9,
        "35": 11,
        "36": 13,
        "37": 5,
        "38": 5,
        "39": 6,
        "40": 10
    },
    "task_service_time": {
        "0": 0,
        "1": 37,
        "2": 55,
        "3": 75,
        "4": 97,
        "5": 66,
        "6": 80,
        "7": 61,
        "8": 28,
        "9": 26,
        "10": 81,
        "11": 75,
        "12": 33,
        "13": 11,
        "14": 95,
        "15": 44,
        "16": 89,
        "17": 18,
        "18": 83,
        "19": 69,
        "20": 86,
        "21": 43,
        "22": 88,
        "23": 74,
        "24": 46,
        "25": 79,
        "26": 97,
        "27": 69,
        "28": 36,
        "29": 86,
        "30": 65,
        "31": 28,
        "32": 65,
        "33": 79,
        "34": 45,
        "35": 86,
        "36": 63,
        "37": 53,
        "38": 55,
        "39": 10,
        "40": 40
    },
    "task_precedence": [],
    "coordinates": {
        "0": [
            100,
            100
        ],
        "1": [
            94.55354361898804,
            89.81611793149544
        ],
        "2": [
            67.59340197600164,
            25.792959512370008
        ],
        "3": [
            12.328749186057886,
            66.3936753650518
        ],
        "4": [
            34.66239786435946,
            86.48941108167504
        ],
        "5": [
            89.74728747093677,
            83.31269102489192
        ],
        "6": [
            38.7917168938802,
            88.67849843447935
        ],
        "7": [
            51.56328942998476,
            67.89298376098553
        ],
        "8": [
            12.333633207224281,
            93.46413825400549
        ],
        "9": [
            23.348176604030048,
            40.218220073090016
        ],
        "10": [
            11.503347588669055,
            90.9400013713897
        ],
        "11": [
            90.64257876428957,
            22.072668383905214
        ],
        "12": [
            21.952251712360514,
            42.60947298921304
        ],
        "13": [
            39.2637185354073,
            23.068790289884923
        ],
        "14": [
            69.49975139523363,
            27.963987847564265
        ],
        "15": [
            97.13871278292505,
            14.716759983817184
        ],
        "16": [
            1.8353500727254501,
            94.44929090945642
        ],
        "17": [
            66.5994582691254,
            56.16140982735948
        ],
        "18": [
            33.277139772121245,
            56.20737309353093
        ],
        "19": [
            54.368341128078015,
            78.68560104738643
        ],
        "20": [
            62.65108824367257,
            31.521836248794887
        ],
        "21": [
            17.493793139251203,
            15.293528112163713
        ],
        "22": [
            14.699114394175316,
            52.435022201307156
        ],
        "23": [
            93.33494009601291,
            97.45604485811543
        ],
        "24": [
            40.84468954289946,
            22.218740787802528
        ],
        "25": [
            21.36406405599447,
            3.313532750999937
        ],
        "26": [
            6.958244085313003,
            17.466439185899183
        ],
        "27": [
            35.019391090006835,
            52.176279767184994
        ],
        "28": [
            51.59171259397913,
            51.421825107041684
        ],
        "29": [
            39.4242510915214,
            74.30339982772895
        ],
        "30": [
            8.665894551005227,
            66.2253471580423
        ],
        "31": [
            86.81044082651356,
            61.00256647756751
        ],
        "32": [
            25.788800352897645,
            40.46764258265716
        ],
        "33": [
            90.62350040027457,
            31.707491030744727
        ],
        "34": [
            99.60469643833095,
            94.11505310589912
        ],
        "35": [
            48.40229749565941,
            72.3336711607282
        ],
        "36": [
            56.07220110960524,
            22.30751098649334
        ],
        "37": [
            76.8405949805203,
            64.94612813124968
        ],
        "38": [
            74.02461237125969,
            71.21138904357204
        ],
        "39": [
            4.58099103907429,
            98.79505157166058
        ],
        "40": [
            15.594430619332167,
            6.116295308004838
        ]
    },
    "distance_matrix_str_keys": {
        "0,0": 0.0,
        "0,1": 11.548824230001708,
        "0,2": 80.97451730897673,
        "0,3": 93.89160385652526,
        "0,4": 66.71984911370247,
        "0,5": 19.585310695374044,
        "0,6": 62.24652856583246,
        "0,7": 58.111749436888964,
        "0,8": 87.90966588156415,
        "0,9": 97.20783528685568,
        "0,10": 88.95921010869166,
        "0,11": 78.4871349011246,
        "0,12": 96.87684761255703,
        "0,13": 98.01687055608299,
        "0,14": 78.22692766419004,
        "0,15": 85.33122518865203,
        "0,16": 98.32145679734514,
        "0,17": 55.1127768874027,
        "0,18": 79.81061488522842,
        "0,19": 50.36419257880177,
        "0,20": 78.0012828107256,
        "0,21": 118.24745473046542,
        "0,22": 97.66610567708805,
        "0,23": 7.1340543373075915,
        "0,24": 97.72039213956829,
        "0,25": 124.62697689859006,
        "0,26": 124.37265376417386,
        "0,27": 80.6820162813253,
        "0,28": 68.57989038715915,
        "0,29": 65.80073416183596,
        "0,30": 97.37887857622339,
        "0,31": 41.16751501520879,
        "0,32": 95.13886552155401,
        "0,33": 68.93319611086855,
        "0,34": 5.89820861382978,
        "0,35": 58.546978189904536,
        "0,36": 89.25118690789955,
        "0,37": 42.01347371792848,
        "0,38": 38.77505490987574,
        "0,39": 95.42661668423636,
        "0,40": 126.24757482489906,
        "1,0": 11.548824230001708,
        "1,1": 0.0,
        "1,2": 69.46807937009862,
        "1,3": 85.49577554075975,
        "1,4": 59.9834670410673,
        "1,5": 8.086696463341216,
        "1,6": 55.77343003474811,
        "1,7": 48.25749441375188,
        "1,8": 82.30080024150377,
        "1,9": 86.77647010398432,
        "1,10": 83.05780020359846,
        "1,11": 67.85624954786103,
        "1,12": 86.59916231244998,
        "1,13": 86.67277833939245,
        "1,14": 66.7336384495151,
        "1,15": 75.14383982576135,
        "1,16": 92.83388231850438,
        "1,17": 43.75008874644713,
        "1,18": 69.88809196127562,
        "1,19": 41.69818827410704,
        "1,20": 66.45291517966712,
        "1,21": 107.19991388699744,
        "1,22": 88.17072181177903,
        "1,23": 7.736502956135969,
        "1,24": 86.33681950867332,
        "1,25": 113.31106372111566,
        "1,26": 113.61079400737079,
        "1,27": 70.43488293721713,
        "1,28": 57.61805833687317,
        "1,29": 57.27026556203415,
        "1,30": 89.06858440612257,
        "1,31": 29.835823907560833,
        "1,32": 84.63960028087457,
        "1,33": 58.24137498369699,
        "1,34": 6.632871809260372,
        "1,35": 49.351529498372855,
        "1,36": 77.7060212144414,
        "1,37": 30.5330139706732,
        "1,38": 27.70510702320222,
        "1,39": 90.41947504304498,
        "1,40": 115.0660759428956,
        "2,0": 80.97451730897673,
        "2,1": 69.46807937009862,
        "2,2": 0.0,
        "2,3": 68.57550565430229,
        "2,4": 69.05440076422346,
        "2,5": 61.63857684758226,
        "2,6": 69.16739166033244,
        "2,7": 45.04860208676828,
        "2,8": 87.36721625793695,
        "2,9": 46.537384009645656,
        "2,10": 85.96645429558434,
        "2,11": 23.347486303632017,
        "2,12": 48.640618035805346,
        "2,13": 28.460359481162925,
        "2,14": 2.889209604792024,
        "2,15": 31.553250017613387,
        "2,16": 95.06741413870749,
        "2,17": 30.38471159360284,
        "2,18": 45.85457888947816,
        "2,19": 54.52094792814067,
        "2,20": 7.566141268170899,
        "2,21": 51.18797578849002,
        "2,22": 59.22503831244184,
        "2,23": 76.14607400290305,
        "2,24": 26.98645320007511,
        "2,25": 51.40502224532165,
        "2,26": 61.20419359141882,
        "2,27": 41.918322639020744,
        "2,28": 30.214116150377087,
        "2,29": 56.09602375518801,
        "2,30": 71.4648802003678,
        "2,31": 40.11247941508689,
        "2,32": 44.30542901360737,
        "2,33": 23.77744974789235,
        "2,34": 75.44952913144593,
        "2,35": 50.342192362977556,
        "2,36": 12.036877536570234,
        "2,37": 40.23035161866278,
        "2,38": 45.87149668616493,
        "2,39": 96.43583035945373,
        "2,40": 55.59733929211971,
        "3,0": 93.89160385652526,
        "3,1": 85.49577554075975,
        "3,2": 68.57550565430229,
        "3,3": 0.0,
        "3,4": 30.043808967542194,
        "3,5": 79.24571383403125,
        "3,6": 34.596271462990586,
        "3,7": 39.26317707239743,
        "3,8": 27.070463329538367,
        "3,9": 28.400391552960095,
        "3,10": 24.56019967765718,
        "3,11": 89.98559641982243,
        "3,12": 25.657359246980338,
        "3,13": 51.01507856140977,
        "3,14": 68.8866052022693,
        "3,15": 99.31381328204661,
        "3,16": 29.95378087198883,
        "3,17": 55.22688767631934,
        "3,18": 23.29368631438698,
        "3,19": 43.799757164071146,
        "3,20": 61.224039164201166,
        "3,21": 51.36051721220557,
        "3,22": 14.158482594034297,
        "3,23": 86.75755738991094,
        "3,24": 52.57930866167032,
        "3,25": 63.72394610354901,
        "3,26": 49.22110081222999,
        "3,27": 26.77684760384401,
        "3,28": 42.02066867292857,
        "3,29": 28.22640544923229,
        "3,30": 3.6667203960490062,
        "3,31": 74.6765454788894,
        "3,32": 29.21184953486763,
        "3,33": 85.63410215194419,
        "3,34": 91.57273476659029,
        "3,35": 36.55932764285755,
        "3,36": 62.105390070435725,
        "3,37": 64.52808412468625,
        "3,38": 61.88368039520064,
        "3,39": 33.314815568847806,
        "3,40": 60.365778565055514,
        "4,0": 66.71984911370247,
        "4,1": 59.9834670410673,
        "4,2": 69.05440076422346,
        "4,3": 30.043808967542194,
        "4,4": 0.0,
        "4,5": 55.17641355949095,
        "4,6": 4.673690093038887,
        "4,7": 25.129012014138397,
        "4,8": 23.392745675575878,
        "4,9": 47.634385900110544,
        "4,10": 23.582819246198245,
        "4,11": 85.34223686651049,
        "4,12": 45.683659903771634,
        "4,13": 63.58732022607851,
        "4,14": 68.10922379360159,
        "4,15": 95.15567965927531,
        "4,16": 33.77831780279984,
        "4,17": 44.04274613803543,
        "4,18": 30.31370588855006,
        "4,19": 21.194896814189928,
        "4,20": 61.68306957470043,
        "4,21": 73.2367035031982,
        "4,22": 39.47447389043015,
        "4,23": 59.68864438326373,
        "4,24": 64.56732757689613,
        "4,25": 84.2322528379597,
        "4,26": 74.37533721562625,
        "4,27": 34.31498833991636,
        "4,28": 38.94017569686634,
        "4,29": 13.083352645187446,
        "4,30": 32.961348140243174,
        "4,31": 58.04306705073909,
        "4,32": 46.869434694399885,
        "4,33": 78.3115812731535,
        "4,34": 65.38847421642802,
        "4,35": 19.727387424281112,
        "4,36": 67.65867257660338,
        "4,37": 47.361517630369555,
        "4,38": 42.22323872329061,
        "4,39": 32.501074204664135,
        "4,40": 82.60402601583793,
        "5,0": 19.585310695374044,
        "5,1": 8.086696463341216,
        "5,2": 61.63857684758226,
        "5,3": 79.24571383403125,
        "5,4": 55.17641355949095,
        "5,5": 0.0,
        "5,6": 51.237311229124586,
        "5,7": 41.17991110354652,
        "5,8": 78.07640967223767,
        "5,9": 79.1579140107385,
        "5,10": 78.61482043114844,
        "5,11": 61.246566594124424,
        "5,12": 79.07539966365424,
        "5,13": 78.59973478477986,
        "5,14": 58.935911467871776,
        "5,15": 68.99300633784979,
        "5,16": 88.6145168361026,
        "5,17": 35.67932268728919,
        "5,18": 62.638453375591894,
        "5,19": 35.68024391719892,
        "5,20": 58.4508053922473,
        "5,21": 99.23292783389583,
        "5,22": 81.15207153325491,
        "5,23": 14.591288805652983,
        "5,24": 78.2555738569671,
        "5,25": 105.24319725829852,
        "5,26": 105.78163633613705,
        "5,27": 62.9652185598594,
        "5,28": 49.728012459592854,
        "5,29": 51.123138776088865,
        "5,30": 82.86235332320878,
        "5,31": 22.502593751165374,
        "5,32": 76.98302572935036,
        "5,33": 51.612638137702945,
        "5,34": 14.623937160684378,
        "5,35": 42.777880653831915,
        "5,36": 69.68244709365882,
        "5,37": 22.448014245547178,
        "5,38": 19.840464256995148,
        "5,39": 86.56212529749955,
        "5,40": 107.04171939450892,
        "6,0": 62.24652856583246,
        "6,1": 55.77343003474811,
        "6,2": 69.16739166033244,
        "6,3": 34.596271462990586,
        "6,4": 4.673690093038887,
        "6,5": 51.237311229124586,
        "6,6": 0.0,
        "6,7": 24.395710387012862,
        "6,8": 26.887404873886997,
        "6,9": 50.86159175200442,
        "6,10": 27.381919123232468,
        "6,11": 84.408817509963,
        "6,12": 49.05020584132353,
        "6,13": 65.61140593196022,
        "6,14": 68.03848307204487,
        "6,15": 94.20568286425387,
        "6,16": 37.404212254891824,
        "6,17": 42.785880052603915,
        "6,18": 32.9360674905097,
        "6,19": 18.506464295547307,
        "6,20": 61.93669052682542,
        "6,21": 76.41305795127649,
        "6,22": 43.52060505867656,
        "6,23": 55.244986365250874,
        "6,24": 66.4914587233025,
        "6,25": 87.1257737387708,
        "6,26": 78.00338052595592,
        "6,27": 36.696626678831684,
        "6,28": 39.394156893503336,
        "6,29": 14.389008286361602,
        "6,30": 37.57271848132674,
        "6,31": 55.423416150595315,
        "6,32": 49.93358048985608,
        "6,33": 77.0209677039319,
        "6,34": 61.05550431999658,
        "6,35": 18.96092397833118,
        "6,36": 68.58369419585561,
        "6,37": 44.84353380211709,
        "6,38": 39.3250153743628,
        "6,39": 35.675179199130824,
        "6,40": 85.7591480578053,
        "7,0": 58.111749436888964,
        "7,1": 48.25749441375188,
        "7,2": 45.04860208676828,
        "7,3": 39.26317707239743,
        "7,4": 25.129012014138397,
        "7,5": 41.17991110354652,
        "7,6": 24.395710387012862,
        "7,7": 0.0,
        "7,8": 46.827874919345476,
        "7,9": 39.5219576559944,
        "7,10": 46.216490142197905,
        "7,11": 60.22202384617618,
        "7,12": 38.9367367875237,
        "7,13": 46.48104736906641,
        "7,14": 43.77260995742464,
        "7,15": 70.03449142386357,
        "7,16": 56.374687600759145,
        "7,17": 19.07134500551228,
        "7,18": 21.701077530415645,
        "7,19": 11.151183924574793,
        "7,20": 38.02367228301796,
        "7,21": 62.6692373661646,
        "7,22": 39.973941219890875,
        "7,23": 51.17465564903515,
        "7,24": 46.9150813141444,
        "7,25": 71.29164541473418,
        "7,26": 67.32344664367231,
        "7,27": 22.819188344730193,
        "7,28": 16.471183177891035,
        "7,29": 13.727697765155147,
        "7,30": 42.92979733521434,
        "7,31": 35.91433602211584,
        "7,32": 37.63606815187523,
        "7,33": 53.24556286841052,
        "7,34": 54.73183450306623,
        "7,35": 5.450832467715666,
        "7,36": 45.8079208500952,
        "7,37": 25.448499641386334,
        "7,38": 22.705128096792176,
        "7,39": 56.23410137157086,
        "7,40": 71.48508963663191,
        "8,0": 87.90966588156415,
        "8,1": 82.30080024150377,
        "8,2": 87.36721625793695,
        "8,3": 27.070463329538367,
        "8,4": 23.392745675575878,
        "8,5": 78.07640967223767,
        "8,6": 26.887404873886997,
        "8,7": 46.827874919345476,
        "8,8": 0.0,
        "8,9": 54.37322842326785,
        "8,10": 2.657186709766742,
        "8,11": 105.96713134020781,
        "8,12": 51.75630204276033,
        "8,13": 75.37064754115379,
        "8,14": 86.93810885884207,
        "8,15": 115.72835048625322,
        "8,16": 10.544404892010009,
        "8,17": 65.85038585855789,
        "8,18": 42.73987619842426,
        "8,19": 44.556950433786504,
        "8,20": 79.80410427446519,
        "8,21": 78.34073997909333,
        "8,22": 41.09724887765126,
        "8,23": 81.09961181181852,
        "8,24": 76.73843231063091,
        "8,25": 90.60176794010674,
        "8,26": 76.18756507369433,
        "8,27": 47.10977466666494,
        "8,28": 57.52176015982223,
        "8,29": 33.181854595444015,
        "8,30": 27.484614736609416,
        "8,31": 81.2437598548803,
        "8,32": 54.67787556554524,
        "8,33": 99.71552928889128,
        "8,34": 87.2734906350848,
        "8,35": 41.80245427163231,
        "8,36": 83.52441515053454,
        "8,37": 70.52960384535756,
        "8,38": 65.5817181662687,
        "8,39": 9.408618250717254,
        "8,40": 87.40868645095867,
        "9,0": 97.20783528685568,
        "9,1": 86.77647010398432,
        "9,2": 46.537384009645656,
        "9,3": 28.400391552960095,
        "9,4": 47.634385900110544,
        "9,5": 79.1579140107385,
        "9,6": 50.86159175200442,
        "9,7": 39.5219576559944,
        "9,8": 54.37322842326785,
        "9,9": 0.0,
        "9,10": 52.08645766872308,
        "9,11": 69.69790246636995,
        "9,12": 2.768880064583777,
        "9,13": 23.39673944930168,
        "9,14": 47.75074934642568,
        "9,15": 78.07283584098626,
        "9,16": 58.34218670417654,
        "9,17": 46.09618926998258,
        "9,18": 18.821193477151933,
        "9,19": 49.416495283666826,
        "9,20": 40.2535210257812,
        "9,21": 25.60300910244224,
        "9,22": 14.968518007803846,
        "9,23": 90.41192205790128,
        "9,24": 25.101976407476723,
        "9,25": 36.95798491455545,
        "9,26": 28.04056742483719,
        "9,27": 16.70965108029528,
        "9,28": 30.384504125825984,
        "9,29": 37.686067051808664,
        "9,30": 29.865365651493928,
        "9,31": 66.77909879375153,
        "9,32": 2.4533356622800926,
        "9,33": 67.8115159889658,
        "9,34": 93.38054095048727,
        "9,35": 40.73218840444078,
        "9,36": 37.304896191065616,
        "9,37": 58.93138604087188,
        "9,38": 59.40267388681256,
        "9,39": 61.5097751779456,
        "9,40": 34.97230117505493,
        "10,0": 88.95921010869166,
        "10,1": 83.05780020359846,
        "10,2": 85.96645429558434,
        "10,3": 24.56019967765718,
        "10,4": 23.582819246198245,
        "10,5": 78.61482043114844,
        "10,6": 27.381919123232468,
        "10,7": 46.216490142197905,
        "10,8": 2.657186709766742,
        "10,9": 52.08645766872308,
        "10,10": 0.0,
        "10,11": 104.9081858764004,
        "10,12": 49.447139159778295,
        "10,13": 73.32898123368882,
        "10,14": 85.61285612480839,
        "10,15": 114.64466101647184,
        "10,16": 10.285197568849918,
        "10,17": 65.15467628574012,
        "10,18": 40.993334740370635,
        "10,19": 44.58226102873768,
        "10,20": 78.40031709532457,
        "10,21": 75.88329430417001,
        "10,22": 38.63736981684527,
        "10,23": 82.09061063854304,
        "10,24": 74.72299514789522,
        "10,25": 88.17954259423857,
        "10,26": 73.6140088983161,
        "10,27": 45.33906058317814,
        "10,28": 56.29176906137387,
        "10,29": 32.50159016629998,
        "10,30": 24.877002886728096,
        "10,31": 81.03954775265744,
        "10,32": 52.455058501326185,
        "10,33": 98.83566594193829,
        "10,34": 88.15854253926067,
        "10,35": 41.32466609843034,
        "10,36": 81.83398707507509,
        "10,37": 70.31811532434895,
        "10,38": 65.56009986566622,
        "10,39": 10.469996840901775,
        "10,40": 84.92230608439277,
        "11,0": 78.4871349011246,
        "11,1": 67.85624954786103,
        "11,2": 23.347486303632017,
        "11,3": 89.98559641982243,
        "11,4": 85.34223686651049,
        "11,5": 61.246566594124424,
        "11,6": 84.408817509963,
        "11,7": 60.22202384617618,
        "11,8": 105.96713134020781,
        "11,9": 69.69790246636995,
        "11,10": 104.9081858764004,
        "11,11": 0.0,
        "11,12": 71.69463978497673,
        "11,13": 51.38851561653239,
        "11,14": 21.948275426114662,
        "11,15": 9.813722310039086,
        "11,16": 114.56482599856685,
        "11,17": 41.71467291425955,
        "11,18": 66.75306477142102,
        "11,19": 67.23722526136994,
        "11,20": 29.543363297103717,
        "11,21": 73.46224595832723,
        "11,22": 81.78803280350932,
        "11,23": 75.43144078030772,
        "11,24": 49.7981034583951,
        "11,25": 71.77337786311298,
        "11,26": 83.81100893133028,
        "11,27": 63.246868897709156,
        "11,28": 48.850211350727264,
        "11,29": 73.15303409122473,
        "11,30": 93.11087905039173,
        "11,31": 39.11805525274836,
        "11,32": 67.412073473575,
        "11,33": 9.634841535802499,
        "11,34": 72.59769107647396,
        "11,35": 65.6537109521221,
        "11,36": 34.57117530885359,
        "11,37": 45.040296480758165,
        "11,38": 51.872638983462544,
        "11,39": 115.2949303473214,
        "11,40": 76.7256826735663,
        "12,0": 96.87684761255703,
        "12,1": 86.59916231244998,
        "12,2": 48.640618035805346,
        "12,3": 25.657359246980338,
        "12,4": 45.683659903771634,
        "12,5": 79.07539966365424,
        "12,6": 49.05020584132353,
        "12,7": 38.9367367875237,
        "12,8": 51.75630204276033,
        "12,9": 2.768880064583777,
        "12,10": 49.447139159778295,
        "12,11": 71.69463978497673,
        "12,12": 0.0,
        "12,13": 26.10603692484309,
        "12,14": 49.75193424508312,
        "12,15": 80.19356188072018,
        "12,16": 55.606262719074536,
        "12,17": 46.65863312815261,
        "12,18": 17.696213629280127,
        "12,19": 48.50041101555241,
        "12,20": 42.18211686828829,
        "12,21": 27.677404093847553,
        "12,22": 12.21267449315399,
        "12,23": 90.02019021668583,
        "12,24": 27.797592825466356,
        "12,25": 39.300342033172136,
        "12,26": 29.274432762302023,
        "12,27": 16.194873369121638,
        "12,28": 30.921759186721562,
        "12,29": 36.1908242618291,
        "12,30": 27.09680422812022,
        "12,31": 67.41580366085232,
        "12,32": 4.393921137395916,
        "12,33": 69.53124194906995,
        "12,34": 93.18115128649282,
        "12,35": 39.78860237402305,
        "12,36": 39.70315614696664,
        "12,37": 59.259230417358715,
        "12,38": 59.41043971029898,
        "12,39": 58.809692551684435,
        "12,40": 37.04286579522687,
        "13,0": 98.01687055608299,
        "13,1": 86.67277833939245,
        "13,2": 28.460359481162925,
        "13,3": 51.01507856140977,
        "13,4": 63.58732022607851,
        "13,5": 78.59973478477986,
        "13,6": 65.61140593196022,
        "13,7": 46.48104736906641,
        "13,8": 75.37064754115379,
        "13,9": 23.39673944930168,
        "13,10": 73.32898123368882,
        "13,11": 51.38851561653239,
        "13,12": 26.10603692484309,
        "13,13": 0.0,
        "13,14": 30.629734609186666,
        "13,15": 58.4745360766863,
        "13,16": 80.59813046515984,
        "13,17": 42.92276941952392,
        "13,18": 33.674987684082836,
        "13,19": 57.63140864583091,
        "13,20": 24.86811307386485,
        "13,21": 23.116754826024007,
        "13,22": 38.2857069059834,
        "13,23": 91.96282207095882,
        "13,24": 1.7950079338324114,
        "13,25": 26.658353867222107,
        "13,26": 32.787650378427934,
        "13,27": 29.415306544976104,
        "13,28": 30.917212371931043,
        "13,29": 51.2348610342305,
        "13,30": 52.902884924122546,
        "13,31": 60.82484834740466,
        "13,32": 22.006669014892626,
        "13,33": 52.08122832361849,
        "13,34": 93.21268730383908,
        "13,35": 50.10531022387889,
        "13,36": 16.825713435836477,
        "13,37": 56.26484753423836,
        "13,38": 59.38038021961393,
        "13,39": 83.29080522062834,
        "13,40": 29.113953296739517,
        "14,0": 78.22692766419004,
        "14,1": 66.7336384495151,
        "14,2": 2.889209604792024,
        "14,3": 68.8866052022693,
        "14,4": 68.10922379360159,
        "14,5": 58.935911467871776,
        "14,6": 68.03848307204487,
        "14,7": 43.77260995742464,
        "14,8": 86.93810885884207,
        "14,9": 47.75074934642568,
        "14,10": 85.61285612480839,
        "14,11": 21.948275426114662,
        "14,12": 49.75193424508312,
        "14,13": 30.629734609186666,
        "14,14": 0.0,
        "14,15": 30.64965305944481,
        "14,16": 94.86182967645676,
        "14,17": 28.346186807470044,
        "14,18": 45.93219353515489,
        "14,19": 52.93053582069008,
        "14,20": 7.717672719783445,
        "14,21": 53.527191632191894,
        "14,22": 60.01617563677168,
        "14,23": 73.46606160642783,
        "14,24": 29.22533889519158,
        "14,25": 54.080396929837,
        "14,26": 63.41639113431859,
        "14,27": 42.132295531803045,
        "14,28": 29.512166687645347,
        "14,29": 55.24379441336397,
        "14,30": 71.8657759634555,
        "14,31": 37.29889604904056,
        "14,32": 45.46414656363742,
        "14,33": 21.452892301749202,
        "14,34": 72.6792346606676,
        "14,35": 49.13014714363389,
        "14,36": 14.570341010179202,
        "14,37": 37.70366937720826,
        "14,38": 43.483469009047774,
        "14,39": 96.08061737138993,
        "14,40": 58.16446748020612,
        "15,0": 85.33122518865203,
        "15,1": 75.14383982576135,
        "15,2": 31.553250017613387,
        "15,3": 99.31381328204661,
        "15,4": 95.15567965927531,
        "15,5": 68.99300633784979,
        "15,6": 94.20568286425387,
        "15,7": 70.03449142386357,
        "15,8": 115.72835048625322,
        "15,9": 78.07283584098626,
        "15,10": 114.64466101647184,
        "15,11": 9.813722310039086,
        "15,12": 80.19356188072018,
        "15,13": 58.4745360766863,
        "15,14": 30.64965305944481,
        "15,15": 0.0,
        "15,16": 124.25782644034895,
        "15,17": 51.48111369145448,
        "15,18": 76.15623076041892,
        "15,19": 76.95009628655396,
        "15,20": 38.36413474369215,
        "15,21": 79.64700801989453,
        "15,22": 90.65845072140644,
        "15,23": 82.82667413438728,
        "15,24": 56.79169629912375,
        "15,25": 76.62787339482277,
        "15,26": 90.22237898789496,
        "15,27": 72.53982182214666,
        "15,28": 58.49607706429545,
        "15,29": 82.9549681225697,
        "15,30": 102.37467518181963,
        "15,31": 47.424140312529616,
        "15,32": 75.85458429384357,
        "15,33": 18.19705838590594,
        "15,34": 79.43657864037684,
        "15,35": 75.4648701623535,
        "15,36": 41.76215849066642,
        "15,37": 54.175668069813476,
        "15,38": 61.040189633059356,
        "15,39": 125.04435601314648,
        "15,40": 81.99657277115641,
        "16,0": 98.32145679734514,
        "16,1": 92.83388231850438,
        "16,2": 95.06741413870749,
        "16,3": 29.95378087198883,
        "16,4": 33.77831780279984,
        "16,5": 88.6145168361026,
        "16,6": 37.404212254891824,
        "16,7": 56.374687600759145,
        "16,8": 10.544404892010009,
        "16,9": 58.34218670417654,
        "16,10": 10.285197568849918,
        "16,11": 114.56482599856685,
        "16,12": 55.606262719074536,
        "16,13": 80.59813046515984,
        "16,14": 94.86182967645676,
        "16,15": 124.25782644034895,
        "16,16": 0.0,
        "16,17": 75.23530785629708,
        "16,18": 49.507882379890084,
        "16,19": 54.847142744989746,
        "16,20": 87.51239089035796,
        "16,21": 80.68966243137281,
        "16,22": 43.93944933198841,
        "16,23": 91.54897893334181,
        "16,24": 82.09129635214704,
        "16,25": 93.20459798184312,
        "16,26": 77.15311725753799,
        "16,27": 53.74186495899838,
        "16,28": 65.7803802415613,
        "16,29": 42.647185221039685,
        "16,30": 29.038721369108984,
        "16,31": 91.32058598058403,
        "16,32": 59.05748162936607,
        "16,33": 108.71922134842471,
        "16,34": 97.76991768262396,
        "16,35": 51.55173352236211,
        "16,36": 90.2555949559357,
        "16,37": 80.59915246201817,
        "16,38": 75.83725782446943,
        "16,39": 5.140445510775705,
        "16,40": 89.39815663319952,
        "17,0": 55.1127768874027,
        "17,1": 43.75008874644713,
        "17,2": 30.38471159360284,
        "17,3": 55.22688767631934,
        "17,4": 44.04274613803543,
        "17,5": 35.67932268728919,
        "17,6": 42.785880052603915,
        "17,7": 19.07134500551228,
        "17,8": 65.85038585855789,
        "17,9": 46.09618926998258,
        "17,10": 65.15467628574012,
        "17,11": 41.71467291425955,
        "17,12": 46.65863312815261,
        "17,13": 42.92276941952392,
        "17,14": 28.346186807470044,
        "17,15": 51.48111369145448,
        "17,16": 75.23530785629708,
        "17,17": 0.0,
        "17,18": 33.32235019679168,
        "17,19": 25.630829417604936,
        "17,20": 24.953921775772898,
        "17,21": 63.88701044605684,
        "17,22": 52.03394717948721,
        "17,23": 49.19382960127387,
        "17,24": 42.60766238213831,
        "17,25": 69.5639202539317,
        "17,26": 71.09412902809106,
        "17,27": 31.830518447460896,
        "17,28": 15.738363751386027,
        "17,29": 32.67451126366248,
        "17,30": 58.801195903462734,
        "17,31": 20.782699864235674,
        "17,32": 43.72418243816864,
        "17,33": 34.28044259969025,
        "17,34": 50.297363596123205,
        "17,35": 24.34499326042508,
        "17,36": 35.4529210366405,
        "17,37": 13.492670485125752,
        "17,38": 16.78197806722651,
        "17,39": 75.2590040190962,
        "17,40": 71.45646459776395,
        "18,0": 79.81061488522842,
        "18,1": 69.88809196127562,
        "18,2": 45.85457888947816,
        "18,3": 23.29368631438698,
        "18,4": 30.31370588855006,
        "18,5": 62.638453375591894,
        "18,6": 32.9360674905097,
        "18,7": 21.701077530415645,
        "18,8": 42.73987619842426,
        "18,9": 18.821193477151933,
        "18,10": 40.993334740370635,
        "18,11": 66.75306477142102,
        "18,12": 17.696213629280127,
        "18,13": 33.674987684082836,
        "18,14": 45.93219353515489,
        "18,15": 76.15623076041892,
        "18,16": 49.507882379890084,
        "18,17": 33.32235019679168,
        "18,18": 0.0,
        "18,19": 30.82384639500728,
        "18,20": 38.36931818682961,
        "18,21": 43.85267086612488,
        "18,22": 18.957153219765473,
        "18,23": 72.85871466123234,
        "18,24": 34.820897971580365,
        "18,25": 54.218813332636934,
        "18,26": 46.83528830068824,
        "18,27": 4.391486429488863,
        "18,28": 18.929475618149777,
        "18,29": 19.1115975558797,
        "18,30": 26.572037853561934,
        "18,31": 53.74763437929626,
        "18,32": 17.430270904734346,
        "18,33": 62.360639015204505,
        "18,34": 76.39592251703854,
        "18,35": 22.109452401947827,
        "18,36": 40.8511379554575,
        "18,37": 44.43130055831637,
        "18,38": 43.422079842479064,
        "18,39": 51.353474179121505,
        "18,40": 53.120563595445375,
        "19,0": 50.36419257880177,
        "19,1": 41.69818827410704,
        "19,2": 54.52094792814067,
        "19,3": 43.799757164071146,
        "19,4": 21.194896814189928,
        "19,5": 35.68024391719892,
        "19,6": 18.506464295547307,
        "19,7": 11.151183924574793,
        "19,8": 44.556950433786504,
        "19,9": 49.416495283666826,
        "19,10": 44.58226102873768,
        "19,11": 67.23722526136994,
        "19,12": 48.50041101555241,
        "19,13": 57.63140864583091,
        "19,14": 52.93053582069008,
        "19,15": 76.95009628655396,
        "19,16": 54.847142744989746,
        "19,17": 25.630829417604936,
        "19,18": 30.82384639500728,
        "19,19": 0.0,
        "19,20": 47.88553654035582,
        "19,21": 73.33680658717618,
        "19,22": 47.56827135202629,
        "19,23": 43.25188314951848,
        "19,24": 58.06371896264204,
        "19,25": 82.28141335882611,
        "19,26": 77.43063399344842,
        "19,27": 32.8195975342891,
        "19,28": 27.404801486996636,
        "19,29": 15.57335912866194,
        "19,30": 47.37057683960697,
        "19,31": 36.94833615253388,
        "19,32": 47.72213846981261,
        "19,33": 59.34121160364044,
        "19,34": 47.79535367147512,
        "19,35": 8.71439555614413,
        "19,36": 56.40383123291202,
        "19,37": 26.339614826755952,
        "19,38": 21.029332948609998,
        "19,39": 53.69516020344151,
        "19,40": 82.2783098491703,
        "20,0": 78.0012828107256,
        "20,1": 66.45291517966712,
        "20,2": 7.566141268170899,
        "20,3": 61.224039164201166,
        "20,4": 61.68306957470043,
        "20,5": 58.4508053922473,
        "20,6": 61.93669052682542,
        "20,7": 38.02367228301796,
        "20,8": 79.80410427446519,
        "20,9": 40.2535210257812,
        "20,10": 78.40031709532457,
        "20,11": 29.543363297103717,
        "20,12": 42.18211686828829,
        "20,13": 24.86811307386485,
        "20,14": 7.717672719783445,
        "20,15": 38.36413474369215,
        "20,16": 87.51239089035796,
        "20,17": 24.953921775772898,
        "20,18": 38.36931818682961,
        "20,19": 47.88553654035582,
        "20,20": 0.0,
        "20,21": 47.984781818043594,
        "20,22": 52.31398611028627,
        "20,23": 72.72426437877368,
        "20,24": 23.707944015739024,
        "20,25": 50.003267418216055,
        "20,26": 57.43907273836323,
        "20,27": 34.49806841906175,
        "20,28": 22.76662790839651,
        "20,29": 48.680059021645896,
        "20,30": 64.17736990141512,
        "20,31": 38.11545319215939,
        "20,32": 37.93225170623729,
        "20,33": 27.973028251458157,
        "20,34": 72.68755020720398,
        "20,35": 43.22769837337589,
        "20,36": 11.321905579993373,
        "20,37": 36.31150491619124,
        "20,38": 41.28701553915238,
        "20,39": 88.8696893728573,
        "20,40": 53.47682243054979,
        "21,0": 118.24745473046542,
        "21,1": 107.19991388699744,
        "21,2": 51.18797578849002,
        "21,3": 51.36051721220557,
        "21,4": 73.2367035031982,
        "21,5": 99.23292783389583,
        "21,6": 76.41305795127649,
        "21,7": 62.6692373661646,
        "21,8": 78.34073997909333,
        "21,9": 25.60300910244224,
        "21,10": 75.88329430417001,
        "21,11": 73.46224595832723,
        "21,12": 27.677404093847553,
        "21,13": 23.116754826024007,
        "21,14": 53.527191632191894,
        "21,15": 79.64700801989453,
        "21,16": 80.68966243137281,
        "21,17": 63.88701044605684,
        "21,18": 43.85267086612488,
        "21,19": 73.33680658717618,
        "21,20": 47.984781818043594,
        "21,21": 0.0,
        "21,22": 37.24648724996837,
        "21,23": 111.81484127675505,
        "21,24": 24.356168283552766,
        "21,25": 12.589649948370065,
        "21,26": 10.757292243046125,
        "21,27": 40.834837494197345,
        "21,28": 49.67818389284397,
        "21,29": 62.95323618277108,
        "21,30": 51.69121767579553,
        "21,31": 83.03080051938565,
        "21,32": 26.50553119724172,
        "21,33": 74.94913116758276,
        "21,34": 113.82017941880466,
        "21,35": 64.8761401483689,
        "21,36": 39.21083418251217,
        "21,37": 77.37844388098145,
        "21,38": 79.51440557651388,
        "21,39": 84.49405232402597,
        "21,40": 9.371722356312258,
        "22,0": 97.66610567708805,
        "22,1": 88.17072181177903,
        "22,2": 59.22503831244184,
        "22,3": 14.158482594034297,
        "22,4": 39.47447389043015,
        "22,5": 81.15207153325491,
        "22,6": 43.52060505867656,
        "22,7": 39.973941219890875,
        "22,8": 41.09724887765126,
        "22,9": 14.968518007803846,
        "22,10": 38.63736981684527,
        "22,11": 81.78803280350932,
        "22,12": 12.21267449315399,
        "22,13": 38.2857069059834,
        "22,14": 60.01617563677168,
        "22,15": 90.65845072140644,
        "22,16": 43.93944933198841,
        "22,17": 52.03394717948721,
        "22,18": 18.957153219765473,
        "22,19": 47.56827135202629,
        "22,20": 52.31398611028627,
        "22,21": 37.24648724996837,
        "22,22": 0.0,
        "22,23": 90.61172973117017,
        "22,24": 39.95766212277298,
        "22,25": 49.57158742476607,
        "22,26": 35.81512070682025,
        "22,27": 20.32192394047298,
        "22,28": 36.90650850844598,
        "22,29": 33.00845838136394,
        "22,30": 15.052335502784057,
        "22,31": 72.61849774511262,
        "22,32": 16.315615513978088,
        "22,33": 78.70287757655242,
        "22,34": 94.58426316499265,
        "22,35": 39.13899310894995,
        "22,36": 51.180066787385265,
        "22,37": 63.388416773518905,
        "22,38": 62.2259323917637,
        "22,39": 47.45133026005775,
        "22,40": 46.32737907716512,
        "23,0": 7.1340543373075915,
        "23,1": 7.736502956135969,
        "23,2": 76.14607400290305,
        "23,3": 86.75755738991094,
        "23,4": 59.68864438326373,
