{
    "num_robots": 3,
    "num_tasks": 60,
    "num_nodes": 61,
    "robot_capacity": [
        277,
        285,
        273
    ],
    "robot_speed": [
        1.14,
        0.82,
        0.93
    ],
    "task_demand": {
        "0": 0,
        "1": 5,
        "2": 9,
        "3": 15,
        "4": 5,
        "5": 11,
        "6": 7,
        "7": 12,
        "8": 13,
        "9": 8,
        "10": 5,
        "11": 15,
        "12": 7,
        "13": 7,
        "14": 7,
        "15": 14,
        "16": 9,
        "17": 9,
        "18": 15,
        "19": 11,
        "20": 8,
        "21": 13,
        "22": 10,
        "23": 14,
        "24": 14,
        "25": 10,
        "26": 8,
        "27": 15,
        "28": 12,
        "29": 6,
        "30": 14,
        "31": 15,
        "32": 5,
        "33": 11,
        "34": 5,
        "35": 7,
        "36": 10,
        "37": 9,
        "38": 13,
        "39": 12,
        "40": 9,
        "41": 10,
        "42": 5,
        "43": 11,
        "44": 11,
        "45": 14,
        "46": 7,
        "47": 7,
        "48": 11,
        "49": 13,
        "50": 11,
        "51": 9,
        "52": 9,
        "53": 9,
        "54": 6,
        "55": 9,
        "56": 11,
        "57": 14,
        "58": 12,
        "59": 10,
        "60": 14
    },
    "task_service_time": {
        "0": 0,
        "1": 53,
        "2": 38,
        "3": 15,
        "4": 69,
        "5": 58,
        "6": 17,
        "7": 96,
        "8": 41,
        "9": 73,
        "10": 18,
        "11": 13,
        "12": 23,
        "13": 41,
        "14": 84,
        "15": 100,
        "16": 15,
        "17": 12,
        "18": 87,
        "19": 18,
        "20": 83,
        "21": 84,
        "22": 22,
        "23": 51,
        "24": 44,
        "25": 16,
        "26": 97,
        "27": 42,
        "28": 57,
        "29": 71,
        "30": 73,
        "31": 30,
        "32": 60,
        "33": 26,
        "34": 72,
        "35": 99,
        "36": 55,
        "37": 69,
        "38": 80,
        "39": 39,
        "40": 79,
        "41": 24,
        "42": 43,
        "43": 38,
        "44": 70,
        "45": 41,
        "46": 69,
        "47": 64,
        "48": 44,
        "49": 45,
        "50": 62,
        "51": 91,
        "52": 74,
        "53": 10,
        "54": 99,
        "55": 35,
        "56": 32,
        "57": 95,
        "58": 32,
        "59": 64,
        "60": 94
    },
    "task_precedence": [],
    "coordinates": {
        "0": [
            0,
            100
        ],
        "1": [
            19.579841454319748,
            26.501513056602555
        ],
        "2": [
            55.65641156647636,
            43.796403091551596
        ],
        "3": [
            71.15380018915965,
            60.04117421903412
        ],
        "4": [
            60.74154562527638,
            90.33016570857939
        ],
        "5": [
            42.36113031536919,
            47.49372316845999
        ],
        "6": [
            43.30809068624056,
            96.58426157207013
        ],
        "7": [
            78.19418837862537,
            43.13238112421922
        ],
        "8": [
            22.14725443851223,
            99.71627282339726
        ],
        "9": [
            70.33699458499403,
            33.29820005782913
        ],
        "10": [
            52.63651145448822,
            8.1523170439334
        ],
        "11": [
            54.6896571518741,
            24.195951814458372
        ],
        "12": [
            90.91137751395563,
            49.54780769550463
        ],
        "13": [
            30.999117148486977,
            1.3700999714453599
        ],
        "14": [
            83.36129017751021,
            49.351587619678796
        ],
        "15": [
            90.06038891275803,
            28.93182369037134
        ],
        "16": [
            13.709196700895799,
            81.66849897091292
        ],
        "17": [
            22.10836075963848,
            69.86090258244842
        ],
        "18": [
            5.683553122453578,
            23.760036281337847
        ],
        "19": [
            63.488835576084604,
            40.19345991166553
        ],
        "20": [
            92.43582836999938,
            29.619883536730452
        ],
        "21": [
            14.221064207320644,
            32.08342946362358
        ],
        "22": [
            4.612077614924659,
            9.883547013513583
        ],
        "23": [
            38.276120513595934,
            56.0633543838908
        ],
        "24": [
            8.170946695175063,
            67.42565593814838
        ],
        "25": [
            24.78801850664847,
            33.50839698182484
        ],
        "26": [
            34.79158262222186,
            65.14809692906702
        ],
        "27": [
            71.98265190557198,
            93.64880807920751
        ],
        "28": [
            18.166025500973614,
            51.156759133168336
        ],
        "29": [
            47.3058281747709,
            49.33751834912714
        ],
        "30": [
            68.92700625270598,
            16.08663225515872
        ],
        "31": [
            24.564454129742362,
            92.39330146752211
        ],
        "32": [
            64.939496261737,
            96.49966083160587
        ],
        "33": [
            28.360383977508484,
            17.13558984540653
        ],
        "34": [
            65.40822848163972,
            19.255955197437235
        ],
        "35": [
            60.11501576086903,
            97.43016412720353
        ],
        "36": [
            67.20980007734381,
            43.603257747088996
        ],
        "37": [
            99.02165586876222,
            69.36219126491233
        ],
        "38": [
            95.42110457836847,
            68.52192082725205
        ],
        "39": [
            27.7034285121883,
            95.52458378887684
        ],
        "40": [
            85.52929628438463,
            42.39357912145035
        ],
        "41": [
            27.307118599081225,
            28.463856213991935
        ],
        "42": [
            7.037858769371574,
            58.97565994524465
        ],
        "43": [
            30.077088782574535,
            52.925919101603355
        ],
        "44": [
            71.57543304706402,
            8.612230305690238
        ],
        "45": [
            25.072378709848497,
            23.36888385293673
        ],
        "46": [
            80.16712043823074,
            1.782808004102232
        ],
        "47": [
            35.96881515002258,
            80.17026486371095
        ],
        "48": [
            51.60535788306525,
            20.243601212470065
        ],
        "49": [
            51.84403855316927,
            15.322962122799066
        ],
        "50": [
            14.93647401733622,
            41.378745611621156
        ],
        "51": [
            64.32815058720675,
            91.11434873377017
        ],
        "52": [
            67.3922156760399,
            45.4424764849153
        ],
        "53": [
            15.348621006761153,
            53.93268971956346
        ],
        "54": [
            33.74945092742052,
            52.05547000361176
        ],
        "55": [
            46.305960816862225,
            17.127634491414923
        ],
        "56": [
            84.37025553231649,
            40.28484322275002
        ],
        "57": [
            71.72803579198417,
            50.43799822467698
        ],
        "58": [
            73.59000638553638,
            24.257775864739074
        ],
        "59": [
            91.43391234552179,
            21.384873281963834
        ],
        "60": [
            27.640004844106926,
            3.609263106222116
        ]
    },
    "distance_matrix_str_keys": {
        "0,0": 0.0,
        "0,1": 76.06180233431931,
        "0,2": 79.09791687462037,
        "0,3": 81.60619485769718,
        "0,4": 61.506431047257706,
        "0,5": 67.46387528378433,
        "0,6": 43.44258265683192,
        "0,7": 96.68638566413064,
        "0,8": 22.149071770052636,
        "0,9": 96.93514802575413,
        "0,10": 105.86122615243316,
        "0,11": 93.47305665647964,
        "0,12": 103.9726034579049,
        "0,13": 103.3866647282342,
        "0,14": 97.54161356419185,
        "0,15": 114.72383943668244,
        "0,16": 22.890740576994727,
        "0,17": 37.37840029513017,
        "0,18": 76.45151956579198,
        "0,19": 87.2218692768314,
        "0,20": 116.1797880865315,
        "0,21": 69.38947485470206,
        "0,22": 90.23439676083454,
        "0,23": 58.27083515419088,
        "0,24": 33.58351174245005,
        "0,25": 70.96181461471055,
        "0,26": 49.245399470657134,
        "0,27": 72.26229870529643,
        "0,28": 52.11205868968677,
        "0,29": 69.31470570034888,
        "0,30": 108.59275057406704,
        "0,31": 25.715253630019244,
        "0,32": 65.03376468436953,
        "0,33": 87.58322812970765,
        "0,34": 103.9126417919622,
        "0,35": 60.16991919840547,
        "0,36": 87.7368210227485,
        "0,37": 103.6530928389471,
        "0,38": 100.47913548275443,
        "0,39": 28.06259613066317,
        "0,40": 103.12012533612753,
        "0,41": 76.5708730128938,
        "0,42": 41.62364632016067,
        "0,43": 55.86233401911939,
        "0,44": 116.08086433850735,
        "0,45": 80.6284821642747,
        "0,46": 126.78085030049623,
        "0,47": 41.072789762467686,
        "0,48": 94.99576890469781,
        "0,49": 99.28748701200682,
        "0,50": 60.494212302811135,
        "0,51": 64.93893867623184,
        "0,52": 86.70775112886332,
        "0,53": 48.556948455223214,
        "0,54": 58.63193152606298,
        "0,55": 94.93192809672256,
        "0,56": 103.36459726385976,
        "0,57": 87.18545256264535,
        "0,58": 105.60479892873897,
        "0,59": 120.58398930082487,
        "0,60": 100.27534107001465,
        "1,0": 76.06180233431931,
        "1,1": 0.0,
        "1,2": 40.00790087443143,
        "1,3": 61.52058265713752,
        "1,4": 75.94987024099552,
        "1,5": 30.97837967923669,
        "1,6": 73.99068489407586,
        "1,7": 60.92805132322326,
        "1,8": 73.25976151435972,
        "1,9": 51.21018988564054,
        "1,10": 37.807888407201375,
        "1,11": 35.18543407374011,
        "1,12": 74.96212198977707,
        "1,13": 27.604126159619845,
        "1,14": 67.75100817528192,
        "1,15": 70.5224360031457,
        "1,16": 55.478471542487746,
        "1,17": 43.43305273557687,
        "1,18": 14.16412808158962,
        "1,19": 45.99422978447459,
        "1,20": 72.92269237973194,
        "1,21": 7.737847527441066,
        "1,22": 22.364944662600024,
        "1,23": 34.97789749716378,
        "1,24": 42.484683713244436,
        "1,25": 8.730494290127101,
        "1,26": 41.53258376709398,
        "1,27": 85.17519458177141,
        "1,28": 24.695749323435166,
        "1,29": 35.91954171955489,
        "1,30": 50.4342385264948,
        "1,31": 66.08005859193361,
        "1,32": 83.4100651970687,
        "1,33": 12.83816359918918,
        "1,34": 46.39762026458192,
        "1,35": 81.69439331286694,
        "1,36": 50.60714010779078,
        "1,37": 90.26649219912669,
        "1,38": 86.70416288427478,
        "1,39": 69.49947453038266,
        "1,40": 67.83721954939085,
        "1,41": 7.972553087895119,
        "1,42": 34.81194544713988,
        "1,43": 28.433104584297986,
        "1,44": 54.98698011731094,
        "1,45": 6.32307925231301,
        "1,46": 65.43571466826634,
        "1,47": 56.11535778493656,
        "1,48": 32.63119922982884,
        "1,49": 34.14584038229325,
        "1,50": 15.585021965045295,
        "1,51": 78.5953542170088,
        "1,52": 51.42745593854017,
        "1,53": 27.755588258770686,
        "1,54": 29.219557633027012,
        "1,55": 28.32234198536117,
        "1,56": 66.24030454992874,
        "1,57": 57.379347285240726,
        "1,58": 54.05675048024413,
        "1,59": 72.03601534108687,
        "1,60": 24.269761878946376,
        "2,0": 79.09791687462037,
        "2,1": 40.00790087443143,
        "2,2": 0.0,
        "2,3": 22.451317179772847,
        "2,4": 46.81078563423029,
        "2,5": 13.79980721956476,
        "2,6": 54.21290465858217,
        "2,7": 22.5475566039281,
        "2,8": 65.191222125783,
        "2,9": 18.048041021142687,
        "2,10": 35.77178590532483,
        "2,11": 19.62427844186528,
        "2,12": 35.721020126478685,
        "2,13": 49.071105188843525,
        "2,14": 28.256333343051875,
        "2,15": 37.477851833015386,
        "2,16": 56.51428563889594,
        "2,17": 42.48328902814772,
        "2,18": 53.839971916966796,
        "2,19": 8.621372595113568,
        "2,20": 39.4169913501208,
        "2,21": 43.05904971062912,
        "2,22": 61.28299793521245,
        "2,23": 21.273283975245988,
        "2,24": 53.03971119955303,
        "2,25": 32.53768215177298,
        "2,26": 29.853574603454017,
        "2,27": 52.457682055759705,
        "2,28": 38.20607135521534,
        "2,29": 10.021786331765583,
        "2,30": 30.72360791202093,
        "2,31": 57.69201287017193,
        "2,32": 53.5145684638676,
        "2,33": 38.15589187902073,
        "2,34": 26.407035350273766,
        "2,35": 53.818765074940835,
        "2,36": 11.555002864869039,
        "2,37": 50.340380792382646,
        "2,38": 46.8250150841242,
        "2,39": 58.797737540558884,
        "2,40": 29.905804728522657,
        "2,41": 32.229945788098426,
        "2,42": 50.93302970288782,
        "2,43": 27.15970943623717,
        "2,44": 38.61788781801457,
        "2,45": 36.7786161786883,
        "2,46": 48.64069306216811,
        "2,47": 41.36011693500539,
        "2,48": 23.898650846881402,
        "2,49": 28.727530847492396,
        "2,50": 40.791645979246006,
        "2,51": 48.10599793626165,
        "2,52": 11.85068165610689,
        "2,53": 41.562751189148656,
        "2,54": 23.41211461399907,
        "2,55": 28.260469703608877,
        "2,56": 28.927770187257636,
        "2,57": 17.389878986303625,
        "2,58": 26.52115715881485,
        "2,59": 42.21736882375117,
        "2,60": 48.98903209733475,
        "3,0": 81.60619485769718,
        "3,1": 61.52058265713752,
        "3,2": 22.451317179772847,
        "3,3": 0.0,
        "3,4": 32.02870666381728,
        "3,5": 31.40790292788799,
        "3,6": 45.943234224557806,
        "3,7": 18.3159588823962,
        "3,8": 63.05358812689597,
        "3,9": 26.755445023057906,
        "3,10": 55.09395140141239,
        "3,11": 39.44550640042155,
        "3,12": 22.371244997595046,
        "3,13": 71.09636786406854,
        "3,14": 16.226215624131093,
        "3,15": 36.40399411436207,
        "3,16": 61.38097136610893,
        "3,17": 50.018818398339576,
        "3,18": 74.85101349367075,
        "3,19": 21.276358846067073,
        "3,20": 37.12653566207427,
        "3,21": 63.42690216451117,
        "3,22": 83.32819696857977,
        "3,23": 33.11744059389003,
        "3,24": 63.41427603075399,
        "3,25": 53.42072611776876,
        "3,26": 36.719089394367735,
        "3,27": 33.61785312668364,
        "3,28": 53.727433382062166,
        "3,29": 26.139893232001985,
        "3,30": 44.01091194794207,
        "3,31": 56.7206073993086,
        "3,32": 36.984305041212465,
        "3,33": 60.59839636084511,
        "3,34": 41.18793130136402,
        "3,35": 38.98450112554303,
        "3,36": 16.90444423282375,
        "3,37": 29.385349052694767,
        "3,38": 25.70651912164137,
        "3,39": 56.098192070405986,
        "3,40": 22.76164538674854,
        "3,41": 54.033864370904325,
        "3,42": 64.12479446215282,
        "3,43": 41.68840456728951,
        "3,44": 51.430672232712794,
        "3,45": 58.89273542848285,
        "3,46": 58.951481541564604,
        "3,47": 40.53595271343596,
        "3,48": 44.33946790171818,
        "3,49": 48.709192022888544,
        "3,50": 59.234061176285806,
        "3,51": 31.814016830822887,
        "3,52": 15.075526311923854,
        "3,53": 56.13850377824365,
        "3,54": 38.24731121935736,
        "3,55": 49.58817412877233,
        "3,56": 23.769461631942672,
        "3,57": 9.620329293020506,
        "3,58": 35.866233401535624,
        "3,59": 43.65309326052357,
        "3,60": 71.26016402714386,
        "4,0": 61.506431047257706,
        "4,1": 75.94987024099552,
        "4,2": 46.81078563423029,
        "4,3": 32.02870666381728,
        "4,4": 0.0,
        "4,5": 46.61330793301009,
        "4,6": 18.52131383517715,
        "4,7": 50.32122423737017,
        "4,8": 39.71924368589583,
        "4,9": 57.83353479363771,
        "4,10": 82.57657288879881,
        "4,11": 66.41053833156187,
        "4,12": 50.72888212150717,
        "4,13": 93.80034833438596,
        "4,14": 46.80701556173428,
        "4,15": 68.03933402305434,
        "4,16": 47.823282154397155,
        "4,17": 43.7208612196665,
        "4,18": 86.38845218199351,
        "4,19": 50.211919603218796,
        "4,20": 68.48551613361737,
        "4,21": 74.54419812800869,
        "4,22": 98.09268901704351,
        "4,23": 40.974500409527,
        "4,24": 57.34356493708199,
        "4,25": 67.2411296269381,
        "4,26": 36.15988340517693,
        "4,27": 11.720744754026066,
        "4,28": 57.85525642996812,
        "4,29": 43.13833145760537,
        "4,30": 74.6934001457451,
        "4,31": 36.235872809083375,
        "4,32": 7.462269066390442,
        "4,33": 80.03740104131718,
        "4,34": 71.22725130639273,
        "4,35": 7.12758845721746,
        "4,36": 47.17247336422253,
        "4,37": 43.64656678965374,
        "4,38": 40.96671031441175,
        "4,39": 33.44397048155384,
        "4,40": 53.9661830812912,
        "4,41": 70.32283527453974,
        "4,42": 62.18674306940406,
        "4,43": 48.36720560145481,
        "4,44": 82.43296721081155,
        "4,45": 75.86898401976576,
        "4,46": 90.65311640124854,
        "4,47": 26.77520794274298,
        "4,48": 70.67953345437574,
        "4,49": 75.5330803148984,
        "4,50": 67.03988450554948,
        "4,51": 3.6713319340453157,
        "4,52": 45.37770439284442,
        "4,53": 58.18327821456261,
        "4,54": 46.83508842188606,
        "4,55": 74.6123092080714,
        "4,56": 55.34302335960436,
        "4,57": 41.377385039981526,
        "4,58": 67.31005603611064,
        "4,59": 75.46836902094519,
        "4,60": 92.82363357601857,
        "5,0": 67.46387528378433,
        "5,1": 30.97837967923669,
        "5,2": 13.79980721956476,
        "5,3": 31.40790292788799,
        "5,4": 46.61330793301009,
        "5,5": 0.0,
        "5,6": 49.09967102435946,
        "5,7": 36.09749789932193,
        "5,8": 55.998173813325096,
        "5,9": 31.371354099192576,
        "5,10": 40.66115705939885,
        "5,11": 26.35865558069607,
        "5,12": 48.59368031223911,
        "5,13": 47.50246267326138,
        "5,14": 41.04223153095141,
        "5,15": 51.18362416804071,
        "5,16": 44.5965088431383,
        "5,17": 30.17391902976941,
        "5,18": 43.68675499505813,
        "5,19": 22.353383931793527,
        "5,20": 53.16906552162799,
        "5,21": 32.08333637006386,
        "5,22": 53.28711223351325,
        "5,23": 9.493465344597288,
        "5,24": 39.57588406994806,
        "5,25": 22.458931568273286,
        "5,26": 19.208721070337877,
        "5,27": 54.84274249558609,
        "5,28": 24.470817915597646,
        "5,29": 5.277273689039001,
        "5,30": 41.1357645359162,
        "5,31": 48.297969053467114,
        "5,32": 53.95706195719186,
        "5,33": 33.431080701607726,
        "5,34": 36.44914640798916,
        "5,35": 52.998571528278106,
        "5,36": 25.15138386122234,
        "5,37": 60.73421649179529,
        "5,38": 57.074915379414925,
        "5,39": 50.21764425069024,
        "5,40": 43.46840257507412,
        "5,41": 24.26435873990678,
        "5,42": 37.142541443180285,
        "5,43": 13.431546040403665,
        "5,44": 48.63379453977169,
        "5,45": 29.68010788520168,
        "5,46": 59.31931097318155,
        "5,47": 33.29591672164314,
        "5,48": 28.775421629225104,
        "5,49": 33.53928166946262,
        "5,50": 28.098126691754413,
        "5,51": 48.83962483816102,
        "5,52": 25.114992480387816,
        "5,53": 27.769334694836772,
        "5,54": 9.74528378595704,
        "5,55": 30.621251268158105,
        "5,56": 42.623169187248585,
        "5,57": 29.51413039340818,
        "5,58": 38.92495276435357,
        "5,59": 55.58605921069111,
        "5,60": 46.28776695947642,
        "6,0": 43.44258265683192,
        "6,1": 73.99068489407586,
        "6,2": 54.21290465858217,
        "6,3": 45.943234224557806,
        "6,4": 18.52131383517715,
        "6,5": 49.09967102435946,
        "6,6": 0.0,
        "6,7": 63.829016408009636,
        "6,8": 21.391364733967137,
        "6,9": 68.81632966057073,
        "6,10": 88.9225969428296,
        "6,11": 73.27760534280296,
        "6,12": 66.92160271604368,
        "6,13": 96.0064966492529,
        "6,14": 61.92886466083768,
        "6,15": 82.23520986048703,
        "6,16": 33.14475070248317,
        "6,17": 34.111090053662366,
        "6,18": 81.96934558775098,
        "6,19": 59.89311292804923,
        "6,20": 83.05276958406685,
        "6,21": 70.75600647342527,
        "6,22": 94.94416955548009,
        "6,23": 40.83215207616945,
        "6,24": 45.66008289921782,
        "6,25": 65.73855617021309,
        "6,26": 32.569362245314146,
        "6,27": 28.824422775312346,
        "6,28": 51.920915049877934,
        "6,29": 47.41557392041048,
        "6,30": 84.47601529691467,
        "6,31": 19.206458756366537,
        "6,32": 21.631571012224374,
        "6,33": 80.84259629045465,
        "6,34": 80.42439342229895,
        "6,35": 16.828199000396815,
        "6,36": 58.12295999103469,
        "6,37": 62.00840634264787,
        "6,38": 59.18835345741081,
        "6,39": 15.640600965771453,
        "6,40": 68.69687232054065,
        "6,41": 69.97442914295866,
        "6,42": 52.24879558065164,
        "6,43": 45.61918761489925,
        "6,44": 92.40195305986192,
        "6,45": 75.45218834362132,
        "6,46": 101.71481540492354,
        "6,47": 17.980107155925232,
        "6,48": 76.79024070202746,
        "6,49": 81.70839121027305,
        "6,50": 62.069296958050344,
        "6,51": 21.72010277827445,
        "6,52": 56.52899484711372,
        "6,53": 50.99890710836133,
        "6,54": 45.5431759167727,
        "6,55": 79.51316125242653,
        "6,56": 69.68303874199285,
        "6,57": 54.195672343282546,
        "6,58": 78.40991616620963,
        "6,59": 89.280696175529,
        "6,60": 94.28594409391523,
        "7,0": 96.68638566413064,
        "7,1": 60.92805132322326,
        "7,2": 22.5475566039281,
        "7,3": 18.3159588823962,
        "7,4": 50.32122423737017,
        "7,5": 36.09749789932193,
        "7,6": 63.829016408009636,
        "7,7": 0.0,
        "7,8": 79.64292563631571,
        "7,9": 12.587557807502781,
        "7,10": 43.32204672934411,
        "7,11": 30.183627071524974,
        "7,12": 14.24375644257219,
        "7,13": 63.01954359959431,
        "7,14": 8.085633582670287,
        "7,15": 18.505743609708382,
        "7,16": 75.12221063288219,
        "7,17": 62.12917124064775,
        "7,18": 75.05384713634004,
        "7,19": 14.996154805175614,
        "7,20": 19.631910266089584,
        "7,21": 64.92025838700391,
        "7,22": 80.74535277130656,
        "7,23": 41.96024560842604,
        "7,24": 74.11759289833945,
        "7,25": 54.26638048707055,
        "7,26": 48.66701068327103,
        "7,27": 50.89688180679382,
        "7,28": 60.56212497011968,
        "7,29": 31.505468161304925,
        "7,30": 28.58938957801036,
        "7,31": 72.82023529675696,
        "7,32": 54.988666163855484,
        "7,33": 56.20712782097061,
        "7,34": 27.084395609362087,
        "7,35": 57.22853939759254,
        "7,36": 10.994476392593524,
        "7,37": 33.49307901745545,
        "7,38": 30.682166939198595,
        "7,39": 72.76166388933646,
        "7,40": 7.372220587341868,
        "7,41": 52.95903599755337,
        "7,42": 72.89878412745661,
        "7,43": 49.10365220277144,
        "7,44": 35.14895069092474,
        "7,45": 56.6791186141576,
        "7,46": 41.39661409013689,
        "7,47": 56.1674903854081,
        "7,48": 35.08364509240908,
        "7,49": 38.31049700826828,
        "7,50": 63.28201690627039,
        "7,51": 49.94533231160892,
        "7,52": 11.046228082151448,
        "7,53": 63.766856626669245,
        "7,54": 45.331624747587306,
        "7,55": 41.14736813536362,
        "7,56": 6.800902703847922,
        "7,57": 9.756186267811184,
        "7,58": 19.42805228340403,
        "7,59": 25.46064390522304,
        "7,60": 64.17010464933264,
        "8,0": 22.149071770052636,
        "8,1": 73.25976151435972,
        "8,2": 65.191222125783,
        "8,3": 63.05358812689597,
        "8,4": 39.71924368589583,
        "8,5": 55.998173813325096,
        "8,6": 21.391364733967137,
        "8,7": 79.64292563631571,
        "8,8": 0.0,
        "8,9": 82.0585854452643,
        "8,10": 96.50674997827797,
        "8,11": 82.23336828594461,
        "8,12": 85.11979508682634,
        "8,13": 98.74373493068937,
        "8,14": 79.27016896112293,
        "8,15": 98.09501553689121,
        "8,16": 19.922925473277413,
        "8,17": 29.855395575044557,
        "8,18": 77.72003172064248,
        "8,19": 72.47131562128219,
        "8,20": 99.26725248716251,
        "8,21": 68.09571199795712,
        "8,22": 91.52814350060983,
        "8,23": 46.53727118293669,
        "8,24": 35.18552425311277,
        "8,25": 66.26051960493993,
        "8,26": 36.80812165648646,
        "8,27": 50.203395991922804,
        "8,28": 48.722444044655894,
        "8,29": 56.31139080880134,
        "8,30": 95.8241199352769,
        "8,31": 7.711599304051724,
        "8,32": 42.91296485868907,
        "8,33": 82.81408201374786,
        "8,34": 91.35302177613242,
        "8,35": 38.03652445745096,
        "8,36": 71.96737789030372,
        "8,37": 82.65012923473488,
        "8,38": 79.63758353175665,
        "8,39": 6.959980409391169,
        "8,40": 85.45861244953105,
        "8,41": 71.43900244849297,
        "8,42": 43.45217342290418,
        "8,43": 47.45755444747299,
        "8,44": 103.64888520204676,
        "8,45": 76.40340407736791,
        "8,46": 113.8299977252806,
        "8,47": 23.93913047005022,
        "8,48": 84.75662446988,
        "8,49": 89.46580283974569,
        "8,50": 58.78148037832266,
        "8,51": 43.0490545535051,
        "8,52": 70.65940479777903,
        "8,53": 46.28561221767493,
        "8,54": 49.05265628682823,
        "8,55": 86.04955709012285,
        "8,56": 86.04531765003983,
        "8,57": 69.9042361166165,
        "8,58": 91.32547011180881,
        "8,59": 104.57747901935028,
        "8,60": 96.26384380334788,
        "9,0": 96.93514802575413,
        "9,1": 51.21018988564054,
        "9,2": 18.048041021142687,
        "9,3": 26.755445023057906,
        "9,4": 57.83353479363771,
        "9,5": 31.371354099192576,
        "9,6": 68.81632966057073,
        "9,7": 12.587557807502781,
        "9,8": 82.0585854452643,
        "9,9": 0.0,
        "9,10": 30.750976173153436,
        "9,11": 18.102212346281387,
        "9,12": 26.217455660035903,
        "9,13": 50.66430870283133,
        "9,14": 20.672288888562537,
        "9,15": 20.200928849703097,
        "9,16": 74.47411167743698,
        "9,17": 60.521337861650345,
        "9,18": 65.35322533109836,
        "9,19": 9.718121745647936,
        "9,20": 22.402867385374613,
        "9,21": 56.129077221600866,
        "9,22": 69.77113076271723,
        "9,23": 39.32113805208912,
        "9,24": 70.91756309337202,
        "9,25": 45.54946107839865,
        "9,26": 47.72726937833,
        "9,27": 60.37304097498181,
        "9,28": 55.14288845729061,
        "9,29": 28.06589313499496,
        "9,30": 17.269225035394875,
        "9,31": 74.74862186254371,
        "9,32": 63.431519232072645,
        "9,33": 44.98072706138903,
        "9,34": 14.882115979281204,
        "9,35": 64.94149418111958,
        "9,36": 10.769102073415945,
        "9,37": 46.08059520827703,
        "9,38": 43.24260721790469,
        "9,39": 75.4303903498311,
        "9,40": 17.706833461583855,
        "9,41": 43.300590154909926,
        "9,42": 68.30894920341295,
        "9,43": 44.78958997446872,
        "9,44": 24.717015038791605,
        "9,45": 46.34087580766268,
        "9,46": 33.01289612546262,
        "9,47": 58.12195985031114,
        "9,48": 22.83192424098975,
        "9,49": 25.789505648925257,
        "9,50": 55.986720707810555,
        "9,51": 58.127560192289714,
        "9,52": 12.496206334728228,
        "9,53": 58.732473065413494,
        "9,54": 41.115490106695894,
        "9,55": 28.96511306214412,
        "9,56": 15.676274925172162,
        "9,57": 17.19615296628364,
        "9,58": 9.607879857985099,
        "9,59": 24.22823340367639,
        "9,60": 52.004479713289264,
        "10,0": 105.86122615243316,
        "10,1": 37.807888407201375,
        "10,2": 35.77178590532483,
        "10,3": 55.09395140141239,
        "10,4": 82.57657288879881,
        "10,5": 40.66115705939885,
        "10,6": 88.9225969428296,
        "10,7": 43.32204672934411,
        "10,8": 96.50674997827797,
        "10,9": 30.750976173153436,
        "10,10": 0.0,
        "10,11": 16.174474455285775,
        "10,12": 56.378648601704626,
        "10,13": 22.67543386071639,
        "10,14": 51.3944736674299,
        "10,15": 42.805776484967,
        "10,16": 83.18632603406648,
        "10,17": 68.8470588624647,
        "10,18": 49.47909857630216,
        "10,19": 33.82909657544233,
        "10,20": 45.21992965567235,
        "10,21": 45.25974733517372,
        "10,22": 48.055628211669344,
        "10,23": 50.01688042017468,
        "10,24": 74.09801045259671,
        "10,25": 37.662572260569526,
        "10,26": 59.72403544422675,
        "10,27": 87.65798953716522,
        "10,28": 55.1143941387167,
        "10,29": 41.52874896716719,
        "10,30": 18.119977335577474,
        "10,31": 88.79517925596599,
        "10,32": 89.19986877515339,
        "10,33": 25.884929119166184,
        "10,34": 16.92357929238309,
        "10,35": 89.59052408867984,
        "10,36": 38.32949175274447,
        "10,37": 76.79993700831476,
        "10,38": 73.99331368259475,
        "10,39": 90.86017621134772,
        "10,40": 47.48051518809651,
        "10,41": 32.467472428268344,
        "10,42": 68.2806657141109,
        "10,43": 50.135845385399065,
        "10,44": 18.94450504230907,
        "10,45": 31.48531910934018,
        "10,46": 28.257832125345622,
        "10,47": 73.92155915746164,
        "10,48": 12.135173279857348,
        "10,49": 7.2143027484563795,
        "10,50": 50.252247493284514,
        "10,51": 83.78181859875804,
        "10,52": 40.10345120071051,
        "10,53": 59.04429944000751,
        "10,54": 47.79338756725697,
        "10,55": 10.983268851239743,
        "10,56": 45.161153127764976,
        "10,57": 46.39574478816664,
        "10,58": 26.427916180700443,
        "10,59": 40.99193653015445,
        "10,60": 25.405996965358195,
        "11,0": 93.47305665647964,
        "11,1": 35.18543407374011,
        "11,2": 19.62427844186528,
        "11,3": 39.44550640042155,
        "11,4": 66.41053833156187,
        "11,5": 26.35865558069607,
        "11,6": 73.27760534280296,
        "11,7": 30.183627071524974,
        "11,8": 82.23336828594461,
        "11,9": 18.102212346281387,
        "11,10": 16.174474455285775,
        "11,11": 0.0,
        "11,12": 44.212324329333455,
        "11,13": 32.89773849387319,
        "11,14": 38.142739192690854,
        "11,15": 35.68637201685633,
        "11,16": 70.5867679910696,
        "11,17": 56.096600638912705,
        "11,18": 49.0080427531482,
        "11,19": 18.257760165510447,
        "11,20": 38.133875713804635,
        "11,21": 41.23007783861246,
        "11,22": 52.08271213623197,
        "11,23": 35.845997426468244,
        "11,24": 63.504312776188534,
        "11,25": 31.318199639584297,
        "11,26": 45.53033669407202,
        "11,27": 71.57336732949852,
        "11,28": 45.39670472894772,
        "11,29": 26.20342149758854,
        "11,30": 16.384845837962533,
        "11,31": 74.55472055361007,
        "11,32": 73.02660843428518,
        "11,33": 27.259481598599827,
        "11,34": 11.802175135433886,
        "11,35": 73.4348988499639,
        "11,36": 23.09540002764423,
        "11,37": 63.287560360073236,
        "11,38": 60.19835826981015,
        "11,39": 76.26290235452248,
        "11,40": 35.80833675874453,
        "11,41": 27.71314535664882,
        "11,42": 58.99425384517844,
        "11,43": 37.83106583290862,
        "11,44": 22.977854635396657,
        "11,45": 29.628824204234807,
        "11,46": 33.93302448900416,
        "11,47": 59.021975963144584,
        "11,48": 5.01337982409194,
        "11,49": 9.318127026263763,
        "11,50": 43.307781887368954,
        "11,51": 67.60896687535988,
        "11,52": 24.754187597903346,
        "11,53": 49.31521779540264,
        "11,54": 34.851757351020524,
        "11,55": 10.965740924211536,
        "11,56": 33.7607811960701,
        "11,57": 31.288198198039886,
        "11,58": 18.90045034827455,
        "11,59": 36.85162753870929,
        "11,60": 33.992579218719435,
        "12,0": 103.9726034579049,
        "12,1": 74.96212198977707,
        "12,2": 35.721020126478685,
        "12,3": 22.371244997595046,
        "12,4": 50.72888212150717,
        "12,5": 48.59368031223911,
        "12,6": 66.92160271604368,
        "12,7": 14.24375644257219,
        "12,8": 85.11979508682634,
        "12,9": 26.217455660035903,
        "12,10": 56.378648601704626,
        "12,11": 44.212324329333455,
        "12,12": 0.0,
        "12,13": 76.88023454467725,
        "12,14": 7.552636698935711,
        "12,15": 20.633540125225238,
        "12,16": 83.61767474824012,
        "12,17": 71.73894993921245,
        "12,18": 89.04376005660379,
        "12,19": 28.97411998310407,
        "12,20": 19.986147995307853,
        "12,21": 78.65372630776011,
        "12,22": 94.97801186859951,
        "12,23": 53.03699301565327,
        "12,24": 84.64984553951894,
        "12,25": 68.0408796419574,
        "12,26": 58.24775019570344,
        "12,27": 47.99161268389343,
        "12,28": 72.76314289680886,
        "12,29": 43.60605640024414,
        "12,30": 40.0370183905104,
        "12,31": 78.97879828864613,
        "12,32": 53.6564546787557,
        "12,33": 70.44983079013655,
        "12,34": 39.59806735598579,
        "12,35": 56.93097535331036,
        "12,36": 24.43567979559633,
        "12,37": 21.409960561104686,
        "12,38": 19.50268205483152,
        "12,39": 78.16078784755244,
        "12,40": 8.952641222092797,
        "12,41": 67.00772166090384,
        "12,42": 84.4017271425237,
        "12,43": 60.92800933991734,
        "12,44": 45.27251091627456,
        "12,45": 70.85273330706579,
        "12,46": 48.95849523452427,
        "12,47": 62.90007982612823,
        "12,48": 49.02754018737086,
        "12,49": 51.93839647074714,
        "12,50": 76.41282311661423,
        "12,51": 49.3400981730361,
        "12,52": 23.874771578105424,
        "12,53": 75.68987621426314,
        "12,54": 57.21690503108264,
        "12,55": 55.142640753816956,
        "12,56": 11.339699625748331,
        "12,57": 19.20398497187912,
        "12,58": 30.653150046440103,
        "12,59": 28.167781549699654,
        "12,60": 78.18961873873266,
        "13,0": 103.3866647282342,
        "13,1": 27.604126159619845,
        "13,2": 49.071105188843525,
        "13,3": 71.09636786406854,
        "13,4": 93.80034833438596,
        "13,5": 47.50246267326138,
        "13,6": 96.0064966492529,
        "13,7": 63.01954359959431,
        "13,8": 98.74373493068937,
        "13,9": 50.66430870283133,
        "13,10": 22.67543386071639,
        "13,11": 32.89773849387319,
        "13,12": 76.88023454467725,
        "13,13": 0.0,
        "13,14": 71.02126668300802,
        "13,15": 65.1757810599266,
        "13,16": 82.1387498745977,
        "13,17": 69.06544426459034,
        "13,18": 33.79625763183312,
        "13,19": 50.624451409891535,
        "13,20": 67.62040932441153,
        "13,21": 34.99730945360921,
        "13,22": 27.726424866612014,
        "13,23": 55.17523770859795,
        "13,24": 69.88892501903072,
        "13,25": 32.73297849365399,
        "13,26": 63.89065417019823,
        "13,27": 100.97034263199647,
        "13,28": 51.41400268136154,
        "13,29": 50.66341925210233,
        "13,30": 40.682933699028055,
        "13,31": 91.25035944455335,
        "13,32": 101.0028845320673,
        "13,33": 15.984792263698468,
        "13,34": 38.78003042678592,
        "13,35": 100.37565181663771,
        "13,36": 55.631404565017164,
        "13,37": 96.17686963303855,
        "13,38": 93.05675423453239,
        "13,39": 94.2121456422387,
        "13,40": 68.23830506514638,
        "13,41": 27.34414892841512,
        "13,42": 62.390243171554594,
        "13,43": 51.56406328528728,
        "13,44": 41.21754315433304,
        "13,45": 22.78316748796355,
        "13,46": 49.169735360488495,
        "13,47": 78.95672159654754,
        "13,48": 27.94326763831235,
        "13,49": 25.083722024094843,
        "13,50": 43.112645828339765,
        "13,51": 95.73324739020055,
        "13,52": 57.156206941864426,
        "13,53": 54.843084071842135,
        "13,54": 50.75993568941133,
        "13,55": 21.96814414637959,
        "13,56": 66.051764962799,
        "13,57": 63.76914185449028,
        "13,58": 48.35110705867105,
        "13,59": 63.66282762475278,
        "13,60": 4.037014616963967,
        "14,0": 97.54161356419185,
        "14,1": 67.75100817528192,
        "14,2": 28.256333343051875,
        "14,3": 16.226215624131093,
        "14,4": 46.80701556173428,
        "14,5": 41.04223153095141,
        "14,6": 61.92886466083768,
        "14,7": 8.085633582670287,
        "14,8": 79.27016896112293,
        "14,9": 20.672288888562537,
        "14,10": 51.3944736674299,
        "14,11": 38.142739192690854,
        "14,12": 7.552636698935711,
        "14,13": 71.02126668300802,
        "14,14": 0.0,
        "14,15": 21.490571951282377,
        "14,16": 76.78409265569631,
        "14,17": 64.59530449276373,
        "14,18": 81.7848294850424,
        "14,19": 21.881173528903844,
        "14,20": 21.718365256712694,
        "14,21": 71.26401710057756,
        "14,22": 88.0861209755384,
        "14,23": 45.58201769032517,
        "14,24": 77.33213884648637,
        "14,25": 60.67812492007279,
