{
    "num_robots": 2,
    "num_tasks": 40,
    "num_nodes": 41,
    "robot_capacity": [
        296,
        256
    ],
    "robot_speed": [
        0.9,
        1.2
    ],
    "task_demand": {
        "0": 0,
        "1": 8,
        "2": 14,
        "3": 5,
        "4": 12,
        "5": 12,
        "6": 7,
        "7": 13,
        "8": 13,
        "9": 8,
        "10": 13,
        "11": 14,
        "12": 6,
        "13": 6,
        "14": 15,
        "15": 14,
        "16": 12,
        "17": 7,
        "18": 12,
        "19": 6,
        "20": 7,
        "21": 13,
        "22": 13,
        "23": 10,
        "24": 6,
        "25": 11,
        "26": 8,
        "27": 6,
        "28": 5,
        "29": 8,
        "30": 10,
        "31": 6,
        "32": 12,
        "33": 9,
        "34": 12,
        "35": 15,
        "36": 14,
        "37": 15,
        "38": 13,
        "39": 7,
        "40": 8
    },
    "task_service_time": {
        "0": 0,
        "1": 21,
        "2": 24,
        "3": 82,
        "4": 25,
        "5": 45,
        "6": 63,
        "7": 20,
        "8": 38,
        "9": 53,
        "10": 86,
        "11": 86,
        "12": 56,
        "13": 28,
        "14": 83,
        "15": 50,
        "16": 80,
        "17": 49,
        "18": 54,
        "19": 93,
        "20": 42,
        "21": 11,
        "22": 22,
        "23": 37,
        "24": 41,
        "25": 100,
        "26": 65,
        "27": 93,
        "28": 39,
        "29": 74,
        "30": 50,
        "31": 56,
        "32": 33,
        "33": 88,
        "34": 86,
        "35": 66,
        "36": 48,
        "37": 59,
        "38": 27,
        "39": 13,
        "40": 59
    },
    "task_precedence": [],
    "coordinates": {
        "0": [
            100,
            0
        ],
        "1": [
            5.475152696801578,
            26.224108382753318
        ],
        "2": [
            94.93344446088004,
            68.74664760216427
        ],
        "3": [
            16.34393575155977,
            32.916001808864145
        ],
        "4": [
            52.68896092906724,
            14.169841286177753
        ],
        "5": [
            45.329912867100795,
            86.33812667356734
        ],
        "6": [
            19.865483681807007,
            87.81576319610423
        ],
        "7": [
            60.84851991095043,
            56.87735054314212
        ],
        "8": [
            68.99177682199758,
            2.5838126517012006
        ],
        "9": [
            54.94825685100838,
            90.21179027034249
        ],
        "10": [
            22.809205942966404,
            33.76117340163209
        ],
        "11": [
            19.289763316293296,
            12.74757941683835
        ],
        "12": [
            14.595900496435332,
            0.2579166459570459
        ],
        "13": [
            95.76306093545215,
            10.262526410689542
        ],
        "14": [
            47.411824800262906,
            33.864097012109774
        ],
        "15": [
            83.49391406888549,
            83.72796131423918
        ],
        "16": [
            90.13195371700637,
            89.01784741164388
        ],
        "17": [
            2.7836608180074607,
            88.86848679470727
        ],
        "18": [
            32.57760423739386,
            0.351406392323117
        ],
        "19": [
            94.02821038643093,
            64.15524566487531
        ],
        "20": [
            6.408127791996199,
            45.76870521131286
        ],
        "21": [
            23.043969601971913,
            80.32972958065376
        ],
        "22": [
            72.95174225960538,
            47.551079099168014
        ],
        "23": [
            58.549987957867714,
            9.475861631980864
        ],
        "24": [
            16.259280757315796,
            43.5501074570652
        ],
        "25": [
            14.15797638151921,
            17.458672914856
        ],
        "26": [
            17.55723472348253,
            99.57607761734002
        ],
        "27": [
            8.212473748212135,
            30.12630496943627
        ],
        "28": [
            86.5784879917036,
            85.61694014360597
        ],
        "29": [
            21.80528271789376,
            20.59700875098356
        ],
        "30": [
            41.263218182412864,
            12.150102275388065
        ],
        "31": [
            48.769655695124946,
            95.32850512503997
        ],
        "32": [
            85.43741705557709,
            32.055542136386364
        ],
        "33": [
            91.63632438611731,
            96.01621126774008
        ],
        "34": [
            64.68989040969765,
            69.01524213098219
        ],
        "35": [
            71.94010705209173,
            9.880873031699288
        ],
        "36": [
            14.588958715925159,
            25.705099066323122
        ],
        "37": [
            12.379200174646343,
            96.73596655383948
        ],
        "38": [
            14.890787774947412,
            54.47515405870329
        ],
        "39": [
            7.620287482554344,
            9.601787602509205
        ],
        "40": [
            29.432410347437244,
            7.633040648536371
        ]
    },
    "distance_matrix_str_keys": {
        "0,0": 0.0,
        "0,1": 98.09511006244588,
        "0,2": 68.9330946756864,
        "0,3": 89.89883347752799,
        "0,4": 49.387435852115196,
        "0,5": 102.19144066221864,
        "0,6": 118.88292127662827,
        "0,7": 69.04977478580733,
        "0,8": 31.11568724093842,
        "0,9": 100.8356418363218,
        "0,10": 84.2510267985527,
        "0,11": 81.71072809936622,
        "0,12": 85.40448895117304,
        "0,13": 11.102751954663853,
        "0,14": 62.54832721411361,
        "0,15": 85.33945382180548,
        "0,16": 89.56313692164885,
        "0,17": 131.7141774796065,
        "0,18": 67.42331152370117,
        "0,19": 64.4325835079522,
        "0,20": 104.18355398103567,
        "0,21": 111.2434091041945,
        "0,22": 54.70569778630148,
        "0,23": 42.51935385164453,
        "0,24": 94.38813441743612,
        "0,25": 87.59941939798311,
        "0,26": 129.27569292056987,
        "0,27": 96.60509420591715,
        "0,28": 86.66254914403714,
        "0,29": 80.8619229323457,
        "0,30": 59.98028445738837,
        "0,31": 108.22232702622327,
        "0,32": 35.20833145252468,
        "0,33": 96.37978987311371,
        "0,34": 77.52359309060218,
        "0,35": 29.74876878320571,
        "0,36": 89.1952806556458,
        "0,37": 130.5191625284971,
        "0,38": 101.05008864562414,
        "0,39": 92.87736866411325,
        "0,40": 70.97920835649472,
        "1,0": 98.09511006244588,
        "1,1": 0.0,
        "1,2": 99.05025142327167,
        "1,3": 12.763693929181477,
        "1,4": 48.72831869692141,
        "1,5": 72.1255648386922,
        "1,6": 63.25040370230834,
        "1,7": 63.29163492576576,
        "1,8": 67.77333636846448,
        "1,9": 80.88270190838276,
        "1,10": 18.901765818030956,
        "1,11": 19.299230542623157,
        "1,12": 27.521467143606113,
        "1,13": 91.68794071829674,
        "1,14": 42.62691512847167,
        "1,15": 96.92069040199894,
        "1,16": 105.40316703118063,
        "1,17": 62.70217121562615,
        "1,18": 37.469181840490776,
        "1,19": 96.3349116452494,
        "1,20": 19.566852269059357,
        "1,21": 56.886567594275654,
        "1,22": 70.76672819175614,
        "1,23": 55.654666535826706,
        "1,24": 20.40802934995504,
        "1,25": 12.337920654703765,
        "1,26": 74.34035308425163,
        "1,27": 4.766556906155162,
        "1,28": 100.52491959972039,
        "1,29": 17.272446172202695,
        "1,30": 38.45599145923241,
        "1,31": 81.54649985736475,
        "1,32": 80.17461781016303,
        "1,33": 110.88140119958948,
        "1,34": 73.05796527323965,
        "1,35": 68.44480622509458,
        "1,36": 9.128572222683816,
        "1,37": 70.84905090624507,
        "1,38": 29.778780460412108,
        "1,39": 16.76016561285663,
        "1,40": 30.324544409391937,
        "2,0": 68.9330946756864,
        "2,1": 99.05025142327167,
        "2,2": 0.0,
        "2,3": 86.37213704162508,
        "2,4": 69.01611533926194,
        "2,5": 52.63050904650902,
        "2,6": 77.45211362553957,
        "2,7": 36.09241325056702,
        "2,8": 71.06680553231911,
        "2,9": 45.38245892370618,
        "2,10": 80.16164411253676,
        "2,11": 94.11621610927996,
        "2,12": 105.56906383136503,
        "2,13": 58.49000508662984,
        "2,14": 58.94995055838524,
        "2,15": 18.849472568986396,
        "2,16": 20.832087151299813,
        "2,17": 94.3211060045353,
        "2,18": 92.55355114812878,
        "2,19": 4.679788507965354,
        "2,20": 91.45882968769855,
        "2,21": 72.8166490825415,
        "2,22": 30.53600097967529,
        "2,23": 69.54697676125024,
        "2,24": 82.61046949230355,
        "2,25": 95.68245707007014,
        "2,26": 83.29184586972694,
        "2,27": 94.93185780556868,
        "2,28": 18.82583512186529,
        "2,29": 87.55635762985743,
        "2,30": 77.9978341475435,
        "2,31": 53.26997787286681,
        "2,32": 37.900023176550995,
        "2,33": 27.46816526996835,
        "2,34": 30.244746728443626,
        "2,35": 63.19709630176995,
        "2,36": 91.14719573297046,
        "2,37": 87.16997892078301,
        "2,38": 81.30499626285659,
        "2,39": 105.45947963981494,
        "2,40": 89.58380671088338,
        "3,0": 89.89883347752799,
        "3,1": 12.763693929181477,
        "3,2": 86.37213704162508,
        "3,3": 0.0,
        "3,4": 40.894735474092236,
        "3,5": 60.77919293971094,
        "3,6": 55.012590378938945,
        "3,7": 50.54507141518321,
        "3,8": 60.7604877238818,
        "3,9": 69.08763263400917,
        "3,10": 6.520278649652413,
        "3,11": 20.382422864426875,
        "3,12": 32.70483379809246,
        "3,13": 82.58678703394672,
        "3,14": 31.08235213842327,
        "3,15": 84.20792609245989,
        "3,16": 92.6935201365619,
        "3,17": 57.57222969769823,
        "3,18": 36.38660285257429,
        "3,19": 83.73014321163805,
        "3,20": 16.245376713411222,
        "3,21": 47.884778738280104,
        "3,22": 58.46904518585453,
        "3,23": 48.278266480410515,
        "3,24": 10.634442599645364,
        "3,25": 15.611131762463835,
        "3,26": 66.67111669371543,
        "3,27": 8.5966902216958,
        "3,28": 87.80820707505508,
        "3,29": 13.47530707059381,
        "3,30": 32.43752796226996,
        "3,31": 70.3331208183611,
        "3,32": 69.09883898848483,
        "3,33": 98.23736671985495,
        "3,34": 60.336444075208455,
        "3,35": 60.17932719014614,
        "3,36": 7.421392238521724,
        "3,37": 63.9429982738121,
        "3,38": 21.608069899314856,
        "3,39": 24.892862896443308,
        "3,40": 28.469919077538183,
        "4,0": 49.387435852115196,
        "4,1": 48.72831869692141,
        "4,2": 69.01611533926194,
        "4,3": 40.894735474092236,
        "4,4": 0.0,
        "4,5": 72.54251859519383,
        "4,6": 80.62941443768769,
        "4,7": 43.47999252199255,
        "4,8": 20.000446633955264,
        "4,9": 76.075504752668,
        "4,10": 35.72982020788029,
        "4,11": 33.429466492932576,
        "4,12": 40.55395048967889,
        "4,13": 43.25095606915828,
        "4,14": 20.389013569085147,
        "4,15": 76.07415592554806,
        "4,16": 83.69110902524518,
        "4,17": 89.83555320686737,
        "4,18": 24.401143639088215,
        "4,19": 64.86504603097157,
        "4,20": 56.039305110079816,
        "4,21": 72.49797466082138,
        "4,22": 39.04980595568454,
        "4,23": 7.5090001216103355,
        "4,24": 46.80087218939722,
        "4,25": 38.67108976593729,
        "4,26": 92.34967996933453,
        "4,27": 47.25216021753838,
        "4,28": 79.07710148755,
        "4,29": 31.545365134548213,
        "4,30": 11.602885114678626,
        "4,31": 81.25324405601445,
        "4,32": 37.31433603285865,
        "4,33": 90.64063878533925,
        "4,34": 56.143034316167295,
        "4,35": 19.723130475103716,
        "4,36": 39.807943185950165,
        "4,37": 91.88058474886769,
        "4,38": 55.2559510956054,
        "4,39": 45.29958543613059,
        "4,40": 24.157750465061586,
        "5,0": 102.19144066221864,
        "5,1": 72.1255648386922,
        "5,2": 52.63050904650902,
        "5,3": 60.77919293971094,
        "5,4": 72.54251859519383,
        "5,5": 0.0,
        "5,6": 25.507264914639062,
        "5,7": 33.29811548403981,
        "5,8": 87.03257391973081,
        "5,9": 10.36907954708383,
        "5,10": 57.197187480871975,
        "5,11": 78.06188592503568,
        "5,12": 91.40230891393125,
        "5,13": 91.27430843036514,
        "5,14": 52.51531344483218,
        "5,15": 38.25315609113659,
        "5,16": 44.8821096602052,
        "5,17": 42.62142988882041,
        "5,18": 86.9271962052857,
        "5,19": 53.512656363957355,
        "5,20": 56.22084409909432,
        "5,21": 23.081683275763833,
        "5,22": 47.617229219341894,
        "5,23": 77.99088519005669,
        "5,24": 51.72925902943342,
        "5,25": 75.6046875157856,
        "5,26": 30.766296437152516,
        "5,27": 67.36076889437521,
        "5,28": 41.254879224414154,
        "5,29": 69.82336864809695,
        "5,30": 74.2994008708234,
        "5,31": 9.62594075525332,
        "5,32": 67.49230234822963,
        "5,33": 47.30696639164753,
        "5,34": 25.97866546467679,
        "5,35": 80.95563024904365,
        "5,36": 67.98066121291792,
        "5,37": 34.55234494381614,
        "5,38": 44.065739075060776,
        "5,39": 85.5013542622059,
        "5,40": 80.29458980884226,
        "6,0": 118.88292127662827,
        "6,1": 63.25040370230834,
        "6,2": 77.45211362553957,
        "6,3": 55.012590378938945,
        "6,4": 80.62941443768769,
        "6,5": 25.507264914639062,
        "6,6": 0.0,
        "6,7": 51.34972868520581,
        "6,8": 98.37620683528868,
        "6,9": 35.16449799132811,
        "6,10": 54.13468554078334,
        "6,11": 75.07039143268739,
        "6,12": 87.71627556757454,
        "6,13": 108.51242679466546,
        "6,14": 60.57708471892242,
        "6,15": 63.759605376356205,
        "6,16": 70.2767516157998,
        "6,17": 17.114230900781976,
        "6,18": 88.3833226356585,
        "6,19": 77.84555300150632,
        "6,20": 44.14810882383789,
        "6,21": 8.132863704522592,
        "6,22": 66.628789837539,
        "6,23": 87.37065324330074,
        "6,24": 44.41230660008246,
        "6,25": 70.58821284341,
        "6,26": 11.984698934054729,
        "6,27": 58.85461945335241,
        "6,28": 66.74923045899838,
        "6,29": 67.24673798374039,
        "6,30": 78.63304193738922,
        "6,31": 29.86456848953725,
        "6,32": 86.0748552075619,
        "6,33": 72.23780813382339,
        "6,34": 48.60747916553034,
        "6,35": 93.73160355021602,
        "6,36": 62.33439110441404,
        "6,37": 11.645362540210456,
        "6,38": 33.70969915348799,
        "6,39": 79.16672791086967,
        "6,40": 80.75144011697745,
        "7,0": 69.04977478580733,
        "7,1": 63.29163492576576,
        "7,2": 36.09241325056702,
        "7,3": 50.54507141518321,
        "7,4": 43.47999252199255,
        "7,5": 33.29811548403981,
        "7,6": 51.34972868520581,
        "7,7": 0.0,
        "7,8": 54.90082777052317,
        "7,9": 33.85259186684043,
        "7,10": 44.512324729141426,
        "7,11": 60.618206418153875,
        "7,12": 73.10995211010392,
        "7,13": 58.240595840453906,
        "7,14": 26.64872630316779,
        "7,15": 35.12505053874219,
        "7,16": 43.48023728578113,
        "7,17": 66.29449947129496,
        "7,18": 63.20147969124501,
        "7,19": 33.9685092026665,
        "7,20": 55.56220203676116,
        "7,21": 44.48817940288413,
        "7,22": 15.279637766245232,
        "7,23": 47.457184915819504,
        "7,24": 46.53832460000477,
        "7,25": 61.10514709119401,
        "7,26": 60.80556444059637,
        "7,27": 59.04381250336401,
        "7,28": 38.57454170615209,
        "7,29": 53.29763194616746,
        "7,30": 48.82735689552697,
        "7,31": 40.30372500681982,
        "7,32": 34.93903312014687,
        "7,33": 49.796981065327465,
        "7,34": 12.731242653676983,
        "7,35": 48.28759886133378,
        "7,36": 55.78222175649095,
        "7,37": 62.75336027646883,
        "7,38": 46.020470347818645,
        "7,39": 71.1914572038324,
        "7,40": 58.41210488505469,
        "8,0": 31.11568724093842,
        "8,1": 67.77333636846448,
        "8,2": 71.06680553231911,
        "8,3": 60.7604877238818,
        "8,4": 20.000446633955264,
        "8,5": 87.03257391973081,
        "8,6": 98.37620683528868,
        "8,7": 54.90082777052317,
        "8,8": 0.0,
        "8,9": 88.7461712678844,
        "8,10": 55.72124977356547,
        "8,11": 50.73058546259167,
        "8,12": 54.44557974211864,
        "8,13": 27.850750404177298,
        "8,14": 38.00198046060746,
        "8,15": 82.42987836273713,
        "8,16": 88.98173657574483,
        "8,17": 108.75918175842696,
        "8,18": 36.48253832627625,
        "8,19": 66.46701715077992,
        "8,20": 76.03714928438332,
        "8,21": 90.30851890852954,
        "8,22": 45.14129349082194,
        "8,23": 12.511246693660881,
        "8,24": 66.77539555324007,
        "8,25": 56.815553667940144,
        "8,26": 109.78620853298743,
        "8,27": 66.72864875904172,
        "8,28": 84.87515932741202,
        "8,29": 50.50782572580041,
        "8,30": 29.33235178762772,
        "8,31": 94.92371760968958,
        "8,32": 33.74969513211623,
        "8,33": 96.1373426173725,
        "8,34": 66.5705719471075,
        "8,35": 7.870180514767428,
        "8,36": 59.11227032815929,
        "8,37": 109.86178552647026,
        "8,38": 74.96418030557722,
        "8,39": 61.77144709452388,
        "8,40": 39.88029813369745,
        "9,0": 100.8356418363218,
        "9,1": 80.88270190838276,
        "9,2": 45.38245892370618,
        "9,3": 69.08763263400917,
        "9,4": 76.075504752668,
        "9,5": 10.36907954708383,
        "9,6": 35.16449799132811,
        "9,7": 33.85259186684043,
        "9,8": 88.7461712678844,
        "9,9": 0.0,
        "9,10": 64.95837696654408,
        "9,11": 85.27738342797267,
        "9,12": 98.59012142906792,
        "9,13": 89.76487633897757,
        "9,14": 56.849453327005605,
        "9,15": 29.272761809104093,
        "9,16": 35.20394899309272,
        "9,17": 52.18188903742206,
        "9,18": 92.60310302070889,
        "9,19": 46.97005732493294,
        "9,20": 65.81285542072841,
        "9,21": 33.399680662301584,
        "9,22": 46.30401456124442,
        "9,23": 80.81622757877739,
        "9,24": 60.614763169917715,
        "9,25": 83.40781177875834,
        "9,26": 38.54579631111888,
        "9,27": 76.1216064338965,
        "9,28": 31.962230361803226,
        "9,29": 77.10171554755692,
        "9,30": 79.25217609619666,
        "9,31": 8.022211861311439,
        "9,32": 65.66382632011427,
        "9,33": 37.14438857453093,
        "9,34": 23.32794627514389,
        "9,35": 82.10833841734832,
        "9,36": 76.09195855047524,
        "9,37": 43.06610572705022,
        "9,38": 53.68154241918374,
        "9,39": 93.47678436194418,
        "9,40": 86.43094533727344,
        "10,0": 84.2510267985527,
        "10,1": 18.901765818030956,
        "10,2": 80.16164411253676,
        "10,3": 6.520278649652413,
        "10,4": 35.72982020788029,
        "10,5": 57.197187480871975,
        "10,6": 54.13468554078334,
        "10,7": 44.512324729141426,
        "10,8": 55.72124977356547,
        "10,9": 64.95837696654408,
        "10,10": 0.0,
        "10,11": 21.306280965016008,
        "10,12": 34.49531271918987,
        "10,13": 76.6449696240371,
        "10,14": 24.602834143793174,
        "10,15": 78.60861081733634,
        "10,16": 87.09565081274562,
        "10,17": 58.6330832120772,
        "10,18": 34.80853540232458,
        "10,19": 77.4334954826493,
        "10,20": 20.326735711243156,
        "10,21": 46.569147926221355,
        "10,22": 52.00418682579695,
        "10,23": 43.210876718551475,
        "10,24": 11.778147132687648,
        "10,25": 18.455765902454242,
        "10,26": 66.0241230052554,
        "10,27": 15.042501762830193,
        "10,28": 82.19210349789937,
        "10,29": 13.202389662149223,
        "10,30": 28.418109771010773,
        "10,31": 66.81677399332068,
        "10,32": 62.65143258680296,
        "10,33": 92.80550615614389,
        "10,34": 54.7434114152164,
        "10,35": 54.6270463191345,
        "10,36": 11.509682800568534,
        "10,37": 63.832668696291364,
        "10,38": 22.17589549364654,
        "10,39": 28.5373293457518,
        "10,40": 26.954520172816938,
        "11,0": 81.71072809936622,
        "11,1": 19.299230542623157,
        "11,2": 94.11621610927996,
        "11,3": 20.382422864426875,
        "11,4": 33.429466492932576,
        "11,5": 78.06188592503568,
        "11,6": 75.07039143268739,
        "11,7": 60.618206418153875,
        "11,8": 50.73058546259167,
        "11,9": 85.27738342797267,
        "11,10": 21.306280965016008,
        "11,11": 0.0,
        "11,12": 13.342564382530947,
        "11,13": 76.51366372872113,
        "11,14": 35.1675654184303,
        "11,15": 95.70991374023096,
        "11,16": 104.09500334199687,
        "11,17": 77.88994774496909,
        "11,18": 18.172281694883385,
        "11,19": 90.71154071850682,
        "11,20": 35.444763823664324,
        "11,21": 67.68634342021974,
        "11,22": 63.9600779725165,
        "11,23": 39.39631170770482,
        "11,24": 30.95124485718189,
        "11,25": 6.966321776302195,
        "11,26": 86.84578144665075,
        "11,27": 20.608892401282503,
        "11,28": 99.18526201594143,
        "11,29": 8.24265604836012,
        "11,30": 21.981576324002546,
        "11,31": 87.68508051824445,
        "11,32": 68.90797863521786,
        "11,33": 110.3072524766653,
        "11,34": 72.29952563751661,
        "11,35": 52.7283292073277,
        "11,36": 13.783863005617336,
        "11,37": 84.27220809264146,
        "11,38": 41.95880683844298,
        "11,39": 12.086052803679026,
        "11,40": 11.359216329079972,
        "12,0": 85.40448895117304,
        "12,1": 27.521467143606113,
        "12,2": 105.56906383136503,
        "12,3": 32.70483379809246,
        "12,4": 40.55395048967889,
        "12,5": 91.40230891393125,
        "12,6": 87.71627556757454,
        "12,7": 73.10995211010392,
        "12,8": 54.44557974211864,
        "12,9": 98.59012142906792,
        "12,10": 34.49531271918987,
        "12,11": 13.342564382530947,
        "12,12": 0.0,
        "12,13": 81.78141690064851,
        "12,14": 46.97084464555572,
        "12,15": 108.23208688348635,
        "12,16": 116.55050684433107,
        "12,17": 89.3944189997743,
        "12,18": 17.981946773369042,
        "12,19": 101.9429277106175,
        "12,20": 46.24144783308672,
        "12,21": 80.51624120797608,
        "12,22": 75.11356390635413,
        "12,23": 44.910269586505585,
        "12,24": 43.324134372398994,
        "12,25": 17.20633004892361,
        "12,26": 99.36229968726481,
        "12,27": 30.542900289463038,
        "12,28": 111.65865750127097,
        "12,29": 21.579014335039325,
        "12,30": 29.19879983166595,
        "12,31": 101.02604782005034,
        "12,32": 77.65055991574533,
        "12,33": 122.90190357343567,
        "12,34": 85.07042748972005,
        "12,35": 58.14601719034317,
        "12,36": 25.44718336719616,
        "12,37": 96.5035122383868,
        "12,38": 54.21803935201935,
        "12,39": 11.66049318734524,
        "12,40": 16.568478464008045,
        "13,0": 11.102751954663853,
        "13,1": 91.68794071829674,
        "13,2": 58.49000508662984,
        "13,3": 82.58678703394672,
        "13,4": 43.25095606915828,
        "13,5": 91.27430843036514,
        "13,6": 108.51242679466546,
        "13,7": 58.240595840453906,
        "13,8": 27.850750404177298,
        "13,9": 89.76487633897757,
        "13,10": 76.6449696240371,
        "13,11": 76.51366372872113,
        "13,12": 81.78141690064851,
        "13,13": 0.0,
        "13,14": 53.80405347791794,
        "13,15": 74.48289797262908,
        "13,16": 78.95638007450059,
        "13,17": 121.75412048096621,
        "13,18": 63.95805061257467,
        "13,19": 53.920635150542545,
        "13,20": 96.1508856438323,
        "13,21": 100.9825688147617,
        "13,22": 43.71261169653983,
        "13,23": 37.221386888576376,
        "13,24": 86.19114870178059,
        "13,25": 81.92175748581063,
        "13,26": 118.71420168892925,
        "13,27": 89.77569278742126,
        "13,28": 75.9120810490042,
        "13,29": 74.67633148541378,
        "13,30": 54.532520597813935,
        "13,31": 97.18333638392917,
        "13,32": 24.1154401982313,
        "13,33": 85.85292319490324,
        "13,34": 66.46370085266197,
        "13,35": 23.826010808156948,
        "13,36": 82.62994566965864,
        "13,37": 120.12711636249487,
        "13,38": 92.16876374178621,
        "13,39": 88.14524994429082,
        "13,40": 66.38274928626177,
        "14,0": 62.54832721411361,
        "14,1": 42.62691512847167,
        "14,2": 58.94995055838524,
        "14,3": 31.08235213842327,
        "14,4": 20.389013569085147,
        "14,5": 52.51531344483218,
        "14,6": 60.57708471892242,
        "14,7": 26.64872630316779,
        "14,8": 38.00198046060746,
        "14,9": 56.849453327005605,
        "14,10": 24.602834143793174,
        "14,11": 35.1675654184303,
        "14,12": 46.97084464555572,
        "14,13": 53.80405347791794,
        "14,14": 0.0,
        "14,15": 61.54934710563569,
        "14,16": 69.76349760295344,
        "14,17": 70.8318848809136,
        "14,18": 36.649072734318715,
        "14,19": 55.59353462249214,
        "14,20": 42.69687183766831,
        "14,21": 52.46758405872919,
        "14,22": 28.976212010569633,
        "14,23": 26.811279407779047,
        "14,24": 32.6236079961666,
        "14,25": 37.08040418425259,
        "14,26": 72.17590279113071,
        "14,27": 39.3771534300816,
        "14,28": 64.90288343167049,
        "14,29": 28.839393688922364,
        "14,30": 22.56774093185774,
        "14,31": 61.47940443280075,
        "14,32": 38.06857676753772,
        "14,33": 76.28034917371681,
        "14,34": 39.16802974840526,
        "14,35": 34.304980144578394,
        "14,36": 33.821735400031145,
        "14,37": 71.97330593929694,
        "14,38": 38.502383325969234,
        "14,39": 46.605000804568014,
        "14,40": 31.801378303706286,
        "15,0": 85.33945382180548,
        "15,1": 96.92069040199894,
        "15,2": 18.849472568986396,
        "15,3": 84.20792609245989,
        "15,4": 76.07415592554806,
        "15,5": 38.25315609113659,
        "15,6": 63.759605376356205,
        "15,7": 35.12505053874219,
        "15,8": 82.42987836273713,
        "15,9": 29.272761809104093,
        "15,10": 78.60861081733634,
        "15,11": 95.70991374023096,
        "15,12": 108.23208688348635,
        "15,13": 74.48289797262908,
        "15,14": 61.54934710563569,
        "15,15": 0.0,
        "15,16": 8.488018926318459,
        "15,17": 80.87379045176631,
        "15,18": 97.6940147475972,
        "15,19": 22.22751890780221,
        "15,20": 85.92510442131451,
        "15,21": 60.54538599239485,
        "15,22": 37.68161611793625,
        "15,23": 78.32990333873737,
        "15,24": 78.32468229817256,
        "15,25": 95.91189102476795,
        "15,26": 67.81451521212179,
        "15,27": 92.41446217806742,
        "15,28": 3.6170205007886578,
        "15,29": 88.2666664687332,
        "15,30": 83.10728956981679,
        "15,31": 36.61074618624957,
        "15,32": 51.70895577703161,
        "15,33": 14.741096726291364,
        "15,34": 23.87583321144362,
        "15,35": 74.74545407173972,
        "15,36": 90.08077161988622,
        "15,37": 72.29461067446839,
        "15,38": 74.57959284973036,
        "15,39": 106.07307311709029,
        "15,40": 93.34389715318173,
        "16,0": 89.56313692164885,
        "16,1": 105.40316703118063,
        "16,2": 20.832087151299813,
        "16,3": 92.6935201365619,
        "16,4": 83.69110902524518,
        "16,5": 44.8821096602052,
        "16,6": 70.2767516157998,
        "16,7": 43.48023728578113,
        "16,8": 88.98173657574483,
        "16,9": 35.20394899309272,
        "16,10": 87.09565081274562,
        "16,11": 104.09500334199687,
        "16,12": 116.55050684433107,
        "16,13": 78.95638007450059,
        "16,14": 69.76349760295344,
        "16,15": 8.488018926318459,
        "16,16": 0.0,
        "16,17": 87.34842059798903,
        "16,18": 105.70828211192377,
        "16,19": 25.16604421939323,
        "16,20": 94.23463974879863,
        "16,21": 67.64821508409726,
        "16,22": 44.88488097345881,
        "16,23": 85.58240510165346,
        "16,24": 86.7438020079048,
        "16,25": 104.3683893084245,
        "16,26": 73.33870780198833,
        "16,27": 100.89110451164672,
        "16,28": 4.918667391346426,
        "16,29": 96.69511431736915,
        "16,30": 91.08679133157794,
        "16,31": 41.84093806819562,
        "16,32": 57.1554275352493,
        "16,33": 7.158227977117999,
        "16,34": 32.36360306497192,
        "16,35": 81.20100984034481,
        "16,36": 98.56595861031991,
        "16,37": 78.1348836724808,
        "16,38": 82.79148939592608,
        "16,39": 114.5211142994761,
        "16,40": 101.52793377756959,
        "17,0": 131.7141774796065,
        "17,1": 62.70217121562615,
        "17,2": 94.3211060045353,
        "17,3": 57.57222969769823,
        "17,4": 89.83555320686737,
        "17,5": 42.62142988882041,
        "17,6": 17.114230900781976,
        "17,7": 66.29449947129496,
        "17,8": 108.75918175842696,
        "17,9": 52.18188903742206,
        "17,10": 58.6330832120772,
        "17,11": 77.88994774496909,
        "17,12": 89.3944189997743,
        "17,13": 121.75412048096621,
        "17,14": 70.8318848809136,
        "17,15": 80.87379045176631,
        "17,16": 87.34842059798903,
        "17,17": 0.0,
        "17,18": 93.39674827016056,
        "17,19": 94.53206923095307,
        "17,20": 43.25191248236127,
        "17,21": 21.986143062896183,
        "17,22": 81.4290355578041,
        "17,23": 97.02098831128805,
        "17,24": 47.27946529455581,
        "17,25": 72.31000326990274,
        "17,26": 18.24584849124488,
        "17,27": 58.9925074515769,
        "17,28": 83.85788941234982,
        "17,29": 70.87183371394367,
        "17,30": 85.82765788610733,
        "17,31": 46.43752320770898,
        "17,32": 100.29633144302444,
        "17,33": 89.13969816131367,
        "17,34": 65.01178805368136,
        "17,35": 104.98408062035841,
        "17,36": 64.25712884797117,
        "17,37": 12.408529860751463,
        "17,38": 36.46208797972142,
        "17,39": 79.41412064814807,
        "17,40": 85.49475751208209,
        "18,0": 67.42331152370117,
        "18,1": 37.469181840490776,
        "18,2": 92.55355114812878,
        "18,3": 36.38660285257429,
        "18,4": 24.401143639088215,
        "18,5": 86.9271962052857,
        "18,6": 88.3833226356585,
        "18,7": 63.20147969124501,
        "18,8": 36.48253832627625,
        "18,9": 92.60310302070889,
        "18,10": 34.80853540232458,
        "18,11": 18.172281694883385,
        "18,12": 17.981946773369042,
        "18,13": 63.95805061257467,
        "18,14": 36.649072734318715,
        "18,15": 97.6940147475972,
        "18,16": 105.70828211192377,
        "18,17": 93.39674827016056,
        "18,18": 0.0,
        "18,19": 88.58389753223634,
        "18,20": 52.41729227497001,
        "18,21": 80.54453655822215,
        "18,22": 62.11183562470091,
        "18,23": 27.528537911484747,
        "18,24": 46.17808414043847,
        "18,25": 25.138441841567815,
        "18,26": 100.35510390631427,
        "18,27": 38.47342159247378,
        "18,28": 100.92723464029731,
        "18,29": 22.933105454440355,
        "18,30": 14.650908304366743,
        "18,31": 96.3474535942391,
        "18,32": 61.63855963965541,
        "18,33": 112.4263639786364,
        "18,34": 75.80185526461399,
        "18,35": 40.499597063033626,
        "18,36": 31.086992455120154,
        "18,37": 98.47821568352558,
        "18,38": 56.940350701679556,
        "18,39": 26.616483842445394,
        "18,40": 7.931862457624864,
        "19,0": 64.4325835079522,
        "19,1": 96.3349116452494,
        "19,2": 4.679788507965354,
        "19,3": 83.73014321163805,
        "19,4": 64.86504603097157,
        "19,5": 53.512656363957355,
        "19,6": 77.84555300150632,
        "19,7": 33.9685092026665,
        "19,8": 66.46701715077992,
        "19,9": 46.97005732493294,
        "19,10": 77.4334954826493,
        "19,11": 90.71154071850682,
        "19,12": 101.9429277106175,
        "19,13": 53.920635150542545,
        "19,14": 55.59353462249214,
        "19,15": 22.22751890780221,
        "19,16": 25.16604421939323,
        "19,17": 94.53206923095307,
        "19,18": 88.58389753223634,
        "19,19": 0.0,
        "19,20": 89.52845214626495,
        "19,21": 72.8036837645447,
        "19,22": 26.831247754117683,
        "19,23": 65.18082006930688,
        "19,24": 80.45233456041669,
        "19,25": 92.51931791035429,
        "19,26": 84.2760075884471,
        "19,27": 92.31635532024559,
        "19,28": 22.71789368882776,
        "19,29": 84.34139721430677,
        "19,30": 74.08562169038751,
        "19,31": 54.95551726730156,
        "19,32": 33.22939506928058,
        "19,33": 31.950622025015853,
        "19,34": 29.738133510826767,
        "19,35": 58.596858564545016,
        "19,36": 88.25535949402794,
        "19,37": 87.90940929279806,
        "19,38": 79.72725902156944,
        "19,39": 102.18810560493142,
        "19,40": 85.83342613799537,
        "20,0": 104.18355398103567,
        "20,1": 19.566852269059357,
        "20,2": 91.45882968769855,
        "20,3": 16.245376713411222,
        "20,4": 56.039305110079816,
        "20,5": 56.22084409909432,
        "20,6": 44.14810882383789,
        "20,7": 55.56220203676116,
        "20,8": 76.03714928438332,
        "20,9": 65.81285542072841,
        "20,10": 20.326735711243156,
        "20,11": 35.444763823664324,
        "20,12": 46.24144783308672,
        "20,13": 96.1508856438323,
        "20,14": 42.69687183766831,
        "20,15": 85.92510442131451,
        "20,16": 94.23463974879863,
        "20,17": 43.25191248236127,
        "20,18": 52.41729227497001,
        "20,19": 89.52845214626495,
        "20,20": 0.0,
        "20,21": 38.35642890291941,
        "20,22": 66.56748067254698,
        "20,23": 63.529080558679254,
        "20,24": 10.097890410441076,
        "20,25": 29.351628264662978,
        "20,26": 54.950304008354756,
        "20,27": 15.746121733835723,
        "20,28": 89.52747333511682,
        "20,29": 29.507400470103196,
        "20,30": 48.426106486971335,
        "20,31": 65.1971840939179,
        "20,32": 80.21022006593842,
        "20,33": 98.93764379434577,
        "20,34": 62.7468352395852,
        "20,35": 74.7153050204421,
        "20,36": 21.66735531040146,
        "20,37": 51.3158399926987,
        "20,38": 12.155565470951483,
        "20,39": 36.187225099990826,
        "20,40": 44.547126718088045,
        "21,0": 111.2434091041945,
        "21,1": 56.886567594275654,
        "21,2": 72.8166490825415,
        "21,3": 47.884778738280104,
        "21,4": 72.49797466082138,
        "21,5": 23.081683275763833,
        "21,6": 8.132863704522592,
        "21,7": 44.48817940288413,
        "21,8": 90.30851890852954,
        "21,9": 33.399680662301584,
        "21,10": 46.569147926221355,
        "21,11": 67.68634342021974,
        "21,12": 80.51624120797608,
        "21,13": 100.9825688147617,
        "21,14": 52.46758405872919,
        "21,15": 60.54538599239485,
        "21,16": 67.64821508409726,
        "21,17": 21.986143062896183,
        "21,18": 80.54453655822215,
        "21,19": 72.8036837645447,
        "21,20": 38.35642890291941,
        "21,21": 0.0,
        "21,22": 59.70951095959029,
        "21,23": 79.2524317783195,
        "21,24": 37.40016853267865,
        "21,25": 63.49591043356954,
        "21,26": 20.013149986348697,
        "21,27": 52.348420338672035,
        "21,28": 63.75413416047737,
        "21,29": 59.74556287216737,
        "21,30": 70.57196751062585,
        "21,31": 29.778754050401858,
        "21,32": 78.88814523456648,
        "21,33": 70.36317817263067,
        "21,34": 43.15553668038598,
        "21,35": 85.75472958733049,
        "21,36": 55.27510712708128,
        "21,37": 19.567879766554782,
        "21,38": 27.109656016348918,
        "21,39": 72.39013569944889,
        "21,40": 72.97685082854261,
        "22,0": 54.70569778630148,
        "22,1": 70.76672819175614,
        "22,2": 30.53600097967529,
        "22,3": 58.46904518585453,
        "22,4": 39.04980595568454,
        "22,5": 47.617229219341894,
        "22,6": 66.628789837539,
        "22,7": 15.279637766245232,
        "22,8": 45.14129349082194,
        "22,9": 46.30401456124442,
        "22,10": 52.00418682579695,
        "22,11": 63.9600779725165,
        "22,12": 75.11356390635413,
        "22,13": 43.71261169653983,
        "22,14": 28.976212010569633,
        "22,15": 37.68161611793625,
        "22,16": 44.88488097345881,
        "22,17": 81.4290355578041,
        "22,18": 62.11183562470091,
        "22,19": 26.831247754117683,
        "22,20": 66.56748067254698,
        "22,21": 59.70951095959029,
        "22,22": 0.0,
        "22,23": 40.707894960820724,
        "22,24": 56.833466947472935,
        "22,25": 66.0474058240657,
        "22,26": 75.99442042666928,
        "22,27": 67.04323710011653,
        "22,28": 40.431398396564475,
        "22,29": 57.814204413680386,
        "22,30": 47.51201656706033,
        "22,31": 53.54862975156033,
        "22,32": 19.89984273494882,
        "22,33": 51.94210859562333,
        "22,34": 22.9993150038457,
        "22,35": 37.68378737545682,
        "22,36": 62.31742410082375,
        "22,37": 78.02682877422889,
        "22,38": 58.47236312750484,
        "22,39": 75.55360817581278,
        "22,40": 59.05406035005182,
        "23,0": 42.51935385164453,
        "23,1": 55.654666535826706,
        "23,2": 69.54697676125024,
        "23,3": 48.278266480410515,
        "23,4": 7.5090001216103355,
        "23,5": 77.99088519005669,
        "23,6": 87.37065324330074,
        "23,7": 47.457184915819504,
