{
    "num_robots": 4,
    "num_tasks": 40,
    "num_nodes": 41,
    "robot_capacity": [
        120,
        121,
        127,
        114
    ],
    "robot_speed": [
        0.91,
        1.07,
        0.91,
        1.16
    ],
    "task_demand": {
        "0": 0,
        "1": 7,
        "2": 9,
        "3": 13,
        "4": 14,
        "5": 14,
        "6": 10,
        "7": 5,
        "8": 12,
        "9": 8,
        "10": 10,
        "11": 9,
        "12": 14,
        "13": 7,
        "14": 7,
        "15": 7,
        "16": 15,
        "17": 8,
        "18": 10,
        "19": 13,
        "20": 11,
        "21": 12,
        "22": 9,
        "23": 8,
        "24": 5,
        "25": 14,
        "26": 6,
        "27": 14,
        "28": 8,
        "29": 12,
        "30": 12,
        "31": 5,
        "32": 6,
        "33": 10,
        "34": 8,
        "35": 7,
        "36": 5,
        "37": 7,
        "38": 10,
        "39": 12,
        "40": 6
    },
    "task_service_time": {
        "0": 0,
        "1": 29,
        "2": 20,
        "3": 39,
        "4": 68,
        "5": 66,
        "6": 66,
        "7": 11,
        "8": 77,
        "9": 86,
        "10": 27,
        "11": 83,
        "12": 28,
        "13": 95,
        "14": 19,
        "15": 61,
        "16": 48,
        "17": 29,
        "18": 89,
        "19": 64,
        "20": 50,
        "21": 86,
        "22": 20,
        "23": 23,
        "24": 25,
        "25": 22,
        "26": 59,
        "27": 83,
        "28": 17,
        "29": 15,
        "30": 18,
        "31": 20,
        "32": 11,
        "33": 89,
        "34": 25,
        "35": 26,
        "36": 41,
        "37": 80,
        "38": 99,
        "39": 83,
        "40": 16
    },
    "task_precedence": [],
    "coordinates": {
        "0": [
            50.0,
            50.0
        ],
        "1": [
            62.220782130960984,
            71.4788926615901
        ],
        "2": [
            55.41763558405306,
            32.026275834301096
        ],
        "3": [
            9.4227535751235,
            77.715124929155
        ],
        "4": [
            65.46303398211899,
            18.618552880105632
        ],
        "5": [
            51.715287675173194,
            81.60740220880565
        ],
        "6": [
            91.19056120956098,
            24.390756330143258
        ],
        "7": [
            24.5879289596896,
            84.26409917019146
        ],
        "8": [
            68.26155503833706,
            97.91487300915455
        ],
        "9": [
            26.09382432947902,
            28.307509709135193
        ],
        "10": [
            75.53742006485135,
            85.85314464830196
        ],
        "11": [
            12.397947019755428,
            21.30388887479725
        ],
        "12": [
            22.728594359364163,
            58.806689342405186
        ],
        "13": [
            27.92529258846376,
            95.82414731648169
        ],
        "14": [
            11.118307399470861,
            87.5812142708622
        ],
        "15": [
            85.06936016835837,
            53.3241301511309
        ],
        "16": [
            82.08377917563477,
            50.215322186645714
        ],
        "17": [
            8.605269443463126,
            25.463966489876956
        ],
        "18": [
            95.04413767473491,
            29.014081707061056
        ],
        "19": [
            12.721212556726226,
            80.91674320850744
        ],
        "20": [
            30.74754786213889,
            10.444790030682316
        ],
        "21": [
            33.43258510657889,
            3.7099641919783877
        ],
        "22": [
            0.2881830486277992,
            16.709717698392268
        ],
        "23": [
            68.72829488328448,
            31.426778032984426
        ],
        "24": [
            80.25489188669997,
            8.039940632775233
        ],
        "25": [
            49.135149650746676,
            90.53858259446855
        ],
        "26": [
            54.71072258854911,
            54.852290729811635
        ],
        "27": [
            70.86425178405862,
            55.495645385573766
        ],
        "28": [
            18.844579230670945,
            87.33768487504985
        ],
        "29": [
            36.79745494549444,
            55.24250377034426
        ],
        "30": [
            90.84336274126001,
            51.79592596205838
        ],
        "31": [
            75.77341851034507,
            68.0451937378568
        ],
        "32": [
            20.16710121180315,
            57.34084843766798
        ],
        "33": [
            13.196983264486317,
            3.92201710276453
        ],
        "34": [
            69.44327891243034,
            67.04586624923805
        ],
        "35": [
            69.26517599231772,
            7.354844282385775
        ],
        "36": [
            70.24612998327642,
            32.31999874637908
        ],
        "37": [
            17.94377779250117,
            95.66576890093232
        ],
        "38": [
            64.59330426113611,
            79.05467226131739
        ],
        "39": [
            39.912533616161184,
            8.14019094329873
        ],
        "40": [
            14.3771970222204,
            0.1685997676787454
        ]
    },
    "distance_matrix_str_keys": {
        "0,0": 0.0,
        "0,1": 24.712149762020385,
        "0,2": 18.772467491148486,
        "0,3": 49.13899751993137,
        "0,4": 34.98429137871586,
        "0,5": 31.653911072690743,
        "0,6": 48.50253286273499,
        "0,7": 42.659135557375016,
        "0,8": 51.27688999833766,
        "0,9": 32.281099272005484,
        "0,10": 44.01826671667952,
        "0,11": 47.30096385951458,
        "0,12": 28.65811129139074,
        "0,13": 50.863987108636586,
        "0,14": 54.075259458966066,
        "0,15": 35.226550553236095,
        "0,16": 32.08450170775537,
        "0,17": 48.12006502757626,
        "0,18": 49.69288787601685,
        "0,19": 48.4309095915158,
        "0,20": 43.99172136933769,
        "0,21": 49.16550265540539,
        "0,22": 59.828986622936156,
        "0,23": 26.37638344184603,
        "0,24": 51.730117583250575,
        "0,25": 40.547806906109635,
        "0,26": 6.762812479500135,
        "0,27": 21.575892118579283,
        "0,28": 48.62882843686928,
        "0,29": 14.205317374079435,
        "0,30": 40.88282805867693,
        "0,31": 31.462646404048474,
        "0,32": 30.722791310224554,
        "0,33": 58.9715401588972,
        "0,34": 25.8573519729587,
        "0,35": 46.794832109908675,
        "0,36": 26.879141050780653,
        "0,37": 55.793940813764884,
        "0,38": 32.51366650303623,
        "0,39": 43.05810716123698,
        "0,40": 61.254816472727185,
        "1,0": 24.712149762020385,
        "1,1": 0.0,
        "1,2": 40.03488200881316,
        "1,3": 53.16504878468605,
        "1,4": 52.95968012441471,
        "1,5": 14.592879065099686,
        "1,6": 55.28598993444735,
        "1,7": 39.74535373195279,
        "1,8": 27.11737439825808,
        "1,9": 56.29320905773246,
        "1,10": 19.59469229255254,
        "1,11": 70.70958848362119,
        "1,12": 41.47550640980556,
        "1,13": 42.05796033060872,
        "1,14": 53.579358757743805,
        "1,15": 29.18309305303694,
        "1,16": 29.09773326119487,
        "1,17": 70.65406309145607,
        "1,18": 53.671527261266604,
        "1,19": 50.39127316292431,
        "1,20": 68.6711450268622,
        "1,21": 73.63007506334615,
        "1,22": 82.67592972106448,
        "1,23": 40.57732874949534,
        "1,24": 65.95248099348737,
        "1,25": 23.119376240389965,
        "1,26": 18.244037001946438,
        "1,27": 18.170684112886427,
        "1,28": 46.18437255735777,
        "1,29": 30.165640875125685,
        "1,30": 34.73717459563947,
        "1,31": 13.980852661073717,
        "1,32": 44.36661327313498,
        "1,33": 83.47014011352326,
        "1,34": 8.47444292746999,
        "1,35": 64.50982146473866,
        "1,36": 39.972805515918125,
        "1,37": 50.452533092058395,
        "1,38": 7.938595455231046,
        "1,39": 67.1524317292885,
        "1,40": 85.87296727534648,
        "2,0": 18.772467491148486,
        "2,1": 40.03488200881316,
        "2,2": 0.0,
        "2,3": 64.83054914643006,
        "2,4": 16.753419465659107,
        "2,5": 49.719166048949155,
        "2,6": 36.57872832544205,
        "2,7": 60.65691219816594,
        "2,8": 67.12878298180478,
        "2,9": 29.558672635752178,
        "2,10": 57.46422829790226,
        "2,11": 44.33580027786234,
        "2,12": 42.2583005320192,
        "2,13": 69.4693985078607,
        "2,14": 71.05477930649995,
        "2,15": 36.50785352940381,
        "2,16": 32.27885718631618,
        "2,17": 47.2700912587713,
        "2,18": 39.74082260601802,
        "2,19": 64.90964750633592,
        "2,20": 32.77764112468649,
        "2,21": 35.84907180837779,
        "2,22": 57.21759772995002,
        "2,23": 13.324152828378972,
        "2,24": 34.52873552627336,
        "2,25": 58.84861656741075,
        "2,26": 22.836958685282095,
        "2,27": 28.096427871964064,
        "2,28": 66.30942935285061,
        "2,29": 29.76078571864097,
        "2,30": 40.568722074904,
        "2,31": 41.372942190342314,
        "2,32": 43.398476466580085,
        "2,33": 50.719156549955414,
        "2,34": 37.72387020978624,
        "2,35": 28.29194072840118,
        "2,36": 14.831403146596687,
        "2,37": 73.85306422592943,
        "2,38": 47.915164261100074,
        "2,39": 28.477240709993236,
        "2,40": 51.954105917755946,
        "3,0": 49.13899751993137,
        "3,1": 53.16504878468605,
        "3,2": 64.83054914643006,
        "3,3": 0.0,
        "3,4": 81.44272745950472,
        "3,5": 42.47126396783537,
        "3,6": 97.61896666030451,
        "3,7": 16.5188258679123,
        "3,8": 62.209600385494426,
        "3,9": 52.14438648432121,
        "3,10": 66.6136359163585,
        "3,11": 56.48963913155626,
        "3,12": 23.120863636850352,
        "3,13": 25.889778712165107,
        "3,14": 10.010725331853209,
        "3,15": 79.48163130770055,
        "3,16": 77.69082180151705,
        "3,17": 52.257552933064645,
        "3,18": 98.50285795880977,
        "3,19": 4.59675877766056,
        "3,20": 70.56943253800611,
        "3,21": 77.80254382669126,
        "3,22": 61.68549335212228,
        "3,23": 75.23136505629957,
        "3,24": 99.35704869069322,
        "3,25": 41.731468564636685,
        "3,26": 50.731738832684044,
        "3,27": 65.33577100904375,
        "3,28": 13.467162232477634,
        "3,29": 35.417410645957965,
        "3,30": 85.44659426847097,
        "3,31": 67.05160927666452,
        "3,32": 23.033717648034674,
        "3,33": 73.8895633525152,
        "3,34": 60.961434879317565,
        "3,35": 92.36711868110879,
        "3,36": 75.89598539341854,
        "3,37": 19.87041702417547,
        "3,38": 55.1868104718237,
        "3,39": 75.96247840932467,
        "3,40": 77.70463354581855,
        "4,0": 34.98429137871586,
        "4,1": 52.95968012441471,
        "4,2": 16.753419465659107,
        "4,3": 81.44272745950472,
        "4,4": 0.0,
        "4,5": 64.47166562354205,
        "4,6": 26.367100521433816,
        "4,7": 77.3311836086739,
        "4,8": 79.34568738192836,
        "4,9": 40.54393361661296,
        "4,10": 67.98517180371,
        "4,11": 53.132988657966465,
        "4,12": 58.662753448702766,
        "4,13": 85.84745681271589,
        "4,14": 87.80203854944901,
        "4,15": 39.860821871059336,
        "4,16": 35.701610627512196,
        "4,17": 57.26836016354994,
        "4,18": 31.354564504476166,
        "4,19": 81.62575724280784,
        "4,20": 35.66476378255075,
        "4,21": 35.33009583684063,
        "4,22": 65.20279783838838,
        "4,23": 13.21788789177443,
        "4,24": 18.18532642953333,
        "4,25": 73.75018970045785,
        "4,26": 37.7954489173698,
        "4,27": 37.27053937630691,
        "4,28": 83.03974605904918,
        "4,29": 46.50837774332254,
        "4,30": 41.771990287047174,
        "4,31": 50.49056204481192,
        "4,32": 59.591423030333694,
        "4,33": 54.292985011627586,
        "4,34": 48.5906063952429,
        "4,35": 11.88812076150248,
        "4,36": 14.512326697766623,
        "4,37": 90.52266680436709,
        "4,38": 60.44237715086693,
        "4,39": 27.61565023369056,
        "4,40": 54.31540764593497,
        "5,0": 31.653911072690743,
        "5,1": 14.592879065099686,
        "5,2": 49.719166048949155,
        "5,3": 42.47126396783537,
        "5,4": 64.47166562354205,
        "5,5": 0.0,
        "5,6": 69.51288935311919,
        "5,7": 27.257139057926832,
        "5,8": 23.23171469258207,
        "5,9": 59.13829490652548,
        "5,10": 24.197527155763108,
        "5,11": 71.98865880566949,
        "5,12": 36.87954577541334,
        "5,13": 27.714250985409826,
        "5,14": 41.03414721982823,
        "5,15": 43.73142611634221,
        "5,16": 43.67731635679212,
        "5,17": 70.78530247349272,
        "5,18": 68.14283970956706,
        "5,19": 39.0001910789906,
        "5,20": 74.18735394176754,
        "5,21": 80.0141741368186,
        "5,22": 82.80372301462535,
        "5,23": 52.98620062750546,
        "5,24": 78.9093176455817,
        "5,25": 9.296402277566372,
        "5,26": 26.92226997438494,
        "5,27": 32.380652724103314,
        "5,28": 33.36644441768601,
        "5,29": 30.29273185140388,
        "5,30": 49.190754968669694,
        "5,31": 27.61751541851157,
        "5,32": 39.80142837958307,
        "5,33": 86.71031561324325,
        "5,34": 22.9416652144095,
        "5,35": 76.2983678630191,
        "5,36": 52.65586630866316,
        "5,37": 36.58076753986595,
        "5,38": 13.128584896063225,
        "5,39": 74.40924764105702,
        "5,40": 89.59024253038396,
        "6,0": 48.50253286273499,
        "6,1": 55.28598993444735,
        "6,2": 36.57872832544205,
        "6,3": 97.61896666030451,
        "6,4": 26.367100521433816,
        "6,5": 69.51288935311919,
        "6,6": 0.0,
        "6,7": 89.55851609675966,
        "6,8": 77.01645965265406,
        "6,9": 65.21446242564963,
        "6,10": 63.424332913073144,
        "6,11": 78.85305828913944,
        "6,12": 76.62569640859357,
        "6,13": 95.42129511543367,
        "6,14": 102.00294017814026,
        "6,15": 29.573792838454676,
        "6,16": 27.38323722079392,
        "6,17": 82.59226474760493,
        "6,18": 6.0187365047653065,
        "6,19": 96.70897512937017,
        "6,20": 62.03102319438513,
        "6,21": 61.34883020053954,
        "6,22": 91.22631588404606,
        "6,23": 23.53845810403535,
        "6,24": 19.67074064462902,
        "6,25": 78.3849000820733,
        "6,26": 47.525611030235574,
        "6,27": 37.15740811751954,
        "6,28": 95.89711633687145,
        "6,29": 62.53351364802704,
        "6,30": 27.40736888740751,
        "6,31": 46.29684864428643,
        "6,32": 78.2945747797858,
        "6,33": 80.63477839141662,
        "6,34": 47.87904227865413,
        "6,35": 27.76589303846426,
        "6,36": 22.395135290683047,
        "6,37": 102.20185271271654,
        "6,38": 60.79109953036718,
        "6,39": 53.79142114930205,
        "6,40": 80.54195047497645,
        "7,0": 42.659135557375016,
        "7,1": 39.74535373195279,
        "7,2": 60.65691219816594,
        "7,3": 16.5188258679123,
        "7,4": 77.3311836086739,
        "7,5": 27.257139057926832,
        "7,6": 89.55851609675966,
        "7,7": 0.0,
        "7,8": 45.757286209521155,
        "7,9": 55.97684900901396,
        "7,10": 50.97426516789094,
        "7,11": 64.12942959465789,
        "7,12": 25.525219691431385,
        "7,13": 12.032153137955515,
        "7,14": 13.872056717250235,
        "7,15": 67.93589039638297,
        "7,16": 66.82134394136081,
        "7,17": 60.933578660983095,
        "7,18": 89.53570112627834,
        "7,19": 12.329791162975207,
        "7,20": 74.07584833707831,
        "7,21": 81.03824161742946,
        "7,22": 71.79186658236105,
        "7,23": 68.84877928347895,
        "7,24": 94.38714481461079,
        "7,25": 25.336439882055032,
        "7,26": 42.10032270351923,
        "7,27": 54.48965027693701,
        "7,28": 6.514061344117699,
        "7,29": 31.48532236376937,
        "7,30": 73.78322829110552,
        "7,31": 53.693642397990416,
        "7,32": 27.283789106038935,
        "7,33": 81.14557162754005,
        "7,34": 48.04653956637297,
        "7,35": 88.94430779882398,
        "7,36": 69.15823081564022,
        "7,37": 13.196318326766136,
        "7,38": 40.343130539516736,
        "7,39": 77.65109729819365,
        "7,40": 84.71311625986185,
        "8,0": 51.27688999833766,
        "8,1": 27.11737439825808,
        "8,2": 67.12878298180478,
        "8,3": 62.209600385494426,
        "8,4": 79.34568738192836,
        "8,5": 23.23171469258207,
        "8,6": 77.01645965265406,
        "8,7": 45.757286209521155,
        "8,8": 0.0,
        "8,9": 81.38367489070306,
        "8,10": 14.086287762751732,
        "8,11": 94.8155345441267,
        "8,12": 60.02250026369356,
        "8,13": 40.39040978186606,
        "8,14": 58.0700891478244,
        "8,15": 47.65329644336431,
        "8,16": 49.66186694810011,
        "8,17": 93.8509790382725,
        "8,18": 73.92310717718867,
        "8,19": 58.08326832827396,
        "8,20": 95.17518663326418,
        "8,21": 100.43715443878222,
        "8,22": 105.89927548711755,
        "8,23": 66.48973318974201,
        "8,24": 90.67162510078363,
        "8,25": 20.499488855389423,
        "8,26": 45.14433577590221,
        "8,27": 42.498998841518,
        "8,28": 50.53626823183231,
        "8,29": 53.018116631070384,
        "8,30": 51.35070901034036,
        "8,31": 30.79977000875627,
        "8,32": 62.923190945788804,
        "8,33": 108.93467779397412,
        "8,34": 30.8916177895942,
        "8,35": 90.56558981209395,
        "8,36": 65.62488908380269,
        "8,37": 50.36801739448539,
        "8,38": 19.21362110621401,
        "8,39": 94.14436019019132,
        "8,40": 111.61477487952159,
        "9,0": 32.281099272005484,
        "9,1": 56.29320905773246,
        "9,2": 29.558672635752178,
        "9,3": 52.14438648432121,
        "9,4": 40.54393361661296,
        "9,5": 59.13829490652548,
        "9,6": 65.21446242564963,
        "9,7": 55.97684900901396,
        "9,8": 81.38367489070306,
        "9,9": 0.0,
        "9,10": 75.86942242955841,
        "9,11": 15.382709776699748,
        "9,12": 30.684274980097385,
        "9,13": 67.54147340549675,
        "9,14": 61.13622624755194,
        "9,15": 64.06204122428367,
        "9,16": 60.12343379435614,
        "9,17": 17.71821915546198,
        "9,18": 68.95393356725363,
        "9,19": 54.2822088258781,
        "9,20": 18.458978764531366,
        "9,21": 25.66898235637908,
        "9,22": 28.292046611025242,
        "9,23": 42.74842586902439,
        "9,24": 57.82902035486053,
        "9,25": 66.35969488341672,
        "9,26": 39.03270763610479,
        "9,27": 52.37925062490115,
        "9,28": 59.47363394497733,
        "9,29": 28.983816405737016,
        "9,30": 68.87821442669146,
        "9,31": 63.61718014767754,
        "9,32": 29.632090790886075,
        "9,33": 27.58587970522311,
        "9,34": 58.1363524833429,
        "9,35": 47.98728782585849,
        "9,36": 44.3342549595722,
        "9,37": 67.8495271899829,
        "9,38": 63.69838665229812,
        "9,39": 24.44744306778718,
        "9,40": 30.48077440208163,
        "10,0": 44.01826671667952,
        "10,1": 19.59469229255254,
        "10,2": 57.46422829790226,
        "10,3": 66.6136359163585,
        "10,4": 67.98517180371,
        "10,5": 24.197527155763108,
        "10,6": 63.424332913073144,
        "10,7": 50.97426516789094,
        "10,8": 14.086287762751732,
        "10,9": 75.86942242955841,
        "10,10": 0.0,
        "10,11": 90.29506895354655,
        "10,12": 59.331971288727594,
        "10,13": 48.64499539558647,
        "10,14": 64.4422865920771,
        "10,15": 33.896823837846675,
        "10,16": 36.23408902423059,
        "10,17": 90.14857528244245,
        "10,18": 60.09318686798103,
        "10,19": 63.009872122379676,
        "10,20": 87.70719809725992,
        "10,21": 92.30557525059633,
        "10,22": 102.19227545123597,
        "10,23": 54.850647841964445,
        "10,24": 77.95607262780702,
        "10,25": 26.81479464338455,
        "10,26": 37.34707848607427,
        "10,27": 30.715082016285585,
        "10,28": 56.7122743463401,
        "10,29": 49.37404411640073,
        "10,30": 37.3385327223249,
        "10,31": 17.809514617055118,
        "10,32": 62.28019946251904,
        "10,33": 102.95163777883006,
        "10,34": 19.769984247983796,
        "10,35": 78.74848700796119,
        "10,36": 53.79400952600518,
        "10,37": 58.423584492213,
        "10,38": 12.883823094164295,
        "10,39": 85.48938944710065,
        "10,40": 105.27304552459714,
        "11,0": 47.30096385951458,
        "11,1": 70.70958848362119,
        "11,2": 44.33580027786234,
        "11,3": 56.48963913155626,
        "11,4": 53.132988657966465,
        "11,5": 71.98865880566949,
        "11,6": 78.85305828913944,
        "11,7": 64.12942959465789,
        "11,8": 94.8155345441267,
        "11,9": 15.382709776699748,
        "11,10": 90.29506895354655,
        "11,11": 0.0,
        "11,12": 38.899644180488075,
        "11,13": 76.1207421050631,
        "11,14": 66.28967747103374,
        "11,15": 79.41303507869198,
        "11,16": 75.44525286194519,
        "11,17": 5.629444818203454,
        "11,18": 83.00505950416462,
        "11,19": 59.613730821175274,
        "11,20": 21.322004567607102,
        "11,21": 27.42265824438519,
        "11,22": 12.95194163955857,
        "11,23": 57.23269149127214,
        "11,24": 69.14114035538168,
        "11,25": 78.37770647069996,
        "11,26": 53.99876149839584,
        "11,27": 67.73023701482677,
        "11,28": 66.3477300370238,
        "11,29": 41.79910965614514,
        "11,30": 84.16321983770932,
        "11,31": 78.74769816925455,
        "11,32": 36.8649184373951,
        "11,33": 17.400227734710295,
        "11,34": 73.11975372544198,
        "11,35": 58.55303216793228,
        "11,36": 58.88774871638211,
        "11,37": 74.5683943771169,
        "11,38": 77.8428435972898,
        "11,39": 30.501400276099616,
        "11,40": 21.22776192192054,
        "12,0": 28.65811129139074,
        "12,1": 41.47550640980556,
        "12,2": 42.2583005320192,
        "12,3": 23.120863636850352,
        "12,4": 58.662753448702766,
        "12,5": 36.87954577541334,
        "12,6": 76.62569640859357,
        "12,7": 25.525219691431385,
        "12,8": 60.02250026369356,
        "12,9": 30.684274980097385,
        "12,10": 59.331971288727594,
        "12,11": 38.899644180488075,
        "12,12": 0.0,
        "12,13": 37.380447661134916,
        "12,14": 31.028568258130488,
        "12,15": 62.581383309556905,
        "12,16": 59.97374053849488,
        "12,17": 36.21057130038987,
        "12,18": 78.2121299717047,
        "12,19": 24.269366957251115,
        "12,20": 49.02220843981719,
        "12,21": 56.12686112921452,
        "12,22": 47.70458134594467,
        "12,23": 53.53159806695575,
        "12,24": 76.72377520527958,
        "12,25": 41.282190006311275,
        "12,26": 32.2256698061547,
        "12,27": 48.249399247986624,
        "12,28": 28.79415356637016,
        "12,29": 14.513313094674736,
        "12,30": 68.4746119002841,
        "12,31": 53.84332208058178,
        "12,32": 2.951260188970606,
        "12,33": 55.70618329159502,
        "12,34": 47.43570162856841,
        "12,35": 69.37539758560519,
        "12,36": 54.4009280297624,
        "12,37": 37.168349646982705,
        "12,38": 46.50413688527164,
        "12,39": 53.50123202700988,
        "12,40": 59.22981838952821,
        "13,0": 50.863987108636586,
        "13,1": 42.05796033060872,
        "13,2": 69.4693985078607,
        "13,3": 25.889778712165107,
        "13,4": 85.84745681271589,
        "13,5": 27.714250985409826,
        "13,6": 95.42129511543367,
        "13,7": 12.032153137955515,
        "13,8": 40.39040978186606,
        "13,9": 67.54147340549675,
        "13,10": 48.64499539558647,
        "13,11": 76.1207421050631,
        "13,12": 37.380447661134916,
        "13,13": 0.0,
        "13,14": 18.719527139796888,
        "13,15": 71.21584036315708,
        "13,16": 70.80470746452343,
        "13,17": 72.96450054838913,
        "13,18": 94.7022926462182,
        "13,19": 21.29306804690032,
        "13,20": 85.42599004615614,
        "13,21": 92.27867036089442,
        "13,22": 83.8027612761806,
        "13,23": 76.23585879955876,
        "13,24": 102.19811106767902,
        "13,25": 21.85852765016579,
        "13,26": 48.95050860254805,
        "13,27": 58.907913600739626,
        "13,28": 12.428974207722458,
        "13,29": 41.54016198566479,
        "13,30": 76.79301939230079,
        "13,31": 55.32732974000829,
        "13,32": 39.2575320930009,
        "13,33": 93.07483351240434,
        "13,34": 50.51665714971993,
        "13,35": 97.65143900211062,
        "13,36": 76.31402337324273,
        "13,37": 9.982771225693396,
        "13,38": 40.320694111746306,
        "13,39": 88.49954888421954,
        "13,40": 96.61022032028167,
        "14,0": 54.075259458966066,
        "14,1": 53.579358757743805,
        "14,2": 71.05477930649995,
        "14,3": 10.010725331853209,
        "14,4": 87.80203854944901,
        "14,5": 41.03414721982823,
        "14,6": 102.00294017814026,
        "14,7": 13.872056717250235,
        "14,8": 58.0700891478244,
        "14,9": 61.13622624755194,
        "14,10": 64.4422865920771,
        "14,11": 66.28967747103374,
        "14,12": 31.028568258130488,
        "14,13": 18.719527139796888,
        "14,14": 0.0,
        "14,15": 81.50034366806763,
        "14,16": 80.20167127724228,
        "14,17": 62.168061186212434,
        "14,18": 102.34087162096229,
        "14,19": 6.854522556977975,
        "14,20": 79.59481783195596,
        "14,21": 86.78890239762575,
        "14,22": 71.69421608383999,
        "14,23": 80.45017940986236,
        "14,24": 105.38824187986437,
        "14,25": 38.13169707946213,
        "14,26": 54.511293308569684,
        "14,27": 67.8163815099187,
        "14,28": 7.730108859273628,
        "14,29": 41.29419832769197,
        "14,30": 87.38805014757769,
        "14,31": 67.54213122951849,
        "14,32": 31.565176938891437,
        "14,33": 83.68501756086593,
        "14,34": 61.8344792195807,
        "14,35": 99.0824342084999,
        "14,36": 80.93146078469955,
        "14,37": 10.580504224880848,
        "14,38": 54.150505149958114,
        "14,39": 84.4984239542278,
        "14,40": 87.47334185827945,
        "15,0": 35.226550553236095,
        "15,1": 29.18309305303694,
        "15,2": 36.50785352940381,
        "15,3": 79.48163130770055,
        "15,4": 39.860821871059336,
        "15,5": 43.73142611634221,
        "15,6": 29.573792838454676,
        "15,7": 67.93589039638297,
        "15,8": 47.65329644336431,
        "15,9": 64.06204122428367,
        "15,10": 33.896823837846675,
        "15,11": 79.41303507869198,
        "15,12": 62.581383309556905,
        "15,13": 71.21584036315708,
        "15,14": 81.50034366806763,
        "15,15": 0.0,
        "15,16": 4.310264588648701,
        "15,17": 81.38148370247906,
        "15,18": 26.276884169450877,
        "15,19": 77.43130347713785,
        "15,20": 69.20619265208317,
        "15,21": 71.60951055972342,
        "15,22": 92.34967890072163,
        "15,23": 27.322599518295128,
        "15,24": 45.53939970146124,
        "15,25": 51.73183696894471,
        "15,26": 30.397074702287405,
        "15,27": 14.370128135236667,
        "15,28": 74.44893226367802,
        "15,29": 48.31000922363866,
        "15,30": 5.972814558930617,
        "15,31": 17.410463647864592,
        "15,32": 65.02643495884695,
        "15,33": 87.21357311483008,
        "15,34": 20.79568361374451,
        "15,35": 48.61015820538567,
        "15,36": 25.70800826956469,
        "15,37": 79.3640862186208,
        "15,38": 32.88357740270623,
        "15,39": 63.88057096333982,
        "15,40": 88.44711606732179,
        "16,0": 32.08450170775537,
        "16,1": 29.09773326119487,
        "16,2": 32.27885718631618,
        "16,3": 77.69082180151705,
        "16,4": 35.701610627512196,
        "16,5": 43.67731635679212,
        "16,6": 27.38323722079392,
        "16,7": 66.82134394136081,
        "16,8": 49.66186694810011,
        "16,9": 60.12343379435614,
        "16,10": 36.23408902423059,
        "16,11": 75.44525286194519,
        "16,12": 59.97374053849488,
        "16,13": 70.80470746452343,
        "16,14": 80.20167127724228,
        "16,15": 4.310264588648701,
        "16,16": 0.0,
        "16,17": 77.53528874834225,
        "16,18": 24.848812653693866,
        "16,19": 75.85343038204758,
        "16,20": 64.93923215931395,
        "16,21": 67.30294946402502,
        "16,22": 88.39199668463039,
        "16,23": 23.051645322997995,
        "16,24": 42.215016734927225,
        "16,25": 52.07280977137128,
        "16,26": 27.76302764811691,
        "16,27": 12.39998419254901,
        "16,28": 73.32984536495718,
        "16,29": 45.56450062222644,
        "16,30": 8.901045586784761,
        "16,31": 18.91361867170643,
        "16,32": 62.32534102939863,
        "16,33": 82.99675142132683,
        "16,34": 21.04874011305506,
        "16,35": 44.73630688549179,
        "16,36": 21.45629370215413,
        "16,37": 78.61095905760588,
        "16,38": 33.72869439311537,
        "16,39": 59.57122309624249,
        "16,40": 84.19534245893998,
        "17,0": 48.12006502757626,
        "17,1": 70.65406309145607,
        "17,2": 47.2700912587713,
        "17,3": 52.257552933064645,
        "17,4": 57.26836016354994,
        "17,5": 70.78530247349272,
        "17,6": 82.59226474760493,
        "17,7": 60.933578660983095,
        "17,8": 93.8509790382725,
        "17,9": 17.71821915546198,
        "17,10": 90.14857528244245,
        "17,11": 5.629444818203454,
        "17,12": 36.21057130038987,
        "17,13": 72.96450054838913,
        "17,14": 62.168061186212434,
        "17,15": 81.38148370247906,
        "17,16": 77.53528874834225,
        "17,17": 0.0,
        "17,18": 86.51174058564796,
        "17,19": 55.605318392379566,
        "17,20": 26.755488317027236,
        "17,21": 33.00957768607423,
        "17,22": 12.075214201096642,
        "17,23": 60.417988294348405,
        "17,24": 73.73781304952932,
        "17,25": 76.66405188076565,
        "17,26": 54.67528153878361,
        "17,27": 69.12367625771088,
        "17,28": 62.71523333071553,
        "17,29": 41.00683608796374,
        "17,30": 86.35088927684387,
        "17,31": 79.52811555050813,
        "17,32": 33.9088713547473,
        "17,33": 22.025880668229565,
        "17,34": 73.69068993939261,
        "17,35": 63.30532812995777,
        "17,36": 62.020971182261476,
        "17,37": 70.82020050766528,
        "17,38": 77.50241149684352,
        "17,39": 35.78069296656124,
        "17,40": 25.945533827325878,
        "18,0": 49.69288787601685,
        "18,1": 53.671527261266604,
        "18,2": 39.74082260601802,
        "18,3": 98.50285795880977,
        "18,4": 31.354564504476166,
        "18,5": 68.14283970956706,
        "18,6": 6.0187365047653065,
        "18,7": 89.53570112627834,
        "18,8": 73.92310717718867,
        "18,9": 68.95393356725363,
        "18,10": 60.09318686798103,
        "18,11": 83.00505950416462,
        "18,12": 78.2121299717047,
        "18,13": 94.7022926462182,
        "18,14": 102.34087162096229,
        "18,15": 26.276884169450877,
        "18,16": 24.848812653693866,
        "18,17": 86.51174058564796,
        "18,18": 0.0,
        "18,19": 97.31880738541236,
        "18,20": 66.92436069841575,
        "18,21": 66.60541849636384,
        "18,22": 95.55149559668176,
        "18,23": 26.42621208923931,
        "18,24": 25.663912109866516,
        "18,25": 76.76522253489077,
        "18,26": 47.89986866388998,
        "18,27": 35.86000692338542,
        "18,28": 95.95840449677846,
        "18,29": 63.879622516812994,
        "18,30": 23.165900321391902,
        "18,31": 43.52916635398973,
        "18,32": 80.0560822354019,
        "18,33": 85.60705806860358,
        "18,34": 45.84561707328236,
        "18,35": 33.670126688831864,
        "18,36": 25.017399403944605,
        "18,37": 101.91620528532066,
        "18,38": 58.577418504074366,
        "18,39": 58.95093792034886,
        "18,40": 85.66923101412507,
        "19,0": 48.4309095915158,
        "19,1": 50.39127316292431,
        "19,2": 64.90964750633592,
        "19,3": 4.59675877766056,
        "19,4": 81.62575724280784,
        "19,5": 39.0001910789906,
        "19,6": 96.70897512937017,
        "19,7": 12.329791162975207,
        "19,8": 58.08326832827396,
        "19,9": 54.2822088258781,
        "19,10": 63.009872122379676,
        "19,11": 59.613730821175274,
        "19,12": 24.269366957251115,
        "19,13": 21.29306804690032,
        "19,14": 6.854522556977975,
        "19,15": 77.43130347713785,
        "19,16": 75.85343038204758,
        "19,17": 55.605318392379566,
        "19,18": 97.31880738541236,
        "19,19": 0.0,
        "19,20": 72.74094410468388,
        "19,21": 79.93652281032708,
        "19,22": 65.3997121370257,
        "19,23": 74.73988174869126,
        "19,24": 99.3570641550261,
        "19,25": 37.66370411757865,
        "19,26": 49.42139856101552,
        "19,27": 63.45742844706423,
        "19,28": 8.872660892241807,
        "19,29": 35.19704559037382,
        "19,30": 83.37321120453463,
        "19,31": 64.3526025999957,
        "19,32": 24.723755218605014,
        "19,33": 76.99619604801741,
        "19,34": 58.39344174888214,
        "19,35": 92.78239474502934,
        "19,36": 75.30444672958444,
        "19,37": 15.646371672618997,
        "19,38": 51.90550265629914,
        "19,39": 77.69037585549401,
        "19,40": 80.76512213629472,
        "20,0": 43.99172136933769,
        "20,1": 68.6711450268622,
        "20,2": 32.77764112468649,
        "20,3": 70.56943253800611,
        "20,4": 35.66476378255075,
        "20,5": 74.18735394176754,
        "20,6": 62.03102319438513,
        "20,7": 74.07584833707831,
        "20,8": 95.17518663326418,
        "20,9": 18.458978764531366,
        "20,10": 87.70719809725992,
        "20,11": 21.322004567607102,
        "20,12": 49.02220843981719,
        "20,13": 85.42599004615614,
        "20,14": 79.59481783195596,
        "20,15": 69.20619265208317,
        "20,16": 64.93923215931395,
        "20,17": 26.755488317027236,
        "20,18": 66.92436069841575,
        "20,19": 72.74094410468388,
        "20,20": 0.0,
        "20,21": 7.25033130840957,
        "20,22": 31.09698093905894,
        "20,23": 43.39102401203513,
        "20,24": 49.56571812243678,
        "20,25": 82.1773661465688,
        "20,26": 50.460478211285675,
        "20,27": 60.32354019589967,
        "20,28": 77.80872663004241,
        "20,29": 45.20438620330921,
        "20,30": 72.9480870811616,
        "20,31": 73.11043383032599,
        "20,32": 48.07479740396221,
        "20,33": 18.72348483497538,
        "20,34": 68.56414099669918,
        "20,35": 38.64136956038385,
        "20,36": 45.1515530844238,
        "20,37": 86.17744349654235,
        "20,38": 76.50392908813166,
        "20,39": 9.450298451636375,
        "20,40": 19.328436898607954,
        "21,0": 49.16550265540539,
        "21,1": 73.63007506334615,
        "21,2": 35.84907180837779,
        "21,3": 77.80254382669126,
        "21,4": 35.33009583684063,
        "21,5": 80.0141741368186,
        "21,6": 61.34883020053954,
        "21,7": 81.03824161742946,
        "21,8": 100.43715443878222,
        "21,9": 25.66898235637908,
        "21,10": 92.30557525059633,
        "21,11": 27.42265824438519,
        "21,12": 56.12686112921452,
        "21,13": 92.27867036089442,
        "21,14": 86.78890239762575,
        "21,15": 71.60951055972342,
        "21,16": 67.30294946402502,
        "21,17": 33.00957768607423,
        "21,18": 66.60541849636384,
        "21,19": 79.93652281032708,
        "21,20": 7.25033130840957,
        "21,21": 0.0,
        "21,22": 35.60259792496374,
        "21,23": 44.87771048235877,
        "21,24": 47.02209170368358,
        "21,25": 88.23706424711222,
        "21,26": 55.39220792136732,
        "21,27": 63.89746823574972,
        "21,28": 84.89055060536091,
        "21,29": 51.64227903983991,
        "21,30": 74.88829753688087,
        "21,31": 77.01797150046441,
        "21,32": 55.247124883898806,
        "21,33": 20.23671288398077,
        "21,34": 72.85743996178823,
        "21,35": 36.01749186795468,
        "21,36": 46.62371889492112,
        "21,37": 93.25112960004239,
        "21,38": 81.53413672985756,
        "21,39": 7.849626854504115,
        "21,40": 19.381668582224975,
        "22,0": 59.828986622936156,
        "22,1": 82.67592972106448,
        "22,2": 57.21759772995002,
        "22,3": 61.68549335212228,
        "22,4": 65.20279783838838,
        "22,5": 82.80372301462535,
        "22,6": 91.22631588404606,
        "22,7": 71.79186658236105,
        "22,8": 105.89927548711755,
        "22,9": 28.292046611025242,
        "22,10": 102.19227545123597,
        "22,11": 12.95194163955857,
        "22,12": 47.70458134594467,
        "22,13": 83.8027612761806,
        "22,14": 71.69421608383999,
        "22,15": 92.34967890072163,
        "22,16": 88.39199668463039,
        "22,17": 12.075214201096642,
        "22,18": 95.55149559668176,
        "22,19": 65.3997121370257,
        "22,20": 31.09698093905894,
        "22,21": 35.60259792496374,
        "22,22": 0.0,
        "22,23": 70.00457679918034,
        "22,24": 80.43531287165176,
        "22,25": 88.52529264606585,
        "22,26": 66.45802199457533,
        "22,27": 80.53154453196294,
        "22,28": 73.02499289128322,
        "22,29": 53.08203591523363,
        "22,30": 97.11479073491464,
        "22,31": 91.28719446291103,
        "22,32": 45.23339664993486,
        "22,33": 18.1703717500872,
        "22,34": 85.53452598141018,
        "22,35": 69.60847083641009,
        "22,36": 71.67841525667436,
        "22,37": 80.90598276554098,
        "22,38": 89.56585272082539,
        "22,39": 40.540423612797234,
        "22,40": 21.728067036574146,
        "23,0": 26.37638344184603,
        "23,1": 40.57732874949534,
        "23,2": 13.324152828378972,
        "23,3": 75.23136505629957,
        "23,4": 13.21788789177443,
        "23,5": 52.98620062750546,
        "23,6": 23.53845810403535,
