{
    "num_robots": 7,
    "num_tasks": 60,
    "num_nodes": 61,
    "robot_capacity": [
        122,
        107,
        127,
        138,
        110,
        109,
        131
    ],
    "robot_speed": [
        0.91,
        1.17,
        0.93,
        0.88,
        1.14,
        1.15,
        1.17
    ],
    "task_demand": {
        "0": 0,
        "1": 12,
        "2": 6,
        "3": 13,
        "4": 15,
        "5": 7,
        "6": 5,
        "7": 15,
        "8": 10,
        "9": 14,
        "10": 11,
        "11": 5,
        "12": 11,
        "13": 5,
        "14": 5,
        "15": 10,
        "16": 10,
        "17": 5,
        "18": 9,
        "19": 10,
        "20": 14,
        "21": 14,
        "22": 10,
        "23": 6,
        "24": 10,
        "25": 7,
        "26": 9,
        "27": 13,
        "28": 8,
        "29": 7,
        "30": 9,
        "31": 11,
        "32": 14,
        "33": 14,
        "34": 12,
        "35": 10,
        "36": 14,
        "37": 12,
        "38": 10,
        "39": 6,
        "40": 11,
        "41": 6,
        "42": 15,
        "43": 6,
        "44": 9,
        "45": 10,
        "46": 12,
        "47": 11,
        "48": 8,
        "49": 15,
        "50": 11,
        "51": 7,
        "52": 7,
        "53": 11,
        "54": 9,
        "55": 9,
        "56": 10,
        "57": 11,
        "58": 13,
        "59": 15,
        "60": 9
    },
    "task_service_time": {
        "0": 0,
        "1": 60,
        "2": 25,
        "3": 82,
        "4": 98,
        "5": 60,
        "6": 98,
        "7": 86,
        "8": 14,
        "9": 53,
        "10": 29,
        "11": 98,
        "12": 69,
        "13": 83,
        "14": 100,
        "15": 60,
        "16": 86,
        "17": 48,
        "18": 62,
        "19": 47,
        "20": 40,
        "21": 76,
        "22": 30,
        "23": 100,
        "24": 76,
        "25": 81,
        "26": 76,
        "27": 19,
        "28": 12,
        "29": 23,
        "30": 86,
        "31": 25,
        "32": 69,
        "33": 36,
        "34": 82,
        "35": 73,
        "36": 41,
        "37": 59,
        "38": 53,
        "39": 14,
        "40": 27,
        "41": 57,
        "42": 83,
        "43": 73,
        "44": 50,
        "45": 18,
        "46": 24,
        "47": 68,
        "48": 62,
        "49": 35,
        "50": 92,
        "51": 80,
        "52": 25,
        "53": 26,
        "54": 95,
        "55": 31,
        "56": 25,
        "57": 39,
        "58": 79,
        "59": 86,
        "60": 75
    },
    "task_precedence": [],
    "coordinates": {
        "0": [
            0,
            0
        ],
        "1": [
            56.80468049509323,
            34.61638651872568
        ],
        "2": [
            39.249521546899324,
            7.845573861400778
        ],
        "3": [
            84.83755104024159,
            55.912236170704766
        ],
        "4": [
            66.96359501103646,
            75.80641705260646
        ],
        "5": [
            66.0685026276676,
            19.4370855601806
        ],
        "6": [
            99.21988833371299,
            80.72733811681363
        ],
        "7": [
            83.59259791588947,
            26.114802036887465
        ],
        "8": [
            28.93882149706517,
            74.12272343994692
        ],
        "9": [
            44.420075615265034,
            59.32680113497339
        ],
        "10": [
            98.41163127451307,
            44.682082229702324
        ],
        "11": [
            82.48022030375446,
            55.90336300043247
        ],
        "12": [
            1.7694877581478918,
            48.49633462463833
        ],
        "13": [
            44.16878984199205,
            44.332007386520736
        ],
        "14": [
            21.358204890227718,
            97.22504999164144
        ],
        "15": [
            92.90527676546131,
            48.771835900825145
        ],
        "16": [
            45.43421686269853,
            10.46104261893549
        ],
        "17": [
            89.8153820530409,
            20.512315423782802
        ],
        "18": [
            98.20936862367287,
            41.48801024784874
        ],
        "19": [
            76.3051220065059,
            82.79582897258368
        ],
        "20": [
            95.08662504500525,
            36.98971705191336
        ],
        "21": [
            80.29644745954735,
            43.988896213943306
        ],
        "22": [
            20.78262303887787,
            37.61595254334643
        ],
        "23": [
            18.546893539069075,
            73.78659723579862
        ],
        "24": [
            1.784297695933179,
            6.930282357548634
        ],
        "25": [
            32.57783999899784,
            66.8935564355504
        ],
        "26": [
            22.322341337396633,
            4.587040499117501
        ],
        "27": [
            34.48124035493038,
            33.790202141406155
        ],
        "28": [
            64.39355393958257,
            66.13979715066728
        ],
        "29": [
            46.426019310703595,
            53.130107706086925
        ],
        "30": [
            61.07744439989119,
            85.11031438940392
        ],
        "31": [
            99.76345502504981,
            77.46531822544598
        ],
        "32": [
            26.105981053673986,
            79.55565423421656
        ],
        "33": [
            68.97635299028295,
            14.842223532713007
        ],
        "34": [
            25.01932584079195,
            80.357021597521
        ],
        "35": [
            23.191457795547866,
            34.2048963260978
        ],
        "36": [
            32.870859037154055,
            8.549572612453549
        ],
        "37": [
            48.21214448476188,
            6.588311958447468
        ],
        "38": [
            3.499034978346005,
            65.18714927436609
        ],
        "39": [
            52.79394603177964,
            84.28030026797192
        ],
        "40": [
            3.9095693415700072,
            80.9137451511725
        ],
        "41": [
            98.98678917040766,
            22.73636535645769
        ],
        "42": [
            39.33376402362202,
            58.723850204769704
        ],
        "43": [
            35.23758269169564,
            68.62879545870118
        ],
        "44": [
            16.989857425195922,
            75.39583040115414
        ],
        "45": [
            57.95188141091643,
            68.10326363983533
        ],
        "46": [
            15.452824382106801,
            40.315508618554475
        ],
        "47": [
            22.628639346636305,
            68.72438975865495
        ],
        "48": [
            19.98650959796121,
            32.95930744107686
        ],
        "49": [
            58.06474607023584,
            48.12708577718311
        ],
        "50": [
            0.7232719327494697,
            56.41697945934219
        ],
        "51": [
            60.70819312417005,
            8.98004464016119
        ],
        "52": [
            63.31113089556501,
            72.28027577785276
        ],
        "53": [
            31.04693128856629,
            79.32378668979997
        ],
        "54": [
            8.783388107219581,
            15.238565492773304
        ],
        "55": [
            62.22224100483208,
            66.90399956544375
        ],
        "56": [
            99.9656261197371,
            25.60165046242847
        ],
        "57": [
            18.85320837535317,
            44.398577203212064
        ],
        "58": [
            96.69232308643663,
            73.32741333163307
        ],
        "59": [
            91.01957402466778,
            35.478408937166336
        ],
        "60": [
            1.5922125316862656,
            85.18127117183822
        ]
    },
    "distance_matrix_str_keys": {
        "0,0": 0.0,
        "0,1": 66.5211691250495,
        "0,2": 40.02596620789071,
        "0,3": 101.60506001235501,
        "0,4": 101.14710041892359,
        "0,5": 68.86833332189696,
        "0,6": 127.91203758982509,
        "0,7": 87.57685374431642,
        "0,8": 79.57156225558136,
        "0,9": 74.11351058055841,
        "0,10": 108.08023705790342,
        "0,11": 99.64021645959022,
        "0,12": 48.52860557394092,
        "0,13": 62.57962028507835,
        "0,14": 99.54337377249239,
        "0,15": 104.92893989745623,
        "0,16": 46.62297153337509,
        "0,17": 92.12794330374722,
        "0,18": 106.61301552712062,
        "0,19": 112.59494189209867,
        "0,20": 102.02796396101428,
        "0,21": 91.55622570172343,
        "0,22": 42.97531042493338,
        "0,23": 76.08185849193963,
        "0,24": 7.156293162179866,
        "0,25": 74.40472801910151,
        "0,26": 22.788766165016277,
        "0,27": 48.27767286408458,
        "0,28": 92.30927665246514,
        "0,29": 70.55624432960005,
        "0,30": 104.75791058380734,
        "0,31": 126.30765014956438,
        "0,32": 83.72947131929715,
        "0,33": 70.55514773023394,
        "0,34": 84.16185350592141,
        "0,35": 41.325762513978816,
        "0,36": 33.96451921779651,
        "0,37": 48.66021712119026,
        "0,38": 65.28099016021568,
        "0,39": 99.45033811338185,
        "0,40": 81.00814086760316,
        "0,41": 101.56439700942975,
        "0,42": 70.67981023699917,
        "0,43": 77.14660588818106,
        "0,44": 77.28639270407233,
        "0,45": 89.42301201291443,
        "0,46": 43.175571988764375,
        "0,47": 72.35397063312872,
        "0,48": 38.545771660518355,
        "0,49": 75.41704795074725,
        "0,50": 56.421615482052104,
        "0,51": 61.368769860091014,
        "0,52": 96.08713525648382,
        "0,53": 85.18318541382357,
        "0,54": 17.58868343337806,
        "0,55": 91.36603544817025,
        "0,56": 103.1919130160471,
        "0,57": 48.23564163265654,
        "0,58": 121.35202878304096,
        "0,59": 97.68971469067141,
        "0,60": 85.19615072992615,
        "1,0": 66.5211691250495,
        "1,1": 0.0,
        "1,2": 32.01343493019672,
        "1,3": 35.204474763881144,
        "1,4": 42.42431094931623,
        "1,5": 17.782845050611627,
        "1,6": 62.65197294000022,
        "1,7": 28.104616319125068,
        "1,8": 48.34518336536774,
        "1,9": 27.64024291746244,
        "1,10": 42.80720246999375,
        "1,11": 33.352192014901895,
        "1,12": 56.758483057738154,
        "1,13": 15.939229010333731,
        "1,14": 71.94648966190874,
        "1,15": 38.77666564166256,
        "1,16": 26.697716796249484,
        "1,17": 35.89751020334269,
        "1,18": 41.97103062470102,
        "1,19": 51.97620507794543,
        "1,20": 38.35544259088011,
        "1,21": 25.292430747145804,
        "1,22": 36.146729032029164,
        "1,23": 54.753663533981246,
        "1,24": 61.593529587040656,
        "1,25": 40.35784308239009,
        "1,26": 45.7251936699209,
        "1,27": 22.338723336770187,
        "1,28": 32.42400990048091,
        "1,29": 21.224384094331327,
        "1,30": 50.67438468492145,
        "1,31": 60.6752606712392,
        "1,32": 54.42378092524586,
        "1,33": 23.21997272021549,
        "1,34": 55.70021963970369,
        "1,35": 33.61574131902881,
        "1,36": 35.38794422970529,
        "1,37": 29.315604012971587,
        "1,38": 61.4496816868791,
        "1,39": 49.82559904133397,
        "1,40": 70.2946527147334,
        "1,41": 43.82311256759351,
        "1,42": 29.772516315001916,
        "1,43": 40.27385838930064,
        "1,44": 56.992834457038185,
        "1,45": 33.50652189149991,
        "1,46": 41.74273585545023,
        "1,47": 48.284134802189904,
        "1,48": 36.85544219352145,
        "1,49": 13.569331586564667,
        "1,50": 60.16967873355301,
        "1,51": 25.931822839129566,
        "1,52": 38.22175363503862,
        "1,53": 51.59664014490588,
        "1,54": 51.783631297114475,
        "1,55": 32.738966357099315,
        "1,56": 44.092320117886395,
        "1,57": 39.19190593276958,
        "1,58": 55.58387921335094,
        "1,59": 34.22575085940433,
        "1,60": 74.8680451099988,
        "2,0": 40.02596620789071,
        "2,1": 32.01343493019672,
        "2,2": 0.0,
        "2,3": 66.24705622623928,
        "2,4": 73.39445534395114,
        "2,5": 29.21679122822279,
        "2,6": 94.38324244020511,
        "2,7": 47.9590775557046,
        "2,8": 67.07436985745471,
        "2,9": 51.740229908332736,
        "2,10": 69.69277994304832,
        "2,11": 64.64088808128791,
        "2,12": 55.29228954778345,
        "2,13": 36.81655920835218,
        "2,14": 91.15256422627701,
        "2,15": 67.48258288324381,
        "2,16": 6.714993147495296,
        "2,17": 52.12823218309581,
        "2,18": 67.882818837558,
        "2,19": 83.61015648025898,
        "2,20": 62.98542060959261,
        "2,21": 54.69177157085165,
        "2,22": 35.03286724451781,
        "2,23": 69.1145235829162,
        "2,24": 37.47640266541103,
        "2,25": 59.423695448479855,
        "2,26": 17.237965933313962,
        "2,27": 26.379163029052673,
        "2,28": 63.48573724753589,
        "2,29": 45.84965785787733,
        "2,30": 80.28884321582804,
        "2,31": 92.24340057864858,
        "2,32": 72.9046520036462,
        "2,33": 30.539116134662684,
        "2,34": 73.89457708534647,
        "2,35": 30.865438474778692,
        "2,36": 6.4173943041326105,
        "2,37": 9.050376645141228,
        "2,38": 67.57331988831908,
        "2,39": 77.62550376953446,
        "2,40": 81.16569396922804,
        "2,41": 61.56522406742232,
        "2,42": 50.878346086199564,
        "2,43": 60.91547981526878,
        "2,44": 71.12334219788565,
        "2,45": 63.09332327526625,
        "2,46": 40.25642133978953,
        "2,47": 63.10692474021205,
        "2,48": 31.650643653105735,
        "2,49": 44.45911465700681,
        "2,50": 61.995591384319546,
        "2,51": 21.488639086946105,
        "2,52": 68.7807520714176,
        "2,53": 71.94732375903936,
        "2,54": 31.350304815518406,
        "2,55": 63.36910513754196,
        "2,56": 63.25917807529066,
        "2,57": 41.8584715953444,
        "2,58": 87.10652529584647,
        "2,59": 58.683148414816316,
        "2,60": 86.01675999919345,
        "3,0": 101.60506001235501,
        "3,1": 35.204474763881144,
        "3,2": 66.24705622623928,
        "3,3": 0.0,
        "3,4": 26.744284194866417,
        "3,5": 41.02089455843166,
        "3,6": 28.681717358257227,
        "3,7": 29.823430205813256,
        "3,8": 58.790218668792306,
        "3,9": 40.561454283886256,
        "3,10": 17.617378117786206,
        "3,11": 2.3573474360682662,
        "3,12": 83.39843363744234,
        "3,13": 42.285338311219554,
        "3,14": 75.73886699335195,
        "3,15": 10.77374189367227,
        "3,16": 60.1534183533033,
        "3,17": 35.74819142950231,
        "3,18": 19.668853524243698,
        "3,19": 28.205139729364426,
        "3,20": 21.519880291399122,
        "3,21": 12.758826648837989,
        "3,22": 66.61672309437496,
        "3,23": 68.65816816244883,
        "3,24": 96.42133939345604,
        "3,25": 53.4009999239097,
        "3,26": 80.88527155741892,
        "3,27": 55.00129467048057,
        "3,28": 22.859571760000364,
        "3,29": 38.512154037432666,
        "3,30": 37.643996058151124,
        "3,31": 26.216749528157028,
        "3,32": 63.31199357793975,
        "3,33": 44.02639596497554,
        "3,34": 64.62017951518828,
        "3,35": 65.35632651444492,
        "3,36": 70.31186938971157,
        "3,37": 61.43508692148712,
        "3,38": 81.86561065692796,
        "3,39": 42.79649147494437,
        "3,40": 84.70191068164243,
        "3,41": 36.06715048278359,
        "3,42": 45.59056707621026,
        "3,43": 51.2041769810031,
        "3,44": 70.58980077190975,
        "3,45": 29.520507823719996,
        "3,46": 71.1160896264698,
        "3,47": 63.51456505136444,
        "3,48": 68.79312838805737,
        "3,49": 27.88174407406601,
        "3,50": 84.11579349658726,
        "3,51": 52.771739741091636,
        "3,52": 27.042549525263027,
        "3,53": 58.66456742342407,
        "3,54": 86.24722132254163,
        "3,55": 25.145001700608777,
        "3,56": 33.876101629166484,
        "3,57": 66.9813244101454,
        "3,58": 21.067131171893482,
        "3,59": 21.34850588659709,
        "3,60": 88.24093604048825,
        "4,0": 101.14710041892359,
        "4,1": 42.42431094931623,
        "4,2": 73.39445534395114,
        "4,3": 26.744284194866417,
        "4,4": 0.0,
        "4,5": 56.37643766040703,
        "4,6": 32.629494679487514,
        "4,7": 52.400194088190545,
        "4,8": 38.062031277509654,
        "4,9": 27.924684555787337,
        "4,10": 44.245939960601845,
        "4,11": 25.236822721538772,
        "4,12": 70.68318203592388,
        "4,13": 38.86182711251858,
        "4,14": 50.384615162252395,
        "4,15": 37.46784528499215,
        "4,16": 68.80066920699821,
        "4,17": 59.83010818937069,
        "4,18": 46.411759439488684,
        "4,19": 11.66687642834207,
        "4,20": 47.933714828242955,
        "4,21": 34.498109900870325,
        "4,22": 59.926569664267845,
        "4,23": 48.45881399206937,
        "4,24": 94.82754203828326,
        "4,25": 35.522094985051325,
        "4,26": 84.05379899934276,
        "4,27": 53.108056634273744,
        "4,28": 10.002432276077984,
        "4,29": 30.59423182931633,
        "4,30": 11.009508375524891,
        "4,31": 32.84178390465597,
        "4,32": 41.029274886754074,
        "4,33": 60.99741048777431,
        "4,34": 42.1903984094737,
        "4,35": 60.387801112225404,
        "4,36": 75.40422912696465,
        "4,37": 71.71305996584836,
        "4,38": 64.34686649937933,
        "4,39": 16.5101680470856,
        "4,40": 63.260532351792115,
        "4,41": 61.983186036220246,
        "4,42": 32.48417538593059,
        "4,43": 32.52780517391638,
        "4,44": 49.97542425729672,
        "4,45": 11.855359737742075,
        "4,46": 62.553689517569346,
        "4,47": 44.89703113076188,
        "4,48": 63.58239816151794,
        "4,49": 29.074643459994785,
        "4,50": 69.01978478450168,
        "4,51": 67.1185078988876,
        "4,52": 5.076826410694805,
        "4,53": 36.08848323381928,
        "4,54": 83.98452903925178,
        "4,55": 10.086301350241857,
        "4,56": 60.080384866226495,
        "4,57": 57.454866688907565,
        "4,58": 29.831907958253126,
        "4,59": 46.95783603258646,
        "4,60": 66.04018123096249,
        "5,0": 68.86833332189696,
        "5,1": 17.782845050611627,
        "5,2": 29.21679122822279,
        "5,3": 41.02089455843166,
        "5,4": 56.37643766040703,
        "5,5": 0.0,
        "5,6": 69.6814855803667,
        "5,7": 18.753288058736857,
        "5,8": 66.09941157965892,
        "5,9": 45.385502098678906,
        "5,10": 41.029109513984814,
        "5,11": 39.98917187725953,
        "5,12": 70.56063540941864,
        "5,13": 33.15651599361229,
        "5,14": 89.72167037099085,
        "5,15": 39.758521396939535,
        "5,16": 22.502068702976654,
        "5,17": 23.77120951282875,
        "5,18": 38.97792383586356,
        "5,19": 64.1803610390744,
        "5,20": 33.913806936293106,
        "5,21": 28.37650120288317,
        "5,22": 48.79838209328255,
        "5,23": 72.19537900549945,
        "5,24": 65.48953450784785,
        "5,25": 58.083914393334396,
        "5,26": 46.197948720154294,
        "5,27": 34.69534685632844,
        "5,28": 46.732737165844426,
        "5,29": 39.00060117718371,
        "5,30": 65.86261190606233,
        "5,31": 67.10160656285382,
        "5,32": 72.18895642663553,
        "5,33": 5.437678804676294,
        "5,34": 73.45933243416943,
        "5,35": 45.3489714145045,
        "5,36": 34.937393694288204,
        "5,37": 21.99864789473002,
        "5,38": 77.5113321506703,
        "5,39": 66.18803778975594,
        "5,40": 87.4248972646364,
        "5,41": 33.08321078861699,
        "5,42": 47.52048110516119,
        "5,43": 58.054887363929325,
        "5,44": 74.43181133821264,
        "5,45": 49.338386970561594,
        "5,46": 54.7526751279111,
        "5,47": 65.69825018238795,
        "5,48": 48.0249993876741,
        "5,49": 29.78550371375707,
        "5,50": 75.08336518407603,
        "5,51": 11.750856257151924,
        "5,52": 52.91508151037927,
        "5,53": 69.37526526974953,
        "5,54": 57.43876666831615,
        "5,55": 47.62249104839377,
        "5,56": 34.453110766237586,
        "5,57": 53.40749082645398,
        "5,58": 61.98375437810702,
        "5,59": 29.662771609261824,
        "5,60": 92.08414590080764,
        "6,0": 127.91203758982509,
        "6,1": 62.65197294000022,
        "6,2": 94.38324244020511,
        "6,3": 28.681717358257227,
        "6,4": 32.629494679487514,
        "6,5": 69.6814855803667,
        "6,6": 0.0,
        "6,7": 56.80441270609384,
        "6,8": 70.59071674609376,
        "6,9": 58.83028520318495,
        "6,10": 36.054316682487254,
        "6,11": 29.94071185412809,
        "6,12": 102.6421850822103,
        "6,13": 65.99426902476125,
        "6,14": 79.5903024605281,
        "6,15": 32.573431522238224,
        "6,16": 88.48870401685758,
        "6,17": 60.94500550746893,
        "6,18": 39.252337531572614,
        "6,19": 23.007937114198402,
        "6,20": 43.932486406195885,
        "6,21": 41.32565459818659,
        "6,22": 89.50416835542633,
        "6,23": 80.9710193409595,
        "6,24": 122.22806454194172,
        "6,25": 68.06273666149022,
        "6,26": 108.2154224469046,
        "6,27": 79.96366222037747,
        "6,28": 37.75804442460956,
        "6,29": 59.57180316862508,
        "6,30": 38.393443584169795,
        "6,31": 3.3069984154228185,
        "6,32": 73.12329506302952,
        "6,33": 72.49496364458273,
        "6,34": 74.20148656590608,
        "6,35": 89.13282134133948,
        "6,36": 98.03990780186417,
        "6,37": 89.99102806541946,
        "6,38": 96.97411632151439,
        "6,39": 46.561697334504544,
        "6,40": 95.31050127853965,
        "6,41": 57.99144123844723,
        "6,42": 63.800480916519206,
        "6,43": 65.11612833790636,
        "6,44": 82.40268780651398,
        "6,45": 43.155714010780535,
        "6,46": 93.00557492144678,
        "6,47": 77.52606136447923,
        "6,48": 92.51871735233478,
        "6,49": 52.50259219633472,
        "6,50": 101.45233846734855,
        "6,51": 81.42987651432136,
        "6,52": 36.88891056821872,
        "6,53": 68.18740374063003,
        "6,54": 111.65813858837069,
        "6,55": 39.495703520484824,
        "6,56": 55.13073157699195,
        "6,57": 88.19627042594861,
        "6,58": 7.819684962040909,
        "6,59": 45.98598424163462,
        "6,60": 97.72922082040904,
        "7,0": 87.57685374431642,
        "7,1": 28.104616319125068,
        "7,2": 47.9590775557046,
        "7,3": 29.823430205813256,
        "7,4": 52.400194088190545,
        "7,5": 18.753288058736857,
        "7,6": 56.80441270609384,
        "7,7": 0.0,
        "7,8": 72.74473035403437,
        "7,9": 51.35682415691394,
        "7,10": 23.75600226137584,
        "7,11": 29.809323176328853,
        "7,12": 84.82897121185938,
        "7,13": 43.42928981457337,
        "7,14": 94.49755044158091,
        "7,15": 24.496268509037893,
        "7,16": 41.24442057437153,
        "7,17": 8.373225105513436,
        "7,18": 21.212862056344076,
        "7,19": 57.1475819227285,
        "7,20": 15.823287781901875,
        "7,21": 18.17547387225725,
        "7,22": 63.854282605186704,
        "7,23": 80.64455167811177,
        "7,24": 84.02763700239011,
        "7,25": 65.31012429650956,
        "7,26": 64.94219628270538,
        "7,27": 49.70751661715579,
        "7,28": 44.39148030266916,
        "7,29": 45.94759303397449,
        "7,30": 63.1458835996844,
        "7,31": 53.836531579182285,
        "7,32": 78.4897178096592,
        "7,33": 18.458213398324727,
        "7,34": 79.83136341343152,
        "7,35": 60.940523081488685,
        "7,36": 53.67710945659815,
        "7,37": 40.411140787852105,
        "7,38": 89.11580747923648,
        "7,39": 65.81627566452596,
        "7,40": 96.70733792850706,
        "7,41": 15.760550713232,
        "7,42": 54.97448862807717,
        "7,43": 64.38669997757329,
        "7,44": 82.8525485275518,
        "7,45": 49.198346015599185,
        "7,46": 69.60379878033807,
        "7,47": 74.37863409778788,
        "7,48": 63.97328915520968,
        "7,49": 33.70774177124486,
        "7,50": 88.2357475484956,
        "7,51": 28.588387392714836,
        "7,52": 50.424090177456506,
        "7,53": 74.7813020019287,
        "7,54": 75.59570353903135,
        "7,55": 46.048352734159344,
        "7,56": 16.381067642322936,
        "7,57": 67.27172505900239,
        "7,58": 48.99625970227326,
        "7,59": 11.951447958440593,
        "7,60": 101.05894804136808,
        "8,0": 79.57156225558136,
        "8,1": 48.34518336536774,
        "8,2": 67.07436985745471,
        "8,3": 58.790218668792306,
        "8,4": 38.062031277509654,
        "8,5": 66.09941157965892,
        "8,6": 70.59071674609376,
        "8,7": 72.74473035403437,
        "8,8": 0.0,
        "8,9": 21.414680616976142,
        "8,10": 75.45344692751826,
        "8,11": 56.55640088444361,
        "8,12": 37.348152558460534,
        "8,13": 33.45801396920235,
        "8,14": 24.314260018371712,
        "8,15": 68.8067939859497,
        "8,16": 65.76403023861063,
        "8,17": 81.11739315821838,
        "8,18": 76.57305795350011,
        "8,19": 48.15380757043932,
        "8,20": 75.85770941460476,
        "8,21": 59.54538846786425,
        "8,22": 37.406789418315675,
        "8,23": 10.397362526587983,
        "8,24": 72.4720104694068,
        "8,25": 8.09341159430705,
        "8,26": 69.84976028413298,
        "8,27": 40.711554638619056,
        "8,28": 36.342332956355015,
        "8,29": 27.322005832713433,
        "8,30": 33.96495601296493,
        "8,31": 70.90346715269551,
        "8,32": 6.127129996420517,
        "8,33": 71.53447838156063,
        "8,34": 7.364028769435663,
        "8,35": 40.329457112744116,
        "8,36": 65.69093566590342,
        "8,37": 70.23074620948125,
        "8,38": 26.96344235787784,
        "8,39": 25.927655767229837,
        "8,40": 25.934175123679886,
        "8,41": 86.87505725034208,
        "8,42": 18.579023845279853,
        "8,43": 8.358088133664161,
        "8,44": 12.016594514482728,
        "8,45": 29.630922055344183,
        "8,46": 36.397800650100315,
        "8,47": 8.304240200413425,
        "8,48": 42.1256537638868,
        "8,49": 39.03962934936411,
        "8,50": 33.3108181695238,
        "8,51": 72.4766277829836,
        "8,52": 34.42165403890052,
        "8,53": 5.612057182708928,
        "8,54": 62.23813583551642,
        "8,55": 34.057245756319176,
        "8,56": 86.01803007391463,
        "8,57": 31.38860400756377,
        "8,58": 67.75816921810497,
        "8,59": 73.12593847454716,
        "8,60": 29.49794060343637,
        "9,0": 74.11351058055841,
        "9,1": 27.64024291746244,
        "9,2": 51.740229908332736,
        "9,3": 40.561454283886256,
        "9,4": 27.924684555787337,
        "9,5": 45.385502098678906,
        "9,6": 58.83028520318495,
        "9,7": 51.35682415691394,
        "9,8": 21.414680616976142,
        "9,9": 0.0,
        "9,10": 55.94243357523949,
        "9,11": 38.21380041777812,
        "9,12": 44.0042230858489,
        "9,13": 14.99689914944033,
        "9,14": 44.36357906819821,
        "9,15": 49.62078215495068,
        "9,16": 48.876280932753836,
        "9,17": 59.72686286424052,
        "9,18": 56.670190600163984,
        "9,19": 39.59105266362728,
        "9,20": 55.37187513937019,
        "9,21": 39.01750099731878,
        "9,22": 32.09501691648569,
        "9,23": 29.63962304121678,
        "9,24": 67.55149693959127,
        "9,25": 14.053267597608663,
        "9,26": 59.03178173396156,
        "9,27": 27.402524235740223,
        "9,28": 21.103477227268577,
        "9,29": 6.513280245841904,
        "9,30": 30.69621296786353,
        "9,31": 58.23998151387718,
        "9,32": 27.287589804188624,
        "9,33": 50.81228594513676,
        "9,34": 28.612222292493705,
        "9,35": 32.890185705797094,
        "9,36": 52.07409471125077,
        "9,37": 52.874644461533244,
        "9,38": 41.338544327579584,
        "9,39": 26.32107187659988,
        "9,40": 45.90312920171782,
        "9,41": 65.69921018300501,
        "9,42": 5.1219249732415655,
        "9,43": 13.070779421674363,
        "9,44": 31.79041634694601,
        "9,45": 16.128734054180207,
        "9,46": 34.648678000029854,
        "9,47": 23.731442572874847,
        "9,48": 35.94779370169493,
        "9,49": 17.652497158200497,
        "9,50": 43.79358074252754,
        "9,51": 52.91595847692653,
        "9,52": 22.905555547226278,
        "9,53": 24.056608665035434,
        "9,54": 56.68991108291002,
        "9,55": 19.347636253874047,
        "9,56": 64.9822588767943,
        "9,57": 29.60602253292546,
        "9,58": 54.114739189694525,
        "9,59": 52.347483821367696,
        "9,60": 50.02678759617602,
        "10,0": 108.08023705790342,
        "10,1": 42.80720246999375,
        "10,2": 69.69277994304832,
        "10,3": 17.617378117786206,
        "10,4": 44.245939960601845,
        "10,5": 41.029109513984814,
        "10,6": 36.054316682487254,
        "10,7": 23.75600226137584,
        "10,8": 75.45344692751826,
        "10,9": 55.94243357523949,
        "10,10": 0.0,
        "10,11": 19.486585069087035,
        "10,12": 96.71738429450002,
        "10,13": 54.243971084992,
        "10,14": 93.26303650852601,
        "10,15": 6.859010502238442,
        "10,16": 63.068898752101326,
        "10,17": 25.652936052822298,
        "10,18": 3.2004696538456625,
        "10,19": 44.060815276126995,
        "10,20": 8.380223651832095,
        "10,21": 18.128441507819687,
        "10,22": 77.94993975874976,
        "10,23": 85.00264188418697,
        "10,24": 103.74025249676856,
        "10,25": 69.47976439298826,
        "10,26": 86.00693236310609,
        "10,27": 64.85158390500948,
        "10,28": 40.22018293338201,
        "10,29": 52.66757053160335,
        "10,30": 55.02984158752339,
        "10,31": 32.8110955288777,
        "10,32": 80.27622984553003,
        "10,33": 41.91482762372235,
        "10,34": 81.60350357536218,
        "10,35": 75.94633580801849,
        "10,36": 74.84083829507755,
        "10,37": 63.01685336029993,
        "10,38": 97.10231052959215,
        "10,39": 60.40688767608739,
        "10,40": 101.20955047638955,
        "10,41": 21.95325250813246,
        "10,42": 60.7236827504684,
        "10,43": 67.5603840191579,
        "10,44": 87.02206377412975,
        "10,45": 46.74979248800115,
        "10,46": 83.07364567727316,
        "10,47": 79.50531062046967,
        "10,48": 79.29642588872969,
        "10,49": 40.49369327598163,
        "10,50": 98.39066705676784,
        "10,51": 51.92479885759548,
        "10,52": 44.65092847829377,
        "10,53": 75.74992073987514,
        "10,54": 94.34056736681899,
        "10,55": 42.46746493691149,
        "10,56": 19.14360928363761,
        "10,57": 79.55892803011875,
        "10,58": 28.69688161777909,
        "10,59": 11.804664860161452,
        "10,60": 104.9484833176243,
        "11,0": 99.64021645959022,
        "11,1": 33.352192014901895,
        "11,2": 64.64088808128791,
        "11,3": 2.3573474360682662,
        "11,4": 25.236822721538772,
        "11,5": 39.98917187725953,
        "11,6": 29.94071185412809,
        "11,7": 29.809323176328853,
        "11,8": 56.55640088444361,
        "11,9": 38.21380041777812,
        "11,10": 19.486585069087035,
        "11,11": 0.0,
        "11,12": 81.04990078592482,
        "11,13": 40.02076929258187,
        "11,14": 73.77928289168206,
        "11,15": 12.630933496864328,
        "11,16": 58.62943674136179,
        "11,17": 36.143199173023895,
        "11,18": 21.33561580670723,
        "11,19": 27.59232801059006,
        "11,20": 22.72987997254195,
        "11,21": 12.112942773803972,
        "11,22": 64.35078002234975,
        "11,23": 66.38735073729791,
        "11,24": 94.39382688069112,
        "11,25": 51.09825742451371,
        "11,26": 79.07171021794029,
        "11,27": 52.84783779214425,
        "11,28": 20.782494659712057,
        "11,29": 36.16070179317495,
        "11,30": 36.20945768481947,
        "11,31": 27.63382194986565,
        "11,32": 61.134979607693126,
        "11,33": 43.22466433423577,
        "11,34": 62.44786474545529,
        "11,35": 63.13462453972255,
        "11,36": 68.58185029137606,
        "11,37": 60.05227122773801,
        "11,38": 79.524941515141,
        "11,39": 41.06732824078995,
        "11,40": 82.45523881444691,
        "11,41": 37.04749044759973,
        "11,42": 43.23854573876428,
        "11,43": 48.92651060308995,
        "11,44": 68.32967082705342,
        "11,45": 27.394834995911427,
        "11,46": 68.81608102956709,
        "11,47": 61.209398544680425,
        "11,48": 66.57246850831187,
        "11,49": 25.623931577734876,
        "11,50": 81.75856168503724,
        "11,51": 51.72831887320459,
        "11,52": 25.212244264610664,
        "11,53": 56.5145951477082,
        "11,54": 84.17154407603049,
        "11,55": 23.05210901655272,
        "11,56": 34.98475667037614,
        "11,57": 64.65877158728617,
        "11,58": 22.48513721216159,
        "11,59": 22.138186702108367,
        "11,60": 86.02363459089271,
        "12,0": 48.52860557394092,
        "12,1": 56.758483057738154,
        "12,2": 55.29228954778345,
        "12,3": 83.39843363744234,
        "12,4": 70.68318203592388,
        "12,5": 70.56063540941864,
        "12,6": 102.6421850822103,
        "12,7": 84.82897121185938,
        "12,8": 37.348152558460534,
        "12,9": 44.0042230858489,
        "12,10": 96.71738429450002,
        "12,11": 81.04990078592482,
        "12,12": 0.0,
        "12,13": 42.60331487740361,
        "12,14": 52.51862089010947,
        "12,15": 91.13620542319464,
        "12,16": 57.90761612890721,
        "12,17": 92.38606406174756,
        "12,18": 96.69419440652554,
        "12,19": 82.0488640099894,
        "12,20": 94.02388185657476,
        "12,21": 78.6562165437127,
        "12,22": 21.906209791706022,
        "12,23": 30.349278865883118,
        "12,24": 41.566054905471724,
        "12,25": 35.88331559591703,
        "12,26": 48.48139747213911,
        "12,27": 35.8654302994887,
        "12,28": 65.0620122268294,
        "12,29": 44.8962989930658,
        "12,30": 69.6994780126334,
        "12,31": 102.18620078841617,
        "12,32": 39.45815809858739,
        "12,33": 75.16223737834056,
        "12,34": 39.44183496305897,
        "12,35": 25.751621481457303,
        "12,36": 50.6264663065942,
        "12,37": 62.55559709263489,
        "12,38": 16.780185554947295,
        "12,39": 62.32164583257463,
        "12,40": 32.48797399699697,
        "12,41": 100.57226113884373,
        "12,42": 38.93169565136732,
        "12,43": 39.056745354881265,
        "12,44": 30.90699800744789,
        "12,45": 59.50540330055431,
        "12,46": 15.942384241586735,
        "12,47": 29.05646949469868,
        "12,48": 23.942829791295836,
        "12,49": 56.29646927770919,
        "12,50": 7.98944191735787,
        "12,51": 70.95990532941866,
        "12,52": 65.97764543262184,
        "12,53": 42.51470922523965,
        "12,54": 33.98932193697224,
        "12,55": 63.19317608474386,
        "12,56": 100.82979793699735,
        "12,57": 17.568298893506412,
        "12,58": 98.11690545728798,
        "12,59": 90.19448036208082,
        "12,60": 36.68536487453817,
        "13,0": 62.57962028507835,
        "13,1": 15.939229010333731,
        "13,2": 36.81655920835218,
        "13,3": 42.285338311219554,
        "13,4": 38.86182711251858,
        "13,5": 33.15651599361229,
        "13,6": 65.99426902476125,
        "13,7": 43.42928981457337,
        "13,8": 33.45801396920235,
        "13,9": 14.99689914944033,
        "13,10": 54.243971084992,
        "13,11": 40.02076929258187,
        "13,12": 42.60331487740361,
        "13,13": 0.0,
        "13,14": 57.60205501428548,
        "13,15": 48.938300285951094,
        "13,16": 33.89459484684446,
        "13,17": 51.48775685229944,
        "13,18": 54.115362650395554,
        "13,19": 50.121945452989436,
        "13,20": 51.44448628491569,
        "13,21": 36.12928687655001,
        "13,22": 24.33142392873062,
        "13,23": 39.03913976187132,
        "13,24": 56.5272873011094,
        "13,25": 25.36481054048263,
        "13,26": 45.353386920325136,
        "13,27": 14.317062299584864,
        "13,28": 29.74257516087673,
        "13,29": 9.083042117461003,
        "13,30": 44.144908211250765,
        "13,31": 64.71926362347718,
        "13,32": 39.58497642508497,
        "13,33": 38.5365091971333,
        "13,34": 40.79832864758101,
        "13,35": 23.29392277433998,
        "13,36": 37.5236709135884,
        "13,37": 37.959653071838886,
        "13,38": 45.70520652870112,
        "13,39": 40.868807462910326,
        "13,40": 54.39695187400993,
        "13,41": 58.918458950152456,
        "13,42": 15.182312550118615,
        "13,43": 25.88629698867637,
        "13,44": 41.27536150782013,
        "13,45": 27.47810468460484,
        "13,46": 28.995498523846717,
        "13,47": 32.54176395266517,
        "13,48": 26.723042151857328,
        "13,49": 14.40486790944436,
        "13,50": 45.095006113794824,
        "13,51": 39.02964425856984,
        "13,52": 33.87528490042901,
        "13,53": 37.371216072072286,
        "13,54": 45.80998818113902,
        "13,55": 28.903666373220055,
        "13,56": 58.85671762092562,
        "13,57": 25.31566899243479,
        "13,58": 59.99545908151825,
        "13,59": 47.679997735256535,
        "13,60": 59.003620967385515,
        "14,0": 99.54337377249239,
        "14,1": 71.94648966190874,
        "14,2": 91.15256422627701,
        "14,3": 75.73886699335195,
        "14,4": 50.384615162252395,
        "14,5": 89.72167037099085,
        "14,6": 79.5903024605281,
        "14,7": 94.49755044158091,
        "14,8": 24.314260018371712,
        "14,9": 44.36357906819821,
        "14,10": 93.26303650852601,
        "14,11": 73.77928289168206,
        "14,12": 52.51862089010947,
        "14,13": 57.60205501428548,
        "14,14": 0.0,
        "14,15": 86.41005410049412,
        "14,16": 90.04247513184836,
        "14,17": 102.8164809258687,
        "14,18": 94.9353409778778,
        "14,19": 56.80991216152303,
        "14,20": 95.20596238093125,
        "14,21": 79.42168788311342,
