{
    "num_robots": 7,
    "num_tasks": 40,
    "num_nodes": 41,
    "robot_capacity": [
        74,
        84,
        85,
        64,
        80,
        91,
        81
    ],
    "robot_speed": [
        0.93,
        0.98,
        1.06,
        1.1,
        0.89,
        1.18,
        0.82
    ],
    "task_demand": {
        "0": 0,
        "1": 10,
        "2": 10,
        "3": 8,
        "4": 7,
        "5": 15,
        "6": 9,
        "7": 12,
        "8": 7,
        "9": 10,
        "10": 9,
        "11": 5,
        "12": 10,
        "13": 11,
        "14": 13,
        "15": 11,
        "16": 5,
        "17": 12,
        "18": 13,
        "19": 11,
        "20": 15,
        "21": 14,
        "22": 7,
        "23": 8,
        "24": 15,
        "25": 7,
        "26": 12,
        "27": 14,
        "28": 14,
        "29": 9,
        "30": 13,
        "31": 12,
        "32": 14,
        "33": 15,
        "34": 10,
        "35": 13,
        "36": 14,
        "37": 8,
        "38": 7,
        "39": 9,
        "40": 14
    },
    "task_service_time": {
        "0": 0,
        "1": 43,
        "2": 31,
        "3": 40,
        "4": 26,
        "5": 69,
        "6": 40,
        "7": 20,
        "8": 82,
        "9": 98,
        "10": 17,
        "11": 64,
        "12": 97,
        "13": 76,
        "14": 71,
        "15": 46,
        "16": 22,
        "17": 93,
        "18": 76,
        "19": 71,
        "20": 65,
        "21": 71,
        "22": 79,
        "23": 50,
        "24": 43,
        "25": 34,
        "26": 59,
        "27": 11,
        "28": 47,
        "29": 76,
        "30": 13,
        "31": 57,
        "32": 77,
        "33": 16,
        "34": 27,
        "35": 52,
        "36": 66,
        "37": 39,
        "38": 75,
        "39": 15,
        "40": 60
    },
    "task_precedence": [],
    "coordinates": {
        "0": [
            100,
            0
        ],
        "1": [
            0.12287604457176249,
            20.195590198232615
        ],
        "2": [
            82.89149162141504,
            88.18196808302153
        ],
        "3": [
            24.67704037367455,
            95.77877930379101
        ],
        "4": [
            47.87033031337624,
            22.864193604613583
        ],
        "5": [
            64.09106204785111,
            17.78570002300677
        ],
        "6": [
            24.438003665195364,
            25.90672963376627
        ],
        "7": [
            40.47508205455357,
            46.71249585602435
        ],
        "8": [
            62.723589125752596,
            91.31857793377812
        ],
        "9": [
            15.900368591661529,
            14.728995292788438
        ],
        "10": [
            57.04461436854651,
            63.35380207824204
        ],
        "11": [
            41.99008549745218,
            54.36250407151263
        ],
        "12": [
            74.52175270374858,
            43.11036104351924
        ],
        "13": [
            2.2325685525722228,
            41.59424246832689
        ],
        "14": [
            93.49826927266578,
            82.87732261355413
        ],
        "15": [
            24.0209882835713,
            13.306341848622994
        ],
        "16": [
            16.696850170947,
            98.73551765355629
        ],
        "17": [
            35.96298359424615,
            69.63987171617474
        ],
        "18": [
            84.65810586340598,
            50.53625189823898
        ],
        "19": [
            86.38824909533484,
            93.34479816965154
        ],
        "20": [
            37.17369117013888,
            86.0038696738538
        ],
        "21": [
            12.116353912288558,
            72.43791067576399
        ],
        "22": [
            9.870437115525132,
            85.97030200753255
        ],
        "23": [
            45.892367719593494,
            47.70318052825233
        ],
        "24": [
            76.98880870514594,
            95.64021251873534
        ],
        "25": [
            76.06431113239181,
            2.139253925183493
        ],
        "26": [
            71.4574848629972,
            19.862576436841383
        ],
        "27": [
            14.638481904171762,
            36.0131095389309
        ],
        "28": [
            49.1866755850784,
            13.596607152941488
        ],
        "29": [
            29.565356202309378,
            56.70821581489464
        ],
        "30": [
            33.405383505554845,
            62.34309963031394
        ],
        "31": [
            53.4472757034115,
            21.386600411694534
        ],
        "32": [
            54.68041381677081,
            35.784336046405954
        ],
        "33": [
            28.73747193343965,
            81.80642640781002
        ],
        "34": [
            39.77720084199803,
            60.02592665594953
        ],
        "35": [
            29.419025065773962,
            69.79520900011245
        ],
        "36": [
            41.866625637764784,
            24.851392240342697
        ],
        "37": [
            21.402590505451613,
            85.11396978269073
        ],
        "38": [
            68.39959595965276,
            87.97159163861832
        ],
        "39": [
            70.56460168349231,
            65.22654314828041
        ],
        "40": [
            12.38107920771714,
            93.6173311074153
        ]
    },
    "distance_matrix_str_keys": {
        "0,0": 0.0,
        "0,1": 101.89848749153701,
        "0,2": 89.82627986249425,
        "0,3": 121.84877025146113,
        "0,4": 56.92340301515496,
        "0,5": 40.07222167736226,
        "0,6": 79.87974668473913,
        "0,7": 75.66553459476265,
        "0,8": 98.6337340037029,
        "0,9": 85.37968906802936,
        "0,10": 76.54325177646913,
        "0,11": 79.50114483149369,
        "0,12": 50.07638479953924,
        "0,13": 106.24759601205788,
        "0,14": 83.13196200043575,
        "0,15": 77.13539365814908,
        "0,16": 129.18249578699653,
        "0,17": 94.60682429294444,
        "0,18": 52.8136958716271,
        "0,19": 94.33202588741341,
        "0,20": 106.50732688440883,
        "0,21": 113.88935926038077,
        "0,22": 124.55613566987724,
        "0,23": 72.13341322509784,
        "0,24": 98.36953377665886,
        "0,25": 24.03109670662901,
        "0,26": 34.77351165837871,
        "0,27": 92.64735738426353,
        "0,28": 52.60096638054749,
        "0,29": 90.42599619476816,
        "0,30": 91.22228355811686,
        "0,31": 51.23029198241675,
        "0,32": 57.74412176231662,
        "0,33": 108.49257720256136,
        "0,34": 85.028803409965,
        "0,35": 99.26250662780596,
        "0,36": 63.22247156686578,
        "0,37": 115.85309936045093,
        "0,38": 93.47505801520005,
        "0,39": 71.56077560455833,
        "0,40": 128.22355463985454,
        "1,0": 101.89848749153701,
        "1,1": 0.0,
        "1,2": 107.11111661447927,
        "1,3": 79.47153868692355,
        "1,4": 47.82197019458863,
        "1,5": 64.01356411891776,
        "1,6": 24.976840169631554,
        "1,7": 48.28505789098983,
        "1,8": 94.748766022059,
        "1,9": 16.69769238349124,
        "1,10": 71.43329438366148,
        "1,11": 54.039256388254394,
        "1,12": 77.84779747070178,
        "1,13": 21.50239803963093,
        "1,14": 112.46316569920639,
        "1,15": 24.871298948997786,
        "1,16": 80.26965069706769,
        "1,17": 61.06758783510071,
        "1,18": 89.81514812612264,
        "1,19": 113.10402828561509,
        "1,20": 75.52147078156263,
        "1,21": 53.601339164618885,
        "1,22": 66.49306475436687,
        "1,23": 53.39956829370513,
        "1,24": 107.70451541538647,
        "1,25": 78.05852191018617,
        "1,26": 71.33538612388004,
        "1,27": 21.468505573621513,
        "1,28": 49.50558556954012,
        "1,29": 46.904493039167335,
        "1,30": 53.70416980289127,
        "1,31": 53.33769871586361,
        "1,32": 56.74093694048299,
        "1,33": 67.9315113649519,
        "1,34": 56.20428077535295,
        "1,35": 57.605438395730296,
        "1,36": 42.00258471516389,
        "1,37": 68.31707147857237,
        "1,38": 96.20445339800845,
        "1,39": 83.6051639229203,
        "1,40": 74.4379982463533,
        "2,0": 89.82627986249425,
        "2,1": 107.11111661447927,
        "2,2": 0.0,
        "2,3": 58.708039268907314,
        "2,4": 74.1140567110979,
        "2,5": 72.86350738832157,
        "2,6": 85.41086334980767,
        "2,7": 59.32005501792314,
        "2,8": 20.410355519451656,
        "2,9": 99.41403209059722,
        "2,10": 35.83990640174358,
        "2,11": 53.07241438773153,
        "2,12": 45.84214535417396,
        "2,13": 93.1465407225388,
        "2,14": 11.85929996668493,
        "2,15": 95.24754887788148,
        "2,16": 67.03064944705336,
        "2,17": 50.45883672196069,
        "2,18": 37.68714466426455,
        "2,19": 6.2355534906555015,
        "2,20": 45.76965578615078,
        "2,21": 72.50514093075634,
        "2,22": 73.05454036527513,
        "2,23": 54.84038121135264,
        "2,24": 9.511418173588579,
        "2,25": 86.31314530867891,
        "2,26": 69.2695877384563,
        "2,27": 85.90729385363879,
        "2,28": 81.84736213900608,
        "2,29": 61.9215132290242,
        "2,30": 55.82581857322767,
        "2,31": 72.99714373435285,
        "2,32": 59.50946776727426,
        "2,33": 54.528023804443755,
        "2,34": 51.49373494178799,
        "2,35": 56.54535868766855,
        "2,36": 75.45728238905612,
        "2,37": 61.56539266519431,
        "2,38": 14.49342258128715,
        "2,39": 26.055781498089726,
        "2,40": 70.71959721291341,
        "3,0": 121.84877025146113,
        "3,1": 79.47153868692355,
        "3,2": 58.708039268907314,
        "3,3": 0.0,
        "3,4": 76.51447906056576,
        "3,5": 87.38641496383266,
        "3,6": 69.87245854869003,
        "3,7": 51.54685530977978,
        "3,8": 38.30709161767983,
        "3,9": 81.52360060620086,
        "3,10": 45.815270318867285,
        "3,11": 44.88930146007839,
        "3,12": 72.5152234314062,
        "3,13": 58.649112076842435,
        "3,14": 70.02006235285286,
        "3,15": 82.47504679684353,
        "3,16": 8.510331212160986,
        "3,17": 28.47130141479152,
        "3,18": 75.13064956012012,
        "3,19": 61.75918997242166,
        "3,20": 15.865533063916,
        "3,21": 26.505980319393238,
        "3,22": 17.760679235757248,
        "3,23": 52.54858049482471,
        "3,24": 52.31195185346704,
        "3,25": 106.81297818692539,
        "3,26": 89.17219210243994,
        "3,27": 60.602870712433585,
        "3,28": 85.7591490024706,
        "3,29": 39.37517698982906,
        "3,30": 34.556166585071466,
        "3,31": 79.76166197642905,
        "3,32": 67.07857809859634,
        "3,33": 14.550386589412833,
        "3,34": 38.81084022057993,
        "3,35": 26.412730728690505,
        "3,36": 72.98065549993125,
        "3,37": 11.1561724646429,
        "3,38": 44.4141198968096,
        "3,39": 55.12810006760956,
        "3,40": 12.4844911510381,
        "4,0": 56.92340301515496,
        "4,1": 47.82197019458863,
        "4,2": 74.1140567110979,
        "4,3": 76.51447906056576,
        "4,4": 0.0,
        "4,5": 16.997153734088,
        "4,6": 23.629027860573103,
        "4,7": 24.968604628297985,
        "4,8": 70.04728425308437,
        "4,9": 32.98878451929726,
        "4,10": 41.5159714118877,
        "4,11": 32.042484943655104,
        "4,12": 33.469472828149584,
        "4,13": 49.33173450197138,
        "4,14": 75.3888882204559,
        "4,15": 25.693260700894175,
        "4,16": 82.02587199859629,
        "4,17": 48.26747319557923,
        "4,18": 46.0335012803194,
        "4,19": 80.31902444095552,
        "4,20": 64.03933777834702,
        "4,21": 61.12201119678576,
        "4,22": 73.6639179029262,
        "4,23": 24.917616407174673,
        "4,24": 78.38516895969904,
        "4,25": 34.991765876260565,
        "4,26": 23.777375073156616,
        "4,27": 35.73863090466799,
        "4,28": 9.360604869000122,
        "4,29": 38.4771349839983,
        "4,30": 42.04543622248653,
        "4,31": 5.769367515351765,
        "4,32": 14.605044266944601,
        "4,33": 61.96977551688336,
        "4,34": 38.03279043166889,
        "4,35": 50.42787791879356,
        "4,36": 6.32403575652467,
        "4,37": 67.64300322103314,
        "4,38": 68.26729836996418,
        "4,39": 48.058283488700255,
        "4,40": 79.15486978405619,
        "5,0": 40.07222167736226,
        "5,1": 64.01356411891776,
        "5,2": 72.86350738832157,
        "5,3": 87.38641496383266,
        "5,4": 16.997153734088,
        "5,5": 0.0,
        "5,6": 40.47611840378394,
        "5,7": 37.342656951654,
        "5,8": 73.54559209111773,
        "5,9": 48.287538553918566,
        "5,10": 46.10969908613062,
        "5,11": 42.73541574483719,
        "5,12": 27.388642963149717,
        "5,13": 66.28212361471282,
        "5,14": 71.42620785281441,
        "5,15": 40.31966593523865,
        "5,16": 93.80343433932525,
        "5,17": 58.99189706626409,
        "5,18": 38.673013063934256,
        "5,19": 78.78033931740059,
        "5,20": 73.33664517470142,
        "5,21": 75.42038461192215,
        "5,22": 87.11495919668543,
        "5,23": 35.01782567543428,
        "5,24": 78.91563206857889,
        "5,25": 19.70202956886787,
        "5,26": 7.653600507594282,
        "5,27": 52.7048018735317,
        "5,28": 15.481900235620765,
        "5,29": 52.028709379559245,
        "5,30": 54.10150392887797,
        "5,31": 11.236399394616178,
        "5,32": 20.310371705902817,
        "5,33": 73.1336430161636,
        "5,34": 48.73808154554152,
        "5,35": 62.507112975453936,
        "5,36": 23.320582759787378,
        "5,37": 79.72077214540151,
        "5,38": 70.31801224684551,
        "5,39": 47.88047944466556,
        "5,40": 91.78430474895359,
        "6,0": 79.87974668473913,
        "6,1": 24.976840169631554,
        "6,2": 85.41086334980767,
        "6,3": 69.87245854869003,
        "6,4": 23.629027860573103,
        "6,5": 40.47611840378394,
        "6,6": 0.0,
        "6,7": 26.269141427950686,
        "6,8": 75.7924531340779,
        "6,9": 14.065310435476004,
        "6,10": 49.65354263516059,
        "6,11": 33.4336159500904,
        "6,12": 52.9560841777356,
        "6,13": 27.187854043219758,
        "6,14": 89.52635785199247,
        "6,15": 12.607286550423883,
        "6,16": 73.23904574646657,
        "6,17": 45.226241041735385,
        "6,18": 65.0620786306362,
        "6,19": 91.57360971756697,
        "6,20": 61.4317831193387,
        "6,21": 48.13495467741168,
        "6,22": 61.80490855488528,
        "6,23": 30.583901134001742,
        "6,24": 87.31749965279108,
        "6,25": 56.83457155865236,
        "6,26": 47.406364551379994,
        "6,27": 14.077270386416913,
        "6,28": 27.6411989119668,
        "6,29": 31.225330983131176,
        "6,30": 37.5236320167252,
        "6,31": 29.35931593841136,
        "6,32": 31.814626828223748,
        "6,33": 56.064797572270585,
        "6,34": 37.40869652189702,
        "6,35": 44.17022973998682,
        "6,36": 17.46054411742909,
        "6,37": 59.28499826349629,
        "6,38": 76.05700949120616,
        "6,39": 60.61114402119238,
        "6,40": 68.77568596020443,
        "7,0": 75.66553459476265,
        "7,1": 48.28505789098983,
        "7,2": 59.32005501792314,
        "7,3": 51.54685530977978,
        "7,4": 24.968604628297985,
        "7,5": 37.342656951654,
        "7,6": 26.269141427950686,
        "7,7": 0.0,
        "7,8": 49.846751400913774,
        "7,9": 40.334363141888815,
        "7,10": 23.48366397915959,
        "7,11": 7.798580712477937,
        "7,12": 34.23669314496098,
        "7,13": 38.58349850246737,
        "7,14": 64.18218660320883,
        "7,15": 37.238532830799,
        "7,16": 57.19964255532588,
        "7,17": 23.36714780087881,
        "7,18": 44.348175871888934,
        "7,19": 65.44150461889002,
        "7,20": 39.42982675924547,
        "7,21": 38.28856786946429,
        "7,22": 49.77770219358658,
        "7,23": 5.5071263011151785,
        "7,24": 61.050583058155205,
        "7,25": 57.03829522855777,
        "7,26": 40.9978957582127,
        "7,27": 27.96438404279836,
        "7,28": 34.242575055565744,
        "7,29": 14.796504170488488,
        "7,30": 17.155069569155078,
        "7,31": 28.454855264446447,
        "7,32": 17.922503377017865,
        "7,33": 37.004803106202736,
        "7,34": 13.331709487205103,
        "7,35": 25.59390634958642,
        "7,36": 21.905347402849962,
        "7,37": 42.87695340892358,
        "7,38": 49.82059274670808,
        "7,39": 35.32915423046785,
        "7,40": 54.67482570542114,
        "8,0": 98.6337340037029,
        "8,1": 94.748766022059,
        "8,2": 20.410355519451656,
        "8,3": 38.30709161767983,
        "8,4": 70.04728425308437,
        "8,5": 73.54559209111773,
        "8,6": 75.7924531340779,
        "8,7": 49.846751400913774,
        "8,8": 0.0,
        "8,9": 89.76846968900112,
        "8,10": 28.53558205019406,
        "8,11": 42.37486953393448,
        "8,12": 49.63092624111897,
        "8,13": 78.30500052656703,
        "8,14": 31.911373043572134,
        "8,15": 87.08501760323179,
        "8,16": 46.62050722182934,
        "8,17": 34.43974900724523,
        "8,18": 46.30681528007956,
        "8,19": 23.751246281410403,
        "8,20": 26.096808414639167,
        "8,21": 54.014552224921026,
        "8,22": 53.123062155710386,
        "8,23": 46.750325184591965,
        "8,24": 14.905469302715888,
        "8,25": 90.17165127848291,
        "8,26": 71.9877842739953,
        "8,27": 73.28623588972468,
        "8,28": 78.89203236236794,
        "8,29": 47.93063296687785,
        "8,30": 41.22057160815117,
        "8,31": 70.5445353720521,
        "8,32": 56.11367650632219,
        "8,33": 35.29216893961898,
        "8,34": 38.80421058679864,
        "8,35": 39.654122074254836,
        "8,36": 69.66275690743859,
        "8,37": 41.78423254395677,
        "8,38": 6.589337663109155,
        "8,39": 27.244738155802747,
        "8,40": 50.39496573072359,
        "9,0": 85.37968906802936,
        "9,1": 16.69769238349124,
        "9,2": 99.41403209059722,
        "9,3": 81.52360060620086,
        "9,4": 32.98878451929726,
        "9,5": 48.287538553918566,
        "9,6": 14.065310435476004,
        "9,7": 40.334363141888815,
        "9,8": 89.76846968900112,
        "9,9": 0.0,
        "9,10": 63.69631696944033,
        "9,11": 47.44985085685208,
        "9,12": 65.13039687498923,
        "9,13": 30.14216753505471,
        "9,14": 103.27453077461655,
        "9,15": 8.24429542185556,
        "9,16": 84.0102980714646,
        "9,17": 58.46120825236453,
        "9,18": 77.52280993577837,
        "9,19": 105.5887577343058,
        "9,20": 74.38186587848278,
        "9,21": 57.83284258769529,
        "9,22": 71.49604084165182,
        "9,23": 44.57372436349196,
        "9,24": 101.38255564190092,
        "9,25": 61.46707712058121,
        "9,26": 55.793788397538364,
        "9,27": 21.32148862661583,
        "9,28": 33.30556314130207,
        "9,29": 44.14733108629311,
        "9,30": 50.72995642616295,
        "9,31": 38.13258369921537,
        "9,32": 44.12730766670982,
        "9,33": 68.29475080266387,
        "9,34": 51.20463952836341,
        "9,35": 56.701340062874536,
        "9,36": 27.869507081183958,
        "9,37": 70.59971019722947,
        "9,38": 90.11463140752566,
        "9,39": 74.41895403011057,
        "9,40": 78.9667963473844,
        "10,0": 76.54325177646913,
        "10,1": 71.43329438366148,
        "10,2": 35.83990640174358,
        "10,3": 45.815270318867285,
        "10,4": 41.5159714118877,
        "10,5": 46.10969908613062,
        "10,6": 49.65354263516059,
        "10,7": 23.48366397915959,
        "10,8": 28.53558205019406,
        "10,9": 63.69631696944033,
        "10,10": 0.0,
        "10,11": 17.535172636060047,
        "10,12": 26.74410718857686,
        "10,13": 58.973204092620875,
        "10,14": 41.35259133308784,
        "10,15": 59.960888546081065,
        "10,16": 53.66384139061914,
        "10,17": 21.99885968855812,
        "10,18": 30.443299840089157,
        "10,19": 41.95841686162763,
        "10,20": 30.131033019841794,
        "10,21": 45.837425938166774,
        "10,22": 52.315476376986936,
        "10,23": 19.217558643596902,
        "10,24": 37.94974554418039,
        "10,25": 64.10124624819512,
        "10,26": 45.81721885580828,
        "10,27": 50.455857332080306,
        "10,28": 50.37385878368946,
        "10,29": 28.27142455113116,
        "10,30": 23.66082744183021,
        "10,31": 42.12109757820116,
        "10,32": 27.67065054402553,
        "10,33": 33.79043736753923,
        "10,34": 17.585173434547865,
        "10,35": 28.366616073451222,
        "10,36": 41.386071391680865,
        "10,37": 41.75953500199874,
        "10,38": 27.1103517087723,
        "10,39": 13.649073818823894,
        "10,40": 53.95102003078583,
        "11,0": 79.50114483149369,
        "11,1": 54.039256388254394,
        "11,2": 53.07241438773153,
        "11,3": 44.88930146007839,
        "11,4": 32.042484943655104,
        "11,5": 42.73541574483719,
        "11,6": 33.4336159500904,
        "11,7": 7.798580712477937,
        "11,8": 42.37486953393448,
        "11,9": 47.44985085685208,
        "11,10": 17.535172636060047,
        "11,11": 0.0,
        "11,12": 34.42266831527795,
        "11,13": 41.75749822474766,
        "11,14": 58.87433967618432,
        "11,15": 44.8162572193856,
        "11,16": 51.07555273938991,
        "11,17": 16.423273714512536,
        "11,18": 42.83923631022068,
        "11,19": 59.08312943656716,
        "11,20": 32.00583808459317,
        "11,21": 34.91647408790607,
        "11,22": 45.063562914431145,
        "11,23": 7.718445218764015,
        "11,24": 54.11801770965639,
        "11,25": 62.35640070166689,
        "11,26": 45.371495811424126,
        "11,27": 32.93646154091679,
        "11,28": 41.396246936949346,
        "11,29": 12.644218506519886,
        "11,30": 11.721220660103842,
        "11,31": 34.909560719051385,
        "11,32": 22.49872796451383,
        "11,33": 30.47623072950085,
        "11,34": 6.080395864436325,
        "11,35": 19.90477183466655,
        "11,36": 29.511370077459503,
        "11,37": 37.006723624652466,
        "11,38": 42.743806685255116,
        "11,39": 30.57008865423532,
        "11,40": 49.16944883852374,
        "12,0": 50.07638479953924,
        "12,1": 77.84779747070178,
        "12,2": 45.84214535417396,
        "12,3": 72.5152234314062,
        "12,4": 33.469472828149584,
        "12,5": 27.388642963149717,
        "12,6": 52.9560841777356,
        "12,7": 34.23669314496098,
        "12,8": 49.63092624111897,
        "12,9": 65.13039687498923,
        "12,10": 26.74410718857686,
        "12,11": 34.42266831527795,
        "12,12": 0.0,
        "12,13": 72.30508115462378,
        "12,14": 44.06267596961198,
        "12,15": 58.63963478051332,
        "12,16": 80.236384519862,
        "12,17": 46.803777751058306,
        "12,18": 12.565409279586037,
        "12,19": 51.61697792384661,
        "12,20": 56.87469369534117,
        "12,21": 68.95316501621183,
        "12,22": 77.56782288247344,
        "12,23": 28.995442320997768,
        "12,24": 52.5877520086407,
        "12,25": 41.000135426702194,
        "12,26": 23.44886407735673,
        "12,27": 60.30238055479096,
        "12,28": 38.89637259851565,
        "12,29": 46.96785326984864,
        "12,30": 45.392224549917756,
        "12,31": 30.266406407542892,
        "12,32": 21.150635240725627,
        "12,33": 59.946524839492945,
        "12,34": 38.643501964267,
        "12,35": 52.405506875249436,
        "12,36": 37.413196407830775,
        "12,37": 67.71963186375415,
        "12,38": 45.277045107934455,
        "12,39": 22.467410956495932,
        "12,40": 80.07757068977352,
        "13,0": 106.24759601205788,
        "13,1": 21.50239803963093,
        "13,2": 93.1465407225388,
        "13,3": 58.649112076842435,
        "13,4": 49.33173450197138,
        "13,5": 66.28212361471282,
        "13,6": 27.187854043219758,
        "13,7": 38.58349850246737,
        "13,8": 78.30500052656703,
        "13,9": 30.14216753505471,
        "13,10": 58.973204092620875,
        "13,11": 41.75749822474766,
        "13,12": 72.30508115462378,
        "13,13": 0.0,
        "13,14": 100.168462273347,
        "13,15": 35.70630974834047,
        "13,16": 58.943538853124245,
        "13,17": 43.866823668819706,
        "13,18": 82.90915952790913,
        "13,19": 98.79422342936566,
        "13,20": 56.507495417065726,
        "13,21": 32.38859492981147,
        "13,22": 45.028565338150294,
        "13,23": 44.085112992081996,
        "13,24": 92.24674693689163,
        "13,25": 83.71273698376085,
        "13,26": 72.55587051844506,
        "13,27": 13.60351906173487,
        "13,28": 54.667684700134885,
        "13,29": 31.23321102650806,
        "13,30": 37.446755074658185,
        "13,31": 55.05719776773246,
        "13,32": 52.76866006910537,
        "13,33": 48.16149541295351,
        "13,34": 41.82494944097905,
        "13,35": 39.171391742840825,
        "13,36": 43.025358973389324,
        "13,37": 47.55477270674799,
        "13,38": 80.80181948417052,
        "13,39": 72.30319762799493,
        "13,40": 53.003717040109926,
        "14,0": 83.13196200043575,
        "14,1": 112.46316569920639,
        "14,2": 11.85929996668493,
        "14,3": 70.02006235285286,
        "14,4": 75.3888882204559,
        "14,5": 71.42620785281441,
        "14,6": 89.52635785199247,
        "14,7": 64.18218660320883,
        "14,8": 31.911373043572134,
        "14,9": 103.27453077461655,
        "14,10": 41.35259133308784,
        "14,11": 58.87433967618432,
        "14,12": 44.06267596961198,
        "14,13": 100.168462273347,
        "14,14": 0.0,
        "14,15": 98.32199112218998,
        "14,16": 78.42155523811424,
        "14,17": 59.03845530125165,
        "14,18": 33.527501310348654,
        "14,19": 12.653870215848979,
        "14,20": 56.41128783273717,
        "14,21": 82.04875056532231,
        "14,22": 83.68500960646692,
        "14,23": 59.19072675781071,
        "14,24": 20.867526134217947,
        "14,25": 82.5989021232418,
        "14,26": 66.75817862336437,
        "14,27": 91.73396606986844,
        "14,28": 82.239497018575,
        "14,29": 69.08139781664377,
        "14,30": 63.504403259494325,
        "14,31": 73.38386064245132,
        "14,32": 61.02929858689475,
        "14,33": 64.76965100026243,
        "14,34": 58.379272781901925,
        "14,35": 65.40100331586262,
        "14,36": 77.67132817274462,
        "14,37": 72.1303645316211,
        "14,38": 25.610446676563075,
        "14,39": 28.939646245633927,
        "14,40": 81.8250958232327,
        "15,0": 77.13539365814908,
        "15,1": 24.871298948997786,
        "15,2": 95.24754887788148,
        "15,3": 82.47504679684353,
        "15,4": 25.693260700894175,
        "15,5": 40.31966593523865,
        "15,6": 12.607286550423883,
        "15,7": 37.238532830799,
        "15,8": 87.08501760323179,
        "15,9": 8.24429542185556,
        "15,10": 59.960888546081065,
        "15,11": 44.8162572193856,
        "15,12": 58.63963478051332,
        "15,13": 35.70630974834047,
        "15,14": 98.32199112218998,
        "15,15": 0.0,
        "15,16": 85.74256281336007,
        "15,17": 57.58539605957855,
        "15,18": 71.15424253474414,
        "15,19": 101.46836803366718,
        "15,20": 73.87776488986745,
        "15,21": 60.31801349077106,
        "15,22": 74.02897543756154,
        "15,23": 40.76149837269111,
        "15,24": 97.90023625985263,
        "15,25": 53.22791848115415,
        "15,26": 47.88742444218145,
        "15,27": 24.568856808998746,
        "15,28": 25.16736123045336,
        "15,29": 43.75457323986215,
        "15,30": 49.926651073576075,
        "15,31": 30.51552014567565,
        "15,32": 38.016583186569655,
        "15,33": 68.66226622123135,
        "15,34": 49.304947406475364,
        "15,35": 56.74619734537846,
        "15,36": 21.25452801463098,
        "15,37": 71.8553507850457,
        "15,38": 86.85827735725567,
        "15,39": 69.72815250182852,
        "15,40": 81.1501230992289,
        "16,0": 129.18249578699653,
        "16,1": 80.26965069706769,
        "16,2": 67.03064944705336,
        "16,3": 8.510331212160986,
        "16,4": 82.02587199859629,
        "16,5": 93.80343433932525,
        "16,6": 73.23904574646657,
        "16,7": 57.19964255532588,
        "16,8": 46.62050722182934,
        "16,9": 84.0102980714646,
        "16,10": 53.66384139061914,
        "16,11": 51.07555273938991,
        "16,12": 80.236384519862,
        "16,13": 58.943538853124245,
        "16,14": 78.42155523811424,
        "16,15": 85.74256281336007,
        "16,16": 0.0,
        "16,17": 34.89613889240229,
        "16,18": 83.31807423751158,
        "16,19": 69.8995775423022,
        "16,20": 24.112152072870806,
        "16,21": 26.693540018776343,
        "16,22": 14.475864246832492,
        "16,23": 58.79351730764202,
        "16,24": 60.37136057574993,
        "16,25": 113.38136349193381,
        "16,26": 96.01910209979854,
        "16,27": 62.756173876514275,
        "16,28": 91.12750867148974,
        "16,29": 43.95329961808535,
        "16,30": 40.044764648729256,
        "16,31": 85.63555789101626,
        "16,32": 73.52280172145761,
        "16,33": 20.774279839123533,
        "16,34": 45.06811536220129,
        "16,35": 31.613212412077985,
        "16,36": 78.05370961796432,
        "16,37": 14.41147315488828,
        "16,38": 52.81132478310489,
        "16,39": 63.43962504155078,
        "16,40": 6.694901980474144,
        "17,0": 94.60682429294444,
        "17,1": 61.06758783510071,
        "17,2": 50.45883672196069,
        "17,3": 28.47130141479152,
        "17,4": 48.26747319557923,
        "17,5": 58.99189706626409,
        "17,6": 45.226241041735385,
        "17,7": 23.36714780087881,
        "17,8": 34.43974900724523,
        "17,9": 58.46120825236453,
        "17,10": 21.99885968855812,
        "17,11": 16.423273714512536,
        "17,12": 46.803777751058306,
        "17,13": 43.866823668819706,
        "17,14": 59.03845530125165,
        "17,15": 57.58539605957855,
        "17,16": 34.89613889240229,
        "17,17": 0.0,
        "17,18": 52.30834754565139,
        "17,19": 55.71921516873717,
        "17,20": 16.40872456936396,
        "17,21": 24.01022218155842,
        "17,22": 30.781551865445532,
        "17,23": 24.07926679496227,
        "17,24": 48.57093830552827,
        "17,25": 78.51401067635715,
        "17,26": 61.136231038912705,
        "17,27": 39.81825594943734,
        "17,28": 57.58223278731867,
        "17,29": 14.427659567482593,
        "17,30": 7.732024384769564,
        "17,31": 51.32327602698794,
        "17,32": 38.68513266905086,
        "17,33": 14.150373557790028,
        "17,34": 10.34292960597125,
        "17,35": 6.545801929033981,
        "17,36": 45.17588829381254,
        "17,37": 21.24741767538751,
        "17,38": 37.2583651957324,
        "17,39": 34.88193577544457,
        "17,40": 33.63071175806403,
        "18,0": 52.8136958716271,
        "18,1": 89.81514812612264,
        "18,2": 37.68714466426455,
        "18,3": 75.13064956012012,
        "18,4": 46.0335012803194,
        "18,5": 38.673013063934256,
        "18,6": 65.0620786306362,
        "18,7": 44.348175871888934,
        "18,8": 46.30681528007956,
        "18,9": 77.52280993577837,
        "18,10": 30.443299840089157,
        "18,11": 42.83923631022068,
        "18,12": 12.565409279586037,
        "18,13": 82.90915952790913,
        "18,14": 33.527501310348654,
        "18,15": 71.15424253474414,
        "18,16": 83.31807423751158,
        "18,17": 52.30834754565139,
        "18,18": 0.0,
        "18,19": 42.84349459923477,
        "18,20": 59.26821702598509,
        "18,21": 75.77590932047326,
        "18,22": 82.75727946163214,
        "18,23": 38.86912331429764,
        "18,24": 45.751342959054014,
        "18,25": 49.15407125236671,
        "18,26": 33.393573649844335,
        "18,27": 71.50992520889179,
        "18,28": 51.21288626799938,
        "18,29": 55.437389944050935,
        "18,30": 52.59508724642804,
        "18,31": 42.706183405486186,
        "18,32": 33.41079229444367,
        "18,33": 64.06981436673848,
        "18,34": 45.87319001931051,
        "18,35": 58.50011517953721,
        "18,36": 49.908143579452734,
        "18,37": 72.08938061390967,
        "18,38": 40.813524789805484,
        "18,39": 20.357591141397055,
        "18,40": 84.14242668246786,
        "19,0": 94.33202588741341,
        "19,1": 113.10402828561509,
        "19,2": 6.2355534906555015,
        "19,3": 61.75918997242166,
        "19,4": 80.31902444095552,
        "19,5": 78.78033931740059,
        "19,6": 91.57360971756697,
        "19,7": 65.44150461889002,
        "19,8": 23.751246281410403,
        "19,9": 105.5887577343058,
        "19,10": 41.95841686162763,
        "19,11": 59.08312943656716,
        "19,12": 51.61697792384661,
        "19,13": 98.79422342936566,
        "19,14": 12.653870215848979,
        "19,15": 101.46836803366718,
        "19,16": 69.8995775423022,
        "19,17": 55.71921516873717,
        "19,18": 42.84349459923477,
        "19,19": 0.0,
        "19,20": 49.759038806561406,
        "19,21": 77.15835896883425,
        "19,22": 76.87235357280677,
        "19,23": 61.01699492208542,
        "19,24": 9.675660529529457,
        "19,25": 91.78798938854862,
        "19,26": 74.98376245129029,
        "19,27": 91.84199264626179,
        "19,28": 87.99847181671218,
        "19,29": 67.60976500010283,
        "19,30": 61.38639391940742,
        "19,31": 79.13968633107318,
        "19,32": 65.71600731856843,
        "19,33": 58.7940994512626,
        "19,34": 57.29517447587952,
        "19,35": 61.64475352034729,
        "19,36": 81.69162509764836,
        "19,37": 65.5048269847075,
        "19,38": 18.77399771122344,
        "19,39": 32.26490481717207,
        "19,40": 74.00767169001384,
        "20,0": 106.50732688440883,
        "20,1": 75.52147078156263,
        "20,2": 45.76965578615078,
        "20,3": 15.865533063916,
        "20,4": 64.03933777834702,
        "20,5": 73.33664517470142,
        "20,6": 61.4317831193387,
        "20,7": 39.42982675924547,
        "20,8": 26.096808414639167,
        "20,9": 74.38186587848278,
        "20,10": 30.131033019841794,
        "20,11": 32.00583808459317,
        "20,12": 56.87469369534117,
        "20,13": 56.507495417065726,
        "20,14": 56.41128783273717,
        "20,15": 73.87776488986745,
        "20,16": 24.112152072870806,
        "20,17": 16.40872456936396,
        "20,18": 59.26821702598509,
        "20,19": 49.759038806561406,
        "20,20": 0.0,
        "20,21": 28.493953639175942,
        "20,22": 27.303274689293303,
        "20,23": 39.28050546775084,
        "20,24": 40.9646516859417,
        "20,25": 92.44324797258318,
        "20,26": 74.4986522095463,
        "20,27": 54.83531485756535,
        "20,28": 73.39702623625764,
        "20,29": 30.267508916437865,
        "20,30": 23.958968711282964,
        "20,31": 66.63498360816158,
        "20,32": 53.18352090247937,
        "20,33": 9.422755699969644,
        "20,34": 26.108078942215283,
        "20,35": 17.968180965993067,
        "20,36": 61.332284566723224,
        "20,37": 15.796187451153877,
        "20,38": 31.287842042147975,
        "20,39": 39.32747388863252,
        "20,40": 25.935273334197692,
        "21,0": 113.88935926038077,
        "21,1": 53.601339164618885,
        "21,2": 72.50514093075634,
        "21,3": 26.505980319393238,
        "21,4": 61.12201119678576,
        "21,5": 75.42038461192215,
        "21,6": 48.13495467741168,
        "21,7": 38.28856786946429,
        "21,8": 54.014552224921026,
        "21,9": 57.83284258769529,
        "21,10": 45.837425938166774,
        "21,11": 34.91647408790607,
        "21,12": 68.95316501621183,
        "21,13": 32.38859492981147,
        "21,14": 82.04875056532231,
        "21,15": 60.31801349077106,
        "21,16": 26.693540018776343,
        "21,17": 24.01022218155842,
        "21,18": 75.77590932047326,
        "21,19": 77.15835896883425,
        "21,20": 28.493953639175942,
        "21,21": 0.0,
        "21,22": 13.717498219941897,
        "21,23": 41.86437607538748,
        "21,24": 68.89689544285487,
        "21,25": 95.03284891846657,
        "21,26": 79.28136977148905,
        "21,27": 36.512015384874026,
        "21,28": 69.54500520662167,
        "21,29": 23.492360063076067,
        "21,30": 23.56115428128062,
        "21,31": 65.6847118877917,
        "21,32": 56.1710221436487,
        "21,33": 19.07958729361376,
        "21,34": 30.31797816769692,
        "21,35": 17.503322575789646,
        "21,36": 56.12089989072128,
        "21,37": 15.713582167873149,
        "21,38": 58.387486498546316,
        "21,39": 58.891438164986845,
        "21,40": 21.181074791017775,
        "22,0": 124.55613566987724,
        "22,1": 66.49306475436687,
        "22,2": 73.05454036527513,
        "22,3": 17.760679235757248,
        "22,4": 73.6639179029262,
        "22,5": 87.11495919668543,
        "22,6": 61.80490855488528,
        "22,7": 49.77770219358658,
        "22,8": 53.123062155710386,
        "22,9": 71.49604084165182,
        "22,10": 52.315476376986936,
        "22,11": 45.063562914431145,
        "22,12": 77.56782288247344,
        "22,13": 45.028565338150294,
        "22,14": 83.68500960646692,
        "22,15": 74.02897543756154,
        "22,16": 14.475864246832492,
        "22,17": 30.781551865445532,
        "22,18": 82.75727946163214,
        "22,19": 76.87235357280677,
        "22,20": 27.303274689293303,
        "22,21": 13.717498219941897,
        "22,22": 0.0,
        "22,23": 52.55427737829059,
        "22,24": 67.81137791062123,
        "22,25": 106.81420120913668,
        "22,26": 90.35040581192328,
        "22,27": 50.184213956696084,
        "22,28": 82.36333112678385,
        "22,29": 35.272645579547174,
        "22,30": 33.34873901297645,
        "22,31": 77.91017502954895,
        "22,32": 67.27975320568245,
        "22,33": 19.321047146321117,
        "22,34": 39.59198314021292,
        "22,35": 25.37283832461998,
        "22,36": 68.98751489277315,
        "22,37": 11.563903609425989,
        "22,38": 58.563363933338174,
        "22,39": 64.14113457224065,
        "22,40": 8.048625831130414,
        "23,0": 72.13341322509784,
        "23,1": 53.39956829370513,
        "23,2": 54.84038121135264,
        "23,3": 52.54858049482471,
