{
    "num_robots": 3,
    "num_tasks": 60,
    "num_nodes": 61,
    "robot_capacity": [
        309,
        317,
        267
    ],
    "robot_speed": [
        0.8,
        0.84,
        1.05
    ],
    "task_demand": {
        "0": 0,
        "1": 9,
        "2": 13,
        "3": 8,
        "4": 6,
        "5": 14,
        "6": 10,
        "7": 13,
        "8": 9,
        "9": 11,
        "10": 11,
        "11": 8,
        "12": 14,
        "13": 9,
        "14": 11,
        "15": 15,
        "16": 6,
        "17": 14,
        "18": 13,
        "19": 12,
        "20": 13,
        "21": 14,
        "22": 13,
        "23": 14,
        "24": 15,
        "25": 14,
        "26": 7,
        "27": 15,
        "28": 13,
        "29": 11,
        "30": 9,
        "31": 13,
        "32": 6,
        "33": 11,
        "34": 9,
        "35": 8,
        "36": 14,
        "37": 10,
        "38": 13,
        "39": 6,
        "40": 5,
        "41": 11,
        "42": 9,
        "43": 7,
        "44": 13,
        "45": 8,
        "46": 14,
        "47": 12,
        "48": 13,
        "49": 12,
        "50": 10,
        "51": 10,
        "52": 9,
        "53": 13,
        "54": 9,
        "55": 9,
        "56": 5,
        "57": 8,
        "58": 7,
        "59": 8,
        "60": 14
    },
    "task_service_time": {
        "0": 0,
        "1": 30,
        "2": 63,
        "3": 43,
        "4": 99,
        "5": 88,
        "6": 10,
        "7": 94,
        "8": 32,
        "9": 27,
        "10": 62,
        "11": 29,
        "12": 26,
        "13": 76,
        "14": 20,
        "15": 27,
        "16": 60,
        "17": 50,
        "18": 37,
        "19": 23,
        "20": 63,
        "21": 87,
        "22": 84,
        "23": 99,
        "24": 94,
        "25": 37,
        "26": 40,
        "27": 95,
        "28": 79,
        "29": 63,
        "30": 99,
        "31": 39,
        "32": 16,
        "33": 62,
        "34": 70,
        "35": 82,
        "36": 33,
        "37": 56,
        "38": 55,
        "39": 58,
        "40": 95,
        "41": 44,
        "42": 76,
        "43": 19,
        "44": 64,
        "45": 21,
        "46": 39,
        "47": 47,
        "48": 27,
        "49": 23,
        "50": 30,
        "51": 91,
        "52": 90,
        "53": 52,
        "54": 44,
        "55": 78,
        "56": 32,
        "57": 46,
        "58": 56,
        "59": 74,
        "60": 30
    },
    "task_precedence": [],
    "coordinates": {
        "0": [
            0,
            0
        ],
        "1": [
            70.70212641405013,
            52.12890460035388
        ],
        "2": [
            93.48308720872478,
            1.3061386733332125
        ],
        "3": [
            76.00769508601533,
            54.270517730119515
        ],
        "4": [
            75.47603082126281,
            9.35724845521383
        ],
        "5": [
            73.28227863516585,
            41.301549269018814
        ],
        "6": [
            36.98351852222574,
            2.227525870332492
        ],
        "7": [
            8.146561447918877,
            63.207255836441966
        ],
        "8": [
            38.84806261943483,
            33.897623303924796
        ],
        "9": [
            94.286829210136,
            3.355049627053186
        ],
        "10": [
            44.22034510646212,
            0.12056008353454883
        ],
        "11": [
            77.49557713439272,
            78.29093344876817
        ],
        "12": [
            49.087616899739736,
            3.6433864900667023
        ],
        "13": [
            90.63646167768961,
            16.79607657341804
        ],
        "14": [
            16.746585036373684,
            25.831081219119024
        ],
        "15": [
            69.85417418461408,
            36.02380485529946
        ],
        "16": [
            40.25690035609778,
            38.981910937069344
        ],
        "17": [
            12.774410114660961,
            4.902780203467028
        ],
        "18": [
            87.51041831401335,
            0.7290783487905461
        ],
        "19": [
            92.44319625455196,
            10.785840815841151
        ],
        "20": [
            1.065183471204334,
            71.1924932278867
        ],
        "21": [
            74.9723025591797,
            77.95976145440284
        ],
        "22": [
            84.55626790413923,
            94.87505219257044
        ],
        "23": [
            27.86013163021275,
            35.04035945299123
        ],
        "24": [
            49.10930390588414,
            1.6621647644890714
        ],
        "25": [
            71.95779006302224,
            26.38185370488041
        ],
        "26": [
            80.22398272406205,
            44.2365680042212
        ],
        "27": [
            73.13885691396817,
            89.71176290752105
        ],
        "28": [
            69.35476783265379,
            84.47053254577717
        ],
        "29": [
            9.594693686415424,
            88.31610712900996
        ],
        "30": [
            69.626340649973,
            33.64865332608801
        ],
        "31": [
            87.14312130887794,
            30.55056259405864
        ],
        "32": [
            93.27739765706588,
            6.098648868024559
        ],
        "33": [
            0.7724999217935236,
            47.02062052874423
        ],
        "34": [
            12.982764821273962,
            2.748022175277476
        ],
        "35": [
            3.079755367292847,
            96.88961973388115
        ],
        "36": [
            94.81856975824913,
            49.74146886932749
        ],
        "37": [
            54.64866325072497,
            9.310125183747553
        ],
        "38": [
            15.200857054182826,
            21.56136371064018
        ],
        "39": [
            82.23934662447925,
            95.58265563210027
        ],
        "40": [
            63.57105282597689,
            78.68839507976494
        ],
        "41": [
            83.55692516097442,
            22.75968542197854
        ],
        "42": [
            34.56453243884388,
            87.69481482436137
        ],
        "43": [
            50.66778612640368,
            94.74668898806429
        ],
        "44": [
            14.175664253200871,
            65.19410285178249
        ],
        "45": [
            47.03519231851268,
            32.09934873576131
        ],
        "46": [
            92.35063049070612,
            65.27381106738162
        ],
        "47": [
            85.04219142901638,
            6.792633262543224
        ],
        "48": [
            20.313279924676053,
            34.33199651052243
        ],
        "49": [
            86.32962055644879,
            98.79274128262473
        ],
        "50": [
            55.226942201381156,
            57.14028732355065
        ],
        "51": [
            84.29867830658301,
            17.019599019571807
        ],
        "52": [
            61.95779628854825,
            82.20506890048443
        ],
        "53": [
            70.94115560843647,
            75.33415721171313
        ],
        "54": [
            34.6918162520778,
            77.53703072858254
        ],
        "55": [
            12.992924753638146,
            68.64969634285659
        ],
        "56": [
            5.158482958518751,
            21.57600429698374
        ],
        "57": [
            36.3781196993757,
            80.95193030655322
        ],
        "58": [
            81.21286450934316,
            51.20709502482816
        ],
        "59": [
            37.154695261826106,
            66.15364228535492
        ],
        "60": [
            16.68971340175236,
            35.89329371752776
        ]
    },
    "distance_matrix_str_keys": {
        "0,0": 0.0,
        "0,1": 87.84197956729527,
        "0,2": 93.49221139917495,
        "0,3": 93.39410477639312,
        "0,4": 76.05385806903432,
        "0,5": 84.11961919780232,
        "0,6": 37.05053999318788,
        "0,7": 63.73008436992803,
        "0,8": 51.55793668232191,
        "0,9": 94.34650242855507,
        "0,10": 44.22050945057452,
        "0,11": 110.1591336915467,
        "0,12": 49.22264111170402,
        "0,13": 92.1795876195561,
        "0,14": 30.78462062993823,
        "0,15": 78.59592971183115,
        "0,16": 56.03755353855477,
        "0,17": 13.682938555042206,
        "0,18": 87.51345535820352,
        "0,19": 93.07029008154146,
        "0,20": 71.20046142989538,
        "0,21": 108.15993045972513,
        "0,22": 127.08673404576707,
        "0,23": 44.76621186841269,
        "0,24": 49.13742485951819,
        "0,25": 76.6415406660102,
        "0,26": 91.61201533042865,
        "0,27": 115.74753904363227,
        "0,28": 109.2948063253168,
        "0,29": 88.83576377427565,
        "0,30": 77.33084237848011,
        "0,31": 92.34316686288874,
        "0,32": 93.47655551896345,
        "0,33": 47.02696578599702,
        "0,34": 13.270411006458145,
        "0,35": 96.93855427691533,
        "0,36": 107.07368909437197,
        "0,37": 55.43604266204604,
        "0,38": 26.38102462460871,
        "0,39": 126.09264130355076,
        "0,40": 101.15899504064045,
        "0,41": 86.60117217950402,
        "0,42": 94.26074182709853,
        "0,43": 107.44375098232548,
        "0,44": 66.71746775521588,
        "0,45": 56.94451251612832,
        "0,46": 113.08982873490955,
        "0,47": 85.31303645802836,
        "0,48": 39.89129385839436,
        "0,49": 131.19759569274146,
        "0,50": 79.4671478054461,
        "0,51": 85.99961578416371,
        "0,52": 102.93902017149102,
        "0,53": 103.47890027372493,
        "0,54": 84.94417725231719,
        "0,55": 69.86842564148787,
        "0,56": 22.184091323666813,
        "0,57": 88.7501133138384,
        "0,58": 96.00883262853846,
        "0,59": 75.87341937475773,
        "0,60": 39.583772777810736,
        "1,0": 87.84197956729527,
        "1,1": 0.0,
        "1,2": 55.69493434057747,
        "1,3": 5.721500304161767,
        "1,4": 43.03724820068427,
        "1,5": 11.13053498063405,
        "1,6": 60.225344476554326,
        "1,7": 63.528958549168756,
        "1,8": 36.70232959828226,
        "1,9": 54.176813628491196,
        "1,10": 58.36225356001162,
        "1,11": 27.02966381875633,
        "1,12": 53.08514375950394,
        "1,13": 40.568293762299184,
        "1,14": 60.023128541827745,
        "1,15": 16.1274071313884,
        "1,16": 33.16255768336128,
        "1,17": 74.73906034472702,
        "1,18": 54.07828413776891,
        "1,19": 46.71105908561554,
        "1,20": 72.1991982904586,
        "1,21": 26.1814356009139,
        "1,22": 44.93517965250579,
        "1,23": 46.12434164637801,
        "1,24": 54.892092449915076,
        "1,25": 25.777651580651234,
        "1,26": 12.367486589245575,
        "1,27": 37.661769661897665,
        "1,28": 32.36968139026159,
        "1,29": 71.01853252083131,
        "1,30": 18.511537001832025,
        "1,31": 27.128051107154743,
        "1,32": 51.26819008390456,
        "1,33": 70.11595558432316,
        "1,34": 75.96049138701555,
        "1,35": 81.09443066727884,
        "1,36": 24.234328728969196,
        "1,37": 45.72921987377684,
        "1,38": 63.36217686128582,
        "1,39": 44.95926966614265,
        "1,40": 27.500159000348393,
        "1,41": 32.05927145103856,
        "1,42": 50.70364551370073,
        "1,43": 47.09193494515369,
        "1,44": 58.016724569481305,
        "1,45": 31.004949243876332,
        "1,46": 25.32679006080121,
        "1,47": 47.550131056065986,
        "1,48": 53.439365528490455,
        "1,49": 49.21109861688064,
        "1,50": 16.266385069043277,
        "1,51": 37.65009378117237,
        "1,52": 31.321541602421288,
        "1,53": 23.206483656787917,
        "1,54": 44.07170647149283,
        "1,55": 60.027398045236325,
        "1,56": 72.31492871028428,
        "1,57": 44.82080150788519,
        "1,58": 10.551082797579364,
        "1,59": 36.361014892963304,
        "1,60": 56.39978563921653,
        "2,0": 93.49221139917495,
        "2,1": 55.69493434057747,
        "2,2": 0.0,
        "2,3": 55.77288569469396,
        "2,4": 19.724970176431924,
        "2,5": 44.807427238606905,
        "2,6": 56.50708111491176,
        "2,7": 105.42329408136328,
        "2,8": 63.6175351793702,
        "2,9": 2.2009173771648514,
        "2,10": 49.27700636226425,
        "2,11": 78.62734324007589,
        "2,12": 44.45695121477404,
        "2,13": 15.749331829078518,
        "2,14": 80.56031015656121,
        "2,15": 41.99573640053751,
        "2,16": 65.21112468390399,
        "2,17": 80.78877637747799,
        "2,18": 6.000481009387062,
        "2,19": 9.536567826384925,
        "2,20": 115.86704226898327,
        "2,21": 78.85700370800524,
        "2,22": 93.99377468783355,
        "2,23": 73.78597394132623,
        "2,24": 44.37521153960895,
        "2,25": 33.0473887251951,
        "2,26": 44.931343339250056,
        "2,27": 90.71627253432823,
        "2,28": 86.59383467709857,
        "2,29": 120.86354776528653,
        "2,30": 40.18933453582149,
        "2,31": 29.92376142911045,
        "2,32": 4.796922154661479,
        "2,33": 103.36859700313438,
        "2,34": 80.51323451779028,
        "2,35": 131.56353696858483,
        "2,36": 48.4537379861975,
        "2,37": 39.65067823138167,
        "2,38": 80.86026032162293,
        "2,39": 94.94463308793449,
        "2,40": 82.96230112204843,
        "2,41": 23.638598966404718,
        "2,42": 104.56767886540601,
        "2,43": 102.78271474275039,
        "2,44": 101.83977269570656,
        "2,45": 55.72816815292797,
        "2,46": 63.97769587700457,
        "2,47": 10.067290819348063,
        "2,48": 80.27781750812028,
        "2,49": 97.74870727251154,
        "2,50": 67.68297264687389,
        "2,51": 18.200719846603697,
        "2,52": 86.82442559268243,
        "2,53": 77.38401778785331,
        "2,54": 96.26817981159174,
        "2,55": 104.94675322102471,
        "2,56": 90.62065530747591,
        "2,57": 98.0021909914575,
        "2,58": 51.38738959984467,
        "2,59": 85.89578839520951,
        "2,60": 84.22288023279987,
        "3,0": 93.39410477639312,
        "3,1": 5.721500304161767,
        "3,2": 55.77288569469396,
        "3,3": 0.0,
        "3,4": 44.916415972900175,
        "3,5": 13.252246518065744,
        "3,6": 65.04889974626536,
        "3,7": 68.44705067881728,
        "3,8": 42.377979097076114,
        "3,9": 54.097242411068954,
        "3,10": 62.79055288695543,
        "3,11": 24.06645308903219,
        "3,12": 57.339314847255736,
        "3,13": 40.22852908075023,
        "3,14": 65.73188505876706,
        "3,15": 19.25638466120019,
        "3,16": 38.88265450677462,
        "3,17": 80.22232754519756,
        "3,18": 54.763111422603174,
        "3,19": 46.48701781142928,
        "3,20": 76.82924769827643,
        "3,21": 23.711860026432422,
        "3,22": 41.49465406698954,
        "3,23": 51.84579880852394,
        "3,24": 59.086057998784426,
        "3,25": 28.181187196566622,
        "3,26": 10.883805793407035,
        "3,27": 35.55716653759242,
        "3,28": 30.92413840197432,
        "3,29": 74.63101843349789,
        "3,30": 21.586638829068754,
        "3,31": 26.203701815231312,
        "3,32": 51.17393454249363,
        "3,33": 75.58369930632566,
        "3,34": 81.4046029599938,
        "3,35": 84.46817298382071,
        "3,36": 19.34841826914873,
        "3,37": 49.775949401943166,
        "3,38": 69.04607380654988,
        "3,39": 41.7794951971552,
        "3,40": 27.402605806136417,
        "3,41": 32.402521930807296,
        "3,42": 53.242082664411726,
        "3,43": 47.75386294095883,
        "3,44": 62.78952738172453,
        "3,45": 36.48241564355819,
        "3,46": 19.701878131481077,
        "3,47": 48.32982141171454,
        "3,48": 59.1558324139551,
        "3,49": 45.70306921287052,
        "3,50": 20.977971016559575,
        "3,51": 38.162433721443506,
        "3,52": 31.268815220740343,
        "3,53": 21.664411611867386,
        "3,54": 47.41658434480763,
        "3,55": 64.63452682289272,
        "3,56": 78.02911038655064,
        "3,57": 47.7744808700129,
        "3,58": 6.039730738769864,
        "3,59": 40.62959813404123,
        "3,60": 62.0994791725626,
        "4,0": 76.05385806903432,
        "4,1": 43.03724820068427,
        "4,2": 19.724970176431924,
        "4,3": 44.916415972900175,
        "4,4": 0.0,
        "4,5": 32.01953939607606,
        "4,6": 39.147240608105285,
        "4,7": 86.21531616281635,
        "4,8": 44.08897880774023,
        "4,9": 19.745189966156502,
        "4,10": 32.59193614343755,
        "4,11": 68.96326191604814,
        "4,12": 26.999937182341515,
        "4,13": 16.887120166703482,
        "4,14": 60.99618814428773,
        "4,15": 27.252715502899513,
        "4,16": 46.02181849825334,
        "4,17": 62.859649431414915,
        "4,18": 14.80782906813308,
        "4,19": 17.027201149145007,
        "4,20": 96.75004754236596,
        "4,21": 68.60436233918304,
        "4,22": 85.9985201125129,
        "4,23": 54.10079524643234,
        "4,24": 27.466681656825823,
        "4,25": 17.384337834381842,
        "4,26": 35.200994012571044,
        "4,27": 80.38849653239565,
        "4,28": 75.36229367160603,
        "4,29": 102.83409913906928,
        "4,30": 24.98582049284783,
        "4,31": 24.19251050705484,
        "4,32": 18.097158133045625,
        "4,33": 83.66090559393409,
        "4,34": 62.84178679322194,
        "4,35": 113.59197472213236,
        "4,36": 44.77743930803264,
        "4,37": 20.827420880200336,
        "4,38": 61.49826828309409,
        "4,39": 86.49024964395637,
        "4,40": 70.34583422878178,
        "4,41": 15.650117251243975,
        "4,42": 88.37717468065644,
        "4,43": 88.92022019402117,
        "4,44": 82.91856999660797,
        "4,45": 36.415442052925734,
        "4,46": 58.407311942636575,
        "4,47": 9.903972933111898,
        "4,48": 60.55301088224287,
        "4,49": 90.09166325149958,
        "4,50": 51.89647765917075,
        "4,51": 11.685492065862864,
        "4,52": 74.09148134912584,
        "4,53": 66.13257580239365,
        "4,54": 79.44705701830172,
        "4,55": 86.13787158019906,
        "4,56": 71.37125143746667,
        "4,57": 81.5747823992776,
        "4,58": 42.241222977856054,
        "4,59": 68.51536405192223,
        "4,60": 64.49800627857431,
        "5,0": 84.11961919780232,
        "5,1": 11.13053498063405,
        "5,2": 44.807427238606905,
        "5,3": 13.252246518065744,
        "5,4": 32.01953939607606,
        "5,5": 0.0,
        "5,6": 53.332722509711225,
        "5,7": 68.72060559770313,
        "5,8": 35.22120600312574,
        "5,9": 43.37197228549996,
        "5,10": 50.403073822156585,
        "5,11": 37.228570026804405,
        "5,12": 44.760684538752834,
        "5,13": 30.0280845394483,
        "5,14": 58.614162387425445,
        "5,15": 6.293368431963817,
        "5,16": 33.10674149575265,
        "5,17": 70.612127445518,
        "5,18": 42.99494569473909,
        "5,19": 36.032613372002864,
        "5,20": 78.15866787933923,
        "5,21": 36.69714841091031,
        "5,22": 54.746899908001375,
        "5,23": 45.85165140375969,
        "5,24": 46.42858506524235,
        "5,25": 14.978370595772764,
        "5,26": 7.536682999422707,
        "5,27": 48.410426091034765,
        "5,28": 43.34727740300297,
        "5,29": 79.16108341460946,
        "5,30": 8.481314689651759,
        "5,31": 17.54156988728686,
        "5,32": 40.48516989395338,
        "5,33": 72.73496947917171,
        "5,34": 71.57098446688845,
        "5,35": 89.54567466484772,
        "5,36": 23.131019826152716,
        "5,37": 37.022463954995565,
        "5,38": 61.34432702986562,
        "5,39": 55.01515768372699,
        "5,40": 38.627505050074916,
        "5,41": 21.198327201750832,
        "5,42": 60.42680662927124,
        "5,43": 58.03273413356597,
        "5,44": 63.75300761849235,
        "5,45": 27.813486562603526,
        "5,46": 30.6312157482515,
        "5,47": 36.45765808250657,
        "5,48": 53.42555091007799,
        "5,49": 58.953119428544,
        "5,50": 24.017926573649692,
        "5,51": 26.664098890399796,
        "5,52": 42.44221740979784,
        "5,53": 34.11303651695966,
        "5,54": 52.93613041720107,
        "5,55": 66.2021702047927,
        "5,56": 70.92213097360612,
        "5,57": 54.167053299766344,
        "5,58": 12.68913034956034,
        "5,59": 43.85007192343288,
        "5,60": 56.85039725286355,
        "6,0": 37.05053999318788,
        "6,1": 60.225344476554326,
        "6,2": 56.50708111491176,
        "6,3": 65.04889974626536,
        "6,4": 39.147240608105285,
        "6,5": 53.332722509711225,
        "6,6": 0.0,
        "6,7": 67.45441097545101,
        "6,8": 31.724936503382747,
        "6,9": 57.31440242746269,
        "6,10": 7.537304812533955,
        "6,11": 86.17928327294722,
        "6,12": 12.186626228249194,
        "6,13": 55.59569208879238,
        "6,14": 31.091177237506294,
        "6,15": 47.14518508718597,
        "6,16": 36.899862469449566,
        "6,17": 24.356475845987628,
        "6,18": 50.549114211271416,
        "6,19": 56.11613501373734,
        "6,20": 77.75791609518578,
        "6,21": 84.72614247779407,
        "6,22": 104.14763855884647,
        "6,23": 34.057572375385355,
        "6,24": 12.13895812458978,
        "6,25": 42.50448473923881,
        "6,26": 60.28679262821273,
        "6,27": 94.66097519147158,
        "6,28": 88.3844439306778,
        "6,29": 90.3404203500217,
        "6,30": 45.308289385658554,
        "6,31": 57.60364711516335,
        "6,32": 56.426823597569715,
        "6,33": 57.599124968685786,
        "6,34": 24.00639695200452,
        "6,35": 100.55037131058783,
        "6,36": 74.8496354752994,
        "6,37": 19.032092667733934,
        "6,38": 29.12527469856164,
        "6,39": 103.74618176134108,
        "6,40": 80.95159974092594,
        "6,41": 50.898445769910204,
        "6,42": 85.5015144592367,
        "6,43": 93.5256901811915,
        "6,44": 66.97005325604829,
        "6,45": 31.517645016887247,
        "6,46": 83.90680046860265,
        "6,47": 48.275006442923555,
        "6,48": 36.1744922560919,
        "6,49": 108.44297401673543,
        "6,50": 57.863925531847656,
        "6,51": 49.57347852906539,
        "6,52": 83.78616794608307,
        "6,53": 80.60831633623998,
        "6,54": 75.34436555768313,
        "6,55": 70.62190396506205,
        "6,56": 37.24508700564147,
        "6,57": 78.72673219162827,
        "6,58": 65.99419096411566,
        "6,59": 63.92634559696948,
        "6,60": 39.30931761057419,
        "7,0": 63.73008436992803,
        "7,1": 63.528958549168756,
        "7,2": 105.42329408136328,
        "7,3": 68.44705067881728,
        "7,4": 86.21531616281635,
        "7,5": 68.72060559770313,
        "7,6": 67.45441097545101,
        "7,7": 0.0,
        "7,8": 42.445691576128006,
        "7,9": 104.8924797984949,
        "7,10": 72.67220272197127,
        "7,11": 70.97043967029785,
        "7,12": 72.27741385122418,
        "7,13": 94.6497818301874,
        "7,14": 38.35282042753303,
        "7,15": 67.4297373338064,
        "7,16": 40.2236398190376,
        "7,17": 58.48785226111859,
        "7,18": 101.00566537992016,
        "7,19": 99.26695015202661,
        "7,20": 10.672859515932217,
        "7,21": 68.4347579602443,
        "7,22": 82.71210653090023,
        "7,23": 34.38021089534321,
        "7,24": 73.9306736391098,
        "7,25": 73.67484740072561,
        "7,26": 74.53215181816628,
        "7,27": 70.18894047517124,
        "7,28": 64.79638466190889,
        "7,29": 25.150576538371176,
        "7,30": 68.21637804148232,
        "7,31": 85.480501188243,
        "7,32": 102.51171768896367,
        "7,33": 17.7871848805675,
        "7,34": 60.652351957395155,
        "7,35": 34.06132941589602,
        "7,36": 87.71182613074286,
        "7,37": 71.18529458162095,
        "7,38": 42.23912188308931,
        "7,39": 80.85732698493462,
        "7,40": 57.54598089169722,
        "7,41": 85.57294495206006,
        "7,42": 36.02151768685194,
        "7,43": 52.94138637855868,
        "7,44": 6.348042351703929,
        "7,45": 49.79987444937868,
        "7,46": 84.22942415738697,
        "7,47": 95.37058010909499,
        "7,48": 31.333841763048586,
        "7,49": 85.900625760284,
        "7,50": 47.46967830971047,
        "7,51": 89.06427198539609,
        "7,52": 57.066328918983984,
        "7,53": 63.954849642147266,
        "7,54": 30.166090251756934,
        "7,55": 7.2874821411022905,
        "7,56": 41.738348287880996,
        "7,57": 33.34507989727447,
        "7,58": 74.04517879354802,
        "7,59": 29.15738363557138,
        "7,60": 28.618839458296854,
        "8,0": 51.55793668232191,
        "8,1": 36.70232959828226,
        "8,2": 63.6175351793702,
        "8,3": 42.377979097076114,
        "8,4": 44.08897880774023,
        "8,5": 35.22120600312574,
        "8,6": 31.724936503382747,
        "8,7": 42.445691576128006,
        "8,8": 0.0,
        "8,9": 63.295384096357104,
        "8,10": 34.20162889271006,
        "8,11": 58.85912302948571,
        "8,12": 31.940058187929413,
        "8,13": 54.53898768397477,
        "8,14": 23.52752457358183,
        "8,15": 31.07892537366356,
        "8,16": 5.275870023493015,
        "8,17": 38.99405443602735,
        "8,18": 58.89123225223293,
        "8,19": 58.3660246988139,
        "8,20": 53.08910697473662,
        "8,21": 56.97747563393864,
        "8,22": 76.20686887819572,
        "8,23": 11.047193006836174,
        "8,24": 33.82924563135293,
        "8,25": 33.952037406532256,
        "8,26": 42.648101270986054,
        "8,27": 65.50631078789074,
        "8,28": 59.06164755703043,
        "8,29": 61.782934340741704,
        "8,30": 30.779284991288748,
        "8,31": 48.41090279278299,
        "8,32": 61.117391079188955,
        "8,33": 40.273583536912035,
        "8,34": 40.488409213766005,
        "8,35": 72.43868730116019,
        "8,36": 58.16979552720117,
        "8,37": 29.226769306908455,
        "8,38": 26.67158847534567,
        "8,39": 75.41781447996539,
        "8,40": 51.1609175155037,
        "8,41": 46.07533016724216,
        "8,42": 53.96745728950519,
        "8,43": 61.98640704552825,
        "8,44": 39.852187809850776,
        "8,45": 8.382295874760455,
        "8,46": 62.02410763072444,
        "8,47": 53.5591077373364,
        "8,48": 18.539871888029303,
        "8,49": 80.41066273570563,
        "8,50": 28.433943220895493,
        "8,51": 48.483256595282974,
        "8,52": 53.550621754765125,
        "8,53": 52.411381968919684,
        "8,54": 43.83688246489982,
        "8,55": 43.31506359873668,
        "8,56": 35.87213504492618,
        "8,57": 47.11908769836229,
        "8,58": 45.76455233505441,
        "8,59": 32.30043735831135,
        "8,60": 22.248036777488917,
        "9,0": 94.34650242855507,
        "9,1": 54.176813628491196,
        "9,2": 2.2009173771648514,
        "9,3": 54.097242411068954,
        "9,4": 19.745189966156502,
        "9,5": 43.37197228549996,
        "9,6": 57.31440242746269,
        "9,7": 104.8924797984949,
        "9,8": 63.295384096357104,
        "9,9": 0.0,
        "9,10": 50.17085561469489,
        "9,11": 76.79409372088922,
        "9,12": 45.20013198682997,
        "9,13": 13.927899644054193,
        "9,14": 80.73203492204456,
        "9,15": 40.79463444816279,
        "9,16": 64.7186716394547,
        "9,17": 81.52711166681627,
        "9,18": 7.267425251583271,
        "9,19": 7.65608517235045,
        "9,20": 115.2917776277699,
        "9,21": 77.06434951773996,
        "9,22": 92.0358337438307,
        "9,23": 73.59663722032596,
        "9,24": 45.20923193081493,
        "9,25": 32.07521933318585,
        "9,26": 43.23265196716029,
        "9,27": 88.90848475170644,
        "9,28": 84.86064608326019,
        "9,29": 119.9630739495244,
        "9,30": 39.06202914724358,
        "9,31": 28.118116724223523,
        "9,32": 2.9234036422280565,
        "9,33": 103.20664641591236,
        "9,34": 81.30633043297081,
        "9,35": 130.64243615320007,
        "9,36": 46.389466887759596,
        "9,37": 40.08300295027495,
        "9,38": 81.15454925241357,
        "9,39": 93.01114527879925,
        "9,40": 81.35460562241866,
        "9,41": 22.173649479459,
        "9,42": 103.34383738363583,
        "9,43": 101.26723391420154,
        "9,44": 101.20211091913141,
        "9,45": 55.30779258105224,
        "9,46": 61.94902649586533,
        "9,47": 9.863078066967391,
        "9,48": 80.19761363101553,
        "9,49": 95.7688370927739,
        "9,50": 66.47199836927899,
        "9,51": 16.925810721283852,
        "9,52": 85.2202552745859,
        "9,53": 75.67041961427954,
        "9,54": 95.1553040540504,
        "9,55": 104.26931375780593,
        "9,56": 90.97178295840881,
        "9,57": 96.82300619372539,
        "9,58": 49.60591498751227,
        "9,59": 84.89843325616164,
        "9,60": 84.14303126386051,
        "10,0": 44.22050945057452,
        "10,1": 58.36225356001162,
        "10,2": 49.27700636226425,
        "10,3": 62.79055288695543,
        "10,4": 32.59193614343755,
        "10,5": 50.403073822156585,
        "10,6": 7.537304812533955,
        "10,7": 72.67220272197127,
        "10,8": 34.20162889271006,
        "10,9": 50.17085561469489,
        "10,10": 0.0,
        "10,11": 84.95792098781988,
        "10,12": 6.008380863443674,
        "10,13": 49.32067241794414,
        "10,14": 37.62762800725182,
        "10,15": 44.11503347328633,
        "10,16": 39.06294259846178,
        "10,17": 31.80749057665618,
        "10,18": 43.29434989457972,
        "10,19": 49.38817253097892,
        "10,20": 83.14798648578622,
        "10,21": 83.69363271616507,
        "10,22": 102.98252493885316,
        "10,23": 38.56227396033018,
        "10,24": 5.1262523479425885,
        "10,25": 38.197138575876906,
        "10,26": 56.942814090607996,
        "10,27": 94.14278489937269,
        "10,28": 88.01509563796424,
        "10,29": 94.74909105059136,
        "10,30": 42.06658586144416,
        "10,31": 52.61510970921923,
        "10,32": 49.41995498245566,
        "10,33": 63.9322369462797,
        "10,34": 31.34788635804848,
        "10,35": 105.15131492139781,
        "10,36": 70.86899834653154,
        "10,37": 13.899565678430916,
        "10,38": 36.08100257742967,
        "10,39": 102.75434863279744,
        "10,40": 80.91572520370175,
        "10,41": 45.3860829602515,
        "10,42": 88.10496473913015,
        "10,43": 94.84552581520283,
        "10,44": 71.67460370302244,
        "10,45": 32.10243430786793,
        "10,46": 81.00290417591792,
        "10,47": 41.36350683499024,
        "10,48": 41.736915889940896,
        "10,49": 107.2818270794683,
        "10,50": 58.072321067232316,
        "10,51": 43.495405608657286,
        "10,52": 83.97906740466229,
        "10,53": 79.81908861195032,
        "10,54": 78.00065890275808,
        "10,55": 75.30866018155344,
        "10,56": 44.56641292342655,
        "10,57": 81.21090389514367,
        "10,58": 63.073612105860434,
        "10,59": 66.41002449027836,
        "10,60": 45.14005043981452,
        "11,0": 110.1591336915467,
        "11,1": 27.02966381875633,
        "11,2": 78.62734324007589,
        "11,3": 24.06645308903219,
        "11,4": 68.96326191604814,
        "11,5": 37.228570026804405,
        "11,6": 86.17928327294722,
        "11,7": 70.97043967029785,
        "11,8": 58.85912302948571,
        "11,9": 76.79409372088922,
        "11,10": 84.95792098781988,
        "11,11": 0.0,
        "11,12": 79.87032284675684,
        "11,13": 62.883227244632224,
        "11,14": 80.26503682726248,
        "11,15": 42.95231307598819,
        "11,16": 54.147191053863246,
        "11,17": 97.85014306147855,
        "11,18": 78.2057441010758,
        "11,19": 69.14021151791053,
        "11,20": 76.7593181905583,
        "11,21": 2.5449144330936497,
        "11,22": 18.02460398051833,
        "11,23": 65.83532183685742,
        "11,24": 81.71749321823508,
        "11,25": 52.20363632454292,
        "11,26": 34.163489325484505,
        "11,27": 12.223598349298527,
        "11,28": 10.220578314705755,
        "11,29": 68.63697312917296,
        "11,30": 45.330542213827165,
        "11,31": 48.705421853668845,
        "11,32": 73.89717052767948,
        "11,33": 82.85084819775037,
        "11,34": 99.34100057993264,
        "11,35": 76.704795552852,
        "11,36": 33.39398151192699,
        "11,37": 72.66590247773206,
        "11,38": 84.25482913486225,
        "11,39": 17.93061641552279,
        "11,40": 13.930195725968025,
        "11,41": 55.861072736854716,
        "11,42": 43.94892016395216,
        "11,43": 31.47256361876821,
        "11,44": 64.66017583465008,
        "11,45": 55.33080101923687,
        "11,46": 19.75140717293107,
        "11,47": 71.89546798534212,
        "11,48": 72.12630068789773,
        "11,49": 22.32407775562418,
        "11,50": 30.71224402895239,
        "11,51": 61.64785972191963,
        "11,52": 16.02320473400603,
        "11,53": 7.190477540186877,
        "11,54": 42.81039961249949,
        "11,55": 65.21921202440942,
        "11,56": 91.91973880783816,
        "11,57": 41.20347327832422,
        "11,58": 27.337749161224945,
        "11,59": 42.12719533795055,
        "11,60": 74.12767984398597,
        "12,0": 49.22264111170402,
        "12,1": 53.08514375950394,
        "12,2": 44.45695121477404,
        "12,3": 57.339314847255736,
        "12,4": 26.999937182341515,
        "12,5": 44.760684538752834,
        "12,6": 12.186626228249194,
        "12,7": 72.27741385122418,
        "12,8": 31.940058187929413,
        "12,9": 45.20013198682997,
        "12,10": 6.008380863443674,
        "12,11": 79.87032284675684,
        "12,12": 0.0,
        "12,13": 43.58095637788209,
        "12,14": 39.22035363656063,
        "12,15": 38.46740691772023,
        "12,16": 36.42516801286653,
        "12,17": 36.335039005638116,
        "12,18": 38.53316572075301,
        "12,19": 43.939969446816804,
        "12,20": 82.87964728131698,
        "12,21": 78.6952383535867,
        "12,22": 97.88381904546473,
        "12,23": 37.89955200398283,
        "12,24": 1.9813404180342946,
        "12,25": 32.250313359682025,
        "12,26": 51.15935556852843,
        "12,27": 89.36569568552932,
        "12,28": 83.32937625140771,
        "12,29": 93.42997701131077,
        "12,30": 36.36145227007904,
        "12,31": 46.607054634734986,
        "12,32": 44.25793755616236,
        "12,33": 64.93023149072265,
        "12,34": 36.11595244298691,
        "12,35": 103.97876387488289,
        "12,36": 64.93345246013277,
        "12,37": 7.939594696221336,
        "12,38": 38.33231535542091,
        "12,39": 97.73365026495972,
        "12,40": 76.42985823915481,
        "12,41": 39.41530282596133,
        "12,42": 85.29690842752385,
        "12,43": 91.11700533284964,
        "12,44": 70.7625262567311,
        "12,45": 28.52988317519057,
        "12,46": 75.29938630926712,
        "12,47": 36.09223164082907,
        "12,48": 42.06843535647758,
        "12,49": 102.1781119115362,
        "12,50": 53.848024234385704,
        "12,51": 37.6661905033012,
        "12,52": 79.60891571083889,
        "12,53": 74.94760677137185,
        "12,54": 75.28286481753712,
        "12,55": 74.35487288536491,
        "12,56": 47.4483676245526,
        "12,57": 78.34629707977064,
        "12,58": 57.39632308395783,
        "12,59": 63.63903439249335,
        "12,60": 45.71302513775201,
        "13,0": 92.1795876195561,
        "13,1": 40.568293762299184,
        "13,2": 15.749331829078518,
        "13,3": 40.22852908075023,
        "13,4": 16.887120166703482,
        "13,5": 30.0280845394483,
        "13,6": 55.59569208879238,
        "13,7": 94.6497818301874,
        "13,8": 54.53898768397477,
        "13,9": 13.927899644054193,
        "13,10": 49.32067241794414,
        "13,11": 62.883227244632224,
        "13,12": 43.58095637788209,
        "13,13": 0.0,
        "13,14": 74.44021211023463,
        "13,15": 28.312700477466045,
        "13,16": 55.04826468988284,
        "13,17": 78.76515455547091,
        "13,18": 16.368279661032417,
        "13,19": 6.275924130587131,
        "13,20": 104.79496182732326,
        "13,21": 63.13764510266759,
        "13,22": 78.31535730659802,
        "13,23": 65.37370627415608,
        "13,24": 44.19887011276265,
        "13,25": 20.994758786484002,
        "13,26": 29.34962159762402,
        "13,27": 74.98575522084647,
        "13,28": 70.9418246457519,
        "13,29": 108.0873856184167,
        "13,30": 26.933891824315545,
        "13,31": 14.19117023449324,
        "13,32": 11.018598021494576,
        "13,33": 94.81062535271349,
        "13,34": 78.91415885531072,
        "13,35": 118.66403193858717,
        "13,36": 33.20977117549669,
        "13,37": 36.758143367536235,
        "13,38": 75.58596699397457,
        "13,39": 79.23279990626885,
        "13,40": 67.55142815959897,
        "13,41": 9.256590505695549,
        "13,42": 90.39188201460293,
        "13,43": 87.60018836248221,
        "13,44": 90.49100778767998,
        "13,45": 46.20888257257745,
        "13,46": 48.50803146270465,
        "13,47": 11.461445706763024,
        "13,48": 72.47660574218355,
        "13,49": 82.10969433555135,
        "13,50": 53.67950643024005,
        "13,51": 6.341723767479143,
        "13,52": 71.41990006815023,
        "13,53": 61.76254500890566,
        "13,54": 82.57885239864515,
        "13,55": 93.36657169067551,
        "13,56": 85.6115211578298,
        "13,57": 84.02345650152162,
        "13,58": 35.67803770465179,
        "13,59": 72.77684131623982,
        "13,60": 76.37293554155232,
        "14,0": 30.78462062993823,
        "14,1": 60.023128541827745,
        "14,2": 80.56031015656121,
        "14,3": 65.73188505876706,
        "14,4": 60.99618814428773,
        "14,5": 58.614162387425445,
        "14,6": 31.091177237506294,
        "14,7": 38.35282042753303,
        "14,8": 23.52752457358183,
        "14,9": 80.73203492204456,
        "14,10": 37.62762800725182,
        "14,11": 80.26503682726248,
        "14,12": 39.22035363656063,
        "14,13": 74.44021211023463,
        "14,14": 0.0,
        "14,15": 54.076867885093456,
        "14,16": 26.93843441448257,
        "14,17": 21.30192378660725,
        "14,18": 75.08415710552767,
        "14,19": 77.17730371494237,
        "14,20": 47.9954586859764,
        "14,21": 78.15134985474062,
        "14,22": 96.77408236924666,
        "14,23": 14.433354547100416,
        "14,24": 40.39160921797807,
        "14,25": 55.2139521391622,
