{
    "num_robots": 4,
    "num_tasks": 60,
    "num_nodes": 61,
    "robot_capacity": [
        206,
        222,
        171,
        189
    ],
    "robot_speed": [
        0.84,
        0.92,
        1.13,
        0.81
    ],
    "task_demand": {
        "0": 0,
        "1": 7,
        "2": 13,
        "3": 8,
        "4": 13,
        "5": 12,
        "6": 12,
        "7": 12,
        "8": 5,
        "9": 11,
        "10": 10,
        "11": 5,
        "12": 10,
        "13": 15,
        "14": 9,
        "15": 9,
        "16": 11,
        "17": 7,
        "18": 6,
        "19": 11,
        "20": 9,
        "21": 14,
        "22": 8,
        "23": 12,
        "24": 14,
        "25": 7,
        "26": 7,
        "27": 8,
        "28": 15,
        "29": 13,
        "30": 8,
        "31": 12,
        "32": 8,
        "33": 15,
        "34": 14,
        "35": 5,
        "36": 5,
        "37": 15,
        "38": 10,
        "39": 5,
        "40": 14,
        "41": 5,
        "42": 12,
        "43": 5,
        "44": 12,
        "45": 15,
        "46": 7,
        "47": 12,
        "48": 7,
        "49": 11,
        "50": 8,
        "51": 8,
        "52": 6,
        "53": 12,
        "54": 12,
        "55": 15,
        "56": 11,
        "57": 14,
        "58": 14,
        "59": 5,
        "60": 10
    },
    "task_service_time": {
        "0": 0,
        "1": 50,
        "2": 96,
        "3": 99,
        "4": 40,
        "5": 74,
        "6": 64,
        "7": 85,
        "8": 39,
        "9": 79,
        "10": 27,
        "11": 15,
        "12": 94,
        "13": 87,
        "14": 49,
        "15": 15,
        "16": 31,
        "17": 68,
        "18": 73,
        "19": 13,
        "20": 49,
        "21": 53,
        "22": 93,
        "23": 17,
        "24": 37,
        "25": 45,
        "26": 71,
        "27": 52,
        "28": 82,
        "29": 59,
        "30": 62,
        "31": 46,
        "32": 81,
        "33": 47,
        "34": 86,
        "35": 54,
        "36": 74,
        "37": 89,
        "38": 71,
        "39": 44,
        "40": 66,
        "41": 34,
        "42": 19,
        "43": 96,
        "44": 89,
        "45": 12,
        "46": 51,
        "47": 29,
        "48": 65,
        "49": 77,
        "50": 93,
        "51": 36,
        "52": 44,
        "53": 97,
        "54": 65,
        "55": 12,
        "56": 21,
        "57": 65,
        "58": 63,
        "59": 93,
        "60": 91
    },
    "task_precedence": [],
    "coordinates": {
        "0": [
            100,
            0
        ],
        "1": [
            48.44214265942093,
            10.32471108983265
        ],
        "2": [
            28.39455457062886,
            5.610810694313562
        ],
        "3": [
            48.17729741233177,
            94.42394218345204
        ],
        "4": [
            28.041333767433095,
            17.195218218891352
        ],
        "5": [
            37.991449078043615,
            87.26786961980109
        ],
        "6": [
            66.77265242348737,
            14.773102637483692
        ],
        "7": [
            30.156282133094635,
            73.20310251717177
        ],
        "8": [
            80.69185569933929,
            56.37256673022974
        ],
        "9": [
            72.16874862430525,
            96.31503429606401
        ],
        "10": [
            65.49374098364227,
            24.92188813972819
        ],
        "11": [
            62.33246453931214,
            47.2893241967753
        ],
        "12": [
            41.50058226347604,
            67.38274216927789
        ],
        "13": [
            17.13039107389075,
            7.92434055112039
        ],
        "14": [
            24.17884392965344,
            44.891591028057285
        ],
        "15": [
            86.57031586208811,
            87.48039855189114
        ],
        "16": [
            27.58002544991508,
            77.76246259913702
        ],
        "17": [
            86.85603570817186,
            19.123768656147654
        ],
        "18": [
            4.837849858476895,
            18.711469509284186
        ],
        "19": [
            92.12691806726599,
            61.402387507466884
        ],
        "20": [
            74.18228230833446,
            47.76310993346262
        ],
        "21": [
            53.77630532670579,
            13.354847833646666
        ],
        "22": [
            47.437540822460235,
            44.892669515906434
        ],
        "23": [
            12.525355658571613,
            73.62781043676404
        ],
        "24": [
            12.291203645749704,
            81.35364365110834
        ],
        "25": [
            95.03777425903166,
            97.28820168489403
        ],
        "26": [
            92.74787464611981,
            65.22689034953467
        ],
        "27": [
            17.84232915590833,
            17.867851073990582
        ],
        "28": [
            4.794963121017382,
            34.802060699169225
        ],
        "29": [
            79.32314296785702,
            90.69637710039899
        ],
        "30": [
            13.028633692053726,
            23.58638371465034
        ],
        "31": [
            87.64347227937871,
            90.68126292039639
        ],
        "32": [
            86.12599974193412,
            0.7949060592280177
        ],
        "33": [
            99.3141135512912,
            31.97283925137797
        ],
        "34": [
            8.553279816564697,
            46.191955912096006
        ],
        "35": [
            90.8271967248369,
            76.58829844542385
        ],
        "36": [
            91.74769927371572,
            46.90800928004197
        ],
        "37": [
            79.01637912305713,
            90.0210109472118
        ],
        "38": [
            66.53345055908932,
            37.63923118647069
        ],
        "39": [
            64.5967943642659,
            55.902134948355155
        ],
        "40": [
            93.17392500810836,
            69.2086118376595
        ],
        "41": [
            11.913210186196189,
            7.101552460199201
        ],
        "42": [
            96.1038735402547,
            64.21072740054348
        ],
        "43": [
            57.158469607217185,
            14.042922555651117
        ],
        "44": [
            18.93101622568272,
            36.67926826578353
        ],
        "45": [
            61.31902601616973,
            3.889657086432552
        ],
        "46": [
            12.794470999229702,
            53.21261180415625
        ],
        "47": [
            55.05881986591453,
            78.07526016505204
        ],
        "48": [
            93.73927227702988,
            64.20965824497527
        ],
        "49": [
            1.2480520106038506,
            47.729941651182436
        ],
        "50": [
            6.0663312194013,
            6.940912001818267
        ],
        "51": [
            91.97541783082544,
            84.72925486143345
        ],
        "52": [
            81.61008739255297,
            47.313718321977746
        ],
        "53": [
            78.92945502942005,
            1.1045024846875195
        ],
        "54": [
            57.438571493960644,
            94.43947906995697
        ],
        "55": [
            58.41072996269698,
            49.02762091000675
        ],
        "56": [
            9.933768031091894,
            60.654110992806224
        ],
        "57": [
            27.517648136964613,
            65.79049804207176
        ],
        "58": [
            32.50130026520743,
            80.9716950166623
        ],
        "59": [
            37.81856857318453,
            32.60134782324378
        ],
        "60": [
            80.05605408520098,
            10.177458492857927
        ]
    },
    "distance_matrix_str_keys": {
        "0,0": 0.0,
        "0,1": 52.58148260214823,
        "0,2": 71.82493307888336,
        "0,3": 107.71013583202748,
        "0,4": 73.98462796801277,
        "0,5": 107.05485255428387,
        "0,6": 36.36345952337328,
        "0,7": 101.17726594255963,
        "0,8": 59.58750469762383,
        "0,9": 100.2554955331083,
        "0,10": 42.56503752791831,
        "0,11": 60.45761664728353,
        "0,12": 89.23349044929104,
        "0,13": 83.24762613273977,
        "0,14": 88.11414558897002,
        "0,15": 88.50523457311324,
        "0,16": 106.26219131618325,
        "0,17": 23.20522193211495,
        "0,18": 96.98429723803054,
        "0,19": 61.9050774229115,
        "0,20": 54.294283468175315,
        "0,21": 48.114258904297635,
        "0,22": 69.12426412667935,
        "0,23": 114.33664273701345,
        "0,24": 119.62962966265034,
        "0,25": 97.41466969294176,
        "0,26": 65.62880881761158,
        "0,27": 84.07819563078418,
        "0,28": 101.3665747474832,
        "0,29": 93.02346604951602,
        "0,30": 90.11290725642856,
        "0,31": 91.51926148166045,
        "0,32": 13.896753534686058,
        "0,33": 31.980195277936907,
        "0,34": 102.45096106573396,
        "0,35": 77.13564531842691,
        "0,36": 47.62837181652902,
        "0,37": 92.43427263231588,
        "0,38": 50.3658778915796,
        "0,39": 66.16974883638433,
        "0,40": 69.54442646460429,
        "0,41": 88.3725895685207,
        "0,42": 64.32882180405011,
        "0,43": 45.08436980040587,
        "0,44": 88.98060940853256,
        "0,45": 38.876048932315506,
        "0,46": 102.15863322952211,
        "0,47": 90.08582530945077,
        "0,48": 64.51416064367332,
        "0,49": 109.68178773946785,
        "0,50": 94.18975735184908,
        "0,51": 85.10840468698481,
        "0,52": 50.76196240455043,
        "0,53": 21.09947371608858,
        "0,54": 103.58711504564427,
        "0,55": 64.29132907578628,
        "0,56": 108.58566812155655,
        "0,57": 97.88810430394858,
        "0,58": 105.41579511514894,
        "0,59": 70.20953136277066,
        "0,60": 22.390659660364506,
        "1,0": 52.58148260214823,
        "1,1": 0.0,
        "1,2": 20.59433526765923,
        "1,3": 84.09964811783047,
        "1,4": 21.526654911013377,
        "1,5": 77.64964031403942,
        "1,6": 18.862549551207238,
        "1,7": 65.48331698744293,
        "1,8": 56.217870826241096,
        "1,9": 89.20362949860849,
        "1,10": 22.446259894169117,
        "1,11": 39.48827248782784,
        "1,12": 57.47872799039215,
        "1,13": 31.40362345458036,
        "1,14": 42.232414729844336,
        "1,15": 86.06252203785012,
        "1,16": 70.59092195951152,
        "1,17": 39.408762898830005,
        "1,18": 44.40351413409417,
        "1,19": 67.2107776376558,
        "1,20": 45.433341249794566,
        "1,21": 6.1347387920976155,
        "1,22": 34.58255303758805,
        "1,23": 72.78253894576531,
        "1,24": 79.69943319976892,
        "1,25": 98.6600303093607,
        "1,26": 70.54960789644154,
        "1,27": 31.51583010600156,
        "1,28": 50.042151488073756,
        "1,29": 86.1001793108682,
        "1,30": 37.81518978121935,
        "1,31": 89.4087225390826,
        "1,32": 38.870171964330396,
        "1,33": 55.28651621618049,
        "1,34": 53.64308557527591,
        "1,35": 78.65974712240245,
        "1,36": 56.68958405340142,
        "1,37": 85.35973375246455,
        "1,38": 32.76245457273077,
        "1,39": 48.35570635699852,
        "1,40": 73.9475903554015,
        "1,41": 36.67085571929286,
        "1,42": 71.93985921862244,
        "1,43": 9.476257276236387,
        "1,44": 39.56601151655985,
        "1,45": 14.395278566599183,
        "1,46": 55.768526271316155,
        "1,47": 68.07288239268736,
        "1,48": 70.39472623362478,
        "1,49": 60.219876000507504,
        "1,50": 42.510698553048336,
        "1,51": 86.20430488675889,
        "1,52": 49.68198077613033,
        "1,53": 31.851035497583023,
        "1,54": 84.59450291907321,
        "1,55": 39.96608513942247,
        "1,56": 63.371471587056995,
        "1,57": 59.28143042514648,
        "1,58": 72.42310953138426,
        "1,59": 24.680131087944318,
        "1,60": 31.614254363568065,
        "2,0": 71.82493307888336,
        "2,1": 20.59433526765923,
        "2,2": 0.0,
        "2,3": 90.98972051417648,
        "2,4": 11.589791310947094,
        "2,5": 82.21907112432608,
        "2,6": 39.456634276829334,
        "2,7": 67.61524678554962,
        "2,8": 72.88184671917206,
        "2,9": 100.71462775707045,
        "2,10": 41.82424350314445,
        "2,11": 53.74830435294994,
        "2,12": 63.14696730669942,
        "2,13": 11.499295616670787,
        "2,14": 39.5063529047704,
        "2,15": 100.43430000657376,
        "2,16": 72.1562494194599,
        "2,17": 60.00287334514566,
        "2,18": 26.954509794870873,
        "2,19": 84.7025040961923,
        "2,20": 62.23610160131354,
        "2,21": 26.536830682260877,
        "2,22": 43.654321182066184,
        "2,23": 69.84370929493183,
        "2,24": 77.43574533334541,
        "2,25": 113.34047268860532,
        "2,26": 87.72358153994999,
        "2,27": 16.173574127944224,
        "2,28": 37.53757841729486,
        "2,29": 99.16286969818218,
        "2,30": 23.64810245783138,
        "2,31": 103.66974530502357,
        "2,32": 57.93196612425358,
        "2,33": 75.6606925401501,
        "2,34": 45.17195513870316,
        "2,35": 94.52850667293124,
        "2,36": 75.62459622900047,
        "2,37": 98.4258656439008,
        "2,38": 49.803565198096365,
        "2,39": 61.96627680683381,
        "2,40": 90.7802133977706,
        "2,41": 16.548626037554484,
        "2,42": 89.54608932447925,
        "2,43": 29.97437770286785,
        "2,44": 32.4778018633727,
        "2,45": 32.96942810711399,
        "2,46": 50.09285454369374,
        "2,47": 77.21450304725523,
        "2,48": 87.77104913577672,
        "2,49": 50.10941821457634,
        "2,50": 22.36780560337847,
        "2,51": 101.50002157801487,
        "2,52": 67.6093591015532,
        "2,53": 50.73542133519813,
        "2,54": 93.4563387065469,
        "2,55": 52.782479995476876,
        "2,56": 58.056571957086746,
        "2,57": 60.186075916006764,
        "2,58": 75.47269868002844,
        "2,59": 28.588479050633765,
        "2,60": 51.86294249471472,
        "3,0": 107.71013583202748,
        "3,1": 84.09964811783047,
        "3,2": 90.98972051417648,
        "3,3": 0.0,
        "3,4": 79.81060604395252,
        "3,5": 12.448328434989119,
        "3,6": 81.79268590997917,
        "3,7": 27.84027707901759,
        "3,8": 50.051010723873475,
        "3,9": 24.0658671282563,
        "3,10": 71.62677386463174,
        "3,11": 49.214235431861546,
        "3,12": 27.853276708235455,
        "3,13": 91.9026195259961,
        "3,14": 55.03979996821947,
        "3,15": 39.01585144331366,
        "3,16": 26.49249920698881,
        "3,17": 84.65318026749048,
        "3,18": 87.23924708931153,
        "3,19": 54.97264982636091,
        "3,20": 53.418091558038476,
        "3,21": 81.26221107207746,
        "3,22": 49.536796544377076,
        "3,23": 41.273963299386594,
        "3,24": 38.19220377967873,
        "3,25": 46.94793150706107,
        "3,26": 53.28230654490778,
        "3,27": 82.34710307641903,
        "3,28": 73.73463012919518,
        "3,29": 31.36811178278075,
        "3,30": 79.07836778248581,
        "3,31": 39.643241627072264,
        "3,32": 101.02722610292739,
        "3,33": 80.71625748424076,
        "3,34": 62.42104829390432,
        "3,35": 46.229039562992114,
        "3,36": 64.46816111883336,
        "3,37": 31.151801941972085,
        "3,38": 59.67790010848163,
        "3,39": 41.87516582429898,
        "3,40": 51.58012581838522,
        "3,41": 94.55307382271833,
        "3,42": 56.655053145008665,
        "3,43": 80.88120777040301,
        "3,44": 64.72860518431096,
        "3,45": 91.4831230813932,
        "3,46": 54.31683124604363,
        "3,47": 17.73794675315943,
        "3,48": 54.66988666063135,
        "3,49": 66.20184105962005,
        "3,50": 97.09075158563137,
        "3,51": 44.858246894685706,
        "3,52": 57.76785125084541,
        "3,53": 98.2558549084867,
        "3,54": 9.26128711410531,
        "3,55": 46.535460961773396,
        "3,56": 51.01930064376101,
        "3,57": 35.30857164455571,
        "3,58": 20.656714172226255,
        "3,59": 62.684419408572616,
        "3,60": 90.07621851097849,
        "4,0": 73.98462796801277,
        "4,1": 21.526654911013377,
        "4,2": 11.589791310947094,
        "4,3": 79.81060604395252,
        "4,4": 0.0,
        "4,5": 70.77556971899176,
        "4,6": 38.80697989700456,
        "4,7": 56.04780201006085,
        "4,8": 65.62729688232636,
        "4,9": 90.5934547196216,
        "4,10": 38.2411327545919,
        "4,11": 45.62386288141569,
        "4,12": 51.96093658075128,
        "4,13": 14.317745744094614,
        "4,14": 27.96440406179358,
        "4,15": 91.46391812883782,
        "4,16": 60.56900112417417,
        "4,17": 58.84631229879219,
        "4,18": 23.252971498043152,
        "4,19": 77.85393973049639,
        "4,20": 55.347837682495445,
        "4,21": 26.019938621227354,
        "4,22": 33.813631222807274,
        "4,23": 58.52677200310447,
        "4,24": 66.06337981659209,
        "4,25": 104.41939014871562,
        "4,26": 80.58522172303537,
        "4,27": 10.22116089412853,
        "4,28": 29.16152688656504,
        "4,29": 89.62278902038986,
        "4,30": 16.31649962300358,
        "4,31": 94.61825236744096,
        "4,32": 60.35560173093926,
        "4,33": 72.78864761415838,
        "4,34": 34.93701537968681,
        "4,35": 86.42686252607585,
        "4,36": 70.29474346395803,
        "4,37": 88.89348308799819,
        "4,38": 43.584409154203925,
        "4,39": 53.24027706678695,
        "4,40": 83.35254979582687,
        "4,41": 19.0262570859285,
        "4,42": 82.7222305304743,
        "4,43": 29.28727654564218,
        "4,44": 21.508744545912567,
        "4,45": 35.839123293563205,
        "4,46": 39.111628257441645,
        "4,47": 66.60573595755791,
        "4,48": 80.78723101689401,
        "4,49": 40.623260361366185,
        "4,50": 24.249773874811858,
        "4,51": 92.99684516294698,
        "4,52": 61.45514960854305,
        "4,53": 53.371453216243275,
        "4,54": 82.64909812198462,
        "4,55": 43.99547802165854,
        "4,56": 47.080349383055214,
        "4,57": 48.598101482802434,
        "4,58": 63.932232042201406,
        "4,59": 18.246729839423324,
        "4,60": 52.48599890740341,
        "5,0": 107.05485255428387,
        "5,1": 77.64964031403942,
        "5,2": 82.21907112432608,
        "5,3": 12.448328434989119,
        "5,4": 70.77556971899176,
        "5,5": 0.0,
        "5,6": 77.99903144162933,
        "5,7": 16.099922816784716,
        "5,8": 52.70526032819065,
        "5,9": 35.35447627888604,
        "5,10": 68.14247916516062,
        "5,11": 46.80565273368859,
        "5,12": 20.19238246063734,
        "5,13": 82.04010815525055,
        "5,14": 44.57058501153445,
        "5,15": 48.579331680961985,
        "5,16": 14.097890075924228,
        "5,17": 83.85324276781371,
        "5,18": 76.15209214016997,
        "5,19": 59.99726800102267,
        "5,20": 53.57613692473616,
        "5,21": 75.57973588437225,
        "5,22": 43.41527649444432,
        "5,23": 28.888979361791733,
        "5,24": 26.37196777051162,
        "5,25": 57.919688115094,
        "5,26": 59.02601890848292,
        "5,27": 72.26582600230508,
        "5,28": 62.08597092412499,
        "5,29": 41.47364926487365,
        "5,30": 68.39936987343471,
        "5,31": 49.76921399630968,
        "5,32": 98.9672086832949,
        "5,33": 82.57123931214389,
        "5,34": 50.53549738936302,
        "5,35": 53.90426207512919,
        "5,36": 67.22092502892652,
        "5,37": 41.11720652436094,
        "5,38": 57.250743237885175,
        "5,39": 41.12971807925087,
        "5,40": 58.06240127151146,
        "5,41": 84.30132235400666,
        "5,42": 62.519482437039265,
        "5,43": 75.69192525305012,
        "5,44": 54.060213535233714,
        "5,45": 86.58003332792018,
        "5,46": 42.36328940479324,
        "5,47": 19.385541369747994,
        "5,48": 60.328276150007625,
        "5,49": 53.9752255771777,
        "5,50": 86.43860983640015,
        "5,51": 54.04362540756057,
        "5,52": 59.15166789145799,
        "5,53": 95.39416212397539,
        "5,54": 20.72733828462371,
        "5,55": 43.350474659838476,
        "5,56": 38.67202624622115,
        "5,57": 23.895145867753204,
        "5,58": 8.353654806149013,
        "5,59": 54.66679515942412,
        "5,60": 87.82005740222043,
        "6,0": 36.36345952337328,
        "6,1": 18.862549551207238,
        "6,2": 39.456634276829334,
        "6,3": 81.79268590997917,
        "6,4": 38.80697989700456,
        "6,5": 77.99903144162933,
        "6,6": 0.0,
        "6,7": 68.95522793221342,
        "6,8": 43.86638385641281,
        "6,9": 81.72028189391581,
        "6,10": 10.229049889483125,
        "6,11": 32.81798185354665,
        "6,12": 58.364815615556076,
        "6,13": 50.11247004506226,
        "6,14": 52.166616383876345,
        "6,15": 75.35448464964324,
        "6,16": 74.1870708241559,
        "6,17": 20.5492233178167,
        "6,18": 62.0598944760924,
        "6,19": 53.076633218595695,
        "6,20": 33.81187951621681,
        "6,21": 13.073503147535854,
        "6,22": 35.79154718041614,
        "6,23": 80.04152570034826,
        "6,24": 86.03020808174422,
        "6,25": 87.22189337077074,
        "6,26": 56.7476595465209,
        "6,27": 49.0280940171556,
        "6,28": 65.13365591082894,
        "6,29": 76.95361211844106,
        "6,30": 54.46185337233607,
        "6,31": 78.72509078428195,
        "6,32": 23.873458735775777,
        "6,33": 36.807304056663845,
        "6,34": 66.15617649044808,
        "6,35": 66.33053244411332,
        "6,36": 40.698958095964045,
        "6,37": 76.23750093282837,
        "6,38": 22.86737965641734,
        "6,39": 41.18654704053968,
        "6,40": 60.50001533859215,
        "6,41": 55.39324042434493,
        "6,42": 57.48390448128763,
        "6,43": 9.641870885703147,
        "6,44": 52.61845918133291,
        "6,45": 12.173390162698606,
        "6,46": 66.26643143285128,
        "6,47": 64.37683605794814,
        "6,48": 56.31315669235814,
        "6,49": 73.34593715430262,
        "6,50": 61.20948165347486,
        "6,51": 74.35753235656591,
        "6,52": 35.76368473168266,
        "6,53": 18.292579909259143,
        "6,54": 80.2113246410972,
        "6,55": 35.2603710888426,
        "6,56": 73.0460519581536,
        "6,57": 64.37181056489715,
        "6,58": 74.5438073332821,
        "6,59": 34.002724861604044,
        "6,60": 14.055913517464777,
        "7,0": 101.17726594255963,
        "7,1": 65.48331698744293,
        "7,2": 67.61524678554962,
        "7,3": 27.84027707901759,
        "7,4": 56.04780201006085,
        "7,5": 16.099922816784716,
        "7,6": 68.95522793221342,
        "7,7": 0.0,
        "7,8": 53.26453914702409,
        "7,9": 47.95006497625696,
        "7,10": 59.83152730605172,
        "7,11": 41.31380666407819,
        "7,12": 12.750283919486144,
        "7,13": 66.5656863684785,
        "7,14": 28.935643249705368,
        "7,15": 58.19264887972558,
        "7,16": 5.236875294929746,
        "7,17": 78.3545557471076,
        "7,18": 60.08628030349948,
        "7,19": 63.084202403025465,
        "7,20": 50.847634301798095,
        "7,21": 64.34064877144785,
        "7,22": 33.168094889636144,
        "7,23": 17.636041085430744,
        "7,24": 19.636505547958034,
        "7,25": 69.20765869762569,
        "7,26": 63.09776076739769,
        "7,27": 56.688830383104936,
        "7,28": 46.01995778725065,
        "7,29": 52.18615582689604,
        "7,30": 52.489762105084594,
        "7,31": 60.08546514753689,
        "7,32": 91.51806490253941,
        "7,33": 80.51546593937317,
        "7,34": 34.58745075903823,
        "7,35": 60.76528144319862,
        "7,36": 66.96965427519649,
        "7,37": 51.673505027526,
        "7,38": 50.87324765257126,
        "7,39": 38.541826131654716,
        "7,40": 63.14411508059542,
        "7,41": 68.57276860382818,
        "7,42": 66.55785169793182,
        "7,43": 65.03110810579173,
        "7,44": 38.209907918169414,
        "7,45": 75.9965152082791,
        "7,46": 26.47739044534329,
        "7,47": 25.37467843501306,
        "7,48": 64.21587557232924,
        "7,49": 38.53008815613396,
        "7,50": 70.50534466916079,
        "7,51": 62.88447921607989,
        "7,52": 57.599950431268816,
        "7,53": 87.04614018449635,
        "7,54": 34.5732122005131,
        "7,55": 37.18558501750504,
        "7,56": 23.799732454048684,
        "7,57": 7.868233249580607,
        "7,58": 8.11480988459238,
        "7,59": 41.31843556713987,
        "7,60": 80.38792848153103,
        "8,0": 59.58750469762383,
        "8,1": 56.217870826241096,
        "8,2": 72.88184671917206,
        "8,3": 50.051010723873475,
        "8,4": 65.62729688232636,
        "8,5": 52.70526032819065,
        "8,6": 43.86638385641281,
        "8,7": 53.26453914702409,
        "8,8": 0.0,
        "8,9": 40.84169523244864,
        "8,10": 34.93032886639516,
        "8,11": 20.483469888874755,
        "8,12": 40.70847426179491,
        "8,13": 79.92052555654449,
        "8,14": 57.66743710582711,
        "8,15": 31.658387427817523,
        "8,16": 57.257262925556866,
        "8,17": 37.75539793387208,
        "8,18": 84.68877402578867,
        "8,19": 12.49238761844588,
        "8,20": 10.793391129217802,
        "8,21": 50.74417198976856,
        "8,22": 35.1800724556111,
        "8,23": 70.31653548902898,
        "8,24": 72.81966359083981,
        "8,25": 43.357750899518216,
        "8,26": 14.958162975463,
        "8,27": 73.70668975406005,
        "8,28": 78.90263007961998,
        "8,29": 34.35108925301583,
        "8,30": 75.18806693311299,
        "8,31": 35.005879611074405,
        "8,32": 55.84269233424084,
        "8,33": 30.694220767871254,
        "8,34": 72.85340738102185,
        "8,35": 22.61417578608249,
        "8,36": 14.553677365840759,
        "8,37": 33.69013238295486,
        "8,38": 23.481871661145817,
        "8,39": 16.1019348353287,
        "8,40": 17.904360034049983,
        "8,41": 84.60576177672624,
        "8,42": 17.290663857190328,
        "8,43": 48.431591310913205,
        "8,44": 64.82458867513573,
        "8,45": 55.944278837179375,
        "8,46": 67.9708773244063,
        "8,47": 33.5865959627277,
        "8,48": 15.220219537256742,
        "8,49": 79.91253288934915,
        "8,50": 89.51233095554325,
        "8,51": 30.51918308450371,
        "8,52": 9.1052668234441,
        "8,53": 55.296157023528444,
        "8,54": 44.6072308198636,
        "8,55": 23.46053693320072,
        "8,56": 70.88750659841115,
        "8,57": 54.001794230202,
        "8,58": 54.10588457369957,
        "8,59": 49.02233773827554,
        "8,60": 46.199483425196846,
        "9,0": 100.2554955331083,
        "9,1": 89.20362949860849,
        "9,2": 100.71462775707045,
        "9,3": 24.0658671282563,
        "9,4": 90.5934547196216,
        "9,5": 35.35447627888604,
        "9,6": 81.72028189391581,
        "9,7": 47.95006497625696,
        "9,8": 40.84169523244864,
        "9,9": 0.0,
        "9,10": 71.70451202750661,
        "9,11": 50.00272727902137,
        "9,12": 42.16175939930859,
        "9,13": 104.1255758330281,
        "9,14": 70.33776702554376,
        "9,15": 16.895441031136105,
        "9,16": 48.29443188289945,
        "9,17": 78.5761280095682,
        "9,18": 102.74124389080639,
        "9,19": 40.21469175934677,
        "9,20": 48.59365881685065,
        "9,21": 84.97455212199982,
        "9,22": 57.060426206974924,
        "9,23": 63.81257282782849,
        "9,24": 61.71842190699556,
        "9,25": 22.889722327902014,
        "9,26": 37.28234329896465,
        "9,27": 95.42180258061454,
        "9,28": 91.23087686619766,
        "9,29": 9.096959223028534,
        "9,30": 93.73905167854689,
        "9,31": 16.46834697576481,
        "9,32": 96.53444855149972,
        "9,33": 69.83400962416277,
        "9,34": 80.98920210938006,
        "9,35": 27.152933411349224,
        "9,36": 53.1449849888574,
        "9,37": 9.3007942329316,
        "9,38": 58.94579251176108,
        "9,39": 41.11613947106628,
        "9,40": 34.29250025017389,
        "9,41": 107.6558184853221,
        "9,42": 40.044684116420136,
        "9,43": 83.63019099821439,
        "9,44": 79.94173341231537,
        "9,45": 93.0600173705988,
        "9,46": 73.36977353222827,
        "9,47": 25.00877890796629,
        "9,48": 38.67871070801837,
        "9,49": 85.9666006975058,
        "9,50": 111.16322828453185,
        "9,51": 22.94633805565549,
        "9,52": 49.90258354964259,
        "9,53": 95.45026201588603,
        "9,54": 14.849101848176028,
        "9,55": 49.2481729837466,
        "9,56": 71.72791827648756,
        "9,57": 54.08759643626142,
        "9,58": 42.53145329711323,
        "9,59": 72.38348370658356,
        "9,60": 86.4979280253958,
        "10,0": 42.56503752791831,
        "10,1": 22.446259894169117,
        "10,2": 41.82424350314445,
        "10,3": 71.62677386463174,
        "10,4": 38.2411327545919,
        "10,5": 68.14247916516062,
        "10,6": 10.229049889483125,
        "10,7": 59.83152730605172,
        "10,8": 34.93032886639516,
        "10,9": 71.70451202750661,
        "10,10": 0.0,
        "10,11": 22.589729182165236,
        "10,12": 48.77084980077562,
        "10,13": 51.263342053752694,
        "10,14": 45.888013162805755,
        "10,15": 66.01355340833756,
        "10,16": 65.03519151023325,
        "10,17": 22.135171683172935,
        "10,18": 60.972997529671126,
        "10,19": 45.16805237872497,
        "10,20": 24.437924694651404,
        "10,21": 16.46495429137175,
        "10,22": 26.92319581765467,
        "10,23": 71.95774253511608,
        "10,24": 77.5567728137655,
        "10,25": 78.16478259609354,
        "10,26": 48.654712051606026,
        "10,27": 48.17070155292636,
        "10,28": 61.49763770926988,
        "10,29": 67.21261605739214,
        "10,30": 52.48210223673686,
        "10,31": 69.38952347449654,
        "10,32": 31.745887383752358,
        "10,33": 34.54755435907809,
        "10,34": 60.7834837843356,
        "10,35": 57.54304418144352,
        "10,36": 34.24412137423691,
        "10,37": 66.48877749329874,
        "10,38": 12.75977312375914,
        "10,39": 30.993228382365267,
        "10,40": 52.22553478448276,
        "10,41": 56.46625225979817,
        "10,42": 49.80555295943982,
        "10,43": 13.70505896004044,
        "10,44": 48.02419519694276,
        "10,45": 21.442550877609047,
        "10,46": 59.81285900495844,
        "10,47": 54.16796596140269,
        "10,48": 48.38738387109274,
        "10,49": 68.1741582757114,
        "10,50": 62.08810300016493,
        "10,51": 65.40795305483252,
        "10,52": 27.58859692849042,
        "10,53": 27.34568103669842,
        "10,54": 69.98272075484151,
        "10,55": 25.1247964671341,
        "10,56": 66.05832532323357,
        "10,57": 55.78912889846387,
        "10,58": 65.03908052472026,
        "10,59": 28.720885588353692,
        "10,60": 20.72339664435672,
        "11,0": 60.45761664728353,
        "11,1": 39.48827248782784,
        "11,2": 53.74830435294994,
        "11,3": 49.214235431861546,
        "11,4": 45.62386288141569,
        "11,5": 46.80565273368859,
        "11,6": 32.81798185354665,
        "11,7": 41.31380666407819,
        "11,8": 20.483469888874755,
        "11,9": 50.00272727902137,
        "11,10": 22.589729182165236,
        "11,11": 0.0,
        "11,12": 28.9432680423615,
        "11,13": 59.940215072987776,
        "11,14": 38.228888160318554,
        "11,15": 46.933952471142284,
        "11,16": 46.220603487532976,
        "11,17": 37.3457368622753,
        "11,18": 64.20533074314837,
        "11,19": 32.96798472823279,
        "11,20": 11.85928556378189,
        "11,21": 34.99652192020236,
        "11,22": 15.086507421870975,
        "11,23": 56.34238149450215,
        "11,24": 60.535160458236454,
        "11,25": 59.745502206732574,
        "11,26": 35.31081210408388,
        "11,27": 53.338496671244336,
        "11,28": 58.87695490698306,
        "11,29": 46.613897018380754,
        "11,30": 54.70554929542549,
        "11,31": 50.23452457237151,
        "11,32": 52.228950165473336,
        "11,33": 40.02795366650405,
        "11,34": 53.79037949852754,
        "11,35": 40.870278373749194,
        "11,36": 29.417706157105222,
        "11,37": 45.87319542363634,
        "11,38": 10.524855279094965,
        "11,39": 8.905486993910257,
        "11,40": 37.83716234777839,
        "11,41": 64.47602815524034,
        "11,42": 37.77356155161226,
        "11,43": 33.646596345548666,
        "11,44": 44.679514350308466,
        "11,45": 43.41149804981112,
        "11,46": 49.89086229017296,
        "11,47": 31.63352272949823,
        "11,48": 35.67471480722225,
        "11,49": 61.08600165110287,
        "11,50": 69.23779405374017,
        "11,51": 47.754089751740096,
        "11,52": 19.27763828753765,
        "11,53": 49.07644903521511,
        "11,54": 47.4034523395117,
        "11,55": 4.289717654187762,
        "11,56": 54.07625099675398,
        "11,57": 39.42543436391093,
        "11,58": 44.993338017944346,
        "11,59": 28.577399206147987,
        "11,60": 41.12683068772427,
        "12,0": 89.23349044929104,
        "12,1": 57.47872799039215,
        "12,2": 63.14696730669942,
        "12,3": 27.853276708235455,
        "12,4": 51.96093658075128,
        "12,5": 20.19238246063734,
        "12,6": 58.364815615556076,
        "12,7": 12.750283919486144,
        "12,8": 40.70847426179491,
        "12,9": 42.16175939930859,
        "12,10": 48.77084980077562,
        "12,11": 28.9432680423615,
        "12,12": 0.0,
        "12,13": 64.25891176796456,
        "12,14": 28.388281007532814,
        "12,15": 49.347711990764644,
        "12,16": 17.364345602458318,
        "12,17": 66.227227646301,
        "12,18": 60.93479079921441,
        "12,19": 50.97833381740863,
        "12,20": 38.11854518329288,
        "12,21": 55.40493428447726,
        "12,22": 23.26049966971953,
        "12,23": 29.64059099395833,
        "12,24": 32.378602308449025,
        "12,25": 61.3234656196887,
        "12,26": 51.29261812016295,
        "12,27": 54.876564946066914,
        "12,28": 49.079560732426174,
        "12,29": 44.430526352252166,
        "12,30": 52.23765757899127,
        "12,31": 51.69126974847871,
        "12,32": 80.15839196831193,
        "12,33": 67.79576406105532,
        "12,34": 39.17364114715173,
        "12,35": 50.178253861339414,
        "12,36": 54.258524258647846,
        "12,37": 43.81696278008475,
        "12,38": 38.87571144930846,
        "12,39": 25.79223440428873,
        "12,40": 51.70559109467913,
        "12,41": 67.15083334688657,
        "12,42": 54.695348028418294,
        "12,43": 55.59051890820531,
        "12,44": 38.10628059620714,
        "12,45": 66.51422829828307,
        "12,46": 32.01301951518839,
        "12,47": 17.26718703130684,
        "12,48": 52.334971060685966,
        "12,49": 44.793958967280886,
        "12,50": 70.0628359477872,
        "12,51": 53.37237607723749,
        "12,52": 44.85017413436597,
        "12,53": 76.11652627529212,
        "12,54": 31.402014464419512,
        "12,55": 24.957234855889276,
        "12,56": 32.27596998218391,
        "12,57": 14.073296989226808,
        "12,58": 16.298672215024084,
        "12,59": 34.97574327258575,
        "12,60": 68.98528022625919,
        "13,0": 83.24762613273977,
        "13,1": 31.40362345458036,
        "13,2": 11.499295616670787,
        "13,3": 91.9026195259961,
        "13,4": 14.317745744094614,
        "13,5": 82.04010815525055,
        "13,6": 50.11247004506226,
        "13,7": 66.5656863684785,
        "13,8": 79.92052555654449,
        "13,9": 104.1255758330281,
        "13,10": 51.263342053752694,
        "13,11": 59.940215072987776,
        "13,12": 64.25891176796456,
        "13,13": 0.0,
        "13,14": 37.6332073504837,
        "13,15": 105.59862460852653,
        "13,16": 70.61556591705724,
        "13,17": 70.61935081509691,
        "13,18": 16.354470969514857,
        "13,19": 92.1106973555909,
        "13,20": 69.58481040662714,
        "13,21": 37.04609886034214,
        "13,22": 47.80356338528389,
        "13,23": 65.86465141629479,
        "13,24": 73.58858803316298,
        "13,25": 118.55572542687575,
        "13,26": 94.87668857625712,
        "13,27": 9.968964708085645,
        "13,28": 29.573207860111488,
        "13,29": 103.53332034982533,
        "13,30": 16.19024427473933,
        "13,31": 108.72351549285976,
        "13,32": 69.36297897039866,
        "13,33": 85.62998616126634,
        "13,34": 39.21705270588455,
        "13,35": 100.7271476656815,
        "13,36": 84.18710774550915,
        "13,37": 102.80923502753065,
        "13,38": 57.650993156830324,
        "13,39": 67.49020815309336,
        "13,40": 97.66463515688075,
        "13,41": 5.281662300591276,
        "13,42": 96.97921569814844,
        "13,43": 40.49301318519426,
        "13,44": 28.81124986550858,
        "13,45": 44.37244785587363,
        "13,46": 45.49535927962767,
        "13,47": 79.74783528919089,
        "13,48": 95.0629142573215,
        "13,49": 42.85714144758689,
        "13,50": 11.107679873641821,
        "13,51": 107.24165651676964,
        "13,52": 75.55894598604598,
        "13,53": 62.17422695162336,
        "13,54": 95.44432199827493,
        "13,55": 58.25415036747083,
        "13,56": 53.21860646477911,
        "13,57": 58.79104772039673,
        "13,58": 74.64704176176191,
        "13,59": 32.20179150529852,
        "13,60": 62.96598769075537,
        "14,0": 88.11414558897002,
        "14,1": 42.232414729844336,
        "14,2": 39.5063529047704,
        "14,3": 55.03979996821947,
        "14,4": 27.96440406179358,
        "14,5": 44.57058501153445,
        "14,6": 52.166616383876345,
        "14,7": 28.935643249705368,
        "14,8": 57.66743710582711,
        "14,9": 70.33776702554376,
        "14,10": 45.888013162805755,
        "14,11": 38.228888160318554,
        "14,12": 28.388281007532814,
        "14,13": 37.6332073504837,
        "14,14": 0.0,
        "14,15": 75.5413945873251,
        "14,16": 33.04636490714505,
        "14,17": 67.76733017488193,
        "14,18": 32.54954399679069,
        "14,19": 69.92529713483508,
        "14,20": 50.085821052615785,
        "14,21": 43.250154825852455,
        "14,22": 23.258696917811122,
        "14,23": 31.00925821088883,
        "14,24": 38.35097486382367,
