{
    "num_robots": 6,
    "num_tasks": 30,
    "num_nodes": 31,
    "robot_capacity": [
        92,
        76,
        86,
        69,
        82,
        77
    ],
    "robot_speed": [
        0.86,
        0.84,
        0.93,
        1.18,
        1.03,
        0.91
    ],
    "task_demand": {
        "0": 0,
        "1": 15,
        "2": 9,
        "3": 9,
        "4": 14,
        "5": 6,
        "6": 10,
        "7": 7,
        "8": 7,
        "9": 11,
        "10": 7,
        "11": 12,
        "12": 11,
        "13": 14,
        "14": 11,
        "15": 14,
        "16": 13,
        "17": 15,
        "18": 11,
        "19": 14,
        "20": 15,
        "21": 13,
        "22": 14,
        "23": 14,
        "24": 11,
        "25": 8,
        "26": 6,
        "27": 14,
        "28": 10,
        "29": 9,
        "30": 15
    },
    "task_service_time": {
        "0": 0,
        "1": 92,
        "2": 78,
        "3": 77,
        "4": 42,
        "5": 10,
        "6": 93,
        "7": 29,
        "8": 71,
        "9": 22,
        "10": 15,
        "11": 69,
        "12": 64,
        "13": 50,
        "14": 70,
        "15": 66,
        "16": 52,
        "17": 92,
        "18": 30,
        "19": 73,
        "20": 12,
        "21": 11,
        "22": 79,
        "23": 69,
        "24": 80,
        "25": 53,
        "26": 50,
        "27": 45,
        "28": 40,
        "29": 80,
        "30": 92
    },
    "task_precedence": [],
    "coordinates": {
        "0": [
            50.0,
            50.0
        ],
        "1": [
            87.71912917995085,
            45.35045043602267
        ],
        "2": [
            48.22555964175474,
            0.06979924184772335
        ],
        "3": [
            3.5804765818069018,
            28.46502900717589
        ],
        "4": [
            98.33243178775074,
            46.00371396206876
        ],
        "5": [
            69.0868566545673,
            39.26054796064429
        ],
        "6": [
            15.938579859016155,
            86.51997818120054
        ],
        "7": [
            21.989027479875254,
            93.98863943886786
        ],
        "8": [
            0.0408474251724078,
            84.75458942615879
        ],
        "9": [
            59.76685323255603,
            77.74226000727168
        ],
        "10": [
            61.422605028205815,
            91.48809860940487
        ],
        "11": [
            79.80489715312619,
            6.42262194465284
        ],
        "12": [
            12.139953923378311,
            13.066126312072758
        ],
        "13": [
            31.893324349791797,
            85.57046972295045
        ],
        "14": [
            97.16877641202443,
            43.434259347934365
        ],
        "15": [
            89.76424875961486,
            48.77441534854216
        ],
        "16": [
            90.17985461453246,
            43.215467431522924
        ],
        "17": [
            60.57549430834423,
            16.480821704364523
        ],
        "18": [
            88.61318864126093,
            49.51303351176969
        ],
        "19": [
            14.212963284771629,
            78.85760379456289
        ],
        "20": [
            3.805600402301501,
            50.23435870043899
        ],
        "21": [
            27.645942835224503,
            1.8906230157530457
        ],
        "22": [
            28.828015405279693,
            65.00757286279986
        ],
        "23": [
            75.78470693356125,
            89.16095985798025
        ],
        "24": [
            44.56896505280638,
            39.28636333854799
        ],
        "25": [
            72.75491627820858,
            1.5077944622172934
        ],
        "26": [
            23.503169261836977,
            84.52055516576924
        ],
        "27": [
            87.23399107444985,
            84.00556897364372
        ],
        "28": [
            93.21283775041245,
            86.36705323649734
        ],
        "29": [
            25.830990455388115,
            0.18597615130641065
        ],
        "30": [
            45.80986526420002,
            79.5556225534161
        ]
    },
    "distance_matrix_str_keys": {
        "0,0": 0.0,
        "0,1": 38.00461836726823,
        "0,2": 49.96172121068648,
        "0,3": 51.17154609774805,
        "0,4": 48.49736348106505,
        "0,5": 21.900774576658733,
        "0,6": 49.93885409554352,
        "0,7": 52.14992791179969,
        "0,8": 60.85884004954227,
        "0,9": 29.411297359643214,
        "0,10": 43.03182812586627,
        "0,11": 52.79507337325219,
        "0,12": 52.89134252899695,
        "0,13": 39.91378232406918,
        "0,14": 47.62354899120538,
        "0,15": 39.78313131409367,
        "0,16": 40.748626958680354,
        "0,17": 35.14792160968301,
        "0,18": 38.61625918452306,
        "0,19": 45.972527596610064,
        "0,20": 46.19499408152705,
        "0,21": 53.04918496582621,
        "0,22": 25.951496583267037,
        "0,23": 46.88743849527272,
        "0,24": 12.011584038387566,
        "0,25": 53.56566262772119,
        "0,26": 43.51724678928778,
        "0,27": 50.42567612390984,
        "0,28": 56.47930512630005,
        "0,29": 55.36766199114564,
        "0,30": 29.85116502959568,
        "1,0": 38.00461836726823,
        "1,1": 0.0,
        "1,2": 60.08393635104868,
        "1,3": 85.81625905305424,
        "1,4": 10.63338824078167,
        "1,5": 19.60225730929432,
        "1,6": 82.74888081162251,
        "1,7": 81.76869632676538,
        "1,8": 96.1257887407135,
        "1,9": 42.78503310667606,
        "1,10": 53.10545886661849,
        "1,11": 39.72418532365292,
        "1,12": 82.18570019537438,
        "1,13": 68.80530819911974,
        "1,14": 9.641971846915173,
        "1,15": 3.988238936835367,
        "1,16": 3.2578094011006207,
        "1,17": 39.62615773888355,
        "1,18": 4.257515729020106,
        "1,19": 80.78295458079224,
        "1,20": 84.05553445105575,
        "1,21": 74.14542681115158,
        "1,22": 62.0851491398915,
        "1,23": 45.40695068121788,
        "1,24": 43.57418750275517,
        "1,25": 46.32608499113779,
        "1,26": 75.21958928858973,
        "1,27": 38.658162762073204,
        "1,28": 41.382877366721004,
        "1,29": 76.61573893271225,
        "1,30": 54.09602759482958,
        "2,0": 49.96172121068648,
        "2,1": 60.08393635104868,
        "2,2": 0.0,
        "2,3": 52.910041720409,
        "2,4": 67.9751657429368,
        "2,5": 44.39716768214653,
        "2,6": 92.28262296953362,
        "2,7": 97.51463563914261,
        "2,8": 97.43346540052677,
        "2,9": 78.52523555587335,
        "2,10": 92.36594321603796,
        "2,11": 32.21199953356494,
        "2,12": 38.354601515051435,
        "2,13": 87.04657697089617,
        "2,14": 65.39047995017309,
        "2,15": 64.01251693013414,
        "2,16": 60.18065760854057,
        "2,17": 20.53880582055003,
        "2,18": 63.84194539072364,
        "2,19": 85.81593591623823,
        "2,20": 67.00459539844432,
        "2,21": 20.660010336861905,
        "2,22": 67.77299731642414,
        "2,23": 93.25632149822879,
        "2,24": 39.38666758610744,
        "2,25": 24.57147059604182,
        "2,26": 87.99503828181913,
        "2,27": 92.55739388783782,
        "2,28": 97.31942888572036,
        "2,29": 22.394870531379567,
        "2,30": 79.52252314183458,
        "3,0": 51.17154609774805,
        "3,1": 85.81625905305424,
        "3,2": 52.910041720409,
        "3,3": 0.0,
        "3,4": 96.3614989780471,
        "3,5": 66.38997710281,
        "3,6": 59.35570604591235,
        "3,7": 68.06040163098443,
        "3,8": 56.4007410122316,
        "3,9": 74.7338906800432,
        "3,10": 85.54308344511034,
        "3,11": 79.34752674496748,
        "3,12": 17.617912946036736,
        "3,13": 63.7389104713591,
        "3,14": 94.77788625046128,
        "3,15": 88.54441687853154,
        "3,16": 87.84661467219647,
        "3,17": 58.24133644006688,
        "3,18": 87.59897610024571,
        "3,19": 51.502052067768275,
        "3,20": 21.770493701993544,
        "3,21": 35.851718505412705,
        "3,22": 44.41616516633294,
        "3,23": 94.32627896050404,
        "3,24": 42.39289402539758,
        "3,25": 74.2414682076198,
        "3,26": 59.490635368431455,
        "3,27": 100.41245971859087,
        "3,28": 106.7080342734898,
        "3,29": 35.98319327218597,
        "3,30": 66.2840102694138,
        "4,0": 48.49736348106505,
        "4,1": 10.63338824078167,
        "4,2": 67.9751657429368,
        "4,3": 96.3614989780471,
        "4,4": 0.0,
        "4,5": 30.01289643792222,
        "4,6": 91.81674412616,
        "4,7": 90.17132833850073,
        "4,8": 105.654464674898,
        "4,9": 49.94636277408356,
        "4,10": 58.57614325104072,
        "4,11": 43.70277319493991,
        "4,12": 92.2714902914302,
        "4,13": 77.3284110698902,
        "4,14": 2.8206720560095704,
        "4,15": 9.0050289603444,
        "4,16": 8.616195986650988,
        "4,17": 47.928983872849045,
        "4,18": 10.333393007260595,
        "4,19": 90.30760243938134,
        "4,20": 94.62145743263231,
        "4,21": 83.3219329664977,
        "4,22": 72.05560734451419,
        "4,23": 48.69237896653236,
        "4,24": 54.18148350459577,
        "4,25": 51.323446413682426,
        "4,26": 84.16035638281959,
        "4,27": 39.58934668048236,
        "4,28": 40.686722656043194,
        "4,29": 85.76551809069761,
        "4,30": 62.32455827635634,
        "5,0": 21.900774576658733,
        "5,1": 19.60225730929432,
        "5,2": 44.39716768214653,
        "5,3": 66.38997710281,
        "5,4": 30.01289643792222,
        "5,5": 0.0,
        "5,6": 71.12097490268357,
        "5,7": 72.20366687237762,
        "5,8": 82.68651159271165,
        "5,9": 39.594249908614884,
        "5,10": 52.78690935981228,
        "5,11": 34.54281078836053,
        "5,12": 62.682513160997715,
        "5,13": 59.3966977107086,
        "5,14": 28.390387176096347,
        "5,15": 22.761111944287563,
        "5,16": 21.460567349448834,
        "5,17": 24.317878552615266,
        "5,18": 22.054276248170332,
        "5,19": 67.66883333022797,
        "5,20": 66.19718226651966,
        "5,21": 55.80197692348365,
        "5,22": 47.7879021306393,
        "5,23": 50.34791262687667,
        "5,24": 24.517905192520733,
        "5,25": 37.93052936772145,
        "5,26": 64.23660022546433,
        "5,27": 48.28493960964481,
        "5,28": 52.92528510212344,
        "5,29": 58.29144124761709,
        "5,30": 46.535055223178546,
        "6,0": 49.93885409554352,
        "6,1": 82.74888081162251,
        "6,2": 92.28262296953362,
        "6,3": 59.35570604591235,
        "6,4": 91.81674412616,
        "6,5": 71.12097490268357,
        "6,6": 0.0,
        "6,7": 9.61191018448156,
        "6,8": 15.995452291026824,
        "6,9": 44.698611647865135,
        "6,10": 45.75454913099483,
        "6,11": 102.44263253546525,
        "6,12": 73.55200822146645,
        "6,13": 15.982973380389025,
        "6,14": 91.949573133428,
        "6,15": 82.91535986881435,
        "6,16": 85.94793498736898,
        "6,17": 83.0538233409116,
        "6,18": 81.55435436209795,
        "6,19": 7.854281240336899,
        "6,20": 38.26036293084113,
        "6,21": 85.43529776138284,
        "6,22": 25.07830000786409,
        "6,23": 59.90437137671746,
        "6,24": 55.23326287165054,
        "6,25": 102.25051327386583,
        "6,26": 7.824366123073836,
        "6,27": 71.33973587027664,
        "6,28": 77.27440920967778,
        "6,29": 86.89890502132336,
        "6,30": 30.67239705448864,
        "7,0": 52.14992791179969,
        "7,1": 81.76869632676538,
        "7,2": 97.51463563914261,
        "7,3": 68.06040163098443,
        "7,4": 90.17132833850073,
        "7,5": 72.20366687237762,
        "7,6": 9.61191018448156,
        "7,7": 0.0,
        "7,8": 23.811557852246214,
        "7,9": 41.12309525358351,
        "7,10": 39.51277948588294,
        "7,11": 104.93084487352377,
        "7,12": 81.51967480723665,
        "7,13": 12.998487521762973,
        "7,14": 90.59657827909153,
        "7,15": 81.47273580534691,
        "7,16": 85.01708005451691,
        "7,17": 86.58162179278884,
        "7,18": 80.10529553681717,
        "7,19": 17.012213672406073,
        "7,20": 47.38221294138435,
        "7,21": 92.27158457732213,
        "7,22": 29.77707130881601,
        "7,23": 54.01186552989494,
        "7,24": 59.179325708841034,
        "7,25": 105.49825663526397,
        "7,26": 9.588391165277924,
        "7,27": 66.00429509032722,
        "7,28": 71.63043854182135,
        "7,29": 93.88130974451114,
        "7,30": 27.85218643415361,
        "8,0": 60.85884004954227,
        "8,1": 96.1257887407135,
        "8,2": 97.43346540052677,
        "8,3": 56.4007410122316,
        "8,4": 105.654464674898,
        "8,5": 82.68651159271165,
        "8,6": 15.995452291026824,
        "8,7": 23.811557852246214,
        "8,8": 0.0,
        "8,9": 60.13624974657641,
        "8,10": 61.749982286300366,
        "8,11": 111.79535213293615,
        "8,12": 72.70229791220221,
        "8,13": 31.862924330514666,
        "8,14": 105.55190319008175,
        "8,15": 96.66882472481511,
        "8,16": 99.24988298818667,
        "8,17": 91.24555239681449,
        "8,18": 95.325898326563,
        "8,19": 15.350026302164833,
        "8,20": 34.72491460516111,
        "8,21": 87.34115995258438,
        "8,22": 34.90910631151256,
        "8,23": 75.87192071912361,
        "8,24": 63.640496879066696,
        "8,25": 110.53218843817669,
        "8,26": 23.46348904153564,
        "8,27": 87.19636076741861,
        "8,28": 93.18594218392748,
        "8,29": 88.41369706527672,
        "8,30": 46.06335040455811,
        "9,0": 29.411297359643214,
        "9,1": 42.78503310667606,
        "9,2": 78.52523555587335,
        "9,3": 74.7338906800432,
        "9,4": 49.94636277408356,
        "9,5": 39.594249908614884,
        "9,6": 44.698611647865135,
        "9,7": 41.12309525358351,
        "9,8": 60.13624974657641,
        "9,9": 0.0,
        "9,10": 13.84520107779921,
        "9,11": 74.0811310493141,
        "9,12": 80.32013326411878,
        "9,13": 28.951933954935367,
        "9,14": 50.75374633230482,
        "9,15": 41.701076276027855,
        "9,16": 46.011412265098755,
        "9,17": 61.26677503615114,
        "9,18": 40.36087579631857,
        "9,19": 45.567541969462226,
        "9,20": 62.356607128981274,
        "9,21": 82.37246942423494,
        "9,22": 33.45719568000404,
        "9,23": 19.67125678413503,
        "9,24": 41.350112378562265,
        "9,25": 77.33293941534829,
        "9,26": 36.89173430978676,
        "9,27": 28.172197295096307,
        "9,28": 34.54013518525351,
        "9,29": 84.6558913955658,
        "9,30": 14.074295608398803,
        "10,0": 43.03182812586627,
        "10,1": 53.10545886661849,
        "10,2": 92.36594321603796,
        "10,3": 85.54308344511034,
        "10,4": 58.57614325104072,
        "10,5": 52.78690935981228,
        "10,6": 45.75454913099483,
        "10,7": 39.51277948588294,
        "10,8": 61.749982286300366,
        "10,9": 13.84520107779921,
        "10,10": 0.0,
        "10,11": 87.02898358574217,
        "10,12": 92.62173308097664,
        "10,13": 30.11638671923236,
        "10,14": 59.891236724320336,
        "10,15": 51.261169583881134,
        "10,16": 56.18920113870729,
        "10,17": 75.01206026554067,
        "10,18": 50.0123377494919,
        "10,19": 48.87002836924851,
        "10,20": 70.8631799917142,
        "10,21": 95.75265292227577,
        "10,22": 41.99554162650571,
        "10,23": 14.549417373496317,
        "10,24": 54.85495734852964,
        "10,25": 90.69110437461507,
        "10,26": 38.55425100399075,
        "10,27": 26.874074856230585,
        "10,28": 32.20006214657722,
        "10,29": 97.99408448091965,
        "10,30": 19.650486705558034,
        "11,0": 52.79507337325219,
        "11,1": 39.72418532365292,
        "11,2": 32.21199953356494,
        "11,3": 79.34752674496748,
        "11,4": 43.70277319493991,
        "11,5": 34.54281078836053,
        "11,6": 102.44263253546525,
        "11,7": 104.93084487352377,
        "11,8": 111.79535213293615,
        "11,9": 74.0811310493141,
        "11,10": 87.02898358574217,
        "11,11": 0.0,
        "11,12": 67.9902985179866,
        "11,13": 92.51973095737893,
        "11,14": 40.88233856067415,
        "11,15": 43.50704642868086,
        "11,16": 38.22764995846182,
        "11,17": 21.701090207018925,
        "11,18": 43.981468460744516,
        "11,19": 97.71964175224649,
        "11,20": 87.72320892545036,
        "11,21": 52.35547277819678,
        "11,22": 77.65847633591339,
        "11,23": 82.83594926154608,
        "11,24": 48.182947288259214,
        "11,25": 8.594053730272332,
        "11,26": 96.2765378321984,
        "11,27": 77.9378284672793,
        "11,28": 81.06099534077288,
        "11,29": 54.333031895595525,
        "11,30": 80.64798801687786,
        "12,0": 52.89134252899695,
        "12,1": 82.18570019537438,
        "12,2": 38.354601515051435,
        "12,3": 17.617912946036736,
        "12,4": 92.2714902914302,
        "12,5": 62.682513160997715,
        "12,6": 73.55200822146645,
        "12,7": 81.51967480723665,
        "12,8": 72.70229791220221,
        "12,9": 80.32013326411878,
        "12,10": 92.62173308097664,
        "12,11": 67.9902985179866,
        "12,12": 0.0,
        "12,13": 75.1470256007887,
        "12,14": 90.28911428234015,
        "12,15": 85.4436250093301,
        "12,16": 83.6612746127034,
        "12,17": 48.5557588449177,
        "12,18": 84.71441832793097,
        "12,19": 65.82412838117517,
        "12,20": 38.091192518610946,
        "12,21": 19.113544047621044,
        "12,22": 54.55644110282269,
        "12,23": 99.20220903844105,
        "12,24": 41.70301658821712,
        "12,25": 61.70712030575462,
        "12,26": 72.3523190066231,
        "12,27": 103.30304419900135,
        "12,28": 109.2970190810875,
        "12,29": 18.79741337218279,
        "12,30": 74.52862564227523,
        "13,0": 39.91378232406918,
        "13,1": 68.80530819911974,
        "13,2": 87.04657697089617,
        "13,3": 63.7389104713591,
        "13,4": 77.3284110698902,
        "13,5": 59.3966977107086,
        "13,6": 15.982973380389025,
        "13,7": 12.998487521762973,
        "13,8": 31.862924330514666,
        "13,9": 28.951933954935367,
        "13,10": 30.11638671923236,
        "13,11": 92.51973095737893,
        "13,12": 75.1470256007887,
        "13,13": 0.0,
        "13,14": 77.69391782306027,
        "13,15": 68.57837494117126,
        "13,16": 72.05043948102856,
        "13,17": 74.80672654824151,
        "13,18": 67.21072616306154,
        "13,19": 18.911841167955796,
        "13,20": 45.13935066818834,
        "13,21": 83.78757064547428,
        "13,22": 20.79011414606704,
        "13,23": 44.03799591857658,
        "13,24": 47.9884399729206,
        "13,25": 93.46765786578764,
        "13,26": 8.455591225769798,
        "13,27": 55.362788115166815,
        "13,28": 61.32468727179088,
        "13,29": 85.59943711691893,
        "13,30": 15.160755175625434,
        "14,0": 47.62354899120538,
        "14,1": 9.641971846915173,
        "14,2": 65.39047995017309,
        "14,3": 94.77788625046128,
        "14,4": 2.8206720560095704,
        "14,5": 28.390387176096347,
        "14,6": 91.949573133428,
        "14,7": 90.59657827909153,
        "14,8": 105.55190319008175,
        "14,9": 50.75374633230482,
        "14,10": 59.891236724320336,
        "14,11": 40.88233856067415,
        "14,12": 90.28911428234015,
        "14,13": 77.69391782306027,
        "14,14": 0.0,
        "14,15": 9.129309714656713,
        "14,16": 6.992345657513319,
        "14,17": 45.4483893655796,
        "14,18": 10.495216883807107,
        "14,19": 90.20244045139896,
        "14,20": 93.61049078936844,
        "14,21": 80.98949381400007,
        "14,22": 71.66496683172106,
        "14,23": 50.479793650481284,
        "14,24": 52.76310449859834,
        "14,25": 48.516646879672024,
        "14,26": 84.34871297676322,
        "14,27": 41.769978746090636,
        "14,28": 43.11466388332706,
        "14,29": 83.42358002777505,
        "14,30": 62.789255721918316,
        "15,0": 39.78313131409367,
        "15,1": 3.988238936835367,
        "15,2": 64.01251693013414,
        "15,3": 88.54441687853154,
        "15,4": 9.0050289603444,
        "15,5": 22.761111944287563,
        "15,6": 82.91535986881435,
        "15,7": 81.47273580534691,
        "15,8": 96.66882472481511,
        "15,9": 41.701076276027855,
        "15,10": 51.261169583881134,
        "15,11": 43.50704642868086,
        "15,12": 85.4436250093301,
        "15,13": 68.57837494117126,
        "15,14": 9.129309714656713,
        "15,15": 0.0,
        "15,16": 5.574462321226535,
        "15,17": 43.529984802109006,
        "15,18": 1.3676608450615817,
        "15,19": 81.32032319156173,
        "15,20": 85.97104548629729,
        "15,21": 77.82527811977447,
        "15,22": 63.061398163192436,
        "15,23": 42.73757792714984,
        "15,24": 46.18048072815248,
        "15,25": 50.23396103707715,
        "15,26": 75.28822728716348,
        "15,27": 35.32189674562852,
        "15,28": 37.75048594922155,
        "15,29": 80.30129476551703,
        "15,30": 53.66069833175282,
        "16,0": 40.748626958680354,
        "16,1": 3.2578094011006207,
        "16,2": 60.18065760854057,
        "16,3": 87.84661467219647,
        "16,4": 8.616195986650988,
        "16,5": 21.460567349448834,
        "16,6": 85.94793498736898,
        "16,7": 85.01708005451691,
        "16,8": 99.24988298818667,
        "16,9": 46.011412265098755,
        "16,10": 56.18920113870729,
        "16,11": 38.22764995846182,
        "16,12": 83.6612746127034,
        "16,13": 72.05043948102856,
        "16,14": 6.992345657513319,
        "16,15": 5.574462321226535,
        "16,16": 0.0,
        "16,17": 39.88933982024874,
        "16,18": 6.489513140974556,
        "16,19": 83.91263589489503,
        "16,20": 86.65896736843777,
        "16,21": 74.95487234603137,
        "16,22": 65.10717344107249,
        "16,23": 48.14777825680659,
        "16,24": 45.77981111347452,
        "16,25": 45.20131038520053,
        "16,26": 78.4339890758856,
        "16,27": 40.89633841572267,
        "16,28": 43.258043693475116,
        "16,29": 77.41003448136578,
        "16,30": 57.35244396912719,
        "17,0": 35.14792160968301,
        "17,1": 39.62615773888355,
        "17,2": 20.53880582055003,
        "17,3": 58.24133644006688,
        "17,4": 47.928983872849045,
        "17,5": 24.317878552615266,
        "17,6": 83.0538233409116,
        "17,7": 86.58162179278884,
        "17,8": 91.24555239681449,
        "17,9": 61.26677503615114,
        "17,10": 75.01206026554067,
        "17,11": 21.701090207018925,
        "17,12": 48.5557588449177,
        "17,13": 74.80672654824151,
        "17,14": 45.4483893655796,
        "17,15": 43.529984802109006,
        "17,16": 39.88933982024874,
        "17,17": 0.0,
        "17,18": 43.3271199180761,
        "17,19": 77.71967078442769,
        "17,20": 66.0463633658108,
        "17,21": 36.01706898116505,
        "17,22": 57.98920584637484,
        "17,23": 74.25444519156903,
        "17,24": 27.86219137176516,
        "17,25": 19.301032726621067,
        "17,26": 77.48395068562836,
        "17,27": 72.5966042154073,
        "17,28": 77.13158590822822,
        "17,29": 38.37580669622594,
        "17,30": 64.7800455635591,
        "18,0": 38.61625918452306,
        "18,1": 4.257515729020106,
        "18,2": 63.84194539072364,
        "18,3": 87.59897610024571,
        "18,4": 10.333393007260595,
        "18,5": 22.054276248170332,
        "18,6": 81.55435436209795,
        "18,7": 80.10529553681717,
        "18,8": 95.325898326563,
        "18,9": 40.36087579631857,
        "18,10": 50.0123377494919,
        "18,11": 43.981468460744516,
        "18,12": 84.71441832793097,
        "18,13": 67.21072616306154,
        "18,14": 10.495216883807107,
        "18,15": 1.3676608450615817,
        "18,16": 6.489513140974556,
        "18,17": 43.3271199180761,
        "18,18": 0.0,
        "18,19": 79.97810536752033,
        "18,20": 84.81065577471205,
        "18,21": 77.36212925343241,
        "18,22": 61.76040550835875,
        "18,23": 41.67166911079183,
        "18,24": 45.21590886338169,
        "18,25": 50.55677777059591,
        "18,26": 73.92456422559562,
        "18,27": 34.52009832716203,
        "18,28": 37.139945366114,
        "18,29": 79.84211292853318,
        "18,30": 52.294183696148295,
        "19,0": 45.972527596610064,
        "19,1": 80.78295458079224,
        "19,2": 85.81593591623823,
        "19,3": 51.502052067768275,
        "19,4": 90.30760243938134,
        "19,5": 67.66883333022797,
        "19,6": 7.854281240336899,
        "19,7": 17.012213672406073,
        "19,8": 15.350026302164833,
        "19,9": 45.567541969462226,
        "19,10": 48.87002836924851,
        "19,11": 97.71964175224649,
        "19,12": 65.82412838117517,
        "19,13": 18.911841167955796,
        "19,14": 90.20244045139896,
        "19,15": 81.32032319156173,
        "19,16": 83.91263589489503,
        "19,17": 77.71967078442769,
        "19,18": 79.97810536752033,
        "19,19": 0.0,
        "19,20": 30.456581585688586,
        "19,21": 78.13041065941333,
        "19,22": 20.13512118900604,
        "19,23": 62.42786847331746,
        "19,24": 49.873539222404084,
        "19,25": 97.00594447783084,
        "19,26": 10.880116972208919,
        "19,27": 73.20226803143457,
        "19,28": 79.35598273922375,
        "19,29": 79.52486121570023,
        "19,30": 31.604611133271625,
        "20,0": 46.19499408152705,
        "20,1": 84.05553445105575,
        "20,2": 67.00459539844432,
        "20,3": 21.770493701993544,
        "20,4": 94.62145743263231,
        "20,5": 66.19718226651966,
        "20,6": 38.26036293084113,
        "20,7": 47.38221294138435,
        "20,8": 34.72491460516111,
        "20,9": 62.356607128981274,
        "20,10": 70.8631799917142,
        "20,11": 87.72320892545036,
        "20,12": 38.091192518610946,
        "20,13": 45.13935066818834,
        "20,14": 93.61049078936844,
        "20,15": 85.97104548629729,
        "20,16": 86.65896736843777,
        "20,17": 66.0463633658108,
        "20,18": 84.81065577471205,
        "20,19": 30.456581585688586,
        "20,20": 0.0,
        "20,21": 53.90249258865314,
        "20,22": 29.058030030754804,
        "20,23": 81.8307525000029,
        "20,24": 42.20794356604,
        "20,25": 84.42917873707619,
        "20,26": 39.54159186268765,
        "20,27": 90.00439441194867,
        "20,28": 96.43249299202809,
        "20,29": 54.68051209320305,
        "20,30": 51.22591903054961,
        "21,0": 53.04918496582621,
        "21,1": 74.14542681115158,
        "21,2": 20.660010336861905,
        "21,3": 35.851718505412705,
        "21,4": 83.3219329664977,
        "21,5": 55.80197692348365,
        "21,6": 85.43529776138284,
        "21,7": 92.27158457732213,
        "21,8": 87.34115995258438,
        "21,9": 82.37246942423494,
        "21,10": 95.75265292227577,
        "21,11": 52.35547277819678,
        "21,12": 19.113544047621044,
        "21,13": 83.78757064547428,
        "21,14": 80.98949381400007,
        "21,15": 77.82527811977447,
        "21,16": 74.95487234603137,
        "21,17": 36.01706898116505,
        "21,18": 77.36212925343241,
        "21,19": 78.13041065941333,
        "21,20": 53.90249258865314,
        "21,21": 0.0,
        "21,22": 63.12801797582038,
        "21,23": 99.66670608318061,
        "21,24": 41.04668165962605,
        "21,25": 45.110597898733786,
        "21,26": 82.73371900257257,
        "21,27": 101.45737943899178,
        "21,28": 106.93589187760851,
        "21,29": 2.489954432021099,
        "21,30": 79.7607687474929,
        "22,0": 25.951496583267037,
        "22,1": 62.0851491398915,
        "22,2": 67.77299731642414,
        "22,3": 44.41616516633294,
        "22,4": 72.05560734451419,
        "22,5": 47.7879021306393,
        "22,6": 25.07830000786409,
        "22,7": 29.77707130881601,
        "22,8": 34.90910631151256,
        "22,9": 33.45719568000404,
        "22,10": 41.99554162650571,
        "22,11": 77.65847633591339,
        "22,12": 54.55644110282269,
        "22,13": 20.79011414606704,
        "22,14": 71.66496683172106,
        "22,15": 63.061398163192436,
        "22,16": 65.10717344107249,
        "22,17": 57.98920584637484,
        "22,18": 61.76040550835875,
        "22,19": 20.13512118900604,
        "22,20": 29.058030030754804,
        "22,21": 63.12801797582038,
        "22,22": 0.0,
        "22,23": 52.804516687695745,
        "22,24": 30.155565244187272,
        "22,25": 77.212657493595,
        "22,26": 20.226479298368584,
        "22,27": 61.41809057676194,
        "22,28": 67.83533555786892,
        "22,29": 64.89084341243972,
        "22,30": 22.361327653597662,
        "23,0": 46.88743849527272,
        "23,1": 45.40695068121788,
        "23,2": 93.25632149822879,
        "23,3": 94.32627896050404,
        "23,4": 48.69237896653236,
        "23,5": 50.34791262687667,
        "23,6": 59.90437137671746,
        "23,7": 54.01186552989494,
        "23,8": 75.87192071912361,
        "23,9": 19.67125678413503,
        "23,10": 14.549417373496317,
        "23,11": 82.83594926154608,
        "23,12": 99.20220903844105,
        "23,13": 44.03799591857658,
        "23,14": 50.479793650481284,
        "23,15": 42.73757792714984,
        "23,16": 48.14777825680659,
        "23,17": 74.25444519156903,
        "23,18": 41.67166911079183,
        "23,19": 62.42786847331746,
        "23,20": 81.8307525000029,
        "23,21": 99.66670608318061,
        "23,22": 52.804516687695745,
        "23,23": 0.0,
        "23,24": 58.837895264379384,
        "23,25": 87.70551314092084,
        "23,26": 52.48707018902293,
        "23,27": 12.556439085549025,
        "23,28": 17.650656021203414,
        "23,29": 102.03882357017147,
        "23,30": 31.4762392581726,
        "24,0": 12.011584038387566,
        "24,1": 43.57418750275517,
        "24,2": 39.38666758610744,
        "24,3": 42.39289402539758,
        "24,4": 54.18148350459577,
        "24,5": 24.517905192520733,
        "24,6": 55.23326287165054,
        "24,7": 59.179325708841034,
        "24,8": 63.640496879066696,
        "24,9": 41.350112378562265,
        "24,10": 54.85495734852964,
        "24,11": 48.182947288259214,
        "24,12": 41.70301658821712,
        "24,13": 47.9884399729206,
        "24,14": 52.76310449859834,
        "24,15": 46.18048072815248,
        "24,16": 45.77981111347452,
        "24,17": 27.86219137176516,
        "24,18": 45.21590886338169,
        "24,19": 49.873539222404084,
        "24,20": 42.20794356604,
        "24,21": 41.04668165962605,
        "24,22": 30.155565244187272,
        "24,23": 58.837895264379384,
        "24,24": 0.0,
        "24,25": 47.134574494996926,
        "24,26": 49.89889640632018,
        "24,27": 61.80705297991073,
        "24,28": 67.69651181772791,
        "24,29": 43.35841291151808,
        "24,30": 40.28837389432436,
        "25,0": 53.56566262772119,
        "25,1": 46.32608499113779,
        "25,2": 24.57147059604182,
        "25,3": 74.2414682076198,
        "25,4": 51.323446413682426,
        "25,5": 37.93052936772145,
        "25,6": 102.25051327386583,
        "25,7": 105.49825663526397,
        "25,8": 110.53218843817669,
        "25,9": 77.33293941534829,
        "25,10": 90.69110437461507,
        "25,11": 8.594053730272332,
        "25,12": 61.70712030575462,
        "25,13": 93.46765786578764,
        "25,14": 48.516646879672024,
        "25,15": 50.23396103707715,
        "25,16": 45.20131038520053,
        "25,17": 19.301032726621067,
        "25,18": 50.55677777059591,
        "25,19": 97.00594447783084,
        "25,20": 84.42917873707619,
        "25,21": 45.110597898733786,
        "25,22": 77.212657493595,
        "25,23": 87.70551314092084,
        "25,24": 47.134574494996926,
        "25,25": 0.0,
        "25,26": 96.52384691769102,
        "25,27": 83.75873928309397,
        "25,28": 87.29043676533578,
        "25,29": 46.94253953795658,
        "25,30": 82.5681490885005,
        "26,0": 43.51724678928778,
        "26,1": 75.21958928858973,
        "26,2": 87.99503828181913,
        "26,3": 59.490635368431455,
        "26,4": 84.16035638281959,
        "26,5": 64.23660022546433,
        "26,6": 7.824366123073836,
        "26,7": 9.588391165277924,
        "26,8": 23.46348904153564,
        "26,9": 36.89173430978676,
        "26,10": 38.55425100399075,
        "26,11": 96.2765378321984,
        "26,12": 72.3523190066231,
        "26,13": 8.455591225769798,
        "26,14": 84.34871297676322,
        "26,15": 75.28822728716348,
        "26,16": 78.4339890758856,
        "26,17": 77.48395068562836,
        "26,18": 73.92456422559562,
        "26,19": 10.880116972208919,
        "26,20": 39.54159186268765,
        "26,21": 82.73371900257257,
        "26,22": 20.226479298368584,
        "26,23": 52.48707018902293,
        "26,24": 49.89889640632018,
        "26,25": 96.52384691769102,
        "26,26": 0.0,
        "26,27": 63.7329024891311,
        "26,28": 69.73411959659558,
        "26,29": 84.36669940833185,
        "26,30": 22.852554395232215,
        "27,0": 50.42567612390984,
        "27,1": 38.658162762073204,
        "27,2": 92.55739388783782,
        "27,3": 100.41245971859087,
        "27,4": 39.58934668048236,
        "27,5": 48.28493960964481,
        "27,6": 71.33973587027664,
        "27,7": 66.00429509032722,
        "27,8": 87.19636076741861,
        "27,9": 28.172197295096307,
        "27,10": 26.874074856230585,
        "27,11": 77.9378284672793,
        "27,12": 103.30304419900135,
        "27,13": 55.362788115166815,
        "27,14": 41.769978746090636,
        "27,15": 35.32189674562852,
        "27,16": 40.89633841572267,
        "27,17": 72.5966042154073,
        "27,18": 34.52009832716203,
        "27,19": 73.20226803143457,
        "27,20": 90.00439441194867,
        "27,21": 101.45737943899178,
        "27,22": 61.41809057676194,
        "27,23": 12.556439085549025,
        "27,24": 61.80705297991073,
        "27,25": 83.75873928309397,
        "27,26": 63.7329024891311,
        "27,27": 0.0,
        "27,28": 6.428313581210421,
        "27,29": 103.9040549060859,
        "27,30": 41.66245578799097,
        "28,0": 56.47930512630005,
        "28,1": 41.382877366721004,
        "28,2": 97.31942888572036,
        "28,3": 106.7080342734898,
        "28,4": 40.686722656043194,
        "28,5": 52.92528510212344,
        "28,6": 77.27440920967778,
        "28,7": 71.63043854182135,
        "28,8": 93.18594218392748,
        "28,9": 34.54013518525351,
        "28,10": 32.20006214657722,
        "28,11": 81.06099534077288,
        "28,12": 109.2970190810875,
        "28,13": 61.32468727179088,
        "28,14": 43.11466388332706,
        "28,15": 37.75048594922155,
        "28,16": 43.258043693475116,
        "28,17": 77.13158590822822,
        "28,18": 37.139945366114,
        "28,19": 79.35598273922375,
        "28,20": 96.43249299202809,
        "28,21": 106.93589187760851,
        "28,22": 67.83533555786892,
        "28,23": 17.650656021203414,
        "28,24": 67.69651181772791,
        "28,25": 87.29043676533578,
        "28,26": 69.73411959659558,
        "28,27": 6.428313581210421,
        "28,28": 0.0,
        "28,29": 109.39603005801261,
        "28,30": 47.88984640275048,
        "29,0": 55.36766199114564,
        "29,1": 76.61573893271225,
        "29,2": 22.394870531379567,
        "29,3": 35.98319327218597,
        "29,4": 85.76551809069761,
        "29,5": 58.29144124761709,
        "29,6": 86.89890502132336,
        "29,7": 93.88130974451114,
        "29,8": 88.41369706527672,
        "29,9": 84.6558913955658,
        "29,10": 97.99408448091965,
        "29,11": 54.333031895595525,
        "29,12": 18.79741337218279,
        "29,13": 85.59943711691893,
        "29,14": 83.42358002777505,
        "29,15": 80.30129476551703,
        "29,16": 77.41003448136578,
        "29,17": 38.37580669622594,
        "29,18": 79.84211292853318,
        "29,19": 79.52486121570023,
        "29,20": 54.68051209320305,
        "29,21": 2.489954432021099,
        "29,22": 64.89084341243972,
        "29,23": 102.03882357017147,
        "29,24": 43.35841291151808,
        "29,25": 46.94253953795658,
        "29,26": 84.36669940833185,
        "29,27": 103.9040549060859,
        "29,28": 109.39603005801261,
        "29,29": 0.0,
        "29,30": 81.84556315782855,
        "30,0": 29.85116502959568,
        "30,1": 54.09602759482958,
        "30,2": 79.52252314183458,
        "30,3": 66.2840102694138,
        "30,4": 62.32455827635634,
        "30,5": 46.535055223178546,
        "30,6": 30.67239705448864,
        "30,7": 27.85218643415361,
        "30,8": 46.06335040455811,
        "30,9": 14.074295608398803,
        "30,10": 19.650486705558034,
        "30,11": 80.64798801687786,
        "30,12": 74.52862564227523,
        "30,13": 15.160755175625434,
        "30,14": 62.789255721918316,
        "30,15": 53.66069833175282,
        "30,16": 57.35244396912719,
        "30,17": 64.7800455635591,
        "30,18": 52.294183696148295,
        "30,19": 31.604611133271625,
        "30,20": 51.22591903054961,
        "30,21": 79.7607687474929,
        "30,22": 22.361327653597662,
        "30,23": 31.4762392581726,
        "30,24": 40.28837389432436,
        "30,25": 82.5681490885005,
        "30,26": 22.852554395232215,
        "30,27": 41.66245578799097,
        "30,28": 47.88984640275048,
        "30,29": 81.84556315782855,
        "30,30": 0.0
    }
}