{
    "num_robots": 4,
    "num_tasks": 30,
    "num_nodes": 31,
    "robot_capacity": [
        89,
        110,
        114,
        120
    ],
    "robot_speed": [
        0.88,
        0.96,
        0.94,
        1.07
    ],
    "task_demand": {
        "0": 0,
        "1": 5,
        "2": 12,
        "3": 11,
        "4": 8,
        "5": 5,
        "6": 7,
        "7": 12,
        "8": 12,
        "9": 15,
        "10": 7,
        "11": 8,
        "12": 12,
        "13": 10,
        "14": 7,
        "15": 11,
        "16": 12,
        "17": 14,
        "18": 9,
        "19": 13,
        "20": 12,
        "21": 12,
        "22": 13,
        "23": 11,
        "24": 6,
        "25": 6,
        "26": 11,
        "27": 6,
        "28": 12,
        "29": 14,
        "30": 9
    },
    "task_service_time": {
        "0": 0,
        "1": 74,
        "2": 40,
        "3": 66,
        "4": 80,
        "5": 36,
        "6": 78,
        "7": 21,
        "8": 63,
        "9": 74,
        "10": 84,
        "11": 97,
        "12": 34,
        "13": 96,
        "14": 21,
        "15": 64,
        "16": 21,
        "17": 78,
        "18": 38,
        "19": 80,
        "20": 51,
        "21": 63,
        "22": 21,
        "23": 87,
        "24": 28,
        "25": 35,
        "26": 55,
        "27": 11,
        "28": 20,
        "29": 33,
        "30": 10
    },
    "task_precedence": [],
    "coordinates": {
        "0": [
            50.0,
            50.0
        ],
        "1": [
            37.88888607506177,
            26.162223647439088
        ],
        "2": [
            54.517656098570896,
            74.26531330383823
        ],
        "3": [
            77.99676550883427,
            50.9426442744634
        ],
        "4": [
            80.00879276445649,
            1.4322644040223653
        ],
        "5": [
            78.2175757494146,
            98.58762589741595
        ],
        "6": [
            39.160272148204456,
            88.13911683328843
        ],
        "7": [
            34.86843117876537,
            12.3367040408643
        ],
        "8": [
            55.86133870292343,
            21.99860188277669
        ],
        "9": [
            0.9129839817288543,
            50.3308702121217
        ],
        "10": [
            87.20275177143503,
            39.67929187733643
        ],
        "11": [
            10.26513894786899,
            90.61335908153718
        ],
        "12": [
            20.594332211630693,
            22.13727878025645
        ],
        "13": [
            99.47132673245608,
            59.7259763069403
        ],
        "14": [
            39.7958055508822,
            56.52429657128898
        ],
        "15": [
            20.28763927239552,
            29.427583516132195
        ],
        "16": [
            98.18744957526532,
            81.29427237724262
        ],
        "17": [
            42.733007324866726,
            46.3055988693612
        ],
        "18": [
            66.55361938500738,
            32.070346931239555
        ],
        "19": [
            0.18067921985328583,
            23.43745918505863
        ],
        "20": [
            18.902785525876244,
            96.31669079658329
        ],
        "21": [
            36.58865455111875,
            56.556568554523544
        ],
        "22": [
            47.039696724178825,
            27.911868070769287
        ],
        "23": [
            89.88623978170745,
            90.37210689049684
        ],
        "24": [
            2.7684983017497222,
            52.360393333230235
        ],
        "25": [
            82.90217247165256,
            38.247932212143546
        ],
        "26": [
            31.057718156154092,
            7.306357209946479
        ],
        "27": [
            10.004437491605223,
            51.79534521653131
        ],
        "28": [
            92.31289358822153,
            79.76965743551628
        ],
        "29": [
            34.63588240789186,
            96.94853572951804
        ],
        "30": [
            10.344624931109347,
            19.48152800611741
        ]
    },
    "distance_matrix_str_keys": {
        "0,0": 0.0,
        "0,1": 26.737962935450877,
        "0,2": 24.682273930057242,
        "0,3": 28.012630315356517,
        "0,4": 57.09073991551423,
        "0,5": 56.187089010921326,
        "0,6": 39.64961453437116,
        "0,7": 40.58926258873408,
        "0,8": 28.608278310825092,
        "0,9": 49.08813111817639,
        "0,10": 38.60779397375906,
        "0,11": 56.818167153807735,
        "0,12": 40.50956099304321,
        "0,13": 50.41831793894544,
        "0,14": 12.111648529640366,
        "0,15": 36.13929578717616,
        "0,16": 57.45747801800727,
        "0,17": 8.15216426812573,
        "0,18": 24.402761604166912,
        "0,19": 56.45824384038689,
        "0,20": 55.78774591606973,
        "0,21": 14.928254350706741,
        "0,22": 22.28562244156395,
        "0,23": 56.75226108889023,
        "0,24": 47.29044522268084,
        "0,25": 34.93800295730632,
        "0,26": 46.70714266722364,
        "0,27": 40.035837506032465,
        "0,28": 51.73599779298886,
        "0,29": 49.398594276861346,
        "0,30": 50.03924364632014,
        "1,0": 26.737962935450877,
        "1,1": 0.0,
        "1,2": 50.896200516210726,
        "1,3": 47.145638601320094,
        "1,4": 48.843192194044505,
        "1,5": 82.89657472972695,
        "1,6": 61.98993233999501,
        "1,7": 14.151612635044275,
        "1,8": 18.44843623887678,
        "1,9": 44.17398343351306,
        "1,10": 51.132851313530715,
        "1,11": 70.12146792596077,
        "1,12": 17.756738848081834,
        "1,13": 70.13503040499566,
        "1,14": 30.421896951380955,
        "1,15": 17.901577139471268,
        "1,16": 81.7034855886425,
        "1,17": 20.717651315097413,
        "1,18": 29.26726595476405,
        "1,19": 37.80652332085884,
        "1,20": 72.6782035760663,
        "1,21": 30.42214332269615,
        "1,22": 9.316576149213002,
        "1,23": 82.62344642158862,
        "1,24": 43.81535954700489,
        "1,25": 46.6075133828493,
        "1,26": 20.05513785155499,
        "1,27": 37.87610584760916,
        "1,28": 76.39194689975868,
        "1,29": 70.86101898110199,
        "1,30": 28.342865349470607,
        "2,0": 24.682273930057242,
        "2,1": 50.896200516210726,
        "2,2": 0.0,
        "2,3": 33.094039785932424,
        "2,4": 77.16508964915303,
        "2,5": 33.95969789848192,
        "2,6": 20.69617515805173,
        "2,7": 64.97110654125575,
        "2,8": 52.2839803927911,
        "2,9": 58.7053527275389,
        "2,10": 47.58685067598741,
        "2,11": 47.17567037067843,
        "2,12": 62.19424319685851,
        "2,13": 47.2464265714265,
        "2,14": 23.053775357912084,
        "2,15": 56.41024786717029,
        "2,16": 44.231856483226395,
        "2,17": 30.341779413493043,
        "2,18": 43.87800815234415,
        "2,19": 74.4041518373688,
        "2,20": 41.88892759712685,
        "2,21": 25.200173354263296,
        "2,22": 46.95276095588182,
        "2,23": 38.86342125179228,
        "2,24": 56.19431333862029,
        "2,25": 45.8577420992149,
        "2,26": 70.94977441434024,
        "2,27": 49.8630734772347,
        "2,28": 38.19394953679223,
        "2,29": 30.163114970112762,
        "2,30": 70.374141657773,
        "3,0": 28.012630315356517,
        "3,1": 47.145638601320094,
        "3,2": 33.094039785932424,
        "3,3": 0.0,
        "3,4": 49.55124588335534,
        "3,5": 47.64549329174619,
        "3,6": 53.77593130174193,
        "3,7": 57.88326047663889,
        "3,8": 36.438094212672446,
        "3,9": 77.08620915586569,
        "3,10": 14.546934051168984,
        "3,11": 78.4941962816248,
        "3,12": 64.22451579961312,
        "3,13": 23.201372833085028,
        "3,14": 38.60658213403144,
        "3,15": 61.589293634591286,
        "3,16": 36.45387567268877,
        "3,17": 35.56732814460931,
        "3,18": 22.070550519239617,
        "3,19": 82.53410502414471,
        "3,20": 74.50437952239952,
        "3,21": 41.7869333513328,
        "3,22": 38.584410845347,
        "3,23": 41.18303195096849,
        "3,24": 75.24162544346147,
        "3,25": 13.609508874903433,
        "3,26": 64.08899839406197,
        "3,27": 67.99767472567775,
        "3,28": 32.18614936541705,
        "3,29": 63.21952413509503,
        "3,30": 74.6097444145109,
        "4,0": 57.09073991551423,
        "4,1": 48.843192194044505,
        "4,2": 77.16508964915303,
        "4,3": 49.55124588335534,
        "4,4": 0.0,
        "4,5": 97.1718720891337,
        "4,6": 95.84716946643177,
        "4,7": 46.43876664900208,
        "4,8": 31.718666033486716,
        "4,9": 92.99043293247806,
        "4,10": 38.917710065451296,
        "4,11": 113.21415501414945,
        "4,12": 62.91880277868733,
        "4,13": 61.45687167336077,
        "4,14": 68.20715760796831,
        "4,15": 65.95721390879976,
        "4,16": 81.90484650470852,
        "4,17": 58.33609796838059,
        "4,18": 33.46242357653742,
        "4,19": 82.80553308470036,
        "4,20": 112.85831157910671,
        "4,21": 70.17120000785447,
        "4,22": 42.2862945179765,
        "4,23": 89.48664448451227,
        "4,24": 92.51884891694056,
        "4,25": 36.92918956987744,
        "4,26": 49.302258280936755,
        "4,27": 86.23833060823293,
        "4,28": 79.29778082678057,
        "4,29": 105.7452556011406,
        "4,30": 71.96438144311858,
        "5,0": 56.187089010921326,
        "5,1": 82.89657472972695,
        "5,2": 33.95969789848192,
        "5,3": 47.64549329174619,
        "5,4": 97.1718720891337,
        "5,5": 0.0,
        "5,6": 40.43073467376345,
        "5,7": 96.53170389106381,
        "5,8": 79.78521125117042,
        "5,9": 91.13020562710656,
        "5,10": 59.58964008255083,
        "5,11": 68.41872988092425,
        "5,12": 95.73449623907221,
        "5,13": 44.293901834700144,
        "5,14": 56.96978233403254,
        "5,15": 90.21634553900103,
        "5,16": 26.416963046385337,
        "5,17": 63.18674660432097,
        "5,18": 67.53218698616925,
        "5,19": 108.33884241979216,
        "5,20": 59.35824698805177,
        "5,21": 59.157221549828016,
        "5,22": 77.24715454230689,
        "5,23": 14.270685787710894,
        "5,24": 88.48457672525223,
        "5,25": 60.52126965358959,
        "5,26": 102.7439642091476,
        "5,27": 82.71970600949757,
        "5,28": 23.511569960554297,
        "5,29": 43.61250521459444,
        "5,30": 104.23297067805268,
        "6,0": 39.64961453437116,
        "6,1": 61.98993233999501,
        "6,2": 20.69617515805173,
        "6,3": 53.77593130174193,
        "6,4": 95.84716946643177,
        "6,5": 40.43073467376345,
        "6,6": 0.0,
        "6,7": 75.9238149993796,
        "6,8": 68.21651810217244,
        "6,9": 53.78028044419617,
        "6,10": 68.23807209402999,
        "6,11": 29.000872355295588,
        "6,12": 68.56337763053337,
        "6,13": 66.6688072462271,
        "6,14": 31.62120748650263,
        "6,15": 61.67025552173925,
        "6,16": 59.42271931368662,
        "6,17": 41.98580309915224,
        "6,18": 62.40274377913971,
        "6,19": 75.53617125118733,
        "6,20": 21.845788614260748,
        "6,21": 31.687072645578283,
        "6,22": 60.74048752809638,
        "6,23": 50.77509268283796,
        "6,24": 51.03408918541726,
        "6,25": 66.35121812602715,
        "6,26": 81.23783853303257,
        "6,27": 46.59326592817843,
        "6,28": 53.807518215921455,
        "6,29": 9.90333094526752,
        "6,30": 74.45942538121658,
        "7,0": 40.58926258873408,
        "7,1": 14.151612635044275,
        "7,2": 64.97110654125575,
        "7,3": 57.88326047663889,
        "7,4": 46.43876664900208,
        "7,5": 96.53170389106381,
        "7,6": 75.9238149993796,
        "7,7": 0.0,
        "7,8": 23.109617829496955,
        "7,9": 50.95614837681372,
        "7,10": 59.046576712723336,
        "7,11": 82.05215849053202,
        "7,12": 17.314767296904883,
        "7,13": 80.12039215973265,
        "7,14": 44.46147041920495,
        "7,15": 22.46547693361959,
        "7,16": 93.61861097860074,
        "7,17": 34.867425683971994,
        "7,18": 37.327842335043094,
        "7,19": 36.42069330386732,
        "7,20": 85.4841506748728,
        "7,21": 44.25331158294451,
        "7,22": 19.766776154330653,
        "7,23": 95.4802773423622,
        "7,24": 51.30595867227078,
        "7,25": 54.576845346136594,
        "7,26": 6.310778318085982,
        "7,27": 46.63906673064099,
        "7,28": 88.58368622402618,
        "7,29": 84.6121512587873,
        "7,30": 25.54340584900588,
        "8,0": 28.608278310825092,
        "8,1": 18.44843623887678,
        "8,2": 52.2839803927911,
        "8,3": 36.438094212672446,
        "8,4": 31.718666033486716,
        "8,5": 79.78521125117042,
        "8,6": 68.21651810217244,
        "8,7": 23.109617829496955,
        "8,8": 0.0,
        "8,9": 61.822642415641155,
        "8,10": 35.9845935341056,
        "8,11": 82.3832406351418,
        "8,12": 35.267279142836905,
        "8,13": 57.66442436092651,
        "8,14": 38.08050615713638,
        "8,15": 36.34113178317752,
        "8,16": 72.85242755712437,
        "8,17": 27.625770347230077,
        "8,18": 14.688938508473028,
        "8,19": 55.69924730915077,
        "8,20": 83.0006806763721,
        "8,21": 39.56879344762473,
        "8,22": 10.620173454854944,
        "8,23": 76.37165757309297,
        "8,24": 61.1611648184151,
        "8,25": 31.547542329964838,
        "8,26": 28.82848670593769,
        "8,27": 54.6873047608149,
        "8,28": 68.30966778746347,
        "8,29": 77.89744911460964,
        "8,30": 45.58625772626889,
        "9,0": 49.08813111817639,
        "9,1": 44.17398343351306,
        "9,2": 58.7053527275389,
        "9,3": 77.08620915586569,
        "9,4": 92.99043293247806,
        "9,5": 91.13020562710656,
        "9,6": 53.78028044419617,
        "9,7": 50.95614837681372,
        "9,8": 61.822642415641155,
        "9,9": 0.0,
        "9,10": 86.94469590621087,
        "9,11": 41.35385969925034,
        "9,12": 34.38363078520949,
        "9,13": 99.00512584862827,
        "9,14": 39.3729900216512,
        "9,15": 28.501309835284584,
        "9,16": 102.08356346712787,
        "9,17": 42.01329744025628,
        "9,18": 68.13324978773419,
        "9,19": 26.90337947052049,
        "9,20": 49.379435541772835,
        "9,21": 36.21481451597146,
        "9,22": 51.28630699746727,
        "9,23": 97.56813456442671,
        "9,24": 2.7498904507119226,
        "9,25": 82.87475140202567,
        "9,26": 52.53392920314552,
        "9,27": 9.208648867276018,
        "9,28": 96.02388072380397,
        "9,29": 57.53642860443417,
        "9,30": 32.25891761267245,
        "10,0": 38.60779397375906,
        "10,1": 51.132851313530715,
        "10,2": 47.58685067598741,
        "10,3": 14.546934051168984,
        "10,4": 38.917710065451296,
        "10,5": 59.58964008255083,
        "10,6": 68.23807209402999,
        "10,7": 59.046576712723336,
        "10,8": 35.9845935341056,
        "10,9": 86.94469590621087,
        "10,10": 0.0,
        "10,11": 92.26958040953147,
        "10,12": 68.87963254658847,
        "10,13": 23.50292509868324,
        "10,14": 50.31076160323626,
        "10,15": 67.69586254035248,
        "10,16": 43.04033210663047,
        "10,17": 44.96071747087283,
        "10,18": 22.006424323477646,
        "10,19": 88.52478884683488,
        "10,20": 88.72812601132955,
        "10,21": 53.353812473580106,
        "10,22": 41.851442672532755,
        "10,23": 50.763792232848175,
        "10,24": 85.38122447656592,
        "10,25": 4.532523889055475,
        "10,26": 64.80950315069639,
        "10,27": 78.1433200994531,
        "10,28": 40.414736915835086,
        "10,29": 77.73700564135754,
        "10,30": 79.46773764743219,
        "11,0": 56.818167153807735,
        "11,1": 70.12146792596077,
        "11,2": 47.17567037067843,
        "11,3": 78.4941962816248,
        "11,4": 113.21415501414945,
        "11,5": 68.41872988092425,
        "11,6": 29.000872355295588,
        "11,7": 82.05215849053202,
        "11,8": 82.3832406351418,
        "11,9": 41.35385969925034,
        "11,10": 92.26958040953147,
        "11,11": 0.0,
        "11,12": 69.25074589423271,
        "11,13": 94.4021946446346,
        "11,14": 45.101268860708664,
        "11,15": 62.00120679708778,
        "11,16": 88.41480692204519,
        "11,17": 54.930320333725845,
        "11,18": 81.21377531891991,
        "11,19": 67.92862323724572,
        "11,20": 10.35069712910252,
        "11,21": 43.0440757214674,
        "11,22": 72.69006173210033,
        "11,23": 79.62146633045609,
        "11,24": 38.98062351371758,
        "11,25": 89.54482994762496,
        "11,26": 85.8626106694062,
        "11,27": 38.81888928953386,
        "11,28": 82.76122224152691,
        "11,29": 25.180698956847277,
        "11,30": 71.13187548605467,
        "12,0": 40.50956099304321,
        "12,1": 17.756738848081834,
        "12,2": 62.19424319685851,
        "12,3": 64.22451579961312,
        "12,4": 62.91880277868733,
        "12,5": 95.73449623907221,
        "12,6": 68.56337763053337,
        "12,7": 17.314767296904883,
        "12,8": 35.267279142836905,
        "12,9": 34.38363078520949,
        "12,10": 68.87963254658847,
        "12,11": 69.25074589423271,
        "12,12": 0.0,
        "12,13": 87.37557122211473,
        "12,14": 39.384813963744634,
        "12,15": 7.296752956000978,
        "12,16": 97.57172619996349,
        "12,17": 32.77542725425315,
        "12,18": 47.02044151618508,
        "12,19": 20.45501643983046,
        "12,20": 74.19869606184506,
        "12,21": 37.953996570379964,
        "12,22": 27.068490642731554,
        "12,23": 97.24896000438314,
        "12,24": 35.08841700425994,
        "12,25": 64.35697407329509,
        "12,26": 18.150445725897075,
        "12,27": 31.49201128730454,
        "12,28": 92.00566893072988,
        "12,29": 76.11760176360369,
        "12,30": 10.588177912686978,
        "13,0": 50.41831793894544,
        "13,1": 70.13503040499566,
        "13,2": 47.2464265714265,
        "13,3": 23.201372833085028,
        "13,4": 61.45687167336077,
        "13,5": 44.293901834700144,
        "13,6": 66.6688072462271,
        "13,7": 80.12039215973265,
        "13,8": 57.66442436092651,
        "13,9": 99.00512584862827,
        "13,10": 23.50292509868324,
        "13,11": 94.4021946446346,
        "13,12": 87.37557122211473,
        "13,13": 0.0,
        "13,14": 59.76134688427088,
        "13,15": 84.7823623490089,
        "13,16": 21.606474398452306,
        "13,17": 58.3038885475464,
        "13,18": 42.99313076734933,
        "13,19": 105.71418617374412,
        "13,20": 88.48824904482471,
        "13,21": 62.96249364634961,
        "13,22": 61.328731506429214,
        "13,23": 32.11011073786279,
        "13,24": 96.98293065813817,
        "13,25": 27.126430857308463,
        "13,26": 86.18722819945759,
        "13,27": 89.81769970293627,
        "13,28": 21.283616193318952,
        "13,29": 74.76064319366839,
        "13,30": 97.79153640793147,
        "14,0": 12.111648529640366,
        "14,1": 30.421896951380955,
        "14,2": 23.053775357912084,
        "14,3": 38.60658213403144,
        "14,4": 68.20715760796831,
        "14,5": 56.96978233403254,
        "14,6": 31.62120748650263,
        "14,7": 44.46147041920495,
        "14,8": 38.08050615713638,
        "14,9": 39.3729900216512,
        "14,10": 50.31076160323626,
        "14,11": 45.101268860708664,
        "14,12": 39.384813963744634,
        "14,13": 59.76134688427088,
        "14,14": 0.0,
        "14,15": 33.388626955036486,
        "14,16": 63.42819399366346,
        "14,17": 10.632447365704753,
        "14,18": 36.248810382959796,
        "14,19": 51.61489167329745,
        "14,20": 44.943886391216054,
        "14,21": 3.2073133642015064,
        "14,22": 29.515166000344912,
        "14,23": 60.45432875185782,
        "14,24": 37.260697420976626,
        "14,25": 46.82076850390569,
        "14,26": 49.98759572428638,
        "14,27": 30.1643596278617,
        "14,28": 57.43162314987971,
        "14,29": 40.7522259313926,
        "14,30": 47.32376509610523,
        "15,0": 36.13929578717616,
        "15,1": 17.901577139471268,
        "15,2": 56.41024786717029,
        "15,3": 61.589293634591286,
        "15,4": 65.95721390879976,
        "15,5": 90.21634553900103,
        "15,6": 61.67025552173925,
        "15,7": 22.46547693361959,
        "15,8": 36.34113178317752,
        "15,9": 28.501309835284584,
        "15,10": 67.69586254035248,
        "15,11": 62.00120679708778,
        "15,12": 7.296752956000978,
        "15,13": 84.7823623490089,
        "15,14": 33.388626955036486,
        "15,15": 0.0,
        "15,16": 93.58703894577675,
        "15,17": 28.083125703431396,
        "15,18": 46.34139741363898,
        "15,19": 20.980262916756995,
        "15,20": 66.90344156076685,
        "15,21": 31.649722405266527,
        "15,22": 26.794961675935017,
        "15,23": 92.5105406004271,
        "15,24": 28.85886460789039,
        "15,25": 63.23273138873641,
        "15,26": 24.603724361402385,
        "15,27": 24.618306244546766,
        "15,28": 87.87469297678453,
        "15,29": 69.02862499628435,
        "15,30": 14.0636963277553,
        "16,0": 57.45747801800727,
        "16,1": 81.7034855886425,
        "16,2": 44.231856483226395,
        "16,3": 36.45387567268877,
        "16,4": 81.90484650470852,
        "16,5": 26.416963046385337,
        "16,6": 59.42271931368662,
        "16,7": 93.61861097860074,
        "16,8": 72.85242755712437,
        "16,9": 102.08356346712787,
        "16,10": 43.04033210663047,
        "16,11": 88.41480692204519,
        "16,12": 97.57172619996349,
        "16,13": 21.606474398452306,
        "16,14": 63.42819399366346,
        "16,15": 93.58703894577675,
        "16,16": 0.0,
        "16,17": 65.56982872590042,
        "16,18": 58.5123409958937,
        "16,19": 113.81009563414726,
        "16,20": 80.69529731397137,
        "16,21": 66.38046052000087,
        "16,22": 73.93087116526904,
        "16,23": 12.301104157216562,
        "16,24": 99.70930557711795,
        "16,25": 45.679613590130664,
        "16,26": 99.90301512569587,
        "16,27": 92.98618351013172,
        "16,28": 6.069172823824287,
        "16,29": 65.45118524924948,
        "16,30": 107.41125270731185,
        "17,0": 8.15216426812573,
        "17,1": 20.717651315097413,
        "17,2": 30.341779413493043,
        "17,3": 35.56732814460931,
        "17,4": 58.33609796838059,
        "17,5": 63.18674660432097,
        "17,6": 41.98580309915224,
        "17,7": 34.867425683971994,
        "17,8": 27.625770347230077,
        "17,9": 42.01329744025628,
        "17,10": 44.96071747087283,
        "17,11": 54.930320333725845,
        "17,12": 32.77542725425315,
        "17,13": 58.3038885475464,
        "17,14": 10.632447365704753,
        "17,15": 28.083125703431396,
        "17,16": 65.56982872590042,
        "17,17": 0.0,
        "17,18": 27.750026246141,
        "17,19": 48.307892106543946,
        "17,20": 55.398454732439426,
        "17,21": 11.951378602252623,
        "17,22": 18.89118594141765,
        "17,23": 64.53901502429107,
        "17,24": 40.420570474184295,
        "17,25": 40.969352210507196,
        "17,26": 40.70937517553527,
        "17,27": 33.185789101465446,
        "17,28": 59.81645540824243,
        "17,29": 51.286162712206576,
        "17,30": 42.05399020022449,
        "18,0": 24.402761604166912,
        "18,1": 29.26726595476405,
        "18,2": 43.87800815234415,
        "18,3": 22.070550519239617,
        "18,4": 33.46242357653742,
        "18,5": 67.53218698616925,
        "18,6": 62.40274377913971,
        "18,7": 37.327842335043094,
        "18,8": 14.688938508473028,
        "18,9": 68.13324978773419,
        "18,10": 22.006424323477646,
        "18,11": 81.21377531891991,
        "18,12": 47.02044151618508,
        "18,13": 42.99313076734933,
        "18,14": 36.248810382959796,
        "18,15": 46.34139741363898,
        "18,16": 58.5123409958937,
        "18,17": 27.750026246141,
        "18,18": 0.0,
        "18,19": 66.93200980850109,
        "18,20": 79.98871587626913,
        "18,21": 38.69721135793589,
        "18,22": 19.952095730668905,
        "18,23": 62.79734380468142,
        "18,24": 66.93450272169635,
        "18,25": 17.476777389716258,
        "18,26": 43.28064453037659,
        "18,27": 59.890613038838104,
        "18,28": 54.21037197861474,
        "18,29": 72.30436581206833,
        "18,30": 57.60147063615523,
        "19,0": 56.45824384038689,
        "19,1": 37.80652332085884,
        "19,2": 74.4041518373688,
        "19,3": 82.53410502414471,
        "19,4": 82.80553308470036,
        "19,5": 108.33884241979216,
        "19,6": 75.53617125118733,
        "19,7": 36.42069330386732,
        "19,8": 55.69924730915077,
        "19,9": 26.90337947052049,
        "19,10": 88.52478884683488,
        "19,11": 67.92862323724572,
        "19,12": 20.45501643983046,
        "19,13": 105.71418617374412,
        "19,14": 51.61489167329745,
        "19,15": 20.980262916756995,
        "19,16": 113.81009563414726,
        "19,17": 48.307892106543946,
        "19,18": 66.93200980850109,
        "19,19": 0.0,
        "19,20": 75.24559565064442,
        "19,21": 49.218046214255736,
        "19,22": 47.07215584979313,
        "19,23": 111.92557642990992,
        "19,24": 29.038473226740045,
        "19,25": 84.03687022428598,
        "19,26": 34.83681937842924,
        "19,27": 30.01126333155284,
        "19,28": 107.98917299501753,
        "19,29": 81.18521664351456,
        "19,30": 10.906657779259406,
        "20,0": 55.78774591606973,
        "20,1": 72.6782035760663,
        "20,2": 41.88892759712685,
        "20,3": 74.50437952239952,
        "20,4": 112.85831157910671,
        "20,5": 59.35824698805177,
        "20,6": 21.845788614260748,
        "20,7": 85.4841506748728,
        "20,8": 83.0006806763721,
        "20,9": 49.379435541772835,
        "20,10": 88.72812601132955,
        "20,11": 10.35069712910252,
        "20,12": 74.19869606184506,
        "20,13": 88.48824904482471,
        "20,14": 44.943886391216054,
        "20,15": 66.90344156076685,
        "20,16": 80.69529731397137,
        "20,17": 55.398454732439426,
        "20,18": 79.98871587626913,
        "20,19": 75.24559565064442,
        "20,20": 0.0,
        "20,21": 43.51617267041722,
        "20,22": 73.96556998990278,
        "20,23": 71.23193705007735,
        "20,24": 46.823832723490185,
        "20,25": 86.41702524950249,
        "20,26": 89.83641729527596,
        "20,27": 45.40188112840071,
        "20,28": 75.25189883835144,
        "20,29": 15.745779292183823,
        "20,30": 77.3103120793288,
        "21,0": 14.928254350706741,
        "21,1": 30.42214332269615,
        "21,2": 25.200173354263296,
        "21,3": 41.7869333513328,
        "21,4": 70.17120000785447,
        "21,5": 59.157221549828016,
        "21,6": 31.687072645578283,
        "21,7": 44.25331158294451,
        "21,8": 39.56879344762473,
        "21,9": 36.21481451597146,
        "21,10": 53.353812473580106,
        "21,11": 43.0440757214674,
        "21,12": 37.953996570379964,
        "21,13": 62.96249364634961,
        "21,14": 3.2073133642015064,
        "21,15": 31.649722405266527,
        "21,16": 66.38046052000087,
        "21,17": 11.951378602252623,
        "21,18": 38.69721135793589,
        "21,19": 49.218046214255736,
        "21,20": 43.51617267041722,
        "21,21": 0.0,
        "21,22": 30.491689823738394,
        "21,23": 63.119911473033184,
        "21,24": 34.07947850568625,
        "21,25": 49.80108539874532,
        "21,26": 49.559808059461375,
        "21,27": 27.007218374752554,
        "21,28": 60.36587042080183,
        "21,29": 40.439143553111954,
        "21,30": 45.42364717151068,
        "22,0": 22.28562244156395,
        "22,1": 9.316576149213002,
        "22,2": 46.95276095588182,
        "22,3": 38.584410845347,
        "22,4": 42.2862945179765,
        "22,5": 77.24715454230689,
        "22,6": 60.74048752809638,
        "22,7": 19.766776154330653,
        "22,8": 10.620173454854944,
        "22,9": 51.28630699746727,
        "22,10": 41.851442672532755,
        "22,11": 72.69006173210033,
        "22,12": 27.068490642731554,
        "22,13": 61.328731506429214,
        "22,14": 29.515166000344912,
        "22,15": 26.794961675935017,
        "22,16": 73.93087116526904,
        "22,17": 18.89118594141765,
        "22,18": 19.952095730668905,
        "22,19": 47.07215584979313,
        "22,20": 73.96556998990278,
        "22,21": 30.491689823738394,
        "22,22": 0.0,
        "22,23": 75.7436973311843,
        "22,24": 50.573406027943975,
        "22,25": 37.32226398107093,
        "22,26": 26.07701510495955,
        "22,27": 44.06847974455285,
        "22,28": 68.83961557191347,
        "22,29": 70.14211353400646,
        "22,30": 37.651014959814795,
        "23,0": 56.75226108889023,
        "23,1": 82.62344642158862,
        "23,2": 38.86342125179228,
        "23,3": 41.18303195096849,
        "23,4": 89.48664448451227,
        "23,5": 14.270685787710894,
        "23,6": 50.77509268283796,
        "23,7": 95.4802773423622,
        "23,8": 76.37165757309297,
        "23,9": 97.56813456442671,
        "23,10": 50.763792232848175,
        "23,11": 79.62146633045609,
        "23,12": 97.24896000438314,
        "23,13": 32.11011073786279,
        "23,14": 60.45432875185782,
        "23,15": 92.5105406004271,
        "23,16": 12.301104157216562,
        "23,17": 64.53901502429107,
        "23,18": 62.79734380468142,
        "23,19": 111.92557642990992,
        "23,20": 71.23193705007735,
        "23,21": 63.119911473033184,
        "23,22": 75.7436973311843,
        "23,23": 0.0,
        "23,24": 95.04941477004702,
        "23,25": 52.589987469962985,
        "23,26": 101.78759122132742,
        "23,27": 88.70889965705199,
        "23,28": 10.876607152144771,
        "23,29": 55.64037568357215,
        "23,30": 106.54737287987588,
        "24,0": 47.29044522268084,
        "24,1": 43.81535954700489,
        "24,2": 56.19431333862029,
        "24,3": 75.24162544346147,
        "24,4": 92.51884891694056,
        "24,5": 88.48457672525223,
        "24,6": 51.03408918541726,
        "24,7": 51.30595867227078,
        "24,8": 61.1611648184151,
        "24,9": 2.7498904507119226,
        "24,10": 85.38122447656592,
        "24,11": 38.98062351371758,
        "24,12": 35.08841700425994,
        "24,13": 96.98293065813817,
        "24,14": 37.260697420976626,
        "24,15": 28.85886460789039,
        "24,16": 99.70930557711795,
        "24,17": 40.420570474184295,
        "24,18": 66.93450272169635,
        "24,19": 29.038473226740045,
        "24,20": 46.823832723490185,
        "24,21": 34.07947850568625,
        "24,22": 50.573406027943975,
        "24,23": 95.04941477004702,
        "24,24": 0.0,
        "24,25": 81.3668685329744,
        "24,26": 53.199117764949676,
        "24,27": 7.257967713724806,
        "24,28": 93.64542960469977,
        "24,29": 54.805406778164134,
        "24,30": 33.740442793515825,
        "25,0": 34.93800295730632,
        "25,1": 46.6075133828493,
        "25,2": 45.8577420992149,
        "25,3": 13.609508874903433,
        "25,4": 36.92918956987744,
        "25,5": 60.52126965358959,
        "25,6": 66.35121812602715,
        "25,7": 54.576845346136594,
        "25,8": 31.547542329964838,
        "25,9": 82.87475140202567,
        "25,10": 4.532523889055475,
        "25,11": 89.54482994762496,
        "25,12": 64.35697407329509,
        "25,13": 27.126430857308463,
        "25,14": 46.82076850390569,
        "25,15": 63.23273138873641,
        "25,16": 45.679613590130664,
        "25,17": 40.969352210507196,
        "25,18": 17.476777389716258,
        "25,19": 84.03687022428598,
        "25,20": 86.41702524950249,
        "25,21": 49.80108539874532,
        "25,22": 37.32226398107093,
        "25,23": 52.589987469962985,
        "25,24": 81.3668685329744,
        "25,25": 0.0,
        "25,26": 60.37572779593132,
        "25,27": 74.1458843384626,
        "25,28": 42.57482046302843,
        "25,29": 75.99602364481372,
        "25,30": 74.94515082326637,
        "26,0": 46.70714266722364,
        "26,1": 20.05513785155499,
        "26,2": 70.94977441434024,
        "26,3": 64.08899839406197,
        "26,4": 49.302258280936755,
        "26,5": 102.7439642091476,
        "26,6": 81.23783853303257,
        "26,7": 6.310778318085982,
        "26,8": 28.82848670593769,
        "26,9": 52.53392920314552,
        "26,10": 64.80950315069639,
        "26,11": 85.8626106694062,
        "26,12": 18.150445725897075,
        "26,13": 86.18722819945759,
        "26,14": 49.98759572428638,
        "26,15": 24.603724361402385,
        "26,16": 99.90301512569587,
        "26,17": 40.70937517553527,
        "26,18": 43.28064453037659,
        "26,19": 34.83681937842924,
        "26,20": 89.83641729527596,
        "26,21": 49.559808059461375,
        "26,22": 26.07701510495955,
        "26,23": 101.78759122132742,
        "26,24": 53.199117764949676,
        "26,25": 60.37572779593132,
        "26,26": 0.0,
        "26,27": 49.21900731008618,
        "26,28": 94.88480593221668,
        "26,29": 89.71356323960804,
        "26,30": 24.026381643213114,
        "27,0": 40.035837506032465,
        "27,1": 37.87610584760916,
        "27,2": 49.8630734772347,
        "27,3": 67.99767472567775,
        "27,4": 86.23833060823293,
        "27,5": 82.71970600949757,
        "27,6": 46.59326592817843,
        "27,7": 46.63906673064099,
        "27,8": 54.6873047608149,
        "27,9": 9.208648867276018,
        "27,10": 78.1433200994531,
        "27,11": 38.81888928953386,
        "27,12": 31.49201128730454,
        "27,13": 89.81769970293627,
        "27,14": 30.1643596278617,
        "27,15": 24.618306244546766,
        "27,16": 92.98618351013172,
        "27,17": 33.185789101465446,
        "27,18": 59.890613038838104,
        "27,19": 30.01126333155284,
        "27,20": 45.40188112840071,
        "27,21": 27.007218374752554,
        "27,22": 44.06847974455285,
        "27,23": 88.70889965705199,
        "27,24": 7.257967713724806,
        "27,25": 74.1458843384626,
        "27,26": 49.21900731008618,
        "27,27": 0.0,
        "27,28": 86.93241103946139,
        "27,29": 51.43460597852518,
        "27,30": 32.315607842063535,
        "28,0": 51.73599779298886,
        "28,1": 76.39194689975868,
        "28,2": 38.19394953679223,
        "28,3": 32.18614936541705,
        "28,4": 79.29778082678057,
        "28,5": 23.511569960554297,
        "28,6": 53.807518215921455,
        "28,7": 88.58368622402618,
        "28,8": 68.30966778746347,
        "28,9": 96.02388072380397,
        "28,10": 40.414736915835086,
        "28,11": 82.76122224152691,
        "28,12": 92.00566893072988,
        "28,13": 21.283616193318952,
        "28,14": 57.43162314987971,
        "28,15": 87.87469297678453,
        "28,16": 6.069172823824287,
        "28,17": 59.81645540824243,
        "28,18": 54.21037197861474,
        "28,19": 107.98917299501753,
        "28,20": 75.25189883835144,
        "28,21": 60.36587042080183,
        "28,22": 68.83961557191347,
        "28,23": 10.876607152144771,
        "28,24": 93.64542960469977,
        "28,25": 42.57482046302843,
        "28,26": 94.88480593221668,
        "28,27": 86.93241103946139,
        "28,28": 0.0,
        "28,29": 60.18098934161849,
        "28,30": 101.75193175925688,
        "29,0": 49.398594276861346,
        "29,1": 70.86101898110199,
        "29,2": 30.163114970112762,
        "29,3": 63.21952413509503,
        "29,4": 105.7452556011406,
        "29,5": 43.61250521459444,
        "29,6": 9.90333094526752,
        "29,7": 84.6121512587873,
        "29,8": 77.89744911460964,
        "29,9": 57.53642860443417,
        "29,10": 77.73700564135754,
        "29,11": 25.180698956847277,
        "29,12": 76.11760176360369,
        "29,13": 74.76064319366839,
        "29,14": 40.7522259313926,
        "29,15": 69.02862499628435,
        "29,16": 65.45118524924948,
        "29,17": 51.286162712206576,
        "29,18": 72.30436581206833,
        "29,19": 81.18521664351456,
        "29,20": 15.745779292183823,
        "29,21": 40.439143553111954,
        "29,22": 70.14211353400646,
        "29,23": 55.64037568357215,
        "29,24": 54.805406778164134,
        "29,25": 75.99602364481372,
        "29,26": 89.71356323960804,
        "29,27": 51.43460597852518,
        "29,28": 60.18098934161849,
        "29,29": 0.0,
        "29,30": 81.18622097019146,
        "30,0": 50.03924364632014,
        "30,1": 28.342865349470607,
        "30,2": 70.374141657773,
        "30,3": 74.6097444145109,
        "30,4": 71.96438144311858,
        "30,5": 104.23297067805268,
        "30,6": 74.45942538121658,
        "30,7": 25.54340584900588,
        "30,8": 45.58625772626889,
        "30,9": 32.25891761267245,
        "30,10": 79.46773764743219,
        "30,11": 71.13187548605467,
        "30,12": 10.588177912686978,
        "30,13": 97.79153640793147,
        "30,14": 47.32376509610523,
        "30,15": 14.0636963277553,
        "30,16": 107.41125270731185,
        "30,17": 42.05399020022449,
        "30,18": 57.60147063615523,
        "30,19": 10.906657779259406,
        "30,20": 77.3103120793288,
        "30,21": 45.42364717151068,
        "30,22": 37.651014959814795,
        "30,23": 106.54737287987588,
        "30,24": 33.740442793515825,
        "30,25": 74.94515082326637,
        "30,26": 24.026381643213114,
        "30,27": 32.315607842063535,
        "30,28": 101.75193175925688,
        "30,29": 81.18622097019146,
        "30,30": 0.0
    }
}