{
    "num_robots": 4,
    "num_tasks": 60,
    "num_nodes": 61,
    "robot_capacity": [
        191,
        204,
        172,
        186
    ],
    "robot_speed": [
        0.87,
        1.0,
        0.81,
        0.88
    ],
    "task_demand": {
        "0": 0,
        "1": 8,
        "2": 5,
        "3": 10,
        "4": 14,
        "5": 5,
        "6": 15,
        "7": 8,
        "8": 14,
        "9": 5,
        "10": 5,
        "11": 5,
        "12": 8,
        "13": 13,
        "14": 7,
        "15": 12,
        "16": 15,
        "17": 13,
        "18": 13,
        "19": 12,
        "20": 10,
        "21": 12,
        "22": 10,
        "23": 5,
        "24": 12,
        "25": 6,
        "26": 8,
        "27": 9,
        "28": 9,
        "29": 11,
        "30": 5,
        "31": 8,
        "32": 10,
        "33": 6,
        "34": 11,
        "35": 13,
        "36": 14,
        "37": 12,
        "38": 5,
        "39": 5,
        "40": 13,
        "41": 6,
        "42": 8,
        "43": 8,
        "44": 6,
        "45": 8,
        "46": 14,
        "47": 14,
        "48": 6,
        "49": 7,
        "50": 6,
        "51": 13,
        "52": 9,
        "53": 14,
        "54": 15,
        "55": 10,
        "56": 9,
        "57": 11,
        "58": 6,
        "59": 10,
        "60": 9
    },
    "task_service_time": {
        "0": 0,
        "1": 50,
        "2": 61,
        "3": 71,
        "4": 87,
        "5": 70,
        "6": 92,
        "7": 43,
        "8": 43,
        "9": 91,
        "10": 34,
        "11": 80,
        "12": 29,
        "13": 82,
        "14": 11,
        "15": 68,
        "16": 96,
        "17": 79,
        "18": 33,
        "19": 14,
        "20": 30,
        "21": 10,
        "22": 78,
        "23": 45,
        "24": 14,
        "25": 26,
        "26": 16,
        "27": 73,
        "28": 92,
        "29": 51,
        "30": 85,
        "31": 70,
        "32": 64,
        "33": 67,
        "34": 74,
        "35": 74,
        "36": 96,
        "37": 86,
        "38": 30,
        "39": 23,
        "40": 23,
        "41": 31,
        "42": 20,
        "43": 70,
        "44": 28,
        "45": 96,
        "46": 44,
        "47": 18,
        "48": 30,
        "49": 95,
        "50": 18,
        "51": 34,
        "52": 82,
        "53": 68,
        "54": 69,
        "55": 30,
        "56": 96,
        "57": 65,
        "58": 21,
        "59": 80,
        "60": 70
    },
    "task_precedence": [],
    "coordinates": {
        "0": [
            0,
            100
        ],
        "1": [
            83.40109185200045,
            27.009300689357218
        ],
        "2": [
            23.2709437203523,
            93.56869650037515
        ],
        "3": [
            81.37737200786943,
            88.6952676774604
        ],
        "4": [
            75.78723740101032,
            12.123738848130738
        ],
        "5": [
            2.2063137828277513,
            97.11861098283188
        ],
        "6": [
            12.82238385502935,
            78.3055596998121
        ],
        "7": [
            41.20905034811007,
            37.55591083568094
        ],
        "8": [
            56.29018296074566,
            67.09474876441244
        ],
        "9": [
            81.91664201106134,
            4.263980878492979
        ],
        "10": [
            50.618159346140125,
            26.82038812703774
        ],
        "11": [
            43.55951223993168,
            53.04432297774723
        ],
        "12": [
            51.27018132250591,
            89.38614260080945
        ],
        "13": [
            78.13471886989663,
            40.07780818554777
        ],
        "14": [
            5.818423283222884,
            65.90028726670127
        ],
        "15": [
            18.722763766448214,
            79.47910176597014
        ],
        "16": [
            51.04662927275751,
            50.313456520945124
        ],
        "17": [
            74.61821665297282,
            71.9020301947213
        ],
        "18": [
            67.67823998113518,
            48.48254453576153
        ],
        "19": [
            25.192427232001325,
            70.03456979161498
        ],
        "20": [
            73.24132270595479,
            71.72706831930884
        ],
        "21": [
            17.139157566936948,
            37.3496514001701
        ],
        "22": [
            97.29630493473704,
            5.5201468292252365
        ],
        "23": [
            71.7290673774939,
            55.02382043959493
        ],
        "24": [
            71.26183488862992,
            61.19496812921874
        ],
        "25": [
            11.124671543898613,
            30.275723931120325
        ],
        "26": [
            84.46357845499232,
            35.6323202325804
        ],
        "27": [
            46.74034993925162,
            33.65676114616337
        ],
        "28": [
            79.15781017308431,
            55.447958371336604
        ],
        "29": [
            31.758795345455905,
            31.901609002819285
        ],
        "30": [
            71.12118089337265,
            92.61721319916141
        ],
        "31": [
            20.935051823662597,
            85.90421195702447
        ],
        "32": [
            73.05028104456106,
            93.74960154660252
        ],
        "33": [
            30.092532186928278,
            86.94291224160648
        ],
        "34": [
            72.60683907682399,
            43.85677639966203
        ],
        "35": [
            42.963812298288026,
            19.567907008988307
        ],
        "36": [
            70.39399133031979,
            55.60490280314772
        ],
        "37": [
            79.21566678512454,
            37.89306375288232
        ],
        "38": [
            50.284461667452874,
            57.31297185711441
        ],
        "39": [
            31.287801602027955,
            97.27498055872721
        ],
        "40": [
            86.92001018970544,
            80.04996798388002
        ],
        "41": [
            56.947320443156876,
            9.932774716751814
        ],
        "42": [
            40.88564114992642,
            52.02029595313138
        ],
        "43": [
            22.21958483343184,
            8.53772565240124
        ],
        "44": [
            3.8557533855066106,
            33.719441772032056
        ],
        "45": [
            7.581431459381993,
            60.52137922735299
        ],
        "46": [
            40.759173832966134,
            27.64974750495207
        ],
        "47": [
            76.85592053974531,
            62.789165350053096
        ],
        "48": [
            4.385725141493602,
            31.29097967415475
        ],
        "49": [
            94.38043645660757,
            57.20278904118376
        ],
        "50": [
            8.22495163517808,
            70.69862565490759
        ],
        "51": [
            28.114245329200916,
            6.13545721417712
        ],
        "52": [
            10.707796525584545,
            76.27404912590906
        ],
        "53": [
            56.296154582516714,
            52.33546401257646
        ],
        "54": [
            41.0976965414515,
            80.67570792237052
        ],
        "55": [
            82.68595736647286,
            65.08049972396911
        ],
        "56": [
            64.98783636582083,
            80.88677225101404
        ],
        "57": [
            40.24201039381613,
            69.82489623765403
        ],
        "58": [
            47.54663858578477,
            43.788664052633344
        ],
        "59": [
            8.339138911854294,
            59.924997991006755
        ],
        "60": [
            23.133773336538134,
            91.22116689382541
        ]
    },
    "distance_matrix_str_keys": {
        "0,0": 0.0,
        "0,1": 110.83043042397014,
        "0,2": 24.14329071067345,
        "0,3": 82.15883183073772,
        "0,4": 116.04284823679838,
        "0,5": 3.629080210818267,
        "0,6": 25.200441814859804,
        "0,7": 74.81610857398626,
        "0,8": 65.20230254087164,
        "0,9": 125.99889521579917,
        "0,10": 88.98007445191665,
        "0,11": 64.04893996936151,
        "0,12": 52.35728661545579,
        "0,13": 98.4667627411696,
        "0,14": 34.59254916880578,
        "0,15": 27.778573530432332,
        "0,16": 71.23560179437213,
        "0,17": 79.7331434451718,
        "0,18": 85.05523137617061,
        "0,19": 39.14824896995107,
        "0,20": 78.50891680273546,
        "0,21": 64.95242029196834,
        "0,22": 135.62084503911814,
        "0,23": 84.66354489799525,
        "0,24": 81.14234166073038,
        "0,25": 70.60618238007898,
        "0,26": 106.1946057201764,
        "0,27": 81.15470198368618,
        "0,28": 90.83415285386994,
        "0,29": 75.13994901648161,
        "0,30": 71.5033419681519,
        "0,31": 25.238217754269623,
        "0,32": 73.31719471935347,
        "0,33": 32.80317109902188,
        "0,34": 91.78134144239428,
        "0,35": 91.18777741625946,
        "0,36": 83.22402700260965,
        "0,37": 100.65979035451754,
        "0,38": 65.95990795064108,
        "0,39": 31.406245557901023,
        "0,40": 89.18010960310998,
        "0,41": 106.5603227091537,
        "0,42": 63.03719261408821,
        "0,43": 94.12256678929606,
        "0,44": 66.39261429692986,
        "0,45": 40.199995038355205,
        "0,46": 83.0413709402918,
        "0,47": 85.39015597454623,
        "0,48": 68.84884936695852,
        "0,49": 103.63043979252987,
        "0,50": 30.433868763472354,
        "0,51": 97.98450480980178,
        "0,52": 26.03032176737539,
        "0,53": 73.76425293917788,
        "0,54": 45.41419299420356,
        "0,55": 89.75711139033993,
        "0,56": 67.7401974494857,
        "0,57": 50.29867083337642,
        "0,58": 73.62334636373812,
        "0,59": 40.93344627333514,
        "0,60": 24.74347145192828,
        "1,0": 110.83043042397014,
        "1,1": 0.0,
        "1,2": 89.6983159544353,
        "1,3": 61.71915395778594,
        "1,4": 16.71977066020465,
        "1,5": 107.27491494067436,
        "1,6": 87.25055994656645,
        "1,7": 43.49022133588822,
        "1,8": 48.392608198854774,
        "1,9": 22.793708882688602,
        "1,10": 32.78347680829469,
        "1,11": 47.59384258012562,
        "1,12": 70.16598761722582,
        "1,13": 14.089732877688691,
        "1,14": 86.78467202917771,
        "1,15": 83.28484945631868,
        "1,16": 39.87348652694626,
        "1,17": 45.7438089713076,
        "1,18": 26.614061550998038,
        "1,19": 72.38385467882486,
        "1,20": 45.85738382100848,
        "1,21": 67.063900781424,
        "1,22": 25.590245802631113,
        "1,23": 30.348796881753625,
        "1,24": 36.27700949543041,
        "1,25": 72.35019318113619,
        "1,26": 8.688230189419828,
        "1,27": 37.2585389960205,
        "1,28": 28.75348135721013,
        "1,29": 51.873514138757095,
        "1,30": 66.74724261754899,
        "1,31": 85.85229600918257,
        "1,32": 67.5381895144297,
        "1,33": 80.21122320012621,
        "1,34": 20.008831319787657,
        "1,35": 41.11627314836941,
        "1,36": 31.414855152162094,
        "1,37": 11.66079248650736,
        "1,38": 44.88901514873818,
        "1,39": 87.48177403426764,
        "1,40": 53.15726830185782,
        "1,41": 31.486660049049604,
        "1,42": 49.326599644461815,
        "1,43": 63.90912208291595,
        "1,44": 79.82785770079555,
        "1,45": 82.89559885777285,
        "1,46": 42.646727242141914,
        "1,47": 36.37358908115174,
        "1,48": 79.13128933187383,
        "1,49": 32.12775664123782,
        "1,50": 86.9494633327015,
        "1,51": 59.096131344292836,
        "1,52": 87.81418236213474,
        "1,53": 37.09571637072162,
        "1,54": 68.33491435642689,
        "1,55": 38.077915033066404,
        "1,56": 56.93706981814627,
        "1,57": 60.79376229901817,
        "1,58": 39.586473117671105,
        "1,59": 81.96181981900192,
        "1,60": 88.06425746297252,
        "2,0": 24.14329071067345,
        "2,1": 89.6983159544353,
        "2,2": 0.0,
        "2,3": 58.31043917536882,
        "2,4": 96.90842186791099,
        "2,5": 21.361660217258663,
        "2,6": 18.49691185717064,
        "2,7": 58.81503062404865,
        "2,8": 42.321862774939596,
        "2,9": 106.83936615456926,
        "2,10": 72.13325774693307,
        "2,11": 45.31943139509955,
        "2,12": 28.3099110458621,
        "2,13": 76.62446708701533,
        "2,14": 32.71286198317827,
        "2,15": 14.805492922320026,
        "2,16": 51.40529635732269,
        "2,17": 55.73138134316769,
        "2,18": 63.283244703232256,
        "2,19": 23.612437799378483,
        "2,20": 54.53526838262275,
        "2,21": 56.55245205479693,
        "2,22": 115.0317399768998,
        "2,23": 61.91847235608882,
        "2,24": 57.88941115415568,
        "2,25": 64.44790380172917,
        "2,26": 84.26839407993108,
        "2,27": 64.34479797275738,
        "2,28": 67.65007403845348,
        "2,29": 62.24848034804533,
        "2,30": 47.85969617524528,
        "2,31": 8.012534821658008,
        "2,32": 49.779666040192694,
        "2,33": 9.509736392301795,
        "2,34": 70.03788668088444,
        "2,35": 76.57627516519982,
        "2,36": 60.513066753693025,
        "2,37": 78.92773986772809,
        "2,38": 45.212915425642144,
        "2,39": 8.832131782088606,
        "2,40": 65.0688841392169,
        "2,41": 90.16133185447416,
        "2,42": 45.128119322321105,
        "2,43": 85.03747032254721,
        "2,44": 62.91965437982304,
        "2,45": 36.58259113199784,
        "2,46": 68.1993110605446,
        "2,47": 61.79586781143649,
        "2,48": 65.07814912747723,
        "2,49": 79.86888745023317,
        "2,50": 27.37557338767228,
        "2,51": 87.56728214665475,
        "2,52": 21.37609635187229,
        "2,53": 52.82843944205886,
        "2,54": 22.000506144566906,
        "2,55": 65.89173849687019,
        "2,56": 43.6019533353734,
        "2,57": 29.185358571570614,
        "2,58": 55.38376108299085,
        "2,59": 36.808385515101875,
        "2,60": 2.351533747966061,
        "3,0": 82.15883183073772,
        "3,1": 61.71915395778594,
        "3,2": 58.31043917536882,
        "3,3": 0.0,
        "3,4": 76.77531264790568,
        "3,5": 79.6178948033235,
        "3,6": 69.33781387163035,
        "3,7": 65.02866970154585,
        "3,8": 33.10512757261432,
        "3,9": 84.4330089637094,
        "3,10": 69.09869668053659,
        "3,11": 51.9728811536306,
        "3,12": 30.115116455437327,
        "3,13": 48.7254775945908,
        "3,14": 78.92253077734303,
        "3,15": 63.32880583110724,
        "3,16": 48.91949900109306,
        "3,17": 18.102458569578346,
        "3,18": 42.48210588891303,
        "3,19": 59.20278426775335,
        "3,20": 18.817945894840925,
        "3,21": 82.23697772567985,
        "3,22": 84.684787026057,
        "3,23": 35.02650626786639,
        "3,24": 29.30171610083157,
        "3,25": 91.36894994477579,
        "3,26": 53.15262046007101,
        "3,27": 65.03045824056248,
        "3,28": 33.32131496258064,
        "3,29": 75.41566691116272,
        "3,30": 10.980487823966348,
        "3,31": 60.50672740517995,
        "3,32": 9.740982228295515,
        "3,33": 51.314769268049496,
        "3,34": 45.68821016371458,
        "3,35": 79.08345947510513,
        "3,36": 34.8655546151659,
        "3,37": 50.84817492363377,
        "3,38": 44.177115845117,
        "3,39": 50.81905682484402,
        "3,40": 10.269471495971311,
        "3,41": 82.46428146076447,
        "3,42": 54.63180226619314,
        "3,43": 99.62366850741432,
        "3,44": 95.03653396360284,
        "3,45": 78.99119464747312,
        "3,46": 73.32389485091362,
        "3,47": 26.297712090155283,
        "3,48": 96.03627423199619,
        "3,49": 34.07133539669935,
        "3,50": 75.33362947894427,
        "3,51": 98.25010415933994,
        "3,52": 71.7528784729349,
        "3,53": 44.17128920562228,
        "3,54": 41.070251939151866,
        "3,55": 23.65099704321131,
        "3,56": 18.154599400339713,
        "3,57": 45.257141904844026,
        "3,58": 56.223852349278644,
        "3,59": 78.50039434053254,
        "3,60": 58.298344342170964,
        "4,0": 116.04284823679838,
        "4,1": 16.71977066020465,
        "4,2": 96.90842186791099,
        "4,3": 76.77531264790568,
        "4,4": 0.0,
        "4,5": 112.42010767517976,
        "4,6": 91.34881604766903,
        "4,7": 42.9237276092104,
        "4,8": 58.32621248686207,
        "4,9": 9.967216071451398,
        "4,10": 29.145737083823185,
        "4,11": 52.08762304585459,
        "4,12": 81.05902215298721,
        "4,13": 28.0524626685053,
        "4,14": 88.24710821814135,
        "4,15": 88.27853116688955,
        "4,16": 45.50332104896345,
        "4,17": 59.789720904409705,
        "4,18": 37.25209511136837,
        "4,19": 76.89927929833196,
        "4,20": 59.65767817879193,
        "4,21": 63.843119694349056,
        "4,22": 22.499942527094806,
        "4,23": 43.09159714485008,
        "4,24": 49.27945627800867,
        "4,25": 67.16205763433983,
        "4,26": 25.058577230048527,
        "4,27": 36.15788600711669,
        "4,28": 43.45513500274483,
        "4,29": 48.26663296414027,
        "4,30": 80.62860222298598,
        "4,31": 91.93650240673715,
        "4,32": 81.67173557214805,
        "4,33": 87.66934921558871,
        "4,34": 31.89201476463007,
        "4,35": 33.6569885028525,
        "4,36": 43.81436661715067,
        "4,37": 25.99638886631195,
        "4,38": 51.88890392035995,
        "4,39": 96.07774847114277,
        "4,40": 68.83248676727455,
        "4,41": 18.966886797885483,
        "4,42": 53.00808136224372,
        "4,43": 53.68754876357034,
        "4,44": 75.10334731188793,
        "4,45": 83.63231168886573,
        "4,46": 38.314777594795395,
        "4,47": 50.67669608678838,
        "4,48": 73.9294195420789,
        "4,49": 48.762975887745576,
        "4,50": 89.41856531129704,
        "4,51": 48.04761898373684,
        "4,52": 91.38159515675609,
        "4,53": 44.686520899912246,
        "4,54": 76.82926987159598,
        "4,55": 53.404221365193564,
        "4,56": 69.60590366833043,
        "4,57": 67.77083979916071,
        "4,58": 42.42875097913281,
        "4,59": 82.66925889015384,
        "4,60": 95.01994738702243,
        "5,0": 3.629080210818267,
        "5,1": 107.27491494067436,
        "5,2": 21.361660217258663,
        "5,3": 79.6178948033235,
        "5,4": 112.42010767517976,
        "5,5": 0.0,
        "5,6": 21.601662953472516,
        "5,7": 71.19640937856505,
        "5,8": 61.858687407386626,
        "5,9": 122.3753192358097,
        "5,10": 85.3554153380376,
        "5,11": 60.43699103850035,
        "5,12": 49.669449012748885,
        "5,13": 94.96723583860216,
        "5,14": 31.426598140555523,
        "5,15": 24.164962351991914,
        "5,16": 67.64686911718051,
        "5,17": 76.67698236054045,
        "5,18": 81.5600397226513,
        "5,19": 35.52332612166,
        "5,20": 75.43674788551166,
        "5,21": 61.606155155751004,
        "5,22": 132.0317577424831,
        "5,23": 81.27351757038487,
        "5,24": 77.84069058704348,
        "5,25": 67.43521820653004,
        "5,26": 102.69771926177812,
        "5,27": 77.52861898082239,
        "5,28": 87.50986279138819,
        "5,29": 71.60032481609595,
        "5,30": 69.06172232771853,
        "5,31": 21.8295298646637,
        "5,32": 70.92402922820264,
        "5,33": 29.684777609969913,
        "5,34": 88.27829282918623,
        "5,35": 87.60870602900414,
        "5,36": 79.83074179881285,
        "5,37": 97.14991453686073,
        "5,38": 62.41792378974755,
        "5,39": 29.08190821150764,
        "5,40": 86.41613814989832,
        "5,41": 102.94633483326116,
        "5,42": 59.41336873203958,
        "5,43": 90.81356872223363,
        "5,44": 63.42062210056374,
        "5,45": 36.98985350337358,
        "5,46": 79.44964449859961,
        "5,47": 82.16492333359989,
        "5,48": 65.86369924003215,
        "5,49": 100.44571534893049,
        "5,50": 27.0968563919411,
        "5,51": 94.59997455973355,
        "5,52": 22.51157408606678,
        "5,53": 70.22279637194174,
        "5,54": 42.224503714472554,
        "5,55": 86.62224659050248,
        "5,56": 64.84591094629339,
        "5,57": 46.81518003035225,
        "5,58": 69.99877350936538,
        "5,59": 37.6958405059349,
        "5,60": 21.74254838226516,
        "6,0": 25.200441814859804,
        "6,1": 87.25055994656645,
        "6,2": 18.49691185717064,
        "6,3": 69.33781387163035,
        "6,4": 91.34881604766903,
        "6,5": 21.601662953472516,
        "6,6": 0.0,
        "6,7": 49.66222626040214,
        "6,8": 44.89021988055069,
        "6,9": 101.27275993319233,
        "6,10": 63.86895597121079,
        "6,11": 39.785690167171495,
        "6,12": 40.01265359265706,
        "6,13": 75.677355205706,
        "6,14": 14.245920392558668,
        "6,15": 6.015952466577323,
        "6,16": 47.377745599923244,
        "6,17": 62.12672646545892,
        "6,18": 62.438587306274094,
        "6,19": 14.880431687611305,
        "6,20": 60.77602093519469,
        "6,21": 41.18277503918963,
        "6,22": 111.50587280194023,
        "6,23": 63.340640560358516,
        "6,24": 60.89287134800147,
        "6,25": 48.05983095120985,
        "6,26": 83.38744587968542,
        "6,27": 56.070880460135065,
        "6,28": 70.16308661461257,
        "6,29": 50.11900159045168,
        "6,30": 60.029768965100835,
        "6,31": 11.115525075106738,
        "6,32": 62.17650704597529,
        "6,33": 19.309631854000564,
        "6,34": 68.99927359782468,
        "6,35": 66.0198269630262,
        "6,36": 61.8854571836469,
        "6,37": 77.72540026848549,
        "6,38": 42.94293909780109,
        "6,39": 26.47282720628484,
        "6,40": 74.11815694345621,
        "6,41": 81.37473659094738,
        "6,42": 38.4507672255335,
        "6,43": 70.39785546375366,
        "6,44": 45.47881236187772,
        "6,45": 18.540352129623578,
        "6,46": 57.84872983387171,
        "6,47": 65.88666264100874,
        "6,48": 47.76555186782224,
        "6,49": 84.24394858761349,
        "6,50": 8.888297282362567,
        "6,51": 73.7723845360329,
        "6,52": 2.93232242185752,
        "6,53": 50.64004947934305,
        "6,54": 28.374476384804744,
        "6,55": 71.10429744504559,
        "6,56": 52.22927429986102,
        "6,57": 28.70117719336479,
        "6,58": 48.96110652063143,
        "6,59": 18.919422135776394,
        "6,60": 16.52687696539847,
        "7,0": 74.81610857398626,
        "7,1": 43.49022133588822,
        "7,2": 58.81503062404865,
        "7,3": 65.02866970154585,
        "7,4": 42.9237276092104,
        "7,5": 71.19640937856505,
        "7,6": 49.66222626040214,
        "7,7": 0.0,
        "7,8": 33.16599926219271,
        "7,9": 52.587647021633224,
        "7,10": 14.2752506095201,
        "7,11": 15.665745490956121,
        "7,12": 52.79772041774989,
        "7,13": 37.01168683029894,
        "7,14": 45.34203523563213,
        "7,15": 47.57296524298342,
        "7,16": 16.110025791732,
        "7,17": 47.914802600150864,
        "7,18": 28.635804927481622,
        "7,19": 36.21319515893818,
        "7,20": 46.837319267631464,
        "7,21": 24.070776502886382,
        "7,22": 64.5915652584951,
        "7,23": 35.16531395287677,
        "7,24": 38.23578021128995,
        "7,25": 30.952721518480782,
        "7,26": 43.297279389788486,
        "7,27": 6.767469502570934,
        "7,28": 41.95513958112571,
        "7,29": 11.012649491938474,
        "7,30": 62.66165152403383,
        "7,31": 52.427027738461454,
        "7,32": 64.58788468419853,
        "7,33": 50.62265188526551,
        "7,34": 32.023773105433996,
        "7,35": 18.07339124710416,
        "7,36": 34.31511170281608,
        "7,37": 38.00811183260642,
        "7,38": 21.741769726034295,
        "7,39": 60.537578951158075,
        "7,40": 62.411831751314224,
        "7,41": 31.79199261810325,
        "7,42": 14.468000218944967,
        "7,43": 34.67931475482563,
        "7,44": 37.549797454217725,
        "7,45": 40.72136405591577,
        "7,46": 9.916373370035808,
        "7,47": 43.67397952839169,
        "7,48": 37.352465002070446,
        "7,49": 56.68506085310999,
        "7,50": 46.75885278204574,
        "7,51": 34.03995922829992,
        "7,52": 49.289154155933296,
        "7,53": 21.120035660209794,
        "7,54": 43.119940868089564,
        "7,55": 49.77887914848214,
        "7,56": 49.42665490877244,
        "7,57": 32.28347232169974,
        "7,58": 8.888882794465413,
        "7,59": 39.75936541231337,
        "7,60": 56.627514044245956,
        "8,0": 65.20230254087164,
        "8,1": 48.392608198854774,
        "8,2": 42.321862774939596,
        "8,3": 33.10512757261432,
        "8,4": 58.32621248686207,
        "8,5": 61.858687407386626,
        "8,6": 44.89021988055069,
        "8,7": 33.16599926219271,
        "8,8": 0.0,
        "8,9": 67.85588254964927,
        "8,10": 40.67180813086578,
        "8,11": 18.960074941528507,
        "8,12": 22.84965329315279,
        "8,13": 34.74332781021546,
        "8,14": 50.485891724472175,
        "8,15": 39.55607645087237,
        "8,16": 17.581428401568246,
        "8,17": 18.948001841186482,
        "8,18": 21.81976143198303,
        "8,19": 31.236404387135106,
        "8,20": 17.572692540424306,
        "8,21": 49.168827590201005,
        "8,22": 73.97927846919445,
        "8,23": 19.597613698014193,
        "8,24": 16.092164956683952,
        "8,25": 58.271468243214215,
        "8,26": 42.232980273666186,
        "8,27": 34.774966954644206,
        "8,28": 25.662737593303156,
        "8,29": 42.899254825819774,
        "8,30": 29.51871762967714,
        "8,31": 40.047237149578336,
        "8,32": 31.486220233926755,
        "8,33": 32.86740786074122,
        "8,34": 28.39430623268088,
        "8,35": 49.359830249691285,
        "8,36": 18.19159065995221,
        "8,37": 37.12568135528937,
        "8,38": 11.47832077077738,
        "8,39": 39.19139528985058,
        "8,40": 33.256939442774765,
        "8,41": 57.16575116882675,
        "8,42": 21.55316765491369,
        "8,43": 67.7475506014316,
        "8,44": 62.15529359367824,
        "8,45": 49.150296640939395,
        "8,46": 42.392456509218725,
        "8,47": 21.011606571280662,
        "8,48": 63.055393287006055,
        "8,49": 39.353758124796656,
        "8,50": 48.200149284231145,
        "8,51": 67.15592816515375,
        "8,52": 46.497457008431454,
        "8,53": 14.759285959898087,
        "8,54": 20.377784355777322,
        "8,55": 26.47251604353032,
        "8,56": 16.305492528893005,
        "8,57": 16.27874528222605,
        "8,58": 24.892230772462593,
        "8,59": 48.484099986814975,
        "8,60": 41.005262478412554,
        "9,0": 125.99889521579917,
        "9,1": 22.793708882688602,
        "9,2": 106.83936615456926,
        "9,3": 84.4330089637094,
        "9,4": 9.967216071451398,
        "9,5": 122.3753192358097,
        "9,6": 101.27275993319233,
        "9,7": 52.587647021633224,
        "9,8": 67.85588254964927,
        "9,9": 0.0,
        "9,10": 38.579612816727135,
        "9,11": 62.05474340934428,
        "9,12": 90.47092333460168,
        "9,13": 36.012958348700266,
        "9,14": 97.92840833349142,
        "9,15": 98.2383868847244,
        "9,16": 55.439263103037675,
        "9,17": 68.03067490487012,
        "9,18": 46.45442351679457,
        "9,19": 86.85278871907234,
        "9,20": 68.01859548750417,
        "9,21": 72.73777618801495,
        "9,22": 15.430877633552278,
        "9,23": 51.77207731184173,
        "9,24": 57.91944599319398,
        "9,25": 75.41958538244259,
        "9,26": 31.471568106508663,
        "9,27": 45.840015878976494,
        "9,28": 51.2582745037146,
        "9,29": 57.26821169260429,
        "9,30": 89.01031199952924,
        "9,31": 101.90133302533322,
        "9,32": 89.92379364297902,
        "9,33": 97.57839950732047,
        "9,34": 40.67261840422176,
        "9,35": 41.85132133684638,
        "9,36": 52.61807429756326,
        "9,37": 33.73737515195381,
        "9,38": 61.763988513861605,
        "9,39": 105.89771264139706,
        "9,40": 75.95096796400267,
        "9,41": 25.604730874236903,
        "9,42": 62.961962018147034,
        "9,43": 59.84984152077326,
        "9,44": 83.43336568461126,
        "9,45": 93.22348629366324,
        "9,46": 47.33741931641529,
        "9,47": 58.743579387371184,
        "9,48": 82.10664854039851,
        "9,49": 54.38624441590911,
        "9,50": 99.21707139914703,
        "9,51": 53.83493579811619,
        "9,52": 101.27264983386202,
        "9,53": 54.47271671935122,
        "9,54": 86.6310472006372,
        "9,55": 60.82138448439188,
        "9,56": 78.47060990135871,
        "9,57": 77.68531742333408,
        "9,58": 52.37840886729662,
        "9,59": 92.25940487729896,
        "9,60": 104.96179233088282,
        "10,0": 88.98007445191665,
        "10,1": 32.78347680829469,
        "10,2": 72.13325774693307,
        "10,3": 69.09869668053659,
        "10,4": 29.145737083823185,
        "10,5": 85.3554153380376,
        "10,6": 63.86895597121079,
        "10,7": 14.2752506095201,
        "10,8": 40.67180813086578,
        "10,9": 38.579612816727135,
        "10,10": 0.0,
        "10,11": 27.157305794652025,
        "10,12": 62.56915186839237,
        "10,13": 30.543742970242185,
        "10,14": 59.449599393716035,
        "10,15": 61.56505811978184,
        "10,16": 23.496975316811003,
        "10,17": 51.0720784994109,
        "10,18": 27.573454109859835,
        "10,19": 50.13913990565687,
        "10,20": 50.28337146906295,
        "10,21": 35.09571120816364,
        "10,22": 51.30837704444847,
        "10,23": 35.22930643820954,
        "10,24": 40.09704590403056,
        "10,25": 39.64435551632507,
        "10,26": 34.973740750548124,
        "10,27": 7.859605705936005,
        "10,28": 40.423377486501074,
        "10,29": 19.53188204190221,
        "10,30": 68.91731336999378,
        "10,31": 66.12098842700304,
        "10,32": 70.5883821379582,
        "10,33": 63.52967240735524,
        "10,34": 27.816192436676122,
        "10,35": 10.544548880659889,
        "10,36": 34.92322745402684,
        "10,37": 30.666293829511606,
        "10,38": 30.494409597113005,
        "10,39": 73.05828033310688,
        "10,40": 64.42990413157862,
        "10,41": 18.034682333971382,
        "10,42": 27.01401978386864,
        "10,43": 33.77476545463087,
        "10,44": 47.26858949052322,
        "10,45": 54.66183996484561,
        "10,46": 9.893807776923357,
        "10,47": 44.521602030604896,
        "10,48": 46.44808027537978,
        "10,49": 53.275014624129795,
        "10,50": 61.01216098923998,
        "10,51": 30.566198863313215,
        "10,52": 63.549206499056076,
        "10,53": 26.139218185498866,
        "10,54": 54.690352734947886,
        "10,55": 49.921736841605366,
        "10,56": 55.94337771257019,
        "10,57": 44.238582537383316,
        "10,58": 17.2440316535444,
        "10,59": 53.697586194617294,
        "10,60": 70.02036689487949,
        "11,0": 64.04893996936151,
        "11,1": 47.59384258012562,
        "11,2": 45.31943139509955,
        "11,3": 51.9728811536306,
        "11,4": 52.08762304585459,
        "11,5": 60.43699103850035,
        "11,6": 39.785690167171495,
        "11,7": 15.665745490956121,
        "11,8": 18.960074941528507,
        "11,9": 62.05474340934428,
        "11,10": 27.157305794652025,
        "11,11": 0.0,
        "11,12": 37.15080444911195,
        "11,13": 36.9266220951917,
        "11,14": 39.87061089871922,
        "11,15": 36.27204990509033,
        "11,16": 7.969601813649006,
        "11,17": 36.33533048284792,
        "11,18": 24.546340876148214,
        "11,19": 25.02035768099016,
        "11,20": 35.0721377454891,
        "11,21": 30.730406065895743,
        "11,22": 71.73695148053221,
        "11,23": 28.23901993429694,
        "11,24": 28.876490377429626,
        "11,25": 39.62862593534,
        "11,26": 44.45582608077104,
        "11,27": 19.64676264026474,
        "11,28": 35.67935367748153,
        "11,29": 24.21303932696553,
        "11,30": 48.22508910762291,
        "11,31": 39.895344501053664,
        "11,32": 50.265546332017635,
        "11,33": 36.47566182851005,
        "11,34": 30.46568903691051,
        "11,35": 33.48171567488517,
        "11,36": 26.95636913782576,
        "11,37": 38.74173477078345,
        "11,38": 7.965319080742489,
        "11,39": 45.901480935001885,
        "11,40": 51.08265502741219,
        "11,41": 45.14243017324699,
        "11,42": 2.8632530368637497,
        "11,43": 49.358177713477,
        "11,44": 44.15698699849595,
        "11,45": 36.74681845835809,
        "11,46": 25.54850991030623,
        "11,47": 34.693122640214824,
        "11,48": 44.808409261183385,
        "11,49": 50.99077542299065,
        "11,50": 39.499437668754176,
        "11,51": 49.386212217261146,
        "11,52": 40.23500220324184,
        "11,53": 12.756352895535347,
        "11,54": 27.740835792946797,
        "11,55": 40.935904276155064,
        "11,56": 35.13367410873219,
        "11,57": 17.105363411225127,
        "11,58": 10.077916383649754,
        "11,59": 35.886186562620985,
        "11,60": 43.29760063955277,
        "12,0": 52.35728661545579,
        "12,1": 70.16598761722582,
        "12,2": 28.3099110458621,
        "12,3": 30.115116455437327,
        "12,4": 81.05902215298721,
        "12,5": 49.669449012748885,
        "12,6": 40.01265359265706,
        "12,7": 52.79772041774989,
        "12,8": 22.84965329315279,
        "12,9": 90.47092333460168,
        "12,10": 62.56915186839237,
        "12,11": 37.15080444911195,
        "12,12": 0.0,
        "12,13": 56.1517160952579,
        "12,14": 51.16099793432676,
        "12,15": 34.021814291297666,
        "12,16": 39.07332559450974,
        "12,17": 29.168903654773455,
        "12,18": 44.07185863577813,
        "12,19": 32.47356815310543,
        "12,20": 28.188188274010372,
        "12,21": 62.23120759777548,
        "12,22": 95.66561190693216,
        "12,23": 39.99168917315293,
        "12,24": 34.56021600620555,
        "12,25": 71.4542059692093,
        "12,26": 63.17653862305277,
        "12,27": 55.91317670887754,
        "12,28": 43.926304097900754,
        "12,29": 60.705566348761494,
        "12,30": 20.112235111346674,
        "12,31": 30.534307307023077,
        "12,32": 22.2128908040869,
        "12,33": 21.318118995299823,
        "12,34": 50.28097205507354,
        "12,35": 70.31060935251186,
        "12,36": 38.818710327393504,
        "12,37": 58.587433183066395,
        "12,38": 32.088314458577806,
        "12,39": 21.483232150206188,
        "12,40": 36.85206174338703,
        "12,41": 79.65593246403326,
        "12,42": 38.78202122496598,
        "12,43": 85.90927586375446,
        "12,44": 73.12256531162939,
        "12,45": 52.362977657962155,
        "12,46": 62.62478549166427,
        "12,47": 36.905680459379596,
        "12,48": 74.65386920223102,
        "12,49": 53.79834889725901,
        "12,50": 46.92669910017301,
        "12,51": 86.41107561574543,
        "12,52": 42.629028322353804,
        "12,53": 37.39001459024709,
        "12,54": 13.392203661389532,
        "12,55": 39.720463996549526,
        "12,56": 16.137328038754262,
        "12,57": 22.45579910206848,
        "12,58": 45.74926032695576,
        "12,59": 52.06758535005128,
        "12,60": 28.19618358056264,
        "13,0": 98.4667627411696,
        "13,1": 14.089732877688691,
        "13,2": 76.62446708701533,
        "13,3": 48.7254775945908,
        "13,4": 28.0524626685053,
        "13,5": 94.96723583860216,
        "13,6": 75.677355205706,
        "13,7": 37.01168683029894,
        "13,8": 34.74332781021546,
        "13,9": 36.012958348700266,
        "13,10": 30.543742970242185,
        "13,11": 36.9266220951917,
        "13,12": 56.1517160952579,
        "13,13": 0.0,
        "13,14": 76.7883261523246,
        "13,15": 71.28984741900354,
        "13,16": 28.957435916678804,
        "13,17": 32.01791520900128,
        "13,18": 13.415570948257045,
        "13,19": 60.83004035667495,
        "13,20": 32.02531800047829,
        "13,21": 61.05654214012382,
        "13,22": 39.51453326231443,
        "13,23": 16.26086262595712,
        "13,24": 22.20745321522787,
        "13,25": 67.72316662976849,
        "13,26": 7.734133874444865,
        "13,27": 32.04428569394918,
        "13,28": 15.404162831792025,
        "13,29": 47.091151141381374,
        "13,30": 53.00546004076066,
        "13,31": 73.29298187975739,
        "13,32": 53.91208501432183,
        "13,33": 67.11475008868314,
        "13,34": 6.69612244287295,
        "13,35": 40.71423234375243,
        "13,36": 17.34962622380854,
        "13,37": 2.4375308472916255,
        "13,38": 32.751911288167,
        "13,39": 73.93341724139182,
        "13,40": 40.92621290221363,
        "13,41": 36.846015998045736,
        "13,42": 39.11670749267205,
        "13,43": 64.19718857172421,
        "13,44": 74.5506105734871,
        "13,45": 73.45546924070406,
        "13,46": 39.38766379322578,
        "13,47": 22.74733103955111,
        "13,48": 74.2706027391771,
        "13,49": 23.604836563998244,
        "13,50": 76.32175323788348,
        "13,51": 60.449408290728094,
        "13,52": 76.52814982108596,
        "13,53": 25.04342261968032,
        "13,54": 54.953894184114525,
        "13,55": 25.41354670285444,
        "13,56": 42.87437542020282,
        "13,57": 48.17412794470686,
        "13,58": 30.81235315151305,
        "13,59": 72.56262071379035,
        "13,60": 75.1049076261134,
        "14,0": 34.59254916880578,
        "14,1": 86.78467202917771,
        "14,2": 32.71286198317827,
        "14,3": 78.92253077734303,
        "14,4": 88.24710821814135,
        "14,5": 31.426598140555523,
        "14,6": 14.245920392558668,
        "14,7": 45.34203523563213,
        "14,8": 50.485891724472175,
        "14,9": 97.92840833349142,
        "14,10": 59.449599393716035,
        "14,11": 39.87061089871922,
        "14,12": 51.16099793432676,
        "14,13": 76.7883261523246,
        "14,14": 0.0,
        "14,15": 18.732490664953303,
        "14,16": 47.83868632946169,
        "14,17": 69.0610779375353,
        "14,18": 64.26519029568428,
        "14,19": 19.810207495205333,
        "14,20": 67.6742103315794,
        "14,21": 30.71315407290034,
        "14,22": 109.60823048794174,
        "14,23": 66.80202493609612,
        "14,24": 65.61234754785325,
