{
    "num_robots": 4,
    "num_tasks": 30,
    "num_nodes": 31,
    "robot_capacity": [
        127,
        100,
        126,
        109
    ],
    "robot_speed": [
        0.85,
        0.95,
        1.06,
        0.9
    ],
    "task_demand": {
        "0": 0,
        "1": 12,
        "2": 13,
        "3": 5,
        "4": 13,
        "5": 15,
        "6": 11,
        "7": 15,
        "8": 15,
        "9": 14,
        "10": 15,
        "11": 6,
        "12": 15,
        "13": 15,
        "14": 5,
        "15": 13,
        "16": 15,
        "17": 5,
        "18": 12,
        "19": 9,
        "20": 15,
        "21": 9,
        "22": 5,
        "23": 7,
        "24": 5,
        "25": 10,
        "26": 10,
        "27": 13,
        "28": 15,
        "29": 14,
        "30": 13
    },
    "task_service_time": {
        "0": 0,
        "1": 60,
        "2": 11,
        "3": 27,
        "4": 71,
        "5": 23,
        "6": 65,
        "7": 13,
        "8": 74,
        "9": 97,
        "10": 86,
        "11": 10,
        "12": 86,
        "13": 18,
        "14": 20,
        "15": 22,
        "16": 67,
        "17": 69,
        "18": 81,
        "19": 79,
        "20": 100,
        "21": 57,
        "22": 88,
        "23": 20,
        "24": 94,
        "25": 49,
        "26": 16,
        "27": 43,
        "28": 100,
        "29": 11,
        "30": 54
    },
    "task_precedence": [],
    "coordinates": {
        "0": [
            100,
            0
        ],
        "1": [
            28.958436694712976,
            14.62338838612064
        ],
        "2": [
            14.085237738602741,
            32.426649265786054
        ],
        "3": [
            65.71283281979235,
            59.237691296635894
        ],
        "4": [
            37.64252894894258,
            57.33639641220489
        ],
        "5": [
            21.590683572332548,
            51.661719314827856
        ],
        "6": [
            63.9961091026512,
            11.395966725352913
        ],
        "7": [
            39.64451746222214,
            80.06885362097519
        ],
        "8": [
            30.75456028281679,
            57.805095850282044
        ],
        "9": [
            20.51941653021052,
            24.706924376835705
        ],
        "10": [
            65.65622104772375,
            89.89623882879714
        ],
        "11": [
            46.622733652406446,
            96.65950460413562
        ],
        "12": [
            23.831573915119975,
            97.11787238325354
        ],
        "13": [
            45.41295729720103,
            12.952015461612664
        ],
        "14": [
            67.66806450444315,
            5.941494222756727
        ],
        "15": [
            22.339047156702605,
            59.65271877245847
        ],
        "16": [
            39.48695250512243,
            51.3412628763286
        ],
        "17": [
            37.54816550386706,
            29.92770668166077
        ],
        "18": [
            9.923355523906007,
            62.062381538115766
        ],
        "19": [
            15.176447605317811,
            18.635794190716005
        ],
        "20": [
            98.02471908655383,
            12.417573680074213
        ],
        "21": [
            71.16925846012096,
            43.45959638305319
        ],
        "22": [
            36.96926987562361,
            56.351415097711886
        ],
        "23": [
            40.37942452761168,
            41.273664013173864
        ],
        "24": [
            18.554122423653773,
            21.308126852877617
        ],
        "25": [
            22.863339299711537,
            11.732589744533739
        ],
        "26": [
            28.499148886836522,
            50.76851526049501
        ],
        "27": [
            10.213807396772134,
            55.442528577576574
        ],
        "28": [
            1.0296596027360438,
            96.61156577101512
        ],
        "29": [
            78.67179979016112,
            57.619370916038115
        ],
        "30": [
            36.92514685515409,
            15.960831079396842
        ]
    },
    "distance_matrix_str_keys": {
        "0,0": 0.0,
        "0,1": 72.53100857392259,
        "0,2": 91.83046312111637,
        "0,3": 68.44496989113985,
        "0,4": 84.71078177788803,
        "0,5": 93.89863761108644,
        "0,6": 37.764377624337286,
        "0,7": 100.2686670527995,
        "0,8": 90.20177397305638,
        "0,9": 83.23217683601007,
        "0,10": 96.23320065490365,
        "0,11": 110.41826113944585,
        "0,12": 123.42410732307425,
        "0,13": 56.1025840363441,
        "0,14": 32.87332363007885,
        "0,15": 97.92686277766117,
        "0,16": 79.35839080307504,
        "0,17": 69.25243143136494,
        "0,18": 109.38711570498276,
        "0,19": 86.8465765932781,
        "0,20": 12.57369757816278,
        "0,21": 52.153122394706116,
        "0,22": 84.54794452573404,
        "0,23": 72.51295305482404,
        "0,24": 84.18709666070865,
        "0,25": 78.02383024502812,
        "0,26": 87.69158369913207,
        "0,27": 105.52456755305526,
        "0,28": 138.3073494760039,
        "0,29": 61.44008487096148,
        "0,30": 65.0629328265251,
        "1,0": 72.53100857392259,
        "1,1": 0.0,
        "1,2": 23.198451352136928,
        "1,3": 57.80416644767452,
        "1,4": 43.586861700704134,
        "1,5": 37.764027116513624,
        "1,6": 35.186002022713346,
        "1,7": 66.31215003282796,
        "1,8": 43.219045795391594,
        "1,9": 13.14894518252035,
        "1,10": 83.74204075723033,
        "1,11": 83.91633780823159,
        "1,12": 82.65364246005129,
        "1,13": 16.539187879411802,
        "1,14": 39.67128144428521,
        "1,15": 45.51326084667949,
        "1,16": 38.197538562696764,
        "1,17": 17.550088304792542,
        "1,18": 51.11548088841825,
        "1,19": 14.354184881105507,
        "1,20": 69.10149768237238,
        "1,21": 51.12025396800565,
        "1,22": 42.490018374856604,
        "1,23": 28.994415911984284,
        "1,24": 12.366708689861932,
        "1,25": 6.745882376735752,
        "1,26": 36.148044788827576,
        "1,27": 44.917294369618425,
        "1,28": 86.61453585138155,
        "1,29": 65.72726210616743,
        "1,30": 8.078194336500799,
        "2,0": 91.83046312111637,
        "2,1": 23.198451352136928,
        "2,2": 0.0,
        "2,3": 58.17422581046757,
        "2,4": 34.2847119291861,
        "2,5": 20.647509219143046,
        "2,6": 54.160730132034516,
        "2,7": 54.065297703904534,
        "2,8": 30.363330929348955,
        "2,9": 10.049517853283053,
        "2,10": 77.21606079055438,
        "2,11": 72.00380785248885,
        "2,12": 65.42129177339476,
        "2,13": 36.88749618161735,
        "2,14": 59.77108633671773,
        "2,15": 28.449678920727237,
        "2,16": 31.670328718151094,
        "2,17": 23.59562869170402,
        "2,18": 29.926541579110236,
        "2,19": 13.833959038352024,
        "2,20": 86.29136477514861,
        "2,21": 58.14044499165047,
        "2,22": 33.10699845894655,
        "2,23": 27.74263738067795,
        "2,24": 11.98300759303068,
        "2,25": 22.478860435668757,
        "2,26": 23.327770634097007,
        "2,27": 23.33920892803682,
        "2,28": 65.49924905863385,
        "2,29": 69.32602124589928,
        "2,30": 28.15643118364881,
        "3,0": 68.44496989113985,
        "3,1": 57.80416644767452,
        "3,2": 58.17422581046757,
        "3,3": 0.0,
        "3,4": 28.1346206947847,
        "3,5": 44.767838965983806,
        "3,6": 47.87251560421174,
        "3,7": 33.3690633576177,
        "3,8": 34.987614215353034,
        "3,9": 56.875466943076674,
        "3,10": 30.658599799640673,
        "3,11": 42.009808348075,
        "3,12": 56.47077090491279,
        "3,13": 50.54155452434715,
        "3,14": 53.332049965086,
        "3,15": 43.375771238715025,
        "3,16": 27.38887328964863,
        "3,17": 40.64878452237937,
        "3,18": 55.86094030634044,
        "3,19": 64.82623141248816,
        "3,20": 56.88744508012992,
        "3,21": 16.694935156222076,
        "3,22": 28.88811175937025,
        "3,23": 31.056204725292766,
        "3,24": 60.51938387921742,
        "3,25": 63.97510272287952,
        "3,26": 38.16523568108912,
        "3,27": 55.62863545845056,
        "3,28": 74.70421267006543,
        "3,29": 13.059624259272036,
        "3,30": 51.97708623481196,
        "4,0": 84.71078177788803,
        "4,1": 43.586861700704134,
        "4,2": 34.2847119291861,
        "4,3": 28.1346206947847,
        "4,4": 0.0,
        "4,5": 17.02538399432131,
        "4,6": 52.96257420793041,
        "4,7": 22.82044190535924,
        "4,8": 6.903896835033421,
        "4,9": 36.84946979552726,
        "4,10": 42.95241882826431,
        "4,11": 40.33547959787269,
        "4,12": 42.11066740603135,
        "4,13": 45.05943662633515,
        "4,14": 59.52284230829012,
        "4,15": 15.47778744659685,
        "4,16": 6.272441659161105,
        "4,17": 27.408852168688156,
        "4,18": 28.119166253244142,
        "4,19": 44.74887063652305,
        "4,20": 75.25762101910489,
        "4,21": 36.28508193135002,
        "4,22": 1.1930909310302724,
        "4,23": 16.294231173376044,
        "4,24": 40.77258234542223,
        "4,25": 47.93883216423055,
        "4,26": 11.257817807333021,
        "4,27": 27.494026648738433,
        "4,28": 53.6939580392954,
        "4,29": 41.030246652096615,
        "4,30": 41.38178395958729,
        "5,0": 93.89863761108644,
        "5,1": 37.764027116513624,
        "5,2": 20.647509219143046,
        "5,3": 44.767838965983806,
        "5,4": 17.02538399432131,
        "5,5": 0.0,
        "5,6": 58.476926612162245,
        "5,7": 33.65867195257738,
        "5,8": 11.032575022238671,
        "5,9": 26.976074273784615,
        "5,10": 58.34080969149471,
        "5,11": 51.4917878127568,
        "5,12": 45.51135508099647,
        "5,13": 45.45263356315212,
        "5,14": 64.91120100593179,
        "5,15": 8.025965386560298,
        "5,16": 17.8991378016852,
        "5,17": 26.963095792840942,
        "5,18": 15.630109355744409,
        "5,19": 33.64304019175419,
        "5,20": 85.92010679457395,
        "5,21": 50.25246171574072,
        "5,22": 16.077753674682658,
        "5,23": 21.469244971232804,
        "5,24": 30.505102506889365,
        "5,25": 39.94940601362887,
        "5,26": 6.965967734951199,
        "5,27": 11.988654227865638,
        "5,28": 49.42918574195951,
        "5,29": 57.39117912427531,
        "5,30": 38.854847637983845,
        "6,0": 37.764377624337286,
        "6,1": 35.186002022713346,
        "6,2": 54.160730132034516,
        "6,3": 47.87251560421174,
        "6,4": 52.96257420793041,
        "6,5": 58.476926612162245,
        "6,6": 0.0,
        "6,7": 72.86264756376303,
        "6,8": 57.08596880211265,
        "6,9": 45.4687188145662,
        "6,10": 78.51782404005446,
        "6,11": 87.01554496836631,
        "6,12": 94.66485618460766,
        "6,13": 18.64818539949722,
        "6,14": 6.575296704661092,
        "6,15": 63.749705317785,
        "6,16": 46.86497030524335,
        "6,17": 32.294258102837475,
        "6,18": 74.10093298715378,
        "6,19": 49.353565731793296,
        "6,20": 34.043941872328666,
        "6,21": 32.85620821900673,
        "6,22": 52.45419313042028,
        "6,23": 38.0844402025233,
        "6,24": 46.51048346048308,
        "6,25": 41.13414721030044,
        "6,26": 53.01161912934984,
        "6,27": 69.51716038349069,
        "6,28": 105.95504746512282,
        "6,29": 48.49720602396513,
        "6,30": 27.453141597570113,
        "7,0": 100.2686670527995,
        "7,1": 66.31215003282796,
        "7,2": 54.065297703904534,
        "7,3": 33.3690633576177,
        "7,4": 22.82044190535924,
        "7,5": 33.65867195257738,
        "7,6": 72.86264756376303,
        "7,7": 0.0,
        "7,8": 23.973031696549356,
        "7,9": 58.57228606852168,
        "7,10": 27.80622634308573,
        "7,11": 17.998477747909472,
        "7,12": 23.25334867025305,
        "7,13": 67.36426992582814,
        "7,14": 79.24761573814206,
        "7,15": 26.76374160404403,
        "7,16": 28.728022847171545,
        "7,17": 50.184951010469455,
        "7,18": 34.75025904701154,
        "7,19": 66.12644881954652,
        "7,20": 89.35851173413629,
        "7,21": 48.311975849647744,
        "7,22": 23.867841120519792,
        "7,23": 38.80214974843553,
        "7,24": 62.430984080005395,
        "7,25": 70.36656095840239,
        "7,26": 31.348509832523455,
        "7,27": 38.3747648865723,
        "7,28": 42.0091486796316,
        "7,29": 45.023416569868694,
        "7,30": 64.1656725258148,
        "8,0": 90.20177397305638,
        "8,1": 43.219045795391594,
        "8,2": 30.363330929348955,
        "8,3": 34.987614215353034,
        "8,4": 6.903896835033421,
        "8,5": 11.032575022238671,
        "8,6": 57.08596880211265,
        "8,7": 23.973031696549356,
        "8,8": 0.0,
        "8,9": 34.644582874125824,
        "8,10": 47.4127343845105,
        "8,11": 41.96979873312341,
        "8,12": 39.91769205476026,
        "8,13": 47.187577002678864,
        "8,14": 63.65877761706294,
        "8,15": 8.615948678952996,
        "8,16": 10.864428684443185,
        "8,17": 28.693237857694697,
        "8,18": 21.26178668728245,
        "8,19": 42.15343149840754,
        "8,20": 81.14987020464733,
        "8,21": 42.8852093818703,
        "8,22": 6.382460579848343,
        "8,23": 19.129198893724876,
        "8,24": 38.48219627246862,
        "8,25": 46.7434186540567,
        "8,26": 7.3892047584083995,
        "8,27": 20.676175982120363,
        "8,28": 48.882633195741676,
        "8,29": 47.917599436484714,
        "8,30": 42.29679222899361,
        "9,0": 83.23217683601007,
        "9,1": 13.14894518252035,
        "9,2": 10.049517853283053,
        "9,3": 56.875466943076674,
        "9,4": 36.84946979552726,
        "9,5": 26.976074273784615,
        "9,6": 45.4687188145662,
        "9,7": 58.57228606852168,
        "9,8": 34.644582874125824,
        "9,9": 0.0,
        "9,10": 79.29046500537697,
        "9,11": 76.54121090071648,
        "9,12": 72.48665930866561,
        "9,13": 27.529370779642036,
        "9,14": 50.745801547179525,
        "9,15": 34.99313649214668,
        "9,16": 32.69794195763927,
        "9,17": 17.811088104946965,
        "9,18": 38.82919891753571,
        "9,19": 8.087393811926248,
        "9,20": 78.47356284060453,
        "9,21": 54.00989904543135,
        "9,22": 35.664709000203786,
        "9,23": 25.862652219659452,
        "9,24": 3.926092909513262,
        "9,25": 13.184359411830956,
        "9,26": 27.255873639834363,
        "9,27": 32.41732476926202,
        "9,28": 74.49918173455048,
        "9,29": 66.82012283742105,
        "9,30": 18.591453290753737,
        "10,0": 96.23320065490365,
        "10,1": 83.74204075723033,
        "10,2": 77.21606079055438,
        "10,3": 30.658599799640673,
        "10,4": 42.95241882826431,
        "10,5": 58.34080969149471,
        "10,6": 78.51782404005446,
        "10,7": 27.80622634308573,
        "10,8": 47.4127343845105,
        "10,9": 79.29046500537697,
        "10,10": 0.0,
        "10,11": 20.19939123774693,
        "10,12": 42.4435283519369,
        "10,13": 79.56257434782013,
        "10,14": 83.97884647909743,
        "10,15": 52.83037061485678,
        "10,16": 46.59739034270278,
        "10,17": 66.22905430654028,
        "10,18": 62.29667656604137,
        "10,19": 87.32845181734105,
        "10,20": 83.96822743465339,
        "10,21": 46.76275594043149,
        "10,22": 44.138377481507376,
        "10,23": 54.80028488995319,
        "10,24": 83.20418738989576,
        "10,25": 89.11109227513276,
        "10,26": 53.9594918731343,
        "10,27": 65.27571816164328,
        "10,28": 64.97451854491612,
        "10,29": 34.80232021371967,
        "10,30": 79.32161838571515,
        "11,0": 110.41826113944585,
        "11,1": 83.91633780823159,
        "11,2": 72.00380785248885,
        "11,3": 42.009808348075,
        "11,4": 40.33547959787269,
        "11,5": 51.4917878127568,
        "11,6": 87.01554496836631,
        "11,7": 17.998477747909472,
        "11,8": 41.96979873312341,
        "11,9": 76.54121090071648,
        "11,10": 20.19939123774693,
        "11,11": 0.0,
        "11,12": 22.79576853697724,
        "11,13": 83.7162307881525,
        "11,14": 93.1271354559328,
        "11,15": 44.26284703239558,
        "11,16": 45.87659976373449,
        "11,17": 67.34597717049256,
        "11,18": 50.43615052186259,
        "11,19": 84.1223412229622,
        "11,20": 98.68569821603651,
        "11,21": 58.58977824558937,
        "11,22": 41.447936529428404,
        "11,23": 55.73661495637471,
        "11,24": 80.40943393236667,
        "11,25": 88.18780917778226,
        "11,26": 49.34011783217522,
        "11,27": 54.9949908979187,
        "11,28": 45.593099252304064,
        "11,29": 50.510144314649295,
        "11,30": 81.27926610361722,
        "12,0": 123.42410732307425,
        "12,1": 82.65364246005129,
        "12,2": 65.42129177339476,
        "12,3": 56.47077090491279,
        "12,4": 42.11066740603135,
        "12,5": 45.51135508099647,
        "12,6": 94.66485618460766,
        "12,7": 23.25334867025305,
        "12,8": 39.91769205476026,
        "12,9": 72.48665930866561,
        "12,10": 42.4435283519369,
        "12,11": 22.79576853697724,
        "12,12": 0.0,
        "12,13": 86.8887080122526,
        "12,14": 101.16703930457658,
        "12,15": 37.49487126534858,
        "12,16": 48.379632664436365,
        "12,17": 68.57596701337853,
        "12,18": 37.71373724800077,
        "12,19": 78.95788629933178,
        "12,20": 112.60001505700282,
        "12,21": 71.55464318544047,
        "12,22": 42.83109962123931,
        "12,23": 58.24437284729075,
        "12,24": 75.99321687904211,
        "12,25": 85.39077215697571,
        "12,26": 46.58378646921697,
        "12,27": 43.84378914133236,
        "12,28": 22.80753477899125,
        "12,29": 67.5838885547521,
        "12,30": 82.20649004508036,
        "13,0": 56.1025840363441,
        "13,1": 16.539187879411802,
        "13,2": 36.88749618161735,
        "13,3": 50.54155452434715,
        "13,4": 45.05943662633515,
        "13,5": 45.45263356315212,
        "13,6": 18.64818539949722,
        "13,7": 67.36426992582814,
        "13,8": 47.187577002678864,
        "13,9": 27.529370779642036,
        "13,10": 79.56257434782013,
        "13,11": 83.7162307881525,
        "13,12": 86.8887080122526,
        "13,13": 0.0,
        "13,14": 23.333178198571456,
        "13,15": 52.08993203009043,
        "13,16": 38.843942254410955,
        "13,17": 18.709063107245957,
        "13,18": 60.59158266785256,
        "13,19": 30.76608293216339,
        "13,20": 52.614476207574825,
        "13,21": 39.92617616643587,
        "13,22": 44.213162588160934,
        "13,23": 28.76546938293687,
        "13,24": 28.128661687817754,
        "13,25": 22.58256564060372,
        "13,26": 41.426616709325735,
        "13,27": 55.1762979781243,
        "13,28": 94.70373526005689,
        "13,29": 55.68952547170355,
        "13,30": 9.005326064165756,
        "14,0": 32.87332363007885,
        "14,1": 39.67128144428521,
        "14,2": 59.77108633671773,
        "14,3": 53.332049965086,
        "14,4": 59.52284230829012,
        "14,5": 64.91120100593179,
        "14,6": 6.575296704661092,
        "14,7": 79.24761573814206,
        "14,8": 63.65877761706294,
        "14,9": 50.745801547179525,
        "14,10": 83.97884647909743,
        "14,11": 93.1271354559328,
        "14,12": 101.16703930457658,
        "14,13": 23.333178198571456,
        "14,14": 0.0,
        "14,15": 70.2823979125659,
        "14,16": 53.43513888178925,
        "14,17": 38.50385310496325,
        "14,18": 80.52332213905581,
        "14,19": 54.00476920014631,
        "14,20": 31.039750040151272,
        "14,21": 37.68111395415105,
        "14,22": 59.02182743936077,
        "14,23": 44.643388019772765,
        "14,24": 51.461759638630994,
        "14,25": 45.177430073144464,
        "14,26": 59.52869699377787,
        "14,27": 75.83761640499668,
        "14,28": 112.52439238854018,
        "14,29": 52.836399666935584,
        "14,30": 32.33441041116717,
        "15,0": 97.92686277766117,
        "15,1": 45.51326084667949,
        "15,2": 28.449678920727237,
        "15,3": 43.375771238715025,
        "15,4": 15.47778744659685,
        "15,5": 8.025965386560298,
        "15,6": 63.749705317785,
        "15,7": 26.76374160404403,
        "15,8": 8.615948678952996,
        "15,9": 34.99313649214668,
        "15,10": 52.83037061485678,
        "15,11": 44.26284703239558,
        "15,12": 37.49487126534858,
        "15,13": 52.08993203009043,
        "15,14": 70.2823979125659,
        "15,15": 0.0,
        "15,16": 19.055995302048046,
        "15,17": 33.390022831620286,
        "15,18": 12.647366261988724,
        "15,19": 41.63761441867013,
        "15,20": 89.2159171189293,
        "15,21": 51.44518197707871,
        "15,22": 14.998067300760042,
        "15,23": 25.75354091245688,
        "15,24": 38.53094061548498,
        "15,25": 47.92299707138709,
        "15,26": 10.810916953135049,
        "15,27": 12.835386270497604,
        "15,28": 42.66200146954975,
        "15,29": 56.36943784328203,
        "15,30": 46.06229862475685,
        "16,0": 79.35839080307504,
        "16,1": 38.197538562696764,
        "16,2": 31.670328718151094,
        "16,3": 27.38887328964863,
        "16,4": 6.272441659161105,
        "16,5": 17.8991378016852,
        "16,6": 46.86497030524335,
        "16,7": 28.728022847171545,
        "16,8": 10.864428684443185,
        "16,9": 32.69794195763927,
        "16,10": 46.59739034270278,
        "16,11": 45.87659976373449,
        "16,12": 48.379632664436365,
        "16,13": 38.843942254410955,
        "16,14": 53.43513888178925,
        "16,15": 19.055995302048046,
        "16,16": 0.0,
        "16,17": 21.501146107555144,
        "16,18": 31.447553987995793,
        "16,19": 40.751053120490155,
        "16,20": 70.29739466714793,
        "16,21": 32.64795824147898,
        "16,22": 5.607169616153231,
        "16,23": 10.107079359553905,
        "16,24": 36.60836836875892,
        "16,25": 42.95569232668098,
        "16,26": 11.00272094463274,
        "16,27": 29.559049458444466,
        "16,28": 59.40003115787568,
        "16,29": 39.68459269426951,
        "16,30": 35.47305741440325,
        "17,0": 69.25243143136494,
        "17,1": 17.550088304792542,
        "17,2": 23.59562869170402,
        "17,3": 40.64878452237937,
        "17,4": 27.408852168688156,
        "17,5": 26.963095792840942,
        "17,6": 32.294258102837475,
        "17,7": 50.184951010469455,
        "17,8": 28.693237857694697,
        "17,9": 17.811088104946965,
        "17,10": 66.22905430654028,
        "17,11": 67.34597717049256,
        "17,12": 68.57596701337853,
        "17,13": 18.709063107245957,
        "17,14": 38.50385310496325,
        "17,15": 33.390022831620286,
        "17,16": 21.501146107555144,
        "17,17": 0.0,
        "17,18": 42.37649648754645,
        "17,19": 25.059949110790775,
        "17,20": 62.960450212596434,
        "17,21": 36.242101628682015,
        "17,22": 26.430048933077856,
        "17,23": 11.693877689973121,
        "17,24": 20.858351539797283,
        "17,25": 23.381753591251016,
        "17,26": 22.720563460330503,
        "17,27": 37.39215518671277,
        "17,28": 76.02853632880097,
        "17,29": 49.57803510610675,
        "17,30": 13.980764153856523,
        "18,0": 109.38711570498276,
        "18,1": 51.11548088841825,
        "18,2": 29.926541579110236,
        "18,3": 55.86094030634044,
        "18,4": 28.119166253244142,
        "18,5": 15.630109355744409,
        "18,6": 74.10093298715378,
        "18,7": 34.75025904701154,
        "18,8": 21.26178668728245,
        "18,9": 38.82919891753571,
        "18,10": 62.29667656604137,
        "18,11": 50.43615052186259,
        "18,12": 37.71373724800077,
        "18,13": 60.59158266785256,
        "18,14": 80.52332213905581,
        "18,15": 12.647366261988724,
        "18,16": 31.447553987995793,
        "18,17": 42.37649648754645,
        "18,18": 0.0,
        "18,19": 43.74315335063457,
        "18,20": 101.1259472581578,
        "18,21": 64.00878253800552,
        "18,22": 27.642297675914417,
        "18,23": 36.874692073159174,
        "18,24": 41.658125404619895,
        "18,25": 51.96663470057906,
        "18,26": 21.739630046508903,
        "18,27": 6.626221812587542,
        "18,28": 35.67553725309623,
        "18,29": 68.89186405097686,
        "18,30": 53.42705016931097,
        "19,0": 86.8465765932781,
        "19,1": 14.354184881105507,
        "19,2": 13.833959038352024,
        "19,3": 64.82623141248816,
        "19,4": 44.74887063652305,
        "19,5": 33.64304019175419,
        "19,6": 49.353565731793296,
        "19,7": 66.12644881954652,
        "19,8": 42.15343149840754,
        "19,9": 8.087393811926248,
        "19,10": 87.32845181734105,
        "19,11": 84.1223412229622,
        "19,12": 78.95788629933178,
        "19,13": 30.76608293216339,
        "19,14": 54.00476920014631,
        "19,15": 41.63761441867013,
        "19,16": 40.751053120490155,
        "19,17": 25.059949110790775,
        "19,18": 43.74315335063457,
        "19,19": 0.0,
        "19,20": 83.08129966332709,
        "19,21": 61.248804255316244,
        "19,22": 43.55909965673489,
        "19,23": 33.87717809741871,
        "19,24": 4.306976786061963,
        "19,25": 10.331627923378283,
        "19,26": 34.785142414323964,
        "19,27": 37.139783172016216,
        "19,28": 79.24867547368206,
        "19,29": 74.5075768185784,
        "19,30": 21.912584208777098,
        "20,0": 12.57369757816278,
        "20,1": 69.10149768237238,
        "20,2": 86.29136477514861,
        "20,3": 56.88744508012992,
        "20,4": 75.25762101910489,
        "20,5": 85.92010679457395,
        "20,6": 34.043941872328666,
        "20,7": 89.35851173413629,
        "20,8": 81.14987020464733,
        "20,9": 78.47356284060453,
        "20,10": 83.96822743465339,
        "20,11": 98.68569821603651,
        "20,12": 112.60001505700282,
        "20,13": 52.614476207574825,
        "20,14": 31.039750040151272,
        "20,15": 89.2159171189293,
        "20,16": 70.29739466714793,
        "20,17": 62.960450212596434,
        "20,18": 101.1259472581578,
        "20,19": 83.08129966332709,
        "20,20": 0.0,
        "20,21": 41.04659473025927,
        "20,22": 75.21934791035227,
        "20,23": 64.46436173653791,
        "20,24": 79.9663533598712,
        "20,25": 75.16450102577608,
        "20,26": 79.40150900140796,
        "20,27": 97.7849832833383,
        "20,28": 128.43936261317543,
        "20,29": 49.1704988652127,
        "20,30": 61.20222544857245,
        "21,0": 52.153122394706116,
        "21,1": 51.12025396800565,
        "21,2": 58.14044499165047,
        "21,3": 16.694935156222076,
        "21,4": 36.28508193135002,
        "21,5": 50.25246171574072,
        "21,6": 32.85620821900673,
        "21,7": 48.311975849647744,
        "21,8": 42.8852093818703,
        "21,9": 54.00989904543135,
        "21,10": 46.76275594043149,
        "21,11": 58.58977824558937,
        "21,12": 71.55464318544047,
        "21,13": 39.92617616643587,
        "21,14": 37.68111395415105,
        "21,15": 51.44518197707871,
        "21,16": 32.64795824147898,
        "21,17": 36.242101628682015,
        "21,18": 64.00878253800552,
        "21,19": 61.248804255316244,
        "21,20": 41.04659473025927,
        "21,21": 0.0,
        "21,22": 36.54912049490894,
        "21,23": 30.86733182374508,
        "21,24": 57.08800349007,
        "21,25": 57.79329352245524,
        "21,26": 43.291552826771245,
        "21,27": 62.122119074568424,
        "21,28": 88.00394978461883,
        "21,29": 16.02458552455973,
        "21,30": 43.918575487360705,
        "22,0": 84.54794452573404,
        "22,1": 42.490018374856604,
        "22,2": 33.10699845894655,
        "22,3": 28.88811175937025,
        "22,4": 1.1930909310302724,
        "22,5": 16.077753674682658,
        "22,6": 52.45419313042028,
        "22,7": 23.867841120519792,
        "22,8": 6.382460579848343,
        "22,9": 35.664709000203786,
        "22,10": 44.138377481507376,
        "22,11": 41.447936529428404,
        "22,12": 42.83109962123931,
        "22,13": 44.213162588160934,
        "22,14": 59.02182743936077,
        "22,15": 14.998067300760042,
        "22,16": 5.607169616153231,
        "22,17": 26.430048933077856,
        "22,18": 27.642297675914417,
        "22,19": 43.55909965673489,
        "22,20": 75.21934791035227,
        "22,21": 36.54912049490894,
        "22,22": 0.0,
        "22,23": 15.458581193556004,
        "22,24": 39.58724171609246,
        "22,25": 46.795478983656785,
        "22,26": 10.144541397080884,
        "22,27": 26.77089552412681,
        "22,28": 53.967910083716646,
        "22,29": 41.721801414010436,
        "22,30": 40.39060811849089,
        "23,0": 72.51295305482404,
        "23,1": 28.994415911984284,
        "23,2": 27.74263738067795,
        "23,3": 31.056204725292766,
        "23,4": 16.294231173376044,
        "23,5": 21.469244971232804,
        "23,6": 38.0844402025233,
        "23,7": 38.80214974843553,
        "23,8": 19.129198893724876,
        "23,9": 25.862652219659452,
        "23,10": 54.80028488995319,
        "23,11": 55.73661495637471,
        "23,12": 58.24437284729075,
        "23,13": 28.76546938293687,
        "23,14": 44.643388019772765,
        "23,15": 25.75354091245688,
        "23,16": 10.107079359553905,
        "23,17": 11.693877689973121,
        "23,18": 36.874692073159174,
        "23,19": 33.87717809741871,
        "23,20": 64.46436173653791,
        "23,21": 30.86733182374508,
        "23,22": 15.458581193556004,
        "23,23": 0.0,
        "23,24": 29.579832420556407,
        "23,25": 34.34367934069344,
        "23,26": 15.208325006704438,
        "23,27": 33.32748385235206,
        "23,28": 67.90204246267902,
        "23,29": 41.63517908454642,
        "23,30": 25.54743715858297,
        "24,0": 84.18709666070865,
        "24,1": 12.366708689861932,
        "24,2": 11.98300759303068,
        "24,3": 60.51938387921742,
        "24,4": 40.77258234542223,
        "24,5": 30.505102506889365,
        "24,6": 46.51048346048308,
        "24,7": 62.430984080005395,
        "24,8": 38.48219627246862,
        "24,9": 3.926092909513262,
        "24,10": 83.20418738989576,
        "24,11": 80.40943393236667,
        "24,12": 75.99321687904211,
        "24,13": 28.128661687817754,
        "24,14": 51.461759638630994,
        "24,15": 38.53094061548498,
        "24,16": 36.60836836875892,
        "24,17": 20.858351539797283,
        "24,18": 41.658125404619895,
        "24,19": 4.306976786061963,
        "24,20": 79.9663533598712,
        "24,21": 57.08800349007,
        "24,22": 39.58724171609246,
        "24,23": 29.579832420556407,
        "24,24": 0.0,
        "24,25": 10.500488607592109,
        "24,26": 31.093697697139245,
        "24,27": 35.138557680285615,
        "24,28": 77.31568217418373,
        "24,29": 70.23276712018314,
        "24,30": 19.133429142520868,
        "25,0": 78.02383024502812,
        "25,1": 6.745882376735752,
        "25,2": 22.478860435668757,
        "25,3": 63.97510272287952,
        "25,4": 47.93883216423055,
        "25,5": 39.94940601362887,
        "25,6": 41.13414721030044,
        "25,7": 70.36656095840239,
        "25,8": 46.7434186540567,
        "25,9": 13.184359411830956,
        "25,10": 89.11109227513276,
        "25,11": 88.18780917778226,
        "25,12": 85.39077215697571,
        "25,13": 22.58256564060372,
        "25,14": 45.177430073144464,
        "25,15": 47.92299707138709,
        "25,16": 42.95569232668098,
        "25,17": 23.381753591251016,
        "25,18": 51.96663470057906,
        "25,19": 10.331627923378283,
        "25,20": 75.16450102577608,
        "25,21": 57.79329352245524,
        "25,22": 46.795478983656785,
        "25,23": 34.34367934069344,
        "25,24": 10.500488607592109,
        "25,25": 0.0,
        "25,26": 39.440662146951915,
        "25,27": 45.50350986629304,
        "25,28": 87.64217101609317,
        "25,29": 72.25081970881438,
        "25,30": 14.683748040338548,
        "26,0": 87.69158369913207,
        "26,1": 36.148044788827576,
        "26,2": 23.327770634097007,
        "26,3": 38.16523568108912,
        "26,4": 11.257817807333021,
        "26,5": 6.965967734951199,
        "26,6": 53.01161912934984,
        "26,7": 31.348509832523455,
        "26,8": 7.3892047584083995,
        "26,9": 27.255873639834363,
        "26,10": 53.9594918731343,
        "26,11": 49.34011783217522,
        "26,12": 46.58378646921697,
        "26,13": 41.426616709325735,
        "26,14": 59.52869699377787,
        "26,15": 10.810916953135049,
        "26,16": 11.00272094463274,
        "26,17": 22.720563460330503,
        "26,18": 21.739630046508903,
        "26,19": 34.785142414323964,
        "26,20": 79.40150900140796,
        "26,21": 43.291552826771245,
        "26,22": 10.144541397080884,
        "26,23": 15.208325006704438,
        "26,24": 31.093697697139245,
        "26,25": 39.440662146951915,
        "26,26": 0.0,
        "26,27": 18.873264526745924,
        "26,28": 53.44303623148117,
        "26,29": 50.638217996686706,
        "26,30": 35.81301885925234,
        "27,0": 105.52456755305526,
        "27,1": 44.917294369618425,
        "27,2": 23.33920892803682,
        "27,3": 55.62863545845056,
        "27,4": 27.494026648738433,
        "27,5": 11.988654227865638,
        "27,6": 69.51716038349069,
        "27,7": 38.3747648865723,
        "27,8": 20.676175982120363,
        "27,9": 32.41732476926202,
        "27,10": 65.27571816164328,
        "27,11": 54.9949908979187,
        "27,12": 43.84378914133236,
        "27,13": 55.1762979781243,
        "27,14": 75.83761640499668,
        "27,15": 12.835386270497604,
        "27,16": 29.559049458444466,
        "27,17": 37.39215518671277,
        "27,18": 6.626221812587542,
        "27,19": 37.139783172016216,
        "27,20": 97.7849832833383,
        "27,21": 62.122119074568424,
        "27,22": 26.77089552412681,
        "27,23": 33.32748385235206,
        "27,24": 35.138557680285615,
        "27,25": 45.50350986629304,
        "27,26": 18.873264526745924,
        "27,27": 0.0,
        "27,28": 42.18101698794642,
        "27,29": 68.49259350542818,
        "27,30": 47.6686489529406,
        "28,0": 138.3073494760039,
        "28,1": 86.61453585138155,
        "28,2": 65.49924905863385,
        "28,3": 74.70421267006543,
        "28,4": 53.6939580392954,
        "28,5": 49.42918574195951,
        "28,6": 105.95504746512282,
        "28,7": 42.0091486796316,
        "28,8": 48.882633195741676,
        "28,9": 74.49918173455048,
        "28,10": 64.97451854491612,
        "28,11": 45.593099252304064,
        "28,12": 22.80753477899125,
        "28,13": 94.70373526005689,
        "28,14": 112.52439238854018,
        "28,15": 42.66200146954975,
        "28,16": 59.40003115787568,
        "28,17": 76.02853632880097,
        "28,18": 35.67553725309623,
        "28,19": 79.24867547368206,
        "28,20": 128.43936261317543,
        "28,21": 88.00394978461883,
        "28,22": 53.967910083716646,
        "28,23": 67.90204246267902,
        "28,24": 77.31568217418373,
        "28,25": 87.64217101609317,
        "28,26": 53.44303623148117,
        "28,27": 42.18101698794642,
        "28,28": 0.0,
        "28,29": 86.88321582729465,
        "28,30": 88.27812306220781,
        "29,0": 61.44008487096148,
        "29,1": 65.72726210616743,
        "29,2": 69.32602124589928,
        "29,3": 13.059624259272036,
        "29,4": 41.030246652096615,
        "29,5": 57.39117912427531,
        "29,6": 48.49720602396513,
        "29,7": 45.023416569868694,
        "29,8": 47.917599436484714,
        "29,9": 66.82012283742105,
        "29,10": 34.80232021371967,
        "29,11": 50.510144314649295,
        "29,12": 67.5838885547521,
        "29,13": 55.68952547170355,
        "29,14": 52.836399666935584,
        "29,15": 56.36943784328203,
        "29,16": 39.68459269426951,
        "29,17": 49.57803510610675,
        "29,18": 68.89186405097686,
        "29,19": 74.5075768185784,
        "29,20": 49.1704988652127,
        "29,21": 16.02458552455973,
        "29,22": 41.721801414010436,
        "29,23": 41.63517908454642,
        "29,24": 70.23276712018314,
        "29,25": 72.25081970881438,
        "29,26": 50.638217996686706,
        "29,27": 68.49259350542818,
        "29,28": 86.88321582729465,
        "29,29": 0.0,
        "29,30": 58.97641030612968,
        "30,0": 65.0629328265251,
        "30,1": 8.078194336500799,
        "30,2": 28.15643118364881,
        "30,3": 51.97708623481196,
        "30,4": 41.38178395958729,
        "30,5": 38.854847637983845,
        "30,6": 27.453141597570113,
        "30,7": 64.1656725258148,
        "30,8": 42.29679222899361,
        "30,9": 18.591453290753737,
        "30,10": 79.32161838571515,
        "30,11": 81.27926610361722,
        "30,12": 82.20649004508036,
        "30,13": 9.005326064165756,
        "30,14": 32.33441041116717,
        "30,15": 46.06229862475685,
        "30,16": 35.47305741440325,
        "30,17": 13.980764153856523,
        "30,18": 53.42705016931097,
        "30,19": 21.912584208777098,
        "30,20": 61.20222544857245,
        "30,21": 43.918575487360705,
        "30,22": 40.39060811849089,
        "30,23": 25.54743715858297,
        "30,24": 19.133429142520868,
        "30,25": 14.683748040338548,
        "30,26": 35.81301885925234,
        "30,27": 47.6686489529406,
        "30,28": 88.27812306220781,
        "30,29": 58.97641030612968,
        "30,30": 0.0
    }
}