{
    "num_robots": 5,
    "num_tasks": 50,
    "num_nodes": 51,
    "robot_capacity": [
        171,
        164,
        135,
        124,
        126
    ],
    "robot_speed": [
        1.1,
        0.82,
        0.87,
        0.99,
        0.88
    ],
    "task_demand": {
        "0": 0,
        "1": 11,
        "2": 5,
        "3": 15,
        "4": 12,
        "5": 5,
        "6": 14,
        "7": 10,
        "8": 11,
        "9": 14,
        "10": 14,
        "11": 13,
        "12": 9,
        "13": 9,
        "14": 6,
        "15": 13,
        "16": 9,
        "17": 9,
        "18": 11,
        "19": 8,
        "20": 9,
        "21": 14,
        "22": 5,
        "23": 12,
        "24": 14,
        "25": 15,
        "26": 5,
        "27": 9,
        "28": 12,
        "29": 9,
        "30": 6,
        "31": 6,
        "32": 7,
        "33": 6,
        "34": 12,
        "35": 9,
        "36": 12,
        "37": 13,
        "38": 7,
        "39": 6,
        "40": 13,
        "41": 15,
        "42": 11,
        "43": 7,
        "44": 15,
        "45": 14,
        "46": 11,
        "47": 6,
        "48": 15,
        "49": 6,
        "50": 7
    },
    "task_service_time": {
        "0": 0,
        "1": 82,
        "2": 45,
        "3": 15,
        "4": 34,
        "5": 28,
        "6": 25,
        "7": 53,
        "8": 67,
        "9": 39,
        "10": 62,
        "11": 62,
        "12": 11,
        "13": 63,
        "14": 53,
        "15": 22,
        "16": 37,
        "17": 70,
        "18": 52,
        "19": 44,
        "20": 25,
        "21": 53,
        "22": 93,
        "23": 39,
        "24": 77,
        "25": 38,
        "26": 73,
        "27": 41,
        "28": 41,
        "29": 46,
        "30": 82,
        "31": 32,
        "32": 16,
        "33": 17,
        "34": 47,
        "35": 15,
        "36": 99,
        "37": 30,
        "38": 43,
        "39": 40,
        "40": 39,
        "41": 38,
        "42": 90,
        "43": 45,
        "44": 73,
        "45": 13,
        "46": 51,
        "47": 29,
        "48": 14,
        "49": 41,
        "50": 98
    },
    "task_precedence": [],
    "coordinates": {
        "0": [
            50.0,
            50.0
        ],
        "1": [
            53.11235060719313,
            38.25442573480737
        ],
        "2": [
            41.164366086157145,
            73.20162766518446
        ],
        "3": [
            27.008747696452907,
            61.98392738923363
        ],
        "4": [
            48.85007698548793,
            86.16977387494393
        ],
        "5": [
            96.4722549471049,
            99.10358769300146
        ],
        "6": [
            16.945733065832712,
            56.580963312623
        ],
        "7": [
            0.6417915874708191,
            24.36195536649983
        ],
        "8": [
            74.78976592480258,
            77.8587285087932
        ],
        "9": [
            52.36440202200473,
            4.719702825667705
        ],
        "10": [
            89.94598204672344,
            30.62316279737064
        ],
        "11": [
            86.94282875442543,
            95.17272441748726
        ],
        "12": [
            79.63948223649064,
            41.21400649455703
        ],
        "13": [
            11.655367112931614,
            46.2500279722827
        ],
        "14": [
            40.084183918527,
            85.59352309599684
        ],
        "15": [
            83.05226914856964,
            1.5769735776152483
        ],
        "16": [
            96.65358081824648,
            39.125104597987225
        ],
        "17": [
            34.57493018595568,
            93.80808115607245
        ],
        "18": [
            84.95117467521808,
            59.86806063560667
        ],
        "19": [
            56.12098202765483,
            22.173257937549316
        ],
        "20": [
            74.88152239349498,
            35.70694942196293
        ],
        "21": [
            7.3079711278728805,
            91.37313174332589
        ],
        "22": [
            97.52493208487103,
            61.90929037291015
        ],
        "23": [
            18.462021155100395,
            98.69739503756193
        ],
        "24": [
            47.357819790985936,
            66.59731151523776
        ],
        "25": [
            42.299670655950806,
            36.73869242524225
        ],
        "26": [
            56.05986378281036,
            81.87472133553715
        ],
        "27": [
            80.56750803738242,
            16.58560722311916
        ],
        "28": [
            18.141522528207442,
            52.3758149467616
        ],
        "29": [
            38.82839664744068,
            53.77776289315801
        ],
        "30": [
            51.29633019007653,
            33.10956968766598
        ],
        "31": [
            47.63977267583851,
            91.41730968128616
        ],
        "32": [
            55.48189911717025,
            57.727265346344204
        ],
        "33": [
            78.8551592489397,
            53.839307699406405
        ],
        "34": [
            84.96957680383022,
            32.3014042788385
        ],
        "35": [
            2.205453488937348,
            51.85745293087523
        ],
        "36": [
            49.45302125571526,
            3.05202403676772
        ],
        "37": [
            45.64025131168143,
            31.306491537433057
        ],
        "38": [
            6.800153442412437,
            18.0042050075654
        ],
        "39": [
            50.984279020141074,
            55.124897359650205
        ],
        "40": [
            40.29853558399101,
            25.311357432631887
        ],
        "41": [
            59.353763303097985,
            55.9818846083576
        ],
        "42": [
            74.743656601782,
            67.80381549025711
        ],
        "43": [
            60.86999645094029,
            69.8170605711441
        ],
        "44": [
            72.23522283013716,
            47.19360262639606
        ],
        "45": [
            43.75066337155039,
            78.16239934020413
        ],
        "46": [
            78.73997805037123,
            77.2171360430722
        ],
        "47": [
            3.1239592746710176,
            50.55813110181886
        ],
        "48": [
            24.634910843895895,
            78.67157252776876
        ],
        "49": [
            21.676620658860678,
            78.34788705713012
        ],
        "50": [
            95.50833698878655,
            40.72161726351562
        ]
    },
    "distance_matrix_str_keys": {
        "0,0": 0.0,
        "0,1": 12.15093581257225,
        "0,2": 24.827081040132423,
        "0,3": 25.927055331367338,
        "0,4": 36.18804865012592,
        "0,5": 67.60793447660562,
        "0,6": 33.703021239605135,
        "0,7": 55.61961947302421,
        "0,8": 37.29130258831341,
        "0,9": 45.34198616202764,
        "0,10": 44.397559636249746,
        "0,11": 58.35535646088586,
        "0,12": 30.914278078663425,
        "0,13": 38.52756365840836,
        "0,14": 36.948914665343814,
        "0,15": 58.62799658672007,
        "0,16": 47.90427906950876,
        "0,17": 46.4443834424053,
        "0,18": 36.31753339484409,
        "0,19": 28.491998785501792,
        "0,20": 28.6946240861301,
        "0,21": 59.45036046542641,
        "0,22": 48.99439117754086,
        "0,23": 58.017931651048166,
        "0,24": 16.80630434660606,
        "0,25": 15.334841068597756,
        "0,26": 32.4456439184733,
        "0,27": 45.28679931572892,
        "0,28": 31.94694169215529,
        "0,29": 11.793057870791456,
        "0,30": 16.940103544474447,
        "0,31": 41.484505713064465,
        "0,32": 9.474272935885052,
        "0,33": 29.109457207106967,
        "0,34": 39.19325952686376,
        "0,35": 47.83062625126863,
        "0,36": 46.95116220916086,
        "0,37": 19.195173019938043,
        "0,38": 53.7583262369376,
        "0,39": 5.218560925814656,
        "0,40": 26.52635451083223,
        "0,41": 11.10296498229586,
        "0,42": 30.483182052371586,
        "0,43": 22.60249350235165,
        "0,44": 22.411626458702724,
        "0,45": 28.847442605763376,
        "0,46": 39.58230454032358,
        "0,47": 46.87936331062441,
        "0,48": 38.28115488216381,
        "0,49": 40.072640515766906,
        "0,50": 46.44455965653727,
        "1,0": 12.15093581257225,
        "1,1": 0.0,
        "1,2": 36.93319992740228,
        "1,3": 35.27729204019243,
        "1,4": 48.104548265385176,
        "1,5": 74.71747998548155,
        "1,6": 40.54486655514021,
        "1,7": 54.27854361325905,
        "1,8": 45.148766683771896,
        "1,9": 33.54306288457961,
        "1,10": 37.61585542086544,
        "1,11": 66.21324623216356,
        "1,12": 26.69171839263176,
        "1,13": 42.22097980368755,
        "1,14": 49.09911675620903,
        "1,15": 47.34589970638828,
        "1,16": 43.54993467245081,
        "1,17": 58.564875023672386,
        "1,18": 38.481942929894984,
        "1,19": 16.360190119548086,
        "1,20": 21.91772058919503,
        "1,21": 70.14013193247496,
        "1,22": 50.31928074365077,
        "1,23": 69.6706385019708,
        "1,24": 28.921165247569153,
        "1,25": 10.918401677613941,
        "1,26": 43.71976695060808,
        "1,27": 34.97603987316117,
        "1,28": 37.714353365866835,
        "1,29": 21.095149614453025,
        "1,30": 5.455957652070959,
        "1,31": 53.443814784514785,
        "1,32": 19.61647885523222,
        "1,33": 30.092868633881785,
        "1,34": 32.40866127131644,
        "1,35": 52.69302157881668,
        "1,36": 35.39208635574812,
        "1,37": 10.20323759857771,
        "1,38": 50.54593006100037,
        "1,39": 17.004161300230173,
        "1,40": 18.213096181693547,
        "1,41": 18.794095630117916,
        "1,42": 36.62075687299506,
        "1,43": 32.50201511981902,
        "1,44": 21.10907685224907,
        "1,45": 40.99131060587159,
        "1,46": 46.63548094457804,
        "1,47": 51.48029170247192,
        "1,48": 49.441989546902455,
        "1,49": 50.947922020324604,
        "1,50": 42.46771356345412,
        "2,0": 24.827081040132423,
        "2,1": 36.93319992740228,
        "2,2": 0.0,
        "2,3": 18.061515204323257,
        "2,4": 15.074580197995262,
        "2,5": 61.072695237213644,
        "2,6": 29.373264525647407,
        "2,7": 63.461741500249474,
        "2,8": 33.946370978004666,
        "2,9": 69.39174903898517,
        "2,10": 64.75007124493249,
        "2,11": 50.777915837193284,
        "2,12": 50.03541216915501,
        "2,13": 39.96460617106401,
        "2,14": 12.43888523475697,
        "2,15": 82.97401699405671,
        "2,16": 65.1172970564131,
        "2,17": 21.634384459812892,
        "2,18": 45.77191951565179,
        "2,19": 53.17513401470366,
        "2,20": 50.425167585404814,
        "2,21": 38.424719127577845,
        "2,22": 57.48069485677667,
        "2,23": 34.138403877086375,
        "2,24": 9.05405216476602,
        "2,25": 36.480605296217526,
        "2,26": 17.236542734716643,
        "2,27": 68.97812237459618,
        "2,28": 31.04457764049383,
        "2,29": 19.563825696948626,
        "2,30": 41.352506689145386,
        "2,31": 19.332407036202696,
        "2,32": 21.08192688700192,
        "2,33": 42.373285495661335,
        "2,34": 59.93099998392102,
        "2,35": 44.422636862826316,
        "2,36": 70.63758697565922,
        "2,37": 42.13354933678015,
        "2,38": 65.02041662945832,
        "2,39": 20.571797893476532,
        "2,40": 47.89809646954034,
        "2,41": 25.04742945012106,
        "2,42": 34.01036794579747,
        "2,43": 19.994178214858554,
        "2,44": 40.519322615551864,
        "2,45": 5.594478461850572,
        "2,46": 37.78956101912373,
        "2,47": 44.26963391534326,
        "2,48": 17.411007650496,
        "2,49": 20.155798360975517,
        "2,50": 63.310490830180335,
        "3,0": 25.927055331367338,
        "3,1": 35.27729204019243,
        "3,2": 18.061515204323257,
        "3,3": 0.0,
        "3,4": 32.58832360435873,
        "3,5": 78.75943131224665,
        "3,6": 11.421746112973317,
        "3,7": 45.941584140431566,
        "3,8": 50.34913120922201,
        "3,9": 62.62667659347238,
        "3,10": 70.31780018919193,
        "3,11": 68.50978266237777,
        "3,12": 56.58077263695719,
        "3,13": 21.983673173634504,
        "3,14": 26.98851685132659,
        "3,15": 82.4007060986304,
        "3,16": 73.30026302793244,
        "3,17": 32.71121948872985,
        "3,18": 57.98104635403399,
        "3,19": 49.31948489132953,
        "3,20": 54.61027493325941,
        "3,21": 35.38143482070374,
        "3,22": 70.51622388773798,
        "3,23": 37.69516204153404,
        "3,24": 20.865475029401313,
        "3,25": 29.514982861936964,
        "3,26": 35.20811028267949,
        "3,27": 70.21074193570497,
        "3,28": 13.074536584198752,
        "3,29": 14.389066580610372,
        "3,30": 37.730825541758975,
        "3,31": 35.9438893951412,
        "3,32": 28.789573174579605,
        "3,33": 52.48223719280417,
        "3,34": 65.11919754583695,
        "3,35": 26.79083590521878,
        "3,36": 63.06119764441035,
        "3,37": 35.89203250591435,
        "3,38": 48.40044692451761,
        "3,39": 24.937369452287456,
        "3,40": 39.006356524515375,
        "3,41": 32.8971815227016,
        "3,42": 48.088383479885266,
        "3,43": 34.75546205503274,
        "3,44": 47.583482003821096,
        "3,45": 23.281638583665327,
        "3,46": 53.927459052152116,
        "3,47": 26.47700773793722,
        "3,48": 16.855640055252515,
        "3,49": 17.21077437995064,
        "3,50": 71.72363323968327,
        "4,0": 36.18804865012592,
        "4,1": 48.104548265385176,
        "4,2": 15.074580197995262,
        "4,3": 32.58832360435873,
        "4,4": 0.0,
        "4,5": 49.34729347885346,
        "4,6": 43.51304254400691,
        "4,7": 78.38523591716385,
        "4,8": 27.238592793068776,
        "4,9": 81.52585206175053,
        "4,10": 69.09630536436279,
        "4,11": 39.14218767265535,
        "4,12": 54.48860886891802,
        "4,13": 54.562189796934256,
        "4,14": 8.784813385703238,
        "4,15": 91.24544816539671,
        "4,16": 67.0699328020149,
        "4,17": 16.19023021050463,
        "4,18": 44.66619945470813,
        "4,19": 64.40823015933142,
        "4,20": 56.78144769026612,
        "4,21": 41.86671102668261,
        "4,22": 54.38577551803774,
        "4,23": 32.86906188416128,
        "4,24": 19.629266780923263,
        "4,25": 49.86320924658863,
        "4,26": 8.392169086661056,
        "4,27": 76.47190125242477,
        "4,28": 45.66231462481326,
        "4,29": 33.90687912860961,
        "4,30": 53.116564489211726,
        "4,31": 5.385301157855496,
        "4,32": 29.205433675700476,
        "4,33": 44.108547978414386,
        "4,34": 64.85691566880008,
        "4,35": 57.90558064387001,
        "4,36": 83.11993671770114,
        "4,37": 54.957098992774895,
        "4,38": 80.09207731724668,
        "4,39": 31.118148662389178,
        "4,40": 61.45629107103188,
        "4,41": 31.96304248081566,
        "4,42": 31.74564368119519,
        "4,43": 20.295065812956423,
        "4,44": 45.45334939662472,
        "4,45": 9.49326425133162,
        "4,46": 31.20185747382955,
        "4,47": 57.957458035218856,
        "4,48": 25.349502849320043,
        "4,49": 28.276821641157056,
        "4,50": 65.13469249111667,
        "5,0": 67.60793447660562,
        "5,1": 74.71747998548155,
        "5,2": 61.072695237213644,
        "5,3": 78.75943131224665,
        "5,4": 49.34729347885346,
        "5,5": 0.0,
        "5,6": 90.18115804716206,
        "5,7": 121.53102200900034,
        "5,8": 30.35579634862341,
        "5,9": 104.1816702319193,
        "5,10": 68.79070309174334,
        "5,11": 10.308329139705991,
        "5,12": 60.287194730377784,
        "5,13": 99.93699633782434,
        "5,14": 57.98393225488578,
        "5,15": 98.44560162670722,
        "5,16": 59.97875718494385,
        "5,17": 62.123435208219405,
        "5,18": 40.89207593290928,
        "5,19": 86.87059837771666,
        "5,20": 66.97233366301654,
        "5,21": 89.4987679143486,
        "5,22": 37.209190830918736,
        "5,23": 78.01129129014936,
        "5,24": 58.89724723320829,
        "5,25": 82.60780260084861,
        "5,26": 43.93171059245607,
        "5,27": 84.03676621033323,
        "5,28": 91.20958495193995,
        "5,29": 73.3296992592897,
        "5,30": 79.97546242530413,
        "5,31": 49.433694930147844,
        "5,32": 58.24267612326159,
        "5,33": 48.571772709845376,
        "5,34": 67.7852735730058,
        "5,35": 105.44395244448384,
        "5,36": 106.94256036645575,
        "5,37": 84.73688005065499,
        "5,38": 120.90573046893465,
        "5,39": 63.2714877126249,
        "5,40": 92.74039030479264,
        "5,41": 56.89695685048889,
        "5,42": 38.10259474098918,
        "5,43": 46.10012452138293,
        "5,44": 57.289442966868876,
        "5,45": 56.72829618353538,
        "5,46": 28.168251805306017,
        "5,47": 105.21675560762426,
        "5,48": 74.68648640493912,
        "5,49": 77.62207171588945,
        "5,50": 58.38992729109815,
        "6,0": 33.703021239605135,
        "6,1": 40.54486655514021,
        "6,2": 29.373264525647407,
        "6,3": 11.421746112973317,
        "6,4": 43.51304254400691,
        "6,5": 90.18115804716206,
        "6,6": 0.0,
        "6,7": 36.109319860144105,
        "6,8": 61.63339540486909,
        "6,9": 62.80185068867584,
        "6,10": 77.47802113413633,
        "6,11": 79.93070392541854,
        "6,12": 64.54958982767958,
        "6,13": 11.60673067327347,
        "6,14": 37.109520787075525,
        "6,15": 85.99716855587187,
        "6,16": 81.59686266510066,
        "6,17": 41.19037380299218,
        "6,18": 68.08483749924274,
        "6,19": 52.140102803874676,
        "6,20": 61.58149186993389,
        "6,21": 36.10237442721996,
        "6,22": 80.75517558529096,
        "6,23": 42.143717809551376,
        "6,24": 32.01909196548623,
        "6,25": 32.195308125436554,
        "6,26": 46.579925039297216,
        "6,27": 75.14891056600037,
        "6,28": 4.371862900095705,
        "6,29": 22.061479959819565,
        "6,30": 41.603723889692624,
        "6,31": 46.42946366153798,
        "6,32": 38.55321130967916,
        "6,33": 61.970103484043456,
        "6,34": 72.22700536341327,
        "6,35": 15.478610801086688,
        "6,36": 62.62644110484228,
        "6,37": 38.23838779127878,
        "6,38": 39.88858316889672,
        "6,39": 34.069674767202706,
        "6,40": 39.02744723066159,
        "6,41": 42.4122614805991,
        "6,42": 58.877435202872654,
        "6,43": 45.87521318273445,
        "6,44": 56.0807473118043,
        "6,45": 34.4131176981534,
        "6,46": 65.14890895609918,
        "6,47": 15.077000317488363,
        "6,48": 23.39056370417232,
        "6,49": 22.275104190935988,
        "6,50": 80.14737420689626,
        "7,0": 55.61961947302421,
        "7,1": 54.27854361325905,
        "7,2": 63.461741500249474,
        "7,3": 45.941584140431566,
        "7,4": 78.38523591716385,
        "7,5": 121.53102200900034,
        "7,6": 36.109319860144105,
        "7,7": 0.0,
        "7,8": 91.43208865036175,
        "7,9": 55.326725142921504,
        "7,10": 89.52341119547924,
        "7,11": 111.63348077384472,
        "7,12": 80.77516174605215,
        "7,13": 24.502786948652425,
        "7,14": 72.83548036094044,
        "7,15": 85.50229357723788,
        "7,16": 97.14017833278903,
        "7,17": 77.2930933675521,
        "7,18": 91.48090285965384,
        "7,19": 55.52234656724894,
        "7,20": 75.10157468568435,
        "7,21": 67.34193128408901,
        "7,22": 103.90450076258773,
        "7,23": 76.44159975388489,
        "7,24": 62.97787389331554,
        "7,25": 43.45759437319732,
        "7,26": 79.86789702538263,
        "7,27": 80.30312410161096,
        "7,28": 33.03054512993691,
        "7,29": 48.20276484239795,
        "7,30": 51.40430952123317,
        "7,31": 81.8854734898938,
        "7,32": 64.1925330853994,
        "7,33": 83.58376147019479,
        "7,34": 84.70070961053442,
        "7,35": 27.53992419841913,
        "7,36": 53.26020385807779,
        "7,37": 45.53117569513009,
        "7,38": 8.851350764879385,
        "7,39": 58.99766640285442,
        "7,40": 39.66810694611877,
        "7,41": 66.6851973679069,
        "7,42": 85.89692433149914,
        "7,43": 75.45596895038408,
        "7,44": 75.14588154848354,
        "7,45": 68.94100810304349,
        "7,46": 94.30268741211499,
        "7,47": 26.31350945014933,
        "7,48": 59.37343082437322,
        "7,49": 57.93914785849019,
        "7,50": 96.26681657645364,
        "8,0": 37.29130258831341,
        "8,1": 45.148766683771896,
        "8,2": 33.946370978004666,
        "8,3": 50.34913120922201,
        "8,4": 27.238592793068776,
        "8,5": 30.35579634862341,
        "8,6": 61.63339540486909,
        "8,7": 91.43208865036175,
        "8,8": 0.0,
        "8,9": 76.49976486270921,
        "8,10": 49.60755542467793,
        "8,11": 21.153519576350295,
        "8,12": 36.96424488346135,
        "8,13": 70.60497335841983,
        "8,14": 35.55705935114086,
        "8,15": 76.7279290408848,
        "8,16": 44.47830957847364,
        "8,17": 43.262164339867596,
        "8,18": 20.662002766342063,
        "8,19": 58.73155135818627,
        "8,20": 42.15187895497055,
        "8,21": 68.82173874438567,
        "8,22": 27.77179067284431,
        "8,23": 60.05884492344103,
        "8,24": 29.65351887030201,
        "8,25": 52.40671386465285,
        "8,26": 19.15561099607798,
        "8,27": 61.54492420994928,
        "8,28": 62.1160395029324,
        "8,29": 43.279475335130776,
        "8,30": 50.541356707355725,
        "8,31": 30.34727758514551,
        "8,32": 27.893897714774667,
        "8,33": 24.361034438183086,
        "8,34": 46.68081340900122,
        "8,35": 77.1008997578247,
        "8,36": 78.98097026747318,
        "8,37": 54.92544919450577,
        "8,38": 90.5822907033412,
        "8,39": 32.91699083278657,
        "8,40": 62.85595578335211,
        "8,41": 26.774362288975205,
        "8,42": 10.055018740907256,
        "8,43": 16.075708551254657,
        "8,44": 30.77134439386369,
        "8,45": 31.040587998379742,
        "8,46": 4.001976602762638,
        "8,47": 76.6897024481888,
        "8,48": 50.16144140259464,
        "8,49": 53.11539773103895,
        "8,50": 42.525571349218545,
        "9,0": 45.34198616202764,
        "9,1": 33.54306288457961,
        "9,2": 69.39174903898517,
        "9,3": 62.62667659347238,
        "9,4": 81.52585206175053,
        "9,5": 104.1816702319193,
        "9,6": 62.80185068867584,
        "9,7": 55.326725142921504,
        "9,8": 76.49976486270921,
        "9,9": 0.0,
        "9,10": 45.64388672823506,
        "9,11": 96.8370626897551,
        "9,12": 45.560555319088785,
        "9,13": 58.15490890725989,
        "9,14": 81.80084695030047,
        "9,15": 30.84837006884265,
        "9,16": 56.08264463771477,
        "9,17": 90.8471488916791,
        "9,18": 64.05653066694504,
        "9,19": 17.85324842661242,
        "9,20": 38.30444049250414,
        "9,21": 97.66728576194444,
        "9,22": 72.87058665458073,
        "9,23": 99.90584598469783,
        "9,24": 62.0798221870481,
        "9,25": 33.56358908770772,
        "9,26": 77.24346780721248,
        "9,27": 30.5976286022968,
        "9,28": 58.67120676571468,
        "9,29": 50.891224185371236,
        "9,30": 28.409951036215222,
        "9,31": 86.82624693576265,
        "9,32": 53.09915698503879,
        "9,33": 55.80766794454524,
        "9,34": 42.70652968347151,
        "9,35": 68.83231510652462,
        "9,36": 3.3551885951861506,
        "9,37": 27.423922709546765,
        "9,38": 47.461339496939225,
        "9,39": 50.424085271910414,
        "9,40": 23.866322975114855,
        "9,41": 51.73647120010399,
        "9,42": 66.93606132889126,
        "9,43": 65.65067495488583,
        "9,44": 46.892234792886775,
        "9,45": 73.9461031080383,
        "9,46": 77.14628204871681,
        "9,47": 67.27393781236017,
        "9,48": 78.97976774740064,
        "9,49": 79.76747105314485,
        "9,50": 56.19196532964496,
        "10,0": 44.397559636249746,
        "10,1": 37.61585542086544,
        "10,2": 64.75007124493249,
        "10,3": 70.31780018919193,
        "10,4": 69.09630536436279,
        "10,5": 68.79070309174334,
        "10,6": 77.47802113413633,
        "10,7": 89.52341119547924,
        "10,8": 49.60755542467793,
        "10,9": 45.64388672823506,
        "10,10": 0.0,
        "10,11": 64.6193843598519,
        "10,12": 14.778021131280116,
        "10,13": 79.83495037830328,
        "10,14": 74.215493152965,
        "10,15": 29.85304650637865,
        "10,16": 10.829353427643266,
        "10,17": 84.01361373113077,
        "10,18": 29.66836952458471,
        "10,19": 34.86447358601623,
        "10,20": 15.899145608746775,
        "10,21": 102.56509920805708,
        "10,22": 32.19102766849283,
        "10,23": 98.71199400197827,
        "10,24": 55.74846132671507,
        "10,25": 48.03718030625701,
        "10,26": 61.440957541260794,
        "10,27": 16.882201907455197,
        "10,28": 75.02705033705247,
        "10,29": 56.117225899440214,
        "10,30": 38.7295469617722,
        "10,31": 74.0658061906859,
        "10,32": 43.84524360931748,
        "10,33": 25.729277767635857,
        "10,34": 5.25177147366625,
        "10,35": 90.2734480845477,
        "10,36": 48.98823905978401,
        "10,37": 44.31099992251407,
        "10,38": 84.09796020117462,
        "10,39": 46.0255287779728,
        "10,40": 49.930794270697824,
        "10,41": 39.7359864549108,
        "10,42": 40.16854034693021,
        "10,43": 48.80137867998396,
        "10,44": 24.253875322414927,
        "10,45": 66.28715168549836,
        "10,46": 47.92257159614262,
        "10,47": 89.081235956458,
        "10,48": 81.08135235231974,
        "10,49": 83.29678871347133,
        "10,50": 11.529031837335578,
        "11,0": 58.35535646088586,
        "11,1": 66.21324623216356,
        "11,2": 50.777915837193284,
        "11,3": 68.50978266237777,
        "11,4": 39.14218767265535,
        "11,5": 10.308329139705991,
        "11,6": 79.93070392541854,
        "11,7": 111.63348077384472,
        "11,8": 21.153519576350295,
        "11,9": 96.8370626897551,
        "11,10": 64.6193843598519,
        "11,11": 0.0,
        "11,12": 54.4507310350135,
        "11,13": 89.78659202736806,
        "11,14": 47.82775024830788,
        "11,15": 93.67657673787039,
        "11,16": 56.88263700881155,
        "11,17": 52.385676016526325,
        "11,18": 35.360797088341414,
        "11,19": 79.23956298468666,
        "11,20": 60.67663064929156,
        "11,21": 79.72545047656261,
        "11,22": 34.906116302650446,
        "11,23": 68.57145406388719,
        "11,24": 48.82138012356505,
        "11,25": 73.536029671693,
        "11,26": 33.62431280198241,
        "11,27": 78.84528967012871,
        "11,28": 81.02589214985115,
        "11,29": 63.470791838280576,
        "11,30": 71.57169856106438,
        "11,31": 39.482063737315265,
        "11,32": 48.90759142187408,
        "11,33": 42.11723798660698,
        "11,34": 62.90227833105085,
        "11,35": 95.16635703253044,
        "11,36": 99.45707166875891,
        "11,37": 76.05786353627862,
        "11,38": 111.25569106381131,
        "11,39": 53.82235363719639,
        "11,40": 84.00178975689789,
        "11,41": 47.927846367456276,
        "11,42": 29.96459539317775,
        "11,43": 36.3689740495166,
        "11,44": 50.182763971990646,
        "11,45": 46.421054594833116,
        "11,46": 19.740565177938336,
        "11,47": 94.95296107856032,
        "11,48": 64.45591243658605,
        "11,49": 67.39994860069281,
        "11,50": 55.12069485779556,
        "12,0": 30.914278078663425,
        "12,1": 26.69171839263176,
        "12,2": 50.03541216915501,
        "12,3": 56.58077263695719,
        "12,4": 54.48860886891802,
        "12,5": 60.287194730377784,
        "12,6": 64.54958982767958,
        "12,7": 80.77516174605215,
        "12,8": 36.96424488346135,
        "12,9": 45.560555319088785,
        "12,10": 14.778021131280116,
        "12,11": 54.4507310350135,
        "12,12": 0.0,
        "12,13": 68.17038522303832,
        "12,14": 59.44882773277004,
        "12,15": 39.783683753091346,
        "12,16": 17.141851174339347,
        "12,17": 69.26002123170647,
        "12,18": 19.39556166912537,
        "12,19": 30.260038957083335,
        "12,20": 7.277764730215452,
        "12,21": 88.0215050142735,
        "12,22": 27.35295397364885,
        "12,23": 83.94654074320802,
        "12,24": 41.06601884792856,
        "12,25": 37.607046745114445,
        "12,26": 47.00310774619737,
        "12,27": 24.645877597693342,
        "12,28": 62.50268007218033,
        "12,29": 42.70120234607157,
        "12,30": 29.479080105780753,
        "12,31": 59.5344695350915,
        "12,32": 29.262203267577114,
        "12,33": 12.649640036853691,
        "12,34": 10.38481518142783,
        "12,35": 78.16208646216965,
        "12,36": 48.65757219233707,
        "12,37": 35.41336691284998,
        "12,38": 76.44777762785121,
        "12,39": 31.853313109170024,
        "12,40": 42.433528379119856,
        "12,41": 25.091843627535123,
        "12,42": 27.036772201453388,
        "12,43": 34.211522900364145,
        "12,44": 9.517280454860943,
        "12,45": 51.509135630456434,
        "12,46": 36.01436442682298,
        "12,47": 77.08396667788172,
        "12,48": 66.5475178140813,
        "12,49": 68.83762349110357,
        "12,50": 15.876492002464218,
        "13,0": 38.52756365840836,
        "13,1": 42.22097980368755,
        "13,2": 39.96460617106401,
        "13,3": 21.983673173634504,
        "13,4": 54.562189796934256,
        "13,5": 99.93699633782434,
        "13,6": 11.60673067327347,
        "13,7": 24.502786948652425,
        "13,8": 70.60497335841983,
        "13,9": 58.15490890725989,
        "13,10": 79.83495037830328,
        "13,11": 89.78659202736806,
        "13,12": 68.17038522303832,
        "13,13": 0.0,
        "13,14": 48.539759306323525,
        "13,15": 84.22113398212713,
        "13,16": 85.2963121487908,
        "13,17": 52.792753234610736,
        "13,18": 74.55015908653105,
        "13,19": 50.565618408656796,
        "13,20": 64.09916705293543,
        "13,21": 45.332045462158845,
        "13,22": 87.28570723435669,
        "13,23": 52.88720876856624,
        "13,24": 41.093516213706,
        "13,25": 32.086427715236454,
        "13,26": 56.92871069795255,
        "13,27": 75.02573575230551,
        "13,28": 8.921629791008328,
        "13,29": 28.19645947849246,
        "13,30": 41.76215508822933,
        "13,31": 57.74911930667205,
        "13,32": 45.30443560247835,
        "13,33": 67.62698595900326,
        "13,34": 74.6293336801446,
        "13,35": 10.988361213902595,
        "13,36": 57.399740441140125,
        "13,37": 37.12521562472215,
        "13,38": 28.660070040747417,
        "13,39": 40.31782011031691,
        "13,40": 35.480403380310264,
        "13,41": 48.68106441625114,
        "13,42": 66.66856850869817,
        "13,43": 54.56633363524968,
        "13,44": 60.5872036971944,
        "13,45": 45.260440654644974,
        "13,46": 73.88712206396728,
        "13,47": 9.557440676114792,
        "13,48": 34.92313140065452,
        "13,49": 33.625854345466344,
        "13,50": 84.03501580868446,
        "14,0": 36.948914665343814,
        "14,1": 49.09911675620903,
        "14,2": 12.43888523475697,
        "14,3": 26.98851685132659,
        "14,4": 8.784813385703238,
        "14,5": 57.98393225488578,
        "14,6": 37.109520787075525,
        "14,7": 72.83548036094044,
        "14,8": 35.55705935114086,
        "14,9": 81.80084695030047,
        "14,10": 74.215493152965,
        "14,11": 47.82775024830788,
        "14,12": 59.44882773277004,
        "14,13": 48.539759306323525,
        "14,14": 0.0,
        "14,15": 94.36650328008808,
        "14,16": 73.20799535094615,
        "14,17": 9.890947417320756,
        "14,18": 51.71891605942594,
        "14,19": 65.41642703756236,
        "14,20": 60.82372068425525,
        "14,21": 33.2818869809769,
        "14,22": 62.131975902836736,
        "14,23": 25.282986026754216,
        "14,24": 20.341136478232645,
        "14,25": 48.90503922247486,
        "14,26": 16.402799567746563,
        "14,27": 80.00619966496637,
        "14,28": 39.81075889226416,
        "14,29": 31.84053389870788,
        "14,30": 53.66821768404897,
        "14,31": 9.539570832097624,
        "14,32": 31.837367264090872,
        "14,33": 50.115054859039425,
        "14,34": 69.67602473225745,
        "14,35": 50.72396523482298,
        "14,36": 83.07150040775366,
        "14,37": 54.57061187413766,
        "14,38": 75.34017921663107,
        "14,39": 32.35968521920131,
        "14,40": 60.282546758592275,
        "14,41": 35.32939036525992,
        "14,42": 38.958346260833686,
        "14,43": 26.094956839027585,
        "14,44": 50.08236411320392,
        "14,45": 8.286414897490316,
        "14,46": 39.552930106680165,
        "14,47": 50.92677977164873,
        "14,48": 16.92907080153884,
        "14,49": 19.782255350852736,
        "14,50": 71.31146244885618,
        "15,0": 58.62799658672007,
        "15,1": 47.34589970638828,
        "15,2": 82.97401699405671,
        "15,3": 82.4007060986304,
        "15,4": 91.24544816539671,
        "15,5": 98.44560162670722,
        "15,6": 85.99716855587187,
        "15,7": 85.50229357723788,
        "15,8": 76.7279290408848,
        "15,9": 30.84837006884265,
        "15,10": 29.85304650637865,
        "15,11": 93.67657673787039,
        "15,12": 39.783683753091346,
        "15,13": 84.22113398212713,
        "15,14": 94.36650328008808,
        "15,15": 0.0,
        "15,16": 39.93567105056215,
        "15,17": 104.19515150929584,
        "15,18": 58.322008475372925,
        "15,19": 33.90429405583334,
        "15,20": 35.094392054448235,
        "15,21": 117.47573666068006,
        "15,22": 62.04390721380799,
        "15,23": 116.63737137133847,
        "15,24": 74.17370194660464,
        "15,25": 53.82490832523699,
        "15,26": 84.7131527121044,
        "15,27": 15.212926138143848,
        "15,28": 82.42528320400577,
        "15,29": 68.41544638575263,
        "15,30": 44.75203097709786,
        "15,31": 96.56775288703652,
        "15,32": 62.55382138112488,
        "15,33": 52.43059506974251,
        "15,34": 30.78419579198376,
        "15,35": 95.20679705932852,
        "15,36": 33.63161061891811,
        "15,37": 47.78601591209264,
        "15,38": 78.0015325626255,
        "15,39": 62.41583238444887,
        "15,40": 48.89992546710323,
        "15,41": 59.34234174323461,
        "15,42": 66.74599337918863,
        "15,43": 71.75487924118036,
        "15,44": 46.88160979349138,
        "15,45": 86.081029593571,
        "15,46": 75.76298589889606,
        "15,47": 93.74267177603167,
        "15,48": 96.7272709145753,
        "15,49": 98.28908069572871,
        "15,50": 41.07866545222941,
        "16,0": 47.90427906950876,
        "16,1": 43.54993467245081,
        "16,2": 65.1172970564131,
        "16,3": 73.30026302793244,
        "16,4": 67.0699328020149,
        "16,5": 59.97875718494385,
        "16,6": 81.59686266510066,
        "16,7": 97.14017833278903,
        "16,8": 44.47830957847364,
        "16,9": 56.08264463771477,
        "16,10": 10.829353427643266,
        "16,11": 56.88263700881155,
        "16,12": 17.141851174339347,
        "16,13": 85.2963121487908,
        "16,14": 73.20799535094615,
        "16,15": 39.93567105056215,
        "16,16": 0.0,
        "16,17": 82.72839167769502,
        "16,18": 23.81630816719925,
        "16,19": 43.9346864096931,
        "16,20": 22.038745718805657,
        "16,21": 103.50118024218192,
        "16,22": 22.800841529558692,
        "16,23": 98.29942924947417,
        "16,24": 56.43398097034275,
        "16,25": 54.40627273567943,
        "16,26": 58.95235019878737,
        "16,27": 27.690985526393604,
        "16,28": 79.62238769143767,
        "16,29": 59.65276455875828,
        "16,30": 45.754418855493256,
        "16,31": 71.6716687478014,
        "16,32": 45.179063277169085,
        "16,33": 23.093106834477226,
        "16,34": 13.53066280174204,
        "16,35": 95.30247347306043,
        "16,36": 59.40673332369228,
        "16,37": 51.60901566137499,
        "16,38": 92.30238789269194,
        "16,39": 48.39089268801101,
        "16,40": 58.02336369173493,
        "16,41": 40.93198528023532,
        "16,42": 36.09034826118495,
        "16,43": 47.1429853915757,
        "16,44": 25.716859591907788,
        "16,45": 65.74670375891598,
        "16,46": 42.09394283906617,
        "16,47": 94.2258149400777,
        "16,48": 82.16210775409591,
        "16,49": 84.61661313583387,
        "16,50": 1.9647992569493251,
        "17,0": 46.4443834424053,
        "17,1": 58.564875023672386,
        "17,2": 21.634384459812892,
        "17,3": 32.71121948872985,
        "17,4": 16.19023021050463,
        "17,5": 62.123435208219405,
        "17,6": 41.19037380299218,
        "17,7": 77.2930933675521,
        "17,8": 43.262164339867596,
        "17,9": 90.8471488916791,
        "17,10": 84.01361373113077,
        "17,11": 52.385676016526325,
        "17,12": 69.26002123170647,
        "17,13": 52.792753234610736,
        "17,14": 9.890947417320756,
        "17,15": 104.19515150929584,
        "17,16": 82.72839167769502,
        "17,17": 0.0,
        "17,18": 60.74282675157272,
        "17,19": 74.80494801491575,
        "17,20": 70.71324405066717,
        "17,21": 27.375464104153526,
        "17,22": 70.57078427013126,
        "17,23": 16.838385542217033,
        "17,24": 30.06373647936931,
        "17,25": 57.58981459806404,
        "17,26": 24.576562987277562,
        "17,27": 89.88118656173383,
        "17,28": 44.57229599745721,
        "17,29": 40.25566242367896,
        "17,30": 62.95962605176498,
        "17,31": 13.281788190228736,
        "17,32": 41.70043907905895,
        "17,33": 59.65099779132472,
        "17,34": 79.51535517257607,
        "17,35": 52.98715155702867,
        "17,36": 91.96749152674853,
        "17,37": 63.47353808062257,
        "17,38": 80.73206217044047,
        "17,39": 42.019702971222515,
        "17,40": 68.73544078274152,
        "17,41": 45.21959438024121,
        "17,42": 47.85131570487698,
        "17,43": 35.594937541543565,
        "17,44": 59.92668229294069,
