{
    "num_robots": 4,
    "num_tasks": 30,
    "num_nodes": 31,
    "robot_capacity": [
        94,
        126,
        92,
        124
    ],
    "robot_speed": [
        0.84,
        0.94,
        1.0,
        1.02
    ],
    "task_demand": {
        "0": 0,
        "1": 5,
        "2": 12,
        "3": 10,
        "4": 11,
        "5": 11,
        "6": 5,
        "7": 8,
        "8": 14,
        "9": 9,
        "10": 5,
        "11": 15,
        "12": 11,
        "13": 9,
        "14": 6,
        "15": 14,
        "16": 8,
        "17": 13,
        "18": 10,
        "19": 13,
        "20": 8,
        "21": 5,
        "22": 11,
        "23": 11,
        "24": 5,
        "25": 14,
        "26": 13,
        "27": 13,
        "28": 13,
        "29": 14,
        "30": 9
    },
    "task_service_time": {
        "0": 0,
        "1": 30,
        "2": 11,
        "3": 81,
        "4": 83,
        "5": 100,
        "6": 52,
        "7": 95,
        "8": 77,
        "9": 17,
        "10": 87,
        "11": 98,
        "12": 12,
        "13": 80,
        "14": 32,
        "15": 19,
        "16": 23,
        "17": 26,
        "18": 35,
        "19": 59,
        "20": 78,
        "21": 26,
        "22": 94,
        "23": 23,
        "24": 93,
        "25": 37,
        "26": 92,
        "27": 25,
        "28": 73,
        "29": 63,
        "30": 70
    },
    "task_precedence": [],
    "coordinates": {
        "0": [
            50.0,
            50.0
        ],
        "1": [
            62.37605878463637,
            23.862950197519872
        ],
        "2": [
            2.6744030494580517,
            55.73239771796891
        ],
        "3": [
            37.49285341840957,
            52.594296188826675
        ],
        "4": [
            83.58934531908444,
            86.82439731483841
        ],
        "5": [
            23.370879060015938,
            9.817132626441538
        ],
        "6": [
            92.18834008191162,
            38.7271752669229
        ],
        "7": [
            95.31117158828141,
            90.21188262678429
        ],
        "8": [
            89.49536327104055,
            76.9154376513536
        ],
        "9": [
            53.74670792235268,
            90.94755522765324
        ],
        "10": [
            43.08214526005823,
            24.52512237952029
        ],
        "11": [
            26.751760498218214,
            96.17533691929164
        ],
        "12": [
            36.09730111497823,
            11.256720555426014
        ],
        "13": [
            32.51165434026816,
            94.80710435474991
        ],
        "14": [
            97.74854151779333,
            83.43427364565915
        ],
        "15": [
            38.01813931783329,
            2.3942358892046323
        ],
        "16": [
            0.07883799016638049,
            67.79895200176726
        ],
        "17": [
            31.92224267736268,
            76.52717802660123
        ],
        "18": [
            6.416456243570867,
            1.8939676319574272
        ],
        "19": [
            64.80449059934016,
            72.78056513398795
        ],
        "20": [
            26.77369580226534,
            47.57642563972939
        ],
        "21": [
            49.17461364640214,
            25.997055832329995
        ],
        "22": [
            81.91604190476018,
            40.88130699083432
        ],
        "23": [
            98.60142633275377,
            38.22731202288085
        ],
        "24": [
            20.505344309192385,
            23.08601778286591
        ],
        "25": [
            37.1976120850882,
            32.31274007332159
        ],
        "26": [
            95.47793178603602,
            41.346628643318695
        ],
        "27": [
            77.40887928080178,
            26.419513827181095
        ],
        "28": [
            95.03147863587856,
            42.7171091889483
        ],
        "29": [
            79.05797314578928,
            46.2810818885803
        ],
        "30": [
            8.596297916092933,
            58.87855843192581
        ]
    },
    "distance_matrix_str_keys": {
        "0,0": 0.0,
        "0,1": 28.919062976142598,
        "0,2": 47.67150627284731,
        "0,3": 12.77337419512753,
        "0,4": 49.842555678514096,
        "0,5": 48.20552781992213,
        "0,6": 43.668439591193376,
        "0,7": 60.5813319025998,
        "0,8": 47.7946074769462,
        "0,9": 41.11861013430698,
        "0,10": 26.397463968748074,
        "0,11": 51.69760516254408,
        "0,12": 41.162200359163684,
        "0,13": 48.09905232508962,
        "0,14": 58.290426926633934,
        "0,15": 49.090465082127146,
        "0,16": 52.99929347428389,
        "0,17": 32.10134707253206,
        "0,18": 64.91313916738069,
        "0,19": 27.168494432519047,
        "0,20": 23.352407142850772,
        "0,21": 24.0171312056413,
        "0,22": 33.19313623419478,
        "0,23": 50.006947755133965,
        "0,24": 39.92865077990365,
        "0,25": 21.83438343617157,
        "0,26": 46.29387773099136,
        "0,27": 36.156410103549675,
        "0,28": 45.61660406802865,
        "0,29": 29.294985155498136,
        "0,30": 42.34495656016252,
        "1,0": 28.919062976142598,
        "1,1": 0.0,
        "1,2": 67.67532329276607,
        "1,3": 38.00873783447695,
        "1,4": 66.43904987806113,
        "1,5": 41.457074626533334,
        "1,6": 33.31241965186163,
        "1,7": 74.07362884246942,
        "1,8": 59.58207029690632,
        "1,9": 67.63734122770786,
        "1,10": 19.30527314213695,
        "1,11": 80.61123930196563,
        "1,12": 29.146013971893694,
        "1,13": 76.97373358426638,
        "1,14": 69.28170835126913,
        "1,15": 32.46866081013081,
        "1,16": 76.23198786111887,
        "1,17": 60.835481491716905,
        "1,18": 60.117495885307896,
        "1,19": 48.97785552830207,
        "1,20": 42.77682979694472,
        "1,21": 13.372829191997347,
        "1,22": 25.91207070612604,
        "1,23": 38.96937444514712,
        "1,24": 41.87792204325681,
        "1,25": 26.5584850311005,
        "1,26": 37.43545122202859,
        "1,27": 15.248662553235203,
        "1,28": 37.707502661074805,
        "1,29": 27.943852548826683,
        "1,30": 64.17441467674725,
        "2,0": 47.67150627284731,
        "2,1": 67.67532329276607,
        "2,2": 0.0,
        "2,3": 34.959579049272676,
        "2,4": 86.6829874971364,
        "2,5": 50.364230240130055,
        "2,6": 91.11488634498548,
        "2,7": 98.84536289018702,
        "2,8": 89.36778118884334,
        "2,9": 62.036180116620436,
        "2,10": 51.05565262150767,
        "2,11": 47.06750973821807,
        "2,12": 55.634305730950686,
        "2,13": 49.16395288564018,
        "2,14": 99.02770185866848,
        "2,15": 63.98546085385265,
        "2,16": 12.342556066750038,
        "2,17": 35.886752583424304,
        "2,18": 53.96831956096017,
        "2,19": 64.42660778902324,
        "2,20": 25.4420084059127,
        "2,21": 55.19474741871716,
        "2,22": 80.62128890224784,
        "2,23": 97.51113690849029,
        "2,24": 37.19850251119246,
        "2,25": 41.717290495792064,
        "2,26": 93.91190179008206,
        "2,27": 80.27756286514987,
        "2,28": 93.2696475085515,
        "2,29": 76.96607792766888,
        "2,30": 6.705756187748133,
        "3,0": 12.77337419512753,
        "3,1": 38.00873783447695,
        "3,2": 34.959579049272676,
        "3,3": 0.0,
        "3,4": 57.41590710461669,
        "3,5": 45.047928722885565,
        "3,6": 56.42599847605741,
        "3,7": 68.97855264797707,
        "3,8": 57.40887521118341,
        "3,9": 41.65525495222282,
        "3,10": 28.62024985265104,
        "3,11": 44.88516668422465,
        "3,12": 41.361125776249516,
        "3,13": 42.50568806064798,
        "3,14": 67.68937994891188,
        "3,15": 50.20280848081931,
        "3,16": 40.385518553744085,
        "3,17": 24.572637975788158,
        "3,18": 59.466509710448065,
        "3,19": 33.961904826278115,
        "3,20": 11.835512867942844,
        "3,21": 29.049556220458253,
        "3,22": 45.941416948610964,
        "3,23": 62.774739486932646,
        "3,24": 34.04869983155638,
        "3,25": 20.283704935521097,
        "3,26": 59.065889805488034,
        "3,27": 47.73267593930469,
        "3,28": 58.380238222766145,
        "3,29": 42.041834555026796,
        "3,30": 29.571994722008647,
        "4,0": 49.842555678514096,
        "4,1": 66.43904987806113,
        "4,2": 86.6829874971364,
        "4,3": 57.41590710461669,
        "4,4": 0.0,
        "4,5": 97.7567516511437,
        "4,6": 48.85985550180863,
        "4,7": 12.201486295688946,
        "4,8": 11.535533349672079,
        "4,9": 30.126125505395162,
        "4,10": 74.31038227655897,
        "4,11": 57.60165900176222,
        "4,12": 89.2522718674422,
        "4,13": 51.6977187834483,
        "4,14": 14.55938788156499,
        "4,15": 95.94366563128098,
        "4,16": 85.6502913228784,
        "4,17": 52.68322522834243,
        "4,18": 114.75553448257001,
        "4,19": 23.454210478414964,
        "4,20": 69.05375667281388,
        "4,21": 69.88804781886823,
        "4,22": 45.97355210157235,
        "4,23": 50.862945994454236,
        "4,24": 89.67815903985671,
        "4,25": 71.58012075758802,
        "4,26": 47.006020162554115,
        "4,27": 60.72024464384033,
        "4,28": 45.56726106163916,
        "4,29": 40.79575663627251,
        "4,30": 80.03078826087521,
        "5,0": 48.20552781992213,
        "5,1": 41.457074626533334,
        "5,2": 50.364230240130055,
        "5,3": 45.047928722885565,
        "5,4": 97.7567516511437,
        "5,5": 0.0,
        "5,6": 74.6433755063005,
        "5,7": 107.88290650826023,
        "5,8": 94.20525436189949,
        "5,9": 86.63045913837217,
        "5,10": 24.59388090126484,
        "5,11": 86.4243588809591,
        "5,12": 12.807584929498162,
        "5,13": 85.48010918981518,
        "5,14": 104.64951086615952,
        "5,15": 16.420768222952237,
        "5,16": 62.48528270939051,
        "5,17": 67.25589919856436,
        "5,18": 18.714406123855802,
        "5,19": 75.37332418252477,
        "5,20": 37.91231159721947,
        "5,21": 30.4568979634025,
        "5,22": 66.27608182035975,
        "5,23": 80.41625169263678,
        "5,24": 13.574778182443955,
        "5,25": 26.40513019378525,
        "5,26": 78.69902268714215,
        "5,27": 56.5309165801893,
        "5,28": 78.85207663331141,
        "5,29": 66.56329351459108,
        "5,30": 51.23779610839447,
        "6,0": 43.668439591193376,
        "6,1": 33.31241965186163,
        "6,2": 91.11488634498548,
        "6,3": 56.42599847605741,
        "6,4": 48.85985550180863,
        "6,5": 74.6433755063005,
        "6,6": 0.0,
        "6,7": 51.57932888810925,
        "6,8": 38.28309689727327,
        "6,9": 64.84386760776907,
        "6,10": 51.11865291748601,
        "6,11": 87.07604277210656,
        "6,12": 62.45662922738019,
        "6,13": 81.89178998900059,
        "6,14": 45.05153144404286,
        "6,15": 65.226475718419,
        "6,16": 96.58844950670789,
        "6,17": 71.13960011840291,
        "6,18": 93.3461367270135,
        "6,19": 43.6979241374514,
        "6,20": 66.01049097221801,
        "6,21": 44.85796030458637,
        "6,22": 10.495732148081448,
        "6,23": 6.432537487141831,
        "6,24": 73.36959649877295,
        "6,25": 55.36357236011356,
        "6,26": 4.2051099356563135,
        "6,27": 19.23307026157939,
        "6,28": 4.899286635744249,
        "6,29": 15.148202570798109,
        "6,30": 85.98667197254916,
        "7,0": 60.5813319025998,
        "7,1": 74.07362884246942,
        "7,2": 98.84536289018702,
        "7,3": 68.97855264797707,
        "7,4": 12.201486295688946,
        "7,5": 107.88290650826023,
        "7,6": 51.57932888810925,
        "7,7": 0.0,
        "7,8": 14.512721156542078,
        "7,9": 41.57097369574087,
        "7,10": 83.92032925921926,
        "7,11": 68.81827981078214,
        "7,12": 98.69245196135103,
        "7,13": 62.9674156156395,
        "7,14": 7.202552025103123,
        "7,15": 104.85433050317447,
        "7,16": 97.83423133926334,
        "7,17": 64.84926713901847,
        "7,18": 125.30891638367392,
        "7,19": 35.13557192498362,
        "7,20": 80.71658924665826,
        "7,21": 79.07038610609,
        "7,22": 51.11687775884333,
        "7,23": 52.08859142994504,
        "7,24": 100.50767894023271,
        "7,25": 82.03350843745118,
        "7,26": 48.86553853005363,
        "7,27": 66.25676106577374,
        "7,28": 47.495596975498636,
        "7,29": 46.841025961338765,
        "7,30": 92.20220453483587,
        "8,0": 47.7946074769462,
        "8,1": 59.58207029690632,
        "8,2": 89.36778118884334,
        "8,3": 57.40887521118341,
        "8,4": 11.535533349672079,
        "8,5": 94.20525436189949,
        "8,6": 38.28309689727327,
        "8,7": 14.512721156542078,
        "8,8": 0.0,
        "8,9": 38.403993059503165,
        "8,10": 69.99237058720803,
        "8,11": 65.63309690030509,
        "8,12": 84.63108278112568,
        "8,13": 59.72650015639966,
        "8,14": 10.517137152919844,
        "8,15": 90.57214857782478,
        "8,16": 89.88006065810326,
        "8,17": 57.57442974472598,
        "8,18": 111.93893762560957,
        "8,19": 25.03470319426589,
        "8,20": 69.24438746845728,
        "8,21": 64.9495531729099,
        "8,22": 36.82261105398054,
        "8,23": 39.74533241939722,
        "8,24": 87.50559501959921,
        "8,25": 68.7346740033381,
        "8,26": 36.06842525376843,
        "8,27": 51.92226322207971,
        "8,28": 34.64353104051831,
        "8,29": 32.36360402716073,
        "8,30": 82.88538946811019,
        "9,0": 41.11861013430698,
        "9,1": 67.63734122770786,
        "9,2": 62.036180116620436,
        "9,3": 41.65525495222282,
        "9,4": 30.126125505395162,
        "9,5": 86.63045913837217,
        "9,6": 64.84386760776907,
        "9,7": 41.57097369574087,
        "9,8": 38.403993059503165,
        "9,9": 0.0,
        "9,10": 67.27311857081354,
        "9,11": 27.496488645774637,
        "9,12": 81.62187630414073,
        "9,13": 21.582947437698895,
        "9,14": 44.63866888574503,
        "9,15": 89.93930306714817,
        "9,16": 58.447395958824075,
        "9,17": 26.158259916332295,
        "9,18": 100.84985963124142,
        "9,19": 21.267677042752393,
        "9,20": 51.07443846546785,
        "9,21": 65.11122343935848,
        "9,22": 57.446850127080005,
        "9,23": 69.21972123063429,
        "9,24": 75.56570994328452,
        "9,25": 60.92548006551614,
        "9,26": 64.82088369642456,
        "9,27": 68.7296623036783,
        "9,28": 63.487071266210044,
        "9,29": 51.339594737018174,
        "9,30": 55.38032212995638,
        "10,0": 26.397463968748074,
        "10,1": 19.30527314213695,
        "10,2": 51.05565262150767,
        "10,3": 28.62024985265104,
        "10,4": 74.31038227655897,
        "10,5": 24.59388090126484,
        "10,6": 51.11865291748601,
        "10,7": 83.92032925921926,
        "10,8": 69.99237058720803,
        "10,9": 67.27311857081354,
        "10,10": 0.0,
        "10,11": 73.48765005131814,
        "10,12": 14.99461685728204,
        "10,13": 71.0724438066672,
        "10,14": 80.3660561599519,
        "10,15": 22.702869709138657,
        "10,16": 61.00744844954584,
        "10,17": 53.18606224545448,
        "10,18": 43.08760745576272,
        "10,19": 52.91925965533464,
        "10,20": 28.236998879334045,
        "10,21": 6.2677555095983335,
        "10,22": 42.137825093979146,
        "10,23": 57.18514292936223,
        "10,24": 22.62262060891993,
        "10,25": 9.760877011423204,
        "10,26": 55.02982390176117,
        "10,27": 34.378967225439496,
        "10,28": 55.0425437481456,
        "10,29": 42.04262082962481,
        "10,30": 48.676814148401235,
        "11,0": 51.69760516254408,
        "11,1": 80.61123930196563,
        "11,2": 47.06750973821807,
        "11,3": 44.88516668422465,
        "11,4": 57.60165900176222,
        "11,5": 86.4243588809591,
        "11,6": 87.07604277210656,
        "11,7": 68.81827981078214,
        "11,8": 65.63309690030509,
        "11,9": 27.496488645774637,
        "11,10": 73.48765005131814,
        "11,11": 0.0,
        "11,12": 85.43132057139756,
        "11,13": 5.9201720770901,
        "11,14": 72.13097537455187,
        "11,15": 94.45541912522783,
        "11,16": 38.94437078844699,
        "11,17": 20.31708723801863,
        "11,18": 96.44947482399148,
        "11,19": 44.66906776546017,
        "11,20": 48.598916229853586,
        "11,21": 73.67343808745198,
        "11,22": 78.10587486757501,
        "11,23": 92.30573151180522,
        "11,24": 73.35575156068413,
        "11,25": 64.71125938571909,
        "11,26": 87.9174264357995,
        "11,27": 86.20915577019997,
        "11,28": 86.71736862375145,
        "11,29": 72.2867661927312,
        "11,30": 41.48096559997833,
        "12,0": 41.162200359163684,
        "12,1": 29.146013971893694,
        "12,2": 55.634305730950686,
        "12,3": 41.361125776249516,
        "12,4": 89.2522718674422,
        "12,5": 12.807584929498162,
        "12,6": 62.45662922738019,
        "12,7": 98.69245196135103,
        "12,8": 84.63108278112568,
        "12,9": 81.62187630414073,
        "12,10": 14.99461685728204,
        "12,11": 85.43132057139756,
        "12,12": 0.0,
        "12,13": 83.62728918126734,
        "12,14": 94.92351981094635,
        "12,15": 9.068255282057104,
        "12,16": 67.0399405041879,
        "12,17": 65.40385104452182,
        "12,18": 31.122559255088074,
        "12,19": 67.89172394201007,
        "12,20": 37.49734115158061,
        "12,21": 19.705166508306313,
        "12,22": 54.561645219239914,
        "12,23": 68.07480057512994,
        "12,24": 19.571443225490775,
        "12,25": 21.084749042114396,
        "12,26": 66.56922613062585,
        "12,27": 44.00632670824652,
        "12,28": 66.80563848237102,
        "12,29": 55.42855967941314,
        "12,30": 54.992223265483005,
        "13,0": 48.09905232508962,
        "13,1": 76.97373358426638,
        "13,2": 49.16395288564018,
        "13,3": 42.50568806064798,
        "13,4": 51.6977187834483,
        "13,5": 85.48010918981518,
        "13,6": 81.89178998900059,
        "13,7": 62.9674156156395,
        "13,8": 59.72650015639966,
        "13,9": 21.582947437698895,
        "13,10": 71.0724438066672,
        "13,11": 5.9201720770901,
        "13,12": 83.62728918126734,
        "13,13": 0.0,
        "13,14": 66.22078772523615,
        "13,15": 92.57677697370072,
        "13,16": 42.20578005346367,
        "13,17": 18.289426253191,
        "13,18": 96.50808432133654,
        "13,19": 39.089585616874984,
        "13,20": 47.57794846423426,
        "13,21": 70.79884879357616,
        "13,22": 73.13538905315689,
        "13,23": 87.00075207914105,
        "13,24": 72.71908786291252,
        "13,25": 62.669799480500195,
        "13,26": 82.60008812749501,
        "13,27": 81.80845522027228,
        "13,28": 81.37626205674006,
        "13,29": 67.24087038946183,
        "13,30": 43.16022109563179,
        "14,0": 58.290426926633934,
        "14,1": 69.28170835126913,
        "14,2": 99.02770185866848,
        "14,3": 67.68937994891188,
        "14,4": 14.55938788156499,
        "14,5": 104.64951086615952,
        "14,6": 45.05153144404286,
        "14,7": 7.202552025103123,
        "14,8": 10.517137152919844,
        "14,9": 44.63866888574503,
        "14,10": 80.3660561599519,
        "14,11": 72.13097537455187,
        "14,12": 94.92351981094635,
        "14,13": 66.22078772523615,
        "14,14": 0.0,
        "14,15": 100.67377347917662,
        "14,16": 98.91326640083473,
        "14,17": 66.18768457137998,
        "14,18": 122.43517184757803,
        "14,19": 34.62386454411597,
        "14,20": 79.51863924866522,
        "14,21": 75.22273897559786,
        "14,22": 45.40289654992651,
        "14,23": 45.215006266403854,
        "14,24": 98.0225662829125,
        "14,25": 79.24535475314671,
        "14,26": 42.14884969245287,
        "14,27": 60.5341614055538,
        "14,28": 40.80771878087669,
        "14,29": 41.58962615613213,
        "14,30": 92.4721887319366,
        "15,0": 49.090465082127146,
        "15,1": 32.46866081013081,
        "15,2": 63.98546085385265,
        "15,3": 50.20280848081931,
        "15,4": 95.94366563128098,
        "15,5": 16.420768222952237,
        "15,6": 65.226475718419,
        "15,7": 104.85433050317447,
        "15,8": 90.57214857782478,
        "15,9": 89.93930306714817,
        "15,10": 22.702869709138657,
        "15,11": 94.45541912522783,
        "15,12": 9.068255282057104,
        "15,13": 92.57677697370072,
        "15,14": 100.67377347917662,
        "15,15": 0.0,
        "15,16": 75.61195325473624,
        "15,17": 74.38315041592345,
        "15,18": 31.605642557229128,
        "15,19": 75.31098166623062,
        "15,20": 46.56036705855338,
        "15,21": 26.10670466971295,
        "15,22": 58.38048041523144,
        "15,23": 70.38710116728825,
        "15,24": 27.108076784411068,
        "15,25": 29.929753716906866,
        "15,26": 69.41841723750035,
        "15,27": 46.139401543878115,
        "15,28": 69.83161870772972,
        "15,29": 60.085965186548826,
        "15,30": 63.68770245957475,
        "16,0": 52.99929347428389,
        "16,1": 76.23198786111887,
        "16,2": 12.342556066750038,
        "16,3": 40.385518553744085,
        "16,4": 85.6502913228784,
        "16,5": 62.48528270939051,
        "16,6": 96.58844950670789,
        "16,7": 97.83423133926334,
        "16,8": 89.88006065810326,
        "16,9": 58.447395958824075,
        "16,10": 61.00744844954584,
        "16,11": 38.94437078844699,
        "16,12": 67.0399405041879,
        "16,13": 42.20578005346367,
        "16,14": 98.91326640083473,
        "16,15": 75.61195325473624,
        "16,16": 0.0,
        "16,17": 33.017939845077315,
        "16,18": 66.20900520254601,
        "16,19": 64.91707460354755,
        "16,20": 33.489789579385196,
        "16,21": 64.48095618589916,
        "16,22": 86.1503775818389,
        "16,23": 102.86487400839904,
        "16,24": 49.157793348206845,
        "16,25": 51.35245493002646,
        "16,26": 98.99854801022617,
        "16,27": 87.70514916272462,
        "16,28": 98.2094842898623,
        "16,29": 81.85794111836758,
        "16,30": 12.333715783600393,
        "17,0": 32.10134707253206,
        "17,1": 60.835481491716905,
        "17,2": 35.886752583424304,
        "17,3": 24.572637975788158,
        "17,4": 52.68322522834243,
        "17,5": 67.25589919856436,
        "17,6": 71.13960011840291,
        "17,7": 64.84926713901847,
        "17,8": 57.57442974472598,
        "17,9": 26.158259916332295,
        "17,10": 53.18606224545448,
        "17,11": 20.31708723801863,
        "17,12": 65.40385104452182,
        "17,13": 18.289426253191,
        "17,14": 66.18768457137998,
        "17,15": 74.38315041592345,
        "17,16": 33.017939845077315,
        "17,17": 0.0,
        "17,18": 78.87116859421678,
        "17,19": 33.09500470719846,
        "17,20": 29.404992751079536,
        "17,21": 53.39417152668762,
        "17,22": 61.400391554841555,
        "17,23": 76.89598993999824,
        "17,24": 54.64707838984374,
        "17,25": 44.52803662763924,
        "17,26": 72.64293959489746,
        "17,27": 67.67430916540765,
        "17,28": 71.59536589804165,
        "17,29": 56.005387404986,
        "17,30": 29.250187565268174,
        "18,0": 64.91313916738069,
        "18,1": 60.117495885307896,
        "18,2": 53.96831956096017,
        "18,3": 59.466509710448065,
        "18,4": 114.75553448257001,
        "18,5": 18.714406123855802,
        "18,6": 93.3461367270135,
        "18,7": 125.30891638367392,
        "18,8": 111.93893762560957,
        "18,9": 100.84985963124142,
        "18,10": 43.08760745576272,
        "18,11": 96.44947482399148,
        "18,12": 31.122559255088074,
        "18,13": 96.50808432133654,
        "18,14": 122.43517184757803,
        "18,15": 31.605642557229128,
        "18,16": 66.20900520254601,
        "18,17": 78.87116859421678,
        "18,18": 0.0,
        "18,19": 91.83720521305827,
        "18,20": 50.01304002039792,
        "18,21": 49.0837945281356,
        "18,22": 84.97176039894369,
        "18,23": 99.0867328403404,
        "18,24": 25.447981384075096,
        "18,25": 43.275642938947456,
        "18,26": 97.4087207937693,
        "18,27": 75.10943046562932,
        "18,28": 97.56613695422868,
        "18,29": 85.12934799401307,
        "18,30": 57.026268494064254,
        "19,0": 27.168494432519047,
        "19,1": 48.97785552830207,
        "19,2": 64.42660778902324,
        "19,3": 33.961904826278115,
        "19,4": 23.454210478414964,
        "19,5": 75.37332418252477,
        "19,6": 43.6979241374514,
        "19,7": 35.13557192498362,
        "19,8": 25.03470319426589,
        "19,9": 21.267677042752393,
        "19,10": 52.91925965533464,
        "19,11": 44.66906776546017,
        "19,12": 67.89172394201007,
        "19,13": 39.089585616874984,
        "19,14": 34.62386454411597,
        "19,15": 75.31098166623062,
        "19,16": 64.91707460354755,
        "19,17": 33.09500470719846,
        "19,18": 91.83720521305827,
        "19,19": 0.0,
        "19,20": 45.62444520805987,
        "19,21": 49.3253463864401,
        "19,22": 36.199003552053405,
        "19,23": 48.33384079016194,
        "19,24": 66.57298550064301,
        "19,25": 48.987596455035046,
        "19,26": 43.919840135559674,
        "19,27": 48.043914206751886,
        "19,28": 42.63193860382584,
        "19,29": 30.08960579628072,
        "19,30": 57.90187142969756,
        "20,0": 23.352407142850772,
        "20,1": 42.77682979694472,
        "20,2": 25.4420084059127,
        "20,3": 11.835512867942844,
        "20,4": 69.05375667281388,
        "20,5": 37.91231159721947,
        "20,6": 66.01049097221801,
        "20,7": 80.71658924665826,
        "20,8": 69.24438746845728,
        "20,9": 51.07443846546785,
        "20,10": 28.236998879334045,
        "20,11": 48.598916229853586,
        "20,12": 37.49734115158061,
        "20,13": 47.57794846423426,
        "20,14": 79.51863924866522,
        "20,15": 46.56036705855338,
        "20,16": 33.489789579385196,
        "20,17": 29.404992751079536,
        "20,18": 50.01304002039792,
        "20,19": 45.62444520805987,
        "20,20": 0.0,
        "20,21": 31.10418495225791,
        "20,22": 55.54730369162945,
        "20,23": 72.43361649525174,
        "20,24": 25.279879498055973,
        "20,25": 18.483455514093283,
        "20,26": 68.98610304061347,
        "20,27": 54.87747008881692,
        "20,28": 68.43053319775855,
        "20,29": 52.30032096238198,
        "20,30": 21.404578939205198,
        "21,0": 24.0171312056413,
        "21,1": 13.372829191997347,
        "21,2": 55.19474741871716,
        "21,3": 29.049556220458253,
        "21,4": 69.88804781886823,
        "21,5": 30.4568979634025,
        "21,6": 44.85796030458637,
        "21,7": 79.07038610609,
        "21,8": 64.9495531729099,
        "21,9": 65.11122343935848,
        "21,10": 6.2677555095983335,
        "21,11": 73.67343808745198,
        "21,12": 19.705166508306313,
        "21,13": 70.79884879357616,
        "21,14": 75.22273897559786,
        "21,15": 26.10670466971295,
        "21,16": 64.48095618589916,
        "21,17": 53.39417152668762,
        "21,18": 49.0837945281356,
        "21,19": 49.3253463864401,
        "21,20": 31.10418495225791,
        "21,21": 0.0,
        "21,22": 35.96584570042311,
        "21,23": 50.9174722351591,
        "21,24": 28.816681746080747,
        "21,25": 13.540178500729827,
        "21,26": 48.78121212331641,
        "21,27": 28.237425992311234,
        "21,28": 48.80996057067892,
        "21,29": 36.11726578826604,
        "21,30": 52.22827702227872,
        "22,0": 33.19313623419478,
        "22,1": 25.91207070612604,
        "22,2": 80.62128890224784,
        "22,3": 45.941416948610964,
        "22,4": 45.97355210157235,
        "22,5": 66.27608182035975,
        "22,6": 10.495732148081448,
        "22,7": 51.11687775884333,
        "22,8": 36.82261105398054,
        "22,9": 57.446850127080005,
        "22,10": 42.137825093979146,
        "22,11": 78.10587486757501,
        "22,12": 54.561645219239914,
        "22,13": 73.13538905315689,
        "22,14": 45.40289654992651,
        "22,15": 58.38048041523144,
        "22,16": 86.1503775818389,
        "22,17": 61.400391554841555,
        "22,18": 84.97176039894369,
        "22,19": 36.199003552053405,
        "22,20": 55.54730369162945,
        "22,21": 35.96584570042311,
        "22,22": 0.0,
        "22,23": 16.895139620608454,
        "22,24": 63.93704792348106,
        "22,25": 45.5319481744063,
        "22,26": 13.569870352811884,
        "22,27": 15.147870359462896,
        "22,28": 13.243294543223348,
        "22,29": 6.109511107881966,
        "22,30": 75.49626426517789,
        "23,0": 50.006947755133965,
        "23,1": 38.96937444514712,
        "23,2": 97.51113690849029,
        "23,3": 62.774739486932646,
        "23,4": 50.862945994454236,
        "23,5": 80.41625169263678,
        "23,6": 6.432537487141831,
        "23,7": 52.08859142994504,
        "23,8": 39.74533241939722,
        "23,9": 69.21972123063429,
        "23,10": 57.18514292936223,
        "23,11": 92.30573151180522,
        "23,12": 68.07480057512994,
        "23,13": 87.00075207914105,
        "23,14": 45.215006266403854,
        "23,15": 70.38710116728825,
        "23,16": 102.86487400839904,
        "23,17": 76.89598993999824,
        "23,18": 99.0867328403404,
        "23,19": 48.33384079016194,
        "23,20": 72.43361649525174,
        "23,21": 50.9174722351591,
        "23,22": 16.895139620608454,
        "23,23": 0.0,
        "23,24": 79.55034141154606,
        "23,25": 61.688009900695704,
        "23,26": 4.414335098507508,
        "23,27": 24.26001131037596,
        "23,28": 5.736096682488184,
        "23,29": 21.13787528397122,
        "23,30": 92.34390678083042,
        "24,0": 39.92865077990365,
        "24,1": 41.87792204325681,
        "24,2": 37.19850251119246,
        "24,3": 34.04869983155638,
        "24,4": 89.67815903985671,
        "24,5": 13.574778182443955,
        "24,6": 73.36959649877295,
        "24,7": 100.50767894023271,
        "24,8": 87.50559501959921,
        "24,9": 75.56570994328452,
        "24,10": 22.62262060891993,
        "24,11": 73.35575156068413,
        "24,12": 19.571443225490775,
        "24,13": 72.71908786291252,
        "24,14": 98.0225662829125,
        "24,15": 27.108076784411068,
        "24,16": 49.157793348206845,
        "24,17": 54.64707838984374,
        "24,18": 25.447981384075096,
        "24,19": 66.57298550064301,
        "24,20": 25.279879498055973,
        "24,21": 28.816681746080747,
        "24,22": 63.93704792348106,
        "24,23": 79.55034141154606,
        "24,24": 0.0,
        "24,25": 19.07260359068477,
        "24,26": 77.16436212378004,
        "24,27": 57.00109199079119,
        "24,28": 77.0683102674065,
        "24,29": 62.97953113944624,
        "24,30": 37.72176231444656,
        "25,0": 21.83438343617157,
        "25,1": 26.5584850311005,
        "25,2": 41.717290495792064,
        "25,3": 20.283704935521097,
        "25,4": 71.58012075758802,
        "25,5": 26.40513019378525,
        "25,6": 55.36357236011356,
        "25,7": 82.03350843745118,
        "25,8": 68.7346740033381,
        "25,9": 60.92548006551614,
        "25,10": 9.760877011423204,
        "25,11": 64.71125938571909,
        "25,12": 21.084749042114396,
        "25,13": 62.669799480500195,
        "25,14": 79.24535475314671,
        "25,15": 29.929753716906866,
        "25,16": 51.35245493002646,
        "25,17": 44.52803662763924,
        "25,18": 43.275642938947456,
        "25,19": 48.987596455035046,
        "25,20": 18.483455514093283,
        "25,21": 13.540178500729827,
        "25,22": 45.5319481744063,
        "25,23": 61.688009900695704,
        "25,24": 19.07260359068477,
        "25,25": 0.0,
        "25,26": 58.97632412366687,
        "25,27": 40.64081845968743,
        "25,28": 58.76229247492676,
        "25,29": 44.129405176142626,
        "25,30": 39.03559756499089,
        "26,0": 46.29387773099136,
        "26,1": 37.43545122202859,
        "26,2": 93.91190179008206,
        "26,3": 59.065889805488034,
        "26,4": 47.006020162554115,
        "26,5": 78.69902268714215,
        "26,6": 4.2051099356563135,
        "26,7": 48.86553853005363,
        "26,8": 36.06842525376843,
        "26,9": 64.82088369642456,
        "26,10": 55.02982390176117,
        "26,11": 87.9174264357995,
        "26,12": 66.56922613062585,
        "26,13": 82.60008812749501,
        "26,14": 42.14884969245287,
        "26,15": 69.41841723750035,
        "26,16": 98.99854801022617,
        "26,17": 72.64293959489746,
        "26,18": 97.4087207937693,
        "26,19": 43.919840135559674,
        "26,20": 68.98610304061347,
        "26,21": 48.78121212331641,
        "26,22": 13.569870352811884,
        "26,23": 4.414335098507508,
        "26,24": 77.16436212378004,
        "26,25": 58.97632412366687,
        "26,26": 0.0,
        "26,27": 23.437350856508214,
        "26,28": 1.4413664840125648,
        "26,29": 17.145374611745485,
        "26,30": 88.63287689127264,
        "27,0": 36.156410103549675,
        "27,1": 15.248662553235203,
        "27,2": 80.27756286514987,
        "27,3": 47.73267593930469,
        "27,4": 60.72024464384033,
        "27,5": 56.5309165801893,
        "27,6": 19.23307026157939,
        "27,7": 66.25676106577374,
        "27,8": 51.92226322207971,
        "27,9": 68.7296623036783,
        "27,10": 34.378967225439496,
        "27,11": 86.20915577019997,
        "27,12": 44.00632670824652,
        "27,13": 81.80845522027228,
        "27,14": 60.5341614055538,
        "27,15": 46.139401543878115,
        "27,16": 87.70514916272462,
        "27,17": 67.67430916540765,
        "27,18": 75.10943046562932,
        "27,19": 48.043914206751886,
        "27,20": 54.87747008881692,
        "27,21": 28.237425992311234,
        "27,22": 15.147870359462896,
        "27,23": 24.26001131037596,
        "27,24": 57.00109199079119,
        "27,25": 40.64081845968743,
        "27,26": 23.437350856508214,
        "27,27": 0.0,
        "27,28": 24.00349188358744,
        "27,29": 19.929912102995647,
        "27,30": 76.08390717311698,
        "28,0": 45.61660406802865,
        "28,1": 37.707502661074805,
        "28,2": 93.2696475085515,
        "28,3": 58.380238222766145,
        "28,4": 45.56726106163916,
        "28,5": 78.85207663331141,
        "28,6": 4.899286635744249,
        "28,7": 47.495596975498636,
        "28,8": 34.64353104051831,
        "28,9": 63.487071266210044,
        "28,10": 55.0425437481456,
        "28,11": 86.71736862375145,
        "28,12": 66.80563848237102,
        "28,13": 81.37626205674006,
        "28,14": 40.80771878087669,
        "28,15": 69.83161870772972,
        "28,16": 98.2094842898623,
        "28,17": 71.59536589804165,
        "28,18": 97.56613695422868,
        "28,19": 42.63193860382584,
        "28,20": 68.43053319775855,
        "28,21": 48.80996057067892,
        "28,22": 13.243294543223348,
        "28,23": 5.736096682488184,
        "28,24": 77.0683102674065,
        "28,25": 58.76229247492676,
        "28,26": 1.4413664840125648,
        "28,27": 24.00349188358744,
        "28,28": 0.0,
        "28,29": 16.36626955190567,
        "28,30": 87.93311610363492,
        "29,0": 29.294985155498136,
        "29,1": 27.943852548826683,
        "29,2": 76.96607792766888,
        "29,3": 42.041834555026796,
        "29,4": 40.79575663627251,
        "29,5": 66.56329351459108,
        "29,6": 15.148202570798109,
        "29,7": 46.841025961338765,
        "29,8": 32.36360402716073,
        "29,9": 51.339594737018174,
        "29,10": 42.04262082962481,
        "29,11": 72.2867661927312,
        "29,12": 55.42855967941314,
        "29,13": 67.24087038946183,
        "29,14": 41.58962615613213,
        "29,15": 60.085965186548826,
        "29,16": 81.85794111836758,
        "29,17": 56.005387404986,
        "29,18": 85.12934799401307,
        "29,19": 30.08960579628072,
        "29,20": 52.30032096238198,
        "29,21": 36.11726578826604,
        "29,22": 6.109511107881966,
        "29,23": 21.13787528397122,
        "29,24": 62.97953113944624,
        "29,25": 44.129405176142626,
        "29,26": 17.145374611745485,
        "29,27": 19.929912102995647,
        "29,28": 16.36626955190567,
        "29,29": 0.0,
        "29,30": 71.57893608761829,
        "30,0": 42.34495656016252,
        "30,1": 64.17441467674725,
        "30,2": 6.705756187748133,
        "30,3": 29.571994722008647,
        "30,4": 80.03078826087521,
        "30,5": 51.23779610839447,
        "30,6": 85.98667197254916,
        "30,7": 92.20220453483587,
        "30,8": 82.88538946811019,
        "30,9": 55.38032212995638,
        "30,10": 48.676814148401235,
        "30,11": 41.48096559997833,
        "30,12": 54.992223265483005,
        "30,13": 43.16022109563179,
        "30,14": 92.4721887319366,
        "30,15": 63.68770245957475,
        "30,16": 12.333715783600393,
        "30,17": 29.250187565268174,
        "30,18": 57.026268494064254,
        "30,19": 57.90187142969756,
        "30,20": 21.404578939205198,
        "30,21": 52.22827702227872,
        "30,22": 75.49626426517789,
        "30,23": 92.34390678083042,
        "30,24": 37.72176231444656,
        "30,25": 39.03559756499089,
        "30,26": 88.63287689127264,
        "30,27": 76.08390717311698,
        "30,28": 87.93311610363492,
        "30,29": 71.57893608761829,
        "30,30": 0.0
    }
}