{
    "num_robots": 2,
    "num_tasks": 60,
    "num_nodes": 61,
    "robot_capacity": [
        421,
        415
    ],
    "robot_speed": [
        0.88,
        0.84
    ],
    "task_demand": {
        "0": 0,
        "1": 11,
        "2": 13,
        "3": 12,
        "4": 15,
        "5": 15,
        "6": 5,
        "7": 12,
        "8": 10,
        "9": 6,
        "10": 6,
        "11": 13,
        "12": 14,
        "13": 5,
        "14": 8,
        "15": 5,
        "16": 14,
        "17": 10,
        "18": 12,
        "19": 5,
        "20": 10,
        "21": 12,
        "22": 15,
        "23": 11,
        "24": 7,
        "25": 6,
        "26": 14,
        "27": 6,
        "28": 9,
        "29": 11,
        "30": 6,
        "31": 5,
        "32": 6,
        "33": 15,
        "34": 6,
        "35": 12,
        "36": 13,
        "37": 7,
        "38": 8,
        "39": 13,
        "40": 6,
        "41": 8,
        "42": 12,
        "43": 8,
        "44": 12,
        "45": 8,
        "46": 8,
        "47": 14,
        "48": 8,
        "49": 13,
        "50": 11,
        "51": 9,
        "52": 5,
        "53": 5,
        "54": 11,
        "55": 5,
        "56": 5,
        "57": 11,
        "58": 6,
        "59": 13,
        "60": 8
    },
    "task_service_time": {
        "0": 0,
        "1": 61,
        "2": 76,
        "3": 16,
        "4": 26,
        "5": 72,
        "6": 28,
        "7": 23,
        "8": 63,
        "9": 82,
        "10": 54,
        "11": 18,
        "12": 41,
        "13": 79,
        "14": 58,
        "15": 97,
        "16": 58,
        "17": 34,
        "18": 38,
        "19": 35,
        "20": 76,
        "21": 14,
        "22": 81,
        "23": 90,
        "24": 53,
        "25": 68,
        "26": 70,
        "27": 62,
        "28": 99,
        "29": 69,
        "30": 98,
        "31": 93,
        "32": 52,
        "33": 24,
        "34": 62,
        "35": 19,
        "36": 53,
        "37": 32,
        "38": 99,
        "39": 71,
        "40": 89,
        "41": 59,
        "42": 44,
        "43": 86,
        "44": 43,
        "45": 81,
        "46": 11,
        "47": 41,
        "48": 71,
        "49": 44,
        "50": 50,
        "51": 20,
        "52": 15,
        "53": 79,
        "54": 73,
        "55": 45,
        "56": 74,
        "57": 79,
        "58": 66,
        "59": 45,
        "60": 27
    },
    "task_precedence": [],
    "coordinates": {
        "0": [
            50.0,
            50.0
        ],
        "1": [
            55.301243024174376,
            25.803895886911665
        ],
        "2": [
            81.31185562076092,
            55.74513744017947
        ],
        "3": [
            7.2469313703064975,
            46.80577751328108
        ],
        "4": [
            85.65248397457637,
            13.952483724821773
        ],
        "5": [
            88.58493518515307,
            59.99972301930671
        ],
        "6": [
            69.52167705307536,
            86.282360670725
        ],
        "7": [
            17.234680049698635,
            54.94551466187419
        ],
        "8": [
            98.28092591464235,
            7.629907395663171
        ],
        "9": [
            9.020303018707365,
            42.64588047893043
        ],
        "10": [
            70.92434366277078,
            0.09284159180732443
        ],
        "11": [
            83.76211034256053,
            96.61480274764156
        ],
        "12": [
            80.46560323231417,
            76.55769182593917
        ],
        "13": [
            35.90886783324133,
            18.656363530196707
        ],
        "14": [
            17.879916010613517,
            56.955666873004574
        ],
        "15": [
            88.96090932994383,
            70.15783151375948
        ],
        "16": [
            10.24573538844631,
            65.93461160627294
        ],
        "17": [
            49.73984568457009,
            62.99419410321466
        ],
        "18": [
            81.70818332403968,
            35.55160481737813
        ],
        "19": [
            6.269567204473248,
            94.36382188942896
        ],
        "20": [
            45.85243572694365,
            87.71653439910203
        ],
        "21": [
            42.95306921601101,
            30.34275410251527
        ],
        "22": [
            21.059463067314212,
            52.15374812345441
        ],
        "23": [
            96.47008203618972,
            37.4847241535833
        ],
        "24": [
            56.10195597789398,
            3.640621332829519
        ],
        "25": [
            23.956779306732656,
            28.08749433251345
        ],
        "26": [
            35.48296552684644,
            44.89761198815817
        ],
        "27": [
            76.88915215560323,
            0.1741661669271921
        ],
        "28": [
            24.048336245865578,
            79.63910424565368
        ],
        "29": [
            60.58127342026688,
            65.03950607882683
        ],
        "30": [
            11.996851452248357,
            6.599157549417378
        ],
        "31": [
            22.030708905566744,
            51.164187280568996
        ],
        "32": [
            97.30442053764132,
            99.61185952573003
        ],
        "33": [
            42.427988946087694,
            48.48254481066988
        ],
        "34": [
            43.65456318638334,
            48.118489527835514
        ],
        "35": [
            46.056962737545646,
            86.61546348156139
        ],
        "36": [
            62.4102407638015,
            89.56671130072613
        ],
        "37": [
            81.06725692611678,
            10.084733694597592
        ],
        "38": [
            62.25522956376774,
            58.580839063224786
        ],
        "39": [
            90.44121748441665,
            91.39793256906994
        ],
        "40": [
            27.916131620352147,
            69.28654484796573
        ],
        "41": [
            8.235810917334497,
            69.89302556745926
        ],
        "42": [
            38.867860634770366,
            57.51184290968122
        ],
        "43": [
            17.13216832224346,
            97.87138522853107
        ],
        "44": [
            78.0895478997091,
            43.94063595379434
        ],
        "45": [
            46.713426392965,
            61.318628730310046
        ],
        "46": [
            91.1653216474225,
            45.06250335711639
        ],
        "47": [
            72.36694173318384,
            3.466261188292785
        ],
        "48": [
            89.60204602567508,
            64.08698028539517
        ],
        "49": [
            15.371343266463066,
            11.925781030688876
        ],
        "50": [
            1.1792615850946153,
            82.65832472625763
        ],
        "51": [
            88.74746861288591,
            62.03665679397962
        ],
        "52": [
            61.731566656673245,
            72.28594267421445
        ],
        "53": [
            31.313882074268594,
            3.617464113356217
        ],
        "54": [
            27.281923393130057,
            63.39870629546985
        ],
        "55": [
            87.03521571760712,
            25.706374202321424
        ],
        "56": [
            28.003422866482786,
            86.76251608310628
        ],
        "57": [
            41.1219500055269,
            42.37121676044031
        ],
        "58": [
            53.615567600977975,
            18.594664893601397
        ],
        "59": [
            32.0291597276222,
            8.9509261200438
        ],
        "60": [
            19.206246564657516,
            77.10982117004409
        ]
    },
    "distance_matrix_str_keys": {
        "0,0": 0.0,
        "0,1": 24.7700349586505,
        "0,2": 31.834555228900705,
        "0,3": 42.872228010099306,
        "0,4": 50.70032586844649,
        "0,5": 39.85964981915065,
        "0,6": 41.20079575451354,
        "0,7": 33.1364498206496,
        "0,8": 64.23606895253836,
        "0,9": 41.63434445993765,
        "0,10": 54.11610313112145,
        "0,11": 57.557101473100296,
        "0,12": 40.41613508773875,
        "0,13": 34.36544125851208,
        "0,14": 32.86458728074118,
        "0,15": 43.86673713821463,
        "0,16": 42.82888513431325,
        "0,17": 12.99679809260171,
        "0,18": 34.84487068513986,
        "0,19": 62.29365493468061,
        "0,20": 37.94389616891998,
        "0,21": 20.882206534475998,
        "0,22": 29.020566998793004,
        "0,23": 48.125883409679915,
        "0,24": 46.75923285472354,
        "0,25": 34.03538230585722,
        "0,26": 15.387613632987932,
        "0,27": 56.6183735266933,
        "0,28": 39.39499145947846,
        "0,29": 18.38885777555299,
        "0,30": 57.687714679667906,
        "0,31": 27.993509539701915,
        "0,32": 68.54957919639472,
        "0,33": 7.7225657428211685,
        "0,34": 6.618508140998706,
        "0,35": 36.8271599342477,
        "0,36": 41.46732109710644,
        "0,37": 50.58065773736582,
        "0,38": 14.960663444166215,
        "0,39": 57.87297203889868,
        "0,40": 29.32009643200724,
        "0,41": 46.25991737952224,
        "0,42": 13.429531292886706,
        "0,43": 58.06861357821244,
        "0,44": 28.735667625000502,
        "0,45": 11.786132631574239,
        "0,46": 41.46037360461479,
        "0,47": 51.63011650472839,
        "0,48": 42.032904527058314,
        "0,49": 51.46639697212332,
        "0,50": 58.736961730262394,
        "0,51": 40.57397479521367,
        "0,52": 25.18517216733569,
        "0,53": 50.00510612337643,
        "0,54": 26.37491867490542,
        "0,55": 44.292069918297194,
        "0,56": 42.840774903722505,
        "0,57": 11.70547331040273,
        "0,58": 31.61277277023378,
        "0,59": 44.81046269006177,
        "0,60": 41.0267919109993,
        "1,0": 24.7700349586505,
        "1,1": 0.0,
        "1,2": 39.66144114124999,
        "1,3": 52.44326363199658,
        "1,4": 32.58302928619577,
        "1,5": 47.719584628697675,
        "1,6": 62.127815401616004,
        "1,7": 47.94055862748135,
        "1,8": 46.66419397187975,
        "1,9": 49.25015586561563,
        "1,10": 30.085537830152127,
        "1,11": 76.31648248546146,
        "1,12": 56.649738100943196,
        "1,13": 20.66764220553962,
        "1,14": 48.69074399745643,
        "1,15": 55.6798414276326,
        "1,16": 60.33633326994059,
        "1,17": 37.60382190398347,
        "1,18": 28.148611429229437,
        "1,19": 84.28860354258406,
        "1,20": 62.62950396483561,
        "1,21": 13.155935173827974,
        "1,22": 43.206645409030166,
        "1,23": 42.79386702078596,
        "1,24": 22.177733883196442,
        "1,25": 31.427539318164495,
        "1,26": 27.519704168397137,
        "1,27": 33.51001143220164,
        "1,28": 62.24928787643138,
        "1,29": 39.589289310564524,
        "1,30": 47.37185138905086,
        "1,31": 41.83387168442152,
        "1,32": 84.92280269595999,
        "1,33": 26.077610848504793,
        "1,34": 25.171139040646676,
        "1,35": 61.510189979680646,
        "1,36": 64.15788710952222,
        "1,37": 30.182437483135214,
        "1,38": 33.5065058276166,
        "1,39": 74.41367786453512,
        "1,40": 51.387596628661385,
        "1,41": 64.49035784822176,
        "1,42": 35.713442303355954,
        "1,43": 81.55121877449784,
        "1,44": 29.124700502391217,
        "1,45": 36.53829283682033,
        "1,46": 40.70781371169359,
        "1,47": 28.110638490714315,
        "1,48": 51.401747417857024,
        "1,49": 42.27291055301711,
        "1,50": 78.49595501387539,
        "1,51": 49.30986685319414,
        "1,52": 46.924724139366866,
        "1,53": 32.674626856074354,
        "1,54": 46.88765340942177,
        "1,55": 31.73412254004355,
        "1,56": 66.79164889105209,
        "1,57": 21.806615313595167,
        "1,58": 7.403682404538549,
        "1,59": 28.73347265689661,
        "1,60": 62.730747951629766,
        "2,0": 31.834555228900705,
        "2,1": 39.66144114124999,
        "2,2": 0.0,
        "2,3": 74.60244741379594,
        "2,4": 42.017460169288526,
        "2,5": 8.426101399822823,
        "2,6": 32.734237631111576,
        "2,7": 64.08216464627522,
        "2,8": 51.019846225517114,
        "2,9": 73.46876282170749,
        "2,10": 56.61341217301893,
        "2,11": 40.94304935572914,
        "2,12": 20.829751874786155,
        "2,13": 58.62600489696933,
        "2,14": 63.443489376082745,
        "2,15": 16.316671630714797,
        "2,16": 71.79288842674659,
        "2,17": 32.39352765468478,
        "2,18": 20.197421504650745,
        "2,19": 84.39637337791244,
        "2,20": 47.74453563195527,
        "2,21": 46.007364341797135,
        "2,22": 60.35933138826943,
        "2,23": 23.732141105654613,
        "2,24": 57.88280952739348,
        "2,25": 63.6753484580888,
        "2,26": 47.095179962203595,
        "2,27": 55.74668738313827,
        "2,28": 62.04862851747908,
        "2,29": 22.718765960379802,
        "2,30": 84.96997788809942,
        "2,31": 59.457879715250634,
        "2,32": 46.691020969256634,
        "2,33": 39.55629329545389,
        "2,34": 38.42183535266231,
        "2,35": 46.86026570676063,
        "2,36": 38.74493389599784,
        "2,37": 45.661058887535326,
        "2,38": 19.26645271893644,
        "2,39": 36.80308476935333,
        "2,40": 55.086051375202764,
        "2,41": 74.43299703733017,
        "2,42": 42.48074809353949,
        "2,43": 76.7701310045846,
        "2,44": 12.236401529502816,
        "2,45": 35.04447331879828,
        "2,46": 14.533047295429643,
        "2,47": 53.038593369510195,
        "2,48": 11.760680210090195,
        "2,49": 79.17251521638852,
        "2,50": 84.5313685963999,
        "2,51": 9.740203095824016,
        "2,52": 25.63173723545583,
        "2,53": 72.22943780221294,
        "2,54": 54.56932006856101,
        "2,55": 30.579145633229572,
        "2,56": 61.6754957871932,
        "2,57": 42.35670274831805,
        "2,58": 46.33834244455474,
        "2,59": 67.95941676890044,
        "2,60": 65.6776703842843,
        "3,0": 42.872228010099306,
        "3,1": 52.44326363199658,
        "3,2": 74.60244741379594,
        "3,3": 0.0,
        "3,4": 85.0104087270009,
        "3,5": 82.40115935228079,
        "3,6": 73.73292729601968,
        "3,7": 12.884504046756557,
        "3,8": 99.1056858216048,
        "3,9": 4.522122326933598,
        "3,10": 78.97411739720928,
        "3,11": 91.29902303942373,
        "3,12": 79.03259020495345,
        "3,13": 40.17332584435074,
        "3,14": 14.699680825638128,
        "3,15": 84.98524942617604,
        "3,16": 19.362466766825428,
        "3,17": 45.47210791912538,
        "3,18": 75.3069349103158,
        "3,19": 47.56808620909933,
        "3,20": 56.25011107189991,
        "3,21": 39.31869046242353,
        "3,22": 14.811712309119446,
        "3,23": 89.70871000343963,
        "3,24": 65.19236257024863,
        "3,25": 25.09169470749024,
        "3,26": 28.30043675565022,
        "3,27": 83.81256524331788,
        "3,28": 36.88244230127926,
        "3,29": 56.36506807681661,
        "3,30": 40.48622024471286,
        "3,31": 15.412845743458805,
        "3,32": 104.39747914882865,
        "3,33": 35.2209931819082,
        "3,34": 36.431289673688006,
        "3,35": 55.59702898194453,
        "3,36": 69.79604689104329,
        "3,37": 82.44922998002764,
        "3,38": 56.25446599733851,
        "3,39": 94.39146960692973,
        "3,40": 30.53851238899353,
        "3,41": 23.108416334177566,
        "3,42": 33.38417295396464,
        "3,43": 52.01359630830903,
        "3,44": 70.90053140060296,
        "3,45": 42.05029226796346,
        "3,46": 83.936495229941,
        "3,47": 78.22358611662584,
        "3,48": 84.14870693688542,
        "3,49": 35.81368765268462,
        "3,50": 36.36236733603969,
        "3,51": 82.91150254634327,
        "3,52": 60.14826929278052,
        "3,53": 49.44136456973119,
        "3,54": 26.013961461595812,
        "3,55": 82.53093443772603,
        "3,56": 45.02635779594209,
        "3,57": 34.16404859800965,
        "3,58": 54.27630515365421,
        "3,59": 45.24542646896171,
        "3,60": 32.5785248571637,
        "4,0": 50.70032586844649,
        "4,1": 32.58302928619577,
        "4,2": 42.017460169288526,
        "4,3": 85.0104087270009,
        "4,4": 0.0,
        "4,5": 46.140519250935725,
        "4,6": 74.1067745280298,
        "4,7": 79.75853859812848,
        "4,8": 14.122765921435297,
        "4,9": 81.82788140567826,
        "4,10": 20.22394118611558,
        "4,11": 82.68393132101941,
        "4,12": 62.81970879603523,
        "4,13": 49.96552643613296,
        "4,14": 80.26452970837191,
        "4,15": 56.30263580337498,
        "4,16": 91.58776856881803,
        "4,17": 60.78492367180363,
        "4,18": 21.95630978996099,
        "4,19": 112.99394134356024,
        "4,20": 83.81634096279602,
        "4,21": 45.73708543160448,
        "4,22": 75.04395346448803,
        "4,23": 25.89955149070461,
        "4,24": 31.29805442633925,
        "4,25": 63.294221689988014,
        "4,26": 58.94558121277162,
        "4,27": 16.329054451976493,
        "4,28": 90.05444538071733,
        "4,29": 56.90737607425888,
        "4,30": 74.02177793126906,
        "4,31": 73.70509578348342,
        "4,32": 86.44822894814511,
        "4,33": 55.323431645734374,
        "4,34": 54.14001572832155,
        "4,35": 82.75091497476329,
        "4,36": 79.10570953710904,
        "4,37": 5.9986496298937615,
        "4,38": 50.38969750033104,
        "4,39": 77.5933599950107,
        "4,40": 79.97089910430522,
        "4,41": 95.51275039961814,
        "4,42": 63.92353833794809,
        "4,43": 108.33935428404861,
        "4,44": 30.927128482621224,
        "4,45": 61.31722350225088,
        "4,46": 31.594694186348885,
        "4,47": 16.925321141220152,
        "4,48": 50.2898278559156,
        "4,49": 70.31035672675844,
        "4,50": 108.88626124804462,
        "4,51": 48.18367596661857,
        "4,52": 63.04762262235142,
        "4,53": 55.312713609526604,
        "4,54": 76.49870109419088,
        "4,55": 11.834943533039851,
        "4,56": 92.86934401975253,
        "4,57": 52.826062156083765,
        "4,58": 32.37149759792879,
        "4,59": 53.856071911789996,
        "4,60": 91.67306986844599,
        "5,0": 39.85964981915065,
        "5,1": 47.719584628697675,
        "5,2": 8.426101399822823,
        "5,3": 82.40115935228079,
        "5,4": 46.140519250935725,
        "5,5": 0.0,
        "5,6": 32.4682129555351,
        "5,7": 71.52904256324688,
        "5,8": 53.25983312667024,
        "5,9": 81.43516772683641,
        "5,10": 62.45583187572568,
        "5,11": 36.93133768190161,
        "5,12": 18.441526031264456,
        "5,13": 66.962985637656,
        "5,14": 70.7705165608804,
        "5,15": 10.165063932048074,
        "5,16": 78.5636883510954,
        "5,17": 38.960336694908875,
        "5,18": 25.396854131462778,
        "5,19": 89.20039852461572,
        "5,20": 50.93415497491855,
        "5,21": 54.42244938586722,
        "5,22": 67.97976689282905,
        "5,23": 23.855831882077375,
        "5,24": 65.04992145334153,
        "5,25": 72.07765861904504,
        "5,26": 55.20772535785962,
        "5,27": 60.958088826435485,
        "5,28": 67.45871254036972,
        "5,29": 28.453549612116497,
        "5,30": 93.36677654488433,
        "5,31": 67.13815403676877,
        "5,32": 40.56045837285092,
        "5,33": 47.57214605213297,
        "5,34": 46.47474623090144,
        "5,35": 50.169971904103726,
        "5,36": 39.4882441251156,
        "5,37": 50.477932264428304,
        "5,38": 26.367909090211096,
        "5,39": 31.453033985696866,
        "5,40": 61.37547381211537,
        "5,41": 80.95590902407702,
        "5,42": 49.77928333441716,
        "5,43": 80.86878687636477,
        "5,44": 19.18456232623422,
        "5,45": 41.89227566997047,
        "5,46": 15.158460526425113,
        "5,47": 58.81373664550507,
        "5,48": 4.211910068021435,
        "5,49": 87.58615153071553,
        "5,50": 90.29487254985298,
        "5,51": 2.0434080154325067,
        "5,52": 29.5305705115054,
        "5,53": 80.36748499093017,
        "5,54": 61.39716884421096,
        "5,55": 34.32834693823047,
        "5,56": 66.2296514213457,
        "5,57": 50.63101021192749,
        "5,58": 54.19626839211526,
        "5,59": 76.18750161584803,
        "5,60": 71.45738515666206,
        "6,0": 41.20079575451354,
        "6,1": 62.127815401616004,
        "6,2": 32.734237631111576,
        "6,3": 73.73292729601968,
        "6,4": 74.1067745280298,
        "6,5": 32.4682129555351,
        "6,6": 0.0,
        "6,7": 60.95841183473824,
        "6,8": 83.7454643623601,
        "6,9": 74.59596948612825,
        "6,10": 86.20093197102376,
        "6,11": 17.594013173381256,
        "6,12": 14.640310937865236,
        "6,13": 75.51884819632579,
        "6,14": 59.38793187737711,
        "6,15": 25.256369336226378,
        "6,16": 62.67111098599112,
        "6,17": 30.555843211537876,
        "6,18": 52.173944881944095,
        "6,19": 63.76628745449311,
        "6,20": 23.712651459459952,
        "6,21": 61.928430509789365,
        "6,22": 59.27350486350051,
        "6,23": 55.744289938907855,
        "6,24": 83.72422585206941,
        "6,25": 73.91077306290994,
        "6,26": 53.58480480402114,
        "6,27": 86.42280283634778,
        "6,28": 45.95603964766658,
        "6,29": 23.047552762279643,
        "6,30": 98.2777615744128,
        "6,31": 59.06503329253899,
        "6,32": 30.814872630838057,
        "6,33": 46.50692436931085,
        "6,34": 46.10410654598442,
        "6,35": 23.46707854403723,
        "6,36": 7.833229548352971,
        "6,37": 77.06736515152078,
        "6,38": 28.638707346625583,
        "6,39": 21.53592922781971,
        "6,40": 44.94306583039869,
        "6,41": 63.439480555369364,
        "6,42": 42.0404466347074,
        "6,43": 53.65599794300116,
        "6,44": 43.19988498652436,
        "6,45": 33.81426046163539,
        "6,46": 46.556675013156436,
        "6,47": 82.86496162180961,
        "6,48": 29.930855793398713,
        "6,49": 91.98456166643705,
        "6,50": 68.43843502393143,
        "6,51": 30.94325803111412,
        "6,52": 16.018287571434616,
        "6,53": 91.06767110222492,
        "6,54": 48.0401751331008,
        "6,55": 63.0569121760197,
        "6,56": 41.521030573945914,
        "6,57": 52.294675215407814,
        "6,58": 69.5314927030805,
        "6,59": 85.94090775099886,
        "6,60": 51.144677397812956,
        "7,0": 33.1364498206496,
        "7,1": 47.94055862748135,
        "7,2": 64.08216464627522,
        "7,3": 12.884504046756557,
        "7,4": 79.75853859812848,
        "7,5": 71.52904256324688,
        "7,6": 60.95841183473824,
        "7,7": 0.0,
        "7,8": 93.84700666388474,
        "7,9": 14.790435796200043,
        "7,10": 76.75542796321626,
        "7,11": 78.49986338170451,
        "7,12": 66.8224202517146,
        "7,13": 40.81210334242459,
        "7,14": 2.111170612994155,
        "7,15": 73.32166494812058,
        "7,16": 13.023271445049483,
        "7,17": 33.48681880531331,
        "7,18": 67.32723344622818,
        "7,19": 40.91499290473387,
        "7,20": 43.50765075961085,
        "7,21": 35.59116981009532,
        "7,22": 4.735285158982601,
        "7,23": 81.13647843686128,
        "7,24": 64.36503101516479,
        "7,25": 27.686456516386713,
        "7,26": 20.831713107566383,
        "7,27": 80.98491623869893,
        "7,28": 25.616386889873972,
        "7,29": 44.506357069062666,
        "7,30": 48.629261710018504,
        "7,31": 6.107399573544208,
        "7,32": 91.68558068367888,
        "7,33": 26.00909057322943,
        "7,34": 27.28769864127191,
        "7,35": 42.82183599029556,
        "7,36": 56.91624146532909,
        "7,37": 78.01978941062195,
        "7,38": 45.1670838338253,
        "7,39": 81.78004582085788,
        "7,40": 17.8817939383778,
        "7,41": 17.447284256697394,
        "7,42": 21.784869586523048,
        "7,43": 42.925992971154955,
        "7,44": 61.84191375128834,
        "7,45": 30.159792255583177,
        "7,46": 74.58829452066234,
        "7,47": 75.42996630340977,
        "7,48": 72.94245712921199,
        "7,49": 43.060068574793235,
        "7,50": 32.02774271999417,
        "7,51": 71.86350412289154,
        "7,52": 47.756291327584385,
        "7,53": 53.22398616,
        "7,54": 13.13025314289175,
        "7,55": 75.67722322033505,
        "7,56": 33.589989599473306,
        "7,57": 26.99471492082515,
        "7,58": 51.42910905211533,
        "7,59": 48.315409592310914,
        "7,60": 22.251821442547335,
        "8,0": 64.23606895253836,
        "8,1": 46.66419397187975,
        "8,2": 51.019846225517114,
        "8,3": 99.1056858216048,
        "8,4": 14.122765921435297,
        "8,5": 53.25983312667024,
        "8,6": 83.7454643623601,
        "8,7": 93.84700666388474,
        "8,8": 0.0,
        "8,9": 95.88314330860462,
        "8,10": 28.375869210212183,
        "8,11": 90.16156390845643,
        "8,12": 71.19287315976281,
        "8,13": 63.33921663706029,
        "8,14": 94.3257808958096,
        "8,15": 63.21869979410732,
        "8,16": 105.59182403988642,
        "8,17": 73.63043333118632,
        "8,18": 32.469631717717085,
        "8,19": 126.44707214919326,
        "8,20": 95.72154620642921,
        "8,21": 59.80840352653837,
        "8,22": 89.13768404796595,
        "8,23": 29.909684705812566,
        "8,24": 42.36720321447053,
        "8,25": 77.08820683005177,
        "8,26": 73.02373336430189,
        "8,27": 22.653831062930358,
        "8,28": 103.42050957094375,
        "8,29": 68.68133530413178,
        "8,30": 86.2902309133397,
        "8,31": 87.80278537169787,
        "8,32": 91.98713540712757,
        "8,33": 69.19890571226793,
        "8,34": 67.99532916306083,
        "8,35": 94.68928344919148,
        "8,36": 89.44465264825783,
        "8,37": 17.387828277403333,
        "8,38": 62.40070701008085,
        "8,39": 84.13407793351908,
        "8,40": 93.55610732604502,
        "8,41": 109.4751963659049,
        "8,42": 77.5765416641847,
        "8,43": 121.36162976925577,
        "8,44": 41.54709080747065,
        "8,45": 74.44249999474467,
        "8,46": 38.102900998494604,
        "8,47": 26.24634309569682,
        "8,48": 57.12025941295814,
        "8,49": 83.02080115960928,
        "8,50": 122.71102893669341,
        "8,51": 55.23568763232355,
        "8,52": 74.27151917195016,
        "8,53": 67.08714229874657,
        "8,54": 90.28298449750532,
        "8,55": 21.289073489654733,
        "8,56": 105.83429119318592,
        "8,57": 66.88876664551375,
        "8,58": 45.99152248269913,
        "8,59": 66.26493502124447,
        "8,60": 105.26282977574907,
        "9,0": 41.63434445993765,
        "9,1": 49.25015586561563,
        "9,2": 73.46876282170749,
        "9,3": 4.522122326933598,
        "9,4": 81.82788140567826,
        "9,5": 81.43516772683641,
        "9,6": 74.59596948612825,
        "9,7": 14.790435796200043,
        "9,8": 95.88314330860462,
        "9,9": 0.0,
        "9,10": 75.11904796115873,
        "9,11": 92.189925332881,
        "9,12": 79.0850293762828,
        "9,13": 36.03459228601007,
        "9,14": 16.830410839025344,
        "9,15": 84.54234434383122,
        "9,16": 23.32094942352167,
        "9,17": 45.52070981728258,
        "9,18": 73.03325742731465,
        "9,19": 51.79104180511789,
        "9,20": 58.206269805142206,
        "9,21": 36.09431451676171,
        "9,22": 15.3408253305276,
        "9,23": 87.60194852182894,
        "9,24": 61.13994018989366,
        "9,25": 20.857730727260996,
        "9,26": 26.55829064170581,
        "9,27": 80.06264547070094,
        "9,28": 39.92919216978262,
        "9,29": 56.21394965894882,
        "9,30": 36.16940799258812,
        "9,31": 15.550955343890196,
        "9,32": 105.06763619144266,
        "9,33": 33.91371595009731,
        "9,34": 35.063961943346115,
        "9,35": 57.48946331767476,
        "9,36": 71.07777301964799,
        "9,37": 79.06321424813973,
        "9,38": 55.56869900709526,
        "9,39": 94.90062115408952,
        "9,40": 32.66155747306493,
        "9,41": 27.258436186481006,
        "9,42": 33.34476772503738,
        "9,43": 55.8180860792528,
        "9,44": 69.08137940263987,
        "9,45": 42.06474862597431,
        "9,46": 82.1805582339724,
        "9,47": 74.48381840495098,
        "9,48": 83.38547875350824,
        "9,49": 31.36973417704498,
        "9,50": 40.77349169998934,
        "9,51": 82.05134453366281,
        "9,52": 60.473222183471,
        "9,53": 44.94686809012592,
        "9,54": 27.6435626877426,
        "9,55": 79.83278447049324,
        "9,56": 48.0274544004431,
        "9,57": 32.10282198537435,
        "9,58": 50.66752998020225,
        "9,59": 40.80143914494718,
        "9,60": 35.93767735791899,
        "10,0": 54.11610313112145,
        "10,1": 30.085537830152127,
        "10,2": 56.61341217301893,
        "10,3": 78.97411739720928,
        "10,4": 20.22394118611558,
        "10,5": 62.45583187572568,
        "10,6": 86.20093197102376,
        "10,7": 76.75542796321626,
        "10,8": 28.375869210212183,
        "10,9": 75.11904796115873,
        "10,10": 0.0,
        "10,11": 97.37195303932798,
        "10,12": 77.0578286451261,
        "10,13": 39.63190500500102,
        "10,14": 77.76305166275893,
        "10,15": 72.34929518543703,
        "10,16": 89.5378812612109,
        "10,17": 66.37290940099523,
        "10,18": 37.06231357224004,
        "10,19": 114.31210716781924,
        "10,20": 91.14006862368352,
        "10,21": 41.20011409063622,
        "10,22": 72.08914138548215,
        "10,23": 45.285070724873734,
        "10,24": 15.241060257462241,
        "10,25": 54.677716517895185,
        "10,26": 57.12756545174398,
        "10,27": 5.965362859263844,
        "10,28": 92.33075312995373,
        "10,29": 65.76509963522331,
        "10,30": 59.2855925631298,
        "10,31": 70.70268644282102,
        "10,32": 102.95602646983083,
        "10,33": 56.156972939685986,
        "10,34": 55.227744720436405,
        "10,35": 90.02527829869564,
        "10,36": 89.8780468683138,
        "10,37": 14.23785788879643,
        "10,38": 59.12697681666186,
        "10,39": 93.367703206924,
        "10,40": 81.47069947770763,
        "10,41": 93.8185366588634,
        "10,42": 65.7613854512394,
        "10,43": 111.59857402128722,
        "10,44": 44.429373416335046,
        "10,45": 65.83893624425158,
        "10,46": 49.31498422448755,
        "10,47": 3.668930221019691,
        "10,48": 66.66413093029414,
        "10,49": 56.79924567101577,
        "10,50": 108.0806896686313,
        "10,51": 64.45696257805116,
        "10,52": 72.77603309454624,
        "10,53": 39.766966582499315,
        "10,54": 76.89143874886445,
        "10,55": 30.259101955563313,
        "10,56": 96.71524139673615,
        "10,57": 51.72662442689464,
        "10,58": 25.33596641630435,
        "10,59": 39.89111423435578,
        "10,60": 92.77055950464246,
        "11,0": 57.557101473100296,
        "11,1": 76.31648248546146,
        "11,2": 40.94304935572914,
        "11,3": 91.29902303942373,
        "11,4": 82.68393132101941,
        "11,5": 36.93133768190161,
        "11,6": 17.594013173381256,
        "11,7": 78.49986338170451,
        "11,8": 90.16156390845643,
        "11,9": 92.189925332881,
        "11,10": 97.37195303932798,
        "11,11": 0.0,
        "11,12": 20.326206179545117,
        "11,13": 91.47377254642863,
        "11,14": 76.89805321537958,
        "11,15": 26.962915973271173,
        "11,16": 79.66135521609476,
        "11,17": 47.831577624829166,
        "11,18": 61.097731199021936,
        "11,19": 77.52522916336564,
        "11,20": 38.93998727612231,
        "11,21": 77.8290580007904,
        "11,22": 76.86616520692904,
        "11,23": 60.48023428447998,
        "11,24": 97.001456428404,
        "11,25": 90.95421715856305,
        "11,26": 70.74986674326311,
        "11,27": 96.68523123172994,
        "11,28": 62.079861118574605,
        "11,29": 39.17078707585073,
        "11,30": 115.12197341969998,
        "11,31": 76.65849183039656,
        "11,32": 13.869986112137065,
        "11,33": 63.444651829208794,
        "11,34": 62.932564978701706,
        "11,35": 39.00852396174627,
        "11,36": 22.485060096704615,
        "11,37": 86.57202253188196,
        "11,38": 43.69357291845954,
        "11,39": 8.475034316890016,
        "11,40": 62.174005977357986,
        "11,41": 80.11413908004135,
        "11,42": 59.53599856317652,
        "11,43": 66.64178999068147,
        "11,44": 52.97872980823611,
        "11,45": 51.17054702325124,
        "11,46": 52.081158877993275,
        "11,47": 93.84295744630947,
        "11,48": 33.04790587795746,
        "11,49": 108.85553463481541,
        "11,50": 83.75386670273714,
        "11,51": 34.93568340073298,
        "11,52": 32.8213084377845,
        "11,53": 106.76760576852325,
        "11,54": 65.52343535989692,
        "11,55": 70.98393098133499,
        "11,56": 56.62242295747409,
        "11,57": 68.9967382875367,
        "11,58": 83.64183134074419,
        "11,59": 101.79024238455438,
        "11,60": 67.43814836169204,
        "12,0": 40.41613508773875,
        "12,1": 56.649738100943196,
        "12,2": 20.829751874786155,
        "12,3": 79.03259020495345,
        "12,4": 62.81970879603523,
        "12,5": 18.441526031264456,
        "12,6": 14.640310937865236,
        "12,7": 66.8224202517146,
        "12,8": 71.19287315976281,
        "12,9": 79.0850293762828,
        "12,10": 77.0578286451261,
        "12,11": 20.326206179545117,
        "12,12": 0.0,
        "12,13": 73.060704129062,
        "12,14": 65.58359266819724,
        "12,15": 10.636185298679061,
        "12,16": 71.01886843201412,
        "12,17": 33.58631637076482,
        "12,18": 41.02490922644475,
        "12,19": 76.30275244106586,
        "12,20": 36.367446051757184,
        "12,21": 59.523194446402584,
        "12,22": 64.22337547604972,
        "12,23": 42.22369174419344,
        "12,24": 76.87968832425726,
        "12,25": 74.44868854791243,
        "12,26": 55.00725725098493,
        "12,27": 76.46720862176838,
        "12,28": 56.5013549989785,
        "12,29": 22.97945114617088,
        "12,30": 97.88854114981763,
        "12,31": 63.71394626040577,
        "12,32": 28.5489127038538,
        "12,33": 47.276569043414355,
        "12,34": 46.517103269825256,
        "12,35": 35.84847711374727,
        "12,36": 22.253779489443183,
        "12,37": 66.4756808908217,
        "12,38": 25.588765980414156,
        "12,39": 17.88143240964852,
        "12,40": 53.05013237562838,
        "12,41": 72.53661609285354,
        "12,42": 45.75059070823495,
        "12,43": 66.82362983232692,
        "12,44": 32.70348563548263,
        "12,45": 37.03293784494101,
        "12,46": 33.26305564510386,
        "12,47": 73.53873503627437,
        "12,48": 15.459405979655685,
        "12,49": 91.73083763678927,
        "12,50": 79.52069978052299,
        "12,51": 16.716750658585223,
        "12,52": 19.21488920688102,
        "12,53": 87.95549165095787,
        "12,54": 54.787431965989605,
        "12,55": 51.27393404318586,
        "12,56": 53.44547508308528,
        "12,57": 52.121378786767174,
        "12,58": 63.87986305998892,
        "12,59": 83.16708380480253,
        "12,60": 61.26184478244016,
        "13,0": 34.36544125851208,
        "13,1": 20.66764220553962,
        "13,2": 58.62600489696933,
        "13,3": 40.17332584435074,
        "13,4": 49.96552643613296,
        "13,5": 66.962985637656,
        "13,6": 75.51884819632579,
        "13,7": 40.81210334242459,
        "13,8": 63.33921663706029,
        "13,9": 36.03459228601007,
        "13,10": 39.63190500500102,
        "13,11": 91.47377254642863,
        "13,12": 73.060704129062,
        "13,13": 0.0,
        "13,14": 42.33060051980185,
        "13,15": 73.93862530119007,
        "13,16": 53.794322265663844,
        "13,17": 46.44501230751901,
        "13,18": 48.81625218692809,
        "13,19": 81.30256695195655,
        "13,20": 69.77235658123543,
        "13,21": 13.645237181148241,
        "13,22": 36.64122809747181,
        "13,23": 63.42056314398109,
        "13,24": 25.16412769311714,
        "13,25": 15.224935085441514,
        "13,26": 26.244704483134445,
        "13,27": 44.95525911966771,
        "13,28": 62.12541247109585,
        "13,29": 52.536877620745905,
        "13,30": 26.779857047187857,
        "13,31": 35.34631381356566,
        "13,32": 101.60318018527553,
        "13,33": 30.530313294488273,
        "13,34": 30.463300294032987,
        "13,35": 68.71261235309238,
        "13,36": 75.70072779136311,
        "13,37": 45.964692357309055,
        "13,38": 47.83403101373649,
        "13,39": 90.91266702014191,
        "13,40": 51.257185763939454,
        "13,41": 58.23223862940254,
        "13,42": 38.967985785886434,
        "13,43": 81.4099754771729,
        "13,44": 49.178289954617284,
        "13,45": 44.009173562739164,
        "13,46": 61.24181503415433,
        "13,47": 39.49595373770817,
        "13,48": 70.3341902858216,
        "13,49": 21.612280215509468,
        "13,50": 72.81755686023392,
        "13,51": 68.36495868500518,
        "13,52": 59.52263043322376,
        "13,53": 15.72521509534949,
        "13,54": 45.56645044874526,
        "13,55": 51.61013561763102,
        "13,56": 68.56343103785457,
        "13,57": 24.28107265890445,
        "13,58": 17.706807261234946,
        "13,59": 10.452160078529335,
        "13,60": 60.79296231715625,
        "14,0": 32.86458728074118,
        "14,1": 48.69074399745643,
        "14,2": 63.443489376082745,
        "14,3": 14.699680825638128,
        "14,4": 80.26452970837191,
        "14,5": 70.7705165608804,
        "14,6": 59.38793187737711,
        "14,7": 2.111170612994155,
        "14,8": 94.3257808958096,
        "14,9": 16.830410839025344,
        "14,10": 77.76305166275893,
        "14,11": 76.89805321537958,
        "14,12": 65.58359266819724,
        "14,13": 42.33060051980185,
        "14,14": 0.0,
        "14,15": 72.29664419919006,
        "14,16": 11.785676149248332,
        "14,17": 32.42713261975914,
        "14,18": 67.32147934140556,
        "14,19": 39.16848556088274,
        "14,20": 41.57755199910879,
        "14,21": 36.56378177638368,
        "14,22": 5.759161671897694,
        "14,23": 80.96623868200015,
        "14,24": 65.60044527448976,
        "14,25": 29.500841570153312,
        "14,26": 21.33691730023146,
