{
    "num_robots": 5,
    "num_tasks": 40,
    "num_nodes": 41,
    "robot_capacity": [
        133,
        103,
        105,
        131,
        127
    ],
    "robot_speed": [
        1.06,
        1.16,
        0.96,
        1.18,
        1.15
    ],
    "task_demand": {
        "0": 0,
        "1": 13,
        "2": 7,
        "3": 11,
        "4": 8,
        "5": 6,
        "6": 12,
        "7": 14,
        "8": 12,
        "9": 10,
        "10": 8,
        "11": 11,
        "12": 11,
        "13": 11,
        "14": 14,
        "15": 10,
        "16": 8,
        "17": 7,
        "18": 15,
        "19": 8,
        "20": 11,
        "21": 7,
        "22": 5,
        "23": 14,
        "24": 8,
        "25": 7,
        "26": 11,
        "27": 9,
        "28": 8,
        "29": 15,
        "30": 11,
        "31": 9,
        "32": 12,
        "33": 8,
        "34": 14,
        "35": 12,
        "36": 12,
        "37": 10,
        "38": 15,
        "39": 10,
        "40": 6
    },
    "task_service_time": {
        "0": 0,
        "1": 30,
        "2": 46,
        "3": 21,
        "4": 48,
        "5": 98,
        "6": 60,
        "7": 35,
        "8": 44,
        "9": 18,
        "10": 29,
        "11": 84,
        "12": 60,
        "13": 86,
        "14": 67,
        "15": 24,
        "16": 97,
        "17": 52,
        "18": 38,
        "19": 19,
        "20": 26,
        "21": 49,
        "22": 86,
        "23": 95,
        "24": 65,
        "25": 50,
        "26": 31,
        "27": 38,
        "28": 67,
        "29": 38,
        "30": 65,
        "31": 16,
        "32": 80,
        "33": 44,
        "34": 57,
        "35": 30,
        "36": 97,
        "37": 17,
        "38": 17,
        "39": 69,
        "40": 72
    },
    "task_precedence": [],
    "coordinates": {
        "0": [
            100,
            0
        ],
        "1": [
            72.89546108398206,
            22.125739213976946
        ],
        "2": [
            42.6936793228469,
            90.90733653318723
        ],
        "3": [
            11.281011614131675,
            23.663022305013083
        ],
        "4": [
            81.41807822125445,
            50.344009936483744
        ],
        "5": [
            64.05914687029436,
            86.99198276668972
        ],
        "6": [
            59.69768251805141,
            26.097476081398298
        ],
        "7": [
            82.67271467310158,
            73.16075432954527
        ],
        "8": [
            32.086382709629426,
            29.55078541127011
        ],
        "9": [
            42.66194942788395,
            97.41365797169013
        ],
        "10": [
            12.741318616324959,
            55.51968217781585
        ],
        "11": [
            84.18965083242207,
            64.05386680576342
        ],
        "12": [
            7.322863414516778,
            77.6907734903122
        ],
        "13": [
            35.46680657613847,
            38.23729445628642
        ],
        "14": [
            47.18168858354741,
            26.11397045292866
        ],
        "15": [
            85.40663902901534,
            36.96184998042911
        ],
        "16": [
            27.718568404877033,
            80.13846578273895
        ],
        "17": [
            46.10933394140567,
            82.18327476697816
        ],
        "18": [
            41.56331013643305,
            16.373512504241994
        ],
        "19": [
            15.933767091629802,
            90.75101027241686
        ],
        "20": [
            11.191677983194204,
            38.60454134268886
        ],
        "21": [
            4.442541783081344,
            97.60185260099641
        ],
        "22": [
            57.2157921188728,
            17.992576273051498
        ],
        "23": [
            44.48889643605667,
            98.68689873431784
        ],
        "24": [
            4.694415127873485,
            8.691257499596361
        ],
        "25": [
            24.976344696646912,
            12.394246057330282
        ],
        "26": [
            58.978210701273305,
            9.546590358810692
        ],
        "27": [
            29.39497731526719,
            41.89363463200843
        ],
        "28": [
            72.58807280033083,
            67.0073835224089
        ],
        "29": [
            88.04724838952501,
            22.821827342740043
        ],
        "30": [
            45.374775319962794,
            43.301608384835255
        ],
        "31": [
            3.875948550722519,
            58.096020790749556
        ],
        "32": [
            68.07899071251904,
            10.082879966203052
        ],
        "33": [
            13.752820461827998,
            63.545740714695484
        ],
        "34": [
            81.15996556548227,
            73.07478058815559
        ],
        "35": [
            54.761395386582926,
            12.712572482265994
        ],
        "36": [
            48.28071494956143,
            22.504978291788426
        ],
        "37": [
            71.86361852259448,
            56.01966427633356
        ],
        "38": [
            29.80205611997754,
            1.2834121494270656
        ],
        "39": [
            15.013935136727563,
            12.3798809165503
        ],
        "40": [
            29.25550182471146,
            81.83182989445741
        ]
    },
    "distance_matrix_str_keys": {
        "0,0": 0.0,
        "0,1": 34.98863194831785,
        "0,2": 107.46235724713497,
        "0,3": 91.82046354064755,
        "0,4": 53.663834688514314,
        "0,5": 94.12412012534891,
        "0,6": 48.01411305267374,
        "0,7": 75.18464464814491,
        "0,8": 74.06421762150637,
        "0,9": 113.0357147225423,
        "0,10": 103.4239459020173,
        "0,11": 65.97624567654037,
        "0,12": 120.9334855662703,
        "0,13": 75.01082415770591,
        "0,14": 58.92124806639619,
        "0,15": 39.73845163572941,
        "0,16": 107.92024393713935,
        "0,17": 98.2766225491269,
        "0,18": 60.68721969193577,
        "0,19": 123.70479934452283,
        "0,20": 96.83609178255826,
        "0,21": 136.5919084427214,
        "0,22": 46.413589011808625,
        "0,23": 113.22802921840663,
        "0,24": 95.70105780367531,
        "0,25": 76.04055622104552,
        "0,26": 42.11798410118966,
        "0,27": 82.09839128138778,
        "0,28": 72.39753586496683,
        "0,29": 25.762454741804973,
        "0,30": 69.70612928615517,
        "0,31": 112.31643200681968,
        "0,32": 33.47559263619248,
        "0,33": 107.1290676766534,
        "0,34": 75.46436546808629,
        "0,35": 46.990859180120836,
        "0,36": 56.40353263796858,
        "0,37": 62.68858547036462,
        "0,38": 70.20967505784427,
        "0,39": 85.88301736928155,
        "0,40": 108.17223491242481,
        "1,0": 34.98863194831785,
        "1,1": 0.0,
        "1,2": 75.12027523464776,
        "1,3": 61.633624124942806,
        "1,4": 29.477208236826183,
        "1,5": 65.46533434973712,
        "1,6": 13.78245452810828,
        "1,7": 51.96313554427059,
        "1,8": 41.479057231282304,
        "1,9": 81.13159642166201,
        "1,10": 68.80171714929295,
        "1,11": 43.42265083371689,
        "1,12": 85.94904652904461,
        "1,13": 40.74906613155092,
        "1,14": 26.021223734087894,
        "1,15": 19.40720887316682,
        "1,16": 73.52841679297411,
        "1,17": 65.76020212862998,
        "1,18": 31.85579688408664,
        "1,19": 89.185550457026,
        "1,20": 63.866327345059645,
        "1,21": 101.89428763589177,
        "1,22": 16.21527226881035,
        "1,23": 81.66115393622509,
        "1,24": 69.51163908613621,
        "1,25": 48.89727675853567,
        "1,26": 18.759660021851072,
        "1,27": 47.78139572438686,
        "1,28": 44.88269692638276,
        "1,29": 15.167768367014888,
        "1,30": 34.724711374800506,
        "1,31": 77.83029144903081,
        "1,32": 12.970306307133777,
        "1,33": 72.20435211315724,
        "1,34": 51.61498669255379,
        "1,35": 20.43164326814115,
        "1,36": 24.61766742687281,
        "1,37": 33.909627765638135,
        "1,38": 47.86903120867768,
        "1,39": 58.696275860877364,
        "1,40": 73.95446780618839,
        "2,0": 107.46235724713497,
        "2,1": 75.12027523464776,
        "2,2": 0.0,
        "2,3": 74.21963007584708,
        "2,4": 56.07996553702419,
        "2,5": 21.72126144214136,
        "2,6": 67.00338899222099,
        "2,7": 43.74087844851238,
        "2,8": 62.26669340038223,
        "2,9": 6.506398807893405,
        "2,10": 46.36194552290525,
        "2,11": 49.426961143945945,
        "2,12": 37.75939825642444,
        "2,13": 53.1635309406704,
        "2,14": 64.94861442043654,
        "2,15": 68.80779349953447,
        "2,16": 18.445121963417886,
        "2,17": 9.36888201302124,
        "2,18": 74.54239504386325,
        "2,19": 26.760368841296803,
        "2,20": 61.05701002458849,
        "2,21": 38.83253878473846,
        "2,22": 74.34684945479242,
        "2,23": 7.9840085498965525,
        "2,24": 90.5727758822542,
        "2,25": 80.48732398537577,
        "2,26": 82.97443570321091,
        "2,27": 50.7858095253391,
        "2,28": 38.273783655448106,
        "2,29": 81.80820734381369,
        "2,30": 47.681166389682026,
        "2,31": 50.82714494290497,
        "2,32": 84.71721674901113,
        "2,33": 39.82750603977007,
        "2,34": 42.39876447295419,
        "2,35": 79.12048341595364,
        "2,36": 68.63015066338437,
        "2,37": 45.47565313899964,
        "2,38": 90.54635150435782,
        "2,39": 83.26301414092508,
        "2,40": 16.215715686364963,
        "3,0": 91.82046354064755,
        "3,1": 61.633624124942806,
        "3,2": 74.21963007584708,
        "3,3": 0.0,
        "3,4": 75.04054379628833,
        "3,5": 82.43839393313291,
        "3,6": 48.47783603470584,
        "3,7": 86.87232436876852,
        "3,8": 21.62242402730958,
        "3,9": 80.14935757265634,
        "3,10": 31.890112492622176,
        "3,11": 83.34920510806703,
        "3,12": 54.17254687856852,
        "3,13": 28.237600582974725,
        "3,14": 35.98424313065524,
        "3,15": 75.30914590665974,
        "3,16": 58.81895093636733,
        "3,17": 68.1001614120306,
        "3,18": 31.14730416792622,
        "3,19": 67.24913577918979,
        "3,20": 14.941786093062777,
        "3,21": 74.25439579693855,
        "3,22": 46.28345296345265,
        "3,23": 82.04477831541642,
        "3,24": 16.356558154498874,
        "3,25": 17.735486076264625,
        "3,26": 49.74230042579643,
        "3,27": 25.699629943621925,
        "3,28": 75.0818846369246,
        "3,29": 76.77084549241532,
        "3,30": 39.345378214520096,
        "3,31": 35.22025473632746,
        "3,32": 58.39889293131497,
        "3,33": 39.95924256946782,
        "3,34": 85.58381892604862,
        "3,35": 44.83811017784027,
        "3,36": 37.01782155727667,
        "3,37": 68.68190838558246,
        "3,38": 29.049544579967723,
        "3,39": 11.884611799196115,
        "3,40": 60.88261225266229,
        "4,0": 53.663834688514314,
        "4,1": 29.477208236826183,
        "4,2": 56.07996553702419,
        "4,3": 75.04054379628833,
        "4,4": 0.0,
        "4,5": 40.55128124006516,
        "4,6": 32.55257276298643,
        "4,7": 22.851213038362058,
        "4,8": 53.53479586406984,
        "4,9": 60.97203691206757,
        "4,10": 68.8715100239785,
        "4,11": 13.987200939255489,
        "4,12": 78.9806706360841,
        "4,13": 47.51938473425019,
        "4,14": 41.94311849158968,
        "4,15": 13.963911429346666,
        "4,16": 61.411293372584694,
        "4,17": 47.54415008774594,
        "4,18": 52.36790271615659,
        "4,19": 76.9475190000924,
        "4,20": 71.20085963849682,
        "4,21": 90.32461958540623,
        "4,22": 40.40254834365022,
        "4,23": 60.83419568502518,
        "4,24": 87.30104388857706,
        "4,25": 68.01362997036922,
        "4,26": 46.56154098084604,
        "4,27": 52.70495110196971,
        "4,28": 18.858340727583872,
        "4,29": 28.30929938806782,
        "4,30": 36.724856754641266,
        "4,31": 77.92865677096098,
        "4,32": 42.41332151635303,
        "4,33": 68.94108211502054,
        "4,34": 22.73223606603574,
        "4,35": 46.11619915625065,
        "4,36": 43.27928520105775,
        "4,37": 11.113089233816742,
        "4,38": 71.21204949152114,
        "4,39": 76.49042627043251,
        "4,40": 60.92960841849345,
        "5,0": 94.12412012534891,
        "5,1": 65.46533434973712,
        "5,2": 21.72126144214136,
        "5,3": 82.43839393313291,
        "5,4": 40.55128124006516,
        "5,5": 0.0,
        "5,6": 61.05049807938415,
        "5,7": 23.189820750281253,
        "5,8": 65.74000913977548,
        "5,9": 23.800238916196093,
        "5,10": 60.199877085093206,
        "5,11": 30.518754129324176,
        "5,12": 57.49363751213966,
        "5,13": 56.52027561629,
        "5,14": 63.174211364253104,
        "5,15": 54.39420564800559,
        "5,16": 36.98118897832322,
        "5,17": 18.5827731194402,
        "5,18": 74.11498507430704,
        "5,19": 48.27196356716296,
        "5,20": 71.66808044094398,
        "5,21": 60.553356141717224,
        "5,22": 69.33793767287955,
        "5,23": 22.798371905657287,
        "5,24": 98.26074980480469,
        "5,25": 84.2157215008182,
        "5,26": 77.61188515661782,
        "5,27": 56.88115378063795,
        "5,28": 21.72847865071455,
        "5,29": 68.50721028936132,
        "5,30": 47.51793928462643,
        "5,31": 66.7607218241976,
        "5,32": 77.01408467346539,
        "5,33": 55.501826484142505,
        "5,34": 22.048276951360243,
        "5,35": 74.85906073986375,
        "5,36": 66.38925108798217,
        "5,37": 31.94048043532868,
        "5,38": 92.30117737022503,
        "5,39": 89.28828891005793,
        "5,40": 35.184099904981714,
        "6,0": 48.01411305267374,
        "6,1": 13.78245452810828,
        "6,2": 67.00338899222099,
        "6,3": 48.47783603470584,
        "6,4": 32.55257276298643,
        "6,5": 61.05049807938415,
        "6,6": 0.0,
        "6,7": 52.371788798818905,
        "6,8": 27.826412317047694,
        "6,9": 73.322670445972,
        "6,10": 55.41269098727682,
        "6,11": 45.17238214587324,
        "6,12": 73.51863718576818,
        "6,13": 27.101854901235942,
        "6,14": 12.516004803164346,
        "6,15": 27.910303923472,
        "6,16": 62.7940467509766,
        "6,17": 57.70840520443986,
        "6,18": 20.57695140989221,
        "6,19": 78.07278512285949,
        "6,20": 50.092506000256854,
        "6,21": 90.36595840856114,
        "6,22": 8.476389612144724,
        "6,23": 74.16556785444351,
        "6,24": 57.69173137385354,
        "6,25": 37.32760122483915,
        "6,26": 16.566516166572026,
        "6,27": 34.17268745010932,
        "6,28": 42.892688053577835,
        "6,29": 28.538180736691928,
        "6,30": 22.385884814302553,
        "6,31": 64.3426207628784,
        "6,32": 18.075221043834485,
        "6,33": 59.27312100278553,
        "6,34": 51.64781440030776,
        "6,35": 14.266133849167623,
        "6,36": 11.968842418057973,
        "6,37": 32.30088768501201,
        "6,38": 38.85210736309122,
        "6,39": 46.74194793913308,
        "6,40": 63.50625607233682,
        "7,0": 75.18464464814491,
        "7,1": 51.96313554427059,
        "7,2": 43.74087844851238,
        "7,3": 86.87232436876852,
        "7,4": 22.851213038362058,
        "7,5": 23.189820750281253,
        "7,6": 52.371788798818905,
        "7,7": 0.0,
        "7,8": 66.78926837877123,
        "7,9": 46.78744137675279,
        "7,10": 72.12217121740218,
        "7,11": 9.232361327540616,
        "7,12": 75.48590039396609,
        "7,13": 58.72006308561026,
        "7,14": 58.93227304306604,
        "7,15": 36.30199744449772,
        "7,16": 55.395366676225265,
        "7,17": 37.6601471794103,
        "7,18": 70.10544897142402,
        "7,19": 69.01814419714694,
        "7,20": 79.39565770403861,
        "7,21": 81.95930230984882,
        "7,22": 60.758396753082636,
        "7,23": 45.93025172294384,
        "7,24": 101.17772097389876,
        "7,25": 83.79403102880964,
        "7,26": 67.88366059786767,
        "7,27": 61.774995525297115,
        "7,28": 11.813719735636154,
        "7,29": 50.62502526272831,
        "7,30": 47.77766085251466,
        "7,31": 80.22391506240407,
        "7,32": 64.74407319002464,
        "7,33": 69.58735736401326,
        "7,34": 1.5151902015296859,
        "7,35": 66.58096149017173,
        "7,36": 61.22758602926761,
        "7,37": 20.264588024512637,
        "7,38": 89.22812815877529,
        "7,39": 90.95067356099229,
        "7,40": 54.11641322133823,
        "8,0": 74.06421762150637,
        "8,1": 41.479057231282304,
        "8,2": 62.26669340038223,
        "8,3": 21.62242402730958,
        "8,4": 53.53479586406984,
        "8,5": 65.74000913977548,
        "8,6": 27.826412317047694,
        "8,7": 66.78926837877123,
        "8,8": 0.0,
        "8,9": 68.68196330598056,
        "8,10": 32.38232703258936,
        "8,11": 62.491704847848816,
        "8,12": 54.13585078420519,
        "8,13": 9.321089255361422,
        "8,14": 15.481600578913746,
        "8,15": 53.8328302433864,
        "8,16": 50.775891987898085,
        "8,17": 54.468542270080036,
        "8,18": 16.231225299378973,
        "8,19": 63.295928102507276,
        "8,20": 22.77189456480542,
        "8,21": 73.45154652444656,
        "8,22": 27.660068975694358,
        "8,23": 70.23976446537611,
        "8,24": 34.430216274340545,
        "8,25": 18.57146960122818,
        "8,26": 33.5162383394826,
        "8,27": 12.632877339809909,
        "8,28": 55.16687087612081,
        "8,29": 56.36397221924082,
        "8,30": 19.122408598727553,
        "8,31": 40.13301705957212,
        "8,32": 40.920253827020005,
        "8,33": 38.62352250605709,
        "8,34": 65.59386168284198,
        "8,35": 28.243257859929745,
        "8,36": 17.66068499980224,
        "8,37": 47.778970659628406,
        "8,38": 28.359522899593173,
        "8,39": 24.213806542885234,
        "8,40": 52.35763076035434,
        "9,0": 113.0357147225423,
        "9,1": 81.13159642166201,
        "9,2": 6.506398807893405,
        "9,3": 80.14935757265634,
        "9,4": 60.97203691206757,
        "9,5": 23.800238916196093,
        "9,6": 73.322670445972,
        "9,7": 46.78744137675279,
        "9,8": 68.68196330598056,
        "9,9": 0.0,
        "9,10": 51.48154383834402,
        "9,11": 53.26749149883745,
        "9,12": 40.47027517235262,
        "9,13": 59.61218063084278,
        "9,14": 71.4427986735421,
        "9,15": 74.03735258982023,
        "9,16": 22.8415608390487,
        "9,17": 15.61566625368389,
        "9,18": 81.04759210289885,
        "9,19": 27.546081488383777,
        "9,20": 66.70000137545672,
        "9,21": 38.21987098275052,
        "9,22": 80.74356045689268,
        "9,23": 2.2268537020397305,
        "9,24": 96.50491182501052,
        "9,25": 86.8393978386144,
        "9,26": 89.36913310997166,
        "9,27": 57.083145854759536,
        "9,28": 42.6627986187958,
        "9,29": 87.31418303125508,
        "9,30": 54.18000862690014,
        "9,31": 55.22889151101303,
        "9,32": 90.9543334575572,
        "9,33": 44.52834554418894,
        "9,34": 45.54644002357934,
        "9,35": 85.56091675288556,
        "9,36": 75.11911086650127,
        "9,37": 50.657676535429374,
        "9,38": 96.98660225896906,
        "9,39": 89.41563585026509,
        "9,40": 20.555442188506845,
        "10,0": 103.4239459020173,
        "10,1": 68.80171714929295,
        "10,2": 46.36194552290525,
        "10,3": 31.890112492622176,
        "10,4": 68.8715100239785,
        "10,5": 60.199877085093206,
        "10,6": 55.41269098727682,
        "10,7": 72.12217121740218,
        "10,8": 32.38232703258936,
        "10,9": 51.48154383834402,
        "10,10": 0.0,
        "10,11": 71.95621226638933,
        "10,12": 22.823605034285293,
        "10,13": 28.55045933726636,
        "10,14": 45.286145403713995,
        "10,15": 74.99761280564415,
        "10,16": 28.81670552673767,
        "10,17": 42.71266342076612,
        "10,18": 48.612033441293285,
        "10,19": 35.37567252472946,
        "10,20": 16.985975849624612,
        "10,21": 42.89264231139874,
        "10,22": 58.19160137782968,
        "10,23": 53.584673953061056,
        "10,24": 47.5147767920268,
        "10,25": 44.82743695292248,
        "10,26": 65.20257173665651,
        "10,27": 21.51774894782116,
        "10,28": 60.9393244838125,
        "10,29": 82.09831161370998,
        "10,30": 34.845714566341215,
        "10,31": 9.23213447955417,
        "10,32": 71.6014032561033,
        "10,33": 8.089545822904673,
        "10,34": 70.63492571348925,
        "10,35": 59.98446042322304,
        "10,36": 48.507930943433735,
        "10,37": 59.12441397853948,
        "10,38": 56.856325512301986,
        "10,39": 43.19962081674208,
        "10,40": 31.06521148330589,
        "11,0": 65.97624567654037,
        "11,1": 43.42265083371689,
        "11,2": 49.426961143945945,
        "11,3": 83.34920510806703,
        "11,4": 13.987200939255489,
        "11,5": 30.518754129324176,
        "11,6": 45.17238214587324,
        "11,7": 9.232361327540616,
        "11,8": 62.491704847848816,
        "11,9": 53.26749149883745,
        "11,10": 71.95621226638933,
        "11,11": 0.0,
        "11,12": 78.06707521018407,
        "11,13": 55.13992165661689,
        "11,14": 53.000235896437076,
        "11,15": 27.11933693759574,
        "11,16": 58.7170969547091,
        "11,17": 42.17565610093559,
        "11,18": 63.956400050730984,
        "11,19": 73.29122140144499,
        "11,20": 77.30699972591165,
        "11,21": 86.51629183364598,
        "11,22": 53.37819348233335,
        "11,23": 52.68393303659852,
        "11,24": 96.87368584352014,
        "11,25": 78.58073580338232,
        "11,26": 60.055473515334356,
        "11,27": 59.10610912457629,
        "11,28": 11.971627868849179,
        "11,29": 41.412101337566575,
        "11,30": 44.014211234744344,
        "11,31": 80.53438211926687,
        "11,32": 56.32424690961285,
        "11,33": 70.43866313879238,
        "11,34": 9.516085239533385,
        "11,35": 59.17728213932733,
        "11,36": 54.9159522633098,
        "11,37": 14.713241749757632,
        "11,38": 83.0550446172194,
        "11,39": 86.34512412226965,
        "11,40": 57.7392128348172,
        "12,0": 120.9334855662703,
        "12,1": 85.94904652904461,
        "12,2": 37.75939825642444,
        "12,3": 54.17254687856852,
        "12,4": 78.9806706360841,
        "12,5": 57.49363751213966,
        "12,6": 73.51863718576818,
        "12,7": 75.48590039396609,
        "12,8": 54.13585078420519,
        "12,9": 40.47027517235262,
        "12,10": 22.823605034285293,
        "12,11": 78.06707521018407,
        "12,12": 0.0,
        "12,13": 48.46296054279912,
        "12,14": 65.18352978638397,
        "12,15": 88.067708182337,
        "12,16": 20.5420539287631,
        "12,17": 39.04577907602902,
        "12,18": 70.22972794016957,
        "12,19": 15.643447412292415,
        "12,20": 39.27723602374172,
        "12,21": 20.118333033639743,
        "12,22": 77.80217918341945,
        "12,23": 42.68666402777528,
        "12,24": 69.0495615290105,
        "12,25": 67.6408300968038,
        "12,26": 85.5096754640961,
        "12,27": 42.05488512038026,
        "12,28": 66.13382173578394,
        "12,29": 97.60649353879334,
        "12,30": 51.28901126276054,
        "12,31": 19.89561648794184,
        "12,32": 90.89628304291841,
        "12,33": 15.537898823635654,
        "12,34": 73.98124792489563,
        "12,35": 80.45235187306085,
        "12,36": 68.72421403013766,
        "12,37": 68.08190688049982,
        "12,38": 79.64545794812048,
        "12,39": 65.76218725846682,
        "12,40": 22.320147306293908,
        "13,0": 75.01082415770591,
        "13,1": 40.74906613155092,
        "13,2": 53.1635309406704,
        "13,3": 28.237600582974725,
        "13,4": 47.51938473425019,
        "13,5": 56.52027561629,
        "13,6": 27.101854901235942,
        "13,7": 58.72006308561026,
        "13,8": 9.321089255361422,
        "13,9": 59.61218063084278,
        "13,10": 28.55045933726636,
        "13,11": 55.13992165661689,
        "13,12": 48.46296054279912,
        "13,13": 0.0,
        "13,14": 16.85863118221359,
        "13,15": 49.95611698313239,
        "13,16": 42.61154014216478,
        "13,17": 45.216286603260194,
        "13,18": 22.697848288047663,
        "13,19": 56.02883168798617,
        "13,20": 24.2779063858388,
        "13,21": 66.98250345923461,
        "13,22": 29.713077700848658,
        "13,23": 61.11916853828292,
        "13,24": 42.66038414373863,
        "13,25": 27.891090710043144,
        "13,26": 37.09370061808768,
        "13,27": 7.087731234589208,
        "13,28": 46.964948961539235,
        "13,29": 54.79360809090562,
        "13,30": 11.127224280812063,
        "13,31": 37.31422412980185,
        "13,32": 43.083936791159296,
        "13,33": 33.346883587334624,
        "13,34": 57.45881323533951,
        "13,35": 31.996759042365053,
        "13,36": 20.290441584701995,
        "13,37": 40.50852498280586,
        "13,38": 37.38554286458588,
        "13,39": 32.968557522008744,
        "13,40": 44.03480244971069,
        "14,0": 58.92124806639619,
        "14,1": 26.021223734087894,
        "14,2": 64.94861442043654,
        "14,3": 35.98424313065524,
        "14,4": 41.94311849158968,
        "14,5": 63.174211364253104,
        "14,6": 12.516004803164346,
        "14,7": 58.93227304306604,
        "14,8": 15.481600578913746,
        "14,9": 71.4427986735421,
        "14,10": 45.286145403713995,
        "14,11": 53.000235896437076,
        "14,12": 65.18352978638397,
        "14,13": 16.85863118221359,
        "14,14": 0.0,
        "14,15": 39.734409858479616,
        "14,16": 57.42350688289649,
        "14,17": 56.07955804693911,
        "14,18": 11.244674180479059,
        "14,19": 71.79400750892201,
        "14,20": 38.0958688595714,
        "14,21": 83.28956695317736,
        "14,22": 12.908922386573252,
        "14,23": 72.62286863574893,
        "14,24": 45.92079411716905,
        "14,25": 26.101879905989275,
        "14,26": 20.338043594627592,
        "14,27": 23.77740312451509,
        "14,28": 48.143074179387,
        "14,29": 40.99795341860242,
        "14,30": 17.282356124684867,
        "14,31": 53.83529198956315,
        "14,32": 26.338054189007707,
        "14,33": 50.18592082276662,
        "14,34": 57.96413542198242,
        "14,35": 15.396409412199462,
        "14,36": 3.772622877040007,
        "14,37": 38.775613323005814,
        "14,38": 30.30855077750112,
        "14,39": 34.97698639403698,
        "14,40": 58.53057348479187,
        "15,0": 39.73845163572941,
        "15,1": 19.40720887316682,
        "15,2": 68.80779349953447,
        "15,3": 75.30914590665974,
        "15,4": 13.963911429346666,
        "15,5": 54.39420564800559,
        "15,6": 27.910303923472,
        "15,7": 36.30199744449772,
        "15,8": 53.8328302433864,
        "15,9": 74.03735258982023,
        "15,10": 74.99761280564415,
        "15,11": 27.11933693759574,
        "15,12": 88.067708182337,
        "15,13": 49.95611698313239,
        "15,14": 39.734409858479616,
        "15,15": 0.0,
        "15,16": 72.05646150398894,
        "15,17": 59.910395148706755,
        "15,18": 48.43673325500504,
        "15,19": 87.86212893019109,
        "15,20": 74.23313867771179,
        "15,21": 101.15530119905465,
        "15,22": 33.978775647402315,
        "15,23": 74.05567704486648,
        "15,24": 85.5201115895283,
        "15,25": 65.23333224371525,
        "15,26": 38.079630827981234,
        "15,27": 56.22836248535887,
        "15,28": 32.66572708484236,
        "15,29": 14.384472808871742,
        "15,30": 40.53076175753913,
        "15,31": 84.22533268386056,
        "15,32": 31.98009420257921,
        "15,33": 76.42625832677416,
        "15,34": 36.36176553172775,
        "15,35": 39.078874306803726,
        "15,36": 39.84137770930112,
        "15,37": 23.379770960694117,
        "15,38": 66.06678868046136,
        "15,39": 74.56142410338472,
        "15,40": 71.87673689603517,
        "16,0": 107.92024393713935,
        "16,1": 73.52841679297411,
        "16,2": 18.445121963417886,
        "16,3": 58.81895093636733,
        "16,4": 61.411293372584694,
        "16,5": 36.98118897832322,
        "16,6": 62.7940467509766,
        "16,7": 55.395366676225265,
        "16,8": 50.775891987898085,
        "16,9": 22.8415608390487,
        "16,10": 28.81670552673767,
        "16,11": 58.7170969547091,
        "16,12": 20.5420539287631,
        "16,13": 42.61154014216478,
        "16,14": 57.42350688289649,
        "16,15": 72.05646150398894,
        "16,16": 0.0,
        "16,17": 18.50409416322763,
        "16,18": 65.25064091809665,
        "16,19": 15.85899248181002,
        "16,20": 44.70128618286169,
        "16,21": 29.098853834174122,
        "16,22": 68.79097171710686,
        "16,23": 25.005764680021027,
        "16,24": 75.06540618405866,
        "16,25": 67.7996983553056,
        "16,26": 77.20348510505244,
        "16,27": 38.281555043946724,
        "16,28": 46.75144645913325,
        "16,29": 83.21506276361045,
        "16,30": 40.84967203762858,
        "16,31": 32.47060059091302,
        "16,32": 80.85016260310941,
        "16,33": 21.68779935337969,
        "16,34": 53.906201674814014,
        "16,35": 72.64685525560789,
        "16,36": 61.191672234828054,
        "16,37": 50.30409561855941,
        "16,38": 78.88257351640772,
        "16,39": 68.93934674441482,
        "16,40": 2.286842004131465,
        "17,0": 98.2766225491269,
        "17,1": 65.76020212862998,
        "17,2": 9.36888201302124,
        "17,3": 68.1001614120306,
        "17,4": 47.54415008774594,
        "17,5": 18.5827731194402,
        "17,6": 57.70840520443986,
        "17,7": 37.6601471794103,
        "17,8": 54.468542270080036,
        "17,9": 15.61566625368389,
        "17,10": 42.71266342076612,
        "17,11": 42.17565610093559,
        "17,12": 39.04577907602902,
        "17,13": 45.216286603260194,
        "17,14": 56.07955804693911,
        "17,15": 59.910395148706755,
        "17,16": 18.50409416322763,
        "17,17": 0.0,
        "17,18": 65.96659110120237,
        "17,19": 31.36831086297838,
        "17,20": 55.84217675271345,
        "17,21": 44.42807795964931,
        "17,22": 65.14444862293351,
        "17,23": 16.58298591219598,
        "17,24": 84.35799963465591,
        "17,25": 72.91852825349086,
        "17,26": 73.76785147252413,
        "17,27": 43.61908778999285,
        "17,28": 30.51935921060839,
        "17,29": 72.6812913242353,
        "17,30": 38.88860446224058,
        "17,31": 48.61948833208048,
        "17,32": 75.37328936080849,
        "17,33": 37.34034868750006,
        "17,34": 36.21479591896609,
        "17,35": 70.00740420257156,
        "17,36": 59.71778600771484,
        "17,37": 36.71263662821056,
        "17,38": 82.52705666315674,
        "17,39": 76.41621306934756,
        "17,40": 16.85749597408033,
        "18,0": 60.68721969193577,
        "18,1": 31.85579688408664,
        "18,2": 74.54239504386325,
        "18,3": 31.14730416792622,
        "18,4": 52.36790271615659,
        "18,5": 74.11498507430704,
        "18,6": 20.57695140989221,
        "18,7": 70.10544897142402,
        "18,8": 16.231225299378973,
        "18,9": 81.04759210289885,
        "18,10": 48.612033441293285,
        "18,11": 63.956400050730984,
        "18,12": 70.22972794016957,
        "18,13": 22.697848288047663,
        "18,14": 11.244674180479059,
        "18,15": 48.43673325500504,
        "18,16": 65.25064091809665,
        "18,17": 65.96659110120237,
        "18,18": 0.0,
        "18,19": 78.66947089526076,
        "18,20": 37.63847343965358,
        "18,21": 89.30842445154431,
        "18,22": 15.735995669104403,
        "18,23": 82.36536048520753,
        "18,24": 37.660754919525864,
        "18,25": 17.057607802859614,
        "18,26": 18.705229954829576,
        "18,27": 28.272689243557576,
        "18,28": 59.38286615376146,
        "18,29": 46.929066470298125,
        "18,30": 27.196500043198263,
        "18,31": 56.22370426261313,
        "18,32": 27.251667364432183,
        "18,33": 54.75986167148725,
        "18,34": 69.15872268550578,
        "18,35": 13.696420558479113,
        "18,36": 9.094965647394863,
        "18,37": 49.89915869663739,
        "18,38": 19.13212546367958,
        "18,39": 26.848061496748624,
        "18,40": 66.60535609841196,
        "19,0": 123.70479934452283,
        "19,1": 89.185550457026,
        "19,2": 26.760368841296803,
        "19,3": 67.24913577918979,
        "19,4": 76.9475190000924,
        "19,5": 48.27196356716296,
        "19,6": 78.07278512285949,
        "19,7": 69.01814419714694,
        "19,8": 63.295928102507276,
        "19,9": 27.546081488383777,
        "19,10": 35.37567252472946,
        "19,11": 73.29122140144499,
        "19,12": 15.643447412292415,
        "19,13": 56.02883168798617,
        "19,14": 71.79400750892201,
        "19,15": 87.86212893019109,
        "19,16": 15.85899248181002,
        "19,17": 31.36831086297838,
        "19,18": 78.66947089526076,
        "19,19": 0.0,
        "19,20": 52.36164274496581,
        "19,21": 13.378426652745151,
        "19,22": 83.65402147171362,
        "19,23": 29.637370624883058,
        "19,24": 82.82587794706203,
        "19,25": 78.87680716155688,
        "19,26": 91.90746400140229,
        "19,27": 50.67787816348407,
        "19,28": 61.42857776783252,
        "19,29": 99.06930946764177,
        "19,30": 55.841012750397034,
        "19,31": 34.81004633741888,
        "19,32": 96.05452406614087,
        "19,33": 27.292548798350172,
        "19,34": 67.57888770319583,
        "19,35": 87.1641124072189,
        "19,36": 75.52381026421209,
        "19,37": 65.83627173366847,
        "19,38": 90.53607322206214,
        "19,39": 78.37652714518057,
        "19,40": 16.031855629126998,
        "20,0": 96.83609178255826,
        "20,1": 63.866327345059645,
        "20,2": 61.05701002458849,
        "20,3": 14.941786093062777,
        "20,4": 71.20085963849682,
        "20,5": 71.66808044094398,
        "20,6": 50.092506000256854,
        "20,7": 79.39565770403861,
        "20,8": 22.77189456480542,
        "20,9": 66.70000137545672,
        "20,10": 16.985975849624612,
        "20,11": 77.30699972591165,
        "20,12": 39.27723602374172,
        "20,13": 24.2779063858388,
        "20,14": 38.0958688595714,
        "20,15": 74.23313867771179,
        "20,16": 44.70128618286169,
        "20,17": 55.84217675271345,
        "20,18": 37.63847343965358,
        "20,19": 52.36164274496581,
        "20,20": 0.0,
        "20,21": 59.3820981033619,
        "20,22": 50.42888245842774,
        "20,23": 68.6920259304752,
        "20,24": 30.61076566975333,
        "20,25": 29.614128644055377,
        "20,26": 55.927785800955064,
        "20,27": 18.498060472354823,
        "20,28": 67.6479027053153,
        "20,29": 78.45937014587008,
        "20,30": 34.504298026962,
        "20,31": 20.819165886348685,
        "20,32": 63.636872308740365,
        "20,33": 25.072352839533146,
        "20,34": 77.99845293874412,
        "20,35": 50.682485397622926,
        "20,36": 40.43256847545643,
        "20,37": 63.12187319472133,
        "20,38": 41.703871027210425,
        "20,39": 26.501744550387905,
        "20,40": 46.84976208387005,
        "21,0": 136.5919084427214,
        "21,1": 101.89428763589177,
        "21,2": 38.83253878473846,
        "21,3": 74.25439579693855,
        "21,4": 90.32461958540623,
        "21,5": 60.553356141717224,
        "21,6": 90.36595840856114,
        "21,7": 81.95930230984882,
        "21,8": 73.45154652444656,
        "21,9": 38.21987098275052,
        "21,10": 42.89264231139874,
        "21,11": 86.51629183364598,
        "21,12": 20.118333033639743,
        "21,13": 66.98250345923461,
        "21,14": 83.28956695317736,
        "21,15": 101.15530119905465,
        "21,16": 29.098853834174122,
        "21,17": 44.42807795964931,
        "21,18": 89.30842445154431,
        "21,19": 13.378426652745151,
        "21,20": 59.3820981033619,
        "21,21": 0.0,
        "21,22": 95.51257942524221,
        "21,23": 40.0610514852433,
        "21,24": 88.91095186458708,
        "21,25": 87.64686688634893,
        "21,26": 103.57542369160142,
        "21,27": 61.04121221165391,
        "21,28": 74.69829272361959,
        "21,29": 112.16861924965906,
        "21,30": 67.99973723664338,
        "21,31": 39.50989464565132,
        "21,32": 108.2089100000487,
        "21,33": 35.305807537686654,
        "21,34": 80.54278597945054,
        "21,35": 98.68220157174697,
        "21,36": 86.9558851233617,
        "21,37": 79.21287758049854,
        "21,38": 99.60093844149137,
        "21,39": 85.87513502302077,
        "21,40": 29.400282348853185,
        "22,0": 46.413589011808625,
        "22,1": 16.21527226881035,
        "22,2": 74.34684945479242,
        "22,3": 46.28345296345265,
        "22,4": 40.40254834365022,
        "22,5": 69.33793767287955,
        "22,6": 8.476389612144724,
        "22,7": 60.758396753082636,
        "22,8": 27.660068975694358,
        "22,9": 80.74356045689268,
        "22,10": 58.19160137782968,
        "22,11": 53.37819348233335,
        "22,12": 77.80217918341945,
        "22,13": 29.713077700848658,
        "22,14": 12.908922386573252,
        "22,15": 33.978775647402315,
        "22,16": 68.79097171710686,
        "22,17": 65.14444862293351,
        "22,18": 15.735995669104403,
        "22,19": 83.65402147171362,
        "22,20": 50.42888245842774,
        "22,21": 95.51257942524221,
        "22,22": 0.0,
        "22,23": 81.69178386596853,
        "22,24": 53.338631140629225,
        "22,25": 32.7219081242938,
        "22,26": 8.627908050225427,
        "22,27": 36.67776338620971,
        "22,28": 51.36884603571689,
        "22,29": 31.20737671870591,
        "22,30": 27.942025432444414,
        "22,31": 66.73398814741128,
        "22,32": 13.437722253104122,
        "22,33": 62.96126345546552,
        "22,34": 60.06140752806406,
        "22,35": 5.822585624117905,
        "22,36": 10.009863935151685,
        "22,37": 40.75068392509412,
        "22,38": 32.10465833998773,
        "22,39": 42.57345513235132,
        "22,40": 69.69381705913345,
        "23,0": 113.22802921840663,
        "23,1": 81.66115393622509,
        "23,2": 7.9840085498965525,
        "23,3": 82.04477831541642,
        "23,4": 60.83419568502518,
