{
    "num_robots": 2,
    "num_tasks": 40,
    "num_nodes": 41,
    "robot_capacity": [
        264,
        294
    ],
    "robot_speed": [
        0.97,
        0.81
    ],
    "task_demand": {
        "0": 0,
        "1": 7,
        "2": 12,
        "3": 8,
        "4": 7,
        "5": 5,
        "6": 12,
        "7": 8,
        "8": 9,
        "9": 7,
        "10": 10,
        "11": 7,
        "12": 15,
        "13": 12,
        "14": 15,
        "15": 14,
        "16": 13,
        "17": 8,
        "18": 13,
        "19": 15,
        "20": 14,
        "21": 7,
        "22": 5,
        "23": 8,
        "24": 9,
        "25": 12,
        "26": 8,
        "27": 11,
        "28": 10,
        "29": 7,
        "30": 9,
        "31": 9,
        "32": 15,
        "33": 5,
        "34": 11,
        "35": 8,
        "36": 9,
        "37": 8,
        "38": 5,
        "39": 11,
        "40": 15
    },
    "task_service_time": {
        "0": 0,
        "1": 84,
        "2": 21,
        "3": 59,
        "4": 47,
        "5": 28,
        "6": 80,
        "7": 66,
        "8": 97,
        "9": 17,
        "10": 80,
        "11": 54,
        "12": 34,
        "13": 14,
        "14": 44,
        "15": 76,
        "16": 29,
        "17": 73,
        "18": 93,
        "19": 88,
        "20": 36,
        "21": 69,
        "22": 64,
        "23": 77,
        "24": 84,
        "25": 87,
        "26": 17,
        "27": 63,
        "28": 74,
        "29": 16,
        "30": 78,
        "31": 55,
        "32": 74,
        "33": 58,
        "34": 22,
        "35": 75,
        "36": 72,
        "37": 58,
        "38": 56,
        "39": 44,
        "40": 17
    },
    "task_precedence": [],
    "coordinates": {
        "0": [
            0,
            100
        ],
        "1": [
            79.48352064463585,
            36.05644503775515
        ],
        "2": [
            96.13572865136692,
            22.731761003091457
        ],
        "3": [
            52.8402386775221,
            35.46703819179696
        ],
        "4": [
            56.947193089101965,
            24.892852502208196
        ],
        "5": [
            5.800553052083568,
            34.96245312236479
        ],
        "6": [
            95.16572511401343,
            15.041559874631327
        ],
        "7": [
            59.319450316851366,
            75.84231193176448
        ],
        "8": [
            97.72272820338921,
            60.66146629020115
        ],
        "9": [
            88.66790945782174,
            46.055458362364554
        ],
        "10": [
            77.7509038973954,
            86.20319130725316
        ],
        "11": [
            41.18690514740129,
            71.65525828299847
        ],
        "12": [
            14.567454494084808,
            31.808609473080296
        ],
        "13": [
            31.182073011059853,
            56.90343737302314
        ],
        "14": [
            31.33080067535913,
            77.13150343533458
        ],
        "15": [
            11.529547362900072,
            26.927768296936172
        ],
        "16": [
            82.15256619430329,
            25.776800767697328
        ],
        "17": [
            89.88730485259678,
            27.45856698192537
        ],
        "18": [
            71.82950963650867,
            26.557448596308276
        ],
        "19": [
            6.115708519965668,
            5.977617329413809
        ],
        "20": [
            18.494829174260353,
            77.2633863600377
        ],
        "21": [
            92.18206508374756,
            1.516688356765994
        ],
        "22": [
            50.60956881599904,
            38.317705059172035
        ],
        "23": [
            12.775223428892124,
            3.0498905186430503
        ],
        "24": [
            36.64966748698287,
            35.50569141139943
        ],
        "25": [
            65.54949356857368,
            18.66175543007461
        ],
        "26": [
            22.203839383197632,
            26.766430844248156
        ],
        "27": [
            61.57768615147945,
            89.35350057722438
        ],
        "28": [
            59.81640245794119,
            93.28487977146676
        ],
        "29": [
            92.65689752502794,
            22.769675829165525
        ],
        "30": [
            46.01767550917969,
            82.94315399748695
        ],
        "31": [
            42.31607138107645,
            12.559114251359683
        ],
        "32": [
            37.34446779534966,
            18.04570694020399
        ],
        "33": [
            42.78589400987764,
            7.785957958943079
        ],
        "34": [
            22.960970958900027,
            19.41214219559856
        ],
        "35": [
            21.454513156750465,
            5.539368382301124
        ],
        "36": [
            96.78599792249626,
            92.43229522218358
        ],
        "37": [
            88.67209555391746,
            20.52274862045026
        ],
        "38": [
            41.71536867931245,
            71.48707187613887
        ],
        "39": [
            62.13350751936856,
            57.10800889160106
        ],
        "40": [
            85.19989053217483,
            72.92643478573594
        ]
    },
    "distance_matrix_str_keys": {
        "0,0": 0.0,
        "0,1": 102.01180458788032,
        "0,2": 123.33879795511479,
        "0,3": 83.40619870990702,
        "0,4": 94.25532561071823,
        "0,5": 65.29570368386142,
        "0,6": 127.57135957969491,
        "0,7": 64.04991084065274,
        "0,8": 105.34349454024421,
        "0,9": 103.78830252063601,
        "0,10": 78.96553037222172,
        "0,11": 49.99785534024992,
        "0,12": 69.73002561617274,
        "0,13": 53.19431724844305,
        "0,14": 38.78900883094589,
        "0,15": 73.97622258847503,
        "0,16": 110.71642803390779,
        "0,17": 115.50751957331383,
        "0,18": 102.72919162197857,
        "0,19": 94.22107160160793,
        "0,20": 29.30891171637036,
        "0,21": 134.8943875605009,
        "0,22": 79.78742986779706,
        "0,23": 97.78818978846685,
        "0,24": 74.18028017760547,
        "0,25": 104.46361154398923,
        "0,26": 76.52559137076385,
        "0,27": 62.49127444475161,
        "0,28": 60.19214934436258,
        "0,29": 120.62264974081654,
        "0,30": 49.07710723770913,
        "0,31": 97.14194973148895,
        "0,32": 90.06173119504663,
        "0,33": 101.65658992792498,
        "0,34": 83.79504169625955,
        "0,35": 96.86643928837165,
        "0,36": 97.08140681643233,
        "0,37": 119.0771767248922,
        "0,38": 50.528794308269745,
        "0,39": 75.50030236960912,
        "0,40": 89.39798252816215,
        "1,0": 102.01180458788032,
        "1,1": 0.0,
        "1,2": 21.32705408918587,
        "1,3": 26.649800644830176,
        "1,4": 25.14978842833544,
        "1,5": 73.69108854913223,
        "1,6": 26.221306897991333,
        "1,7": 44.6038668356418,
        "1,8": 30.62802251541234,
        "1,9": 13.57693873218446,
        "1,10": 50.176669102384935,
        "1,11": 52.28676948342417,
        "1,12": 65.05489798199082,
        "1,13": 52.608240161839724,
        "1,14": 63.29174403351626,
        "1,15": 68.564387431182,
        "1,16": 10.620493889887237,
        "1,17": 13.496748975539875,
        "1,18": 12.198967903357735,
        "1,19": 79.29420995425191,
        "1,20": 73.60456847510683,
        "1,21": 36.800106283189315,
        "1,22": 28.962361628273634,
        "1,23": 74.4273441595703,
        "1,24": 42.83739378029809,
        "1,25": 22.28749284024524,
        "1,26": 58.028150488599216,
        "1,27": 56.224505672113985,
        "1,28": 60.513546250737164,
        "1,29": 18.71032053266791,
        "1,30": 57.60491530854748,
        "1,31": 43.972080219663816,
        "1,32": 45.826700316011355,
        "1,33": 46.32425110347057,
        "1,34": 58.92224910912597,
        "1,35": 65.56414933196277,
        "1,36": 58.97128287537923,
        "1,37": 18.04787060149951,
        "1,38": 51.785737621825554,
        "1,39": 27.27986979696749,
        "1,40": 37.310494886926534,
        "2,0": 123.33879795511479,
        "2,1": 21.32705408918587,
        "2,2": 0.0,
        "2,3": 45.1296658213692,
        "2,4": 39.24807811832905,
        "2,5": 91.1593866821723,
        "2,6": 7.75113541738549,
        "2,7": 64.62328504766444,
        "2,8": 37.96289123269085,
        "2,9": 24.490062923856375,
        "2,10": 66.08043769596492,
        "2,11": 73.57228955637466,
        "2,12": 82.07175230945586,
        "2,13": 73.3940109748128,
        "2,14": 84.61093703930923,
        "2,15": 84.71016697791897,
        "2,16": 14.31087346980137,
        "2,17": 7.8348895799862435,
        "2,18": 24.60544997270218,
        "2,19": 91.56585255812409,
        "2,20": 94.87785534930956,
        "2,21": 21.580332782299433,
        "2,22": 48.12019203489047,
        "2,23": 85.65249474891463,
        "2,24": 60.84212990132031,
        "2,25": 30.855837728123348,
        "2,26": 74.04189902675367,
        "2,27": 75.05141228056684,
        "2,28": 79.35260564776011,
        "2,29": 3.479037731847863,
        "2,30": 78.34048185381963,
        "2,31": 54.77260492825815,
        "2,32": 58.97771999425352,
        "2,33": 55.40380749469051,
        "2,34": 73.25001728585669,
        "2,35": 76.63460257469042,
        "2,36": 69.70356748798307,
        "2,37": 7.783672315816305,
        "2,38": 73.0661064914197,
        "2,39": 48.35160246363689,
        "2,40": 51.37215034934076,
        "3,0": 83.40619870990702,
        "3,1": 26.649800644830176,
        "3,2": 45.1296658213692,
        "3,3": 0.0,
        "3,4": 11.343741778474115,
        "3,5": 47.042391837919794,
        "3,6": 46.99624417515313,
        "3,7": 40.8918440895557,
        "3,8": 51.47035140005583,
        "3,9": 37.35955882033431,
        "3,10": 56.521663764008416,
        "3,11": 38.01825161331698,
        "3,12": 38.447238000172376,
        "3,13": 30.472862515569464,
        "3,14": 46.889056155982146,
        "3,15": 42.184029528119574,
        "3,16": 30.872532221806306,
        "3,17": 37.90277988881165,
        "3,18": 20.975538093547232,
        "3,19": 55.2522186092392,
        "3,20": 54.09752188545741,
        "3,21": 51.96542657285289,
        "3,22": 3.6196946860000967,
        "3,23": 51.537141074530126,
        "3,24": 16.190617330642603,
        "3,25": 21.06994752217387,
        "3,26": 31.847912489478883,
        "3,27": 54.59023554424589,
        "3,28": 58.237184564700804,
        "3,29": 41.792216174147,
        "3,30": 47.96382949870985,
        "3,31": 25.20974169928037,
        "3,32": 23.31569638270565,
        "3,33": 29.450501685938807,
        "3,34": 33.91946822769836,
        "3,35": 43.367374680644716,
        "3,36": 71.94630125416624,
        "3,37": 38.82336613436222,
        "3,38": 37.69888007750617,
        "3,39": 23.55199479017889,
        "3,40": 49.50104505297173,
        "4,0": 94.25532561071823,
        "4,1": 25.14978842833544,
        "4,2": 39.24807811832905,
        "4,3": 11.343741778474115,
        "4,4": 0.0,
        "4,5": 52.12845330264261,
        "4,6": 39.467760977452635,
        "4,7": 51.00465685129752,
        "4,8": 54.24055674650723,
        "4,9": 38.13213518460631,
        "4,10": 64.74374122480495,
        "4,11": 49.34682634590195,
        "4,12": 42.940306681044476,
        "4,13": 41.09159228367252,
        "4,14": 58.18140778296694,
        "4,15": 45.46320958316096,
        "4,16": 25.220868302032496,
        "4,17": 33.03988277495791,
        "4,18": 14.97512023236237,
        "4,19": 54.23675824700863,
        "4,20": 64.97120213751226,
        "4,21": 42.284054377906074,
        "4,22": 14.845610381632744,
        "4,23": 49.277559719186286,
        "4,24": 22.90462606726256,
        "4,25": 10.621965178886205,
        "4,26": 34.79383454776632,
        "4,27": 64.62674845798614,
        "4,28": 68.45218591397386,
        "4,29": 35.772767157240494,
        "4,30": 59.070228188340295,
        "4,31": 19.136113024214172,
        "4,32": 20.764157610883,
        "4,33": 22.207841689944424,
        "4,34": 34.4253029056885,
        "4,35": 40.42632405203127,
        "4,36": 78.41368945202181,
        "4,37": 32.02447883009827,
        "4,38": 49.02070739918627,
        "4,39": 32.62995799204515,
        "4,40": 55.726474316955006,
        "5,0": 65.29570368386142,
        "5,1": 73.69108854913223,
        "5,2": 91.1593866821723,
        "5,3": 47.042391837919794,
        "5,4": 52.12845330264261,
        "5,5": 0.0,
        "5,6": 91.55859307266533,
        "5,7": 67.34563995325328,
        "5,8": 95.44697775387095,
        "5,9": 83.60653995310592,
        "5,10": 88.3315698745117,
        "5,11": 50.97603226193681,
        "5,12": 9.316935690338083,
        "5,13": 33.55038517387765,
        "5,14": 49.29525685097446,
        "5,15": 9.868005677812555,
        "5,16": 76.90257550986507,
        "5,17": 84.42091053506704,
        "5,18": 66.5617548499957,
        "5,19": 28.986549103218003,
        "5,20": 44.16461931279526,
        "5,21": 92.63036652001482,
        "5,22": 44.934459040810474,
        "5,23": 32.665848814956426,
        "5,24": 30.853897148596737,
        "5,25": 61.932613686962284,
        "5,26": 18.33691859729703,
        "5,27": 77.90683294823704,
        "5,28": 79.49350562955549,
        "5,29": 87.70797223356797,
        "5,30": 62.60642614937394,
        "5,31": 42.8403159582665,
        "5,32": 35.79378240312264,
        "5,33": 45.89637605663178,
        "5,34": 23.157981618778706,
        "5,35": 33.32813199955062,
        "5,36": 107.61567696783312,
        "5,37": 84.12013803326687,
        "5,38": 51.2242301713397,
        "5,39": 60.529558063326036,
        "5,40": 88.00862853160595,
        "6,0": 127.57135957969491,
        "6,1": 26.221306897991333,
        "6,2": 7.75113541738549,
        "6,3": 46.99624417515313,
        "6,4": 39.467760977452635,
        "6,5": 91.55859307266533,
        "6,6": 0.0,
        "6,7": 70.58106592809885,
        "6,8": 45.691510438640854,
        "6,9": 31.68727674807779,
        "6,10": 73.26154370581527,
        "6,11": 78.22291130136668,
        "6,12": 82.32384332111867,
        "6,13": 76.46126159122774,
        "6,14": 89.05087685957965,
        "6,15": 84.47657769745587,
        "6,16": 16.869727386706284,
        "6,17": 13.492360281237842,
        "6,18": 26.022963817800974,
        "6,19": 89.51011400877103,
        "6,20": 98.74199701942666,
        "6,21": 13.850067752576917,
        "6,22": 50.269573289465114,
        "6,23": 83.25860256976048,
        "6,24": 61.99120647127388,
        "6,25": 29.836671845444688,
        "6,26": 73.89796593040153,
        "6,27": 81.55011276714708,
        "6,28": 85.85797412425724,
        "6,29": 8.125145665031534,
        "6,30": 83.82217644743076,
        "6,31": 52.90792413206022,
        "6,32": 57.899246087515834,
        "6,33": 52.87996279931303,
        "6,34": 72.33690975169395,
        "6,35": 74.32115722568815,
        "6,36": 77.40769471834685,
        "6,37": 8.497685269003805,
        "6,38": 77.73696950684992,
        "6,39": 53.48563855949819,
        "6,40": 58.73650144830553,
        "7,0": 64.04991084065274,
        "7,1": 44.6038668356418,
        "7,2": 64.62328504766444,
        "7,3": 40.8918440895557,
        "7,4": 51.00465685129752,
        "7,5": 67.34563995325328,
        "7,6": 70.58106592809885,
        "7,7": 0.0,
        "7,8": 41.294912844364,
        "7,9": 41.81612965727556,
        "7,10": 21.14394245464115,
        "7,11": 18.60969136175536,
        "7,12": 62.783023838780224,
        "7,13": 33.91744346498143,
        "7,14": 28.01832478016987,
        "7,15": 68.38499399248059,
        "7,16": 55.02641719022311,
        "7,17": 57.23094011362712,
        "7,18": 50.84780563776514,
        "7,19": 87.81636346985344,
        "7,20": 40.84934692215753,
        "7,21": 81.266535358226,
        "7,22": 38.52217746573397,
        "7,23": 86.40081985596714,
        "7,24": 46.270530670798834,
        "7,25": 57.51894888435705,
        "7,26": 61.53056703374673,
        "7,27": 13.698607509451564,
        "7,28": 17.44964567758182,
        "7,29": 62.67447717561632,
        "7,30": 15.07843397294104,
        "7,31": 65.5276888337346,
        "7,32": 61.833222505145095,
        "7,33": 70.03588937273399,
        "7,34": 67.1290032525068,
        "7,35": 79.8514704802449,
        "7,36": 40.97523319106848,
        "7,37": 62.62453087542901,
        "7,38": 18.134823027624524,
        "7,39": 18.944472237033036,
        "7,40": 26.04418409683175,
        "8,0": 105.34349454024421,
        "8,1": 30.62802251541234,
        "8,2": 37.96289123269085,
        "8,3": 51.47035140005583,
        "8,4": 54.24055674650723,
        "8,5": 95.44697775387095,
        "8,6": 45.691510438640854,
        "8,7": 41.294912844364,
        "8,8": 0.0,
        "8,9": 17.185028661689962,
        "8,10": 32.42303938492173,
        "8,11": 57.594815313523405,
        "8,12": 88.01867354248533,
        "8,13": 66.64669215172508,
        "8,14": 68.4043139315736,
        "8,15": 92.55931505635763,
        "8,16": 38.201699354952126,
        "8,17": 34.11489970030168,
        "8,18": 42.819887793145895,
        "8,19": 106.68725037437862,
        "8,20": 80.94864875076716,
        "8,21": 59.40373476979974,
        "8,22": 52.14300963130983,
        "8,23": 102.64098708749437,
        "8,24": 66.05097845621067,
        "8,25": 52.90645271799201,
        "8,26": 82.7766633570046,
        "8,27": 46.1486391615402,
        "8,28": 50.011765002743495,
        "8,29": 38.22892131364494,
        "8,30": 56.301741369126354,
        "8,31": 73.37393196424854,
        "8,32": 73.90289084249619,
        "8,33": 76.24877135071964,
        "8,34": 85.38634015195576,
        "8,35": 94.10253080639463,
        "8,36": 31.78463519759876,
        "8,37": 41.146453158536715,
        "8,38": 57.044001062000184,
        "8,39": 35.766180791071186,
        "8,40": 17.5285742585085,
        "9,0": 103.78830252063601,
        "9,1": 13.57693873218446,
        "9,2": 24.490062923856375,
        "9,3": 37.35955882033431,
        "9,4": 38.13213518460631,
        "9,5": 83.60653995310592,
        "9,6": 31.68727674807779,
        "9,7": 41.81612965727556,
        "9,8": 17.185028661689962,
        "9,9": 0.0,
        "9,10": 41.60554615697856,
        "9,11": 53.94252057795087,
        "9,12": 75.45760484607833,
        "9,13": 58.50042769586857,
        "9,14": 65.21705774495823,
        "9,15": 79.47449549337406,
        "9,16": 21.299616233238336,
        "9,17": 18.636826289490703,
        "9,18": 25.762455111646904,
        "9,19": 91.76654739907477,
        "9,20": 76.79971332232368,
        "9,21": 44.677190191134805,
        "9,22": 38.836968452623594,
        "9,23": 87.23060620130197,
        "9,24": 53.07725577360248,
        "9,25": 35.84516862243485,
        "9,26": 69.20649675774085,
        "9,27": 51.07446190051614,
        "9,28": 55.344626684102934,
        "9,29": 23.624980295944173,
        "9,30": 56.38922366147033,
        "9,31": 57.188267694481404,
        "9,32": 58.46915288263035,
        "9,33": 59.74708363336956,
        "9,34": 70.90323027382699,
        "9,35": 78.48053382589505,
        "9,36": 47.081996107244116,
        "9,37": 25.532710085070203,
        "9,38": 53.39764087927074,
        "9,39": 28.74427524625928,
        "9,40": 27.093846703892485,
        "10,0": 78.96553037222172,
        "10,1": 50.176669102384935,
        "10,2": 66.08043769596492,
        "10,3": 56.521663764008416,
        "10,4": 64.74374122480495,
        "10,5": 88.3315698745117,
        "10,6": 73.26154370581527,
        "10,7": 21.14394245464115,
        "10,8": 32.42303938492173,
        "10,9": 41.60554615697856,
        "10,10": 0.0,
        "10,11": 39.351853321892875,
        "10,12": 83.37217048521191,
        "10,13": 55.019374684983,
        "10,14": 47.29821882470858,
        "10,15": 88.87543999508955,
        "10,16": 60.586494407705615,
        "10,17": 59.98519079964076,
        "10,18": 59.93894838527865,
        "10,19": 107.55344688496184,
        "10,20": 59.92664268994236,
        "10,21": 85.90728837048314,
        "10,22": 55.042455098004154,
        "10,23": 105.52871876596487,
        "10,24": 65.26521378310738,
        "10,25": 68.63468492215361,
        "10,26": 81.35235012266753,
        "10,27": 16.477178786226645,
        "10,28": 19.282029285994806,
        "10,29": 65.1613346390005,
        "10,30": 31.900244939494232,
        "10,31": 81.72562291517852,
        "10,32": 79.23460578379411,
        "10,33": 85.85927091722553,
        "10,34": 86.3885466531315,
        "10,35": 98.36633539626955,
        "10,36": 20.02839334862964,
        "10,37": 66.58222719865181,
        "10,38": 38.92459337699646,
        "10,39": 33.021700583532606,
        "10,40": 15.223654804834903,
        "11,0": 49.99785534024992,
        "11,1": 52.28676948342417,
        "11,2": 73.57228955637466,
        "11,3": 38.01825161331698,
        "11,4": 49.34682634590195,
        "11,5": 50.97603226193681,
        "11,6": 78.22291130136668,
        "11,7": 18.60969136175536,
        "11,8": 57.594815313523405,
        "11,9": 53.94252057795087,
        "11,10": 39.351853321892875,
        "11,11": 0.0,
        "11,12": 47.92025223707932,
        "11,13": 17.82450241202699,
        "11,14": 11.275285199598908,
        "11,15": 53.66663051851885,
        "11,16": 61.50624560963672,
        "11,17": 65.76531345175933,
        "11,18": 54.52322118522339,
        "11,19": 74.45496191731102,
        "11,20": 23.374802940330337,
        "11,21": 86.71750300966085,
        "11,22": 34.64360035508683,
        "11,23": 74.25577515692855,
        "11,24": 36.43319517406249,
        "11,25": 58.32535519996679,
        "11,26": 48.73770218869561,
        "11,27": 27.000217226189147,
        "11,28": 28.546430526036392,
        "11,29": 70.9856343720576,
        "11,30": 12.27814855543798,
        "11,31": 59.10693069168344,
        "11,32": 53.74707731570304,
        "11,33": 63.88931279382105,
        "11,34": 55.331074953999604,
        "11,35": 68.9976680115628,
        "11,36": 59.354396478996236,
        "11,37": 69.78092040331427,
        "11,38": 0.5545812582592013,
        "11,39": 25.502600176939158,
        "11,40": 44.031338523617485,
        "12,0": 69.73002561617274,
        "12,1": 65.05489798199082,
        "12,2": 82.07175230945586,
        "12,3": 38.447238000172376,
        "12,4": 42.940306681044476,
        "12,5": 9.316935690338083,
        "12,6": 82.32384332111867,
        "12,7": 62.783023838780224,
        "12,8": 88.01867354248533,
        "12,9": 75.45760484607833,
        "12,10": 83.37217048521191,
        "12,11": 47.92025223707932,
        "12,12": 0.0,
        "12,13": 30.096443906088965,
        "12,14": 48.32364320192539,
        "12,15": 5.749042557195679,
        "12,16": 67.8537400574894,
        "12,17": 75.44536253278586,
        "12,18": 57.50232734148882,
        "12,19": 27.178523969067907,
        "12,20": 45.62412753929176,
        "12,21": 83.31643452466024,
        "12,22": 36.62515979682292,
        "12,23": 28.81451037396523,
        "12,24": 22.38956331691982,
        "12,25": 52.64986305225119,
        "12,26": 9.15084364961626,
        "12,27": 74.30596458340145,
        "12,28": 76.33347300913313,
        "12,29": 78.61083534921892,
        "12,30": 60.03214177102831,
        "12,31": 33.771716056962255,
        "12,32": 26.61221187829845,
        "12,33": 37.058981562856495,
        "12,34": 14.97075547882603,
        "12,35": 27.15703600374089,
        "12,36": 102.1524358852769,
        "12,37": 74.95911206645636,
        "12,38": 48.07691362056655,
        "12,39": 53.87568107543471,
        "12,40": 81.72892131379774,
        "13,0": 53.19431724844305,
        "13,1": 52.608240161839724,
        "13,2": 73.3940109748128,
        "13,3": 30.472862515569464,
        "13,4": 41.09159228367252,
        "13,5": 33.55038517387765,
        "13,6": 76.46126159122774,
        "13,7": 33.91744346498143,
        "13,8": 66.64669215172508,
        "13,9": 58.50042769586857,
        "13,10": 55.019374684983,
        "13,11": 17.82450241202699,
        "13,12": 30.096443906088965,
        "13,13": 0.0,
        "13,14": 20.228612817970586,
        "13,15": 35.84358381789765,
        "13,16": 59.723183787395946,
        "13,17": 65.67575380547335,
        "13,18": 50.72566548657969,
        "13,19": 56.76056532412683,
        "13,20": 23.989449325239672,
        "13,21": 82.39351309088491,
        "13,22": 26.88600079768389,
        "13,23": 56.91235911765966,
        "13,24": 22.085246695278897,
        "13,25": 51.41542408268806,
        "13,26": 31.445951116032443,
        "13,27": 44.46234249495525,
        "13,28": 46.2983171817703,
        "13,29": 70.31548710032595,
        "13,30": 29.9693500657688,
        "13,31": 45.72072738728058,
        "13,32": 39.343339002518356,
        "13,33": 50.46954968855164,
        "13,34": 38.38207567384554,
        "13,35": 52.2770791456717,
        "13,36": 74.60680065417117,
        "13,37": 68.03423554424535,
        "13,38": 17.989794689081265,
        "13,39": 30.952110552082488,
        "13,40": 56.34413062451383,
        "14,0": 38.78900883094589,
        "14,1": 63.29174403351626,
        "14,2": 84.61093703930923,
        "14,3": 46.889056155982146,
        "14,4": 58.18140778296694,
        "14,5": 49.29525685097446,
        "14,6": 89.05087685957965,
        "14,7": 28.01832478016987,
        "14,8": 68.4043139315736,
        "14,9": 65.21705774495823,
        "14,10": 47.29821882470858,
        "14,11": 11.275285199598908,
        "14,12": 48.32364320192539,
        "14,13": 20.228612817970586,
        "14,14": 0.0,
        "14,15": 53.96762598623947,
        "14,16": 72.2506563052819,
        "14,17": 76.78713953106522,
        "14,18": 64.79105224011055,
        "14,19": 75.48957795867805,
        "14,20": 12.836648997415494,
        "14,21": 97.05913990689245,
        "14,22": 43.33799540133289,
        "14,23": 76.37011731880553,
        "14,24": 41.96425348807931,
        "14,25": 67.74681081142296,
        "14,26": 51.18536860797252,
        "14,27": 32.622864606620624,
        "14,28": 32.746924679617734,
        "14,29": 81.95180568784195,
        "14,30": 15.794922432252639,
        "14,31": 65.50014975100903,
        "14,32": 59.39103922052587,
        "14,33": 70.28530316304263,
        "14,34": 58.32305471600114,
        "14,35": 72.27015190659286,
        "14,36": 67.2197670032122,
        "14,37": 80.57651779545618,
        "14,38": 11.819427238879875,
        "14,39": 36.73890421148828,
        "14,40": 54.03296627383622,
        "15,0": 73.97622258847503,
        "15,1": 68.564387431182,
        "15,2": 84.71016697791897,
        "15,3": 42.184029528119574,
        "15,4": 45.46320958316096,
        "15,5": 9.868005677812555,
        "15,6": 84.47657769745587,
        "15,7": 68.38499399248059,
        "15,8": 92.55931505635763,
        "15,9": 79.47449549337406,
        "15,10": 88.87543999508955,
        "15,11": 53.66663051851885,
        "15,12": 5.749042557195679,
        "15,13": 35.84358381789765,
        "15,14": 53.96762598623947,
        "15,15": 0.0,
        "15,16": 70.63239706476126,
        "15,17": 78.35955529517831,
        "15,18": 60.30109938367039,
        "15,19": 21.638356605325725,
        "15,20": 50.81524964522067,
        "15,21": 84.56093423347058,
        "15,22": 40.70600368769215,
        "15,23": 23.910348304792425,
        "15,24": 26.54432519402203,
        "15,25": 54.64871047681721,
        "15,26": 10.675511224678097,
        "15,27": 80.01117576270906,
        "15,28": 82.06635497091837,
        "15,29": 81.23383948391852,
        "15,30": 65.78110988890103,
        "15,31": 33.974523987882634,
        "15,32": 27.300203861481663,
        "15,33": 36.651986422726466,
        "15,34": 13.680719320499627,
        "15,35": 23.57898634202626,
        "15,36": 107.51514037437394,
        "15,37": 77.4079906628483,
        "15,38": 53.82114216560182,
        "15,39": 58.92035052398542,
        "15,40": 86.85157903818755,
        "16,0": 110.71642803390779,
        "16,1": 10.620493889887237,
        "16,2": 14.31087346980137,
        "16,3": 30.872532221806306,
        "16,4": 25.220868302032496,
        "16,5": 76.90257550986507,
        "16,6": 16.869727386706284,
        "16,7": 55.02641719022311,
        "16,8": 38.201699354952126,
        "16,9": 21.299616233238336,
        "16,10": 60.586494407705615,
        "16,11": 61.50624560963672,
        "16,12": 67.8537400574894,
        "16,13": 59.723183787395946,
        "16,14": 72.2506563052819,
        "16,15": 70.63239706476126,
        "16,16": 0.0,
        "16,17": 7.915460802216051,
        "16,18": 10.352531464706658,
        "16,19": 78.57233221567422,
        "16,20": 81.8729257964459,
        "16,21": 26.251550471627162,
        "16,22": 33.94458666791566,
        "16,23": 73.00498708073249,
        "16,24": 46.53133464586822,
        "16,25": 18.063385362984388,
        "16,26": 59.95689463240231,
        "16,27": 66.82306822832447,
        "16,28": 71.10727769530172,
        "16,29": 10.926288349736312,
        "16,30": 67.62930035435019,
        "16,31": 41.9720568455779,
        "16,32": 45.47016047805216,
        "16,33": 43.282852307182075,
        "16,34": 59.53279621562559,
        "16,35": 63.98286733261536,
        "16,36": 68.24289168196006,
        "16,37": 8.373131256397613,
        "16,38": 61.02946688013592,
        "16,39": 37.18073846407371,
        "16,40": 47.24800708659751,
        "17,0": 115.50751957331383,
        "17,1": 13.496748975539875,
        "17,2": 7.8348895799862435,
        "17,3": 37.90277988881165,
        "17,4": 33.03988277495791,
        "17,5": 84.42091053506704,
        "17,6": 13.492360281237842,
        "17,7": 57.23094011362712,
        "17,8": 34.11489970030168,
        "17,9": 18.636826289490703,
        "17,10": 59.98519079964076,
        "17,11": 65.76531345175933,
        "17,12": 75.44536253278586,
        "17,13": 65.67575380547335,
        "17,14": 76.78713953106522,
        "17,15": 78.35955529517831,
        "17,16": 7.915460802216051,
        "17,17": 0.0,
        "17,18": 18.08026499836415,
        "17,19": 86.48185676829003,
        "17,20": 87.04829473785372,
        "17,21": 26.04317551914459,
        "17,22": 40.751213821693185,
        "17,23": 80.88298083147808,
        "17,24": 53.84238334115652,
        "17,25": 25.878812793006894,
        "17,26": 67.68700429462383,
        "17,27": 68.0618638869751,
        "17,28": 72.36962502525105,
        "17,29": 5.445763841153407,
        "17,30": 70.73248033977195,
        "17,31": 49.84993425945773,
        "17,32": 53.37931865609992,
        "17,33": 51.044631932709095,
        "17,34": 67.4083015680754,
        "17,35": 71.85748566806984,
        "17,36": 65.33894189158259,
        "17,37": 7.041470725847832,
        "17,38": 65.26135669676782,
        "17,39": 40.612346299729346,
        "17,40": 45.708848767345806,
        "18,0": 102.72919162197857,
        "18,1": 12.198967903357735,
        "18,2": 24.60544997270218,
        "18,3": 20.975538093547232,
        "18,4": 14.97512023236237,
        "18,5": 66.5617548499957,
        "18,6": 26.022963817800974,
        "18,7": 50.84780563776514,
        "18,8": 42.819887793145895,
        "18,9": 25.762455111646904,
        "18,10": 59.93894838527865,
        "18,11": 54.52322118522339,
        "18,12": 57.50232734148882,
        "18,13": 50.72566548657969,
        "18,14": 64.79105224011055,
        "18,15": 60.30109938367039,
        "18,16": 10.352531464706658,
        "18,17": 18.08026499836415,
        "18,18": 0.0,
        "18,19": 68.86096943957743,
        "18,20": 73.59130563123156,
        "18,21": 32.26865641155787,
        "18,22": 24.260863968504086,
        "18,23": 63.561104507913434,
        "18,24": 36.300032274687894,
        "18,25": 10.088635804152647,
        "18,26": 49.62611028148705,
        "18,27": 63.62738427091054,
        "18,28": 67.80018300358239,
        "18,29": 21.16901766247899,
        "18,30": 62.01289022941323,
        "18,31": 32.66491086916016,
        "18,32": 35.51996420052741,
        "18,33": 34.58179390107135,
        "18,34": 49.38815117054855,
        "18,35": 54.58388009493362,
        "18,36": 70.44374866197306,
        "18,37": 17.891067720622974,
        "18,38": 54.08819218329799,
        "18,39": 32.052288395868175,
        "18,40": 48.258159574630774,
        "19,0": 94.22107160160793,
        "19,1": 79.29420995425191,
        "19,2": 91.56585255812409,
        "19,3": 55.2522186092392,
        "19,4": 54.23675824700863,
        "19,5": 28.986549103218003,
        "19,6": 89.51011400877103,
        "19,7": 87.81636346985344,
        "19,8": 106.68725037437862,
        "19,9": 91.76654739907477,
        "19,10": 107.55344688496184,
        "19,11": 74.45496191731102,
        "19,12": 27.178523969067907,
        "19,13": 56.76056532412683,
        "19,14": 75.48957795867805,
        "19,15": 21.638356605325725,
        "19,16": 78.57233221567422,
        "19,17": 86.48185676829003,
        "19,18": 68.86096943957743,
        "19,19": 0.0,
        "19,20": 72.35263294767539,
        "19,21": 86.18188684093109,
        "19,22": 55.00531681948022,
        "19,23": 7.274663091904645,
        "19,24": 42.47622640007845,
        "19,25": 60.77221539947986,
        "19,26": 26.286930631533153,
        "19,27": 100.13774947616444,
        "19,28": 102.5003541679034,
        "19,29": 88.1552642958377,
        "19,30": 86.69406441165876,
        "19,31": 36.793781716611726,
        "19,32": 33.47945926585349,
        "19,33": 36.71474635207163,
        "19,34": 21.54644576297235,
        "19,35": 15.345064021537876,
        "19,36": 125.2817333448146,
        "19,37": 83.82790635804483,
        "19,38": 74.55752435851407,
        "19,39": 75.84398951822149,
        "19,40": 103.61685192737797,
        "20,0": 29.30891171637036,
        "20,1": 73.60456847510683,
        "20,2": 94.87785534930956,
        "20,3": 54.09752188545741,
        "20,4": 64.97120213751226,
        "20,5": 44.16461931279526,
        "20,6": 98.74199701942666,
        "20,7": 40.84934692215753,
        "20,8": 80.94864875076716,
        "20,9": 76.79971332232368,
        "20,10": 59.92664268994236,
        "20,11": 23.374802940330337,
        "20,12": 45.62412753929176,
        "20,13": 23.989449325239672,
        "20,14": 12.836648997415494,
        "20,15": 50.81524964522067,
        "20,16": 81.8729257964459,
        "20,17": 87.04829473785372,
        "20,18": 73.59130563123156,
        "20,19": 72.35263294767539,
        "20,20": 0.0,
        "20,21": 105.67578244034566,
        "20,22": 50.478932182102064,
        "20,23": 74.43357343889349,
        "20,24": 45.53353974362884,
        "20,25": 75.155123504077,
        "20,26": 50.632986017947125,
        "20,27": 44.74710523714507,
        "20,28": 44.318852306564416,
        "20,29": 92.03030408233155,
        "20,30": 28.10279044491843,
        "20,31": 68.94994132984918,
        "20,32": 62.14533314751687,
        "20,33": 73.60141906293241,
        "20,34": 58.023382130086645,
        "20,35": 71.7850575269456,
        "20,36": 79.74711844344498,
        "20,37": 90.24604527410854,
        "20,38": 23.928210629350964,
        "20,39": 48.06842506888466,
        "20,40": 66.84590009657266,
        "21,0": 134.8943875605009,
        "21,1": 36.800106283189315,
        "21,2": 21.580332782299433,
        "21,3": 51.96542657285289,
        "21,4": 42.284054377906074,
        "21,5": 92.63036652001482,
        "21,6": 13.850067752576917,
        "21,7": 81.266535358226,
        "21,8": 59.40373476979974,
        "21,9": 44.677190191134805,
        "21,10": 85.90728837048314,
        "21,11": 86.71750300966085,
        "21,12": 83.31643452466024,
        "21,13": 82.39351309088491,
        "21,14": 97.05913990689245,
        "21,15": 84.56093423347058,
        "21,16": 26.251550471627162,
        "21,17": 26.04317551914459,
        "21,18": 32.26865641155787,
        "21,19": 86.18188684093109,
        "21,20": 105.67578244034566,
        "21,21": 0.0,
        "21,22": 55.52105255002586,
        "21,23": 79.42164195273521,
        "21,24": 65.10836744607437,
        "21,25": 31.674077578662057,
        "21,26": 74.39423074325904,
        "21,27": 93.01577065681886,
        "21,28": 97.30846352056268,
        "21,29": 21.2582911436753,
        "21,30": 93.60245814898228,
        "21,31": 51.07399042166598,
        "21,32": 57.274519043778476,
        "21,33": 49.79242370184248,
        "21,34": 71.49690300942264,
        "21,35": 70.841855962234,
        "21,36": 91.0321029598398,
        "21,37": 19.327447137351943,
        "21,38": 86.27132788954596,
        "21,39": 63.19264775673332,
        "21,40": 71.75027976613342,
        "22,0": 79.78742986779706,
        "22,1": 28.962361628273634,
        "22,2": 48.12019203489047,
        "22,3": 3.6196946860000967,
        "22,4": 14.845610381632744,
        "22,5": 44.934459040810474,
        "22,6": 50.269573289465114,
        "22,7": 38.52217746573397,
        "22,8": 52.14300963130983,
        "22,9": 38.836968452623594,
        "22,10": 55.042455098004154,
        "22,11": 34.64360035508683,
        "22,12": 36.62515979682292,
        "22,13": 26.88600079768389,
        "22,14": 43.33799540133289,
        "22,15": 40.70600368769215,
        "22,16": 33.94458666791566,
        "22,17": 40.751213821693185,
        "22,18": 24.260863968504086,
        "22,19": 55.00531681948022,
        "22,20": 50.478932182102064,
        "22,21": 55.52105255002586,
        "22,22": 0.0,
        "22,23": 51.7228811391636,
        "22,24": 14.240304275931987,
        "22,25": 24.689222495538566,
        "22,26": 30.664595229643673,
        "22,27": 52.20107299706892,
        "22,28": 55.73289945411355,
        "22,29": 44.82989030214398,
        "22,30": 44.86107641472019,
        "22,31": 27.06080375944851,
        "22,32": 24.22636606723091,
        "22,33": 31.51820852244426,
        "22,34": 33.49425727870538,
        "22,35": 43.86840122224861,
        "22,36": 71.13825604791046,
        "22,37": 42.01685871564841,
        "22,38": 34.34113700956822,
        "22,39": 22.042610583912577,
        "22,40": 48.93112025812296,
        "23,0": 97.78818978846685,
        "23,1": 74.4273441595703,
        "23,2": 85.65249474891463,
        "23,3": 51.537141074530126,
        "23,4": 49.277559719186286,
        "23,5": 32.665848814956426,
        "23,6": 83.25860256976048,
