{
    "num_robots": 5,
    "num_tasks": 30,
    "num_nodes": 31,
    "robot_capacity": [
        83,
        79,
        86,
        94,
        80
    ],
    "robot_speed": [
        1.17,
        0.8,
        1.13,
        1.03,
        0.84
    ],
    "task_demand": {
        "0": 0,
        "1": 8,
        "2": 13,
        "3": 6,
        "4": 6,
        "5": 6,
        "6": 8,
        "7": 10,
        "8": 9,
        "9": 6,
        "10": 11,
        "11": 7,
        "12": 12,
        "13": 12,
        "14": 5,
        "15": 7,
        "16": 6,
        "17": 7,
        "18": 8,
        "19": 14,
        "20": 10,
        "21": 15,
        "22": 5,
        "23": 10,
        "24": 14,
        "25": 15,
        "26": 13,
        "27": 11,
        "28": 11,
        "29": 13,
        "30": 11
    },
    "task_service_time": {
        "0": 0,
        "1": 42,
        "2": 53,
        "3": 25,
        "4": 86,
        "5": 26,
        "6": 90,
        "7": 62,
        "8": 53,
        "9": 83,
        "10": 21,
        "11": 43,
        "12": 54,
        "13": 38,
        "14": 31,
        "15": 74,
        "16": 15,
        "17": 28,
        "18": 26,
        "19": 76,
        "20": 21,
        "21": 66,
        "22": 83,
        "23": 46,
        "24": 45,
        "25": 25,
        "26": 19,
        "27": 44,
        "28": 22,
        "29": 14,
        "30": 97
    },
    "task_precedence": [],
    "coordinates": {
        "0": [
            100,
            0
        ],
        "1": [
            23.916669426391746,
            16.777661311980363
        ],
        "2": [
            50.417841789503036,
            70.32497483135313
        ],
        "3": [
            7.987481887072589,
            51.192414908938
        ],
        "4": [
            97.93741853961116,
            64.6256664050252
        ],
        "5": [
            59.54312163895958,
            81.86835540625287
        ],
        "6": [
            17.435081586059187,
            15.918213553008586
        ],
        "7": [
            29.257375786037098,
            21.32939560918946
        ],
        "8": [
            12.718481863644405,
            70.28496983895619
        ],
        "9": [
            52.761441420768016,
            45.05128304345911
        ],
        "10": [
            50.58991029050289,
            70.46215440405588
        ],
        "11": [
            24.836934871259075,
            94.36917718522324
        ],
        "12": [
            22.107447561750547,
            63.44054162534254
        ],
        "13": [
            66.09722384496463,
            80.72110195007151
        ],
        "14": [
            69.63896170503764,
            50.19051277877355
        ],
        "15": [
            35.25432023646974,
            39.781083762688674
        ],
        "16": [
            15.959063234994453,
            8.54339132337677
        ],
        "17": [
            22.576043858145823,
            45.87529463574529
        ],
        "18": [
            2.254912447970503,
            97.18422300817589
        ],
        "19": [
            9.63640400018666,
            50.83927769033158
        ],
        "20": [
            9.806737836210344,
            63.36607927257215
        ],
        "21": [
            37.409467021956836,
            3.4332335421817795
        ],
        "22": [
            3.8882710073358195,
            2.3548998552748612
        ],
        "23": [
            21.67630560923236,
            33.88837232383326
        ],
        "24": [
            67.58438898426809,
            94.02212777290939
        ],
        "25": [
            67.09059322106877,
            0.3860809352428718
        ],
        "26": [
            72.95438051342119,
            34.516167661596064
        ],
        "27": [
            4.078321047459699,
            18.32748260613052
        ],
        "28": [
            54.52858623683239,
            96.52268185727436
        ],
        "29": [
            55.01160278802235,
            40.959437149964764
        ],
        "30": [
            72.53810471252648,
            20.61658086013648
        ]
    },
    "distance_matrix_str_keys": {
        "0,0": 0.0,
        "0,1": 77.91125149984741,
        "0,2": 86.04645546355296,
        "0,3": 105.29466669157868,
        "0,4": 64.65857252193511,
        "0,5": 91.31914708123678,
        "0,6": 84.08540465157962,
        "0,7": 73.88817224516573,
        "0,8": 112.0626627983199,
        "0,9": 65.27709797858202,
        "0,10": 86.0597011868015,
        "0,11": 120.64422059163633,
        "0,12": 100.45870816938799,
        "0,13": 87.55166777995879,
        "0,14": 58.65901652213751,
        "0,15": 75.99037882110909,
        "0,16": 84.47407050476501,
        "0,17": 89.99450895789253,
        "0,18": 137.8364078981195,
        "0,19": 103.68322737112366,
        "0,20": 110.22742191543803,
        "0,21": 62.68462260419752,
        "0,22": 96.14057417806333,
        "0,23": 85.34062855274217,
        "0,24": 99.45316660855268,
        "0,25": 32.91167138007006,
        "0,26": 43.8501010655189,
        "0,27": 97.65687437017544,
        "0,28": 106.69713015138593,
        "0,29": 60.84103364789747,
        "0,30": 34.33946853320107,
        "1,0": 77.91125149984741,
        "1,1": 0.0,
        "1,2": 59.746354882631415,
        "1,3": 37.922477250334126,
        "1,4": 88.13911101586069,
        "1,5": 74.20271258470638,
        "1,6": 6.538320226353898,
        "1,7": 7.017223776704426,
        "1,8": 54.66654800233364,
        "1,9": 40.39082268563369,
        "1,10": 59.945696899343766,
        "1,11": 77.59697303372546,
        "1,12": 46.697940884954015,
        "1,13": 76.60262901294756,
        "1,14": 56.62990953865197,
        "1,15": 25.645657923652756,
        "1,16": 11.45105665615983,
        "1,17": 29.128500509956048,
        "1,18": 83.27332633680655,
        "1,19": 36.93399099676113,
        "1,20": 48.678238028408444,
        "1,21": 18.977074048921732,
        "1,22": 24.68102087170366,
        "1,23": 17.25675697703311,
        "1,24": 88.73318054830968,
        "1,25": 46.180857539413715,
        "1,26": 52.14740373374619,
        "1,27": 19.898794246076243,
        "1,28": 85.41872015301271,
        "1,29": 39.391028971617054,
        "1,30": 48.77275133290106,
        "2,0": 86.04645546355296,
        "2,1": 59.746354882631415,
        "2,2": 0.0,
        "2,3": 46.544497963073816,
        "2,4": 47.860132584937844,
        "2,5": 14.714631066658464,
        "2,6": 63.6235659440482,
        "2,7": 53.36976770418955,
        "2,8": 37.699381151669485,
        "2,9": 25.38211882056199,
        "2,10": 0.22005863810186202,
        "2,11": 35.107071447127495,
        "2,12": 29.135439620825746,
        "2,13": 18.812827557538576,
        "2,14": 27.83609191237391,
        "2,15": 34.100757579616115,
        "2,16": 70.74158239834418,
        "2,17": 37.05337466031974,
        "2,18": 55.14605131268795,
        "2,19": 45.19754485849312,
        "2,20": 41.20300949813213,
        "2,21": 68.1448667677204,
        "2,22": 82.37069897376378,
        "2,23": 46.40799396971185,
        "2,24": 29.26167117793521,
        "2,25": 71.89874491053475,
        "2,26": 42.31035628041328,
        "2,27": 69.64976942039615,
        "2,28": 26.518259243910634,
        "2,29": 29.722675576545214,
        "2,30": 54.407999990639,
        "3,0": 105.29466669157868,
        "3,1": 37.922477250334126,
        "3,2": 46.544497963073816,
        "3,3": 0.0,
        "3,4": 90.94747577339808,
        "3,5": 59.99164371494711,
        "3,6": 36.5174810381404,
        "3,7": 36.66344648516232,
        "3,8": 19.66997749195673,
        "3,9": 45.19315161519714,
        "3,10": 46.757777599872206,
        "3,11": 46.34799743817589,
        "3,12": 18.69197792410387,
        "3,13": 65.18194127813321,
        "3,14": 61.659620268238605,
        "3,15": 29.55839901113582,
        "3,16": 43.38761715038397,
        "3,17": 15.527327792747888,
        "3,18": 46.34769427502572,
        "3,19": 1.6863125541493342,
        "3,20": 12.30885032189803,
        "3,21": 56.09449718198803,
        "3,22": 49.00924817270028,
        "3,23": 22.06385697659143,
        "3,24": 73.39056914591947,
        "3,25": 77.93883076621945,
        "3,26": 67.07305822296114,
        "3,27": 33.09660577367536,
        "3,28": 64.96851157062679,
        "3,29": 48.12464836570529,
        "3,30": 71.42593741025635,
        "4,0": 64.65857252193511,
        "4,1": 88.13911101586069,
        "4,2": 47.860132584937844,
        "4,3": 90.94747577339808,
        "4,4": 0.0,
        "4,5": 42.08838745412375,
        "4,6": 94.09060642973157,
        "4,7": 81.18814776467744,
        "4,8": 85.4066442587445,
        "4,9": 49.23439237593772,
        "4,10": 47.70588149863919,
        "4,11": 78.91994137148586,
        "4,12": 75.83923139936613,
        "4,13": 35.67717818967382,
        "4,14": 31.76753562100319,
        "4,15": 67.42717626857275,
        "4,16": 99.32609081597677,
        "4,17": 77.65895463735276,
        "4,18": 101.07028039961807,
        "4,19": 89.37076525623068,
        "4,20": 88.139681420964,
        "4,21": 86.07059169424312,
        "4,22": 112.7957912257421,
        "4,23": 82.22249444533817,
        "4,24": 42.254684286372765,
        "4,25": 71.26184795219764,
        "4,26": 39.12459716851555,
        "4,27": 104.65682971080975,
        "4,28": 53.867859774189945,
        "4,29": 49.017507740525,
        "4,30": 50.812643637032586,
        "5,0": 91.31914708123678,
        "5,1": 74.20271258470638,
        "5,2": 14.714631066658464,
        "5,3": 59.99164371494711,
        "5,4": 42.08838745412375,
        "5,5": 0.0,
        "5,6": 78.24645837071292,
        "5,7": 67.69189061607211,
        "5,8": 48.236103815385896,
        "5,9": 37.436452876160736,
        "5,10": 14.500393606818173,
        "5,11": 36.88888647145763,
        "5,12": 41.72546002573164,
        "5,13": 6.653754295093885,
        "5,14": 33.24773225606783,
        "5,15": 48.59304793865843,
        "5,16": 85.30017880822592,
        "5,17": 51.59520581684103,
        "5,18": 59.300208369871356,
        "5,19": 58.76635201692285,
        "5,20": 53.06639328144836,
        "5,21": 81.49826383755945,
        "5,22": 97.0559220886892,
        "5,23": 61.12261883148069,
        "5,24": 14.573131552937697,
        "5,25": 81.83107832756302,
        "5,26": 49.21474930143454,
        "5,27": 84.34326660057799,
        "5,28": 15.48853928013533,
        "5,29": 41.15913332416102,
        "5,30": 62.6150897957558,
        "6,0": 84.08540465157962,
        "6,1": 6.538320226353898,
        "6,2": 63.6235659440482,
        "6,3": 36.5174810381404,
        "6,4": 94.09060642973157,
        "6,5": 78.24645837071292,
        "6,6": 0.0,
        "6,7": 13.001828002091292,
        "6,8": 54.570967574316526,
        "6,9": 45.7895996609137,
        "6,10": 63.8301194576945,
        "6,11": 78.79937262998158,
        "6,12": 47.75146771802243,
        "6,13": 81.03961027687723,
        "6,14": 62.448663666223034,
        "6,15": 29.78190458523972,
        "6,16": 7.521079250436832,
        "6,17": 30.395002880090004,
        "6,18": 82.67165069011457,
        "6,19": 35.781281315394736,
        "6,20": 48.057170013511964,
        "6,21": 23.555271159817817,
        "6,22": 19.16975626655025,
        "6,23": 18.463872493693955,
        "6,24": 92.81796404247225,
        "6,25": 52.02804031856701,
        "6,26": 58.55148546715878,
        "6,27": 13.572311131705593,
        "6,28": 88.72997463028105,
        "6,29": 45.15592790403428,
        "6,30": 55.3029638720085,
        "7,0": 73.88817224516573,
        "7,1": 7.017223776704426,
        "7,2": 53.36976770418955,
        "7,3": 36.66344648516232,
        "7,4": 81.18814776467744,
        "7,5": 67.69189061607211,
        "7,6": 13.001828002091292,
        "7,7": 0.0,
        "7,8": 51.673816003294725,
        "7,9": 33.39414686447161,
        "7,10": 53.56402724943996,
        "7,11": 73.17342407292259,
        "7,12": 42.713816177042936,
        "7,13": 69.88954991331991,
        "7,14": 49.63503365174727,
        "7,15": 19.401756066283227,
        "7,16": 18.447954420532344,
        "7,17": 25.438973158375198,
        "7,18": 80.51762456787739,
        "7,19": 35.43748967215442,
        "7,20": 46.31857176198923,
        "7,21": 19.66543180932888,
        "7,22": 31.68000893920403,
        "7,23": 14.669714419326755,
        "7,24": 82.17781482933026,
        "7,25": 43.24320491150408,
        "7,26": 45.64339140891219,
        "7,27": 25.357371299214186,
        "7,28": 79.32631577499878,
        "7,29": 32.38238316372578,
        "7,30": 43.28659840267795,
        "8,0": 112.0626627983199,
        "8,1": 54.66654800233364,
        "8,2": 37.699381151669485,
        "8,3": 19.66997749195673,
        "8,4": 85.4066442587445,
        "8,5": 48.236103815385896,
        "8,6": 54.570967574316526,
        "8,7": 51.673816003294725,
        "8,8": 0.0,
        "8,9": 47.3305140410146,
        "8,10": 37.87184291080611,
        "8,11": 26.961193348881068,
        "8,12": 11.618901602626828,
        "8,13": 54.38936429991631,
        "8,14": 60.363302013044134,
        "8,15": 37.92559922954433,
        "8,16": 61.82656294198958,
        "8,17": 26.324964805326665,
        "8,18": 28.862711341424642,
        "8,19": 19.68842672982016,
        "8,20": 7.5066170776785945,
        "8,21": 71.26569577280131,
        "8,22": 68.5015841550742,
        "8,23": 37.48272824828619,
        "8,24": 59.78060246392923,
        "8,25": 88.55609049318862,
        "8,26": 70.05548297848857,
        "8,27": 52.67098687587671,
        "8,28": 49.36093961477102,
        "8,29": 51.46547332938035,
        "8,30": 77.75175973271494,
        "9,0": 65.27709797858202,
        "9,1": 40.39082268563369,
        "9,2": 25.38211882056199,
        "9,3": 45.19315161519714,
        "9,4": 49.23439237593772,
        "9,5": 37.436452876160736,
        "9,6": 45.7895996609137,
        "9,7": 33.39414686447161,
        "9,8": 47.3305140410146,
        "9,9": 0.0,
        "9,10": 25.503488599689803,
        "9,11": 56.67479817883625,
        "9,12": 35.74677846603878,
        "9,13": 38.08121680955107,
        "9,14": 17.64262943039594,
        "9,15": 18.28316965465066,
        "9,16": 51.83860721483515,
        "9,17": 30.19664254710745,
        "9,18": 72.58617566895778,
        "9,19": 43.51171950818269,
        "9,20": 46.6962345478856,
        "9,21": 44.35927368919067,
        "9,22": 64.8965940833003,
        "9,23": 33.02871847583484,
        "9,24": 51.165060421993054,
        "9,25": 46.907407418059954,
        "9,26": 22.77594005323969,
        "9,27": 55.535643681298865,
        "9,28": 51.50172518131568,
        "9,29": 4.669735430920089,
        "9,30": 31.435188590865145,
        "10,0": 86.0597011868015,
        "10,1": 59.945696899343766,
        "10,2": 0.22005863810186202,
        "10,3": 46.757777599872206,
        "10,4": 47.70588149863919,
        "10,5": 14.500393606818173,
        "10,6": 63.8301194576945,
        "10,7": 53.56402724943996,
        "10,8": 37.87184291080611,
        "10,9": 25.503488599689803,
        "10,10": 0.0,
        "10,11": 35.139173029589514,
        "10,12": 29.33519608096999,
        "10,13": 18.593621982504995,
        "10,14": 27.817365331344153,
        "10,15": 34.300268483000615,
        "10,16": 70.94525205553425,
        "10,17": 37.27318588149545,
        "10,18": 55.22989196912218,
        "10,19": 45.411969435304115,
        "10,20": 41.39591088148959,
        "10,21": 68.31251947236862,
        "10,22": 82.58111911270946,
        "10,23": 46.62229157083983,
        "10,24": 29.049692790353664,
        "10,25": 71.99255940707724,
        "10,26": 42.335369270161046,
        "10,27": 69.86667257992873,
        "10,28": 26.3564841993417,
        "10,29": 29.832225695000794,
        "10,30": 54.463790175760124,
        "11,0": 120.64422059163633,
        "11,1": 77.59697303372546,
        "11,2": 35.107071447127495,
        "11,3": 46.34799743817589,
        "11,4": 78.91994137148586,
        "11,5": 36.88888647145763,
        "11,6": 78.79937262998158,
        "11,7": 73.17342407292259,
        "11,8": 26.961193348881068,
        "11,9": 56.67479817883625,
        "11,10": 35.139173029589514,
        "11,11": 0.0,
        "11,12": 31.04884214537935,
        "11,13": 43.45896229568822,
        "11,14": 62.920394127439465,
        "11,15": 55.57321172430712,
        "11,16": 86.28373035279314,
        "11,17": 48.546557786270874,
        "11,18": 22.756806008559966,
        "11,19": 46.10757300919009,
        "11,20": 34.4543016631279,
        "11,21": 91.80094994568815,
        "11,22": 94.36881767955077,
        "11,23": 60.563333247217436,
        "11,24": 42.74886286719681,
        "11,25": 103.0446215223071,
        "11,26": 76.7962975941017,
        "11,27": 78.82423080719313,
        "11,28": 29.769644660077784,
        "11,29": 61.34420033320864,
        "11,30": 87.83420215904871,
        "12,0": 100.45870816938799,
        "12,1": 46.697940884954015,
        "12,2": 29.135439620825746,
        "12,3": 18.69197792410387,
        "12,4": 75.83923139936613,
        "12,5": 41.72546002573164,
        "12,6": 47.75146771802243,
        "12,7": 42.713816177042936,
        "12,8": 11.618901602626828,
        "12,9": 35.74677846603878,
        "12,10": 29.33519608096999,
        "12,11": 31.04884214537935,
        "12,12": 0.0,
        "12,13": 47.262227863102495,
        "12,14": 49.34377469537988,
        "12,15": 27.0667731264732,
        "12,16": 55.24038143519757,
        "12,17": 17.5714963590057,
        "12,18": 39.150468499240766,
        "12,19": 17.729037770680957,
        "12,20": 12.300935102421256,
        "12,21": 61.92760953684473,
        "12,22": 63.74475684150009,
        "12,23": 29.555314138210218,
        "12,24": 54.803153307525506,
        "12,25": 77.45546079087494,
        "12,26": 58.49811962607298,
        "12,27": 48.582275543033305,
        "12,28": 46.32017093355863,
        "12,29": 39.8507652321438,
        "12,30": 66.15997881105325,
        "13,0": 87.55166777995879,
        "13,1": 76.60262901294756,
        "13,2": 18.812827557538576,
        "13,3": 65.18194127813321,
        "13,4": 35.67717818967382,
        "13,5": 6.653754295093885,
        "13,6": 81.03961027687723,
        "13,7": 69.88954991331991,
        "13,8": 54.38936429991631,
        "13,9": 38.08121680955107,
        "13,10": 18.593621982504995,
        "13,11": 43.45896229568822,
        "13,12": 47.262227863102495,
        "13,13": 0.0,
        "13,14": 30.73533442499123,
        "13,15": 51.257875416233794,
        "13,16": 87.88320124268374,
        "13,17": 55.75233981486542,
        "13,18": 65.93083557399045,
        "13,19": 63.88072947794551,
        "13,20": 58.90514092367727,
        "13,21": 82.44029351337433,
        "13,22": 100.0560615051224,
        "13,23": 64.54860603568405,
        "13,24": 13.383906309122137,
        "13,25": 80.3411624521972,
        "13,26": 46.71098960820775,
        "13,27": 87.97333709166075,
        "13,28": 19.58375101128506,
        "13,29": 41.27809324440956,
        "13,30": 60.44864267955542,
        "14,0": 58.65901652213751,
        "14,1": 56.62990953865197,
        "14,2": 27.83609191237391,
        "14,3": 61.659620268238605,
        "14,4": 31.76753562100319,
        "14,5": 33.24773225606783,
        "14,6": 62.448663666223034,
        "14,7": 49.63503365174727,
        "14,8": 60.363302013044134,
        "14,9": 17.64262943039594,
        "14,10": 27.817365331344153,
        "14,11": 62.920394127439465,
        "14,12": 49.34377469537988,
        "14,13": 30.73533442499123,
        "14,14": 0.0,
        "14,15": 35.9257537340954,
        "14,16": 67.94125569397961,
        "14,17": 47.26033584185801,
        "14,18": 82.15241259636801,
        "14,19": 60.00606491876002,
        "14,20": 61.26573728865079,
        "14,21": 56.78893808775923,
        "14,22": 81.31051095025568,
        "14,23": 50.65743936656381,
        "14,24": 43.87974181850986,
        "14,25": 49.869586053896406,
        "14,26": 16.02114530011413,
        "14,27": 72.89341736545778,
        "14,28": 48.73390337648859,
        "14,29": 17.296600421816258,
        "14,30": 29.715694158239884,
        "15,0": 75.99037882110909,
        "15,1": 25.645657923652756,
        "15,2": 34.100757579616115,
        "15,3": 29.55839901113582,
        "15,4": 67.42717626857275,
        "15,5": 48.59304793865843,
        "15,6": 29.78190458523972,
        "15,7": 19.401756066283227,
        "15,8": 37.92559922954433,
        "15,9": 18.28316965465066,
        "15,10": 34.300268483000615,
        "15,11": 55.57321172430712,
        "15,12": 27.0667731264732,
        "15,13": 51.257875416233794,
        "15,14": 35.9257537340954,
        "15,15": 0.0,
        "15,16": 36.71648637446161,
        "15,17": 14.066915016820415,
        "15,18": 66.21239543792731,
        "15,19": 27.902711073130053,
        "15,20": 34.696274486163716,
        "15,21": 36.411685944479395,
        "15,22": 48.83183680874613,
        "15,23": 14.801571852985399,
        "15,24": 63.145262692905696,
        "15,25": 50.650908435331864,
        "15,26": 38.06591502167414,
        "15,27": 37.84441739567182,
        "15,28": 59.92583987046177,
        "15,29": 19.792390722881116,
        "15,30": 41.920863020207264,
        "16,0": 84.47407050476501,
        "16,1": 11.45105665615983,
        "16,2": 70.74158239834418,
        "16,3": 43.38761715038397,
        "16,4": 99.32609081597677,
        "16,5": 85.30017880822592,
        "16,6": 7.521079250436832,
        "16,7": 18.447954420532344,
        "16,8": 61.82656294198958,
        "16,9": 51.83860721483515,
        "16,10": 70.94525205553425,
        "16,11": 86.28373035279314,
        "16,12": 55.24038143519757,
        "16,13": 87.88320124268374,
        "16,14": 67.94125569397961,
        "16,15": 36.71648637446161,
        "16,16": 0.0,
        "16,17": 37.913789542740155,
        "16,18": 89.69392839298754,
        "16,19": 42.76585113575847,
        "16,20": 55.166821748106685,
        "16,21": 22.050703734176782,
        "16,22": 13.564713474824087,
        "16,23": 25.981819071790987,
        "16,24": 99.85884359298015,
        "16,25": 51.77813314020866,
        "16,26": 62.63426619977034,
        "16,27": 15.390921907277873,
        "16,28": 96.06229055897673,
        "16,29": 50.75333361043648,
        "16,30": 57.852829145226885,
        "17,0": 89.99450895789253,
        "17,1": 29.128500509956048,
        "17,2": 37.05337466031974,
        "17,3": 15.527327792747888,
        "17,4": 77.65895463735276,
        "17,5": 51.59520581684103,
        "17,6": 30.395002880090004,
        "17,7": 25.438973158375198,
        "17,8": 26.324964805326665,
        "17,9": 30.19664254710745,
        "17,10": 37.27318588149545,
        "17,11": 48.546557786270874,
        "17,12": 17.5714963590057,
        "17,13": 55.75233981486542,
        "17,14": 47.26033584185801,
        "17,15": 14.066915016820415,
        "17,16": 37.913789542740155,
        "17,17": 0.0,
        "17,18": 55.18654285708453,
        "17,19": 13.859127224320629,
        "17,20": 21.656008946564835,
        "17,21": 44.959526161053596,
        "17,22": 47.363040611551426,
        "17,23": 12.020642055579742,
        "17,24": 65.90803192426593,
        "17,25": 63.646002765877455,
        "17,26": 51.64306894218338,
        "17,27": 33.18203876798359,
        "17,28": 59.8842449800385,
        "17,29": 32.80596192636328,
        "17,30": 55.98401688352637,
        "18,0": 137.8364078981195,
        "18,1": 83.27332633680655,
        "18,2": 55.14605131268795,
        "18,3": 46.34769427502572,
        "18,4": 101.07028039961807,
        "18,5": 59.300208369871356,
        "18,6": 82.67165069011457,
        "18,7": 80.51762456787739,
        "18,8": 28.862711341424642,
        "18,9": 72.58617566895778,
        "18,10": 55.22989196912218,
        "18,11": 22.756806008559966,
        "18,12": 39.150468499240766,
        "18,13": 65.93083557399045,
        "18,14": 82.15241259636801,
        "18,15": 66.21239543792731,
        "18,16": 89.69392839298754,
        "18,17": 55.18654285708453,
        "18,18": 0.0,
        "18,19": 46.92909943786923,
        "18,20": 34.65107375560559,
        "18,21": 100.12537507119922,
        "18,22": 94.84338875125026,
        "18,23": 66.20842262264603,
        "18,24": 65.40595806792798,
        "18,25": 116.50556128392684,
        "18,26": 94.47592257109572,
        "18,27": 78.87781897185208,
        "18,28": 52.27785963559222,
        "18,29": 77.10055071423172,
        "18,30": 103.93426258461048,
        "19,0": 103.68322737112366,
        "19,1": 36.93399099676113,
        "19,2": 45.19754485849312,
        "19,3": 1.6863125541493342,
        "19,4": 89.37076525623068,
        "19,5": 58.76635201692285,
        "19,6": 35.781281315394736,
        "19,7": 35.43748967215442,
        "19,8": 19.68842672982016,
        "19,9": 43.51171950818269,
        "19,10": 45.411969435304115,
        "19,11": 46.10757300919009,
        "19,12": 17.729037770680957,
        "19,13": 63.88072947794551,
        "19,14": 60.00606491876002,
        "19,15": 27.902711073130053,
        "19,16": 42.76585113575847,
        "19,17": 13.859127224320629,
        "19,18": 46.92909943786923,
        "19,19": 0.0,
        "19,20": 12.52795959031316,
        "19,21": 54.94247947979364,
        "19,22": 48.823927811638015,
        "19,23": 20.791643116874692,
        "19,24": 72.26844058764321,
        "19,25": 76.46246740615045,
        "19,26": 65.38814931423526,
        "19,27": 32.983467157145164,
        "19,28": 64.04905496764536,
        "19,29": 46.43834529931791,
        "19,30": 69.78563860992215,
        "20,0": 110.22742191543803,
        "20,1": 48.678238028408444,
        "20,2": 41.20300949813213,
        "20,3": 12.30885032189803,
        "20,4": 88.139681420964,
        "20,5": 53.06639328144836,
        "20,6": 48.057170013511964,
        "20,7": 46.31857176198923,
        "20,8": 7.5066170776785945,
        "20,9": 46.6962345478856,
        "20,10": 41.39591088148959,
        "20,11": 34.4543016631279,
        "20,12": 12.300935102421256,
        "20,13": 58.90514092367727,
        "20,14": 61.26573728865079,
        "20,15": 34.696274486163716,
        "20,16": 55.166821748106685,
        "20,17": 21.656008946564835,
        "20,18": 34.65107375560559,
        "20,19": 12.52795959031316,
        "20,20": 0.0,
        "20,21": 65.98376054639833,
        "20,22": 61.297571432269066,
        "20,23": 31.777694159175425,
        "20,24": 65.40680608194904,
        "20,25": 85.13471840749443,
        "20,26": 69.4258033849795,
        "20,27": 45.40143112929424,
        "20,28": 55.672291306610525,
        "20,29": 50.45331928151175,
        "20,30": 75.91273940970522,
        "21,0": 62.68462260419752,
        "21,1": 18.977074048921732,
        "21,2": 68.1448667677204,
        "21,3": 56.09449718198803,
        "21,4": 86.07059169424312,
        "21,5": 81.49826383755945,
        "21,6": 23.555271159817817,
        "21,7": 19.66543180932888,
        "21,8": 71.26569577280131,
        "21,9": 44.35927368919067,
        "21,10": 68.31251947236862,
        "21,11": 91.80094994568815,
        "21,12": 61.92760953684473,
        "21,13": 82.44029351337433,
        "21,14": 56.78893808775923,
        "21,15": 36.411685944479395,
        "21,16": 22.050703734176782,
        "21,17": 44.959526161053596,
        "21,18": 100.12537507119922,
        "21,19": 54.94247947979364,
        "21,20": 65.98376054639833,
        "21,21": 0.0,
        "21,22": 33.538535832545854,
        "21,23": 34.27897090416359,
        "21,24": 95.48232126094089,
        "21,25": 29.837131086241914,
        "21,26": 47.2185309871827,
        "21,27": 36.50758752851487,
        "21,28": 94.65046027516937,
        "21,29": 41.44938046267745,
        "21,30": 39.106119866905374,
        "22,0": 96.14057417806333,
        "22,1": 24.68102087170366,
        "22,2": 82.37069897376378,
        "22,3": 49.00924817270028,
        "22,4": 112.7957912257421,
        "22,5": 97.0559220886892,
        "22,6": 19.16975626655025,
        "22,7": 31.68000893920403,
        "22,8": 68.5015841550742,
        "22,9": 64.8965940833003,
        "22,10": 82.58111911270946,
        "22,11": 94.36881767955077,
        "22,12": 63.74475684150009,
        "22,13": 100.0560615051224,
        "22,14": 81.31051095025568,
        "22,15": 48.83183680874613,
        "22,16": 13.564713474824087,
        "22,17": 47.363040611551426,
        "22,18": 94.84338875125026,
        "22,19": 48.823927811638015,
        "22,20": 61.297571432269066,
        "22,21": 33.538535832545854,
        "22,22": 0.0,
        "22,23": 36.20461380713236,
        "22,24": 111.62471106092426,
        "22,25": 63.232980169753176,
        "22,26": 76.18710277479049,
        "22,27": 15.973713367613767,
        "22,28": 106.92059059750316,
        "22,29": 64.06173079222305,
        "22,30": 71.03723432731356,
        "23,0": 85.34062855274217,
        "23,1": 17.25675697703311,
        "23,2": 46.40799396971185,
        "23,3": 22.06385697659143,
        "23,4": 82.22249444533817,
        "23,5": 61.12261883148069,
        "23,6": 18.463872493693955,
        "23,7": 14.669714419326755,
        "23,8": 37.48272824828619,
        "23,9": 33.02871847583484,
        "23,10": 46.62229157083983,
        "23,11": 60.563333247217436,
        "23,12": 29.555314138210218,
        "23,13": 64.54860603568405,
        "23,14": 50.65743936656381,
        "23,15": 14.801571852985399,
        "23,16": 25.981819071790987,
        "23,17": 12.020642055579742,
        "23,18": 66.20842262264603,
        "23,19": 20.791643116874692,
        "23,20": 31.777694159175425,
        "23,21": 34.27897090416359,
        "23,22": 36.20461380713236,
        "23,23": 0.0,
        "23,24": 75.6546142913869,
        "23,25": 56.434573158451514,
        "23,26": 51.281917796292646,
        "23,27": 23.491069567878252,
        "23,28": 70.72714523551403,
        "23,29": 34.077000979745826,
        "23,30": 52.564846206183326,
        "24,0": 99.45316660855268,
        "24,1": 88.73318054830968,
        "24,2": 29.26167117793521,
        "24,3": 73.39056914591947,
        "24,4": 42.254684286372765,
        "24,5": 14.573131552937697,
        "24,6": 92.81796404247225,
        "24,7": 82.17781482933026,
        "24,8": 59.78060246392923,
        "24,9": 51.165060421993054,
        "24,10": 29.049692790353664,
        "24,11": 42.74886286719681,
        "24,12": 54.803153307525506,
        "24,13": 13.383906309122137,
        "24,14": 43.87974181850986,
        "24,15": 63.145262692905696,
        "24,16": 99.85884359298015,
        "24,17": 65.90803192426593,
        "24,18": 65.40595806792798,
        "24,19": 72.26844058764321,
        "24,20": 65.40680608194904,
        "24,21": 95.48232126094089,
        "24,22": 111.62471106092426,
        "24,23": 75.6546142913869,
        "24,24": 0.0,
        "24,25": 93.63734886059852,
        "24,26": 59.74777065123341,
        "24,27": 98.80637616934993,
        "24,28": 13.293109346905409,
        "24,29": 54.53186306080916,
        "24,30": 73.57250585021349,
        "25,0": 32.91167138007006,
        "25,1": 46.180857539413715,
        "25,2": 71.89874491053475,
        "25,3": 77.93883076621945,
        "25,4": 71.26184795219764,
        "25,5": 81.83107832756302,
        "25,6": 52.02804031856701,
        "25,7": 43.24320491150408,
        "25,8": 88.55609049318862,
        "25,9": 46.907407418059954,
        "25,10": 71.99255940707724,
        "25,11": 103.0446215223071,
        "25,12": 77.45546079087494,
        "25,13": 80.3411624521972,
        "25,14": 49.869586053896406,
        "25,15": 50.650908435331864,
        "25,16": 51.77813314020866,
        "25,17": 63.646002765877455,
        "25,18": 116.50556128392684,
        "25,19": 76.46246740615045,
        "25,20": 85.13471840749443,
        "25,21": 29.837131086241914,
        "25,22": 63.232980169753176,
        "25,23": 56.434573158451514,
        "25,24": 93.63734886059852,
        "25,25": 0.0,
        "25,26": 34.63014324773064,
        "25,27": 65.51671800691118,
        "25,28": 96.9538552937115,
        "25,29": 42.33319317519455,
        "25,30": 20.951098029952608,
        "26,0": 43.8501010655189,
        "26,1": 52.14740373374619,
        "26,2": 42.31035628041328,
        "26,3": 67.07305822296114,
        "26,4": 39.12459716851555,
        "26,5": 49.21474930143454,
        "26,6": 58.55148546715878,
        "26,7": 45.64339140891219,
        "26,8": 70.05548297848857,
        "26,9": 22.77594005323969,
        "26,10": 42.335369270161046,
        "26,11": 76.7962975941017,
        "26,12": 58.49811962607298,
        "26,13": 46.71098960820775,
        "26,14": 16.02114530011413,
        "26,15": 38.06591502167414,
        "26,16": 62.63426619977034,
        "26,17": 51.64306894218338,
        "26,18": 94.47592257109572,
        "26,19": 65.38814931423526,
        "26,20": 69.4258033849795,
        "26,21": 47.2185309871827,
        "26,22": 76.18710277479049,
        "26,23": 51.281917796292646,
        "26,24": 59.74777065123341,
        "26,25": 34.63014324773064,
        "26,26": 0.0,
        "26,27": 70.75298644851479,
        "26,28": 64.68630223951611,
        "26,29": 19.064600551881792,
        "26,30": 13.905818882529715,
        "27,0": 97.65687437017544,
        "27,1": 19.898794246076243,
        "27,2": 69.64976942039615,
        "27,3": 33.09660577367536,
        "27,4": 104.65682971080975,
        "27,5": 84.34326660057799,
        "27,6": 13.572311131705593,
        "27,7": 25.357371299214186,
        "27,8": 52.67098687587671,
        "27,9": 55.535643681298865,
        "27,10": 69.86667257992873,
        "27,11": 78.82423080719313,
        "27,12": 48.582275543033305,
        "27,13": 87.97333709166075,
        "27,14": 72.89341736545778,
        "27,15": 37.84441739567182,
        "27,16": 15.390921907277873,
        "27,17": 33.18203876798359,
        "27,18": 78.87781897185208,
        "27,19": 32.983467157145164,
        "27,20": 45.40143112929424,
        "27,21": 36.50758752851487,
        "27,22": 15.973713367613767,
        "27,23": 23.491069567878252,
        "27,24": 98.80637616934993,
        "27,25": 65.51671800691118,
        "27,26": 70.75298644851479,
        "27,27": 0.0,
        "27,28": 93.05760819838493,
        "27,29": 55.73512855764945,
        "27,30": 68.49804340478812,
        "28,0": 106.69713015138593,
        "28,1": 85.41872015301271,
        "28,2": 26.518259243910634,
        "28,3": 64.96851157062679,
        "28,4": 53.867859774189945,
        "28,5": 15.48853928013533,
        "28,6": 88.72997463028105,
        "28,7": 79.32631577499878,
        "28,8": 49.36093961477102,
        "28,9": 51.50172518131568,
        "28,10": 26.3564841993417,
        "28,11": 29.769644660077784,
        "28,12": 46.32017093355863,
        "28,13": 19.58375101128506,
        "28,14": 48.73390337648859,
        "28,15": 59.92583987046177,
        "28,16": 96.06229055897673,
        "28,17": 59.8842449800385,
        "28,18": 52.27785963559222,
        "28,19": 64.04905496764536,
        "28,20": 55.672291306610525,
        "28,21": 94.65046027516937,
        "28,22": 106.92059059750316,
        "28,23": 70.72714523551403,
        "28,24": 13.293109346905409,
        "28,25": 96.9538552937115,
        "28,26": 64.68630223951611,
        "28,27": 93.05760819838493,
        "28,28": 0.0,
        "28,29": 55.56534412197131,
        "28,30": 78.01332529968238,
        "29,0": 60.84103364789747,
        "29,1": 39.391028971617054,
        "29,2": 29.722675576545214,
        "29,3": 48.12464836570529,
        "29,4": 49.017507740525,
        "29,5": 41.15913332416102,
        "29,6": 45.15592790403428,
        "29,7": 32.38238316372578,
        "29,8": 51.46547332938035,
        "29,9": 4.669735430920089,
        "29,10": 29.832225695000794,
        "29,11": 61.34420033320864,
        "29,12": 39.8507652321438,
        "29,13": 41.27809324440956,
        "29,14": 17.296600421816258,
        "29,15": 19.792390722881116,
        "29,16": 50.75333361043648,
        "29,17": 32.80596192636328,
        "29,18": 77.10055071423172,
        "29,19": 46.43834529931791,
        "29,20": 50.45331928151175,
        "29,21": 41.44938046267745,
        "29,22": 64.06173079222305,
        "29,23": 34.077000979745826,
        "29,24": 54.53186306080916,
        "29,25": 42.33319317519455,
        "29,26": 19.064600551881792,
        "29,27": 55.73512855764945,
        "29,28": 55.56534412197131,
        "29,29": 0.0,
        "29,30": 26.851630709106903,
        "30,0": 34.33946853320107,
        "30,1": 48.77275133290106,
        "30,2": 54.407999990639,
        "30,3": 71.42593741025635,
        "30,4": 50.812643637032586,
        "30,5": 62.6150897957558,
        "30,6": 55.3029638720085,
        "30,7": 43.28659840267795,
        "30,8": 77.75175973271494,
        "30,9": 31.435188590865145,
        "30,10": 54.463790175760124,
        "30,11": 87.83420215904871,
        "30,12": 66.15997881105325,
        "30,13": 60.44864267955542,
        "30,14": 29.715694158239884,
        "30,15": 41.920863020207264,
        "30,16": 57.852829145226885,
        "30,17": 55.98401688352637,
        "30,18": 103.93426258461048,
        "30,19": 69.78563860992215,
        "30,20": 75.91273940970522,
        "30,21": 39.106119866905374,
        "30,22": 71.03723432731356,
        "30,23": 52.564846206183326,
        "30,24": 73.57250585021349,
        "30,25": 20.951098029952608,
        "30,26": 13.905818882529715,
        "30,27": 68.49804340478812,
        "30,28": 78.01332529968238,
        "30,29": 26.851630709106903,
        "30,30": 0.0
    }
}