{
    "num_robots": 4,
    "num_tasks": 30,
    "num_nodes": 31,
    "robot_capacity": [
        113,
        95,
        105,
        131
    ],
    "robot_speed": [
        0.89,
        1.07,
        0.92,
        0.9
    ],
    "task_demand": {
        "0": 0,
        "1": 5,
        "2": 9,
        "3": 14,
        "4": 12,
        "5": 11,
        "6": 12,
        "7": 13,
        "8": 15,
        "9": 15,
        "10": 13,
        "11": 12,
        "12": 11,
        "13": 7,
        "14": 9,
        "15": 5,
        "16": 6,
        "17": 6,
        "18": 12,
        "19": 13,
        "20": 5,
        "21": 15,
        "22": 13,
        "23": 9,
        "24": 11,
        "25": 12,
        "26": 6,
        "27": 5,
        "28": 14,
        "29": 6,
        "30": 11
    },
    "task_service_time": {
        "0": 0,
        "1": 69,
        "2": 20,
        "3": 70,
        "4": 24,
        "5": 44,
        "6": 48,
        "7": 57,
        "8": 90,
        "9": 18,
        "10": 83,
        "11": 12,
        "12": 37,
        "13": 54,
        "14": 47,
        "15": 36,
        "16": 75,
        "17": 88,
        "18": 38,
        "19": 56,
        "20": 75,
        "21": 97,
        "22": 14,
        "23": 59,
        "24": 26,
        "25": 33,
        "26": 72,
        "27": 93,
        "28": 61,
        "29": 59,
        "30": 38
    },
    "task_precedence": [],
    "coordinates": {
        "0": [
            50.0,
            50.0
        ],
        "1": [
            43.2304561065024,
            77.6213983594507
        ],
        "2": [
            4.731862349211113,
            89.63128542937191
        ],
        "3": [
            20.236658471706715,
            81.04955737185226
        ],
        "4": [
            13.713789908316054,
            99.12706245980006
        ],
        "5": [
            45.5596649432422,
            5.526872509689884
        ],
        "6": [
            97.30547098869317,
            61.40805116315653
        ],
        "7": [
            57.01485338847766,
            20.445971254003293
        ],
        "8": [
            44.48498917178273,
            94.5998006526696
        ],
        "9": [
            87.34940351194527,
            18.759883370287522
        ],
        "10": [
            34.15020328934373,
            54.958515739807
        ],
        "11": [
            52.911563439501684,
            72.04053206816434
        ],
        "12": [
            74.1574126539425,
            66.53979633916887
        ],
        "13": [
            94.61664699571259,
            15.078506132061886
        ],
        "14": [
            16.52494933552887,
            32.06961164563624
        ],
        "15": [
            52.93641914886674,
            77.4622615313182
        ],
        "16": [
            72.85419581221728,
            78.39981543617496
        ],
        "17": [
            28.109361075035366,
            16.978181524700542
        ],
        "18": [
            3.635863602847622,
            63.748048639580276
        ],
        "19": [
            76.54440274569822,
            76.24183819676192
        ],
        "20": [
            83.66835842457957,
            6.390178036249228
        ],
        "21": [
            29.382932959818554,
            60.162147901005035
        ],
        "22": [
            32.07641877263923,
            16.006979206147765
        ],
        "23": [
            81.90487860359367,
            29.519962629897144
        ],
        "24": [
            35.625014701284286,
            53.50874750397261
        ],
        "25": [
            43.79795565909133,
            25.810183691550236
        ],
        "26": [
            24.282512066855578,
            51.17130537278658
        ],
        "27": [
            58.50537522154233,
            11.594262096335529
        ],
        "28": [
            15.369175394231494,
            20.941198859567912
        ],
        "29": [
            86.56276854002682,
            98.05847473849823
        ],
        "30": [
            28.467923529147356,
            67.84820310105536
        ]
    },
    "distance_matrix_str_keys": {
        "0,0": 0.0,
        "0,1": 28.43885320925329,
        "0,2": 60.16513168900337,
        "0,3": 43.01083017006034,
        "0,4": 61.07501378425487,
        "0,5": 44.69424620894338,
        "0,6": 48.66159899554564,
        "0,7": 30.37513429074901,
        "0,8": 44.939487788505346,
        "0,9": 48.69212287152972,
        "0,10": 16.607315680477807,
        "0,11": 22.23200970470334,
        "0,12": 29.277046454074654,
        "0,13": 56.65823791037335,
        "0,14": 37.97470004525661,
        "0,15": 27.618804569212458,
        "0,16": 36.45358395318589,
        "0,17": 39.61868962950195,
        "0,18": 48.35950770272599,
        "0,19": 37.32612207383542,
        "0,20": 55.09423681943509,
        "0,21": 22.98548897241991,
        "0,22": 38.428898328017034,
        "0,23": 37.912441353609225,
        "0,24": 14.797010217774634,
        "0,25": 24.97223592398445,
        "0,26": 25.744147720749034,
        "0,27": 39.33626967042244,
        "0,28": 45.20738807534316,
        "0,29": 60.38586786245974,
        "0,30": 27.967636136848753,
        "1,0": 28.43885320925329,
        "1,1": 0.0,
        "1,2": 40.328390852118176,
        "1,3": 23.247946229382197,
        "1,4": 36.52022962485603,
        "1,5": 72.13214173519997,
        "1,6": 56.4533423440697,
        "1,7": 58.813595988662826,
        "1,8": 17.024687886779677,
        "1,9": 73.5605836503743,
        "1,10": 24.4142835212354,
        "1,11": 11.174520470886828,
        "1,12": 32.85237502256362,
        "1,13": 80.94537653423522,
        "1,14": 52.80292950883839,
        "1,15": 9.707267540858782,
        "1,16": 29.63396509576949,
        "1,17": 62.49997810413361,
        "1,18": 41.95475644048364,
        "1,19": 33.342498810402084,
        "1,20": 81.9091612252184,
        "1,21": 22.28405986055234,
        "1,22": 62.615886134783054,
        "1,23": 61.720815570825785,
        "1,24": 25.28364432288973,
        "1,25": 51.81432254797367,
        "1,26": 32.53662555233357,
        "1,27": 67.77098108393437,
        "1,28": 63.15770719614884,
        "1,29": 47.90995086367339,
        "1,30": 17.704454627471303,
        "2,0": 60.16513168900337,
        "2,1": 40.328390852118176,
        "2,2": 0.0,
        "2,3": 17.721308057064373,
        "2,4": 13.070761419619577,
        "2,5": 93.49043660835876,
        "2,6": 96.7802870887541,
        "2,7": 86.71861881716342,
        "2,8": 40.06241674806456,
        "2,9": 108.85041909701802,
        "2,10": 45.471306794675414,
        "2,11": 51.29052739994572,
        "2,12": 73.1650456400989,
        "2,13": 116.77924221325195,
        "2,14": 58.757324560024514,
        "2,15": 49.71684260773835,
        "2,16": 69.04200340845486,
        "2,17": 76.32156283553743,
        "2,18": 25.906430861244736,
        "2,19": 73.05010783970096,
        "2,20": 114.7172714663753,
        "2,21": 38.42011646149651,
        "2,22": 78.53829150704213,
        "2,23": 97.82149848832745,
        "2,24": 47.53130135416361,
        "2,25": 74.8284215624361,
        "2,26": 43.14392159198064,
        "2,27": 94.77007806956601,
        "2,28": 69.50885139163881,
        "2,29": 82.26369021422474,
        "2,30": 32.21650626712793,
        "3,0": 43.01083017006034,
        "3,1": 23.247946229382197,
        "3,2": 17.721308057064373,
        "3,3": 0.0,
        "3,4": 19.218324705864678,
        "3,5": 79.65507256632762,
        "3,6": 79.53232442802512,
        "3,7": 70.89026923125297,
        "3,8": 27.777520312468216,
        "3,9": 91.56486244219053,
        "3,10": 29.569057861851345,
        "3,11": 33.894128570844266,
        "3,12": 55.83888337714746,
        "3,13": 99.42113605523873,
        "3,14": 49.120381391583805,
        "3,15": 32.89594260377797,
        "3,16": 52.68421365177343,
        "3,17": 64.55323887480343,
        "3,18": 23.977668666716166,
        "3,19": 56.5126200851788,
        "3,20": 97.96735926669024,
        "3,21": 22.80215365737903,
        "3,22": 66.11139764386559,
        "3,23": 80.36335301930225,
        "3,24": 31.548339348166586,
        "3,25": 60.054334812270646,
        "3,26": 30.15093487494296,
        "3,27": 79.30026937840985,
        "3,28": 60.30511715062673,
        "3,29": 68.47230204090049,
        "3,30": 15.557296649126762,
        "4,0": 61.07501378425487,
        "4,1": 36.52022962485603,
        "4,2": 13.070761419619577,
        "4,3": 19.218324705864678,
        "4,4": 0.0,
        "4,5": 98.86938512723157,
        "4,6": 91.70764940308851,
        "4,7": 89.80922119608817,
        "4,8": 31.10245655221263,
        "4,9": 109.00039938270301,
        "4,10": 48.66731460884663,
        "4,11": 47.64604473048232,
        "4,12": 68.66848945355102,
        "4,13": 116.65947070718555,
        "4,14": 67.11634917826808,
        "4,15": 44.808238570741096,
        "4,16": 62.66742678343009,
        "4,17": 83.40066611307871,
        "4,18": 36.78639989873642,
        "4,19": 66.86867277799495,
        "4,20": 116.16269361926672,
        "4,21": 41.99745957248659,
        "4,22": 85.12422909432404,
        "4,23": 97.44317792527751,
        "4,24": 50.60763214513258,
        "4,25": 79.24911192712737,
        "4,26": 49.10654259722474,
        "4,27": 98.3273982892976,
        "4,28": 78.20338591148779,
        "4,29": 72.85681551784684,
        "4,30": 34.58397752840866,
        "5,0": 44.69424620894338,
        "5,1": 72.13214173519997,
        "5,2": 93.49043660835876,
        "5,3": 79.65507256632762,
        "5,4": 98.86938512723157,
        "5,5": 0.0,
        "5,6": 76.15992759315155,
        "5,7": 18.80959461706791,
        "5,8": 89.07941095437369,
        "5,9": 43.83485857257035,
        "5,10": 50.73128391497068,
        "5,11": 66.91873668383126,
        "5,12": 67.38255002852496,
        "5,13": 49.978207180254365,
        "5,14": 39.338679582056265,
        "5,15": 72.31263165106913,
        "5,16": 77.81681840144961,
        "5,17": 20.87212455046248,
        "5,18": 71.74475917289422,
        "5,19": 77.20531295714514,
        "5,20": 38.11847078893267,
        "5,21": 56.97982076795581,
        "5,22": 17.07719425626531,
        "5,23": 43.55046417126902,
        "5,24": 48.99956737969232,
        "5,25": 20.359674164928194,
        "5,26": 50.36001872436972,
        "5,27": 14.297014758536891,
        "5,28": 33.897892501296724,
        "5,29": 101.20944578249139,
        "5,30": 64.62256472196496,
        "6,0": 48.66159899554564,
        "6,1": 56.4533423440697,
        "6,2": 96.7802870887541,
        "6,3": 79.53232442802512,
        "6,4": 91.70764940308851,
        "6,5": 76.15992759315155,
        "6,6": 0.0,
        "6,7": 57.45629519113333,
        "6,8": 62.38345560759806,
        "6,9": 43.79485695478713,
        "6,10": 63.48373291917806,
        "6,11": 45.64941048558586,
        "6,12": 23.71006986958381,
        "6,13": 46.40750496690653,
        "6,14": 85.94321795162514,
        "6,15": 47.1842180364409,
        "6,16": 29.775575743645522,
        "6,17": 82.23207976983925,
        "6,18": 93.69883102797024,
        "6,19": 25.51593996600268,
        "6,20": 56.682776947629996,
        "6,21": 67.93396387097222,
        "6,22": 79.47381070421991,
        "6,23": 35.41226392250252,
        "6,24": 62.184223771974146,
        "6,25": 64.26711729394451,
        "6,26": 73.73698864258724,
        "6,27": 63.14159494923938,
        "6,28": 91.38447718898136,
        "6,29": 38.19239720353443,
        "6,30": 69.13814791581017,
        "7,0": 30.37513429074901,
        "7,1": 58.813595988662826,
        "7,2": 86.71861881716342,
        "7,3": 70.89026923125297,
        "7,4": 89.80922119608817,
        "7,5": 18.80959461706791,
        "7,6": 57.45629519113333,
        "7,7": 0.0,
        "7,8": 75.20497265324494,
        "7,9": 30.38137297004172,
        "7,10": 41.39937138460444,
        "7,11": 51.75746993441169,
        "7,12": 49.17832906018477,
        "7,13": 37.98295096903808,
        "7,14": 42.12530529469193,
        "7,15": 57.1619714743453,
        "7,16": 60.07938767920251,
        "7,17": 29.112764408230444,
        "7,18": 68.73417240675045,
        "7,19": 59.114990196989275,
        "7,20": 30.132617770279612,
        "7,21": 48.382824576822664,
        "7,22": 25.33041988379532,
        "7,23": 26.49246448896189,
        "7,24": 39.37857758248372,
        "7,25": 14.263981234711117,
        "7,26": 44.89378938234148,
        "7,27": 8.976324991152104,
        "7,28": 41.64862237795811,
        "7,29": 83.04685416639144,
        "7,30": 55.33442679268668,
        "8,0": 44.939487788505346,
        "8,1": 17.024687886779677,
        "8,2": 40.06241674806456,
        "8,3": 27.777520312468216,
        "8,4": 31.10245655221263,
        "8,5": 89.07941095437369,
        "8,6": 62.38345560759806,
        "8,7": 75.20497265324494,
        "8,8": 0.0,
        "8,9": 87.11515981804595,
        "8,10": 40.96631871157828,
        "8,11": 24.081689163288136,
        "8,12": 40.83890984561545,
        "8,13": 94.00435840113383,
        "8,14": 68.49663031785008,
        "8,15": 19.108163590293124,
        "8,16": 32.66881397330367,
        "8,17": 79.33017680309601,
        "8,18": 51.19064037520716,
        "8,19": 36.94348094367764,
        "8,20": 96.52084722034057,
        "8,21": 37.603510858343476,
        "8,22": 79.56635094231332,
        "8,23": 75.07085614377431,
        "8,24": 42.0353874311505,
        "8,25": 68.79304773525507,
        "8,26": 47.8975394300159,
        "8,27": 84.18129635501793,
        "8,28": 79.20429426517079,
        "8,29": 42.21968667570392,
        "8,30": 31.18003148433342,
        "9,0": 48.69212287152972,
        "9,1": 73.5605836503743,
        "9,2": 108.85041909701802,
        "9,3": 91.56486244219053,
        "9,4": 109.00039938270301,
        "9,5": 43.83485857257035,
        "9,6": 43.79485695478713,
        "9,7": 30.38137297004172,
        "9,8": 87.11515981804595,
        "9,9": 0.0,
        "9,10": 64.34668514964909,
        "9,11": 63.44125120551898,
        "9,12": 49.56761751498154,
        "9,13": 8.146494106208163,
        "9,14": 72.06422258063236,
        "9,15": 68.04573972361634,
        "9,16": 61.37615614456416,
        "9,17": 59.26682958783483,
        "9,18": 95.03626559587283,
        "9,19": 58.48865849232176,
        "9,20": 12.90580113693662,
        "9,21": 71.23383477352657,
        "9,22": 55.341497299300606,
        "9,23": 12.059110960213532,
        "9,24": 62.31288756282874,
        "9,25": 44.11842409583385,
        "9,26": 70.9079196759488,
        "9,27": 29.720768769654637,
        "9,28": 72.01327222909599,
        "9,29": 79.30249294670065,
        "9,30": 76.65958399935863,
        "10,0": 16.607315680477807,
        "10,1": 24.4142835212354,
        "10,2": 45.471306794675414,
        "10,3": 29.569057861851345,
        "10,4": 48.66731460884663,
        "10,5": 50.73128391497068,
        "10,6": 63.48373291917806,
        "10,7": 41.39937138460444,
        "10,8": 40.96631871157828,
        "10,9": 64.34668514964909,
        "10,10": 0.0,
        "10,11": 25.372897282852854,
        "10,12": 41.64976424259801,
        "10,13": 72.4334589869165,
        "10,14": 28.888605150969354,
        "10,15": 29.314509734422515,
        "10,16": 45.249238321386066,
        "10,17": 38.4577373456806,
        "10,18": 31.755012440543435,
        "10,19": 47.43677858320366,
        "10,20": 69.36087596970006,
        "10,21": 7.057241250221337,
        "10,22": 39.00670173899241,
        "10,23": 54.107568774572904,
        "10,24": 2.0680659173306015,
        "10,25": 30.703491446143428,
        "10,26": 10.569498210721106,
        "10,27": 49.73563002418169,
        "10,28": 38.85749421318342,
        "10,29": 67.85781798618328,
        "10,30": 14.08660156119506,
        "11,0": 22.23200970470334,
        "11,1": 11.174520470886828,
        "11,2": 51.29052739994572,
        "11,3": 33.894128570844266,
        "11,4": 47.64604473048232,
        "11,5": 66.91873668383126,
        "11,6": 45.64941048558586,
        "11,7": 51.75746993441169,
        "11,8": 24.081689163288136,
        "11,9": 63.44125120551898,
        "11,10": 25.372897282852854,
        "11,11": 0.0,
        "11,12": 21.946393835958624,
        "11,13": 70.59735400973425,
        "11,14": 54.05238353093698,
        "11,15": 5.421786437874398,
        "11,16": 20.932010675229954,
        "11,17": 60.3904933702253,
        "11,18": 49.968588891476315,
        "11,19": 24.003376155422377,
        "11,20": 72.49792702050111,
        "11,21": 26.357019229649147,
        "11,22": 59.78178903001727,
        "11,23": 51.464659229017236,
        "11,24": 25.342687434689726,
        "11,25": 47.120090808467914,
        "11,26": 35.428056753944006,
        "11,27": 60.70454911915671,
        "11,28": 63.407986519876275,
        "11,29": 42.536301502532986,
        "11,30": 24.800547458383413,
        "12,0": 29.277046454074654,
        "12,1": 32.85237502256362,
        "12,2": 73.1650456400989,
        "12,3": 55.83888337714746,
        "12,4": 68.66848945355102,
        "12,5": 67.38255002852496,
        "12,6": 23.71006986958381,
        "12,7": 49.17832906018477,
        "12,8": 40.83890984561545,
        "12,9": 49.56761751498154,
        "12,10": 41.64976424259801,
        "12,11": 21.946393835958624,
        "12,12": 0.0,
        "12,13": 55.379099483754246,
        "12,14": 67.15425869559238,
        "12,15": 23.866939711998718,
        "12,16": 11.931405077270043,
        "12,17": 67.65187888914407,
        "12,18": 70.57678609701733,
        "12,19": 9.991363165485852,
        "12,20": 60.89691840675459,
        "12,21": 45.226412984895575,
        "12,22": 65.75998519949374,
        "12,23": 37.8218365035747,
        "12,24": 40.6762083499346,
        "12,25": 50.799586370828585,
        "12,26": 52.18904313316712,
        "12,27": 57.131410003741614,
        "12,28": 74.39952239235643,
        "12,29": 33.87211157723649,
        "12,30": 45.70821966276223,
        "13,0": 56.65823791037335,
        "13,1": 80.94537653423522,
        "13,2": 116.77924221325195,
        "13,3": 99.42113605523873,
        "13,4": 116.65947070718555,
        "13,5": 49.978207180254365,
        "13,6": 46.40750496690653,
        "13,7": 37.98295096903808,
        "13,8": 94.00435840113383,
        "13,9": 8.146494106208163,
        "13,10": 72.4334589869165,
        "13,11": 70.59735400973425,
        "13,12": 55.379099483754246,
        "13,13": 0.0,
        "13,14": 79.91877695524975,
        "13,15": 75.02649086208967,
        "13,16": 66.95664637286707,
        "13,17": 66.53441100011412,
        "13,18": 103.18055686354165,
        "13,19": 63.77741921314267,
        "13,20": 13.976840406089265,
        "13,21": 79.2967351286747,
        "13,22": 62.54711990526346,
        "13,23": 19.23914554843176,
        "13,24": 70.40522802082495,
        "13,25": 51.9394675791696,
        "13,26": 79.05428953081497,
        "13,27": 36.278973326825,
        "13,28": 79.46403539491753,
        "13,29": 83.36989953276975,
        "13,30": 84.61852358943352,
        "14,0": 37.97470004525661,
        "14,1": 52.80292950883839,
        "14,2": 58.757324560024514,
        "14,3": 49.120381391583805,
        "14,4": 67.11634917826808,
        "14,5": 39.338679582056265,
        "14,6": 85.94321795162514,
        "14,7": 42.12530529469193,
        "14,8": 68.49663031785008,
        "14,9": 72.06422258063236,
        "14,10": 28.888605150969354,
        "14,11": 54.05238353093698,
        "14,12": 67.15425869559238,
        "14,13": 79.91877695524975,
        "14,14": 0.0,
        "14,15": 58.19181899212052,
        "14,16": 72.93470910276095,
        "14,17": 19.024979854010393,
        "14,18": 34.20017399668735,
        "14,19": 74.52194566796724,
        "14,20": 71.88651260562395,
        "14,21": 30.895280159624896,
        "14,22": 22.35746771303685,
        "14,23": 65.42962525645868,
        "14,24": 28.713220706293708,
        "14,25": 27.982089132826935,
        "14,26": 20.616849487162764,
        "14,27": 46.70755931042767,
        "14,28": 11.188269952969101,
        "14,29": 96.22799058075786,
        "14,30": 37.719255548369816,
        "15,0": 27.618804569212458,
        "15,1": 9.707267540858782,
        "15,2": 49.71684260773835,
        "15,3": 32.89594260377797,
        "15,4": 44.808238570741096,
        "15,5": 72.31263165106913,
        "15,6": 47.1842180364409,
        "15,7": 57.1619714743453,
        "15,8": 19.108163590293124,
        "15,9": 68.04573972361634,
        "15,10": 29.314509734422515,
        "15,11": 5.421786437874398,
        "15,12": 23.866939711998718,
        "15,13": 75.02649086208967,
        "15,14": 58.19181899212052,
        "15,15": 0.0,
        "15,16": 19.93983035373229,
        "15,17": 65.38124155175032,
        "15,18": 51.17249664014867,
        "15,19": 23.639507664581206,
        "15,20": 77.43186129737653,
        "15,21": 29.224315959136344,
        "15,22": 64.89908582840454,
        "15,23": 56.01460226702817,
        "15,24": 29.55428155455686,
        "15,25": 52.45425302222316,
        "15,26": 38.887797145047465,
        "15,27": 66.10300009308403,
        "15,28": 67.86698997940093,
        "15,29": 39.43266884008727,
        "15,30": 26.289492147866508,
        "16,0": 36.45358395318589,
        "16,1": 29.63396509576949,
        "16,2": 69.04200340845486,
        "16,3": 52.68421365177343,
        "16,4": 62.66742678343009,
        "16,5": 77.81681840144961,
        "16,6": 29.775575743645522,
        "16,7": 60.07938767920251,
        "16,8": 32.66881397330367,
        "16,9": 61.37615614456416,
        "16,10": 45.249238321386066,
        "16,11": 20.932010675229954,
        "16,12": 11.931405077270043,
        "16,13": 66.95664637286707,
        "16,14": 72.93470910276095,
        "16,15": 19.93983035373229,
        "16,16": 0.0,
        "16,17": 75.99156103155735,
        "16,18": 70.75204438112341,
        "16,19": 4.274867597684812,
        "16,20": 72.81712704766232,
        "16,21": 47.14194746831883,
        "16,22": 74.53652200845256,
        "16,23": 49.710711817006825,
        "16,24": 44.78367100848436,
        "16,25": 60.082730121652844,
        "16,26": 55.68303352127538,
        "16,27": 68.32913441121224,
        "16,28": 81.2774273175141,
        "16,29": 23.966390045195894,
        "16,30": 45.623214376646786,
        "17,0": 39.61868962950195,
        "17,1": 62.49997810413361,
        "17,2": 76.32156283553743,
        "17,3": 64.55323887480343,
        "17,4": 83.40066611307871,
        "17,5": 20.87212455046248,
        "17,6": 82.23207976983925,
        "17,7": 29.112764408230444,
        "17,8": 79.33017680309601,
        "17,9": 59.26682958783483,
        "17,10": 38.4577373456806,
        "17,11": 60.3904933702253,
        "17,12": 67.65187888914407,
        "17,13": 66.53441100011412,
        "17,14": 19.024979854010393,
        "17,15": 65.38124155175032,
        "17,16": 75.99156103155735,
        "17,17": 0.0,
        "17,18": 52.78610184948959,
        "17,19": 76.53844957786127,
        "17,20": 56.55888970231043,
        "17,21": 43.20274224323622,
        "17,22": 4.084211150232117,
        "17,23": 55.23815691581401,
        "17,24": 37.29567401449796,
        "17,25": 18.003784665955873,
        "17,26": 34.406605351617536,
        "17,27": 30.869147451877865,
        "17,28": 13.34233253887113,
        "17,29": 99.95406340866651,
        "17,30": 50.87128524238702,
        "18,0": 48.35950770272599,
        "18,1": 41.95475644048364,
        "18,2": 25.906430861244736,
        "18,3": 23.977668666716166,
        "18,4": 36.78639989873642,
        "18,5": 71.74475917289422,
        "18,6": 93.69883102797024,
        "18,7": 68.73417240675045,
        "18,8": 51.19064037520716,
        "18,9": 95.03626559587283,
        "18,10": 31.755012440543435,
        "18,11": 49.968588891476315,
        "18,12": 70.57678609701733,
        "18,13": 103.18055686354165,
        "18,14": 34.20017399668735,
        "18,15": 51.17249664014867,
        "18,16": 70.75204438112341,
        "18,17": 52.78610184948959,
        "18,18": 0.0,
        "18,19": 73.97127724626444,
        "18,20": 98.46382862523181,
        "18,21": 25.99558163572391,
        "18,22": 55.57044978235991,
        "18,23": 85.42599476197674,
        "18,24": 33.587930507017965,
        "18,25": 55.24740025692757,
        "18,26": 24.17557784201161,
        "18,27": 75.70125993715303,
        "18,28": 44.38577467705585,
        "18,29": 89.74450903286099,
        "18,30": 25.168282952781965,
        "19,0": 37.32612207383542,
        "19,1": 33.342498810402084,
        "19,2": 73.05010783970096,
        "19,3": 56.5126200851788,
        "19,4": 66.86867277799495,
        "19,5": 77.20531295714514,
        "19,6": 25.51593996600268,
        "19,7": 59.114990196989275,
        "19,8": 36.94348094367764,
        "19,9": 58.48865849232176,
        "19,10": 47.43677858320366,
        "19,11": 24.003376155422377,
        "19,12": 9.991363165485852,
        "19,13": 63.77741921314267,
        "19,14": 74.52194566796724,
        "19,15": 23.639507664581206,
        "19,16": 4.274867597684812,
        "19,17": 76.53844957786127,
        "19,18": 73.97127724626444,
        "19,19": 0.0,
        "19,20": 70.21399555426555,
        "19,21": 49.827308500177885,
        "19,22": 74.87082099354463,
        "19,23": 47.02837821899322,
        "19,24": 46.810145592338316,
        "19,25": 60.13053777348896,
        "19,26": 57.96409952207767,
        "19,27": 67.117178201096,
        "19,28": 82.46556343472136,
        "19,29": 24.006942395548784,
        "19,30": 48.8036982612929,
        "20,0": 55.09423681943509,
        "20,1": 81.9091612252184,
        "20,2": 114.7172714663753,
        "20,3": 97.96735926669024,
        "20,4": 116.16269361926672,
        "20,5": 38.11847078893267,
        "20,6": 56.682776947629996,
        "20,7": 30.132617770279612,
        "20,8": 96.52084722034057,
        "20,9": 12.90580113693662,
        "20,10": 69.36087596970006,
        "20,11": 72.49792702050111,
        "20,12": 60.89691840675459,
        "20,13": 13.976840406089265,
        "20,14": 71.88651260562395,
        "20,15": 77.43186129737653,
        "20,16": 72.81712704766232,
        "20,17": 56.55888970231043,
        "20,18": 98.46382862523181,
        "20,19": 70.21399555426555,
        "20,20": 0.0,
        "20,21": 76.40897958372648,
        "20,22": 52.48057832942407,
        "20,23": 23.19691351080089,
        "20,24": 67.29281139021738,
        "20,25": 44.34845697805252,
        "20,26": 74.37760491676491,
        "20,27": 25.69549016035262,
        "20,28": 69.83201708108996,
        "20,29": 91.71398056026115,
        "20,30": 82.6085761740946,
        "21,0": 22.98548897241991,
        "21,1": 22.28405986055234,
        "21,2": 38.42011646149651,
        "21,3": 22.80215365737903,
        "21,4": 41.99745957248659,
        "21,5": 56.97982076795581,
        "21,6": 67.93396387097222,
        "21,7": 48.382824576822664,
        "21,8": 37.603510858343476,
        "21,9": 71.23383477352657,
        "21,10": 7.057241250221337,
        "21,11": 26.357019229649147,
        "21,12": 45.226412984895575,
        "21,13": 79.2967351286747,
        "21,14": 30.895280159624896,
        "21,15": 29.224315959136344,
        "21,16": 47.14194746831883,
        "21,17": 43.20274224323622,
        "21,18": 25.99558163572391,
        "21,19": 49.827308500177885,
        "21,20": 76.40897958372648,
        "21,21": 0.0,
        "21,22": 44.23724435693491,
        "21,23": 60.807057915973616,
        "21,24": 9.12312015213935,
        "21,25": 37.25386321535275,
        "21,26": 10.33680524401011,
        "21,27": 56.62999359723479,
        "21,28": 41.64934867219482,
        "21,29": 68.59785116717403,
        "21,30": 7.74032859744584,
        "22,0": 38.428898328017034,
        "22,1": 62.615886134783054,
        "22,2": 78.53829150704213,
        "22,3": 66.11139764386559,
        "22,4": 85.12422909432404,
        "22,5": 17.07719425626531,
        "22,6": 79.47381070421991,
        "22,7": 25.33041988379532,
        "22,8": 79.56635094231332,
        "22,9": 55.341497299300606,
        "22,10": 39.00670173899241,
        "22,11": 59.78178903001727,
        "22,12": 65.75998519949374,
        "22,13": 62.54711990526346,
        "22,14": 22.35746771303685,
        "22,15": 64.89908582840454,
        "22,16": 74.53652200845256,
        "22,17": 4.084211150232117,
        "22,18": 55.57044978235991,
        "22,19": 74.87082099354463,
        "22,20": 52.48057832942407,
        "22,21": 44.23724435693491,
        "22,22": 0.0,
        "22,23": 51.62824934215343,
        "22,24": 37.6692866740072,
        "22,25": 15.28061664865238,
        "22,26": 36.01770143265973,
        "22,27": 26.794809409086053,
        "22,28": 17.420634457262075,
        "22,29": 98.49472183863168,
        "22,30": 51.966659819967674,
        "23,0": 37.912441353609225,
        "23,1": 61.720815570825785,
        "23,2": 97.82149848832745,
        "23,3": 80.36335301930225,
        "23,4": 97.44317792527751,
        "23,5": 43.55046417126902,
        "23,6": 35.41226392250252,
        "23,7": 26.49246448896189,
        "23,8": 75.07085614377431,
        "23,9": 12.059110960213532,
        "23,10": 54.107568774572904,
        "23,11": 51.464659229017236,
        "23,12": 37.8218365035747,
        "23,13": 19.23914554843176,
        "23,14": 65.42962525645868,
        "23,15": 56.01460226702817,
        "23,16": 49.710711817006825,
        "23,17": 55.23815691581401,
        "23,18": 85.42599476197674,
        "23,19": 47.02837821899322,
        "23,20": 23.19691351080089,
        "23,21": 60.807057915973616,
        "23,22": 51.62824934215343,
        "23,23": 0.0,
        "23,24": 52.12760883208582,
        "23,25": 38.28707400768099,
        "23,26": 61.55581018770093,
        "23,27": 29.476558451514713,
        "23,28": 67.08647396749544,
        "23,29": 68.69660530710948,
        "23,30": 65.76140346163032,
        "24,0": 14.797010217774634,
        "24,1": 25.28364432288973,
        "24,2": 47.53130135416361,
        "24,3": 31.548339348166586,
        "24,4": 50.60763214513258,
        "24,5": 48.99956737969232,
        "24,6": 62.184223771974146,
        "24,7": 39.37857758248372,
        "24,8": 42.0353874311505,
        "24,9": 62.31288756282874,
        "24,10": 2.0680659173306015,
        "24,11": 25.342687434689726,
        "24,12": 40.6762083499346,
        "24,13": 70.40522802082495,
        "24,14": 28.713220706293708,
        "24,15": 29.55428155455686,
        "24,16": 44.78367100848436,
        "24,17": 37.29567401449796,
        "24,18": 33.587930507017965,
        "24,19": 46.810145592338316,
        "24,20": 67.29281139021738,
        "24,21": 9.12312015213935,
        "24,22": 37.6692866740072,
        "24,23": 52.12760883208582,
        "24,24": 0.0,
        "24,25": 28.879186296892684,
        "24,26": 11.580846330414097,
        "24,27": 47.752853155848236,
        "24,28": 38.35289103495082,
        "24,29": 67.67076889475221,
        "24,30": 16.026351452123727,
        "25,0": 24.97223592398445,
        "25,1": 51.81432254797367,
        "25,2": 74.8284215624361,
        "25,3": 60.054334812270646,
        "25,4": 79.24911192712737,
        "25,5": 20.359674164928194,
        "25,6": 64.26711729394451,
        "25,7": 14.263981234711117,
        "25,8": 68.79304773525507,
        "25,9": 44.11842409583385,
        "25,10": 30.703491446143428,
        "25,11": 47.120090808467914,
        "25,12": 50.799586370828585,
        "25,13": 51.9394675791696,
        "25,14": 27.982089132826935,
        "25,15": 52.45425302222316,
        "25,16": 60.082730121652844,
        "25,17": 18.003784665955873,
        "25,18": 55.24740025692757,
        "25,19": 60.13053777348896,
        "25,20": 44.34845697805252,
        "25,21": 37.25386321535275,
        "25,22": 15.28061664865238,
        "25,23": 38.28707400768099,
        "25,24": 28.879186296892684,
        "25,25": 0.0,
        "25,26": 32.000609861879376,
        "25,27": 20.454843362569616,
        "25,28": 28.84272110328285,
        "25,29": 83.95620751288098,
        "25,30": 44.74600497227707,
        "26,0": 25.744147720749034,
        "26,1": 32.53662555233357,
        "26,2": 43.14392159198064,
        "26,3": 30.15093487494296,
        "26,4": 49.10654259722474,
        "26,5": 50.36001872436972,
        "26,6": 73.73698864258724,
        "26,7": 44.89378938234148,
        "26,8": 47.8975394300159,
        "26,9": 70.9079196759488,
        "26,10": 10.569498210721106,
        "26,11": 35.428056753944006,
        "26,12": 52.18904313316712,
        "26,13": 79.05428953081497,
        "26,14": 20.616849487162764,
        "26,15": 38.887797145047465,
        "26,16": 55.68303352127538,
        "26,17": 34.406605351617536,
        "26,18": 24.17557784201161,
        "26,19": 57.96409952207767,
        "26,20": 74.37760491676491,
        "26,21": 10.33680524401011,
        "26,22": 36.01770143265973,
        "26,23": 61.55581018770093,
        "26,24": 11.580846330414097,
        "26,25": 32.000609861879376,
        "26,26": 0.0,
        "26,27": 52.32157028425748,
        "26,28": 31.51677189117075,
        "26,29": 77.9566353653935,
        "26,30": 17.19408581308759,
        "27,0": 39.33626967042244,
        "27,1": 67.77098108393437,
        "27,2": 94.77007806956601,
        "27,3": 79.30026937840985,
        "27,4": 98.3273982892976,
        "27,5": 14.297014758536891,
        "27,6": 63.14159494923938,
        "27,7": 8.976324991152104,
        "27,8": 84.18129635501793,
        "27,9": 29.720768769654637,
        "27,10": 49.73563002418169,
        "27,11": 60.70454911915671,
        "27,12": 57.131410003741614,
        "27,13": 36.278973326825,
        "27,14": 46.70755931042767,
        "27,15": 66.10300009308403,
        "27,16": 68.32913441121224,
        "27,17": 30.869147451877865,
        "27,18": 75.70125993715303,
        "27,19": 67.117178201096,
        "27,20": 25.69549016035262,
        "27,21": 56.62999359723479,
        "27,22": 26.794809409086053,
        "27,23": 29.476558451514713,
        "27,24": 47.752853155848236,
        "27,25": 20.454843362569616,
        "27,26": 52.32157028425748,
        "27,27": 0.0,
        "27,28": 44.137251414168915,
        "27,29": 90.9025708528492,
        "27,30": 63.771109310842796,
        "28,0": 45.20738807534316,
        "28,1": 63.15770719614884,
        "28,2": 69.50885139163881,
        "28,3": 60.30511715062673,
        "28,4": 78.20338591148779,
        "28,5": 33.897892501296724,
        "28,6": 91.38447718898136,
        "28,7": 41.64862237795811,
        "28,8": 79.20429426517079,
        "28,9": 72.01327222909599,
        "28,10": 38.85749421318342,
        "28,11": 63.407986519876275,
        "28,12": 74.39952239235643,
        "28,13": 79.46403539491753,
        "28,14": 11.188269952969101,
        "28,15": 67.86698997940093,
        "28,16": 81.2774273175141,
        "28,17": 13.34233253887113,
        "28,18": 44.38577467705585,
        "28,19": 82.46556343472136,
        "28,20": 69.83201708108996,
        "28,21": 41.64934867219482,
        "28,22": 17.420634457262075,
        "28,23": 67.08647396749544,
        "28,24": 38.35289103495082,
        "28,25": 28.84272110328285,
        "28,26": 31.51677189117075,
        "28,27": 44.137251414168915,
        "28,28": 0.0,
        "28,29": 104.95523781115492,
        "28,30": 48.70158364584137,
        "29,0": 60.38586786245974,
        "29,1": 47.90995086367339,
        "29,2": 82.26369021422474,
        "29,3": 68.47230204090049,
        "29,4": 72.85681551784684,
        "29,5": 101.20944578249139,
        "29,6": 38.19239720353443,
        "29,7": 83.04685416639144,
        "29,8": 42.21968667570392,
        "29,9": 79.30249294670065,
        "29,10": 67.85781798618328,
        "29,11": 42.536301502532986,
        "29,12": 33.87211157723649,
        "29,13": 83.36989953276975,
        "29,14": 96.22799058075786,
        "29,15": 39.43266884008727,
        "29,16": 23.966390045195894,
        "29,17": 99.95406340866651,
        "29,18": 89.74450903286099,
        "29,19": 24.006942395548784,
        "29,20": 91.71398056026115,
        "29,21": 68.59785116717403,
        "29,22": 98.49472183863168,
        "29,23": 68.69660530710948,
        "29,24": 67.67076889475221,
        "29,25": 83.95620751288098,
        "29,26": 77.9566353653935,
        "29,27": 90.9025708528492,
        "29,28": 104.95523781115492,
        "29,29": 0.0,
        "29,30": 65.4803140588543,
        "30,0": 27.967636136848753,
        "30,1": 17.704454627471303,
        "30,2": 32.21650626712793,
        "30,3": 15.557296649126762,
        "30,4": 34.58397752840866,
        "30,5": 64.62256472196496,
        "30,6": 69.13814791581017,
        "30,7": 55.33442679268668,
        "30,8": 31.18003148433342,
        "30,9": 76.65958399935863,
        "30,10": 14.08660156119506,
        "30,11": 24.800547458383413,
        "30,12": 45.70821966276223,
        "30,13": 84.61852358943352,
        "30,14": 37.719255548369816,
        "30,15": 26.289492147866508,
        "30,16": 45.623214376646786,
        "30,17": 50.87128524238702,
        "30,18": 25.168282952781965,
        "30,19": 48.8036982612929,
        "30,20": 82.6085761740946,
        "30,21": 7.74032859744584,
        "30,22": 51.966659819967674,
        "30,23": 65.76140346163032,
        "30,24": 16.026351452123727,
        "30,25": 44.74600497227707,
        "30,26": 17.19408581308759,
        "30,27": 63.771109310842796,
        "30,28": 48.70158364584137,
        "30,29": 65.4803140588543,
        "30,30": 0.0
    }
}