{
    "num_robots": 5,
    "num_tasks": 50,
    "num_nodes": 51,
    "robot_capacity": [
        126,
        146,
        118,
        120,
        125
    ],
    "robot_speed": [
        1.19,
        1.0,
        1.17,
        1.09,
        0.84
    ],
    "task_demand": {
        "0": 0,
        "1": 15,
        "2": 7,
        "3": 10,
        "4": 12,
        "5": 14,
        "6": 15,
        "7": 14,
        "8": 12,
        "9": 14,
        "10": 10,
        "11": 9,
        "12": 5,
        "13": 5,
        "14": 15,
        "15": 6,
        "16": 12,
        "17": 13,
        "18": 7,
        "19": 9,
        "20": 9,
        "21": 15,
        "22": 10,
        "23": 14,
        "24": 13,
        "25": 13,
        "26": 7,
        "27": 11,
        "28": 6,
        "29": 11,
        "30": 11,
        "31": 6,
        "32": 15,
        "33": 13,
        "34": 13,
        "35": 10,
        "36": 9,
        "37": 12,
        "38": 6,
        "39": 14,
        "40": 13,
        "41": 5,
        "42": 14,
        "43": 9,
        "44": 5,
        "45": 5,
        "46": 12,
        "47": 10,
        "48": 12,
        "49": 10,
        "50": 8
    },
    "task_service_time": {
        "0": 0,
        "1": 96,
        "2": 59,
        "3": 72,
        "4": 78,
        "5": 90,
        "6": 38,
        "7": 16,
        "8": 88,
        "9": 17,
        "10": 56,
        "11": 70,
        "12": 28,
        "13": 97,
        "14": 43,
        "15": 26,
        "16": 42,
        "17": 24,
        "18": 24,
        "19": 65,
        "20": 77,
        "21": 32,
        "22": 33,
        "23": 96,
        "24": 20,
        "25": 90,
        "26": 13,
        "27": 54,
        "28": 100,
        "29": 27,
        "30": 11,
        "31": 43,
        "32": 95,
        "33": 77,
        "34": 24,
        "35": 31,
        "36": 22,
        "37": 60,
        "38": 50,
        "39": 29,
        "40": 35,
        "41": 18,
        "42": 61,
        "43": 22,
        "44": 26,
        "45": 11,
        "46": 94,
        "47": 41,
        "48": 95,
        "49": 62,
        "50": 10
    },
    "task_precedence": [],
    "coordinates": {
        "0": [
            0,
            0
        ],
        "1": [
            38.97818505031388,
            83.72287837500724
        ],
        "2": [
            37.40035320389499,
            28.173186001900564
        ],
        "3": [
            85.88388616024022,
            36.33211340393642
        ],
        "4": [
            59.218623537457816,
            17.224806717190123
        ],
        "5": [
            32.592276458713,
            56.1402415782132
        ],
        "6": [
            43.63444170050902,
            61.98608016560585
        ],
        "7": [
            42.93689544847156,
            19.75847941890134
        ],
        "8": [
            60.06619516231859,
            70.78552633015292
        ],
        "9": [
            6.389672997291285,
            8.483652192560454
        ],
        "10": [
            40.487258864069986,
            5.79527187184109
        ],
        "11": [
            59.89765965336973,
            9.37485249598663
        ],
        "12": [
            41.322104163147856,
            96.63575398035809
        ],
        "13": [
            45.168037637799785,
            0.7239978664227875
        ],
        "14": [
            5.77376798070831,
            83.5160242115696
        ],
        "15": [
            81.66432971890255,
            46.4388956446425
        ],
        "16": [
            70.39355890451088,
            2.090629753935569
        ],
        "17": [
            47.38433221449904,
            32.150451848097795
        ],
        "18": [
            65.47422580460878,
            21.38846867587365
        ],
        "19": [
            94.05593511562589,
            68.39982923888832
        ],
        "20": [
            43.6538226650227,
            73.10921163190088
        ],
        "21": [
            48.39090610689912,
            80.37146034256153
        ],
        "22": [
            14.16654208075352,
            80.65917510938847
        ],
        "23": [
            86.28288838955645,
            95.43851605658519
        ],
        "24": [
            2.193882353302423,
            20.31670057363587
        ],
        "25": [
            28.048138515760435,
            35.99344678914815
        ],
        "26": [
            87.89114232612607,
            63.2354820835943
        ],
        "27": [
            18.616863982937115,
            81.35614118220127
        ],
        "28": [
            44.24687884991299,
            88.80774542079494
        ],
        "29": [
            85.84970071856142,
            12.263508428436687
        ],
        "30": [
            49.220408122487044,
            3.780608622813819
        ],
        "31": [
            91.88889157243926,
            35.067212445456285
        ],
        "32": [
            69.54892221403614,
            85.79396993429259
        ],
        "33": [
            83.05603927422274,
            14.587832256437327
        ],
        "34": [
            79.5114252369362,
            8.121010217784919
        ],
        "35": [
            27.199658359839574,
            84.11822590430333
        ],
        "36": [
            34.45204834154113,
            10.569093125355645
        ],
        "37": [
            74.2142226075735,
            75.06604414872369
        ],
        "38": [
            87.0792448701861,
            49.41961888471887
        ],
        "39": [
            35.650629081312424,
            7.240824349259745
        ],
        "40": [
            65.20171178819679,
            86.41625070712912
        ],
        "41": [
            65.93061828316091,
            69.06106325264919
        ],
        "42": [
            0.16025501053313906,
            23.283221036105328
        ],
        "43": [
            69.18224414717731,
            88.07804303960253
        ],
        "44": [
            45.81702677942642,
            51.00770460643091
        ],
        "45": [
            17.985477896369694,
            11.88481478396406
        ],
        "46": [
            32.535052301829694,
            17.316145976807363
        ],
        "47": [
            85.47280879972814,
            97.53487732378834
        ],
        "48": [
            32.65919732906363,
            39.32085172286347
        ],
        "49": [
            36.81639992024234,
            86.42771597599665
        ],
        "50": [
            89.32536944200353,
            78.63017245692919
        ]
    },
    "distance_matrix_str_keys": {
        "0,0": 0.0,
        "0,1": 92.3516067711481,
        "0,2": 46.82429742424102,
        "0,3": 93.25269093372908,
        "0,4": 61.67284118731446,
        "0,5": 64.91520014003898,
        "0,6": 75.80394868878557,
        "0,7": 47.26493943400463,
        "0,8": 92.83608425130025,
        "0,9": 10.620747409511686,
        "0,10": 40.8999181710033,
        "0,11": 60.626871033168314,
        "0,12": 105.09988220651027,
        "0,13": 45.17383974116306,
        "0,14": 83.71536714846643,
        "0,15": 93.9448443350226,
        "0,16": 70.42459703832805,
        "0,17": 57.26191136742526,
        "0,18": 68.87917564120325,
        "0,19": 116.29727241162584,
        "0,20": 85.15053175821816,
        "0,21": 93.81498511134917,
        "0,22": 81.89379368336012,
        "0,23": 128.6594231913377,
        "0,24": 20.43480956551609,
        "0,25": 45.63141775095886,
        "0,26": 108.27547780423748,
        "0,27": 83.45902786767556,
        "0,28": 99.21996741928312,
        "0,29": 86.7211897545283,
        "0,30": 49.365388454899076,
        "0,31": 98.35282295443412,
        "0,32": 110.44300728529784,
        "0,33": 84.32740070619505,
        "0,34": 79.92507460219392,
        "0,35": 88.4064327081429,
        "0,36": 36.03677794171292,
        "0,37": 105.55880740793071,
        "0,38": 100.12538947675907,
        "0,39": 36.37852238821901,
        "0,40": 108.25447614943447,
        "0,41": 95.47919608368247,
        "0,42": 23.28377253549215,
        "0,43": 111.99966326255506,
        "0,44": 68.56373583844152,
        "0,45": 21.55751000486683,
        "0,46": 36.856187265815976,
        "0,47": 129.6867508216677,
        "0,48": 51.115091219620574,
        "0,49": 93.94252174555868,
        "0,50": 119.00304889605495,
        "1,0": 92.3516067711481,
        "1,1": 0.0,
        "1,2": 55.5720962001827,
        "1,3": 66.67855278241286,
        "1,4": 69.51020705162688,
        "1,5": 28.31221787857918,
        "1,6": 22.22991503332215,
        "1,7": 64.08678273897328,
        "1,8": 24.740235415543427,
        "1,9": 81.99361118016077,
        "1,10": 77.94221679608341,
        "1,11": 77.23505272721329,
        "1,12": 13.12388331275364,
        "1,13": 83.22937246389093,
        "1,14": 33.205061384934154,
        "1,15": 56.67629411760985,
        "1,16": 87.46856423499486,
        "1,17": 52.25302372130642,
        "1,18": 67.73196297312441,
        "1,19": 57.169523236466574,
        "1,20": 11.597909675359695,
        "1,21": 9.991562466265496,
        "1,22": 25.000078090851986,
        "1,23": 48.733880661196636,
        "1,24": 73.30367186085896,
        "1,25": 48.96493190801665,
        "1,26": 53.03028187994883,
        "1,27": 20.498410683480124,
        "1,28": 7.32222693087778,
        "1,29": 85.45981824342715,
        "1,30": 80.5957171727668,
        "1,31": 71.8812680169079,
        "1,32": 30.640812505224662,
        "1,33": 81.99092531982396,
        "1,34": 85.78220111939564,
        "1,35": 11.78515976417529,
        "1,36": 73.29367100820262,
        "1,37": 36.28386861344811,
        "1,38": 59.07982369178995,
        "1,39": 76.55440690596588,
        "1,40": 26.361479645344254,
        "1,41": 30.68228283314793,
        "1,42": 71.83163559196736,
        "1,43": 30.51643237966322,
        "1,44": 33.4223331158074,
        "1,45": 74.84250887137618,
        "1,46": 66.71857363149124,
        "1,47": 48.50279736840677,
        "1,48": 44.84940999209462,
        "1,49": 3.462580164606239,
        "1,50": 50.60409696594561,
        "2,0": 46.82429742424102,
        "2,1": 55.5720962001827,
        "2,2": 0.0,
        "2,3": 49.16524244098372,
        "2,4": 24.41114354777966,
        "2,5": 28.377346591887683,
        "2,6": 34.3827816080891,
        "2,7": 10.072764610768557,
        "2,8": 48.26543214283944,
        "2,9": 36.733363969358834,
        "2,10": 22.58982132216047,
        "2,11": 29.317335146311375,
        "2,12": 68.574801091883,
        "2,13": 28.52708977027942,
        "2,14": 63.742220183965145,
        "2,15": 47.88460885998858,
        "2,16": 42.057714664867504,
        "2,17": 10.747021936123014,
        "2,18": 28.88208288879454,
        "2,19": 69.48408298216752,
        "2,20": 45.369067432792825,
        "2,21": 53.342779241961495,
        "2,22": 57.39851071149104,
        "2,23": 83.15122893585571,
        "2,24": 36.072426492241405,
        "2,25": 12.190996610348225,
        "2,26": 61.47100448753025,
        "2,27": 56.40253707967147,
        "2,28": 61.01987143009247,
        "2,29": 50.994677321152786,
        "2,30": 27.10556270349809,
        "2,31": 54.92293158731394,
        "2,32": 65.98246153625382,
        "2,33": 47.634058266556416,
        "2,34": 46.64152807798068,
        "2,35": 56.867404239889275,
        "2,36": 17.84927414679373,
        "2,37": 59.61712107816993,
        "2,38": 54.03150180621664,
        "2,39": 21.00536357367078,
        "2,40": 64.53812923683466,
        "2,41": 49.857742944957586,
        "2,42": 37.55977463747535,
        "2,43": 67.81357156674616,
        "2,44": 24.33630280009048,
        "2,45": 25.342620624948353,
        "2,46": 11.897330413757246,
        "2,47": 84.39197361151233,
        "2,48": 12.114000580146072,
        "2,49": 58.25745672392804,
        "2,50": 72.40245018955352,
        "3,0": 93.25269093372908,
        "3,1": 66.67855278241286,
        "3,2": 49.16524244098372,
        "3,3": 0.0,
        "3,4": 32.804350314605166,
        "3,5": 56.85382666407326,
        "3,6": 49.42814550197844,
        "3,7": 46.03400215782518,
        "3,8": 43.05334865871116,
        "3,9": 84.2310318008623,
        "3,10": 54.71153864244444,
        "3,11": 37.442995122260946,
        "3,12": 74.98187435325043,
        "3,13": 54.089908606275486,
        "3,14": 92.97285880213242,
        "3,15": 10.952246519444587,
        "3,16": 37.58230223180676,
        "3,17": 38.72598542824462,
        "3,18": 25.29558763086543,
        "3,19": 33.092609189975406,
        "3,20": 55.999403718963386,
        "3,21": 57.83759704604629,
        "3,22": 84.31053220834536,
        "3,23": 59.10774938462845,
        "3,24": 85.20862741137319,
        "3,25": 57.836739194666926,
        "3,26": 26.978145296315006,
        "3,27": 80.9445201973534,
        "3,28": 66.98755357026403,
        "3,29": 24.068629252848474,
        "3,30": 49.028676153249926,
        "3,31": 6.13677964695684,
        "3,32": 52.0894067786659,
        "3,33": 21.927391104101808,
        "3,34": 28.921870637957078,
        "3,35": 75.67926493054118,
        "3,36": 57.523622584843615,
        "3,37": 40.453657910928335,
        "3,38": 13.141981667730109,
        "3,39": 58.04897256300408,
        "3,40": 54.18646644837315,
        "3,41": 38.33167172422879,
        "3,42": 86.71109807584189,
        "3,43": 54.37449843255399,
        "3,44": 42.66996833587577,
        "3,45": 72.1655337026017,
        "3,46": 56.63660557662264,
        "3,47": 61.20414443504176,
        "3,48": 53.30853644506288,
        "3,49": 70.12266112299353,
        "3,50": 42.43783225883622,
        "4,0": 61.67284118731446,
        "4,1": 69.51020705162688,
        "4,2": 24.41114354777966,
        "4,3": 32.804350314605166,
        "4,4": 0.0,
        "4,5": 47.152660891834216,
        "4,6": 47.39660667443326,
        "4,7": 16.477686940923494,
        "4,8": 53.567425391908536,
        "4,9": 53.54722959779353,
        "4,10": 21.943069277302328,
        "4,11": 7.879268450922539,
        "4,12": 81.40260407965273,
        "4,13": 21.67246310074678,
        "4,14": 85.15208806816743,
        "4,15": 36.84118236219953,
        "4,16": 18.812827879213646,
        "4,17": 19.04797452986656,
        "4,18": 7.514561905458801,
        "4,19": 61.90735988629042,
        "4,20": 58.01146213352931,
        "4,21": 64.06823962650026,
        "4,22": 77.8049428821759,
        "4,23": 82.76387352348799,
        "4,24": 57.10850124753262,
        "4,25": 36.38490053083242,
        "4,26": 54.21342620937332,
        "4,27": 75.90343166936682,
        "4,28": 73.13186892479278,
        "4,29": 27.089273754308827,
        "4,30": 16.754425501490363,
        "4,31": 37.22496280252803,
        "4,32": 69.34295360770952,
        "4,33": 23.98282767552714,
        "4,34": 22.24133340240498,
        "4,35": 74.16160503649024,
        "4,36": 25.645306984934415,
        "4,37": 59.7534663352905,
        "4,38": 42.576051385117104,
        "4,39": 25.59551262639693,
        "4,40": 69.44964554574052,
        "4,41": 52.26900003899318,
        "4,42": 59.3683019558559,
        "4,43": 71.55036570845778,
        "4,44": 36.34400893489527,
        "4,45": 41.57749166683945,
        "4,46": 26.683727564701076,
        "4,47": 84.49254218345192,
        "4,48": 34.549071266994694,
        "4,49": 72.73858860933677,
        "4,50": 68.38885209295445,
        "5,0": 64.91520014003898,
        "5,1": 28.31221787857918,
        "5,2": 28.377346591887683,
        "5,3": 56.85382666407326,
        "5,4": 47.152660891834216,
        "5,5": 0.0,
        "5,6": 12.4941283016054,
        "5,7": 37.823851732207416,
        "5,8": 31.13359237861457,
        "5,9": 54.38498818634807,
        "5,10": 50.960246486024985,
        "5,11": 54.153352319307785,
        "5,12": 41.42579409572481,
        "5,13": 56.825257028525414,
        "5,14": 38.32317669209571,
        "5,15": 50.02182047960358,
        "5,16": 65.95678504067705,
        "5,17": 28.183593184287794,
        "5,18": 47.84253664514286,
        "5,19": 62.67438731334579,
        "5,20": 20.255955893447084,
        "5,21": 28.926608193257852,
        "5,22": 30.67060137775764,
        "5,23": 66.53597663284046,
        "5,24": 46.9828527687974,
        "5,25": 20.652906088908644,
        "5,26": 55.75219281832189,
        "5,27": 28.829737194544073,
        "5,28": 34.68422644664369,
        "5,29": 69.00377490174134,
        "5,30": 54.93656274151077,
        "5,31": 62.92981106578512,
        "5,32": 47.38287951254747,
        "5,33": 65.36967246318761,
        "5,34": 67.13607899273968,
        "5,35": 28.492945388485943,
        "5,36": 45.60908158216453,
        "5,37": 45.72277773885337,
        "5,38": 54.89987701316988,
        "5,39": 48.99496429323559,
        "5,40": 44.49732577674737,
        "5,41": 35.754617440916746,
        "5,42": 46.167302434945206,
        "5,43": 48.567982227286166,
        "5,44": 14.185801239687583,
        "5,45": 46.603662570467776,
        "5,46": 38.824137773699896,
        "5,47": 67.15554012274784,
        "5,48": 16.81952298696755,
        "5,49": 30.580620078975354,
        "5,50": 61.028197010727034,
        "6,0": 75.80394868878557,
        "6,1": 22.22991503332215,
        "6,2": 34.3827816080891,
        "6,3": 49.42814550197844,
        "6,4": 47.39660667443326,
        "6,5": 12.4941283016054,
        "6,6": 0.0,
        "6,7": 42.233361642152175,
        "6,8": 18.639548670299206,
        "6,9": 65.18958961956348,
        "6,10": 56.278874335869574,
        "6,11": 55.067536126893835,
        "6,12": 34.726744741703286,
        "6,13": 61.281274824621214,
        "6,14": 43.55420881085476,
        "6,15": 41.08512296708425,
        "6,16": 65.60118393409041,
        "6,17": 30.070357429990764,
        "6,18": 46.09926494408479,
        "6,19": 50.827779563794685,
        "6,20": 11.123148350996136,
        "6,21": 18.990686082931575,
        "6,22": 34.88612306891533,
        "6,23": 54.202910180437755,
        "6,24": 58.76782414373563,
        "6,25": 30.3075871162626,
        "6,26": 44.27433291895165,
        "6,27": 31.639823935056594,
        "6,28": 26.828656439027803,
        "6,29": 65.2262388469486,
        "6,30": 58.47289917890371,
        "6,31": 55.255021235879894,
        "6,32": 35.190565717588505,
        "6,33": 61.649462772378065,
        "6,34": 64.71942295908322,
        "6,35": 27.566900051578,
        "6,36": 52.230478689133946,
        "6,37": 33.259712237536355,
        "6,38": 45.22573240508124,
        "6,39": 55.32435538111239,
        "6,40": 32.58804031731861,
        "6,41": 23.39176940478731,
        "6,42": 58.205809101436245,
        "6,43": 36.516855511831956,
        "6,44": 11.193230433838233,
        "6,45": 56.28504363565642,
        "6,46": 46.02824638692096,
        "6,47": 54.90142020861231,
        "6,48": 25.182703774111342,
        "6,49": 25.374775955764417,
        "6,50": 48.628044234583015,
        "7,0": 47.26493943400463,
        "7,1": 64.08678273897328,
        "7,2": 10.072764610768557,
        "7,3": 46.03400215782518,
        "7,4": 16.477686940923494,
        "7,5": 37.823851732207416,
        "7,6": 42.233361642152175,
        "7,7": 0.0,
        "7,8": 53.825388295579145,
        "7,9": 38.24684559385118,
        "7,10": 14.176455283247607,
        "7,11": 19.886860749963386,
        "7,12": 76.89423187010038,
        "7,13": 19.164798027650765,
        "7,14": 73.79784929911114,
        "7,15": 47.028276336150626,
        "7,16": 32.64998131579919,
        "7,17": 13.16589056895803,
        "7,18": 22.596197126054403,
        "7,19": 70.56300113233878,
        "7,20": 53.355549030040144,
        "7,21": 60.85786464142687,
        "7,22": 67.35449479053854,
        "7,23": 87.21435116728065,
        "7,24": 40.746837017500106,
        "7,25": 22.028373714696514,
        "7,26": 62.5390603786372,
        "7,27": 66.22488856306583,
        "7,28": 69.06169120367899,
        "7,29": 43.56240863745437,
        "7,30": 17.16900948514444,
        "7,31": 51.289913544470735,
        "7,32": 71.19610927697842,
        "7,33": 40.45097394859617,
        "7,34": 38.38133555068428,
        "7,35": 66.25584954439138,
        "7,36": 12.507495787726302,
        "7,37": 63.53894798122632,
        "7,38": 53.18204778757039,
        "7,39": 14.483831192599503,
        "7,40": 70.27788072897033,
        "7,41": 54.40088292006159,
        "7,42": 42.92161192947812,
        "7,43": 73.18730150538202,
        "7,44": 31.381670307752586,
        "7,45": 26.164247221022794,
        "7,46": 10.684724305741865,
        "7,47": 88.64802307826677,
        "7,48": 22.097906887135395,
        "7,49": 66.94958975689849,
        "7,50": 74.95176289195851,
        "8,0": 92.83608425130025,
        "8,1": 24.740235415543427,
        "8,2": 48.26543214283944,
        "8,3": 43.05334865871116,
        "8,4": 53.567425391908536,
        "8,5": 31.13359237861457,
        "8,6": 18.639548670299206,
        "8,7": 53.825388295579145,
        "8,8": 0.0,
        "8,9": 82.235591764084,
        "8,10": 67.87538523741134,
        "8,11": 61.41090509823262,
        "8,12": 31.930787916251383,
        "8,13": 71.62801734167604,
        "8,14": 55.764982072795554,
        "8,15": 32.545934339959324,
        "8,16": 69.46685006159949,
        "8,17": 40.66323435317493,
        "8,18": 49.692213679087985,
        "8,19": 34.07336162906035,
        "8,20": 16.57605153139776,
        "8,21": 15.106373006709783,
        "8,22": 46.94962292951591,
        "8,23": 35.98728811987191,
        "8,24": 76.78741409310706,
        "8,25": 47.28260515464233,
        "8,26": 28.83107443009488,
        "8,27": 42.77598571124212,
        "8,28": 23.980224134545615,
        "8,29": 63.95010350310311,
        "8,30": 67.87702183714798,
        "8,31": 47.83808057997749,
        "8,32": 17.753182581047735,
        "8,33": 60.718314794570695,
        "8,34": 65.61218295600324,
        "8,35": 35.46787446864075,
        "8,36": 65.4377822459178,
        "8,37": 14.781390779855192,
        "8,38": 34.441353856760266,
        "8,39": 68.0738497287799,
        "8,40": 16.45275282631054,
        "8,41": 6.112710646345333,
        "8,42": 76.45384669013195,
        "8,43": 19.548234785804517,
        "8,44": 24.376239081108142,
        "8,45": 72.38840090970427,
        "8,46": 60.140988207506076,
        "8,47": 36.892055989078585,
        "8,48": 41.72732052713962,
        "8,49": 28.021974871786114,
        "8,50": 30.292536248774596,
        "9,0": 10.620747409511686,
        "9,1": 81.99361118016077,
        "9,2": 36.733363969358834,
        "9,3": 84.2310318008623,
        "9,4": 53.54722959779353,
        "9,5": 54.38498818634807,
        "9,6": 65.18958961956348,
        "9,7": 38.24684559385118,
        "9,8": 82.235591764084,
        "9,9": 0.0,
        "9,10": 34.20340261861644,
        "9,11": 53.515407818383444,
        "9,12": 94.82124127411295,
        "9,13": 39.54710861053418,
        "9,14": 75.03489981194376,
        "9,15": 84.30228021864671,
        "9,16": 64.32237672167552,
        "9,17": 47.335816146659376,
        "9,18": 60.4774228031311,
        "9,19": 106.18531812660098,
        "9,20": 74.59946235266585,
        "9,21": 83.25839623328676,
        "9,22": 72.5932903308486,
        "9,23": 118.0850295987004,
        "9,24": 12.554907132952279,
        "9,25": 35.01253957314669,
        "9,26": 98.18478690293983,
        "9,27": 73.8911621978216,
        "9,28": 88.7982431577668,
        "9,29": 79.54987943817962,
        "9,30": 43.088171116718485,
        "9,31": 89.53659616425159,
        "9,32": 99.82973500390787,
        "9,33": 76.90898993200238,
        "9,34": 73.12265148227249,
        "9,35": 78.44516703625878,
        "9,36": 28.13975788534328,
        "9,37": 95.04411843160935,
        "9,38": 90.47961305207136,
        "9,39": 29.28733808319044,
        "9,40": 97.63373299211663,
        "9,41": 84.93966621242329,
        "9,42": 16.057175542684025,
        "9,43": 101.3813298685966,
        "9,44": 57.9897513355528,
        "9,45": 12.084312071055354,
        "9,46": 27.59698906451473,
        "9,47": 119.09770386417742,
        "9,48": 40.50951472789201,
        "9,49": 83.6723537993297,
        "9,50": 108.622576152331,
        "10,0": 40.8999181710033,
        "10,1": 77.94221679608341,
        "10,2": 22.58982132216047,
        "10,3": 54.71153864244444,
        "10,4": 21.943069277302328,
        "10,5": 50.960246486024985,
        "10,6": 56.278874335869574,
        "10,7": 14.176455283247607,
        "10,8": 67.87538523741134,
        "10,9": 34.20340261861644,
        "10,10": 0.0,
        "10,11": 19.7377064586037,
        "10,12": 90.84431823939893,
        "10,13": 6.901268721520038,
        "10,14": 85.12074831416044,
        "10,15": 57.857197629758474,
        "10,16": 30.134882699798826,
        "10,17": 27.242707875357787,
        "10,18": 29.453290197478275,
        "10,19": 82.39498576046917,
        "10,20": 67.3883789115487,
        "10,21": 74.99383659047919,
        "10,22": 79.35605925163128,
        "10,23": 100.66355304479006,
        "10,24": 40.954298628309026,
        "10,25": 32.65978388440441,
        "10,26": 74.47486768336411,
        "10,27": 78.66231081778626,
        "10,28": 83.09756619272139,
        "10,29": 45.82127470023282,
        "10,30": 8.962519956840906,
        "10,31": 59.15212887150688,
        "10,32": 85.113876473546,
        "10,33": 43.46734617761448,
        "10,34": 39.09340890675737,
        "10,35": 79.44208869063814,
        "10,36": 7.6950071742494375,
        "10,37": 77.04510351210729,
        "10,38": 63.82708525613636,
        "10,39": 5.048030271346308,
        "10,40": 84.32405594905192,
        "10,41": 68.19035780496371,
        "10,42": 43.955609491566214,
        "10,43": 87.14273699766343,
        "10,44": 45.52549285632581,
        "10,45": 23.3112136019759,
        "10,46": 13.998861716261791,
        "10,47": 102.17560820221497,
        "10,48": 34.42735905850352,
        "10,49": 80.71596030275083,
        "10,50": 87.69312280938642,
        "11,0": 60.626871033168314,
        "11,1": 77.23505272721329,
        "11,2": 29.317335146311375,
        "11,3": 37.442995122260946,
        "11,4": 7.879268450922539,
        "11,5": 54.153352319307785,
        "11,6": 55.067536126893835,
        "11,7": 19.886860749963386,
        "11,8": 61.41090509823262,
        "11,9": 53.515407818383444,
        "11,10": 19.7377064586037,
        "11,11": 0.0,
        "11,12": 89.2161206825061,
        "11,13": 17.082126639953497,
        "11,14": 91.79492901655053,
        "11,15": 42.982917772845376,
        "11,16": 12.775907092880697,
        "11,17": 25.98675219107383,
        "11,18": 13.244812711276376,
        "11,19": 68.19630240750195,
        "11,20": 65.77180835715015,
        "11,21": 71.9230401394404,
        "11,22": 84.69232412026489,
        "11,23": 90.01741209862008,
        "11,24": 58.732018133639166,
        "11,25": 41.50833119795293,
        "11,26": 60.70092661338366,
        "11,27": 82.97837074872089,
        "11,28": 80.96006063585867,
        "11,29": 26.112310670361495,
        "11,30": 12.054014466818437,
        "11,31": 41.03091857944209,
        "11,32": 77.0261538638956,
        "11,33": 23.737853834043396,
        "11,34": 19.65380168887696,
        "11,35": 81.58266456206712,
        "11,36": 25.473620585097343,
        "11,37": 67.23315131375526,
        "11,38": 48.39857322305266,
        "11,39": 24.340759390234812,
        "11,40": 77.223765819706,
        "11,41": 59.99033542427908,
        "11,42": 61.33514676683963,
        "11,43": 79.24894769627774,
        "11,44": 43.94950053164311,
        "11,45": 41.98727057476915,
        "11,46": 28.491690424105737,
        "11,47": 91.79476145999341,
        "11,48": 40.48081890832683,
        "11,49": 80.4356160002343,
        "11,50": 75.24818566780586,
        "12,0": 105.09988220651027,
        "12,1": 13.12388331275364,
        "12,2": 68.574801091883,
        "12,3": 74.98187435325043,
        "12,4": 81.40260407965273,
        "12,5": 41.42579409572481,
        "12,6": 34.726744741703286,
        "12,7": 76.89423187010038,
        "12,8": 31.930787916251383,
        "12,9": 94.82124127411295,
        "12,10": 90.84431823939893,
        "12,11": 89.2161206825061,
        "12,12": 0.0,
        "12,13": 95.98883354406622,
        "12,14": 37.89210359093006,
        "12,15": 64.39891108991895,
        "12,16": 98.9137502866451,
        "12,17": 64.7696286853297,
        "12,18": 79.02834254543369,
        "12,19": 59.81742532849834,
        "12,20": 23.641808434333786,
        "12,21": 17.7340127567466,
        "12,22": 31.506755219017492,
        "12,23": 44.976721722462074,
        "12,24": 85.76488590850326,
        "12,25": 62.07807652852248,
        "12,26": 57.3084066974704,
        "12,27": 27.367763863762306,
        "12,28": 8.356555808282257,
        "12,29": 95.40116704986055,
        "12,30": 93.19045672602313,
        "12,31": 79.67236218182188,
        "12,32": 30.237353365985474,
        "12,33": 92.0520656969198,
        "12,34": 96.40168104048229,
        "12,35": 18.871459524959874,
        "12,36": 86.34041798440636,
        "12,37": 39.3337493506916,
        "12,38": 65.75012805351294,
        "12,39": 89.57465642330372,
        "12,40": 25.974485701892785,
        "12,41": 36.958659823154804,
        "12,42": 84.11237670521679,
        "12,43": 29.14484202179254,
        "12,44": 45.84891731541617,
        "12,45": 87.90517516156918,
        "12,46": 79.80484004275958,
        "12,47": 44.159858952370456,
        "12,48": 57.9658863091231,
        "12,49": 11.158199255391718,
        "12,50": 51.269039813800255,
        "13,0": 45.17383974116306,
        "13,1": 83.22937246389093,
        "13,2": 28.52708977027942,
        "13,3": 54.089908606275486,
        "13,4": 21.67246310074678,
        "13,5": 56.825257028525414,
        "13,6": 61.281274824621214,
        "13,7": 19.164798027650765,
        "13,8": 71.62801734167604,
        "13,9": 39.54710861053418,
        "13,10": 6.901268721520038,
        "13,11": 17.082126639953497,
        "13,12": 95.98883354406622,
        "13,13": 0.0,
        "13,14": 91.68657539766178,
        "13,15": 58.49642052760359,
        "13,16": 25.262513847463016,
        "13,17": 31.50450716188151,
        "13,18": 28.971738499794938,
        "13,19": 83.48679339726029,
        "13,20": 72.4010498463782,
        "13,21": 79.71264115594869,
        "13,22": 85.73637085646848,
        "13,23": 103.25343049184288,
        "13,24": 47.22977897248015,
        "13,25": 39.204910065724384,
        "13,26": 75.71624220233973,
        "13,27": 84.89115005786476,
        "13,28": 88.08856405195208,
        "13,29": 42.28661744603645,
        "13,30": 5.075881781646397,
        "13,31": 57.98529623968008,
        "13,32": 88.49478900109264,
        "13,33": 40.3448456682553,
        "13,34": 35.13095591512877,
        "13,35": 85.30802965671316,
        "13,36": 14.551918335909953,
        "13,37": 79.81491531498406,
        "13,38": 64.24805676464894,
        "13,39": 11.534734198866653,
        "13,40": 88.00289936632672,
        "13,41": 71.42156019477946,
        "13,42": 50.34500021891773,
        "13,43": 90.59476432108511,
        "13,44": 50.28789467079615,
        "13,45": 29.384611421002173,
        "13,46": 20.854057097259844,
        "13,47": 104.86572824199511,
        "13,48": 40.573245045040494,
        "13,49": 86.10968093292777,
        "13,50": 89.55022049885197,
        "14,0": 83.71536714846643,
        "14,1": 33.205061384934154,
        "14,2": 63.742220183965145,
        "14,3": 92.97285880213242,
        "14,4": 85.15208806816743,
        "14,5": 38.32317669209571,
        "14,6": 43.55420881085476,
        "14,7": 73.79784929911114,
        "14,8": 55.764982072795554,
        "14,9": 75.03489981194376,
        "14,10": 85.12074831416044,
        "14,11": 91.79492901655053,
        "14,12": 37.89210359093006,
        "14,13": 91.68657539766178,
        "14,14": 0.0,
        "14,15": 84.46354730714968,
        "14,16": 103.95100885329231,
        "14,17": 66.10492477933458,
        "14,18": 86.16250821107927,
        "14,19": 89.56696033967903,
        "14,20": 39.283588061110194,
        "14,21": 42.73299362311395,
        "14,22": 8.865677858292777,
        "14,23": 81.38712601389037,
        "14,24": 63.30063261451339,
        "14,25": 52.48373984009561,
        "14,26": 84.58465320842815,
        "14,27": 13.023448453578599,
        "14,28": 38.8353263577156,
        "14,29": 107.18710747689191,
        "14,30": 90.80389330155849,
        "14,31": 98.80840992935458,
        "14,32": 63.815823540877574,
        "14,33": 103.55503417259794,
        "14,34": 105.4592349335037,
        "14,35": 21.434351527799507,
        "14,36": 78.38174863672906,
        "14,37": 68.96011885571606,
        "14,38": 88.1654435050281,
        "14,39": 81.91784264285837,
        "14,40": 59.498670732307566,
        "14,41": 61.86915656961556,
        "14,42": 60.49381874407123,
        "14,43": 63.57237501887903,
        "14,44": 51.577644564006214,
        "14,45": 72.66468208920857,
        "14,46": 71.40441314662031,
        "14,47": 80.92258862674719,
        "14,48": 51.73045121156293,
        "14,49": 31.17888623194245,
        "14,50": 83.6943346596138,
        "15,0": 93.9448443350226,
        "15,1": 56.67629411760985,
        "15,2": 47.88460885998858,
        "15,3": 10.952246519444587,
        "15,4": 36.84118236219953,
        "15,5": 50.02182047960358,
        "15,6": 41.08512296708425,
        "15,7": 47.028276336150626,
        "15,8": 32.545934339959324,
        "15,9": 84.30228021864671,
        "15,10": 57.857197629758474,
        "15,11": 42.982917772845376,
        "15,12": 64.39891108991895,
        "15,13": 58.49642052760359,
        "15,14": 84.46354730714968,
        "15,15": 0.0,
        "15,16": 45.75804806002309,
        "15,17": 37.13863022553373,
        "15,18": 29.82688981562195,
        "15,19": 25.21575873613517,
        "15,20": 46.43387127252325,
        "15,21": 47.52409563413373,
        "15,22": 75.67680531503677,
        "15,23": 49.21680490146371,
        "15,24": 83.65357780642944,
        "15,25": 54.62420123832148,
        "15,26": 17.913640368352194,
        "15,27": 72.07077751528634,
        "15,28": 56.52596802255951,
        "15,29": 34.43071915865815,
        "15,30": 53.594192784210065,
        "15,31": 15.292378620719935,
        "15,32": 41.17772421289029,
        "15,33": 31.881453769328548,
        "15,34": 38.378318635581934,
        "15,35": 66.22788200650332,
        "15,36": 59.29285155588139,
        "15,37": 29.580698562491616,
        "15,38": 6.18110161132557,
        "15,39": 60.44625248635081,
        "15,40": 43.23432325045137,
        "15,41": 27.555619079017884,
        "15,42": 84.72956662608347,
        "15,43": 43.46977175002278,
        "15,44": 36.137281903373584,
        "15,45": 72.44984936880407,
        "15,46": 57.112349345295684,
        "15,47": 51.23771908140226,
        "15,48": 49.51938559612806,
        "15,49": 60.08695830809609,
        "15,50": 33.09032838223576,
        "16,0": 70.42459703832805,
        "16,1": 87.46856423499486,
        "16,2": 42.057714664867504,
        "16,3": 37.58230223180676,
        "16,4": 18.812827879213646,
        "16,5": 65.95678504067705,
        "16,6": 65.60118393409041,
        "16,7": 32.64998131579919,
        "16,8": 69.46685006159949,
        "16,9": 64.32237672167552,
        "16,10": 30.134882699798826,
        "16,11": 12.775907092880697,
        "16,12": 98.9137502866451,
        "16,13": 25.262513847463016,
        "16,14": 103.95100885329231,
        "16,15": 45.75804806002309,
        "16,16": 0.0,
        "16,17": 37.855216512457524,
        "16,18": 19.914979919770463,
        "16,19": 70.40467302879546,
        "16,20": 75.88578566579291,
        "16,21": 81.31423717761491,
        "16,22": 96.61518379722182,
        "16,23": 94.69054160082061,
        "16,24": 70.59309838230776,
        "16,25": 54.245143845537946,
        "16,26": 63.59920119004763,
        "16,27": 94.67759734481142,
        "16,28": 90.57321363105636,
        "16,29": 18.503507243281234,
        "16,30": 21.240488285714424,
        "16,31": 39.36374388337081,
        "16,32": 83.70760161710204,
        "16,33": 17.790966232947394,
        "16,34": 10.931650149668672,
        "16,35": 92.70512161941639,
        "16,36": 36.92799104593395,
        "16,37": 73.07536231331973,
        "16,38": 50.18411430210695,
        "16,39": 35.122580729060886,
        "16,40": 84.48529828094858,
        "16,41": 67.11897497723963,
        "16,42": 73.36104484750015,
        "16,43": 85.99594482881986,
        "16,44": 54.74382287911524,
        "16,45": 53.315410674197416,
        "16,46": 40.80542692385643,
        "16,47": 96.6280920414853,
        "16,48": 53.00916403191275,
        "16,49": 90.77538057139837,
        "16,50": 78.84614795543851,
        "17,0": 57.26191136742526,
        "17,1": 52.25302372130642,
        "17,2": 10.747021936123014,
        "17,3": 38.72598542824462,
        "17,4": 19.04797452986656,
        "17,5": 28.183593184287794,
        "17,6": 30.070357429990764,
        "17,7": 13.16589056895803,
        "17,8": 40.66323435317493,
        "17,9": 47.335816146659376,
        "17,10": 27.242707875357787,
        "17,11": 25.98675219107383,
        "17,12": 64.7696286853297,
        "17,13": 31.50450716188151,
        "17,14": 66.10492477933458,
        "17,15": 37.13863022553373,
        "17,16": 37.855216512457524,
        "17,17": 0.0,
        "17,18": 21.0490981255903,
        "17,19": 59.095311815578285,
        "17,20": 41.12829566765463,
        "17,21": 48.231513051365134,
        "17,22": 58.79215775773198,
        "17,23": 74.28645060683489,
        "17,24": 46.71417801784759,
        "17,25": 19.714385531181975,
        "17,26": 51.059580591316475,
        "17,27": 56.99795690459641,
        "17,28": 56.744096861239605,
        "17,29": 43.30213727669936,
        "17,30": 28.429195897300456,
        "17,31": 44.60003695095698,
        "17,32": 58.04219226141866,
        "17,33": 39.76073806503241,
        "17,34": 40.119374012276715,
        "17,35": 55.750072636506964,
        "17,36": 25.159471586073625,
        "17,37": 50.61216337026042,
        "17,38": 43.288684674881786,
        "17,39": 27.53487481991923,
        "17,40": 57.11598673473188,
        "17,41": 41.3080859057696,
        "17,42": 48.04936263926172,
        "17,43": 60.02536481445886,
        "17,44": 18.922273328500204,
