{
    "num_robots": 5,
    "num_tasks": 60,
    "num_nodes": 61,
    "robot_capacity": [
        153,
        171,
        193,
        156,
        155
    ],
    "robot_speed": [
        1.14,
        0.82,
        0.95,
        1.17,
        1.1
    ],
    "task_demand": {
        "0": 0,
        "1": 15,
        "2": 11,
        "3": 6,
        "4": 14,
        "5": 11,
        "6": 10,
        "7": 11,
        "8": 6,
        "9": 8,
        "10": 10,
        "11": 14,
        "12": 5,
        "13": 7,
        "14": 6,
        "15": 8,
        "16": 5,
        "17": 5,
        "18": 13,
        "19": 11,
        "20": 15,
        "21": 5,
        "22": 13,
        "23": 7,
        "24": 14,
        "25": 5,
        "26": 15,
        "27": 11,
        "28": 15,
        "29": 15,
        "30": 12,
        "31": 14,
        "32": 5,
        "33": 5,
        "34": 10,
        "35": 9,
        "36": 6,
        "37": 12,
        "38": 6,
        "39": 15,
        "40": 9,
        "41": 11,
        "42": 12,
        "43": 10,
        "44": 15,
        "45": 14,
        "46": 8,
        "47": 10,
        "48": 6,
        "49": 14,
        "50": 14,
        "51": 13,
        "52": 8,
        "53": 14,
        "54": 12,
        "55": 12,
        "56": 8,
        "57": 10,
        "58": 13,
        "59": 15,
        "60": 13
    },
    "task_service_time": {
        "0": 0,
        "1": 64,
        "2": 30,
        "3": 88,
        "4": 27,
        "5": 29,
        "6": 54,
        "7": 55,
        "8": 73,
        "9": 98,
        "10": 70,
        "11": 100,
        "12": 100,
        "13": 87,
        "14": 100,
        "15": 40,
        "16": 36,
        "17": 47,
        "18": 60,
        "19": 66,
        "20": 58,
        "21": 100,
        "22": 25,
        "23": 44,
        "24": 57,
        "25": 52,
        "26": 63,
        "27": 83,
        "28": 57,
        "29": 38,
        "30": 75,
        "31": 91,
        "32": 99,
        "33": 71,
        "34": 11,
        "35": 89,
        "36": 29,
        "37": 24,
        "38": 32,
        "39": 27,
        "40": 100,
        "41": 53,
        "42": 52,
        "43": 12,
        "44": 96,
        "45": 74,
        "46": 87,
        "47": 54,
        "48": 54,
        "49": 82,
        "50": 93,
        "51": 40,
        "52": 50,
        "53": 39,
        "54": 61,
        "55": 26,
        "56": 26,
        "57": 71,
        "58": 55,
        "59": 82,
        "60": 40
    },
    "task_precedence": [],
    "coordinates": {
        "0": [
            100,
            0
        ],
        "1": [
            49.24267879175962,
            4.8177694490119105
        ],
        "2": [
            95.11183965865622,
            27.181066820048905
        ],
        "3": [
            93.72677869233067,
            92.9163305232541
        ],
        "4": [
            51.98607507594264,
            72.70798636095128
        ],
        "5": [
            22.25324172934886,
            6.489595054496156
        ],
        "6": [
            88.87799441712092,
            81.96758594887122
        ],
        "7": [
            82.34308506211184,
            93.4207544490149
        ],
        "8": [
            61.434636913593735,
            0.7821097954472833
        ],
        "9": [
            44.88903373482324,
            37.752339298260885
        ],
        "10": [
            3.0189778499052022,
            8.441514327992483
        ],
        "11": [
            90.86861174879061,
            38.357779844887204
        ],
        "12": [
            14.653626921720143,
            16.654999897845023
        ],
        "13": [
            4.6453466330762305,
            53.95795268733801
        ],
        "14": [
            88.6482721051737,
            65.00028950748892
        ],
        "15": [
            85.14371094700482,
            5.581131921629712
        ],
        "16": [
            38.1236773876249,
            71.5280700355122
        ],
        "17": [
            82.88064871947049,
            79.29875910540649
        ],
        "18": [
            31.998126950024307,
            36.92833968675598
        ],
        "19": [
            88.35879710529983,
            9.407156270579708
        ],
        "20": [
            90.68196238559224,
            71.16032240382314
        ],
        "21": [
            35.95192457463748,
            81.67850613815946
        ],
        "22": [
            16.53387068999297,
            2.7090009097044065
        ],
        "23": [
            69.6263708532279,
            67.16888671681255
        ],
        "24": [
            77.10027052027189,
            41.245540114092414
        ],
        "25": [
            85.4774473727773,
            39.101521491332235
        ],
        "26": [
            99.5016830250204,
            97.13955528687495
        ],
        "27": [
            0.5372826061155633,
            49.70890470575537
        ],
        "28": [
            47.26437533295873,
            92.79083118150115
        ],
        "29": [
            45.94532227065338,
            78.63889931162133
        ],
        "30": [
            30.609529522803424,
            63.22174035093005
        ],
        "31": [
            8.344270547261068,
            76.26493442143297
        ],
        "32": [
            21.503788153842006,
            26.414242875853667
        ],
        "33": [
            64.08620358611087,
            98.7622132466823
        ],
        "34": [
            35.991334147044974,
            59.47234758233041
        ],
        "35": [
            75.34696230086391,
            64.12743300505196
        ],
        "36": [
            39.7284429069002,
            21.18965439809185
        ],
        "37": [
            13.152660194874489,
            10.527425115700295
        ],
        "38": [
            46.885757281292186,
            24.31884519142712
        ],
        "39": [
            28.00189937359273,
            82.78484321190558
        ],
        "40": [
            27.135362820109343,
            70.31506132537795
        ],
        "41": [
            80.31092367089376,
            65.82384704095786
        ],
        "42": [
            1.6443648676125355,
            8.745913748522149
        ],
        "43": [
            94.2946773788478,
            73.62817992510593
        ],
        "44": [
            47.1551845415007,
            55.980854570304984
        ],
        "45": [
            75.71277310863648,
            94.37471193161201
        ],
        "46": [
            27.14025396483383,
            32.91462670441223
        ],
        "47": [
            9.683716268215004,
            90.50711559924568
        ],
        "48": [
            86.82965964829206,
            18.650561227173856
        ],
        "49": [
            60.53655469071537,
            67.11473823711441
        ],
        "50": [
            51.85054202973875,
            26.267815648115633
        ],
        "51": [
            94.72511135457637,
            44.40330236355958
        ],
        "52": [
            96.84001627019288,
            15.372799995098275
        ],
        "53": [
            42.50191244968631,
            49.197657179070895
        ],
        "54": [
            90.20121971664827,
            37.54631136772859
        ],
        "55": [
            3.7356301041013618,
            9.514059903391725
        ],
        "56": [
            28.645142854568196,
            4.452927717649768
        ],
        "57": [
            98.7208181156622,
            50.31596491964232
        ],
        "58": [
            67.81278180160938,
            30.943129077074605
        ],
        "59": [
            10.543216018201484,
            50.42076576173019
        ],
        "60": [
            25.734018952171134,
            80.23079792307199
        ]
    },
    "distance_matrix_str_keys": {
        "0,0": 0.0,
        "0,1": 50.985454383581995,
        "0,2": 27.61710529723652,
        "0,3": 93.12785718291599,
        "0,4": 87.13086862459994,
        "0,5": 78.01713443575329,
        "0,6": 82.71870498545769,
        "0,7": 95.07472853995932,
        "0,8": 38.57329290737935,
        "0,9": 66.80162965955594,
        "0,10": 97.34771605655102,
        "0,11": 39.42970360049844,
        "0,12": 86.95626727967426,
        "0,13": 109.56263312341117,
        "0,14": 65.98408415864807,
        "0,15": 15.870045934173556,
        "0,16": 94.57771462155269,
        "0,17": 81.12561484465591,
        "0,18": 77.38189071304376,
        "0,19": 14.967036912317775,
        "0,20": 71.76780134293911,
        "0,21": 103.79563733921711,
        "0,22": 83.51007979833089,
        "0,23": 73.71713973236916,
        "0,24": 47.17618243931926,
        "0,25": 41.71131162823305,
        "0,26": 97.14083343856686,
        "0,27": 111.19265874337923,
        "0,28": 106.72949198968811,
        "0,29": 95.4252831767705,
        "0,30": 93.87239128757244,
        "0,31": 119.2355356587085,
        "0,32": 82.82129859463386,
        "0,33": 105.08936929224299,
        "0,34": 87.37316196194786,
        "0,35": 68.70298342584877,
        "0,36": 63.88788655087412,
        "0,37": 87.48306756620744,
        "0,38": 58.416855538674824,
        "0,39": 109.71352131542427,
        "0,40": 101.25938574052662,
        "0,41": 68.70544786234049,
        "0,42": 98.7437186336018,
        "0,43": 73.84889698089744,
        "0,44": 76.98331377165107,
        "0,45": 97.44975958024382,
        "0,46": 79.94945430332666,
        "0,47": 127.86152306779202,
        "0,48": 22.83202354300615,
        "0,49": 77.85725145620853,
        "0,50": 54.84859562243452,
        "0,51": 44.715519800303284,
        "0,52": 15.694217943623036,
        "0,53": 75.67324192773113,
        "0,54": 38.80388630490286,
        "0,55": 96.73337711100406,
        "0,56": 71.49366547816383,
        "0,57": 50.33222260230412,
        "0,58": 44.64856383391641,
        "0,59": 102.68772964850973,
        "0,60": 109.32710952169771,
        "1,0": 50.985454383581995,
        "1,1": 0.0,
        "1,2": 51.03035359409798,
        "1,3": 98.69240906633077,
        "1,4": 67.94562366718145,
        "1,5": 27.041167019952827,
        "1,6": 86.73553153514408,
        "1,7": 94.58396188663872,
        "1,8": 12.84252279281474,
        "1,9": 33.221079399032874,
        "1,10": 46.36552658721705,
        "1,11": 53.45699759525091,
        "1,12": 36.55848101285205,
        "1,13": 66.36022637369616,
        "1,14": 71.93564140932624,
        "1,15": 35.909146913795524,
        "1,16": 67.63058772897342,
        "1,17": 81.72472600782174,
        "1,18": 36.44809033701755,
        "1,19": 39.38442818319006,
        "1,20": 78.2211515980941,
        "1,21": 78.00139096233107,
        "1,22": 32.77671478642374,
        "1,23": 65.59845064176281,
        "1,24": 45.85878206559977,
        "1,25": 49.88320467070263,
        "1,26": 105.11555378159397,
        "1,27": 66.23767539882259,
        "1,28": 87.99530257441852,
        "1,29": 73.89473441470324,
        "1,30": 61.304307098207246,
        "1,31": 82.32482723656345,
        "1,32": 35.154711182125155,
        "1,33": 95.10987724087425,
        "1,34": 56.23807469876635,
        "1,35": 64.80023000464087,
        "1,36": 18.9356621552735,
        "1,37": 36.538878063723594,
        "1,38": 19.642989439439177,
        "1,39": 80.80863382980637,
        "1,40": 69.12762590027427,
        "1,41": 68.46150263487044,
        "1,42": 47.76012778520833,
        "1,43": 82.24691584843498,
        "1,44": 51.205653119294794,
        "1,45": 93.38689329866423,
        "1,46": 35.7484345232102,
        "1,47": 94.37995316588048,
        "1,48": 40.05155750139214,
        "1,49": 63.31243126753884,
        "1,50": 21.607994645771434,
        "1,51": 60.29648487233655,
        "1,52": 48.753617351584104,
        "1,53": 44.88888911313209,
        "1,54": 52.42861366487744,
        "1,55": 45.74873358130036,
        "1,56": 20.600766883124415,
        "1,57": 67.21734941247838,
        "1,58": 32.05281799611446,
        "1,59": 59.81038113621923,
        "1,60": 78.99229045345425,
        "2,0": 27.61710529723652,
        "2,1": 51.03035359409798,
        "2,2": 0.0,
        "2,3": 65.7498539010572,
        "2,4": 62.709903314607594,
        "2,5": 75.73976693949578,
        "2,6": 55.14003540757138,
        "2,7": 67.45915290848056,
        "2,8": 42.790874222418125,
        "2,9": 51.32330890220929,
        "2,10": 93.9801363253334,
        "2,11": 11.955078298976238,
        "2,12": 81.14383575893352,
        "2,13": 94.34610737649508,
        "2,14": 38.36758150054039,
        "2,15": 23.789089466139647,
        "2,16": 72.21016087242647,
        "2,17": 53.533689214755604,
        "2,18": 63.86196097995872,
        "2,19": 19.013560422708174,
        "2,20": 44.20179560105388,
        "2,21": 80.43548001335884,
        "2,22": 82.3005420222762,
        "2,23": 47.418718459364406,
        "2,24": 22.85226535522599,
        "2,25": 15.32705954475038,
        "2,26": 70.09608286733464,
        "2,27": 97.22062703711049,
        "2,28": 81.20357764263952,
        "2,29": 71.17060458360258,
        "2,30": 73.88828162449913,
        "2,31": 99.68870100573551,
        "2,32": 73.61204565352584,
        "2,33": 78.0157075046888,
        "2,34": 67.36438959284756,
        "2,35": 41.900887236965616,
        "2,36": 55.70653156114103,
        "2,37": 83.634029440134,
        "2,38": 48.31094424785808,
        "2,39": 87.15230366490827,
        "2,40": 80.506787821694,
        "2,41": 41.38032838533637,
        "2,42": 95.26816736237245,
        "2,43": 46.45430087715778,
        "2,44": 55.93986543142198,
        "2,45": 69.93789907046668,
        "2,46": 68.21297655637248,
        "2,47": 106.33979838234441,
        "2,48": 11.889660692978085,
        "2,49": 52.821855736621664,
        "2,50": 43.270935976019956,
        "2,51": 17.22657702207084,
        "2,52": 11.934058815419503,
        "2,53": 57.03099764137125,
        "2,54": 11.469633069459967,
        "2,55": 93.06844151457106,
        "2,56": 70.24521400853278,
        "2,57": 23.414701270392158,
        "2,58": 27.557062113152202,
        "2,59": 87.70368128728043,
        "2,60": 87.33588023306484,
        "3,0": 93.12785718291599,
        "3,1": 98.69240906633077,
        "3,2": 65.7498539010572,
        "3,3": 0.0,
        "3,4": 46.37524676131899,
        "3,5": 112.15189293893079,
        "3,6": 11.974377507937522,
        "3,7": 11.394863937913637,
        "3,8": 97.62938619994635,
        "3,9": 73.6762598155313,
        "3,10": 123.95119888444951,
        "3,11": 54.63336499247575,
        "3,12": 109.8560598223692,
        "3,13": 97.22785990308314,
        "3,14": 28.374223780566773,
        "3,15": 87.75594547781951,
        "3,16": 59.57484839588661,
        "3,17": 17.409100686375396,
        "3,18": 83.33715596197617,
        "3,19": 83.68152371152331,
        "3,20": 21.968040323035783,
        "3,21": 58.8576457669771,
        "3,22": 118.72702877552766,
        "3,23": 35.266989105634636,
        "3,24": 54.279935109606136,
        "3,25": 54.443412258619354,
        "3,26": 7.154379599642374,
        "3,27": 102.71885818376953,
        "3,28": 46.46257285185311,
        "3,29": 49.86895446848221,
        "3,30": 69.75353631344056,
        "3,31": 86.99104373027502,
        "3,32": 98.17682019593602,
        "3,33": 30.211554700867897,
        "3,34": 66.72242165715026,
        "3,35": 34.15579410433281,
        "3,36": 89.78048972666623,
        "3,37": 115.23940431075196,
        "3,38": 83.06441043358812,
        "3,39": 66.50117891137481,
        "3,40": 70.3223580180727,
        "3,41": 30.232231594685643,
        "3,42": 124.75508004012791,
        "3,43": 19.296509073275192,
        "3,44": 59.44024533613991,
        "3,45": 18.07294313335848,
        "3,46": 89.63241454099946,
        "3,47": 84.07758713339642,
        "3,48": 74.5853520488189,
        "3,49": 42.03942356619062,
        "3,50": 78.71241155042172,
        "3,51": 48.52329924199116,
        "3,52": 77.60600089546715,
        "3,53": 67.34470521542285,
        "3,54": 55.4821465642262,
        "3,55": 122.6961514016537,
        "3,56": 109.82437324777106,
        "3,57": 42.892092270291265,
        "3,58": 67.17300746833551,
        "3,59": 93.40973248843854,
        "3,60": 69.16601849487465,
        "4,0": 87.13086862459994,
        "4,1": 67.94562366718145,
        "4,2": 62.709903314607594,
        "4,3": 46.37524676131899,
        "4,4": 0.0,
        "4,5": 72.5873041656124,
        "4,6": 38.03621822953238,
        "4,7": 36.750058736963716,
        "4,8": 72.54382841094088,
        "4,9": 35.66882753005674,
        "4,10": 80.79576745292589,
        "4,11": 51.88244737685009,
        "4,12": 67.34722694083909,
        "4,13": 50.91864425004707,
        "4,14": 37.463652809023216,
        "4,15": 74.86950917079538,
        "4,16": 13.912522136698096,
        "4,17": 31.589760461016784,
        "4,18": 40.98415774924082,
        "4,19": 73.00664351930568,
        "4,20": 38.726824791161164,
        "4,21": 18.372920491086536,
        "4,22": 78.46474851821691,
        "4,23": 18.489501344757947,
        "4,24": 40.25678000849611,
        "4,25": 47.44540546099405,
        "4,26": 53.428780249530504,
        "4,27": 56.355443424621406,
        "4,28": 20.630441210725014,
        "4,29": 8.465602334331312,
        "4,30": 23.38686732224048,
        "4,31": 43.786515984085966,
        "4,32": 55.42815621924731,
        "4,33": 28.726918536030535,
        "4,34": 20.7608735668971,
        "4,35": 24.88688304768046,
        "4,36": 52.95647339680889,
        "4,37": 73.31068345131952,
        "4,38": 48.657190884087896,
        "4,39": 26.0150673286812,
        "4,40": 24.965656207039636,
        "4,41": 29.14941546762103,
        "4,42": 81.39677216927673,
        "4,43": 42.318608023195935,
        "4,44": 17.410756482629086,
        "4,45": 32.13103167483051,
        "4,46": 46.91296515292857,
        "4,47": 45.89442844550129,
        "4,48": 64.31392227149902,
        "4,49": 10.217393318133974,
        "4,50": 46.44036848522987,
        "4,51": 51.261880166636224,
        "4,52": 72.79560176455962,
        "4,53": 25.351231113333608,
        "4,54": 51.93015182183732,
        "4,55": 79.50835038600744,
        "4,56": 72.13565101503781,
        "4,57": 51.8221847399032,
        "4,58": 44.66304904194128,
        "4,59": 47.0556135749832,
        "4,60": 27.30866427573538,
        "5,0": 78.01713443575329,
        "5,1": 27.041167019952827,
        "5,2": 75.73976693949578,
        "5,3": 112.15189293893079,
        "5,4": 72.5873041656124,
        "5,5": 0.0,
        "5,6": 100.676634728015,
        "5,7": 105.67788673810252,
        "5,8": 39.59491276118976,
        "5,9": 38.597127579214266,
        "5,10": 19.33305190171271,
        "5,11": 75.65480952814181,
        "5,12": 12.692107817597135,
        "5,13": 50.62887462783186,
        "5,14": 88.49746563590497,
        "5,15": 62.89703032481509,
        "5,16": 66.9467994443329,
        "5,17": 94.7462761702972,
        "5,18": 31.96060016257619,
        "5,19": 66.16990717095284,
        "5,20": 94.1530285574563,
        "5,21": 76.42660702689105,
        "5,22": 6.855953410974767,
        "5,23": 76.98174978284253,
        "5,24": 64.93205898612806,
        "5,25": 71.13956652358895,
        "5,26": 119.09969342001965,
        "5,27": 48.36829134229746,
        "5,28": 89.85243547721284,
        "5,29": 75.93969176368101,
        "5,30": 57.34425739010597,
        "5,31": 71.14813745359292,
        "5,32": 19.9387379607378,
        "5,33": 101.3125498926479,
        "5,34": 54.73488146239915,
        "5,35": 78.36493812758772,
        "5,36": 22.83581399690247,
        "5,37": 9.956136593517575,
        "5,38": 30.407942759449917,
        "5,39": 76.51151518635224,
        "5,40": 64.01191491464942,
        "5,41": 83.01354040889066,
        "5,42": 20.732023045308967,
        "5,43": 98.47618000749708,
        "5,44": 55.40299201560163,
        "5,45": 102.86746455414051,
        "5,46": 26.873131307848105,
        "5,47": 84.95255575205199,
        "5,48": 65.71151230564566,
        "5,49": 71.70090680884654,
        "5,50": 35.597446466303346,
        "5,51": 81.79010385672159,
        "5,52": 75.11390195179209,
        "5,53": 47.26507417086306,
        "5,54": 74.70908472684646,
        "5,55": 18.762977586878534,
        "5,56": 6.708532912310795,
        "5,57": 88.13649036553053,
        "5,58": 51.707320736906425,
        "5,59": 45.4650685896752,
        "5,60": 73.82330804413587,
        "6,0": 82.71870498545769,
        "6,1": 86.73553153514408,
        "6,2": 55.14003540757138,
        "6,3": 11.974377507937522,
        "6,4": 38.03621822953238,
        "6,5": 100.676634728015,
        "6,6": 0.0,
        "6,7": 13.186360717456067,
        "6,8": 85.69842127673395,
        "6,9": 62.369998382900725,
        "6,10": 113.03916990976187,
        "6,11": 43.65521441693105,
        "6,12": 98.86855226392773,
        "6,13": 88.76755323966363,
        "6,14": 16.968851489430595,
        "6,15": 76.47767799751156,
        "6,16": 51.816833072234985,
        "6,17": 6.564357709443022,
        "6,18": 72.55241572086994,
        "6,19": 72.56228718106183,
        "6,20": 10.95678993881856,
        "6,21": 52.92685930705123,
        "6,22": 107.31074289304327,
        "6,23": 24.28222619132716,
        "6,24": 42.391034395969086,
        "6,25": 43.00073490393717,
        "6,26": 18.521647152209187,
        "6,27": 94.04628583213722,
        "6,28": 42.99809217450693,
        "6,29": 43.0615198566548,
        "6,30": 61.209645713091334,
        "6,31": 80.73537585711871,
        "6,32": 87.32386613174681,
        "6,33": 29.944822568867142,
        "6,34": 57.472033056869655,
        "6,35": 22.391067129327304,
        "6,36": 78.1641566016487,
        "6,37": 104.10582511531358,
        "6,38": 71.32128217152767,
        "6,39": 60.88158060680306,
        "6,40": 62.83258618444261,
        "6,41": 18.276077453812043,
        "6,42": 113.8908223001144,
        "6,43": 9.94415140356758,
        "6,44": 49.153871380176255,
        "6,45": 18.090324133441456,
        "6,46": 78.85265630777774,
        "6,47": 79.65335685440947,
        "6,48": 63.35014834184075,
        "6,49": 31.99756695303751,
        "6,50": 66.88420323108281,
        "6,51": 38.0166302788397,
        "6,52": 67.06906371955426,
        "6,53": 56.78564264167485,
        "6,54": 44.44097839389427,
        "6,55": 111.7977443298116,
        "6,56": 98.16577126503707,
        "6,57": 33.146738785866866,
        "6,58": 55.20179690552237,
        "6,59": 84.44844208585275,
        "6,60": 63.16785630496526,
        "7,0": 95.07472853995932,
        "7,1": 94.58396188663872,
        "7,2": 67.45915290848056,
        "7,3": 11.394863937913637,
        "7,4": 36.750058736963716,
        "7,5": 105.67788673810252,
        "7,6": 13.186360717456067,
        "7,7": 0.0,
        "7,8": 94.96884587710456,
        "7,9": 67.09529347296923,
        "7,10": 116.24880746295868,
        "7,11": 55.71907911604501,
        "7,12": 102.34668443652826,
        "7,13": 87.14500146232281,
        "7,14": 29.11147902701789,
        "7,15": 87.88425792541375,
        "7,16": 49.34212851014534,
        "7,17": 14.132223008805454,
        "7,18": 75.670388746054,
        "7,19": 84.22869742714846,
        "7,20": 23.771068757097467,
        "7,21": 47.85415516722022,
        "7,22": 112.06906319967214,
        "7,23": 29.169768248984724,
        "7,24": 52.43796425506265,
        "7,25": 54.40958827454512,
        "7,26": 17.5569633970228,
        "7,27": 92.75190091554342,
        "7,28": 35.08436517289626,
        "7,29": 39.284861938489314,
        "7,30": 59.90276472112981,
        "7,31": 75.96148175504524,
        "7,32": 90.50576026693992,
        "7,33": 19.02222130341054,
        "7,34": 57.454148167720255,
        "7,35": 30.11717807016106,
        "7,36": 83.86500784345755,
        "7,37": 107.97508481714739,
        "7,38": 77.66785664868306,
        "7,39": 55.3722590281251,
        "7,40": 59.847854179358684,
        "7,41": 27.671627679065622,
        "7,42": 116.97056077784663,
        "7,43": 23.121128112398672,
        "7,44": 51.38029238897194,
        "7,45": 6.6985872748663375,
        "7,46": 81.90448129254455,
        "7,47": 72.71776375050592,
        "7,48": 74.90468040081876,
        "7,49": 34.169156497920866,
        "7,50": 73.75169401565259,
        "7,51": 50.557147704920915,
        "7,52": 79.38289619869305,
        "7,53": 59.52311624301952,
        "7,54": 56.42431807202218,
        "7,55": 114.97593384942849,
        "7,56": 103.91700145128758,
        "7,57": 46.11131119741514,
        "7,58": 64.14501839549729,
        "7,59": 83.69121950258156,
        "7,60": 58.125393065302376,
        "8,0": 38.57329290737935,
        "8,1": 12.84252279281474,
        "8,2": 42.790874222418125,
        "8,3": 97.62938619994635,
        "8,4": 72.54382841094088,
        "8,5": 39.59491276118976,
        "8,6": 85.69842127673395,
        "8,7": 94.96884587710456,
        "8,8": 0.0,
        "8,9": 40.50376345526486,
        "8,10": 58.91566601200626,
        "8,11": 47.73143465540691,
        "8,12": 49.40052161731263,
        "8,13": 77.79906013460526,
        "8,14": 69.74637299436061,
        "8,15": 24.189890551413338,
        "8,16": 74.48752730699418,
        "8,17": 81.3928476049396,
        "8,18": 46.6160707716841,
        "8,19": 28.271926512476035,
        "8,20": 76.21350836442821,
        "8,21": 84.81506687721922,
        "8,22": 44.94209292893079,
        "8,23": 66.89027324615195,
        "8,24": 43.390105663048736,
        "8,25": 45.237529193082054,
        "8,26": 103.60433051413892,
        "8,27": 78.11734136442357,
        "8,28": 93.09350742323606,
        "8,29": 79.38260856052688,
        "8,30": 69.63400541085464,
        "8,31": 92.28349697767601,
        "8,32": 47.44975162132916,
        "8,33": 98.01597562710641,
        "8,34": 63.96800502713174,
        "8,35": 64.85509054970598,
        "8,36": 29.793065216005314,
        "8,37": 49.25566410635538,
        "8,38": 27.670341733624632,
        "8,39": 88.55617554518328,
        "8,40": 77.53239033980353,
        "8,41": 67.72548844901642,
        "8,42": 60.31831234986147,
        "8,43": 79.91453054803787,
        "8,44": 57.01582398568623,
        "8,45": 94.67544743925225,
        "8,46": 46.99578007375888,
        "8,47": 103.57960443125829,
        "8,48": 31.05138863664259,
        "8,49": 66.3387077629593,
        "8,50": 27.22822207841469,
        "8,51": 54.87316402003856,
        "8,52": 38.29398292012582,
        "8,53": 51.98570268912542,
        "8,54": 46.681075431188646,
        "8,55": 58.3559966026584,
        "8,56": 32.99433019269878,
        "8,57": 61.99888799081985,
        "8,58": 30.828036206012463,
        "8,59": 71.0910183278518,
        "8,60": 87.10125239069772,
        "9,0": 66.80162965955594,
        "9,1": 33.221079399032874,
        "9,2": 51.32330890220929,
        "9,3": 73.6762598155313,
        "9,4": 35.66882753005674,
        "9,5": 38.597127579214266,
        "9,6": 62.369998382900725,
        "9,7": 67.09529347296923,
        "9,8": 40.50376345526486,
        "9,9": 0.0,
        "9,10": 51.10994071845387,
        "9,11": 45.98356393971666,
        "9,12": 36.86838150678954,
        "9,13": 43.38405532980469,
        "9,14": 51.54921661245418,
        "9,15": 51.53082205367132,
        "9,16": 34.44662586291842,
        "9,17": 56.29802667885664,
        "9,18": 12.917215376935367,
        "9,19": 51.89479480986482,
        "9,20": 56.684086387591655,
        "9,21": 44.82610905920434,
        "9,22": 45.07827455342301,
        "9,23": 38.43525867920625,
        "9,24": 32.40009609843721,
        "9,25": 40.610831242856335,
        "9,26": 80.6807466832848,
        "9,27": 45.93514215202253,
        "9,28": 55.089725325956536,
        "9,29": 40.900202141273724,
        "9,30": 29.19922311505559,
        "9,31": 53.09180444811023,
        "9,32": 25.988884958124036,
        "9,33": 63.95886216546895,
        "9,34": 23.471851606006677,
        "9,35": 40.290581785028195,
        "9,36": 17.34803241856352,
        "9,37": 41.8137938689489,
        "9,38": 13.581077602287715,
        "9,39": 48.094716088845736,
        "9,40": 37.08805328894,
        "9,41": 45.196458197422835,
        "9,42": 52.07181683605095,
        "9,43": 61.05729738993635,
        "9,44": 18.368837973637575,
        "9,45": 64.46856591870828,
        "9,46": 18.396267188325663,
        "9,47": 63.42303052118858,
        "9,48": 46.08572476907132,
        "9,49": 33.27154014333376,
        "9,50": 13.429701456507624,
        "9,51": 50.27792698807326,
        "9,52": 56.56631829818943,
        "9,53": 11.691605938567342,
        "9,54": 45.312654368947086,
        "9,55": 49.90994944473301,
        "9,56": 37.05016602587054,
        "9,57": 55.278437915514296,
        "9,58": 23.91366908832245,
        "9,59": 36.607707162341356,
        "9,60": 46.59757545692061,
        "10,0": 97.34771605655102,
        "10,1": 46.36552658721705,
        "10,2": 93.9801363253334,
        "10,3": 123.95119888444951,
        "10,4": 80.79576745292589,
        "10,5": 19.33305190171271,
        "10,6": 113.03916990976187,
        "10,7": 116.24880746295868,
        "10,8": 58.91566601200626,
        "10,9": 51.10994071845387,
        "10,10": 0.0,
        "10,11": 92.80377750202598,
        "10,12": 14.24171352859129,
        "10,13": 45.54548535627844,
        "10,14": 102.62198148769191,
        "10,15": 82.17453117469232,
        "10,16": 72.19593784051543,
        "10,17": 106.76439299469247,
        "10,18": 40.63607143398123,
        "10,19": 85.34528232365693,
        "10,20": 107.78890362257604,
        "10,21": 80.30090877055203,
        "10,22": 14.680396403704789,
        "10,23": 88.80005107202489,
        "10,24": 81.01939293457853,
        "10,25": 87.97406001379312,
        "10,26": 131.05821175283825,
        "10,27": 41.34194383279196,
        "10,28": 95.2494748126571,
        "10,29": 82.28209953488364,
        "10,30": 61.33605550358609,
        "10,31": 68.03216191981421,
        "10,32": 25.781915821513973,
        "10,33": 109.02767865215381,
        "10,34": 60.75625253764071,
        "10,35": 91.28120766974003,
        "10,36": 38.86000386023668,
        "10,37": 10.34613655830127,
        "10,38": 46.65173065416683,
        "10,39": 78.42880158079937,
        "10,40": 66.40734780179643,
        "10,41": 96.26410024706037,
        "10,42": 1.4079132992859809,
        "10,43": 112.16307189163332,
        "10,44": 64.86904972170929,
        "10,45": 112.55621848436924,
        "10,46": 34.36232225565519,
        "10,47": 82.33578596331495,
        "10,48": 84.43017838486509,
        "10,49": 82.16336683418261,
        "10,50": 51.983638570275424,
        "10,51": 98.50515276416574,
        "10,52": 94.0767238548416,
        "10,53": 56.7447381235309,
        "10,54": 91.91209119389853,
        "10,55": 1.2899397136118143,
        "10,56": 25.934709483516865,
        "10,57": 104.46201148075309,
        "10,58": 68.58979294944683,
        "10,59": 42.6482322136594,
        "10,60": 75.29723986556468,
        "11,0": 39.42970360049844,
        "11,1": 53.45699759525091,
        "11,2": 11.955078298976238,
        "11,3": 54.63336499247575,
        "11,4": 51.88244737685009,
        "11,5": 75.65480952814181,
        "11,6": 43.65521441693105,
        "11,7": 55.71907911604501,
        "11,8": 47.73143465540691,
        "11,9": 45.98356393971666,
        "11,10": 92.80377750202598,
        "11,11": 0.0,
        "11,12": 79.244776292323,
        "11,13": 87.62315241948961,
        "11,14": 26.73486916472273,
        "11,15": 33.272858883412276,
        "11,16": 62.308075336138835,
        "11,17": 41.712963646425976,
        "11,18": 58.88783643170678,
        "11,19": 29.05921153241997,
        "11,20": 32.8030735803154,
        "11,21": 69.94660718548403,
        "11,22": 82.44082221720032,
        "11,23": 35.795428164091305,
        "11,24": 14.067920228567141,
        "11,25": 5.442224266405393,
        "11,26": 59.41234756995163,
        "11,27": 91.0417325202531,
        "11,28": 69.74443713460026,
        "11,29": 60.337969165607674,
        "11,30": 65.18721901388602,
        "11,31": 90.81420185651912,
        "11,32": 70.38555837449191,
        "11,33": 66.07566088647371,
        "11,34": 58.799154481319974,
        "11,35": 30.083161828164148,
        "11,36": 53.944984943310175,
        "11,37": 82.54875995605879,
        "11,38": 46.169071609826304,
        "11,39": 76.98043572416906,
        "11,40": 71.2965276758172,
        "11,41": 29.42532284902298,
        "11,42": 94.00972739680968,
        "11,43": 35.43640850199343,
        "11,44": 47.132117297917915,
        "11,45": 58.030992799495756,
        "11,46": 63.9603901016142,
        "11,47": 96.4911419448065,
        "11,48": 20.116848652720666,
        "11,49": 41.797085321187396,
        "11,50": 40.848219041716014,
        "11,51": 7.170838983912588,
        "11,52": 23.747988770702804,
        "11,53": 49.566526423687655,
        "11,54": 1.0506632257718012,
        "11,55": 91.78298682412323,
        "11,56": 70.86112530153683,
        "11,57": 14.305779779866409,
        "11,58": 24.21876009547068,
        "11,59": 81.22613390101549,
        "11,60": 77.43296986269752,
        "12,0": 86.95626727967426,
        "12,1": 36.55848101285205,
        "12,2": 81.14383575893352,
        "12,3": 109.8560598223692,
        "12,4": 67.34722694083909,
        "12,5": 12.692107817597135,
        "12,6": 98.86855226392773,
        "12,7": 102.34668443652826,
        "12,8": 49.40052161731263,
        "12,9": 36.86838150678954,
        "12,10": 14.24171352859129,
        "12,11": 79.244776292323,
        "12,12": 0.0,
        "12,13": 38.62222107998452,
        "12,14": 88.38820364316456,
        "12,15": 71.35462492260989,
        "12,16": 59.68163113727253,
        "12,17": 92.62379322315428,
        "12,18": 26.680329597448445,
        "12,19": 74.06067343088189,
        "12,20": 93.54751720322542,
        "12,21": 68.42275825115847,
        "12,22": 14.072178381663157,
        "12,23": 74.65691754230538,
        "12,24": 67.11391781777773,
        "12,25": 74.29575946802395,
        "12,26": 116.94851978831804,
        "12,27": 35.94206170891008,
        "12,28": 82.82587589150177,
        "12,29": 69.43467422223272,
        "12,30": 49.22450755711266,
        "12,31": 59.94290843599741,
        "12,32": 11.923402719436945,
        "12,33": 95.83931406052709,
        "12,34": 47.839554893077604,
        "12,35": 77.05396073248578,
        "12,36": 25.48155191755891,
        "12,37": 6.308729969326138,
        "12,38": 33.13072218048387,
        "12,39": 67.46356464189853,
        "12,40": 55.09261224015199,
        "12,41": 82.02716712036225,
        "12,42": 15.224800258455117,
        "12,43": 97.92160211277914,
        "12,44": 51.018370156555925,
        "12,45": 98.83609144278665,
        "12,46": 20.501007750904755,
        "12,47": 74.01915296378968,
        "12,48": 72.20361462673661,
        "12,49": 68.2013801467563,
        "12,50": 38.418963028715304,
        "12,51": 84.7432056805141,
        "12,52": 82.19639061862361,
        "12,53": 42.83166526963962,
        "12,54": 78.38294248138408,
        "12,55": 13.04590658075998,
        "12,56": 18.564834596350053,
        "12,57": 90.55580158906147,
        "12,58": 55.0458570919411,
        "12,59": 34.01503229706651,
        "12,60": 64.5341551590546,
        "13,0": 109.56263312341117,
        "13,1": 66.36022637369616,
        "13,2": 94.34610737649508,
        "13,3": 97.22785990308314,
        "13,4": 50.91864425004707,
        "13,5": 50.62887462783186,
        "13,6": 88.76755323966363,
        "13,7": 87.14500146232281,
        "13,8": 77.79906013460526,
        "13,9": 43.38405532980469,
        "13,10": 45.54548535627844,
        "13,11": 87.62315241948961,
        "13,12": 38.62222107998452,
        "13,13": 0.0,
        "13,14": 84.72558462660746,
        "13,15": 93.91647057154266,
        "13,16": 37.80883036725113,
        "13,17": 82.23696834433639,
        "13,18": 32.22083658157892,
        "13,19": 94.82992803610513,
        "13,20": 87.73950520722539,
        "13,21": 41.81543860861558,
        "13,22": 52.609809565879466,
        "13,23": 66.31034826202519,
        "13,24": 73.56168451668117,
        "13,25": 82.1860210612172,
        "13,26": 104.22271996434371,
        "13,27": 5.910211400567644,
        "13,28": 57.657385125097775,
        "13,29": 48.112754171167424,
        "13,30": 27.567309535159982,
        "13,31": 22.611578277691603,
        "13,32": 32.293389427069094,
        "13,33": 74.43545687090757,
        "13,34": 31.827338630237413,
        "13,35": 71.42924322690205,
        "13,36": 48.00609353958531,
        "13,37": 44.2559047946095,
        "13,38": 51.60163742444688,
        "13,39": 37.101457831680044,
        "13,40": 27.80927599002988,
        "13,41": 76.59033227031442,
        "13,42": 45.311525648135564,
        "13,43": 91.7819172972006,
        "13,44": 42.55794227906976,
        "13,45": 81.75630577312536,
        "13,46": 30.803285933290315,
        "13,47": 36.89480286085637,
        "13,48": 89.44760028924335,
        "13,49": 57.41888316699578,
        "13,50": 54.72727073121775,
        "13,51": 90.5850724738381,
        "13,52": 99.94333953686224,
        "13,53": 38.15468501709009,
        "13,54": 87.1157241254172,
        "13,55": 44.45320224633994,
        "13,56": 55.015795149416824,
        "13,57": 94.14594207702683,
        "13,58": 67.22950967828321,
        "13,59": 6.877249059812262,
        "13,60": 33.689679383499474,
        "14,0": 65.98408415864807,
        "14,1": 71.93564140932624,
        "14,2": 38.36758150054039,
        "14,3": 28.374223780566773,
        "14,4": 37.463652809023216,
        "14,5": 88.49746563590497,
        "14,6": 16.968851489430595,
        "14,7": 29.11147902701789,
        "14,8": 69.74637299436061,
        "14,9": 51.54921661245418,
        "14,10": 102.62198148769191,
        "14,11": 26.73486916472273,
        "14,12": 88.38820364316456,
        "14,13": 84.72558462660746,
        "14,14": 0.0,
        "14,15": 59.522417937483986,
        "14,16": 50.94454426132989,
        "14,17": 15.417902333387762,
        "14,18": 63.2239931737726,
        "14,19": 55.59388688401173,
        "14,20": 6.487056454247082,
        "14,21": 55.272669132570634,
        "14,22": 95.2926625015919,
        "14,23": 19.145117944140843,
