{
    "num_robots": 3,
    "num_tasks": 30,
    "num_nodes": 31,
    "robot_capacity": [
        121,
        129,
        147
    ],
    "robot_speed": [
        0.99,
        1.06,
        1.04
    ],
    "task_demand": {
        "0": 0,
        "1": 6,
        "2": 11,
        "3": 10,
        "4": 7,
        "5": 6,
        "6": 11,
        "7": 8,
        "8": 12,
        "9": 11,
        "10": 6,
        "11": 14,
        "12": 14,
        "13": 7,
        "14": 5,
        "15": 13,
        "16": 9,
        "17": 5,
        "18": 6,
        "19": 13,
        "20": 7,
        "21": 5,
        "22": 11,
        "23": 13,
        "24": 9,
        "25": 15,
        "26": 10,
        "27": 11,
        "28": 6,
        "29": 9,
        "30": 12
    },
    "task_service_time": {
        "0": 0,
        "1": 90,
        "2": 77,
        "3": 19,
        "4": 89,
        "5": 87,
        "6": 26,
        "7": 90,
        "8": 47,
        "9": 92,
        "10": 83,
        "11": 42,
        "12": 79,
        "13": 37,
        "14": 56,
        "15": 67,
        "16": 46,
        "17": 88,
        "18": 64,
        "19": 66,
        "20": 15,
        "21": 69,
        "22": 61,
        "23": 15,
        "24": 33,
        "25": 41,
        "26": 53,
        "27": 100,
        "28": 83,
        "29": 43,
        "30": 81
    },
    "task_precedence": [],
    "coordinates": {
        "0": [
            50.0,
            50.0
        ],
        "1": [
            85.85033055352575,
            64.02290945518908
        ],
        "2": [
            87.03171437727096,
            71.28518139928953
        ],
        "3": [
            16.173690644992877,
            39.14594935611356
        ],
        "4": [
            51.06525197404541,
            64.93785314839327
        ],
        "5": [
            24.75387866220986,
            50.24520766732675
        ],
        "6": [
            30.248791876768966,
            94.77641406828715
        ],
        "7": [
            36.340496009330536,
            34.911378374712186
        ],
        "8": [
            6.926120671378233,
            39.1724528087276
        ],
        "9": [
            54.74925670833968,
            81.65977251011401
        ],
        "10": [
            89.8490778478094,
            37.809441820501874
        ],
        "11": [
            50.151333524358996,
            80.78407251674547
        ],
        "12": [
            65.565571029991,
            47.74486098800853
        ],
        "13": [
            6.475666336265085,
            66.95011730497143
        ],
        "14": [
            32.18871192123276,
            20.878585091626146
        ],
        "15": [
            67.39878314908692,
            46.0060169895766
        ],
        "16": [
            55.431794054129234,
            99.54870985462333
        ],
        "17": [
            61.79716758446651,
            61.700093674796896
        ],
        "18": [
            28.603540182983554,
            62.04556914328242
        ],
        "19": [
            69.03513387077594,
            67.18933780739981
        ],
        "20": [
            49.86594215416241,
            38.41769727511091
        ],
        "21": [
            60.35850673007174,
            30.733382324045934
        ],
        "22": [
            35.575684273820016,
            25.104547010421452
        ],
        "23": [
            48.38465252430295,
            3.678245167083183
        ],
        "24": [
            65.15722016209035,
            5.233880586244033
        ],
        "25": [
            80.62612010803336,
            0.19619511101057752
        ],
        "26": [
            94.04087621164959,
            86.40388821961254
        ],
        "27": [
            34.791640847716735,
            74.79712434468411
        ],
        "28": [
            58.58165626470683,
            9.68629443972555
        ],
        "29": [
            50.12360725490359,
            24.181556377492274
        ],
        "30": [
            70.49142284633461,
            85.83591280769026
        ]
    },
    "distance_matrix_str_keys": {
        "0,0": 0.0,
        "0,1": 38.49530088706273,
        "0,2": 42.71307547953481,
        "0,3": 35.52505622741074,
        "0,4": 14.975787740588823,
        "0,5": 25.247312122333703,
        "0,6": 48.93912013044259,
        "0,7": 20.353096860729035,
        "0,8": 44.41390388826341,
        "0,9": 32.01400685128121,
        "0,10": 41.67203755575797,
        "0,11": 30.784444489901688,
        "0,12": 15.728084862852855,
        "0,13": 46.70839429400694,
        "0,14": 34.13647300601653,
        "0,15": 17.851318028551894,
        "0,16": 49.845551806596745,
        "0,17": 16.615214564218235,
        "0,18": 24.554108183495426,
        "0,19": 25.647800212401567,
        "0,20": 11.5830785163964,
        "0,21": 21.874670702626066,
        "0,22": 28.772286383338372,
        "0,23": 46.349911739593345,
        "0,24": 47.26253030053233,
        "0,25": 58.46689844939795,
        "0,26": 57.1387946582345,
        "0,27": 29.089372008872303,
        "0,28": 41.216982910519846,
        "0,29": 25.818739509164164,
        "0,30": 41.28088004182643,
        "1,0": 38.49530088706273,
        "1,1": 0.0,
        "1,2": 7.357734809645924,
        "1,3": 73.98443953098754,
        "1,4": 34.79710927278811,
        "1,5": 62.63067539363712,
        "1,6": 63.53982333317213,
        "1,7": 57.43435346935802,
        "1,8": 82.74403967089674,
        "1,9": 35.7538212327283,
        "1,10": 26.516709172865596,
        "1,11": 39.43798899620186,
        "1,12": 26.00858186882769,
        "1,13": 79.42862119789508,
        "1,14": 68.85493474708973,
        "1,15": 25.788912651286733,
        "1,16": 46.76932602449559,
        "1,17": 24.165059941282205,
        "1,18": 57.28092948301288,
        "1,19": 17.11073078478077,
        "1,20": 44.16450044167893,
        "1,21": 41.92881704104151,
        "1,22": 63.5781329855779,
        "1,23": 71.0292583252394,
        "1,24": 62.32459171968787,
        "1,25": 64.04015801629595,
        "1,26": 23.83260893463796,
        "1,27": 52.183076767847865,
        "1,28": 60.79513408825077,
        "1,29": 53.51385028866837,
        "1,30": 26.677765296483198,
        "2,0": 42.71307547953481,
        "2,1": 7.357734809645924,
        "2,2": 0.0,
        "2,3": 77.80610363955513,
        "2,4": 36.522253404291234,
        "2,5": 65.73590583534865,
        "2,6": 61.450291293101266,
        "2,7": 62.3911305082459,
        "2,8": 86.30256937371364,
        "2,9": 33.90854190116612,
        "2,10": 33.59408693910187,
        "2,11": 38.084004835588374,
        "2,12": 31.858154297946136,
        "2,13": 80.67260784607556,
        "2,14": 74.48879022857571,
        "2,15": 32.00762630786451,
        "2,16": 42.39554227951765,
        "2,17": 26.993633666560285,
        "2,18": 59.154221948389704,
        "2,19": 18.456783161103147,
        "2,20": 49.614172749257044,
        "2,21": 48.53770095945557,
        "2,22": 69.14024896227633,
        "2,23": 77.87357200342585,
        "2,24": 69.57921985956293,
        "2,25": 71.37699636043254,
        "2,26": 16.66444255111438,
        "2,27": 52.35798912892796,
        "2,28": 67.85151937330082,
        "2,29": 59.841121827303915,
        "2,30": 22.02963977117611,
        "3,0": 35.52505622741074,
        "3,1": 73.98443953098754,
        "3,2": 77.80610363955513,
        "3,3": 0.0,
        "3,4": 43.38943826796156,
        "3,5": 14.029011421687168,
        "3,6": 57.38342163706462,
        "3,7": 20.606591906465386,
        "3,8": 9.247607952865414,
        "3,9": 57.40644089540178,
        "3,10": 73.6875086556581,
        "3,11": 53.74210189393126,
        "3,12": 50.13480955602705,
        "3,13": 29.446959619304845,
        "3,14": 24.29356918301401,
        "3,15": 51.68240155012806,
        "3,16": 72.0395180378296,
        "3,17": 50.89391981361505,
        "3,18": 26.055589533418402,
        "3,19": 59.83948375230539,
        "3,20": 33.700121110325725,
        "3,21": 44.97854217892433,
        "3,22": 23.949913081400876,
        "3,23": 47.911419365647376,
        "3,24": 59.576963435582385,
        "3,25": 75.3073636468714,
        "3,26": 91.08573638994395,
        "3,27": 40.21982530813359,
        "3,28": 51.63629359080205,
        "3,29": 37.101615800912256,
        "3,30": 71.62659225878504,
        "4,0": 14.975787740588823,
        "4,1": 34.79710927278811,
        "4,2": 36.522253404291234,
        "4,3": 43.38943826796156,
        "4,4": 0.0,
        "4,5": 30.135729571176412,
        "4,6": 36.38220346201864,
        "4,7": 33.44260195551347,
        "4,8": 51.10889126969335,
        "4,9": 17.122922589972585,
        "4,10": 47.330073426751746,
        "4,11": 15.87255225861983,
        "4,12": 22.491292362851674,
        "4,13": 44.63496784343856,
        "4,14": 47.932690995431294,
        "4,15": 25.003972904127288,
        "4,16": 34.885213080563695,
        "4,17": 11.209687733298512,
        "4,18": 22.647158836175173,
        "4,19": 18.11037930448132,
        "4,20": 26.547259963831685,
        "4,21": 35.44446936172179,
        "4,22": 42.73896331710971,
        "4,23": 61.318228802157606,
        "4,24": 61.344501849104134,
        "4,25": 71.17111218931754,
        "4,26": 48.03847354246977,
        "4,27": 19.027234365849875,
        "4,28": 55.76047949218182,
        "4,29": 40.76717332922217,
        "4,30": 28.532525515329233,
        "5,0": 25.247312122333703,
        "5,1": 62.63067539363712,
        "5,2": 65.73590583534865,
        "5,3": 14.029011421687168,
        "5,4": 30.135729571176412,
        "5,5": 0.0,
        "5,6": 44.86894711000552,
        "5,7": 19.219157690274628,
        "5,8": 20.986539856257682,
        "5,9": 43.43498116025759,
        "5,10": 66.27241680525869,
        "5,11": 39.71968000583545,
        "5,12": 40.888213062436265,
        "5,13": 24.76180631202404,
        "5,14": 30.293155449591605,
        "5,15": 42.85508856947086,
        "5,16": 58.06866470590246,
        "5,17": 38.77395604812485,
        "5,18": 12.412430253086793,
        "5,19": 47.41237295316374,
        "5,20": 27.757985065595626,
        "5,21": 40.60050329832715,
        "5,22": 27.37086580583711,
        "5,23": 52.21968469667806,
        "5,24": 60.48511858264127,
        "5,25": 75.01073937805634,
        "5,26": 78.15457893622303,
        "5,27": 26.52457883218299,
        "5,28": 52.81424031194692,
        "5,29": 36.37220157517321,
        "5,30": 57.95361283287749,
        "6,0": 48.93912013044259,
        "6,1": 63.53982333317213,
        "6,2": 61.450291293101266,
        "6,3": 57.38342163706462,
        "6,4": 36.38220346201864,
        "6,5": 44.86894711000552,
        "6,6": 0.0,
        "6,7": 60.174175173671244,
        "6,8": 60.29715996553537,
        "6,9": 27.790629045212853,
        "6,10": 82.44652821623077,
        "6,11": 24.328928996753138,
        "6,12": 58.81532006969378,
        "6,13": 36.59869245648911,
        "6,14": 73.92328738119505,
        "6,15": 61.30802135731017,
        "6,16": 25.631199849738092,
        "6,17": 45.70933143863362,
        "6,18": 32.77216902557125,
        "6,19": 47.59650304276652,
        "6,20": 59.67526743617731,
        "6,21": 70.76796481135437,
        "6,22": 69.87520906543801,
        "6,23": 92.88587523719126,
        "6,24": 96.10652250359618,
        "6,25": 107.16012792884734,
        "6,26": 64.33917323742392,
        "6,27": 20.489253149700488,
        "6,28": 89.68321840137209,
        "6,29": 73.33922701186943,
        "6,30": 41.22380271327936,
        "7,0": 20.353096860729035,
        "7,1": 57.43435346935802,
        "7,2": 62.3911305082459,
        "7,3": 20.606591906465386,
        "7,4": 33.44260195551347,
        "7,5": 19.219157690274628,
        "7,6": 60.174175173671244,
        "7,7": 0.0,
        "7,8": 29.72141032747532,
        "7,9": 50.24236085926153,
        "7,10": 53.58700497416339,
        "7,11": 47.90661019854203,
        "7,12": 31.918698061622315,
        "7,13": 43.79941601942336,
        "7,14": 14.634090283991233,
        "7,15": 32.980421556584105,
        "7,16": 67.39779137241254,
        "7,17": 36.955072657394794,
        "7,18": 28.215683477881708,
        "7,19": 45.94350889983575,
        "7,20": 13.972543277730106,
        "7,21": 24.378689258879817,
        "7,22": 9.836609090454447,
        "7,23": 33.47492070375448,
        "7,24": 41.36613912224325,
        "7,25": 56.2704225223518,
        "7,26": 77.33571261467326,
        "7,27": 39.91580744382843,
        "7,28": 33.62995791006065,
        "7,29": 17.467204576000896,
        "7,30": 61.31552830272259,
        "8,0": 44.41390388826341,
        "8,1": 82.74403967089674,
        "8,2": 86.30256937371364,
        "8,3": 9.247607952865414,
        "8,4": 51.10889126969335,
        "8,5": 20.986539856257682,
        "8,6": 60.29715996553537,
        "8,7": 29.72141032747532,
        "8,8": 0.0,
        "8,9": 63.97049848029588,
        "8,10": 82.93415837782561,
        "8,11": 59.99954933922582,
        "8,12": 59.26273129338888,
        "8,13": 27.78131663499603,
        "8,14": 31.19076967161973,
        "8,15": 60.85754272525846,
        "8,16": 77.44735479786377,
        "8,17": 59.315481894096834,
        "8,18": 31.513329997577305,
        "8,19": 68.1357128503972,
        "8,20": 42.94645415967305,
        "8,21": 54.09471129944857,
        "8,22": 31.91713439769261,
        "8,23": 54.576997347858395,
        "8,24": 67.39946314621464,
        "8,25": 83.37168932606447,
        "8,26": 99.09484912856892,
        "8,27": 45.22835876684802,
        "8,28": 59.478802045733126,
        "8,29": 45.72471785529001,
        "8,30": 78.85446176132524,
        "9,0": 32.01400685128121,
        "9,1": 35.7538212327283,
        "9,2": 33.90854190116612,
        "9,3": 57.40644089540178,
        "9,4": 17.122922589972585,
        "9,5": 43.43498116025759,
        "9,6": 27.790629045212853,
        "9,7": 50.24236085926153,
        "9,8": 63.97049848029588,
        "9,9": 0.0,
        "9,10": 56.168042031132835,
        "9,11": 4.680571341639045,
        "9,12": 35.59794768040712,
        "9,13": 50.46497283923802,
        "9,14": 64.83310053585595,
        "9,15": 37.831214649987324,
        "9,16": 17.90195342816469,
        "9,17": 21.167470961993374,
        "9,18": 32.68509547698626,
        "9,19": 20.334201896945284,
        "9,20": 43.51693729646777,
        "9,21": 51.234372282579514,
        "9,22": 59.716994325090134,
        "9,23": 78.24082561662628,
        "9,24": 77.13133383790057,
        "9,25": 85.47471264687657,
        "9,26": 39.57698822621543,
        "9,27": 21.104558054663617,
        "9,28": 72.07543847877953,
        "9,29": 57.66404393254476,
        "9,30": 16.286679910321645,
        "10,0": 41.67203755575797,
        "10,1": 26.516709172865596,
        "10,2": 33.59408693910187,
        "10,3": 73.6875086556581,
        "10,4": 47.330073426751746,
        "10,5": 66.27241680525869,
        "10,6": 82.44652821623077,
        "10,7": 53.58700497416339,
        "10,8": 82.93415837782561,
        "10,9": 56.168042031132835,
        "10,10": 0.0,
        "10,11": 58.50410060712463,
        "10,12": 26.237401879856378,
        "10,13": 88.31933375407944,
        "10,14": 60.09468951879556,
        "10,15": 23.89978193544407,
        "10,16": 70.68441582926049,
        "10,17": 36.846613351104224,
        "10,18": 65.86657537370249,
        "10,19": 36.00553502004975,
        "10,20": 39.98776206034353,
        "10,21": 30.327617823490964,
        "10,22": 55.740609991032215,
        "10,23": 53.7050942872553,
        "10,24": 40.87609357189952,
        "10,25": 38.72750027433675,
        "10,26": 48.774905375194045,
        "10,27": 66.32804857320068,
        "10,28": 42.054287189968335,
        "10,29": 41.99800323200636,
        "10,30": 51.78089148169786,
        "11,0": 30.784444489901688,
        "11,1": 39.43798899620186,
        "11,2": 38.084004835588374,
        "11,3": 53.74210189393126,
        "11,4": 15.87255225861983,
        "11,5": 39.71968000583545,
        "11,6": 24.328928996753138,
        "11,7": 47.90661019854203,
        "11,8": 59.99954933922582,
        "11,9": 4.680571341639045,
        "11,10": 58.50410060712463,
        "11,11": 0.0,
        "11,12": 36.45803363211812,
        "11,13": 45.81421418213471,
        "11,14": 62.54057241901633,
        "11,15": 38.81993901087904,
        "11,16": 19.49345730824938,
        "11,17": 22.356737226069036,
        "11,18": 28.555890925690093,
        "11,19": 23.268320251810703,
        "11,20": 42.36733646748599,
        "11,21": 51.08089636661644,
        "11,22": 57.5557044234898,
        "11,23": 77.12606416142269,
        "11,24": 77.02602245033849,
        "11,25": 86.15752202844656,
        "11,26": 44.24787323514764,
        "11,27": 16.485257278424463,
        "11,28": 71.59584058446131,
        "11,29": 56.60252292999347,
        "11,30": 20.958061073275832,
        "12,0": 15.728084862852855,
        "12,1": 26.00858186882769,
        "12,2": 31.858154297946136,
        "12,3": 50.13480955602705,
        "12,4": 22.491292362851674,
        "12,5": 40.888213062436265,
        "12,6": 58.81532006969378,
        "12,7": 31.918698061622315,
        "12,8": 59.26273129338888,
        "12,9": 35.59794768040712,
        "12,10": 26.237401879856378,
        "12,11": 36.45803363211812,
        "12,12": 0.0,
        "12,13": 62.132589732875736,
        "12,14": 42.846370960752736,
        "12,15": 2.52670637876325,
        "12,16": 52.78571959528043,
        "12,17": 14.455081593358347,
        "12,18": 39.63208268659935,
        "12,19": 19.751596013639006,
        "12,20": 18.261279521598293,
        "12,21": 17.790557185145957,
        "12,22": 37.576284071894136,
        "12,23": 47.297469177622204,
        "12,24": 42.51294161958827,
        "12,25": 49.87680588424356,
        "12,26": 48.014199896306636,
        "12,27": 40.973890852376016,
        "12,28": 38.69405061710184,
        "12,29": 28.17239019677047,
        "12,30": 38.408231472514515,
        "13,0": 46.70839429400694,
        "13,1": 79.42862119789508,
        "13,2": 80.67260784607556,
        "13,3": 29.446959619304845,
        "13,4": 44.63496784343856,
        "13,5": 24.76180631202404,
        "13,6": 36.59869245648911,
        "13,7": 43.79941601942336,
        "13,8": 27.78131663499603,
        "13,9": 50.46497283923802,
        "13,10": 88.31933375407944,
        "13,11": 45.81421418213471,
        "13,12": 62.132589732875736,
        "13,13": 0.0,
        "13,14": 52.76122433890193,
        "13,15": 64.4226784619365,
        "13,16": 58.816415033101485,
        "13,17": 55.570057121368365,
        "13,18": 22.664893417940757,
        "13,19": 62.55992490924441,
        "13,20": 51.93086777932361,
        "13,21": 64.92312670830815,
        "13,22": 50.96923383024451,
        "13,23": 75.89264079699973,
        "13,24": 85.16113335398504,
        "13,25": 99.77161882437572,
        "13,26": 89.70014037513806,
        "13,27": 29.383157284649993,
        "13,28": 77.42208725916093,
        "13,29": 61.10885819784603,
        "13,30": 66.74346674639418,
        "14,0": 34.13647300601653,
        "14,1": 68.85493474708973,
        "14,2": 74.48879022857571,
        "14,3": 24.29356918301401,
        "14,4": 47.932690995431294,
        "14,5": 30.293155449591605,
        "14,6": 73.92328738119505,
        "14,7": 14.634090283991233,
        "14,8": 31.19076967161973,
        "14,9": 64.83310053585595,
        "14,10": 60.09468951879556,
        "14,11": 62.54057241901633,
        "14,12": 42.846370960752736,
        "14,13": 52.76122433890193,
        "14,14": 0.0,
        "14,15": 43.256640526706434,
        "14,16": 82.03188037136606,
        "14,17": 50.42872405452633,
        "14,18": 41.322802812757786,
        "14,19": 59.18061023329613,
        "14,20": 24.90190604939441,
        "14,21": 29.84383299886595,
        "14,22": 5.4157488730828875,
        "14,23": 23.625413976013295,
        "14,24": 36.49218155561844,
        "14,25": 52.66824249170467,
        "14,26": 90.10691192923669,
        "14,27": 53.98133116346686,
        "14,28": 28.668011461458946,
        "14,29": 18.23650432360829,
        "14,30": 75.40923078923474,
        "15,0": 17.851318028551894,
        "15,1": 25.788912651286733,
        "15,2": 32.00762630786451,
        "15,3": 51.68240155012806,
        "15,4": 25.003972904127288,
        "15,5": 42.85508856947086,
        "15,6": 61.30802135731017,
        "15,7": 32.980421556584105,
        "15,8": 60.85754272525846,
        "15,9": 37.831214649987324,
        "15,10": 23.89978193544407,
        "15,11": 38.81993901087904,
        "15,12": 2.52670637876325,
        "15,13": 64.4226784619365,
        "15,14": 43.256640526706434,
        "15,15": 0.0,
        "15,16": 54.86372925020283,
        "15,17": 16.663797284393883,
        "15,18": 41.980210934325264,
        "15,19": 21.246428512933516,
        "15,20": 19.104531123329206,
        "15,21": 16.817219201845184,
        "15,22": 38.07336430254802,
        "15,23": 46.40234294594849,
        "15,24": 40.83370803045726,
        "15,25": 47.68125652257349,
        "15,26": 48.39203573598465,
        "15,27": 43.49889184559913,
        "15,28": 37.37464344436502,
        "15,29": 27.8341298262294,
        "15,30": 39.94978124068742,
        "16,0": 49.845551806596745,
        "16,1": 46.76932602449559,
        "16,2": 42.39554227951765,
        "16,3": 72.0395180378296,
        "16,4": 34.885213080563695,
        "16,5": 58.06866470590246,
        "16,6": 25.631199849738092,
        "16,7": 67.39779137241254,
        "16,8": 77.44735479786377,
        "16,9": 17.90195342816469,
        "16,10": 70.68441582926049,
        "16,11": 19.49345730824938,
        "16,12": 52.78571959528043,
        "16,13": 58.816415033101485,
        "16,14": 82.03188037136606,
        "16,15": 54.86372925020283,
        "16,16": 0.0,
        "16,17": 38.38014756236012,
        "16,18": 46.11117835177582,
        "16,19": 35.102418911775814,
        "16,20": 61.38386926847206,
        "16,21": 68.99146179732631,
        "16,22": 77.0467291789972,
        "16,23": 96.12912255475072,
        "16,24": 94.8149299050785,
        "16,25": 102.49720118710667,
        "16,26": 40.7853841573474,
        "16,27": 32.2282005336943,
        "16,28": 89.91760303825544,
        "16,29": 75.55385278290512,
        "16,30": 20.36745497624574,
        "17,0": 16.615214564218235,
        "17,1": 24.165059941282205,
        "17,2": 26.993633666560285,
        "17,3": 50.89391981361505,
        "17,4": 11.209687733298512,
        "17,5": 38.77395604812485,
        "17,6": 45.70933143863362,
        "17,7": 36.955072657394794,
        "17,8": 59.315481894096834,
        "17,9": 21.167470961993374,
        "17,10": 36.846613351104224,
        "17,11": 22.356737226069036,
        "17,12": 14.455081593358347,
        "17,13": 55.570057121368365,
        "17,14": 50.42872405452633,
        "17,15": 16.663797284393883,
        "17,16": 38.38014756236012,
        "17,17": 0.0,
        "17,18": 33.195425187332745,
        "17,19": 9.08404959855831,
        "17,20": 26.161500766982886,
        "17,21": 31.000112208421058,
        "17,22": 45.01999803059739,
        "17,23": 59.55191402877992,
        "17,24": 56.56609562172605,
        "17,25": 64.32152821318266,
        "17,26": 40.61938220784683,
        "17,27": 30.013841585129903,
        "17,28": 52.11309647213272,
        "17,29": 39.2926539151682,
        "17,30": 25.65400241237735,
        "18,0": 24.554108183495426,
        "18,1": 57.28092948301288,
        "18,2": 59.154221948389704,
        "18,3": 26.055589533418402,
        "18,4": 22.647158836175173,
        "18,5": 12.412430253086793,
        "18,6": 32.77216902557125,
        "18,7": 28.215683477881708,
        "18,8": 31.513329997577305,
        "18,9": 32.68509547698626,
        "18,10": 65.86657537370249,
        "18,11": 28.555890925690093,
        "18,12": 39.63208268659935,
        "18,13": 22.664893417940757,
        "18,14": 41.322802812757786,
        "18,15": 41.980210934325264,
        "18,16": 46.11117835177582,
        "18,17": 33.195425187332745,
        "18,18": 0.0,
        "18,19": 40.75747936519982,
        "18,20": 31.786255938734293,
        "18,21": 44.59631087667967,
        "18,22": 37.59321626894817,
        "18,23": 61.62821523947047,
        "18,24": 67.55545482577169,
        "18,25": 80.81889562622133,
        "18,26": 69.82386880396174,
        "18,27": 14.173734507576528,
        "18,28": 60.33391327679489,
        "18,29": 43.5522301324267,
        "18,30": 48.17234855899489,
        "19,0": 25.647800212401567,
        "19,1": 17.11073078478077,
        "19,2": 18.456783161103147,
        "19,3": 59.83948375230539,
        "19,4": 18.11037930448132,
        "19,5": 47.41237295316374,
        "19,6": 47.59650304276652,
        "19,7": 45.94350889983575,
        "19,8": 68.1357128503972,
        "19,9": 20.334201896945284,
        "19,10": 36.00553502004975,
        "19,11": 23.268320251810703,
        "19,12": 19.751596013639006,
        "19,13": 62.55992490924441,
        "19,14": 59.18061023329613,
        "19,15": 21.246428512933516,
        "19,16": 35.102418911775814,
        "19,17": 9.08404959855831,
        "19,18": 40.75747936519982,
        "19,19": 0.0,
        "19,20": 34.5726077984802,
        "19,21": 37.47426515280966,
        "19,22": 53.76489917926628,
        "19,23": 66.78398960984518,
        "19,24": 62.07670170212392,
        "19,25": 67.98847056884763,
        "19,26": 31.535473637819774,
        "19,27": 35.078415449064806,
        "19,28": 58.44548905266526,
        "19,29": 46.982072138907924,
        "19,30": 18.70335629831691,
        "20,0": 11.5830785163964,
        "20,1": 44.16450044167893,
        "20,2": 49.614172749257044,
        "20,3": 33.700121110325725,
        "20,4": 26.547259963831685,
        "20,5": 27.757985065595626,
        "20,6": 59.67526743617731,
        "20,7": 13.972543277730106,
        "20,8": 42.94645415967305,
        "20,9": 43.51693729646777,
        "20,10": 39.98776206034353,
        "20,11": 42.36733646748599,
        "20,12": 18.261279521598293,
        "20,13": 51.93086777932361,
        "20,14": 24.90190604939441,
        "20,15": 19.104531123329206,
        "20,16": 61.38386926847206,
        "20,17": 26.161500766982886,
        "20,18": 31.786255938734293,
        "20,19": 34.5726077984802,
        "20,20": 0.0,
        "20,21": 13.00548375289393,
        "20,22": 19.530781864966105,
        "20,23": 34.77101884807923,
        "20,24": 36.537499547123645,
        "20,25": 49.06191777167027,
        "20,26": 65.22345682609524,
        "20,27": 39.37889376033696,
        "20,28": 30.024276533264427,
        "20,29": 14.238472493950674,
        "20,30": 51.70974393745649,
        "21,0": 21.874670702626066,
        "21,1": 41.92881704104151,
        "21,2": 48.53770095945557,
        "21,3": 44.97854217892433,
        "21,4": 35.44446936172179,
        "21,5": 40.60050329832715,
        "21,6": 70.76796481135437,
        "21,7": 24.378689258879817,
        "21,8": 54.09471129944857,
        "21,9": 51.234372282579514,
        "21,10": 30.327617823490964,
        "21,11": 51.08089636661644,
        "21,12": 17.790557185145957,
        "21,13": 64.92312670830815,
        "21,14": 29.84383299886595,
        "21,15": 16.817219201845184,
        "21,16": 68.99146179732631,
        "21,17": 31.000112208421058,
        "21,18": 44.59631087667967,
        "21,19": 37.47426515280966,
        "21,20": 13.00548375289393,
        "21,21": 0.0,
        "21,22": 25.414013376206455,
        "21,23": 29.5863757686384,
        "21,24": 25.947104645389587,
        "21,25": 36.65100209984031,
        "21,26": 65.06694430017322,
        "21,27": 50.943870994533604,
        "21,28": 21.121957910822882,
        "21,29": 12.152349176218193,
        "21,30": 56.0264656632932,
        "22,0": 28.772286383338372,
        "22,1": 63.5781329855779,
        "22,2": 69.14024896227633,
        "22,3": 23.949913081400876,
        "22,4": 42.73896331710971,
        "22,5": 27.37086580583711,
        "22,6": 69.87520906543801,
        "22,7": 9.836609090454447,
        "22,8": 31.91713439769261,
        "22,9": 59.716994325090134,
        "22,10": 55.740609991032215,
        "22,11": 57.5557044234898,
        "22,12": 37.576284071894136,
        "22,13": 50.96923383024451,
        "22,14": 5.4157488730828875,
        "22,15": 38.07336430254802,
        "22,16": 77.0467291789972,
        "22,17": 45.01999803059739,
        "22,18": 37.59321626894817,
        "22,19": 53.76489917926628,
        "22,20": 19.530781864966105,
        "22,21": 25.414013376206455,
        "22,22": 0.0,
        "22,23": 24.963094325898798,
        "22,24": 35.635805724719596,
        "22,25": 51.4778375924772,
        "22,26": 84.71002243541247,
        "22,27": 49.69876222015685,
        "22,28": 27.694715372778962,
        "22,29": 14.57717307203336,
        "22,30": 70.05289138690748,
        "23,0": 46.349911739593345,
        "23,1": 71.0292583252394,
        "23,2": 77.87357200342585,
        "23,3": 47.911419365647376,
        "23,4": 61.318228802157606,
        "23,5": 52.21968469667806,
        "23,6": 92.88587523719126,
        "23,7": 33.47492070375448,
        "23,8": 54.576997347858395,
        "23,9": 78.24082561662628,
        "23,10": 53.7050942872553,
        "23,11": 77.12606416142269,
        "23,12": 47.297469177622204,
        "23,13": 75.89264079699973,
        "23,14": 23.625413976013295,
        "23,15": 46.40234294594849,
        "23,16": 96.12912255475072,
        "23,17": 59.55191402877992,
        "23,18": 61.62821523947047,
        "23,19": 66.78398960984518,
        "23,20": 34.77101884807923,
        "23,21": 29.5863757686384,
        "23,22": 24.963094325898798,
        "23,23": 0.0,
        "23,24": 16.844554809240318,
        "23,25": 32.42895164117604,
        "23,26": 94.48821503152408,
        "23,27": 72.40624932917054,
        "23,28": 11.835351340129671,
        "23,29": 20.576922368176575,
        "23,30": 85.07991329459331,
        "24,0": 47.26253030053233,
        "24,1": 62.32459171968787,
        "24,2": 69.57921985956293,
        "24,3": 59.576963435582385,
        "24,4": 61.344501849104134,
        "24,5": 60.48511858264127,
        "24,6": 96.10652250359618,
        "24,7": 41.36613912224325,
        "24,8": 67.39946314621464,
        "24,9": 77.13133383790057,
        "24,10": 40.87609357189952,
        "24,11": 77.02602245033849,
        "24,12": 42.51294161958827,
        "24,13": 85.16113335398504,
        "24,14": 36.49218155561844,
        "24,15": 40.83370803045726,
        "24,16": 94.8149299050785,
        "24,17": 56.56609562172605,
        "24,18": 67.55545482577169,
        "24,19": 62.07670170212392,
        "24,20": 36.537499547123645,
        "24,21": 25.947104645389587,
        "24,22": 35.635805724719596,
        "24,23": 16.844554809240318,
        "24,24": 0.0,
        "24,25": 16.268532216674426,
        "24,26": 86.155880391244,
        "24,27": 75.90199792689036,
        "24,28": 7.941160475097311,
        "24,29": 24.187268033686383,
        "24,30": 80.77834682947935,
        "25,0": 58.46689844939795,
        "25,1": 64.04015801629595,
        "25,2": 71.37699636043254,
        "25,3": 75.3073636468714,
        "25,4": 71.17111218931754,
        "25,5": 75.01073937805634,
        "25,6": 107.16012792884734,
        "25,7": 56.2704225223518,
        "25,8": 83.37168932606447,
        "25,9": 85.47471264687657,
        "25,10": 38.72750027433675,
        "25,11": 86.15752202844656,
        "25,12": 49.87680588424356,
        "25,13": 99.77161882437572,
        "25,14": 52.66824249170467,
        "25,15": 47.68125652257349,
        "25,16": 102.49720118710667,
        "25,17": 64.32152821318266,
        "25,18": 80.81889562622133,
        "25,19": 67.98847056884763,
        "25,20": 49.06191777167027,
        "25,21": 36.65100209984031,
        "25,22": 51.4778375924772,
        "25,23": 32.42895164117604,
        "25,24": 16.268532216674426,
        "25,25": 0.0,
        "25,26": 87.24518343396618,
        "25,27": 87.55625695284124,
        "25,28": 24.00042440059357,
        "25,29": 38.803361264702154,
        "25,30": 86.23730825897383,
        "26,0": 57.1387946582345,
        "26,1": 23.83260893463796,
        "26,2": 16.66444255111438,
        "26,3": 91.08573638994395,
        "26,4": 48.03847354246977,
        "26,5": 78.15457893622303,
        "26,6": 64.33917323742392,
        "26,7": 77.33571261467326,
        "26,8": 99.09484912856892,
        "26,9": 39.57698822621543,
        "26,10": 48.774905375194045,
        "26,11": 44.24787323514764,
        "26,12": 48.014199896306636,
        "26,13": 89.70014037513806,
        "26,14": 90.10691192923669,
        "26,15": 48.39203573598465,
        "26,16": 40.7853841573474,
        "26,17": 40.61938220784683,
        "26,18": 69.82386880396174,
        "26,19": 31.535473637819774,
        "26,20": 65.22345682609524,
        "26,21": 65.06694430017322,
        "26,22": 84.71002243541247,
        "26,23": 94.48821503152408,
        "26,24": 86.155880391244,
        "26,25": 87.24518343396618,
        "26,26": 0.0,
        "26,27": 60.37539945092749,
        "26,28": 84.51594804900088,
        "26,29": 76.15999666813346,
        "26,30": 23.556301701958503,
        "27,0": 29.089372008872303,
        "27,1": 52.183076767847865,
        "27,2": 52.35798912892796,
        "27,3": 40.21982530813359,
        "27,4": 19.027234365849875,
        "27,5": 26.52457883218299,
        "27,6": 20.489253149700488,
        "27,7": 39.91580744382843,
        "27,8": 45.22835876684802,
        "27,9": 21.104558054663617,
        "27,10": 66.32804857320068,
        "27,11": 16.485257278424463,
        "27,12": 40.973890852376016,
        "27,13": 29.383157284649993,
        "27,14": 53.98133116346686,
        "27,15": 43.49889184559913,
        "27,16": 32.2282005336943,
        "27,17": 30.013841585129903,
        "27,18": 14.173734507576528,
        "27,19": 35.078415449064806,
        "27,20": 39.37889376033696,
        "27,21": 50.943870994533604,
        "27,22": 49.69876222015685,
        "27,23": 72.40624932917054,
        "27,24": 75.90199792689036,
        "27,25": 87.55625695284124,
        "27,26": 60.37539945092749,
        "27,27": 0.0,
        "27,28": 69.32088433115285,
        "27,29": 52.88671775174295,
        "27,30": 37.367489686622505,
        "28,0": 41.216982910519846,
        "28,1": 60.79513408825077,
        "28,2": 67.85151937330082,
        "28,3": 51.63629359080205,
        "28,4": 55.76047949218182,
        "28,5": 52.81424031194692,
        "28,6": 89.68321840137209,
        "28,7": 33.62995791006065,
        "28,8": 59.478802045733126,
        "28,9": 72.07543847877953,
        "28,10": 42.054287189968335,
        "28,11": 71.59584058446131,
        "28,12": 38.69405061710184,
        "28,13": 77.42208725916093,
        "28,14": 28.668011461458946,
        "28,15": 37.37464344436502,
        "28,16": 89.91760303825544,
        "28,17": 52.11309647213272,
        "28,18": 60.33391327679489,
        "28,19": 58.44548905266526,
        "28,20": 30.024276533264427,
        "28,21": 21.121957910822882,
        "28,22": 27.694715372778962,
        "28,23": 11.835351340129671,
        "28,24": 7.941160475097311,
        "28,25": 24.00042440059357,
        "28,26": 84.51594804900088,
        "28,27": 69.32088433115285,
        "28,28": 0.0,
        "28,29": 16.782467390008605,
        "28,30": 77.07533274411163,
        "29,0": 25.818739509164164,
        "29,1": 53.51385028866837,
        "29,2": 59.841121827303915,
        "29,3": 37.101615800912256,
        "29,4": 40.76717332922217,
        "29,5": 36.37220157517321,
        "29,6": 73.33922701186943,
        "29,7": 17.467204576000896,
        "29,8": 45.72471785529001,
        "29,9": 57.66404393254476,
        "29,10": 41.99800323200636,
        "29,11": 56.60252292999347,
        "29,12": 28.17239019677047,
        "29,13": 61.10885819784603,
        "29,14": 18.23650432360829,
        "29,15": 27.8341298262294,
        "29,16": 75.55385278290512,
        "29,17": 39.2926539151682,
        "29,18": 43.5522301324267,
        "29,19": 46.982072138907924,
        "29,20": 14.238472493950674,
        "29,21": 12.152349176218193,
        "29,22": 14.57717307203336,
        "29,23": 20.576922368176575,
        "29,24": 24.187268033686383,
        "29,25": 38.803361264702154,
        "29,26": 76.15999666813346,
        "29,27": 52.88671775174295,
        "29,28": 16.782467390008605,
        "29,29": 0.0,
        "29,30": 64.93156072965162,
        "30,0": 41.28088004182643,
        "30,1": 26.677765296483198,
        "30,2": 22.02963977117611,
        "30,3": 71.62659225878504,
        "30,4": 28.532525515329233,
        "30,5": 57.95361283287749,
        "30,6": 41.22380271327936,
        "30,7": 61.31552830272259,
        "30,8": 78.85446176132524,
        "30,9": 16.286679910321645,
        "30,10": 51.78089148169786,
        "30,11": 20.958061073275832,
        "30,12": 38.408231472514515,
        "30,13": 66.74346674639418,
        "30,14": 75.40923078923474,
        "30,15": 39.94978124068742,
        "30,16": 20.36745497624574,
        "30,17": 25.65400241237735,
        "30,18": 48.17234855899489,
        "30,19": 18.70335629831691,
        "30,20": 51.70974393745649,
        "30,21": 56.0264656632932,
        "30,22": 70.05289138690748,
        "30,23": 85.07991329459331,
        "30,24": 80.77834682947935,
        "30,25": 86.23730825897383,
        "30,26": 23.556301701958503,
        "30,27": 37.367489686622505,
        "30,28": 77.07533274411163,
        "30,29": 64.93156072965162,
        "30,30": 0.0
    }
}