{
    "num_robots": 4,
    "num_tasks": 60,
    "num_nodes": 61,
    "robot_capacity": [
        189,
        208,
        201,
        202
    ],
    "robot_speed": [
        1.16,
        0.91,
        0.94,
        1.06
    ],
    "task_demand": {
        "0": 0,
        "1": 13,
        "2": 11,
        "3": 5,
        "4": 10,
        "5": 5,
        "6": 12,
        "7": 15,
        "8": 6,
        "9": 15,
        "10": 6,
        "11": 10,
        "12": 13,
        "13": 7,
        "14": 15,
        "15": 6,
        "16": 7,
        "17": 8,
        "18": 11,
        "19": 8,
        "20": 6,
        "21": 14,
        "22": 13,
        "23": 11,
        "24": 7,
        "25": 11,
        "26": 9,
        "27": 6,
        "28": 14,
        "29": 6,
        "30": 7,
        "31": 6,
        "32": 13,
        "33": 14,
        "34": 10,
        "35": 11,
        "36": 6,
        "37": 15,
        "38": 7,
        "39": 12,
        "40": 14,
        "41": 13,
        "42": 15,
        "43": 15,
        "44": 15,
        "45": 11,
        "46": 8,
        "47": 15,
        "48": 13,
        "49": 9,
        "50": 8,
        "51": 14,
        "52": 6,
        "53": 10,
        "54": 6,
        "55": 13,
        "56": 6,
        "57": 7,
        "58": 15,
        "59": 8,
        "60": 14
    },
    "task_service_time": {
        "0": 0,
        "1": 96,
        "2": 73,
        "3": 86,
        "4": 87,
        "5": 92,
        "6": 36,
        "7": 91,
        "8": 60,
        "9": 61,
        "10": 57,
        "11": 63,
        "12": 56,
        "13": 61,
        "14": 79,
        "15": 21,
        "16": 12,
        "17": 24,
        "18": 35,
        "19": 21,
        "20": 63,
        "21": 51,
        "22": 52,
        "23": 70,
        "24": 96,
        "25": 25,
        "26": 11,
        "27": 45,
        "28": 45,
        "29": 15,
        "30": 91,
        "31": 20,
        "32": 74,
        "33": 59,
        "34": 95,
        "35": 78,
        "36": 86,
        "37": 41,
        "38": 78,
        "39": 91,
        "40": 39,
        "41": 98,
        "42": 75,
        "43": 69,
        "44": 43,
        "45": 30,
        "46": 18,
        "47": 57,
        "48": 37,
        "49": 21,
        "50": 93,
        "51": 68,
        "52": 50,
        "53": 48,
        "54": 71,
        "55": 42,
        "56": 36,
        "57": 38,
        "58": 68,
        "59": 26,
        "60": 42
    },
    "task_precedence": [],
    "coordinates": {
        "0": [
            100,
            0
        ],
        "1": [
            45.25576257660126,
            47.29826364467247
        ],
        "2": [
            68.61682476212198,
            32.83646692336354
        ],
        "3": [
            49.79857826534775,
            62.0734166282155
        ],
        "4": [
            96.38076098422859,
            21.202463975018958
        ],
        "5": [
            17.0720762530846,
            30.511743481190944
        ],
        "6": [
            15.657019809651263,
            12.706427528224406
        ],
        "7": [
            51.17732205887492,
            41.526670982122674
        ],
        "8": [
            51.95904904839204,
            17.51771530530153
        ],
        "9": [
            15.647393472860093,
            91.79260881362649
        ],
        "10": [
            40.99303831772809,
            65.97992571796263
        ],
        "11": [
            59.92983244969702,
            39.63044210593956
        ],
        "12": [
            79.53255215884951,
            13.823011981524525
        ],
        "13": [
            32.53229180955686,
            73.90861798964748
        ],
        "14": [
            96.06710089716205,
            73.08130530208643
        ],
        "15": [
            12.118727756660064,
            67.48522996627449
        ],
        "16": [
            32.23096304505945,
            36.54711931110287
        ],
        "17": [
            35.7257460453105,
            93.42318782911576
        ],
        "18": [
            73.25934293808129,
            61.172851117971994
        ],
        "19": [
            21.285233271661962,
            59.688046183653185
        ],
        "20": [
            12.011353700866135,
            70.40740696270373
        ],
        "21": [
            88.90193470021242,
            70.38616177263302
        ],
        "22": [
            48.952145299775864,
            82.2544825712265
        ],
        "23": [
            80.68755756361587,
            87.18730265695652
        ],
        "24": [
            43.316955379617916,
            39.891787009144096
        ],
        "25": [
            16.611692239382393,
            76.9808023820613
        ],
        "26": [
            88.99443708973882,
            85.6934763969433
        ],
        "27": [
            63.1882023396564,
            84.33170529866608
        ],
        "28": [
            66.92693615132632,
            39.43060324286359
        ],
        "29": [
            91.15600444359286,
            19.762961280256185
        ],
        "30": [
            31.785674230126283,
            4.584431655858767
        ],
        "31": [
            89.90981679263027,
            84.79864078864438
        ],
        "32": [
            27.946414975036017,
            59.12693881630297
        ],
        "33": [
            82.57731784653055,
            80.80494568280699
        ],
        "34": [
            24.5129933475451,
            14.38289892468112
        ],
        "35": [
            67.99113353304811,
            67.04138270424137
        ],
        "36": [
            47.34549325862787,
            21.277811739828024
        ],
        "37": [
            29.214747831855036,
            96.72814370405239
        ],
        "38": [
            94.49647359456674,
            28.490538703906243
        ],
        "39": [
            56.69819417873326,
            18.44984845797002
        ],
        "40": [
            60.72606371121858,
            76.33094998797132
        ],
        "41": [
            76.43469433000078,
            18.60927886693422
        ],
        "42": [
            15.632664857022881,
            71.1626318579759
        ],
        "43": [
            34.08545991898742,
            20.82081930180496
        ],
        "44": [
            74.8278946653942,
            80.99716204482068
        ],
        "45": [
            16.600981200146215,
            98.17756420798264
        ],
        "46": [
            23.967779324574956,
            10.999569446980107
        ],
        "47": [
            7.077183085332295,
            40.31063691789398
        ],
        "48": [
            3.93343893929321,
            10.629775934946984
        ],
        "49": [
            82.90978759067427,
            62.892280140750366
        ],
        "50": [
            46.218906757690945,
            83.10884816599035
        ],
        "51": [
            30.647091434709928,
            7.508890181246364
        ],
        "52": [
            49.66985736841374,
            58.53718165674267
        ],
        "53": [
            81.72936399799964,
            10.331665307253047
        ],
        "54": [
            3.81269373475992,
            34.52053232438702
        ],
        "55": [
            17.314939336315938,
            8.712253066148289
        ],
        "56": [
            52.07985071498411,
            75.23281058599713
        ],
        "57": [
            7.480019767960067,
            9.949748691341853
        ],
        "58": [
            2.24160292706711,
            74.72994840426428
        ],
        "59": [
            18.5414714028431,
            22.51619055205688
        ],
        "60": [
            59.48872748113446,
            41.63957629881456
        ]
    },
    "distance_matrix_str_keys": {
        "0,0": 0.0,
        "0,1": 72.34678482745723,
        "0,2": 45.42177063942475,
        "0,3": 79.83289920878757,
        "0,4": 21.509146186338004,
        "0,5": 88.36292790099371,
        "0,6": 85.294733764281,
        "0,7": 64.09460417383269,
        "0,8": 51.135147578279245,
        "0,9": 124.66453088482683,
        "0,10": 88.51650763965426,
        "0,11": 56.35769928786644,
        "0,12": 24.698017761990258,
        "0,13": 100.0718514948656,
        "0,14": 73.18705404653114,
        "0,15": 110.80331346448527,
        "0,16": 76.99567714969514,
        "0,17": 113.397847182326,
        "0,18": 66.76211840561015,
        "0,19": 98.78601803048136,
        "0,20": 112.69074865651513,
        "0,21": 71.25572834854482,
        "0,22": 96.80745514967016,
        "0,23": 89.30059449664591,
        "0,24": 69.31321820705733,
        "0,25": 113.48856244822846,
        "0,26": 86.39730500406361,
        "0,27": 92.01600385567254,
        "0,28": 51.46455114381715,
        "0,29": 21.65157952590652,
        "0,30": 68.36820352946022,
        "0,31": 85.3968458244204,
        "0,32": 93.20790743674353,
        "0,33": 82.66189630187667,
        "0,34": 76.84501255660881,
        "0,35": 74.29074321472164,
        "0,36": 56.79121721369218,
        "0,37": 119.86194437326503,
        "0,38": 29.017229339378368,
        "0,39": 47.068495785448135,
        "0,40": 85.84204096875517,
        "0,41": 30.027135915165502,
        "0,42": 110.37195029572155,
        "0,43": 69.12476481326954,
        "0,44": 84.81848351798935,
        "0,45": 128.8185951273764,
        "0,46": 76.82375354573264,
        "0,47": 101.28967051029011,
        "0,48": 96.65286488489456,
        "0,49": 65.17295651954493,
        "0,50": 98.99235644137167,
        "0,51": 69.75822072142826,
        "0,52": 77.19925448882462,
        "0,53": 20.989508044227428,
        "0,54": 102.19425149450502,
        "0,55": 83.14278447613913,
        "0,56": 89.19818661927344,
        "0,57": 93.05344830342355,
        "0,58": 123.0498654480094,
        "0,59": 84.51313932277255,
        "0,60": 58.094900941843335,
        "1,0": 72.34678482745723,
        "1,1": 0.0,
        "1,2": 27.47513040631887,
        "1,3": 15.45775921888492,
        "1,4": 57.39996709562284,
        "1,5": 32.80407648420165,
        "1,6": 45.52670314542088,
        "1,7": 8.268987154694562,
        "1,8": 30.525646740347735,
        "1,9": 53.44532040316904,
        "1,10": 19.161819222813733,
        "1,11": 16.556684867157216,
        "1,12": 47.911280279040874,
        "1,13": 29.49572285476259,
        "1,14": 56.9785691206302,
        "1,15": 38.80176137661137,
        "1,16": 16.888827884672686,
        "1,17": 47.09914910173343,
        "1,18": 31.25227496705016,
        "1,19": 26.98319822634421,
        "1,20": 40.487321798192156,
        "1,21": 49.37650636700592,
        "1,22": 35.151109326411856,
        "1,23": 53.3530461110268,
        "1,24": 7.656034841855285,
        "1,25": 41.249677227587256,
        "1,26": 58.20020627504966,
        "1,27": 41.14666689533127,
        "1,28": 23.05514789161095,
        "1,29": 53.525929041429606,
        "1,30": 44.787439346656626,
        "1,31": 58.31177277247013,
        "1,32": 20.964996320241994,
        "1,33": 50.155719803139434,
        "1,34": 38.906088340257625,
        "1,35": 30.111257740711526,
        "1,36": 26.104231297928045,
        "1,37": 51.967559079928414,
        "1,38": 52.71032288842771,
        "1,39": 31.03482398457954,
        "1,40": 32.897220148579635,
        "1,41": 42.36960741923911,
        "1,42": 38.03992624498393,
        "1,43": 28.737270580073215,
        "1,44": 44.83443709539051,
        "1,45": 58.3934904038463,
        "1,46": 42.08055882941834,
        "1,47": 38.8127667043195,
        "1,48": 55.245926743106736,
        "1,49": 40.755354865838,
        "1,50": 35.82353431017128,
        "1,51": 42.38640717428083,
        "1,52": 12.07466400829199,
        "1,53": 51.93123331182434,
        "1,54": 43.36817234704507,
        "1,55": 47.64000226396771,
        "1,56": 28.755992275306525,
        "1,57": 53.12173108967523,
        "1,58": 51.01681349423182,
        "1,59": 36.43905184941116,
        "1,60": 15.316593369670883,
        "2,0": 45.42177063942475,
        "2,1": 27.47513040631887,
        "2,2": 0.0,
        "2,3": 34.7696078387059,
        "2,4": 30.102926421650334,
        "2,5": 51.59714563754954,
        "2,6": 56.65650383366057,
        "2,7": 19.48476074062587,
        "2,8": 22.630635052176693,
        "2,9": 79.25646546303118,
        "2,10": 43.145827589637996,
        "2,11": 11.02823350394746,
        "2,12": 21.924063798142225,
        "2,13": 54.67188593433015,
        "2,14": 48.71513805809728,
        "2,15": 66.27647958093713,
        "2,16": 36.57457961529882,
        "2,17": 68.93891360666342,
        "2,18": 28.71417148793551,
        "2,19": 54.41770724489781,
        "2,20": 67.93934713776964,
        "2,21": 42.678627771680645,
        "2,22": 53.186839433540754,
        "2,23": 55.67509259359223,
        "2,24": 26.265203831011576,
        "2,25": 68.21477964340095,
        "2,26": 56.64901177129873,
        "2,27": 51.78059015437085,
        "2,28": 6.807228313862154,
        "2,29": 26.056307691497462,
        "2,30": 46.4188662751134,
        "2,31": 56.15566776752784,
        "2,32": 48.42799959324084,
        "2,33": 49.95868614820647,
        "2,34": 47.80880794714938,
        "2,35": 34.21063801058211,
        "2,36": 24.208925081122736,
        "2,37": 75.06443917239832,
        "2,38": 26.242014323967865,
        "2,39": 18.68230568886214,
        "2,40": 44.2044586780554,
        "2,41": 16.23366762544344,
        "2,42": 65.39278338963881,
        "2,43": 36.562151819814105,
        "2,44": 48.55955049138408,
        "2,45": 83.51710588748867,
        "2,46": 49.70299135744467,
        "2,47": 61.99186006900268,
        "2,48": 68.38916234433601,
        "2,49": 33.2812363739213,
        "2,50": 55.036161264547076,
        "2,51": 45.641941157039106,
        "2,52": 31.9298341872421,
        "2,53": 26.046204732991722,
        "2,54": 64.8260092438709,
        "2,55": 56.69092645627858,
        "2,56": 45.5073781555897,
        "2,57": 65.28024813315383,
        "2,58": 78.49034249029188,
        "2,59": 51.12777247677423,
        "2,60": 12.681360126079749,
        "3,0": 79.83289920878757,
        "3,1": 15.45775921888492,
        "3,2": 34.7696078387059,
        "3,3": 0.0,
        "3,4": 61.97043260809976,
        "3,5": 45.46606587113377,
        "3,6": 60.02287586064482,
        "3,7": 20.592952461787117,
        "3,8": 44.60805033153888,
        "3,9": 45.27177715623757,
        "3,10": 9.633189868231735,
        "3,11": 24.623757161640086,
        "3,12": 56.67636855047139,
        "3,13": 20.933146902438473,
        "3,14": 47.55996004610441,
        "3,15": 38.06650572305061,
        "3,16": 30.98730319420741,
        "3,17": 34.3635382497512,
        "3,18": 23.478042875581053,
        "3,19": 28.612948727573286,
        "3,20": 38.69534513584168,
        "3,21": 39.97717118941896,
        "3,22": 20.198808661932652,
        "3,23": 39.810002682158036,
        "3,24": 23.109221704559467,
        "3,25": 36.381307757066395,
        "3,26": 45.7626766312884,
        "3,27": 25.97524682054849,
        "3,28": 28.39150650941291,
        "3,29": 59.16596430246577,
        "3,30": 60.24490106999891,
        "3,31": 46.101488797372845,
        "3,32": 22.04991546384114,
        "3,33": 37.7533567945157,
        "3,34": 53.97912822069781,
        "3,35": 18.858678482355973,
        "3,36": 40.869291702445956,
        "3,37": 40.306875145755505,
        "3,38": 55.908063251563945,
        "3,39": 44.165828415827285,
        "3,40": 17.96349619852074,
        "3,41": 50.976601988964546,
        "3,42": 35.35425678073379,
        "3,43": 44.143842994711044,
        "3,44": 31.377935241919914,
        "3,45": 49.046813590335134,
        "3,46": 57.23432571290427,
        "3,47": 47.94513725965366,
        "3,48": 68.92067304645614,
        "3,49": 33.12133331310427,
        "3,50": 21.33784028628818,
        "3,51": 57.827908437069446,
        "3,52": 3.538576951653721,
        "3,53": 60.801183436384235,
        "3,54": 53.60842293446726,
        "3,55": 62.470797775996104,
        "3,56": 13.355667460878532,
        "3,57": 67.13968388732772,
        "3,58": 49.21233280310908,
        "3,59": 50.41607743819781,
        "3,60": 22.615057427114,
        "4,0": 21.509146186338004,
        "4,1": 57.39996709562284,
        "4,2": 30.102926421650334,
        "4,3": 61.97043260809976,
        "4,4": 0.0,
        "4,5": 79.85317876395419,
        "4,6": 81.16960653178882,
        "4,7": 49.56232723698296,
        "4,8": 44.57427356748989,
        "4,9": 107.24199353826504,
        "4,10": 71.22373833436403,
        "4,11": 40.8443456187416,
        "4,12": 18.39343503394269,
        "4,13": 82.79230451535184,
        "4,14": 51.87978951469698,
        "4,15": 96.13628176419755,
        "4,16": 65.9594953211396,
        "4,17": 94.31258554005443,
        "4,18": 46.17609577283739,
        "4,19": 84.38292671131053,
        "4,20": 97.66945940142806,
        "4,21": 49.749060007537,
        "4,22": 77.30991243311033,
        "4,23": 67.82533132600278,
        "4,24": 56.25885051010011,
        "4,25": 97.33615650861982,
        "4,26": 64.91262176094192,
        "4,27": 71.3235379063086,
        "4,28": 34.63802619167596,
        "4,29": 5.419432527225066,
        "4,30": 66.6984574853921,
        "4,31": 63.92454007688039,
        "4,32": 78.24017833372488,
        "4,33": 61.17998748106173,
        "4,34": 72.19059836679648,
        "4,35": 53.91824753347495,
        "4,36": 49.035325615386725,
        "4,37": 101.07127000942131,
        "4,38": 7.527720253880595,
        "4,39": 39.77792101728418,
        "4,40": 65.65369302415723,
        "4,41": 20.113930097812585,
        "4,42": 94.95405943434801,
        "4,43": 62.29647010437775,
        "4,44": 63.560459122132656,
        "4,45": 110.86017913692672,
        "4,46": 73.12823647259394,
        "4,47": 91.32497631403503,
        "4,48": 93.04992791868608,
        "4,49": 43.81218889877939,
        "4,50": 79.6781778346152,
        "4,51": 67.14483804203277,
        "4,52": 59.79790682774739,
        "4,53": 18.243839982941633,
        "4,54": 93.52121694492963,
        "4,55": 80.04629611298455,
        "4,56": 69.87022975192004,
        "4,57": 89.61007415496007,
        "4,58": 108.29299455197614,
        "4,59": 77.85037495127433,
        "4,60": 42.174609614421534,
        "5,0": 88.36292790099371,
        "5,1": 32.80407648420165,
        "5,2": 51.59714563754954,
        "5,3": 45.46606587113377,
        "5,4": 79.85317876395419,
        "5,5": 0.0,
        "5,6": 17.861457413186272,
        "5,7": 35.83987192114615,
        "5,8": 37.228290842534385,
        "5,9": 61.2974239011426,
        "5,10": 42.78088799077176,
        "5,11": 43.81709633028257,
        "5,12": 64.65156463259491,
        "5,13": 46.06850314645909,
        "5,14": 89.73506289149992,
        "5,15": 37.30381165765352,
        "5,16": 16.316176334551994,
        "5,17": 65.61866523070583,
        "5,18": 64.0086904962538,
        "5,19": 29.4789302968899,
        "5,20": 40.2153562383904,
        "5,21": 82.15532726862762,
        "5,22": 60.77540498393488,
        "5,23": 85.20004970806212,
        "5,24": 27.87075343353028,
        "5,25": 46.47133943166079,
        "5,26": 90.65235593134533,
        "5,27": 70.87513933155313,
        "5,28": 50.64635342175874,
        "5,29": 74.85963354799111,
        "5,30": 29.81133113294364,
        "5,31": 90.84274140610337,
        "5,32": 30.611773008212854,
        "5,33": 82.58536712946403,
        "5,34": 17.762513164940685,
        "5,35": 62.66709611946631,
        "5,36": 31.65035975460099,
        "5,37": 67.32054761767795,
        "5,38": 77.45077515715013,
        "5,39": 41.421232881320854,
        "5,40": 63.28562479667799,
        "5,41": 60.5441086220571,
        "5,42": 40.6763645252245,
        "5,43": 19.57981703729166,
        "5,44": 76.71057324789439,
        "5,45": 67.667460608325,
        "5,46": 20.694821970519417,
        "5,47": 13.997006894998787,
        "5,48": 23.83099712503129,
        "5,49": 73.36963533051568,
        "5,50": 60.133128553967644,
        "5,51": 26.70977905412415,
        "5,52": 42.98884179149959,
        "5,53": 67.73330357833571,
        "5,54": 13.852133870151105,
        "5,55": 21.800843213801002,
        "5,56": 56.79364502977249,
        "5,57": 22.689274500336072,
        "5,58": 46.63895995509144,
        "5,59": 8.129451934092366,
        "5,60": 43.85203489712883,
        "6,0": 85.294733764281,
        "6,1": 45.52670314542088,
        "6,2": 56.65650383366057,
        "6,3": 60.02287586064482,
        "6,4": 81.16960653178882,
        "6,5": 17.861457413186272,
        "6,6": 0.0,
        "6,7": 45.74164737542986,
        "6,8": 36.61947319288252,
        "6,9": 79.08618187125892,
        "6,10": 58.99135057967103,
        "6,11": 51.816836067456045,
        "6,12": 63.885290902795646,
        "6,13": 63.486084477994886,
        "6,14": 100.5530059556095,
        "6,15": 54.89295680867612,
        "6,16": 29.035739685028542,
        "6,17": 83.17420974192294,
        "6,18": 75.27962437056196,
        "6,19": 47.317536688400125,
        "6,20": 57.81603505148853,
        "6,21": 93.22965890654729,
        "6,22": 77.10705117995107,
        "6,23": 98.8755359050539,
        "6,24": 38.78293188815844,
        "6,25": 64.28146437581854,
        "6,26": 103.46731887837069,
        "6,27": 85.96158286347217,
        "6,28": 57.81683050210613,
        "6,29": 75.82803801595894,
        "6,30": 18.05824771028,
        "6,31": 103.4928261889749,
        "6,32": 48.019715761108074,
        "6,33": 95.47635552425932,
        "6,34": 9.01325821481962,
        "6,35": 75.4396899065287,
        "6,36": 32.82724442942817,
        "6,37": 85.10852353469329,
        "6,38": 80.4039653170794,
        "6,39": 41.44110130739328,
        "6,40": 77.9698568450157,
        "6,41": 61.06365018592036,
        "6,42": 58.45620940332493,
        "6,43": 20.135807873500912,
        "6,44": 90.35937611565402,
        "6,45": 85.47634917587823,
        "6,46": 8.484225847088446,
        "6,47": 28.906849953682162,
        "6,48": 11.906083750070252,
        "6,49": 83.91397128401435,
        "6,50": 76.7497867455128,
        "6,51": 15.865580411621268,
        "6,52": 57.07303341147601,
        "6,53": 66.11500708726973,
        "6,54": 24.822232539123384,
        "6,55": 4.324595563795192,
        "6,56": 72.36139294849012,
        "6,57": 8.62917191227142,
        "6,58": 63.457785590060396,
        "6,59": 10.225043353317274,
        "6,60": 52.519955209229394,
        "7,0": 64.09460417383269,
        "7,1": 8.268987154694562,
        "7,2": 19.48476074062587,
        "7,3": 20.592952461787117,
        "7,4": 49.56232723698296,
        "7,5": 35.83987192114615,
        "7,6": 45.74164737542986,
        "7,7": 0.0,
        "7,8": 24.021678746034837,
        "7,9": 61.55518119060263,
        "7,10": 26.489267685160097,
        "7,11": 8.955563750670274,
        "7,12": 39.64229806713945,
        "7,13": 37.36612964967245,
        "7,14": 54.87064052129304,
        "7,15": 46.89798048315833,
        "7,16": 19.5898048669389,
        "7,17": 54.14794236305934,
        "7,18": 29.556522800220367,
        "7,19": 34.97674257665213,
        "7,20": 48.66281936140337,
        "7,21": 47.49754317463707,
        "7,22": 40.78855290944721,
        "7,23": 54.36678475402158,
        "7,24": 8.028587044896257,
        "7,25": 49.51543393874586,
        "7,26": 58.144998837459966,
        "7,27": 44.45820743079644,
        "7,28": 15.888481489075861,
        "7,29": 45.518722578794694,
        "7,30": 41.722476579814526,
        "7,31": 58.07468914455687,
        "7,32": 29.145230686560677,
        "7,33": 50.28660456749102,
        "7,34": 38.04958327146557,
        "7,35": 30.556583096803532,
        "7,36": 20.608231670103677,
        "7,37": 59.41007706902347,
        "7,38": 45.2381435798087,
        "7,39": 23.72803756687578,
        "7,40": 36.09039074684783,
        "7,41": 34.10486351539234,
        "7,42": 46.27864337501992,
        "7,43": 26.84891143447413,
        "7,44": 46.0137941203153,
        "7,45": 66.36902176819227,
        "7,46": 40.893314171715154,
        "7,47": 44.11690148153129,
        "7,48": 56.45000102544629,
        "7,49": 38.25491633040215,
        "7,50": 41.876763743746736,
        "7,51": 39.73285517173251,
        "7,52": 17.077175504290746,
        "7,53": 43.66412309557108,
        "7,54": 47.87999577248284,
        "7,55": 47.153440879890006,
        "7,56": 33.71822066733315,
        "7,57": 53.912486947474456,
        "7,58": 59.13680950574591,
        "7,59": 37.76899673309747,
        "7,60": 8.312172261430977,
        "8,0": 51.135147578279245,
        "8,1": 30.525646740347735,
        "8,2": 22.630635052176693,
        "8,3": 44.60805033153888,
        "8,4": 44.57427356748989,
        "8,5": 37.228290842534385,
        "8,6": 36.61947319288252,
        "8,7": 24.021678746034837,
        "8,8": 0.0,
        "8,9": 82.67584977675811,
        "8,10": 49.687415201699466,
        "8,11": 23.505447764085975,
        "8,12": 27.81993721116453,
        "8,13": 59.64338020578655,
        "8,14": 70.94246098934403,
        "8,15": 63.90621035566872,
        "8,16": 27.41013670471009,
        "8,17": 77.6219098286906,
        "8,18": 48.57441098572207,
        "8,19": 52.14613869400527,
        "8,20": 66.28075020089787,
        "8,21": 64.49689474813941,
        "8,22": 64.80656221553477,
        "8,23": 75.36032512707979,
        "8,24": 23.985096780887805,
        "8,25": 69.17582206292712,
        "8,26": 77.58578715072592,
        "8,27": 67.75103794387309,
        "8,28": 26.53699873931374,
        "8,29": 39.26120784873299,
        "8,30": 23.96319839911155,
        "8,31": 77.24625367143864,
        "8,32": 48.04096248337843,
        "8,33": 70.30470761656372,
        "8,34": 27.624500851132115,
        "8,35": 52.05402352906033,
        "8,36": 5.951741108466107,
        "8,37": 82.41113519993642,
        "8,38": 43.929891194475694,
        "8,39": 4.829945008045185,
        "8,40": 59.46307358299779,
        "8,41": 24.49997393794982,
        "8,42": 64.7872152539554,
        "8,43": 18.17623955548804,
        "8,44": 67.47313730818901,
        "8,45": 88.06931467295804,
        "8,46": 28.740170601126074,
        "8,47": 50.337850251712624,
        "8,48": 48.517037575689386,
        "8,49": 54.92539804424784,
        "8,50": 65.8418251832832,
        "8,51": 23.545193090975083,
        "8,52": 41.08329366427056,
        "8,53": 30.625332108783446,
        "8,54": 51.060428088403405,
        "8,55": 35.74563613908024,
        "8,56": 57.71522170365824,
        "8,57": 45.118268632556514,
        "8,58": 75.79620086123641,
        "8,59": 33.78933634282742,
        "8,60": 25.269749406966262,
        "9,0": 124.66453088482683,
        "9,1": 53.44532040316904,
        "9,2": 79.25646546303118,
        "9,3": 45.27177715623757,
        "9,4": 107.24199353826504,
        "9,5": 61.2974239011426,
        "9,6": 79.08618187125892,
        "9,7": 61.55518119060263,
        "9,8": 82.67584977675811,
        "9,9": 0.0,
        "9,10": 36.175908021767114,
        "9,11": 68.42387037706803,
        "9,12": 100.79966036894456,
        "9,13": 24.595465428260358,
        "9,14": 82.5678037815667,
        "9,15": 24.562169044393876,
        "9,16": 57.68083642016145,
        "9,17": 20.144454074245342,
        "9,18": 65.243438616644,
        "9,19": 32.59583070361657,
        "9,20": 21.692110165408803,
        "9,21": 76.31817467254258,
        "9,22": 34.64364799596614,
        "9,23": 65.20300445339232,
        "9,24": 58.81581386066624,
        "9,25": 14.843162798988372,
        "9,26": 73.60019173597681,
        "9,27": 48.122693076851036,
        "9,28": 73.28963859035767,
        "9,29": 104.354302520361,
        "9,30": 88.68883959654082,
        "9,31": 74.59103904665237,
        "9,32": 34.90432532344706,
        "9,33": 67.82583223036498,
        "9,34": 77.91573683299607,
        "9,35": 57.90069358312074,
        "9,36": 77.31174643213971,
        "9,37": 14.43719532863466,
        "9,38": 101.1154266974889,
        "9,39": 84.04956118374783,
        "9,40": 47.656577763196836,
        "9,41": 95.13619567537354,
        "9,42": 20.629982213341798,
        "9,43": 73.32773827674018,
        "9,44": 60.15707267094743,
        "9,45": 6.455771444339435,
        "9,46": 81.22034246924775,
        "9,47": 52.19043912786595,
        "9,48": 82.0037936421659,
        "9,49": 73.20832370612258,
        "9,50": 31.78089242784134,
        "9,51": 85.60803797219594,
        "9,52": 47.57574471210153,
        "9,53": 104.89381366617374,
        "9,54": 58.48205590846037,
        "9,55": 83.09708912070424,
        "9,56": 40.019381030183254,
        "9,57": 82.2493753546575,
        "9,58": 21.69906911374055,
        "9,59": 69.33684312266278,
        "9,60": 66.6137316028524,
        "10,0": 88.51650763965426,
        "10,1": 19.161819222813733,
        "10,2": 43.145827589637996,
        "10,3": 9.633189868231735,
        "10,4": 71.22373833436403,
        "10,5": 42.78088799077176,
        "10,6": 58.99135057967103,
        "10,7": 26.489267685160097,
        "10,8": 49.687415201699466,
        "10,9": 36.175908021767114,
        "10,10": 0.0,
        "10,11": 32.44838144833799,
        "10,12": 64.85088879591578,
        "10,13": 11.59518833890191,
        "10,14": 55.53000955340471,
        "10,15": 28.91352194487884,
        "10,16": 30.709348024137476,
        "10,17": 27.94417655227155,
        "10,18": 32.62242143163657,
        "10,19": 20.687806258953888,
        "10,20": 29.317923415613652,
        "10,21": 48.11109299067209,
        "10,22": 18.116527943339467,
        "10,23": 45.00452971418238,
        "10,24": 26.191440811858723,
        "10,25": 26.74825833527809,
        "10,26": 51.891794769908785,
        "10,27": 28.799533325021514,
        "10,28": 37.11379232482595,
        "10,29": 68.20799786228064,
        "10,30": 62.082060569632276,
        "10,31": 52.41178544253341,
        "10,32": 14.736953895578171,
        "10,33": 44.14785975432572,
        "10,34": 54.164979979003625,
        "10,35": 27.018953277083213,
        "10,36": 45.15122011518957,
        "10,37": 32.92690444134859,
        "10,38": 65.33048082719552,
        "10,39": 50.05756850826187,
        "10,40": 22.283087636556324,
        "10,41": 59.161551399343075,
        "10,42": 25.884531770927833,
        "10,43": 45.68434668068048,
        "10,44": 37.0177645322338,
        "10,45": 40.393816046040946,
        "10,46": 57.55605111079207,
        "10,47": 42.534663789033985,
        "10,48": 66.61120766877266,
        "10,49": 42.030315545109964,
        "10,50": 17.908369137985396,
        "10,51": 59.37929448589104,
        "10,52": 11.431606536229557,
        "10,53": 68.96504271489505,
        "10,54": 48.70391622857447,
        "10,55": 61.9696595305228,
        "10,56": 14.440681684499925,
        "10,57": 65.28784840957434,
        "10,58": 39.72702659207414,
        "10,59": 48.9200279180782,
        "10,60": 30.57029812539566,
        "11,0": 56.35769928786644,
        "11,1": 16.556684867157216,
        "11,2": 11.02823350394746,
        "11,3": 24.623757161640086,
        "11,4": 40.8443456187416,
        "11,5": 43.81709633028257,
        "11,6": 51.816836067456045,
        "11,7": 8.955563750670274,
        "11,8": 23.505447764085975,
        "11,9": 68.42387037706803,
        "11,10": 32.44838144833799,
        "11,11": 0.0,
        "11,12": 32.408179054401685,
        "11,13": 43.88187068759201,
        "11,14": 49.24289206993721,
        "11,15": 55.3334522573172,
        "11,16": 27.869952381594175,
        "11,17": 58.98726380422557,
        "11,18": 25.332809475098546,
        "11,19": 43.539780970616995,
        "11,20": 56.950875071386335,
        "11,21": 42.25277506898872,
        "11,22": 44.01497973131378,
        "11,23": 51.88967274298317,
        "11,24": 16.614932612080946,
        "11,25": 57.19712129151755,
        "11,26": 54.46608459377382,
        "11,27": 44.81986061296042,
        "11,28": 6.999956841477663,
        "11,29": 37.010682400507854,
        "11,30": 44.947930879578905,
        "11,31": 54.21222771149347,
        "11,32": 37.4573407670067,
        "11,33": 46.992002932427305,
        "11,34": 43.49472299805146,
        "11,35": 28.571738477734744,
        "11,36": 22.252744420205747,
        "11,37": 64.83489763135536,
        "11,38": 36.31735298510664,
        "11,39": 21.42570963106625,
        "11,40": 36.70914413359293,
        "11,41": 26.726387140966395,
        "11,42": 54.373872836978286,
        "11,43": 31.964566343686208,
        "11,44": 43.96769014042709,
        "11,45": 72.8364939919354,
        "11,46": 45.96733768870733,
        "11,47": 52.85702611587879,
        "11,48": 63.060563940812855,
        "11,49": 32.698493039268605,
        "11,50": 45.589047773060294,
        "11,51": 43.46576836317941,
        "11,52": 21.51120380430757,
        "11,53": 36.51900734719788,
        "11,54": 56.34930732073907,
        "11,55": 52.64943996440193,
        "11,56": 36.45752123533802,
        "11,57": 60.265466163638344,
        "11,58": 67.52708469822879,
        "11,59": 44.787208401443266,
        "11,60": 2.0569865819372914,
        "12,0": 24.698017761990258,
        "12,1": 47.911280279040874,
        "12,2": 21.924063798142225,
        "12,3": 56.67636855047139,
        "12,4": 18.39343503394269,
        "12,5": 64.65156463259491,
        "12,6": 63.885290902795646,
        "12,7": 39.64229806713945,
        "12,8": 27.81993721116453,
        "12,9": 100.79966036894456,
        "12,10": 64.85088879591578,
        "12,11": 32.408179054401685,
        "12,12": 0.0,
        "12,13": 76.28436617200586,
        "12,14": 61.52183863674252,
        "12,15": 86.16413035348327,
        "12,16": 52.47690336344189,
        "12,17": 90.85826465895464,
        "12,18": 47.76358885359206,
        "12,19": 74.13738274250142,
        "12,20": 88.09600443032859,
        "12,21": 57.333892624675094,
        "12,22": 74.9535019244313,
        "12,23": 73.37338198416587,
        "12,24": 44.62230923558901,
        "12,25": 89.1512260223231,
        "12,26": 72.49062644048102,
        "12,27": 72.37826748619284,
        "12,28": 28.542079201363975,
        "12,29": 13.053261687685884,
        "12,30": 48.632455401451566,
        "12,31": 71.73024122255255,
        "12,32": 68.65548292888327,
        "12,33": 67.05110021808649,
        "12,34": 55.0224074825857,
        "12,35": 54.455480222623336,
        "12,36": 33.039079891588074,
        "12,37": 96.98011290063235,
        "12,38": 20.953646100049014,
        "12,39": 23.29840166500409,
        "12,40": 65.27577132097845,
        "12,41": 5.701322112118274,
        "12,42": 85.85468889211633,
        "12,43": 45.98268696314194,
        "12,44": 67.33869792962258,
        "12,45": 105.24292424983523,
        "12,46": 55.63646113719321,
        "12,47": 77.14515397838917,
        "12,48": 75.66652282239785,
        "12,49": 49.1853514457708,
        "12,50": 76.87864505631435,
        "12,51": 49.29154495773228,
        "12,52": 53.769298952942634,
        "12,53": 4.124982891670786,
        "12,54": 78.49767071771862,
        "12,55": 62.42716717924811,
        "12,56": 67.2667390409844,
        "12,57": 72.15656305877691,
        "12,58": 98.4050087015576,
        "12,59": 61.607493744226105,
        "12,60": 34.2858011154605,
        "13,0": 100.0718514948656,
        "13,1": 29.49572285476259,
        "13,2": 54.67188593433015,
        "13,3": 20.933146902438473,
        "13,4": 82.79230451535184,
        "13,5": 46.06850314645909,
        "13,6": 63.486084477994886,
        "13,7": 37.36612964967245,
        "13,8": 59.64338020578655,
        "13,9": 24.595465428260358,
        "13,10": 11.59518833890191,
        "13,11": 43.88187068759201,
        "13,12": 76.28436617200586,
        "13,13": 0.0,
        "13,14": 63.54019524742931,
        "13,15": 21.400315676188793,
        "13,16": 37.36271380040808,
        "13,17": 19.77413932325091,
        "13,18": 42.67191642562014,
        "13,19": 18.130664307859057,
        "13,20": 20.817477741453402,
        "13,21": 56.47959222073774,
        "13,22": 18.419148847172945,
        "13,23": 49.95250830877141,
        "13,24": 35.6854838593445,
        "13,25": 16.2143087307116,
        "13,26": 57.678910680771224,
        "13,27": 32.37940085117222,
        "13,28": 48.7003599604383,
        "13,29": 79.80283092402978,
        "13,30": 69.32820673183299,
        "13,31": 58.40182334264817,
        "13,32": 15.4767020235282,
        "13,33": 50.51795687369802,
        "13,34": 60.063469580304165,
        "13,35": 36.117701710334934,
        "13,36": 54.675704875902554,
        "13,37": 23.059420024674782,
        "13,38": 76.82682962540903,
        "13,39": 60.49517299160556,
        "13,40": 28.297640649938177,
        "13,41": 70.60763311764477,
        "13,42": 17.12126838088071,
        "13,43": 53.11051403156485,
        "13,44": 42.88549262583848,
        "13,45": 29.030818250300225,
        "13,46": 63.48936338197991,
        "13,47": 42.15195004101234,
        "13,48": 69.44138706332643,
        "13,49": 51.567933648514035,
        "13,50": 16.49144214543341,
        "13,51": 66.4264844281487,
        "13,52": 23.02123385530549,
        "13,53": 80.38893471302049,
        "13,54": 48.746657382345475,
        "13,55": 66.9487402087069,
        "13,56": 19.592359357498918,
        "13,57": 68.69027075477221,
        "13,58": 30.30182200175037,
        "13,59": 53.262788638794845,
        "13,60": 42.046884257464484,
        "14,0": 73.18705404653114,
        "14,1": 56.9785691206302,
        "14,2": 48.71513805809728,
        "14,3": 47.55996004610441,
        "14,4": 51.87978951469698,
        "14,5": 89.73506289149992,
        "14,6": 100.5530059556095,
        "14,7": 54.87064052129304,
        "14,8": 70.94246098934403,
        "14,9": 82.5678037815667,
        "14,10": 55.53000955340471,
        "14,11": 49.24289206993721,
        "14,12": 61.52183863674252,
        "14,13": 63.54019524742931,
        "14,14": 0.0,
        "14,15": 84.13468614133554,
        "14,16": 73.5513374582436,
        "14,17": 63.67787127488268,
        "14,18": 25.729459850046688,
        "14,19": 75.97175208833421,
        "14,20": 84.09826614774505,
        "14,21": 7.655286100092159,
        "14,22": 47.999648146155614,
        "14,23": 20.868864715744042,
        "14,24": 62.322724400010266,
