{
    "num_robots": 2,
    "num_tasks": 50,
    "num_nodes": 51,
    "robot_capacity": [
        336,
        391
    ],
    "robot_speed": [
        0.84,
        0.83
    ],
    "task_demand": {
        "0": 0,
        "1": 9,
        "2": 9,
        "3": 10,
        "4": 15,
        "5": 7,
        "6": 7,
        "7": 11,
        "8": 7,
        "9": 12,
        "10": 13,
        "11": 13,
        "12": 7,
        "13": 13,
        "14": 12,
        "15": 6,
        "16": 10,
        "17": 12,
        "18": 9,
        "19": 7,
        "20": 12,
        "21": 6,
        "22": 7,
        "23": 5,
        "24": 5,
        "25": 6,
        "26": 15,
        "27": 11,
        "28": 9,
        "29": 13,
        "30": 14,
        "31": 11,
        "32": 12,
        "33": 15,
        "34": 6,
        "35": 15,
        "36": 13,
        "37": 9,
        "38": 9,
        "39": 8,
        "40": 6,
        "41": 15,
        "42": 12,
        "43": 10,
        "44": 15,
        "45": 10,
        "46": 9,
        "47": 13,
        "48": 15,
        "49": 8,
        "50": 14
    },
    "task_service_time": {
        "0": 0,
        "1": 86,
        "2": 10,
        "3": 67,
        "4": 88,
        "5": 65,
        "6": 38,
        "7": 16,
        "8": 11,
        "9": 50,
        "10": 97,
        "11": 75,
        "12": 76,
        "13": 93,
        "14": 13,
        "15": 97,
        "16": 79,
        "17": 10,
        "18": 55,
        "19": 91,
        "20": 92,
        "21": 66,
        "22": 37,
        "23": 76,
        "24": 29,
        "25": 68,
        "26": 87,
        "27": 38,
        "28": 86,
        "29": 78,
        "30": 64,
        "31": 31,
        "32": 13,
        "33": 40,
        "34": 12,
        "35": 17,
        "36": 23,
        "37": 26,
        "38": 30,
        "39": 50,
        "40": 72,
        "41": 40,
        "42": 74,
        "43": 56,
        "44": 66,
        "45": 92,
        "46": 53,
        "47": 20,
        "48": 10,
        "49": 89,
        "50": 22
    },
    "task_precedence": [],
    "coordinates": {
        "0": [
            100,
            0
        ],
        "1": [
            46.73696972228457,
            77.89729154668352
        ],
        "2": [
            26.87459432396976,
            30.095685184818556
        ],
        "3": [
            95.36964180722107,
            12.50159403202833
        ],
        "4": [
            40.42055648281654,
            78.39161979352605
        ],
        "5": [
            40.48158425942471,
            83.02605098012033
        ],
        "6": [
            59.89741199071877,
            30.65333370987603
        ],
        "7": [
            89.59786934019361,
            19.22355609331553
        ],
        "8": [
            78.77437728610408,
            46.438598420804
        ],
        "9": [
            74.20995772318658,
            64.38558312628398
        ],
        "10": [
            45.44099282597818,
            56.057050778772535
        ],
        "11": [
            90.74036761096255,
            84.59525988957294
        ],
        "12": [
            82.04975979365028,
            59.31405868079135
        ],
        "13": [
            99.63257508794507,
            94.59874460945684
        ],
        "14": [
            52.793440839388964,
            93.93987881302488
        ],
        "15": [
            41.099397828655235,
            37.472230394280594
        ],
        "16": [
            18.492049712066205,
            54.70401957169753
        ],
        "17": [
            51.0362745572678,
            36.5680794432096
        ],
        "18": [
            11.73846311204555,
            41.72435316335131
        ],
        "19": [
            43.542413107982,
            26.90367301627109
        ],
        "20": [
            77.107329133075,
            41.98700965734884
        ],
        "21": [
            60.56296331206853,
            29.438878683905035
        ],
        "22": [
            55.587788100500426,
            70.98713487287314
        ],
        "23": [
            35.375537423185285,
            44.820616446912865
        ],
        "24": [
            16.774631271893682,
            58.91916392666029
        ],
        "25": [
            26.16477174982259,
            37.99188779436879
        ],
        "26": [
            29.7180233160634,
            67.65921707493864
        ],
        "27": [
            42.927342768007584,
            15.006825553863191
        ],
        "28": [
            99.04968019121172,
            84.5812180686436
        ],
        "29": [
            73.97214908879482,
            7.195209573743888
        ],
        "30": [
            52.0003532540071,
            31.350472783239436
        ],
        "31": [
            74.60798438306925,
            29.150445564014436
        ],
        "32": [
            94.0548604025367,
            54.051620636016665
        ],
        "33": [
            8.36829685564795,
            74.85964259137299
        ],
        "34": [
            4.382286856687456,
            58.917599473314255
        ],
        "35": [
            79.43939040577558,
            33.833418753809006
        ],
        "36": [
            68.15498725123852,
            61.70121781638683
        ],
        "37": [
            74.22176658639356,
            40.98658292421569
        ],
        "38": [
            21.814687923495324,
            42.19015045179524
        ],
        "39": [
            83.75325979879392,
            5.221172332226443
        ],
        "40": [
            16.878372340505553,
            46.20476335814446
        ],
        "41": [
            80.61407334499987,
            18.5773513178328
        ],
        "42": [
            95.840386926657,
            35.78400579450529
        ],
        "43": [
            84.46632119584613,
            22.01283087743613
        ],
        "44": [
            54.40652896336186,
            27.43486762156343
        ],
        "45": [
            96.37862507554617,
            86.80261032874202
        ],
        "46": [
            63.190499878456066,
            78.63695306880601
        ],
        "47": [
            73.17528298504674,
            82.77103825366792
        ],
        "48": [
            85.50516189902658,
            81.86829058767854
        ],
        "49": [
            24.701676602454402,
            42.58855126643956
        ],
        "50": [
            49.46342434971476,
            56.41150255574034
        ]
    },
    "distance_matrix_str_keys": {
        "0,0": 0.0,
        "0,1": 94.36598128920105,
        "0,2": 79.07638852418403,
        "0,3": 13.331544184192666,
        "0,4": 98.46296838746026,
        "0,5": 102.15560167519693,
        "0,6": 50.476176881487056,
        "0,7": 21.857479981382408,
        "0,8": 51.05947985321975,
        "0,9": 69.3587023750549,
        "0,10": 78.2245371084345,
        "0,11": 85.10052166564257,
        "0,12": 61.97070824715507,
        "0,13": 94.59945815252453,
        "0,14": 105.13401000242533,
        "0,15": 69.81009229953123,
        "0,16": 98.16351520519706,
        "0,17": 61.11195335935638,
        "0,18": 97.6269457717684,
        "0,19": 62.54012103790811,
        "0,20": 47.82241482179316,
        "0,21": 49.21308200967433,
        "0,22": 83.7354040013275,
        "0,23": 78.64609858107013,
        "0,24": 101.97024015734162,
        "0,25": 83.03628405062274,
        "0,26": 97.55678296148902,
        "0,27": 59.012651327699025,
        "0,28": 84.58655660159253,
        "0,29": 27.004074949274226,
        "0,30": 57.33077909354401,
        "0,31": 38.65880150329319,
        "0,32": 54.37759077242379,
        "0,33": 118.32301175191054,
        "0,34": 112.31220144959623,
        "0,35": 39.59089404720116,
        "0,36": 69.43446634772958,
        "0,37": 48.419183158434066,
        "0,38": 88.84228621352304,
        "0,39": 17.065087391756677,
        "0,40": 95.10039506619182,
        "0,41": 26.85017940832479,
        "0,42": 36.024955955852526,
        "0,43": 26.941787253803795,
        "0,44": 53.21124470054681,
        "0,45": 86.878118742448,
        "0,46": 86.82574322828191,
        "0,47": 87.00925362582122,
        "0,48": 83.14154999350208,
        "0,49": 86.5079314598119,
        "0,50": 75.73772573198447,
        "1,0": 94.36598128920105,
        "1,1": 0.0,
        "1,2": 51.76395973298672,
        "1,3": 81.49683458606991,
        "1,4": 6.335727000696406,
        "1,5": 8.089129781071978,
        "1,6": 49.04272415748164,
        "1,7": 72.66129608057021,
        "1,8": 44.90038815643512,
        "1,9": 30.615867358864776,
        "1,10": 21.878657932242575,
        "1,11": 44.510243828490296,
        "1,12": 39.904005893798676,
        "1,13": 55.469663793894696,
        "1,14": 17.147753456079826,
        "1,15": 40.816268644149176,
        "1,16": 36.547275839511,
        "1,17": 41.55222972546775,
        "1,18": 50.332662717476936,
        "1,19": 51.09358396890168,
        "1,20": 47.030916173428565,
        "1,21": 50.39222039089211,
        "1,22": 11.22885796600748,
        "1,23": 34.973541135304046,
        "1,24": 35.46704179062106,
        "1,25": 44.896064171076546,
        "1,26": 19.861085208689445,
        "1,27": 63.00574553423556,
        "1,28": 52.73798015052114,
        "1,29": 75.76634734784474,
        "1,30": 46.843457848443656,
        "1,31": 56.15201199850043,
        "1,32": 52.98677947949012,
        "1,33": 38.48873041193586,
        "1,34": 46.41279857803472,
        "1,35": 54.87324670608299,
        "1,36": 26.8522676723547,
        "1,37": 46.0197182702595,
        "1,38": 43.54446067215118,
        "1,39": 81.55994136279318,
        "1,40": 43.542533006113956,
        "1,41": 68.31188372910391,
        "1,42": 64.68905949224549,
        "1,43": 67.42830938788396,
        "1,44": 51.041927543451244,
        "1,45": 50.43410204238884,
        "1,46": 16.470147351112356,
        "1,47": 26.883783497562007,
        "1,48": 38.971034859705526,
        "1,49": 41.62044309056016,
        "1,50": 21.658085866455757,
        "2,0": 79.07638852418403,
        "2,1": 51.76395973298672,
        "2,2": 0.0,
        "2,3": 70.71862253484257,
        "2,4": 50.15964902725555,
        "2,5": 54.65138423066724,
        "2,6": 33.027525770618205,
        "2,7": 63.658561244683796,
        "2,8": 54.412115236917565,
        "2,9": 58.4502671420074,
        "2,10": 31.91713735343942,
        "2,11": 83.95856502194798,
        "2,12": 62.43406309344917,
        "2,13": 97.233576710874,
        "2,14": 68.90477243795061,
        "2,15": 16.02368415733877,
        "2,16": 25.99686857040677,
        "2,17": 25.013569899800363,
        "2,18": 19.087388166523446,
        "2,19": 16.970713735751552,
        "2,20": 51.621034899669446,
        "2,21": 33.69477110558755,
        "2,22": 49.965569689930476,
        "2,23": 17.00263609707337,
        "2,24": 30.541810366032728,
        "2,25": 7.928042869323859,
        "2,26": 37.670997020163234,
        "2,27": 22.03098766669877,
        "2,28": 90.43183241302881,
        "2,29": 52.36994794764571,
        "2,30": 25.1570716445198,
        "2,31": 47.74274818728888,
        "2,32": 71.32373373379315,
        "2,33": 48.43856860686362,
        "2,34": 36.55963126805515,
        "2,35": 52.69751834151763,
        "2,36": 51.99019651006166,
        "2,37": 48.58360191276105,
        "2,38": 13.110253349026767,
        "2,39": 62.07998047559877,
        "2,40": 18.95855620919004,
        "2,41": 54.960018381757166,
        "2,42": 69.19998223031172,
        "2,43": 58.15616508882939,
        "2,44": 27.660212853351027,
        "2,45": 89.702205379771,
        "2,46": 60.62260043933616,
        "2,47": 70.1316375925867,
        "2,48": 78.2173006717411,
        "2,49": 12.680428792347364,
        "2,50": 34.6810825354646,
        "3,0": 13.331544184192666,
        "3,1": 81.49683458606991,
        "3,2": 70.71862253484257,
        "3,3": 0.0,
        "3,4": 85.79567280952766,
        "3,5": 89.36664864027009,
        "3,6": 39.84676575943279,
        "3,7": 8.859917119506296,
        "3,8": 37.777282477828166,
        "3,9": 56.03285246057871,
        "3,10": 66.2566811839355,
        "3,11": 72.24214030857223,
        "3,12": 48.67058766182235,
        "3,13": 82.20775348523324,
        "3,14": 91.89628456539428,
        "3,15": 59.739367772256315,
        "3,16": 87.69953755739161,
        "3,17": 50.4444563036002,
        "3,18": 88.58974941375385,
        "3,19": 53.79109139728991,
        "3,20": 34.682874719465964,
        "3,21": 38.70886822478297,
        "3,22": 70.73297937871025,
        "3,23": 68.14551908010087,
        "3,24": 91.27851048286922,
        "3,25": 73.7500448525411,
        "3,26": 85.74671066724547,
        "3,27": 52.50210389590389,
        "3,28": 72.17350541415769,
        "3,29": 22.045643802216958,
        "3,30": 47.28821650041154,
        "3,31": 26.61260371199997,
        "3,32": 41.570823433439976,
        "3,33": 107.04092788981326,
        "3,34": 102.14276441344184,
        "3,35": 26.623667209346447,
        "3,36": 56.224909098404744,
        "3,37": 35.477136560660135,
        "3,38": 79.32049938777935,
        "3,39": 13.70929870900245,
        "3,40": 85.42120934007785,
        "3,41": 15.957494391015878,
        "3,42": 23.28717025413346,
        "3,43": 14.468794928530727,
        "3,44": 43.600221031075634,
        "3,45": 74.30786681072384,
        "3,46": 73.54850705619451,
        "3,47": 73.69114163008703,
        "3,48": 70.06458845167668,
        "3,49": 76.80616057197108,
        "3,50": 63.52527739267743,
        "4,0": 98.46296838746026,
        "4,1": 6.335727000696406,
        "4,2": 50.15964902725555,
        "4,3": 85.79567280952766,
        "4,4": 0.0,
        "4,5": 4.634832986505063,
        "4,6": 51.55862545375036,
        "4,7": 76.93677834367978,
        "4,8": 49.92004752658319,
        "4,9": 36.5772155761869,
        "4,10": 22.891870918527516,
        "4,11": 50.70077457409865,
        "4,12": 45.79240009329996,
        "4,13": 61.39001581766573,
        "4,14": 19.87049636618425,
        "4,15": 40.92501990689682,
        "4,16": 32.27943328907764,
        "4,17": 43.149762428903124,
        "4,18": 46.552668261421395,
        "4,19": 51.582503352644,
        "4,20": 51.683797525518656,
        "4,21": 52.93474676448993,
        "4,22": 16.878131172752692,
        "4,23": 33.94796728834226,
        "4,24": 30.63178604925922,
        "4,25": 42.841168797748665,
        "4,26": 15.156803234831324,
        "4,27": 63.43434494249956,
        "4,28": 58.95494274122946,
        "4,29": 78.70602387734397,
        "4,30": 48.44544566112972,
        "4,31": 59.945587543505624,
        "4,32": 58.89884647376778,
        "4,33": 32.246274360985495,
        "4,34": 40.96332927238214,
        "4,35": 59.22755001351399,
        "4,36": 32.36924726043046,
        "4,37": 50.41486474900656,
        "4,38": 40.70288352619521,
        "4,39": 85.03903549757207,
        "4,40": 39.87766494395508,
        "4,41": 72.06431510139348,
        "4,42": 69.90541021347043,
        "4,43": 71.54437244675913,
        "4,44": 52.84125299556577,
        "4,45": 56.586660993666406,
        "4,46": 22.771265020999333,
        "4,47": 33.046201208080376,
        "4,48": 45.218457352570844,
        "4,49": 39.101699459850906,
        "4,50": 23.76760427651438,
        "5,0": 102.15560167519693,
        "5,1": 8.089129781071978,
        "5,2": 54.65138423066724,
        "5,3": 89.36664864027009,
        "5,4": 4.634832986505063,
        "5,5": 0.0,
        "5,6": 55.85584911860381,
        "5,7": 80.5181210282264,
        "5,8": 52.96205889657546,
        "5,9": 38.53660880670356,
        "5,10": 27.421209039542756,
        "5,11": 50.283274759887334,
        "5,12": 47.85573942640137,
        "5,13": 60.27243942163106,
        "5,14": 16.452764217963225,
        "5,15": 45.55800987283358,
        "5,16": 35.856339644603445,
        "5,17": 47.641836725800054,
        "5,18": 50.318955233993265,
        "5,19": 56.205782456588146,
        "5,20": 55.005891504836704,
        "5,21": 57.22627735018439,
        "5,22": 19.31664814416483,
        "5,23": 38.54512864377381,
        "5,24": 33.810673216623265,
        "5,25": 47.25512643381667,
        "5,26": 18.761498566236508,
        "5,27": 68.06318213447187,
        "5,28": 58.58873958149494,
        "5,29": 82.89713168131487,
        "5,30": 52.943813813631756,
        "5,31": 63.77454072238408,
        "5,32": 60.906596773021626,
        "5,33": 33.13538069570606,
        "5,34": 43.40940804741862,
        "5,35": 62.750503783553626,
        "5,36": 34.936596036368485,
        "5,37": 53.9047008885174,
        "5,38": 44.900153571848676,
        "5,39": 89.02829351053482,
        "5,40": 43.7369275901918,
        "5,41": 75.92266834327907,
        "5,42": 72.77642383402237,
        "5,43": 75.21482640187892,
        "5,44": 57.30867082922445,
        "5,45": 56.02447297844765,
        "5,46": 23.129181331542846,
        "5,47": 32.694693267446205,
        "5,48": 45.038460815125156,
        "5,49": 43.40733657754692,
        "5,50": 28.089279792141504,
        "6,0": 50.476176881487056,
        "6,1": 49.04272415748164,
        "6,2": 33.027525770618205,
        "6,3": 39.84676575943279,
        "6,4": 51.55862545375036,
        "6,5": 55.85584911860381,
        "6,6": 0.0,
        "6,7": 31.823842997538833,
        "6,8": 24.60720221311739,
        "6,9": 36.64305685985732,
        "6,10": 29.229041995645748,
        "6,11": 62.13710092503671,
        "6,12": 36.22379975983322,
        "6,13": 75.28544853741262,
        "6,14": 63.68401053020938,
        "6,15": 19.996566916091492,
        "6,16": 47.883603831066075,
        "6,17": 10.653824369891485,
        "6,18": 49.4150971752347,
        "6,19": 16.779330849932215,
        "6,20": 20.60663627400383,
        "6,21": 1.3848680700545528,
        "6,22": 40.563387116109126,
        "6,23": 28.32020890560286,
        "6,24": 51.560948156215545,
        "6,25": 34.52166556921543,
        "6,26": 47.75176336434639,
        "6,27": 23.08238434173961,
        "6,28": 66.64170478503637,
        "6,29": 27.35656799319212,
        "6,30": 7.927770151731451,
        "6,31": 14.787143499998754,
        "6,32": 41.40303265564018,
        "6,33": 67.89291164421881,
        "6,34": 62.29604993732284,
        "6,35": 19.799036877110776,
        "6,36": 32.12722609679326,
        "6,37": 17.66247926844588,
        "6,38": 39.79185862606706,
        "6,39": 34.86970471599746,
        "6,40": 45.74368520934512,
        "6,41": 23.97935379448124,
        "6,42": 36.307316663249544,
        "6,43": 26.04399333295864,
        "6,44": 6.364614708034922,
        "6,45": 66.95984000102234,
        "6,46": 48.096487965536966,
        "6,47": 53.78249701395429,
        "6,48": 57.26018392706759,
        "6,49": 37.16435399200728,
        "6,50": 27.791210128108478,
        "7,0": 21.857479981382408,
        "7,1": 72.66129608057021,
        "7,2": 63.658561244683796,
        "7,3": 8.859917119506296,
        "7,4": 76.93677834367978,
        "7,5": 80.5181210282264,
        "7,6": 31.823842997538833,
        "7,7": 0.0,
        "7,8": 29.288334010863917,
        "7,9": 47.711597223939094,
        "7,10": 57.502487548237944,
        "7,11": 65.38168672896352,
        "7,12": 40.79488148583133,
        "7,13": 76.04021543425425,
        "7,14": 83.28922402103767,
        "7,15": 51.81810352278634,
        "7,16": 79.4663505744953,
        "7,17": 42.282727944606314,
        "7,18": 81.04549960970512,
        "7,19": 46.69142581574724,
        "7,20": 25.965138413410155,
        "7,21": 30.779515650702862,
        "7,22": 61.936691177346546,
        "7,23": 59.960576858998984,
        "7,24": 82.9395278742952,
        "7,25": 66.15140319562613,
        "7,26": 77.01694108831038,
        "7,27": 46.86063237908204,
        "7,28": 66.03757042203071,
        "7,29": 19.719134194225298,
        "7,30": 39.50487722111548,
        "7,31": 17.978870531579453,
        "7,32": 35.11208978571857,
        "7,33": 98.4561707910753,
        "7,34": 94.00698153784356,
        "7,35": 17.794459284268694,
        "7,36": 47.583074067787045,
        "7,37": 26.64683607368608,
        "7,38": 71.56831798635471,
        "7,39": 15.173207033591536,
        "7,40": 77.5635919059664,
        "7,41": 9.007006777787828,
        "7,42": 17.69795242741207,
        "7,43": 5.840619845451941,
        "7,44": 36.13663064719739,
        "7,45": 67.91838646270413,
        "7,46": 65.01769683752208,
        "7,47": 65.63523315653386,
        "7,48": 62.77828457411224,
        "7,49": 68.9741896022991,
        "7,50": 54.714870344230434,
        "8,0": 51.05947985321975,
        "8,1": 44.90038815643512,
        "8,2": 54.412115236917565,
        "8,3": 37.777282477828166,
        "8,4": 49.92004752658319,
        "8,5": 52.96205889657546,
        "8,6": 24.60720221311739,
        "8,7": 29.288334010863917,
        "8,8": 0.0,
        "8,9": 18.51832027925525,
        "8,10": 34.693358807256956,
        "8,11": 39.98894520860538,
        "8,12": 13.285541294100632,
        "8,13": 52.48298863873072,
        "8,14": 54.142226566226825,
        "8,15": 38.72724922720763,
        "8,16": 60.84633271237672,
        "8,17": 29.44196813873906,
        "8,18": 67.20147243549918,
        "8,19": 40.285290248540385,
        "8,20": 4.753492617374922,
        "8,21": 24.912769217146646,
        "8,22": 33.767566687585294,
        "8,23": 43.42898993892336,
        "8,24": 63.24344251519337,
        "8,25": 53.28336996746615,
        "8,26": 53.44942021105686,
        "8,27": 47.67563559409102,
        "8,28": 43.196612615963595,
        "8,29": 39.53612226636034,
        "8,30": 30.73271706384321,
        "8,31": 17.783111623733912,
        "8,32": 17.071943987750895,
        "8,33": 75.9260950749167,
        "8,34": 75.43148272258111,
        "8,35": 12.622709569920367,
        "8,36": 18.59352025645018,
        "8,37": 7.102868234604796,
        "8,38": 57.11790894658399,
        "8,39": 41.5170505267718,
        "8,40": 61.89644664326126,
        "8,41": 27.92191919839927,
        "8,42": 20.118872460548676,
        "8,43": 25.080198275816976,
        "8,44": 30.902003432951975,
        "8,45": 44.03592848500232,
        "8,46": 35.771375107690716,
        "8,47": 36.761338947334465,
        "8,48": 36.06336851356298,
        "8,49": 54.20959160807614,
        "8,50": 30.96111721052489,
        "9,0": 69.3587023750549,
        "9,1": 30.615867358864776,
        "9,2": 58.4502671420074,
        "9,3": 56.03285246057871,
        "9,4": 36.5772155761869,
        "9,5": 38.53660880670356,
        "9,6": 36.64305685985732,
        "9,7": 47.711597223939094,
        "9,8": 18.51832027925525,
        "9,9": 0.0,
        "9,10": 29.950255296413644,
        "9,11": 26.10910733699074,
        "9,12": 9.337176056242932,
        "9,13": 39.48600512185552,
        "9,14": 36.4982683010208,
        "9,15": 42.66893169282049,
        "9,16": 56.55278902049985,
        "9,17": 36.205429187239915,
        "9,18": 66.45463853172883,
        "9,19": 48.42924610419462,
        "9,20": 22.58519104480021,
        "9,21": 37.51683099410284,
        "9,22": 19.75767412725975,
        "9,23": 43.48448138361609,
        "9,24": 57.69487380550026,
        "9,25": 54.81757973943298,
        "9,26": 44.61220580197235,
        "9,27": 58.45394510065074,
        "9,28": 32.01367649948331,
        "9,29": 57.190867977550994,
        "9,30": 39.80684672332794,
        "9,31": 35.23738560469598,
        "9,32": 22.37433670755693,
        "9,33": 66.66955997660541,
        "9,34": 70.04143390786109,
        "9,35": 30.996479058506935,
        "9,36": 6.623328810586262,
        "9,37": 23.399003181880246,
        "9,38": 56.90256170850483,
        "9,39": 59.92914248605834,
        "9,40": 60.14526490034953,
        "9,41": 46.253721994174164,
        "9,42": 35.85980609808233,
        "9,43": 43.59636595893682,
        "9,44": 41.92291935154622,
        "9,45": 31.527336087518048,
        "9,46": 18.014716107405448,
        "9,47": 18.414546208223364,
        "9,48": 20.814098528512222,
        "9,49": 54.094181733607165,
        "9,50": 25.9995552836943,
        "10,0": 78.2245371084345,
        "10,1": 21.878657932242575,
        "10,2": 31.91713735343942,
        "10,3": 66.2566811839355,
        "10,4": 22.891870918527516,
        "10,5": 27.421209039542756,
        "10,6": 29.229041995645748,
        "10,7": 57.502487548237944,
        "10,8": 34.693358807256956,
        "10,9": 29.950255296413644,
        "10,10": 0.0,
        "10,11": 53.539356880357175,
        "10,12": 36.75336609573514,
        "10,13": 66.49954700141748,
        "10,14": 38.589728577208774,
        "10,15": 19.08520358404926,
        "10,16": 26.982887695800507,
        "10,17": 20.2762713872866,
        "10,18": 36.62358161149197,
        "10,19": 29.215133747917367,
        "10,20": 34.651448920250246,
        "10,21": 30.613740004353772,
        "10,22": 18.051727490741236,
        "10,23": 15.085451566320687,
        "10,24": 28.80888710833526,
        "10,25": 26.41822879433623,
        "10,26": 19.540266962700443,
        "10,27": 41.12711304759573,
        "10,28": 60.72494940799787,
        "10,29": 56.581855781148576,
        "10,30": 25.56247651293106,
        "10,31": 39.682222728499845,
        "10,32": 48.655214220149546,
        "10,33": 41.56828412840502,
        "10,34": 41.15823216206587,
        "10,35": 40.61749448667358,
        "10,36": 23.40474661899269,
        "10,37": 32.48771982770483,
        "10,38": 27.39513110067934,
        "10,39": 63.65623565706912,
        "10,40": 30.21408374278139,
        "10,41": 51.39915821178348,
        "10,42": 54.32398437752576,
        "10,43": 51.787886257951975,
        "10,44": 29.99350274502058,
        "10,45": 59.49732608473215,
        "10,46": 28.72101996854257,
        "10,47": 38.50750546888587,
        "10,48": 47.658763559146834,
        "10,49": 24.728924694232663,
        "10,50": 4.038018254706807,
        "11,0": 85.10052166564257,
        "11,1": 44.510243828490296,
        "11,2": 83.95856502194798,
        "11,3": 72.24214030857223,
        "11,4": 50.70077457409865,
        "11,5": 50.283274759887334,
        "11,6": 62.13710092503671,
        "11,7": 65.38168672896352,
        "11,8": 39.98894520860538,
        "11,9": 26.10910733699074,
        "11,10": 53.539356880357175,
        "11,11": 0.0,
        "11,12": 26.733233975582323,
        "11,13": 13.384358795050831,
        "11,14": 39.0805725934473,
        "11,15": 68.4456411303316,
        "11,16": 78.18763129140675,
        "11,17": 62.31392353915774,
        "11,18": 89.8844567096247,
        "11,19": 74.53835325002262,
        "11,20": 44.736145631819774,
        "11,21": 62.87210922121083,
        "11,22": 37.694627106651325,
        "11,23": 68.17101057423277,
        "11,24": 78.2955430154064,
        "11,25": 79.63593329311416,
        "11,26": 63.32895111609174,
        "11,27": 84.43124740241859,
        "11,28": 8.309324444804291,
        "11,29": 79.19558662766529,
        "11,30": 65.84676200373025,
        "11,31": 57.744101207026084,
        "11,32": 30.722951702542858,
        "11,33": 82.94540544656807,
        "11,34": 90.0947299014465,
        "11,35": 52.004582502743844,
        "11,36": 32.159548635548724,
        "11,37": 46.63240168035282,
        "11,38": 80.92553754414756,
        "11,39": 79.68102315570613,
        "11,40": 83.24316530059771,
        "11,41": 66.7900148805756,
        "11,42": 49.076967340634596,
        "11,43": 62.89613723813394,
        "11,44": 67.7307779012068,
        "11,45": 6.054943699014284,
        "11,46": 28.186816639148873,
        "11,47": 17.659557822677446,
        "11,48": 5.902858665067417,
        "11,49": 78.26667413060328,
        "11,50": 49.9810986518367,
        "12,0": 61.97070824715507,
        "12,1": 39.904005893798676,
        "12,2": 62.43406309344917,
        "12,3": 48.67058766182235,
        "12,4": 45.79240009329996,
        "12,5": 47.85573942640137,
        "12,6": 36.22379975983322,
        "12,7": 40.79488148583133,
        "12,8": 13.285541294100632,
        "12,9": 9.337176056242932,
        "12,10": 36.75336609573514,
        "12,11": 26.733233975582323,
        "12,12": 0.0,
        "12,13": 39.42289252145068,
        "12,14": 45.3307800350188,
        "12,15": 46.411179773428884,
        "12,16": 63.72468102236424,
        "12,17": 38.460575112494276,
        "12,18": 72.47810828959942,
        "12,19": 50.331390281743545,
        "12,20": 18.018164409710955,
        "12,21": 36.79957612374455,
        "12,22": 28.92225187766698,
        "12,23": 48.87272144739218,
        "12,24": 65.27632300764714,
        "12,25": 59.8144368858269,
        "12,26": 52.99294586436014,
        "12,27": 59.10748194004086,
        "12,28": 30.453680189010907,
        "12,29": 52.74108670611914,
        "12,30": 41.04788629923001,
        "12,31": 31.068047533118726,
        "12,32": 13.107848595577275,
        "12,33": 75.30354015453155,
        "12,34": 77.66848480765572,
        "12,35": 25.6140008477723,
        "12,36": 14.098341489126183,
        "12,37": 19.929220889455912,
        "12,38": 62.621818212487355,
        "12,39": 54.11970311990157,
        "12,40": 66.47678817771119,
        "12,41": 40.761998507852375,
        "12,42": 27.273518026705688,
        "12,43": 37.37942434880964,
        "12,44": 42.1951541450836,
        "12,45": 30.998981466634884,
        "12,46": 27.00085058066171,
        "12,47": 25.079597869758423,
        "12,48": 22.817387681754617,
        "12,49": 59.73730194754246,
        "12,50": 32.715349451347144,
        "13,0": 94.59945815252453,
        "13,1": 55.469663793894696,
        "13,2": 97.233576710874,
        "13,3": 82.20775348523324,
        "13,4": 61.39001581766573,
        "13,5": 60.27243942163106,
        "13,6": 75.28544853741262,
        "13,7": 76.04021543425425,
        "13,8": 52.48298863873072,
        "13,9": 39.48600512185552,
        "13,10": 66.49954700141748,
        "13,11": 13.384358795050831,
        "13,12": 39.42289252145068,
        "13,13": 0.0,
        "13,14": 46.843768009116964,
        "13,15": 81.78980050375584,
        "13,16": 90.41777449214321,
        "13,17": 75.69120506971075,
        "13,18": 102.57229738495654,
        "13,19": 87.91319007375992,
        "13,20": 57.23094757208074,
        "13,21": 75.97527684552126,
        "13,22": 49.97450725241928,
        "13,23": 81.28240235633426,
        "13,24": 90.21347643852395,
        "13,25": 92.74618248646638,
        "13,26": 74.92518063539244,
        "13,27": 97.72592773368926,
        "13,28": 10.034470810986281,
        "13,29": 91.09245522652779,
        "13,30": 79.17810584903229,
        "13,31": 70.06932273033766,
        "13,32": 40.92896484922807,
        "13,33": 93.37451809644034,
        "13,34": 101.71411665233161,
        "13,35": 64.03272236873323,
        "13,36": 45.53115202933411,
        "13,37": 59.32936093762483,
        "13,38": 93.82048978939257,
        "13,39": 90.77721674640512,
        "13,40": 95.8657159453613,
        "13,41": 78.36424979891143,
        "13,42": 58.93686616135593,
        "13,43": 74.15342291109668,
        "13,44": 80.9714864634941,
        "13,45": 8.447952438675758,
        "13,46": 39.78446474141943,
        "13,47": 28.980733997896884,
        "13,48": 19.017051901150175,
        "13,49": 91.21238819053555,
        "13,50": 63.04925964247645,
        "14,0": 105.13401000242533,
        "14,1": 17.147753456079826,
        "14,2": 68.90477243795061,
        "14,3": 91.89628456539428,
        "14,4": 19.87049636618425,
        "14,5": 16.452764217963225,
        "14,6": 63.68401053020938,
        "14,7": 83.28922402103767,
        "14,8": 54.142226566226825,
        "14,9": 36.4982683010208,
        "14,10": 38.589728577208774,
        "14,11": 39.0805725934473,
        "14,12": 45.3307800350188,
        "14,13": 46.843768009116964,
        "14,14": 0.0,
        "14,15": 57.66581274793415,
        "14,16": 52.11562226122633,
        "14,17": 57.3987020434553,
        "14,18": 66.42267922226851,
        "14,19": 67.67151839372298,
        "14,20": 57.36083836089424,
        "14,21": 64.96725711549004,
        "14,22": 23.122215097127985,
        "14,23": 52.11607520532554,
        "14,24": 50.23748713671423,
        "14,25": 61.9617923926128,
        "14,26": 34.97353392592047,
        "14,27": 79.54726134800475,
        "14,28": 47.19347634897793,
        "14,29": 89.2926386918077,
        "14,30": 62.59443054361489,
        "14,31": 68.36333060016241,
        "14,32": 57.38970190514822,
        "14,33": 48.34923817652309,
        "14,34": 59.75114961308743,
        "14,35": 65.74795182471111,
        "14,36": 35.71145993962665,
        "14,37": 57.124641703974966,
        "14,38": 60.31349366174243,
        "14,39": 93.96552170676857,
        "14,40": 59.73720275314413,
        "14,41": 80.33366755897451,
        "14,42": 72.35430280215778,
        "14,43": 78.59180348358811,
        "14,44": 66.52457115135816,
        "14,45": 44.16569807346538,
        "14,46": 18.50076682180832,
        "14,47": 23.24139601424252,
        "14,48": 34.86803603539865,
        "14,49": 58.53294848835319,
        "14,50": 37.675828250083896,
        "15,0": 69.81009229953123,
        "15,1": 40.816268644149176,
        "15,2": 16.02368415733877,
        "15,3": 59.739367772256315,
        "15,4": 40.92501990689682,
        "15,5": 45.55800987283358,
        "15,6": 19.996566916091492,
        "15,7": 51.81810352278634,
        "15,8": 38.72724922720763,
        "15,9": 42.66893169282049,
        "15,10": 19.08520358404926,
        "15,11": 68.4456411303316,
        "15,12": 46.411179773428884,
        "15,13": 81.78980050375584,
        "15,14": 57.66581274793415,
        "15,15": 0.0,
        "15,16": 28.42581128340201,
        "15,17": 9.977926040112974,
        "15,18": 29.667238420120356,
        "15,19": 10.847245212831835,
        "15,20": 36.28986564618342,
        "15,21": 21.05623710518362,
        "15,22": 36.512494777520764,
        "15,23": 9.314577581395042,
        "15,24": 32.42938830726318,
        "15,25": 14.943664206880939,
        "15,26": 32.26127478346293,
        "15,27": 22.53964945036088,
        "15,28": 74.68260805303541,
        "15,29": 44.69133881613105,
        "15,30": 12.502269611308526,
        "15,31": 34.526474995804364,
        "15,32": 55.49015405638674,
        "15,33": 49.69047757569343,
        "15,34": 42.5211722917392,
        "15,35": 38.51228350758333,
        "15,36": 36.318710749474334,
        "15,37": 33.3082870443417,
        "15,38": 19.853433098466166,
        "15,39": 53.47413100827008,
        "15,40": 25.747139795763054,
        "15,41": 43.799840598746364,
        "15,42": 54.76701552692857,
        "15,43": 46.040016026900105,
        "15,44": 16.668184978197438,
        "15,45": 74.08967100407264,
        "15,46": 46.71778229588067,
        "15,47": 55.5053547150877,
        "15,48": 62.792372493554474,
        "15,49": 17.177368852041536,
        "15,50": 20.703936090773446,
        "16,0": 98.16351520519706,
        "16,1": 36.547275839511,
        "16,2": 25.99686857040677,
        "16,3": 87.69953755739161,
        "16,4": 32.27943328907764,
        "16,5": 35.856339644603445,
        "16,6": 47.883603831066075,
        "16,7": 79.4663505744953,
        "16,8": 60.84633271237672,
        "16,9": 56.55278902049985,
        "16,10": 26.982887695800507,
        "16,11": 78.18763129140675,
        "16,12": 63.72468102236424,
        "16,13": 90.41777449214321,
        "16,14": 52.11562226122633,
        "16,15": 28.42581128340201,
        "16,16": 0.0,
        "16,17": 37.25639401658641,
        "16,18": 14.631564237494562,
        "16,19": 37.42165115102818,
        "16,20": 59.97894066057336,
        "16,21": 49.074322361280394,
        "16,22": 40.51214201316109,
        "16,23": 19.563583889934694,
        "16,24": 4.5515896159275,
        "16,25": 18.38929068810087,
        "16,26": 17.14233431320328,
        "16,27": 46.61491992505531,
        "16,28": 85.91960671721252,
        "16,29": 73.04196365291217,
        "16,30": 40.84353747974764,
        "16,31": 61.66022436357509,
        "16,32": 75.56562699941793,
        "16,33": 22.555254625233296,
        "16,34": 14.725476678951154,
        "16,35": 64.42173791613148,
        "16,36": 50.153446026122815,
        "16,37": 57.393112923680704,
        "16,38": 12.94746481107761,
        "16,39": 81.89980288687417,
        "16,40": 8.651087263639601,
        "16,41": 71.86293884455023,
        "16,42": 79.62871461471167,
        "16,43": 73.62960217235525,
        "16,44": 45.09386286371182,
        "16,45": 84.24154646277135,
        "16,46": 50.702433403676544,
        "16,47": 61.465547576518674,
        "16,48": 72.3094380064719,
        "16,49": 13.614111736486615,
        "16,50": 31.01840655298682,
        "17,0": 61.11195335935638,
        "17,1": 41.55222972546775,
        "17,2": 25.013569899800363,
        "17,3": 50.4444563036002,
        "17,4": 43.149762428903124,
        "17,5": 47.641836725800054,
        "17,6": 10.653824369891485,
        "17,7": 42.282727944606314,
        "17,8": 29.44196813873906,
        "17,9": 36.205429187239915,
        "17,10": 20.2762713872866,
        "17,11": 62.31392353915774,
        "17,12": 38.460575112494276,
        "17,13": 75.69120506971075,
        "17,14": 57.3987020434553,
        "17,15": 9.977926040112974,
        "17,16": 37.25639401658641,
        "17,17": 0.0,
        "17,18": 39.634645741589075,
        "17,19": 12.229419896550379,
        "17,20": 26.62826865119902,
        "17,21": 11.8988781865063,
        "17,22": 34.7186931235103,
        "17,23": 17.70206356841831,
        "17,24": 40.907593160690496,
        "17,25": 24.91222354832233,
        "17,26": 37.69783382660376,
        "17,27": 23.035677633699656,
        "17,28": 67.90102061997875,
        "17,29": 37.26687302275999,
        "17,30": 5.30592753358652,
        "17,31": 24.7112686132778,
        "17,32": 46.435686069738985,
        "17,33": 57.330621220040115,
        "17,34": 51.730992779396296,
        "17,35": 28.534459150120696,
        "17,36": 30.409290830007667,
        "17,37": 23.602758602424352,
        "17,38": 29.75750002639082,
        "17,39": 45.31037087377286,
        "17,40": 35.49123780211471,
        "17,41": 34.61953898608108,
        "17,42": 44.81097250334394,
        "17,43": 36.46125723379507,
        "17,44": 9.735202768348161,
        "17,45": 67.6715364375003,
        "17,46": 43.789443034647235,
